16
0:3,3 0.001 0 -1 3,0 0.003 0 -1 0,3 0.002 1 0 0 50 1,15 0.001 0 1 3,12 0.003 -1 0 3,15 0.002 1 1 0 50 13,3 0.001 1 0 13,0 0.003 0 1 14,2 0.002 1 1 0.001 50 12,15 0.001 -1 0 14,15 0.003 1 0 13,15 0.002 1 1 0.001 50 ::f,0,13 f,2,2 f,14,12 f,15,3 
1:3,2 0.001 0 -1 3,0 0.003 -1 -1 1,3 0.002 1 0 0.002 50 1,15 0.001 1 1 2,12 0.003 -1 0 3,15 0.002 1 0 0.001 50 13,3 0.001 1 -1 13,1 0.003 0 1 14,2 0.001 1 1 0.0021 65 12,15 0.001 -1 1 15,15 0.003 1 0 13,15 0.001 1 1 0.002 50 ::f,0,13 f,2,2 f,13,2 f,14,12 
2:3,1 0.001 0 -1 3,0 0.003 -1 0 1,3 0.001 1 0 0.003 50 1,15 0.001 1 0 2,12 0.001 -1 0 3,15 0.002 1 -1 0.001 50 13,3 0.001 1 -1 13,1 0.001 0 1 15,3 0.001 1 1 0.0032 80 12,15 0.001 0 1 15,15 0.003 1 -1 13,15 0.001 1 0 0.002 50 ::f,0,13 f,2,2 f,13,2 f,14,12 
3:3,1 0.001 0 -1 2,0 0.003 -1 0 2,3 0.001 1 0 0.005 50 2,15 0.001 1 0 1,12 0.001 -1 0 3,15 0.002 0 -1 0.003 50 14,2 0.001 1 -1 13,1 0.001 0 1 15,3 0.001 1 0 1.0043 95 12,15 0.001 1 1 15,15 0.003 0 -1 14,15 0.001 1 0 0.003 50 ::f,0,13 f,2,2 f,13,2 f,14,12 
4:3,0 0.001 0 -1 2,0 0.001 -1 0 2,3 0.001 1 0 0.006 50 2,15 0.001 1 0 1,12 0.001 -1 0 3,14 0.002 0 -1 0.004 50 14,2 0.001 1 -1 13,1 0.001 0 1 15,3 0.001 1 -1 1.0043 95 12,15 0.001 1 0 15,14 0.003 0 -1 15,15 0.001 1 0 0.005 50 ::f,0,13 f,2,2 f,13,2 f,14,12 
5:3,0 0.001 -1 -1 1,0 0.001 -1 0 3,3 0.001 1 0 0.008 50 3,15 0.001 1 0 0,12 0.001 -1 0 3,14 0.001 0 -1 0.006 50 14,2 0.001 0 -1 13,1 0.001 0 1 15,3 0.001 0 -1 3.0044 110 13,15 0.001 1 0 15,14 0.001 0 -1 15,15 0.001 1 -1 0.006 50 ::f,0,13 f,2,2 f,12,1 f,14,12 
6:3,0 0.001 -1 0 1,0 0.001 -1 0 3,3 0.001 1 -1 0.008 50 3,15 0.001 1 -1 0,12 0.001 -1 1 3,13 0.001 0 -1 0.007 50 14,1 0.001 0 -1 13,2 0.001 0 1 15,2 0.001 0 -1 3.0074 110 14,15 0.001 1 0 15,13 0.001 0 -1 15,15 0.001 0 -1 0.008 50 ::f,0,13 f,2,2 f,12,1 f,14,12 
7:2,0 0.001 -1 0 0,0 0.001 -1 0 3,3 0.001 0 -1 0.01 50 3,15 0.001 0 -1 0,12 0.001 0 1 3,13 0.001 0 -1 0.007 50 14,1 0.001 0 -1 13,2 0.001 0 1 15,2 0.001 0 -1 3.0074 110 14,15 0.001 1 0 15,13 0.001 0 -1 15,14 0.001 0 -1 0.009 50 ::f,0,13 f,2,2 f,12,1 f,14,12 
8:1,0 0.001 -1 0 0,0 0.001 -1 1 3,2 0.001 0 -1 0.012 50 3,14 0.001 0 -1 0,12 0.001 0 1 3,12 0.001 0 -1 0.009 50 14,1 0.001 -1 -1 13,3 0.001 0 1 15,1 0.001 0 -1 3.0094 110 15,15 0.001 1 0 15,12 0.001 0 -1 15,13 0.001 0 -1 0.012 50 ::f,0,13 f,2,2 f,12,1 f,14,12 
9:1,0 0.001 -1 0 0,0 0.001 0 1 3,1 0.001 0 -1 0.013 50 3,14 0.001 0 -1 0,12 0.001 0 1 3,12 0.001 -1 -1 0.009 50 14,1 0.001 -1 0 13,3 0.001 1 1 15,1 0.001 0 -1 3.0094 110 15,15 0.001 1 -1 15,12 0.001 -1 -1 15,13 0.001 0 -1 0.012 50 ::f,0,13 f,2,2 f,12,1 f,14,12 
10:1,0 0.001 -1 1 0,1 0.001 0 1 3,1 0.001 0 -1 0.014 50 3,13 0.001 0 -1 0,12 0.001 0 1 3,12 0.001 -1 0 0.0101 65 13,1 0.001 -1 0 13,3 0.001 1 0 15,0 0.001 0 -1 3.0114 110 15,15 0.001 0 -1 15,12 0.001 -1 0 15,13 0.001 -1 -1 0.012 50 ::f,2,2 f,3,15 f,12,1 f,14,12 
11:1,0 0.001 0 1 0,2 0.001 0 1 3,0 0.001 0 -1 0.016 50 3,13 0.001 0 -1 0,13 0.001 0 1 2,12 0.001 -1 0 0.0121 65 13,1 0.001 -1 0 14,3 0.001 1 0 15,0 0.001 -1 -1 3.0125 125 15,14 0.001 0 -1 15,12 0.001 -1 0 15,13 0.001 -1 -1 0.013 50 ::f,2,2 f,3,15 f,14,12 f,15,2 
12:1,1 0.001 0 1 0,2 0.001 0 1 3,0 0.001 -1 -1 0.017 50 3,12 0.001 0 -1 0,13 0.001 0 1 1,12 0.001 -1 0 0.0141 65 13,1 0.001 -1 1 15,3 0.001 1 0 15,0 0.001 -1 0 3.0135 125 15,14 0.001 0 -1 15,12 0.001 -1 0 15,13 0.001 -1 -1 0.013 50 ::f,2,2 f,3,15 f,14,12 f,15,2 
13:1,1 0.001 0 1 0,3 0.001 0 1 3,0 0.001 -1 0 0.018 50 3,12 0.001 -1 -1 0,14 0.001 0 1 1,12 0.001 -1 0 0.0151 65 13,1 0.001 0 1 15,3 0.001 1 -1 14,0 0.001 -1 0 3.0145 125 15,14 0.001 -1 -1 15,12 0.001 -1 0 14,12 0.001 -1 -1 0.0141 65 ::f,2,2 f,3,15 f,13,15 f,15,2 
14:1,2 0.001 0 1 0,3 0.001 1 1 2,0 0.001 -1 0 0.02 50 3,12 0.001 -1 0 0,14 0.001 0 1 0,12 0.001 -1 0 0.0161 65 13,2 0.001 0 1 15,3 0.001 0 -1 13,0 0.001 -1 0 3.0165 125 14,13 0.001 -1 -1 15,12 0.001 -1 0 14,12 0.001 -1 -1 0.0151 65 ::f,2,2 f,3,15 f,13,15 f,15,2 
15:1,2 0.001 0 1 0,3 0.001 1 0 1,0 0.001 -1 0 0.021 50 2,12 0.001 -1 0 0,15 0.001 0 1 0,12 0.001 -1 1 0.0181 65 13,2 0.001 0 1 15,3 0.001 0 -1 13,0 0.001 -1 0 3.0165 125 14,13 0.001 -1 -1 15,12 0.001 -1 1 14,12 0.001 -1 0 0.0151 65 ::f,2,2 f,3,15 f,13,15 f,15,2 
16:1,3 0.001 0 1 0,3 0.001 1 0 1,0 0.001 -1 0 0.022 50 1,12 0.001 -1 0 0,15 0.001 1 1 0,12 0.001 0 1 0.0191 65 13,2 0.001 1 1 15,3 0.001 0 -1 12,0 0.001 -1 0 3.0175 125 13,12 0.001 -1 -1 14,13 0.001 -1 1 14,12 0.001 -1 1 0.0171 65 ::f,2,2 f,3,15 f,13,15 f,15,2 
17:1,3 0.001 1 1 0,3 0.001 1 0 0,0 0.001 -1 0 0.023 50 1,12 0.001 -1 0 0,15 0.001 1 0 0,13 0.001 0 1 0.0201 65 13,2 0.001 1 0 15,3 0.001 0 -1 12,0 0.001 -1 1 6.0176 140 13,12 0.001 -1 -1 14,13 0.001 -1 1 13,13 0.001 -1 1 0.0181 65 ::f,2,2 f,3,15 f,13,15 f,14,0 
18:1,3 0.001 1 0 0,3 0.001 1 0 0,0 0.001 -1 1 0.023 50 0,12 0.001 -1 0 1,15 0.001 1 0 0,14 0.001 0 1 0.0231 65 14,2 0.001 1 0 15,2 0.001 0 -1 12,0 0.001 0 1 6.0196 140 13,12 0.001 -1 0 13,14 0.001 -1 1 12,14 0.001 -1 1 0.0201 65 ::f,2,2 f,3,15 f,13,15 f,14,0 
19:2,3 0.001 1 0 1,3 0.001 1 0 0,0 0.001 0 1 0.025 50 0,12 0.001 -1 1 2,15 0.001 1 0 0,14 0.001 0 1 0.0241 65 14,2 0.001 1 0 15,2 0.001 0 -1 12,1 0.001 0 1 6.0206 140 12,12 0.001 -1 0 13,14 0.001 -1 1 12,14 0.001 -1 1 0.0211 65 ::f,2,2 f,3,15 f,13,15 f,14,0 
20:3,3 0.001 1 0 1,3 0.001 1 0 0,1 0.001 0 1 0.027 50 0,12 0.001 0 1 2,15 0.001 1 0 0,15 0.001 0 1 1.0252 80 14,2 0.001 1 -1 15,1 0.001 0 -1 12,2 0.001 0 1 6.0226 140 12,12 0.001 -1 1 12,15 0.001 -1 1 12,14 0.001 0 1 0.0221 65 ::f,1,12 f,2,2 f,13,15 f,14,0 
21:3,3 0.001 1 -1 2,3 0.001 1 0 0,2 0.001 0 1 0.029 50 0,13 0.001 0 1 3,15 0.001 1 0 0,15 0.001 1 1 1.0272 80 14,2 0.001 0 -1 15,1 0.001 0 -1 12,2 0.001 0 1 6.0226 140 12,12 0.001 0 1 12,15 0.001 0 1 12,14 0.001 1 1 0.0221 65 ::f,1,12 f,2,2 f,13,15 f,14,0 
22:3,3 0.001 0 -1 2,3 0.001 1 0 0,2 0.001 0 1 0.029 50 0,14 0.001 0 1 3,15 0.001 1 -1 0,15 0.001 1 0 1.0282 80 14,1 0.001 0 -1 15,0 0.001 0 -1 12,3 0.001 0 1 6.0256 140 12,13 0.001 0 1 12,15 0.001 1 1 12,14 0.001 1 1 0.0231 65 ::f,1,12 f,2,2 f,13,15 f,14,0 
23:3,2 0.001 0 -1 3,3 0.001 1 0 0,3 0.001 0 1 0.032 50 0,14 0.001 0 1 3,15 0.001 0 -1 1,15 0.001 1 0 1.0292 80 14,1 0.001 0 -1 15,0 0.001 -1 -1 12,3 0.001 1 1 7.0257 155 12,13 0.001 0 1 12,15 0.001 1 0 12,14 0.001 1 1 0.0232 80 ::f,1,12 f,2,2 f,13,15 f,15,1 
24:3,1 0.001 0 -1 3,3 0.001 1 -1 0,3 0.001 1 1 0.033 50 0,15 0.001 0 1 3,14 0.001 0 -1 2,15 0.001 1 0 1.0322 80 14,1 0.001 -1 -1 15,0 0.001 -1 0 12,3 0.001 1 0 7.0257 155 12,13 0.001 1 1 12,15 0.001 1 0 12,14 0.001 1 1 0.0232 80 ::f,1,12 f,2,2 f,13,15 f,15,1 
25:3,1 0.001 0 -1 3,3 0.001 0 -1 0,3 0.001 1 0 0.033 50 0,15 0.001 1 1 3,13 0.001 0 -1 2,15 0.001 1 0 1.0332 80 14,1 0.001 -1 0 14,0 0.001 -1 0 13,3 0.001 1 0 7.0277 155 13,14 0.001 1 1 12,15 0.001 1 0 13,15 0.001 1 1 1.0253 95 ::f,1,12 f,2,2 f,13,12 f,15,1 
26:3,0 0.001 0 -1 3,2 0.001 0 -1 1,3 0.001 1 0 0.036 50 0,15 0.001 1 0 3,13 0.001 0 -1 3,15 0.001 1 0 1.0342 80 13,1 0.001 -1 0 13,0 0.001 -1 0 14,3 0.001 1 0 7.0307 155 14,15 0.001 1 1 12,15 0.001 1 0 13,15 0.001 1 1 1.0263 95 ::f,1,12 f,2,2 f,13,12 f,15,1 
27:3,0 0.001 -1 -1 3,1 0.001 0 -1 2,3 0.001 1 0 0.038 50 1,15 0.001 1 0 3,12 0.001 0 -1 3,15 0.001 1 -1 1.0362 80 13,1 0.001 -1 0 13,0 0.001 -1 0 14,3 0.001 1 0 7.0307 155 14,15 0.001 1 1 12,15 0.001 1 -1 13,15 0.001 1 0 1.0263 95 ::f,1,12 f,2,2 f,13,12 f,15,1 
28:3,0 0.001 -1 0 3,1 0.001 0 -1 2,3 0.001 1 0 0.038 50 2,15 0.001 1 0 3,12 0.001 -1 -1 3,15 0.001 0 -1 1.0372 80 13,1 0.001 -1 1 12,0 0.001 -1 0 15,3 0.001 1 0 7.0327 155 14,15 0.001 1 0 13,14 0.001 1 -1 13,15 0.001 1 -1 1.0273 95 ::f,1,12 f,2,2 f,13,12 f,15,1 
29:2,0 0.001 -1 0 3,0 0.001 0 -1 3,3 0.001 1 0 0.041 50 2,15 0.001 1 0 3,12 0.001 -1 0 3,14 0.001 0 -1 1.0382 80 13,1 0.001 0 1 12,0 0.001 -1 1 15,3 0.001 1 -1 7.0327 155 15,15 0.001 1 0 13,14 0.001 1 -1 14,14 0.001 1 -1 1.0293 95 ::f,1,12 f,2,2 f,13,12 f,15,1 
30:1,0 0.001 -1 0 3,0 0.001 -1 -1 3,3 0.001 1 -1 0.042 50 3,15 0.001 1 0 2,12 0.001 -1 0 3,13 0.001 0 -1 1.0412 80 13,2 0.001 0 1 12,0 0.001 0 1 15,3 0.001 0 -1 7.0337 155 15,15 0.001 1 -1 14,13 0.001 1 -1 15,13 0.001 1 -1 1.0313 95 ::f,1,12 f,2,2 f,13,12 f,15,1 
31:1,0 0.001 -1 0 3,0 0.001 -1 0 3,3 0.001 0 -1 0.042 50 3,15 0.001 1 -1 2,12 0.001 -1 0 3,13 0.001 0 -1 3.0413 95 13,2 0.001 0 1 12,1 0.001 0 1 15,2 0.001 0 -1 7.0357 155 15,15 0.001 0 -1 14,13 0.001 1 -1 15,13 0.001 1 -1 1.0313 95 ::f,0,13 f,2,2 f,13,12 f,15,1 
32:0,0 0.001 -1 0 2,0 0.001 -1 0 3,2 0.001 0 -1 0.045 50 3,15 0.001 0 -1 1,12 0.001 -1 0 3,12 0.001 0 -1 3.0433 95 13,2 0.001 1 1 12,2 0.001 0 1 15,2 0.001 0 -1 8.0368 170 15,14 0.001 0 -1 15,12 0.001 1 -1 15,13 0.001 0 -1 1.0333 95 ::f,0,13 f,2,2 f,13,12 f,15,1 
33:0,0 0.001 -1 1 1,0 0.001 -1 0 3,1 0.001 0 -1 0.047 50 3,14 0.001 0 -1 0,12 0.001 -1 0 3,12 0.001 -1 -1 3.0453 95 13,2 0.001 1 0 12,2 0.001 0 1 15,2 0.001 0 -1 10.0369 185 15,14 0.001 0 -1 15,12 0.001 0 -1 15,13 0.001 -1 -1 1.0333 95 ::f,0,13 f,2,2 f,13,12 f,14,3 
34:0,0 0.001 0 1 1,0 0.001 -1 0 3,1 0.001 0 -1 0.047 50 3,13 0.001 0 -1 0,12 0.001 -1 1 3,12 0.001 -1 0 3.0463 95 14,2 0.001 1 0 12,3 0.001 0 1 15,1 0.001 0 -1 10.0399 185 15,14 0.001 -1 -1 15,12 0.001 -1 -1 14,12 0.001 -1 -1 1.0343 95 ::f,0,13 f,2,2 f,13,12 f,14,3 
35:0,1 0.001 0 1 0,0 0.001 -1 0 3,0 0.001 0 -1 0.05 50 3,13 0.001 0 -1 0,12 0.001 0 1 2,12 0.001 -1 0 3.0473 95 14,2 0.001 1 0 12,3 0.001 1 1 15,1 0.001 0 -1 10.0399 185 14,13 0.001 -1 -1 15,12 0.001 -1 0 14,12 0.001 -1 -1 1.0353 95 ::f,0,13 f,2,2 f,13,12 f,14,3 
36:0,2 0.001 0 1 0,0 0.001 -1 1 3,0 0.001 -1 -1 0.051 50 3,12 0.001 0 -1 0,12 0.001 0 1 1,12 0.001 -1 0 3.0493 95 14,2 0.001 1 -1 12,3 0.001 1 0 15,0 0.001 0 -1 10.0409 185 14,13 0.001 -1 -1 15,12 0.001 -1 1 14,12 0.001 -1 0 1.0354 110 ::f,0,13 f,2,2 f,14,3 f,14,14 
37:0,2 0.001 0 1 0,0 0.001 0 1 3,0 0.001 -1 0 0.051 50 3,12 0.001 -1 -1 0,12 0.001 0 1 1,12 0.001 -1 0 3.0493 95 14,2 0.001 0 -1 13,3 0.001 1 0 15,0 0.001 -1 -1 10.0419 185 13,12 0.001 -1 -1 14,13 0.001 -1 1 14,12 0.001 -1 1 1.0374 110 ::f,0,13 f,2,2 f,14,3 f,14,14 
38:0,3 0.001 0 1 0,1 0.001 0 1 2,0 0.001 -1 0 0.054 50 3,12 0.001 -1 0 0,12 0.001 0 1 1,12 0.001 -1 1 6.0494 110 14,1 0.001 0 -1 13,3 0.001 1 0 15,0 0.001 -1 0 14.043 200 13,12 0.001 -1 -1 13,14 0.001 -1 1 13,13 0.001 -1 1 1.0394 110 ::f,2,2 f,2,13 f,12,2 f,14,14 
39:0,3 0.001 1 1 0,2 0.001 0 1 1,0 0.001 -1 0 0.056 50 2,12 0.001 -1 0 0,13 0.001 0 1 1,12 0.001 0 1 6.0514 110 14,1 0.001 0 -1 14,3 0.001 1 0 14,0 0.001 -1 0 14.045 200 13,12 0.001 -1 0 13,14 0.001 -1 1 13,13 0.001 -1 1 1.0394 110 ::f,2,2 f,2,13 f,12,2 f,14,14 
40:0,3 0.001 1 0 0,2 0.001 0 1 1,0 0.001 -1 0 0.056 50 2,12 0.001 -1 0 0,13 0.001 0 1 1,13 0.001 0 1 6.0524 110 14,1 0.001 -1 -1 15,3 0.001 1 0 13,0 0.001 -1 0 14.047 200 12,12 0.001 -1 0 12,15 0.001 -1 1 12,14 0.001 -1 1 1.0424 110 ::f,2,2 f,2,13 f,12,2 f,14,14 
41:1,3 0.001 1 0 0,3 0.001 0 1 0,0 0.001 -1 0 0.059 50 1,12 0.001 -1 0 0,14 0.001 0 1 1,13 0.001 0 1 6.0544 110 14,1 0.001 -1 0 15,3 0.001 1 -1 13,0 0.001 -1 0 14.047 200 12,12 0.001 -1 1 12,15 0.001 0 1 12,14 0.001 -1 1 1.0424 110 ::f,2,2 f,2,13 f,12,2 f,14,14 
42:2,3 0.001 1 0 0,3 0.001 1 1 0,0 0.001 -1 1 0.06 50 0,12 0.001 -1 0 0,14 0.001 0 1 1,14 0.001 0 1 6.0564 110 13,1 0.001 -1 0 15,3 0.001 0 -1 12,0 0.001 -1 0 14.049 200 12,12 0.001 0 1 12,15 0.001 1 1 12,14 0.001 0 1 1.0424 110 ::f,2,2 f,2,13 f,12,2 f,14,14 
43:2,3 0.001 1 0 0,3 0.001 1 0 0,0 0.001 0 1 0.06 50 0,12 0.001 -1 1 0,15 0.001 0 1 1,14 0.001 0 1 6.0574 110 13,1 0.001 -1 0 15,2 0.001 0 -1 12,0 0.001 -1 1 14.05 200 12,13 0.001 0 1 12,15 0.001 1 0 12,14 0.001 1 1 1.0434 110 ::f,2,2 f,2,13 f,12,2 f,14,14 
44:3,3 0.001 1 0 1,3 0.001 1 0 0,1 0.001 0 1 0.063 50 0,12 0.001 0 1 0,15 0.001 1 1 1,15 0.001 0 1 6.0584 110 13,1 0.001 -1 1 15,1 0.001 0 -1 12,0 0.001 0 1 14.051 200 12,13 0.001 0 1 13,15 0.001 1 0 12,14 0.001 1 0 1.0444 110 ::f,2,2 f,2,13 f,12,2 f,14,14 
45:3,3 0.001 1 -1 2,3 0.001 1 0 0,2 0.001 0 1 0.065 50 0,13 0.001 0 1 0,15 0.001 1 0 1,15 0.001 1 1 6.0594 110 13,1 0.001 0 1 15,1 0.001 0 -1 12,1 0.001 0 1 14.052 200 12,13 0.001 1 1 13,15 0.001 1 0 13,14 0.001 1 0 1.0454 110 ::f,2,2 f,2,13 f,12,2 f,14,14 
46:3,3 0.001 0 -1 2,3 0.001 1 0 0,2 0.001 0 1 0.065 50 0,14 0.001 0 1 0,15 0.001 1 0 1,15 0.001 1 0 6.0604 110 13,2 0.001 0 1 15,0 0.001 0 -1 12,1 0.001 0 1 17.0541 215 12,13 0.001 1 0 14,15 0.001 1 0 13,14 0.001 1 0 2.0465 125 ::f,2,2 f,2,13 f,13,13 f,14,0 
47:3,2 0.001 0 -1 3,3 0.001 1 0 0,3 0.001 0 1 0.068 50 0,14 0.001 0 1 0,15 0.001 1 0 2,15 0.001 1 0 6.0614 110 13,2 0.001 0 1 15,0 0.001 -1 -1 12,2 0.001 0 1 17.0551 215 12,13 0.001 1 0 14,15 0.001 1 0 14,14 0.001 1 0 2.0475 125 ::f,2,2 f,2,13 f,13,13 f,14,0 
48:3,1 0.001 0 -1 3,3 0.001 1 -1 0,3 0.001 1 1 0.069 50 0,14 0.001 1 1 1,15 0.001 1 0 3,15 0.001 1 0 6.0634 110 13,2 0.001 1 1 15,0 0.001 -1 0 12,3 0.001 0 1 17.0561 215 12,13 0.001 1 0 15,15 0.001 1 0 15,14 0.001 1 0 2.0495 125 ::f,2,2 f,2,13 f,13,13 f,14,0 
49:3,1 0.001 0 -1 3,3 0.001 0 -1 0,3 0.001 1 0 0.069 50 0,14 0.001 1 0 2,15 0.001 1 0 3,15 0.001 1 -1 6.0644 110 13,2 0.001 1 0 15,0 0.001 -1 0 12,3 0.001 1 1 17.0561 215 12,13 0.001 1 0 15,15 0.001 1 -1 15,14 0.001 1 -1 3.0496 140 ::f,2,2 f,2,13 f,12,15 f,14,0 
50:3,0 0.001 0 -1 3,2 0.001 0 -1 1,3 0.001 1 0 0.072 50 1,14 0.001 1 0 2,15 0.001 1 0 3,15 0.001 0 -1 6.0654 110 14,2 0.001 1 0 15,0 0.001 -1 0 12,3 0.001 1 0 17.0571 215 13,13 0.001 1 0 15,15 0.001 0 -1 15,14 0.001 0 -1 3.0506 140 ::f,2,2 f,2,13 f,12,15 f,14,0 
51:3,0 0.001 -1 -1 3,1 0.001 0 -1 2,3 0.001 1 0 0.074 50 1,14 0.001 1 0 2,15 0.001 1 0 3,14 0.001 0 -1 6.0664 110 14,2 0.001 1 0 15,0 0.001 -1 0 13,3 0.001 1 0 22.0582 230 13,13 0.001 1 0 15,15 0.001 -1 -1 15,13 0.001 0 -1 3.0516 140 ::f,2,2 f,2,13 f,12,15 f,14,1 
52:3,0 0.001 -1 0 3,1 0.001 0 -1 2,3 0.001 1 0 0.074 50 2,14 0.001 1 0 3,15 0.001 1 0 3,13 0.001 0 -1 6.0694 110 14,2 0.001 1 -1 14,0 0.001 -1 0 14,3 0.001 1 0 22.0602 230 14,13 0.001 1 0 14,14 0.001 -1 -1 15,12 0.001 0 -1 3.0546 140 ::f,2,2 f,2,13 f,12,15 f,14,1 
53:2,0 0.001 -1 0 3,0 0.001 0 -1 3,3 0.001 1 0 0.077 50 2,14 0.001 1 0 3,15 0.001 1 -1 3,13 0.001 0 -1 6.0694 110 14,2 0.001 0 -1 14,0 0.001 -1 0 14,3 0.001 1 0 22.0602 230 14,13 0.001 1 0 14,14 0.001 -1 -1 15,12 0.001 -1 -1 3.0546 140 ::f,2,2 f,2,13 f,12,15 f,14,1 
54:1,0 0.001 -1 0 3,0 0.001 -1 -1 3,3 0.001 1 -1 0.078 50 3,14 0.001 1 0 3,15 0.001 0 -1 3,12 0.001 0 -1 6.0714 110 14,2 0.001 0 -1 13,0 0.001 -1 0 15,3 0.001 1 0 22.0622 230 15,13 0.001 1 0 13,13 0.001 -1 -1 15,12 0.001 -1 0 3.0566 140 ::f,2,2 f,2,13 f,12,15 f,14,1 
55:1,0 0.001 -1 0 3,0 0.001 -1 0 3,3 0.001 0 -1 0.078 50 3,14 0.001 1 -1 3,15 0.001 0 -1 3,12 0.001 -1 -1 6.0714 110 14,2 0.001 0 -1 13,0 0.001 -1 0 15,3 0.001 1 -1 22.0622 230 15,13 0.001 1 -1 13,13 0.001 -1 -1 14,12 0.001 -1 0 3.0576 140 ::f,2,2 f,2,13 f,12,15 f,14,1 
56:0,0 0.001 -1 0 2,0 0.001 -1 0 3,2 0.001 0 -1 0.081 50 3,14 0.001 0 -1 3,15 0.001 0 -1 3,12 0.001 -1 0 6.0714 110 14,2 0.001 0 -1 12,0 0.001 -1 0 15,3 0.001 0 -1 24.0633 245 15,13 0.001 0 -1 12,12 0.001 -1 -1 13,12 0.001 -1 0 3.0596 140 ::f,2,2 f,2,13 f,12,15 f,15,2 
57:0,0 0.001 -1 1 1,0 0.001 -1 0 3,1 0.001 0 -1 0.083 50 3,13 0.001 0 -1 3,14 0.001 0 -1 2,12 0.001 -1 0 6.0744 110 14,1 0.001 0 -1 12,0 0.001 -1 1 15,3 0.001 0 -1 24.0643 245 15,12 0.001 0 -1 12,12 0.001 -1 0 13,12 0.001 -1 0 3.0606 140 ::f,2,2 f,2,13 f,12,15 f,15,2 
58:0,0 0.001 0 1 1,0 0.001 -1 0 3,1 0.001 0 -1 0.083 50 3,12 0.001 0 -1 3,14 0.001 0 -1 1,12 0.001 -1 0 6.0764 110 14,1 0.001 0 -1 12,0 0.001 0 1 15,3 0.001 0 -1 24.0643 245 15,12 0.001 -1 -1 12,12 0.001 -1 1 13,12 0.001 -1 1 3.0606 140 ::f,2,2 f,2,13 f,12,15 f,15,2 
59:0,1 0.001 0 1 0,0 0.001 -1 0 3,0 0.001 0 -1 0.086 50 3,12 0.001 -1 -1 3,13 0.001 0 -1 1,12 0.001 -1 0 6.0774 110 14,1 0.001 -1 -1 12,1 0.001 0 1 15,3 0.001 0 -1 28.0654 260 15,12 0.001 -1 0 12,12 0.001 0 1 12,13 0.001 -1 1 3.0616 140 ::f,2,2 f,2,13 f,12,15 f,14,0 
60:0,2 0.001 0 1 0,0 0.001 -1 1 3,0 0.001 -1 -1 0.087 50 3,12 0.001 -1 0 3,13 0.001 0 -1 0,12 0.001 -1 0 6.0784 110 14,1 0.001 -1 0 12,2 0.001 0 1 15,2 0.001 0 -1 28.0674 260 14,12 0.001 -1 0 12,12 0.001 1 1 12,13 0.001 -1 1 3.0626 140 ::f,2,2 f,2,13 f,12,15 f,14,0 
61:0,2 0.001 0 1 0,0 0.001 0 1 3,0 0.001 -1 0 0.087 50 2,12 0.001 -1 0 3,12 0.001 0 -1 0,12 0.001 -1 1 6.0804 110 13,1 0.001 -1 0 12,2 0.001 0 1 15,2 0.001 0 -1 28.0684 260 14,12 0.001 -1 0 13,13 0.001 1 1 12,13 0.001 0 1 3.0636 140 ::f,2,2 f,2,13 f,12,15 f,14,0 
62:0,3 0.001 0 1 0,1 0.001 0 1 2,0 0.001 -1 0 0.09 50 1,12 0.001 -1 0 3,12 0.001 -1 -1 0,12 0.001 0 1 6.0814 110 13,1 0.001 -1 0 12,3 0.001 0 1 15,1 0.001 0 -1 28.0704 260 13,12 0.001 -1 0 14,14 0.001 1 1 12,14 0.001 0 1 3.0666 140 ::f,2,2 f,2,13 f,12,15 f,14,0 
63:0,3 0.001 1 1 0,2 0.001 0 1 1,0 0.001 -1 0 0.092 50 1,12 0.001 -1 0 3,12 0.001 -1 0 0,13 0.001 0 1 6.0824 110 13,1 0.001 -1 1 12,3 0.001 1 1 15,1 0.001 0 -1 28.0704 260 13,12 0.001 -1 0 14,14 0.001 1 1 12,14 0.001 0 1 5.0667 155 ::f,2,2 f,2,13 f,12,13 f,14,0 
64:0,3 0.001 1 0 0,2 0.001 0 1 1,0 0.001 -1 0 0.092 50 0,12 0.001 -1 0 2,12 0.001 -1 0 0,14 0.001 0 1 6.0854 110 13,1 0.001 0 1 12,3 0.001 1 0 15,0 0.001 0 -1 28.0714 260 12,12 0.001 -1 0 15,15 0.001 1 1 12,15 0.001 0 1 5.0697 155 ::f,2,2 f,2,13 f,12,13 f,14,0 
65:1,3 0.001 1 0 0,3 0.001 0 1 0,0 0.001 -1 0 0.095 50 0,12 0.001 -1 1 1,12 0.001 -1 0 0,14 0.001 0 1 6.0864 110 13,2 0.001 0 1 13,3 0.001 1 0 15,0 0.001 -1 -1 28.0734 260 12,12 0.001 -1 1 15,15 0.001 1 0 12,15 0.001 1 1 5.0697 155 ::f,2,2 f,2,13 f,12,13 f,14,0 
66:2,3 0.001 1 0 0,3 0.001 1 1 0,0 0.001 -1 1 0.096 50 0,12 0.001 0 1 1,12 0.001 -1 0 0,15 0.001 0 1 6.0874 110 13,2 0.001 0 1 14,3 0.001 1 0 15,0 0.001 -1 0 28.0744 260 12,12 0.001 0 1 15,15 0.001 1 -1 12,15 0.001 1 0 5.0697 155 ::f,2,2 f,2,13 f,12,13 f,14,0 
67:2,3 0.001 1 0 0,3 0.001 1 0 0,0 0.001 0 1 0.096 50 0,13 0.001 0 1 0,12 0.001 -1 0 0,15 0.001 1 1 6.0894 110 13,2 0.001 1 1 14,3 0.001 1 0 15,0 0.001 -1 0 28.0744 260 12,12 0.001 0 1 15,15 0.001 0 -1 13,15 0.001 1 0 5.0707 155 ::f,2,2 f,2,13 f,12,13 f,14,0 
68:3,3 0.001 1 0 1,3 0.001 1 0 0,1 0.001 0 1 0.099 50 0,14 0.001 0 1 0,12 0.001 -1 1 0,15 0.001 1 0 6.0904 110 13,2 0.001 1 0 15,3 0.001 1 0 15,0 0.001 -1 0 28.0754 260 12,12 0.001 0 1 15,14 0.001 0 -1 14,15 0.001 1 0 5.0727 155 ::f,2,2 f,2,13 f,12,13 f,14,0 
69:3,3 0.001 1 -1 2,3 0.001 1 0 0,2 0.001 0 1 0.101 50 0,14 0.001 0 1 0,12 0.001 0 1 1,15 0.001 1 0 6.0914 110 14,2 0.001 1 0 15,3 0.001 1 -1 15,0 0.001 -1 0 33.0765 275 12,12 0.001 0 1 15,14 0.001 0 -1 14,15 0.001 1 0 7.0728 170 ::f,2,2 f,2,13 f,13,3 f,14,13 
70:3,3 0.001 0 -1 2,3 0.001 1 0 0,2 0.001 0 1 0.101 50 0,15 0.001 0 1 0,13 0.001 0 1 2,15 0.001 1 0 6.0944 110 14,2 0.001 1 0 15,3 0.001 0 -1 14,0 0.001 -1 0 33.0775 275 12,13 0.001 0 1 15,13 0.001 0 -1 15,15 0.001 1 0 7.0758 170 ::f,2,2 f,2,13 f,13,3 f,14,13 
71:3,2 0.001 0 -1 3,3 0.001 1 0 0,3 0.001 0 1 0.104 50 0,15 0.001 1 1 0,14 0.001 0 1 2,15 0.001 1 0 6.0954 110 14,2 0.001 1 -1 15,2 0.001 0 -1 14,0 0.001 -1 0 33.0785 275 12,13 0.001 0 1 15,13 0.001 0 -1 15,15 0.001 1 -1 7.0758 170 ::f,2,2 f,2,13 f,13,3 f,14,13 
72:3,1 0.001 0 -1 3,3 0.001 1 -1 0,3 0.001 1 1 0.105 50 0,15 0.001 1 0 0,14 0.001 0 1 3,15 0.001 1 0 6.0964 110 14,2 0.001 0 -1 15,1 0.001 0 -1 13,0 0.001 -1 0 33.0805 275 12,14 0.001 0 1 15,12 0.001 0 -1 15,15 0.001 0 -1 7.0778 170 ::f,2,2 f,2,13 f,13,3 f,14,13 
73:3,1 0.001 0 -1 3,3 0.001 0 -1 0,3 0.001 1 0 0.105 50 1,15 0.001 1 0 0,15 0.001 0 1 3,15 0.001 1 -1 6.0984 110 14,1 0.001 0 -1 15,1 0.001 0 -1 13,0 0.001 -1 0 33.0815 275 12,14 0.001 0 1 15,12 0.001 -1 -1 15,14 0.001 0 -1 7.0788 170 ::f,2,2 f,2,13 f,13,3 f,14,13 
74:3,0 0.001 0 -1 3,2 0.001 0 -1 1,3 0.001 1 0 0.108 50 2,15 0.001 1 0 0,15 0.001 1 1 3,15 0.001 0 -1 6.0994 110 14,1 0.001 0 -1 15,0 0.001 0 -1 12,0 0.001 -1 0 33.0835 275 12,15 0.001 0 1 15,12 0.001 -1 0 15,13 0.001 0 -1 7.0808 170 ::f,2,2 f,2,13 f,13,3 f,14,13 
75:3,0 0.001 -1 -1 3,1 0.001 0 -1 2,3 0.001 1 0 0.11 50 2,15 0.001 1 0 0,15 0.001 1 0 3,14 0.001 0 -1 6.1004 110 14,1 0.001 -1 -1 15,0 0.001 -1 -1 12,0 0.001 -1 1 33.0835 275 12,15 0.001 1 1 14,12 0.001 -1 0 15,13 0.001 0 -1 7.0818 170 ::f,2,2 f,2,13 f,13,3 f,14,13 
76:3,0 0.001 -1 0 3,1 0.001 0 -1 2,3 0.001 1 0 0.11 50 3,15 0.001 1 0 1,15 0.001 1 0 3,13 0.001 0 -1 6.1034 110 14,1 0.001 -1 0 15,0 0.001 -1 0 12,0 0.001 0 1 33.0835 275 12,15 0.001 1 0 13,12 0.001 -1 0 15,12 0.001 0 -1 7.0838 170 ::f,2,2 f,2,13 f,13,3 f,14,13 
77:2,0 0.001 -1 0 3,0 0.001 0 -1 3,3 0.001 1 0 0.113 50 3,15 0.001 1 -1 2,15 0.001 1 0 3,13 0.001 0 -1 6.1044 110 13,1 0.001 -1 0 14,0 0.001 -1 0 12,1 0.001 0 1 33.0865 275 13,15 0.001 1 0 13,12 0.001 -1 0 15,12 0.001 -1 -1 7.0848 170 ::f,2,2 f,2,13 f,13,3 f,14,13 
78:1,0 0.001 -1 0 3,0 0.001 -1 -1 3,3 0.001 1 -1 0.114 50 3,15 0.001 0 -1 2,15 0.001 1 0 3,12 0.001 0 -1 6.1054 110 13,1 0.001 -1 0 13,0 0.001 -1 0 12,2 0.001 0 1 33.0885 275 14,15 0.001 1 0 12,12 0.001 -1 0 15,12 0.001 -1 0 7.0868 170 ::f,2,2 f,2,13 f,13,3 f,14,13 
79:1,0 0.001 -1 0 3,0 0.001 -1 0 3,3 0.001 0 -1 0.114 50 3,14 0.001 0 -1 3,15 0.001 1 0 3,12 0.001 -1 -1 6.1074 110 13,1 0.001 -1 1 13,0 0.001 -1 0 12,2 0.001 0 1 33.0885 275 14,15 0.001 1 0 12,12 0.001 -1 1 14,12 0.001 -1 0 7.0878 170 ::f,2,2 f,2,13 f,13,3 f,14,13 
80:0,0 0.001 -1 0 2,0 0.001 -1 0 3,2 0.001 0 -1 0.117 50 3,13 0.001 0 -1 3,15 0.001 1 -1 3,12 0.001 -1 0 6.1084 110 13,1 0.001 0 1 12,0 0.001 -1 0 12,3 0.001 0 1 33.0905 275 15,15 0.001 1 0 12,12 0.001 0 1 13,12 0.001 -1 0 7.0898 170 ::f,2,2 f,2,13 f,13,3 f,14,13 
81:0,0 0.001 -1 1 1,0 0.001 -1 0 3,1 0.001 0 -1 0.119 50 3,13 0.001 0 -1 3,15 0.001 0 -1 2,12 0.001 -1 0 6.1094 110 13,2 0.001 0 1 12,0 0.001 -1 1 12,3 0.001 1 1 33.0915 275 15,15 0.001 1 -1 12,13 0.001 0 1 13,12 0.001 -1 0 7.0908 170 ::f,2,2 f,2,13 f,13,3 f,14,13 
82:0,0 0.001 0 1 1,0 0.001 -1 0 3,1 0.001 0 -1 0.119 50 3,12 0.001 0 -1 3,14 0.001 0 -1 1,12 0.001 -1 0 6.1124 110 13,2 0.001 0 1 12,0 0.001 0 1 12,3 0.001 1 0 36.0916 290 15,15 0.001 0 -1 12,14 0.001 0 1 12,12 0.001 -1 0 7.0928 170 ::f,2,2 f,2,13 f,14,13 f,15,3 
83:0,1 0.001 0 1 0,0 0.001 -1 0 3,0 0.001 0 -1 0.122 50 3,12 0.001 -1 -1 3,13 0.001 0 -1 1,12 0.001 -1 0 6.1134 110 13,2 0.001 1 1 12,1 0.001 0 1 13,3 0.001 1 0 36.0936 290 15,14 0.001 0 -1 12,14 0.001 0 1 12,12 0.001 -1 1 7.0938 170 ::f,2,2 f,2,13 f,14,13 f,15,3 
84:0,2 0.001 0 1 0,0 0.001 -1 1 3,0 0.001 -1 -1 0.123 50 3,12 0.001 -1 0 3,13 0.001 0 -1 0,12 0.001 -1 0 6.1144 110 13,2 0.001 1 0 12,2 0.001 0 1 14,3 0.001 1 0 36.0956 290 15,13 0.001 0 -1 12,15 0.001 0 1 12,12 0.001 0 1 7.0958 170 ::f,2,2 f,2,13 f,14,13 f,15,3 
85:0,2 0.001 0 1 0,0 0.001 0 1 3,0 0.001 -1 0 0.123 50 2,12 0.001 -1 0 3,12 0.001 0 -1 0,12 0.001 -1 1 6.1164 110 14,2 0.001 1 0 12,2 0.001 0 1 14,3 0.001 1 0 42.0967 305 15,13 0.001 0 -1 12,15 0.001 1 1 12,13 0.001 0 1 7.0968 170 ::f,2,2 f,2,13 f,14,0 f,14,13 
86:0,3 0.001 0 1 0,1 0.001 0 1 2,0 0.001 -1 0 0.126 50 1,12 0.001 -1 0 3,12 0.001 -1 -1 0,12 0.001 0 1 6.1174 110 14,2 0.001 1 0 12,3 0.001 0 1 15,3 0.001 1 0 42.0987 305 15,12 0.001 0 -1 12,15 0.001 1 0 12,14 0.001 0 1 7.0988 170 ::f,2,2 f,2,13 f,14,0 f,14,13 
87:0,3 0.001 1 1 0,2 0.001 0 1 1,0 0.001 -1 0 0.128 50 1,12 0.001 -1 0 3,12 0.001 -1 0 0,13 0.001 0 1 6.1184 110 14,2 0.001 1 -1 12,3 0.001 1 1 15,3 0.001 1 -1 42.0987 305 15,12 0.001 -1 -1 13,15 0.001 1 0 12,14 0.001 0 1 7.0998 170 ::f,2,2 f,2,13 f,14,0 f,14,13 
88:0,3 0.001 1 0 0,2 0.001 0 1 1,0 0.001 -1 0 0.128 50 0,12 0.001 -1 0 2,12 0.001 -1 0 0,14 0.001 0 1 6.1214 110 14,2 0.001 0 -1 12,3 0.001 1 0 15,3 0.001 0 -1 42.0987 305 15,12 0.001 -1 0 14,15 0.001 1 0 12,15 0.001 0 1 7.1018 170 ::f,2,2 f,2,13 f,14,0 f,14,13 
89:1,3 0.001 1 0 0,3 0.001 0 1 0,0 0.001 -1 0 0.131 50 0,12 0.001 -1 1 1,12 0.001 -1 0 0,14 0.001 0 1 6.1224 110 14,1 0.001 0 -1 13,3 0.001 1 0 15,2 0.001 0 -1 42.1017 305 14,12 0.001 -1 0 14,15 0.001 1 0 12,15 0.001 1 1 7.1028 170 ::f,2,2 f,2,13 f,14,0 f,14,13 
90:2,3 0.001 1 0 0,3 0.001 1 1 0,0 0.001 -1 1 0.132 50 0,12 0.001 0 1 1,12 0.001 -1 0 0,15 0.001 0 1 6.1234 110 14,1 0.001 0 -1 13,3 0.001 1 0 15,1 0.001 0 -1 52.1029 335 13,12 0.001 -1 0 15,15 0.001 1 0 12,15 0.001 1 0 7.1048 170 ::f,2,2 f,2,13 f,14,2 f,14,13 
91:3,3 0.001 1 0 0,3 0.001 1 0 0,0 0.001 0 1 0.133 50 0,13 0.001 0 1 0,12 0.001 -1 0 0,15 0.001 1 1 6.1254 110 14,1 0.001 -1 -1 14,3 0.001 1 0 15,0 0.001 0 -1 52.1049 335 12,12 0.001 -1 0 15,15 0.001 1 -1 13,15 0.001 1 0 7.1068 170 ::f,2,2 f,2,13 f,14,2 f,14,13 
92:3,3 0.001 1 -1 1,3 0.001 1 0 0,1 0.001 0 1 0.135 50 0,14 0.001 0 1 0,12 0.001 -1 1 0,15 0.001 1 0 6.1264 110 14,1 0.001 -1 0 15,3 0.001 1 0 15,0 0.001 -1 -1 52.1059 335 12,12 0.001 -1 1 15,15 0.001 0 -1 14,15 0.001 1 0 7.1078 170 ::f,2,2 f,2,13 f,14,2 f,14,13 
93:3,3 0.001 0 -1 2,3 0.001 1 0 0,2 0.001 0 1 0.137 50 0,14 0.001 0 1 0,12 0.001 0 1 1,15 0.001 1 0 6.1274 110 13,1 0.001 -1 0 15,3 0.001 1 -1 15,0 0.001 -1 0 52.1069 335 12,12 0.001 0 1 15,14 0.001 0 -1 15,15 0.001 1 0 7.1098 170 ::f,2,2 f,2,13 f,14,2 f,14,13 
94:3,2 0.001 0 -1 2,3 0.001 1 0 0,2 0.001 0 1 0.138 50 0,15 0.001 0 1 0,13 0.001 0 1 2,15 0.001 1 0 6.1304 110 13,1 0.001 -1 0 15,3 0.001 0 -1 14,0 0.001 -1 0 52.1079 335 12,13 0.001 0 1 15,13 0.001 0 -1 15,15 0.001 1 -1 7.1118 170 ::f,2,2 f,2,13 f,14,2 f,14,13 
95:3,1 0.001 0 -1 3,3 0.001 1 0 0,3 0.001 0 1 0.141 50 0,15 0.001 1 1 0,14 0.001 0 1 3,15 0.001 1 0 6.1324 110 13,1 0.001 -1 1 15,2 0.001 0 -1 13,0 0.001 -1 0 52.1099 335 12,14 0.001 0 1 15,12 0.001 0 -1 15,15 0.001 0 -1 7.1138 170 ::f,2,2 f,2,13 f,14,2 f,14,13 
96:3,0 0.001 0 -1 3,3 0.001 1 -1 0,3 0.001 1 1 0.142 50 0,15 0.001 1 0 0,14 0.001 0 1 3,15 0.001 1 -1 6.1324 110 13,1 0.001 0 1 15,1 0.001 0 -1 12,0 0.001 -1 0 52.1119 335 12,15 0.001 0 1 15,12 0.001 -1 -1 15,14 0.001 0 -1 7.1158 170 ::f,2,2 f,2,13 f,14,2 f,14,13 
97:3,0 0.001 -1 -1 3,3 0.001 0 -1 0,3 0.001 1 0 0.142 50 1,15 0.001 1 0 0,15 0.001 0 1 3,15 0.001 0 -1 6.1344 110 13,2 0.001 0 1 15,0 0.001 0 -1 12,0 0.001 -1 1 52.1139 335 12,15 0.001 1 1 15,12 0.001 -1 0 15,13 0.001 0 -1 7.1168 170 ::f,2,2 f,2,13 f,14,2 f,14,13 
98:3,0 0.001 -1 0 3,2 0.001 0 -1 1,3 0.001 1 0 0.144 50 2,15 0.001 1 0 0,15 0.001 1 1 3,14 0.001 0 -1 6.1364 110 13,2 0.001 0 1 15,0 0.001 -1 -1 12,0 0.001 0 1 52.1139 335 12,15 0.001 1 0 14,12 0.001 -1 0 15,12 0.001 0 -1 7.1188 170 ::f,2,2 f,2,13 f,14,2 f,14,13 
99:2,0 0.001 -1 0 3,1 0.001 0 -1 2,3 0.001 1 0 0.147 50 3,15 0.001 1 0 0,15 0.001 1 0 3,13 0.001 0 -1 6.1384 110 13,2 0.001 1 1 15,0 0.001 -1 0 12,1 0.001 0 1 52.1149 335 13,15 0.001 1 0 13,12 0.001 -1 0 15,12 0.001 -1 -1 7.1208 170 ::f,2,2 f,2,13 f,14,2 f,14,13 
100:1,0 0.001 -1 0 3,1 0.001 0 -1 2,3 0.001 1 0 0.148 50 3,15 0.001 1 -1 1,15 0.001 1 0 3,12 0.001 0 -1 6.1404 110 13,2 0.001 1 0 14,0 0.001 -1 0 12,2 0.001 0 1 52.1169 335 14,15 0.001 1 0 12,12 0.001 -1 0 15,12 0.001 -1 0 7.1228 170 ::f,2,2 f,2,13 f,14,2 f,14,13 
101:0,0 0.001 -1 0 3,0 0.001 0 -1 3,3 0.001 1 0 0.151 50 3,15 0.001 0 -1 2,15 0.001 1 0 3,12 0.001 -1 -1 6.1414 110 13,2 0.001 1 0 13,0 0.001 -1 0 12,3 0.001 0 1 52.1189 335 15,15 0.001 1 0 12,12 0.001 -1 1 14,12 0.001 -1 0 7.1248 170 ::f,2,2 f,2,13 f,14,2 f,14,13 
102:0,0 0.001 -1 1 3,0 0.001 -1 -1 3,3 0.001 1 -1 0.151 50 3,14 0.001 0 -1 2,15 0.001 1 0 3,12 0.001 -1 0 6.1424 110 13,2 0.001 1 0 12,0 0.001 -1 0 12,3 0.001 1 1 57.12 350 15,15 0.001 1 -1 12,12 0.001 0 1 13,12 0.001 -1 0 7.1258 170 ::f,2,2 f,2,13 f,14,0 f,14,13 
103:0,0 0.001 0 1 3,0 0.001 -1 0 3,3 0.001 0 -1 0.151 50 3,13 0.001 0 -1 3,15 0.001 1 0 2,12 0.001 -1 0 6.1454 110 14,2 0.001 1 0 12,0 0.001 -1 1 12,3 0.001 1 0 57.121 350 15,15 0.001 0 -1 12,13 0.001 0 1 12,12 0.001 -1 0 7.1278 170 ::f,2,2 f,2,13 f,14,0 f,14,13 
104:0,1 0.001 0 1 2,0 0.001 -1 0 3,2 0.001 0 -1 0.154 50 3,12 0.001 0 -1 3,15 0.001 1 -1 1,12 0.001 -1 0 6.1474 110 14,2 0.001 1 0 12,0 0.001 0 1 13,3 0.001 1 0 57.122 350 15,14 0.001 0 -1 12,14 0.001 0 1 12,12 0.001 -1 1 7.1298 170 ::f,2,2 f,2,13 f,14,0 f,14,13 
105:0,2 0.001 0 1 1,0 0.001 -1 0 3,1 0.001 0 -1 0.157 50 3,12 0.001 -1 -1 3,15 0.001 0 -1 0,12 0.001 -1 0 6.1484 110 14,2 0.001 1 -1 12,1 0.001 0 1 14,3 0.001 1 0 57.124 350 15,13 0.001 0 -1 12,15 0.001 0 1 12,12 0.001 0 1 7.1318 170 ::f,2,2 f,2,13 f,14,0 f,14,13 
106:0,3 0.001 0 1 1,0 0.001 -1 0 3,1 0.001 0 -1 0.158 50 3,12 0.001 -1 0 3,14 0.001 0 -1 0,12 0.001 -1 1 6.1494 110 14,2 0.001 0 -1 12,2 0.001 0 1 15,3 0.001 1 0 57.126 350 15,12 0.001 0 -1 12,15 0.001 1 1 12,13 0.001 0 1 7.1338 170 ::f,2,2 f,2,13 f,14,0 f,14,13 
107:0,3 0.001 1 1 0,0 0.001 -1 0 3,0 0.001 0 -1 0.16 50 2,12 0.001 -1 0 3,13 0.001 0 -1 0,12 0.001 0 1 6.1514 110 14,1 0.001 0 -1 12,3 0.001 0 1 15,3 0.001 1 -1 57.128 350 15,12 0.001 -1 -1 12,15 0.001 1 0 12,14 0.001 0 1 7.1348 170 ::f,2,2 f,2,13 f,14,0 f,14,13 
108:0,3 0.001 1 0 0,0 0.001 -1 1 3,0 0.001 -1 -1 0.16 50 1,12 0.001 -1 0 3,13 0.001 0 -1 0,13 0.001 0 1 6.1534 110 14,1 0.001 0 -1 12,3 0.001 1 1 15,3 0.001 0 -1 63.1281 365 15,12 0.001 -1 0 13,15 0.001 1 0 12,15 0.001 0 1 7.1368 170 ::f,2,2 f,2,13 f,14,13 f,15,1 
109:1,3 0.001 1 0 0,0 0.001 0 1 3,0 0.001 -1 0 0.161 50 0,12 0.001 -1 0 3,12 0.001 0 -1 0,14 0.001 0 1 6.1564 110 14,1 0.001 -1 -1 12,3 0.001 1 0 15,2 0.001 0 -1 63.1291 365 14,12 0.001 -1 0 14,15 0.001 1 0 12,15 0.001 1 1 7.1388 170 ::f,2,2 f,2,13 f,14,13 f,15,1 
110:2,3 0.001 1 0 0,1 0.001 0 1 2,0 0.001 -1 0 0.164 50 0,12 0.001 -1 1 3,12 0.001 -1 -1 0,15 0.001 0 1 6.1574 110 14,1 0.001 -1 0 13,3 0.001 1 0 15,2 0.001 0 -1 70.1302 380 13,12 0.001 -1 0 15,15 0.001 1 0 12,15 0.001 1 0 7.1408 170 ::f,2,2 f,2,13 f,13,0 f,14,13 
111:3,3 0.001 1 0 0,2 0.001 0 1 1,0 0.001 -1 0 0.167 50 0,12 0.001 0 1 3,12 0.001 -1 0 0,15 0.001 1 1 6.1574 110 13,1 0.001 -1 0 14,3 0.001 1 0 15,1 0.001 0 -1 70.1332 380 12,12 0.001 -1 0 15,15 0.001 1 -1 13,15 0.001 1 0 7.1428 170 ::f,2,2 f,2,13 f,13,0 f,14,13 
112:3,3 0.001 1 -1 0,2 0.001 0 1 1,0 0.001 -1 0 0.167 50 0,13 0.001 0 1 2,12 0.001 -1 0 0,15 0.001 1 0 6.1594 110 13,1 0.001 -1 0 15,3 0.001 1 0 15,0 0.001 0 -1 70.1352 380 12,12 0.001 -1 1 15,15 0.001 0 -1 14,15 0.001 1 0 7.1438 170 ::f,2,2 f,2,13 f,13,0 f,14,13 
113:3,3 0.001 0 -1 0,3 0.001 0 1 0,0 0.001 -1 0 0.169 50 0,14 0.001 0 1 1,12 0.001 -1 0 1,15 0.001 1 0 6.1624 110 13,1 0.001 -1 1 15,3 0.001 1 -1 15,0 0.001 -1 -1 70.1352 380 12,12 0.001 0 1 15,14 0.001 0 -1 15,15 0.001 1 0 7.1458 170 ::f,2,2 f,2,13 f,13,0 f,14,13 
114:3,2 0.001 0 -1 0,3 0.001 1 1 0,0 0.001 -1 1 0.17 50 0,15 0.001 0 1 1,12 0.001 -1 0 2,15 0.001 1 0 6.1644 110 13,1 0.001 0 1 15,3 0.001 0 -1 15,0 0.001 -1 0 70.1352 380 12,13 0.001 0 1 15,13 0.001 0 -1 15,15 0.001 1 -1 7.1478 170 ::f,2,2 f,2,13 f,13,0 f,14,13 
115:3,1 0.001 0 -1 0,3 0.001 1 0 0,0 0.001 0 1 0.171 50 0,15 0.001 1 1 0,12 0.001 -1 0 3,15 0.001 1 0 6.1664 110 13,2 0.001 0 1 15,2 0.001 0 -1 14,0 0.001 -1 0 70.1382 380 12,14 0.001 0 1 15,12 0.001 0 -1 15,15 0.001 0 -1 7.1498 170 ::f,2,2 f,2,13 f,13,0 f,14,13 
116:3,0 0.001 0 -1 1,3 0.001 1 0 0,1 0.001 0 1 0.174 50 0,15 0.001 1 0 0,12 0.001 -1 1 3,15 0.001 1 -1 6.1664 110 13,2 0.001 0 1 15,1 0.001 0 -1 14,0 0.001 -1 0 78.1393 395 12,15 0.001 0 1 15,12 0.001 -1 -1 15,14 0.001 0 -1 7.1518 170 ::f,2,2 f,2,13 f,13,0 f,14,13 
117:3,0 0.001 -1 -1 2,3 0.001 1 0 0,2 0.001 0 1 0.176 50 1,15 0.001 1 0 0,12 0.001 0 1 3,15 0.001 0 -1 6.1674 110 13,2 0.001 1 1 15,0 0.001 0 -1 14,0 0.001 -1 0 87.1404 410 12,15 0.001 1 1 15,12 0.001 -1 0 15,13 0.001 0 -1 7.1528 170 ::f,2,2 f,2,13 f,14,13 f,15,3 
118:3,0 0.001 -1 0 2,3 0.001 1 0 0,2 0.001 0 1 0.176 50 2,15 0.001 1 0 0,13 0.001 0 1 3,14 0.001 0 -1 6.1704 110 13,2 0.001 1 0 15,0 0.001 -1 -1 13,0 0.001 -1 0 87.1414 410 12,15 0.001 1 0 14,12 0.001 -1 0 15,12 0.001 0 -1 7.1548 170 ::f,2,2 f,2,13 f,14,13 f,15,3 
119:2,0 0.001 -1 0 3,3 0.001 1 0 0,3 0.001 0 1 0.179 50 3,15 0.001 1 0 0,14 0.001 0 1 3,13 0.001 0 -1 6.1734 110 14,2 0.001 1 0 15,0 0.001 -1 0 12,0 0.001 -1 0 87.1434 410 13,15 0.001 1 0 13,12 0.001 -1 0 15,12 0.001 -1 -1 7.1568 170 ::f,2,2 f,2,13 f,14,13 f,15,3 
120:1,0 0.001 -1 0 3,3 0.001 1 -1 0,3 0.001 1 1 0.18 50 3,15 0.001 1 -1 0,14 0.001 0 1 3,12 0.001 0 -1 6.1744 110 14,2 0.001 1 0 14,0 0.001 -1 0 12,0 0.001 -1 1 87.1444 410 14,15 0.001 1 0 12,12 0.001 -1 0 15,12 0.001 -1 0 7.1588 170 ::f,2,2 f,2,13 f,14,13 f,15,3 
121:0,0 0.001 -1 0 3,3 0.001 0 -1 0,3 0.001 1 0 0.181 50 3,15 0.001 0 -1 0,15 0.001 0 1 3,12 0.001 -1 -1 6.1754 110 14,2 0.001 1 -1 13,0 0.001 -1 0 12,0 0.001 0 1 87.1454 410 15,15 0.001 1 0 12,12 0.001 -1 1 14,12 0.001 -1 0 7.1608 170 ::f,2,2 f,2,13 f,14,13 f,15,3 
122:0,0 0.001 -1 1 3,2 0.001 0 -1 1,3 0.001 1 0 0.183 50 3,14 0.001 0 -1 0,15 0.001 1 1 3,12 0.001 -1 0 6.1764 110 14,2 0.001 0 -1 13,0 0.001 -1 0 12,1 0.001 0 1 87.1464 410 15,15 0.001 1 -1 12,12 0.001 0 1 13,12 0.001 -1 0 7.1618 170 ::f,2,2 f,2,13 f,14,13 f,15,3 
123:0,0 0.001 0 1 3,1 0.001 0 -1 2,3 0.001 1 0 0.185 50 3,13 0.001 0 -1 0,15 0.001 1 0 2,12 0.001 -1 0 6.1784 110 14,1 0.001 0 -1 12,0 0.001 -1 0 12,2 0.001 0 1 87.1494 410 15,15 0.001 0 -1 12,13 0.001 0 1 12,12 0.001 -1 0 7.1638 170 ::f,2,2 f,2,13 f,14,13 f,15,3 
124:0,1 0.001 0 1 3,1 0.001 0 -1 2,3 0.001 1 0 0.186 50 3,12 0.001 0 -1 1,15 0.001 1 0 1,12 0.001 -1 0 6.1814 110 14,1 0.001 0 -1 12,0 0.001 -1 1 12,3 0.001 0 1 87.1504 410 15,14 0.001 0 -1 12,14 0.001 0 1 12,12 0.001 -1 1 7.1658 170 ::f,2,2 f,2,13 f,14,13 f,15,3 
125:0,2 0.001 0 1 3,0 0.001 0 -1 3,3 0.001 1 0 0.189 50 3,12 0.001 -1 -1 2,15 0.001 1 0 0,12 0.001 -1 0 6.1834 110 14,1 0.001 -1 -1 12,0 0.001 0 1 12,3 0.001 1 1 87.1504 410 15,13 0.001 0 -1 12,15 0.001 0 1 12,12 0.001 0 1 7.1678 170 ::f,2,2 f,2,13 f,14,13 f,15,3 
126:0,3 0.001 0 1 3,0 0.001 -1 -1 3,3 0.001 1 -1 0.19 50 3,12 0.001 -1 0 2,15 0.001 1 0 0,12 0.001 -1 1 6.1834 110 14,1 0.001 -1 0 12,1 0.001 0 1 12,3 0.001 1 0 87.1514 410 15,12 0.001 0 -1 12,15 0.001 1 1 12,13 0.001 0 1 7.1698 170 ::f,2,2 f,2,13 f,14,13 f,15,3 
127:0,3 0.001 1 1 3,0 0.001 -1 0 3,3 0.001 0 -1 0.19 50 2,12 0.001 -1 0 3,15 0.001 1 0 0,12 0.001 0 1 6.1854 110 13,1 0.001 -1 0 12,2 0.001 0 1 13,3 0.001 1 0 87.1544 410 15,12 0.001 -1 -1 12,15 0.001 1 0 12,14 0.001 0 1 7.1708 170 ::f,2,2 f,2,13 f,14,13 f,15,3 
128:0,3 0.001 1 0 2,0 0.001 -1 0 3,2 0.001 0 -1 0.192 50 1,12 0.001 -1 0 3,15 0.001 1 -1 0,13 0.001 0 1 6.1874 110 13,1 0.001 -1 0 12,3 0.001 0 1 14,3 0.001 1 0 87.1564 410 15,12 0.001 -1 0 13,15 0.001 1 0 12,15 0.001 0 1 7.1728 170 ::f,2,2 f,2,13 f,14,13 f,15,3 
129:1,3 0.001 1 0 1,0 0.001 -1 0 3,1 0.001 0 -1 0.195 50 0,12 0.001 -1 0 3,15 0.001 0 -1 0,14 0.001 0 1 6.1894 110 13,1 0.001 -1 1 12,3 0.001 1 1 14,3 0.001 1 0 97.1565 425 14,12 0.001 -1 0 14,15 0.001 1 0 12,15 0.001 1 1 7.1748 170 ::f,2,2 f,2,13 f,14,13 f,15,3 
130:2,3 0.001 1 0 1,0 0.001 -1 0 3,1 0.001 0 -1 0.196 50 0,12 0.001 -1 1 3,14 0.001 0 -1 0,15 0.001 0 1 6.1914 110 13,1 0.001 0 1 12,3 0.001 1 0 14,3 0.001 1 0 97.1565 425 13,12 0.001 -1 0 15,15 0.001 1 0 12,15 0.001 1 0 7.1768 170 ::f,2,2 f,2,13 f,14,13 f,15,3 
131:3,3 0.001 1 0 0,0 0.001 -1 0 3,0 0.001 0 -1 0.199 50 0,12 0.001 0 1 3,13 0.001 0 -1 0,15 0.001 1 1 6.1924 110 13,2 0.001 0 1 13,3 0.001 1 0 14,3 0.001 1 0 107.159 440 12,12 0.001 -1 0 15,15 0.001 1 -1 13,15 0.001 1 0 7.1788 170 ::f,2,2 f,2,13 f,14,0 f,14,13 
132:3,3 0.001 1 -1 0,0 0.001 -1 1 3,0 0.001 -1 -1 0.199 50 0,13 0.001 0 1 3,13 0.001 0 -1 0,15 0.001 1 0 6.1934 110 13,2 0.001 0 1 13,3 0.001 1 0 15,3 0.001 1 0 107.16 440 12,12 0.001 -1 1 15,15 0.001 0 -1 14,15 0.001 1 0 7.1798 170 ::f,2,2 f,2,13 f,14,0 f,14,13 
133:3,3 0.001 0 -1 0,0 0.001 0 1 3,0 0.001 -1 0 0.199 50 0,14 0.001 0 1 3,12 0.001 0 -1 1,15 0.001 1 0 6.1964 110 13,2 0.001 1 1 14,3 0.001 1 0 15,3 0.001 1 -1 107.161 440 12,12 0.001 0 1 15,14 0.001 0 -1 15,15 0.001 1 0 7.1818 170 ::f,2,2 f,2,13 f,14,0 f,14,13 
134:3,2 0.001 0 -1 0,1 0.001 0 1 2,0 0.001 -1 0 0.202 50 0,15 0.001 0 1 3,12 0.001 -1 -1 2,15 0.001 1 0 6.1984 110 13,2 0.001 1 0 14,3 0.001 1 0 15,3 0.001 0 -1 107.161 440 12,13 0.001 0 1 15,13 0.001 0 -1 15,15 0.001 1 -1 7.1838 170 ::f,2,2 f,2,13 f,14,0 f,14,13 
135:3,1 0.001 0 -1 0,2 0.001 0 1 1,0 0.001 -1 0 0.205 50 0,15 0.001 1 1 3,12 0.001 -1 0 3,15 0.001 1 0 6.1994 110 14,2 0.001 1 0 14,3 0.001 1 -1 15,2 0.001 0 -1 107.163 440 12,14 0.001 0 1 15,12 0.001 0 -1 15,15 0.001 0 -1 7.1858 170 ::f,2,2 f,2,13 f,14,0 f,14,13 
136:3,0 0.001 0 -1 0,2 0.001 0 1 1,0 0.001 -1 0 0.206 50 0,15 0.001 1 0 2,12 0.001 -1 0 3,15 0.001 1 -1 6.2004 110 14,2 0.001 1 0 14,3 0.001 0 -1 15,1 0.001 0 -1 107.164 440 12,15 0.001 0 1 15,12 0.001 -1 -1 15,14 0.001 0 -1 7.1878 170 ::f,2,2 f,2,13 f,14,0 f,14,13 
137:3,0 0.001 -1 -1 0,3 0.001 0 1 0,0 0.001 -1 0 0.208 50 1,15 0.001 1 0 1,12 0.001 -1 0 3,15 0.001 0 -1 6.2024 110 14,2 0.001 1 -1 14,3 0.001 -1 -1 15,0 0.001 0 -1 107.165 440 12,15 0.001 1 1 15,12 0.001 -1 0 15,13 0.001 0 -1 7.1888 170 ::f,2,2 f,2,13 f,14,0 f,14,13 
138:3,0 0.001 -1 0 0,3 0.001 1 1 0,0 0.001 -1 1 0.208 50 2,15 0.001 1 0 1,12 0.001 -1 0 3,14 0.001 0 -1 6.2044 110 14,2 0.001 0 -1 13,2 0.001 -1 -1 15,0 0.001 -1 -1 107.166 440 12,15 0.001 1 0 14,12 0.001 -1 0 15,12 0.001 0 -1 7.1908 170 ::f,2,2 f,2,13 f,14,0 f,14,13 
139:2,0 0.001 -1 0 0,3 0.001 1 0 0,0 0.001 0 1 0.209 50 3,15 0.001 1 0 0,12 0.001 -1 0 3,13 0.001 0 -1 6.2074 110 14,1 0.001 0 -1 12,1 0.001 -1 -1 15,0 0.001 -1 0 107.168 440 13,15 0.001 1 0 13,12 0.001 -1 0 15,12 0.001 -1 -1 7.1928 170 ::f,2,2 f,2,13 f,14,0 f,14,13 
140:1,0 0.001 -1 0 1,3 0.001 1 0 0,1 0.001 0 1 0.212 50 3,15 0.001 1 -1 0,12 0.001 -1 1 3,12 0.001 0 -1 6.2084 110 14,1 0.001 0 -1 12,1 0.001 -1 0 14,0 0.001 -1 0 114.169 455 14,15 0.001 1 0 12,12 0.001 -1 0 15,12 0.001 -1 0 7.1948 170 ::f,2,2 f,2,13 f,13,2 f,14,13 
141:0,0 0.001 -1 0 2,3 0.001 1 0 0,2 0.001 0 1 0.215 50 3,15 0.001 0 -1 0,12 0.001 0 1 3,12 0.001 -1 -1 6.2084 110 14,1 0.001 -1 -1 12,1 0.001 -1 1 13,0 0.001 -1 0 114.17 455 15,15 0.001 1 0 12,12 0.001 -1 1 14,12 0.001 -1 0 7.1968 170 ::f,2,2 f,2,13 f,13,2 f,14,13 
142:0,0 0.001 -1 1 2,3 0.001 1 0 0,2 0.001 0 1 0.215 50 3,14 0.001 0 -1 0,13 0.001 0 1 3,12 0.001 -1 0 6.2104 110 14,1 0.001 -1 0 12,1 0.001 0 1 12,0 0.001 -1 0 114.171 455 15,15 0.001 1 -1 12,12 0.001 0 1 13,12 0.001 -1 0 7.1978 170 ::f,2,2 f,2,13 f,13,2 f,14,13 
143:0,0 0.001 0 1 3,3 0.001 1 0 0,3 0.001 0 1 0.217 50 3,13 0.001 0 -1 0,14 0.001 0 1 2,12 0.001 -1 0 6.2134 110 13,1 0.001 -1 0 12,2 0.001 0 1 12,0 0.001 -1 1 114.173 455 15,15 0.001 0 -1 12,13 0.001 0 1 12,12 0.001 -1 0 7.1998 170 ::f,2,2 f,2,13 f,13,2 f,14,13 
144:0,1 0.001 0 1 3,3 0.001 1 -1 0,3 0.001 1 1 0.218 50 3,12 0.001 0 -1 0,14 0.001 0 1 1,12 0.001 -1 0 6.2154 110 13,1 0.001 -1 0 12,3 0.001 0 1 12,0 0.001 0 1 114.174 455 15,14 0.001 0 -1 12,14 0.001 0 1 12,12 0.001 -1 1 7.2018 170 ::f,2,2 f,2,13 f,13,2 f,14,13 
145:0,2 0.001 0 1 3,3 0.001 0 -1 0,3 0.001 1 0 0.219 50 3,12 0.001 -1 -1 0,15 0.001 0 1 0,12 0.001 -1 0 6.2174 110 13,1 0.001 -1 1 12,3 0.001 1 1 12,1 0.001 0 1 114.175 455 15,13 0.001 0 -1 12,15 0.001 0 1 12,12 0.001 0 1 7.2038 170 ::f,2,2 f,2,13 f,13,2 f,14,13 
146:0,2 0.001 0 1 3,2 0.001 0 -1 1,3 0.001 1 0 0.221 50 3,12 0.001 -1 0 0,15 0.001 1 1 0,12 0.001 -1 1 6.2174 110 13,1 0.001 0 1 12,3 0.001 1 0 12,2 0.001 0 1 114.176 455 15,12 0.001 0 -1 12,15 0.001 1 1 12,13 0.001 0 1 7.2058 170 ::f,2,2 f,2,13 f,13,2 f,14,13 
147:0,3 0.001 0 1 3,1 0.001 0 -1 2,3 0.001 1 0 0.224 50 2,12 0.001 -1 0 0,15 0.001 1 0 0,12 0.001 0 1 6.2184 110 13,1 0.001 0 1 13,3 0.001 1 0 12,3 0.001 0 1 114.178 455 15,12 0.001 -1 -1 12,15 0.001 1 0 12,14 0.001 0 1 7.2068 170 ::f,2,2 f,2,13 f,13,2 f,14,13 
148:0,3 0.001 1 1 3,1 0.001 0 -1 2,3 0.001 1 0 0.224 50 1,12 0.001 -1 0 1,15 0.001 1 0 0,13 0.001 0 1 6.2214 110 13,1 0.001 0 1 14,3 0.001 1 0 12,3 0.001 1 1 122.179 470 15,12 0.001 -1 0 13,15 0.001 1 0 12,15 0.001 0 1 7.2088 170 ::f,2,2 f,2,13 f,12,1 f,14,13 
149:0,3 0.001 1 0 3,0 0.001 0 -1 3,3 0.001 1 0 0.226 50 0,12 0.001 -1 0 2,15 0.001 1 0 0,14 0.001 0 1 6.2244 110 13,2 0.001 0 1 15,3 0.001 1 0 12,3 0.001 1 0 122.181 470 14,12 0.001 -1 0 14,15 0.001 1 0 12,15 0.001 1 1 7.2108 170 ::f,2,2 f,2,13 f,12,1 f,14,13 
150:1,3 0.001 1 0 3,0 0.001 -1 -1 3,3 0.001 1 -1 0.227 50 0,12 0.001 -1 1 2,15 0.001 1 0 0,15 0.001 0 1 6.2254 110 13,2 0.001 0 1 15,3 0.001 1 -1 13,3 0.001 1 0 122.182 470 13,12 0.001 -1 0 15,15 0.001 1 0 12,15 0.001 1 0 7.2128 170 ::f,2,2 f,2,13 f,12,1 f,14,13 
151:2,3 0.001 1 0 3,0 0.001 -1 0 3,3 0.001 0 -1 0.228 50 0,12 0.001 0 1 3,15 0.001 1 0 0,15 0.001 1 1 6.2264 110 13,2 0.001 1 1 15,3 0.001 0 -1 14,3 0.001 1 0 122.183 470 12,12 0.001 -1 0 15,15 0.001 1 -1 13,15 0.001 1 0 7.2148 170 ::f,2,2 f,2,13 f,12,1 f,14,13 
152:2,3 0.001 1 0 2,0 0.001 -1 0 3,2 0.001 0 -1 0.23 50 0,13 0.001 0 1 3,15 0.001 1 -1 0,15 0.001 1 0 6.2274 110 13,2 0.001 1 0 15,2 0.001 0 -1 15,3 0.001 1 0 122.185 470 12,12 0.001 -1 1 15,15 0.001 0 -1 14,15 0.001 1 0 7.2158 170 ::f,2,2 f,2,13 f,12,1 f,14,13 
153:3,3 0.001 1 0 1,0 0.001 -1 0 3,1 0.001 0 -1 0.233 50 0,14 0.001 0 1 3,15 0.001 0 -1 1,15 0.001 1 0 6.2294 110 14,2 0.001 1 0 15,1 0.001 0 -1 15,3 0.001 1 -1 122.187 470 12,12 0.001 0 1 15,14 0.001 0 -1 15,15 0.001 1 0 7.2178 170 ::f,2,2 f,2,13 f,12,1 f,14,13 
154:3,3 0.001 1 -1 1,0 0.001 -1 0 3,1 0.001 0 -1 0.233 50 0,15 0.001 0 1 3,14 0.001 0 -1 2,15 0.001 1 0 6.2324 110 14,2 0.001 1 0 15,0 0.001 0 -1 15,3 0.001 0 -1 122.188 470 12,13 0.001 0 1 15,13 0.001 0 -1 15,15 0.001 1 -1 7.2198 170 ::f,2,2 f,2,13 f,12,1 f,14,13 
155:3,3 0.001 0 -1 0,0 0.001 -1 0 3,0 0.001 0 -1 0.235 50 0,15 0.001 1 1 3,13 0.001 0 -1 3,15 0.001 1 0 6.2344 110 14,2 0.001 1 -1 15,0 0.001 -1 -1 15,2 0.001 0 -1 122.189 470 12,14 0.001 0 1 15,12 0.001 0 -1 15,15 0.001 0 -1 7.2218 170 ::f,2,2 f,2,13 f,12,1 f,14,13 
156:3,2 0.001 0 -1 0,0 0.001 -1 1 3,0 0.001 -1 -1 0.236 50 0,15 0.001 1 0 3,13 0.001 0 -1 3,15 0.001 1 -1 6.2344 110 14,2 0.001 0 -1 15,0 0.001 -1 0 15,1 0.001 0 -1 122.19 470 12,15 0.001 0 1 15,12 0.001 -1 -1 15,14 0.001 0 -1 7.2238 170 ::f,2,2 f,2,13 f,12,1 f,14,13 
157:3,1 0.001 0 -1 0,0 0.001 0 1 3,0 0.001 -1 0 0.237 50 1,15 0.001 1 0 3,12 0.001 0 -1 3,15 0.001 0 -1 6.2364 110 14,1 0.001 0 -1 14,0 0.001 -1 0 15,0 0.001 0 -1 122.193 470 12,15 0.001 1 1 15,12 0.001 -1 0 15,13 0.001 0 -1 7.2248 170 ::f,2,2 f,2,13 f,12,1 f,14,13 
158:3,1 0.001 0 -1 0,1 0.001 0 1 2,0 0.001 -1 0 0.239 50 2,15 0.001 1 0 3,12 0.001 -1 -1 3,14 0.001 0 -1 6.2384 110 14,1 0.001 0 -1 13,0 0.001 -1 0 15,0 0.001 -1 -1 122.194 470 12,15 0.001 1 0 14,12 0.001 -1 0 15,12 0.001 0 -1 7.2268 170 ::f,2,2 f,2,13 f,12,1 f,14,13 
159:3,0 0.001 0 -1 0,2 0.001 0 1 1,0 0.001 -1 0 0.242 50 3,15 0.001 1 0 3,12 0.001 -1 0 3,13 0.001 0 -1 6.2404 110 14,1 0.001 -1 -1 12,0 0.001 -1 0 15,0 0.001 -1 0 122.195 470 13,15 0.001 1 0 13,12 0.001 -1 0 15,12 0.001 -1 -1 7.2288 170 ::f,2,2 f,2,13 f,12,1 f,14,13 
160:3,0 0.001 -1 -1 0,2 0.001 0 1 1,0 0.001 -1 0 0.242 50 3,15 0.001 1 -1 2,12 0.001 -1 0 3,12 0.001 0 -1 6.2424 110 14,1 0.001 -1 0 12,0 0.001 -1 1 14,0 0.001 -1 0 122.196 470 14,15 0.001 1 0 12,12 0.001 -1 0 15,12 0.001 -1 0 7.2308 170 ::f,2,2 f,2,13 f,12,1 f,14,13 
161:3,0 0.001 -1 0 0,3 0.001 0 1 0,0 0.001 -1 0 0.244 50 3,15 0.001 0 -1 1,12 0.001 -1 0 3,12 0.001 -1 -1 6.2434 110 13,1 0.001 -1 0 12,0 0.001 0 1 13,0 0.001 -1 0 122.198 470 15,15 0.001 1 0 12,12 0.001 -1 1 14,12 0.001 -1 0 7.2328 170 ::f,2,2 f,2,13 f,12,1 f,14,13 
162:2,0 0.001 -1 0 0,3 0.001 1 1 0,0 0.001 -1 1 0.245 50 3,14 0.001 0 -1 1,12 0.001 -1 0 3,12 0.001 -1 0 6.2444 110 13,1 0.001 -1 0 12,1 0.001 0 1 12,0 0.001 -1 0 131.2 485 15,15 0.001 1 -1 12,12 0.001 0 1 13,12 0.001 -1 0 7.2338 170 ::f,2,2 f,2,13 f,14,0 f,14,13 
163:1,0 0.001 -1 0 0,3 0.001 1 0 0,0 0.001 0 1 0.246 50 3,13 0.001 0 -1 0,12 0.001 -1 0 2,12 0.001 -1 0 6.2474 110 13,1 0.001 -1 1 12,2 0.001 0 1 12,0 0.001 -1 1 131.201 485 15,15 0.001 0 -1 12,13 0.001 0 1 12,12 0.001 -1 0 7.2358 170 ::f,2,2 f,2,13 f,14,0 f,14,13 
164:1,0 0.001 -1 0 1,3 0.001 1 0 0,1 0.001 0 1 0.248 50 3,12 0.001 0 -1 0,12 0.001 -1 1 1,12 0.001 -1 0 6.2494 110 13,1 0.001 0 1 12,3 0.001 0 1 12,0 0.001 0 1 131.202 485 15,14 0.001 0 -1 12,14 0.001 0 1 12,12 0.001 -1 1 7.2378 170 ::f,2,2 f,2,13 f,14,0 f,14,13 
165:0,0 0.001 -1 0 2,3 0.001 1 0 0,2 0.001 0 1 0.251 50 3,12 0.001 -1 -1 0,12 0.001 0 1 1,12 0.001 -1 0 6.2494 110 13,2 0.001 0 1 12,3 0.001 1 1 12,1 0.001 0 1 131.204 485 15,13 0.001 0 -1 12,15 0.001 0 1 12,12 0.001 0 1 7.2398 170 ::f,2,2 f,2,13 f,14,0 f,14,13 
166:0,0 0.001 -1 1 2,3 0.001 1 0 0,2 0.001 0 1 0.251 50 3,12 0.001 -1 0 0,13 0.001 0 1 0,12 0.001 -1 0 6.2514 110 13,2 0.001 0 1 12,3 0.001 1 0 12,2 0.001 0 1 131.205 485 15,12 0.001 0 -1 12,15 0.001 1 1 12,13 0.001 0 1 7.2418 170 ::f,2,2 f,2,13 f,14,0 f,14,13 
167:0,0 0.001 0 1 3,3 0.001 1 0 0,3 0.001 0 1 0.253 50 2,12 0.001 -1 0 0,14 0.001 0 1 0,12 0.001 -1 1 6.2534 110 13,2 0.001 1 1 13,3 0.001 1 0 12,3 0.001 0 1 131.207 485 15,12 0.001 -1 -1 12,15 0.001 1 0 12,14 0.001 0 1 7.2428 170 ::f,2,2 f,2,13 f,14,0 f,14,13 
168:0,1 0.001 0 1 3,3 0.001 1 -1 0,3 0.001 1 1 0.254 50 1,12 0.001 -1 0 0,14 0.001 0 1 0,12 0.001 0 1 6.2544 110 13,2 0.001 1 0 14,3 0.001 1 0 12,3 0.001 1 1 131.208 485 15,12 0.001 -1 0 13,15 0.001 1 0 12,15 0.001 0 1 7.2448 170 ::f,2,2 f,2,13 f,14,0 f,14,13 
169:0,2 0.001 0 1 3,3 0.001 0 -1 0,3 0.001 1 0 0.255 50 1,12 0.001 -1 0 0,15 0.001 0 1 0,13 0.001 0 1 6.2564 110 14,2 0.001 1 0 15,3 0.001 1 0 12,3 0.001 1 0 131.21 485 14,12 0.001 -1 0 14,15 0.001 1 0 12,15 0.001 1 1 7.2468 170 ::f,2,2 f,2,13 f,14,0 f,14,13 
170:0,2 0.001 0 1 3,2 0.001 0 -1 1,3 0.001 1 0 0.257 50 0,12 0.001 -1 0 0,15 0.001 1 1 0,14 0.001 0 1 6.2584 110 14,2 0.001 1 0 15,3 0.001 1 -1 13,3 0.001 1 0 131.211 485 13,12 0.001 -1 0 15,15 0.001 1 0 12,15 0.001 1 0 7.2488 170 ::f,2,2 f,2,13 f,14,0 f,14,13 
171:0,3 0.001 0 1 3,1 0.001 0 -1 2,3 0.001 1 0 0.26 50 0,12 0.001 -1 1 0,15 0.001 1 0 0,14 0.001 0 1 6.2584 110 14,2 0.001 1 -1 15,3 0.001 0 -1 14,3 0.001 1 0 131.212 485 12,12 0.001 -1 0 15,15 0.001 1 -1 13,15 0.001 1 0 7.2508 170 ::f,2,2 f,2,13 f,14,0 f,14,13 
172:0,3 0.001 1 1 3,1 0.001 0 -1 2,3 0.001 1 0 0.26 50 0,12 0.001 0 1 1,15 0.001 1 0 0,15 0.001 0 1 6.2604 110 14,2 0.001 0 -1 15,2 0.001 0 -1 15,3 0.001 1 0 131.214 485 12,12 0.001 -1 1 15,15 0.001 0 -1 14,15 0.001 1 0 7.2518 170 ::f,2,2 f,2,13 f,14,0 f,14,13 
173:0,3 0.001 1 0 3,0 0.001 0 -1 3,3 0.001 1 0 0.262 50 0,13 0.001 0 1 2,15 0.001 1 0 0,15 0.001 1 1 6.2624 110 14,1 0.001 0 -1 15,1 0.001 0 -1 15,3 0.001 1 -1 131.216 485 12,12 0.001 0 1 15,14 0.001 0 -1 15,15 0.001 1 0 7.2538 170 ::f,2,2 f,2,13 f,14,0 f,14,13 
174:1,3 0.001 1 0 3,0 0.001 -1 -1 3,3 0.001 1 -1 0.263 50 0,14 0.001 0 1 2,15 0.001 1 0 0,15 0.001 1 0 6.2634 110 14,1 0.001 0 -1 15,0 0.001 0 -1 15,3 0.001 0 -1 141.217 500 12,13 0.001 0 1 15,13 0.001 0 -1 15,15 0.001 1 -1 7.2558 170 ::f,2,2 f,2,13 f,13,1 f,14,13 
175:2,3 0.001 1 0 3,0 0.001 -1 0 3,3 0.001 0 -1 0.264 50 0,14 0.001 0 1 3,15 0.001 1 0 1,15 0.001 1 0 6.2654 110 14,1 0.001 -1 -1 15,0 0.001 -1 -1 15,2 0.001 0 -1 141.218 500 12,14 0.001 0 1 15,12 0.001 0 -1 15,15 0.001 0 -1 7.2578 170 ::f,2,2 f,2,13 f,13,1 f,14,13 
176:2,3 0.001 1 0 2,0 0.001 -1 0 3,2 0.001 0 -1 0.266 50 0,15 0.001 0 1 3,15 0.001 1 -1 2,15 0.001 1 0 6.2674 110 14,1 0.001 -1 0 15,0 0.001 -1 0 15,1 0.001 0 -1 141.219 500 12,15 0.001 0 1 15,12 0.001 -1 -1 15,14 0.001 0 -1 7.2598 170 ::f,2,2 f,2,13 f,13,1 f,14,13 
177:3,3 0.001 1 0 1,0 0.001 -1 0 3,1 0.001 0 -1 0.269 50 0,15 0.001 1 1 3,15 0.001 0 -1 2,15 0.001 1 0 6.2674 110 14,1 0.001 -1 0 14,0 0.001 -1 0 15,0 0.001 0 -1 141.221 500 12,15 0.001 1 1 15,12 0.001 -1 0 15,13 0.001 0 -1 7.2608 170 ::f,2,2 f,2,13 f,13,1 f,14,13 
178:3,3 0.001 1 -1 1,0 0.001 -1 0 3,1 0.001 0 -1 0.269 50 0,15 0.001 1 0 3,14 0.001 0 -1 3,15 0.001 1 0 6.2694 110 14,1 0.001 -1 0 13,0 0.001 -1 0 15,0 0.001 -1 -1 151.222 515 12,15 0.001 1 0 14,12 0.001 -1 0 15,12 0.001 0 -1 7.2628 170 ::f,2,2 f,2,13 f,12,3 f,14,13 
179:3,3 0.001 0 -1 0,0 0.001 -1 0 3,0 0.001 0 -1 0.271 50 1,15 0.001 1 0 3,13 0.001 0 -1 3,15 0.001 1 -1 6.2714 110 13,1 0.001 -1 0 12,0 0.001 -1 0 15,0 0.001 -1 0 151.224 515 13,15 0.001 1 0 13,12 0.001 -1 0 15,12 0.001 -1 -1 7.2648 170 ::f,2,2 f,2,13 f,12,3 f,14,13 
180:3,2 0.001 0 -1 0,0 0.001 -1 1 3,0 0.001 -1 -1 0.272 50 2,15 0.001 1 0 3,13 0.001 0 -1 3,15 0.001 0 -1 6.2724 110 13,1 0.001 -1 0 12,0 0.001 -1 1 14,0 0.001 -1 0 151.225 515 14,15 0.001 1 0 12,12 0.001 -1 0 15,12 0.001 -1 0 7.2668 170 ::f,2,2 f,2,13 f,12,3 f,14,13 
181:3,1 0.001 0 -1 0,0 0.001 0 1 3,0 0.001 -1 0 0.273 50 2,15 0.001 1 0 3,12 0.001 0 -1 3,14 0.001 0 -1 6.2744 110 13,1 0.001 -1 1 12,0 0.001 0 1 13,0 0.001 -1 0 151.226 515 15,15 0.001 1 0 12,12 0.001 -1 1 14,12 0.001 -1 0 7.2688 170 ::f,2,2 f,2,13 f,12,3 f,14,13 
182:3,1 0.001 0 -1 0,1 0.001 0 1 2,0 0.001 -1 0 0.275 50 3,15 0.001 1 0 3,12 0.001 -1 -1 3,13 0.001 0 -1 6.2764 110 13,1 0.001 0 1 12,1 0.001 0 1 12,0 0.001 -1 0 151.228 515 15,15 0.001 1 -1 12,12 0.001 0 1 13,12 0.001 -1 0 7.2698 170 ::f,2,2 f,2,13 f,12,3 f,14,13 
183:3,0 0.001 0 -1 0,2 0.001 0 1 1,0 0.001 -1 0 0.278 50 3,15 0.001 1 -1 3,12 0.001 -1 0 3,13 0.001 0 -1 6.2764 110 13,2 0.001 0 1 12,2 0.001 0 1 12,0 0.001 -1 1 151.23 515 15,15 0.001 0 -1 12,13 0.001 0 1 12,12 0.001 -1 0 7.2718 170 ::f,2,2 f,2,13 f,12,3 f,14,13 
184:3,0 0.001 -1 -1 0,2 0.001 0 1 1,0 0.001 -1 0 0.278 50 3,15 0.001 0 -1 2,12 0.001 -1 0 3,12 0.001 0 -1 6.2784 110 13,2 0.001 0 1 12,2 0.001 0 1 12,0 0.001 0 1 158.23 530 15,14 0.001 0 -1 12,14 0.001 0 1 12,12 0.001 -1 1 7.2738 170 ::f,2,2 f,2,13 f,14,13 f,15,1 
185:3,0 0.001 -1 0 0,3 0.001 0 1 0,0 0.001 -1 0 0.28 50 3,14 0.001 0 -1 1,12 0.001 -1 0 3,12 0.001 -1 -1 6.2804 110 13,2 0.001 1 1 12,3 0.001 0 1 12,1 0.001 0 1 158.232 530 15,13 0.001 0 -1 12,15 0.001 0 1 12,12 0.001 0 1 7.2758 170 ::f,2,2 f,2,13 f,14,13 f,15,1 
186:2,0 0.001 -1 0 0,3 0.001 1 1 0,0 0.001 -1 1 0.281 50 3,13 0.001 0 -1 1,12 0.001 -1 0 3,12 0.001 -1 0 6.2814 110 13,2 0.001 1 0 12,3 0.001 1 1 12,2 0.001 0 1 158.233 530 15,12 0.001 0 -1 12,15 0.001 1 1 12,13 0.001 0 1 7.2778 170 ::f,2,2 f,2,13 f,14,13 f,15,1 
187:1,0 0.001 -1 0 0,3 0.001 1 0 0,0 0.001 0 1 0.282 50 3,13 0.001 0 -1 0,12 0.001 -1 0 2,12 0.001 -1 0 6.2834 110 14,2 0.001 1 0 12,3 0.001 1 0 12,2 0.001 0 1 158.234 530 15,12 0.001 -1 -1 12,15 0.001 1 0 12,14 0.001 0 1 7.2788 170 ::f,2,2 f,2,13 f,14,13 f,15,1 
188:1,0 0.001 -1 0 1,3 0.001 1 0 0,1 0.001 0 1 0.284 50 3,12 0.001 0 -1 0,12 0.001 -1 1 1,12 0.001 -1 0 6.2854 110 14,2 0.001 1 0 13,3 0.001 1 0 12,3 0.001 0 1 158.236 530 15,12 0.001 -1 0 13,15 0.001 1 0 12,15 0.001 0 1 7.2808 170 ::f,2,2 f,2,13 f,14,13 f,15,1 
189:0,0 0.001 -1 0 2,3 0.001 1 0 0,2 0.001 0 1 0.287 50 3,12 0.001 -1 -1 0,12 0.001 0 1 1,12 0.001 -1 0 6.2854 110 14,2 0.001 1 -1 14,3 0.001 1 0 12,3 0.001 1 1 158.237 530 14,12 0.001 -1 0 14,15 0.001 1 0 12,15 0.001 1 1 7.2828 170 ::f,2,2 f,2,13 f,14,13 f,15,1 
190:0,0 0.001 -1 1 2,3 0.001 1 0 0,2 0.001 0 1 0.287 50 3,12 0.001 -1 0 0,13 0.001 0 1 0,12 0.001 -1 0 6.2874 110 14,2 0.001 0 -1 15,3 0.001 1 0 12,3 0.001 1 0 158.238 530 13,12 0.001 -1 0 15,15 0.001 1 0 12,15 0.001 1 0 7.2848 170 ::f,2,2 f,2,13 f,14,13 f,15,1 
191:0,0 0.001 0 1 3,3 0.001 1 0 0,3 0.001 0 1 0.289 50 2,12 0.001 -1 0 0,14 0.001 0 1 0,12 0.001 -1 1 6.2894 110 14,1 0.001 0 -1 15,3 0.001 1 -1 13,3 0.001 1 0 158.24 530 12,12 0.001 -1 0 15,15 0.001 1 -1 13,15 0.001 1 0 7.2868 170 ::f,2,2 f,2,13 f,14,13 f,15,1 
192:0,1 0.001 0 1 3,3 0.001 1 -1 0,3 0.001 1 1 0.29 50 1,12 0.001 -1 0 0,14 0.001 0 1 0,12 0.001 0 1 6.2904 110 14,1 0.001 0 -1 15,3 0.001 0 -1 14,3 0.001 1 0 158.241 530 12,12 0.001 -1 1 15,15 0.001 0 -1 14,15 0.001 1 0 7.2878 170 ::f,2,2 f,2,13 f,14,13 f,15,1 
193:0,2 0.001 0 1 3,3 0.001 0 -1 0,3 0.001 1 0 0.291 50 1,12 0.001 -1 0 0,15 0.001 0 1 0,13 0.001 0 1 6.2924 110 14,1 0.001 -1 -1 15,2 0.001 0 -1 15,3 0.001 1 0 158.243 530 12,12 0.001 0 1 15,14 0.001 0 -1 15,15 0.001 1 0 7.2898 170 ::f,2,2 f,2,13 f,14,13 f,15,1 
194:0,2 0.001 0 1 3,2 0.001 0 -1 1,3 0.001 1 0 0.293 50 0,12 0.001 -1 0 0,15 0.001 1 1 0,14 0.001 0 1 6.2944 110 14,1 0.001 -1 0 15,2 0.001 0 -1 15,3 0.001 1 -1 166.243 545 12,13 0.001 0 1 15,13 0.001 0 -1 15,15 0.001 1 -1 7.2918 170 ::f,2,2 f,2,13 f,12,0 f,14,13 
195:0,3 0.001 0 1 3,1 0.001 0 -1 2,3 0.001 1 0 0.296 50 0,12 0.001 -1 1 0,15 0.001 1 0 0,14 0.001 0 1 6.2944 110 13,1 0.001 -1 0 15,1 0.001 0 -1 15,3 0.001 0 -1 166.245 545 12,14 0.001 0 1 15,12 0.001 0 -1 15,15 0.001 0 -1 7.2938 170 ::f,2,2 f,2,13 f,12,0 f,14,13 
196:0,3 0.001 1 1 3,1 0.001 0 -1 2,3 0.001 1 0 0.296 50 0,12 0.001 0 1 1,15 0.001 1 0 0,15 0.001 0 1 6.2964 110 13,1 0.001 -1 0 15,0 0.001 0 -1 15,2 0.001 0 -1 166.247 545 12,15 0.001 0 1 15,12 0.001 -1 -1 15,14 0.001 0 -1 7.2958 170 ::f,2,2 f,2,13 f,12,0 f,14,13 
197:0,3 0.001 1 0 3,0 0.001 0 -1 3,3 0.001 1 0 0.298 50 0,13 0.001 0 1 2,15 0.001 1 0 0,15 0.001 1 1 6.2984 110 13,1 0.001 -1 1 15,0 0.001 -1 -1 15,1 0.001 0 -1 166.248 545 12,15 0.001 1 1 15,12 0.001 -1 0 15,13 0.001 0 -1 7.2968 170 ::f,2,2 f,2,13 f,12,0 f,14,13 
198:1,3 0.001 1 0 3,0 0.001 -1 -1 3,3 0.001 1 -1 0.299 50 0,14 0.001 0 1 2,15 0.001 1 0 0,15 0.001 1 0 6.2994 110 13,1 0.001 0 1 15,0 0.001 -1 0 15,1 0.001 0 -1 166.248 545 12,15 0.001 1 0 14,12 0.001 -1 0 15,12 0.001 0 -1 7.2988 170 ::f,2,2 f,2,13 f,12,0 f,14,13 
199:2,3 0.001 1 0 3,0 0.001 -1 0 3,3 0.001 0 -1 0.3 50 0,14 0.001 0 1 3,15 0.001 1 0 1,15 0.001 1 0 6.3014 110 13,2 0.001 0 1 14,0 0.001 -1 0 15,0 0.001 0 -1 166.251 545 13,15 0.001 1 0 13,12 0.001 -1 0 15,12 0.001 -1 -1 7.3008 170 ::f,2,2 f,2,13 f,12,0 f,14,13 
200:2,3 0.001 1 0 2,0 0.001 -1 0 3,2 0.001 0 -1 0.302 50 0,15 0.001 0 1 3,15 0.001 1 -1 2,15 0.001 1 0 6.3034 110 13,2 0.001 0 1 13,0 0.001 -1 0 15,0 0.001 -1 -1 166.252 545 14,15 0.001 1 0 12,12 0.001 -1 0 15,12 0.001 -1 0 7.3028 170 ::f,2,2 f,2,13 f,12,0 f,14,13 
201:3,3 0.001 1 0 1,0 0.001 -1 0 3,1 0.001 0 -1 0.305 50 0,15 0.001 1 1 3,15 0.001 0 -1 2,15 0.001 1 0 6.3034 110 13,2 0.001 1 1 13,0 0.001 -1 0 15,0 0.001 -1 0 175.252 560 15,15 0.001 1 0 12,12 0.001 -1 1 14,12 0.001 -1 0 7.3048 170 ::f,2,2 f,2,13 f,14,13 f,15,1 
202:3,3 0.001 1 -1 1,0 0.001 -1 0 3,1 0.001 0 -1 0.305 50 0,15 0.001 1 0 3,14 0.001 0 -1 3,15 0.001 1 0 6.3054 110 13,2 0.001 1 0 12,0 0.001 -1 0 14,0 0.001 -1 0 175.254 560 15,15 0.001 1 -1 12,12 0.001 0 1 13,12 0.001 -1 0 7.3058 170 ::f,2,2 f,2,13 f,14,13 f,15,1 
203:3,3 0.001 0 -1 0,0 0.001 -1 0 3,0 0.001 0 -1 0.307 50 1,15 0.001 1 0 3,13 0.001 0 -1 3,15 0.001 1 -1 6.3074 110 14,2 0.001 1 0 12,0 0.001 -1 1 13,0 0.001 -1 0 175.256 560 15,15 0.001 0 -1 12,13 0.001 0 1 12,12 0.001 -1 0 7.3078 170 ::f,2,2 f,2,13 f,14,13 f,15,1 
204:3,2 0.001 0 -1 0,0 0.001 -1 1 3,0 0.001 -1 -1 0.308 50 2,15 0.001 1 0 3,13 0.001 0 -1 3,15 0.001 0 -1 6.3084 110 14,2 0.001 1 0 12,0 0.001 0 1 13,0 0.001 -1 0 175.256 560 15,14 0.001 0 -1 12,14 0.001 0 1 12,12 0.001 -1 1 7.3098 170 ::f,2,2 f,2,13 f,14,13 f,15,1 
205:3,1 0.001 0 -1 0,0 0.001 0 1 3,0 0.001 -1 0 0.309 50 2,15 0.001 1 0 3,12 0.001 0 -1 3,14 0.001 0 -1 6.3104 110 14,2 0.001 1 -1 12,1 0.001 0 1 12,0 0.001 -1 0 175.258 560 15,13 0.001 0 -1 12,15 0.001 0 1 12,12 0.001 0 1 7.3118 170 ::f,2,2 f,2,13 f,14,13 f,15,1 
206:3,1 0.001 0 -1 0,1 0.001 0 1 2,0 0.001 -1 0 0.311 50 3,15 0.001 1 0 3,12 0.001 -1 -1 3,13 0.001 0 -1 6.3124 110 14,2 0.001 0 -1 12,2 0.001 0 1 12,0 0.001 -1 1 175.259 560 15,12 0.001 0 -1 12,15 0.001 1 1 12,13 0.001 0 1 7.3138 170 ::f,2,2 f,2,13 f,14,13 f,15,1 
207:3,0 0.001 0 -1 0,2 0.001 0 1 1,0 0.001 -1 0 0.314 50 3,15 0.001 1 -1 3,12 0.001 -1 0 3,13 0.001 0 -1 6.3124 110 14,1 0.001 0 -1 12,3 0.001 0 1 12,0 0.001 0 1 175.261 560 15,12 0.001 -1 -1 12,15 0.001 1 0 12,14 0.001 0 1 7.3148 170 ::f,2,2 f,2,13 f,14,13 f,15,1 
208:3,0 0.001 -1 -1 0,2 0.001 0 1 1,0 0.001 -1 0 0.314 50 3,15 0.001 0 -1 2,12 0.001 -1 0 3,12 0.001 0 -1 6.3144 110 14,1 0.001 0 -1 12,3 0.001 1 1 12,1 0.001 0 1 175.262 560 15,12 0.001 -1 0 13,15 0.001 1 0 12,15 0.001 0 1 7.3168 170 ::f,2,2 f,2,13 f,14,13 f,15,1 
209:3,0 0.001 -1 0 0,3 0.001 0 1 0,0 0.001 -1 0 0.316 50 3,14 0.001 0 -1 1,12 0.001 -1 0 3,12 0.001 -1 -1 6.3164 110 14,1 0.001 -1 -1 12,3 0.001 1 0 12,2 0.001 0 1 175.263 560 14,12 0.001 -1 0 14,15 0.001 1 0 12,15 0.001 1 1 7.3188 170 ::f,2,2 f,2,13 f,14,13 f,15,1 
210:2,0 0.001 -1 0 0,3 0.001 1 1 0,0 0.001 -1 1 0.317 50 3,13 0.001 0 -1 1,12 0.001 -1 0 3,12 0.001 -1 0 6.3174 110 14,1 0.001 -1 0 13,3 0.001 1 0 12,3 0.001 0 1 175.265 560 13,12 0.001 -1 0 15,15 0.001 1 0 12,15 0.001 1 0 7.3208 170 ::f,2,2 f,2,13 f,14,13 f,15,1 
211:1,0 0.001 -1 0 0,3 0.001 1 0 0,0 0.001 0 1 0.318 50 3,13 0.001 0 -1 0,12 0.001 -1 0 2,12 0.001 -1 0 6.3194 110 13,1 0.001 -1 0 14,3 0.001 1 0 12,3 0.001 1 1 175.267 560 12,12 0.001 -1 0 15,15 0.001 1 -1 13,15 0.001 1 0 7.3228 170 ::f,2,2 f,2,13 f,14,13 f,15,1 
212:1,0 0.001 -1 0 1,3 0.001 1 0 0,1 0.001 0 1 0.32 50 3,12 0.001 0 -1 0,12 0.001 -1 1 1,12 0.001 -1 0 6.3214 110 13,1 0.001 -1 0 15,3 0.001 1 0 12,3 0.001 1 0 175.268 560 12,12 0.001 -1 1 15,15 0.001 0 -1 14,15 0.001 1 0 7.3238 170 ::f,2,2 f,2,13 f,14,13 f,15,1 
213:0,0 0.001 -1 0 2,3 0.001 1 0 0,2 0.001 0 1 0.323 50 3,12 0.001 -1 -1 0,12 0.001 0 1 1,12 0.001 -1 0 6.3214 110 13,1 0.001 -1 1 15,3 0.001 1 -1 13,3 0.001 1 0 175.269 560 12,12 0.001 0 1 15,14 0.001 0 -1 15,15 0.001 1 0 7.3258 170 ::f,2,2 f,2,13 f,14,13 f,15,1 
214:0,0 0.001 -1 1 2,3 0.001 1 0 0,2 0.001 0 1 0.323 50 3,12 0.001 -1 0 0,13 0.001 0 1 0,12 0.001 -1 0 6.3234 110 13,1 0.001 0 1 15,3 0.001 0 -1 14,3 0.001 1 0 175.27 560 12,13 0.001 0 1 15,13 0.001 0 -1 15,15 0.001 1 -1 7.3278 170 ::f,2,2 f,2,13 f,14,13 f,15,1 
215:0,0 0.001 0 1 3,3 0.001 1 0 0,3 0.001 0 1 0.325 50 2,12 0.001 -1 0 0,14 0.001 0 1 0,12 0.001 -1 1 6.3254 110 13,2 0.001 0 1 15,2 0.001 0 -1 15,3 0.001 1 0 175.273 560 12,14 0.001 0 1 15,12 0.001 0 -1 15,15 0.001 0 -1 7.3298 170 ::f,2,2 f,2,13 f,14,13 f,15,1 
216:0,1 0.001 0 1 3,3 0.001 1 -1 0,3 0.001 1 1 0.326 50 1,12 0.001 -1 0 0,14 0.001 0 1 0,12 0.001 0 1 6.3264 110 13,2 0.001 0 1 15,2 0.001 0 -1 15,3 0.001 1 -1 185.274 575 12,15 0.001 0 1 15,12 0.001 -1 -1 15,14 0.001 0 -1 7.3318 170 ::f,2,2 f,2,13 f,13,1 f,14,13 
217:0,2 0.001 0 1 3,3 0.001 0 -1 0,3 0.001 1 0 0.327 50 1,12 0.001 -1 0 0,15 0.001 0 1 0,13 0.001 0 1 6.3284 110 13,2 0.001 1 1 15,1 0.001 0 -1 15,3 0.001 0 -1 185.275 575 12,15 0.001 1 1 15,12 0.001 -1 0 15,13 0.001 0 -1 7.3328 170 ::f,2,2 f,2,13 f,13,1 f,14,13 
218:0,2 0.001 0 1 3,2 0.001 0 -1 1,3 0.001 1 0 0.329 50 0,12 0.001 -1 0 0,15 0.001 1 1 0,14 0.001 0 1 6.3304 110 13,2 0.001 1 0 15,0 0.001 0 -1 15,2 0.001 0 -1 185.277 575 12,15 0.001 1 0 14,12 0.001 -1 0 15,12 0.001 0 -1 7.3348 170 ::f,2,2 f,2,13 f,13,1 f,14,13 
219:0,3 0.001 0 1 3,1 0.001 0 -1 2,3 0.001 1 0 0.332 50 0,12 0.001 -1 1 0,15 0.001 1 0 0,14 0.001 0 1 6.3304 110 14,2 0.001 1 0 15,0 0.001 -1 -1 15,1 0.001 0 -1 185.279 575 13,15 0.001 1 0 13,12 0.001 -1 0 15,12 0.001 -1 -1 7.3368 170 ::f,2,2 f,2,13 f,13,1 f,14,13 
220:0,3 0.001 1 1 3,1 0.001 0 -1 2,3 0.001 1 0 0.332 50 0,12 0.001 0 1 1,15 0.001 1 0 0,15 0.001 0 1 6.3324 110 14,2 0.001 1 0 15,0 0.001 -1 0 15,1 0.001 0 -1 185.279 575 14,15 0.001 1 0 12,12 0.001 -1 0 15,12 0.001 -1 0 7.3388 170 ::f,2,2 f,2,13 f,13,1 f,14,13 
221:0,3 0.001 1 0 3,0 0.001 0 -1 3,3 0.001 1 0 0.334 50 0,13 0.001 0 1 2,15 0.001 1 0 0,15 0.001 1 1 6.3344 110 14,2 0.001 1 -1 14,0 0.001 -1 0 15,0 0.001 0 -1 185.281 575 15,15 0.001 1 0 12,12 0.001 -1 1 14,12 0.001 -1 0 7.3408 170 ::f,2,2 f,2,13 f,13,1 f,14,13 
222:1,3 0.001 1 0 3,0 0.001 -1 -1 3,3 0.001 1 -1 0.335 50 0,14 0.001 0 1 2,15 0.001 1 0 0,15 0.001 1 0 6.3354 110 14,2 0.001 0 -1 13,0 0.001 -1 0 15,0 0.001 -1 -1 185.282 575 15,15 0.001 1 -1 12,12 0.001 0 1 13,12 0.001 -1 0 7.3418 170 ::f,2,2 f,2,13 f,13,1 f,14,13 
223:2,3 0.001 1 0 3,0 0.001 -1 0 3,3 0.001 0 -1 0.336 50 0,14 0.001 0 1 3,15 0.001 1 0 1,15 0.001 1 0 6.3374 110 14,1 0.001 0 -1 12,0 0.001 -1 0 15,0 0.001 -1 0 185.284 575 15,15 0.001 0 -1 12,13 0.001 0 1 12,12 0.001 -1 0 7.3438 170 ::f,2,2 f,2,13 f,13,1 f,14,13 
224:2,3 0.001 1 0 2,0 0.001 -1 0 3,2 0.001 0 -1 0.338 50 0,15 0.001 0 1 3,15 0.001 1 -1 2,15 0.001 1 0 6.3394 110 14,1 0.001 0 -1 12,0 0.001 -1 1 14,0 0.001 -1 0 185.285 575 15,14 0.001 0 -1 12,14 0.001 0 1 12,12 0.001 -1 1 7.3458 170 ::f,2,2 f,2,13 f,13,1 f,14,13 
225:3,3 0.001 1 0 1,0 0.001 -1 0 3,1 0.001 0 -1 0.341 50 0,15 0.001 1 1 3,15 0.001 0 -1 2,15 0.001 1 0 6.3394 110 14,1 0.001 -1 -1 12,0 0.001 0 1 13,0 0.001 -1 0 185.286 575 15,13 0.001 0 -1 12,15 0.001 0 1 12,12 0.001 0 1 7.3478 170 ::f,2,2 f,2,13 f,13,1 f,14,13 
226:3,3 0.001 1 -1 1,0 0.001 -1 0 3,1 0.001 0 -1 0.341 50 0,15 0.001 1 0 3,14 0.001 0 -1 3,15 0.001 1 0 6.3414 110 14,1 0.001 -1 0 12,1 0.001 0 1 12,0 0.001 -1 0 185.288 575 15,12 0.001 0 -1 12,15 0.001 1 1 12,13 0.001 0 1 7.3498 170 ::f,2,2 f,2,13 f,13,1 f,14,13 
227:3,3 0.001 0 -1 0,0 0.001 -1 0 3,0 0.001 0 -1 0.343 50 1,15 0.001 1 0 3,13 0.001 0 -1 3,15 0.001 1 -1 6.3434 110 14,1 0.001 -1 0 12,2 0.001 0 1 12,0 0.001 -1 1 185.289 575 15,12 0.001 -1 -1 12,15 0.001 1 0 12,14 0.001 0 1 7.3508 170 ::f,2,2 f,2,13 f,13,1 f,14,13 
228:3,2 0.001 0 -1 0,0 0.001 -1 1 3,0 0.001 -1 -1 0.344 50 2,15 0.001 1 0 3,13 0.001 0 -1 3,15 0.001 0 -1 6.3444 110 14,1 0.001 -1 0 12,3 0.001 0 1 12,0 0.001 0 1 195.29 590 15,12 0.001 -1 0 13,15 0.001 1 0 12,15 0.001 0 1 7.3528 170 ::f,2,2 f,2,13 f,14,0 f,14,13 
229:3,1 0.001 0 -1 0,0 0.001 0 1 3,0 0.001 -1 0 0.345 50 2,15 0.001 1 0 3,12 0.001 0 -1 3,14 0.001 0 -1 6.3464 110 13,1 0.001 -1 0 12,3 0.001 1 1 12,1 0.001 0 1 195.292 590 14,12 0.001 -1 0 14,15 0.001 1 0 12,15 0.001 1 1 7.3548 170 ::f,2,2 f,2,13 f,14,0 f,14,13 
230:3,1 0.001 0 -1 0,1 0.001 0 1 2,0 0.001 -1 0 0.347 50 3,15 0.001 1 0 3,12 0.001 -1 -1 3,13 0.001 0 -1 6.3484 110 13,1 0.001 -1 0 12,3 0.001 1 0 12,2 0.001 0 1 195.293 590 13,12 0.001 -1 0 15,15 0.001 1 0 12,15 0.001 1 0 7.3568 170 ::f,2,2 f,2,13 f,14,0 f,14,13 
231:3,0 0.001 0 -1 0,2 0.001 0 1 1,0 0.001 -1 0 0.35 50 3,15 0.001 1 -1 3,12 0.001 -1 0 3,13 0.001 0 -1 6.3484 110 13,1 0.001 -1 1 13,3 0.001 1 0 12,3 0.001 0 1 195.295 590 12,12 0.001 -1 0 15,15 0.001 1 -1 13,15 0.001 1 0 7.3588 170 ::f,2,2 f,2,13 f,14,0 f,14,13 
232:3,0 0.001 -1 -1 0,2 0.001 0 1 1,0 0.001 -1 0 0.35 50 3,15 0.001 0 -1 2,12 0.001 -1 0 3,12 0.001 0 -1 6.3504 110 13,1 0.001 0 1 14,3 0.001 1 0 12,3 0.001 1 1 195.296 590 12,12 0.001 -1 1 15,15 0.001 0 -1 14,15 0.001 1 0 7.3598 170 ::f,2,2 f,2,13 f,14,0 f,14,13 
233:3,0 0.001 -1 0 0,3 0.001 0 1 0,0 0.001 -1 0 0.352 50 3,14 0.001 0 -1 1,12 0.001 -1 0 3,12 0.001 -1 -1 6.3524 110 13,2 0.001 0 1 15,3 0.001 1 0 12,3 0.001 1 0 195.298 590 12,12 0.001 0 1 15,14 0.001 0 -1 15,15 0.001 1 0 7.3618 170 ::f,2,2 f,2,13 f,14,0 f,14,13 
234:2,0 0.001 -1 0 0,3 0.001 1 1 0,0 0.001 -1 1 0.353 50 3,13 0.001 0 -1 1,12 0.001 -1 0 3,12 0.001 -1 0 6.3534 110 13,2 0.001 0 1 15,3 0.001 1 -1 13,3 0.001 1 0 195.299 590 12,13 0.001 0 1 15,13 0.001 0 -1 15,15 0.001 1 -1 7.3638 170 ::f,2,2 f,2,13 f,14,0 f,14,13 
235:1,0 0.001 -1 0 0,3 0.001 1 0 0,0 0.001 0 1 0.354 50 3,13 0.001 0 -1 0,12 0.001 -1 0 2,12 0.001 -1 0 6.3554 110 13,2 0.001 1 1 15,3 0.001 0 -1 14,3 0.001 1 0 195.3 590 12,14 0.001 0 1 15,12 0.001 0 -1 15,15 0.001 0 -1 7.3658 170 ::f,2,2 f,2,13 f,14,0 f,14,13 
236:1,0 0.001 -1 0 1,3 0.001 1 0 0,1 0.001 0 1 0.356 50 3,12 0.001 0 -1 0,12 0.001 -1 1 1,12 0.001 -1 0 6.3574 110 13,2 0.001 1 0 15,2 0.001 0 -1 15,3 0.001 1 0 195.302 590 12,15 0.001 0 1 15,12 0.001 -1 -1 15,14 0.001 0 -1 7.3678 170 ::f,2,2 f,2,13 f,14,0 f,14,13 
237:0,0 0.001 -1 0 2,3 0.001 1 0 0,2 0.001 0 1 0.359 50 3,12 0.001 -1 -1 0,12 0.001 0 1 1,12 0.001 -1 0 6.3574 110 14,2 0.001 1 0 15,1 0.001 0 -1 15,3 0.001 1 -1 195.304 590 12,15 0.001 1 1 15,12 0.001 -1 0 15,13 0.001 0 -1 7.3688 170 ::f,2,2 f,2,13 f,14,0 f,14,13 
238:0,0 0.001 -1 1 2,3 0.001 1 0 0,2 0.001 0 1 0.359 50 3,12 0.001 -1 0 0,13 0.001 0 1 0,12 0.001 -1 0 6.3594 110 14,2 0.001 1 0 15,0 0.001 0 -1 15,3 0.001 0 -1 195.305 590 12,15 0.001 1 0 14,12 0.001 -1 0 15,12 0.001 0 -1 7.3708 170 ::f,2,2 f,2,13 f,14,0 f,14,13 
239:0,0 0.001 0 1 3,3 0.001 1 0 0,3 0.001 0 1 0.361 50 2,12 0.001 -1 0 0,14 0.001 0 1 0,12 0.001 -1 1 6.3614 110 14,2 0.001 1 -1 15,0 0.001 -1 -1 15,2 0.001 0 -1 195.306 590 13,15 0.001 1 0 13,12 0.001 -1 0 15,12 0.001 -1 -1 7.3728 170 ::f,2,2 f,2,13 f,14,0 f,14,13 
240:0,1 0.001 0 1 3,3 0.001 1 -1 0,3 0.001 1 1 0.362 50 1,12 0.001 -1 0 0,14 0.001 0 1 0,12 0.001 0 1 6.3624 110 14,2 0.001 0 -1 15,0 0.001 -1 0 15,1 0.001 0 -1 195.307 590 14,15 0.001 1 0 12,12 0.001 -1 0 15,12 0.001 -1 0 7.3748 170 ::f,2,2 f,2,13 f,14,0 f,14,13 
241:0,2 0.001 0 1 3,3 0.001 0 -1 0,3 0.001 1 0 0.363 50 1,12 0.001 -1 0 0,15 0.001 0 1 0,13 0.001 0 1 6.3644 110 14,1 0.001 0 -1 15,0 0.001 -1 0 15,1 0.001 0 -1 195.308 590 15,15 0.001 1 0 12,12 0.001 -1 1 14,12 0.001 -1 0 7.3768 170 ::f,2,2 f,2,13 f,14,0 f,14,13 
242:0,2 0.001 0 1 3,2 0.001 0 -1 1,3 0.001 1 0 0.365 50 0,12 0.001 -1 0 0,15 0.001 1 1 0,14 0.001 0 1 6.3664 110 14,1 0.001 0 -1 14,0 0.001 -1 0 15,0 0.001 0 -1 205.31 605 15,15 0.001 1 -1 12,12 0.001 0 1 13,12 0.001 -1 0 7.3778 170 ::f,2,2 f,2,13 f,13,1 f,14,13 
243:0,3 0.001 0 1 3,1 0.001 0 -1 2,3 0.001 1 0 0.368 50 0,12 0.001 -1 1 0,15 0.001 1 0 0,14 0.001 0 1 6.3664 110 14,1 0.001 -1 -1 13,0 0.001 -1 0 15,0 0.001 -1 -1 205.311 605 15,15 0.001 0 -1 12,13 0.001 0 1 12,12 0.001 -1 0 7.3798 170 ::f,2,2 f,2,13 f,13,1 f,14,13 
244:0,3 0.001 1 1 3,1 0.001 0 -1 2,3 0.001 1 0 0.368 50 0,12 0.001 0 1 1,15 0.001 1 0 0,15 0.001 0 1 6.3684 110 14,1 0.001 -1 0 12,0 0.001 -1 0 15,0 0.001 -1 0 205.312 605 15,14 0.001 0 -1 12,14 0.001 0 1 12,12 0.001 -1 1 7.3818 170 ::f,2,2 f,2,13 f,13,1 f,14,13 
245:0,3 0.001 1 0 3,0 0.001 0 -1 3,3 0.001 1 0 0.37 50 0,13 0.001 0 1 2,15 0.001 1 0 0,15 0.001 1 1 6.3704 110 14,1 0.001 -1 0 12,0 0.001 -1 1 14,0 0.001 -1 0 205.313 605 15,13 0.001 0 -1 12,15 0.001 0 1 12,12 0.001 0 1 7.3838 170 ::f,2,2 f,2,13 f,13,1 f,14,13 
246:1,3 0.001 1 0 3,0 0.001 -1 -1 3,3 0.001 1 -1 0.371 50 0,14 0.001 0 1 2,15 0.001 1 0 0,15 0.001 1 0 6.3714 110 14,1 0.001 -1 0 12,0 0.001 0 1 13,0 0.001 -1 0 215.314 620 15,12 0.001 0 -1 12,15 0.001 1 1 12,13 0.001 0 1 7.3858 170 ::f,2,2 f,2,13 f,12,3 f,14,13 
247:2,3 0.001 1 0 3,0 0.001 -1 0 3,3 0.001 0 -1 0.372 50 0,14 0.001 0 1 3,15 0.001 1 0 1,15 0.001 1 0 6.3734 110 13,1 0.001 -1 0 12,1 0.001 0 1 12,0 0.001 -1 0 215.317 620 15,12 0.001 -1 -1 12,15 0.001 1 0 12,14 0.001 0 1 7.3868 170 ::f,2,2 f,2,13 f,12,3 f,14,13 
248:2,3 0.001 1 0 2,0 0.001 -1 0 3,2 0.001 0 -1 0.374 50 0,15 0.001 0 1 3,15 0.001 1 -1 2,15 0.001 1 0 6.3754 110 13,1 0.001 -1 0 12,2 0.001 0 1 12,0 0.001 -1 1 215.318 620 15,12 0.001 -1 0 13,15 0.001 1 0 12,15 0.001 0 1 7.3888 170 ::f,2,2 f,2,13 f,12,3 f,14,13 
249:3,3 0.001 1 0 1,0 0.001 -1 0 3,1 0.001 0 -1 0.377 50 0,15 0.001 1 1 3,15 0.001 0 -1 2,15 0.001 1 0 6.3754 110 13,1 0.001 -1 1 12,2 0.001 0 1 12,0 0.001 0 1 225.318 635 14,12 0.001 -1 0 14,15 0.001 1 0 12,15 0.001 1 1 7.3908 170 ::f,2,2 f,2,13 f,14,1 f,14,13 
250:3,3 0.001 1 -1 1,0 0.001 -1 0 3,1 0.001 0 -1 0.377 50 0,15 0.001 1 0 3,14 0.001 0 -1 3,15 0.001 1 0 6.3774 110 13,1 0.001 0 1 12,3 0.001 0 1 12,1 0.001 0 1 225.32 635 13,12 0.001 -1 0 15,15 0.001 1 0 12,15 0.001 1 0 7.3928 170 ::f,2,2 f,2,13 f,14,1 f,14,13 
251:3,3 0.001 0 -1 0,0 0.001 -1 0 3,0 0.001 0 -1 0.379 50 1,15 0.001 1 0 3,13 0.001 0 -1 3,15 0.001 1 -1 6.3794 110 13,2 0.001 0 1 12,3 0.001 1 1 12,2 0.001 0 1 225.322 635 12,12 0.001 -1 0 15,15 0.001 1 -1 13,15 0.001 1 0 7.3948 170 ::f,2,2 f,2,13 f,14,1 f,14,13 
252:3,2 0.001 0 -1 0,0 0.001 -1 1 3,0 0.001 -1 -1 0.38 50 2,15 0.001 1 0 3,13 0.001 0 -1 3,15 0.001 0 -1 6.3804 110 13,2 0.001 0 1 12,3 0.001 1 0 12,2 0.001 0 1 225.322 635 12,12 0.001 -1 1 15,15 0.001 0 -1 14,15 0.001 1 0 7.3958 170 ::f,2,2 f,2,13 f,14,1 f,14,13 
253:3,1 0.001 0 -1 0,0 0.001 0 1 3,0 0.001 -1 0 0.381 50 2,15 0.001 1 0 3,12 0.001 0 -1 3,14 0.001 0 -1 6.3824 110 13,2 0.001 1 1 13,3 0.001 1 0 12,3 0.001 0 1 225.324 635 12,12 0.001 0 1 15,14 0.001 0 -1 15,15 0.001 1 0 7.3978 170 ::f,2,2 f,2,13 f,14,1 f,14,13 
254:3,1 0.001 0 -1 0,1 0.001 0 1 2,0 0.001 -1 0 0.383 50 3,15 0.001 1 0 3,12 0.001 -1 -1 3,13 0.001 0 -1 6.3844 110 13,2 0.001 1 0 14,3 0.001 1 0 12,3 0.001 1 1 225.325 635 12,13 0.001 0 1 15,13 0.001 0 -1 15,15 0.001 1 -1 7.3998 170 ::f,2,2 f,2,13 f,14,1 f,14,13 
255:3,0 0.001 0 -1 0,2 0.001 0 1 1,0 0.001 -1 0 0.386 50 3,15 0.001 1 -1 3,12 0.001 -1 0 3,13 0.001 0 -1 6.3844 110 14,2 0.001 1 0 15,3 0.001 1 0 12,3 0.001 1 0 225.327 635 12,14 0.001 0 1 15,12 0.001 0 -1 15,15 0.001 0 -1 7.4018 170 ::f,2,2 f,2,13 f,14,1 f,14,13 
256:3,0 0.001 -1 -1 0,2 0.001 0 1 1,0 0.001 -1 0 0.386 50 3,15 0.001 0 -1 2,12 0.001 -1 0 3,12 0.001 0 -1 6.3864 110 14,2 0.001 1 0 15,3 0.001 1 -1 13,3 0.001 1 0 225.328 635 12,15 0.001 0 1 15,12 0.001 -1 -1 15,14 0.001 0 -1 7.4038 170 ::f,2,2 f,2,13 f,14,1 f,14,13 
257:3,0 0.001 -1 0 0,3 0.001 0 1 0,0 0.001 -1 0 0.388 50 3,14 0.001 0 -1 1,12 0.001 -1 0 3,12 0.001 -1 -1 6.3884 110 14,2 0.001 1 -1 15,3 0.001 0 -1 14,3 0.001 1 0 225.329 635 12,15 0.001 1 1 15,12 0.001 -1 0 15,13 0.001 0 -1 7.4048 170 ::f,2,2 f,2,13 f,14,1 f,14,13 
258:2,0 0.001 -1 0 0,3 0.001 1 1 0,0 0.001 -1 1 0.389 50 3,13 0.001 0 -1 1,12 0.001 -1 0 3,12 0.001 -1 0 6.3894 110 14,2 0.001 0 -1 15,2 0.001 0 -1 15,3 0.001 1 0 225.331 635 12,15 0.001 1 0 14,12 0.001 -1 0 15,12 0.001 0 -1 7.4068 170 ::f,2,2 f,2,13 f,14,1 f,14,13 
259:1,0 0.001 -1 0 0,3 0.001 1 0 0,0 0.001 0 1 0.39 50 3,13 0.001 0 -1 0,12 0.001 -1 0 2,12 0.001 -1 0 6.3914 110 14,2 0.001 0 -1 15,1 0.001 0 -1 15,3 0.001 1 -1 225.332 635 13,15 0.001 1 0 13,12 0.001 -1 0 15,12 0.001 -1 -1 7.4088 170 ::f,2,2 f,2,13 f,14,1 f,14,13 
260:1,0 0.001 -1 0 1,3 0.001 1 0 0,1 0.001 0 1 0.392 50 3,12 0.001 0 -1 0,12 0.001 -1 1 1,12 0.001 -1 0 6.3934 110 14,2 0.001 0 -1 15,0 0.001 0 -1 15,3 0.001 0 -1 235.333 650 14,15 0.001 1 0 12,12 0.001 -1 0 15,12 0.001 -1 0 7.4108 170 ::f,2,2 f,2,13 f,13,2 f,14,13 
261:0,0 0.001 -1 0 2,3 0.001 1 0 0,2 0.001 0 1 0.395 50 3,12 0.001 -1 -1 0,12 0.001 0 1 1,12 0.001 -1 0 6.3934 110 14,2 0.001 0 -1 15,0 0.001 -1 -1 15,2 0.001 0 -1 235.334 650 15,15 0.001 1 0 12,12 0.001 -1 1 14,12 0.001 -1 0 7.4128 170 ::f,2,2 f,2,13 f,13,2 f,14,13 
262:0,0 0.001 -1 1 2,3 0.001 1 0 0,2 0.001 0 1 0.395 50 3,12 0.001 -1 0 0,13 0.001 0 1 0,12 0.001 -1 0 6.3954 110 14,2 0.001 0 -1 15,0 0.001 -1 0 15,1 0.001 0 -1 235.335 650 15,15 0.001 1 -1 12,12 0.001 0 1 13,12 0.001 -1 0 7.4138 170 ::f,2,2 f,2,13 f,13,2 f,14,13 
263:0,0 0.001 0 1 3,3 0.001 1 0 0,3 0.001 0 1 0.397 50 2,12 0.001 -1 0 0,14 0.001 0 1 0,12 0.001 -1 1 6.3974 110 14,1 0.001 0 -1 14,0 0.001 -1 0 15,0 0.001 0 -1 235.338 650 15,15 0.001 0 -1 12,13 0.001 0 1 12,12 0.001 -1 0 7.4158 170 ::f,2,2 f,2,13 f,13,2 f,14,13 
264:0,1 0.001 0 1 3,3 0.001 1 -1 0,3 0.001 1 1 0.398 50 1,12 0.001 -1 0 0,14 0.001 0 1 0,12 0.001 0 1 6.3984 110 14,1 0.001 0 -1 13,0 0.001 -1 0 15,0 0.001 -1 -1 235.339 650 15,14 0.001 0 -1 12,14 0.001 0 1 12,12 0.001 -1 1 7.4178 170 ::f,2,2 f,2,13 f,13,2 f,14,13 
265:0,2 0.001 0 1 3,3 0.001 0 -1 0,3 0.001 1 0 0.399 50 1,12 0.001 -1 0 0,15 0.001 0 1 0,13 0.001 0 1 6.4004 110 14,1 0.001 -1 -1 12,0 0.001 -1 0 15,0 0.001 -1 0 235.34 650 15,13 0.001 0 -1 12,15 0.001 0 1 12,12 0.001 0 1 7.4198 170 ::f,2,2 f,2,13 f,13,2 f,14,13 
266:0,2 0.001 0 1 3,2 0.001 0 -1 1,3 0.001 1 0 0.401 50 0,12 0.001 -1 0 0,15 0.001 1 1 0,14 0.001 0 1 6.4024 110 14,1 0.001 -1 0 12,0 0.001 -1 1 14,0 0.001 -1 0 235.341 650 15,12 0.001 0 -1 12,15 0.001 1 1 12,13 0.001 0 1 7.4218 170 ::f,2,2 f,2,13 f,13,2 f,14,13 
267:0,3 0.001 0 1 3,1 0.001 0 -1 2,3 0.001 1 0 0.404 50 0,12 0.001 -1 1 0,15 0.001 1 0 0,14 0.001 0 1 6.4024 110 13,1 0.001 -1 0 12,0 0.001 0 1 13,0 0.001 -1 0 235.343 650 15,12 0.001 -1 -1 12,15 0.001 1 0 12,14 0.001 0 1 7.4228 170 ::f,2,2 f,2,13 f,13,2 f,14,13 
268:0,3 0.001 1 1 3,1 0.001 0 -1 2,3 0.001 1 0 0.404 50 0,12 0.001 0 1 1,15 0.001 1 0 0,15 0.001 0 1 6.4044 110 13,1 0.001 -1 0 12,1 0.001 0 1 12,0 0.001 -1 0 235.345 650 15,12 0.001 -1 0 13,15 0.001 1 0 12,15 0.001 0 1 7.4248 170 ::f,2,2 f,2,13 f,13,2 f,14,13 
269:0,3 0.001 1 0 3,0 0.001 0 -1 3,3 0.001 1 0 0.406 50 0,13 0.001 0 1 2,15 0.001 1 0 0,15 0.001 1 1 6.4064 110 13,1 0.001 -1 1 12,2 0.001 0 1 12,0 0.001 -1 1 235.346 650 14,12 0.001 -1 0 14,15 0.001 1 0 12,15 0.001 1 1 7.4268 170 ::f,2,2 f,2,13 f,13,2 f,14,13 
270:1,3 0.001 1 0 3,0 0.001 -1 -1 3,3 0.001 1 -1 0.407 50 0,14 0.001 0 1 2,15 0.001 1 0 0,15 0.001 1 0 6.4074 110 13,1 0.001 0 1 12,3 0.001 0 1 12,0 0.001 0 1 235.347 650 13,12 0.001 -1 0 15,15 0.001 1 0 12,15 0.001 1 0 7.4288 170 ::f,2,2 f,2,13 f,13,2 f,14,13 
271:2,3 0.001 1 0 3,0 0.001 -1 0 3,3 0.001 0 -1 0.408 50 0,14 0.001 0 1 3,15 0.001 1 0 1,15 0.001 1 0 6.4094 110 13,1 0.001 0 1 12,3 0.001 1 1 12,1 0.001 0 1 235.348 650 12,12 0.001 -1 0 15,15 0.001 1 -1 13,15 0.001 1 0 7.4308 170 ::f,2,2 f,2,13 f,13,2 f,14,13 
272:2,3 0.001 1 0 2,0 0.001 -1 0 3,2 0.001 0 -1 0.41 50 0,15 0.001 0 1 3,15 0.001 1 -1 2,15 0.001 1 0 6.4114 110 13,1 0.001 0 1 12,3 0.001 1 0 12,2 0.001 0 1 245.349 665 12,12 0.001 -1 1 15,15 0.001 0 -1 14,15 0.001 1 0 7.4318 170 ::f,2,2 f,2,13 f,13,3 f,14,13 
273:3,3 0.001 1 0 1,0 0.001 -1 0 3,1 0.001 0 -1 0.413 50 0,15 0.001 1 1 3,15 0.001 0 -1 2,15 0.001 1 0 6.4114 110 13,2 0.001 0 1 12,3 0.001 1 0 12,2 0.001 0 1 245.35 665 12,12 0.001 0 1 15,14 0.001 0 -1 15,15 0.001 1 0 7.4338 170 ::f,2,2 f,2,13 f,13,3 f,14,13 
274:3,3 0.001 1 -1 1,0 0.001 -1 0 3,1 0.001 0 -1 0.413 50 0,15 0.001 1 0 3,14 0.001 0 -1 3,15 0.001 1 0 6.4134 110 13,2 0.001 0 1 13,3 0.001 1 0 12,3 0.001 0 1 255.352 680 12,13 0.001 0 1 15,13 0.001 0 -1 15,15 0.001 1 -1 7.4358 170 ::f,2,2 f,2,13 f,14,0 f,14,13 
275:3,3 0.001 0 -1 0,0 0.001 -1 0 3,0 0.001 0 -1 0.415 50 1,15 0.001 1 0 3,13 0.001 0 -1 3,15 0.001 1 -1 6.4154 110 13,2 0.001 1 1 14,3 0.001 1 0 12,3 0.001 1 1 255.353 680 12,14 0.001 0 1 15,12 0.001 0 -1 15,15 0.001 0 -1 7.4378 170 ::f,2,2 f,2,13 f,14,0 f,14,13 
276:3,2 0.001 0 -1 0,0 0.001 -1 1 3,0 0.001 -1 -1 0.416 50 2,15 0.001 1 0 3,13 0.001 0 -1 3,15 0.001 0 -1 6.4164 110 13,2 0.001 1 0 15,3 0.001 1 0 12,3 0.001 1 0 255.354 680 12,15 0.001 0 1 15,12 0.001 -1 -1 15,14 0.001 0 -1 7.4398 170 ::f,2,2 f,2,13 f,14,0 f,14,13 
277:3,1 0.001 0 -1 0,0 0.001 0 1 3,0 0.001 -1 0 0.417 50 2,15 0.001 1 0 3,12 0.001 0 -1 3,14 0.001 0 -1 6.4184 110 14,2 0.001 1 0 15,3 0.001 1 -1 13,3 0.001 1 0 255.356 680 12,15 0.001 1 1 15,12 0.001 -1 0 15,13 0.001 0 -1 7.4408 170 ::f,2,2 f,2,13 f,14,0 f,14,13 
278:3,1 0.001 0 -1 0,1 0.001 0 1 2,0 0.001 -1 0 0.419 50 3,15 0.001 1 0 3,12 0.001 -1 -1 3,13 0.001 0 -1 6.4204 110 14,2 0.001 1 0 15,3 0.001 0 -1 14,3 0.001 1 0 255.357 680 12,15 0.001 1 0 14,12 0.001 -1 0 15,12 0.001 0 -1 7.4428 170 ::f,2,2 f,2,13 f,14,0 f,14,13 
279:3,0 0.001 0 -1 0,2 0.001 0 1 1,0 0.001 -1 0 0.422 50 3,15 0.001 1 -1 3,12 0.001 -1 0 3,13 0.001 0 -1 6.4204 110 14,2 0.001 1 -1 15,2 0.001 0 -1 15,3 0.001 1 0 255.359 680 13,15 0.001 1 0 13,12 0.001 -1 0 15,12 0.001 -1 -1 7.4448 170 ::f,2,2 f,2,13 f,14,0 f,14,13 
280:3,0 0.001 -1 -1 0,2 0.001 0 1 1,0 0.001 -1 0 0.422 50 3,15 0.001 0 -1 2,12 0.001 -1 0 3,12 0.001 0 -1 6.4224 110 14,2 0.001 0 -1 15,1 0.001 0 -1 15,3 0.001 1 -1 255.36 680 14,15 0.001 1 0 12,12 0.001 -1 0 15,12 0.001 -1 0 7.4468 170 ::f,2,2 f,2,13 f,14,0 f,14,13 
281:3,0 0.001 -1 0 0,3 0.001 0 1 0,0 0.001 -1 0 0.424 50 3,14 0.001 0 -1 1,12 0.001 -1 0 3,12 0.001 -1 -1 6.4244 110 14,1 0.001 0 -1 15,0 0.001 0 -1 15,3 0.001 0 -1 255.362 680 15,15 0.001 1 0 12,12 0.001 -1 1 14,12 0.001 -1 0 7.4488 170 ::f,2,2 f,2,13 f,14,0 f,14,13 
282:2,0 0.001 -1 0 0,3 0.001 1 1 0,0 0.001 -1 1 0.425 50 3,13 0.001 0 -1 1,12 0.001 -1 0 3,12 0.001 -1 0 6.4254 110 14,1 0.001 0 -1 15,0 0.001 -1 -1 15,2 0.001 0 -1 265.363 695 15,15 0.001 1 -1 12,12 0.001 0 1 13,12 0.001 -1 0 7.4498 170 ::f,2,2 f,2,13 f,14,13 f,15,1 
283:1,0 0.001 -1 0 0,3 0.001 1 0 0,0 0.001 0 1 0.426 50 3,13 0.001 0 -1 0,12 0.001 -1 0 2,12 0.001 -1 0 6.4274 110 14,1 0.001 -1 -1 15,0 0.001 -1 0 15,2 0.001 0 -1 275.363 710 15,15 0.001 0 -1 12,13 0.001 0 1 12,12 0.001 -1 0 7.4518 170 ::f,2,2 f,2,13 f,14,13 f,15,3 
284:1,0 0.001 -1 0 1,3 0.001 1 0 0,1 0.001 0 1 0.428 50 3,12 0.001 0 -1 0,12 0.001 -1 1 1,12 0.001 -1 0 6.4294 110 14,1 0.001 -1 0 14,0 0.001 -1 0 15,1 0.001 0 -1 275.365 710 15,14 0.001 0 -1 12,14 0.001 0 1 12,12 0.001 -1 1 7.4538 170 ::f,2,2 f,2,13 f,14,13 f,15,3 
285:0,0 0.001 -1 0 2,3 0.001 1 0 0,2 0.001 0 1 0.431 50 3,12 0.001 -1 -1 0,12 0.001 0 1 1,12 0.001 -1 0 6.4294 110 13,1 0.001 -1 0 13,0 0.001 -1 0 15,0 0.001 0 -1 275.368 710 15,13 0.001 0 -1 12,15 0.001 0 1 12,12 0.001 0 1 7.4558 170 ::f,2,2 f,2,13 f,14,13 f,15,3 
286:0,0 0.001 -1 1 2,3 0.001 1 0 0,2 0.001 0 1 0.431 50 3,12 0.001 -1 0 0,13 0.001 0 1 0,12 0.001 -1 0 6.4314 110 13,1 0.001 -1 0 12,0 0.001 -1 0 15,0 0.001 -1 -1 275.369 710 15,12 0.001 0 -1 12,15 0.001 1 1 12,13 0.001 0 1 7.4578 170 ::f,2,2 f,2,13 f,14,13 f,15,3 
287:0,0 0.001 0 1 3,3 0.001 1 0 0,3 0.001 0 1 0.433 50 2,12 0.001 -1 0 0,14 0.001 0 1 0,12 0.001 -1 1 6.4334 110 13,1 0.001 -1 1 12,0 0.001 -1 1 15,0 0.001 -1 0 275.369 710 15,12 0.001 -1 -1 12,15 0.001 1 0 12,14 0.001 0 1 7.4588 170 ::f,2,2 f,2,13 f,14,13 f,15,3 
288:0,1 0.001 0 1 3,3 0.001 1 -1 0,3 0.001 1 1 0.434 50 1,12 0.001 -1 0 0,14 0.001 0 1 0,12 0.001 0 1 6.4344 110 13,1 0.001 0 1 12,0 0.001 0 1 14,0 0.001 -1 0 275.37 710 15,12 0.001 -1 0 13,15 0.001 1 0 12,15 0.001 0 1 7.4608 170 ::f,2,2 f,2,13 f,14,13 f,15,3 
289:0,2 0.001 0 1 3,3 0.001 0 -1 0,3 0.001 1 0 0.435 50 1,12 0.001 -1 0 0,15 0.001 0 1 0,13 0.001 0 1 6.4364 110 13,2 0.001 0 1 12,1 0.001 0 1 13,0 0.001 -1 0 275.373 710 14,12 0.001 -1 0 14,15 0.001 1 0 12,15 0.001 1 1 7.4628 170 ::f,2,2 f,2,13 f,14,13 f,15,3 
290:0,2 0.001 0 1 3,2 0.001 0 -1 1,3 0.001 1 0 0.437 50 0,12 0.001 -1 0 0,15 0.001 1 1 0,14 0.001 0 1 6.4384 110 13,2 0.001 0 1 12,2 0.001 0 1 12,0 0.001 -1 0 275.375 710 13,12 0.001 -1 0 15,15 0.001 1 0 12,15 0.001 1 0 7.4648 170 ::f,2,2 f,2,13 f,14,13 f,15,3 
291:0,3 0.001 0 1 3,1 0.001 0 -1 2,3 0.001 1 0 0.44 50 0,12 0.001 -1 1 0,15 0.001 1 0 0,14 0.001 0 1 6.4384 110 13,2 0.001 1 1 12,3 0.001 0 1 12,0 0.001 -1 1 275.376 710 12,12 0.001 -1 0 15,15 0.001 1 -1 13,15 0.001 1 0 7.4668 170 ::f,2,2 f,2,13 f,14,13 f,15,3 
292:0,3 0.001 1 1 3,1 0.001 0 -1 2,3 0.001 1 0 0.44 50 0,12 0.001 0 1 1,15 0.001 1 0 0,15 0.001 0 1 6.4404 110 13,2 0.001 1 0 12,3 0.001 1 1 12,0 0.001 0 1 275.376 710 12,12 0.001 -1 1 15,15 0.001 0 -1 14,15 0.001 1 0 7.4678 170 ::f,2,2 f,2,13 f,14,13 f,15,3 
293:0,3 0.001 1 0 3,0 0.001 0 -1 3,3 0.001 1 0 0.442 50 0,13 0.001 0 1 2,15 0.001 1 0 0,15 0.001 1 1 6.4424 110 14,2 0.001 1 0 12,3 0.001 1 0 12,1 0.001 0 1 275.378 710 12,12 0.001 0 1 15,14 0.001 0 -1 15,15 0.001 1 0 7.4698 170 ::f,2,2 f,2,13 f,14,13 f,15,3 
294:1,3 0.001 1 0 3,0 0.001 -1 -1 3,3 0.001 1 -1 0.443 50 0,14 0.001 0 1 2,15 0.001 1 0 0,15 0.001 1 0 6.4434 110 14,2 0.001 1 0 13,3 0.001 1 0 12,2 0.001 0 1 275.38 710 12,13 0.001 0 1 15,13 0.001 0 -1 15,15 0.001 1 -1 7.4718 170 ::f,2,2 f,2,13 f,14,13 f,15,3 
295:2,3 0.001 1 0 3,0 0.001 -1 0 3,3 0.001 0 -1 0.444 50 0,14 0.001 0 1 3,15 0.001 1 0 1,15 0.001 1 0 6.4454 110 14,2 0.001 1 -1 14,3 0.001 1 0 12,3 0.001 0 1 275.382 710 12,14 0.001 0 1 15,12 0.001 0 -1 15,15 0.001 0 -1 7.4738 170 ::f,2,2 f,2,13 f,14,13 f,15,3 
296:2,3 0.001 1 0 2,0 0.001 -1 0 3,2 0.001 0 -1 0.446 50 0,15 0.001 0 1 3,15 0.001 1 -1 2,15 0.001 1 0 6.4474 110 14,2 0.001 0 -1 14,3 0.001 1 0 12,3 0.001 1 1 285.383 725 12,15 0.001 0 1 15,12 0.001 -1 -1 15,14 0.001 0 -1 7.4758 170 ::f,2,2 f,2,13 f,12,0 f,14,13 
297:3,3 0.001 1 0 1,0 0.001 -1 0 3,1 0.001 0 -1 0.449 50 0,15 0.001 1 1 3,15 0.001 0 -1 2,15 0.001 1 0 6.4474 110 14,1 0.001 0 -1 15,3 0.001 1 0 12,3 0.001 1 0 285.385 725 12,15 0.001 1 1 15,12 0.001 -1 0 15,13 0.001 0 -1 7.4768 170 ::f,2,2 f,2,13 f,12,0 f,14,13 
298:3,3 0.001 1 -1 1,0 0.001 -1 0 3,1 0.001 0 -1 0.449 50 0,15 0.001 1 0 3,14 0.001 0 -1 3,15 0.001 1 0 6.4494 110 14,1 0.001 0 -1 15,3 0.001 1 -1 13,3 0.001 1 0 285.386 725 12,15 0.001 1 0 14,12 0.001 -1 0 15,12 0.001 0 -1 7.4788 170 ::f,2,2 f,2,13 f,12,0 f,14,13 
299:3,3 0.001 0 -1 0,0 0.001 -1 0 3,0 0.001 0 -1 0.451 50 1,15 0.001 1 0 3,13 0.001 0 -1 3,15 0.001 1 -1 6.4514 110 14,1 0.001 -1 -1 15,3 0.001 0 -1 14,3 0.001 1 0 285.387 725 13,15 0.001 1 0 13,12 0.001 -1 0 15,12 0.001 -1 -1 7.4808 170 ::f,2,2 f,2,13 f,12,0 f,14,13 
