16
0:1,3 0.001 1 1 3,3 0.003 1 1 0,0 0.002 0 1 0 50 3,13 0.001 0 1 2,13 0.003 1 0 2,14 0.002 1 -1 0 50 15,3 0.001 1 0 15,2 0.003 0 -1 12,3 0.002 0 1 0.001 50 13,15 0.001 -1 1 12,12 0.003 -1 0 15,15 0.002 1 0 0.003 50 ::f,0,1 f,3,14 f,12,1 f,15,14 
1:1,3 0.001 1 0 3,3 0.003 1 1 0,0 0.001 0 1 0.0001 65 3,13 0.001 0 1 2,13 0.001 1 0 2,14 0.002 1 -1 0 50 15,3 0.001 1 0 15,1 0.003 0 -1 12,3 0.002 0 1 0.002 50 13,15 0.001 -1 1 12,12 0.003 -1 0 15,15 0.002 1 0 0.003 50 ::f,2,2 f,3,14 f,12,1 f,15,14 
2:1,3 0.001 1 -1 3,3 0.003 1 0 0,1 0.001 0 1 0.0011 65 3,13 0.001 0 1 2,13 0.001 1 0 2,14 0.001 1 -1 0 50 15,3 0.001 1 -1 15,1 0.001 0 -1 12,3 0.002 1 1 0.002 50 13,15 0.001 0 1 12,12 0.003 -1 1 15,15 0.002 1 -1 0.003 50 ::f,2,2 f,3,14 f,12,1 f,15,14 
3:1,3 0.001 1 -1 3,3 0.003 1 -1 0,1 0.001 0 1 0.0011 65 3,13 0.001 0 1 2,13 0.001 1 0 2,14 0.001 1 -1 0 50 15,3 0.001 0 -1 15,1 0.001 -1 -1 12,3 0.002 1 0 0.002 50 13,15 0.001 1 1 12,12 0.003 0 1 15,15 0.002 0 -1 0.003 50 ::f,2,2 f,3,14 f,12,1 f,15,14 
4:1,3 0.001 1 -1 3,3 0.003 0 -1 0,2 0.001 0 1 0.0022 80 3,13 0.001 0 1 2,13 0.001 1 0 2,14 0.001 1 -1 0 50 15,2 0.001 0 -1 14,0 0.001 -1 -1 13,3 0.002 1 0 0.005 50 13,15 0.001 1 0 12,13 0.003 0 1 15,15 0.002 0 -1 0.004 50 ::f,2,3 f,3,14 f,12,1 f,15,14 
5:2,2 0.001 1 -1 3,2 0.003 0 -1 0,2 0.001 0 1 0.0042 80 3,13 0.001 0 1 2,13 0.001 1 0 2,14 0.001 1 -1 0 50 15,1 0.001 0 -1 14,0 0.001 -1 -1 14,3 0.002 1 0 0.007 50 13,15 0.001 1 -1 12,14 0.003 0 1 15,15 0.002 0 -1 0.005 50 ::f,2,3 f,3,14 f,12,1 f,15,14 
6:2,2 0.001 1 -1 3,2 0.001 0 -1 0,3 0.001 0 1 0.0052 80 3,13 0.001 0 1 2,13 0.001 1 -1 2,14 0.001 1 -1 0 50 15,1 0.001 0 -1 14,0 0.001 -1 0 14,3 0.001 1 0 0.007 50 14,14 0.001 1 -1 12,14 0.001 0 1 15,15 0.001 0 -1 0.0061 65 ::f,2,3 f,3,14 f,12,1 f,13,14 
7:2,2 0.001 0 -1 3,1 0.001 0 -1 0,3 0.001 1 1 0.0062 80 3,13 0.001 0 1 3,12 0.001 1 -1 2,14 0.001 1 -1 0.001 50 15,0 0.001 0 -1 13,0 0.001 -1 0 15,3 0.001 1 0 0.01 50 14,14 0.001 1 -1 12,15 0.001 0 1 15,14 0.001 0 -1 0.0081 65 ::f,2,3 f,3,14 f,12,1 f,13,14 
8:2,1 0.001 0 -1 3,1 0.001 0 -1 0,3 0.001 1 0 0.0072 80 3,13 0.001 0 1 3,12 0.001 0 -1 2,14 0.001 1 -1 0.001 50 15,0 0.001 -1 -1 13,0 0.001 -1 0 15,3 0.001 1 -1 0.01 50 14,14 0.001 0 -1 12,15 0.001 1 1 15,14 0.001 0 -1 0.0081 65 ::f,2,3 f,3,14 f,12,1 f,13,14 
9:2,1 0.001 0 -1 3,0 0.001 0 -1 1,3 0.001 1 0 0.0092 80 3,13 0.001 0 1 3,12 0.001 -1 -1 2,14 0.001 1 -1 0.001 50 15,0 0.001 -1 0 13,0 0.001 -1 1 15,3 0.001 0 -1 0.01 50 14,13 0.001 0 -1 12,15 0.001 1 0 15,13 0.001 0 -1 0.0101 65 ::f,2,3 f,3,14 f,12,1 f,13,14 
10:2,1 0.001 -1 -1 3,0 0.001 -1 -1 1,3 0.001 1 0 1.0093 95 3,13 0.001 0 1 3,12 0.001 -1 0 2,14 0.001 1 -1 0.001 50 14,0 0.001 -1 0 13,0 0.001 -1 1 15,2 0.001 0 -1 0.012 50 14,13 0.001 0 -1 13,15 0.001 1 0 15,13 0.001 0 -1 0.0111 65 ::f,2,3 f,3,14 f,12,1 f,13,14 
11:2,1 0.001 -1 0 3,0 0.001 -1 0 1,3 0.001 1 0 3.0094 110 3,13 0.001 0 1 2,12 0.001 -1 0 2,14 0.001 1 -1 0.002 50 14,0 0.001 -1 0 13,0 0.001 -1 1 15,1 0.001 0 -1 0.013 50 14,13 0.001 -1 -1 14,15 0.001 1 0 15,12 0.001 0 -1 0.0131 65 ::f,0,3 f,3,14 f,12,1 f,13,14 
12:1,1 0.001 -1 0 2,0 0.001 -1 0 2,3 0.001 1 0 3.0124 110 3,13 0.001 0 1 1,12 0.001 -1 0 2,14 0.001 1 -1 0.003 50 14,0 0.001 -1 0 13,0 0.001 -1 1 15,1 0.001 0 -1 0.0131 65 14,13 0.001 -1 0 14,15 0.001 1 0 15,12 0.001 -1 -1 0.0131 65 ::f,0,3 f,3,14 f,13,2 f,13,14 
13:1,1 0.001 -1 0 1,0 0.001 -1 0 2,3 0.001 1 0 3.0134 110 3,13 0.001 0 1 1,12 0.001 -1 0 2,14 0.001 1 -1 0.003 50 14,0 0.001 -1 0 12,1 0.001 -1 1 15,0 0.001 0 -1 0.0151 65 13,13 0.001 -1 0 15,15 0.001 1 0 15,12 0.001 -1 0 0.0151 65 ::f,0,3 f,3,14 f,13,2 f,13,14 
14:1,1 0.001 -1 1 1,0 0.001 -1 0 3,3 0.001 1 0 3.0144 110 3,13 0.001 0 1 0,12 0.001 -1 0 2,14 0.001 1 -1 0.004 50 13,0 0.001 -1 0 12,1 0.001 -1 1 15,0 0.001 -1 -1 0.0161 65 13,13 0.001 -1 0 15,15 0.001 1 -1 14,12 0.001 -1 0 0.0161 65 ::f,0,3 f,3,14 f,13,2 f,13,14 
15:1,1 0.001 0 1 0,0 0.001 -1 0 3,3 0.001 1 -1 3.0154 110 3,13 0.001 0 1 0,12 0.001 -1 1 2,14 0.001 1 -1 0.004 50 12,0 0.001 -1 0 12,1 0.001 0 1 15,0 0.001 -1 0 0.0171 65 13,13 0.001 -1 1 15,15 0.001 0 -1 13,12 0.001 -1 0 0.0171 65 ::f,0,3 f,3,14 f,13,2 f,13,14 
16:1,2 0.001 0 1 0,0 0.001 -1 1 3,3 0.001 0 -1 3.0164 110 3,13 0.001 0 1 0,12 0.001 0 1 2,14 0.001 1 -1 0.004 50 12,0 0.001 -1 1 12,2 0.001 0 1 14,0 0.001 -1 0 0.0191 65 13,13 0.001 0 1 15,14 0.001 0 -1 13,12 0.001 -1 0 0.0181 65 ::f,0,3 f,3,14 f,13,2 f,13,14 
17:1,2 0.001 0 1 0,0 0.001 0 1 3,2 0.001 0 -1 3.0174 110 3,13 0.001 0 1 0,13 0.001 0 1 2,14 0.001 1 -1 0.005 50 12,0 0.001 0 1 12,2 0.001 0 1 13,0 0.001 -1 0 0.0201 65 13,13 0.001 0 1 15,13 0.001 0 -1 12,12 0.001 -1 0 0.0201 65 ::f,0,3 f,3,14 f,13,2 f,13,14 
18:1,2 0.001 1 1 0,1 0.001 0 1 3,1 0.001 0 -1 3.0194 110 3,13 0.001 0 1 0,14 0.001 0 1 2,14 0.001 1 -1 0.006 50 12,1 0.001 0 1 12,2 0.001 1 1 13,0 0.001 -1 0 0.0211 65 13,13 0.001 0 1 15,13 0.001 0 -1 12,12 0.001 -1 1 0.0202 80 ::f,0,3 f,3,14 f,13,2 f,14,14 
19:1,2 0.001 1 0 0,2 0.001 0 1 3,1 0.001 0 -1 3.0204 110 3,13 0.001 0 1 0,14 0.001 0 1 2,14 0.001 1 -1 0.006 50 12,1 0.001 0 1 13,3 0.001 1 1 12,0 0.001 -1 0 0.0231 65 13,13 0.001 0 1 15,12 0.001 0 -1 12,12 0.001 0 1 0.0212 80 ::f,0,3 f,3,14 f,13,2 f,14,14 
20:2,2 0.001 1 0 0,2 0.001 0 1 3,0 0.001 0 -1 3.0225 125 3,13 0.001 0 1 0,15 0.001 0 1 2,14 0.001 1 -1 0.007 50 12,2 0.001 0 1 13,3 0.001 1 1 12,0 0.001 -1 1 0.0241 65 13,14 0.001 0 1 15,12 0.001 -1 -1 12,13 0.001 0 1 0.0232 80 ::f,0,3 f,3,14 f,13,2 f,14,14 
21:2,2 0.001 1 0 0,2 0.001 0 1 3,0 0.001 -1 -1 3.0225 125 3,13 0.001 0 1 0,15 0.001 1 1 2,14 0.001 1 -1 0.007 50 12,3 0.001 0 1 13,3 0.001 1 0 12,0 0.001 0 1 0.0251 65 13,14 0.001 0 1 15,12 0.001 -1 0 12,14 0.001 0 1 0.0242 80 ::f,0,3 f,3,14 f,13,2 f,14,14 
22:2,2 0.001 1 -1 0,2 0.001 0 1 3,0 0.001 -1 0 4.0226 140 3,13 0.001 0 1 0,15 0.001 1 0 2,14 0.001 1 -1 0.007 50 12,3 0.001 1 1 14,3 0.001 1 0 12,1 0.001 0 1 0.0271 65 13,14 0.001 1 1 14,12 0.001 -1 0 12,14 0.001 0 1 0.0252 80 ::f,2,1 f,3,14 f,13,2 f,14,14 
23:2,2 0.001 0 -1 0,3 0.001 0 1 2,0 0.001 -1 0 4.0246 140 3,13 0.001 0 1 1,15 0.001 1 0 2,14 0.001 1 -1 0.008 50 12,3 0.001 1 0 14,3 0.001 1 0 12,2 0.001 0 1 0.0281 65 13,14 0.001 1 0 13,12 0.001 -1 0 12,15 0.001 0 1 0.0272 80 ::f,2,1 f,3,14 f,13,2 f,14,14 
24:2,2 0.001 0 -1 0,3 0.001 1 1 1,0 0.001 -1 0 4.0256 140 3,13 0.001 0 1 2,15 0.001 1 0 2,14 0.001 1 -1 0.009 50 13,3 0.001 1 0 14,3 0.001 1 -1 12,2 0.001 0 1 0.0291 65 13,14 0.001 1 0 13,12 0.001 -1 0 12,15 0.001 1 1 0.0272 80 ::f,2,1 f,3,14 f,13,2 f,14,14 
25:2,2 0.001 0 -1 0,3 0.001 1 0 1,0 0.001 -1 0 5.0257 155 3,13 0.001 0 1 2,15 0.001 1 0 2,14 0.001 1 -1 0.009 50 13,3 0.001 1 0 15,2 0.001 1 -1 12,3 0.001 0 1 0.0311 65 13,14 0.001 1 0 12,12 0.001 -1 0 12,15 0.001 1 0 0.0282 80 ::f,3,1 f,3,14 f,13,2 f,14,14 
26:2,1 0.001 0 -1 1,3 0.001 1 0 0,0 0.001 -1 0 5.0287 155 3,13 0.001 0 1 3,15 0.001 1 0 2,14 0.001 1 -1 0.01 50 14,3 0.001 1 0 15,2 0.001 1 -1 12,3 0.001 1 1 0.0321 65 13,14 0.001 1 0 12,12 0.001 -1 1 13,15 0.001 1 0 0.0292 80 ::f,3,1 f,3,14 f,13,2 f,14,14 
27:2,1 0.001 0 -1 2,3 0.001 1 0 0,0 0.001 -1 1 5.0297 155 3,13 0.001 0 1 3,15 0.001 1 -1 2,14 0.001 1 -1 0.01 50 15,3 0.001 1 0 15,2 0.001 0 -1 12,3 0.001 1 0 0.0331 65 13,14 0.001 1 0 12,12 0.001 0 1 14,15 0.001 1 0 0.0302 80 ::f,3,1 f,3,14 f,13,2 f,14,14 
28:2,1 0.001 -1 -1 2,3 0.001 1 0 0,0 0.001 0 1 5.0297 155 3,13 0.001 0 1 3,15 0.001 0 -1 2,14 0.001 1 -1 0.01 50 15,3 0.001 1 -1 15,1 0.001 0 -1 13,3 0.001 1 0 0.0351 65 13,14 0.001 1 0 12,13 0.001 0 1 14,15 0.001 1 0 1.0313 95 ::f,3,1 f,3,14 f,13,2 f,15,12 
29:2,1 0.001 -1 0 3,3 0.001 1 0 0,1 0.001 0 1 5.0317 155 3,13 0.001 0 1 3,15 0.001 0 -1 2,14 0.001 1 -1 0.01 50 15,3 0.001 0 -1 15,1 0.001 0 -1 14,3 0.001 1 0 0.0361 65 13,14 0.001 1 0 12,14 0.001 0 1 15,15 0.001 1 0 1.0333 95 ::f,3,1 f,3,14 f,13,2 f,15,12 
30:1,1 0.001 -1 0 3,3 0.001 1 -1 0,2 0.001 0 1 5.0337 155 3,13 0.001 0 1 3,15 0.001 0 -1 2,14 0.001 1 -1 0.01 50 15,2 0.001 0 -1 15,1 0.001 -1 -1 14,3 0.001 1 0 0.0371 65 13,14 0.001 1 0 12,14 0.001 0 1 15,15 0.001 1 -1 1.0333 95 ::f,3,1 f,3,14 f,13,2 f,15,12 
31:1,1 0.001 -1 0 3,3 0.001 0 -1 0,2 0.001 0 1 5.0337 155 3,13 0.001 0 1 3,15 0.001 0 -1 2,14 0.001 1 -1 0.0101 65 15,2 0.001 0 -1 14,0 0.001 -1 -1 15,3 0.001 1 0 0.0391 65 14,14 0.001 1 0 12,15 0.001 0 1 15,15 0.001 0 -1 1.0353 95 ::f,3,1 f,3,12 f,13,2 f,15,12 
32:1,1 0.001 -1 1 3,2 0.001 0 -1 0,3 0.001 0 1 5.0357 155 3,14 0.001 0 1 3,15 0.001 0 -1 2,14 0.001 1 -1 0.0111 65 15,1 0.001 0 -1 14,0 0.001 -1 -1 15,3 0.001 1 -1 0.0401 65 14,14 0.001 1 0 12,15 0.001 1 1 15,14 0.001 0 -1 1.0363 95 ::f,3,1 f,3,12 f,13,2 f,15,12 
33:1,1 0.001 0 1 3,2 0.001 0 -1 0,3 0.001 1 1 7.0358 170 3,14 0.001 0 1 3,15 0.001 -1 -1 3,13 0.001 1 -1 0.0121 65 15,0 0.001 0 -1 14,0 0.001 -1 0 15,3 0.001 0 -1 0.0411 65 14,14 0.001 1 -1 12,15 0.001 1 0 15,13 0.001 0 -1 1.0373 95 ::f,0,2 f,3,12 f,13,2 f,15,12 
34:1,2 0.001 0 1 3,1 0.001 0 -1 0,3 0.001 1 0 7.0378 170 3,14 0.001 0 1 2,14 0.001 -1 -1 3,13 0.001 1 -1 0.0131 65 15,0 0.001 -1 -1 13,0 0.001 -1 0 15,2 0.001 0 -1 0.0431 65 14,14 0.001 0 -1 13,15 0.001 1 0 15,13 0.001 0 -1 2.0384 110 ::f,0,2 f,3,12 f,13,2 f,14,13 
35:1,2 0.001 0 1 3,0 0.001 0 -1 1,3 0.001 1 0 7.0398 170 3,15 0.001 0 1 2,14 0.001 -1 -1 3,13 0.001 0 -1 0.0141 65 15,0 0.001 -1 0 13,0 0.001 -1 0 15,1 0.001 0 -1 0.0441 65 14,14 0.001 0 -1 14,15 0.001 1 0 15,12 0.001 0 -1 2.0404 110 ::f,0,2 f,3,12 f,13,2 f,14,13 
36:1,2 0.001 1 1 3,0 0.001 -1 -1 2,3 0.001 1 0 7.0408 170 3,15 0.001 1 1 1,13 0.001 -1 -1 3,13 0.001 -1 -1 0.0151 65 14,0 0.001 -1 0 13,0 0.001 -1 1 15,1 0.001 0 -1 0.0451 65 14,14 0.001 0 -1 14,15 0.001 1 0 15,12 0.001 -1 -1 4.0405 125 ::f,0,2 f,3,12 f,13,2 f,13,12 
37:1,2 0.001 1 0 3,0 0.001 -1 0 2,3 0.001 1 0 7.0408 170 3,15 0.001 1 0 1,13 0.001 -1 -1 2,12 0.001 -1 -1 0.0161 65 14,0 0.001 -1 0 12,1 0.001 -1 1 15,0 0.001 0 -1 0.0471 65 14,14 0.001 0 -1 15,15 0.001 1 0 15,12 0.001 -1 0 4.0415 125 ::f,0,2 f,3,12 f,13,2 f,13,12 
38:2,2 0.001 1 0 2,0 0.001 -1 0 3,3 0.001 1 0 7.0438 170 3,15 0.001 1 -1 0,12 0.001 -1 -1 2,12 0.001 -1 -1 0.0171 65 13,0 0.001 -1 0 12,1 0.001 -1 1 15,0 0.001 -1 -1 0.0481 65 14,14 0.001 0 -1 15,15 0.001 1 -1 14,12 0.001 -1 0 4.0425 125 ::f,0,2 f,3,12 f,13,2 f,13,12 
39:2,2 0.001 1 0 1,0 0.001 -1 0 3,3 0.001 1 -1 7.0448 170 3,15 0.001 0 -1 0,12 0.001 -1 0 2,12 0.001 -1 0 0.0171 65 12,0 0.001 -1 0 12,1 0.001 0 1 15,0 0.001 -1 0 0.0491 65 14,13 0.001 0 -1 15,15 0.001 0 -1 14,12 0.001 -1 0 6.0436 140 ::f,0,2 f,3,12 f,13,2 f,14,15 
40:2,2 0.001 1 -1 1,0 0.001 -1 0 3,3 0.001 0 -1 7.0448 170 3,14 0.001 0 -1 0,12 0.001 -1 1 1,12 0.001 -1 0 0.0191 65 12,0 0.001 -1 1 12,2 0.001 0 1 14,0 0.001 -1 0 0.0511 65 14,13 0.001 0 -1 15,14 0.001 0 -1 13,12 0.001 -1 0 6.0456 140 ::f,0,2 f,3,12 f,13,2 f,14,15 
41:2,2 0.001 0 -1 0,0 0.001 -1 0 3,2 0.001 0 -1 7.0468 170 3,13 0.001 0 -1 0,12 0.001 0 1 1,12 0.001 -1 0 0.0201 65 12,0 0.001 0 1 12,2 0.001 0 1 13,0 0.001 -1 0 0.0521 65 14,13 0.001 -1 -1 15,13 0.001 0 -1 12,12 0.001 -1 0 6.0476 140 ::f,0,2 f,3,12 f,13,2 f,14,15 
42:2,1 0.001 0 -1 0,0 0.001 -1 1 3,1 0.001 0 -1 7.0488 170 3,13 0.001 0 -1 0,13 0.001 0 1 1,12 0.001 -1 1 0.0212 80 12,1 0.001 0 1 12,2 0.001 1 1 13,0 0.001 -1 0 0.0531 65 14,13 0.001 -1 0 15,13 0.001 0 -1 12,12 0.001 -1 1 6.0476 140 ::f,0,2 f,2,14 f,13,2 f,14,15 
43:2,1 0.001 0 -1 0,0 0.001 0 1 3,1 0.001 0 -1 7.0488 170 3,12 0.001 0 -1 0,13 0.001 0 1 1,12 0.001 -1 1 0.0222 80 12,1 0.001 0 1 13,3 0.001 1 1 12,0 0.001 -1 0 0.0551 65 13,13 0.001 -1 0 15,12 0.001 0 -1 12,12 0.001 0 1 6.0496 140 ::f,0,2 f,2,14 f,13,2 f,14,15 
44:2,1 0.001 -1 -1 0,1 0.001 0 1 3,0 0.001 0 -1 7.0508 170 3,12 0.001 -1 -1 0,14 0.001 0 1 1,12 0.001 -1 1 0.0232 80 12,2 0.001 0 1 13,3 0.001 1 1 12,0 0.001 -1 1 0.0561 65 13,13 0.001 -1 0 15,12 0.001 -1 -1 12,13 0.001 0 1 6.0506 140 ::f,0,2 f,2,14 f,13,2 f,14,15 
45:2,1 0.001 -1 0 0,1 0.001 0 1 3,0 0.001 -1 -1 10.0509 185 3,12 0.001 -1 0 0,14 0.001 0 1 0,13 0.001 -1 1 0.0242 80 12,3 0.001 0 1 13,3 0.001 1 0 12,0 0.001 0 1 0.0571 65 13,13 0.001 -1 1 15,12 0.001 -1 0 12,14 0.001 0 1 6.0516 140 ::f,0,3 f,2,14 f,13,2 f,14,15 
46:1,1 0.001 -1 0 0,2 0.001 0 1 3,0 0.001 -1 0 10.0529 185 2,12 0.001 -1 0 0,15 0.001 0 1 0,13 0.001 -1 1 0.0262 80 12,3 0.001 1 1 14,3 0.001 1 0 12,1 0.001 0 1 0.0591 65 13,13 0.001 0 1 14,12 0.001 -1 0 12,14 0.001 0 1 6.0526 140 ::f,0,3 f,2,14 f,13,2 f,14,15 
47:1,1 0.001 -1 0 0,2 0.001 0 1 2,0 0.001 -1 0 14.054 200 1,12 0.001 -1 0 0,15 0.001 1 1 0,13 0.001 0 1 0.0272 80 12,3 0.001 1 0 14,3 0.001 1 0 12,2 0.001 0 1 0.0601 65 13,14 0.001 0 1 13,12 0.001 -1 0 12,15 0.001 0 1 6.0556 140 ::f,2,14 f,3,1 f,13,2 f,14,15 
48:1,1 0.001 -1 1 0,3 0.001 0 1 1,0 0.001 -1 0 14.056 200 1,12 0.001 -1 0 0,15 0.001 1 0 0,14 0.001 0 1 0.0282 80 13,3 0.001 1 0 14,3 0.001 1 -1 12,2 0.001 0 1 0.0611 65 13,14 0.001 0 1 13,12 0.001 -1 0 12,15 0.001 1 1 6.0556 140 ::f,2,14 f,3,1 f,13,2 f,14,15 
49:1,1 0.001 0 1 0,3 0.001 1 1 1,0 0.001 -1 0 14.056 200 0,12 0.001 -1 0 1,15 0.001 1 0 0,14 0.001 0 1 0.0302 80 13,3 0.001 1 0 15,2 0.001 1 -1 12,3 0.001 0 1 0.0631 65 13,14 0.001 1 1 12,12 0.001 -1 0 12,15 0.001 1 0 6.0566 140 ::f,2,14 f,3,1 f,13,2 f,14,15 
50:1,2 0.001 0 1 0,3 0.001 1 0 0,0 0.001 -1 0 14.058 200 0,12 0.001 -1 1 2,15 0.001 1 0 0,14 0.001 1 1 0.0312 80 14,3 0.001 1 0 15,2 0.001 1 -1 12,3 0.001 1 1 0.0641 65 13,14 0.001 1 0 12,12 0.001 -1 1 13,15 0.001 1 0 6.0576 140 ::f,2,14 f,3,1 f,13,2 f,14,15 
51:1,2 0.001 0 1 1,3 0.001 1 0 0,0 0.001 -1 1 14.059 200 0,12 0.001 0 1 2,15 0.001 1 0 1,15 0.001 1 1 0.0322 80 15,3 0.001 1 0 15,2 0.001 0 -1 12,3 0.001 1 0 0.0651 65 14,14 0.001 1 0 12,12 0.001 0 1 13,15 0.001 1 0 9.0587 155 ::f,2,14 f,3,1 f,13,2 f,14,15 
52:1,2 0.001 1 1 1,3 0.001 1 0 0,0 0.001 0 1 14.059 200 0,13 0.001 0 1 3,15 0.001 1 0 1,15 0.001 1 1 0.0342 80 15,3 0.001 1 -1 15,1 0.001 0 -1 13,3 0.001 1 0 0.0671 65 14,14 0.001 1 0 12,13 0.001 0 1 13,15 0.001 1 0 13.0598 170 ::f,2,14 f,3,1 f,13,2 f,14,12 
53:1,2 0.001 1 0 2,3 0.001 1 0 0,1 0.001 0 1 14.061 200 0,14 0.001 0 1 3,15 0.001 1 -1 1,15 0.001 1 0 0.0352 80 15,3 0.001 0 -1 15,1 0.001 0 -1 14,3 0.001 1 0 0.0681 65 14,14 0.001 1 -1 12,14 0.001 0 1 14,15 0.001 1 0 13.0618 170 ::f,2,14 f,3,1 f,13,2 f,14,12 
54:2,2 0.001 1 0 2,3 0.001 1 0 0,2 0.001 0 1 14.063 200 0,14 0.001 0 1 3,15 0.001 0 -1 2,15 0.001 1 0 0.0362 80 15,2 0.001 0 -1 15,1 0.001 -1 -1 14,3 0.001 1 0 0.0691 65 14,14 0.001 0 -1 12,14 0.001 0 1 14,15 0.001 1 0 13.0618 170 ::f,2,14 f,3,1 f,13,2 f,14,12 
55:2,2 0.001 1 0 3,3 0.001 1 0 0,2 0.001 0 1 14.064 200 0,15 0.001 0 1 3,14 0.001 0 -1 2,15 0.001 1 0 0.0382 80 15,2 0.001 0 -1 14,0 0.001 -1 -1 15,3 0.001 1 0 0.0711 65 14,13 0.001 0 -1 12,15 0.001 0 1 15,15 0.001 1 0 13.0648 170 ::f,2,14 f,3,1 f,13,2 f,14,12 
56:2,2 0.001 1 -1 3,3 0.001 1 -1 0,3 0.001 0 1 14.065 200 0,15 0.001 1 1 3,13 0.001 0 -1 2,15 0.001 1 -1 0.0392 80 15,1 0.001 0 -1 14,0 0.001 -1 -1 15,3 0.001 1 -1 0.0721 65 14,13 0.001 0 -1 12,15 0.001 1 1 15,15 0.001 1 -1 16.0649 185 ::f,2,14 f,3,1 f,12,14 f,13,2 
57:2,2 0.001 0 -1 3,3 0.001 0 -1 0,3 0.001 1 1 14.065 200 0,15 0.001 1 0 3,13 0.001 0 -1 3,14 0.001 1 -1 0.0402 80 15,0 0.001 0 -1 14,0 0.001 -1 0 15,3 0.001 0 -1 0.0731 65 14,13 0.001 -1 -1 12,15 0.001 1 0 15,15 0.001 0 -1 16.0649 185 ::f,2,14 f,3,1 f,12,14 f,13,2 
58:2,1 0.001 0 -1 3,2 0.001 0 -1 0,3 0.001 1 0 14.067 200 1,15 0.001 1 0 3,12 0.001 0 -1 3,14 0.001 1 -1 0.0422 80 15,0 0.001 -1 -1 13,0 0.001 -1 0 15,2 0.001 0 -1 0.0751 65 14,13 0.001 -1 0 13,15 0.001 1 0 15,14 0.001 0 -1 16.0669 185 ::f,2,14 f,3,1 f,12,14 f,13,2 
59:2,1 0.001 0 -1 3,2 0.001 0 -1 1,3 0.001 1 0 19.0681 215 2,15 0.001 1 0 3,12 0.001 -1 -1 3,14 0.001 0 -1 0.0432 80 15,0 0.001 -1 0 13,0 0.001 -1 0 15,1 0.001 0 -1 0.0761 65 13,13 0.001 -1 0 14,15 0.001 1 0 15,13 0.001 0 -1 16.0699 185 ::f,1,0 f,2,14 f,12,14 f,13,2 
60:2,1 0.001 -1 -1 3,1 0.001 0 -1 2,3 0.001 1 0 19.0701 215 2,15 0.001 1 0 3,12 0.001 -1 0 3,13 0.001 0 -1 0.0442 80 14,0 0.001 -1 0 13,0 0.001 -1 1 15,1 0.001 0 -1 0.0771 65 13,13 0.001 -1 0 14,15 0.001 1 0 15,13 0.001 0 -1 16.0699 185 ::f,1,0 f,2,14 f,12,14 f,13,2 
61:2,1 0.001 -1 0 3,0 0.001 0 -1 2,3 0.001 1 0 19.0711 215 3,15 0.001 1 0 2,12 0.001 -1 0 3,13 0.001 0 -1 0.0462 80 14,0 0.001 -1 0 12,1 0.001 -1 1 15,0 0.001 0 -1 0.0791 65 13,13 0.001 -1 1 15,15 0.001 1 0 15,12 0.001 0 -1 16.0719 185 ::f,1,0 f,2,14 f,12,14 f,13,2 
62:1,1 0.001 -1 0 3,0 0.001 -1 -1 3,3 0.001 1 0 19.0731 215 3,15 0.001 1 -1 1,12 0.001 -1 0 3,13 0.001 -1 -1 0.0472 80 13,0 0.001 -1 0 12,1 0.001 -1 1 15,0 0.001 -1 -1 0.0801 65 13,13 0.001 0 1 15,15 0.001 1 -1 15,12 0.001 -1 -1 16.0719 185 ::f,1,0 f,2,14 f,12,14 f,13,2 
63:1,1 0.001 -1 0 3,0 0.001 -1 0 3,3 0.001 1 -1 19.0731 215 3,15 0.001 0 -1 1,12 0.001 -1 0 2,12 0.001 -1 -1 0.0482 80 12,0 0.001 -1 0 12,1 0.001 0 1 15,0 0.001 -1 0 0.0811 65 13,14 0.001 0 1 15,15 0.001 0 -1 15,12 0.001 -1 0 16.0729 185 ::f,1,0 f,2,14 f,12,14 f,13,2 
64:1,1 0.001 -1 1 2,0 0.001 -1 0 3,3 0.001 0 -1 19.0741 215 3,14 0.001 0 -1 0,12 0.001 -1 0 2,12 0.001 -1 -1 0.0502 80 12,0 0.001 -1 1 12,2 0.001 0 1 14,0 0.001 -1 0 0.0831 65 13,14 0.001 0 1 15,14 0.001 0 -1 14,12 0.001 -1 0 16.0749 185 ::f,1,0 f,2,14 f,12,14 f,13,2 
65:1,1 0.001 0 1 2,0 0.001 -1 0 3,2 0.001 0 -1 25.0752 230 3,13 0.001 0 -1 0,12 0.001 -1 1 2,12 0.001 -1 0 0.0512 80 12,0 0.001 0 1 12,2 0.001 0 1 13,0 0.001 -1 0 0.0841 65 13,14 0.001 1 1 15,13 0.001 0 -1 13,12 0.001 -1 0 16.0769 185 ::f,0,2 f,2,14 f,12,14 f,13,2 
66:1,2 0.001 0 1 1,0 0.001 -1 0 3,1 0.001 0 -1 25.0782 230 3,13 0.001 0 -1 0,12 0.001 0 1 1,12 0.001 -1 0 0.0522 80 12,1 0.001 0 1 12,2 0.001 1 1 13,0 0.001 -1 0 0.0851 65 13,14 0.001 1 0 15,13 0.001 0 -1 13,12 0.001 -1 0 16.0769 185 ::f,0,2 f,2,14 f,12,14 f,13,2 
67:1,2 0.001 0 1 0,0 0.001 -1 0 3,1 0.001 0 -1 25.0792 230 3,12 0.001 0 -1 0,13 0.001 0 1 1,12 0.001 -1 0 0.0542 80 12,1 0.001 0 1 13,3 0.001 1 1 12,0 0.001 -1 0 0.0871 65 14,14 0.001 1 0 15,12 0.001 0 -1 12,12 0.001 -1 0 16.0799 185 ::f,0,2 f,2,14 f,12,14 f,13,2 
68:1,2 0.001 1 1 0,0 0.001 -1 1 3,0 0.001 0 -1 25.0802 230 3,12 0.001 -1 -1 0,14 0.001 0 1 1,12 0.001 -1 1 0.0552 80 12,2 0.001 0 1 13,3 0.001 1 1 12,0 0.001 -1 1 0.0881 65 14,14 0.001 1 0 15,12 0.001 -1 -1 12,12 0.001 -1 1 16.0799 185 ::f,0,2 f,2,14 f,12,14 f,13,2 
69:1,2 0.001 1 0 0,0 0.001 0 1 3,0 0.001 -1 -1 25.0802 230 3,12 0.001 -1 0 0,14 0.001 0 1 0,13 0.001 -1 1 0.0562 80 12,3 0.001 0 1 13,3 0.001 1 0 12,0 0.001 0 1 0.0891 65 14,14 0.001 1 -1 15,12 0.001 -1 0 12,12 0.001 0 1 16.0799 185 ::f,0,2 f,2,14 f,12,14 f,13,2 
70:2,2 0.001 1 0 0,1 0.001 0 1 3,0 0.001 -1 0 25.0822 230 2,12 0.001 -1 0 0,15 0.001 0 1 0,13 0.001 -1 1 0.0582 80 12,3 0.001 1 1 14,3 0.001 1 0 12,1 0.001 0 1 0.0911 65 14,14 0.001 0 -1 14,12 0.001 -1 0 12,13 0.001 0 1 16.0819 185 ::f,0,2 f,2,14 f,12,14 f,13,2 
71:2,2 0.001 1 0 0,1 0.001 0 1 2,0 0.001 -1 0 32.0833 245 1,12 0.001 -1 0 0,15 0.001 1 1 0,13 0.001 0 1 0.0592 80 12,3 0.001 1 0 14,3 0.001 1 0 12,2 0.001 0 1 0.0921 65 14,13 0.001 0 -1 13,12 0.001 -1 0 12,13 0.001 0 1 21.084 200 ::f,0,2 f,2,14 f,13,2 f,14,14 
72:2,2 0.001 1 -1 0,1 0.001 0 1 1,0 0.001 -1 0 40.0844 260 1,12 0.001 -1 0 0,15 0.001 1 0 0,14 0.001 0 1 0.0602 80 13,3 0.001 1 0 14,3 0.001 1 -1 12,2 0.001 0 1 0.0931 65 14,13 0.001 0 -1 13,12 0.001 -1 0 12,14 0.001 0 1 21.085 200 ::f,2,14 f,3,2 f,13,2 f,14,14 
73:2,2 0.001 0 -1 0,2 0.001 0 1 1,0 0.001 -1 0 40.0854 260 0,12 0.001 -1 0 1,15 0.001 1 0 0,14 0.001 0 1 0.0622 80 13,3 0.001 1 0 15,2 0.001 1 -1 12,3 0.001 0 1 0.0951 65 14,13 0.001 -1 -1 12,12 0.001 -1 0 12,15 0.001 0 1 21.087 200 ::f,2,14 f,3,2 f,13,2 f,14,14 
74:2,1 0.001 0 -1 0,2 0.001 0 1 0,0 0.001 -1 0 40.0874 260 0,12 0.001 -1 1 2,15 0.001 1 0 0,14 0.001 1 1 0.0632 80 14,3 0.001 1 0 15,2 0.001 1 -1 12,3 0.001 1 1 0.0961 65 14,13 0.001 -1 0 12,12 0.001 -1 1 12,15 0.001 1 1 21.087 200 ::f,2,14 f,3,2 f,13,2 f,14,14 
75:2,1 0.001 0 -1 0,3 0.001 0 1 0,0 0.001 -1 1 40.0884 260 0,12 0.001 0 1 2,15 0.001 1 0 1,15 0.001 1 1 0.0642 80 15,3 0.001 1 0 15,2 0.001 0 -1 12,3 0.001 1 0 0.0971 65 13,13 0.001 -1 0 12,12 0.001 0 1 12,15 0.001 1 0 21.088 200 ::f,2,14 f,3,2 f,13,2 f,14,14 
76:2,1 0.001 -1 -1 0,3 0.001 1 1 0,0 0.001 0 1 40.0884 260 0,13 0.001 0 1 3,15 0.001 1 0 1,15 0.001 1 1 0.0662 80 15,3 0.001 1 -1 15,1 0.001 0 -1 13,3 0.001 1 0 0.0991 65 13,13 0.001 -1 0 12,13 0.001 0 1 13,15 0.001 1 0 21.09 200 ::f,2,14 f,3,2 f,13,2 f,14,14 
77:2,1 0.001 -1 0 0,3 0.001 1 0 0,1 0.001 0 1 40.0894 260 0,14 0.001 0 1 3,15 0.001 1 -1 1,15 0.001 1 0 0.0672 80 15,3 0.001 0 -1 15,1 0.001 0 -1 14,3 0.001 1 0 0.1001 65 13,13 0.001 -1 1 12,14 0.001 0 1 14,15 0.001 1 0 21.092 200 ::f,2,14 f,3,2 f,13,2 f,14,14 
78:1,1 0.001 -1 0 1,3 0.001 1 0 0,2 0.001 0 1 40.0924 260 0,14 0.001 0 1 3,15 0.001 0 -1 2,15 0.001 1 0 0.0682 80 15,2 0.001 0 -1 15,1 0.001 -1 -1 14,3 0.001 1 0 0.1011 65 13,13 0.001 0 1 12,14 0.001 0 1 14,15 0.001 1 0 21.092 200 ::f,2,14 f,3,2 f,13,2 f,14,14 
79:1,1 0.001 -1 0 2,3 0.001 1 0 0,2 0.001 0 1 40.0934 260 0,15 0.001 0 1 3,14 0.001 0 -1 2,15 0.001 1 0 0.0702 80 15,2 0.001 0 -1 14,0 0.001 -1 -1 15,3 0.001 1 0 0.1031 65 13,14 0.001 0 1 12,15 0.001 0 1 15,15 0.001 1 0 21.095 200 ::f,2,14 f,3,2 f,13,2 f,14,14 
80:1,1 0.001 -1 1 2,3 0.001 1 0 0,3 0.001 0 1 40.0944 260 0,15 0.001 1 1 3,13 0.001 0 -1 2,15 0.001 1 -1 0.0712 80 15,1 0.001 0 -1 14,0 0.001 -1 -1 15,3 0.001 1 -1 0.1041 65 13,14 0.001 0 1 12,15 0.001 1 1 15,15 0.001 1 -1 21.095 200 ::f,2,14 f,3,2 f,13,2 f,14,14 
81:1,1 0.001 0 1 3,3 0.001 1 0 0,3 0.001 1 1 40.0954 260 0,15 0.001 1 0 3,13 0.001 0 -1 3,14 0.001 1 -1 0.0722 80 15,0 0.001 0 -1 14,0 0.001 -1 0 15,3 0.001 0 -1 0.1051 65 13,14 0.001 1 1 12,15 0.001 1 0 15,15 0.001 0 -1 21.095 200 ::f,2,14 f,3,2 f,13,2 f,14,14 
82:1,2 0.001 0 1 3,3 0.001 1 -1 0,3 0.001 1 0 40.0964 260 1,15 0.001 1 0 3,12 0.001 0 -1 3,14 0.001 1 -1 0.0742 80 15,0 0.001 -1 -1 13,0 0.001 -1 0 15,2 0.001 0 -1 0.1071 65 13,14 0.001 1 0 13,15 0.001 1 0 15,14 0.001 0 -1 21.097 200 ::f,2,14 f,3,2 f,13,2 f,14,14 
83:1,2 0.001 0 1 3,3 0.001 0 -1 1,3 0.001 1 0 40.0974 260 2,15 0.001 1 0 3,12 0.001 -1 -1 3,14 0.001 0 -1 0.0752 80 15,0 0.001 -1 0 13,0 0.001 -1 0 15,1 0.001 0 -1 0.1081 65 13,14 0.001 1 0 14,15 0.001 1 0 15,13 0.001 0 -1 21.099 200 ::f,2,14 f,3,2 f,13,2 f,14,14 
84:1,2 0.001 1 1 3,3 0.001 0 -1 2,3 0.001 1 0 40.0984 260 2,15 0.001 1 0 3,12 0.001 -1 0 3,13 0.001 0 -1 0.0762 80 14,0 0.001 -1 0 13,0 0.001 -1 1 15,1 0.001 0 -1 0.1091 65 13,14 0.001 1 0 14,15 0.001 1 0 15,13 0.001 0 -1 31.0992 230 ::f,2,14 f,3,2 f,13,2 f,14,13 
85:1,2 0.001 1 0 3,3 0.001 0 -1 2,3 0.001 1 0 40.0984 260 3,15 0.001 1 0 2,12 0.001 -1 0 3,13 0.001 0 -1 0.0782 80 14,0 0.001 -1 0 12,1 0.001 -1 1 15,0 0.001 0 -1 0.1111 65 13,14 0.001 1 0 15,15 0.001 1 0 15,12 0.001 0 -1 31.1012 230 ::f,2,14 f,3,2 f,13,2 f,14,13 
86:2,2 0.001 1 0 3,3 0.001 0 -1 2,3 0.001 1 -1 49.0995 275 3,15 0.001 1 -1 1,12 0.001 -1 0 3,13 0.001 -1 -1 0.0792 80 13,0 0.001 -1 0 12,1 0.001 -1 1 15,0 0.001 -1 -1 0.1121 65 13,14 0.001 1 0 15,15 0.001 1 -1 15,12 0.001 -1 -1 31.1012 230 ::f,1,0 f,2,14 f,13,2 f,14,13 
87:2,2 0.001 1 0 3,2 0.001 0 -1 2,3 0.001 0 -1 49.1005 275 3,15 0.001 0 -1 1,12 0.001 -1 0 2,12 0.001 -1 -1 0.0802 80 12,0 0.001 -1 0 12,1 0.001 0 1 15,0 0.001 -1 0 0.1131 65 14,14 0.001 1 0 15,15 0.001 0 -1 15,12 0.001 -1 0 31.1022 230 ::f,1,0 f,2,14 f,13,2 f,14,13 
88:2,2 0.001 1 -1 3,2 0.001 0 -1 2,3 0.001 -1 -1 49.1005 275 3,14 0.001 0 -1 0,12 0.001 -1 0 2,12 0.001 -1 -1 0.0822 80 12,0 0.001 -1 1 12,2 0.001 0 1 14,0 0.001 -1 0 0.1151 65 14,14 0.001 1 0 15,14 0.001 0 -1 14,12 0.001 -1 0 31.1042 230 ::f,1,0 f,2,14 f,13,2 f,14,13 
89:2,2 0.001 0 -1 3,1 0.001 0 -1 1,2 0.001 -1 -1 49.1025 275 3,13 0.001 0 -1 0,12 0.001 -1 1 2,12 0.001 -1 0 0.0832 80 12,0 0.001 0 1 12,2 0.001 0 1 13,0 0.001 -1 0 0.1161 65 14,14 0.001 1 -1 15,13 0.001 0 -1 13,12 0.001 -1 0 31.1062 230 ::f,1,0 f,2,14 f,13,2 f,14,13 
90:2,1 0.001 0 -1 3,0 0.001 0 -1 0,1 0.001 -1 -1 49.1055 275 3,12 0.001 0 -1 0,12 0.001 0 1 1,12 0.001 -1 0 0.0852 80 12,1 0.001 0 1 12,2 0.001 1 1 12,0 0.001 -1 0 0.1181 65 14,14 0.001 0 -1 15,12 0.001 0 -1 12,12 0.001 -1 0 31.1082 230 ::f,1,0 f,2,14 f,13,2 f,14,13 
91:2,1 0.001 0 -1 3,0 0.001 -1 -1 0,1 0.001 -1 0 49.1055 275 3,12 0.001 -1 -1 0,13 0.001 0 1 1,12 0.001 -1 0 0.0862 80 12,1 0.001 0 1 13,3 0.001 1 1 12,0 0.001 -1 1 0.1191 65 14,14 0.001 0 -1 15,12 0.001 -1 -1 12,12 0.001 -1 1 31.1082 230 ::f,1,0 f,2,14 f,13,2 f,14,13 
92:2,1 0.001 -1 -1 3,0 0.001 -1 0 0,1 0.001 -1 1 49.1055 275 3,12 0.001 -1 0 0,14 0.001 0 1 1,12 0.001 -1 1 0.0872 80 12,2 0.001 0 1 13,3 0.001 1 1 12,0 0.001 0 1 0.1201 65 14,14 0.001 0 -1 15,12 0.001 -1 0 12,12 0.001 0 1 36.1083 245 ::f,1,0 f,2,14 f,13,2 f,15,15 
93:2,1 0.001 -1 0 2,0 0.001 -1 0 0,1 0.001 0 1 49.1065 275 2,12 0.001 -1 0 0,15 0.001 0 1 0,13 0.001 -1 1 0.0902 80 12,3 0.001 0 1 13,3 0.001 1 0 12,1 0.001 0 1 0.1221 65 14,14 0.001 0 -1 14,12 0.001 -1 0 12,13 0.001 0 1 36.1103 245 ::f,1,0 f,2,14 f,13,2 f,15,15 
94:1,1 0.001 -1 0 2,0 0.001 -1 0 0,2 0.001 0 1 59.1086 290 1,12 0.001 -1 0 0,15 0.001 1 1 0,13 0.001 -1 1 0.0912 80 12,3 0.001 1 1 14,3 0.001 1 0 12,2 0.001 0 1 0.1241 65 14,13 0.001 0 -1 13,12 0.001 -1 0 12,14 0.001 0 1 36.1133 245 ::f,1,2 f,2,14 f,13,2 f,15,15 
95:1,1 0.001 -1 0 1,0 0.001 -1 0 0,3 0.001 0 1 59.1106 290 0,12 0.001 -1 0 0,15 0.001 1 0 0,13 0.001 0 1 0.0922 80 12,3 0.001 1 0 14,3 0.001 1 0 12,2 0.001 0 1 0.1241 65 14,13 0.001 0 -1 12,12 0.001 -1 0 12,15 0.001 0 1 36.1153 245 ::f,1,2 f,2,14 f,13,2 f,15,15 
96:1,1 0.001 -1 1 0,0 0.001 -1 0 0,3 0.001 1 1 59.1116 290 0,12 0.001 -1 1 1,15 0.001 1 0 0,14 0.001 0 1 0.0942 80 13,3 0.001 1 0 14,3 0.001 1 -1 12,3 0.001 0 1 0.1261 65 14,13 0.001 -1 -1 12,12 0.001 -1 1 12,15 0.001 1 1 36.1153 245 ::f,1,2 f,2,14 f,13,2 f,15,15 
97:1,1 0.001 0 1 0,0 0.001 -1 1 0,3 0.001 1 0 59.1116 290 0,12 0.001 0 1 2,15 0.001 1 0 0,14 0.001 0 1 0.0952 80 13,3 0.001 1 0 15,2 0.001 1 -1 12,3 0.001 1 1 0.1271 65 14,13 0.001 -1 0 12,12 0.001 0 1 12,15 0.001 1 0 36.1153 245 ::f,1,2 f,2,14 f,13,2 f,15,15 
98:1,1 0.001 0 1 0,0 0.001 0 1 1,3 0.001 1 0 59.1126 290 0,13 0.001 0 1 3,15 0.001 1 0 0,14 0.001 1 1 0.0972 80 14,3 0.001 1 0 15,2 0.001 1 -1 12,3 0.001 1 0 0.1281 65 13,13 0.001 -1 0 12,13 0.001 0 1 13,15 0.001 1 0 36.1183 245 ::f,1,2 f,2,14 f,13,2 f,15,15 
99:1,1 0.001 0 1 0,1 0.001 0 1 2,3 0.001 1 0 59.1146 290 0,13 0.001 0 1 3,15 0.001 1 -1 1,15 0.001 1 1 0.0982 80 15,3 0.001 1 0 15,2 0.001 0 -1 13,3 0.001 1 0 0.1301 65 13,13 0.001 -1 0 12,14 0.001 0 1 14,15 0.001 1 0 36.1203 245 ::f,1,2 f,2,14 f,13,2 f,15,15 
100:1,1 0.001 0 1 0,2 0.001 0 1 3,3 0.001 1 0 59.1166 290 0,14 0.001 0 1 3,15 0.001 0 -1 1,15 0.001 1 1 0.0992 80 15,3 0.001 1 -1 15,1 0.001 0 -1 14,3 0.001 1 0 0.1321 65 13,13 0.001 -1 1 12,15 0.001 0 1 14,15 0.001 1 0 43.1214 260 ::f,1,2 f,2,14 f,13,2 f,13,12 
101:1,1 0.001 0 1 0,3 0.001 0 1 3,3 0.001 1 -1 61.1177 305 0,15 0.001 0 1 3,14 0.001 0 -1 1,15 0.001 1 0 0.1012 80 15,3 0.001 0 -1 15,1 0.001 0 -1 14,3 0.001 1 0 0.1321 65 13,13 0.001 0 1 12,15 0.001 1 1 15,15 0.001 1 0 43.1224 260 ::f,2,3 f,2,14 f,13,2 f,13,12 
102:1,1 0.001 0 1 0,3 0.001 1 1 3,3 0.001 0 -1 61.1177 305 0,15 0.001 1 1 3,13 0.001 0 -1 2,15 0.001 1 0 0.1032 80 15,2 0.001 0 -1 15,1 0.001 -1 -1 15,3 0.001 1 0 0.1341 65 13,14 0.001 0 1 12,15 0.001 1 0 15,15 0.001 1 -1 43.1234 260 ::f,2,3 f,2,14 f,13,2 f,13,12 
103:1,1 0.001 0 1 0,3 0.001 1 0 3,2 0.001 0 -1 61.1187 305 0,15 0.001 1 0 3,12 0.001 0 -1 2,15 0.001 1 0 0.1042 80 15,2 0.001 0 -1 14,0 0.001 -1 -1 15,3 0.001 1 -1 0.1351 65 13,14 0.001 0 1 13,15 0.001 1 0 15,15 0.001 0 -1 43.1244 260 ::f,2,3 f,2,14 f,13,2 f,13,12 
104:1,2 0.001 0 1 1,3 0.001 1 0 3,1 0.001 0 -1 61.1217 305 1,15 0.001 1 0 3,12 0.001 -1 -1 2,15 0.001 1 -1 0.1052 80 15,1 0.001 0 -1 14,0 0.001 -1 -1 15,3 0.001 0 -1 0.1361 65 13,14 0.001 1 1 14,15 0.001 1 0 15,14 0.001 0 -1 43.1264 260 ::f,2,3 f,2,14 f,13,2 f,13,12 
105:1,2 0.001 0 1 1,3 0.001 1 0 3,0 0.001 0 -1 71.1228 320 1,15 0.001 1 0 3,12 0.001 -1 0 3,14 0.001 1 -1 0.1062 80 15,0 0.001 0 -1 14,0 0.001 -1 0 15,2 0.001 0 -1 0.1381 65 13,14 0.001 1 0 15,15 0.001 1 0 15,13 0.001 0 -1 43.1284 260 ::f,2,2 f,2,14 f,13,2 f,13,12 
106:1,2 0.001 1 1 2,3 0.001 1 0 3,0 0.001 -1 -1 71.1238 320 2,15 0.001 1 0 2,12 0.001 -1 0 3,14 0.001 1 -1 0.1082 80 15,0 0.001 -1 -1 13,0 0.001 -1 0 15,1 0.001 0 -1 0.1401 65 14,14 0.001 1 0 15,15 0.001 1 -1 15,12 0.001 0 -1 43.1304 260 ::f,2,2 f,2,14 f,13,2 f,13,12 
107:1,2 0.001 1 0 3,3 0.001 1 0 3,0 0.001 -1 0 71.1248 320 3,15 0.001 1 0 1,12 0.001 -1 0 3,14 0.001 0 -1 0.1102 80 15,0 0.001 -1 0 13,0 0.001 -1 0 15,1 0.001 0 -1 0.1401 65 14,14 0.001 1 0 15,15 0.001 0 -1 15,12 0.001 -1 -1 43.1304 260 ::f,2,2 f,2,14 f,13,2 f,13,12 
108:1,2 0.001 1 0 3,3 0.001 1 -1 2,0 0.001 -1 0 71.1258 320 3,15 0.001 1 -1 0,12 0.001 -1 0 3,13 0.001 0 -1 0.1122 80 14,0 0.001 -1 0 13,0 0.001 -1 1 15,0 0.001 0 -1 0.1421 65 14,14 0.001 1 -1 15,14 0.001 0 -1 15,12 0.001 -1 0 43.1314 260 ::f,2,2 f,2,14 f,13,2 f,13,12 
109:1,2 0.001 1 0 3,3 0.001 0 -1 1,0 0.001 -1 0 74.1269 335 3,15 0.001 0 -1 0,12 0.001 -1 1 3,13 0.001 0 -1 0.1122 80 14,0 0.001 -1 0 12,1 0.001 -1 1 15,0 0.001 -1 -1 0.1431 65 14,14 0.001 0 -1 15,13 0.001 0 -1 14,12 0.001 -1 0 43.1334 260 ::f,2,2 f,2,14 f,13,2 f,13,12 
110:1,2 0.001 1 0 3,2 0.001 0 -1 0,0 0.001 -1 0 78.129 350 3,14 0.001 0 -1 0,12 0.001 0 1 3,13 0.001 -1 -1 0.1132 80 13,0 0.001 -1 0 12,1 0.001 -1 1 15,0 0.001 -1 0 0.1441 65 14,13 0.001 0 -1 15,12 0.001 0 -1 14,12 0.001 -1 0 51.1355 275 ::f,2,2 f,2,14 f,13,2 f,13,15 
111:1,2 0.001 1 0 3,1 0.001 0 -1 0,0 0.001 -1 1 78.13 350 3,14 0.001 0 -1 0,13 0.001 0 1 2,12 0.001 -1 -1 0.1152 80 12,0 0.001 -1 0 12,1 0.001 0 1 14,0 0.001 -1 0 0.1461 65 14,13 0.001 0 -1 15,12 0.001 -1 -1 13,12 0.001 -1 0 51.1365 275 ::f,2,2 f,2,14 f,13,2 f,13,15 
112:1,2 0.001 1 0 3,0 0.001 0 -1 0,0 0.001 0 1 78.131 350 3,13 0.001 0 -1 0,14 0.001 0 1 2,12 0.001 -1 -1 0.1172 80 12,0 0.001 -1 1 12,2 0.001 0 1 13,0 0.001 -1 0 0.1481 65 14,13 0.001 -1 -1 15,12 0.001 -1 0 12,12 0.001 -1 0 51.1375 275 ::f,2,2 f,2,14 f,13,2 f,13,15 
113:1,2 0.001 1 0 3,0 0.001 -1 -1 0,1 0.001 0 1 78.132 350 3,12 0.001 0 -1 0,15 0.001 0 1 2,12 0.001 -1 0 0.1192 80 12,0 0.001 0 1 12,2 0.001 0 1 13,0 0.001 -1 0 0.1481 65 14,13 0.001 -1 0 14,12 0.001 -1 0 12,12 0.001 -1 1 51.1385 275 ::f,2,2 f,2,14 f,13,2 f,13,15 
114:1,2 0.001 1 0 3,0 0.001 -1 0 0,2 0.001 0 1 83.1331 365 3,12 0.001 -1 -1 0,15 0.001 1 1 1,12 0.001 -1 0 0.1202 80 12,1 0.001 0 1 12,2 0.001 1 1 12,0 0.001 -1 0 0.1501 65 13,13 0.001 -1 0 13,12 0.001 -1 0 12,12 0.001 0 1 51.1405 275 ::f,1,0 f,2,14 f,13,2 f,13,15 
115:1,2 0.001 1 0 2,0 0.001 -1 0 0,3 0.001 0 1 83.1351 365 3,12 0.001 -1 0 0,15 0.001 1 0 1,12 0.001 -1 0 0.1202 80 12,1 0.001 0 1 13,3 0.001 1 1 12,0 0.001 -1 1 0.1511 65 13,13 0.001 -1 0 13,12 0.001 -1 0 12,13 0.001 0 1 51.1415 275 ::f,1,0 f,2,14 f,13,2 f,13,15 
116:2,2 0.001 1 0 2,0 0.001 -1 0 0,3 0.001 1 1 93.1362 380 2,12 0.001 -1 0 1,15 0.001 1 0 1,12 0.001 -1 1 0.1222 80 12,2 0.001 0 1 13,3 0.001 1 1 12,0 0.001 0 1 0.1521 65 13,13 0.001 -1 1 12,12 0.001 -1 0 12,14 0.001 0 1 51.1435 275 ::f,2,1 f,2,14 f,13,2 f,13,15 
117:2,2 0.001 1 0 1,0 0.001 -1 0 0,3 0.001 1 0 93.1372 380 2,12 0.001 -1 0 2,15 0.001 1 0 0,13 0.001 -1 1 0.1242 80 12,3 0.001 0 1 13,3 0.001 1 0 12,1 0.001 0 1 0.1541 65 13,13 0.001 0 1 12,12 0.001 -1 1 12,15 0.001 0 1 51.1445 275 ::f,2,1 f,2,14 f,13,2 f,13,15 
118:2,2 0.001 1 -1 0,0 0.001 -1 0 1,3 0.001 1 0 93.1392 380 1,12 0.001 -1 0 3,15 0.001 1 0 0,13 0.001 -1 1 0.1262 80 12,3 0.001 1 1 14,3 0.001 1 0 12,2 0.001 0 1 0.1561 65 13,14 0.001 0 1 12,12 0.001 0 1 12,15 0.001 1 1 51.1455 275 ::f,2,1 f,2,14 f,13,2 f,13,15 
119:2,2 0.001 0 -1 0,0 0.001 -1 1 2,3 0.001 1 0 93.1402 380 0,12 0.001 -1 0 3,15 0.001 1 -1 0,13 0.001 0 1 0.1272 80 12,3 0.001 1 0 14,3 0.001 1 0 12,2 0.001 0 1 0.1561 65 13,14 0.001 0 1 12,12 0.001 0 1 12,15 0.001 1 0 57.1456 290 ::f,2,1 f,2,14 f,12,13 f,13,2 
120:2,2 0.001 0 -1 0,0 0.001 0 1 3,3 0.001 1 0 93.1412 380 0,12 0.001 -1 1 3,15 0.001 0 -1 0,14 0.001 0 1 0.1282 80 13,3 0.001 1 0 14,3 0.001 1 -1 12,3 0.001 0 1 0.1581 65 13,14 0.001 1 1 12,12 0.001 0 1 13,15 0.001 1 0 57.1467 305 ::f,2,1 f,2,14 f,12,14 f,13,2 
121:2,2 0.001 0 -1 0,1 0.001 0 1 3,3 0.001 1 -1 99.1423 395 0,12 0.001 0 1 3,14 0.001 0 -1 0,14 0.001 0 1 0.1292 80 13,3 0.001 1 0 15,2 0.001 1 -1 12,3 0.001 1 1 0.1591 65 13,14 0.001 1 0 12,13 0.001 0 1 14,15 0.001 1 0 57.1487 305 ::f,1,1 f,2,14 f,12,14 f,13,2 
122:2,2 0.001 0 -1 0,2 0.001 0 1 3,3 0.001 0 -1 99.1433 395 0,13 0.001 0 1 3,13 0.001 0 -1 0,14 0.001 1 1 0.1312 80 14,3 0.001 1 0 15,2 0.001 1 -1 12,3 0.001 1 0 0.1601 65 14,14 0.001 1 0 12,13 0.001 0 1 15,15 0.001 1 0 58.1508 320 ::f,1,1 f,2,14 f,12,12 f,13,2 
123:2,1 0.001 0 -1 0,3 0.001 0 1 3,2 0.001 0 -1 99.1463 395 0,13 0.001 0 1 3,12 0.001 0 -1 1,15 0.001 1 1 0.1332 80 15,3 0.001 1 0 15,2 0.001 0 -1 13,3 0.001 1 0 0.1621 65 14,14 0.001 1 0 12,14 0.001 0 1 15,15 0.001 1 -1 58.1518 320 ::f,1,1 f,2,14 f,12,12 f,13,2 
124:2,1 0.001 0 -1 0,3 0.001 1 1 3,1 0.001 0 -1 99.1473 395 0,14 0.001 0 1 3,12 0.001 -1 -1 1,15 0.001 1 1 0.1342 80 15,3 0.001 1 -1 15,1 0.001 0 -1 14,3 0.001 1 0 0.1641 65 14,14 0.001 1 -1 12,15 0.001 0 1 15,15 0.001 0 -1 58.1528 320 ::f,1,1 f,2,14 f,12,12 f,13,2 
125:2,1 0.001 -1 -1 0,3 0.001 1 0 3,0 0.001 0 -1 99.1483 395 0,15 0.001 0 1 3,12 0.001 -1 0 1,15 0.001 1 0 0.1352 80 15,3 0.001 0 -1 15,1 0.001 0 -1 14,3 0.001 1 0 0.1641 65 14,14 0.001 0 -1 12,15 0.001 1 1 15,14 0.001 0 -1 58.1538 320 ::f,1,1 f,2,14 f,12,12 f,13,2 
126:2,1 0.001 -1 0 1,3 0.001 1 0 3,0 0.001 -1 -1 99.1493 395 0,15 0.001 1 1 2,12 0.001 -1 0 2,15 0.001 1 0 0.1372 80 15,2 0.001 0 -1 15,1 0.001 -1 -1 15,3 0.001 1 0 0.1661 65 14,13 0.001 0 -1 12,15 0.001 1 0 15,13 0.001 0 -1 58.1558 320 ::f,1,1 f,2,14 f,12,12 f,13,2 
127:2,1 0.001 -1 0 2,3 0.001 1 0 3,0 0.001 -1 0 99.1503 395 0,15 0.001 1 0 1,12 0.001 -1 0 2,15 0.001 1 0 0.1382 80 15,2 0.001 0 -1 14,0 0.001 -1 -1 15,3 0.001 1 -1 0.1671 65 14,13 0.001 0 -1 13,15 0.001 1 0 15,12 0.001 0 -1 58.1578 320 ::f,1,1 f,2,14 f,12,12 f,13,2 
128:2,1 0.001 -1 0 3,3 0.001 1 0 2,0 0.001 -1 0 99.1523 395 1,15 0.001 1 0 0,12 0.001 -1 0 2,15 0.001 1 -1 0.1402 80 15,1 0.001 0 -1 14,0 0.001 -1 -1 15,3 0.001 0 -1 0.1681 65 14,13 0.001 -1 -1 14,15 0.001 1 0 15,12 0.001 -1 -1 58.1588 320 ::f,1,1 f,2,14 f,12,12 f,13,2 
129:2,1 0.001 -1 0 3,3 0.001 1 -1 1,0 0.001 -1 0 106.153 410 1,15 0.001 1 0 0,12 0.001 -1 1 3,14 0.001 1 -1 0.1412 80 15,0 0.001 0 -1 14,0 0.001 -1 0 15,2 0.001 0 -1 0.1701 65 14,13 0.001 -1 0 15,15 0.001 1 0 15,12 0.001 -1 0 58.1598 320 ::f,2,14 f,3,1 f,12,12 f,13,2 
130:1,1 0.001 -1 0 3,3 0.001 0 -1 0,0 0.001 -1 0 106.155 410 2,15 0.001 1 0 0,12 0.001 0 1 3,14 0.001 1 -1 0.1422 80 15,0 0.001 -1 -1 13,0 0.001 -1 0 15,1 0.001 0 -1 0.1721 65 13,13 0.001 -1 0 15,15 0.001 1 -1 14,12 0.001 -1 0 58.1618 320 ::f,2,14 f,3,1 f,12,12 f,13,2 
131:1,1 0.001 -1 0 3,2 0.001 0 -1 0,0 0.001 -1 1 106.156 410 3,15 0.001 1 0 0,13 0.001 0 1 3,14 0.001 0 -1 0.1442 80 15,0 0.001 -1 0 13,0 0.001 -1 0 15,1 0.001 0 -1 0.1721 65 13,13 0.001 -1 0 15,15 0.001 0 -1 13,12 0.001 -1 0 58.1628 320 ::f,2,14 f,3,1 f,12,12 f,13,2 
132:1,1 0.001 -1 1 3,2 0.001 0 -1 0,0 0.001 0 1 116.157 425 3,15 0.001 1 -1 0,14 0.001 0 1 3,13 0.001 0 -1 0.1462 80 14,0 0.001 -1 0 13,0 0.001 -1 1 15,0 0.001 0 -1 0.1741 65 13,13 0.001 -1 1 15,14 0.001 0 -1 13,12 0.001 -1 0 67.1639 335 ::f,0,3 f,2,14 f,12,12 f,13,2 
133:1,1 0.001 0 1 3,1 0.001 0 -1 0,1 0.001 0 1 116.159 425 3,15 0.001 0 -1 0,15 0.001 0 1 3,13 0.001 0 -1 0.1472 80 14,0 0.001 -1 0 12,1 0.001 -1 1 15,0 0.001 -1 -1 0.1751 65 13,13 0.001 0 1 15,13 0.001 0 -1 13,12 0.001 -1 0 67.1649 335 ::f,0,3 f,2,14 f,12,12 f,13,2 
134:1,2 0.001 0 1 3,0 0.001 0 -1 0,2 0.001 0 1 116.162 425 3,14 0.001 0 -1 0,15 0.001 1 1 3,13 0.001 -1 -1 0.1482 80 13,0 0.001 -1 0 12,1 0.001 -1 1 15,0 0.001 -1 0 0.1761 65 13,14 0.001 0 1 15,12 0.001 0 -1 13,12 0.001 -1 0 77.167 350 ::f,0,3 f,2,14 f,12,14 f,13,2 
135:1,2 0.001 0 1 3,0 0.001 -1 -1 0,2 0.001 0 1 119.162 440 3,14 0.001 0 -1 0,15 0.001 1 0 2,12 0.001 -1 -1 0.1492 80 12,0 0.001 -1 0 12,1 0.001 0 1 14,0 0.001 -1 0 0.1781 65 13,14 0.001 0 1 15,12 0.001 -1 -1 12,12 0.001 -1 0 77.168 350 ::f,1,1 f,2,14 f,12,14 f,13,2 
136:1,2 0.001 1 1 3,0 0.001 -1 0 0,3 0.001 0 1 119.163 440 3,13 0.001 0 -1 1,15 0.001 1 0 2,12 0.001 -1 -1 0.1512 80 12,0 0.001 -1 1 12,2 0.001 0 1 13,0 0.001 -1 0 0.1801 65 13,14 0.001 1 1 15,12 0.001 -1 0 12,12 0.001 -1 1 77.168 350 ::f,1,1 f,2,14 f,12,14 f,13,2 
137:1,2 0.001 1 0 2,0 0.001 -1 0 0,3 0.001 1 1 119.164 440 3,12 0.001 0 -1 2,15 0.001 1 0 2,12 0.001 -1 0 0.1532 80 12,0 0.001 0 1 12,2 0.001 0 1 13,0 0.001 -1 0 0.1801 65 13,14 0.001 1 0 14,12 0.001 -1 0 12,12 0.001 0 1 77.169 350 ::f,1,1 f,2,14 f,12,14 f,13,2 
138:2,2 0.001 1 0 1,0 0.001 -1 0 0,3 0.001 1 0 119.166 440 3,12 0.001 -1 -1 3,15 0.001 1 0 1,12 0.001 -1 0 0.1552 80 12,1 0.001 0 1 12,2 0.001 1 1 12,0 0.001 -1 0 0.1821 65 14,14 0.001 1 0 13,12 0.001 -1 0 12,13 0.001 0 1 77.172 350 ::f,1,1 f,2,14 f,12,14 f,13,2 
139:2,2 0.001 1 0 0,0 0.001 -1 0 1,3 0.001 1 0 119.168 440 3,12 0.001 -1 0 3,15 0.001 1 -1 1,12 0.001 -1 0 0.1552 80 12,1 0.001 0 1 13,3 0.001 1 1 12,0 0.001 -1 1 0.1831 65 14,14 0.001 1 0 12,12 0.001 -1 0 12,13 0.001 0 1 87.1731 365 ::f,1,1 f,2,14 f,13,2 f,15,15 
140:2,2 0.001 1 -1 0,0 0.001 -1 1 2,3 0.001 1 0 119.169 440 2,12 0.001 -1 0 3,15 0.001 0 -1 1,12 0.001 -1 1 0.1562 80 12,2 0.001 0 1 13,3 0.001 1 1 12,0 0.001 0 1 0.1841 65 14,14 0.001 1 -1 12,12 0.001 -1 1 12,14 0.001 0 1 87.1741 365 ::f,1,1 f,2,14 f,13,2 f,15,15 
141:2,2 0.001 0 -1 0,0 0.001 0 1 3,3 0.001 1 0 119.17 440 2,12 0.001 -1 0 3,14 0.001 0 -1 0,13 0.001 -1 1 0.1582 80 12,3 0.001 0 1 13,3 0.001 1 0 12,1 0.001 0 1 0.1861 65 14,14 0.001 0 -1 12,12 0.001 0 1 12,15 0.001 0 1 87.1751 365 ::f,1,1 f,2,14 f,13,2 f,15,15 
142:2,1 0.001 0 -1 0,1 0.001 0 1 3,3 0.001 1 -1 119.172 440 1,12 0.001 -1 0 3,13 0.001 0 -1 0,13 0.001 -1 1 0.1602 80 12,3 0.001 1 1 14,3 0.001 1 0 12,2 0.001 0 1 0.1881 65 14,13 0.001 0 -1 12,13 0.001 0 1 12,15 0.001 1 1 87.1771 365 ::f,1,1 f,2,14 f,13,2 f,15,15 
143:2,1 0.001 0 -1 0,2 0.001 0 1 3,3 0.001 0 -1 119.173 440 0,12 0.001 -1 0 3,12 0.001 0 -1 0,13 0.001 0 1 0.1622 80 12,3 0.001 1 0 14,3 0.001 1 0 12,2 0.001 0 1 0.1881 65 14,13 0.001 0 -1 12,14 0.001 0 1 12,15 0.001 1 0 87.1781 365 ::f,1,1 f,2,14 f,13,2 f,15,15 
144:2,1 0.001 -1 -1 0,3 0.001 0 1 3,2 0.001 0 -1 119.175 440 0,12 0.001 -1 1 3,12 0.001 -1 -1 0,14 0.001 0 1 0.1632 80 13,3 0.001 1 0 14,3 0.001 1 -1 12,3 0.001 0 1 0.1901 65 14,13 0.001 -1 -1 12,14 0.001 0 1 13,15 0.001 1 0 87.1791 365 ::f,1,1 f,2,14 f,13,2 f,15,15 
145:2,1 0.001 -1 0 0,3 0.001 1 1 3,1 0.001 0 -1 119.176 440 0,12 0.001 0 1 3,12 0.001 -1 0 0,14 0.001 0 1 0.1632 80 13,3 0.001 1 0 15,2 0.001 1 -1 12,3 0.001 1 1 0.1911 65 14,13 0.001 -1 0 12,15 0.001 0 1 14,15 0.001 1 0 87.1811 365 ::f,1,1 f,2,14 f,13,2 f,15,15 
146:2,1 0.001 -1 0 0,3 0.001 1 0 3,0 0.001 0 -1 119.177 440 0,13 0.001 0 1 2,12 0.001 -1 0 0,14 0.001 1 1 0.1652 80 14,3 0.001 1 0 15,2 0.001 1 -1 12,3 0.001 1 0 0.1921 65 13,13 0.001 -1 0 12,15 0.001 1 1 14,15 0.001 1 0 97.1822 380 ::f,1,1 f,2,14 f,13,2 f,15,14 
147:2,1 0.001 -1 0 1,3 0.001 1 0 3,0 0.001 -1 -1 127.178 455 0,13 0.001 0 1 1,12 0.001 -1 0 1,15 0.001 1 1 0.1672 80 15,3 0.001 1 0 15,2 0.001 0 -1 13,3 0.001 1 0 0.1941 65 13,13 0.001 -1 0 12,15 0.001 1 0 15,15 0.001 1 0 97.1832 380 ::f,0,2 f,2,14 f,13,2 f,15,14 
148:2,1 0.001 -1 0 2,3 0.001 1 0 3,0 0.001 -1 0 127.179 455 0,14 0.001 0 1 0,12 0.001 -1 0 1,15 0.001 1 1 0.1692 80 15,3 0.001 1 -1 15,1 0.001 0 -1 14,3 0.001 1 0 0.1961 65 13,13 0.001 -1 1 13,15 0.001 1 0 15,15 0.001 1 -1 97.1842 380 ::f,0,2 f,2,14 f,13,2 f,15,14 
149:1,1 0.001 -1 0 3,3 0.001 1 0 2,0 0.001 -1 0 127.182 455 0,15 0.001 0 1 0,12 0.001 -1 1 1,15 0.001 1 0 0.1702 80 15,3 0.001 0 -1 15,1 0.001 0 -1 14,3 0.001 1 0 0.1961 65 13,13 0.001 0 1 14,15 0.001 1 0 15,15 0.001 0 -1 97.1852 380 ::f,0,2 f,2,14 f,13,2 f,15,14 
150:1,1 0.001 -1 0 3,3 0.001 1 -1 1,0 0.001 -1 0 127.183 455 0,15 0.001 1 1 0,12 0.001 0 1 2,15 0.001 1 0 0.1712 80 15,2 0.001 0 -1 15,1 0.001 -1 -1 15,3 0.001 1 0 0.1981 65 13,14 0.001 0 1 14,15 0.001 1 0 15,15 0.001 0 -1 97.1862 380 ::f,0,2 f,2,14 f,13,2 f,15,14 
151:1,1 0.001 -1 1 3,3 0.001 0 -1 0,0 0.001 -1 0 127.184 455 0,15 0.001 1 0 0,13 0.001 0 1 2,15 0.001 1 0 0.1722 80 15,2 0.001 0 -1 14,0 0.001 -1 -1 15,3 0.001 1 -1 0.1991 65 13,14 0.001 0 1 14,15 0.001 1 0 15,15 0.001 0 -1 97.1862 380 ::f,0,2 f,2,14 f,13,2 f,15,14 
152:1,1 0.001 0 1 3,2 0.001 0 -1 0,0 0.001 -1 1 127.185 455 1,15 0.001 1 0 0,14 0.001 0 1 2,15 0.001 1 -1 0.1742 80 15,1 0.001 0 -1 14,0 0.001 -1 -1 15,3 0.001 0 -1 0.2001 65 13,14 0.001 1 1 14,15 0.001 1 0 15,15 0.001 0 -1 107.186 395 ::f,0,2 f,2,14 f,13,2 f,14,12 
153:1,2 0.001 0 1 3,1 0.001 0 -1 0,0 0.001 0 1 127.187 455 1,15 0.001 1 0 0,15 0.001 0 1 3,14 0.001 1 -1 0.1762 80 15,0 0.001 0 -1 14,0 0.001 -1 0 15,2 0.001 0 -1 0.2021 65 13,14 0.001 1 0 14,15 0.001 1 0 15,14 0.001 0 -1 107.187 395 ::f,0,2 f,2,14 f,13,2 f,14,12 
154:1,2 0.001 0 1 3,0 0.001 0 -1 0,1 0.001 0 1 127.189 455 2,15 0.001 1 0 0,15 0.001 1 1 3,14 0.001 1 -1 0.1772 80 15,0 0.001 -1 -1 13,0 0.001 -1 0 15,1 0.001 0 -1 0.2041 65 14,14 0.001 1 0 15,15 0.001 1 0 15,13 0.001 0 -1 107.19 395 ::f,0,2 f,2,14 f,13,2 f,14,12 
155:1,2 0.001 1 1 3,0 0.001 -1 -1 0,1 0.001 0 1 131.189 470 3,15 0.001 1 0 0,15 0.001 1 0 3,14 0.001 0 -1 0.1782 80 15,0 0.001 -1 0 13,0 0.001 -1 0 15,1 0.001 0 -1 0.2041 65 14,14 0.001 1 0 15,15 0.001 1 -1 15,12 0.001 0 -1 107.191 395 ::f,2,3 f,2,14 f,13,2 f,14,12 
156:1,2 0.001 1 0 3,0 0.001 -1 0 0,2 0.001 0 1 131.19 470 3,15 0.001 1 -1 1,15 0.001 1 0 3,13 0.001 0 -1 0.1802 80 14,0 0.001 -1 0 13,0 0.001 -1 1 15,0 0.001 0 -1 0.2061 65 14,14 0.001 1 -1 15,15 0.001 0 -1 15,12 0.001 -1 -1 107.191 395 ::f,2,3 f,2,14 f,13,2 f,14,12 
157:2,2 0.001 1 0 2,0 0.001 -1 0 0,3 0.001 0 1 131.193 470 3,15 0.001 0 -1 2,15 0.001 1 0 3,13 0.001 0 -1 0.1812 80 14,0 0.001 -1 0 12,1 0.001 -1 1 15,0 0.001 -1 -1 0.2071 65 14,14 0.001 0 -1 15,14 0.001 0 -1 15,12 0.001 -1 0 107.192 395 ::f,2,3 f,2,14 f,13,2 f,14,12 
158:2,2 0.001 1 0 1,0 0.001 -1 0 0,3 0.001 1 1 131.194 470 3,14 0.001 0 -1 3,15 0.001 1 0 3,13 0.001 -1 -1 0.1832 80 13,0 0.001 -1 0 12,1 0.001 -1 1 15,0 0.001 -1 0 0.2081 65 14,13 0.001 0 -1 15,13 0.001 0 -1 15,12 0.001 -1 0 107.194 395 ::f,2,3 f,2,14 f,13,2 f,14,12 
159:2,2 0.001 1 -1 0,0 0.001 -1 0 0,3 0.001 1 0 131.195 470 3,14 0.001 0 -1 3,15 0.001 1 -1 2,12 0.001 -1 -1 0.1842 80 12,0 0.001 -1 0 12,1 0.001 0 1 14,0 0.001 -1 0 0.2101 65 14,13 0.001 0 -1 15,13 0.001 0 -1 14,12 0.001 -1 0 114.195 410 ::f,2,3 f,2,14 f,13,2 f,13,13 
160:2,2 0.001 0 -1 0,0 0.001 -1 1 1,3 0.001 1 0 131.196 470 3,13 0.001 0 -1 3,15 0.001 0 -1 2,12 0.001 -1 -1 0.1852 80 12,0 0.001 -1 1 12,2 0.001 0 1 13,0 0.001 -1 0 0.2121 65 14,13 0.001 -1 -1 15,12 0.001 0 -1 13,12 0.001 -1 0 114.197 410 ::f,2,3 f,2,14 f,13,2 f,13,13 
161:2,1 0.001 0 -1 0,0 0.001 0 1 1,3 0.001 1 0 136.197 485 3,12 0.001 0 -1 3,14 0.001 0 -1 2,12 0.001 -1 0 0.1872 80 12,0 0.001 0 1 12,2 0.001 0 1 13,0 0.001 -1 0 0.2121 65 14,13 0.001 -1 0 15,12 0.001 -1 -1 12,12 0.001 -1 0 114.198 410 ::f,2,2 f,2,14 f,13,2 f,13,13 
162:2,1 0.001 0 -1 0,1 0.001 0 1 2,3 0.001 1 0 136.199 485 3,12 0.001 -1 -1 3,13 0.001 0 -1 1,12 0.001 -1 0 0.1892 80 12,1 0.001 0 1 12,2 0.001 1 1 12,0 0.001 -1 0 0.2141 65 14,13 0.001 -1 0 15,12 0.001 -1 0 12,12 0.001 -1 1 114.198 410 ::f,2,2 f,2,14 f,13,2 f,13,13 
163:2,1 0.001 -1 -1 0,2 0.001 0 1 3,3 0.001 1 0 136.201 485 3,12 0.001 -1 0 3,13 0.001 0 -1 1,12 0.001 -1 0 0.1892 80 12,1 0.001 0 1 13,3 0.001 1 1 12,0 0.001 -1 1 0.2151 65 14,13 0.001 -1 0 14,12 0.001 -1 0 12,12 0.001 0 1 122.2 425 ::f,2,2 f,2,14 f,12,15 f,13,2 
164:2,1 0.001 -1 0 0,3 0.001 0 1 3,3 0.001 1 -1 136.202 485 2,12 0.001 -1 0 3,12 0.001 0 -1 1,12 0.001 -1 1 0.1912 80 12,2 0.001 0 1 13,3 0.001 1 1 12,0 0.001 0 1 0.2161 65 13,13 0.001 -1 0 13,12 0.001 -1 0 12,13 0.001 0 1 122.203 425 ::f,2,2 f,2,14 f,12,15 f,13,2 
165:1,1 0.001 -1 0 0,3 0.001 1 1 3,3 0.001 0 -1 136.203 485 2,12 0.001 -1 0 3,12 0.001 -1 -1 0,13 0.001 -1 1 0.1922 80 12,3 0.001 0 1 13,3 0.001 1 0 12,1 0.001 0 1 0.2181 65 13,13 0.001 -1 0 12,12 0.001 -1 0 12,14 0.001 0 1 122.205 425 ::f,2,2 f,2,14 f,12,15 f,13,2 
166:1,1 0.001 -1 0 0,3 0.001 1 0 3,2 0.001 0 -1 136.204 485 1,12 0.001 -1 0 3,12 0.001 -1 0 0,13 0.001 -1 1 0.1932 80 12,3 0.001 1 1 14,3 0.001 1 0 12,2 0.001 0 1 0.2201 65 13,13 0.001 -1 1 12,12 0.001 -1 1 12,14 0.001 0 1 132.205 440 ::f,2,2 f,2,14 f,13,2 f,13,14 
167:1,1 0.001 -1 1 1,3 0.001 1 0 3,1 0.001 0 -1 136.206 485 0,12 0.001 -1 0 2,12 0.001 -1 0 0,13 0.001 0 1 0.1952 80 12,3 0.001 1 0 14,3 0.001 1 0 12,2 0.001 0 1 0.2201 65 13,13 0.001 0 1 12,12 0.001 0 1 12,15 0.001 0 1 132.206 440 ::f,2,2 f,2,14 f,13,2 f,13,14 
168:1,1 0.001 0 1 2,3 0.001 1 0 3,0 0.001 0 -1 136.208 485 0,12 0.001 -1 1 1,12 0.001 -1 0 0,14 0.001 0 1 0.1972 80 13,3 0.001 1 0 14,3 0.001 1 -1 12,3 0.001 0 1 0.2221 65 13,13 0.001 0 1 12,13 0.001 0 1 12,15 0.001 1 1 132.207 440 ::f,2,2 f,2,14 f,13,2 f,13,14 
169:1,2 0.001 0 1 3,3 0.001 1 0 3,0 0.001 -1 -1 136.21 485 0,12 0.001 0 1 1,12 0.001 -1 0 0,14 0.001 0 1 0.1972 80 13,3 0.001 1 0 15,2 0.001 1 -1 12,3 0.001 1 1 0.2231 65 13,13 0.001 0 1 12,14 0.001 0 1 12,15 0.001 1 0 132.208 440 ::f,2,2 f,2,14 f,13,2 f,13,14 
170:1,2 0.001 0 1 3,3 0.001 1 -1 3,0 0.001 -1 0 136.21 485 0,13 0.001 0 1 0,12 0.001 -1 0 0,14 0.001 1 1 0.1992 80 14,3 0.001 1 0 15,2 0.001 1 -1 12,3 0.001 1 0 0.2241 65 13,13 0.001 0 1 12,14 0.001 0 1 13,15 0.001 1 0 141.209 455 ::f,2,2 f,2,14 f,13,2 f,13,14 
171:1,2 0.001 1 1 3,3 0.001 0 -1 2,0 0.001 -1 0 136.211 485 0,13 0.001 0 1 0,12 0.001 -1 1 1,15 0.001 1 1 0.2002 80 15,3 0.001 1 0 15,2 0.001 0 -1 13,3 0.001 1 0 0.2261 65 13,13 0.001 0 1 12,15 0.001 0 1 14,15 0.001 1 0 141.211 455 ::f,2,2 f,2,14 f,13,2 f,13,14 
172:1,2 0.001 1 0 3,2 0.001 0 -1 1,0 0.001 -1 0 136.213 485 0,14 0.001 0 1 0,12 0.001 0 1 1,15 0.001 1 1 0.2012 80 15,3 0.001 1 -1 15,1 0.001 0 -1 14,3 0.001 1 0 0.2281 65 13,13 0.001 0 1 12,15 0.001 1 1 15,15 0.001 1 0 151.212 470 ::f,2,2 f,2,14 f,13,2 f,14,13 
173:1,2 0.001 1 0 3,1 0.001 0 -1 0,0 0.001 -1 0 136.215 485 0,15 0.001 0 1 0,13 0.001 0 1 1,15 0.001 1 0 0.2032 80 15,3 0.001 0 -1 15,1 0.001 0 -1 14,3 0.001 1 0 0.2281 65 13,14 0.001 0 1 12,15 0.001 1 0 15,15 0.001 1 -1 151.213 470 ::f,2,2 f,2,14 f,13,2 f,14,13 
174:1,2 0.001 1 0 3,0 0.001 0 -1 0,0 0.001 -1 1 145.216 500 0,15 0.001 1 1 0,14 0.001 0 1 2,15 0.001 1 0 0.2052 80 15,2 0.001 0 -1 15,1 0.001 -1 -1 15,3 0.001 1 0 0.2301 65 13,14 0.001 0 1 13,15 0.001 1 0 15,15 0.001 0 -1 151.214 470 ::f,0,2 f,2,14 f,13,2 f,14,13 
175:1,2 0.001 1 0 3,0 0.001 -1 -1 0,0 0.001 0 1 145.216 500 0,15 0.001 1 0 0,14 0.001 0 1 2,15 0.001 1 0 0.2052 80 15,2 0.001 0 -1 14,0 0.001 -1 -1 15,3 0.001 1 -1 0.2311 65 13,14 0.001 1 1 14,15 0.001 1 0 15,14 0.001 0 -1 151.216 470 ::f,0,2 f,2,14 f,13,2 f,14,13 
176:2,2 0.001 1 0 3,0 0.001 -1 0 0,1 0.001 0 1 145.218 500 1,15 0.001 1 0 0,15 0.001 0 1 2,15 0.001 1 -1 0.2072 80 15,1 0.001 0 -1 14,0 0.001 -1 -1 15,3 0.001 0 -1 0.2321 65 13,14 0.001 1 0 15,15 0.001 1 0 15,13 0.001 0 -1 151.218 470 ::f,0,2 f,2,14 f,13,2 f,14,13 
177:2,2 0.001 1 0 2,0 0.001 -1 0 0,1 0.001 0 1 151.219 515 1,15 0.001 1 0 0,15 0.001 1 1 3,14 0.001 1 -1 0.2082 80 15,0 0.001 0 -1 14,0 0.001 -1 0 15,2 0.001 0 -1 0.2341 65 14,14 0.001 1 0 15,15 0.001 1 -1 15,12 0.001 0 -1 151.22 470 ::f,2,14 f,3,2 f,13,2 f,14,13 
178:2,2 0.001 1 -1 1,0 0.001 -1 0 0,2 0.001 0 1 151.221 515 2,15 0.001 1 0 0,15 0.001 1 0 3,14 0.001 1 -1 0.2092 80 15,0 0.001 -1 -1 13,0 0.001 -1 0 15,1 0.001 0 -1 0.2361 65 14,14 0.001 1 0 15,15 0.001 0 -1 15,12 0.001 -1 -1 151.22 470 ::f,2,14 f,3,2 f,13,2 f,14,13 
179:2,2 0.001 0 -1 0,0 0.001 -1 0 0,3 0.001 0 1 151.223 515 3,15 0.001 1 0 1,15 0.001 1 0 3,14 0.001 0 -1 0.2112 80 15,0 0.001 -1 0 13,0 0.001 -1 0 15,1 0.001 0 -1 0.2361 65 14,14 0.001 1 -1 15,14 0.001 0 -1 15,12 0.001 -1 0 151.221 470 ::f,2,14 f,3,2 f,13,2 f,14,13 
180:2,1 0.001 0 -1 0,0 0.001 -1 1 0,3 0.001 1 1 151.224 515 3,15 0.001 1 -1 2,15 0.001 1 0 3,13 0.001 0 -1 0.2132 80 14,0 0.001 -1 0 13,0 0.001 -1 1 15,0 0.001 0 -1 0.2381 65 14,14 0.001 0 -1 15,13 0.001 0 -1 14,12 0.001 -1 0 151.223 470 ::f,2,14 f,3,2 f,13,2 f,14,13 
181:2,1 0.001 0 -1 0,0 0.001 0 1 0,3 0.001 1 0 151.224 515 3,15 0.001 0 -1 2,15 0.001 1 0 3,13 0.001 0 -1 0.2132 80 14,0 0.001 -1 0 12,1 0.001 -1 1 15,0 0.001 -1 -1 0.2391 65 14,14 0.001 0 -1 15,12 0.001 0 -1 13,12 0.001 -1 0 151.225 470 ::f,2,14 f,3,2 f,13,2 f,14,13 
182:2,1 0.001 -1 -1 0,1 0.001 0 1 1,3 0.001 1 0 151.226 515 3,14 0.001 0 -1 3,15 0.001 1 0 3,13 0.001 -1 -1 0.2152 80 13,0 0.001 -1 0 12,1 0.001 -1 1 15,0 0.001 -1 0 0.2401 65 14,14 0.001 0 -1 15,12 0.001 -1 -1 12,12 0.001 -1 0 161.226 485 ::f,2,14 f,3,2 f,13,2 f,13,15 
183:2,1 0.001 -1 0 0,2 0.001 0 1 2,3 0.001 1 0 151.228 515 3,14 0.001 0 -1 3,15 0.001 1 -1 2,12 0.001 -1 -1 0.2162 80 12,0 0.001 -1 0 12,1 0.001 0 1 14,0 0.001 -1 0 0.2421 65 14,13 0.001 0 -1 15,12 0.001 -1 0 12,12 0.001 -1 1 161.227 485 ::f,2,14 f,3,2 f,13,2 f,13,15 
184:1,1 0.001 -1 0 0,3 0.001 0 1 3,3 0.001 1 0 151.231 515 3,13 0.001 0 -1 3,15 0.001 0 -1 2,12 0.001 -1 -1 0.2172 80 12,0 0.001 -1 1 12,2 0.001 0 1 13,0 0.001 -1 0 0.2441 65 14,13 0.001 0 -1 14,12 0.001 -1 0 12,12 0.001 0 1 161.228 485 ::f,2,14 f,3,2 f,13,2 f,13,15 
185:1,1 0.001 -1 0 0,3 0.001 1 1 3,3 0.001 1 -1 151.231 515 3,12 0.001 0 -1 3,14 0.001 0 -1 2,12 0.001 -1 0 0.2192 80 12,0 0.001 0 1 12,2 0.001 0 1 13,0 0.001 -1 0 0.2441 65 14,13 0.001 -1 -1 13,12 0.001 -1 0 12,13 0.001 0 1 161.23 485 ::f,2,14 f,3,2 f,13,2 f,13,15 
186:1,1 0.001 -1 1 0,3 0.001 1 0 3,3 0.001 0 -1 151.231 515 3,12 0.001 -1 -1 3,13 0.001 0 -1 1,12 0.001 -1 0 0.2212 80 12,1 0.001 0 1 12,2 0.001 1 1 12,0 0.001 -1 0 0.2461 65 14,13 0.001 -1 0 12,12 0.001 -1 0 12,14 0.001 0 1 161.232 485 ::f,2,14 f,3,2 f,13,2 f,13,15 
187:1,1 0.001 0 1 1,3 0.001 1 0 3,3 0.001 0 -1 151.232 515 3,12 0.001 -1 0 3,13 0.001 0 -1 1,12 0.001 -1 0 0.2212 80 12,1 0.001 0 1 13,3 0.001 1 1 12,0 0.001 -1 1 0.2471 65 13,13 0.001 -1 0 12,12 0.001 -1 1 12,15 0.001 0 1 161.234 485 ::f,2,14 f,3,2 f,13,2 f,13,15 
188:1,2 0.001 0 1 2,3 0.001 1 0 3,3 0.001 0 -1 151.234 515 2,12 0.001 -1 0 3,12 0.001 0 -1 1,12 0.001 -1 1 0.2232 80 12,2 0.001 0 1 13,3 0.001 1 1 12,0 0.001 0 1 0.2481 65 13,13 0.001 -1 0 12,12 0.001 0 1 12,15 0.001 1 1 161.234 485 ::f,2,14 f,3,2 f,13,2 f,13,15 
189:1,2 0.001 0 1 2,3 0.001 1 0 3,3 0.001 0 -1 158.234 530 2,12 0.001 -1 0 3,12 0.001 -1 -1 0,13 0.001 -1 1 0.2242 80 12,3 0.001 0 1 13,3 0.001 1 0 12,1 0.001 0 1 0.2501 65 13,13 0.001 -1 1 12,13 0.001 0 1 12,15 0.001 1 0 161.235 485 ::f,2,1 f,2,14 f,13,2 f,13,15 
190:1,2 0.001 1 1 2,3 0.001 1 0 3,2 0.001 0 -1 158.235 530 1,12 0.001 -1 0 3,12 0.001 -1 0 0,13 0.001 -1 1 0.2252 80 12,3 0.001 1 1 14,3 0.001 1 0 12,2 0.001 0 1 0.2521 65 13,13 0.001 0 1 12,14 0.001 0 1 12,15 0.001 1 0 161.236 485 ::f,2,1 f,2,14 f,13,2 f,13,15 
191:1,2 0.001 1 0 3,3 0.001 1 0 3,1 0.001 0 -1 158.237 530 0,12 0.001 -1 0 2,12 0.001 -1 0 0,13 0.001 0 1 0.2272 80 12,3 0.001 1 0 14,3 0.001 1 0 12,2 0.001 0 1 0.2521 65 13,14 0.001 0 1 12,14 0.001 0 1 12,15 0.001 1 0 161.237 485 ::f,2,1 f,2,14 f,13,2 f,13,15 
192:2,2 0.001 1 0 3,3 0.001 1 -1 3,0 0.001 0 -1 158.239 530 0,12 0.001 -1 1 1,12 0.001 -1 0 0,14 0.001 0 1 0.2292 80 13,3 0.001 1 0 14,3 0.001 1 -1 12,3 0.001 0 1 0.2541 65 13,14 0.001 0 1 12,14 0.001 0 1 13,15 0.001 1 0 171.238 500 ::f,2,1 f,2,14 f,13,2 f,15,13 
193:2,2 0.001 1 0 3,3 0.001 0 -1 3,0 0.001 -1 -1 158.239 530 0,12 0.001 0 1 1,12 0.001 -1 0 0,14 0.001 0 1 0.2292 80 13,3 0.001 1 0 15,2 0.001 1 -1 12,3 0.001 1 1 0.2551 65 13,14 0.001 1 1 12,15 0.001 0 1 14,15 0.001 1 0 171.24 500 ::f,2,1 f,2,14 f,13,2 f,15,13 
194:2,2 0.001 1 -1 3,2 0.001 0 -1 3,0 0.001 -1 0 158.24 530 0,13 0.001 0 1 0,12 0.001 -1 0 0,14 0.001 1 1 0.2312 80 14,3 0.001 1 0 15,2 0.001 1 -1 12,3 0.001 1 0 0.2561 65 13,14 0.001 1 0 12,15 0.001 1 1 15,15 0.001 1 0 171.241 500 ::f,2,1 f,2,14 f,13,2 f,15,13 
195:2,2 0.001 0 -1 3,1 0.001 0 -1 2,0 0.001 -1 0 158.242 530 0,13 0.001 0 1 0,12 0.001 -1 1 1,15 0.001 1 1 0.2322 80 15,3 0.001 1 0 15,2 0.001 0 -1 13,3 0.001 1 0 0.2581 65 14,14 0.001 1 0 12,15 0.001 1 0 15,15 0.001 1 -1 171.242 500 ::f,2,1 f,2,14 f,13,2 f,15,13 
196:2,2 0.001 0 -1 3,0 0.001 0 -1 1,0 0.001 -1 0 158.244 530 0,14 0.001 0 1 0,12 0.001 0 1 1,15 0.001 1 1 0.2332 80 15,3 0.001 1 -1 15,1 0.001 0 -1 14,3 0.001 1 0 0.2601 65 14,14 0.001 1 0 13,15 0.001 1 0 15,15 0.001 0 -1 171.243 500 ::f,2,1 f,2,14 f,13,2 f,15,13 
197:2,2 0.001 0 -1 3,0 0.001 -1 -1 0,0 0.001 -1 0 168.245 545 0,15 0.001 0 1 0,13 0.001 0 1 1,15 0.001 1 0 0.2352 80 15,3 0.001 0 -1 15,1 0.001 0 -1 14,3 0.001 1 0 0.2601 65 14,14 0.001 1 -1 14,15 0.001 1 0 15,14 0.001 0 -1 171.245 500 ::f,2,1 f,2,14 f,13,2 f,15,13 
198:2,2 0.001 0 -1 3,0 0.001 -1 0 0,0 0.001 -1 1 168.245 545 0,15 0.001 1 1 0,14 0.001 0 1 2,15 0.001 1 0 0.2372 80 15,2 0.001 0 -1 15,1 0.001 -1 -1 15,3 0.001 1 0 0.2621 65 14,14 0.001 0 -1 15,15 0.001 1 0 15,14 0.001 0 -1 181.246 515 ::f,2,1 f,2,14 f,13,2 f,13,13 
199:2,2 0.001 0 -1 2,0 0.001 -1 0 0,0 0.001 0 1 168.246 545 0,15 0.001 1 0 0,14 0.001 0 1 2,15 0.001 1 0 0.2372 80 15,2 0.001 0 -1 14,0 0.001 -1 -1 15,3 0.001 1 -1 0.2631 65 14,13 0.001 0 -1 15,15 0.001 1 -1 15,13 0.001 0 -1 181.248 515 ::f,2,1 f,2,14 f,13,2 f,13,13 
200:2,2 0.001 0 -1 1,0 0.001 -1 0 0,1 0.001 0 1 168.248 545 1,15 0.001 1 0 0,15 0.001 0 1 2,15 0.001 1 -1 0.2392 80 15,1 0.001 0 -1 14,0 0.001 -1 -1 15,3 0.001 0 -1 0.2641 65 14,13 0.001 0 -1 15,15 0.001 0 -1 15,12 0.001 0 -1 181.249 515 ::f,2,1 f,2,14 f,13,2 f,13,13 
201:2,2 0.001 0 -1 0,0 0.001 -1 0 0,2 0.001 0 1 178.25 560 1,15 0.001 1 0 0,15 0.001 1 1 3,14 0.001 1 -1 0.2402 80 15,0 0.001 0 -1 14,0 0.001 -1 0 15,2 0.001 0 -1 0.2661 65 14,13 0.001 -1 -1 15,14 0.001 0 -1 15,12 0.001 -1 -1 181.25 515 ::f,1,3 f,2,14 f,13,2 f,13,13 
202:2,1 0.001 0 -1 0,0 0.001 -1 1 0,3 0.001 0 1 178.252 560 2,15 0.001 1 0 0,15 0.001 1 0 3,14 0.001 1 -1 0.2412 80 15,0 0.001 -1 -1 13,0 0.001 -1 0 15,1 0.001 0 -1 0.2681 65 14,13 0.001 -1 0 15,13 0.001 0 -1 15,12 0.001 -1 0 181.251 515 ::f,1,3 f,2,14 f,13,2 f,13,13 
203:2,1 0.001 0 -1 0,0 0.001 0 1 0,3 0.001 1 1 178.252 560 3,15 0.001 1 0 1,15 0.001 1 0 3,14 0.001 0 -1 0.2432 80 15,0 0.001 -1 0 13,0 0.001 -1 0 15,1 0.001 0 -1 0.2681 65 14,13 0.001 -1 0 15,13 0.001 0 -1 14,12 0.001 -1 0 181.252 515 ::f,1,3 f,2,14 f,13,2 f,13,13 
204:2,1 0.001 -1 -1 0,1 0.001 0 1 0,3 0.001 1 0 178.253 560 3,15 0.001 1 -1 2,15 0.001 1 0 3,13 0.001 0 -1 0.2452 80 14,0 0.001 -1 0 13,0 0.001 -1 1 15,0 0.001 0 -1 0.2701 65 14,13 0.001 -1 0 15,12 0.001 0 -1 13,12 0.001 -1 0 191.254 530 ::f,1,3 f,2,14 f,12,13 f,13,2 
205:2,1 0.001 -1 0 0,2 0.001 0 1 0,3 0.001 1 0 178.254 560 3,15 0.001 0 -1 2,15 0.001 1 0 3,13 0.001 0 -1 0.2452 80 14,0 0.001 -1 0 12,1 0.001 -1 1 15,0 0.001 -1 -1 0.2711 65 13,13 0.001 -1 0 15,12 0.001 -1 -1 12,12 0.001 -1 0 191.256 530 ::f,1,3 f,2,14 f,12,13 f,13,2 
206:1,1 0.001 -1 0 0,2 0.001 0 1 0,3 0.001 1 0 178.255 560 3,14 0.001 0 -1 3,15 0.001 1 0 3,13 0.001 -1 -1 0.2472 80 13,0 0.001 -1 0 12,1 0.001 -1 1 15,0 0.001 -1 0 0.2721 65 13,13 0.001 -1 0 15,12 0.001 -1 0 12,12 0.001 -1 1 201.256 545 ::f,1,3 f,2,14 f,13,2 f,14,15 
207:1,1 0.001 -1 0 0,2 0.001 0 1 0,3 0.001 1 0 186.256 575 3,14 0.001 0 -1 3,15 0.001 1 -1 2,12 0.001 -1 -1 0.2482 80 12,0 0.001 -1 0 12,1 0.001 0 1 14,0 0.001 -1 0 0.2741 65 13,13 0.001 -1 1 14,12 0.001 -1 0 12,12 0.001 0 1 201.257 545 ::f,2,2 f,2,14 f,13,2 f,14,15 
208:1,1 0.001 -1 1 0,2 0.001 0 1 1,3 0.001 1 0 186.257 575 3,13 0.001 0 -1 3,15 0.001 0 -1 2,12 0.001 -1 -1 0.2492 80 12,0 0.001 -1 1 12,2 0.001 0 1 13,0 0.001 -1 0 0.2761 65 13,13 0.001 0 1 13,12 0.001 -1 0 12,13 0.001 0 1 201.259 545 ::f,2,2 f,2,14 f,13,2 f,14,15 
209:1,1 0.001 0 1 0,3 0.001 0 1 2,3 0.001 1 0 186.259 575 3,12 0.001 0 -1 3,14 0.001 0 -1 2,12 0.001 -1 0 0.2512 80 12,0 0.001 0 1 12,2 0.001 0 1 13,0 0.001 -1 0 0.2761 65 13,14 0.001 0 1 12,12 0.001 -1 0 12,14 0.001 0 1 201.262 545 ::f,2,2 f,2,14 f,13,2 f,14,15 
210:1,2 0.001 0 1 0,3 0.001 1 1 3,3 0.001 1 0 186.261 575 3,12 0.001 -1 -1 3,13 0.001 0 -1 1,12 0.001 -1 0 0.2532 80 12,1 0.001 0 1 12,2 0.001 1 1 12,0 0.001 -1 0 0.2781 65 13,14 0.001 0 1 12,12 0.001 -1 1 12,15 0.001 0 1 201.263 545 ::f,2,2 f,2,14 f,13,2 f,14,15 
211:1,2 0.001 0 1 0,3 0.001 1 0 3,3 0.001 1 -1 186.261 575 3,12 0.001 -1 0 3,13 0.001 0 -1 1,12 0.001 -1 0 0.2532 80 12,1 0.001 0 1 13,3 0.001 1 1 12,0 0.001 -1 1 0.2791 65 13,14 0.001 1 1 12,12 0.001 0 1 12,15 0.001 1 1 201.263 545 ::f,2,2 f,2,14 f,13,2 f,14,15 
212:1,2 0.001 1 1 1,3 0.001 1 0 3,3 0.001 0 -1 186.262 575 2,12 0.001 -1 0 3,12 0.001 0 -1 1,12 0.001 -1 1 0.2552 80 12,2 0.001 0 1 13,3 0.001 1 1 12,0 0.001 0 1 0.2801 65 13,14 0.001 1 0 12,13 0.001 0 1 12,15 0.001 1 0 201.264 545 ::f,2,2 f,2,14 f,13,2 f,14,15 
213:1,2 0.001 1 0 2,3 0.001 1 0 3,2 0.001 0 -1 186.264 575 2,12 0.001 -1 0 3,12 0.001 -1 -1 0,13 0.001 -1 1 0.2562 80 12,3 0.001 0 1 13,3 0.001 1 0 12,1 0.001 0 1 0.2821 65 14,14 0.001 1 0 12,14 0.001 0 1 13,15 0.001 1 0 201.267 545 ::f,2,2 f,2,14 f,13,2 f,14,15 
214:1,2 0.001 1 0 3,3 0.001 1 0 3,1 0.001 0 -1 186.266 575 1,12 0.001 -1 0 3,12 0.001 -1 0 0,13 0.001 -1 1 0.2572 80 12,3 0.001 1 1 14,3 0.001 1 0 12,2 0.001 0 1 0.2841 65 14,14 0.001 1 0 12,15 0.001 0 1 13,15 0.001 1 0 211.268 560 ::f,2,2 f,2,14 f,13,2 f,13,12 
215:1,2 0.001 1 0 3,3 0.001 1 -1 3,0 0.001 0 -1 196.267 590 0,12 0.001 -1 0 2,12 0.001 -1 0 0,13 0.001 0 1 0.2592 80 12,3 0.001 1 0 14,3 0.001 1 0 12,2 0.001 0 1 0.2841 65 14,14 0.001 1 -1 12,15 0.001 1 1 14,15 0.001 1 0 211.269 560 ::f,1,1 f,2,14 f,13,2 f,13,12 
216:1,2 0.001 1 0 3,3 0.001 0 -1 3,0 0.001 -1 -1 196.267 590 0,12 0.001 -1 1 1,12 0.001 -1 0 0,14 0.001 0 1 0.2612 80 13,3 0.001 1 0 14,3 0.001 1 -1 12,3 0.001 0 1 0.2861 65 14,14 0.001 0 -1 12,15 0.001 1 0 15,15 0.001 1 0 211.27 560 ::f,1,1 f,2,14 f,13,2 f,13,12 
217:2,2 0.001 1 0 3,2 0.001 0 -1 3,0 0.001 -1 0 196.269 590 0,12 0.001 0 1 1,12 0.001 -1 0 0,14 0.001 0 1 0.2612 80 13,3 0.001 1 0 15,2 0.001 1 -1 12,3 0.001 1 1 0.2871 65 14,13 0.001 0 -1 13,15 0.001 1 0 15,15 0.001 1 -1 211.272 560 ::f,1,1 f,2,14 f,13,2 f,13,12 
218:2,2 0.001 1 0 3,1 0.001 0 -1 2,0 0.001 -1 0 196.271 590 0,13 0.001 0 1 0,12 0.001 -1 0 0,14 0.001 1 1 0.2632 80 14,3 0.001 1 0 15,2 0.001 1 -1 12,3 0.001 1 0 0.2881 65 14,13 0.001 0 -1 14,15 0.001 1 0 15,15 0.001 0 -1 211.273 560 ::f,1,1 f,2,14 f,13,2 f,13,12 
219:2,2 0.001 1 -1 3,0 0.001 0 -1 1,0 0.001 -1 0 196.273 590 0,13 0.001 0 1 0,12 0.001 -1 1 1,15 0.001 1 1 0.2642 80 15,3 0.001 1 0 15,2 0.001 0 -1 13,3 0.001 1 0 0.2901 65 14,13 0.001 -1 -1 14,15 0.001 1 0 15,14 0.001 0 -1 211.274 560 ::f,1,1 f,2,14 f,13,2 f,13,12 
220:2,2 0.001 0 -1 3,0 0.001 -1 -1 0,0 0.001 -1 0 196.274 590 0,14 0.001 0 1 0,12 0.001 0 1 1,15 0.001 1 1 0.2652 80 15,3 0.001 1 -1 15,1 0.001 0 -1 14,3 0.001 1 0 0.2921 65 14,13 0.001 -1 0 15,15 0.001 1 0 15,13 0.001 0 -1 211.276 560 ::f,1,1 f,2,14 f,13,2 f,13,12 
221:2,1 0.001 0 -1 3,0 0.001 -1 0 0,0 0.001 -1 1 196.275 590 0,15 0.001 0 1 0,13 0.001 0 1 1,15 0.001 1 0 0.2672 80 15,3 0.001 0 -1 15,1 0.001 0 -1 14,3 0.001 1 0 0.2921 65 13,13 0.001 -1 0 15,15 0.001 1 -1 15,12 0.001 0 -1 211.278 560 ::f,1,1 f,2,14 f,13,2 f,13,12 
222:2,1 0.001 0 -1 2,0 0.001 -1 0 0,0 0.001 0 1 196.276 590 0,15 0.001 1 1 0,14 0.001 0 1 2,15 0.001 1 0 0.2692 80 15,2 0.001 0 -1 15,1 0.001 -1 -1 15,3 0.001 1 0 0.2941 65 13,13 0.001 -1 0 15,15 0.001 0 -1 15,12 0.001 -1 -1 211.278 560 ::f,1,1 f,2,14 f,13,2 f,13,12 
223:2,1 0.001 -1 -1 1,0 0.001 -1 0 0,1 0.001 0 1 196.278 590 0,15 0.001 1 0 0,14 0.001 0 1 2,15 0.001 1 0 0.2692 80 15,2 0.001 0 -1 14,0 0.001 -1 -1 15,3 0.001 1 -1 0.2951 65 13,13 0.001 -1 1 15,14 0.001 0 -1 15,12 0.001 -1 0 211.279 560 ::f,1,1 f,2,14 f,13,2 f,13,12 
224:2,1 0.001 -1 0 0,0 0.001 -1 0 0,2 0.001 0 1 196.28 590 1,15 0.001 1 0 0,15 0.001 0 1 2,15 0.001 1 -1 0.2712 80 15,1 0.001 0 -1 14,0 0.001 -1 -1 15,3 0.001 0 -1 0.2961 65 13,13 0.001 0 1 15,13 0.001 0 -1 14,12 0.001 -1 0 211.281 560 ::f,1,1 f,2,14 f,13,2 f,13,12 
225:2,1 0.001 -1 0 0,0 0.001 -1 1 0,3 0.001 0 1 196.281 590 1,15 0.001 1 0 0,15 0.001 1 1 3,14 0.001 1 -1 0.2722 80 15,0 0.001 0 -1 14,0 0.001 -1 0 15,2 0.001 0 -1 0.2981 65 13,14 0.001 0 1 15,12 0.001 0 -1 14,12 0.001 -1 0 221.284 575 ::f,1,1 f,2,14 f,13,2 f,15,14 
226:2,1 0.001 -1 0 0,0 0.001 0 1 0,3 0.001 1 1 196.281 590 2,15 0.001 1 0 0,15 0.001 1 0 3,14 0.001 1 -1 0.2732 80 15,0 0.001 -1 -1 13,0 0.001 -1 0 15,1 0.001 0 -1 0.3001 65 13,14 0.001 0 1 15,12 0.001 -1 -1 13,12 0.001 -1 0 221.285 575 ::f,1,1 f,2,14 f,13,2 f,15,14 
227:2,1 0.001 -1 0 0,1 0.001 0 1 0,3 0.001 1 0 206.282 605 3,15 0.001 1 0 1,15 0.001 1 0 3,14 0.001 0 -1 0.2752 80 15,0 0.001 -1 0 13,0 0.001 -1 0 15,1 0.001 0 -1 0.3001 65 13,14 0.001 1 1 15,12 0.001 -1 0 12,12 0.001 -1 0 221.286 575 ::f,2,14 f,3,3 f,13,2 f,15,14 
228:1,1 0.001 -1 0 0,2 0.001 0 1 1,3 0.001 1 0 206.285 605 3,15 0.001 1 -1 2,15 0.001 1 0 3,13 0.001 0 -1 0.2772 80 14,0 0.001 -1 0 13,0 0.001 -1 1 15,0 0.001 0 -1 0.3021 65 13,14 0.001 1 0 14,12 0.001 -1 0 12,12 0.001 -1 1 221.287 575 ::f,2,14 f,3,3 f,13,2 f,15,14 
229:1,1 0.001 -1 0 0,3 0.001 0 1 2,3 0.001 1 0 206.287 605 3,15 0.001 0 -1 2,15 0.001 1 0 3,13 0.001 0 -1 0.2772 80 14,0 0.001 -1 0 12,1 0.001 -1 1 15,0 0.001 -1 -1 0.3031 65 14,14 0.001 1 0 13,12 0.001 -1 0 12,12 0.001 0 1 221.289 575 ::f,2,14 f,3,3 f,13,2 f,15,14 
230:1,1 0.001 -1 1 0,3 0.001 1 1 2,3 0.001 1 0 215.287 620 3,14 0.001 0 -1 3,15 0.001 1 0 3,13 0.001 -1 -1 0.2792 80 13,0 0.001 -1 0 12,1 0.001 -1 1 15,0 0.001 -1 0 0.3041 65 14,14 0.001 1 0 13,12 0.001 -1 0 12,13 0.001 0 1 231.29 590 ::f,2,14 f,3,1 f,12,14 f,13,2 
231:1,1 0.001 0 1 0,3 0.001 1 0 3,3 0.001 1 0 215.288 620 3,14 0.001 0 -1 3,15 0.001 1 -1 2,12 0.001 -1 -1 0.2802 80 12,0 0.001 -1 0 12,1 0.001 0 1 14,0 0.001 -1 0 0.3061 65 14,14 0.001 1 -1 12,12 0.001 -1 0 12,13 0.001 0 1 241.291 605 ::f,2,14 f,3,1 f,13,2 f,15,12 
232:1,2 0.001 0 1 1,3 0.001 1 0 3,3 0.001 1 -1 215.29 620 3,13 0.001 0 -1 3,15 0.001 0 -1 2,12 0.001 -1 -1 0.2812 80 12,0 0.001 -1 1 12,2 0.001 0 1 13,0 0.001 -1 0 0.3081 65 14,14 0.001 0 -1 12,12 0.001 -1 1 12,14 0.001 0 1 241.292 605 ::f,2,14 f,3,1 f,13,2 f,15,12 
233:1,2 0.001 0 1 2,3 0.001 1 0 3,3 0.001 0 -1 215.291 620 3,12 0.001 0 -1 3,14 0.001 0 -1 2,12 0.001 -1 0 0.2832 80 12,0 0.001 0 1 12,2 0.001 0 1 13,0 0.001 -1 0 0.3081 65 14,13 0.001 0 -1 12,12 0.001 0 1 12,15 0.001 0 1 241.294 605 ::f,2,14 f,3,1 f,13,2 f,15,12 
234:1,2 0.001 1 1 2,3 0.001 1 0 3,2 0.001 0 -1 215.292 620 3,12 0.001 -1 -1 3,13 0.001 0 -1 1,12 0.001 -1 0 0.2852 80 12,1 0.001 0 1 12,2 0.001 1 1 12,0 0.001 -1 0 0.3101 65 14,13 0.001 0 -1 12,13 0.001 0 1 12,15 0.001 1 1 241.295 605 ::f,2,14 f,3,1 f,13,2 f,15,12 
235:1,2 0.001 1 0 3,3 0.001 1 0 3,2 0.001 0 -1 225.293 635 3,12 0.001 -1 0 3,13 0.001 0 -1 1,12 0.001 -1 0 0.2852 80 12,1 0.001 0 1 13,3 0.001 1 1 12,0 0.001 -1 1 0.3111 65 14,13 0.001 -1 -1 12,14 0.001 0 1 12,15 0.001 1 0 241.296 605 ::f,2,14 f,3,1 f,13,2 f,15,12 
236:2,2 0.001 1 0 3,3 0.001 1 -1 3,2 0.001 0 -1 225.294 635 2,12 0.001 -1 0 3,12 0.001 0 -1 1,12 0.001 -1 1 0.2872 80 12,2 0.001 0 1 13,3 0.001 1 1 12,0 0.001 0 1 0.3121 65 14,13 0.001 -1 0 12,14 0.001 0 1 13,15 0.001 1 0 241.297 605 ::f,2,14 f,3,1 f,13,2 f,15,12 
237:2,2 0.001 1 0 3,3 0.001 0 -1 3,2 0.001 0 -1 235.294 650 2,12 0.001 -1 0 3,12 0.001 -1 -1 0,13 0.001 -1 1 0.2882 80 12,3 0.001 0 1 13,3 0.001 1 0 12,1 0.001 0 1 0.3141 65 13,13 0.001 -1 0 12,15 0.001 0 1 14,15 0.001 1 0 241.3 605 ::f,2,3 f,2,14 f,13,2 f,15,12 
238:2,2 0.001 1 -1 3,3 0.001 0 -1 3,1 0.001 0 -1 235.295 650 1,12 0.001 -1 0 3,12 0.001 -1 0 0,13 0.001 -1 1 0.2892 80 12,3 0.001 1 1 14,3 0.001 1 0 12,2 0.001 0 1 0.3161 65 13,13 0.001 -1 0 12,15 0.001 1 1 15,15 0.001 1 0 241.301 605 ::f,2,3 f,2,14 f,13,2 f,15,12 
239:2,2 0.001 0 -1 3,2 0.001 0 -1 3,0 0.001 0 -1 235.297 650 0,12 0.001 -1 0 2,12 0.001 -1 0 0,13 0.001 0 1 0.2912 80 12,3 0.001 1 0 14,3 0.001 1 0 12,2 0.001 0 1 0.3161 65 13,13 0.001 -1 1 12,15 0.001 1 0 15,15 0.001 1 -1 241.301 605 ::f,2,3 f,2,14 f,13,2 f,15,12 
240:2,1 0.001 0 -1 3,1 0.001 0 -1 3,0 0.001 -1 -1 235.299 650 0,12 0.001 -1 1 1,12 0.001 -1 0 0,14 0.001 0 1 0.2932 80 13,3 0.001 1 0 14,3 0.001 1 -1 12,3 0.001 0 1 0.3181 65 13,13 0.001 0 1 13,15 0.001 1 0 15,15 0.001 0 -1 241.302 605 ::f,2,3 f,2,14 f,13,2 f,15,12 
241:2,1 0.001 0 -1 3,1 0.001 0 -1 3,0 0.001 -1 0 235.299 650 0,12 0.001 0 1 1,12 0.001 -1 0 0,14 0.001 0 1 0.2932 80 13,3 0.001 1 0 15,2 0.001 1 -1 12,3 0.001 1 1 0.3191 65 13,14 0.001 0 1 14,15 0.001 1 0 15,14 0.001 0 -1 241.305 605 ::f,2,3 f,2,14 f,13,2 f,15,12 
242:2,1 0.001 -1 -1 3,1 0.001 0 -1 2,0 0.001 -1 0 235.3 650 0,13 0.001 0 1 0,12 0.001 -1 0 0,14 0.001 1 1 0.2952 80 14,3 0.001 1 0 15,2 0.001 1 -1 12,3 0.001 1 0 0.3201 65 13,14 0.001 0 1 15,15 0.001 1 0 15,13 0.001 0 -1 241.307 605 ::f,2,3 f,2,14 f,13,2 f,15,12 
243:2,1 0.001 -1 0 3,0 0.001 0 -1 1,0 0.001 -1 0 235.302 650 0,13 0.001 0 1 0,12 0.001 -1 1 1,15 0.001 1 1 0.2962 80 15,3 0.001 1 0 15,2 0.001 0 -1 13,3 0.001 1 0 0.3221 65 13,14 0.001 1 1 15,15 0.001 1 -1 15,13 0.001 0 -1 251.307 620 ::f,2,3 f,2,14 f,13,2 f,15,12 
244:1,1 0.001 -1 0 3,0 0.001 -1 -1 0,0 0.001 -1 0 235.304 650 0,14 0.001 0 1 0,12 0.001 0 1 1,15 0.001 1 1 0.2972 80 15,3 0.001 1 -1 15,1 0.001 0 -1 14,3 0.001 1 0 0.3241 65 13,14 0.001 1 0 15,15 0.001 0 -1 15,13 0.001 0 -1 261.307 635 ::f,2,3 f,2,14 f,13,2 f,13,15 
245:1,1 0.001 -1 0 3,0 0.001 -1 0 0,0 0.001 -1 1 235.304 650 0,15 0.001 0 1 0,13 0.001 0 1 1,15 0.001 1 0 0.2992 80 15,3 0.001 0 -1 15,1 0.001 0 -1 14,3 0.001 1 0 0.3241 65 14,14 0.001 1 0 15,14 0.001 0 -1 15,12 0.001 0 -1 261.31 635 ::f,2,3 f,2,14 f,13,2 f,13,15 
246:1,1 0.001 -1 1 2,0 0.001 -1 0 0,0 0.001 0 1 235.305 650 0,15 0.001 1 1 0,14 0.001 0 1 2,15 0.001 1 0 0.3012 80 15,2 0.001 0 -1 15,1 0.001 -1 -1 15,3 0.001 1 0 0.3261 65 14,14 0.001 1 0 15,13 0.001 0 -1 15,12 0.001 -1 -1 261.311 635 ::f,2,3 f,2,14 f,13,2 f,13,15 
247:1,1 0.001 0 1 1,0 0.001 -1 0 0,1 0.001 0 1 235.307 650 0,15 0.001 1 0 0,14 0.001 0 1 2,15 0.001 1 0 0.3012 80 15,2 0.001 0 -1 14,0 0.001 -1 -1 15,3 0.001 1 -1 0.3271 65 14,14 0.001 1 -1 15,13 0.001 0 -1 15,12 0.001 -1 0 261.311 635 ::f,2,3 f,2,14 f,13,2 f,13,15 
248:1,2 0.001 0 1 0,0 0.001 -1 0 0,2 0.001 0 1 235.31 650 1,15 0.001 1 0 0,15 0.001 0 1 2,15 0.001 1 -1 0.3032 80 15,1 0.001 0 -1 14,0 0.001 -1 -1 15,3 0.001 0 -1 0.3281 65 14,14 0.001 0 -1 15,13 0.001 0 -1 14,12 0.001 -1 0 261.312 635 ::f,2,3 f,2,14 f,13,2 f,13,15 
249:1,2 0.001 0 1 0,0 0.001 -1 1 0,3 0.001 0 1 235.311 650 1,15 0.001 1 0 0,15 0.001 1 1 3,14 0.001 1 -1 0.3042 80 15,0 0.001 0 -1 14,0 0.001 -1 0 15,2 0.001 0 -1 0.3301 65 14,13 0.001 0 -1 15,12 0.001 0 -1 13,12 0.001 -1 0 261.315 635 ::f,2,3 f,2,14 f,13,2 f,13,15 
250:1,2 0.001 1 1 0,0 0.001 0 1 0,3 0.001 1 1 235.311 650 2,15 0.001 1 0 0,15 0.001 1 0 3,14 0.001 1 -1 0.3052 80 15,0 0.001 -1 -1 13,0 0.001 -1 0 15,1 0.001 0 -1 0.3321 65 14,13 0.001 0 -1 15,12 0.001 -1 -1 12,12 0.001 -1 0 261.316 635 ::f,2,3 f,2,14 f,13,2 f,13,15 
251:1,2 0.001 1 0 0,1 0.001 0 1 0,3 0.001 1 0 235.312 650 3,15 0.001 1 0 1,15 0.001 1 0 3,14 0.001 0 -1 0.3072 80 15,0 0.001 -1 0 13,0 0.001 -1 0 15,1 0.001 0 -1 0.3321 65 14,13 0.001 -1 -1 15,12 0.001 -1 0 12,12 0.001 -1 1 261.316 635 ::f,2,3 f,2,14 f,13,2 f,13,15 
252:2,2 0.001 1 0 0,2 0.001 0 1 1,3 0.001 1 0 235.315 650 3,15 0.001 1 -1 2,15 0.001 1 0 3,13 0.001 0 -1 0.3092 80 14,0 0.001 -1 0 13,0 0.001 -1 1 15,0 0.001 0 -1 0.3341 65 14,13 0.001 -1 0 14,12 0.001 -1 0 12,12 0.001 0 1 261.317 635 ::f,2,3 f,2,14 f,13,2 f,13,15 
253:2,2 0.001 1 0 0,3 0.001 0 1 1,3 0.001 1 0 245.316 665 3,15 0.001 0 -1 2,15 0.001 1 0 3,13 0.001 0 -1 0.3092 80 14,0 0.001 -1 0 12,1 0.001 -1 1 15,0 0.001 -1 -1 0.3351 65 13,13 0.001 -1 0 13,12 0.001 -1 0 12,13 0.001 0 1 261.32 635 ::f,2,1 f,2,14 f,13,2 f,13,15 
254:2,2 0.001 1 -1 0,3 0.001 1 1 2,3 0.001 1 0 245.317 665 3,14 0.001 0 -1 3,15 0.001 1 0 3,13 0.001 -1 -1 0.3112 80 13,0 0.001 -1 0 12,1 0.001 -1 1 15,0 0.001 -1 0 0.3361 65 13,13 0.001 -1 0 12,12 0.001 -1 0 12,14 0.001 0 1 261.322 635 ::f,2,1 f,2,14 f,13,2 f,13,15 
255:2,2 0.001 0 -1 0,3 0.001 1 0 3,3 0.001 1 0 245.318 665 3,14 0.001 0 -1 3,15 0.001 1 -1 2,12 0.001 -1 -1 0.3122 80 12,0 0.001 -1 0 12,1 0.001 0 1 14,0 0.001 -1 0 0.3381 65 13,13 0.001 -1 1 12,12 0.001 -1 1 12,15 0.001 0 1 261.323 635 ::f,2,1 f,2,14 f,13,2 f,13,15 
256:2,2 0.001 0 -1 1,3 0.001 1 0 3,3 0.001 1 -1 245.319 665 3,13 0.001 0 -1 3,15 0.001 0 -1 2,12 0.001 -1 -1 0.3132 80 12,0 0.001 -1 1 12,2 0.001 0 1 13,0 0.001 -1 0 0.3401 65 13,13 0.001 0 1 12,12 0.001 0 1 12,15 0.001 1 1 261.323 635 ::f,2,1 f,2,14 f,13,2 f,13,15 
257:2,2 0.001 0 -1 2,3 0.001 1 0 3,3 0.001 0 -1 255.32 680 3,12 0.001 0 -1 3,14 0.001 0 -1 2,12 0.001 -1 0 0.3152 80 12,0 0.001 0 1 12,2 0.001 0 1 13,0 0.001 -1 0 0.3401 65 13,14 0.001 0 1 12,13 0.001 0 1 12,15 0.001 1 0 261.325 635 ::f,2,1 f,2,14 f,13,2 f,13,15 
258:2,2 0.001 0 -1 2,3 0.001 1 0 3,2 0.001 0 -1 265.321 695 3,12 0.001 -1 -1 3,13 0.001 0 -1 1,12 0.001 -1 0 0.3172 80 12,1 0.001 0 1 12,2 0.001 1 1 12,0 0.001 -1 0 0.3421 65 13,14 0.001 0 1 12,14 0.001 0 1 13,15 0.001 1 0 271.327 650 ::f,2,0 f,2,14 f,13,2 f,13,13 
259:2,1 0.001 0 -1 3,3 0.001 1 0 3,1 0.001 0 -1 265.324 695 3,12 0.001 -1 0 3,13 0.001 0 -1 1,12 0.001 -1 0 0.3172 80 12,1 0.001 0 1 13,3 0.001 1 1 12,0 0.001 -1 1 0.3431 65 13,14 0.001 1 1 12,15 0.001 0 1 14,15 0.001 1 0 271.329 650 ::f,2,0 f,2,14 f,13,2 f,13,13 
260:2,1 0.001 0 -1 3,3 0.001 1 -1 3,1 0.001 0 -1 285.325 725 2,12 0.001 -1 0 3,12 0.001 0 -1 1,12 0.001 -1 1 0.3192 80 12,2 0.001 0 1 13,3 0.001 1 1 12,0 0.001 0 1 0.3441 65 13,14 0.001 1 0 12,15 0.001 1 1 15,15 0.001 1 0 271.33 650 ::f,2,0 f,2,14 f,13,2 f,13,13 
261:2,1 0.001 -1 -1 3,3 0.001 0 -1 3,0 0.001 0 -1 285.326 725 2,12 0.001 -1 0 3,12 0.001 -1 -1 0,13 0.001 -1 1 0.3202 80 12,3 0.001 0 1 13,3 0.001 1 0 12,1 0.001 0 1 0.3461 65 14,14 0.001 1 0 12,15 0.001 1 0 15,15 0.001 1 -1 271.331 650 ::f,2,0 f,2,14 f,13,2 f,13,13 
262:2,1 0.001 -1 0 3,2 0.001 0 -1 3,0 0.001 -1 -1 285.327 725 1,12 0.001 -1 0 3,12 0.001 -1 0 0,13 0.001 -1 1 0.3212 80 12,3 0.001 1 1 14,3 0.001 1 0 12,2 0.001 0 1 0.3481 65 14,14 0.001 1 0 13,15 0.001 1 0 15,15 0.001 0 -1 271.332 650 ::f,2,0 f,2,14 f,13,2 f,13,13 
263:1,1 0.001 -1 0 3,1 0.001 0 -1 3,0 0.001 -1 0 285.329 725 0,12 0.001 -1 0 2,12 0.001 -1 0 0,13 0.001 0 1 0.3232 80 12,3 0.001 1 0 14,3 0.001 1 0 12,2 0.001 0 1 0.3481 65 14,14 0.001 1 -1 14,15 0.001 1 0 15,14 0.001 0 -1 271.334 650 ::f,2,0 f,2,14 f,13,2 f,13,13 
264:1,1 0.001 -1 0 3,1 0.001 0 -1 3,0 0.001 -1 0 285.329 725 0,12 0.001 -1 1 1,12 0.001 -1 0 0,14 0.001 0 1 0.3252 80 13,3 0.001 1 0 14,3 0.001 1 -1 12,3 0.001 0 1 0.3501 65 14,14 0.001 0 -1 15,15 0.001 1 0 15,13 0.001 0 -1 271.336 650 ::f,2,0 f,2,14 f,13,2 f,13,13 
265:1,1 0.001 -1 1 3,1 0.001 0 -1 3,0 0.001 -1 0 295.329 740 0,12 0.001 0 1 1,12 0.001 -1 0 0,14 0.001 0 1 0.3252 80 13,3 0.001 1 0 15,2 0.001 1 -1 12,3 0.001 1 1 0.3511 65 14,13 0.001 0 -1 15,15 0.001 1 -1 15,12 0.001 0 -1 271.338 650 ::f,1,2 f,2,14 f,13,2 f,13,13 
266:1,1 0.001 0 1 3,1 0.001 0 -1 2,0 0.001 -1 0 295.33 740 0,13 0.001 0 1 0,12 0.001 -1 0 0,14 0.001 1 1 0.3272 80 14,3 0.001 1 0 15,2 0.001 1 -1 12,3 0.001 1 0 0.3521 65 14,13 0.001 0 -1 15,15 0.001 0 -1 15,12 0.001 -1 -1 271.338 650 ::f,1,2 f,2,14 f,13,2 f,13,13 
267:1,1 0.001 0 1 3,0 0.001 0 -1 1,0 0.001 -1 0 295.332 740 0,13 0.001 0 1 0,12 0.001 -1 1 1,15 0.001 1 1 0.3282 80 15,3 0.001 1 0 15,2 0.001 0 -1 13,3 0.001 1 0 0.3541 65 14,13 0.001 -1 -1 15,14 0.001 0 -1 15,12 0.001 -1 0 271.339 650 ::f,1,2 f,2,14 f,13,2 f,13,13 
268:1,1 0.001 0 1 3,0 0.001 -1 -1 0,0 0.001 -1 0 305.333 755 0,14 0.001 0 1 0,12 0.001 0 1 1,15 0.001 1 1 0.3292 80 15,3 0.001 1 -1 15,1 0.001 0 -1 14,3 0.001 1 0 0.3561 65 14,13 0.001 -1 0 15,13 0.001 0 -1 14,12 0.001 -1 0 271.341 650 ::f,2,14 f,3,1 f,13,2 f,13,13 
269:1,2 0.001 0 1 3,0 0.001 -1 0 0,0 0.001 -1 1 305.334 755 0,15 0.001 0 1 0,13 0.001 0 1 1,15 0.001 1 0 0.3312 80 15,3 0.001 0 -1 15,1 0.001 0 -1 14,3 0.001 1 0 0.3561 65 14,13 0.001 -1 0 15,12 0.001 0 -1 13,12 0.001 -1 0 271.343 650 ::f,2,14 f,3,1 f,13,2 f,13,13 
270:1,2 0.001 0 1 2,0 0.001 -1 0 0,0 0.001 0 1 305.335 755 0,15 0.001 1 1 0,14 0.001 0 1 2,15 0.001 1 0 0.3332 80 15,2 0.001 0 -1 15,1 0.001 -1 -1 15,3 0.001 1 0 0.3581 65 14,13 0.001 -1 0 15,12 0.001 -1 -1 12,12 0.001 -1 0 281.344 665 ::f,2,14 f,3,1 f,12,15 f,13,2 
271:1,2 0.001 1 1 1,0 0.001 -1 0 0,1 0.001 0 1 305.337 755 0,15 0.001 1 0 0,14 0.001 0 1 2,15 0.001 1 0 0.3332 80 15,2 0.001 0 -1 14,0 0.001 -1 -1 15,3 0.001 1 -1 0.3591 65 14,13 0.001 -1 0 15,12 0.001 -1 0 12,12 0.001 -1 1 281.344 665 ::f,2,14 f,3,1 f,12,15 f,13,2 
272:1,2 0.001 1 0 0,0 0.001 -1 0 0,2 0.001 0 1 305.339 755 1,15 0.001 1 0 0,15 0.001 0 1 2,15 0.001 1 -1 0.3352 80 15,1 0.001 0 -1 14,0 0.001 -1 -1 15,3 0.001 0 -1 0.3601 65 14,13 0.001 -1 0 14,12 0.001 -1 0 12,12 0.001 0 1 281.345 665 ::f,2,14 f,3,1 f,12,15 f,13,2 
273:2,2 0.001 1 0 0,0 0.001 -1 1 0,3 0.001 0 1 305.341 755 1,15 0.001 1 0 0,15 0.001 1 1 3,14 0.001 1 -1 0.3362 80 15,0 0.001 0 -1 14,0 0.001 -1 0 15,2 0.001 0 -1 0.3621 65 13,13 0.001 -1 0 13,12 0.001 -1 0 12,13 0.001 0 1 281.348 665 ::f,2,14 f,3,1 f,12,15 f,13,2 
274:2,2 0.001 1 0 0,0 0.001 0 1 0,3 0.001 1 1 305.341 755 2,15 0.001 1 0 0,15 0.001 1 0 3,14 0.001 1 -1 0.3372 80 15,0 0.001 -1 -1 13,0 0.001 -1 0 15,1 0.001 0 -1 0.3641 65 13,13 0.001 -1 0 12,12 0.001 -1 0 12,14 0.001 0 1 281.35 665 ::f,2,14 f,3,1 f,12,15 f,13,2 
275:2,2 0.001 1 -1 0,1 0.001 0 1 0,3 0.001 1 0 305.342 755 3,15 0.001 1 0 1,15 0.001 1 0 3,14 0.001 0 -1 0.3392 80 15,0 0.001 -1 0 13,0 0.001 -1 0 15,1 0.001 0 -1 0.3641 65 13,13 0.001 -1 1 12,12 0.001 -1 1 12,14 0.001 0 1 291.35 680 ::f,2,14 f,3,1 f,13,2 f,13,14 
276:2,2 0.001 0 -1 0,2 0.001 0 1 1,3 0.001 1 0 305.344 755 3,15 0.001 1 -1 2,15 0.001 1 0 3,13 0.001 0 -1 0.3412 80 14,0 0.001 -1 0 13,0 0.001 -1 1 15,0 0.001 0 -1 0.3661 65 13,13 0.001 0 1 12,12 0.001 0 1 12,15 0.001 0 1 291.351 680 ::f,2,14 f,3,1 f,13,2 f,13,14 
277:2,1 0.001 0 -1 0,3 0.001 0 1 2,3 0.001 1 0 305.347 755 3,15 0.001 0 -1 2,15 0.001 1 0 3,13 0.001 0 -1 0.3412 80 14,0 0.001 -1 0 12,1 0.001 -1 1 15,0 0.001 -1 -1 0.3671 65 13,13 0.001 0 1 12,13 0.001 0 1 12,15 0.001 1 1 291.352 680 ::f,2,14 f,3,1 f,13,2 f,13,14 
278:2,1 0.001 0 -1 0,3 0.001 1 1 3,3 0.001 1 0 305.348 755 3,14 0.001 0 -1 3,15 0.001 1 0 3,13 0.001 -1 -1 0.3432 80 13,0 0.001 -1 0 12,1 0.001 -1 1 15,0 0.001 -1 0 0.3681 65 13,13 0.001 0 1 12,14 0.001 0 1 12,15 0.001 1 0 291.353 680 ::f,2,14 f,3,1 f,13,2 f,13,14 
279:2,1 0.001 -1 -1 0,3 0.001 1 0 3,3 0.001 1 -1 305.348 755 3,14 0.001 0 -1 3,15 0.001 1 -1 2,12 0.001 -1 -1 0.3442 80 12,0 0.001 -1 0 12,1 0.001 0 1 14,0 0.001 -1 0 0.3701 65 13,13 0.001 0 1 12,14 0.001 0 1 13,15 0.001 1 0 301.354 695 ::f,2,14 f,3,1 f,13,2 f,13,14 
280:2,1 0.001 -1 0 1,3 0.001 1 0 3,3 0.001 0 -1 305.349 755 3,13 0.001 0 -1 3,15 0.001 0 -1 2,12 0.001 -1 -1 0.3452 80 12,0 0.001 -1 1 12,2 0.001 0 1 13,0 0.001 -1 0 0.3721 65 13,13 0.001 0 1 12,15 0.001 0 1 14,15 0.001 1 0 301.356 695 ::f,2,14 f,3,1 f,13,2 f,13,14 
281:1,1 0.001 -1 0 2,3 0.001 1 0 3,2 0.001 0 -1 305.352 755 3,12 0.001 0 -1 3,14 0.001 0 -1 2,12 0.001 -1 0 0.3472 80 12,0 0.001 0 1 12,2 0.001 0 1 13,0 0.001 -1 0 0.3721 65 13,13 0.001 0 1 12,15 0.001 1 1 15,15 0.001 1 0 311.357 710 ::f,2,14 f,3,1 f,12,13 f,13,2 
282:1,1 0.001 -1 0 3,3 0.001 1 0 3,2 0.001 0 -1 315.353 770 3,12 0.001 -1 -1 3,13 0.001 0 -1 1,12 0.001 -1 0 0.3492 80 12,1 0.001 0 1 12,2 0.001 1 1 12,0 0.001 -1 0 0.3741 65 13,14 0.001 0 1 12,15 0.001 1 0 15,15 0.001 1 -1 311.358 710 ::f,2,2 f,2,14 f,12,13 f,13,2 
283:1,1 0.001 -1 1 3,3 0.001 1 -1 3,1 0.001 0 -1 315.354 770 3,12 0.001 -1 0 3,13 0.001 0 -1 1,12 0.001 -1 0 0.3492 80 12,1 0.001 0 1 13,3 0.001 1 1 12,0 0.001 -1 1 0.3751 65 13,14 0.001 0 1 13,15 0.001 1 0 15,15 0.001 0 -1 311.359 710 ::f,2,2 f,2,14 f,12,13 f,13,2 
284:1,1 0.001 0 1 3,3 0.001 0 -1 3,0 0.001 0 -1 315.355 770 2,12 0.001 -1 0 3,12 0.001 0 -1 1,12 0.001 -1 1 0.3512 80 12,2 0.001 0 1 13,3 0.001 1 1 12,0 0.001 0 1 0.3761 65 13,14 0.001 1 1 14,15 0.001 1 0 15,14 0.001 0 -1 311.361 710 ::f,2,2 f,2,14 f,12,13 f,13,2 
285:1,2 0.001 0 1 3,2 0.001 0 -1 3,0 0.001 -1 -1 315.357 770 2,12 0.001 -1 0 3,12 0.001 -1 -1 0,13 0.001 -1 1 0.3522 80 12,3 0.001 0 1 13,3 0.001 1 0 12,1 0.001 0 1 0.3781 65 13,14 0.001 1 0 15,15 0.001 1 0 15,13 0.001 0 -1 311.363 710 ::f,2,2 f,2,14 f,12,13 f,13,2 
286:1,2 0.001 0 1 3,1 0.001 0 -1 3,0 0.001 -1 0 315.358 770 1,12 0.001 -1 0 3,12 0.001 -1 0 0,13 0.001 -1 1 0.3532 80 12,3 0.001 1 1 14,3 0.001 1 0 12,2 0.001 0 1 0.3801 65 14,14 0.001 1 0 15,15 0.001 1 -1 15,12 0.001 0 -1 311.365 710 ::f,2,2 f,2,14 f,12,13 f,13,2 
287:1,2 0.001 1 1 3,1 0.001 0 -1 2,0 0.001 -1 0 315.359 770 0,12 0.001 -1 0 2,12 0.001 -1 0 0,13 0.001 0 1 0.3552 80 12,3 0.001 1 0 14,3 0.001 1 0 12,2 0.001 0 1 0.3801 65 14,14 0.001 1 0 15,15 0.001 0 -1 15,12 0.001 -1 -1 311.365 710 ::f,2,2 f,2,14 f,12,13 f,13,2 
288:1,2 0.001 1 0 3,0 0.001 0 -1 1,0 0.001 -1 0 315.361 770 0,12 0.001 -1 1 1,12 0.001 -1 0 0,14 0.001 0 1 0.3572 80 13,3 0.001 1 0 14,3 0.001 1 -1 12,3 0.001 0 1 0.3821 65 14,14 0.001 1 -1 15,14 0.001 0 -1 15,12 0.001 -1 0 311.366 710 ::f,2,2 f,2,14 f,12,13 f,13,2 
289:1,2 0.001 1 0 3,0 0.001 -1 -1 0,0 0.001 -1 0 315.362 770 0,12 0.001 0 1 1,12 0.001 -1 0 0,14 0.001 0 1 0.3572 80 13,3 0.001 1 0 15,2 0.001 1 -1 12,3 0.001 1 1 0.3831 65 14,14 0.001 0 -1 15,13 0.001 0 -1 14,12 0.001 -1 0 311.368 710 ::f,2,2 f,2,14 f,12,13 f,13,2 
290:1,2 0.001 1 0 3,0 0.001 -1 0 0,0 0.001 -1 1 325.362 785 0,13 0.001 0 1 0,12 0.001 -1 0 0,14 0.001 1 1 0.3592 80 14,3 0.001 1 0 15,2 0.001 1 -1 12,3 0.001 1 0 0.3841 65 14,13 0.001 0 -1 15,12 0.001 0 -1 13,12 0.001 -1 0 311.371 710 ::f,0,3 f,2,14 f,12,13 f,13,2 
291:1,2 0.001 1 0 2,0 0.001 -1 0 0,0 0.001 0 1 325.363 785 0,13 0.001 0 1 0,12 0.001 -1 1 1,15 0.001 1 1 0.3602 80 15,3 0.001 1 0 15,2 0.001 0 -1 13,3 0.001 1 0 0.3861 65 14,13 0.001 0 -1 15,12 0.001 -1 -1 12,12 0.001 -1 0 311.372 710 ::f,0,3 f,2,14 f,12,13 f,13,2 
292:1,2 0.001 1 0 1,0 0.001 -1 0 0,1 0.001 0 1 325.365 785 0,14 0.001 0 1 0,12 0.001 0 1 1,15 0.001 1 1 0.3612 80 15,3 0.001 1 -1 15,1 0.001 0 -1 14,3 0.001 1 0 0.3881 65 14,13 0.001 -1 -1 15,12 0.001 -1 0 12,12 0.001 -1 1 311.372 710 ::f,0,3 f,2,14 f,12,13 f,13,2 
293:2,2 0.001 1 0 0,0 0.001 -1 0 0,2 0.001 0 1 325.368 785 0,15 0.001 0 1 0,13 0.001 0 1 1,15 0.001 1 0 0.3632 80 15,3 0.001 0 -1 15,1 0.001 0 -1 14,3 0.001 1 0 0.3881 65 14,13 0.001 -1 0 14,12 0.001 -1 0 12,12 0.001 0 1 311.373 710 ::f,0,3 f,2,14 f,12,13 f,13,2 
294:2,2 0.001 1 0 0,0 0.001 -1 1 0,2 0.001 0 1 335.368 800 0,15 0.001 1 1 0,14 0.001 0 1 2,15 0.001 1 0 0.3652 80 15,2 0.001 0 -1 15,1 0.001 -1 -1 15,3 0.001 1 0 0.3901 65 13,13 0.001 -1 0 13,12 0.001 -1 0 12,12 0.001 0 1 311.375 710 ::f,0,3 f,2,14 f,12,13 f,13,2 
295:2,2 0.001 1 -1 0,0 0.001 0 1 0,2 0.001 0 1 345.368 815 0,15 0.001 1 0 0,14 0.001 0 1 2,15 0.001 1 0 0.3652 80 15,2 0.001 0 -1 14,0 0.001 -1 -1 15,3 0.001 1 -1 0.3911 65 13,13 0.001 -1 0 13,12 0.001 -1 0 12,13 0.001 0 1 321.376 725 ::f,0,3 f,2,14 f,13,2 f,14,13 
296:2,2 0.001 0 -1 0,1 0.001 0 1 0,2 0.001 0 1 345.369 815 1,15 0.001 1 0 0,15 0.001 0 1 2,15 0.001 1 -1 0.3672 80 15,1 0.001 0 -1 14,0 0.001 -1 -1 15,3 0.001 0 -1 0.3921 65 13,13 0.001 -1 1 12,12 0.001 -1 0 12,14 0.001 0 1 321.378 725 ::f,0,3 f,2,14 f,13,2 f,14,13 
297:2,1 0.001 0 -1 0,1 0.001 0 1 0,2 0.001 0 1 355.37 830 1,15 0.001 1 0 0,15 0.001 1 1 3,14 0.001 1 -1 0.3682 80 15,0 0.001 0 -1 14,0 0.001 -1 0 15,2 0.001 0 -1 0.3941 65 13,13 0.001 0 1 12,12 0.001 -1 1 12,15 0.001 0 1 321.379 725 ::f,2,14 f,3,2 f,13,2 f,14,13 
298:2,1 0.001 0 -1 0,1 0.001 0 1 0,3 0.001 0 1 355.371 830 2,15 0.001 1 0 0,15 0.001 1 0 3,14 0.001 1 -1 0.3692 80 15,0 0.001 -1 -1 13,0 0.001 -1 0 15,1 0.001 0 -1 0.3961 65 13,14 0.001 0 1 12,12 0.001 0 1 12,15 0.001 1 1 321.38 725 ::f,2,14 f,3,2 f,13,2 f,14,13 
299:2,1 0.001 -1 -1 0,2 0.001 0 1 0,3 0.001 1 1 355.372 830 3,15 0.001 1 0 1,15 0.001 1 0 3,14 0.001 0 -1 0.3712 80 15,0 0.001 -1 0 13,0 0.001 -1 0 15,1 0.001 0 -1 0.3961 65 13,14 0.001 0 1 12,13 0.001 0 1 12,15 0.001 1 0 321.381 725 ::f,2,14 f,3,2 f,13,2 f,14,13 
