16
0:2,2 0.002 -1 1 3,1 0.003 -1 -1 1,3 0.002 0 1 0 42 0,14 0.002 1 1 0,13 0.003 -1 1 3,12 0.002 -1 0 0 46 13,2 0.002 1 1 14,2 0.002 -1 0 15,2 0.002 -1 -1 0 42 12,14 0.002 0 1 13,14 0.003 0 -1 15,13 0.002 0 -1 0 46 :1,3 1,4 1,15 14,3 13,2 12,15 :f,0,12 f,3,3 f,12,15 f,14,1 
1:2,2 0.002 -1 1 3,1 0.003 -1 0 1,3 0.002 0 1 0 34 0,14 0.002 1 1 0,13 0.003 0 1 3,12 0.002 -1 0 0 38 13,2 0.002 1 1 14,2 0.002 -1 0 15,2 0.002 -1 0 0 34 12,14 0.002 0 1 13,14 0.003 -1 -1 15,13 0.002 -1 -1 0 42 :1,5 15,4 1,3 1,4 1,15 2,12 14,3 13,2 12,15 :f,0,12 f,3,3 f,12,15 f,14,1 
2:2,2 0.002 -1 1 3,1 0.002 -1 0 1,3 0.002 0 1 0 22 0,14 0.002 1 1 0,13 0.002 0 1 3,12 0.002 -1 0 0 26 13,2 0.002 1 1 14,2 0.002 -1 0 15,2 0.002 -1 0 0 22 12,14 0.002 0 1 13,14 0.003 -1 0 15,13 0.002 -1 0 0 38 :1,6 1,5 1,12 15,4 1,3 2,1 1,4 1,15 0,14 2,12 14,3 13,2 14,2 12,15 :f,0,12 f,3,3 f,12,15 f,14,1 
3:2,2 0.002 -1 1 3,1 0.002 -1 0 1,3 0.002 0 1 0 10 0,14 0.002 1 1 0,13 0.002 0 1 3,12 0.002 -1 0 0 14 13,2 0.002 1 1 14,2 0.002 -1 0 15,2 0.002 -1 0 0 10 12,14 0.002 0 1 13,14 0.002 -1 0 15,13 0.002 -1 0 0 26 :1,7 1,6 0,12 1,1 1,5 1,12 15,4 1,3 2,1 1,4 1,15 0,14 2,12 14,3 13,2 14,2 12,15 12,14 14,13 :f,0,12 f,3,3 f,12,15 f,14,1 
4:2,2 0.002 -1 1 3,1 0.002 -1 0 1,3 0.002 1 1 0 2 0,14 0.002 1 1 0,13 0.002 0 1 3,12 0.002 -1 0 0 2 13,2 0.002 1 1 14,2 0.002 -1 0 15,2 0.001 -1 0 0 2 12,14 0.002 0 1 13,14 0.002 -1 0 15,13 0.002 -1 0 0 14 :1,8 1,7 0,1 1,6 0,12 1,1 1,5 1,12 15,4 13,13 1,3 2,1 1,15 0,14 2,12 14,3 13,2 12,15 12,14 14,13 :f,0,12 f,3,3 f,12,15 f,14,1 
5:2,2 0.001 -1 1 3,1 0.002 -1 1 1,3 0.002 1 0 0 2 0,14 0.002 1 0 0,13 0.002 1 1 3,12 0.002 -1 1 0 2 13,2 0.002 1 0 14,2 0.002 -1 0 15,2 0.001 -1 1 0 2 12,14 0.002 0 1 13,14 0.002 -1 0 15,13 0.002 -1 0 0 2 :1,9 1,8 1,7 0,1 1,6 0,12 12,13 1,1 1,12 15,4 13,13 12,15 12,14 14,13 :f,0,12 f,3,3 f,12,15 f,14,1 
6:2,2 0.001 -1 1 3,1 0.002 0 1 1,3 0.002 1 -1 0 2 1,14 0.002 1 0 0,13 0.002 1 0 3,12 0.002 0 1 0.001 2 13,2 0.002 1 -1 14,2 0.001 -1 0 15,2 0.001 0 1 0 2 12,14 0.001 0 1 13,14 0.002 -1 0 15,13 0.002 -1 0 0.0001 9 :1,10 1,9 1,8 1,7 11,13 0,1 0,12 12,13 13,13 12,14 14,13 :f,0,12 f,3,3 f,13,15 f,14,1 
7:2,2 0.001 -1 1 3,1 0.002 1 1 1,3 0.002 0 -1 0 2 1,14 0.001 1 0 0,13 0.002 1 -1 3,12 0.002 1 1 0.001 2 13,2 0.002 0 -1 14,2 0.001 -1 0 15,3 0.001 0 1 0.001 2 12,14 0.002 0 1 13,14 0.002 -1 0 14,13 0.002 -1 0 0.0011 1 :1,11 1,10 1,9 1,8 10,13 11,13 12,13 13,13 12,15 12,14 :f,0,12 f,3,3 f,13,15 f,14,1 
8:2,2 0.001 0 1 3,1 0.002 1 0 1,3 0.002 -1 -1 0 2 2,14 0.001 1 0 0,13 0.002 0 -1 3,12 0.002 1 1 0.002 2 13,2 0.002 -1 -1 14,2 0.001 -1 0 15,3 0.001 0 1 0.001 2 12,14 0.001 0 1 13,14 0.002 -1 0 14,13 0.001 -1 0 0.0011 1 :1,12 1,11 1,10 1,9 9,13 10,13 11,13 12,13 :f,0,12 f,3,3 f,13,15 f,14,1 
9:2,3 0.001 0 1 3,1 0.002 1 -1 1,3 0.002 -1 0 0.001 2 3,14 0.001 1 0 0,13 0.002 -1 -1 3,12 0.002 1 0 0.003 2 13,2 0.002 -1 0 14,2 0.001 -1 0 15,3 0.001 1 1 0.001 2 12,15 0.001 0 1 13,14 0.001 -1 0 13,13 0.001 -1 0 0.0031 1 :1,13 1,12 1,11 1,10 8,13 9,13 10,13 11,13 :f,0,12 f,3,3 f,13,15 f,14,1 
10:2,3 0.001 1 1 3,1 0.002 0 -1 1,3 0.002 -1 1 0.001 2 3,14 0.001 1 0 0,13 0.002 -1 0 3,12 0.002 1 -1 0.003 2 12,2 0.002 -1 0 13,2 0.001 -1 0 15,3 0.001 1 1 0.003 2 12,15 0.001 0 1 13,14 0.001 -1 -1 12,13 0.001 -1 0 0.0041 1 :1,14 1,13 1,12 1,11 7,13 8,13 9,13 10,13 :f,0,12 f,3,3 f,13,15 f,14,1 
11:2,3 0.001 1 1 3,1 0.002 -1 -1 1,3 0.002 0 1 0.001 2 3,14 0.001 1 0 0,13 0.002 -1 1 3,12 0.002 0 -1 0.003 2 12,2 0.002 -1 0 13,2 0.001 -1 0 15,3 0.001 1 0 0.003 2 12,15 0.001 0 1 13,14 0.001 -1 -1 12,13 0.001 -1 0 0.0041 1 :1,15 1,14 1,13 1,12 6,13 7,13 8,13 9,13 :f,0,12 f,3,3 f,13,15 f,14,1 
12:2,3 0.001 1 1 3,1 0.002 -1 0 1,3 0.002 1 1 0.001 2 3,14 0.001 1 0 0,13 0.002 0 1 3,12 0.002 -1 -1 0.003 2 12,2 0.002 -1 0 13,2 0.001 -1 -1 15,3 0.001 1 -1 0.003 2 12,15 0.001 1 1 13,14 0.001 -1 -1 12,13 0.001 -1 0 0.0041 1 :1,15 1,14 1,13 5,13 6,13 7,13 8,13 :f,0,12 f,3,3 f,13,15 f,14,1 
13:2,3 0.001 1 1 3,1 0.002 -1 1 1,3 0.002 1 0 0.001 2 3,14 0.001 1 0 0,13 0.002 1 1 3,12 0.002 -1 0 0.003 2 12,2 0.002 -1 1 12,1 0.001 -1 -1 15,3 0.001 0 -1 0.004 2 12,15 0.001 1 0 13,14 0.001 -1 -1 12,13 0.001 -1 0 0.0041 1 :1,15 1,14 4,13 5,13 6,13 7,13 :f,0,12 f,3,3 f,13,15 f,14,1 
14:2,3 0.001 1 1 3,1 0.002 0 1 1,3 0.002 1 -1 0.001 2 3,14 0.001 1 0 0,13 0.002 1 0 3,12 0.002 -1 1 0.003 2 12,2 0.002 0 1 12,1 0.001 -1 -1 15,3 0.001 -1 -1 0.004 2 12,15 0.001 1 -1 13,14 0.001 -1 -1 12,13 0.001 -1 1 0.0041 1 :1,15 3,13 4,13 5,13 6,13 :f,0,12 f,3,3 f,13,15 f,14,1 
15:2,3 0.001 1 1 3,1 0.002 1 1 1,3 0.002 0 -1 0.001 2 3,14 0.001 1 0 0,13 0.002 1 -1 3,12 0.002 0 1 0.003 2 12,2 0.002 1 1 12,1 0.001 -1 -1 14,2 0.001 -1 -1 0.005 2 12,15 0.001 0 -1 13,14 0.001 -1 -1 12,13 0.001 0 1 0.0041 1 :2,13 3,13 4,13 5,13 :f,0,12 f,3,3 f,13,15 f,14,1 
16:2,3 0.001 1 1 3,1 0.002 1 0 1,3 0.002 -1 -1 0.001 2 3,14 0.001 1 -1 0,13 0.002 0 -1 3,12 0.002 1 1 0.003 2 12,2 0.002 1 0 12,1 0.001 -1 -1 14,2 0.001 -1 -1 0.005 2 12,14 0.001 0 -1 13,14 0.001 -1 -1 12,13 0.001 1 1 0.0051 1 :1,13 2,13 3,13 4,13 :f,0,12 f,3,3 f,13,15 f,14,1 
17:2,3 0.001 1 1 3,1 0.002 1 -1 1,3 0.002 -1 0 0.001 2 3,14 0.001 1 -1 0,13 0.002 -1 -1 3,12 0.002 1 0 0.003 2 12,2 0.002 1 -1 12,1 0.001 -1 0 14,2 0.001 -1 0 0.005 2 12,14 0.001 -1 -1 13,14 0.001 -1 -1 12,13 0.001 1 0 0.0051 1 :0,13 1,13 2,13 3,13 :f,0,12 f,3,3 f,13,15 f,14,1 
18:2,3 0.001 1 1 3,1 0.002 0 -1 1,3 0.002 -1 1 0.001 2 3,14 0.001 1 -1 0,13 0.002 -1 0 3,12 0.002 1 0 0.003 2 13,1 0.002 1 -1 12,1 0.001 -1 0 13,2 0.001 -1 0 0.007 2 12,14 0.001 -1 0 13,14 0.001 -1 -1 12,13 0.001 1 -1 3.0051 1 :0,13 1,13 2,13 :f,0,12 f,3,3 f,13,15 f,14,1 
19:2,3 0.001 1 1 3,1 0.002 -1 -1 1,3 0.002 0 1 0.001 2 3,14 0.001 1 -1 0,13 0.002 -1 1 3,12 0.002 1 -1 0.003 2 13,1 0.001 1 -1 12,1 0.001 -1 1 13,2 0.001 -1 0 0.007 2 12,14 0.001 -1 0 13,14 0.001 -1 -1 12,13 0.001 0 -1 6.0051 1 :0,13 1,13 :f,0,12 f,3,3 f,13,15 f,14,1 
20:2,3 0.001 1 1 3,1 0.002 -1 0 1,3 0.002 1 1 0.001 2 3,14 0.001 1 -1 0,13 0.002 0 1 3,12 0.002 1 -1 0.003 2 14,0 0.001 1 -1 12,1 0.001 0 1 12,2 0.001 -1 0 0.009 2 12,14 0.001 -1 1 13,14 0.001 0 -1 12,13 0.001 -1 -1 9.0051 1 :0,13 :f,0,12 f,3,3 f,13,15 f,14,1 
21:2,3 0.001 1 1 3,1 0.002 -1 1 1,3 0.002 1 0 0.001 2 3,14 0.001 1 -1 0,13 0.002 1 1 3,12 0.002 0 -1 0.003 2 14,0 0.001 1 -1 12,1 0.001 1 1 12,2 0.001 -1 0 0.009 2 12,14 0.001 0 1 13,13 0.001 0 -1 12,13 0.001 -1 0 12.0061 1 ::f,0,12 f,3,3 f,13,15 f,14,1 
22:2,3 0.001 1 1 3,1 0.002 0 1 1,3 0.002 1 -1 0.001 2 3,14 0.001 1 -1 0,13 0.002 1 0 3,12 0.002 -1 -1 0.003 2 14,0 0.001 1 -1 12,1 0.001 1 0 12,2 0.001 -1 0 0.009 2 12,14 0.001 1 1 13,12 0.001 0 -1 12,13 0.001 -1 1 12.0071 1 ::f,0,12 f,3,3 f,13,15 f,14,1 
23:2,3 0.001 1 1 3,1 0.002 1 1 1,3 0.002 0 -1 0.001 2 3,14 0.001 1 -1 0,13 0.002 1 -1 3,12 0.002 -1 0 0.003 2 14,0 0.001 1 -1 13,1 0.001 1 0 12,2 0.001 -1 1 0.01 2 12,14 0.001 1 1 13,12 0.001 1 -1 12,13 0.001 -1 1 12.0071 1 ::f,0,12 f,3,3 f,13,15 f,14,1 
24:2,3 0.001 1 1 3,1 0.002 1 0 1,3 0.002 -1 -1 0.001 2 3,14 0.001 1 -1 0,13 0.002 0 -1 3,12 0.002 -1 1 0.003 2 14,0 0.001 0 -1 13,1 0.001 1 0 12,2 0.002 -1 1 0.0101 13 12,14 0.001 1 1 13,12 0.001 1 -1 12,13 0.001 -1 1 12.0071 1 :11,3 :f,0,12 f,3,3 f,13,3 f,13,15 
25:2,3 0.001 1 1 3,1 0.002 1 -1 1,3 0.002 -1 0 0.001 2 3,14 0.001 1 -1 0,13 0.002 -1 -1 3,12 0.002 0 1 0.003 2 14,0 0.001 -1 -1 13,1 0.002 1 0 12,2 0.002 -1 1 0.0101 5 12,14 0.001 1 1 13,12 0.001 1 -1 12,13 0.001 0 1 12.0071 1 :10,4 14,1 11,3 :f,0,12 f,3,3 f,13,3 f,13,15 
26:2,3 0.001 0 1 3,1 0.002 0 -1 1,3 0.002 -1 1 0.001 2 3,14 0.001 1 -1 0,13 0.002 -1 0 3,12 0.002 1 1 0.003 2 14,0 0.001 -1 0 13,1 0.002 1 0 12,2 0.002 0 1 0.0101 1 12,14 0.001 1 1 13,12 0.001 1 -1 12,13 0.001 1 1 12.0071 1 :9,5 15,1 10,4 14,1 :f,0,12 f,3,3 f,13,3 f,13,15 
27:2,3 0.001 0 1 3,1 0.002 -1 -1 1,3 0.002 0 1 0.001 2 3,14 0.001 1 -1 0,13 0.002 -1 1 3,12 0.002 1 0 0.003 2 14,0 0.001 -1 1 13,1 0.001 1 0 12,3 0.002 0 1 0.0111 1 12,14 0.001 1 1 13,12 0.001 0 -1 12,13 0.001 1 0 12.0071 1 :8,6 9,5 15,1 :f,0,12 f,3,3 f,13,3 f,13,15 
28:2,3 0.001 0 1 3,1 0.002 -1 0 1,3 0.002 1 1 0.001 2 3,14 0.001 1 -1 0,13 0.002 0 1 3,12 0.002 1 -1 0.003 2 14,0 0.001 0 1 14,1 0.001 1 0 12,3 0.002 1 1 0.0121 1 12,14 0.001 1 1 13,12 0.001 -1 -1 12,13 0.002 1 0 12.0072 12 :7,7 8,6 13,13 :f,0,12 f,3,3 f,13,3 f,15,15 
29:2,3 0.001 0 1 3,1 0.002 -1 1 1,3 0.002 1 0 0.001 2 3,14 0.001 1 -1 0,13 0.002 1 1 3,12 0.002 0 -1 0.003 2 14,0 0.001 1 1 14,1 0.001 1 0 12,3 0.002 1 0 0.0121 1 12,14 0.002 1 1 13,12 0.001 -1 0 12,13 0.002 1 0 12.0072 4 :6,8 7,7 14,13 13,15 13,13 :f,0,12 f,3,3 f,13,3 f,15,15 
30:2,3 0.001 0 1 3,1 0.002 0 1 1,3 0.002 1 -1 0.001 2 3,14 0.001 1 -1 0,13 0.002 1 0 3,12 0.002 -1 -1 0.003 2 14,0 0.001 1 0 15,1 0.001 1 0 12,3 0.002 1 -1 0.0131 1 12,14 0.002 1 1 13,12 0.001 -1 1 13,13 0.002 1 0 12.0082 0 :5,9 6,8 15,13 14,13 13,15 :f,0,12 f,3,3 f,13,3 f,15,15 
31:2,3 0.001 0 1 3,1 0.002 1 1 1,3 0.002 0 -1 0.001 2 3,14 0.001 1 -1 0,13 0.002 1 -1 3,12 0.002 -1 0 0.003 2 14,0 0.001 1 -1 15,1 0.001 1 0 13,2 0.002 1 -1 0.0141 1 12,14 0.002 0 1 13,12 0.001 0 1 13,13 0.001 1 0 12.0082 0 :4,10 5,9 15,13 :f,0,12 f,3,3 f,13,3 f,15,15 
32:2,3 0.001 0 1 3,1 0.002 1 0 1,3 0.002 -1 -1 0.001 2 3,14 0.001 1 -1 0,13 0.002 0 -1 3,12 0.002 -1 1 0.003 2 14,0 0.001 1 -1 15,1 0.001 1 0 13,2 0.001 1 -1 0.0141 1 12,15 0.002 0 1 13,12 0.001 1 1 13,13 0.001 1 1 12.0092 0 :3,11 4,10 :f,0,12 f,3,3 f,13,3 f,15,15 
33:2,3 0.001 1 1 3,1 0.002 1 -1 1,3 0.002 -1 0 0.001 2 3,14 0.001 1 -1 0,13 0.002 -1 -1 3,12 0.002 0 1 0.003 2 14,0 0.001 0 -1 15,1 0.001 1 0 14,1 0.001 1 -1 0.0151 1 12,15 0.002 0 1 14,13 0.001 1 1 14,14 0.001 1 1 12.0112 0 :2,12 3,11 :f,0,12 f,3,3 f,13,3 f,15,15 
34:2,3 0.001 1 0 3,1 0.002 0 -1 1,3 0.002 -1 1 0.001 2 3,14 0.001 1 -1 0,13 0.002 -1 0 3,13 0.002 0 1 0.004 2 14,0 0.001 -1 -1 15,1 0.001 1 0 15,0 0.001 1 -1 0.0161 1 12,15 0.002 0 1 14,13 0.001 1 1 14,14 0.001 1 1 12.0112 0 :1,13 2,12 :f,0,12 f,3,3 f,13,3 f,15,15 
35:2,3 0.001 1 -1 3,1 0.002 -1 -1 1,3 0.002 0 1 0.001 2 3,14 0.001 1 -1 0,13 0.002 -1 1 3,13 0.002 1 1 0.004 2 14,0 0.001 -1 0 15,1 0.001 1 -1 15,0 0.001 1 0 0.0161 1 12,15 0.002 0 1 15,14 0.001 1 1 14,14 0.001 1 1 12.0122 0 :0,14 1,13 :f,0,12 f,3,3 f,13,3 f,15,15 
36:2,3 0.001 0 -1 3,1 0.002 -1 0 1,3 0.002 1 1 0.001 2 3,14 0.001 1 -1 0,13 0.002 0 1 3,13 0.002 1 0 0.004 2 14,0 0.001 -1 1 15,1 0.001 0 -1 15,0 0.001 1 0 0.0161 1 12,15 0.002 0 1 15,14 0.001 1 1 14,14 0.001 1 1 12.0122 0 :0,14 :f,0,12 f,3,3 f,13,3 f,15,15 
37:2,3 0.001 -1 -1 3,1 0.002 -1 1 1,3 0.002 1 0 0.001 2 3,14 0.001 1 -1 0,13 0.002 1 1 3,13 0.002 1 -1 0.004 2 13,1 0.001 -1 1 15,1 0.001 -1 -1 15,0 0.001 1 0 0.0171 1 12,15 0.002 0 1 15,14 0.001 1 1 14,14 0.001 1 1 12.0123 15 ::f,0,12 f,3,3 f,13,3 f,15,12 
38:1,2 0.001 -1 -1 3,1 0.002 0 1 1,3 0.002 1 -1 0.002 2 3,14 0.001 1 -1 0,13 0.002 1 0 3,13 0.002 0 -1 0.004 2 12,2 0.001 -1 1 15,1 0.001 -1 0 15,0 0.001 1 0 0.0181 1 12,15 0.002 0 1 15,14 0.002 1 1 14,14 0.002 1 1 12.0123 11 :15,15 :f,0,12 f,3,3 f,13,3 f,15,12 
39:1,2 0.001 -1 -1 3,1 0.002 1 1 1,3 0.002 0 -1 0.002 2 3,14 0.001 1 -1 0,13 0.002 1 -1 3,13 0.002 -1 -1 0.004 2 12,2 0.001 -1 1 15,1 0.001 -1 1 15,0 0.001 1 -1 0.0181 1 12,15 0.002 0 1 15,14 0.002 1 1 14,14 0.002 1 1 12.0123 7 :15,15 :f,0,12 f,3,3 f,13,3 f,15,12 
40:0,1 0.001 -1 -1 3,1 0.002 1 0 1,3 0.002 -1 -1 0.003 2 3,14 0.001 1 -1 0,13 0.002 0 -1 2,12 0.002 -1 -1 0.005 2 12,2 0.001 -1 0 15,1 0.001 0 1 15,0 0.001 0 -1 0.0181 1 12,15 0.002 0 1 15,14 0.002 1 1 14,14 0.002 1 1 12.0123 3 :15,15 :f,0,12 f,3,3 f,13,3 f,15,12 
41:0,1 0.001 -1 -1 3,1 0.002 1 -1 1,3 0.002 -1 0 0.003 2 3,14 0.001 1 -1 0,13 0.002 -1 -1 2,12 0.002 -1 -1 0.005 2 12,2 0.001 -1 0 15,2 0.001 0 1 15,0 0.001 -1 -1 0.0191 1 12,15 0.002 1 1 15,14 0.002 1 0 15,15 0.002 1 1 12.0133 3 ::f,0,12 f,3,3 f,13,3 f,15,12 
42:0,1 0.001 -1 -1 3,1 0.002 0 -1 1,3 0.002 -1 1 0.003 2 3,14 0.001 1 -1 0,13 0.002 -1 0 2,12 0.002 -1 -1 0.005 2 12,2 0.001 -1 0 15,3 0.001 0 1 15,0 0.001 -1 0 0.0201 1 12,15 0.002 1 0 15,14 0.002 1 -1 15,15 0.002 1 1 12.0133 3 ::f,0,12 f,3,3 f,13,3 f,15,12 
43:0,1 0.001 -1 0 3,1 0.002 -1 -1 1,3 0.002 0 1 0.003 2 3,14 0.001 1 -1 0,13 0.002 -1 1 2,12 0.002 -1 -1 0.005 2 12,2 0.001 -1 0 15,3 0.001 0 1 15,0 0.001 -1 1 0.0201 1 12,15 0.002 1 -1 15,14 0.002 0 -1 15,15 0.002 1 1 12.0133 3 ::f,0,12 f,3,3 f,13,3 f,15,12 
44:0,1 0.001 -1 1 3,1 0.002 -1 0 1,3 0.002 1 1 0.003 2 3,14 0.001 1 -1 0,13 0.002 0 1 2,12 0.001 -1 -1 0.005 2 12,2 0.001 -1 1 15,3 0.001 1 1 15,0 0.001 0 1 0.0201 1 12,15 0.002 0 -1 15,14 0.002 -1 -1 15,15 0.002 1 0 12.0133 3 ::f,0,12 f,3,3 f,13,3 f,15,12 
45:0,1 0.001 -1 1 3,1 0.002 -1 1 1,3 0.002 1 0 0.003 2 3,14 0.001 1 -1 0,13 0.002 1 1 2,12 0.001 -1 -1 0.005 2 12,2 0.001 0 1 15,3 0.001 1 0 15,0 0.001 1 1 0.0201 1 12,15 0.002 -1 -1 14,13 0.002 -1 -1 15,15 0.002 1 -1 12.0143 3 ::f,0,12 f,3,3 f,13,3 f,15,12 
46:0,1 0.001 -1 1 3,1 0.002 0 1 1,3 0.002 1 -1 0.003 2 3,14 0.001 1 -1 0,13 0.002 1 0 2,12 0.001 -1 -1 0.005 2 12,2 0.001 1 1 15,3 0.001 1 -1 15,0 0.001 1 0 0.0201 1 12,15 0.002 -1 -1 14,13 0.001 -1 -1 15,15 0.002 1 -1 12.0143 3 ::f,0,12 f,3,3 f,13,3 f,15,12 
47:0,1 0.001 0 1 3,1 0.002 1 1 1,3 0.002 0 -1 0.003 2 3,14 0.001 1 -1 0,13 0.002 1 -1 2,12 0.001 -1 -1 0.005 2 12,2 0.001 1 0 15,3 0.001 0 -1 15,0 0.001 1 -1 0.0201 1 12,15 0.002 -1 0 14,13 0.001 -1 -1 15,15 0.001 1 -1 12.0143 3 ::f,0,12 f,3,3 f,13,3 f,15,12 
48:0,1 0.001 1 1 3,1 0.002 1 0 1,3 0.002 -1 -1 0.003 2 3,14 0.001 1 -1 0,13 0.002 0 -1 2,12 0.001 -1 -1 0.005 2 12,2 0.001 1 -1 15,3 0.001 -1 -1 15,0 0.001 1 -1 0.0201 1 12,15 0.002 -1 1 13,12 0.001 -1 -1 15,15 0.001 1 0 12.0153 3 ::f,0,12 f,3,3 f,13,3 f,15,12 
49:1,2 0.001 1 1 3,1 0.002 1 -1 1,3 0.002 -1 0 0.004 2 3,14 0.001 1 -1 0,13 0.002 -1 -1 2,12 0.001 -1 -1 0.005 2 12,2 0.001 0 -1 15,3 0.001 -1 0 15,0 0.001 0 -1 0.0201 1 12,15 0.002 0 1 13,12 0.001 -1 -1 15,15 0.001 1 0 12.0153 3 ::f,0,12 f,3,3 f,13,3 f,15,12 
50:1,2 0.001 1 1 3,1 0.002 0 -1 1,3 0.002 -1 1 0.004 2 3,14 0.001 1 -1 0,13 0.002 -1 0 2,12 0.001 -1 -1 0.005 2 12,1 0.001 0 -1 15,3 0.001 -1 1 15,0 0.001 -1 -1 0.0211 1 12,15 0.002 1 1 13,12 0.001 -1 -1 15,15 0.001 1 0 12.0153 3 ::f,0,12 f,3,3 f,13,3 f,15,12 
51:1,2 0.001 1 1 3,1 0.002 -1 -1 1,3 0.002 0 1 0.004 2 3,14 0.001 1 -1 0,13 0.002 -1 1 2,12 0.001 -1 -1 0.005 2 12,1 0.001 -1 -1 15,3 0.001 -1 1 15,0 0.001 -1 0 0.0211 1 12,15 0.002 1 0 13,12 0.001 -1 -1 15,15 0.001 1 -1 12.0153 3 ::f,0,12 f,3,3 f,13,3 f,15,12 
52:2,3 0.001 1 1 3,1 0.002 -1 0 1,3 0.002 1 1 0.005 2 3,14 0.001 1 -1 0,13 0.002 0 1 2,12 0.001 -1 -1 0.005 2 12,1 0.001 -1 0 15,3 0.001 0 1 15,0 0.001 -1 1 0.0211 1 12,15 0.002 1 -1 13,12 0.001 -1 -1 15,15 0.001 0 -1 12.0153 3 ::f,0,12 f,3,3 f,13,3 f,15,12 
53:2,3 0.001 1 1 3,1 0.002 -1 1 1,3 0.002 1 0 0.005 2 3,14 0.001 1 -1 0,13 0.002 1 1 2,12 0.001 -1 -1 0.005 2 12,1 0.001 -1 1 15,3 0.001 1 1 15,0 0.001 0 1 0.0211 1 12,15 0.002 0 -1 13,12 0.001 -1 -1 15,15 0.001 -1 -1 12.0153 3 ::f,0,12 f,3,3 f,13,3 f,15,12 
54:2,3 0.001 1 1 3,1 0.002 0 1 1,3 0.002 1 -1 0.005 2 3,14 0.001 1 -1 0,13 0.002 1 0 2,12 0.001 -1 -1 0.005 2 12,1 0.001 0 1 15,3 0.001 1 0 15,0 0.001 1 1 0.0211 1 12,15 0.002 -1 -1 13,12 0.001 0 -1 15,15 0.001 -1 0 12.0153 3 ::f,0,12 f,3,3 f,13,3 f,15,12 
55:2,3 0.001 1 1 3,1 0.002 1 1 1,3 0.002 0 -1 0.005 2 3,14 0.001 1 -1 0,13 0.002 1 -1 2,12 0.001 -1 -1 0.005 2 12,1 0.001 1 1 15,3 0.001 1 -1 15,0 0.001 1 1 0.0211 1 12,15 0.002 -1 0 13,12 0.001 0 -1 15,15 0.001 -1 1 12.0153 3 ::f,0,12 f,3,3 f,13,3 f,15,12 
56:2,3 0.001 1 1 3,1 0.002 1 0 1,3 0.002 -1 -1 0.005 2 3,14 0.001 1 -1 0,13 0.002 0 -1 2,12 0.001 -1 -1 0.005 2 12,1 0.001 1 0 15,3 0.001 0 -1 15,0 0.001 1 0 0.0211 1 12,15 0.002 -1 0 13,12 0.001 0 -1 15,15 0.001 0 1 12.0153 3 ::f,0,12 f,3,3 f,13,3 f,15,12 
57:2,3 0.001 1 1 3,1 0.002 1 -1 1,3 0.002 -1 0 0.005 2 3,14 0.001 1 -1 0,13 0.002 -1 -1 2,12 0.001 -1 -1 0.005 2 13,1 0.001 1 0 15,3 0.001 -1 -1 15,0 0.001 1 -1 0.0221 1 12,15 0.002 -1 1 13,12 0.001 0 -1 15,15 0.001 1 1 12.0153 3 ::f,0,12 f,3,3 f,13,3 f,15,12 
58:2,3 0.001 1 1 3,1 0.002 0 -1 1,3 0.002 -1 1 0.005 2 3,14 0.001 1 -1 0,13 0.002 -1 0 2,12 0.001 0 -1 0.005 2 13,1 0.001 1 0 14,2 0.001 -1 -1 15,0 0.001 0 -1 0.0231 1 12,15 0.002 0 1 13,12 0.001 0 -1 15,15 0.001 1 0 12.0153 3 ::f,0,12 f,3,3 f,13,3 f,15,12 
59:2,3 0.001 1 1 3,1 0.002 -1 -1 1,3 0.002 0 1 0.005 2 3,14 0.001 1 -1 0,13 0.002 -1 1 2,12 0.001 0 -1 0.005 2 14,1 0.001 1 0 13,1 0.001 -1 -1 15,0 0.001 -1 -1 0.0251 1 12,15 0.002 1 1 13,12 0.001 -1 -1 15,15 0.001 1 -1 12.0153 3 ::f,0,12 f,3,3 f,13,3 f,15,12 
60:2,3 0.001 1 1 3,1 0.002 -1 0 1,3 0.002 1 1 0.005 2 3,14 0.001 1 -1 0,13 0.002 0 1 2,12 0.001 0 -1 0.005 2 14,1 0.001 1 0 13,1 0.001 -1 -1 15,0 0.001 -1 0 0.0251 1 12,15 0.002 1 0 13,12 0.001 -1 0 15,15 0.001 1 -1 12.0153 3 ::f,0,12 f,3,3 f,13,3 f,15,12 
61:2,3 0.001 1 1 3,1 0.002 -1 1 1,3 0.002 1 0 0.005 2 3,14 0.001 1 -1 0,13 0.002 1 1 2,12 0.001 0 -1 0.005 2 14,1 0.001 1 0 12,0 0.001 -1 -1 15,0 0.001 -1 1 0.0261 1 12,15 0.002 1 -1 13,12 0.001 -1 1 15,15 0.001 1 -1 12.0153 3 ::f,0,12 f,3,3 f,13,3 f,15,12 
62:2,3 0.001 1 1 3,1 0.002 0 1 1,3 0.002 1 -1 0.005 2 3,14 0.001 1 -1 0,13 0.002 1 0 2,12 0.001 -1 -1 0.005 2 15,1 0.001 1 0 12,0 0.001 -1 -1 15,0 0.001 0 1 0.0271 1 12,15 0.002 0 -1 13,12 0.001 0 1 15,15 0.001 0 -1 12.0153 3 ::f,0,12 f,3,3 f,13,3 f,15,12 
63:2,3 0.001 0 1 3,1 0.002 1 1 1,3 0.002 0 -1 0.005 2 3,14 0.001 1 -1 0,13 0.002 1 -1 2,12 0.001 -1 0 0.005 2 15,1 0.001 1 0 12,0 0.001 -1 -1 15,0 0.001 1 1 0.0271 1 12,15 0.002 -1 -1 13,13 0.001 0 1 15,14 0.001 0 -1 12.0173 3 ::f,0,12 f,3,3 f,13,3 f,15,12 
64:2,3 0.001 0 1 3,1 0.002 1 0 1,3 0.002 -1 -1 0.005 2 3,14 0.001 1 0 0,13 0.002 0 -1 2,12 0.001 -1 1 0.005 2 15,1 0.001 1 0 12,0 0.001 -1 -1 15,0 0.001 1 0 0.0271 1 12,15 0.002 -1 0 13,13 0.001 0 1 15,14 0.001 0 -1 12.0173 3 ::f,0,12 f,3,3 f,13,3 f,15,12 
65:2,3 0.001 0 1 3,1 0.002 1 -1 1,3 0.002 -1 0 0.005 2 3,14 0.001 1 0 0,13 0.002 -1 -1 1,13 0.001 -1 1 0.006 2 15,1 0.001 1 -1 12,0 0.001 -1 0 15,0 0.001 1 -1 0.0271 1 12,15 0.002 -1 1 13,13 0.001 1 1 15,13 0.001 0 -1 12.0183 3 ::f,0,12 f,3,3 f,13,3 f,15,12 
66:2,3 0.001 0 1 3,1 0.002 0 -1 1,3 0.002 -1 1 0.005 2 3,14 0.001 1 0 0,13 0.002 -1 0 1,13 0.001 -1 1 0.006 2 15,1 0.001 0 -1 12,0 0.001 -1 1 15,0 0.001 0 -1 0.0271 1 12,15 0.002 0 1 14,14 0.001 1 1 15,13 0.001 0 -1 12.0193 3 ::f,0,12 f,3,3 f,13,3 f,15,12 
67:2,3 0.001 0 1 3,1 0.002 -1 -1 1,3 0.002 0 1 0.005 2 3,14 0.001 1 0 0,13 0.002 -1 1 1,13 0.001 -1 1 0.006 2 15,1 0.001 -1 -1 12,0 0.001 0 1 15,0 0.001 -1 -1 0.0271 1 12,15 0.002 1 1 15,15 0.001 1 1 15,13 0.001 0 -1 12.0204 18 ::f,0,12 f,3,3 f,12,12 f,13,3 
68:2,3 0.001 1 1 3,1 0.002 -1 0 1,3 0.002 1 1 0.005 2 3,14 0.001 1 0 0,13 0.002 0 1 0,14 0.001 -1 1 0.007 2 14,0 0.001 -1 -1 12,0 0.001 1 1 15,0 0.001 -1 0 0.0281 1 12,15 0.002 1 1 15,15 0.002 1 1 15,12 0.001 0 -1 12.0214 18 ::f,0,12 f,3,3 f,12,12 f,13,3 
69:2,3 0.001 1 0 3,1 0.002 -1 1 1,3 0.002 1 0 0.005 2 3,14 0.001 1 0 0,13 0.002 1 1 0,14 0.001 -1 1 0.007 2 14,0 0.001 -1 -1 13,1 0.001 1 1 15,0 0.001 -1 1 0.0291 1 12,15 0.002 1 1 15,15 0.002 1 1 15,12 0.001 0 -1 12.0214 18 ::f,0,12 f,3,3 f,12,12 f,13,3 
70:2,3 0.001 1 -1 3,1 0.002 0 1 1,3 0.002 1 -1 0.005 2 3,14 0.001 1 -1 0,13 0.002 1 0 0,14 0.001 -1 1 0.007 2 14,0 0.001 -1 -1 13,1 0.001 1 1 15,0 0.001 0 1 0.0291 1 12,15 0.002 1 1 15,15 0.002 1 1 15,12 0.001 0 -1 12.0214 18 ::f,0,12 f,3,3 f,12,12 f,13,3 
71:2,3 0.001 0 -1 3,1 0.002 1 1 1,3 0.002 0 -1 0.005 2 3,14 0.001 1 -1 0,13 0.002 1 -1 0,14 0.001 -1 1 0.007 2 14,0 0.001 0 -1 14,2 0.001 1 1 15,1 0.001 0 1 0.0311 1 12,15 0.002 1 1 15,15 0.002 1 1 15,12 0.001 -1 -1 12.0214 18 ::f,0,12 f,3,3 f,12,12 f,13,3 
72:2,2 0.001 0 -1 3,1 0.002 1 0 1,3 0.002 -1 -1 0.006 2 3,14 0.001 1 -1 0,13 0.002 0 -1 0,14 0.001 -1 1 0.007 2 14,0 0.001 0 -1 15,3 0.001 1 1 15,1 0.001 1 1 0.0321 1 12,15 0.002 1 1 15,15 0.002 1 1 15,12 0.001 -1 0 12.0214 18 ::f,0,12 f,3,3 f,12,12 f,13,3 
73:2,2 0.001 0 -1 3,1 0.002 1 -1 1,3 0.002 -1 0 0.006 2 3,14 0.001 1 -1 0,13 0.002 -1 -1 0,14 0.001 -1 1 0.007 2 14,0 0.001 0 -1 15,3 0.001 1 1 15,1 0.001 1 0 0.0321 1 12,15 0.002 1 1 15,15 0.002 1 1 15,12 0.002 -1 0 12.0214 14 :14,12 :f,0,12 f,3,3 f,12,12 f,13,3 
74:2,2 0.001 -1 -1 3,1 0.002 0 -1 1,3 0.002 -1 1 0.006 2 3,14 0.001 1 -1 0,13 0.002 -1 0 0,14 0.001 -1 0 0.007 2 14,0 0.001 0 -1 15,3 0.001 1 1 15,1 0.001 1 0 0.0321 1 12,15 0.002 1 1 15,15 0.002 1 1 15,12 0.002 -1 0 12.0214 10 :13,12 14,12 :f,0,12 f,3,3 f,12,12 f,13,3 
75:1,1 0.001 -1 -1 3,1 0.002 -1 -1 1,3 0.002 0 1 0.007 2 3,14 0.001 1 0 0,13 0.002 -1 1 0,14 0.001 -1 0 0.007 2 14,0 0.001 0 -1 15,3 0.001 1 0 15,1 0.001 1 -1 0.0321 1 12,15 0.002 1 1 15,15 0.002 1 1 15,12 0.002 -1 0 12.0214 6 :12,12 13,12 14,12 :f,0,12 f,3,3 f,12,12 f,13,3 
76:1,1 0.001 -1 -1 3,1 0.002 -1 0 1,3 0.002 1 1 0.007 2 3,14 0.001 1 0 0,13 0.002 0 1 0,14 0.001 -1 0 0.007 2 14,0 0.001 0 -1 15,3 0.001 1 -1 15,1 0.001 1 -1 0.0321 1 12,15 0.002 1 1 15,15 0.002 1 1 15,12 0.002 -1 0 12.0214 2 :11,12 12,12 13,12 14,12 :f,0,12 f,3,3 f,12,12 f,13,3 
77:0,0 0.001 -1 -1 3,1 0.002 -1 1 1,3 0.002 1 0 0.008 2 3,14 0.001 1 0 0,13 0.002 1 1 0,14 0.001 -1 0 0.007 2 14,0 0.001 -1 -1 15,3 0.001 0 -1 15,1 0.001 1 -1 0.0321 1 12,15 0.002 1 1 15,15 0.002 1 0 15,12 0.001 -1 0 12.0214 2 :10,12 11,12 12,12 13,12 :f,0,12 f,3,3 f,12,12 f,13,3 
78:0,0 0.001 -1 -1 3,1 0.002 0 1 1,3 0.002 1 -1 0.008 2 3,14 0.001 1 -1 0,13 0.002 1 0 0,14 0.001 -1 0 0.007 2 14,0 0.001 -1 0 15,3 0.001 -1 -1 15,1 0.001 0 -1 0.0321 1 12,15 0.001 1 1 15,15 0.002 1 -1 14,12 0.001 -1 0 12.0224 2 :9,12 10,12 11,12 12,12 :f,0,12 f,3,3 f,12,12 f,13,3 
79:0,0 0.001 -1 -1 3,1 0.002 1 1 1,3 0.002 0 -1 0.008 2 3,14 0.001 0 -1 0,13 0.002 1 -1 0,14 0.001 -1 1 0.007 2 14,0 0.001 -1 1 14,2 0.001 -1 -1 15,1 0.001 -1 -1 0.0331 1 12,15 0.001 0 1 15,15 0.002 0 -1 13,12 0.001 -1 0 12.0234 2 :8,12 9,12 10,12 11,12 :f,0,12 f,3,3 f,12,12 f,13,3 
80:0,0 0.001 -1 -1 3,1 0.002 1 0 1,3 0.002 -1 -1 0.008 2 3,14 0.001 -1 -1 0,13 0.002 0 -1 0,14 0.001 0 1 0.007 2 14,0 0.001 0 1 14,2 0.001 -1 -1 15,1 0.001 -1 -1 0.0331 1 12,15 0.001 0 1 15,15 0.002 -1 -1 13,12 0.001 -1 0 12.0235 17 :7,12 8,12 9,12 10,12 :f,0,12 f,3,3 f,13,3 f,15,14 
81:0,0 0.001 -1 -1 3,1 0.002 1 -1 1,3 0.002 -1 0 0.008 2 3,14 0.001 -1 0 0,13 0.002 -1 -1 0,14 0.001 1 1 0.007 2 14,1 0.001 0 1 14,2 0.001 -1 0 14,0 0.001 -1 -1 0.0351 1 12,15 0.002 0 1 14,14 0.002 -1 -1 13,12 0.002 -1 0 12.0245 13 :6,12 7,12 8,12 9,12 12,12 :f,0,12 f,3,3 f,13,3 f,15,14 
82:0,0 0.001 -1 0 3,1 0.002 0 -1 1,3 0.002 -1 1 0.008 2 2,14 0.001 -1 0 0,13 0.002 -1 0 0,14 0.001 1 0 0.008 2 14,1 0.001 0 1 13,2 0.001 -1 0 14,0 0.001 -1 -1 0.0361 1 12,15 0.002 0 1 13,13 0.002 -1 -1 13,12 0.002 -1 0 12.0255 9 :5,12 6,12 7,12 8,12 11,12 12,12 :f,0,12 f,3,3 f,13,3 f,15,14 
83:0,0 0.001 -1 1 3,1 0.002 -1 -1 1,3 0.002 0 1 0.008 2 2,14 0.001 -1 0 0,13 0.002 -1 1 0,14 0.001 1 -1 0.008 2 14,2 0.001 0 1 13,2 0.001 -1 0 14,0 0.001 -1 -1 0.0371 1 12,15 0.002 0 1 12,12 0.002 -1 -1 13,12 0.002 -1 0 12.0265 5 :4,12 5,12 6,12 7,12 10,12 11,12 12,12 :f,0,12 f,3,3 f,13,3 f,15,14 
84:0,0 0.001 0 1 3,1 0.002 -1 0 1,3 0.002 1 1 0.008 2 2,14 0.001 -1 0 0,13 0.002 0 1 0,14 0.001 0 -1 0.008 2 14,3 0.001 0 1 12,2 0.001 -1 0 14,0 0.001 -1 -1 0.0391 1 12,15 0.002 0 1 12,12 0.002 -1 0 13,12 0.002 -1 0 12.0265 1 :3,12 4,12 5,12 6,12 9,12 10,12 12,12 :f,0,12 f,3,3 f,13,3 f,15,14 
85:0,0 0.001 1 1 3,1 0.002 -1 1 1,3 0.002 1 0 0.008 2 1,14 0.001 -1 0 0,13 0.002 1 1 0,14 0.001 -1 -1 0.009 2 14,3 0.001 0 1 12,2 0.001 -1 0 14,0 0.001 -1 -1 0.0391 1 12,15 0.002 1 1 12,12 0.002 -1 0 13,12 0.002 -1 0 12.0265 1 :2,12 3,12 4,12 5,12 8,12 9,12 :f,0,12 f,3,3 f,13,3 f,15,14 
86:1,1 0.001 1 1 3,1 0.002 0 1 1,3 0.002 1 -1 0.009 2 1,14 0.001 -1 0 0,13 0.002 1 0 0,14 0.001 -1 0 0.009 2 14,3 0.001 0 1 12,2 0.001 -1 0 14,0 0.001 -1 -1 0.0391 1 12,15 0.002 1 0 12,12 0.002 -1 0 13,12 0.001 -1 0 12.0265 1 :1,12 2,12 3,12 4,12 7,12 8,12 :f,0,12 f,3,3 f,13,3 f,15,14 
87:2,2 0.001 1 1 3,1 0.002 1 1 1,3 0.002 0 -1 0.01 2 1,14 0.001 -1 0 0,13 0.002 1 -1 0,14 0.001 -1 1 0.009 2 14,3 0.001 1 1 12,2 0.001 -1 0 14,0 0.001 -1 -1 0.0391 1 12,15 0.002 1 -1 12,12 0.002 -1 1 13,12 0.001 -1 0 12.0265 1 :0,12 1,12 2,12 3,12 6,12 7,12 :f,0,12 f,3,3 f,13,3 f,15,14 
88:2,2 0.001 1 1 3,1 0.002 1 1 1,3 0.002 0 -1 0.0101 9 1,14 0.001 -1 0 0,13 0.002 0 -1 0,14 0.001 0 1 0.009 2 14,3 0.001 1 0 12,2 0.001 -1 1 14,0 0.001 -1 -1 0.0391 1 12,15 0.002 0 -1 12,12 0.002 0 1 13,12 0.001 -1 0 12.0265 1 :0,12 1,12 2,12 5,12 6,12 4,2 1,2 :f,0,12 f,3,2 f,13,3 f,15,14 
89:2,2 0.002 1 1 3,1 0.002 1 1 1,3 0.002 -1 -1 0.0101 1 1,14 0.001 -1 0 0,13 0.002 -1 -1 0,14 0.001 1 1 0.009 2 14,3 0.001 1 -1 12,2 0.001 0 1 14,0 0.001 -1 -1 0.0391 1 12,14 0.002 0 -1 12,12 0.002 1 1 13,12 0.001 -1 0 12.0275 1 :0,12 1,12 4,12 5,12 5,3 1,1 3,3 4,2 :f,0,12 f,3,2 f,13,3 f,15,14 
90:2,2 0.001 1 1 3,1 0.002 1 0 1,3 0.002 -1 0 0.0101 1 1,14 0.001 -1 0 0,13 0.002 -1 0 0,14 0.001 1 0 0.009 2 14,3 0.001 0 -1 12,2 0.001 1 1 14,0 0.001 -1 -1 0.0391 1 12,14 0.002 -1 -1 12,12 0.002 1 0 13,12 0.001 -1 0 12.0275 1 :0,12 3,12 4,12 6,4 1,0 4,4 5,3 :f,0,12 f,3,2 f,13,3 f,15,14 
91:2,2 0.001 1 1 3,1 0.002 1 -1 1,3 0.002 -1 1 0.0101 1 1,14 0.001 -1 0 0,13 0.002 -1 1 0,14 0.001 1 -1 0.009 2 14,3 0.001 -1 -1 12,2 0.001 1 0 14,0 0.001 -1 -1 0.0391 1 12,14 0.002 -1 -1 12,12 0.002 1 -1 13,12 0.001 -1 0 12.0275 1 :2,12 3,12 7,5 5,5 6,4 :f,0,12 f,3,2 f,13,3 f,15,14 
92:3,3 0.001 1 1 3,1 0.002 0 -1 1,3 0.002 0 1 0.0111 1 1,14 0.001 -1 0 0,13 0.002 0 1 1,13 0.001 1 -1 0.01 2 13,2 0.001 -1 -1 12,2 0.001 1 0 14,0 0.001 -1 -1 0.0401 1 12,14 0.002 -1 0 12,12 0.002 1 -1 13,12 0.001 -1 0 12.0275 1 :1,12 2,12 8,6 6,6 7,5 :f,0,12 f,3,2 f,13,3 f,15,14 
93:3,3 0.001 1 1 3,1 0.002 -1 -1 1,3 0.002 1 1 0.0111 1 1,14 0.001 -1 0 0,13 0.002 1 1 1,13 0.001 1 -1 0.01 2 13,2 0.001 -1 -1 12,2 0.001 1 0 14,0 0.001 -1 -1 0.0401 1 12,14 0.002 -1 1 12,12 0.002 0 -1 13,12 0.001 -1 0 12.0275 1 :0,12 1,12 9,7 7,7 8,6 :f,0,12 f,3,2 f,13,3 f,15,14 
94:3,3 0.001 1 1 3,1 0.002 -1 0 1,3 0.002 1 0 0.0111 1 0,14 0.001 -1 0 0,13 0.002 1 0 1,13 0.001 0 -1 0.011 2 12,1 0.001 -1 -1 12,2 0.001 1 -1 14,0 0.001 -1 -1 0.0411 1 12,14 0.002 0 1 12,12 0.002 -1 -1 13,12 0.001 -1 0 12.0275 1 :0,12 10,8 8,8 9,7 :f,0,12 f,3,2 f,13,3 f,15,14 
95:3,3 0.001 1 0 3,1 0.002 -1 1 1,3 0.002 1 -1 0.0111 1 0,14 0.001 -1 -1 0,13 0.002 1 -1 1,12 0.001 0 -1 0.012 2 12,1 0.001 -1 -1 13,1 0.001 1 -1 14,0 0.001 0 -1 0.0421 1 12,14 0.002 1 1 12,12 0.002 -1 -1 13,12 0.001 -1 0 12.0275 1 :11,9 9,9 10,8 :f,0,12 f,3,2 f,13,3 f,15,14 
96:3,3 0.001 1 -1 3,1 0.002 0 1 1,3 0.002 0 -1 0.0111 1 0,14 0.001 -1 -1 0,13 0.002 0 -1 1,12 0.001 0 -1 0.012 2 12,1 0.001 -1 -1 13,1 0.001 1 -1 14,0 0.001 0 -1 0.0421 1 13,15 0.002 1 1 12,12 0.002 -1 0 13,12 0.001 -1 0 12.0285 1 :12,10 10,10 11,9 :f,0,12 f,3,2 f,13,3 f,15,14 
97:3,3 0.001 0 -1 3,1 0.002 1 1 1,3 0.002 -1 -1 0.0111 1 0,14 0.001 -1 -1 0,13 0.002 -1 -1 1,12 0.001 0 -1 0.012 2 12,1 0.001 -1 0 13,1 0.001 1 -1 14,0 0.001 0 -1 0.0421 1 13,15 0.002 1 1 12,12 0.002 -1 1 13,12 0.001 -1 0 12.0285 1 :13,11 11,11 12,10 :f,0,12 f,3,2 f,13,3 f,15,14 
98:3,3 0.001 -1 -1 3,1 0.002 1 0 1,3 0.002 -1 0 0.0111 1 0,14 0.001 -1 -1 0,13 0.002 -1 0 1,12 0.001 0 -1 0.012 2 12,1 0.001 -1 1 13,1 0.001 1 0 14,0 0.001 0 -1 0.0421 1 13,15 0.001 1 1 12,12 0.002 0 1 13,12 0.001 -1 0 12.0285 1 :14,12 12,12 13,11 :f,0,12 f,3,2 f,13,3 f,15,14 
99:2,2 0.001 -1 -1 3,1 0.002 1 -1 1,3 0.002 -1 1 3.0121 1 0,14 0.001 -1 0 0,13 0.002 -1 1 1,12 0.001 -1 -1 0.012 2 12,1 0.001 0 1 14,1 0.001 1 0 14,0 0.001 -1 -1 0.0431 1 13,15 0.001 1 1 12,12 0.002 1 1 13,12 0.001 -1 0 12.0285 1 :15,13 14,12 :f,0,12 f,3,2 f,13,3 f,15,14 
100:2,2 0.001 -1 -1 3,1 0.002 0 -1 1,3 0.002 0 1 3.0121 1 0,14 0.001 -1 1 0,13 0.002 0 1 1,12 0.001 -1 0 0.012 2 12,1 0.001 1 1 14,1 0.001 1 0 14,0 0.001 -1 0 0.0431 1 13,15 0.001 1 1 12,12 0.002 1 0 13,12 0.001 -1 0 12.0285 1 :15,13 :f,0,12 f,3,2 f,13,3 f,15,14 
101:2,2 0.001 -1 0 3,1 0.002 -1 -1 1,3 0.002 1 1 3.0121 1 0,14 0.001 0 1 0,13 0.002 1 1 1,12 0.001 -1 1 0.012 2 12,1 0.001 1 0 15,1 0.001 1 0 14,0 0.001 -1 1 0.0441 1 13,15 0.001 1 1 12,12 0.002 1 -1 13,12 0.001 -1 0 12.0285 1 ::f,0,12 f,3,2 f,13,3 f,15,14 
102:1,2 0.001 -1 0 3,1 0.002 -1 0 1,3 0.002 1 0 3.0131 1 0,14 0.001 1 1 0,13 0.002 1 0 1,12 0.001 -1 1 0.012 2 12,1 0.001 1 -1 15,1 0.001 1 0 13,1 0.001 -1 1 0.0451 1 13,15 0.001 1 1 12,12 0.002 0 -1 13,12 0.001 -1 0 12.0285 1 ::f,0,12 f,3,2 f,13,3 f,15,14 
103:1,2 0.001 -1 0 3,1 0.002 -1 1 1,3 0.002 1 -1 3.0131 1 0,14 0.001 1 0 0,13 0.002 1 -1 1,12 0.001 -1 1 0.012 2 13,0 0.001 1 -1 15,1 0.001 1 0 13,1 0.001 -1 1 0.0461 1 13,15 0.001 1 1 12,12 0.002 -1 -1 13,12 0.001 -1 0 12.0285 1 ::f,0,12 f,3,2 f,13,3 f,15,14 
104:1,2 0.001 -1 0 3,1 0.002 0 1 1,3 0.002 0 -1 3.0131 1 0,14 0.001 1 -1 0,13 0.002 0 -1 1,12 0.001 -1 1 0.012 2 13,0 0.001 1 -1 15,1 0.001 1 0 12,2 0.001 -1 1 0.0471 1 13,15 0.001 1 1 12,12 0.002 -1 0 13,12 0.001 -1 0 12.0285 1 ::f,0,12 f,3,2 f,13,3 f,15,14 
105:0,2 0.001 -1 0 3,1 0.002 1 1 1,3 0.002 -1 -1 3.0141 1 0,14 0.001 0 -1 0,13 0.002 -1 -1 1,12 0.001 -1 1 0.012 2 13,0 0.001 1 -1 15,1 0.001 1 -1 12,2 0.001 -1 1 0.0471 1 13,15 0.001 1 1 12,12 0.002 -1 1 13,12 0.001 -1 0 12.0285 1 ::f,0,12 f,3,2 f,13,3 f,15,14 
106:0,2 0.001 -1 0 3,1 0.002 1 0 1,3 0.002 -1 0 3.0141 1 0,14 0.001 0 -1 0,13 0.002 -1 0 1,12 0.001 -1 1 0.012 2 13,0 0.001 0 -1 15,1 0.001 0 -1 12,2 0.001 -1 1 0.0471 1 13,15 0.001 1 1 12,12 0.002 0 1 13,12 0.001 -1 0 12.0285 1 ::f,0,12 f,3,2 f,13,3 f,15,14 
107:0,2 0.001 -1 0 3,1 0.002 1 -1 1,3 0.002 -1 1 3.0141 1 0,14 0.001 -1 -1 0,13 0.002 -1 1 1,12 0.001 -1 1 0.012 2 13,0 0.001 -1 -1 15,1 0.001 -1 -1 12,2 0.001 -1 1 0.0471 1 13,15 0.001 1 1 12,12 0.002 1 1 13,12 0.001 -1 0 12.0285 1 ::f,0,12 f,3,2 f,13,3 f,15,14 
108:0,2 0.001 -1 0 3,1 0.002 0 -1 1,3 0.002 0 1 3.0141 1 0,14 0.001 -1 0 0,13 0.002 0 1 1,12 0.001 -1 1 0.012 2 13,0 0.001 -1 0 14,0 0.001 -1 -1 12,2 0.001 -1 1 0.0481 1 13,15 0.001 1 1 13,13 0.002 1 1 12,12 0.001 -1 0 12.0305 1 ::f,0,12 f,3,2 f,13,3 f,15,14 
109:0,2 0.001 -1 1 3,1 0.002 -1 -1 1,3 0.002 1 1 3.0141 1 0,14 0.001 -1 1 0,13 0.002 1 1 1,12 0.001 -1 1 0.012 2 13,0 0.001 -1 1 14,0 0.001 -1 -1 12,2 0.001 -1 1 0.0481 1 13,15 0.001 0 1 14,14 0.002 1 1 12,12 0.001 -1 0 12.0315 1 ::f,0,12 f,3,2 f,13,3 f,15,14 
110:0,2 0.001 0 1 3,1 0.002 -1 0 1,3 0.002 1 0 3.0141 1 0,14 0.001 -1 1 0,13 0.002 1 0 1,12 0.001 -1 1 0.012 2 12,1 0.001 -1 1 14,0 0.001 -1 -1 12,2 0.001 -1 1 0.0491 1 13,15 0.001 0 1 15,15 0.002 1 1 12,12 0.001 -1 0 12.0325 1 ::f,0,12 f,3,2 f,13,3 f,15,14 
111:0,2 0.001 1 1 3,1 0.002 -1 1 1,3 0.002 1 -1 3.0141 1 0,14 0.001 -1 1 0,13 0.002 1 -1 1,12 0.001 -1 0 0.012 2 12,1 0.001 -1 1 14,0 0.001 -1 -1 12,2 0.001 -1 1 0.0491 1 13,15 0.001 0 1 15,15 0.002 1 1 12,12 0.001 -1 1 12.0325 1 ::f,0,12 f,3,2 f,13,3 f,15,14 
112:0,2 0.001 1 1 3,1 0.002 0 1 1,3 0.002 0 -1 3.0141 1 0,14 0.001 0 1 0,13 0.002 0 -1 1,12 0.001 -1 0 0.012 2 12,1 0.001 0 1 14,0 0.001 -1 -1 12,2 0.001 -1 1 0.0491 1 13,15 0.001 0 1 15,15 0.002 1 1 12,12 0.001 0 1 12.0325 1 ::f,0,12 f,3,2 f,13,3 f,15,14 
113:0,2 0.001 1 1 3,1 0.002 1 1 1,3 0.002 -1 -1 3.0141 1 0,14 0.001 1 1 0,13 0.002 -1 -1 1,12 0.001 -1 0 0.012 2 12,1 0.001 1 1 14,0 0.001 -1 -1 12,2 0.001 -1 0 0.0491 1 13,15 0.001 1 1 15,15 0.002 1 1 12,12 0.001 1 1 12.0325 1 ::f,0,12 f,3,2 f,13,3 f,15,14 
114:0,2 0.001 1 1 3,1 0.002 1 0 1,3 0.002 -1 0 3.0141 1 0,14 0.001 1 0 0,13 0.002 -1 0 1,12 0.001 -1 0 0.0121 17 13,2 0.001 1 1 14,0 0.001 -1 -1 12,2 0.001 -1 0 0.0501 1 13,15 0.001 1 0 15,15 0.002 1 0 12,12 0.001 1 0 12.0325 1 ::f,3,2 f,3,12 f,13,3 f,15,14 
115:0,2 0.001 0 1 3,1 0.002 1 -1 1,3 0.002 -1 1 3.0141 1 0,14 0.002 1 0 0,13 0.002 -1 1 1,12 0.002 -1 0 0.0121 9 13,2 0.001 1 1 14,0 0.001 -1 -1 12,2 0.001 -1 0 0.0501 1 13,15 0.001 1 -1 15,15 0.002 1 -1 12,12 0.001 1 -1 12.0325 1 :1,14 0,12 :f,3,2 f,3,12 f,13,3 f,15,14 
116:0,3 0.001 0 1 3,1 0.002 0 -1 1,3 0.002 0 1 3.0151 1 0,14 0.002 1 0 0,13 0.002 0 1 1,12 0.002 -1 0 0.0121 1 13,2 0.001 1 0 14,0 0.001 -1 -1 12,2 0.001 -1 0 0.0501 1 13,15 0.001 0 -1 15,15 0.002 0 -1 12,12 0.001 1 -1 12.0325 1 :2,14 1,14 0,12 :f,3,2 f,3,12 f,13,3 f,15,14 
117:0,3 0.001 0 1 3,1 0.002 -1 -1 1,3 0.002 1 1 3.0151 1 1,14 0.002 1 0 0,13 0.002 1 1 1,12 0.001 -1 0 0.0131 1 14,2 0.001 1 0 14,0 0.001 -1 -1 12,2 0.001 -1 1 0.0511 1 13,14 0.001 0 -1 15,15 0.002 -1 -1 12,12 0.001 0 -1 12.0335 1 :3,14 2,14 :f,3,2 f,3,12 f,13,3 f,15,14 
118:0,3 0.001 0 1 3,1 0.002 -1 0 1,3 0.002 1 0 3.0151 1 1,14 0.001 1 0 0,13 0.002 1 0 1,12 0.001 -1 0 0.0131 1 14,2 0.001 1 0 14,0 0.001 -1 -1 12,2 0.001 0 1 0.0511 1 13,14 0.001 0 -1 15,15 0.002 -1 0 12,12 0.001 -1 -1 12.0335 1 :4,14 3,14 :f,3,2 f,3,12 f,13,3 f,15,14 
119:0,3 0.001 0 1 3,1 0.002 -1 1 1,3 0.002 1 -1 3.0151 1 2,14 0.001 1 0 0,13 0.002 1 -1 1,12 0.001 -1 -1 0.0141 1 15,2 0.001 1 0 14,0 0.001 -1 -1 12,2 0.001 1 1 0.0521 1 13,13 0.001 0 -1 14,15 0.002 -1 0 12,12 0.001 -1 0 12.0355 1 :5,14 4,14 :f,3,2 f,3,12 f,13,3 f,15,14 
120:0,3 0.001 1 1 3,1 0.002 0 1 1,3 0.002 0 -1 3.0151 1 3,14 0.001 1 0 0,13 0.002 0 -1 1,12 0.001 -1 -1 0.0151 1 15,2 0.001 1 0 14,0 0.001 -1 -1 12,2 0.001 1 0 0.0521 1 13,12 0.001 0 -1 14,15 0.002 -1 1 12,12 0.001 -1 1 12.0365 1 :6,14 5,14 :f,3,2 f,3,12 f,13,3 f,15,14 
121:0,3 0.001 1 0 3,1 0.002 1 1 1,3 0.002 -1 -1 3.0151 1 3,14 0.001 1 0 0,13 0.002 -1 -1 1,12 0.001 -1 -1 0.0151 1 15,2 0.001 1 0 14,0 0.001 -1 -1 13,2 0.001 1 0 0.0531 1 13,12 0.001 0 -1 14,15 0.002 0 1 12,12 0.001 0 1 12.0365 1 :7,14 6,14 :f,3,2 f,3,12 f,13,3 f,15,14 
122:0,3 0.001 1 -1 3,1 0.002 1 0 1,3 0.002 -1 0 3.0151 1 3,14 0.001 1 0 0,13 0.002 -1 0 1,12 0.001 -1 -1 0.0151 1 15,2 0.001 1 0 14,0 0.001 0 -1 13,2 0.001 1 0 0.0531 1 13,12 0.001 0 -1 14,15 0.002 1 1 12,12 0.001 1 1 12.0365 1 :8,14 7,14 :f,3,2 f,3,12 f,13,3 f,15,14 
123:0,3 0.001 0 -1 3,1 0.002 1 -1 1,3 0.002 -1 1 3.0151 1 3,14 0.001 1 0 0,13 0.002 -1 1 1,12 0.001 -1 -1 0.0151 1 15,2 0.001 1 -1 14,0 0.001 0 -1 14,2 0.001 1 0 0.0541 1 13,12 0.001 -1 -1 14,15 0.002 1 0 12,12 0.001 1 0 12.0365 1 :9,14 8,14 :f,3,2 f,3,12 f,13,3 f,15,14 
124:0,3 0.001 -1 -1 3,1 0.002 0 -1 1,3 0.002 0 1 3.0151 1 3,14 0.001 1 0 0,13 0.002 0 1 1,12 0.001 -1 -1 0.0151 1 15,2 0.001 0 -1 14,0 0.001 0 -1 14,2 0.001 1 0 0.0541 1 13,12 0.001 -1 0 14,15 0.002 1 -1 12,12 0.001 1 0 12.0365 1 :10,14 9,14 :f,3,2 f,3,12 f,13,3 f,15,14 
125:0,3 0.001 -1 0 3,1 0.002 -1 -1 1,3 0.002 1 1 3.0151 1 3,14 0.001 1 0 0,13 0.002 1 1 1,12 0.001 -1 -1 0.0151 1 15,2 0.001 -1 -1 14,0 0.001 0 -1 14,2 0.001 1 0 0.0541 1 13,12 0.001 -1 1 14,15 0.002 1 -1 12,12 0.001 1 0 12.0365 1 :11,14 10,14 :f,3,2 f,3,12 f,13,3 f,15,14 
126:0,3 0.001 -1 0 3,1 0.002 -1 0 1,3 0.002 1 0 3.0151 1 3,14 0.001 1 -1 0,13 0.002 1 0 1,12 0.001 -1 -1 0.0151 1 15,2 0.001 -1 0 14,0 0.001 0 -1 14,2 0.001 1 0 0.0541 1 13,12 0.001 0 1 14,15 0.002 1 -1 12,12 0.001 1 -1 12.0365 1 :12,14 11,14 :f,3,2 f,3,12 f,13,3 f,15,14 
127:0,3 0.001 -1 0 3,1 0.002 -1 1 1,3 0.002 1 -1 3.0151 1 3,14 0.001 0 -1 0,13 0.002 1 -1 1,12 0.001 -1 -1 0.0151 1 15,2 0.001 -1 0 14,0 0.001 -1 -1 14,2 0.001 1 1 0.0541 1 13,12 0.001 1 1 14,15 0.002 1 -1 12,12 0.001 0 -1 12.0365 1 :13,14 12,14 :f,3,2 f,3,12 f,13,3 f,15,14 
128:0,3 0.001 -1 1 3,1 0.002 0 1 1,3 0.002 0 -1 3.0151 1 3,14 0.001 -1 -1 0,13 0.002 0 -1 1,12 0.001 -1 -1 0.0151 1 15,2 0.001 -1 0 14,0 0.001 -1 0 15,3 0.001 1 1 0.0551 1 14,13 0.001 1 1 14,15 0.002 1 -1 12,12 0.001 -1 -1 12.0375 1 :14,14 13,14 :f,3,2 f,3,12 f,13,3 f,15,14 
129:0,3 0.001 0 1 3,1 0.002 1 1 1,3 0.002 -1 -1 3.0151 1 3,14 0.001 -1 0 0,13 0.002 -1 -1 1,12 0.001 0 -1 0.0151 1 14,2 0.001 -1 0 14,0 0.001 -1 1 15,3 0.001 1 1 0.0561 1 14,13 0.001 1 1 14,15 0.002 1 -1 12,12 0.001 -1 0 12.0376 16 :15,14 14,14 :f,3,2 f,3,12 f,13,3 f,15,14 
130:0,3 0.001 1 1 3,1 0.002 1 0 1,3 0.002 -1 0 3.0151 1 2,14 0.001 -1 0 0,13 0.002 -1 0 1,12 0.001 0 -1 0.0161 1 13,2 0.001 -1 0 14,0 0.001 0 1 15,3 0.001 1 1 0.0571 1 14,13 0.002 1 1 14,15 0.002 1 -1 12,12 0.002 -1 0 12.0376 8 :15,14 15,14 11,12 :f,3,2 f,3,12 f,13,3 f,15,14 
131:0,3 0.001 1 0 3,1 0.002 1 -1 1,3 0.002 -1 1 3.0151 1 2,14 0.001 -1 0 0,13 0.002 -1 1 1,12 0.001 0 -1 0.0161 1 13,2 0.001 -1 0 14,0 0.001 1 1 15,3 0.001 1 0 0.0571 1 14,13 0.002 1 1 14,15 0.002 1 -1 12,12 0.002 -1 0 12.0376 0 :10,12 15,14 11,12 :f,3,2 f,3,12 f,13,3 f,15,14 
132:0,3 0.001 1 -1 3,1 0.002 0 -1 1,3 0.002 0 1 3.0151 1 2,14 0.001 -1 1 0,13 0.002 0 1 1,12 0.001 0 -1 0.0161 1 12,2 0.001 -1 0 15,1 0.001 1 1 15,3 0.001 1 -1 0.0591 1 14,13 0.001 1 1 14,15 0.001 1 -1 12,12 0.002 -1 0 12.0377 11 :9,12 10,12 11,12 :f,3,2 f,3,12 f,12,13 f,13,3 
133:0,3 0.001 0 -1 3,1 0.002 -1 -1 1,3 0.002 1 1 3.0151 1 2,14 0.001 0 1 0,13 0.002 1 1 1,12 0.001 0 -1 0.0161 1 12,2 0.001 -1 -1 15,1 0.001 1 1 15,3 0.001 0 -1 0.0591 1 14,13 0.002 1 1 15,14 0.001 1 -1 12,12 0.002 -1 0 12.0387 3 :8,12 9,12 10,12 15,14 11,12 :f,3,2 f,3,12 f,12,13 f,13,3 
134:0,2 0.001 0 -1 3,1 0.002 -1 0 1,3 0.002 1 0 3.0161 1 2,15 0.001 0 1 0,13 0.002 1 0 1,12 0.001 0 -1 0.0171 1 12,2 0.001 -1 -1 15,1 0.001 1 0 15,3 0.001 -1 -1 0.0591 1 14,13 0.002 1 1 15,14 0.001 1 -1 12,12 0.002 -1 1 12.0387 3 :7,12 8,12 9,12 10,12 :f,3,2 f,3,12 f,12,13 f,13,3 
135:0,1 0.001 0 -1 3,1 0.002 -1 1 1,3 0.002 1 -1 3.0171 1 2,15 0.001 0 1 0,13 0.002 1 -1 1,12 0.001 0 -1 0.0171 1 12,2 0.001 -1 0 15,1 0.001 1 -1 15,3 0.001 -1 0 0.0591 1 14,13 0.002 1 1 15,14 0.001 1 -1 12,12 0.002 0 1 12.0387 3 :6,12 7,12 8,12 9,12 :f,3,2 f,3,12 f,12,13 f,13,3 
136:0,1 0.001 -1 -1 3,1 0.002 0 1 1,3 0.002 0 -1 3.0171 1 2,15 0.001 0 1 0,13 0.002 0 -1 1,12 0.001 -1 -1 0.0171 1 12,2 0.001 -1 1 15,1 0.001 0 -1 15,3 0.001 -1 1 0.0591 1 14,13 0.001 1 1 15,14 0.001 1 0 12,12 0.002 1 1 12.0387 3 :5,12 6,12 7,12 8,12 :f,3,2 f,3,12 f,12,13 f,13,3 
137:0,1 0.001 -1 -1 3,1 0.002 1 1 1,3 0.002 -1 -1 3.0171 1 2,15 0.001 0 1 0,13 0.002 -1 -1 1,12 0.001 -1 0 0.0171 1 12,2 0.001 0 1 15,1 0.001 -1 -1 15,3 0.001 -1 1 0.0591 1 14,13 0.001 1 1 15,14 0.001 1 0 12,12 0.002 1 0 12.0387 3 :4,12 5,12 6,12 7,12 :f,3,2 f,3,12 f,12,13 f,13,3 
138:0,1 0.001 -1 0 3,1 0.002 1 0 1,3 0.002 -1 0 3.0171 1 2,15 0.001 1 1 0,13 0.002 -1 0 1,12 0.001 -1 1 0.0171 1 12,2 0.001 1 1 15,1 0.001 -1 0 15,3 0.001 0 1 0.0591 1 14,13 0.001 1 1 15,14 0.001 1 0 12,12 0.002 1 -1 12.0387 3 :3,12 4,12 5,12 6,12 :f,3,2 f,3,12 f,12,13 f,13,3 
139:0,1 0.001 -1 1 3,1 0.002 1 -1 1,3 0.002 -1 1 3.0171 1 2,15 0.001 1 0 0,13 0.002 -1 1 1,12 0.001 -1 1 0.0171 1 12,2 0.001 1 0 15,1 0.001 -1 1 15,3 0.001 1 1 0.0591 1 14,13 0.001 1 1 15,14 0.001 1 0 12,12 0.002 0 -1 12.0387 3 :2,12 3,12 4,12 5,12 :f,3,2 f,3,12 f,12,13 f,13,3 
140:0,1 0.001 0 1 3,1 0.002 0 -1 1,3 0.002 0 1 3.0171 1 2,15 0.001 1 -1 0,13 0.002 0 1 1,12 0.001 -1 1 0.0171 1 13,2 0.001 1 0 15,1 0.001 0 1 15,3 0.001 1 0 0.0601 1 14,13 0.001 1 1 15,14 0.001 1 -1 12,12 0.002 -1 -1 12.0387 3 :1,12 2,12 3,12 4,12 :f,3,2 f,3,12 f,12,13 f,13,3 
141:0,1 0.001 1 1 3,1 0.002 -1 -1 1,3 0.002 1 1 3.0171 1 2,15 0.001 0 -1 0,13 0.002 1 1 1,12 0.001 0 1 0.0171 1 14,2 0.001 1 0 15,1 0.001 1 1 15,3 0.001 1 -1 0.0611 1 14,13 0.001 1 1 15,14 0.001 0 -1 12,12 0.002 -1 0 15.0387 3 :1,12 2,12 3,12 :f,3,2 f,3,12 f,12,13 f,13,3 
142:1,2 0.001 1 1 3,1 0.002 -1 0 1,3 0.002 1 0 3.0181 1 2,14 0.001 0 -1 0,13 0.002 1 0 1,13 0.001 0 1 0.0191 1 14,2 0.001 1 0 15,1 0.001 1 0 15,3 0.001 0 -1 0.0611 1 14,13 0.001 1 1 15,14 0.001 -1 -1 12,12 0.002 -1 1 18.0387 3 :1,12 2,12 :f,3,2 f,3,12 f,12,13 f,13,3 
143:1,2 0.001 1 1 3,1 0.002 -1 1 1,3 0.002 1 -1 3.0181 1 2,14 0.001 0 -1 0,13 0.002 1 -1 1,13 0.001 0 1 0.0191 1 15,2 0.001 1 0 15,1 0.001 1 -1 15,3 0.001 -1 -1 0.0621 1 14,13 0.001 1 1 15,14 0.001 -1 0 12,12 0.002 0 1 18.0387 3 :0,12 1,12 :f,3,2 f,3,12 f,12,13 f,13,3 
144:1,2 0.001 0 1 3,1 0.002 0 1 1,3 0.002 0 -1 3.0181 1 2,13 0.001 0 -1 0,13 0.002 0 -1 1,13 0.001 0 1 0.0201 1 15,2 0.001 1 0 15,1 0.001 0 -1 15,3 0.001 -1 0 0.0621 1 14,13 0.001 1 1 15,14 0.001 -1 1 12,12 0.002 1 1 18.0387 3 :0,12 :f,3,2 f,3,12 f,12,13 f,13,3 
145:1,2 0.001 0 1 3,1 0.002 1 1 1,3 0.002 -1 -1 3.0181 1 2,12 0.001 0 -1 0,13 0.002 -1 -1 1,14 0.001 0 1 0.0221 1 15,2 0.001 1 0 15,1 0.001 -1 -1 14,3 0.001 -1 0 0.0631 1 14,13 0.001 1 1 14,15 0.001 -1 1 12,12 0.002 1 0 18.0397 3 ::f,3,2 f,3,12 f,12,13 f,13,3 
146:1,2 0.001 0 1 3,1 0.002 1 0 1,3 0.002 -1 0 3.0181 1 2,12 0.001 0 -1 0,13 0.002 -1 0 1,15 0.001 0 1 0.0231 1 15,2 0.001 1 -1 14,0 0.001 -1 -1 14,3 0.001 -1 0 0.0641 1 15,14 0.001 1 1 14,15 0.001 -1 1 13,12 0.002 1 0 18.0417 3 ::f,3,2 f,3,12 f,12,13 f,13,3 
147:1,2 0.001 0 1 3,1 0.002 1 -1 1,3 0.002 -1 1 3.0181 1 2,12 0.001 0 -1 0,13 0.002 -1 1 1,15 0.001 0 1 0.0231 1 15,2 0.001 0 -1 14,0 0.001 -1 -1 14,3 0.001 -1 1 0.0641 1 15,14 0.001 1 1 14,15 0.001 -1 1 13,12 0.002 1 -1 18.0417 3 ::f,3,2 f,3,12 f,12,13 f,13,3 
148:1,2 0.001 0 1 3,1 0.002 0 -1 1,3 0.002 0 1 3.0181 1 2,12 0.001 -1 -1 0,13 0.002 0 1 1,15 0.001 0 1 0.0231 1 15,2 0.001 -1 -1 14,0 0.001 -1 0 14,3 0.001 0 1 0.0641 1 15,14 0.001 1 1 14,15 0.001 0 1 13,12 0.002 0 -1 18.0417 3 ::f,3,2 f,3,12 f,12,13 f,13,3 
149:1,2 0.001 0 1 3,1 0.002 -1 -1 1,3 0.002 1 1 3.0181 1 2,12 0.001 -1 0 0,13 0.002 1 1 1,15 0.001 1 1 0.0231 1 14,1 0.001 -1 -1 14,0 0.001 -1 1 14,3 0.001 1 1 0.0651 1 15,14 0.001 1 1 14,15 0.001 1 1 13,12 0.002 -1 -1 18.0417 3 ::f,3,2 f,3,12 f,12,13 f,13,3 
150:1,2 0.001 -1 1 3,1 0.002 -1 0 1,3 0.002 1 0 3.0181 1 2,12 0.001 -1 1 0,13 0.002 1 0 1,15 0.001 1 0 0.0231 1 14,1 0.001 -1 -1 14,0 0.001 0 1 14,3 0.001 1 0 0.0651 1 15,14 0.001 1 0 14,15 0.001 1 0 13,12 0.002 -1 0 18.0417 3 ::f,3,2 f,3,12 f,12,13 f,13,3 
151:0,3 0.001 -1 1 3,1 0.002 -1 1 1,3 0.002 1 -1 3.0191 1 2,12 0.001 0 1 0,13 0.002 1 -1 1,15 0.001 1 -1 0.0231 1 14,1 0.001 -1 -1 14,0 0.001 0 1 14,3 0.001 1 -1 0.0651 1 15,14 0.001 1 -1 14,15 0.001 1 -1 13,12 0.002 -1 1 18.0417 3 ::f,3,2 f,3,12 f,12,13 f,13,3 
152:0,3 0.001 -1 1 3,1 0.002 0 1 1,3 0.002 0 -1 3.0191 1 2,12 0.001 1 1 0,13 0.002 0 -1 2,14 0.001 1 -1 0.0241 1 13,0 0.001 -1 -1 14,0 0.001 0 1 14,3 0.001 0 -1 0.0661 1 15,14 0.001 0 -1 14,15 0.001 0 -1 13,12 0.002 0 1 18.0417 3 ::f,3,2 f,3,12 f,12,13 f,13,3 
153:0,3 0.001 -1 1 3,1 0.002 1 1 1,3 0.002 -1 -1 3.0191 1 3,13 0.001 1 1 0,13 0.002 -1 -1 2,14 0.001 1 -1 0.0251 1 13,0 0.001 -1 -1 14,1 0.001 0 1 14,3 0.001 -1 -1 0.0671 1 15,14 0.001 -1 -1 14,15 0.001 -1 -1 13,12 0.002 1 1 18.0417 3 ::f,3,2 f,3,12 f,12,13 f,13,3 
154:0,3 0.001 -1 1 3,1 0.002 1 0 1,3 0.002 -1 0 3.0191 1 3,13 0.001 1 1 0,13 0.002 -1 0 2,14 0.001 0 -1 0.0251 1 13,0 0.001 0 -1 14,1 0.001 0 1 14,3 0.001 -1 0 0.0671 1 15,14 0.001 -1 0 14,15 0.001 -1 0 13,12 0.002 1 0 18.0417 3 ::f,3,2 f,3,12 f,12,13 f,13,3 
155:0,3 0.001 -1 1 3,1 0.002 1 -1 1,3 0.002 -1 1 3.0191 1 3,13 0.001 1 1 0,13 0.002 -1 1 2,14 0.001 -1 -1 0.0251 1 13,0 0.001 0 -1 14,2 0.001 0 1 14,3 0.001 -1 0 0.0681 1 15,14 0.001 -1 1 14,15 0.001 -1 1 14,12 0.002 1 0 18.0427 3 ::f,3,2 f,3,12 f,12,13 f,13,3 
156:0,3 0.001 0 1 3,1 0.002 0 -1 1,3 0.002 0 1 3.0191 1 3,13 0.001 1 0 0,13 0.002 0 1 1,13 0.001 -1 -1 0.0261 1 13,0 0.001 0 -1 14,2 0.001 0 1 14,3 0.001 -1 0 0.0681 1 15,14 0.001 -1 1 14,15 0.001 -1 1 15,12 0.002 1 0 18.0437 3 ::f,3,2 f,3,12 f,12,13 f,13,3 
157:0,3 0.001 1 1 3,1 0.002 -1 -1 1,3 0.002 1 1 3.0191 1 3,13 0.001 1 -1 0,13 0.002 1 1 0,12 0.001 -1 -1 0.0271 1 13,0 0.001 0 -1 14,2 0.001 0 1 14,3 0.001 -1 1 0.0681 1 15,14 0.001 -1 1 14,15 0.001 -1 1 15,12 0.002 1 -1 18.0437 3 ::f,3,2 f,3,12 f,12,13 f,13,3 
158:0,3 0.001 1 0 3,1 0.002 -1 0 1,3 0.002 1 0 3.0191 1 3,13 0.001 0 -1 0,13 0.002 1 0 0,12 0.001 -1 -1 0.0271 1 13,0 0.001 0 -1 14,2 0.001 0 1 14,3 0.001 -1 1 0.0681 1 15,14 0.001 -1 1 14,15 0.001 0 1 15,12 0.002 0 -1 18.0437 3 ::f,3,2 f,3,12 f,12,13 f,13,3 
159:0,3 0.001 1 -1 3,1 0.002 -1 1 1,3 0.002 1 -1 3.0191 1 3,13 0.001 -1 -1 0,13 0.002 1 -1 0,12 0.001 -1 -1 0.0271 1 13,0 0.001 0 -1 14,2 0.001 0 1 14,3 0.001 -1 1 0.0681 1 15,14 0.001 -1 1 14,15 0.001 1 1 15,12 0.002 -1 -1 18.0437 3 ::f,3,2 f,3,12 f,12,13 f,13,3 
160:1,2 0.001 1 -1 3,1 0.002 0 1 1,3 0.002 0 -1 3.0201 1 2,12 0.001 -1 -1 0,13 0.002 0 -1 0,12 0.001 -1 -1 0.0281 1 13,0 0.001 -1 -1 14,2 0.001 -1 1 14,3 0.001 0 1 0.0681 1 15,14 0.001 -1 1 14,15 0.001 1 0 15,12 0.002 -1 0 18.0437 3 ::f,3,2 f,3,12 f,12,13 f,13,3 
161:1,2 0.001 1 -1 3,1 0.002 1 1 1,3 0.002 -1 -1 3.0201 1 2,12 0.001 -1 -1 0,13 0.002 -1 -1 0,12 0.001 -1 0 0.0281 1 13,0 0.001 -1 0 14,2 0.001 -1 1 14,3 0.001 1 1 0.0681 1 15,14 0.001 -1 0 14,15 0.001 1 -1 15,12 0.002 -1 1 18.0437 3 ::f,3,2 f,3,12 f,12,13 f,13,3 
162:1,2 0.001 0 -1 3,1 0.002 1 0 1,3 0.002 -1 0 3.0201 1 2,12 0.001 -1 -1 0,13 0.002 -1 0 0,12 0.001 -1 1 0.0281 1 13,0 0.001 -1 1 14,2 0.001 -1 1 14,3 0.002 1 1 0.0682 12 14,14 0.001 -1 0 14,15 0.001 0 -1 14,13 0.002 -1 1 18.0457 3 :15,4 :f,3,2 f,3,12 f,12,13 f,13,3 
163:1,1 0.001 0 -1 3,1 0.002 1 -1 1,3 0.002 -1 1 3.0211 1 2,12 0.001 -1 0 0,13 0.002 -1 1 0,12 0.001 0 1 0.0281 1 13,0 0.002 -1 1 14,2 0.002 -1 1 14,3 0.002 1 1 0.0682 0 13,14 0.001 -1 0 14,14 0.001 0 -1 14,13 0.002 -1 1 18.0477 3 :12,1 13,3 15,4 :f,3,2 f,3,12 f,12,13 f,13,3 
164:1,1 0.001 0 -1 3,1 0.002 0 -1 1,3 0.002 0 1 3.0211 1 1,12 0.001 -1 0 0,13 0.002 0 1 0,12 0.001 1 1 0.0291 1 13,0 0.002 0 1 14,2 0.001 -1 1 14,3 0.002 1 1 0.0683 11 13,14 0.001 -1 0 14,14 0.001 0 -1 14,13 0.001 -1 1 18.0477 3 :11,2 12,4 15,4 :f,3,2 f,3,12 f,12,13 f,15,1 
165:1,1 0.001 1 -1 3,1 0.002 -1 -1 1,3 0.002 1 1 3.0211 1 1,12 0.001 -1 0 0,13 0.002 1 1 1,13 0.001 1 1 0.0301 1 13,0 0.002 0 1 14,2 0.002 -1 1 14,3 0.002 1 1 0.0683 3 12,14 0.001 -1 0 14,14 0.001 0 -1 14,13 0.001 -1 0 18.0487 3 :10,3 11,5 13,1 13,3 :f,3,2 f,3,12 f,12,13 f,15,1 
166:2,0 0.001 1 -1 3,1 0.002 -1 0 1,3 0.002 1 0 3.0221 1 1,12 0.001 -1 0 0,13 0.002 1 0 1,13 0.001 1 1 0.0301 1 13,1 0.002 0 1 13,3 0.002 -1 1 14,3 0.001 1 1 0.0703 3 12,14 0.001 -1 0 14,14 0.001 0 -1 13,13 0.001 -1 0 18.0497 3 :9,4 10,6 13,2 12,4 :f,3,2 f,3,12 f,12,13 f,15,1 
167:2,0 0.001 1 -1 3,1 0.002 -1 1 1,3 0.002 1 -1 3.0221 1 1,12 0.001 -1 -1 0,13 0.002 1 -1 1,13 0.001 1 0 0.0301 1 13,1 0.001 0 1 13,3 0.002 -1 1 14,3 0.001 1 1 0.0703 3 12,14 0.001 -1 0 14,14 0.001 0 -1 13,13 0.001 -1 0 18.0498 18 :8,5 9,7 13,3 11,5 :f,3,2 f,3,12 f,15,1 f,15,12 
168:2,0 0.001 1 -1 3,1 0.002 0 1 1,3 0.002 0 -1 3.0221 1 1,12 0.001 -1 -1 0,13 0.002 0 -1 2,13 0.001 1 0 0.0311 1 13,2 0.001 0 1 13,3 0.002 -1 1 14,3 0.001 1 1 0.0713 3 12,14 0.002 -1 0 14,14 0.001 0 -1 13,13 0.002 -1 0 18.0498 10 :7,6 8,8 10,6 11,14 12,13 :f,3,2 f,3,12 f,15,1 f,15,12 
169:2,0 0.001 1 -1 3,1 0.002 1 1 1,3 0.002 -1 -1 3.0221 1 1,12 0.001 -1 -1 0,13 0.002 -1 -1 2,13 0.001 1 0 0.0311 1 13,2 0.001 0 1 13,3 0.002 -1 1 14,3 0.001 1 1 0.0713 3 12,14 0.002 -1 0 14,13 0.001 0 -1 13,13 0.002 -1 0 18.0508 2 :6,7 7,9 9,7 10,14 11,13 11,14 12,13 :f,3,2 f,3,12 f,15,1 f,15,12 
170:2,0 0.001 0 -1 3,1 0.002 1 0 1,3 0.002 -1 0 3.0221 1 1,12 0.001 -1 -1 0,13 0.002 -1 0 3,13 0.001 1 0 0.0321 1 13,2 0.001 0 1 13,3 0.002 -1 1 14,3 0.001 0 1 0.0713 3 12,14 0.002 -1 1 14,13 0.001 0 -1 13,13 0.001 -1 0 18.0508 2 :5,8 6,10 8,8 9,14 10,13 10,14 11,13 :f,3,2 f,3,12 f,15,1 f,15,12 
171:2,0 0.001 -1 -1 3,1 0.002 1 -1 1,3 0.002 -1 1 3.0221 1 1,12 0.001 -1 -1 0,13 0.002 -1 1 3,13 0.001 1 0 0.0321 1 13,2 0.001 -1 1 13,3 0.002 0 1 14,3 0.001 0 1 0.0713 3 12,14 0.002 0 1 14,12 0.001 0 -1 13,13 0.001 -1 -1 18.0518 2 :4,9 5,11 7,9 8,14 9,13 9,14 10,13 :f,3,2 f,3,12 f,15,1 f,15,12 
172:2,0 0.001 -1 0 3,1 0.002 0 -1 1,3 0.002 0 1 3.0221 1 1,12 0.001 -1 -1 0,13 0.002 0 1 3,13 0.001 1 0 0.0321 1 12,3 0.001 -1 1 13,3 0.002 1 1 14,3 0.001 0 1 0.0723 3 12,14 0.002 1 1 14,12 0.001 0 -1 12,12 0.001 -1 -1 18.0528 2 :3,10 4,12 6,10 7,14 8,13 8,14 9,13 :f,3,2 f,3,12 f,15,1 f,15,12 
173:2,0 0.001 -1 1 3,1 0.002 -1 -1 1,3 0.002 1 1 3.0221 1 1,12 0.001 -1 -1 0,13 0.002 1 1 3,13 0.001 1 -1 0.0321 1 12,3 0.001 -1 1 13,3 0.002 1 0 14,3 0.001 0 1 0.0723 3 12,14 0.002 1 0 14,12 0.001 0 -1 12,12 0.001 -1 -1 18.0528 2 :2,11 3,13 5,11 6,14 7,13 7,14 8,13 :f,3,2 f,3,12 f,15,1 f,15,12 
174:2,0 0.001 0 1 3,1 0.002 -1 0 1,3 0.002 1 0 3.0221 1 1,12 0.001 -1 -1 0,13 0.002 1 0 3,13 0.001 1 -1 0.0321 1 12,3 0.001 -1 1 13,3 0.002 1 -1 14,3 0.001 1 1 3.0723 3 12,14 0.002 1 -1 14,12 0.001 -1 -1 12,12 0.001 -1 -1 18.0528 2 :1,12 4,12 5,14 6,13 6,14 7,13 :f,3,2 f,3,12 f,15,1 f,15,12 
175:2,1 0.001 0 1 3,1 0.002 -1 1 1,3 0.002 1 -1 3.0231 1 1,12 0.001 -1 -1 0,13 0.002 1 -1 3,13 0.001 1 -1 0.0321 1 12,3 0.001 -1 1 13,3 0.002 0 -1 14,3 0.001 1 0 6.0723 3 12,14 0.002 0 -1 14,12 0.001 -1 0 12,12 0.001 -1 0 18.0528 2 :3,13 4,14 5,13 5,14 6,13 :f,3,2 f,3,12 f,15,1 f,15,12 
176:2,2 0.001 0 1 3,1 0.002 0 1 1,3 0.002 0 -1 3.0241 1 1,12 0.001 -1 -1 0,13 0.002 0 -1 3,13 0.001 1 -1 0.0321 1 12,3 0.001 0 1 13,3 0.002 -1 -1 14,3 0.001 1 -1 9.0723 3 12,14 0.002 -1 -1 14,12 0.001 -1 1 12,12 0.001 -1 1 18.0528 2 :3,14 4,13 4,14 5,13 :f,3,2 f,3,12 f,15,1 f,15,12 
177:2,2 0.001 0 1 3,1 0.002 1 1 1,3 0.002 -1 -1 3.0241 1 1,12 0.001 -1 -1 0,13 0.002 -1 -1 3,13 0.001 1 0 0.0321 1 12,3 0.001 1 1 13,3 0.002 -1 0 14,3 0.001 0 -1 9.0723 3 12,14 0.002 -1 0 14,12 0.001 0 1 12,12 0.001 0 1 18.0528 2 :2,14 3,13 3,14 4,13 :f,3,2 f,3,12 f,15,1 f,15,12 
178:2,3 0.001 0 1 3,1 0.002 1 0 1,3 0.002 -1 0 3.0251 1 1,12 0.001 -1 -1 0,13 0.002 -1 0 3,13 0.001 1 0 0.0321 1 12,3 0.001 1 0 13,3 0.002 -1 0 14,3 0.001 -1 -1 9.0723 3 12,14 0.002 -1 1 14,12 0.001 1 1 12,12 0.001 1 1 21.0528 2 :1,14 2,14 3,13 :f,3,2 f,3,12 f,15,1 f,15,12 
179:2,3 0.001 0 1 3,1 0.002 1 -1 1,3 0.002 -1 1 3.0251 1 1,12 0.001 -1 -1 0,13 0.002 -1 1 3,13 0.001 1 -1 0.0321 1 12,3 0.001 1 -1 13,3 0.002 -1 1 14,3 0.001 -1 0 9.0723 3 12,14 0.002 0 1 15,13 0.001 1 1 12,12 0.001 1 0 24.0538 2 :0,14 1,14 :f,3,2 f,3,12 f,15,1 f,15,12 
180:2,3 0.001 0 1 3,1 0.002 0 -1 1,3 0.002 0 1 3.0251 1 1,12 0.001 -1 -1 0,13 0.002 0 1 3,13 0.001 0 -1 0.0321 1 13,2 0.001 1 -1 13,3 0.002 -1 1 14,3 0.001 -1 0 9.0733 3 12,14 0.002 1 1 15,13 0.001 1 0 12,12 0.001 1 -1 24.0538 2 :0,14 :f,3,2 f,3,12 f,15,1 f,15,12 
181:2,3 0.001 1 1 3,1 0.002 -1 -1 1,3 0.002 1 1 3.0251 1 1,12 0.001 -1 -1 0,13 0.002 1 1 3,13 0.001 0 -1 0.0321 1 13,2 0.001 1 -1 13,3 0.002 0 1 14,3 0.001 -1 1 9.0733 3 13,15 0.002 1 1 15,13 0.001 1 0 12,12 0.001 0 -1 24.0548 2 ::f,3,2 f,3,12 f,15,1 f,15,12 
182:2,3 0.001 1 0 3,1 0.002 -1 0 1,3 0.002 1 0 3.0251 1 1,12 0.001 -1 -1 0,13 0.002 1 0 3,13 0.001 0 -1 0.0321 1 13,2 0.001 0 -1 13,3 0.002 1 1 14,3 0.001 -1 1 9.0733 3 13,15 0.001 1 1 15,13 0.001 1 -1 12,12 0.001 -1 -1 24.0548 2 ::f,3,2 f,3,12 f,15,1 f,15,12 
183:2,3 0.001 1 -1 3,1 0.002 -1 1 1,3 0.002 1 -1 3.0251 1 1,12 0.001 -1 -1 0,13 0.002 1 -1 3,13 0.001 0 -1 0.0322 16 13,1 0.001 0 -1 13,3 0.002 1 0 14,3 0.001 0 1 9.0743 3 13,15 0.001 0 1 15,13 0.001 0 -1 12,12 0.001 -1 0 24.0548 2 ::f,3,2 f,3,14 f,15,1 f,15,12 
184:2,3 0.001 0 -1 3,1 0.002 0 1 1,3 0.002 0 -1 3.0251 1 1,12 0.001 0 -1 0,13 0.002 1 -1 3,13 0.001 0 -1 0.0322 12 13,1 0.001 0 -1 13,3 0.002 1 -1 14,3 0.001 1 1 9.0743 3 13,15 0.001 0 1 15,13 0.001 -1 -1 12,12 0.001 -1 1 24.0548 2 :1,12 :f,3,2 f,3,14 f,15,1 f,15,12 
185:2,3 0.001 -1 -1 3,1 0.002 1 1 1,3 0.002 -1 -1 3.0251 1 1,12 0.001 0 -1 0,13 0.002 1 -1 3,12 0.001 0 -1 0.0332 8 13,1 0.001 1 -1 13,3 0.002 0 -1 14,3 0.001 1 0 9.0743 3 13,15 0.001 0 1 14,12 0.001 -1 -1 12,12 0.001 0 1 24.0558 2 :1,12 :f,3,2 f,3,14 f,15,1 f,15,12 
186:1,2 0.001 -1 -1 3,1 0.002 1 0 1,3 0.002 -1 0 3.0261 1 1,12 0.001 0 -1 0,13 0.002 1 -1 3,12 0.001 0 -1 0.0332 4 14,0 0.001 1 -1 13,3 0.002 -1 -1 14,3 0.001 1 -1 9.0753 3 13,15 0.001 0 1 14,12 0.001 -1 -1 12,12 0.001 1 1 24.0558 2 :1,12 :f,3,2 f,3,14 f,15,1 f,15,12 
187:0,1 0.001 -1 -1 3,1 0.002 1 -1 1,3 0.002 -1 1 3.0271 1 1,12 0.001 0 -1 0,13 0.002 1 -1 3,12 0.001 0 -1 0.0332 0 14,0 0.001 1 -1 12,2 0.002 -1 -1 14,3 0.001 0 -1 9.0763 3 13,15 0.001 1 1 14,12 0.001 -1 -1 12,12 0.001 1 0 24.0558 2 :1,12 :f,3,2 f,3,14 f,15,1 f,15,12 
188:0,1 0.001 0 -1 3,1 0.002 0 -1 1,3 0.002 0 1 3.0271 1 1,12 0.001 0 -1 0,13 0.002 0 -1 3,12 0.001 0 -1 0.0332 0 14,0 0.001 1 -1 12,2 0.002 -1 -1 14,2 0.001 0 -1 9.0773 3 13,15 0.001 1 0 14,12 0.001 -1 -1 13,12 0.001 1 0 24.0568 2 ::f,3,2 f,3,14 f,15,1 f,15,12 
189:0,0 0.001 0 -1 3,1 0.002 -1 -1 1,3 0.002 1 1 3.0281 1 1,12 0.001 -1 -1 0,13 0.002 -1 -1 3,12 0.001 0 -1 0.0332 0 14,0 0.001 1 -1 12,2 0.002 -1 -1 14,2 0.001 0 -1 9.0773 3 13,15 0.001 1 -1 14,12 0.001 -1 -1 13,12 0.001 1 0 24.0568 2 ::f,3,2 f,3,14 f,15,1 f,15,12 
190:0,0 0.001 0 -1 3,1 0.002 -1 0 1,3 0.002 1 0 3.0281 1 1,12 0.001 -1 0 0,13 0.002 -1 0 3,12 0.001 0 -1 0.0332 0 14,0 0.001 0 -1 12,2 0.002 -1 -1 14,2 0.001 -1 -1 9.0773 3 13,15 0.001 0 -1 14,12 0.001 -1 -1 13,12 0.001 1 -1 24.0568 2 ::f,3,2 f,3,14 f,15,1 f,15,12 
191:0,0 0.001 -1 -1 3,1 0.002 -1 1 1,3 0.002 1 -1 3.0281 1 1,12 0.001 -1 1 0,13 0.002 -1 1 3,12 0.001 -1 -1 0.0332 0 14,0 0.001 -1 -1 12,2 0.002 -1 -1 13,1 0.001 -1 -1 9.0783 3 13,14 0.001 0 -1 14,12 0.001 -1 -1 13,12 0.001 0 -1 24.0578 2 ::f,3,2 f,3,14 f,15,1 f,15,12 
192:0,0 0.001 -1 0 3,1 0.002 0 1 1,3 0.002 0 -1 3.0281 1 1,12 0.001 0 1 0,13 0.002 0 1 3,12 0.001 -1 0 0.0332 0 14,0 0.001 -1 0 12,2 0.002 -1 -1 13,1 0.001 -1 -1 9.0783 3 13,14 0.001 0 -1 14,12 0.001 -1 -1 13,12 0.001 -1 -1 24.0578 2 ::f,3,2 f,3,14 f,15,1 f,15,12 
193:0,0 0.001 -1 1 3,1 0.002 1 1 1,3 0.002 -1 -1 3.0281 1 1,13 0.001 0 1 0,13 0.002 1 1 3,12 0.001 -1 1 0.0342 0 14,0 0.001 -1 1 12,2 0.002 -1 0 12,0 0.001 -1 -1 9.0793 3 13,13 0.001 0 -1 14,12 0.001 -1 -1 13,12 0.001 -1 0 24.0588 2 ::f,3,2 f,3,14 f,15,1 f,15,12 
194:0,0 0.001 0 1 3,1 0.002 1 0 1,3 0.002 -1 0 3.0281 1 1,13 0.001 0 1 0,13 0.002 1 0 3,12 0.001 0 1 0.0342 0 14,0 0.001 0 1 12,2 0.002 -1 1 12,0 0.001 -1 -1 9.0793 3 13,13 0.001 0 -1 14,12 0.001 -1 -1 13,12 0.001 -1 1 24.0588 2 ::f,3,2 f,3,14 f,15,1 f,15,12 
195:0,0 0.001 1 1 3,1 0.002 1 -1 1,3 0.002 -1 1 3.0281 1 1,13 0.001 1 1 0,13 0.002 1 -1 3,12 0.001 1 1 0.0342 0 14,0 0.001 1 1 12,2 0.002 0 1 12,0 0.001 -1 -1 9.0793 3 13,13 0.001 0 -1 14,12 0.001 -1 -1 12,13 0.001 -1 1 24.0598 2 ::f,3,2 f,3,14 f,15,1 f,15,12 
196:0,0 0.001 1 0 3,1 0.002 0 -1 1,3 0.002 0 1 3.0281 1 1,13 0.001 1 0 0,13 0.002 0 -1 3,12 0.001 1 1 0.0342 0 14,0 0.001 1 1 12,2 0.002 1 1 12,0 0.001 -1 0 9.0793 3 13,12 0.001 0 -1 14,12 0.001 -1 -1 12,13 0.001 -1 1 24.0608 2 ::f,3,2 f,3,14 f,15,1 f,15,12 
197:0,0 0.001 1 -1 3,1 0.002 -1 -1 1,3 0.002 1 1 3.0281 1 2,13 0.001 1 0 0,13 0.002 -1 -1 3,12 0.001 1 1 0.0352 0 14,0 0.001 1 1 12,2 0.002 1 1 12,0 0.002 -1 0 9.0794 10 13,12 0.001 0 -1 14,12 0.001 -1 -1 12,13 0.001 0 1 24.0608 2 :13,3 11,0 :f,3,2 f,3,14 f,12,3 f,15,12 
198:0,0 0.001 1 -1 3,1 0.002 -1 0 1,3 0.002 1 0 3.0281 1 2,13 0.001 1 0 0,13 0.002 -1 0 3,12 0.001 1 0 0.0352 0 14,0 0.002 1 1 12,2 0.002 1 1 12,0 0.002 -1 0 9.0794 2 13,12 0.001 0 -1 14,12 0.001 -1 -1 12,14 0.001 0 1 24.0618 2 :14,4 10,0 15,1 13,3 :f,3,2 f,3,14 f,12,3 f,15,12 
199:0,0 0.001 0 -1 3,1 0.002 -1 1 1,3 0.002 1 -1 3.0281 1 3,13 0.001 1 0 0,13 0.002 -1 1 3,12 0.001 1 -1 0.0362 0 15,1 0.002 1 1 12,2 0.001 1 1 12,0 0.002 -1 1 9.0804 2 13,12 0.001 0 -1 14,12 0.001 -1 -1 12,14 0.001 0 1 24.0618 2 :15,5 9,0 14,4 :f,3,2 f,3,14 f,12,3 f,15,12 
200:0,0 0.001 -1 -1 3,1 0.002 0 1 1,3 0.002 0 -1 3.0281 1 3,13 0.001 1 0 0,13 0.002 0 1 3,12 0.001 0 -1 0.0362 0 15,1 0.002 1 1 13,3 0.001 1 1 12,0 0.002 0 1 9.0814 2 13,12 0.001 -1 -1 14,12 0.001 -1 -1 12,14 0.001 1 1 24.0618 2 :8,0 15,5 :f,3,2 f,3,14 f,12,3 f,15,12 
201:0,0 0.001 -1 0 3,1 0.002 1 1 1,3 0.002 -1 -1 3.0281 1 3,13 0.001 1 0 0,13 0.002 1 1 3,12 0.001 -1 -1 0.0362 0 15,1 0.002 1 1 13,3 0.001 1 1 12,0 0.002 1 1 9.0814 2 13,12 0.001 -1 0 14,12 0.001 -1 -1 13,15 0.001 1 1 24.0628 2 :7,0 :f,3,2 f,3,14 f,12,3 f,15,12 
202:0,0 0.001 -1 1 3,1 0.002 1 0 1,3 0.002 -1 0 3.0281 1 3,13 0.001 1 -1 0,13 0.002 1 0 3,12 0.001 -1 0 0.0362 0 15,1 0.002 1 0 13,3 0.001 1 1 13,1 0.002 1 1 9.0824 2 13,12 0.001 -1 1 14,12 0.001 -1 -1 13,15 0.001 1 1 24.0628 2 :6,0 :f,3,2 f,3,14 f,12,3 f,15,12 
203:0,0 0.001 0 1 3,1 0.002 1 -1 1,3 0.002 -1 1 3.0281 1 3,13 0.001 0 -1 0,13 0.002 1 -1 3,12 0.001 -1 1 0.0362 0 15,1 0.002 1 0 13,3 0.001 1 1 13,1 0.001 1 1 9.0824 2 12,13 0.001 -1 1 14,12 0.001 -1 -1 13,15 0.001 1 1 24.0638 2 :5,0 :f,3,2 f,3,14 f,12,3 f,15,12 
204:0,0 0.001 1 1 3,1 0.002 0 -1 1,3 0.002 0 1 3.0281 1 3,13 0.001 -1 -1 0,13 0.002 0 -1 3,12 0.001 0 1 0.0362 0 15,1 0.002 1 0 13,3 0.001 1 1 13,1 0.001 0 1 9.0824 2 12,13 0.001 -1 1 14,12 0.001 -1 -1 13,15 0.001 1 1 24.0638 2 :4,0 :f,3,2 f,3,14 f,12,3 f,15,12 
205:0,0 0.001 1 0 3,1 0.002 -1 -1 1,3 0.002 1 1 3.0281 1 2,12 0.001 -1 -1 0,13 0.002 -1 -1 3,13 0.001 0 1 0.0382 0 15,1 0.002 1 -1 13,3 0.001 1 1 13,2 0.001 0 1 9.0834 2 12,13 0.001 0 1 14,12 0.001 0 -1 13,15 0.001 1 1 24.0638 2 :3,0 :f,3,2 f,3,14 f,12,3 f,15,12 
206:0,0 0.001 1 -1 3,1 0.002 -1 0 1,3 0.002 1 0 3.0281 1 2,12 0.001 -1 -1 0,13 0.002 -1 0 3,13 0.001 1 1 0.0382 0 15,1 0.002 0 -1 13,3 0.001 1 1 13,2 0.001 0 1 9.0834 2 12,14 0.001 0 1 14,12 0.001 0 -1 13,15 0.001 1 1 24.0648 2 :2,0 :f,3,2 f,3,14 f,12,3 f,15,12 
207:0,0 0.001 0 -1 3,1 0.002 -1 1 1,3 0.002 1 -1 3.0281 1 2,12 0.001 -1 -1 0,13 0.002 -1 1 3,13 0.001 1 0 0.0382 0 15,1 0.002 -1 -1 13,3 0.001 1 1 13,2 0.001 0 1 9.0834 2 12,14 0.001 0 1 14,12 0.001 0 -1 13,15 0.001 1 1 24.0648 2 :1,0 :f,3,2 f,3,14 f,12,3 f,15,12 
208:0,0 0.001 -1 -1 3,1 0.002 0 1 1,3 0.002 0 -1 3.0281 1 2,12 0.001 -1 -1 0,13 0.002 0 1 3,13 0.001 1 -1 0.0382 0 15,1 0.002 -1 0 13,3 0.001 1 1 13,2 0.001 0 1 9.0834 2 12,15 0.001 0 1 14,12 0.001 0 -1 13,15 0.001 1 1 24.0658 2 :0,0 :f,3,2 f,3,14 f,12,3 f,15,12 
209:0,0 0.001 -1 0 3,1 0.002 1 1 1,3 0.002 -1 -1 3.0281 1 2,12 0.001 -1 -1 0,13 0.002 1 1 3,13 0.001 0 -1 0.0382 0 14,1 0.002 -1 0 13,3 0.001 1 1 13,2 0.001 0 1 12.0844 2 12,15 0.001 0 1 14,12 0.001 0 -1 13,15 0.001 1 1 24.0658 2 ::f,3,2 f,3,14 f,12,3 f,15,12 
210:0,0 0.001 -1 1 3,1 0.002 1 0 1,3 0.002 -1 0 3.0281 1 2,12 0.001 -1 -1 0,13 0.002 1 0 3,13 0.001 -1 -1 0.0382 0 14,1 0.001 -1 0 13,3 0.001 1 1 13,2 0.001 0 1 12.0844 2 12,15 0.001 0 1 14,12 0.001 -1 -1 13,15 0.001 1 1 24.0658 2 ::f,3,2 f,3,14 f,12,3 f,15,12 
211:0,0 0.001 0 1 3,1 0.002 1 -1 1,3 0.002 -1 1 3.0281 1 2,12 0.001 -1 -1 0,13 0.002 1 -1 3,13 0.001 -1 0 0.0382 0 13,1 0.001 -1 0 13,3 0.001 1 1 13,2 0.001 0 1 12.0854 2 12,15 0.001 0 1 14,12 0.001 -1 0 13,15 0.001 0 1 24.0658 2 ::f,3,2 f,3,14 f,12,3 f,15,12 
212:0,0 0.001 1 1 3,1 0.002 0 -1 1,3 0.002 0 1 3.0281 1 2,12 0.001 -1 -1 0,13 0.002 0 -1 3,13 0.001 -1 1 0.0382 0 13,1 0.001 -1 0 13,3 0.001 0 1 13,2 0.001 0 1 12.0854 2 12,15 0.001 1 1 14,12 0.001 -1 1 13,15 0.001 0 1 24.0658 2 ::f,3,2 f,3,14 f,12,3 f,15,12 
213:0,0 0.001 1 0 3,1 0.002 -1 -1 1,3 0.002 1 1 3.0281 1 2,12 0.001 -1 -1 0,13 0.002 -1 -1 2,14 0.001 -1 1 0.0392 0 12,1 0.001 -1 0 13,3 0.001 0 1 13,2 0.001 0 1 12.0864 2 12,15 0.001 1 0 13,13 0.001 -1 1 13,15 0.001 0 1 24.0668 2 ::f,3,2 f,3,14 f,12,3 f,15,12 
214:0,0 0.001 1 -1 3,1 0.002 -1 0 1,3 0.002 1 0 3.0281 1 2,12 0.001 -1 -1 0,13 0.002 -1 0 2,14 0.001 -1 1 0.0392 0 12,1 0.001 -1 0 13,3 0.001 0 1 13,2 0.001 0 1 12.0864 2 12,15 0.001 1 -1 13,13 0.001 -1 1 13,15 0.001 0 1 24.0668 2 ::f,3,2 f,3,14 f,12,3 f,15,12 
215:0,0 0.001 1 -1 3,1 0.002 -1 1 1,3 0.002 1 -1 3.0281 1 2,12 0.001 -1 -1 0,13 0.002 -1 1 1,15 0.001 -1 1 0.0402 0 12,1 0.001 -1 0 13,3 0.001 0 1 13,2 0.001 0 1 12.0864 2 13,14 0.001 1 -1 12,14 0.001 -1 1 13,15 0.001 1 1 24.0688 2 ::f,3,2 f,3,14 f,12,3 f,15,12 
216:0,0 0.001 0 -1 3,1 0.002 0 1 1,3 0.002 0 -1 3.0281 1 2,12 0.001 -1 -1 0,13 0.002 0 1 1,15 0.001 -1 1 0.0402 0 12,1 0.001 -1 1 13,3 0.001 1 1 13,2 0.001 0 1 12.0864 2 13,14 0.001 1 -1 12,14 0.001 -1 1 13,15 0.001 1 0 24.0688 2 ::f,3,2 f,3,14 f,12,3 f,15,12 
217:0,0 0.001 -1 -1 3,1 0.002 1 1 1,3 0.002 -1 -1 3.0281 1 2,12 0.001 0 -1 0,13 0.002 1 1 1,15 0.001 -1 1 0.0402 0 12,1 0.001 0 1 13,3 0.001 1 0 13,2 0.001 0 1 12.0864 2 13,14 0.001 1 0 12,14 0.001 -1 0 13,15 0.001 1 -1 24.0688 2 ::f,3,2 f,3,14 f,12,3 f,15,12 
218:0,0 0.001 -1 0 3,1 0.002 1 0 1,3 0.002 -1 0 3.0281 1 2,12 0.001 0 -1 0,13 0.002 1 0 1,15 0.001 -1 1 0.0402 0 12,1 0.001 1 1 13,3 0.001 1 -1 13,2 0.001 0 1 12.0864 2 14,14 0.001 1 0 12,14 0.001 -1 0 13,15 0.001 0 -1 24.0698 2 ::f,3,2 f,3,14 f,12,3 f,15,12 
219:0,0 0.001 -1 1 3,1 0.002 1 -1 1,3 0.002 -1 1 3.0281 1 2,12 0.001 0 -1 0,13 0.002 1 -1 1,15 0.001 0 1 0.0402 0 12,1 0.001 1 1 13,3 0.001 0 -1 13,2 0.001 0 1 12.0864 2 14,14 0.001 1 0 12,14 0.001 -1 0 13,15 0.001 -1 -1 24.0698 2 ::f,3,2 f,3,14 f,12,3 f,15,12 
220:0,0 0.001 0 1 3,1 0.002 0 -1 1,3 0.002 0 1 3.0281 1 2,12 0.001 0 -1 0,13 0.002 0 -1 1,15 0.001 1 1 0.0402 0 12,1 0.001 1 1 13,3 0.001 -1 -1 13,2 0.001 0 1 12.0864 2 14,14 0.001 1 1 12,14 0.001 -1 0 13,15 0.001 -1 0 24.0698 2 ::f,3,2 f,3,14 f,12,3 f,15,12 
221:0,0 0.001 1 1 3,1 0.002 -1 -1 1,3 0.002 1 1 3.0281 1 2,12 0.001 0 -1 0,13 0.002 -1 -1 1,15 0.001 1 0 0.0402 0 12,1 0.001 1 1 13,3 0.001 -1 0 13,2 0.001 0 1 12.0864 2 15,15 0.001 1 1 12,14 0.001 -1 0 12,15 0.001 -1 0 24.0718 2 ::f,3,2 f,3,14 f,12,3 f,15,12 
222:0,0 0.001 1 0 3,1 0.002 -1 0 1,3 0.002 1 0 3.0281 1 2,12 0.001 0 -1 0,13 0.002 -1 0 1,15 0.001 1 -1 0.0402 0 12,1 0.001 1 1 13,3 0.001 -1 0 13,2 0.001 0 1 12.0864 2 15,15 0.001 1 1 12,14 0.001 -1 1 12,15 0.001 -1 0 24.0718 2 ::f,3,2 f,3,14 f,12,3 f,15,12 
223:1,0 0.001 1 0 3,1 0.002 -1 1 1,3 0.002 1 -1 3.0291 1 2,12 0.001 -1 -1 0,13 0.002 -1 1 1,15 0.001 0 -1 0.0402 0 12,1 0.001 1 1 13,3 0.001 -1 1 13,2 0.001 0 1 12.0864 2 15,15 0.001 1 1 12,14 0.001 0 1 12,15 0.001 -1 1 24.0718 2 ::f,3,2 f,3,14 f,12,3 f,15,12 
224:2,0 0.001 1 0 3,1 0.002 0 1 1,3 0.002 0 -1 3.0301 1 2,12 0.001 -1 0 0,13 0.002 0 1 1,15 0.001 -1 -1 0.0402 0 12,1 0.001 1 1 13,3 0.001 0 1 13,2 0.001 0 1 12.0864 2 15,15 0.001 1 1 12,14 0.001 1 1 12,15 0.001 -1 1 24.0718 2 ::f,3,2 f,3,14 f,12,3 f,15,12 
225:2,0 0.001 1 -1 3,1 0.002 1 1 1,3 0.002 -1 -1 3.0301 1 2,12 0.001 -1 1 0,13 0.002 1 1 1,15 0.001 -1 0 0.0402 0 12,1 0.001 0 1 13,3 0.001 1 1 13,2 0.001 0 1 12.0864 2 15,15 0.001 1 1 13,15 0.001 1 1 12,15 0.001 0 1 24.0728 2 ::f,3,2 f,3,14 f,12,3 f,15,12 
226:2,0 0.001 0 -1 3,1 0.002 1 0 1,3 0.002 -1 0 3.0301 1 2,12 0.001 0 1 0,13 0.002 1 0 0,15 0.001 -1 0 0.0412 0 12,2 0.001 0 1 13,3 0.001 1 0 13,2 0.001 0 1 12.0874 2 15,15 0.001 1 0 13,15 0.001 1 1 12,15 0.001 1 1 24.0728 2 ::f,3,2 f,3,14 f,12,3 f,15,12 
227:2,0 0.001 -1 -1 3,1 0.002 1 -1 1,3 0.002 -1 1 3.0301 1 2,13 0.001 0 1 0,13 0.002 1 -1 0,15 0.001 -1 0 0.0422 0 12,2 0.001 0 1 13,3 0.002 1 0 13,2 0.002 0 1 12.0875 9 15,15 0.001 1 -1 13,15 0.001 1 0 12,15 0.001 1 0 24.0728 2 :14,3 13,3 :f,3,2 f,3,14 f,13,0 f,15,12 
228:2,0 0.001 -1 0 3,1 0.002 0 -1 1,3 0.002 0 1 3.0301 1 2,14 0.001 0 1 0,13 0.002 0 -1 0,15 0.001 -1 1 0.0432 0 12,2 0.002 0 1 13,3 0.002 1 0 13,2 0.001 0 1 12.0875 1 15,15 0.001 0 -1 13,15 0.001 1 -1 12,15 0.001 1 -1 24.0728 2 :15,3 12,3 14,3 :f,3,2 f,3,14 f,13,0 f,15,12 
229:2,0 0.001 -1 1 3,1 0.002 -1 -1 1,3 0.002 1 1 3.0301 1 2,14 0.001 0 1 0,13 0.002 -1 -1 0,15 0.001 0 1 0.0432 0 12,3 0.002 0 1 14,3 0.002 1 0 13,3 0.001 0 1 12.0905 1 15,15 0.001 -1 -1 13,15 0.001 0 -1 13,14 0.001 1 -1 24.0738 2 :12,4 15,3 :f,3,2 f,3,14 f,13,0 f,15,12 
230:2,0 0.001 0 1 3,1 0.002 -1 0 1,3 0.002 1 0 3.0301 1 2,15 0.001 0 1 0,13 0.002 -1 0 0,15 0.001 0 1 0.0442 0 12,3 0.002 0 1 15,3 0.002 1 0 13,3 0.001 0 1 12.0915 1 15,15 0.001 -1 0 13,15 0.001 -1 -1 13,14 0.001 1 -1 24.0738 2 :12,5 :f,3,2 f,3,14 f,13,0 f,15,12 
231:2,1 0.001 0 1 3,1 0.002 -1 1 1,3 0.002 1 -1 3.0311 1 2,15 0.001 0 1 0,13 0.002 -1 1 0,15 0.001 1 1 0.0442 0 12,3 0.002 0 1 15,3 0.002 1 0 13,3 0.001 0 1 12.0915 1 14,15 0.001 -1 0 13,15 0.001 -1 0 13,14 0.001 0 -1 24.0748 2 :12,6 :f,3,2 f,3,14 f,13,0 f,15,12 
232:2,1 0.001 0 1 3,1 0.002 0 1 1,3 0.002 0 -1 3.0311 1 2,15 0.001 0 1 0,13 0.002 0 1 0,15 0.001 1 0 0.0442 0 12,3 0.002 0 1 15,3 0.002 1 0 13,3 0.001 0 1 12.0915 1 14,15 0.001 -1 1 12,15 0.001 -1 0 13,14 0.001 -1 -1 24.0758 2 :12,7 :f,3,2 f,3,14 f,13,0 f,15,12 
233:2,1 0.001 0 1 3,1 0.002 1 1 1,3 0.002 -1 -1 3.0311 1 2,15 0.001 1 1 0,13 0.002 1 1 0,15 0.001 1 -1 0.0442 0 12,3 0.002 0 1 15,3 0.002 1 -1 13,3 0.001 1 1 12.0915 1 14,15 0.001 -1 1 12,15 0.001 -1 1 12,13 0.001 -1 -1 24.0768 2 :12,8 :f,3,2 f,3,14 f,13,0 f,15,12 
234:2,2 0.001 0 1 3,1 0.002 1 0 1,3 0.002 -1 0 3.0321 1 2,15 0.001 1 1 0,13 0.002 1 0 0,15 0.001 0 -1 0.0442 0 12,3 0.002 1 1 15,3 0.002 0 -1 13,3 0.001 1 0 12.0915 1 14,15 0.001 0 1 12,15 0.001 0 1 12,13 0.001 -1 0 24.0768 2 :12,9 :f,3,2 f,3,14 f,13,0 f,15,12 
235:2,3 0.001 0 1 3,1 0.002 1 -1 1,3 0.002 -1 1 3.0331 1 2,15 0.001 1 1 0,13 0.002 1 -1 0,14 0.001 0 -1 0.0452 0 12,3 0.002 1 1 15,3 0.002 -1 -1 13,3 0.001 1 -1 12.0915 1 14,15 0.001 1 1 12,15 0.001 0 1 12,13 0.001 -1 1 24.0768 2 :12,10 :f,3,2 f,3,14 f,13,0 f,15,12 
236:2,3 0.001 -1 1 3,1 0.002 0 -1 1,3 0.002 0 1 3.0331 1 2,15 0.001 0 1 0,13 0.002 0 -1 0,14 0.001 -1 -1 0.0452 0 12,3 0.001 1 1 15,3 0.002 -1 0 13,3 0.001 0 -1 12.0915 1 14,15 0.001 1 0 12,15 0.001 1 1 12,13 0.001 0 1 24.0768 2 :12,11 :f,3,2 f,3,14 f,13,0 f,15,12 
237:2,3 0.001 -1 1 3,1 0.002 -1 -1 1,3 0.002 1 1 3.0331 1 2,15 0.001 0 1 0,13 0.002 -1 -1 0,14 0.001 -1 0 0.0452 0 12,3 0.001 1 1 14,3 0.002 -1 0 13,2 0.001 0 -1 12.0935 1 15,15 0.001 1 0 12,15 0.001 1 0 12,13 0.001 1 1 24.0778 2 :12,12 :f,3,2 f,3,14 f,13,0 f,15,12 
238:2,3 0.001 -1 1 3,1 0.002 -1 0 1,3 0.002 1 0 3.0331 1 2,15 0.001 0 1 0,13 0.002 -1 0 0,14 0.001 -1 1 0.0452 0 12,3 0.001 1 1 13,3 0.002 -1 0 13,2 0.001 0 -1 12.0945 1 15,15 0.001 1 -1 12,15 0.001 1 -1 12,13 0.001 1 0 24.0778 2 :12,13 :f,3,2 f,3,14 f,13,0 f,15,12 
239:2,3 0.001 0 1 3,1 0.002 -1 1 1,3 0.002 1 -1 3.0331 1 2,15 0.001 1 1 0,13 0.002 -1 1 0,14 0.001 0 1 0.0452 0 12,3 0.001 1 1 13,3 0.002 -1 1 13,2 0.001 1 -1 15.0945 1 15,15 0.001 1 -1 13,14 0.001 1 -1 13,13 0.001 1 0 24.0798 2 ::f,3,2 f,3,14 f,13,0 f,15,12 
240:2,3 0.001 1 1 3,1 0.002 0 1 1,3 0.002 0 -1 3.0331 1 2,15 0.001 1 1 0,13 0.002 0 1 0,14 0.001 1 1 0.0452 0 12,3 0.001 0 1 13,3 0.002 -1 1 14,1 0.001 1 -1 15.0955 1 15,15 0.001 1 -1 13,14 0.001 1 -1 13,13 0.001 1 0 24.0798 2 ::f,3,2 f,3,14 f,13,0 f,15,12 
241:2,3 0.001 1 0 3,1 0.002 1 1 1,3 0.002 -1 -1 3.0331 1 2,15 0.001 1 1 0,13 0.002 1 1 0,14 0.001 1 0 0.0452 0 12,3 0.001 0 1 13,3 0.002 0 1 14,1 0.001 1 -1 15.0955 1 15,15 0.001 0 -1 13,14 0.001 1 -1 14,13 0.001 1 0 24.0808 2 ::f,3,2 f,3,14 f,13,0 f,15,12 
242:2,3 0.001 1 -1 3,1 0.002 1 0 1,3 0.002 -1 0 3.0331 1 2,15 0.001 1 0 0,13 0.002 1 0 0,14 0.001 1 -1 0.0452 0 12,3 0.001 0 1 13,3 0.002 1 1 15,0 0.001 1 -1 15.0965 1 15,15 0.001 -1 -1 13,14 0.001 1 -1 15,13 0.001 1 0 24.0818 2 ::f,3,2 f,3,14 f,13,0 f,15,12 
243:2,3 0.001 1 -1 3,1 0.002 1 -1 1,3 0.002 -1 1 3.0331 1 3,15 0.001 1 0 0,13 0.002 1 -1 0,14 0.001 0 -1 0.0462 0 12,3 0.001 1 1 13,3 0.002 1 0 15,0 0.001 1 -1 15.0965 1 15,15 0.001 -1 0 14,13 0.001 1 -1 15,13 0.001 1 0 24.0828 2 ::f,3,2 f,3,14 f,13,0 f,15,12 
244:2,3 0.001 1 -1 3,1 0.002 0 -1 1,3 0.002 0 1 3.0332 16 3,15 0.001 1 0 0,13 0.002 0 -1 0,14 0.001 -1 -1 0.0462 0 12,3 0.001 1 0 13,3 0.002 1 -1 15,0 0.001 1 -1 15.0965 1 14,15 0.001 -1 0 14,13 0.001 1 -1 15,13 0.002 1 0 24.0839 17 ::f,1,1 f,3,14 f,13,0 f,13,12 
245:3,2 0.001 1 -1 3,1 0.002 -1 -1 1,3 0.002 0 1 3.0342 12 3,15 0.001 1 0 0,13 0.002 -1 -1 0,14 0.001 -1 0 0.0462 0 12,3 0.001 1 -1 13,3 0.002 0 -1 15,0 0.001 1 -1 15.0965 1 14,15 0.002 -1 0 15,12 0.001 1 -1 15,13 0.002 1 0 24.0849 13 :1,4 13,15 :f,1,1 f,3,14 f,13,0 f,13,12 
246:3,2 0.001 1 -1 3,1 0.002 -1 0 1,3 0.002 0 1 3.0342 8 3,15 0.001 1 -1 0,13 0.002 -1 0 0,14 0.001 -1 1 0.0462 0 12,3 0.001 0 -1 13,3 0.002 -1 -1 15,0 0.001 0 -1 15.0965 1 14,15 0.002 -1 0 15,12 0.001 1 -1 15,13 0.002 1 0 24.0849 9 :1,5 12,15 1,4 13,15 :f,1,1 f,3,14 f,13,0 f,13,12 
247:3,2 0.001 1 0 3,1 0.002 -1 0 1,3 0.002 0 1 3.0342 0 3,15 0.001 0 -1 0,13 0.002 -1 1 0,14 0.001 0 1 0.0462 0 12,3 0.001 -1 -1 13,3 0.002 -1 0 15,0 0.001 -1 -1 15.0965 1 14,15 0.002 -1 0 15,12 0.001 1 -1 15,13 0.002 1 0 24.0849 5 :1,6 11,15 1,5 12,15 2,1 1,4 13,15 :f,1,1 f,3,14 f,13,0 f,13,12 
248:3,2 0.001 1 0 3,1 0.002 -1 1 1,3 0.002 1 1 3.0342 0 3,15 0.001 -1 -1 0,13 0.002 0 1 0,14 0.001 1 1 0.0462 0 12,3 0.001 -1 -1 13,3 0.002 -1 1 15,0 0.001 -1 0 15.0965 1 14,15 0.002 -1 0 15,12 0.001 1 -1 15,13 0.002 1 -1 24.0849 1 :1,7 10,15 1,6 11,15 1,1 1,5 12,15 13,15 :f,1,1 f,3,14 f,13,0 f,13,12 
249:3,2 0.001 1 0 3,1 0.002 0 1 1,3 0.002 1 0 3.0342 0 2,14 0.001 -1 -1 0,13 0.002 1 1 1,15 0.001 1 1 0.0482 0 12,3 0.001 -1 0 13,3 0.002 0 1 15,0 0.001 -1 1 15.0965 1 14,15 0.002 -1 1 15,12 0.001 0 -1 15,13 0.002 0 -1 24.0849 1 :1,8 9,15 1,7 10,15 0,1 1,6 11,15 12,15 :f,1,1 f,3,14 f,13,0 f,13,12 
250:3,2 0.001 1 -1 3,1 0.002 1 1 1,3 0.002 1 -1 3.0342 0 2,14 0.001 -1 -1 0,13 0.002 1 0 1,15 0.001 1 1 0.0482 0 12,3 0.001 -1 1 13,3 0.002 1 1 15,0 0.001 0 1 15.0965 1 14,15 0.002 0 1 15,12 0.001 -1 -1 15,13 0.002 -1 -1 24.0849 1 :1,9 8,15 1,8 9,15 1,7 10,15 11,15 :f,1,1 f,3,14 f,13,0 f,13,12 
251:3,2 0.001 0 -1 3,1 0.002 1 0 1,3 0.002 0 -1 3.0342 0 1,13 0.001 -1 -1 0,13 0.002 1 -1 1,15 0.001 1 1 0.0492 0 12,3 0.001 0 1 13,3 0.002 1 0 15,0 0.001 1 1 15.0965 1 14,15 0.002 1 1 15,12 0.001 -1 0 15,13 0.002 -1 0 24.0849 1 :1,10 7,15 1,9 8,15 1,8 9,15 10,15 :f,1,1 f,3,14 f,13,0 f,13,12 
252:3,2 0.001 -1 -1 3,1 0.002 1 -1 1,3 0.002 -1 -1 3.0342 0 0,12 0.001 -1 -1 0,13 0.002 0 -1 1,15 0.001 1 1 0.0502 0 12,3 0.001 1 1 13,3 0.002 1 -1 15,0 0.001 1 1 15.0965 1 14,15 0.002 1 0 15,12 0.001 -1 1 14,13 0.002 -1 0 24.0859 1 :1,11 6,15 1,10 7,15 1,9 8,15 9,15 :f,1,1 f,3,14 f,13,0 f,13,12 
253:2,1 0.001 -1 -1 3,1 0.002 0 -1 1,3 0.002 -1 0 3.0352 0 0,12 0.001 -1 -1 0,13 0.002 -1 -1 1,15 0.001 1 1 0.0502 0 12,3 0.001 1 0 13,3 0.002 0 -1 15,0 0.001 1 0 15.0965 1 14,15 0.002 1 -1 15,12 0.001 0 1 14,13 0.001 -1 0 24.0859 1 :1,12 5,15 1,11 6,15 1,10 7,15 8,15 :f,1,1 f,3,14 f,13,0 f,13,12 
254:1,0 0.001 -1 -1 3,1 0.002 -1 -1 1,3 0.002 -1 1 3.0362 0 0,12 0.001 -1 -1 0,13 0.002 -1 0 1,15 0.001 1 1 0.0502 0 12,3 0.001 1 -1 13,2 0.002 0 -1 15,0 0.001 1 -1 15.0975 1 15,14 0.002 1 -1 15,13 0.001 0 1 13,13 0.001 -1 0 24.0889 1 :1,13 4,15 1,12 5,15 1,11 6,15 7,15 :f,1,1 f,3,14 f,13,0 f,13,12 
255:1,0 0.001 -1 -1 3,1 0.002 -1 0 1,3 0.002 0 1 3.0362 0 0,12 0.001 -1 -1 0,13 0.002 -1 1 1,15 0.001 1 1 0.0502 0 12,3 0.001 0 -1 13,2 0.001 0 -1 15,0 0.001 0 -1 15.0975 1 15,14 0.001 1 -1 15,13 0.001 1 1 13,13 0.001 -1 0 24.0889 1 :1,14 3,15 1,13 4,15 1,12 5,15 6,15 :f,1,1 f,3,14 f,13,0 f,13,12 
256:1,0 0.001 -1 -1 3,1 0.002 -1 1 1,3 0.002 1 1 3.0362 0 0,12 0.001 -1 0 0,13 0.002 0 1 1,15 0.001 1 1 0.0502 0 12,2 0.001 0 -1 13,2 0.001 1 -1 15,0 0.001 -1 -1 15.0985 1 15,14 0.001 1 -1 15,13 0.001 1 0 12,13 0.001 -1 0 24.0899 1 :1,15 2,15 1,14 3,15 1,13 4,15 5,15 :f,1,1 f,3,14 f,13,0 f,13,12 
257:1,0 0.001 -1 -1 3,1 0.002 0 1 1,3 0.002 1 0 6.0362 0 -10,-10 0.001 -1 0 -10,-10 0.002 0 1 -10,-10 0.001 1 1 0.0502 0 12,2 0.001 -1 -1 14,1 0.001 1 -1 15,0 0.001 -1 0 15.0995 1 15,14 0.001 1 -1 15,13 0.001 1 -1 12,13 0.001 -1 0 24.0899 1 :1,15 1,15 2,15 1,14 3,15 4,15 :f,1,1 f,3,14 f,13,0 f,13,12 
258:1,0 0.001 -1 -1 3,1 0.002 1 1 1,3 0.002 1 -1 6.0362 0 -10,-10 0.001 -1 0 -10,-10 0.002 0 1 -10,-10 0.001 1 1 0.0502 0 12,2 0.001 -1 0 14,1 0.001 1 -1 15,0 0.001 -1 1 15.0995 1 15,14 0.001 1 -1 15,13 0.001 0 -1 12,13 0.001 -1 0 24.0899 1 :0,15 1,15 1,15 2,15 3,15 :f,1,1 f,3,14 f,13,0 f,13,12 
259:1,0 0.001 -1 -1 3,1 0.002 1 0 1,3 0.002 0 -1 6.0362 0 -10,-10 0.001 -1 0 -10,-10 0.002 0 1 -10,-10 0.001 1 1 0.0502 0 12,2 0.001 -1 1 14,1 0.001 1 -1 15,0 0.001 0 1 15.0995 1 15,14 0.001 1 -1 15,13 0.001 -1 -1 12,13 0.001 -1 0 24.0899 1 :0,15 1,15 2,15 :f,1,1 f,3,14 f,13,0 f,13,12 
260:1,0 0.001 -1 -1 3,1 0.002 1 -1 1,3 0.002 -1 -1 6.0362 0 -10,-10 0.001 -1 0 -10,-10 0.002 0 1 -10,-10 0.001 1 1 0.0502 0 12,2 0.001 0 1 14,1 0.001 1 -1 15,1 0.001 0 1 15.1005 1 15,14 0.001 1 -1 15,13 0.001 -1 0 12,13 0.001 -1 0 24.0899 1 :0,15 1,15 :f,1,1 f,3,14 f,13,0 f,13,12 
261:1,0 0.001 -1 -1 3,1 0.002 0 -1 1,3 0.002 -1 0 6.0362 0 -10,-10 0.001 -1 0 -10,-10 0.002 0 1 -10,-10 0.001 1 1 0.0502 0 12,2 0.001 1 1 15,0 0.001 1 -1 15,1 0.001 1 1 15.1015 1 15,14 0.001 1 -1 14,13 0.001 -1 0 12,13 0.001 -1 1 24.0909 1 :0,15 :f,1,1 f,3,14 f,13,0 f,13,12 
262:1,0 0.001 -1 -1 3,1 0.002 -1 -1 1,3 0.002 -1 1 6.0362 0 -10,-10 0.001 -1 0 -10,-10 0.002 0 1 -10,-10 0.001 1 1 0.0502 0 12,2 0.001 1 0 15,0 0.001 1 -1 15,1 0.001 1 0 15.1015 1 15,14 0.001 1 -1 14,13 0.001 -1 0 12,13 0.001 0 1 24.0909 1 ::f,1,1 f,3,14 f,13,0 f,13,12 
263:1,0 0.001 -1 -1 3,1 0.002 -1 0 1,3 0.002 0 1 6.0362 0 -10,-10 0.001 -1 0 -10,-10 0.002 0 1 -10,-10 0.001 1 1 0.0502 0 13,2 0.001 1 0 15,0 0.001 1 -1 15,1 0.001 1 -1 15.1025 1 15,14 0.001 1 -1 13,13 0.001 -1 0 12,13 0.001 1 1 24.0919 1 ::f,1,1 f,3,14 f,13,0 f,13,12 
264:1,0 0.001 0 -1 3,1 0.002 -1 1 1,3 0.002 1 1 6.0362 0 -10,-10 0.001 -1 0 -10,-10 0.002 0 1 -10,-10 0.001 1 1 0.0502 0 13,2 0.001 1 0 15,0 0.001 1 -1 15,1 0.001 0 -1 15.1025 1 15,14 0.001 1 -1 13,13 0.001 -1 0 13,14 0.001 1 1 24.0929 1 ::f,1,1 f,3,14 f,13,0 f,13,12 
265:1,0 0.001 0 -1 3,1 0.002 0 1 1,3 0.002 1 0 6.0362 0 -10,-10 0.001 -1 0 -10,-10 0.002 0 1 -10,-10 0.001 1 1 0.0502 0 13,2 0.001 1 0 15,0 0.001 1 -1 15,1 0.001 -1 -1 15.1025 1 15,14 0.001 1 -1 13,13 0.001 -1 0 13,14 0.001 1 1 24.0929 1 ::f,1,1 f,3,14 f,13,0 f,13,12 
266:1,0 0.001 0 -1 3,1 0.002 1 1 1,3 0.002 1 -1 6.0362 0 -10,-10 0.001 -1 0 -10,-10 0.002 0 1 -10,-10 0.001 1 1 0.0502 0 14,2 0.001 1 0 15,0 0.001 0 -1 14,0 0.001 -1 -1 15.1045 1 15,14 0.001 1 -1 12,13 0.001 -1 0 14,15 0.001 1 1 24.0949 1 ::f,1,1 f,3,14 f,13,0 f,13,12 
267:1,0 0.001 0 -1 3,1 0.002 1 0 1,3 0.002 0 -1 6.0362 0 -10,-10 0.001 -1 0 -10,-10 0.002 0 1 -10,-10 0.001 1 1 0.0502 0 15,2 0.001 1 0 15,0 0.001 -1 -1 14,0 0.001 -1 -1 15.1055 1 15,14 0.001 1 -1 12,13 0.001 -1 0 14,15 0.001 1 1 24.0949 1 ::f,1,1 f,3,14 f,13,0 f,13,12 
268:1,0 0.001 0 -1 3,1 0.002 1 -1 1,3 0.002 -1 -1 6.0362 0 -10,-10 0.001 -1 0 -10,-10 0.002 0 1 -10,-10 0.001 1 1 0.0502 0 15,2 0.001 1 1 15,0 0.001 -1 0 14,0 0.001 -1 -1 15.1055 1 15,14 0.001 1 -1 12,13 0.001 -1 0 14,15 0.001 1 1 24.0949 1 ::f,1,1 f,3,14 f,13,0 f,13,12 
269:1,0 0.001 0 -1 3,1 0.002 0 -1 1,3 0.002 -1 0 6.0362 0 -10,-10 0.001 -1 0 -10,-10 0.002 0 1 -10,-10 0.001 1 1 0.0502 0 15,2 0.001 1 1 15,0 0.001 -1 1 14,0 0.001 -1 -1 15.1055 1 15,14 0.001 1 -1 12,13 0.001 -1 1 14,15 0.001 1 1 24.0949 1 ::f,1,1 f,3,14 f,13,0 f,13,12 
270:1,0 0.001 -1 -1 3,1 0.002 -1 -1 1,3 0.002 -1 1 6.0362 0 -10,-10 0.001 -1 0 -10,-10 0.002 0 1 -10,-10 0.001 1 1 0.0502 0 15,2 0.001 1 0 15,0 0.001 0 1 14,0 0.001 -1 -1 15.1055 1 15,14 0.001 1 -1 12,13 0.001 0 1 14,15 0.001 1 1 24.0949 1 ::f,1,1 f,3,14 f,13,0 f,13,12 
271:1,0 0.001 -1 0 3,1 0.002 -1 0 1,3 0.002 0 1 6.0362 0 -10,-10 0.001 -1 0 -10,-10 0.002 0 1 -10,-10 0.001 1 1 0.0502 0 15,2 0.001 1 -1 15,0 0.001 1 1 14,0 0.001 -1 -1 15.1055 1 15,14 0.001 1 -1 12,13 0.001 1 1 14,15 0.001 1 1 24.0949 1 ::f,1,1 f,3,14 f,13,0 f,13,12 
272:1,0 0.001 -1 1 3,1 0.002 -1 1 1,3 0.002 1 1 6.0362 0 -10,-10 0.001 -1 0 -10,-10 0.002 0 1 -10,-10 0.001 1 1 0.0502 0 15,2 0.001 0 -1 15,0 0.001 1 1 14,0 0.001 -1 -1 15.1055 1 15,14 0.001 1 -1 13,14 0.001 1 1 14,15 0.001 1 1 24.0959 1 ::f,1,1 f,3,14 f,13,0 f,13,12 
273:1,0 0.001 0 1 3,1 0.002 0 1 1,3 0.002 1 0 6.0362 0 -10,-10 0.001 -1 0 -10,-10 0.002 0 1 -10,-10 0.001 1 1 0.0502 0 15,2 0.001 -1 -1 15,0 0.001 1 0 14,0 0.001 -1 -1 15.1055 1 15,14 0.001 1 -1 13,14 0.001 1 1 14,15 0.001 1 1 24.0959 1 ::f,1,1 f,3,14 f,13,0 f,13,12 
274:1,0 0.001 1 1 3,1 0.002 1 1 1,3 0.002 1 -1 6.0362 0 -10,-10 0.001 -1 0 -10,-10 0.002 0 1 -10,-10 0.001 1 1 0.0502 0 15,2 0.001 -1 0 15,0 0.001 1 -1 14,0 0.001 -1 -1 15.1055 1 15,14 0.001 1 -1 13,14 0.001 1 1 14,15 0.001 1 1 24.0959 1 ::f,1,1 f,3,14 f,13,0 f,13,12 
275:1,0 0.001 1 0 3,1 0.002 1 0 1,3 0.002 0 -1 6.0362 0 -10,-10 0.001 -1 0 -10,-10 0.002 0 1 -10,-10 0.001 1 1 0.0502 0 15,2 0.001 -1 1 15,0 0.001 0 -1 14,0 0.001 -1 -1 15.1055 1 15,14 0.001 1 -1 13,14 0.001 1 1 14,15 0.001 1 1 24.0959 1 ::f,1,1 f,3,14 f,13,0 f,13,12 
276:1,0 0.001 1 -1 3,1 0.002 1 -1 1,3 0.002 -1 -1 6.0362 0 -10,-10 0.001 -1 0 -10,-10 0.002 0 1 -10,-10 0.001 1 1 0.0502 0 15,2 0.001 0 1 15,0 0.001 -1 -1 14,0 0.001 -1 -1 15.1055 1 15,14 0.001 1 -1 13,14 0.001 1 1 14,15 0.001 1 1 24.0959 1 ::f,1,1 f,3,14 f,13,0 f,13,12 
277:1,0 0.001 1 -1 3,1 0.002 0 -1 1,3 0.002 -1 0 6.0362 0 -10,-10 0.001 -1 0 -10,-10 0.002 0 1 -10,-10 0.001 1 1 0.0502 0 15,3 0.001 0 1 15,0 0.001 -1 0 14,0 0.001 -1 -1 15.1065 1 15,14 0.001 1 -1 13,14 0.001 1 1 14,15 0.001 1 1 24.0959 1 ::f,1,1 f,3,14 f,13,0 f,13,12 
278:1,0 0.001 1 -1 3,1 0.002 -1 -1 1,3 0.002 -1 1 6.0362 0 -10,-10 0.001 -1 0 -10,-10 0.002 0 1 -10,-10 0.001 1 1 0.0502 0 15,3 0.001 1 1 15,0 0.001 -1 1 14,0 0.001 -1 -1 15.1065 1 15,14 0.001 1 -1 13,14 0.001 1 1 14,15 0.001 1 1 24.0959 1 ::f,1,1 f,3,14 f,13,0 f,13,12 
279:1,0 0.001 0 -1 3,1 0.002 -1 0 1,3 0.002 0 1 6.0362 0 -10,-10 0.001 -1 0 -10,-10 0.002 0 1 -10,-10 0.001 1 1 0.0502 0 15,3 0.001 1 0 14,1 0.001 -1 1 14,0 0.001 -1 -1 15.1075 1 15,14 0.001 1 -1 13,14 0.001 1 1 14,15 0.001 1 1 24.0959 1 ::f,1,1 f,3,14 f,13,0 f,13,12 
280:1,0 0.001 -1 -1 3,1 0.002 -1 1 1,3 0.002 1 1 6.0362 0 -10,-10 0.001 -1 0 -10,-10 0.002 0 1 -10,-10 0.001 1 1 0.0502 0 15,3 0.001 1 -1 14,1 0.001 -1 1 14,0 0.001 -1 -1 15.1075 1 15,14 0.001 1 -1 13,14 0.001 1 1 14,15 0.001 1 1 24.0959 1 ::f,1,1 f,3,14 f,13,0 f,13,12 
281:1,0 0.001 -1 0 3,1 0.002 0 1 1,3 0.002 1 0 6.0362 0 -10,-10 0.001 -1 0 -10,-10 0.002 0 1 -10,-10 0.001 1 1 0.0502 0 15,3 0.001 0 -1 13,2 0.001 -1 1 14,0 0.001 -1 -1 15.1085 1 15,14 0.001 1 -1 13,14 0.001 1 1 14,15 0.001 1 1 24.0959 1 ::f,1,1 f,3,14 f,13,0 f,13,12 
282:1,0 0.001 -1 1 3,1 0.002 1 1 1,3 0.002 1 -1 6.0362 0 -10,-10 0.001 -1 0 -10,-10 0.002 0 1 -10,-10 0.001 1 1 0.0502 0 15,3 0.001 -1 -1 12,3 0.001 -1 1 14,0 0.001 -1 -1 15.1095 1 15,14 0.001 1 -1 13,14 0.001 1 1 14,15 0.001 1 1 24.0959 1 ::f,1,1 f,3,14 f,13,0 f,13,12 
283:0,1 0.001 -1 1 3,1 0.002 1 0 1,3 0.002 0 -1 6.0372 0 -10,-10 0.001 -1 0 -10,-10 0.002 0 1 -10,-10 0.001 1 1 0.0502 0 15,3 0.001 -1 0 12,3 0.001 -1 0 14,0 0.001 -1 -1 15.1095 1 15,14 0.001 1 -1 13,14 0.001 1 1 14,15 0.001 1 1 24.0959 1 ::f,1,1 f,3,14 f,13,0 f,13,12 
284:0,1 0.001 -1 1 3,1 0.002 1 -1 1,3 0.002 -1 -1 6.0372 0 -10,-10 0.001 -1 0 -10,-10 0.002 0 1 -10,-10 0.001 1 1 0.0502 0 15,3 0.001 -1 1 12,3 0.001 -1 0 14,0 0.001 -1 -1 15.1095 1 15,14 0.001 1 -1 13,14 0.001 0 1 14,15 0.001 0 1 24.0959 1 ::f,1,1 f,3,14 f,13,0 f,13,12 
285:0,1 0.001 0 1 3,1 0.002 0 -1 1,3 0.002 -1 0 6.0372 0 -10,-10 0.001 -1 0 -10,-10 0.002 0 1 -10,-10 0.001 1 1 0.0502 0 15,3 0.001 0 1 12,3 0.001 -1 0 14,0 0.001 -1 -1 15.1095 1 15,14 0.001 1 -1 13,15 0.001 0 1 14,15 0.001 0 1 24.0969 1 ::f,1,1 f,3,14 f,13,0 f,13,12 
286:0,2 0.001 0 1 3,1 0.002 -1 -1 1,3 0.002 -1 1 6.0382 0 -10,-10 0.001 -1 0 -10,-10 0.002 0 1 -10,-10 0.001 1 1 0.0502 0 15,3 0.001 1 1 12,3 0.001 -1 1 14,0 0.001 -1 -1 15.1095 1 15,14 0.001 1 -1 13,15 0.001 0 1 14,15 0.001 0 1 24.0969 1 ::f,1,1 f,3,14 f,13,0 f,13,12 
287:0,2 0.001 0 1 3,1 0.002 -1 0 1,3 0.002 0 1 6.0382 0 -10,-10 0.001 -1 0 -10,-10 0.002 0 1 -10,-10 0.001 1 1 0.0502 0 15,3 0.001 1 0 12,3 0.001 0 1 14,0 0.001 -1 -1 15.1095 1 15,14 0.001 1 -1 13,15 0.001 0 1 14,15 0.001 0 1 24.0969 1 ::f,1,1 f,3,14 f,13,0 f,13,12 
288:0,2 0.001 -1 1 3,1 0.002 -1 1 1,3 0.002 1 1 6.0382 0 -10,-10 0.001 -1 0 -10,-10 0.002 0 1 -10,-10 0.001 1 1 0.0502 0 15,3 0.001 1 -1 12,3 0.001 1 1 14,0 0.001 -1 -1 15.1095 1 15,14 0.001 1 -1 13,15 0.001 0 1 14,15 0.001 0 1 24.0969 1 ::f,1,1 f,3,14 f,13,0 f,13,12 
289:0,2 0.001 -1 1 3,1 0.002 0 1 1,3 0.002 1 0 6.0382 0 -10,-10 0.001 -1 0 -10,-10 0.002 0 1 -10,-10 0.001 1 1 0.0502 0 15,3 0.001 0 -1 12,3 0.001 1 0 14,0 0.001 -1 -1 15.1095 1 15,14 0.001 1 -1 13,15 0.001 1 1 14,15 0.001 0 1 24.0969 1 ::f,1,1 f,3,14 f,13,0 f,13,12 
290:0,2 0.001 -1 1 3,1 0.002 1 1 1,3 0.002 1 -1 6.0382 0 -10,-10 0.001 -1 0 -10,-10 0.002 0 1 -10,-10 0.001 1 1 0.0502 0 15,3 0.001 -1 -1 12,3 0.001 1 -1 14,0 0.001 -1 -1 15.1095 1 15,14 0.001 1 -1 13,15 0.001 1 0 14,15 0.001 0 1 24.0969 1 ::f,1,1 f,3,14 f,13,0 f,13,12 
291:0,2 0.001 -1 1 3,1 0.002 1 0 1,3 0.002 0 -1 6.0382 0 -10,-10 0.001 -1 0 -10,-10 0.002 0 1 -10,-10 0.001 1 1 0.0502 0 14,2 0.001 -1 -1 12,3 0.001 0 -1 14,0 0.001 -1 -1 15.1105 1 15,14 0.001 1 -1 13,15 0.001 1 -1 14,15 0.001 0 1 24.0969 1 ::f,1,1 f,3,14 f,13,0 f,13,12 
292:0,2 0.001 -1 1 3,1 0.002 1 -1 1,3 0.002 -1 -1 6.0382 0 -10,-10 0.001 -1 0 -10,-10 0.002 0 1 -10,-10 0.001 1 1 0.0502 0 14,2 0.001 -1 -1 12,2 0.001 0 -1 14,0 0.001 -1 -1 15.1115 1 15,14 0.001 1 -1 13,15 0.001 0 -1 14,15 0.001 1 1 24.0969 1 ::f,1,1 f,3,14 f,13,0 f,13,12 
293:0,2 0.001 -1 1 3,1 0.002 0 -1 1,3 0.002 -1 0 6.0382 0 -10,-10 0.001 -1 0 -10,-10 0.002 0 1 -10,-10 0.001 1 1 0.0502 0 14,2 0.001 -1 0 12,1 0.001 0 -1 14,0 0.001 -1 -1 15.1125 1 15,14 0.001 1 -1 13,14 0.001 0 -1 14,15 0.001 1 0 24.0979 1 ::f,1,1 f,3,14 f,13,0 f,13,12 
294:0,2 0.001 -1 1 3,1 0.002 -1 -1 1,3 0.002 -1 1 6.0382 0 -10,-10 0.001 -1 0 -10,-10 0.002 0 1 -10,-10 0.001 1 1 0.0502 0 13,2 0.001 -1 0 12,0 0.001 0 -1 14,0 0.001 -1 -1 15.1145 1 15,14 0.001 1 0 13,14 0.001 0 -1 14,15 0.001 1 -1 24.0979 1 ::f,1,1 f,3,14 f,13,0 f,13,12 
295:0,2 0.001 -1 1 3,1 0.002 -1 0 1,3 0.002 0 1 6.0382 0 -10,-10 0.001 -1 0 -10,-10 0.002 0 1 -10,-10 0.001 1 1 0.0502 0 13,2 0.001 -1 0 12,0 0.001 -1 -1 14,0 0.001 -1 -1 15.1145 1 15,14 0.001 1 0 13,14 0.001 -1 -1 14,15 0.001 1 -1 24.0979 1 ::f,1,1 f,3,14 f,13,0 f,13,12 
296:0,2 0.001 -1 1 3,1 0.002 -1 1 1,3 0.002 1 1 6.0382 0 -10,-10 0.001 -1 0 -10,-10 0.002 0 1 -10,-10 0.001 1 1 0.0502 0 12,2 0.001 -1 0 12,0 0.001 -1 0 14,0 0.001 -1 -1 15.1155 1 15,14 0.001 1 0 12,13 0.001 -1 -1 14,15 0.001 1 -1 24.0989 1 ::f,1,1 f,3,14 f,13,0 f,13,12 
297:0,2 0.001 -1 1 3,1 0.002 0 1 1,3 0.002 1 0 6.0382 0 -10,-10 0.001 -1 0 -10,-10 0.002 0 1 -10,-10 0.001 1 1 0.0502 0 12,2 0.001 -1 0 12,0 0.001 -1 1 14,0 0.001 -1 -1 15.1155 1 15,14 0.001 1 0 12,13 0.001 -1 0 14,15 0.001 1 -1 24.0989 1 ::f,1,1 f,3,14 f,13,0 f,13,12 
298:0,2 0.001 -1 1 3,1 0.002 1 1 1,3 0.002 1 -1 6.0382 0 -10,-10 0.001 -1 0 -10,-10 0.002 0 1 -10,-10 0.001 1 1 0.0502 0 12,2 0.001 -1 0 12,0 0.001 0 1 14,0 0.001 -1 -1 15.1155 1 15,14 0.001 1 0 12,13 0.001 -1 0 14,15 0.001 1 -1 24.0989 1 ::f,1,1 f,3,14 f,13,0 f,13,12 
299:0,2 0.001 -1 0 3,1 0.002 1 0 1,3 0.002 0 -1 6.0382 0 -10,-10 0.001 -1 0 -10,-10 0.002 0 1 -10,-10 0.001 1 1 0.0502 0 12,2 0.001 -1 1 12,0 0.001 1 1 14,0 0.001 -1 -1 15.1155 1 15,14 0.001 1 -1 12,13 0.001 -1 0 14,15 0.001 1 -1 24.0989 1 ::f,1,1 f,3,14 f,13,0 f,13,12 
