16
0:3,3 0.002 1 1 1,0 0.002 -1 0 2,0 0.002 0 1 0 38 2,15 0.002 0 1 0,14 0.003 0 1 0,13 0.002 0 -1 0 50 13,3 0.001 0 -1 13,0 0.002 1 0 13,1 0.002 0 1 0 42 14,12 0.001 -1 0 13,14 0.003 -1 0 15,15 0.002 -1 -1 0 50 :4,4 0,0 2,1 14,0 13,2 :f,1,15 f,3,0 f,14,15 f,15,3 
1:3,3 0.002 1 1 1,0 0.002 -1 0 2,0 0.002 0 1 0 26 2,15 0.002 0 1 0,14 0.002 0 1 0,13 0.002 -1 -1 0 46 13,3 0.001 -1 -1 13,0 0.002 1 0 13,1 0.002 0 1 0 34 14,12 0.002 -1 0 13,14 0.002 -1 0 15,15 0.002 -1 0 0 42 :5,5 2,2 15,0 13,3 4,4 0,0 2,1 0,15 14,0 13,2 13,12 12,14 :f,1,15 f,3,0 f,14,15 f,15,3 
2:3,3 0.002 1 1 1,0 0.002 -1 0 2,0 0.002 0 1 0 14 2,15 0.002 0 1 0,14 0.002 0 1 0,13 0.002 -1 0 0 42 13,3 0.001 -1 0 13,0 0.002 1 0 13,1 0.002 0 1 0 26 14,12 0.002 -1 0 13,14 0.002 -1 0 15,15 0.002 -1 0 0 30 :6,6 2,3 5,5 2,2 15,0 13,3 12,12 11,14 4,4 0,0 2,1 0,15 14,0 13,2 13,12 12,14 14,15 :f,1,15 f,3,0 f,14,15 f,15,3 
3:3,3 0.002 1 1 1,0 0.002 -1 0 2,0 0.002 0 1 0 2 2,15 0.002 0 1 0,14 0.002 0 1 0,13 0.002 -1 0 0 38 13,3 0.002 -1 0 13,0 0.002 1 0 13,1 0.002 0 1 0 14 14,12 0.002 -1 0 13,14 0.002 -1 0 15,15 0.002 -1 0 0 18 :7,7 2,4 6,6 2,3 11,12 10,14 5,5 2,2 15,0 13,3 12,12 11,14 13,15 4,4 0,0 2,1 0,15 12,3 14,0 13,2 13,12 12,14 14,15 :f,1,15 f,3,0 f,14,15 f,15,3 
4:3,3 0.002 1 0 1,0 0.002 -1 1 2,0 0.002 1 1 0 2 2,15 0.002 0 1 0,14 0.002 0 1 0,13 0.002 -1 0 0 34 13,3 0.002 -1 0 13,0 0.002 1 0 13,1 0.002 0 1 0 2 14,12 0.002 -1 0 13,14 0.002 -1 0 15,15 0.002 -1 0 0 6 :8,8 2,5 7,7 2,4 10,12 9,14 6,6 2,3 11,12 10,14 12,15 5,5 2,2 11,3 15,0 13,3 12,12 11,14 13,15 0,15 12,3 14,0 13,2 13,12 12,14 14,15 :f,1,15 f,3,0 f,14,15 f,15,3 
5:3,3 0.002 1 -1 1,0 0.002 0 1 2,0 0.002 1 0 0 2 2,15 0.002 0 1 0,14 0.002 0 1 0,13 0.002 -1 0 0 30 13,3 0.002 -1 1 13,0 0.002 1 -1 13,2 0.002 0 1 0.001 2 14,12 0.002 -1 0 13,14 0.001 -1 0 15,15 0.002 -1 0 0 2 :9,9 2,6 8,8 2,5 9,12 8,14 7,7 2,4 10,12 9,14 11,15 6,6 2,3 10,3 11,12 10,14 12,15 11,3 15,0 13,3 12,12 11,14 13,15 0,15 13,12 :f,1,15 f,3,0 f,14,15 f,15,3 
6:3,3 0.002 0 -1 1,0 0.002 1 1 2,0 0.002 1 -1 0 2 2,15 0.002 0 1 0,14 0.002 0 1 0,13 0.002 -1 0 0 26 13,3 0.002 0 1 13,0 0.002 0 -1 13,2 0.002 0 1 0.001 2 14,12 0.002 -1 1 12,14 0.001 -1 0 15,15 0.002 -1 1 0.001 2 :10,10 2,7 9,9 2,6 8,12 7,14 8,8 2,5 9,12 8,14 10,15 7,7 2,4 9,3 10,12 9,14 11,15 10,3 11,12 10,14 12,15 12,12 0,15 :f,1,15 f,3,0 f,14,15 f,15,3 
7:3,3 0.002 -1 -1 1,0 0.002 1 0 2,0 0.002 0 -1 0 2 2,15 0.002 0 1 0,14 0.002 0 1 0,13 0.002 -1 0 0 22 13,3 0.002 1 1 13,0 0.002 -1 -1 13,2 0.001 0 1 0.001 2 14,12 0.002 0 1 12,14 0.001 -1 0 15,15 0.002 0 1 0.001 2 :11,11 2,8 10,10 2,7 7,12 6,14 9,9 2,6 8,12 7,14 9,15 8,8 2,5 8,3 9,12 8,14 10,15 9,3 10,12 9,14 11,15 11,12 0,15 :f,1,15 f,3,0 f,14,15 f,15,3 
8:3,3 0.002 -1 0 1,0 0.002 1 -1 2,0 0.002 -1 -1 0 2 2,15 0.002 0 1 0,14 0.002 0 1 0,13 0.002 -1 0 0 18 13,3 0.002 1 0 13,0 0.002 -1 0 13,2 0.001 0 1 0.001 2 14,13 0.002 0 1 12,14 0.001 -1 0 15,15 0.002 0 1 0.002 2 :12,12 2,9 11,11 2,8 6,12 5,14 10,10 2,7 7,12 6,14 8,15 9,9 2,6 7,3 8,12 7,14 9,15 8,3 9,12 8,14 10,15 10,12 0,15 :f,1,15 f,3,0 f,14,15 f,15,3 
9:2,3 0.002 -1 0 1,0 0.002 0 -1 2,0 0.002 -1 0 0.001 2 2,15 0.002 0 1 0,14 0.002 0 1 0,13 0.002 -1 0 0 14 13,3 0.002 1 -1 13,0 0.002 -1 1 13,2 0.001 0 1 0.001 2 14,13 0.001 0 1 12,14 0.001 -1 0 15,15 0.002 1 1 0.002 2 :13,13 2,10 12,12 2,9 5,12 4,14 11,11 2,8 6,12 5,14 7,15 10,10 2,7 6,3 7,12 6,14 8,15 7,3 8,12 7,14 9,15 9,12 0,15 :f,1,15 f,3,0 f,14,15 f,15,3 
10:1,3 0.002 -1 0 1,0 0.002 -1 -1 2,0 0.002 -1 1 0.002 2 2,15 0.002 0 1 0,14 0.002 0 1 0,13 0.002 -1 0 0 10 13,3 0.002 0 -1 12,1 0.002 -1 1 13,2 0.001 0 1 0.002 2 14,13 0.001 0 1 12,14 0.001 -1 1 15,15 0.002 1 0 0.002 2 :14,14 2,11 13,13 2,10 4,12 3,14 12,12 2,9 5,12 4,14 6,15 11,11 2,8 5,3 6,12 5,14 7,15 6,3 7,12 6,14 8,15 8,12 0,15 :f,1,15 f,3,0 f,14,15 f,15,3 
11:1,3 0.002 -1 1 1,0 0.002 -1 0 2,0 0.002 0 1 0.002 2 2,15 0.002 0 1 0,14 0.002 0 1 0,13 0.002 -1 0 0 6 13,3 0.002 -1 -1 12,1 0.001 -1 1 13,2 0.001 0 1 0.002 2 14,13 0.001 0 1 12,14 0.001 0 1 15,15 0.002 1 -1 0.002 2 :15,15 2,12 14,14 2,11 3,12 2,14 13,13 2,10 4,12 3,14 5,15 12,12 2,9 4,3 5,12 4,14 6,15 5,3 6,12 5,14 7,15 7,12 0,15 :f,1,15 f,3,0 f,14,15 f,15,3 
12:1,3 0.002 0 1 1,0 0.002 -1 1 2,0 0.002 1 1 3.002 2 2,15 0.002 0 1 0,14 0.002 0 1 0,13 0.002 -1 1 0 2 12,2 0.002 -1 -1 12,1 0.001 -1 1 13,2 0.001 0 1 0.003 2 14,14 0.001 0 1 12,14 0.001 1 1 15,15 0.002 0 -1 0.003 2 :2,13 15,15 2,12 2,12 1,14 14,14 2,11 3,12 2,14 4,15 13,13 2,10 3,3 4,12 3,14 5,15 4,3 5,12 4,14 6,15 6,12 0,15 :f,1,15 f,3,0 f,14,15 f,15,3 
13:1,3 0.002 1 1 1,0 0.002 0 1 2,0 0.002 1 0 9.002 2 2,15 0.002 1 1 0,14 0.002 1 1 0,13 0.002 0 1 0 2 12,2 0.002 -1 -1 12,1 0.001 -1 1 13,3 0.001 0 1 0.004 2 14,14 0.001 0 1 12,14 0.001 1 0 15,15 0.002 -1 -1 0.003 2 :2,14 2,13 1,12 0,14 2,12 2,12 1,14 3,15 14,14 2,11 2,3 3,12 2,14 4,15 3,3 4,12 3,14 5,15 5,12 :f,1,15 f,3,0 f,14,15 f,15,3 
14:1,3 0.002 1 0 1,0 0.002 1 1 2,0 0.002 1 -1 12.002 2 2,15 0.002 1 0 0,14 0.002 1 0 0,13 0.002 1 1 0 2 12,2 0.002 -1 -1 12,1 0.001 -1 1 13,3 0.001 0 1 0.004 2 14,14 0.001 0 1 12,14 0.002 1 0 15,15 0.002 -1 -1 3.0031 13 :2,15 2,14 0,12 2,13 1,12 0,14 2,15 2,12 1,3 2,12 1,14 3,15 2,3 3,12 2,14 4,15 4,12 13,14 :f,1,15 f,3,0 f,13,14 f,15,3 
15:1,3 0.002 1 -1 1,0 0.002 1 0 2,0 0.002 0 -1 15.002 2 2,15 0.002 1 -1 0,14 0.002 1 -1 1,14 0.002 1 1 0.001 2 12,2 0.002 -1 -1 12,1 0.001 -1 1 13,3 0.001 0 1 3.004 2 14,14 0.002 0 1 12,14 0.002 1 0 15,15 0.001 -1 -1 9.0031 5 :2,15 2,14 0,12 2,13 1,12 0,14 2,15 1,3 2,12 1,14 3,15 3,12 14,14 14,15 13,14 :f,1,15 f,3,0 f,13,14 f,15,3 
16:1,3 0.002 0 -1 1,0 0.002 1 -1 2,0 0.002 -1 -1 18.002 2 2,15 0.002 0 -1 0,14 0.002 0 -1 1,14 0.001 1 1 0.001 2 12,2 0.002 -1 -1 12,1 0.001 -1 1 13,3 0.001 0 1 6.004 2 14,14 0.002 0 1 12,14 0.002 1 0 15,15 0.001 -1 -1 18.0031 1 :2,15 2,14 0,12 1,12 2,15 2,12 14,14 14,15 :f,1,15 f,3,0 f,13,14 f,15,3 
17:1,3 0.002 -1 -1 1,0 0.002 0 -1 2,0 0.002 -1 0 21.002 2 2,15 0.002 -1 -1 0,14 0.002 -1 -1 1,14 0.001 1 1 0.001 2 12,2 0.002 -1 0 12,1 0.001 -1 1 13,3 0.001 1 1 6.004 2 14,15 0.002 0 1 12,14 0.001 1 0 14,14 0.001 -1 -1 21.0052 16 :2,15 0,12 1,12 :f,1,15 f,3,0 f,12,13 f,15,3 
18:1,3 0.002 -1 0 1,0 0.002 -1 -1 2,0 0.002 -1 1 24.002 2 2,15 0.002 -1 0 0,14 0.002 -1 0 1,14 0.001 1 1 0.001 2 12,2 0.002 -1 1 12,1 0.001 -1 1 13,3 0.001 1 1 6.004 2 14,15 0.002 0 1 12,14 0.002 1 0 13,13 0.001 -1 -1 21.0062 12 :0,12 13,14 :f,1,15 f,3,0 f,12,13 f,15,3 
19:1,3 0.002 -1 1 1,0 0.002 -1 0 2,0 0.002 0 1 24.002 2 2,15 0.002 -1 1 0,14 0.002 -1 1 1,14 0.001 1 1 0.001 2 12,2 0.002 0 1 12,1 0.001 -1 1 13,3 0.001 1 1 6.004 2 14,15 0.002 0 1 12,14 0.002 1 0 13,13 0.001 -1 -1 21.0062 8 :14,14 13,14 :f,1,15 f,3,0 f,12,13 f,15,3 
20:1,3 0.002 0 1 1,0 0.002 -1 1 2,0 0.002 1 1 24.002 2 2,15 0.002 0 1 0,14 0.002 0 1 1,14 0.001 1 1 0.001 2 12,2 0.002 1 1 12,1 0.001 -1 1 13,3 0.001 1 1 6.004 2 14,15 0.002 0 1 12,14 0.002 1 0 12,12 0.001 -1 -1 21.0072 4 :15,14 14,14 13,14 :f,1,15 f,3,0 f,12,13 f,15,3 
21:1,3 0.002 1 1 1,0 0.002 0 1 2,0 0.002 1 0 24.002 2 2,15 0.002 1 1 0,14 0.002 1 1 1,14 0.001 0 1 0.001 2 12,2 0.002 1 0 12,1 0.001 -1 0 13,3 0.001 1 1 6.004 2 14,15 0.002 0 1 12,14 0.002 1 0 12,12 0.001 0 -1 21.0072 0 :15,14 14,14 13,14 :f,1,15 f,3,0 f,12,13 f,15,3 
22:1,3 0.002 1 0 1,0 0.002 1 1 2,0 0.002 1 -1 24.002 2 2,15 0.002 1 0 0,14 0.002 1 0 1,14 0.001 0 1 0.001 2 12,2 0.002 1 -1 12,1 0.001 -1 0 13,3 0.001 1 1 6.004 2 14,15 0.002 0 1 12,14 0.001 1 0 12,12 0.001 0 -1 21.0072 0 :15,14 14,14 :f,1,15 f,3,0 f,12,13 f,15,3 
23:1,3 0.002 1 -1 1,0 0.002 1 0 2,0 0.002 0 -1 24.002 2 2,15 0.002 1 -1 0,14 0.002 1 -1 1,14 0.001 0 1 0.0011 17 12,2 0.002 0 -1 12,1 0.001 -1 0 13,3 0.001 1 1 6.004 2 14,15 0.002 1 1 13,14 0.001 1 0 12,12 0.001 0 -1 21.0082 0 :15,14 :f,2,13 f,3,0 f,12,13 f,15,3 
24:1,3 0.002 0 -1 1,0 0.002 1 -1 2,0 0.002 -1 -1 24.002 2 2,15 0.002 0 -1 0,14 0.002 1 -1 1,14 0.002 0 1 0.0011 9 12,2 0.002 0 -1 12,1 0.001 -1 1 13,3 0.001 0 1 6.004 2 14,15 0.002 1 0 14,14 0.001 1 0 12,12 0.001 -1 -1 21.0092 0 :1,13 1,15 :f,2,13 f,3,0 f,12,13 f,15,3 
25:1,3 0.002 -1 -1 1,0 0.002 0 -1 2,0 0.002 -1 0 24.002 2 2,15 0.002 -1 -1 0,14 0.002 1 -1 1,14 0.002 0 1 0.0011 1 12,2 0.002 0 -1 12,1 0.001 0 1 13,3 0.001 0 1 6.004 2 14,15 0.002 1 -1 15,14 0.001 1 0 12,12 0.001 -1 0 21.0102 0 :2,12 1,13 1,15 :f,2,13 f,3,0 f,12,13 f,15,3 
26:1,3 0.002 -1 0 1,0 0.002 -1 -1 2,0 0.002 -1 1 24.002 2 2,15 0.002 -1 0 0,14 0.002 0 -1 1,14 0.001 0 1 0.0011 1 12,2 0.002 -1 -1 12,1 0.001 1 1 13,3 0.001 0 1 6.004 2 14,15 0.002 1 -1 15,14 0.001 1 1 12,12 0.001 -1 1 21.0102 0 :3,11 2,12 :f,2,13 f,3,0 f,12,13 f,15,3 
27:1,3 0.002 -1 1 1,0 0.002 -1 0 2,0 0.002 0 1 24.002 2 2,15 0.002 -1 1 0,14 0.002 -1 -1 1,15 0.001 0 1 0.0021 1 12,2 0.002 -1 0 12,1 0.001 1 0 13,3 0.001 1 1 6.004 2 14,15 0.001 1 -1 15,14 0.001 1 1 12,12 0.001 0 1 21.0102 0 :4,10 3,11 :f,2,13 f,3,0 f,12,13 f,15,3 
28:1,3 0.002 0 1 1,0 0.002 -1 1 2,0 0.002 1 1 24.002 2 2,15 0.002 0 1 0,14 0.002 -1 0 1,15 0.001 0 1 0.0021 1 12,2 0.002 -1 1 12,1 0.001 1 -1 13,3 0.001 1 0 6.004 2 14,15 0.001 0 -1 15,14 0.001 1 0 12,12 0.001 1 1 21.0102 0 :5,9 4,10 :f,2,13 f,3,0 f,12,13 f,15,3 
29:1,3 0.002 1 1 1,0 0.002 0 1 2,0 0.002 1 0 24.002 2 2,15 0.002 1 1 0,14 0.002 -1 1 1,15 0.001 0 1 0.0021 1 12,2 0.002 0 1 12,1 0.001 0 -1 13,3 0.001 1 -1 6.004 2 14,14 0.001 0 -1 15,14 0.001 1 -1 12,12 0.001 1 0 21.0112 0 :6,8 5,9 :f,2,13 f,3,0 f,12,13 f,15,3 
30:1,3 0.002 1 0 1,0 0.002 1 1 2,0 0.002 1 -1 24.002 2 2,15 0.002 1 0 0,14 0.002 0 1 1,15 0.001 0 1 0.0021 1 12,2 0.002 1 1 12,1 0.001 -1 -1 14,2 0.001 1 -1 6.005 2 14,14 0.001 0 -1 15,14 0.001 0 -1 12,12 0.001 1 -1 21.0112 0 :7,7 6,8 :f,2,13 f,3,0 f,12,13 f,15,3 
31:1,3 0.002 1 -1 1,0 0.002 1 0 2,0 0.002 0 -1 24.002 2 2,15 0.002 1 -1 0,14 0.002 1 1 1,15 0.001 1 1 0.0021 1 13,3 0.002 1 1 12,1 0.001 -1 -1 14,2 0.001 1 -1 6.006 2 14,13 0.001 0 -1 15,14 0.001 -1 -1 12,12 0.001 0 -1 21.0122 0 :8,6 7,7 :f,2,13 f,3,0 f,12,13 f,15,3 
32:2,2 0.002 1 -1 1,0 0.002 1 -1 2,0 0.002 -1 -1 24.003 2 2,15 0.002 0 -1 0,14 0.002 1 0 1,15 0.001 1 0 0.0021 1 13,3 0.001 1 1 12,1 0.001 -1 -1 14,2 0.001 1 0 6.006 2 14,12 0.001 0 -1 14,13 0.001 -1 -1 12,12 0.001 0 -1 21.0142 0 :9,5 8,6 :f,2,13 f,3,0 f,12,13 f,15,3 
33:3,1 0.002 1 -1 1,0 0.002 0 -1 2,0 0.002 -1 0 24.004 2 2,15 0.002 -1 -1 0,14 0.002 1 -1 1,15 0.001 1 -1 0.0021 1 13,3 0.001 1 1 12,1 0.001 -1 0 15,2 0.001 1 0 6.007 2 14,12 0.001 0 -1 13,12 0.001 -1 -1 12,12 0.001 0 -1 21.0152 0 :10,4 9,5 :f,2,13 f,3,0 f,12,13 f,15,3 
34:3,1 0.001 1 -1 1,0 0.002 -1 -1 2,0 0.002 -1 1 24.004 2 2,15 0.002 -1 0 0,14 0.002 0 -1 2,14 0.001 1 -1 0.0031 1 13,3 0.001 1 1 12,1 0.001 -1 1 15,2 0.001 1 0 6.007 2 14,12 0.001 0 -1 13,12 0.001 -1 -1 12,12 0.001 0 -1 21.0152 0 :11,3 10,4 :f,2,13 f,3,0 f,12,13 f,15,3 
35:3,1 0.001 1 -1 1,0 0.002 -1 0 2,0 0.002 0 1 24.004 2 2,15 0.002 -1 1 0,14 0.002 -1 -1 3,13 0.001 1 -1 0.0041 1 13,3 0.001 1 1 12,1 0.001 0 1 15,2 0.001 1 -1 6.007 2 14,12 0.001 -1 -1 13,12 0.001 0 -1 12,12 0.001 -1 -1 21.0152 0 :12,2 11,3 :f,2,13 f,3,0 f,12,13 f,15,3 
36:3,1 0.001 1 -1 1,0 0.002 -1 1 2,0 0.002 1 1 24.004 2 2,15 0.002 0 1 0,14 0.002 -1 0 3,13 0.001 1 -1 0.0041 1 13,3 0.001 1 1 12,1 0.001 1 1 15,2 0.001 0 -1 6.007 2 14,12 0.001 -1 0 13,12 0.001 0 -1 12,12 0.001 -1 0 21.0152 0 :13,1 12,2 :f,2,13 f,3,0 f,12,13 f,15,3 
37:3,1 0.001 1 -1 1,0 0.002 0 1 2,0 0.002 1 0 24.004 2 2,15 0.002 1 1 0,14 0.002 -1 1 3,13 0.001 1 -1 0.0041 1 13,3 0.001 1 1 12,1 0.001 1 0 15,2 0.001 -1 -1 6.007 2 14,12 0.001 -1 1 13,12 0.001 0 -1 12,12 0.001 -1 1 21.0152 0 :14,0 13,1 :f,2,13 f,3,0 f,12,13 f,15,3 
38:3,1 0.001 1 -1 1,0 0.002 1 1 2,0 0.002 1 -1 24.004 2 2,15 0.002 1 0 0,14 0.002 0 1 3,13 0.001 1 -1 0.0041 1 13,3 0.001 1 1 12,1 0.001 1 -1 14,1 0.001 -1 -1 6.008 2 13,13 0.001 -1 1 13,12 0.001 -1 -1 12,12 0.001 0 1 21.0162 0 :14,0 :f,2,13 f,3,0 f,12,13 f,15,3 
39:3,1 0.001 1 -1 1,0 0.002 1 0 2,0 0.002 0 -1 24.004 2 2,15 0.002 1 -1 0,14 0.002 1 1 3,13 0.001 1 -1 0.0041 1 13,3 0.001 1 1 12,1 0.001 0 -1 13,0 0.001 -1 -1 6.009 2 12,14 0.001 -1 1 13,12 0.001 -1 0 12,12 0.001 1 1 21.0172 0 ::f,2,13 f,3,0 f,12,13 f,15,3 
40:3,1 0.001 1 -1 1,0 0.002 1 -1 2,0 0.002 -1 -1 24.004 2 2,15 0.002 0 -1 0,14 0.002 1 0 3,13 0.001 1 -1 0.0041 1 13,3 0.001 1 1 12,1 0.001 -1 -1 13,0 0.001 -1 -1 6.009 2 12,14 0.001 -1 1 13,12 0.001 -1 1 12,12 0.001 1 0 21.0172 0 ::f,2,13 f,3,0 f,12,13 f,15,3 
41:3,1 0.001 1 -1 1,0 0.002 0 -1 2,0 0.002 -1 0 24.004 2 2,15 0.002 -1 -1 0,14 0.002 1 -1 3,13 0.001 1 0 0.0041 1 13,3 0.001 1 1 12,1 0.001 -1 0 13,0 0.001 -1 -1 6.009 2 12,14 0.001 -1 1 13,12 0.001 -1 1 12,12 0.001 1 -1 21.0172 0 ::f,2,13 f,3,0 f,12,13 f,15,3 
42:3,1 0.001 1 -1 1,0 0.002 -1 -1 2,0 0.002 -1 1 24.004 2 2,15 0.002 -1 0 0,14 0.002 0 -1 3,13 0.001 1 0 0.0041 1 13,3 0.001 1 1 12,1 0.001 -1 1 13,0 0.001 -1 -1 6.009 2 12,14 0.001 -1 1 13,12 0.001 -1 1 12,12 0.001 0 -1 21.0173 15 ::f,2,13 f,3,0 f,15,3 f,15,15 
43:3,1 0.001 1 -1 1,0 0.002 -1 0 2,0 0.002 0 1 24.004 2 2,15 0.002 -1 1 0,14 0.002 -1 -1 3,13 0.001 1 0 0.0041 1 13,3 0.001 1 1 12,1 0.001 -1 1 13,0 0.001 -1 -1 6.009 2 12,14 0.002 -1 1 13,12 0.002 -1 1 12,12 0.001 -1 -1 21.0173 7 :11,15 12,13 :f,2,13 f,3,0 f,15,3 f,15,15 
44:3,1 0.001 1 -1 1,0 0.002 -1 1 2,0 0.002 1 1 24.004 2 2,15 0.002 0 1 0,14 0.002 -1 0 3,13 0.001 1 0 0.0041 1 13,3 0.001 1 1 12,1 0.001 -1 1 13,0 0.001 -1 -1 6.009 2 12,14 0.002 -1 1 12,13 0.002 -1 1 12,12 0.001 -1 0 21.0183 3 :11,14 11,15 :f,2,13 f,3,0 f,15,3 f,15,15 
45:3,1 0.001 1 -1 1,0 0.002 0 1 2,0 0.002 1 0 24.004 2 2,15 0.002 1 1 0,14 0.002 -1 1 3,13 0.001 1 -1 0.0041 1 13,3 0.001 1 1 12,1 0.001 0 1 13,0 0.001 -1 -1 6.009 2 12,14 0.001 -1 1 12,13 0.001 -1 1 12,12 0.001 -1 1 21.0183 3 :10,15 :f,2,13 f,3,0 f,15,3 f,15,15 
46:3,1 0.001 1 -1 1,0 0.002 1 1 2,0 0.002 1 -1 24.004 2 2,15 0.002 1 0 0,14 0.002 0 1 3,13 0.001 0 -1 0.0041 1 13,3 0.001 1 1 12,2 0.001 0 1 13,0 0.001 -1 -1 6.01 2 12,14 0.001 -1 1 12,13 0.001 -1 1 12,12 0.001 0 1 21.0183 3 ::f,2,13 f,3,0 f,15,3 f,15,15 
47:3,1 0.001 1 -1 1,0 0.002 1 0 2,0 0.002 0 -1 24.004 2 2,15 0.002 1 -1 0,14 0.002 1 1 3,13 0.001 -1 -1 0.0041 1 13,3 0.001 1 1 12,3 0.001 0 1 13,0 0.001 -1 -1 6.011 2 12,14 0.001 -1 1 12,13 0.001 -1 0 12,12 0.001 1 1 21.0183 3 ::f,2,13 f,3,0 f,15,3 f,15,15 
48:3,1 0.001 1 -1 1,0 0.002 1 -1 2,0 0.002 -1 -1 24.004 2 2,15 0.002 0 -1 0,14 0.002 1 0 2,12 0.001 -1 -1 0.0051 1 13,3 0.001 1 1 12,3 0.001 0 1 13,0 0.001 -1 -1 6.011 2 12,14 0.001 -1 1 12,13 0.001 -1 0 12,12 0.001 1 0 21.0183 3 ::f,2,13 f,3,0 f,15,3 f,15,15 
49:3,1 0.001 1 0 1,0 0.002 0 -1 2,0 0.002 -1 0 24.004 2 2,15 0.002 -1 -1 0,14 0.002 1 -1 2,12 0.001 -1 -1 0.0051 1 13,3 0.001 1 1 12,3 0.001 0 1 13,0 0.001 -1 -1 6.011 2 12,14 0.001 -1 1 12,13 0.001 -1 0 13,12 0.001 1 0 21.0193 3 ::f,2,13 f,3,0 f,15,3 f,15,15 
50:3,1 0.001 1 0 1,0 0.002 -1 -1 2,0 0.002 -1 1 24.004 2 2,15 0.002 -1 0 0,14 0.002 0 -1 2,12 0.001 -1 -1 0.0051 1 13,3 0.001 1 1 12,3 0.001 1 1 13,0 0.001 -1 -1 6.011 2 12,14 0.001 -1 0 12,13 0.001 -1 0 13,12 0.001 1 -1 21.0193 3 ::f,2,13 f,3,0 f,15,3 f,15,15 
51:3,1 0.001 1 0 1,0 0.002 -1 0 2,0 0.002 0 1 24.004 2 2,15 0.002 -1 1 0,14 0.002 -1 -1 2,12 0.001 -1 -1 0.0051 1 13,3 0.001 1 1 12,3 0.001 1 0 13,0 0.001 0 -1 6.011 2 12,14 0.001 -1 0 12,13 0.001 -1 0 13,12 0.001 0 -1 21.0193 3 ::f,2,13 f,3,0 f,15,3 f,15,15 
52:3,1 0.001 1 0 1,0 0.002 -1 1 2,0 0.002 1 1 24.004 2 2,15 0.002 0 1 0,14 0.002 -1 0 2,12 0.001 -1 -1 0.0051 1 13,3 0.001 1 1 12,3 0.001 1 -1 13,0 0.001 0 -1 6.011 2 12,14 0.001 -1 0 12,13 0.001 -1 1 13,12 0.001 -1 -1 21.0193 3 ::f,2,13 f,3,0 f,15,3 f,15,15 
53:3,1 0.001 1 0 1,0 0.002 0 1 2,0 0.002 1 0 24.004 2 2,15 0.002 1 1 0,14 0.002 -1 1 2,12 0.001 -1 -1 0.0051 1 13,3 0.001 1 1 12,3 0.001 0 -1 13,0 0.001 0 -1 6.011 2 12,14 0.001 -1 1 12,13 0.001 0 1 13,12 0.001 -1 0 21.0193 3 ::f,2,13 f,3,0 f,15,3 f,15,15 
54:3,1 0.001 1 0 1,0 0.002 1 1 2,0 0.002 1 -1 24.004 2 2,15 0.002 1 0 0,14 0.002 0 1 2,12 0.001 -1 -1 0.0051 1 13,3 0.001 1 1 12,2 0.001 0 -1 13,0 0.001 0 -1 6.012 2 12,14 0.001 0 1 12,13 0.001 1 1 13,12 0.001 -1 1 21.0193 3 ::f,2,13 f,3,0 f,15,3 f,15,15 
55:3,1 0.001 1 -1 1,0 0.002 1 0 2,0 0.002 0 -1 24.004 2 2,15 0.002 1 -1 0,14 0.002 1 1 2,12 0.001 -1 -1 0.0051 1 13,3 0.001 1 1 12,2 0.001 -1 -1 13,0 0.001 0 -1 6.012 2 12,15 0.001 0 1 12,13 0.001 1 0 13,12 0.001 0 1 21.0203 3 ::f,2,13 f,3,0 f,15,3 f,15,15 
56:3,1 0.001 0 -1 1,0 0.002 1 -1 2,0 0.002 -1 -1 24.004 2 2,15 0.002 0 -1 0,14 0.002 1 0 2,12 0.001 -1 -1 0.0051 1 13,3 0.001 1 1 12,2 0.001 -1 0 13,0 0.001 0 -1 6.012 2 12,15 0.001 1 1 12,13 0.001 1 -1 13,13 0.001 0 1 21.0213 3 ::f,2,13 f,3,0 f,15,3 f,15,15 
57:3,1 0.001 -1 -1 1,0 0.002 0 -1 2,0 0.002 -1 0 24.004 2 2,15 0.002 -1 -1 0,14 0.002 1 -1 2,12 0.001 -1 -1 0.0051 1 13,3 0.001 1 1 12,2 0.001 -1 1 13,0 0.001 0 -1 6.012 2 12,15 0.001 1 1 13,12 0.001 1 -1 13,13 0.001 0 1 21.0223 3 ::f,2,13 f,3,0 f,15,3 f,15,15 
58:3,1 0.001 -1 0 1,0 0.002 -1 -1 2,0 0.002 -1 1 24.004 2 2,15 0.002 -1 0 0,14 0.002 0 -1 2,12 0.001 -1 -1 0.0051 1 13,3 0.001 0 1 12,2 0.001 0 1 13,0 0.001 -1 -1 6.012 2 12,15 0.001 1 1 13,12 0.001 0 -1 13,13 0.001 -1 1 21.0223 3 ::f,2,13 f,3,0 f,15,3 f,15,15 
59:3,1 0.001 -1 1 1,0 0.002 -1 0 2,0 0.002 0 1 24.004 2 2,15 0.002 -1 1 0,14 0.002 -1 -1 2,12 0.001 -1 -1 0.0051 1 13,3 0.001 0 1 12,2 0.001 1 1 13,0 0.001 -1 0 6.012 2 12,15 0.001 1 0 13,12 0.001 -1 -1 12,14 0.001 -1 1 21.0233 3 ::f,2,13 f,3,0 f,15,3 f,15,15 
60:2,2 0.001 -1 1 1,0 0.002 -1 1 2,0 0.002 1 1 24.005 2 2,15 0.002 0 1 0,14 0.002 -1 0 2,12 0.001 -1 -1 0.0051 1 13,3 0.001 0 1 12,2 0.001 1 1 13,0 0.001 -1 1 6.012 2 12,15 0.001 1 -1 13,12 0.001 -1 -1 12,14 0.001 -1 1 21.0233 3 ::f,2,13 f,3,0 f,15,3 f,15,15 
61:2,2 0.001 -1 1 1,0 0.002 0 1 2,0 0.002 1 0 24.005 2 2,15 0.002 1 1 0,14 0.002 -1 1 2,12 0.001 -1 -1 0.0051 1 13,3 0.001 0 1 12,2 0.001 1 1 12,1 0.001 -1 1 6.013 2 12,15 0.001 0 -1 13,12 0.001 -1 -1 12,14 0.001 -1 1 21.0233 3 ::f,2,13 f,3,0 f,15,3 f,15,15 
62:2,2 0.001 -1 1 1,0 0.002 1 1 2,0 0.002 1 -1 24.005 2 2,15 0.002 1 0 0,14 0.002 0 1 2,12 0.001 -1 -1 0.0051 1 13,3 0.001 0 1 12,2 0.001 1 1 12,1 0.001 -1 1 6.013 2 12,15 0.001 0 -1 13,12 0.001 -1 -1 12,14 0.001 -1 1 21.0233 3 ::f,2,13 f,3,0 f,15,3 f,15,15 
63:1,3 0.001 -1 1 1,0 0.002 1 0 2,0 0.002 0 -1 24.006 2 2,15 0.002 1 -1 0,14 0.002 1 1 2,12 0.001 0 -1 0.0051 1 13,3 0.001 0 1 12,2 0.001 1 1 12,1 0.001 -1 1 6.013 2 12,15 0.001 -1 -1 13,12 0.001 -1 -1 12,14 0.001 -1 1 21.0233 3 ::f,2,13 f,3,0 f,15,3 f,15,15 
64:1,3 0.001 -1 1 1,0 0.002 1 -1 2,0 0.002 -1 -1 24.006 2 2,15 0.002 0 -1 0,14 0.002 1 0 2,12 0.001 0 -1 0.0051 1 13,3 0.001 0 1 12,2 0.001 1 1 12,1 0.001 -1 1 6.013 2 12,15 0.001 -1 0 13,12 0.001 -1 -1 12,14 0.001 -1 1 21.0233 3 ::f,2,13 f,3,0 f,15,3 f,15,15 
65:1,3 0.001 -1 1 1,0 0.002 0 -1 2,0 0.002 -1 0 24.006 2 2,15 0.002 -1 -1 0,14 0.002 1 -1 2,12 0.001 0 -1 0.0051 1 13,3 0.001 0 1 12,2 0.001 1 1 12,1 0.001 -1 1 6.013 2 12,15 0.001 -1 1 13,12 0.001 -1 -1 12,14 0.001 -1 0 21.0233 3 ::f,2,13 f,3,0 f,15,3 f,15,15 
66:1,3 0.001 -1 1 1,0 0.002 -1 -1 2,0 0.002 -1 1 24.006 2 2,15 0.002 -1 0 0,14 0.002 0 -1 2,12 0.001 0 -1 0.0051 1 13,3 0.001 1 1 12,2 0.001 1 1 12,1 0.001 -1 0 6.013 2 12,15 0.001 0 1 13,12 0.001 -1 -1 12,14 0.001 -1 0 21.0233 3 ::f,2,13 f,3,0 f,15,3 f,15,15 
67:1,3 0.001 -1 1 1,0 0.002 -1 0 2,0 0.002 0 1 24.006 2 2,15 0.002 -1 1 0,14 0.002 -1 -1 2,12 0.001 -1 -1 0.0051 1 13,3 0.001 1 0 12,2 0.001 1 1 12,1 0.001 -1 0 6.013 2 12,15 0.001 1 1 13,12 0.001 0 -1 12,14 0.001 -1 0 21.0233 3 ::f,2,13 f,3,0 f,15,3 f,15,15 
68:1,3 0.001 0 1 1,0 0.002 -1 1 2,0 0.002 1 1 24.006 2 2,15 0.002 0 1 0,14 0.002 -1 0 2,12 0.001 -1 0 0.0051 1 13,3 0.001 1 -1 12,2 0.001 1 1 12,1 0.001 -1 0 6.013 2 12,15 0.001 1 0 13,12 0.001 0 -1 12,14 0.001 -1 1 21.0233 3 ::f,2,13 f,3,0 f,15,3 f,15,15 
69:1,3 0.001 1 1 1,0 0.002 0 1 2,0 0.002 1 0 24.006 2 2,15 0.002 1 1 0,14 0.002 -1 1 2,12 0.001 -1 1 0.0051 1 13,3 0.001 0 -1 12,2 0.001 1 1 12,1 0.001 -1 1 6.013 2 12,15 0.001 1 -1 13,12 0.001 0 -1 12,14 0.001 0 1 21.0233 3 ::f,2,13 f,3,0 f,15,3 f,15,15 
70:1,3 0.001 1 0 1,0 0.002 1 1 2,0 0.002 1 -1 24.006 2 2,15 0.002 1 0 0,14 0.002 0 1 2,12 0.001 0 1 0.0051 1 13,2 0.001 0 -1 12,2 0.001 0 1 12,1 0.001 0 1 6.014 2 12,15 0.001 0 -1 13,12 0.001 0 -1 12,14 0.001 1 1 21.0233 3 ::f,2,13 f,3,0 f,15,3 f,15,15 
71:1,3 0.001 1 -1 1,0 0.002 1 0 2,0 0.002 0 -1 24.006 2 2,15 0.002 1 -1 0,14 0.002 1 1 2,12 0.001 0 1 0.0051 1 13,2 0.001 0 -1 12,3 0.001 0 1 12,1 0.001 1 1 6.015 2 12,15 0.001 -1 -1 13,12 0.001 -1 -1 12,14 0.001 1 0 21.0233 3 ::f,2,13 f,3,0 f,15,3 f,15,15 
72:1,3 0.001 0 -1 1,0 0.002 1 -1 2,0 0.002 -1 -1 24.006 2 2,15 0.002 0 -1 0,14 0.002 1 0 2,12 0.001 0 1 0.0052 16 13,2 0.001 1 -1 12,3 0.001 0 1 12,1 0.001 1 0 6.015 2 12,15 0.001 -1 -1 13,12 0.001 -1 -1 12,14 0.001 1 -1 21.0233 3 ::f,1,12 f,3,0 f,15,3 f,15,15 
73:1,3 0.001 -1 -1 1,0 0.002 0 -1 2,0 0.002 -1 0 24.006 2 2,15 0.002 -1 -1 0,14 0.002 1 0 2,12 0.002 0 1 0.0052 8 14,1 0.001 1 -1 12,3 0.001 0 1 12,1 0.001 1 -1 6.016 2 12,15 0.001 -1 -1 13,12 0.001 -1 -1 13,13 0.001 1 -1 21.0243 3 :1,14 2,13 :f,1,12 f,3,0 f,15,3 f,15,15 
74:1,3 0.001 -1 0 1,0 0.002 -1 -1 2,0 0.002 -1 1 24.006 2 2,15 0.002 -1 0 0,14 0.002 1 0 2,12 0.002 0 1 0.0052 0 14,1 0.001 1 -1 12,3 0.001 0 1 12,1 0.001 0 -1 6.016 2 12,15 0.001 -1 0 13,12 0.001 -1 0 14,12 0.001 1 -1 21.0253 3 :2,14 2,14 1,14 2,13 :f,1,12 f,3,0 f,15,3 f,15,15 
75:0,3 0.001 -1 0 1,0 0.002 -1 0 2,0 0.002 0 1 24.007 2 2,15 0.002 -1 1 0,14 0.002 1 -1 2,12 0.001 0 1 0.0052 0 15,0 0.001 1 -1 12,3 0.001 0 1 12,0 0.001 0 -1 6.018 2 12,15 0.001 -1 1 13,12 0.001 -1 1 14,12 0.001 1 -1 21.0253 3 :3,14 2,15 2,14 2,14 :f,1,12 f,3,0 f,15,3 f,15,15 
76:0,3 0.001 -1 1 1,0 0.002 -1 1 2,0 0.002 1 1 24.007 2 2,15 0.002 0 1 0,14 0.002 0 -1 2,13 0.001 0 1 0.0062 0 15,0 0.001 1 -1 12,3 0.001 1 1 12,0 0.001 -1 -1 6.018 2 12,15 0.001 0 1 13,12 0.001 0 1 14,12 0.001 1 -1 21.0253 3 :4,14 3,14 2,15 :f,1,12 f,3,0 f,15,3 f,15,15 
77:0,3 0.001 -1 1 1,0 0.002 0 1 2,0 0.002 1 0 24.007 2 2,15 0.002 1 1 0,14 0.002 -1 -1 2,13 0.001 0 1 0.0062 0 15,0 0.001 1 -1 12,3 0.001 1 0 12,0 0.001 -1 0 6.018 2 12,15 0.001 0 1 13,12 0.001 1 1 14,12 0.001 1 -1 21.0253 3 :5,14 4,14 :f,1,12 f,3,0 f,15,3 f,15,15 
78:0,3 0.001 0 1 1,0 0.002 1 1 2,0 0.002 1 -1 24.007 2 2,15 0.002 1 0 0,14 0.002 -1 0 2,13 0.001 0 1 0.0062 0 15,0 0.001 1 -1 12,3 0.001 1 -1 12,0 0.001 -1 1 6.018 2 12,15 0.001 1 1 14,13 0.001 1 1 14,12 0.001 1 -1 21.0263 3 :6,14 5,14 :f,1,12 f,3,0 f,15,3 f,15,15 
79:0,3 0.001 1 1 1,0 0.002 1 0 2,0 0.002 0 -1 24.007 2 2,15 0.002 1 -1 0,14 0.002 -1 1 2,14 0.001 0 1 0.0072 0 15,0 0.001 1 -1 13,2 0.001 1 -1 12,0 0.001 0 1 6.019 2 12,15 0.001 1 0 15,14 0.001 1 1 14,12 0.001 1 -1 21.0273 3 :7,14 6,14 :f,1,12 f,3,0 f,15,3 f,15,15 
80:0,3 0.001 1 0 1,0 0.002 1 -1 2,0 0.002 -1 -1 24.007 2 2,15 0.002 0 -1 0,14 0.002 0 1 2,14 0.001 0 1 0.0072 0 15,0 0.001 0 -1 14,1 0.001 1 -1 12,0 0.001 1 1 6.02 2 12,15 0.001 1 -1 15,14 0.001 1 0 14,12 0.001 0 -1 21.0273 3 :8,14 7,14 :f,1,12 f,3,0 f,15,3 f,15,15 
81:0,3 0.001 1 -1 1,0 0.002 0 -1 2,0 0.002 -1 0 24.007 2 2,15 0.002 -1 -1 0,14 0.002 1 1 2,14 0.001 0 1 0.0072 0 15,0 0.001 -1 -1 14,1 0.001 1 -1 12,0 0.001 1 0 6.02 2 12,15 0.001 0 -1 15,14 0.001 1 0 14,12 0.001 -1 -1 21.0273 3 :9,14 8,14 :f,1,12 f,3,0 f,15,3 f,15,15 
82:0,3 0.001 0 -1 1,0 0.002 -1 -1 2,0 0.002 -1 1 24.007 2 2,15 0.002 -1 0 0,14 0.002 1 0 2,14 0.001 0 1 0.0072 0 15,0 0.001 -1 0 14,1 0.001 1 -1 12,0 0.001 1 -1 6.02 2 12,15 0.001 -1 -1 15,14 0.001 1 -1 14,12 0.001 -1 0 21.0273 3 :10,14 9,14 :f,1,12 f,3,0 f,15,3 f,15,15 
83:0,2 0.001 0 -1 1,0 0.002 -1 0 2,0 0.002 0 1 24.008 2 2,15 0.002 -1 1 0,14 0.002 1 -1 2,14 0.001 0 1 0.0072 0 14,0 0.001 -1 0 15,0 0.001 1 -1 12,0 0.001 1 -1 6.022 2 12,15 0.001 -1 0 15,14 0.001 0 -1 14,12 0.001 -1 1 21.0273 3 :11,14 10,14 :f,1,12 f,3,0 f,15,3 f,15,15 
84:0,2 0.001 -1 -1 1,0 0.002 -1 1 2,0 0.002 1 1 24.008 2 2,15 0.002 0 1 0,14 0.002 0 -1 2,14 0.001 0 1 0.0072 0 13,0 0.001 -1 0 15,0 0.001 1 -1 12,0 0.001 0 -1 6.023 2 12,15 0.001 -1 1 15,13 0.001 0 -1 13,13 0.001 -1 1 21.0293 3 :12,14 11,14 :f,1,12 f,3,0 f,15,3 f,15,15 
85:0,2 0.001 -1 -1 1,0 0.002 0 1 2,0 0.002 1 0 24.008 2 2,15 0.002 1 1 0,14 0.002 -1 -1 2,14 0.001 0 1 0.0072 0 13,0 0.001 -1 0 15,0 0.001 1 -1 12,0 0.001 -1 -1 6.023 2 12,15 0.001 0 1 15,12 0.001 0 -1 13,13 0.001 -1 1 21.0303 3 :13,14 12,14 :f,1,12 f,3,0 f,15,3 f,15,15 
86:0,2 0.001 -1 0 1,0 0.002 1 1 2,0 0.002 1 -1 24.008 2 2,15 0.002 1 0 0,14 0.002 -1 0 2,14 0.001 0 1 0.0072 0 13,0 0.001 -1 0 15,0 0.001 0 -1 12,0 0.001 -1 0 6.023 2 12,15 0.001 0 1 15,12 0.001 0 -1 13,13 0.001 -1 1 21.0303 3 :14,14 13,14 :f,1,12 f,3,0 f,15,3 f,15,15 
87:0,2 0.001 -1 1 1,0 0.002 1 0 2,0 0.002 0 -1 24.008 2 2,15 0.002 1 -1 0,14 0.002 -1 1 2,14 0.001 0 1 0.0072 0 13,0 0.001 -1 0 15,0 0.001 -1 -1 12,0 0.001 -1 1 6.023 2 12,15 0.001 1 1 15,12 0.001 0 -1 12,14 0.001 -1 1 21.0313 3 :15,14 14,14 :f,1,12 f,3,0 f,15,3 f,15,15 
88:0,2 0.001 0 1 1,0 0.002 1 -1 2,0 0.002 -1 -1 24.008 2 2,15 0.002 0 -1 0,14 0.002 0 1 2,14 0.001 0 1 0.0072 0 13,0 0.001 -1 0 15,0 0.001 -1 0 12,0 0.001 0 1 6.023 2 12,15 0.001 1 0 15,12 0.001 -1 -1 12,14 0.001 -1 1 21.0313 3 :15,14 :f,1,12 f,3,0 f,15,3 f,15,15 
89:0,2 0.001 1 1 1,0 0.002 0 -1 2,0 0.002 -1 0 24.008 2 2,15 0.002 -1 -1 0,14 0.002 1 1 2,14 0.001 0 1 0.0072 0 13,0 0.001 -1 0 15,0 0.001 -1 1 12,0 0.001 1 1 6.023 2 12,15 0.001 1 -1 15,12 0.001 -1 0 12,14 0.001 -1 1 21.0313 3 ::f,1,12 f,3,0 f,15,3 f,15,15 
90:0,2 0.001 1 0 1,0 0.002 -1 -1 2,0 0.002 -1 1 24.008 2 2,15 0.002 -1 0 0,14 0.002 1 0 2,14 0.001 0 1 0.0072 0 13,0 0.001 -1 0 15,0 0.001 0 1 12,0 0.001 1 0 6.023 2 12,15 0.001 0 -1 15,12 0.001 -1 1 12,14 0.001 -1 1 21.0313 3 ::f,1,12 f,3,0 f,15,3 f,15,15 
91:1,2 0.001 1 0 1,0 0.002 -1 0 2,0 0.002 0 1 24.009 2 2,15 0.002 -1 1 0,14 0.002 1 -1 2,14 0.001 0 1 0.0072 0 13,0 0.001 -1 0 15,1 0.001 0 1 12,0 0.001 1 0 6.024 2 12,15 0.001 -1 -1 15,12 0.001 0 1 12,14 0.001 -1 1 21.0313 3 ::f,1,12 f,3,0 f,15,3 f,15,15 
92:1,2 0.001 1 0 1,0 0.002 -1 1 2,0 0.002 1 1 24.009 2 2,15 0.002 0 1 0,14 0.002 0 -1 2,14 0.001 0 1 0.0072 0 13,0 0.001 -1 0 15,1 0.001 1 1 12,0 0.001 1 0 6.024 2 12,15 0.001 -1 0 15,13 0.001 0 1 12,14 0.001 -1 1 21.0323 3 ::f,1,12 f,3,0 f,15,3 f,15,15 
93:2,2 0.001 1 0 1,0 0.002 0 1 2,0 0.002 1 0 24.01 2 2,15 0.002 1 1 0,14 0.002 -1 -1 2,14 0.001 0 1 0.0072 0 13,0 0.001 -1 0 15,1 0.001 1 0 12,0 0.001 1 -1 6.024 2 12,15 0.001 -1 1 15,13 0.001 1 1 12,14 0.001 -1 1 21.0323 3 ::f,1,12 f,3,0 f,15,3 f,15,15 
94:3,2 0.001 1 0 1,0 0.002 1 1 2,0 0.002 1 -1 24.011 2 2,15 0.002 1 0 0,14 0.002 -1 0 2,14 0.001 0 1 0.0072 0 13,0 0.001 -1 0 15,1 0.001 1 -1 12,0 0.001 0 -1 6.024 2 12,15 0.001 0 1 15,13 0.001 1 1 12,14 0.001 -1 1 21.0323 3 ::f,1,12 f,3,0 f,15,3 f,15,15 
95:3,2 0.001 1 0 1,0 0.002 1 0 2,0 0.002 0 -1 24.011 2 2,15 0.002 1 -1 0,14 0.002 -1 1 2,14 0.001 0 1 0.0072 0 13,0 0.001 -1 0 15,1 0.001 0 -1 12,0 0.001 -1 -1 6.024 2 12,15 0.001 1 1 15,13 0.001 1 0 12,14 0.001 -1 1 21.0323 3 ::f,1,12 f,3,0 f,15,3 f,15,15 
96:3,2 0.001 1 0 1,0 0.002 1 -1 2,0 0.002 -1 -1 24.011 2 2,15 0.002 0 -1 0,14 0.002 0 1 2,14 0.001 0 1 0.0072 0 13,0 0.001 -1 0 15,1 0.001 -1 -1 12,0 0.001 -1 0 6.024 2 12,15 0.001 1 0 15,13 0.001 1 -1 12,14 0.001 -1 1 21.0323 3 ::f,1,12 f,3,0 f,15,3 f,15,15 
97:3,2 0.001 1 0 1,0 0.002 0 -1 2,0 0.002 -1 0 24.011 2 2,15 0.002 -1 -1 0,14 0.002 1 1 2,14 0.001 -1 1 0.0072 0 13,0 0.001 -1 0 15,1 0.001 -1 0 12,0 0.001 -1 1 6.024 2 12,15 0.001 1 -1 15,13 0.001 0 -1 12,14 0.001 -1 1 21.0323 3 ::f,1,12 f,3,0 f,15,3 f,15,15 
98:3,2 0.001 1 -1 1,0 0.002 -1 -1 2,0 0.002 -1 1 24.011 2 2,15 0.002 -1 0 0,14 0.002 1 0 1,15 0.001 -1 1 0.0082 0 13,0 0.001 -1 0 15,1 0.001 -1 1 12,0 0.001 0 1 6.024 2 12,15 0.001 0 -1 15,13 0.001 -1 -1 12,14 0.001 -1 1 21.0323 3 ::f,1,12 f,3,0 f,15,3 f,15,15 
99:3,2 0.001 0 -1 1,0 0.002 -1 0 2,0 0.002 0 1 24.011 2 2,15 0.002 -1 1 0,14 0.002 1 -1 1,15 0.001 -1 1 0.0082 0 13,0 0.001 -1 0 14,2 0.001 -1 1 12,0 0.001 1 1 6.025 2 12,15 0.001 -1 -1 15,13 0.001 -1 0 12,14 0.001 -1 1 21.0323 3 ::f,1,12 f,3,0 f,15,3 f,15,15 
100:3,2 0.001 -1 -1 1,0 0.002 -1 1 2,0 0.002 1 1 24.011 2 2,15 0.002 0 1 0,14 0.002 0 -1 1,15 0.001 -1 1 0.0082 0 13,0 0.001 -1 -1 13,3 0.001 -1 1 12,0 0.001 1 0 6.026 2 12,15 0.001 -1 0 15,13 0.001 -1 1 12,14 0.001 -1 1 21.0323 3 ::f,1,12 f,3,0 f,15,3 f,15,15 
101:3,2 0.001 -1 0 1,0 0.002 0 1 2,0 0.002 1 0 24.011 2 2,15 0.002 1 1 0,14 0.002 -1 -1 1,15 0.001 -1 1 0.0082 0 13,0 0.001 -1 -1 13,3 0.001 -1 1 12,0 0.001 1 -1 6.026 2 12,15 0.001 -1 1 15,13 0.001 0 1 12,14 0.001 -1 1 21.0323 3 ::f,1,12 f,3,0 f,15,3 f,15,15 
102:2,2 0.001 -1 0 1,0 0.002 1 1 2,0 0.002 1 -1 24.012 2 2,15 0.002 1 0 0,14 0.002 -1 0 1,15 0.001 0 1 0.0082 0 13,0 0.001 -1 -1 13,3 0.001 -1 1 12,0 0.001 1 -1 6.026 2 12,15 0.001 0 1 15,14 0.001 0 1 12,14 0.001 -1 0 21.0333 3 ::f,1,12 f,3,0 f,15,3 f,15,15 
103:1,2 0.001 -1 0 1,0 0.002 1 0 2,0 0.002 0 -1 24.013 2 2,15 0.002 1 -1 0,14 0.002 -1 1 1,15 0.001 1 1 0.0082 0 13,0 0.001 -1 -1 13,3 0.001 -1 1 12,0 0.001 0 -1 6.026 2 12,15 0.001 1 1 15,14 0.001 0 1 12,14 0.001 -1 0 21.0333 3 ::f,1,12 f,3,0 f,15,3 f,15,15 
104:1,2 0.001 -1 0 1,0 0.002 1 -1 2,0 0.002 -1 -1 24.013 2 2,15 0.002 0 -1 0,14 0.002 0 1 1,15 0.001 1 0 0.0082 0 13,0 0.001 -1 -1 13,3 0.001 0 1 12,0 0.001 -1 -1 6.026 2 12,15 0.001 1 0 15,14 0.001 1 1 12,14 0.001 -1 0 21.0333 3 ::f,1,12 f,3,0 f,15,3 f,15,15 
105:0,2 0.001 -1 0 1,0 0.002 0 -1 2,0 0.002 -1 0 24.014 2 2,15 0.002 -1 -1 0,14 0.002 1 1 1,15 0.001 1 -1 0.0082 0 13,0 0.001 -1 -1 13,3 0.001 1 1 12,0 0.001 -1 0 6.026 2 12,15 0.001 1 -1 15,14 0.001 1 0 12,14 0.001 -1 1 21.0333 3 ::f,1,12 f,3,0 f,15,3 f,15,15 
106:0,2 0.001 -1 0 1,0 0.002 -1 -1 2,0 0.002 -1 1 24.014 2 2,15 0.002 -1 0 0,14 0.002 1 0 2,14 0.001 1 -1 0.0092 0 13,0 0.001 -1 -1 13,3 0.001 1 0 12,0 0.001 -1 1 6.026 2 12,15 0.001 0 -1 15,14 0.001 1 -1 12,14 0.001 -1 1 21.0333 3 ::f,1,12 f,3,0 f,15,3 f,15,15 
107:0,2 0.001 -1 0 1,0 0.002 -1 0 2,0 0.002 0 1 24.014 2 2,15 0.002 -1 1 0,14 0.002 1 -1 2,14 0.001 1 -1 0.0092 0 13,0 0.001 -1 -1 13,3 0.001 1 -1 12,0 0.001 0 1 6.026 2 12,15 0.001 -1 -1 15,14 0.001 0 -1 12,14 0.001 -1 1 21.0333 3 ::f,1,12 f,3,0 f,15,3 f,15,15 
108:0,2 0.001 -1 1 1,0 0.002 -1 1 2,0 0.002 1 1 24.014 2 2,15 0.002 0 1 0,14 0.002 0 -1 3,13 0.001 1 -1 0.0102 0 13,0 0.001 -1 -1 14,2 0.001 1 -1 12,0 0.001 1 1 6.027 2 12,15 0.001 -1 0 15,14 0.001 -1 -1 12,14 0.001 -1 0 21.0333 3 ::f,1,12 f,3,0 f,15,3 f,15,15 
109:0,2 0.001 0 1 1,0 0.002 0 1 2,0 0.002 1 0 24.014 2 2,15 0.002 1 1 0,14 0.002 -1 -1 3,13 0.001 1 -1 0.0102 0 13,0 0.001 -1 -1 14,2 0.001 1 -1 12,0 0.001 1 0 6.027 2 12,15 0.001 -1 1 15,14 0.001 -1 0 12,14 0.001 -1 0 21.0333 3 ::f,1,12 f,3,0 f,15,3 f,15,15 
110:0,2 0.001 1 1 1,0 0.002 1 1 2,0 0.002 1 -1 24.014 2 2,15 0.002 1 0 0,14 0.002 -1 0 3,13 0.001 1 -1 0.0102 0 13,0 0.001 -1 -1 15,1 0.001 1 -1 12,0 0.001 1 -1 6.028 2 12,15 0.001 0 1 14,14 0.001 -1 0 12,14 0.001 -1 1 21.0343 3 ::f,1,12 f,3,0 f,15,3 f,15,15 
111:0,2 0.001 1 0 1,0 0.002 1 0 2,0 0.002 0 -1 24.014 2 2,15 0.002 1 -1 0,14 0.002 -1 1 3,13 0.001 1 -1 0.0102 0 13,0 0.001 0 -1 15,1 0.001 1 -1 12,0 0.001 0 -1 6.028 2 12,15 0.001 1 1 14,14 0.001 -1 0 12,14 0.001 -1 1 21.0343 3 ::f,1,12 f,3,0 f,15,3 f,15,15 
112:1,2 0.001 1 0 1,0 0.002 1 -1 2,0 0.002 -1 -1 24.015 2 2,15 0.002 0 -1 0,14 0.002 0 1 3,13 0.001 1 -1 0.0102 0 13,0 0.001 0 -1 15,1 0.001 1 -1 12,0 0.001 -1 -1 6.028 2 12,15 0.001 1 0 13,14 0.001 -1 0 12,14 0.001 -1 1 21.0353 3 ::f,1,12 f,3,0 f,15,3 f,15,15 
113:1,2 0.001 1 0 1,0 0.002 0 -1 2,0 0.002 -1 0 24.015 2 2,15 0.002 -1 -1 0,14 0.002 1 1 3,13 0.001 1 -1 0.0102 0 13,0 0.001 0 -1 15,1 0.001 1 -1 12,0 0.001 -1 0 6.028 2 12,15 0.001 1 -1 13,14 0.001 -1 0 12,14 0.001 -1 1 21.0353 3 ::f,1,12 f,3,0 f,15,3 f,15,15 
114:2,2 0.001 1 0 1,0 0.002 -1 -1 2,0 0.002 -1 1 24.016 2 2,15 0.002 -1 0 0,14 0.002 1 0 3,13 0.001 1 0 0.0102 0 13,0 0.001 0 -1 15,1 0.001 1 -1 12,0 0.001 -1 1 6.028 2 12,15 0.001 1 -1 13,14 0.001 -1 0 12,14 0.001 -1 1 21.0353 3 ::f,1,12 f,3,0 f,15,3 f,15,15 
115:3,2 0.001 1 0 1,0 0.002 -1 0 2,0 0.002 0 1 24.017 2 2,15 0.002 -1 1 0,14 0.002 1 -1 3,13 0.001 1 0 0.0102 0 13,0 0.001 0 -1 15,1 0.001 1 -1 12,0 0.001 0 1 6.028 2 12,15 0.001 1 -1 13,14 0.001 -1 0 12,14 0.001 -1 1 21.0353 3 ::f,1,12 f,3,0 f,15,3 f,15,15 
116:3,2 0.001 1 0 1,0 0.002 -1 1 2,0 0.002 1 1 24.017 2 2,15 0.002 0 1 0,14 0.002 0 -1 3,13 0.001 1 0 0.0102 0 13,0 0.001 -1 -1 15,1 0.001 1 -1 12,0 0.001 1 1 6.028 2 12,15 0.001 1 -1 13,14 0.001 -1 0 12,14 0.001 -1 1 21.0353 3 ::f,1,12 f,3,0 f,15,3 f,15,15 
117:3,2 0.001 1 0 1,0 0.002 0 1 2,0 0.002 1 0 24.017 2 2,15 0.002 1 1 0,14 0.002 -1 -1 3,13 0.001 1 0 0.0102 0 13,0 0.001 -1 -1 15,1 0.001 1 -1 12,0 0.001 1 0 6.028 2 12,15 0.001 1 -1 13,14 0.001 -1 0 12,14 0.001 -1 1 21.0353 3 ::f,1,12 f,3,0 f,15,3 f,15,15 
118:3,2 0.001 1 -1 1,0 0.002 1 1 2,0 0.002 1 -1 24.017 2 2,15 0.002 1 0 0,14 0.002 -1 0 3,13 0.001 1 -1 0.0102 0 13,0 0.001 -1 -1 15,1 0.001 1 -1 12,0 0.001 1 0 6.028 2 12,15 0.001 1 -1 13,14 0.001 -1 0 12,14 0.001 -1 0 21.0353 3 ::f,1,12 f,3,0 f,15,3 f,15,15 
119:3,2 0.001 0 -1 1,0 0.002 1 0 2,0 0.002 0 -1 24.017 2 2,15 0.002 1 -1 0,14 0.002 -1 1 3,13 0.001 0 -1 0.0102 0 13,0 0.001 -1 -1 15,1 0.001 1 -1 12,0 0.001 1 0 6.028 2 12,15 0.001 1 -1 13,14 0.001 -1 0 12,14 0.001 -1 0 21.0353 3 ::f,1,12 f,3,0 f,15,3 f,15,15 
120:3,2 0.001 -1 -1 1,0 0.002 1 -1 2,0 0.002 -1 -1 24.017 2 2,15 0.002 0 -1 0,14 0.002 0 1 3,13 0.001 -1 -1 0.0102 0 13,0 0.001 -1 -1 15,1 0.001 1 -1 12,0 0.001 1 -1 6.028 2 12,15 0.001 1 -1 13,14 0.001 -1 0 12,14 0.001 -1 0 21.0353 3 ::f,1,12 f,3,0 f,15,3 f,15,15 
121:2,1 0.001 -1 -1 1,0 0.002 0 -1 2,0 0.002 -1 0 24.018 2 2,15 0.002 -1 -1 0,14 0.002 1 1 2,12 0.001 -1 -1 0.0112 0 13,0 0.001 -1 -1 15,1 0.001 1 -1 12,0 0.001 0 -1 6.028 2 12,15 0.001 1 -1 13,14 0.001 -1 0 12,14 0.001 -1 0 21.0353 3 ::f,1,12 f,3,0 f,15,3 f,15,15 
122:2,1 0.001 -1 -1 1,0 0.002 -1 -1 2,0 0.002 -1 1 24.018 2 2,15 0.002 -1 0 0,14 0.002 1 0 2,12 0.001 -1 -1 0.0112 0 13,0 0.001 0 -1 15,1 0.001 1 -1 12,0 0.001 -1 -1 6.028 2 12,15 0.001 1 -1 13,14 0.001 -1 0 12,14 0.001 -1 0 21.0353 3 ::f,1,12 f,3,0 f,15,3 f,15,15 
123:2,1 0.001 -1 -1 1,0 0.002 -1 0 2,0 0.002 0 1 24.018 2 2,15 0.002 -1 1 0,14 0.002 1 -1 2,12 0.001 -1 -1 0.0112 0 13,0 0.001 0 -1 15,1 0.001 1 -1 12,0 0.001 -1 0 6.028 2 12,15 0.001 1 -1 13,14 0.001 -1 0 12,14 0.001 -1 0 21.0353 3 ::f,1,12 f,3,0 f,15,3 f,15,15 
124:2,1 0.001 -1 -1 1,0 0.002 -1 1 2,0 0.002 1 1 24.018 2 2,15 0.002 0 1 0,14 0.002 0 -1 2,12 0.001 -1 -1 0.0112 0 13,0 0.001 0 -1 15,1 0.001 1 -1 12,0 0.001 -1 1 6.028 2 12,15 0.001 1 -1 13,14 0.001 -1 0 12,14 0.001 -1 1 21.0353 3 ::f,1,12 f,3,0 f,15,3 f,15,15 
125:2,1 0.001 -1 -1 1,0 0.002 0 1 2,0 0.002 1 0 24.018 2 2,15 0.002 1 1 0,14 0.002 -1 -1 2,12 0.001 -1 -1 0.0112 0 13,0 0.001 0 -1 15,1 0.001 1 -1 12,0 0.001 0 1 6.028 2 12,15 0.001 1 -1 13,14 0.001 -1 0 12,14 0.001 0 1 21.0353 3 ::f,1,12 f,3,0 f,15,3 f,15,15 
126:2,1 0.001 -1 -1 1,0 0.002 1 1 2,0 0.002 1 -1 24.018 2 2,15 0.002 1 0 0,14 0.002 -1 0 2,12 0.001 -1 -1 0.0112 0 13,0 0.001 0 -1 15,1 0.001 1 -1 12,0 0.001 1 1 6.028 2 12,15 0.001 1 -1 13,14 0.001 -1 0 12,14 0.001 1 1 21.0353 3 ::f,1,12 f,3,0 f,15,3 f,15,15 
127:2,1 0.001 -1 -1 1,0 0.002 1 0 2,0 0.002 0 -1 24.018 2 2,15 0.002 1 -1 0,14 0.002 -1 1 2,12 0.001 -1 -1 0.0112 0 13,0 0.001 -1 -1 15,1 0.001 1 -1 12,0 0.001 1 0 6.028 2 12,15 0.001 1 0 13,14 0.001 -1 0 12,14 0.001 1 0 21.0353 3 ::f,1,12 f,3,0 f,15,3 f,15,15 
128:2,1 0.001 -1 -1 1,0 0.002 1 -1 2,0 0.002 -1 -1 24.018 2 2,15 0.002 0 -1 0,14 0.002 0 1 2,12 0.001 -1 -1 0.0112 0 13,0 0.001 -1 0 15,1 0.001 1 -1 12,0 0.001 1 -1 6.028 2 13,15 0.001 1 0 13,14 0.001 -1 0 12,14 0.001 1 -1 21.0363 3 ::f,1,12 f,3,0 f,15,3 f,15,15 
129:2,1 0.001 -1 -1 1,0 0.002 0 -1 2,0 0.002 -1 0 24.018 2 2,15 0.002 -1 -1 0,14 0.002 1 1 2,12 0.001 -1 -1 0.0112 0 13,0 0.001 -1 0 15,1 0.001 1 -1 12,0 0.001 1 -1 6.028 2 13,15 0.001 1 0 13,14 0.001 -1 0 13,13 0.001 1 -1 21.0373 3 ::f,1,12 f,3,0 f,15,3 f,15,15 
130:2,1 0.001 -1 -1 1,0 0.002 -1 -1 2,0 0.002 -1 1 24.018 2 2,15 0.002 -1 0 0,14 0.002 1 0 2,12 0.001 -1 -1 0.0112 0 13,0 0.001 -1 0 15,1 0.001 1 -1 12,0 0.001 1 -1 6.028 2 13,15 0.001 1 1 13,14 0.001 -1 0 13,13 0.001 1 -1 21.0373 3 ::f,1,12 f,3,0 f,15,3 f,15,15 
131:2,1 0.001 -1 -1 1,0 0.002 -1 0 2,0 0.002 0 1 24.018 2 2,15 0.002 -1 1 0,14 0.002 1 -1 2,12 0.001 -1 -1 0.0112 0 13,0 0.001 -1 1 15,1 0.001 1 -1 12,0 0.001 0 -1 6.028 2 13,15 0.001 1 1 13,14 0.001 -1 0 14,12 0.001 1 -1 21.0383 3 ::f,1,12 f,3,0 f,15,3 f,15,15 
132:2,1 0.001 -1 -1 1,0 0.002 -1 1 2,0 0.002 1 1 24.018 2 2,15 0.002 0 1 0,14 0.002 0 -1 2,12 0.001 -1 -1 0.0112 0 12,1 0.001 -1 1 15,1 0.001 1 -1 12,0 0.001 -1 -1 6.029 2 13,15 0.001 1 1 12,14 0.001 -1 0 14,12 0.001 1 -1 21.0393 3 ::f,1,12 f,3,0 f,15,3 f,15,15 
133:2,1 0.001 -1 -1 1,0 0.002 0 1 2,0 0.002 1 0 24.018 2 2,15 0.002 1 1 0,14 0.002 -1 -1 2,12 0.001 -1 -1 0.0112 0 12,1 0.001 -1 1 15,1 0.001 1 -1 12,0 0.001 -1 0 6.029 2 13,15 0.001 1 1 12,14 0.001 -1 0 14,12 0.001 1 -1 21.0393 3 ::f,1,12 f,3,0 f,15,3 f,15,15 
134:2,1 0.001 -1 -1 1,0 0.002 1 1 2,0 0.002 1 -1 24.018 2 2,15 0.002 1 0 0,14 0.002 -1 0 2,12 0.001 -1 -1 0.0112 0 12,1 0.001 -1 1 15,1 0.001 1 -1 12,0 0.001 -1 0 6.029 2 13,15 0.001 1 1 12,14 0.001 -1 0 14,12 0.001 0 -1 21.0393 3 ::f,1,12 f,3,0 f,15,3 f,15,15 
135:2,1 0.001 -1 -1 1,0 0.002 1 0 2,0 0.002 0 -1 24.018 2 2,15 0.002 1 -1 0,14 0.002 -1 1 2,12 0.001 -1 -1 0.0112 0 12,1 0.001 -1 1 15,1 0.001 1 -1 12,0 0.001 -1 1 6.029 2 13,15 0.001 1 1 12,14 0.001 -1 0 14,12 0.001 -1 -1 21.0393 3 ::f,1,12 f,3,0 f,15,3 f,15,15 
136:2,1 0.001 -1 -1 1,0 0.002 1 -1 2,0 0.002 -1 -1 24.018 2 2,15 0.002 0 -1 0,14 0.002 0 1 2,12 0.001 -1 -1 0.0112 0 12,1 0.001 -1 1 15,1 0.001 1 -1 12,0 0.001 0 1 6.029 2 13,15 0.001 1 1 12,14 0.001 -1 0 14,12 0.001 -1 0 21.0393 3 ::f,1,12 f,3,0 f,15,3 f,15,15 
137:2,1 0.001 -1 -1 1,0 0.002 0 -1 2,0 0.002 -1 0 24.018 2 2,15 0.002 -1 -1 0,14 0.002 1 1 2,12 0.001 -1 -1 0.0112 0 12,1 0.001 -1 1 15,1 0.001 1 -1 12,0 0.001 1 1 6.029 2 13,15 0.001 1 1 12,14 0.001 -1 0 14,12 0.001 -1 1 21.0393 3 ::f,1,12 f,3,0 f,15,3 f,15,15 
138:2,1 0.001 -1 -1 1,0 0.002 -1 -1 2,0 0.002 -1 1 24.018 2 2,15 0.002 -1 0 0,14 0.002 1 0 2,12 0.001 -1 -1 0.0112 0 12,1 0.001 -1 1 15,1 0.001 1 -1 12,0 0.001 1 0 6.029 2 13,15 0.001 1 1 12,14 0.001 -1 1 14,12 0.001 0 1 21.0393 3 ::f,1,12 f,3,0 f,15,3 f,15,15 
139:2,1 0.001 -1 -1 1,0 0.002 -1 0 2,0 0.002 0 1 24.018 2 2,15 0.002 -1 1 0,14 0.002 1 -1 2,12 0.001 -1 -1 0.0112 0 12,1 0.001 -1 1 15,1 0.001 1 -1 12,0 0.001 1 -1 6.029 2 13,15 0.001 1 1 12,14 0.001 0 1 14,12 0.001 1 1 21.0393 3 ::f,1,12 f,3,0 f,15,3 f,15,15 
140:2,1 0.001 -1 -1 1,0 0.002 -1 1 2,0 0.002 1 1 24.018 2 2,15 0.002 0 1 0,14 0.002 0 -1 2,12 0.001 -1 -1 0.0112 0 12,1 0.001 -1 0 15,1 0.001 1 -1 12,0 0.001 0 -1 6.029 2 13,15 0.001 1 1 12,14 0.001 1 1 14,12 0.001 1 0 21.0393 3 ::f,1,12 f,3,0 f,15,3 f,15,15 
141:2,1 0.001 -1 -1 1,0 0.002 0 1 2,0 0.002 1 0 24.018 2 2,15 0.002 1 1 0,14 0.002 -1 -1 2,12 0.001 -1 -1 0.0112 0 12,1 0.001 -1 0 15,1 0.001 1 0 12,0 0.001 0 -1 6.029 2 13,15 0.001 1 1 12,14 0.001 1 0 15,12 0.001 1 0 21.0403 3 ::f,1,12 f,3,0 f,15,3 f,15,15 
142:2,1 0.001 -1 -1 1,0 0.002 1 1 2,0 0.002 1 -1 24.018 2 2,15 0.002 1 0 0,14 0.002 -1 0 2,12 0.001 -1 -1 0.0112 0 12,1 0.001 -1 0 15,1 0.001 1 0 12,0 0.001 0 -1 6.029 2 13,15 0.001 1 1 12,14 0.001 1 -1 15,12 0.001 1 0 21.0403 3 ::f,1,12 f,3,0 f,15,3 f,15,15 
143:2,1 0.001 -1 -1 1,0 0.002 1 0 2,0 0.002 0 -1 24.018 2 2,15 0.002 1 -1 0,14 0.002 -1 1 2,12 0.001 -1 -1 0.0112 0 12,1 0.001 -1 0 15,1 0.001 1 0 12,0 0.001 -1 -1 6.029 2 13,15 0.001 1 1 13,13 0.001 1 -1 15,12 0.001 1 -1 21.0413 3 ::f,1,12 f,3,0 f,15,3 f,15,15 
144:2,1 0.001 -1 -1 1,0 0.002 1 -1 2,0 0.002 -1 -1 24.018 2 2,15 0.002 0 -1 0,14 0.002 0 1 2,12 0.001 -1 -1 0.0112 0 12,1 0.001 -1 0 15,1 0.001 1 -1 12,0 0.001 -1 0 6.029 2 13,15 0.001 1 1 14,12 0.001 1 -1 15,12 0.001 0 -1 21.0423 3 ::f,1,12 f,3,0 f,15,3 f,15,15 
145:2,1 0.001 -1 -1 1,0 0.002 0 -1 2,0 0.002 -1 0 24.018 2 2,15 0.002 -1 -1 0,14 0.002 1 1 2,12 0.001 -1 -1 0.0112 0 12,1 0.001 -1 1 15,1 0.001 1 -1 12,0 0.001 -1 1 6.029 2 13,15 0.001 1 1 14,12 0.001 1 -1 15,12 0.001 -1 -1 21.0423 3 ::f,1,12 f,3,0 f,15,3 f,15,15 
146:2,1 0.001 -1 -1 1,0 0.002 -1 -1 2,0 0.002 -1 1 24.018 2 2,15 0.002 -1 0 0,14 0.002 1 0 2,12 0.001 -1 -1 0.0112 0 12,1 0.001 0 1 15,1 0.001 1 -1 12,0 0.001 0 1 6.029 2 13,15 0.001 1 1 14,12 0.001 1 -1 15,12 0.001 -1 0 21.0423 3 ::f,1,12 f,3,0 f,15,3 f,15,15 
147:2,1 0.001 -1 -1 1,0 0.002 -1 0 2,0 0.002 0 1 24.018 2 2,15 0.002 -1 1 0,14 0.002 1 -1 2,12 0.001 -1 -1 0.0112 0 12,1 0.001 1 1 15,1 0.001 1 -1 12,0 0.001 1 1 6.029 2 13,15 0.001 1 1 14,12 0.001 1 -1 15,12 0.001 -1 1 21.0423 3 ::f,1,12 f,3,0 f,15,3 f,15,15 
148:2,1 0.001 -1 -1 1,0 0.002 -1 1 2,0 0.002 1 1 24.018 2 2,15 0.002 0 1 0,14 0.002 0 -1 2,12 0.001 -1 -1 0.0112 0 12,1 0.001 1 0 15,1 0.001 1 -1 12,0 0.001 1 0 6.029 2 13,15 0.001 1 1 14,12 0.001 0 -1 15,12 0.001 0 1 21.0423 3 ::f,1,12 f,3,0 f,15,3 f,15,15 
149:2,1 0.001 -1 -1 1,0 0.002 0 1 2,0 0.002 1 0 24.018 2 2,15 0.002 1 1 0,14 0.002 -1 -1 2,12 0.001 -1 -1 0.0112 0 12,1 0.001 1 -1 15,1 0.001 1 -1 12,0 0.001 1 -1 6.029 2 13,15 0.001 1 1 14,12 0.001 0 -1 15,12 0.001 1 1 21.0423 3 ::f,1,12 f,3,0 f,15,3 f,15,15 
150:2,1 0.001 -1 -1 1,0 0.002 1 1 2,0 0.002 1 -1 24.018 2 2,15 0.002 1 0 0,14 0.002 -1 0 2,12 0.001 -1 -1 0.0112 0 12,1 0.001 0 -1 15,1 0.001 1 -1 12,0 0.001 0 -1 6.029 2 13,15 0.001 1 1 14,12 0.001 -1 -1 15,12 0.001 1 1 21.0423 3 ::f,1,12 f,3,0 f,15,3 f,15,15 
151:2,1 0.001 -1 -1 1,0 0.002 1 0 2,0 0.002 0 -1 24.018 2 2,15 0.002 1 -1 0,14 0.002 -1 1 2,12 0.001 -1 -1 0.0112 0 12,1 0.001 0 -1 15,1 0.001 1 -1 12,0 0.001 -1 -1 6.029 2 13,15 0.001 1 1 14,12 0.001 -1 0 15,12 0.001 1 0 21.0423 3 ::f,1,12 f,3,0 f,15,3 f,15,15 
152:2,1 0.001 -1 -1 1,0 0.002 1 -1 2,0 0.002 -1 -1 24.018 2 2,15 0.002 0 -1 0,14 0.002 0 1 2,12 0.001 -1 -1 0.0112 0 12,1 0.001 0 -1 15,1 0.001 1 -1 12,0 0.001 -1 0 6.029 2 13,15 0.001 1 1 14,12 0.001 -1 1 15,12 0.001 1 -1 21.0423 3 ::f,1,12 f,3,0 f,15,3 f,15,15 
153:2,1 0.001 -1 -1 1,0 0.002 0 -1 2,0 0.002 -1 0 24.018 2 2,15 0.002 -1 -1 0,14 0.002 1 1 2,12 0.001 -1 -1 0.0112 0 12,1 0.001 -1 -1 15,1 0.001 1 -1 12,0 0.001 -1 1 6.029 2 13,15 0.001 1 1 14,12 0.001 0 1 15,12 0.001 0 -1 21.0423 3 ::f,1,12 f,3,0 f,15,3 f,15,15 
154:2,1 0.001 -1 -1 1,0 0.002 -1 -1 2,0 0.002 -1 1 24.018 2 2,15 0.002 -1 0 0,14 0.002 1 0 2,12 0.001 -1 -1 0.0112 0 12,1 0.001 -1 0 15,1 0.001 1 -1 12,0 0.001 0 1 6.029 2 13,15 0.001 1 1 14,12 0.001 1 1 15,12 0.001 -1 -1 21.0423 3 ::f,1,12 f,3,0 f,15,3 f,15,15 
155:2,1 0.001 -1 -1 1,0 0.002 -1 0 2,0 0.002 0 1 24.018 2 2,15 0.002 -1 1 0,14 0.002 1 -1 2,12 0.001 -1 -1 0.0112 0 12,1 0.001 -1 0 15,1 0.001 1 -1 12,0 0.001 1 1 6.029 2 13,15 0.001 1 1 14,12 0.001 1 0 15,12 0.001 -1 0 21.0423 3 ::f,1,12 f,3,0 f,15,3 f,15,15 
156:2,1 0.001 -1 -1 1,0 0.002 -1 1 2,0 0.002 1 1 24.018 2 2,15 0.002 0 1 0,14 0.002 0 -1 2,12 0.001 -1 -1 0.0112 0 12,1 0.001 -1 1 15,1 0.001 1 -1 12,0 0.001 1 0 6.029 2 13,15 0.001 1 1 14,12 0.001 1 -1 15,12 0.001 -1 1 21.0423 3 ::f,1,12 f,3,0 f,15,3 f,15,15 
157:2,1 0.001 0 -1 1,0 0.002 0 1 2,0 0.002 1 0 24.018 2 2,15 0.002 1 1 0,14 0.002 -1 -1 2,12 0.001 -1 -1 0.0112 0 12,1 0.001 0 1 15,1 0.001 1 -1 12,0 0.001 1 -1 6.029 2 13,15 0.001 1 1 14,12 0.001 1 -1 15,12 0.001 0 1 21.0423 3 ::f,1,12 f,3,0 f,15,3 f,15,15 
158:2,1 0.001 0 -1 1,0 0.002 1 1 2,0 0.002 1 -1 24.018 2 2,15 0.002 1 0 0,14 0.002 -1 0 2,12 0.001 -1 -1 0.0112 0 12,1 0.001 1 1 15,1 0.001 1 -1 12,0 0.001 1 -1 6.029 2 13,15 0.001 1 1 14,12 0.001 1 -1 15,13 0.001 0 1 21.0433 3 ::f,1,12 f,3,0 f,15,3 f,15,15 
159:2,1 0.001 0 -1 1,0 0.002 1 0 2,0 0.002 0 -1 24.018 2 2,15 0.002 1 -1 0,14 0.002 -1 1 2,12 0.001 -1 -1 0.0112 0 12,1 0.001 1 0 15,1 0.001 1 -1 12,0 0.001 0 -1 6.029 2 13,15 0.001 1 1 14,12 0.001 1 -1 15,13 0.001 1 1 21.0433 3 ::f,1,12 f,3,0 f,15,3 f,15,15 
160:2,1 0.001 1 -1 1,0 0.002 1 -1 2,0 0.002 -1 -1 24.018 2 2,15 0.002 0 -1 0,14 0.002 0 1 2,12 0.001 -1 -1 0.0112 0 12,1 0.001 1 -1 15,1 0.001 1 -1 12,0 0.001 -1 -1 6.029 2 13,15 0.001 1 1 14,12 0.001 0 -1 15,13 0.001 1 0 21.0433 3 ::f,1,12 f,3,0 f,15,3 f,15,15 
161:2,1 0.001 1 -1 1,0 0.002 0 -1 2,0 0.002 -1 0 24.018 2 2,15 0.002 -1 -1 0,14 0.002 1 1 2,12 0.001 -1 -1 0.0112 0 13,0 0.001 1 -1 15,1 0.001 1 -1 12,0 0.001 -1 0 6.03 2 13,15 0.001 0 1 14,12 0.001 -1 -1 15,13 0.001 1 -1 21.0433 3 ::f,1,12 f,3,0 f,15,3 f,15,15 
162:2,1 0.001 1 -1 1,0 0.002 -1 -1 2,0 0.002 -1 1 24.0181 17 2,15 0.002 -1 0 0,14 0.002 1 0 2,12 0.001 -1 -1 0.0112 0 13,0 0.001 0 -1 15,1 0.001 1 -1 12,0 0.001 -1 1 6.03 2 13,15 0.001 0 1 14,12 0.001 -1 0 15,13 0.001 0 -1 21.0433 3 ::f,1,2 f,1,12 f,15,3 f,15,15 
163:2,1 0.001 1 -1 1,0 0.002 -1 0 2,0 0.002 0 1 24.0181 17 2,15 0.002 -1 1 0,14 0.002 1 -1 2,12 0.001 -1 -1 0.0112 0 13,0 0.001 -1 -1 15,1 0.001 1 -1 12,0 0.001 0 1 6.03 2 13,15 0.001 0 1 14,12 0.001 -1 1 15,13 0.001 -1 -1 21.0433 3 ::f,1,2 f,1,12 f,15,3 f,15,15 
164:3,0 0.001 1 -1 1,0 0.002 -1 0 2,0 0.002 0 1 24.0191 9 2,15 0.002 0 1 0,14 0.002 0 -1 2,12 0.001 -1 -1 0.0112 0 13,0 0.001 -1 -1 15,1 0.001 1 -1 12,0 0.001 1 1 6.03 2 13,15 0.001 0 1 13,13 0.001 -1 1 15,13 0.001 -1 0 21.0443 3 :0,0 2,1 :f,1,2 f,1,12 f,15,3 f,15,15 
165:3,0 0.001 1 -1 1,0 0.002 -1 0 2,0 0.002 0 1 24.0191 1 2,15 0.002 1 1 0,14 0.002 -1 -1 2,12 0.001 -1 -1 0.0112 0 13,0 0.001 -1 -1 15,1 0.001 1 -1 13,1 0.001 1 1 6.031 2 13,15 0.001 0 1 12,14 0.001 -1 1 14,13 0.001 -1 0 21.0463 3 :2,2 0,0 2,1 :f,1,2 f,1,12 f,15,3 f,15,15 
166:3,0 0.001 1 -1 1,0 0.002 -1 1 2,0 0.002 1 1 24.0191 1 2,15 0.002 1 0 0,14 0.002 -1 0 2,12 0.001 -1 -1 0.0112 0 13,0 0.001 -1 -1 15,1 0.001 1 -1 13,1 0.001 1 1 6.031 2 13,15 0.001 0 1 12,14 0.001 -1 1 14,13 0.001 -1 0 21.0463 3 :2,3 2,2 :f,1,2 f,1,12 f,15,3 f,15,15 
167:3,0 0.001 1 -1 1,0 0.002 0 1 2,0 0.002 1 0 24.0191 1 2,15 0.002 1 -1 0,14 0.002 -1 1 2,12 0.001 -1 -1 0.0112 0 13,0 0.001 -1 -1 15,1 0.001 1 0 13,1 0.001 1 1 6.031 2 13,15 0.001 1 1 12,14 0.001 -1 1 13,13 0.001 -1 0 21.0473 3 :2,4 2,3 :f,1,2 f,1,12 f,15,3 f,15,15 
168:3,0 0.001 1 -1 1,0 0.002 1 1 2,0 0.002 1 -1 24.0191 1 2,15 0.002 0 -1 0,14 0.002 0 1 2,12 0.001 -1 -1 0.0112 0 13,0 0.001 -1 -1 15,1 0.001 1 0 13,1 0.001 1 1 6.031 2 13,15 0.001 1 0 12,14 0.001 -1 1 13,13 0.001 -1 0 21.0473 3 :2,5 2,4 :f,1,2 f,1,12 f,15,3 f,15,15 
169:3,0 0.001 0 -1 1,0 0.002 1 0 2,0 0.002 0 -1 24.0191 1 2,15 0.002 -1 -1 0,14 0.002 1 1 2,12 0.001 -1 -1 0.0112 0 13,0 0.001 0 -1 15,1 0.001 1 0 14,2 0.001 1 1 6.032 2 13,15 0.001 1 -1 12,14 0.001 -1 1 12,13 0.001 -1 0 21.0483 3 :2,6 2,5 :f,1,2 f,1,12 f,15,3 f,15,15 
170:3,0 0.001 -1 -1 1,0 0.002 1 -1 2,0 0.002 -1 -1 24.0191 1 2,15 0.002 -1 0 0,14 0.002 1 0 2,12 0.001 -1 -1 0.0112 0 13,0 0.001 0 -1 15,1 0.001 1 0 14,2 0.001 1 1 6.0321 17 13,15 0.001 0 -1 12,14 0.001 -1 1 12,13 0.001 -1 0 21.0483 3 :2,7 2,6 :f,1,2 f,1,12 f,14,0 f,15,15 
171:3,0 0.001 -1 0 1,0 0.002 0 -1 2,0 0.002 -1 0 24.0191 1 2,15 0.002 -1 1 0,14 0.002 1 -1 2,12 0.001 0 -1 0.0112 0 13,0 0.001 0 -1 15,1 0.002 1 0 14,2 0.002 1 1 6.0321 13 13,15 0.001 -1 -1 12,14 0.001 -1 1 12,13 0.001 -1 0 21.0483 3 :2,8 2,7 15,3 :f,1,2 f,1,12 f,14,0 f,15,15 
172:3,0 0.001 -1 1 1,0 0.002 -1 -1 2,0 0.002 -1 1 24.0191 1 2,15 0.002 0 1 0,14 0.002 0 -1 2,12 0.001 0 -1 0.0112 0 13,0 0.001 -1 -1 15,1 0.002 1 0 14,2 0.002 1 1 6.0321 9 13,15 0.001 -1 0 12,14 0.001 -1 1 12,13 0.001 -1 1 21.0483 3 :2,9 2,8 15,3 :f,1,2 f,1,12 f,14,0 f,15,15 
173:3,0 0.001 0 1 1,0 0.002 -1 0 2,0 0.002 0 1 24.0191 1 2,15 0.002 1 1 0,14 0.002 -1 -1 2,12 0.001 0 -1 0.0112 0 13,0 0.001 -1 0 15,1 0.002 1 0 14,2 0.002 1 1 6.0321 5 12,15 0.001 -1 0 12,14 0.001 -1 1 12,13 0.001 0 1 21.0493 3 :2,10 2,9 15,3 :f,1,2 f,1,12 f,14,0 f,15,15 
174:3,0 0.001 1 1 1,0 0.002 -1 1 2,0 0.002 1 1 24.0191 1 2,15 0.002 1 0 0,14 0.002 -1 0 2,12 0.001 0 -1 0.0112 0 13,0 0.002 -1 0 15,1 0.002 1 -1 14,2 0.001 1 1 6.0321 1 12,15 0.001 -1 0 12,14 0.001 -1 1 12,13 0.001 1 1 21.0493 3 :2,11 2,10 12,0 :f,1,2 f,1,12 f,14,0 f,15,15 
175:3,0 0.001 1 1 1,0 0.002 0 1 2,0 0.002 1 0 24.0191 1 2,15 0.002 1 -1 0,14 0.002 -1 1 2,12 0.001 0 -1 0.0112 0 12,0 0.002 -1 0 15,1 0.002 0 -1 15,3 0.001 1 1 6.0341 1 12,15 0.001 -1 0 12,14 0.001 -1 1 13,14 0.001 1 1 21.0503 3 :2,12 2,11 11,0 :f,1,2 f,1,12 f,14,0 f,15,15 
176:3,0 0.001 1 1 1,0 0.002 1 1 2,0 0.002 1 -1 27.0191 1 2,15 0.002 0 -1 0,14 0.002 0 1 2,12 0.001 0 -1 0.0112 0 12,0 0.002 -1 0 15,1 0.002 -1 -1 15,3 0.001 1 1 6.0341 1 12,15 0.001 -1 1 12,14 0.001 -1 1 13,14 0.001 1 1 21.0503 3 :2,12 10,0 :f,1,2 f,1,12 f,14,0 f,15,15 
177:3,0 0.001 1 1 1,0 0.002 1 0 2,0 0.002 0 -1 30.0191 1 2,15 0.002 -1 -1 0,14 0.002 1 1 2,12 0.001 -1 -1 0.0112 0 12,0 0.002 -1 1 15,1 0.002 -1 -1 15,3 0.001 1 1 6.0341 1 12,15 0.001 0 1 12,14 0.001 -1 1 14,15 0.001 1 1 21.0513 3 :9,0 :f,1,2 f,1,12 f,14,0 f,15,15 
178:3,0 0.001 1 0 1,0 0.002 1 -1 2,0 0.002 -1 -1 30.0191 1 2,15 0.002 -1 0 0,14 0.002 1 0 2,12 0.001 -1 -1 0.0112 0 12,0 0.002 -1 1 15,1 0.001 -1 -1 15,3 0.002 1 1 6.0342 16 12,15 0.001 1 1 12,14 0.001 -1 1 14,15 0.001 1 1 21.0513 3 :8,0 :f,1,2 f,1,12 f,15,0 f,15,15 
179:3,0 0.001 1 -1 1,0 0.002 0 -1 2,0 0.002 -1 0 30.0191 1 2,15 0.002 -1 1 0,14 0.002 1 -1 2,12 0.001 -1 -1 0.0112 0 12,0 0.002 -1 1 15,1 0.001 0 -1 15,3 0.002 1 1 6.0342 12 12,15 0.001 1 0 12,14 0.001 -1 1 14,15 0.001 1 1 21.0513 3 :7,0 11,1 :f,1,2 f,1,12 f,15,0 f,15,15 
180:3,0 0.001 0 -1 1,0 0.002 -1 -1 2,0 0.002 -1 1 30.0191 1 2,15 0.002 0 1 0,14 0.002 0 -1 2,12 0.001 -1 0 0.0112 0 12,0 0.002 -1 1 15,1 0.001 0 -1 15,3 0.002 1 1 6.0342 8 12,15 0.001 1 -1 12,14 0.001 -1 1 14,15 0.001 1 1 21.0513 3 :6,0 10,2 11,1 :f,1,2 f,1,12 f,15,0 f,15,15 
181:3,0 0.001 -1 -1 1,0 0.002 -1 0 2,0 0.002 0 1 30.0191 1 2,15 0.002 1 1 0,14 0.002 -1 -1 2,12 0.001 -1 1 0.0112 0 12,0 0.002 -1 1 15,1 0.001 0 -1 15,3 0.002 1 1 6.0342 4 12,15 0.001 0 -1 12,14 0.001 -1 1 14,15 0.001 1 1 21.0513 3 :5,0 9,3 10,2 11,1 :f,1,2 f,1,12 f,15,0 f,15,15 
182:3,0 0.001 -1 0 1,0 0.002 -1 1 2,0 0.002 1 1 30.0191 1 2,15 0.002 1 0 0,14 0.002 -1 0 1,13 0.001 -1 1 0.0122 0 12,0 0.002 -1 1 15,1 0.001 0 -1 15,3 0.002 1 0 6.0342 0 12,15 0.001 0 -1 12,14 0.001 -1 1 14,15 0.001 1 1 21.0513 3 :4,0 8,4 9,3 10,2 11,1 :f,1,2 f,1,12 f,15,0 f,15,15 
183:3,0 0.001 -1 1 1,0 0.002 0 1 2,0 0.002 1 0 30.0191 1 2,15 0.002 1 -1 0,14 0.002 -1 1 1,13 0.001 -1 1 0.0122 0 12,0 0.001 -1 1 15,1 0.001 0 -1 15,3 0.002 1 -1 6.0342 0 12,15 0.001 -1 -1 12,14 0.001 -1 1 14,15 0.001 1 1 21.0513 3 :3,0 7,5 8,4 9,3 10,2 :f,1,2 f,1,12 f,15,0 f,15,15 
184:3,0 0.001 0 1 1,0 0.002 1 1 2,0 0.002 1 -1 30.0191 1 2,15 0.002 0 -1 0,14 0.002 0 1 1,13 0.001 -1 1 0.0122 0 12,0 0.001 -1 1 15,1 0.001 0 -1 15,3 0.002 0 -1 10.0343 15 12,15 0.001 -1 0 12,14 0.001 -1 1 14,15 0.001 1 1 21.0513 3 :6,6 7,5 8,4 9,3 :f,1,2 f,1,12 f,13,0 f,15,15 
185:3,0 0.001 1 1 1,0 0.002 1 0 2,0 0.002 0 -1 30.0191 1 2,15 0.002 -1 -1 0,14 0.002 1 1 1,13 0.001 -1 1 0.0122 0 12,0 0.002 -1 1 15,0 0.001 0 -1 15,3 0.002 -1 -1 10.0353 11 12,15 0.001 -1 1 12,14 0.001 -1 1 14,15 0.001 1 1 21.0513 3 :5,7 6,6 7,5 8,4 11,1 :f,1,2 f,1,12 f,13,0 f,15,15 
186:3,0 0.001 1 0 1,0 0.002 1 -1 2,0 0.002 -1 -1 30.0191 1 2,15 0.002 -1 0 0,14 0.002 1 0 1,13 0.001 -1 1 0.0122 0 12,0 0.002 -1 1 15,0 0.001 0 -1 15,3 0.002 -1 0 10.0353 7 12,15 0.001 0 1 12,14 0.001 -1 1 14,15 0.001 1 1 21.0513 3 :4,8 5,7 6,6 7,5 10,2 11,1 :f,1,2 f,1,12 f,13,0 f,15,15 
187:3,0 0.001 1 -1 1,0 0.002 0 -1 2,0 0.002 -1 0 30.0191 1 2,15 0.002 -1 1 0,14 0.002 1 -1 1,13 0.001 -1 1 0.0122 0 12,0 0.002 -1 1 15,0 0.001 0 -1 14,3 0.002 -1 0 10.0363 3 12,15 0.001 1 1 12,14 0.001 -1 1 14,15 0.001 1 1 21.0513 3 :3,9 4,8 5,7 6,6 9,3 10,2 11,1 :f,1,2 f,1,12 f,13,0 f,15,15 
188:3,0 0.001 0 -1 1,0 0.002 -1 -1 2,0 0.002 -1 1 30.0191 1 2,15 0.002 0 1 0,14 0.002 0 -1 1,13 0.001 -1 1 0.0122 0 12,0 0.002 -1 1 15,0 0.001 -1 -1 14,3 0.002 -1 1 10.0363 3 12,15 0.001 1 0 12,14 0.001 -1 1 14,15 0.001 0 1 21.0513 3 :2,10 3,9 4,8 5,7 8,4 9,3 10,2 :f,1,2 f,1,12 f,13,0 f,15,15 
189:3,0 0.001 -1 -1 1,0 0.002 -1 0 2,0 0.002 0 1 30.0191 1 2,15 0.002 1 1 0,14 0.002 -1 -1 1,13 0.001 -1 1 0.0122 0 12,0 0.001 -1 1 15,0 0.001 -1 0 14,3 0.002 0 1 10.0363 3 12,15 0.001 1 -1 12,14 0.001 -1 1 14,15 0.001 0 1 21.0513 3 :1,11 2,10 3,9 4,8 7,5 8,4 9,3 :f,1,2 f,1,12 f,13,0 f,15,15 
190:3,0 0.001 -1 0 1,0 0.002 -1 1 2,0 0.002 1 1 30.0191 1 2,15 0.002 1 0 0,14 0.002 -1 0 1,13 0.001 -1 1 0.0122 0 12,0 0.001 -1 1 15,0 0.001 -1 1 14,3 0.002 1 1 10.0363 3 12,15 0.001 0 -1 12,14 0.001 -1 1 14,15 0.001 0 1 21.0513 3 :0,12 1,11 2,10 3,9 6,6 7,5 8,4 :f,1,2 f,1,12 f,13,0 f,15,15 
191:3,0 0.001 -1 1 1,0 0.002 0 1 2,0 0.002 1 0 30.0191 1 2,15 0.002 1 -1 0,14 0.002 -1 1 1,13 0.001 -1 1 0.0122 0 12,0 0.001 -1 1 14,1 0.001 -1 1 14,3 0.002 1 0 10.0373 3 12,15 0.001 -1 -1 12,14 0.001 -1 1 14,15 0.001 0 1 21.0513 3 :0,12 1,11 2,10 5,7 6,6 7,5 :f,1,2 f,1,12 f,13,0 f,15,15 
192:2,1 0.001 -1 1 1,0 0.002 1 1 2,0 0.002 1 -1 30.0201 1 2,15 0.002 0 -1 0,14 0.002 0 1 1,13 0.001 -1 0 0.0122 0 12,0 0.001 -1 0 14,1 0.001 -1 1 14,3 0.002 1 -1 10.0373 3 12,15 0.001 -1 -1 12,14 0.001 -1 1 14,15 0.001 0 1 21.0513 3 :0,12 1,11 4,8 5,7 6,6 :f,1,2 f,1,12 f,13,0 f,15,15 
193:2,1 0.001 -1 1 1,0 0.002 1 1 2,0 0.002 1 -1 31.0202 12 2,15 0.002 -1 -1 0,14 0.002 1 1 0,13 0.001 -1 0 0.0132 0 12,0 0.001 -1 0 13,2 0.001 -1 1 14,3 0.002 0 -1 10.0383 3 12,15 0.001 -1 -1 12,14 0.001 -1 1 14,15 0.001 0 1 21.0513 3 :0,12 3,9 4,8 5,7 2,1 :f,0,0 f,1,12 f,13,0 f,15,15 
194:2,1 0.002 -1 1 1,0 0.002 1 1 2,0 0.002 1 -1 31.0202 4 2,15 0.002 -1 0 0,14 0.002 1 0 0,13 0.001 -1 -1 0.0132 0 12,0 0.001 -1 0 12,3 0.001 -1 1 14,3 0.002 -1 -1 10.0393 3 12,15 0.001 -1 0 12,14 0.001 -1 1 14,15 0.001 1 1 21.0513 3 :2,10 3,9 4,8 1,2 2,1 :f,0,0 f,1,12 f,13,0 f,15,15 
195:2,1 0.002 -1 1 1,0 0.002 1 0 2,0 0.002 0 -1 31.0202 0 2,15 0.002 -1 1 0,14 0.002 1 -1 0,13 0.001 -1 -1 0.0132 0 12,0 0.001 -1 0 12,3 0.001 -1 1 13,2 0.002 -1 -1 10.0403 3 12,15 0.001 -1 1 12,14 0.001 -1 1 14,15 0.001 1 0 21.0513 3 :1,11 2,10 3,9 0,3 1,2 :f,0,0 f,1,12 f,13,0 f,15,15 
196:1,2 0.002 -1 1 1,0 0.002 1 -1 2,0 0.002 -1 -1 31.0212 0 2,15 0.002 0 1 0,14 0.002 0 -1 0,13 0.001 -1 -1 0.0132 0 12,0 0.001 -1 0 12,3 0.001 -1 1 13,2 0.001 -1 -1 10.0403 3 12,15 0.001 0 1 12,14 0.001 -1 1 14,15 0.001 1 -1 21.0513 3 :0,12 1,11 2,10 0,3 :f,0,0 f,1,12 f,13,0 f,15,15 
197:1,2 0.001 -1 1 1,0 0.002 0 -1 2,0 0.002 -1 0 31.0212 0 2,15 0.002 1 1 0,14 0.002 -1 -1 0,13 0.001 -1 -1 0.0132 0 12,0 0.001 -1 0 12,3 0.001 -1 1 12,1 0.001 -1 -1 10.0413 3 12,15 0.001 1 1 12,14 0.001 -1 1 14,15 0.001 0 -1 21.0513 3 :0,12 1,11 :f,0,0 f,1,12 f,13,0 f,15,15 
198:0,3 0.001 -1 1 1,0 0.002 -1 -1 2,0 0.002 -1 1 31.0222 0 2,15 0.002 1 0 0,14 0.002 -1 0 0,13 0.001 -1 -1 0.0132 0 12,0 0.001 -1 0 12,3 0.001 -1 1 12,1 0.001 -1 -1 10.0413 3 12,15 0.001 1 0 12,14 0.001 -1 1 14,15 0.001 -1 -1 21.0513 3 :0,12 :f,0,0 f,1,12 f,13,0 f,15,15 
199:0,3 0.001 -1 1 1,0 0.002 -1 0 2,0 0.002 0 1 31.0222 0 2,15 0.002 1 -1 0,14 0.002 -1 1 0,13 0.001 -1 0 0.0132 0 12,0 0.001 -1 1 12,3 0.001 -1 1 12,1 0.001 -1 -1 10.0413 3 12,15 0.001 1 -1 12,14 0.001 -1 1 14,15 0.001 -1 0 21.0513 3 ::f,0,0 f,1,12 f,13,0 f,15,15 
200:0,3 0.001 -1 1 1,0 0.002 -1 1 2,0 0.002 1 1 31.0222 0 2,15 0.002 0 -1 0,14 0.002 0 1 0,13 0.001 -1 1 0.0132 0 12,0 0.001 0 1 12,3 0.001 -1 1 12,1 0.001 -1 -1 10.0413 3 13,14 0.001 1 -1 12,14 0.001 -1 1 14,15 0.001 -1 1 21.0523 3 ::f,0,0 f,1,12 f,13,0 f,15,15 
201:0,3 0.001 0 1 1,0 0.002 0 1 2,0 0.002 1 0 31.0222 0 2,15 0.002 -1 -1 0,14 0.002 1 1 0,13 0.001 0 1 0.0132 0 12,0 0.001 1 1 12,3 0.001 0 1 12,1 0.001 -1 0 10.0413 3 13,14 0.001 1 -1 12,14 0.001 -1 0 14,15 0.001 0 1 21.0523 3 ::f,0,0 f,1,12 f,13,0 f,15,15 
202:0,3 0.001 0 1 1,0 0.002 1 1 2,0 0.002 1 -1 31.0222 0 2,15 0.002 -1 0 0,14 0.002 1 0 0,13 0.001 1 1 0.0132 0 12,0 0.001 1 0 12,3 0.001 1 1 12,1 0.001 -1 1 10.0413 3 14,13 0.001 1 -1 12,14 0.001 -1 0 14,15 0.001 1 1 21.0533 3 ::f,0,0 f,1,12 f,13,0 f,15,15 
203:0,3 0.001 1 1 1,0 0.002 1 0 2,0 0.002 0 -1 31.0222 0 2,15 0.002 -1 1 0,14 0.002 1 -1 0,13 0.001 1 0 0.0132 0 12,0 0.001 1 0 12,3 0.001 1 0 12,1 0.001 0 1 10.0413 3 14,13 0.001 1 -1 12,14 0.001 -1 0 14,15 0.001 1 0 21.0533 3 ::f,0,0 f,1,12 f,13,0 f,15,15 
204:0,3 0.001 1 0 1,0 0.002 1 -1 2,0 0.002 -1 -1 31.0222 0 2,15 0.002 0 1 0,14 0.002 0 -1 1,13 0.001 1 0 0.0142 0 12,0 0.001 1 -1 12,3 0.001 1 -1 12,1 0.001 1 1 10.0413 3 15,12 0.001 1 -1 12,14 0.001 -1 0 14,15 0.001 1 -1 21.0543 3 ::f,0,0 f,1,12 f,13,0 f,15,15 
205:0,3 0.001 1 -1 1,0 0.002 0 -1 2,0 0.002 -1 0 31.0222 0 2,15 0.002 1 1 0,14 0.002 -1 -1 1,13 0.001 1 0 0.0142 0 12,0 0.001 1 -1 13,2 0.001 1 -1 12,1 0.001 1 0 10.0423 3 15,12 0.001 1 -1 12,14 0.001 -1 0 14,15 0.001 0 -1 21.0543 3 ::f,0,0 f,1,12 f,13,0 f,15,15 
206:0,3 0.001 0 -1 1,0 0.002 -1 -1 2,0 0.002 -1 1 31.0222 0 2,15 0.002 1 0 0,14 0.002 -1 0 1,13 0.001 1 -1 0.0142 0 12,0 0.001 0 -1 13,2 0.001 1 -1 12,1 0.001 1 -1 10.0423 3 15,12 0.001 1 -1 12,14 0.001 -1 0 14,14 0.001 0 -1 21.0553 3 ::f,0,0 f,1,12 f,13,0 f,15,15 
207:0,2 0.001 0 -1 1,0 0.002 -1 0 2,0 0.002 0 1 31.0232 0 2,15 0.002 1 -1 0,14 0.002 -1 1 2,12 0.001 1 -1 0.0152 0 12,0 0.001 -1 -1 13,2 0.001 0 -1 12,1 0.001 0 -1 10.0423 3 15,12 0.001 0 -1 12,14 0.001 -1 0 14,14 0.001 0 -1 21.0553 3 ::f,0,0 f,1,12 f,13,0 f,15,15 
208:0,2 0.001 -1 -1 1,0 0.002 -1 1 2,0 0.002 1 1 31.0232 0 2,15 0.002 0 -1 0,14 0.002 0 1 2,12 0.001 0 -1 0.0152 0 12,0 0.001 -1 0 13,1 0.001 0 -1 12,1 0.001 -1 -1 10.0433 3 15,12 0.001 -1 -1 12,14 0.001 -1 0 14,13 0.001 0 -1 21.0563 3 ::f,0,0 f,1,12 f,13,0 f,15,15 
209:0,2 0.001 -1 -1 1,0 0.002 0 1 2,0 0.002 1 0 31.0232 0 2,15 0.002 -1 -1 0,14 0.002 1 1 2,12 0.001 0 -1 0.0152 0 12,0 0.001 -1 1 13,1 0.001 0 -1 12,1 0.001 -1 0 12.0434 18 15,12 0.001 -1 0 12,14 0.001 -1 1 14,12 0.001 0 -1 21.0573 3 ::f,0,0 f,1,12 f,13,3 f,15,15 
210:0,2 0.001 -1 0 1,0 0.002 1 1 2,0 0.002 1 -1 31.0232 0 2,15 0.002 -1 0 0,14 0.002 1 0 2,12 0.001 0 -1 0.0152 0 12,0 0.002 -1 1 13,0 0.001 0 -1 12,1 0.002 -1 0 12.0444 10 15,12 0.001 -1 0 12,14 0.001 0 1 14,12 0.001 0 -1 21.0573 3 :11,1 11,1 :f,0,0 f,1,12 f,13,3 f,15,15 
211:0,2 0.001 -1 1 1,0 0.002 1 0 2,0 0.002 0 -1 31.0232 0 2,15 0.002 -1 1 0,14 0.002 1 -1 2,12 0.001 -1 -1 0.0152 0 12,0 0.002 -1 1 13,0 0.001 0 -1 12,1 0.002 -1 0 12.0444 2 15,12 0.001 -1 0 12,14 0.001 1 1 14,12 0.001 0 -1 21.0573 3 :10,2 10,1 11,1 11,1 :f,0,0 f,1,12 f,13,3 f,15,15 
212:0,2 0.001 0 1 1,0 0.002 1 -1 2,0 0.002 -1 -1 31.0232 0 2,15 0.002 0 1 0,14 0.002 0 -1 2,12 0.001 -1 0 0.0152 0 12,0 0.002 0 1 13,0 0.001 0 -1 12,1 0.002 -1 1 12.0444 2 15,12 0.001 -1 0 13,15 0.001 1 1 14,12 0.001 0 -1 21.0583 3 :9,3 9,1 10,2 10,1 :f,0,0 f,1,12 f,13,3 f,15,15 
213:0,2 0.001 1 1 1,0 0.002 0 -1 2,0 0.002 -1 0 31.0232 0 2,15 0.002 1 1 0,14 0.002 -1 -1 2,12 0.001 -1 1 0.0152 0 12,0 0.002 0 1 13,0 0.001 0 -1 12,1 0.002 0 1 12.0444 2 15,12 0.001 -1 0 13,15 0.001 1 1 14,12 0.001 -1 -1 21.0583 3 :8,4 8,1 9,3 9,1 :f,0,0 f,1,12 f,13,3 f,15,15 
214:0,2 0.001 1 0 1,0 0.002 -1 -1 2,0 0.002 -1 1 31.0232 0 2,15 0.002 1 0 0,14 0.002 -1 0 2,12 0.001 0 1 0.0152 0 12,0 0.001 0 1 13,0 0.001 -1 -1 12,1 0.002 1 1 12.0444 2 15,12 0.001 -1 0 13,15 0.001 1 0 14,12 0.001 -1 0 21.0583 3 :7,5 7,1 8,4 8,1 :f,0,0 f,1,12 f,13,3 f,15,15 
215:1,2 0.001 1 0 1,0 0.002 -1 0 2,0 0.002 0 1 31.0242 0 2,15 0.002 1 -1 0,14 0.002 -1 1 2,12 0.001 1 1 0.0152 0 12,0 0.001 -1 1 13,0 0.001 -1 0 12,1 0.002 1 0 12.0444 2 15,12 0.001 -1 0 14,15 0.001 1 0 13,12 0.001 -1 0 21.0603 3 :6,6 6,1 7,5 7,1 :f,0,0 f,1,12 f,13,3 f,15,15 
216:1,2 0.001 1 0 1,0 0.002 -1 1 2,0 0.002 1 1 31.0242 0 2,15 0.002 0 -1 0,14 0.002 0 1 2,12 0.001 1 0 0.0152 0 12,0 0.001 -1 1 13,0 0.001 -1 1 13,1 0.002 1 0 12.0454 2 15,12 0.001 -1 0 14,15 0.001 1 0 13,12 0.002 -1 0 21.0604 14 :5,7 5,1 6,6 6,1 12,12 :f,0,0 f,1,12 f,13,3 f,15,14 
217:2,2 0.001 1 0 1,0 0.002 0 1 2,0 0.002 1 0 31.0252 0 2,15 0.002 -1 -1 0,14 0.002 1 1 3,12 0.001 1 0 0.0162 0 12,0 0.001 -1 1 12,1 0.001 -1 1 13,1 0.001 1 0 12.0464 2 15,12 0.002 -1 0 14,15 0.002 1 0 13,12 0.002 -1 0 21.0604 2 :4,8 4,1 5,7 5,1 11,12 14,12 15,15 12,12 :f,0,0 f,1,12 f,13,3 f,15,14 
218:2,2 0.001 1 0 1,0 0.002 1 1 2,0 0.002 1 -1 31.0252 0 2,15 0.002 -1 0 0,14 0.002 1 0 3,12 0.001 1 0 0.0162 0 12,0 0.001 -1 1 12,1 0.001 -1 1 13,1 0.001 1 -1 12.0464 2 15,12 0.001 -1 0 15,15 0.002 1 0 12,12 0.002 -1 0 21.0624 2 :3,9 3,1 4,8 4,1 10,12 13,12 11,12 :f,0,0 f,1,12 f,13,3 f,15,14 
219:3,2 0.001 1 0 1,0 0.002 1 0 2,0 0.002 0 -1 31.0262 0 2,15 0.002 -1 1 0,14 0.002 1 -1 3,12 0.001 1 -1 0.0162 0 12,0 0.001 -1 1 12,1 0.001 -1 0 14,0 0.001 1 -1 12.0474 2 14,12 0.001 -1 0 15,15 0.002 1 0 12,12 0.002 -1 0 21.0634 2 :2,10 2,1 3,9 3,1 9,12 12,12 10,12 :f,0,0 f,1,12 f,13,3 f,15,14 
220:3,2 0.001 1 0 1,0 0.002 1 -1 2,0 0.002 -1 -1 31.0262 0 2,15 0.002 0 1 0,14 0.002 0 -1 3,12 0.001 0 -1 0.0162 0 12,0 0.001 -1 1 12,1 0.001 -1 0 14,0 0.001 1 -1 12.0474 2 13,12 0.001 -1 0 15,15 0.002 1 0 12,12 0.002 -1 0 21.0644 2 :1,11 1,1 2,10 2,1 8,12 9,12 :f,0,0 f,1,12 f,13,3 f,15,14 
221:3,2 0.001 1 0 1,0 0.002 0 -1 2,0 0.002 -1 0 31.0262 0 2,15 0.002 1 1 0,14 0.002 -1 -1 3,12 0.001 -1 -1 0.0162 0 12,0 0.001 -1 0 12,1 0.001 -1 0 14,0 0.001 1 -1 12.0474 2 13,12 0.001 -1 0 15,15 0.002 1 -1 12,12 0.002 -1 0 21.0644 2 :0,12 0,1 1,11 1,1 7,12 8,12 :f,0,0 f,1,12 f,13,3 f,15,14 
222:3,2 0.001 1 0 1,0 0.002 -1 -1 2,0 0.002 -1 1 31.0262 0 2,15 0.002 1 0 0,14 0.002 -1 0 3,12 0.001 -1 0 0.0162 0 12,0 0.001 -1 0 12,1 0.001 -1 1 14,0 0.001 0 -1 12.0474 2 13,12 0.001 -1 -1 15,15 0.002 0 -1 12,12 0.002 -1 1 21.0644 2 :0,12 0,1 6,12 7,12 :f,0,0 f,1,12 f,13,3 f,15,14 
223:3,2 0.001 1 -1 1,0 0.002 -1 0 2,0 0.002 0 1 31.0262 0 2,15 0.002 1 -1 0,14 0.002 -1 1 3,12 0.001 -1 1 0.0162 0 12,0 0.001 -1 0 12,1 0.001 -1 1 14,0 0.001 -1 -1 12.0474 2 13,12 0.001 -1 -1 15,15 0.002 -1 -1 12,12 0.002 0 1 21.0644 2 :5,12 6,12 :f,0,0 f,1,12 f,13,3 f,15,14 
224:3,2 0.001 0 -1 1,0 0.002 -1 1 2,0 0.002 1 1 31.0262 0 2,15 0.002 0 -1 0,14 0.002 0 1 2,13 0.001 -1 1 0.0172 0 12,0 0.001 -1 0 12,1 0.001 -1 1 14,0 0.001 -1 0 12.0474 2 13,12 0.001 -1 -1 14,14 0.002 -1 -1 12,12 0.002 1 1 21.0654 2 :4,12 5,12 :f,0,0 f,1,12 f,13,3 f,15,14 
225:3,2 0.001 -1 -1 1,0 0.002 0 1 2,0 0.002 1 0 31.0262 0 2,15 0.002 -1 -1 0,14 0.002 1 1 2,13 0.001 -1 1 0.0172 0 12,0 0.001 -1 1 12,1 0.001 -1 1 14,0 0.001 -1 1 12.0474 2 13,12 0.001 0 -1 14,14 0.001 -1 -1 12,12 0.002 1 0 21.0654 2 :3,12 4,12 :f,0,0 f,1,12 f,13,3 f,15,14 
226:3,2 0.001 -1 0 1,0 0.002 1 1 2,0 0.002 1 -1 31.0262 0 2,15 0.002 -1 0 0,14 0.002 1 0 2,13 0.001 -1 0 0.0172 0 12,0 0.001 0 1 12,1 0.001 -1 1 13,1 0.001 -1 1 12.0484 2 13,12 0.001 0 -1 14,14 0.001 0 -1 12,12 0.002 1 0 21.0654 2 :2,12 3,12 :f,0,0 f,1,12 f,13,3 f,15,14 
227:3,2 0.001 -1 1 1,0 0.002 1 0 2,0 0.002 0 -1 31.0262 0 2,15 0.002 -1 1 0,14 0.002 1 -1 1,13 0.001 -1 0 0.0182 0 12,0 0.001 1 1 12,1 0.001 -1 1 13,1 0.001 -1 1 12.0484 2 13,12 0.001 0 -1 14,13 0.001 0 -1 12,12 0.002 1 0 21.0664 2 :1,12 2,12 :f,0,0 f,1,12 f,13,3 f,15,14 
228:2,3 0.001 -1 1 1,0 0.002 1 -1 2,0 0.002 -1 -1 31.0272 0 2,15 0.002 0 1 0,14 0.002 0 -1 1,13 0.001 -1 0 0.0182 0 12,0 0.001 1 0 12,1 0.001 -1 1 13,1 0.001 -1 0 12.0484 2 13,12 0.001 0 -1 14,13 0.001 0 -1 12,12 0.002 1 -1 21.0664 2 :0,12 1,12 :f,0,0 f,1,12 f,13,3 f,15,14 
229:2,3 0.001 -1 1 1,0 0.002 0 -1 2,0 0.002 -1 0 31.0272 0 2,15 0.002 1 1 0,14 0.002 -1 -1 0,13 0.001 -1 0 0.0192 0 13,0 0.001 1 0 12,1 0.001 -1 1 13,1 0.001 -1 0 12.0494 2 13,12 0.001 0 -1 14,12 0.001 0 -1 12,12 0.002 0 -1 21.0674 2 :0,12 :f,0,0 f,1,12 f,13,3 f,15,14 
230:2,3 0.001 -1 1 1,0 0.002 -1 -1 2,0 0.002 -1 1 31.0272 0 2,15 0.002 1 0 0,14 0.002 -1 0 0,13 0.001 -1 0 0.0192 0 14,0 0.001 1 0 12,1 0.001 -1 1 13,1 0.001 -1 0 12.0504 2 13,12 0.001 -1 -1 14,12 0.001 0 -1 12,12 0.002 -1 -1 21.0674 2 ::f,0,0 f,1,12 f,13,3 f,15,14 
231:2,3 0.001 0 1 1,0 0.002 -1 0 2,0 0.002 0 1 31.0272 0 2,15 0.002 1 -1 0,14 0.002 -1 1 0,13 0.001 -1 0 0.0192 0 14,0 0.001 1 -1 12,1 0.001 -1 1 13,1 0.001 -1 -1 12.0504 2 13,12 0.001 -1 -1 14,12 0.001 0 -1 12,12 0.002 -1 0 21.0674 2 ::f,0,0 f,1,12 f,13,3 f,15,14 
232:2,3 0.001 1 1 1,0 0.002 -1 1 2,0 0.002 1 1 31.0272 0 2,15 0.002 0 -1 0,14 0.002 0 1 0,13 0.001 -1 1 0.0192 0 14,0 0.001 0 -1 12,1 0.001 -1 1 12,0 0.001 -1 -1 12.0514 2 13,12 0.001 -1 -1 14,12 0.001 -1 -1 12,12 0.002 -1 1 21.0674 2 ::f,0,0 f,1,12 f,13,3 f,15,14 
233:2,3 0.001 1 0 1,0 0.002 0 1 2,0 0.002 1 0 31.0272 0 2,15 0.002 -1 -1 0,14 0.002 1 1 0,13 0.001 -1 1 0.0192 0 14,0 0.001 -1 -1 12,1 0.001 -1 1 12,0 0.001 -1 -1 12.0514 2 13,12 0.001 -1 0 14,12 0.001 -1 0 12,12 0.002 0 1 21.0674 2 ::f,0,0 f,1,12 f,13,3 f,15,14 
234:2,3 0.001 1 -1 1,0 0.002 1 1 2,0 0.002 1 -1 31.0272 0 2,15 0.002 -1 0 0,14 0.002 1 0 0,13 0.001 -1 1 0.0192 0 14,0 0.001 -1 0 12,1 0.001 -1 1 12,0 0.001 -1 -1 12.0514 2 13,12 0.001 -1 1 14,12 0.001 -1 1 12,12 0.002 1 1 21.0674 2 ::f,0,0 f,1,12 f,13,3 f,15,14 
235:3,2 0.001 1 -1 1,0 0.002 1 0 2,0 0.002 0 -1 31.0282 0 2,15 0.002 -1 1 0,14 0.002 1 -1 0,13 0.001 -1 1 0.0192 0 14,0 0.001 -1 1 12,1 0.001 -1 1 12,0 0.001 -1 0 12.0514 2 12,13 0.001 -1 1 14,12 0.001 0 1 12,12 0.002 1 0 21.0684 2 ::f,0,0 f,1,12 f,13,3 f,15,14 
236:3,2 0.001 1 -1 1,0 0.002 1 -1 2,0 0.002 -1 -1 31.0282 0 2,15 0.002 0 1 0,14 0.002 0 -1 0,13 0.001 0 1 0.0192 0 14,0 0.001 0 1 12,1 0.001 -1 1 12,0 0.001 -1 1 12.0514 2 12,13 0.001 -1 1 14,12 0.001 1 1 13,12 0.002 1 0 21.0694 2 ::f,0,0 f,1,12 f,13,3 f,15,14 
237:3,2 0.001 0 -1 1,0 0.002 0 -1 2,0 0.002 -1 0 31.0282 0 2,15 0.002 1 1 0,14 0.002 -1 -1 0,13 0.001 0 1 0.0192 0 14,0 0.001 1 1 12,1 0.001 -1 1 12,0 0.001 0 1 12.0514 2 12,13 0.001 -1 1 15,13 0.001 1 1 13,12 0.002 1 -1 21.0704 2 ::f,0,0 f,1,12 f,13,3 f,15,14 
238:3,2 0.001 -1 -1 1,0 0.002 -1 -1 2,0 0.002 -1 1 31.0282 0 2,15 0.002 1 0 0,14 0.002 -1 0 0,13 0.001 0 1 0.0192 0 14,0 0.001 1 0 12,1 0.001 -1 0 12,0 0.001 1 1 12.0514 2 12,13 0.001 0 1 15,13 0.001 1 1 13,12 0.002 1 -1 21.0704 2 ::f,0,0 f,1,12 f,13,3 f,15,14 
239:3,2 0.001 -1 0 1,0 0.002 -1 0 2,0 0.002 0 1 31.0282 0 2,15 0.002 1 -1 0,14 0.002 -1 1 0,13 0.001 0 1 0.0192 0 15,0 0.001 1 0 12,1 0.001 -1 0 12,0 0.001 1 0 12.0524 2 12,14 0.001 0 1 15,13 0.001 1 0 13,12 0.002 0 -1 21.0714 2 ::f,0,0 f,1,12 f,13,3 f,15,14 
240:2,2 0.001 -1 0 1,0 0.002 -1 1 2,0 0.002 1 1 31.0292 0 2,15 0.002 0 -1 0,14 0.002 0 1 0,13 0.001 -1 1 0.0192 0 15,0 0.001 1 -1 12,1 0.001 -1 0 12,0 0.001 1 -1 12.0524 2 12,15 0.001 0 1 15,13 0.001 1 -1 13,12 0.002 -1 -1 21.0724 2 ::f,0,0 f,1,12 f,13,3 f,15,14 
241:2,2 0.001 -1 0 1,0 0.002 0 1 2,0 0.002 1 0 31.0292 0 2,15 0.002 -1 -1 0,14 0.002 1 1 0,13 0.001 -1 1 0.0192 0 15,0 0.001 0 -1 12,1 0.001 -1 0 12,0 0.001 1 -1 12.0524 2 12,15 0.001 0 1 15,13 0.001 0 -1 13,12 0.002 -1 0 21.0724 2 ::f,0,0 f,1,12 f,13,3 f,15,14 
242:1,2 0.001 -1 0 1,0 0.002 1 1 2,0 0.002 1 -1 31.0302 0 2,15 0.002 -1 0 0,14 0.002 1 0 0,13 0.001 -1 1 0.0192 0 15,0 0.001 -1 -1 12,1 0.001 -1 0 12,0 0.001 0 -1 12.0524 2 12,15 0.001 0 1 15,13 0.001 -1 -1 13,12 0.002 -1 1 21.0724 2 ::f,0,0 f,1,12 f,13,3 f,15,14 
243:0,2 0.001 -1 0 1,0 0.002 1 0 2,0 0.002 0 -1 31.0312 0 2,15 0.002 -1 1 0,14 0.002 1 -1 0,13 0.001 -1 1 0.0192 0 15,0 0.001 -1 0 12,1 0.001 -1 1 12,0 0.001 -1 -1 12.0524 2 12,15 0.001 1 1 15,13 0.001 -1 0 13,12 0.002 0 1 21.0724 2 ::f,0,0 f,1,12 f,13,3 f,15,14 
244:0,2 0.001 -1 0 1,0 0.002 1 -1 2,0 0.002 -1 -1 31.0312 0 2,15 0.002 0 1 0,14 0.002 0 -1 0,13 0.001 -1 1 0.0192 0 15,0 0.001 -1 1 12,1 0.001 0 1 12,0 0.001 -1 0 12.0524 2 12,15 0.001 1 1 14,13 0.001 -1 0 13,12 0.002 1 1 21.0734 2 ::f,0,0 f,1,12 f,13,3 f,15,14 
245:0,2 0.001 -1 0 1,0 0.002 0 -1 2,0 0.002 -1 0 31.0312 0 2,15 0.002 1 1 0,14 0.002 -1 -1 0,13 0.001 -1 1 0.0192 0 15,0 0.001 0 1 12,1 0.001 1 1 12,0 0.001 -1 1 12.0524 2 12,15 0.001 1 1 13,13 0.001 -1 0 13,12 0.002 1 0 21.0744 2 ::f,0,0 f,1,12 f,13,3 f,15,14 
246:0,2 0.001 -1 0 1,0 0.002 -1 -1 2,0 0.002 -1 1 31.0312 0 2,15 0.002 1 0 0,14 0.002 -1 0 0,13 0.001 -1 1 0.0192 0 15,1 0.001 0 1 13,2 0.001 1 1 12,0 0.001 0 1 12.0544 2 12,15 0.001 1 0 13,13 0.001 -1 0 14,12 0.002 1 0 21.0754 2 ::f,0,0 f,1,12 f,13,3 f,15,14 
247:0,2 0.001 -1 1 1,0 0.002 -1 0 2,0 0.002 0 1 31.0312 0 2,15 0.002 1 -1 0,14 0.002 -1 1 0,13 0.001 -1 1 0.0192 0 15,2 0.001 0 1 14,3 0.001 1 1 12,0 0.001 1 1 12.0564 2 13,15 0.001 1 0 12,13 0.001 -1 0 14,12 0.002 1 -1 21.0774 2 ::f,0,0 f,1,12 f,13,3 f,15,14 
248:0,2 0.001 0 1 1,0 0.002 -1 1 2,0 0.002 1 1 31.0312 0 2,15 0.002 0 -1 0,14 0.002 0 1 0,13 0.001 -1 1 0.0192 0 15,2 0.001 1 1 14,3 0.001 1 1 12,0 0.001 1 0 12.0564 2 13,15 0.001 1 0 12,13 0.001 -1 0 14,12 0.002 0 -1 21.0774 2 ::f,0,0 f,1,12 f,13,3 f,15,14 
249:0,2 0.001 1 1 1,0 0.002 0 1 2,0 0.002 1 0 31.0312 0 2,15 0.002 -1 -1 0,14 0.002 1 1 0,13 0.001 -1 1 0.0192 0 15,2 0.001 1 0 14,3 0.001 1 1 12,0 0.001 1 -1 12.0564 2 13,15 0.001 1 0 12,13 0.001 -1 0 14,12 0.002 -1 -1 21.0774 2 ::f,0,0 f,1,12 f,13,3 f,15,14 
250:1,3 0.001 1 1 1,0 0.002 1 1 2,0 0.002 1 -1 31.0322 0 2,15 0.002 -1 0 0,14 0.002 1 0 0,13 0.001 -1 0 0.0192 0 15,2 0.001 1 -1 14,3 0.001 1 1 12,0 0.001 1 -1 12.0564 2 14,15 0.001 1 0 12,13 0.001 -1 1 14,12 0.002 -1 0 21.0784 2 ::f,0,0 f,1,12 f,13,3 f,15,14 
251:1,3 0.001 1 1 1,0 0.002 1 0 2,0 0.002 0 -1 31.0322 0 2,15 0.002 -1 1 0,14 0.002 1 -1 0,13 0.001 -1 0 0.0192 0 15,2 0.001 0 -1 14,3 0.001 1 1 12,0 0.001 0 -1 12.0564 2 14,15 0.001 1 0 12,13 0.001 0 1 14,12 0.002 -1 1 21.0784 2 ::f,0,0 f,1,12 f,13,3 f,15,14 
252:1,3 0.001 1 1 1,0 0.002 1 -1 2,0 0.002 -1 -1 31.0322 0 2,15 0.002 0 1 0,14 0.002 0 -1 0,13 0.001 -1 0 0.0192 0 15,2 0.001 -1 -1 14,3 0.001 1 1 12,0 0.001 -1 -1 12.0564 2 15,15 0.001 1 0 12,13 0.001 1 1 14,12 0.002 0 1 21.0794 2 ::f,0,0 f,1,12 f,13,3 f,15,14 
253:1,3 0.001 1 1 1,0 0.002 0 -1 2,0 0.002 -1 0 31.0322 0 2,15 0.002 1 1 0,14 0.002 -1 -1 0,13 0.001 -1 0 0.0192 0 15,2 0.001 -1 0 14,3 0.001 1 1 12,0 0.001 -1 0 12.0564 2 15,15 0.001 1 0 12,13 0.001 1 0 14,12 0.002 1 1 21.0794 2 ::f,0,0 f,1,12 f,13,3 f,15,14 
254:1,3 0.001 1 1 1,0 0.002 -1 -1 2,0 0.002 -1 1 31.0322 0 2,15 0.002 1 0 0,14 0.002 -1 0 0,13 0.001 -1 0 0.0192 0 15,2 0.001 -1 1 14,3 0.001 1 1 12,0 0.001 -1 1 12.0564 2 15,15 0.001 1 0 12,13 0.001 1 -1 14,12 0.002 1 0 21.0794 2 ::f,0,0 f,1,12 f,13,3 f,15,14 
255:1,3 0.001 1 1 1,0 0.002 -1 0 2,0 0.002 0 1 31.0322 0 2,15 0.002 1 -1 0,14 0.002 -1 1 0,13 0.001 -1 0 0.0192 0 15,2 0.001 -1 1 14,3 0.001 1 1 12,0 0.001 0 1 12.0564 2 15,15 0.001 1 -1 12,13 0.001 0 -1 14,12 0.002 1 -1 21.0794 2 ::f,0,0 f,1,12 f,13,3 f,15,14 
256:1,3 0.001 1 1 1,0 0.002 -1 1 2,0 0.002 1 1 31.0322 0 2,15 0.002 0 -1 0,14 0.002 0 1 0,13 0.001 -1 1 0.0192 0 15,2 0.001 -1 1 14,3 0.001 1 1 12,0 0.001 1 1 12.0564 2 15,15 0.001 0 -1 12,12 0.001 0 -1 14,12 0.002 1 -1 21.0804 2 ::f,0,0 f,1,12 f,13,3 f,15,14 
257:1,3 0.001 1 1 1,0 0.002 0 1 2,0 0.002 1 0 31.0322 0 2,15 0.002 -1 -1 0,14 0.002 1 1 0,13 0.001 0 1 0.0192 0 15,2 0.001 -1 1 14,3 0.001 1 1 12,0 0.001 1 0 12.0564 2 15,15 0.001 -1 -1 12,12 0.001 0 -1 14,12 0.002 1 -1 21.0804 2 ::f,0,0 f,1,12 f,13,3 f,15,14 
258:1,3 0.001 1 1 1,0 0.002 1 1 2,0 0.002 1 -1 31.0322 0 2,15 0.002 -1 0 0,14 0.002 1 0 0,13 0.001 1 1 0.0192 0 15,2 0.001 -1 1 14,3 0.001 1 1 12,0 0.001 1 -1 12.0564 2 14,14 0.001 -1 -1 12,12 0.001 -1 -1 14,12 0.002 0 -1 21.0814 2 ::f,0,0 f,1,12 f,13,3 f,15,14 
259:1,3 0.001 1 1 1,0 0.002 1 0 2,0 0.002 0 -1 31.0322 0 2,15 0.002 -1 1 0,14 0.002 1 -1 0,13 0.001 1 0 0.0192 0 15,2 0.001 -1 1 14,3 0.001 1 1 12,0 0.001 1 -1 12.0564 2 14,14 0.001 -1 -1 12,12 0.001 -1 0 14,12 0.002 -1 -1 21.0814 2 ::f,0,0 f,1,12 f,13,3 f,15,14 
260:1,3 0.001 1 1 1,0 0.002 1 -1 2,0 0.002 -1 -1 31.0322 0 2,15 0.002 0 1 0,14 0.002 0 -1 0,13 0.001 1 -1 0.0192 0 15,2 0.001 -1 1 14,3 0.001 1 1 12,0 0.001 1 -1 12.0564 2 13,13 0.001 -1 -1 12,12 0.001 -1 1 14,12 0.002 -1 0 21.0824 2 ::f,0,0 f,1,12 f,13,3 f,15,14 
261:1,3 0.001 1 1 1,0 0.002 0 -1 2,0 0.002 -1 0 31.0322 0 2,15 0.002 1 1 0,14 0.002 -1 -1 0,13 0.001 0 -1 0.0192 0 15,2 0.001 -1 1 14,3 0.001 0 1 12,0 0.001 0 -1 12.0564 2 13,13 0.001 -1 -1 12,12 0.001 0 1 14,12 0.002 -1 1 21.0824 2 ::f,0,0 f,1,12 f,13,3 f,15,14 
262:1,3 0.001 1 1 1,0 0.002 -1 -1 2,0 0.002 -1 1 31.0322 0 2,15 0.002 1 0 0,14 0.002 -1 0 0,13 0.001 -1 -1 0.0192 0 15,2 0.001 -1 1 14,3 0.001 0 1 12,0 0.001 -1 -1 12.0564 2 13,13 0.001 -1 -1 12,12 0.001 1 1 14,12 0.002 0 1 21.0824 2 ::f,0,0 f,1,12 f,13,3 f,15,14 
263:1,3 0.001 1 1 1,0 0.002 -1 0 2,0 0.002 0 1 31.0322 0 2,15 0.002 1 -1 0,14 0.002 -1 1 0,13 0.001 -1 0 0.0192 0 15,2 0.001 -1 1 14,3 0.001 0 1 12,0 0.001 -1 0 12.0564 2 13,13 0.001 -1 -1 12,12 0.001 1 0 14,12 0.002 1 1 21.0824 2 ::f,0,0 f,1,12 f,13,3 f,15,14 
264:1,3 0.001 1 1 1,0 0.002 -1 1 2,0 0.002 1 1 31.0322 0 2,15 0.002 0 -1 0,14 0.002 0 1 0,13 0.001 -1 1 0.0192 0 15,2 0.001 -1 1 14,3 0.001 0 1 12,0 0.001 -1 1 12.0564 2 13,13 0.001 -1 -1 12,12 0.001 1 -1 14,12 0.002 1 0 21.0824 2 ::f,0,0 f,1,12 f,13,3 f,15,14 
265:1,3 0.001 1 1 1,0 0.002 0 1 2,0 0.002 1 0 31.0322 0 2,15 0.002 -1 -1 0,14 0.002 1 1 0,13 0.001 0 1 0.0192 0 15,2 0.001 -1 1 14,3 0.001 0 1 12,0 0.001 0 1 12.0564 2 13,13 0.001 -1 -1 12,12 0.001 1 -1 14,12 0.002 1 -1 21.0824 2 ::f,0,0 f,1,12 f,13,3 f,15,14 
266:1,3 0.001 1 1 1,0 0.002 1 1 2,0 0.002 1 -1 31.0322 0 2,15 0.002 -1 0 0,14 0.002 1 0 0,13 0.001 1 1 0.0192 0 15,2 0.001 -1 1 14,3 0.001 1 1 12,0 0.001 1 1 12.0564 2 13,13 0.001 -1 -1 12,12 0.001 0 -1 14,12 0.002 0 -1 21.0824 2 ::f,0,0 f,1,12 f,13,3 f,15,14 
267:1,3 0.001 1 1 1,0 0.002 1 0 2,0 0.002 0 -1 31.0322 0 2,15 0.002 -1 1 0,14 0.002 1 -1 1,14 0.001 1 1 0.0202 0 15,2 0.001 -1 0 14,3 0.001 1 0 12,0 0.001 1 0 12.0564 2 13,13 0.001 -1 -1 12,12 0.001 -1 -1 14,12 0.002 -1 -1 21.0824 2 ::f,0,0 f,1,12 f,13,3 f,15,14 
268:1,3 0.001 1 1 1,0 0.002 1 -1 2,0 0.002 -1 -1 31.0322 0 2,15 0.002 0 1 0,14 0.002 0 -1 1,14 0.001 1 1 0.0202 0 14,2 0.001 -1 0 14,3 0.001 1 -1 12,0 0.001 1 -1 12.0574 2 13,13 0.001 -1 -1 12,12 0.001 -1 0 14,12 0.002 -1 0 21.0824 2 ::f,0,0 f,1,12 f,13,3 f,15,14 
269:1,3 0.001 1 1 1,0 0.002 0 -1 2,0 0.002 -1 0 31.0322 0 2,15 0.002 1 1 0,14 0.002 -1 -1 1,14 0.001 1 1 0.0202 0 13,2 0.001 -1 0 14,3 0.001 0 -1 12,0 0.001 1 -1 12.0584 2 13,13 0.001 0 -1 12,12 0.001 -1 1 14,12 0.002 -1 1 21.0824 2 ::f,0,0 f,1,12 f,13,3 f,15,14 
270:1,3 0.001 1 1 1,0 0.002 -1 -1 2,0 0.002 -1 1 31.0322 0 2,15 0.002 1 0 0,14 0.002 -1 0 1,14 0.001 1 0 0.0202 0 13,2 0.001 -1 0 14,2 0.001 0 -1 12,0 0.001 0 -1 12.0594 2 13,12 0.001 0 -1 12,12 0.001 0 1 14,12 0.002 0 1 21.0834 2 ::f,0,0 f,1,12 f,13,3 f,15,14 
271:1,3 0.001 1 1 1,0 0.002 -1 0 2,0 0.002 0 1 31.0322 0 2,15 0.002 1 -1 0,14 0.002 -1 1 2,14 0.001 1 0 0.0212 0 13,2 0.001 -1 0 14,2 0.001 0 -1 12,0 0.001 0 -1 12.0594 2 13,12 0.001 0 -1 12,12 0.001 1 1 14,12 0.002 1 1 21.0834 2 ::f,0,0 f,1,12 f,13,3 f,15,14 
272:1,3 0.001 1 1 1,0 0.002 -1 1 2,0 0.002 1 1 31.0322 0 2,15 0.002 0 -1 0,14 0.002 0 1 3,14 0.001 1 0 0.0222 0 12,2 0.001 -1 0 14,2 0.001 1 -1 12,0 0.001 -1 -1 12.0604 2 13,12 0.001 0 -1 12,12 0.001 1 0 14,12 0.002 1 0 21.0834 2 ::f,0,0 f,1,12 f,13,3 f,15,14 
273:1,3 0.001 1 1 1,0 0.002 0 1 2,0 0.002 1 0 31.0322 0 2,15 0.002 -1 -1 0,14 0.002 1 1 3,14 0.001 1 0 0.0222 0 12,2 0.001 -1 0 15,1 0.001 1 -1 12,0 0.001 -1 0 12.0614 2 13,12 0.001 0 -1 12,12 0.001 1 0 14,12 0.002 1 -1 21.0834 2 ::f,0,0 f,1,12 f,13,3 f,15,14 
274:1,3 0.001 1 1 1,0 0.002 1 1 2,0 0.002 1 -1 31.0322 0 2,15 0.002 -1 0 0,14 0.002 1 0 3,14 0.001 1 0 0.0222 0 12,2 0.001 -1 0 15,1 0.001 1 -1 12,0 0.001 -1 1 12.0614 2 13,12 0.001 0 -1 12,12 0.001 1 -1 14,12 0.002 1 -1 21.0834 2 ::f,0,0 f,1,12 f,13,3 f,15,14 
275:1,3 0.001 0 1 1,0 0.002 1 0 2,0 0.002 0 -1 31.0322 0 2,15 0.002 -1 1 0,14 0.002 1 -1 3,14 0.001 1 0 0.0222 0 12,2 0.001 -1 0 15,1 0.001 1 -1 12,0 0.001 0 1 12.0614 2 13,12 0.001 0 -1 12,12 0.001 0 -1 14,12 0.002 0 -1 21.0834 2 ::f,0,0 f,1,12 f,13,3 f,15,14 
276:1,3 0.001 0 1 1,0 0.002 1 -1 2,0 0.002 -1 -1 31.0322 0 2,15 0.002 0 1 0,14 0.002 0 -1 3,14 0.001 1 -1 0.0222 0 12,2 0.001 -1 0 15,1 0.001 1 0 12,0 0.001 1 1 12.0614 2 13,12 0.001 0 -1 12,12 0.001 -1 -1 14,12 0.002 -1 -1 21.0834 2 ::f,0,0 f,1,12 f,13,3 f,15,14 
277:1,3 0.001 0 1 1,0 0.002 0 -1 2,0 0.002 -1 0 31.0322 0 2,15 0.002 1 1 0,14 0.002 -1 -1 3,14 0.001 0 -1 0.0222 0 12,2 0.001 -1 1 15,1 0.001 1 0 12,0 0.001 1 0 12.0614 2 13,12 0.001 0 -1 12,12 0.001 -1 0 14,12 0.002 -1 0 21.0834 2 ::f,0,0 f,1,12 f,13,3 f,15,14 
278:1,3 0.001 0 1 1,0 0.002 -1 -1 2,0 0.002 -1 1 31.0322 0 2,15 0.002 1 0 0,14 0.002 -1 0 3,14 0.001 -1 -1 0.0222 0 12,2 0.001 0 1 15,1 0.001 1 0 13,0 0.001 1 0 12.0624 2 13,12 0.001 -1 -1 12,12 0.001 -1 1 14,12 0.002 -1 1 21.0834 2 ::f,0,0 f,1,12 f,13,3 f,15,14 
279:1,3 0.001 1 1 1,0 0.002 -1 0 2,0 0.002 0 1 31.0322 0 2,15 0.002 1 -1 0,14 0.002 -1 1 3,14 0.001 -1 0 0.0222 0 12,2 0.001 1 1 15,1 0.001 1 0 13,0 0.001 1 -1 12.0624 2 13,12 0.001 -1 0 12,12 0.001 0 1 14,12 0.002 0 1 21.0834 2 ::f,0,0 f,1,12 f,13,3 f,15,14 
280:1,3 0.001 1 0 1,0 0.002 -1 1 2,0 0.002 1 1 31.0322 0 2,15 0.002 0 -1 0,14 0.002 0 1 2,14 0.001 -1 0 0.0232 0 12,2 0.001 1 0 15,1 0.001 1 -1 13,0 0.001 0 -1 12.0624 2 13,12 0.001 -1 1 12,12 0.001 1 1 14,12 0.002 1 1 21.0834 2 ::f,0,0 f,1,12 f,13,3 f,15,14 
281:1,3 0.001 1 -1 1,0 0.002 0 1 2,0 0.002 1 0 31.0322 0 2,15 0.002 -1 -1 0,14 0.002 1 1 2,14 0.001 -1 0 0.0232 0 12,2 0.001 1 -1 15,1 0.001 0 -1 13,0 0.001 -1 -1 12.0624 2 13,12 0.001 0 1 12,12 0.001 1 0 14,12 0.002 1 0 21.0834 2 ::f,0,0 f,1,12 f,13,3 f,15,14 
282:2,2 0.001 1 -1 1,0 0.002 1 1 2,0 0.002 1 -1 31.0332 0 2,15 0.002 -1 0 0,14 0.002 1 0 2,14 0.001 -1 1 0.0232 0 12,2 0.001 0 -1 15,1 0.001 -1 -1 13,0 0.001 -1 0 12.0624 2 13,12 0.001 1 1 12,12 0.001 1 0 14,12 0.002 1 -1 21.0834 2 ::f,0,0 f,1,12 f,13,3 f,15,14 
283:2,2 0.001 1 -1 1,0 0.002 1 0 2,0 0.002 0 -1 31.0332 0 2,15 0.002 -1 1 0,14 0.002 1 -1 2,14 0.001 0 1 0.0232 0 12,2 0.001 -1 -1 15,1 0.001 -1 0 13,0 0.001 -1 1 12.0624 2 13,12 0.001 1 0 12,12 0.001 1 -1 14,12 0.002 1 -1 21.0834 2 ::f,0,0 f,1,12 f,13,3 f,15,14 
284:3,1 0.001 1 -1 1,0 0.002 1 -1 2,0 0.002 -1 -1 31.0342 0 2,15 0.002 0 1 0,14 0.002 0 -1 2,14 0.001 1 1 0.0232 0 12,2 0.001 -1 0 14,1 0.001 -1 0 12,1 0.001 -1 1 12.0644 2 13,12 0.001 1 -1 12,12 0.001 0 -1 14,12 0.002 0 -1 21.0834 2 ::f,0,0 f,1,12 f,13,3 f,15,14 
285:3,1 0.001 1 -1 1,0 0.002 0 -1 2,0 0.002 -1 0 31.0342 0 2,15 0.002 1 1 0,14 0.002 -1 -1 3,15 0.001 1 1 0.0242 0 12,2 0.001 -1 1 14,1 0.001 -1 0 12,1 0.001 -1 1 12.0644 2 13,12 0.001 0 -1 12,12 0.001 -1 -1 14,12 0.002 -1 -1 21.0834 2 ::f,0,0 f,1,12 f,13,3 f,15,14 
286:3,1 0.001 1 0 1,0 0.002 -1 -1 2,0 0.002 -1 1 31.0342 0 2,15 0.002 1 0 0,14 0.002 -1 0 3,15 0.001 1 1 0.0242 0 12,2 0.001 -1 1 14,1 0.001 -1 1 12,1 0.001 -1 1 12.0644 2 13,12 0.001 0 -1 12,12 0.001 -1 0 14,12 0.002 -1 0 21.0834 2 ::f,0,0 f,1,12 f,13,3 f,15,14 
287:3,1 0.001 1 0 1,0 0.002 -1 0 2,0 0.002 0 1 31.0342 0 2,15 0.002 1 -1 0,14 0.002 -1 1 3,15 0.001 1 0 0.0242 0 12,2 0.001 -1 1 13,2 0.001 -1 1 12,1 0.001 -1 1 12.0654 2 13,12 0.001 -1 -1 12,12 0.001 -1 1 14,12 0.002 -1 0 21.0834 2 ::f,0,0 f,1,12 f,13,3 f,15,14 
288:3,1 0.001 1 0 1,0 0.002 -1 1 2,0 0.002 1 1 31.0342 0 2,15 0.002 0 -1 0,14 0.002 0 1 3,15 0.001 1 0 0.0242 0 12,2 0.001 -1 1 12,3 0.001 -1 1 12,1 0.001 -1 1 12.0664 2 13,12 0.001 -1 0 12,12 0.001 0 1 14,12 0.001 -1 0 21.0834 2 ::f,0,0 f,1,12 f,13,3 f,15,14 
289:3,1 0.001 1 -1 1,0 0.002 0 1 2,0 0.002 1 0 31.0342 0 2,15 0.002 -1 -1 0,14 0.002 1 1 3,15 0.001 1 -1 0.0242 0 12,2 0.001 -1 1 12,3 0.001 -1 1 12,1 0.001 -1 1 12.0664 2 13,12 0.001 -1 1 12,12 0.001 1 1 14,12 0.001 -1 0 21.0834 2 ::f,0,0 f,1,12 f,13,3 f,15,14 
290:3,1 0.001 0 -1 1,0 0.002 1 1 2,0 0.002 1 -1 31.0342 0 2,15 0.002 -1 0 0,14 0.002 1 0 3,15 0.001 0 -1 0.0242 0 12,2 0.001 -1 1 12,3 0.001 -1 1 12,1 0.001 -1 0 12.0664 2 13,12 0.001 0 1 12,12 0.001 1 0 14,12 0.001 -1 0 21.0834 2 ::f,0,0 f,1,12 f,13,3 f,15,14 
291:3,1 0.001 -1 -1 1,0 0.002 1 0 2,0 0.002 0 -1 31.0342 0 2,15 0.002 -1 1 0,14 0.002 1 -1 3,14 0.001 0 -1 0.0252 0 12,2 0.001 -1 1 12,3 0.001 -1 1 12,1 0.001 -1 0 12.0664 2 13,12 0.001 1 1 12,12 0.001 1 0 14,12 0.001 -1 0 21.0834 2 ::f,0,0 f,1,12 f,13,3 f,15,14 
292:3,1 0.001 -1 -1 1,0 0.002 1 -1 2,0 0.002 -1 -1 31.0342 0 2,15 0.002 0 1 0,14 0.002 0 -1 3,14 0.001 0 -1 0.0252 0 12,2 0.001 -1 1 12,3 0.001 0 1 12,1 0.001 -1 0 12.0664 2 13,12 0.001 1 0 12,12 0.001 1 -1 14,12 0.001 -1 0 21.0834 2 ::f,0,0 f,1,12 f,13,3 f,15,14 
293:3,1 0.001 -1 -1 1,0 0.002 0 -1 2,0 0.002 -1 0 31.0342 0 2,15 0.002 1 1 0,14 0.002 -1 -1 3,14 0.001 0 -1 0.0252 0 12,2 0.001 -1 1 12,3 0.001 1 1 12,1 0.001 -1 0 12.0664 2 13,12 0.001 1 -1 12,12 0.001 0 -1 14,12 0.001 -1 0 21.0834 2 ::f,0,0 f,1,12 f,13,3 f,15,14 
294:3,1 0.001 -1 -1 1,0 0.002 -1 -1 2,0 0.002 -1 1 31.0342 0 2,15 0.002 1 0 0,14 0.002 -1 0 3,13 0.001 0 -1 0.0262 0 12,2 0.001 -1 1 12,3 0.001 1 0 12,1 0.001 -1 0 12.0664 2 13,12 0.001 0 -1 12,12 0.001 -1 -1 14,12 0.001 -1 0 21.0834 2 ::f,0,0 f,1,12 f,13,3 f,15,14 
295:3,1 0.001 -1 -1 1,0 0.002 -1 0 2,0 0.002 0 1 31.0342 0 2,15 0.002 1 -1 0,14 0.002 -1 1 3,12 0.001 0 -1 0.0272 0 12,2 0.001 -1 0 12,3 0.001 1 -1 12,1 0.001 -1 1 12.0664 2 13,12 0.001 -1 -1 12,12 0.001 -1 0 14,12 0.001 -1 0 21.0834 2 ::f,0,0 f,1,12 f,13,3 f,15,14 
296:3,1 0.001 0 -1 1,0 0.002 -1 1 2,0 0.002 1 1 31.0342 0 2,15 0.002 0 -1 0,14 0.002 0 1 3,12 0.001 1 -1 0.0272 0 12,2 0.001 -1 0 12,3 0.001 0 -1 12,1 0.001 -1 1 12.0664 2 13,12 0.001 -1 0 12,12 0.001 -1 1 14,12 0.001 -1 0 21.0834 2 ::f,0,0 f,1,12 f,13,3 f,15,14 
297:3,0 0.001 0 -1 1,0 0.002 0 1 2,0 0.002 1 0 31.0352 0 2,15 0.002 -1 -1 0,14 0.002 1 1 3,12 0.001 1 -1 0.0272 0 12,2 0.001 -1 0 12,3 0.001 0 -1 12,1 0.001 -1 1 12.0664 2 13,12 0.001 -1 1 12,12 0.001 0 1 14,12 0.001 -1 0 21.0834 2 ::f,0,0 f,1,12 f,13,3 f,15,14 
298:3,0 0.001 0 -1 1,0 0.002 1 1 2,0 0.002 1 -1 31.0352 0 2,15 0.002 -1 0 0,14 0.002 1 0 3,12 0.001 1 -1 0.0272 0 12,2 0.001 -1 0 12,3 0.001 -1 -1 12,1 0.001 0 1 12.0664 2 12,13 0.001 -1 1 12,12 0.001 1 1 14,12 0.001 -1 0 21.0844 2 ::f,0,0 f,1,12 f,13,3 f,15,14 
299:3,0 0.001 0 -1 1,0 0.002 1 0 2,0 0.002 0 -1 31.0352 0 2,15 0.002 -1 1 0,14 0.002 1 -1 3,12 0.001 0 -1 0.0272 0 12,2 0.001 -1 1 12,3 0.001 -1 0 12,1 0.001 0 1 12.0664 2 12,13 0.001 -1 1 12,12 0.001 1 0 14,12 0.001 -1 0 21.0844 2 ::f,0,0 f,1,12 f,13,3 f,15,14 
