16
0:3,1 0.002 -1 0 1,2 0.002 -1 0 2,3 0.002 0 1 0 38 0,12 0.002 1 0 2,15 0.002 -1 1 1,13 0.002 -1 1 0 46 13,1 0.001 -1 -1 14,0 0.003 -1 -1 14,2 0.002 -1 0 0 46 15,12 0.002 1 1 14,15 0.002 0 1 15,15 0.002 1 1 0 50 :2,1 0,2 2,4 1,12 13,2 :f,0,15 f,3,3 f,12,3 f,13,14 
1:3,1 0.002 -1 0 1,2 0.002 -1 0 2,3 0.002 0 1 0 26 0,12 0.002 1 0 2,15 0.002 -1 1 1,13 0.002 0 1 0 42 13,1 0.001 -1 0 14,0 0.003 -1 0 14,2 0.002 -1 0 0 42 15,12 0.002 1 1 14,15 0.002 0 1 15,15 0.002 1 1 0 50 :1,1 2,5 2,12 12,2 2,1 0,2 2,4 1,12 13,2 :f,0,15 f,3,3 f,12,3 f,13,14 
2:3,1 0.002 -1 0 1,2 0.002 -1 0 2,3 0.002 0 1 0 14 0,12 0.002 1 0 2,15 0.002 -1 1 1,13 0.002 1 1 0 38 13,1 0.002 -1 0 14,0 0.003 -1 1 14,2 0.002 -1 0 0 34 15,12 0.002 1 1 14,15 0.002 0 1 15,15 0.002 1 1 0 50 :0,1 2,6 3,12 11,2 1,1 2,5 2,12 12,2 2,1 0,2 2,4 1,12 12,1 13,2 :f,0,15 f,3,3 f,12,3 f,13,14 
3:3,1 0.002 -1 0 1,2 0.002 -1 0 2,3 0.002 0 1 0 2 0,12 0.002 1 0 2,15 0.002 -1 1 1,13 0.002 1 0 0 34 13,1 0.002 -1 0 14,0 0.003 0 1 14,2 0.002 -1 0 0 26 15,12 0.002 1 1 14,15 0.002 0 1 15,15 0.002 1 1 0 50 :2,7 4,12 10,2 0,1 2,6 3,12 11,2 1,1 2,5 2,12 11,1 12,2 2,1 0,2 2,4 1,12 12,1 13,2 :f,0,15 f,3,3 f,12,3 f,13,14 
4:3,1 0.002 -1 1 1,2 0.002 -1 1 2,3 0.001 0 1 0 2 0,12 0.002 1 0 2,15 0.002 -1 1 1,13 0.002 1 -1 0 30 13,1 0.002 -1 0 14,0 0.003 1 1 14,2 0.002 -1 0 0 18 15,12 0.002 1 1 14,15 0.002 0 1 15,15 0.002 1 1 0 50 :2,8 5,12 9,2 2,7 4,12 10,2 0,1 2,6 3,12 10,1 11,2 1,1 2,5 2,12 11,1 12,2 1,12 12,1 13,2 :f,0,15 f,3,3 f,12,3 f,13,14 
5:3,1 0.002 0 1 1,2 0.002 0 1 2,3 0.001 1 1 0 2 0,12 0.002 1 0 2,15 0.002 -1 1 1,13 0.002 1 -1 0 22 13,1 0.002 -1 0 15,1 0.003 1 1 14,2 0.002 -1 0 0.001 10 15,12 0.002 1 1 14,15 0.002 0 1 15,15 0.002 1 1 0 50 :2,9 6,12 8,2 2,8 5,12 9,2 2,7 4,12 9,1 10,2 0,1 2,6 3,12 10,1 11,2 2,12 11,1 12,2 1,12 2,12 12,1 13,2 :f,0,15 f,3,3 f,12,3 f,13,14 
6:3,1 0.002 1 1 1,2 0.002 1 1 2,3 0.001 1 1 0 2 0,12 0.002 1 0 2,15 0.002 -1 1 1,13 0.002 1 -1 0 14 13,1 0.002 -1 0 15,1 0.003 1 0 14,2 0.002 -1 0 0.001 2 15,12 0.002 1 1 14,15 0.002 0 1 15,15 0.002 1 1 0 50 :2,10 7,12 7,2 2,9 6,12 8,2 2,8 5,12 8,1 9,2 2,7 4,12 9,1 10,2 3,12 10,1 11,2 2,12 3,11 11,1 12,2 1,12 2,12 12,1 13,2 :f,0,15 f,3,3 f,12,3 f,13,14 
7:3,1 0.002 1 0 1,2 0.002 1 0 2,3 0.001 1 1 0 2 0,12 0.002 1 0 2,15 0.002 -1 1 2,12 0.002 1 -1 0.001 10 13,1 0.002 -1 1 15,1 0.003 1 0 14,2 0.002 -1 1 0.001 2 15,12 0.002 1 1 14,15 0.002 0 1 15,15 0.002 1 1 0 50 :2,11 8,12 6,2 2,10 7,12 7,2 2,9 6,12 7,1 8,2 2,8 5,12 8,1 9,2 4,12 9,1 10,2 3,12 4,10 10,1 11,2 2,12 3,11 11,1 12,2 1,12 :f,0,15 f,3,3 f,12,3 f,13,14 
8:3,1 0.002 1 -1 1,2 0.002 1 -1 2,3 0.001 1 0 0 2 0,12 0.002 1 0 2,15 0.002 -1 1 2,12 0.001 1 -1 0.001 6 13,1 0.002 0 1 15,1 0.003 1 -1 14,2 0.002 0 1 0.001 2 15,12 0.002 1 1 14,15 0.002 0 1 15,15 0.002 1 1 0 50 :2,12 9,12 5,2 2,11 8,12 6,2 2,10 7,12 6,1 7,2 2,9 6,12 7,1 8,2 5,12 8,1 9,2 4,12 5,9 9,1 10,2 4,10 10,1 11,2 2,12 1,12 :f,0,15 f,3,3 f,12,3 f,13,14 
9:3,1 0.002 1 -1 1,2 0.002 0 -1 2,3 0.001 1 0 3 2 0,12 0.002 1 0 2,15 0.002 -1 1 2,12 0.001 0 -1 0.001 2 13,1 0.002 1 1 15,1 0.003 0 -1 14,3 0.002 0 1 0.002 2 15,12 0.002 1 1 14,15 0.002 0 1 15,15 0.002 1 1 0 50 :10,12 4,2 2,12 9,12 5,2 2,11 8,12 5,1 6,2 2,10 7,12 6,1 7,2 6,12 7,1 8,2 5,12 6,8 8,1 9,2 5,9 9,1 10,2 2,12 1,12 :f,0,15 f,3,3 f,12,3 f,13,14 
10:3,1 0.001 1 -1 1,2 0.002 -1 -1 2,3 0.001 1 0 6.0001 17 0,12 0.002 1 -1 2,15 0.001 -1 1 2,12 0.001 0 -1 0.001 2 13,1 0.002 1 0 15,1 0.003 -1 -1 14,3 0.001 0 1 0.002 2 15,12 0.002 1 1 14,15 0.002 0 1 15,15 0.002 1 1 0 50 :11,12 3,2 10,12 4,2 2,12 9,12 4,1 5,2 2,11 8,12 5,1 6,2 7,12 6,1 7,2 6,12 7,7 7,1 8,2 6,8 8,1 9,2 2,12 :f,0,15 f,3,0 f,12,3 f,13,14 
11:3,1 0.001 1 0 0,1 0.002 -1 -1 2,3 0.002 1 0 9.0011 13 0,12 0.002 0 -1 2,15 0.001 -1 1 2,12 0.001 -1 -1 0.001 2 14,1 0.002 1 0 15,1 0.003 -1 0 14,3 0.001 1 1 0.003 2 15,12 0.002 1 1 14,15 0.002 0 1 15,15 0.002 1 1 0 50 :12,12 2,2 11,12 3,2 10,12 3,1 4,2 2,12 9,12 4,1 5,2 8,12 5,1 6,2 7,12 8,6 6,1 7,2 7,7 7,1 8,2 3,3 :f,0,15 f,3,0 f,12,3 f,13,14 
12:3,1 0.002 1 0 0,1 0.001 -1 -1 2,3 0.002 1 0 12.0011 5 0,12 0.002 -1 -1 2,15 0.001 -1 1 2,12 0.001 -1 0 0.001 2 14,1 0.001 1 0 15,1 0.003 -1 0 14,3 0.001 1 0 3.003 2 15,12 0.002 1 1 14,15 0.002 0 1 15,15 0.002 1 1 0 50 :13,12 1,2 12,12 2,2 11,12 3,2 10,12 3,1 4,2 9,12 4,1 5,2 8,12 9,5 5,1 6,2 8,6 6,1 7,2 4,3 4,1 3,3 :f,0,15 f,3,0 f,12,3 f,13,14 
13:3,1 0.002 1 0 0,1 0.001 -1 0 2,3 0.002 1 1 12.0011 1 0,12 0.002 -1 0 2,15 0.001 -1 0 2,12 0.001 -1 1 0.001 2 14,1 0.001 1 -1 15,1 0.001 -1 0 15,3 0.001 1 0 6.004 2 15,12 0.002 1 1 14,15 0.002 0 1 15,15 0.002 1 1 0 50 :14,12 0,2 13,12 1,2 12,12 2,2 11,12 3,2 10,12 3,1 4,2 9,12 10,4 4,1 5,2 9,5 5,1 6,2 5,3 5,1 4,3 4,1 :f,0,15 f,3,0 f,12,3 f,13,14 
14:3,1 0.002 1 1 0,1 0.001 -1 0 2,3 0.002 1 1 12.0011 1 0,12 0.002 -1 1 1,15 0.001 -1 0 1,13 0.001 -1 1 0.003 2 15,0 0.001 1 -1 14,1 0.001 -1 0 15,3 0.001 1 0 9.006 2 15,12 0.002 1 1 14,15 0.002 0 1 15,15 0.002 1 1 0 50 :15,12 14,12 0,2 13,12 1,2 12,12 2,2 11,12 3,2 10,12 11,3 3,1 4,2 10,4 4,1 5,2 6,3 6,1 5,3 5,1 :f,0,15 f,3,0 f,12,3 f,13,14 
15:3,1 0.002 1 1 0,1 0.001 -1 0 2,3 0.002 1 1 12.0011 1 0,12 0.002 0 1 1,15 0.001 -1 0 0,14 0.001 -1 1 3.0041 17 15,0 0.001 1 -1 13,1 0.001 -1 0 15,3 0.001 1 0 12.007 2 15,12 0.002 1 1 14,15 0.002 0 1 15,15 0.002 1 1 0 50 :15,12 14,12 0,2 13,12 1,2 12,12 2,2 11,12 12,2 3,2 11,3 3,1 4,2 7,3 7,1 6,3 6,1 :f,1,14 f,3,0 f,12,3 f,13,14 
16:3,1 0.001 1 1 0,1 0.001 -1 0 2,3 0.001 1 1 12.0011 1 0,12 0.002 0 1 1,15 0.002 -1 0 0,14 0.001 -1 1 6.0041 9 15,0 0.001 1 -1 13,1 0.001 -1 0 15,3 0.001 1 0 15.007 2 15,12 0.002 1 1 14,15 0.002 0 1 15,15 0.002 1 1 0 50 :15,12 14,12 0,2 13,12 1,2 12,12 13,1 2,2 12,2 3,2 8,3 8,1 7,3 7,1 0,13 0,15 :f,1,14 f,3,0 f,12,3 f,13,14 
17:3,1 0.001 0 1 0,1 0.001 -1 0 2,3 0.001 1 1 12.0011 1 0,12 0.002 0 1 1,15 0.002 -1 0 0,14 0.001 0 1 12.0041 1 15,0 0.001 1 -1 13,1 0.001 -1 1 15,3 0.001 1 1 15.007 2 15,12 0.002 1 1 14,15 0.002 0 1 15,15 0.002 1 1 0 50 :15,12 14,12 0,2 13,12 1,2 13,1 2,2 9,3 9,1 8,3 8,1 0,14 0,13 0,15 :f,1,14 f,3,0 f,12,3 f,13,14 
18:3,2 0.001 0 1 0,1 0.001 -1 0 2,3 0.001 1 1 12.0021 1 0,12 0.001 0 1 1,15 0.001 -1 0 0,14 0.001 1 1 18.0041 1 15,0 0.001 1 -1 12,2 0.001 -1 1 15,3 0.001 1 1 15.008 2 15,12 0.002 1 1 14,15 0.002 0 1 15,15 0.002 1 1 0 50 :15,12 14,12 0,2 1,2 10,3 10,1 9,3 9,1 0,14 :f,1,14 f,3,0 f,12,3 f,13,14 
19:3,2 0.001 0 1 0,1 0.001 -1 0 2,3 0.001 1 1 12.0021 1 0,13 0.001 0 1 0,15 0.001 -1 0 0,14 0.001 1 0 21.0061 1 15,0 0.001 1 -1 12,2 0.001 -1 1 15,3 0.001 1 1 15.008 2 15,12 0.002 1 1 14,15 0.002 0 1 15,15 0.002 1 1 0 50 :15,12 0,2 11,3 11,1 10,3 10,1 :f,1,14 f,3,0 f,12,3 f,13,14 
20:3,3 0.001 0 1 0,1 0.001 -1 0 2,3 0.001 0 1 12.0031 1 0,13 0.001 0 1 0,15 0.001 -1 0 0,14 0.001 1 0 24.0061 1 15,0 0.001 1 -1 12,2 0.001 -1 0 15,3 0.001 0 1 15.008 2 15,12 0.002 1 1 14,15 0.002 0 1 15,15 0.002 1 1 0 50 :12,3 12,1 11,3 11,1 :f,1,14 f,3,0 f,12,3 f,13,14 
21:3,3 0.001 0 1 0,1 0.001 -1 0 2,3 0.001 0 1 12.0031 1 0,13 0.001 0 1 0,15 0.001 -1 -1 0,14 0.001 1 0 24.0062 16 15,0 0.001 1 -1 12,2 0.001 -1 0 15,3 0.001 0 1 15.008 2 15,12 0.002 1 1 14,15 0.002 0 1 15,15 0.002 1 1 0 50 :13,3 13,1 12,3 12,1 :f,3,0 f,3,15 f,12,3 f,13,14 
22:3,3 0.001 0 1 0,1 0.001 -1 0 2,3 0.001 0 1 12.0031 1 0,13 0.002 0 1 0,15 0.001 -1 -1 0,14 0.001 1 1 24.0062 12 15,0 0.001 1 -1 12,2 0.001 -1 1 15,3 0.001 0 1 15.008 2 15,12 0.002 1 1 14,15 0.002 0 1 15,15 0.002 1 1 0 50 :14,3 14,1 13,3 13,1 0,14 :f,3,0 f,3,15 f,12,3 f,13,14 
23:3,3 0.001 0 1 0,1 0.001 -1 -1 2,3 0.001 0 1 12.0031 1 0,13 0.002 0 1 0,15 0.001 -1 -1 1,15 0.001 1 1 24.0072 8 15,0 0.001 1 -1 12,2 0.001 0 1 15,3 0.001 0 1 15.008 2 15,12 0.002 1 1 14,15 0.002 0 1 15,15 0.002 1 1 0 50 :15,3 15,1 14,3 14,1 0,14 :f,3,0 f,3,15 f,12,3 f,13,14 
24:3,3 0.001 0 1 0,1 0.001 -1 -1 2,3 0.001 0 1 15.0031 1 0,13 0.002 0 1 0,15 0.001 0 -1 1,15 0.001 1 1 24.0072 4 15,0 0.001 1 -1 12,2 0.001 1 1 15,3 0.001 0 1 15.008 2 15,12 0.002 1 1 14,15 0.002 0 1 15,15 0.002 1 1 0 50 :15,3 15,1 0,15 0,14 :f,3,0 f,3,15 f,12,3 f,13,14 
25:3,3 0.001 0 1 0,1 0.001 -1 -1 2,3 0.001 0 1 18.0031 1 0,13 0.002 0 1 0,14 0.001 0 -1 1,15 0.001 1 1 24.0082 0 15,0 0.001 1 -1 13,3 0.001 1 1 15,3 0.001 0 1 15.009 2 15,12 0.002 1 1 14,15 0.002 0 1 15,15 0.002 1 1 0 50 :0,15 0,14 :f,3,0 f,3,15 f,12,3 f,13,14 
26:3,3 0.001 -1 1 0,1 0.001 -1 -1 2,3 0.001 0 1 18.0031 1 0,13 0.002 -1 1 0,14 0.001 0 -1 1,15 0.001 1 1 24.0082 0 15,0 0.001 1 -1 13,3 0.001 1 1 15,3 0.001 0 1 15.009 2 15,12 0.002 1 1 14,15 0.002 0 1 15,15 0.002 1 1 0 50 ::f,3,0 f,3,15 f,12,3 f,13,14 
27:3,3 0.001 -1 1 0,1 0.001 -1 -1 2,3 0.001 0 1 18.0031 1 0,13 0.002 -1 1 0,14 0.001 0 -1 1,15 0.001 1 1 24.0082 0 15,0 0.001 1 -1 13,3 0.001 1 0 15,3 0.001 0 1 15.009 2 15,12 0.002 1 1 14,15 0.002 0 1 15,15 0.002 1 1 0 50 ::f,3,0 f,3,15 f,12,3 f,13,14 
28:3,3 0.001 -1 1 0,1 0.001 -1 -1 2,3 0.001 0 1 18.0031 1 0,13 0.001 -1 1 0,14 0.001 0 -1 1,15 0.001 1 1 24.0082 0 15,0 0.001 1 -1 14,3 0.001 1 0 15,3 0.001 0 1 15.01 2 15,12 0.002 1 1 14,15 0.002 0 1 15,15 0.002 1 1 0 50 ::f,3,0 f,3,15 f,12,3 f,13,14 
29:3,3 0.001 -1 1 0,1 0.001 0 -1 2,3 0.001 0 1 18.0031 1 0,13 0.001 -1 0 0,14 0.001 0 -1 1,15 0.001 1 1 24.0082 0 15,0 0.001 1 -1 14,3 0.001 1 0 15,3 0.001 -1 1 15.01 2 15,12 0.002 1 1 14,15 0.002 0 1 15,15 0.002 1 1 0 50 ::f,3,0 f,3,15 f,12,3 f,13,14 
30:3,3 0.001 -1 1 0,0 0.001 0 -1 2,3 0.001 0 1 18.0041 1 0,13 0.001 -1 0 0,14 0.001 0 -1 1,15 0.001 1 1 24.0082 0 15,0 0.001 1 -1 14,3 0.001 1 0 15,3 0.001 -1 1 15.01 2 15,12 0.002 1 1 14,15 0.002 0 1 15,15 0.002 1 1 0 50 ::f,3,0 f,3,15 f,12,3 f,13,14 
31:3,3 0.001 -1 1 0,0 0.001 0 -1 2,3 0.001 -1 1 18.0041 1 0,13 0.001 -1 1 0,14 0.001 1 -1 1,15 0.001 1 1 24.0082 0 15,0 0.001 1 -1 14,3 0.001 1 0 15,3 0.001 -1 1 15.01 2 15,12 0.002 1 1 14,15 0.002 0 1 15,15 0.002 1 1 0 50 ::f,3,0 f,3,15 f,12,3 f,13,14 
32:3,3 0.001 -1 1 0,0 0.001 0 -1 2,3 0.001 -1 1 18.0041 1 0,13 0.001 0 1 1,13 0.001 1 -1 1,15 0.001 1 1 24.0092 0 15,0 0.001 1 0 14,3 0.001 1 0 15,3 0.001 -1 1 15.01 2 15,12 0.002 1 1 14,15 0.002 0 1 15,15 0.002 1 1 0 50 ::f,3,0 f,3,15 f,12,3 f,13,14 
33:3,3 0.001 -1 1 0,0 0.001 0 -1 2,3 0.001 -1 1 18.0041 1 0,13 0.001 1 1 1,13 0.001 1 -1 1,15 0.001 1 1 24.0092 0 15,0 0.001 1 0 14,3 0.001 1 1 15,3 0.001 -1 1 15.01 2 15,12 0.002 1 1 14,15 0.002 0 1 15,15 0.002 1 1 0 50 ::f,3,0 f,3,15 f,12,3 f,13,14 
34:3,3 0.001 -1 1 0,0 0.001 0 -1 2,3 0.001 -1 0 18.0041 1 0,13 0.001 1 0 2,12 0.001 1 -1 1,15 0.001 1 1 24.0102 0 15,0 0.001 1 0 14,3 0.001 1 1 15,3 0.001 -1 1 15.01 2 15,12 0.002 1 1 14,15 0.002 0 1 15,15 0.002 1 1 0 50 ::f,3,0 f,3,15 f,12,3 f,13,14 
35:3,3 0.001 -1 1 0,0 0.001 1 -1 1,3 0.001 -1 0 18.0051 1 0,13 0.001 1 -1 2,12 0.001 1 -1 1,15 0.001 1 1 24.0102 0 15,0 0.001 1 0 14,3 0.001 1 1 15,3 0.001 -1 0 15.01 2 15,12 0.002 1 1 14,15 0.002 0 1 15,15 0.002 1 1 0 50 ::f,3,0 f,3,15 f,12,3 f,13,14 
36:3,3 0.001 -1 1 0,0 0.001 1 -1 1,3 0.001 -1 0 18.0051 1 0,13 0.001 0 -1 2,12 0.001 1 0 1,15 0.001 1 1 24.0102 0 15,0 0.001 1 0 14,3 0.001 1 0 15,3 0.001 -1 0 15.01 2 15,12 0.002 1 1 14,15 0.002 0 1 15,15 0.002 1 1 0 50 ::f,3,0 f,3,15 f,12,3 f,13,14 
37:3,3 0.001 -1 1 0,0 0.001 1 -1 0,3 0.001 -1 0 18.0061 1 0,13 0.001 -1 -1 3,12 0.001 1 0 1,15 0.001 1 1 24.0112 0 15,0 0.001 1 0 14,3 0.001 1 0 15,3 0.001 -1 0 15.01 2 15,12 0.002 1 1 14,15 0.002 0 1 15,15 0.002 1 1 0 50 ::f,3,0 f,3,15 f,12,3 f,13,14 
38:3,3 0.001 -1 1 0,0 0.001 1 -1 0,3 0.001 -1 0 18.0061 1 0,13 0.001 -1 -1 3,12 0.001 1 0 1,15 0.001 1 1 24.0112 0 15,0 0.001 1 0 14,3 0.001 1 0 15,3 0.001 -1 0 15.01 2 15,12 0.002 1 1 14,15 0.002 0 1 15,15 0.002 1 1 0 50 ::f,3,0 f,3,15 f,12,3 f,13,14 
39:3,3 0.001 -1 1 0,0 0.001 1 -1 0,3 0.001 -1 0 18.0061 1 0,13 0.001 -1 0 3,12 0.001 1 0 1,15 0.001 1 1 24.0112 0 15,0 0.001 1 0 14,3 0.001 1 0 15,3 0.001 -1 0 15.01 2 15,12 0.002 1 1 14,15 0.002 0 1 15,15 0.002 1 1 0 50 ::f,3,0 f,3,15 f,12,3 f,13,14 
40:3,3 0.001 -1 0 0,0 0.001 1 -1 0,3 0.001 -1 0 18.0061 1 0,13 0.001 -1 1 3,12 0.001 1 0 1,15 0.001 1 1 24.0112 0 15,0 0.001 1 0 14,3 0.001 1 0 15,3 0.001 -1 -1 15.01 2 15,12 0.002 1 1 14,15 0.002 0 1 15,15 0.002 1 1 0 50 ::f,3,0 f,3,15 f,12,3 f,13,14 
41:2,3 0.001 -1 0 0,0 0.001 1 -1 0,3 0.001 -1 0 18.0071 1 0,13 0.001 0 1 3,12 0.001 1 0 1,15 0.001 1 1 24.0112 0 15,0 0.001 1 0 14,3 0.001 1 0 14,2 0.001 -1 -1 15.011 2 15,12 0.002 1 1 14,15 0.002 0 1 15,15 0.002 1 1 0 50 ::f,3,0 f,3,15 f,12,3 f,13,14 
42:1,3 0.001 -1 0 0,0 0.001 1 -1 0,3 0.001 -1 0 18.0081 1 0,13 0.001 1 1 3,12 0.001 1 1 1,15 0.001 1 1 24.0112 0 15,0 0.001 1 1 14,3 0.001 1 1 14,2 0.001 -1 -1 15.011 2 15,12 0.002 1 1 14,15 0.002 0 1 15,15 0.002 1 1 0 50 ::f,3,0 f,3,15 f,12,3 f,13,14 
43:1,3 0.001 -1 0 0,0 0.001 1 -1 0,3 0.001 -1 0 18.0081 1 0,13 0.001 1 0 3,12 0.001 1 1 1,15 0.001 1 1 24.0112 0 15,0 0.001 1 1 14,3 0.001 1 1 13,1 0.001 -1 -1 15.012 2 15,12 0.002 1 1 14,15 0.002 0 1 15,15 0.002 1 1 0 50 ::f,3,0 f,3,15 f,12,3 f,13,14 
44:1,3 0.001 -1 0 0,0 0.001 1 -1 0,3 0.001 -1 0 18.0081 1 1,13 0.001 1 0 3,12 0.001 1 1 1,15 0.001 1 0 24.0122 0 15,0 0.001 1 1 14,3 0.001 1 1 13,1 0.001 -1 -1 15.012 2 15,12 0.002 1 1 14,15 0.002 0 1 15,15 0.002 1 1 0 50 ::f,3,0 f,3,15 f,12,3 f,13,14 
45:1,3 0.001 -1 0 0,0 0.001 1 0 0,3 0.001 -1 0 18.0081 1 1,13 0.001 1 0 3,12 0.001 0 1 2,15 0.001 1 0 24.0132 0 15,0 0.001 1 1 14,3 0.001 0 1 12,0 0.001 -1 -1 15.013 2 15,12 0.002 1 1 14,15 0.002 0 1 15,15 0.002 1 1 0 50 ::f,3,0 f,3,15 f,12,3 f,13,14 
46:1,3 0.001 -1 0 1,0 0.001 1 0 0,3 0.001 -1 0 18.0091 1 2,13 0.001 1 0 3,13 0.001 0 1 2,15 0.001 1 0 25.0153 15 15,0 0.001 1 1 14,3 0.001 0 1 12,0 0.001 -1 -1 15.013 2 15,12 0.002 1 1 14,15 0.002 0 1 15,15 0.002 1 1 0 50 ::f,3,0 f,3,12 f,12,3 f,13,14 
47:1,3 0.001 -1 0 1,0 0.001 1 0 0,3 0.001 -1 0 18.0091 1 2,13 0.002 1 0 3,13 0.002 0 1 2,15 0.001 1 0 25.0153 7 15,0 0.001 1 1 14,3 0.001 0 1 12,0 0.001 -1 -1 15.013 2 15,12 0.002 1 1 14,15 0.002 0 1 15,15 0.002 1 1 0 50 :3,13 3,14 :f,3,0 f,3,12 f,12,3 f,13,14 
48:1,3 0.001 -1 0 2,0 0.001 1 0 0,3 0.001 -1 0 18.0101 1 2,13 0.002 1 0 3,13 0.002 -1 1 2,15 0.001 1 -1 25.0153 3 15,0 0.001 1 1 14,3 0.001 1 1 12,0 0.001 -1 -1 15.013 2 15,12 0.002 1 1 14,15 0.002 0 1 15,15 0.002 1 1 0 50 :3,15 3,13 :f,3,0 f,3,12 f,12,3 f,13,14 
49:1,3 0.001 -1 0 2,0 0.001 1 0 0,3 0.002 -1 0 18.0102 16 2,13 0.002 1 -1 2,14 0.002 -1 1 2,15 0.001 0 -1 25.0163 3 15,0 0.001 1 1 14,3 0.001 1 0 12,0 0.001 -1 -1 15.013 2 15,12 0.002 1 1 14,15 0.002 0 1 15,15 0.002 1 1 0 50 ::f,3,3 f,3,12 f,12,3 f,13,14 
50:1,3 0.002 -1 0 2,0 0.002 1 0 0,3 0.002 -1 0 18.0102 8 2,13 0.002 0 -1 2,14 0.001 -1 1 2,15 0.001 0 -1 25.0163 3 15,0 0.001 1 1 14,3 0.001 1 -1 12,0 0.001 0 -1 15.013 2 15,12 0.002 1 1 14,15 0.002 0 1 15,15 0.002 1 1 0 50 :0,3 3,0 :f,3,3 f,3,12 f,12,3 f,13,14 
51:1,3 0.002 -1 0 2,0 0.002 1 0 0,3 0.002 -1 0 18.0102 0 2,12 0.002 0 -1 1,15 0.001 -1 1 2,15 0.001 0 -1 25.0183 3 15,0 0.001 1 1 15,2 0.001 1 -1 12,0 0.001 0 -1 15.014 2 15,12 0.002 1 1 14,15 0.002 0 1 15,15 0.002 1 1 0 50 :4,0 0,3 3,0 :f,3,3 f,3,12 f,12,3 f,13,14 
52:1,3 0.002 -1 0 2,0 0.001 1 0 0,3 0.002 -1 0 18.0102 0 2,12 0.002 0 -1 1,15 0.001 -1 1 2,15 0.002 0 -1 25.0183 3 15,0 0.001 1 1 15,2 0.001 1 -1 12,0 0.001 0 -1 15.014 2 15,12 0.002 1 1 14,15 0.002 0 1 15,15 0.002 1 1 0 50 :5,0 4,0 :f,3,3 f,3,12 f,12,3 f,13,14 
53:1,3 0.001 -1 0 3,0 0.001 1 0 0,3 0.001 -1 0 18.0112 0 2,12 0.002 -1 -1 1,15 0.001 -1 0 2,14 0.002 0 -1 25.0193 3 15,0 0.001 1 1 15,2 0.001 1 0 12,0 0.001 0 -1 15.014 2 15,12 0.002 1 1 14,15 0.002 0 1 15,15 0.002 1 1 0 50 :6,0 5,0 :f,3,3 f,3,12 f,12,3 f,13,14 
54:1,3 0.001 -1 -1 3,0 0.001 1 0 0,3 0.001 -1 0 18.0112 0 2,12 0.002 -1 0 0,15 0.001 -1 0 2,14 0.001 0 -1 25.0203 3 15,0 0.001 1 1 15,2 0.001 1 0 12,0 0.001 0 -1 15.014 2 15,12 0.002 1 1 14,15 0.002 0 1 15,15 0.002 1 1 0 50 :7,0 6,0 :f,3,3 f,3,12 f,12,3 f,13,14 
55:0,2 0.001 -1 -1 3,0 0.001 1 0 0,3 0.001 -1 0 18.0122 0 2,12 0.002 -1 1 0,15 0.001 -1 0 2,14 0.002 0 -1 25.0203 3 15,0 0.001 1 1 15,2 0.001 1 0 12,0 0.001 0 -1 15.014 2 15,12 0.002 1 1 14,15 0.002 0 1 15,15 0.002 1 1 0 50 :8,0 7,0 :f,3,3 f,3,12 f,12,3 f,13,14 
56:0,2 0.001 -1 -1 3,0 0.001 1 0 0,3 0.001 -1 0 18.0122 0 2,12 0.002 0 1 0,15 0.001 -1 0 2,14 0.002 0 -1 25.0203 3 15,0 0.001 1 1 15,2 0.001 1 -1 12,0 0.001 0 -1 15.014 2 15,12 0.002 1 1 14,15 0.002 0 1 15,15 0.002 1 1 0 50 :9,0 8,0 :f,3,3 f,3,12 f,12,3 f,13,14 
57:0,2 0.001 0 -1 3,0 0.001 1 0 0,3 0.001 -1 0 18.0122 0 2,12 0.002 1 1 0,15 0.001 -1 0 2,14 0.002 0 -1 25.0203 3 15,0 0.001 1 1 15,2 0.001 0 -1 12,0 0.001 0 -1 15.014 2 15,12 0.002 1 1 14,15 0.002 0 1 15,15 0.002 1 1 0 50 :10,0 9,0 :f,3,3 f,3,12 f,12,3 f,13,14 
58:0,1 0.001 0 -1 3,0 0.001 1 0 0,3 0.001 -1 0 18.0132 0 2,12 0.002 1 0 0,15 0.001 -1 0 2,13 0.002 0 -1 25.0213 3 15,0 0.001 0 1 15,2 0.001 -1 -1 12,0 0.001 1 -1 15.014 2 15,12 0.002 1 1 14,15 0.002 0 1 15,15 0.002 1 1 0 50 :11,0 10,0 :f,3,3 f,3,12 f,12,3 f,13,14 
59:0,1 0.001 0 -1 3,0 0.001 1 0 0,3 0.001 -1 0 18.0132 0 2,12 0.002 1 -1 0,15 0.001 -1 0 2,13 0.001 0 -1 25.0213 3 15,1 0.001 0 1 14,1 0.001 -1 -1 12,0 0.001 1 -1 15.016 2 15,12 0.002 1 1 14,15 0.002 0 1 15,15 0.002 1 1 0 50 :12,0 11,0 :f,3,3 f,3,12 f,12,3 f,13,14 
60:0,1 0.001 1 -1 3,0 0.001 1 1 0,3 0.001 -1 0 21.0132 0 2,12 0.002 0 -1 0,15 0.001 -1 -1 2,13 0.001 0 -1 25.0213 3 15,1 0.001 0 1 14,1 0.001 -1 -1 12,0 0.001 1 -1 15.016 2 15,12 0.002 1 1 14,15 0.002 0 1 15,15 0.002 1 1 0 50 :12,0 :f,3,3 f,3,12 f,12,3 f,13,14 
61:1,0 0.001 1 -1 3,0 0.001 1 1 0,3 0.001 -1 -1 24.0142 0 2,12 0.002 -1 -1 0,15 0.001 -1 -1 2,13 0.001 0 -1 25.0213 3 15,2 0.001 0 1 14,1 0.001 -1 -1 12,0 0.001 1 -1 15.017 2 15,12 0.002 1 1 14,15 0.002 0 1 15,15 0.002 1 1 0 50 ::f,3,3 f,3,12 f,12,3 f,13,14 
62:1,0 0.001 1 -1 3,0 0.001 1 1 0,3 0.001 -1 -1 24.0142 0 2,12 0.002 -1 0 0,15 0.001 -1 -1 2,13 0.001 0 -1 25.0213 3 15,3 0.001 0 1 13,0 0.001 -1 -1 12,0 0.001 1 -1 15.019 2 15,12 0.002 1 1 14,15 0.002 0 1 15,15 0.002 1 1 0 50 ::f,3,3 f,3,12 f,12,3 f,13,14 
63:1,0 0.001 1 0 3,0 0.001 1 1 0,3 0.001 -1 -1 24.0142 0 2,12 0.002 -1 1 0,15 0.001 0 -1 2,13 0.001 0 -1 25.0213 3 15,3 0.001 0 1 13,0 0.001 -1 -1 12,0 0.001 1 -1 15.019 2 15,12 0.002 1 1 14,15 0.002 0 1 15,15 0.002 1 1 0 50 ::f,3,3 f,3,12 f,12,3 f,13,14 
64:2,0 0.001 1 0 3,0 0.001 1 1 0,3 0.001 0 -1 24.0152 0 2,12 0.002 0 1 0,14 0.001 0 -1 2,13 0.001 0 -1 25.0223 3 15,3 0.001 0 1 13,0 0.001 -1 -1 12,0 0.001 1 -1 15.019 2 15,12 0.002 1 1 14,15 0.002 0 1 15,15 0.002 1 1 0 50 ::f,3,3 f,3,12 f,12,3 f,13,14 
65:2,0 0.001 1 0 3,0 0.001 1 1 0,2 0.001 0 -1 24.0162 0 2,12 0.002 1 1 0,14 0.001 0 -1 2,13 0.001 0 -1 25.0223 3 15,3 0.001 0 1 13,0 0.001 -1 -1 12,0 0.001 1 -1 15.019 2 15,12 0.002 1 1 14,15 0.002 0 1 15,15 0.002 1 1 0 50 ::f,3,3 f,3,12 f,12,3 f,13,14 
66:2,0 0.001 1 1 3,0 0.001 0 1 0,2 0.001 0 -1 24.0162 0 3,13 0.002 1 1 0,14 0.001 1 -1 2,13 0.001 0 -1 25.0233 3 15,3 0.001 0 1 13,0 0.001 -1 -1 12,0 0.001 1 -1 15.019 2 15,12 0.002 1 1 14,15 0.002 0 1 15,15 0.002 1 1 0 50 ::f,3,3 f,3,12 f,12,3 f,13,14 
67:3,1 0.001 1 1 3,0 0.001 0 1 0,1 0.001 0 -1 24.0182 0 3,13 0.002 1 0 1,13 0.001 1 -1 2,13 0.001 -1 -1 25.0243 3 15,3 0.001 0 1 13,0 0.001 -1 -1 12,0 0.001 1 -1 15.019 2 15,12 0.002 1 1 14,15 0.002 0 1 15,15 0.002 1 1 0 50 ::f,3,3 f,3,12 f,12,3 f,13,14 
68:3,1 0.001 1 1 3,0 0.001 0 1 0,1 0.001 0 -1 24.0182 0 3,13 0.002 1 -1 1,13 0.001 1 -1 1,12 0.001 -1 -1 25.0253 3 15,3 0.001 0 1 13,0 0.001 -1 -1 12,0 0.001 1 -1 15.019 2 15,12 0.002 1 1 14,15 0.002 0 1 15,15 0.002 1 1 0 50 ::f,3,3 f,3,12 f,12,3 f,13,14 
69:3,1 0.001 0 1 3,0 0.001 0 1 0,1 0.001 0 -1 24.0182 0 3,13 0.002 1 -1 1,13 0.001 1 0 1,12 0.001 -1 -1 25.0253 3 15,3 0.001 0 1 13,0 0.001 -1 -1 12,0 0.001 1 -1 15.019 2 15,12 0.002 1 1 14,15 0.002 0 1 15,15 0.002 1 1 0 50 ::f,3,3 f,3,12 f,12,3 f,13,14 
70:3,2 0.001 0 1 3,1 0.001 0 1 0,1 0.001 1 -1 24.0202 0 3,13 0.001 1 -1 2,13 0.001 1 0 1,12 0.001 0 -1 25.0263 3 15,3 0.001 0 1 13,0 0.001 -1 -1 12,0 0.001 1 -1 15.019 2 15,12 0.002 1 1 14,15 0.002 0 1 15,15 0.002 1 1 0 50 ::f,3,3 f,3,12 f,12,3 f,13,14 
71:3,2 0.001 0 1 3,1 0.002 0 1 1,0 0.001 1 -1 24.0213 11 3,13 0.001 1 -1 2,13 0.001 1 0 1,12 0.001 0 -1 25.0263 3 15,3 0.001 0 1 13,0 0.001 -1 -1 12,0 0.001 1 -1 15.019 2 15,12 0.002 1 1 14,15 0.002 0 1 15,15 0.002 1 1 0 50 :3,2 :f,0,2 f,3,12 f,12,3 f,13,14 
72:3,2 0.002 0 1 3,1 0.002 0 1 1,0 0.001 1 -1 24.0213 3 3,13 0.001 1 -1 2,13 0.001 1 0 1,12 0.001 -1 -1 25.0263 3 15,3 0.001 0 1 13,0 0.001 -1 -1 12,0 0.001 1 -1 15.019 2 15,12 0.002 1 1 14,15 0.002 0 1 15,15 0.002 1 1 0 50 :3,3 3,2 :f,0,2 f,3,12 f,12,3 f,13,14 
73:3,3 0.002 0 1 3,2 0.002 0 1 1,0 0.001 1 0 24.0233 3 3,13 0.001 1 -1 2,13 0.001 1 1 1,12 0.001 -1 0 25.0263 3 15,3 0.001 0 1 13,0 0.001 -1 -1 12,0 0.001 1 -1 15.019 2 15,12 0.002 1 1 14,15 0.002 0 1 15,15 0.002 1 1 0 50 :3,4 :f,0,2 f,3,12 f,12,3 f,13,14 
74:3,3 0.001 0 1 3,2 0.001 0 1 2,0 0.001 1 0 24.0243 3 3,13 0.001 1 -1 3,14 0.001 1 1 1,12 0.001 -1 1 25.0273 3 15,3 0.001 0 1 13,0 0.001 -1 0 12,0 0.001 1 -1 15.019 2 15,12 0.002 1 1 14,15 0.002 0 1 15,15 0.002 1 1 0 50 :3,5 :f,0,2 f,3,12 f,12,3 f,13,14 
75:3,3 0.001 0 1 3,2 0.001 -1 1 2,0 0.001 1 0 24.0243 3 3,13 0.001 1 -1 3,14 0.001 1 1 1,12 0.001 0 1 25.0273 3 15,3 0.001 0 1 13,0 0.001 -1 1 12,0 0.001 1 0 15.019 2 15,12 0.002 1 1 14,15 0.002 0 1 15,15 0.002 1 1 0 50 :3,6 :f,0,2 f,3,12 f,12,3 f,13,14 
76:3,3 0.001 -1 1 2,3 0.001 -1 1 2,0 0.001 1 1 24.0253 3 3,13 0.001 0 -1 3,14 0.001 0 1 1,12 0.001 1 1 25.0273 3 15,3 0.001 0 1 12,1 0.001 -1 1 13,0 0.001 1 0 15.021 2 15,12 0.002 1 1 14,15 0.002 0 1 15,15 0.002 1 1 0 50 :3,7 :f,0,2 f,3,12 f,12,3 f,13,14 
77:3,3 0.001 -1 1 2,3 0.001 -1 1 3,1 0.001 1 1 24.0263 3 3,13 0.001 -1 -1 3,15 0.001 0 1 2,13 0.001 1 1 25.0293 3 15,3 0.001 0 1 12,1 0.001 -1 1 13,0 0.001 1 0 15.021 2 15,12 0.002 1 1 14,15 0.002 0 1 15,15 0.002 1 1 0 50 :3,8 :f,0,2 f,3,12 f,12,3 f,13,14 
78:3,3 0.001 -1 1 2,3 0.001 -1 0 3,1 0.001 1 1 24.0263 3 3,13 0.001 -1 0 3,15 0.001 0 1 2,13 0.001 1 1 25.0293 3 15,3 0.001 -1 1 12,1 0.001 0 1 14,0 0.001 1 0 15.022 2 15,12 0.002 1 1 14,15 0.002 0 1 15,15 0.002 1 1 0 50 :3,9 :f,0,2 f,3,12 f,12,3 f,13,14 
79:3,3 0.001 -1 0 1,3 0.001 -1 0 3,1 0.001 0 1 24.0273 3 3,13 0.001 -1 1 3,15 0.001 -1 1 2,13 0.001 1 0 25.0293 3 15,3 0.001 -1 1 12,1 0.001 1 1 14,0 0.001 1 0 15.022 2 15,12 0.002 1 1 14,15 0.002 0 1 15,15 0.002 1 1 0 50 :3,10 :f,0,2 f,3,12 f,12,3 f,13,14 
80:2,3 0.001 -1 0 1,3 0.001 -1 0 3,2 0.001 0 1 24.0293 3 3,13 0.001 0 1 3,15 0.001 -1 1 2,13 0.001 1 0 25.0293 3 15,3 0.001 -1 1 12,1 0.001 1 0 14,0 0.001 1 1 15.022 2 15,12 0.002 1 1 14,15 0.002 0 1 15,15 0.002 1 1 0 50 :3,11 :f,0,2 f,3,12 f,12,3 f,13,14 
81:2,3 0.001 -1 0 1,3 0.001 -1 0 3,2 0.001 0 1 24.0293 3 3,13 0.001 1 1 3,15 0.001 -1 1 2,13 0.001 1 0 25.0293 3 15,3 0.001 -1 1 12,1 0.001 1 -1 15,1 0.001 1 1 15.023 2 15,12 0.002 1 1 14,15 0.002 0 1 15,15 0.002 1 1 0 50 :3,12 :f,0,2 f,3,12 f,12,3 f,13,14 
82:2,3 0.001 -1 0 1,3 0.001 -1 -1 3,2 0.001 -1 1 24.0293 3 3,13 0.001 1 0 3,15 0.001 -1 0 2,13 0.001 1 -1 25.0293 3 15,3 0.001 -1 1 12,1 0.002 1 -1 15,1 0.001 1 1 15.023 2 15,12 0.002 1 1 14,15 0.002 0 1 15,15 0.002 1 1 0 50 :3,13 :f,0,2 f,3,12 f,12,3 f,13,14 
83:2,3 0.001 -1 0 1,3 0.001 -1 -1 3,2 0.001 -1 1 27.0293 3 3,13 0.001 1 -1 2,15 0.001 -1 0 2,13 0.001 0 -1 25.0303 3 15,3 0.001 -1 0 13,0 0.002 1 -1 15,1 0.001 0 1 15.024 2 15,12 0.002 1 1 14,15 0.002 0 1 15,15 0.002 1 1 0 50 ::f,0,2 f,3,12 f,12,3 f,13,14 
84:2,3 0.001 -1 0 1,3 0.001 -1 -1 3,2 0.001 -1 1 27.0293 3 3,13 0.001 0 -1 2,15 0.001 -1 0 2,13 0.001 -1 -1 25.0303 3 14,3 0.001 -1 0 13,0 0.002 1 -1 15,2 0.001 0 1 15.026 2 15,12 0.002 1 1 14,15 0.002 0 1 15,15 0.002 1 1 0 50 ::f,0,2 f,3,12 f,12,3 f,13,14 
85:2,3 0.001 -1 0 1,3 0.001 -1 -1 3,2 0.002 -1 1 27.0294 14 3,13 0.001 -1 -1 1,15 0.001 -1 0 2,13 0.001 -1 0 25.0313 3 14,3 0.001 -1 0 13,0 0.002 1 -1 15,2 0.001 0 1 15.026 2 15,12 0.002 1 1 14,15 0.002 0 1 15,15 0.002 1 1 0 50 :2,3 :f,2,1 f,3,12 f,12,3 f,13,14 
86:2,3 0.002 -1 0 1,3 0.001 0 -1 3,2 0.002 -1 1 27.0294 6 3,13 0.001 -1 0 1,15 0.001 -1 0 2,13 0.001 -1 1 25.0313 3 14,3 0.001 -1 0 13,0 0.002 0 -1 15,2 0.001 -1 1 15.026 2 15,12 0.002 1 1 14,15 0.002 0 1 15,15 0.002 1 1 0 50 :1,3 2,3 :f,2,1 f,3,12 f,12,3 f,13,14 
87:2,3 0.002 -1 0 1,2 0.001 0 -1 3,2 0.001 -1 1 27.0304 2 3,13 0.001 -1 0 1,15 0.001 -1 -1 2,13 0.001 0 1 25.0313 3 13,3 0.001 -1 0 13,0 0.002 -1 -1 14,3 0.001 -1 1 15.028 2 15,12 0.002 1 1 14,15 0.002 0 1 15,15 0.002 1 1 0 50 :1,3 :f,2,1 f,3,12 f,12,3 f,13,14 
88:2,3 0.001 -1 0 1,2 0.001 0 -1 3,2 0.001 -1 0 27.0304 2 3,13 0.001 -1 0 0,14 0.001 -1 -1 2,14 0.001 0 1 25.0333 3 13,3 0.001 -1 0 13,0 0.002 -1 0 14,3 0.002 -1 1 15.0281 13 15,12 0.002 1 1 14,15 0.002 0 1 15,15 0.002 1 1 0 50 :0,3 13,4 :f,2,1 f,3,12 f,12,1 f,13,14 
89:2,3 0.001 -1 -1 1,2 0.001 0 -1 2,2 0.001 -1 0 27.0314 2 3,13 0.001 -1 1 0,14 0.001 -1 -1 2,15 0.001 0 1 25.0343 3 13,3 0.002 -1 0 13,0 0.002 -1 1 14,3 0.002 -1 1 15.0281 5 15,12 0.002 1 1 14,15 0.002 0 1 15,15 0.002 1 1 0 50 :12,5 12,3 13,4 :f,2,1 f,3,12 f,12,1 f,13,14 
90:2,3 0.001 -1 -1 1,1 0.001 0 -1 2,2 0.001 -1 0 27.0324 2 3,13 0.001 0 1 0,14 0.001 0 -1 2,15 0.001 -1 1 25.0343 3 13,3 0.002 -1 0 13,0 0.002 0 1 14,3 0.002 -1 1 15.0281 1 15,12 0.002 1 1 14,15 0.002 0 1 15,15 0.002 1 1 0 50 :11,6 11,3 12,5 12,3 :f,2,1 f,3,12 f,12,1 f,13,14 
91:1,2 0.001 -1 -1 1,1 0.001 0 -1 2,2 0.001 -1 0 27.0334 2 3,14 0.001 0 1 0,13 0.001 0 -1 2,15 0.001 -1 1 25.0363 3 13,3 0.001 -1 0 13,0 0.002 1 1 14,3 0.001 -1 1 15.0281 1 15,12 0.002 1 1 14,15 0.002 0 1 15,15 0.002 1 1 0 50 :10,7 10,3 11,6 11,3 :f,2,1 f,3,12 f,12,1 f,13,14 
92:1,2 0.001 -1 -1 1,1 0.001 1 -1 2,2 0.001 -1 0 27.0334 2 3,14 0.001 1 1 0,13 0.001 0 -1 2,15 0.001 0 1 25.0363 3 13,3 0.001 -1 0 14,1 0.002 1 1 14,3 0.001 -1 0 15.0291 1 15,12 0.002 1 1 14,15 0.002 0 1 15,15 0.002 1 1 0 50 :9,8 9,3 10,7 10,3 :f,2,1 f,3,12 f,12,1 f,13,14 
93:0,1 0.001 -1 -1 2,0 0.001 1 -1 1,2 0.001 -1 0 27.0364 2 3,14 0.001 1 0 0,13 0.001 1 -1 2,15 0.001 1 1 25.0363 3 13,3 0.001 -1 -1 14,1 0.001 1 1 14,3 0.001 -1 0 15.0291 1 15,12 0.002 1 1 14,15 0.002 0 1 15,15 0.002 1 1 0 50 :8,9 8,3 9,8 9,3 :f,2,1 f,3,12 f,12,1 f,13,14 
94:0,1 0.001 -1 -1 2,0 0.001 1 -1 1,2 0.001 -1 0 27.0364 2 3,14 0.001 1 -1 1,12 0.001 1 -1 2,15 0.001 1 0 25.0373 3 12,2 0.001 -1 -1 15,2 0.001 1 1 14,3 0.001 -1 0 15.0311 1 15,12 0.002 1 1 14,15 0.002 0 1 15,15 0.002 1 1 0 50 :7,10 7,3 8,9 8,3 :f,2,1 f,3,12 f,12,1 f,13,14 
95:0,1 0.001 0 -1 2,0 0.001 1 -1 1,2 0.001 -1 -1 27.0364 2 3,14 0.001 0 -1 1,12 0.001 1 -1 3,15 0.001 1 0 25.0383 3 12,2 0.001 -1 -1 15,2 0.001 1 1 13,3 0.001 -1 0 15.0321 1 15,12 0.002 1 1 14,15 0.002 0 1 15,15 0.002 1 1 0 50 :6,11 6,3 7,10 7,3 :f,2,1 f,3,12 f,12,1 f,13,14 
96:0,0 0.001 0 -1 2,0 0.001 1 0 0,1 0.001 -1 -1 27.0384 2 3,14 0.001 -1 -1 1,12 0.001 1 0 3,15 0.001 1 0 25.0383 3 12,2 0.001 0 -1 15,2 0.001 1 1 13,3 0.001 -1 0 15.0321 1 15,12 0.002 1 1 14,15 0.002 0 1 15,15 0.002 1 1 0 50 :5,12 5,3 6,11 6,3 :f,2,1 f,3,12 f,12,1 f,13,14 
97:0,0 0.001 0 -1 3,0 0.001 1 0 0,1 0.001 -1 -1 27.0394 2 3,14 0.001 -1 0 2,12 0.001 1 0 3,15 0.001 1 -1 25.0393 3 12,2 0.001 0 -1 15,2 0.001 1 1 13,3 0.001 -1 -1 15.0321 1 15,12 0.002 1 1 14,15 0.002 0 1 15,15 0.002 1 1 0 50 :4,13 4,3 5,12 5,3 :f,2,1 f,3,12 f,12,1 f,13,14 
98:0,0 0.001 1 -1 3,0 0.001 1 0 0,1 0.001 0 -1 27.0394 2 2,14 0.001 -1 0 2,12 0.001 1 0 3,15 0.001 0 -1 25.0403 3 12,2 0.001 0 -1 15,2 0.001 1 0 13,3 0.001 -1 -1 15.0322 16 15,12 0.002 1 1 14,15 0.002 0 1 15,15 0.002 1 1 0 50 :3,14 3,3 4,13 4,3 :f,2,1 f,3,12 f,12,1 f,13,14 
99:0,0 0.001 1 -1 3,0 0.001 1 1 0,1 0.001 0 -1 27.0394 2 2,14 0.001 -1 0 2,12 0.001 1 0 3,15 0.001 -1 -1 25.0404 18 12,2 0.001 1 -1 15,2 0.001 1 -1 13,3 0.001 -1 -1 15.0322 16 15,12 0.002 1 1 14,15 0.002 0 1 15,15 0.002 1 1 0 50 :2,15 2,3 3,14 3,3 :f,1,13 f,2,1 f,12,1 f,13,14 
100:0,0 0.001 1 -1 3,0 0.001 1 1 0,1 0.001 0 -1 27.0394 2 2,14 0.002 -1 0 2,12 0.002 1 0 3,15 0.002 -1 -1 25.0404 6 13,1 0.001 1 -1 15,2 0.001 0 -1 13,3 0.001 -1 -1 15.0332 16 15,12 0.002 1 1 14,15 0.002 0 1 15,15 0.002 1 1 0 50 :1,3 2,15 2,3 1,14 3,12 2,14 :f,1,13 f,2,1 f,12,1 f,13,14 
101:0,0 0.001 1 0 3,0 0.001 1 1 0,1 0.001 0 -1 27.0394 2 2,14 0.002 -1 0 3,12 0.002 1 0 3,15 0.002 -1 -1 25.0414 2 13,1 0.001 1 -1 15,2 0.001 -1 -1 13,3 0.001 0 -1 15.0332 16 15,12 0.002 1 1 14,15 0.002 0 1 15,15 0.002 1 1 0 50 :0,3 1,3 0,14 4,12 1,14 :f,1,13 f,2,1 f,12,1 f,13,14 
102:1,0 0.001 1 0 3,0 0.001 1 1 0,1 0.001 1 -1 27.0404 2 2,14 0.001 -1 0 3,12 0.001 1 0 3,15 0.002 -1 -1 25.0414 2 14,0 0.001 1 -1 15,2 0.002 -1 -1 13,2 0.001 0 -1 15.0352 12 15,12 0.002 1 1 14,15 0.002 0 1 15,15 0.002 1 1 0 50 :0,3 5,12 0,14 14,1 :f,1,13 f,2,1 f,12,1 f,13,14 
103:1,0 0.001 1 0 3,0 0.001 0 1 0,1 0.001 1 -1 27.0404 2 2,14 0.001 -1 1 3,12 0.001 1 1 3,15 0.002 -1 -1 25.0414 2 14,0 0.001 1 -1 15,2 0.002 -1 -1 13,2 0.001 0 -1 15.0352 8 15,12 0.002 1 1 14,15 0.002 0 1 15,15 0.002 1 1 0 50 :6,12 13,0 14,1 :f,1,13 f,2,1 f,12,1 f,13,14 
104:1,0 0.001 1 1 3,1 0.001 0 1 0,1 0.001 1 -1 27.0414 2 2,14 0.001 0 1 3,12 0.001 1 1 3,15 0.001 -1 -1 25.0414 2 14,0 0.001 1 0 14,1 0.002 -1 -1 13,2 0.001 0 -1 15.0362 8 15,12 0.002 1 1 14,15 0.002 0 1 15,15 0.002 1 1 0 50 :7,12 13,0 :f,1,13 f,2,1 f,12,1 f,13,14 
105:1,0 0.001 1 1 3,1 0.001 0 1 0,1 0.001 1 -1 27.0414 2 2,14 0.001 1 1 3,12 0.001 1 1 3,15 0.002 -1 -1 25.0414 2 14,0 0.002 1 0 13,0 0.002 -1 -1 13,1 0.001 0 -1 15.0382 4 15,12 0.002 1 1 14,15 0.002 0 1 15,15 0.002 1 1 0 50 :8,12 15,0 :f,1,13 f,2,1 f,12,1 f,13,14 
106:1,0 0.001 1 1 3,1 0.002 0 1 0,1 0.001 1 -1 27.0415 13 2,14 0.001 1 0 3,12 0.001 1 1 3,15 0.002 -1 -1 25.0414 2 14,0 0.002 1 0 13,0 0.001 -1 -1 13,1 0.001 0 -1 15.0382 0 15,12 0.002 1 1 14,15 0.002 0 1 15,15 0.002 1 1 0 50 :9,12 3,2 15,0 :f,1,13 f,2,1 f,12,1 f,13,14 
107:1,0 0.002 1 1 3,1 0.002 0 1 0,1 0.001 1 0 27.0415 5 3,14 0.001 1 0 3,12 0.001 0 1 3,15 0.002 -1 -1 25.0424 2 14,0 0.002 1 1 13,0 0.001 -1 0 13,1 0.001 1 -1 15.0382 0 15,12 0.002 1 1 14,15 0.002 0 1 15,15 0.002 1 1 0 50 :10,12 3,3 2,1 3,2 :f,1,13 f,2,1 f,12,1 f,13,14 
108:1,0 0.002 1 1 3,2 0.002 0 1 1,1 0.001 1 0 27.0435 1 3,14 0.001 1 0 3,13 0.001 0 1 3,15 0.002 -1 -1 25.0434 2 15,1 0.002 1 1 12,0 0.001 -1 0 14,0 0.001 1 -1 15.0412 0 15,12 0.002 1 1 14,15 0.002 0 1 15,15 0.002 1 1 0 50 :11,12 3,4 3,2 3,3 2,1 :f,1,13 f,2,1 f,12,1 f,13,14 
109:1,0 0.001 1 1 3,2 0.002 0 1 1,1 0.002 1 0 27.0436 8 3,14 0.001 1 -1 3,13 0.001 0 1 3,15 0.002 -1 -1 25.0434 2 15,1 0.001 1 1 12,0 0.001 -1 0 14,0 0.001 1 -1 15.0412 0 15,12 0.002 1 1 14,15 0.002 0 1 15,15 0.002 1 1 0 50 :12,12 3,5 3,4 3,2 3,3 2,1 :f,0,1 f,1,13 f,12,1 f,13,14 
110:1,0 0.002 1 1 3,2 0.002 0 1 2,1 0.002 1 0 27.0446 0 3,14 0.001 0 -1 3,13 0.001 0 1 3,15 0.002 -1 -1 25.0434 2 15,1 0.001 0 1 12,0 0.001 -1 0 14,0 0.001 1 0 15.0412 0 15,12 0.002 1 1 14,15 0.002 0 1 15,15 0.002 1 1 0 50 :13,12 3,6 3,5 3,4 3,1 2,1 3,3 :f,0,1 f,1,13 f,12,1 f,13,14 
111:1,0 0.001 1 1 3,3 0.002 0 1 2,1 0.001 1 0 27.0456 0 3,14 0.001 -1 -1 3,13 0.001 0 1 2,14 0.002 -1 -1 25.0444 2 15,2 0.001 0 1 12,0 0.001 -1 1 15,0 0.001 1 0 15.0432 0 15,12 0.002 1 1 14,15 0.002 0 1 15,15 0.002 1 1 0 50 :14,12 3,7 3,6 3,5 4,1 3,4 :f,0,1 f,1,13 f,12,1 f,13,14 
112:1,0 0.001 1 1 3,3 0.001 0 1 2,1 0.001 1 1 27.0456 0 3,14 0.001 -1 0 3,13 0.001 0 1 2,14 0.001 -1 -1 25.0445 17 15,2 0.001 0 1 12,0 0.001 0 1 15,0 0.001 1 0 15.0432 0 15,12 0.002 1 1 14,15 0.002 0 1 15,15 0.002 1 1 0 50 :15,12 3,8 3,7 3,6 5,1 3,5 :f,0,1 f,2,15 f,12,1 f,13,14 
113:1,0 0.001 1 1 3,3 0.001 -1 1 3,2 0.001 1 1 27.0466 0 3,14 0.002 -1 0 3,13 0.002 0 1 2,14 0.001 -1 -1 28.0445 9 15,2 0.001 -1 1 12,0 0.001 1 1 15,0 0.001 1 0 15.0432 0 15,12 0.002 1 1 14,15 0.002 0 1 15,15 0.002 1 1 0 50 :3,9 3,8 3,7 6,1 3,6 2,14 3,14 :f,0,1 f,2,15 f,12,1 f,13,14 
114:2,1 0.001 1 1 3,3 0.001 -1 1 3,2 0.001 1 1 27.0476 0 3,14 0.002 -1 0 3,13 0.002 0 1 2,14 0.002 -1 -1 28.0445 1 14,3 0.001 -1 1 12,0 0.001 1 0 15,0 0.001 1 1 15.0442 0 15,12 0.002 1 1 14,15 0.002 0 1 15,15 0.002 1 1 0 50 :3,10 3,9 3,8 7,1 3,7 2,14 3,14 :f,0,1 f,2,15 f,12,1 f,13,14 
115:2,1 0.001 1 1 3,3 0.001 -1 1 3,2 0.001 0 1 27.0476 0 3,14 0.002 -1 1 3,13 0.001 0 1 2,14 0.002 -1 -1 28.0445 1 14,3 0.001 -1 1 12,0 0.001 1 -1 15,0 0.001 1 1 15.0442 0 15,12 0.002 1 1 14,15 0.002 0 1 15,15 0.002 1 1 0 50 :3,11 3,10 3,9 8,1 3,8 :f,0,1 f,2,15 f,12,1 f,13,14 
116:2,1 0.001 1 1 3,3 0.001 -1 0 3,2 0.001 0 1 27.0476 0 3,14 0.002 0 1 3,13 0.001 0 1 1,13 0.002 -1 -1 28.0455 1 14,3 0.001 -1 0 12,0 0.001 0 -1 15,0 0.001 1 1 15.0442 0 15,12 0.002 1 1 14,15 0.002 0 1 15,15 0.002 1 1 0 50 :3,12 3,11 3,10 9,1 3,9 :f,0,1 f,2,15 f,12,1 f,13,14 
117:2,1 0.001 1 1 2,3 0.001 -1 0 3,2 0.001 0 1 27.0486 0 3,15 0.002 0 1 3,14 0.001 0 1 1,13 0.001 -1 -1 28.0475 1 13,3 0.001 -1 0 12,0 0.001 -1 -1 15,0 0.001 0 1 15.0452 0 15,12 0.002 1 1 14,15 0.002 0 1 15,15 0.002 1 1 0 50 :3,13 3,12 3,11 10,1 3,10 :f,0,1 f,2,15 f,12,1 f,13,14 
118:2,1 0.001 1 1 2,3 0.001 -1 0 3,2 0.001 -1 1 27.0486 0 3,15 0.002 0 1 3,14 0.001 0 1 1,13 0.001 -1 -1 28.0475 1 13,3 0.001 -1 0 12,0 0.001 -1 0 15,1 0.001 0 1 15.0462 0 15,12 0.002 1 1 14,15 0.002 0 1 15,15 0.002 1 1 0 50 :3,14 3,13 3,12 11,1 3,11 :f,0,1 f,2,15 f,12,1 f,13,14 
119:2,1 0.001 0 1 2,3 0.001 -1 -1 3,2 0.001 -1 1 30.0486 0 3,15 0.002 1 1 3,14 0.001 -1 1 0,12 0.001 -1 -1 28.0485 1 13,3 0.001 -1 -1 12,0 0.001 -1 1 15,2 0.001 0 1 15.0472 0 15,12 0.002 1 1 14,15 0.002 0 1 15,15 0.002 1 1 0 50 :3,14 3,13 12,1 3,12 :f,0,1 f,2,15 f,12,1 f,13,14 
120:2,2 0.001 0 1 1,2 0.001 -1 -1 2,3 0.001 -1 1 33.0516 0 3,15 0.002 1 0 3,14 0.001 -1 1 0,12 0.001 -1 -1 28.0485 1 12,2 0.001 -1 -1 12,0 0.001 0 1 15,2 0.001 0 1 15.0482 0 15,12 0.002 1 1 14,15 0.002 0 1 15,15 0.002 1 1 0 50 :3,14 13,1 3,13 :f,0,1 f,2,15 f,12,1 f,13,14 
121:2,2 0.001 0 1 1,2 0.001 -1 -1 2,3 0.002 -1 1 36.0517 11 3,15 0.002 1 -1 3,14 0.001 -1 1 0,12 0.001 -1 0 28.0486 16 12,2 0.001 -1 -1 12,0 0.001 1 1 15,2 0.001 -1 1 15.0482 0 15,12 0.002 1 1 14,15 0.002 0 1 15,15 0.002 1 1 0 50 :14,1 3,14 1,4 :f,1,0 f,2,12 f,12,1 f,13,14 
122:2,2 0.002 0 1 1,2 0.001 0 -1 2,3 0.002 -1 1 39.0517 3 3,15 0.002 0 -1 3,14 0.002 -1 1 0,12 0.001 -1 1 28.0486 12 12,2 0.001 -1 -1 13,1 0.001 1 1 14,3 0.001 -1 1 15.0502 0 15,12 0.002 1 1 14,15 0.002 0 1 15,15 0.002 1 1 0 50 :15,1 0,5 2,3 1,4 2,15 :f,1,0 f,2,12 f,12,1 f,13,14 
123:2,2 0.002 0 1 1,1 0.001 0 -1 2,3 0.002 -1 1 39.0527 3 3,15 0.002 0 -1 3,14 0.002 -1 1 0,12 0.001 0 1 28.0486 8 12,2 0.001 0 -1 14,2 0.001 1 1 14,3 0.001 -1 1 15.0512 0 15,12 0.002 1 1 14,15 0.002 0 1 15,15 0.002 1 1 0 50 :0,5 2,15 :f,1,0 f,2,12 f,12,1 f,13,14 
124:2,2 0.001 0 1 1,1 0.001 0 -1 2,3 0.002 -1 1 40.0528 14 3,15 0.001 0 -1 3,14 0.002 -1 1 0,12 0.001 1 1 28.0486 4 12,2 0.001 0 -1 14,2 0.001 1 1 14,3 0.001 -1 0 15.0512 0 15,12 0.002 1 1 14,15 0.002 0 1 15,15 0.002 1 1 0 50 :1,4 2,15 :f,2,12 f,3,2 f,12,1 f,13,14 
125:2,2 0.002 0 1 1,1 0.001 1 -1 2,3 0.002 -1 1 40.0528 6 3,15 0.001 -1 -1 3,14 0.002 -1 1 0,12 0.001 1 0 28.0486 0 12,2 0.001 0 -1 15,3 0.001 1 1 14,3 0.002 -1 0 15.0523 11 15,12 0.002 1 1 14,15 0.002 0 1 15,15 0.002 1 1 0 50 :0,5 2,3 1,4 2,15 13,3 :f,2,12 f,3,2 f,13,0 f,13,14 
126:2,2 0.002 0 1 2,0 0.001 1 -1 2,3 0.002 -1 1 40.0538 2 2,14 0.001 -1 -1 3,14 0.002 -1 0 0,12 0.001 1 -1 28.0496 0 12,1 0.001 0 -1 15,3 0.001 1 1 14,3 0.002 -1 0 15.0533 7 15,12 0.002 1 1 14,15 0.002 0 1 15,15 0.002 1 1 0 50 :0,5 12,3 2,3 13,3 :f,2,12 f,3,2 f,13,0 f,13,14 
127:2,2 0.002 0 1 2,0 0.001 1 -1 2,3 0.001 -1 1 40.0538 2 2,14 0.001 -1 -1 3,14 0.002 -1 0 0,12 0.001 0 -1 28.0496 0 12,1 0.001 0 -1 15,3 0.001 1 1 14,3 0.002 -1 0 15.0533 3 15,12 0.002 1 1 14,15 0.002 0 1 15,15 0.002 1 1 0 50 :11,3 12,3 13,3 :f,2,12 f,3,2 f,13,0 f,13,14 
128:2,2 0.001 0 1 2,0 0.001 1 0 2,3 0.001 -1 0 40.0538 2 1,13 0.001 -1 -1 3,14 0.001 -1 0 0,12 0.001 -1 -1 28.0506 0 12,1 0.001 1 -1 15,3 0.001 1 0 14,3 0.002 -1 -1 15.0533 3 15,12 0.002 1 1 14,15 0.002 0 1 15,15 0.002 1 1 0 50 :10,3 11,3 12,3 :f,2,12 f,3,2 f,13,0 f,13,14 
129:2,2 0.001 -1 1 3,0 0.001 1 0 1,3 0.001 -1 0 40.0558 2 1,13 0.001 -1 -1 3,14 0.001 -1 0 0,12 0.001 -1 -1 28.0506 0 12,1 0.001 1 -1 15,3 0.001 1 -1 13,2 0.002 -1 -1 15.0543 3 15,12 0.002 1 1 14,15 0.002 0 1 15,15 0.002 1 1 0 50 :9,3 10,3 11,3 :f,2,12 f,3,2 f,13,0 f,13,14 
130:2,2 0.001 -1 1 3,0 0.001 1 0 1,3 0.001 -1 0 40.0558 2 1,13 0.001 -1 -1 2,14 0.001 -1 0 0,12 0.001 -1 0 28.0516 0 12,1 0.001 1 -1 15,3 0.001 0 -1 13,2 0.001 -1 -1 15.0543 3 15,12 0.002 1 1 14,15 0.002 0 1 15,15 0.002 1 1 0 50 :8,3 9,3 10,3 :f,2,12 f,3,2 f,13,0 f,13,14 
131:2,2 0.001 -1 1 3,0 0.001 1 0 1,3 0.001 -1 -1 40.0558 2 1,13 0.001 -1 -1 2,14 0.001 -1 0 0,12 0.001 -1 1 28.0516 0 12,1 0.001 1 -1 15,3 0.001 -1 -1 13,2 0.001 -1 -1 16.0544 18 15,12 0.002 1 1 14,15 0.002 0 1 15,15 0.002 1 1 0 50 :7,3 8,3 9,3 :f,2,12 f,3,2 f,13,14 f,14,3 
132:2,2 0.001 -1 1 3,0 0.001 1 1 0,2 0.001 -1 -1 40.0568 2 1,13 0.001 -1 -1 2,14 0.001 -1 -1 0,12 0.001 0 1 28.0516 0 13,0 0.001 1 -1 15,3 0.002 -1 -1 12,1 0.001 -1 -1 16.0564 14 15,12 0.002 1 1 14,15 0.002 0 1 15,15 0.002 1 1 0 50 :6,3 7,3 8,3 14,2 :f,2,12 f,3,2 f,13,14 f,14,3 
133:2,2 0.001 -1 1 3,0 0.001 1 1 0,2 0.001 -1 -1 40.0568 2 1,13 0.001 -1 -1 2,14 0.001 -1 -1 0,12 0.001 1 1 28.0516 0 13,0 0.001 1 -1 15,3 0.002 -1 -1 12,1 0.001 -1 -1 16.0564 10 15,12 0.002 1 1 14,15 0.002 0 1 15,15 0.002 1 1 0 50 :5,3 6,3 7,3 13,1 14,2 :f,2,12 f,3,2 f,13,14 f,14,3 
134:1,3 0.001 -1 1 3,0 0.001 1 1 0,2 0.001 0 -1 40.0578 2 1,13 0.001 -1 -1 2,14 0.001 -1 -1 0,12 0.001 1 1 28.0516 0 13,0 0.001 1 0 15,3 0.002 -1 -1 12,1 0.001 0 -1 16.0564 6 15,12 0.002 1 1 14,15 0.002 0 1 15,15 0.002 1 1 0 50 :4,3 5,3 6,3 12,0 13,1 14,2 :f,2,12 f,3,2 f,13,14 f,14,3 
135:1,3 0.001 -1 1 3,0 0.001 0 1 0,1 0.001 0 -1 40.0588 2 1,13 0.001 -1 -1 2,14 0.001 -1 -1 0,12 0.001 1 1 28.0516 0 13,0 0.002 1 0 15,3 0.002 -1 -1 12,0 0.001 0 -1 16.0574 2 15,12 0.002 1 1 14,15 0.002 0 1 15,15 0.002 1 1 0 50 :3,3 4,3 5,3 12,0 13,1 14,0 :f,2,12 f,3,2 f,13,14 f,14,3 
136:1,3 0.001 -1 0 3,1 0.001 0 1 0,1 0.001 0 -1 40.0598 2 1,13 0.001 -1 0 2,14 0.001 -1 -1 0,12 0.001 1 0 28.0516 0 14,0 0.002 1 0 15,3 0.002 -1 -1 12,0 0.001 0 -1 16.0584 2 15,12 0.002 1 1 14,15 0.002 0 1 15,15 0.002 1 1 0 50 :2,3 3,3 4,3 12,0 15,0 :f,2,12 f,3,2 f,13,14 f,14,3 
137:0,3 0.001 -1 0 3,1 0.001 0 1 0,1 0.001 1 -1 40.0608 2 1,13 0.001 -1 1 2,14 0.001 -1 -1 1,12 0.001 1 0 28.0526 0 14,0 0.001 1 0 15,3 0.002 -1 -1 12,0 0.001 1 -1 16.0584 2 15,12 0.002 1 1 14,15 0.002 0 1 15,15 0.002 1 1 0 50 :1,3 2,3 3,3 :f,2,12 f,3,2 f,13,14 f,14,3 
138:0,3 0.001 -1 0 3,1 0.001 0 1 1,0 0.001 1 -1 40.0618 2 1,13 0.001 0 1 2,14 0.001 -1 -1 1,12 0.001 1 0 28.0526 0 14,0 0.001 1 1 15,3 0.002 -1 -1 12,0 0.001 1 -1 16.0584 2 15,12 0.002 1 1 14,15 0.002 0 1 15,15 0.002 1 1 0 50 :0,3 1,3 2,3 :f,2,12 f,3,2 f,13,14 f,14,3 
139:0,3 0.001 -1 0 3,1 0.001 0 1 1,0 0.001 1 -1 42.0619 17 1,14 0.001 0 1 2,14 0.001 -1 -1 1,12 0.001 1 -1 28.0536 0 15,1 0.001 1 1 15,3 0.002 -1 -1 12,0 0.001 1 -1 19.0594 2 15,12 0.002 1 1 14,15 0.002 0 1 15,15 0.002 1 1 0 50 :0,3 1,3 :f,0,1 f,2,12 f,13,14 f,14,3 
140:0,3 0.002 -1 0 3,1 0.002 0 1 1,0 0.001 1 -1 42.0619 13 1,14 0.001 0 1 2,14 0.001 0 -1 1,12 0.001 0 -1 28.0536 0 15,1 0.001 1 1 15,3 0.002 -1 -1 12,0 0.001 1 -1 22.0594 2 15,12 0.002 1 1 14,15 0.002 0 1 15,15 0.002 1 1 0 50 :0,3 3,2 :f,0,1 f,2,12 f,13,14 f,14,3 
141:0,3 0.002 -1 0 3,1 0.002 0 1 1,0 0.001 1 0 42.0619 9 1,14 0.001 1 1 2,13 0.001 0 -1 1,12 0.001 -1 -1 28.0546 0 15,1 0.001 0 1 15,3 0.002 -1 -1 12,0 0.001 1 0 25.0594 2 15,12 0.002 1 1 14,15 0.002 0 1 15,15 0.002 1 1 0 50 :3,3 3,2 :f,0,1 f,2,12 f,13,14 f,14,3 
142:0,3 0.002 -1 0 3,1 0.002 0 1 1,0 0.002 1 0 42.0619 1 2,15 0.001 1 1 2,13 0.001 0 -1 1,12 0.001 -1 0 28.0557 15 15,2 0.001 0 1 15,3 0.002 -1 -1 13,0 0.001 1 0 25.0614 2 15,12 0.002 1 1 14,15 0.002 0 1 15,15 0.002 1 1 0 50 :3,4 3,3 3,2 2,0 :f,0,1 f,0,14 f,13,14 f,14,3 
143:0,3 0.002 -1 -1 3,1 0.002 -1 1 1,0 0.001 1 0 42.0619 1 2,15 0.002 1 1 2,13 0.001 0 -1 1,12 0.001 -1 1 28.0557 15 15,2 0.001 0 1 15,3 0.002 -1 -1 14,0 0.001 1 0 25.0624 2 15,12 0.002 1 1 14,15 0.002 0 1 15,15 0.002 1 1 0 50 :3,5 3,4 3,3 3,0 :f,0,1 f,0,14 f,13,14 f,14,3 
144:0,3 0.002 -1 -1 2,2 0.002 -1 1 1,0 0.001 1 1 42.0629 1 2,15 0.002 1 1 2,13 0.001 1 -1 0,13 0.001 -1 1 28.0567 15 15,2 0.001 -1 1 14,2 0.002 -1 -1 14,0 0.001 1 0 25.0634 2 15,12 0.002 1 1 14,15 0.002 0 1 15,15 0.002 1 1 0 50 :3,6 3,5 3,4 4,0 :f,0,1 f,0,14 f,13,14 f,14,3 
145:0,3 0.001 -1 -1 1,3 0.002 -1 1 2,1 0.001 1 1 42.0649 1 2,15 0.002 1 1 3,12 0.001 1 -1 0,13 0.001 -1 1 28.0577 15 15,2 0.001 -1 1 14,2 0.001 -1 -1 14,0 0.001 1 1 25.0634 2 15,12 0.002 1 1 14,15 0.002 0 1 15,15 0.002 1 1 0 50 :3,7 3,6 3,5 5,0 :f,0,1 f,0,14 f,13,14 f,14,3 
146:0,3 0.001 -1 -1 1,3 0.001 -1 1 3,2 0.001 1 1 42.0659 1 2,15 0.002 1 1 3,12 0.001 1 -1 0,13 0.001 -1 1 28.0577 15 15,2 0.001 -1 1 14,2 0.002 -1 -1 14,0 0.002 1 1 25.0635 9 15,12 0.002 1 1 14,15 0.002 0 1 15,15 0.002 1 1 0 50 :3,8 3,7 3,6 6,0 13,1 15,1 :f,0,1 f,0,14 f,13,1 f,13,14 
147:0,3 0.001 0 -1 1,3 0.001 -1 0 3,2 0.001 1 1 42.0659 1 2,15 0.002 1 1 3,12 0.001 1 -1 0,13 0.001 -1 1 28.0577 15 15,2 0.002 -1 1 14,2 0.002 -1 -1 15,1 0.002 1 1 25.0645 1 15,12 0.002 1 1 14,15 0.002 0 1 15,15 0.002 1 1 0 50 :3,9 3,8 3,7 7,0 12,0 14,3 13,1 :f,0,1 f,0,14 f,13,1 f,13,14 
148:0,2 0.001 0 -1 0,3 0.001 -1 0 3,2 0.001 0 1 42.0679 1 2,15 0.002 1 1 3,12 0.001 1 0 0,13 0.001 -1 1 28.0577 15 14,3 0.002 -1 1 14,2 0.002 -1 -1 15,1 0.001 1 1 25.0655 1 15,12 0.002 1 1 14,15 0.002 0 1 15,15 0.002 1 1 0 50 :3,10 3,9 3,8 8,0 13,4 12,0 :f,0,1 f,0,14 f,13,1 f,13,14 
149:0,2 0.001 0 -1 0,3 0.001 -1 0 3,3 0.001 0 1 42.0689 1 2,15 0.002 1 1 3,12 0.002 1 0 0,13 0.001 -1 1 28.0577 11 14,3 0.001 -1 1 14,2 0.001 -1 -1 15,1 0.002 1 1 25.0656 16 15,12 0.002 1 1 14,15 0.002 0 1 15,15 0.002 1 1 0 50 :3,11 3,10 3,9 9,0 12,5 4,12 :f,0,1 f,0,14 f,13,14 f,15,3 
150:0,2 0.001 0 -1 0,3 0.001 -1 0 3,3 0.001 0 1 42.0689 1 2,15 0.002 1 1 3,12 0.002 1 0 0,13 0.001 -1 1 28.0577 7 14,3 0.002 -1 1 14,2 0.001 -1 -1 15,1 0.002 1 1 25.0656 12 15,12 0.002 1 1 14,15 0.002 0 1 15,15 0.002 1 1 0 50 :3,12 3,11 3,10 10,0 11,6 5,12 4,12 13,4 :f,0,1 f,0,14 f,13,14 f,15,3 
151:0,2 0.001 0 -1 0,3 0.002 -1 0 3,3 0.002 0 1 45.069 12 2,15 0.002 1 1 3,12 0.002 1 0 0,13 0.001 -1 1 28.0577 3 14,3 0.002 -1 1 13,1 0.001 -1 -1 15,1 0.002 1 1 25.0666 8 15,12 0.002 1 1 14,15 0.002 0 1 15,15 0.002 1 1 0 50 :3,12 3,11 11,0 10,7 6,12 5,12 12,5 3,4 4,12 13,4 :f,0,14 f,1,2 f,13,14 f,15,3 
152:0,1 0.001 0 -1 0,3 0.002 -1 0 3,3 0.002 0 1 48.07 8 2,15 0.001 1 1 3,12 0.002 1 0 0,13 0.001 -1 1 28.0577 3 14,3 0.002 -1 1 13,1 0.001 -1 -1 15,1 0.002 1 1 25.0666 4 15,12 0.002 1 1 14,15 0.002 0 1 15,15 0.002 1 1 0 50 :3,12 12,0 9,8 7,12 6,12 11,6 3,5 5,12 12,5 3,4 13,4 :f,0,14 f,1,2 f,13,14 f,15,3 
153:0,1 0.001 0 -1 0,3 0.002 -1 0 3,3 0.002 0 1 51.07 4 2,15 0.001 0 1 3,12 0.001 1 0 0,13 0.001 -1 1 28.0577 3 14,3 0.002 -1 1 13,1 0.001 0 -1 15,1 0.002 0 1 25.0666 0 15,12 0.002 1 1 14,15 0.002 0 1 15,15 0.002 1 1 0 50 :13,0 8,9 8,12 7,12 10,7 3,6 6,12 11,6 3,5 12,5 3,4 13,4 :f,0,14 f,1,2 f,13,14 f,15,3 
154:0,1 0.001 1 -1 0,3 0.002 -1 0 3,3 0.002 0 1 51.07 0 2,15 0.001 0 1 3,12 0.001 1 0 0,13 0.001 -1 1 28.0577 3 14,3 0.002 -1 0 13,0 0.001 0 -1 15,2 0.002 0 1 25.0686 0 15,12 0.002 1 1 14,15 0.002 0 1 15,15 0.002 1 1 0 50 :14,0 7,10 9,12 8,12 9,8 3,7 7,12 10,7 3,6 11,6 3,5 12,5 3,4 :f,0,14 f,1,2 f,13,14 f,15,3 
155:1,0 0.001 1 -1 0,3 0.002 -1 0 3,3 0.002 -1 1 51.071 0 2,15 0.001 1 1 3,12 0.001 1 1 0,13 0.001 -1 1 28.0577 3 13,3 0.002 -1 0 13,0 0.001 0 -1 15,2 0.001 0 1 25.0697 15 15,12 0.002 1 1 14,15 0.002 0 1 15,15 0.002 1 1 0 50 :15,0 6,11 10,12 9,12 8,9 3,8 8,12 9,8 3,7 10,7 3,6 11,6 3,5 :f,0,14 f,1,2 f,13,14 f,14,0 
156:1,0 0.001 1 -1 0,3 0.001 -1 0 3,3 0.002 -1 1 51.071 0 2,15 0.001 1 0 3,12 0.001 1 1 0,13 0.001 0 1 28.0577 3 13,3 0.002 -1 0 13,0 0.001 0 -1 15,2 0.002 0 1 25.0697 7 15,12 0.002 1 1 14,15 0.002 0 1 15,15 0.002 1 1 0 50 :5,12 11,12 10,12 7,10 3,9 9,12 8,9 3,8 9,8 3,7 10,7 3,6 12,3 15,3 :f,0,14 f,1,2 f,13,14 f,14,0 
157:1,0 0.001 1 -1 0,3 0.001 -1 -1 3,3 0.001 -1 1 51.071 0 3,15 0.001 1 0 3,12 0.001 1 1 0,13 0.001 1 1 28.0587 3 13,3 0.002 -1 0 13,0 0.001 -1 -1 15,3 0.002 0 1 25.0707 3 15,12 0.002 1 1 14,15 0.002 0 1 15,15 0.002 1 1 0 50 :4,13 12,12 11,12 6,11 3,10 10,12 7,10 3,9 8,9 3,8 9,8 3,7 11,3 15,4 12,3 :f,0,14 f,1,2 f,13,14 f,14,0 
158:1,0 0.001 1 0 0,3 0.001 -1 -1 3,3 0.001 -1 0 51.071 0 3,15 0.001 1 -1 3,12 0.001 0 1 0,13 0.001 1 0 28.0587 3 12,3 0.002 -1 0 13,0 0.001 -1 0 15,3 0.001 0 1 25.0717 3 15,12 0.002 1 1 14,15 0.002 0 1 15,15 0.002 1 1 0 50 :3,14 13,12 12,12 5,12 3,11 11,12 6,11 3,10 7,10 3,9 8,9 3,8 10,3 15,5 11,3 :f,0,14 f,1,2 f,13,14 f,14,0 
159:2,0 0.001 1 0 0,3 0.001 -1 -1 2,3 0.001 -1 0 51.073 0 3,15 0.001 1 -1 3,13 0.001 0 1 1,13 0.001 1 0 28.0607 3 12,3 0.001 -1 0 13,0 0.001 -1 1 15,3 0.001 -1 1 25.0717 3 15,12 0.002 1 1 14,15 0.002 0 1 15,15 0.002 1 1 0 50 :2,15 14,12 13,12 4,13 3,12 12,12 5,12 3,11 6,11 3,10 7,10 3,9 9,3 15,6 10,3 :f,0,14 f,1,2 f,13,14 f,14,0 
160:2,0 0.001 1 0 0,3 0.001 0 -1 2,3 0.001 -1 0 51.073 0 3,15 0.001 1 -1 3,13 0.001 0 1 2,13 0.001 1 0 28.0617 3 12,3 0.001 -1 0 13,0 0.001 0 1 15,3 0.001 -1 1 25.0717 3 15,12 0.002 1 1 14,15 0.002 0 1 15,15 0.002 1 1 0 50 :15,12 14,12 3,14 3,13 13,12 4,13 3,12 5,12 3,11 6,11 3,10 8,3 15,7 9,3 :f,0,14 f,1,2 f,13,14 f,14,0 
161:2,0 0.001 1 1 0,2 0.001 0 -1 1,3 0.001 -1 0 54.075 0 3,15 0.001 0 -1 3,13 0.001 -1 1 2,13 0.001 1 0 31.0617 3 12,3 0.001 -1 -1 13,0 0.001 1 1 15,3 0.001 -1 1 25.0717 3 15,12 0.002 1 1 14,15 0.002 0 1 15,15 0.002 1 1 0 50 :15,12 2,15 14,12 3,14 3,13 4,13 3,12 5,12 3,11 7,3 15,8 8,3 :f,0,14 f,1,2 f,13,14 f,14,0 
162:3,1 0.001 1 1 0,2 0.001 0 -1 1,3 0.001 -1 0 57.076 0 3,15 0.001 -1 -1 2,14 0.001 -1 1 2,13 0.001 1 -1 34.0627 3 12,3 0.001 -1 -1 13,0 0.001 1 0 15,3 0.001 -1 0 25.0717 3 15,12 0.002 1 1 14,15 0.002 0 1 15,15 0.002 1 1 0 50 :15,12 2,15 3,14 3,13 4,13 3,12 6,3 15,9 7,3 :f,0,14 f,1,2 f,13,14 f,14,0 
163:3,1 0.001 1 1 0,2 0.001 0 -1 1,3 0.001 -1 -1 57.076 0 3,15 0.001 -1 -1 2,14 0.001 -1 1 3,12 0.001 1 -1 37.0637 3 12,3 0.001 -1 -1 13,0 0.001 1 -1 14,3 0.001 -1 0 25.0727 3 15,12 0.002 1 1 14,15 0.002 0 1 15,15 0.002 1 1 0 50 :2,15 3,14 3,14 3,13 5,3 15,10 6,3 :f,0,14 f,1,2 f,13,14 f,14,0 
164:3,1 0.001 1 1 0,1 0.001 0 -1 0,2 0.001 -1 -1 57.078 0 3,15 0.001 -1 -1 2,14 0.001 -1 1 3,12 0.001 1 -1 37.0637 3 12,3 0.001 0 -1 13,0 0.001 0 -1 14,3 0.001 -1 0 25.0727 3 15,12 0.002 1 1 14,15 0.002 0 1 15,15 0.002 1 1 0 50 :3,15 2,15 3,14 4,3 15,11 5,3 :f,0,14 f,1,2 f,13,14 f,14,0 
165:3,1 0.001 1 1 0,1 0.001 0 -1 0,2 0.001 -1 -1 60.078 0 3,15 0.001 0 -1 1,15 0.001 -1 1 3,12 0.001 1 -1 37.0647 3 12,2 0.001 0 -1 13,0 0.001 -1 -1 13,3 0.001 -1 0 25.0747 3 15,12 0.002 1 1 14,15 0.002 0 1 15,15 0.002 1 1 0 50 :3,15 3,3 15,12 4,3 :f,0,14 f,1,2 f,13,14 f,14,0 
166:3,1 0.001 1 1 0,1 0.001 1 -1 0,2 0.001 0 -1 63.078 0 3,14 0.001 0 -1 1,15 0.001 -1 1 3,12 0.001 1 -1 37.0657 3 12,1 0.001 0 -1 13,0 0.001 -1 0 13,3 0.001 -1 0 28.0757 3 15,12 0.002 1 1 14,15 0.002 0 1 15,15 0.002 1 1 0 50 :2,3 3,3 :f,0,14 f,1,2 f,13,14 f,14,0 
167:3,1 0.001 0 1 1,0 0.001 1 -1 0,1 0.001 0 -1 63.08 0 3,14 0.001 0 -1 1,15 0.001 -1 1 3,12 0.001 0 -1 37.0657 3 12,1 0.001 0 -1 13,0 0.001 -1 1 13,3 0.001 -1 -1 28.0757 3 15,12 0.002 1 1 14,15 0.002 0 1 15,15 0.002 1 1 0 50 :1,3 2,3 :f,0,14 f,1,2 f,13,14 f,14,0 
168:3,2 0.001 0 1 1,0 0.001 1 -1 0,1 0.001 0 -1 63.081 0 3,14 0.001 0 -1 1,15 0.001 -1 0 3,12 0.001 -1 -1 37.0657 3 12,1 0.001 1 -1 13,0 0.001 0 1 12,2 0.001 -1 -1 28.0767 3 15,12 0.002 1 1 14,15 0.002 0 1 15,15 0.002 1 1 0 50 :0,3 1,3 :f,0,14 f,1,2 f,13,14 f,14,0 
169:3,2 0.001 0 1 1,0 0.001 1 -1 0,1 0.001 0 -1 63.081 0 3,13 0.001 0 -1 0,15 0.001 -1 0 3,12 0.001 -1 0 37.0677 3 12,1 0.001 1 -1 13,0 0.001 1 1 12,2 0.001 -1 -1 28.0767 3 15,12 0.002 1 1 14,15 0.002 0 1 15,15 0.002 1 1 0 50 :0,3 :f,0,14 f,1,2 f,13,14 f,14,0 
170:3,2 0.001 -1 1 1,0 0.001 1 0 0,1 0.001 1 -1 63.081 0 3,13 0.001 0 -1 0,15 0.001 -1 0 3,12 0.001 -1 1 37.0677 3 12,1 0.001 1 -1 14,1 0.001 1 1 12,2 0.001 0 -1 28.0777 3 15,12 0.002 1 1 14,15 0.002 0 1 15,15 0.002 1 1 0 50 ::f,0,14 f,1,2 f,13,14 f,14,0 
171:2,3 0.001 -1 1 2,0 0.001 1 0 1,0 0.001 1 -1 63.084 0 3,13 0.001 -1 -1 0,15 0.001 -1 -1 3,12 0.001 0 1 37.0677 3 12,1 0.001 1 0 15,2 0.001 1 1 12,2 0.001 0 -1 28.0787 3 15,12 0.002 1 1 14,15 0.002 0 1 15,15 0.002 1 1 0 50 ::f,0,14 f,1,2 f,13,14 f,14,0 
172:2,3 0.001 -1 1 2,0 0.001 1 0 1,0 0.001 1 -1 63.084 0 2,12 0.001 -1 -1 0,15 0.001 -1 -1 3,12 0.001 1 1 37.0687 3 13,1 0.001 1 0 15,2 0.001 1 1 12,2 0.001 0 -1 28.0797 3 15,12 0.002 1 1 14,15 0.002 0 1 15,15 0.002 1 1 0 50 ::f,0,14 f,1,2 f,13,14 f,14,0 
173:2,3 0.001 -1 0 2,0 0.001 1 1 1,0 0.001 1 0 63.084 0 2,12 0.001 -1 -1 0,15 0.001 -1 -1 3,12 0.001 1 0 37.0687 3 13,1 0.001 1 0 15,2 0.001 1 0 12,2 0.001 1 -1 28.0797 3 15,12 0.002 1 1 14,15 0.002 0 1 15,15 0.002 1 1 0 50 ::f,0,14 f,1,2 f,13,14 f,14,0 
174:1,3 0.001 -1 0 3,1 0.001 1 1 2,0 0.001 1 0 63.087 0 2,12 0.001 -1 -1 0,15 0.001 -1 -1 3,12 0.001 1 -1 37.0687 3 14,1 0.001 1 0 15,2 0.001 1 -1 13,1 0.001 1 -1 28.0817 3 15,12 0.002 1 1 14,15 0.002 0 1 15,15 0.002 1 1 0 50 ::f,0,14 f,1,2 f,13,14 f,14,0 
175:1,3 0.001 -1 0 3,1 0.001 1 1 2,0 0.001 1 0 63.087 0 2,12 0.001 -1 -1 0,15 0.001 0 -1 3,12 0.001 0 -1 37.0687 3 14,1 0.001 1 0 15,2 0.001 0 -1 13,1 0.001 1 -1 28.0818 18 15,12 0.002 1 1 14,15 0.002 0 1 15,15 0.002 1 1 0 50 ::f,0,14 f,1,2 f,12,0 f,13,14 
176:1,3 0.001 -1 -1 3,1 0.001 0 1 2,0 0.001 1 1 63.087 0 2,12 0.001 -1 -1 0,15 0.001 0 -1 3,12 0.001 -1 -1 37.0687 3 14,1 0.002 1 0 15,2 0.001 -1 -1 13,1 0.001 1 -1 28.0818 14 15,12 0.002 1 1 14,15 0.002 0 1 15,15 0.002 1 1 0 50 :15,1 :f,0,14 f,1,2 f,12,0 f,13,14 
177:0,2 0.001 -1 -1 3,2 0.001 0 1 3,1 0.001 1 1 63.09 0 2,12 0.001 -1 -1 0,15 0.001 0 -1 3,12 0.001 -1 0 37.0687 3 14,1 0.002 1 0 15,2 0.001 -1 -1 13,1 0.001 1 0 28.0818 10 15,12 0.002 1 1 14,15 0.002 0 1 15,15 0.002 1 1 0 50 :15,1 :f,0,14 f,1,2 f,12,0 f,13,14 
178:0,2 0.001 -1 -1 3,2 0.001 0 1 3,1 0.001 1 1 63.09 0 2,12 0.001 -1 -1 0,15 0.001 0 -1 3,12 0.001 -1 1 37.0688 18 14,1 0.002 1 0 15,2 0.001 -1 -1 13,1 0.002 1 0 28.0818 2 15,12 0.002 1 1 14,15 0.002 0 1 15,15 0.002 1 1 0 50 :15,1 14,1 :f,1,2 f,1,14 f,12,0 f,13,14 
179:0,2 0.001 0 -1 3,2 0.001 -1 1 3,1 0.001 0 1 63.09 0 2,12 0.001 -1 -1 0,14 0.001 0 -1 3,12 0.001 0 1 37.0698 18 14,1 0.002 1 1 15,2 0.002 -1 -1 13,1 0.001 1 0 28.0818 2 15,12 0.002 1 1 14,15 0.002 0 1 15,15 0.002 1 1 0 50 ::f,1,2 f,1,14 f,12,0 f,13,14 
180:0,1 0.001 0 -1 2,3 0.001 -1 1 3,2 0.001 0 1 63.093 0 2,12 0.001 -1 -1 0,13 0.001 0 -1 3,12 0.001 1 1 37.0708 18 14,1 0.002 1 1 15,2 0.002 -1 -1 13,1 0.001 1 0 28.0818 2 15,12 0.002 1 1 14,15 0.002 0 1 15,15 0.002 1 1 0 50 ::f,1,2 f,1,14 f,12,0 f,13,14 
181:0,1 0.001 0 -1 2,3 0.001 -1 1 3,2 0.001 0 1 63.093 0 2,12 0.001 -1 -1 0,13 0.001 0 -1 3,12 0.001 1 1 37.0708 18 14,1 0.002 1 1 15,2 0.002 -1 -1 13,1 0.001 1 0 28.0818 2 15,12 0.002 1 1 14,15 0.002 0 1 15,15 0.002 1 1 0 50 ::f,1,2 f,1,14 f,12,0 f,13,14 
182:0,1 0.001 1 -1 2,3 0.001 -1 0 3,2 0.001 -1 1 63.093 0 2,12 0.001 -1 0 0,13 0.001 1 -1 3,12 0.001 1 0 37.0708 18 14,1 0.001 1 1 15,2 0.002 -1 -1 13,1 0.001 1 0 28.0818 2 15,12 0.002 1 1 14,15 0.002 0 1 15,15 0.002 1 1 0 50 ::f,1,2 f,1,14 f,12,0 f,13,14 
183:1,0 0.001 1 -1 1,3 0.001 -1 0 2,3 0.001 -1 1 63.096 0 2,12 0.002 -1 0 1,12 0.001 1 -1 3,12 0.001 1 -1 37.0718 14 14,1 0.001 1 1 15,2 0.001 -1 -1 13,1 0.001 1 0 28.0818 2 15,12 0.002 1 1 14,15 0.002 0 1 15,15 0.002 1 1 0 50 :1,12 :f,1,2 f,1,14 f,12,0 f,13,14 
184:1,0 0.001 1 -1 1,3 0.001 -1 0 2,3 0.001 -1 1 63.096 0 2,12 0.002 -1 0 1,12 0.001 1 -1 3,12 0.001 0 -1 37.0718 10 14,1 0.001 1 1 15,2 0.002 -1 -1 13,1 0.001 1 0 28.0818 2 15,12 0.002 1 1 14,15 0.002 0 1 15,15 0.002 1 1 0 50 :1,12 :f,1,2 f,1,14 f,12,0 f,13,14 
185:1,0 0.001 1 0 1,3 0.001 -1 -1 2,3 0.001 -1 0 63.096 0 2,12 0.002 -1 0 1,12 0.001 1 0 3,12 0.001 -1 -1 37.0718 6 14,1 0.001 1 1 15,2 0.002 -1 -1 13,1 0.001 1 0 28.0818 2 15,12 0.002 1 1 14,15 0.002 0 1 15,15 0.002 1 1 0 50 :1,12 :f,1,2 f,1,14 f,12,0 f,13,14 
186:2,0 0.001 1 0 0,2 0.001 -1 -1 1,3 0.001 -1 0 63.099 0 2,12 0.002 -1 0 1,12 0.001 1 0 3,12 0.001 -1 0 37.0718 2 14,1 0.001 1 1 15,2 0.002 -1 -1 13,1 0.001 1 0 28.0818 2 15,12 0.002 1 1 14,15 0.002 0 1 15,15 0.002 1 1 0 50 :1,12 :f,1,2 f,1,14 f,12,0 f,13,14 
187:2,0 0.001 1 0 0,2 0.001 -1 -1 1,3 0.001 -1 0 63.099 0 -10,-10 0.002 -1 0 -10,-10 0.001 1 0 -10,-10 0.001 -1 0 37.0718 2 14,1 0.001 1 1 15,2 0.001 -1 -1 13,1 0.001 1 0 28.0818 2 15,12 0.002 1 1 14,15 0.002 0 1 15,15 0.002 1 1 0 50 ::f,1,2 f,1,14 f,12,0 f,13,14 
188:2,0 0.001 1 1 0,2 0.001 0 -1 1,3 0.001 -1 0 63.099 0 -10,-10 0.002 -1 0 -10,-10 0.001 1 0 -10,-10 0.001 -1 0 37.0718 2 14,1 0.001 1 1 15,2 0.001 0 -1 13,1 0.001 1 0 28.0818 2 15,12 0.002 1 1 14,15 0.002 0 1 15,15 0.002 1 1 0 50 ::f,1,2 f,1,14 f,12,0 f,13,14 
189:3,1 0.001 1 1 0,1 0.001 0 -1 1,3 0.001 -1 -1 63.101 0 -10,-10 0.002 -1 0 -10,-10 0.001 1 0 -10,-10 0.001 -1 0 37.0718 2 14,1 0.001 1 1 15,1 0.001 0 -1 13,1 0.001 1 0 28.0828 2 15,12 0.002 1 1 14,15 0.002 0 1 15,15 0.002 1 1 0 50 ::f,1,2 f,1,14 f,12,0 f,13,14 
190:3,1 0.001 1 1 0,1 0.001 0 -1 0,2 0.001 -1 -1 63.102 0 -10,-10 0.002 -1 0 -10,-10 0.001 1 0 -10,-10 0.001 -1 0 37.0718 2 14,1 0.001 1 1 15,1 0.001 0 -1 13,1 0.001 1 1 28.0828 2 15,12 0.002 1 1 14,15 0.002 0 1 15,15 0.002 1 1 0 50 ::f,1,2 f,1,14 f,12,0 f,13,14 
191:3,1 0.001 0 1 0,1 0.001 1 -1 0,2 0.001 -1 -1 63.102 0 -10,-10 0.002 -1 0 -10,-10 0.001 1 0 -10,-10 0.001 -1 0 37.0718 2 14,1 0.001 0 1 15,1 0.001 1 -1 14,2 0.001 1 1 28.0838 2 15,12 0.002 1 1 14,15 0.002 0 1 15,15 0.002 1 1 0 50 ::f,1,2 f,1,14 f,12,0 f,13,14 
192:3,2 0.001 0 1 1,0 0.001 1 -1 0,2 0.001 0 -1 63.104 0 -10,-10 0.002 -1 0 -10,-10 0.001 1 0 -10,-10 0.001 -1 0 37.0718 2 14,1 0.001 0 1 15,1 0.001 1 -1 14,2 0.001 1 1 28.0838 2 15,12 0.002 1 1 14,15 0.002 0 1 15,15 0.002 1 1 0 50 ::f,1,2 f,1,14 f,12,0 f,13,14 
193:3,2 0.001 0 1 1,0 0.001 1 -1 0,1 0.001 0 -1 63.105 0 -10,-10 0.002 -1 0 -10,-10 0.001 1 0 -10,-10 0.001 -1 0 37.0718 2 14,1 0.001 0 1 15,1 0.001 1 -1 14,2 0.001 0 1 28.0838 2 15,12 0.002 1 1 14,15 0.002 0 1 15,15 0.002 1 1 0 50 ::f,1,2 f,1,14 f,12,0 f,13,14 
194:3,2 0.001 -1 1 1,0 0.001 1 0 0,1 0.001 0 -1 63.105 0 -10,-10 0.002 -1 0 -10,-10 0.001 1 0 -10,-10 0.001 -1 0 37.0718 2 14,1 0.001 0 1 15,1 0.001 1 -1 14,3 0.001 0 1 28.0848 2 15,12 0.002 1 1 14,15 0.002 0 1 15,15 0.002 1 1 0 50 ::f,1,2 f,1,14 f,12,0 f,13,14 
195:2,3 0.001 -1 1 2,0 0.001 1 0 0,1 0.001 1 -1 63.107 0 -10,-10 0.002 -1 0 -10,-10 0.001 1 0 -10,-10 0.001 -1 0 37.0718 2 14,1 0.001 -1 1 15,1 0.001 1 -1 14,3 0.001 0 1 28.0848 2 15,12 0.002 1 1 14,15 0.002 0 1 15,15 0.002 1 1 0 50 ::f,1,2 f,1,14 f,12,0 f,13,14 
196:2,3 0.001 -1 1 2,0 0.001 1 0 1,0 0.001 1 -1 63.108 0 -10,-10 0.002 -1 0 -10,-10 0.001 1 0 -10,-10 0.001 -1 0 37.0718 2 13,2 0.001 -1 1 15,1 0.001 0 -1 14,3 0.001 -1 1 28.0858 2 15,12 0.002 1 1 14,15 0.002 0 1 15,15 0.002 1 1 0 50 ::f,1,2 f,1,14 f,12,0 f,13,14 
197:2,3 0.001 -1 0 2,0 0.001 1 1 1,0 0.001 1 -1 63.108 0 -10,-10 0.002 -1 0 -10,-10 0.001 1 0 -10,-10 0.001 -1 0 37.0718 2 13,2 0.001 -1 1 15,1 0.001 -1 -1 14,3 0.001 -1 1 28.0858 2 15,12 0.002 1 1 14,15 0.002 0 1 15,15 0.002 1 1 0 50 ::f,1,2 f,1,14 f,12,0 f,13,14 
198:1,3 0.001 -1 0 3,1 0.001 1 1 1,0 0.001 1 -1 63.11 0 -10,-10 0.002 -1 0 -10,-10 0.001 1 0 -10,-10 0.001 -1 0 37.0718 2 13,2 0.001 -1 0 14,0 0.001 -1 -1 14,3 0.001 -1 1 28.0868 2 15,12 0.002 1 1 14,15 0.002 0 1 15,15 0.002 1 1 0 50 ::f,1,2 f,1,14 f,12,0 f,13,14 
199:1,3 0.001 -1 0 3,1 0.001 1 1 1,0 0.001 1 0 63.11 0 -10,-10 0.002 -1 0 -10,-10 0.001 1 0 -10,-10 0.001 -1 0 37.0718 2 12,2 0.001 -1 0 14,0 0.001 -1 -1 14,3 0.001 -1 0 28.0878 2 15,12 0.002 1 1 14,15 0.002 0 1 15,15 0.002 1 1 0 50 ::f,1,2 f,1,14 f,12,0 f,13,14 
200:1,3 0.001 -1 -1 3,1 0.001 0 1 2,0 0.001 1 0 63.111 0 -10,-10 0.002 -1 0 -10,-10 0.001 1 0 -10,-10 0.001 -1 0 37.0718 2 12,2 0.001 -1 0 14,0 0.001 -1 0 13,3 0.001 -1 0 28.0888 2 15,12 0.002 1 1 14,15 0.002 0 1 15,15 0.002 1 1 0 50 ::f,1,2 f,1,14 f,12,0 f,13,14 
201:0,2 0.001 -1 -1 3,2 0.001 0 1 2,0 0.001 1 0 63.113 0 -10,-10 0.002 -1 0 -10,-10 0.001 1 0 -10,-10 0.001 -1 0 37.0718 2 12,2 0.001 -1 -1 14,0 0.001 -1 1 13,3 0.001 -1 0 28.0888 2 15,12 0.002 1 1 14,15 0.002 0 1 15,15 0.002 1 1 0 50 ::f,1,2 f,1,14 f,12,0 f,13,14 
202:0,2 0.001 -1 -1 3,2 0.001 0 1 2,0 0.001 1 1 63.113 0 -10,-10 0.002 -1 0 -10,-10 0.001 1 0 -10,-10 0.001 -1 0 37.0718 2 12,2 0.001 -1 -1 13,1 0.001 -1 1 13,3 0.001 -1 -1 28.0898 2 15,12 0.002 1 1 14,15 0.002 0 1 15,15 0.002 1 1 0 50 ::f,1,2 f,1,14 f,12,0 f,13,14 
203:0,2 0.001 0 -1 3,2 0.001 -1 1 3,1 0.001 1 1 63.114 0 -10,-10 0.002 -1 0 -10,-10 0.001 1 0 -10,-10 0.001 -1 0 37.0718 2 12,2 0.001 -1 -1 13,1 0.001 -1 1 13,3 0.001 -1 -1 28.0898 2 15,12 0.002 1 1 14,15 0.002 0 1 15,15 0.002 1 1 0 50 ::f,1,2 f,1,14 f,12,0 f,13,14 
204:0,1 0.001 0 -1 2,3 0.001 -1 1 3,1 0.001 1 1 63.116 0 -10,-10 0.002 -1 0 -10,-10 0.001 1 0 -10,-10 0.001 -1 0 37.0718 2 12,2 0.001 -1 -1 13,1 0.001 0 1 13,3 0.001 -1 -1 28.0898 2 15,12 0.002 1 1 14,15 0.002 0 1 15,15 0.002 1 1 0 50 ::f,1,2 f,1,14 f,12,0 f,13,14 
205:0,1 0.001 0 -1 2,3 0.001 -1 1 3,1 0.001 0 1 63.116 0 -10,-10 0.002 -1 0 -10,-10 0.001 1 0 -10,-10 0.001 -1 0 37.0718 2 12,2 0.001 0 -1 13,1 0.001 1 1 13,3 0.001 -1 -1 28.0898 2 15,12 0.002 1 1 14,15 0.002 0 1 15,15 0.002 1 1 0 50 ::f,1,2 f,1,14 f,12,0 f,13,14 
206:0,1 0.001 1 -1 2,3 0.001 -1 0 3,2 0.001 0 1 63.117 0 -10,-10 0.002 -1 0 -10,-10 0.001 1 0 -10,-10 0.001 -1 0 37.0718 2 12,1 0.001 0 -1 13,1 0.001 1 0 12,2 0.001 -1 -1 28.0918 2 15,12 0.002 1 1 14,15 0.002 0 1 15,15 0.002 1 1 0 50 ::f,1,2 f,1,14 f,12,0 f,13,14 
207:1,0 0.001 1 -1 1,3 0.001 -1 0 3,2 0.001 0 1 63.119 0 -10,-10 0.002 -1 0 -10,-10 0.001 1 0 -10,-10 0.001 -1 0 37.0718 2 12,1 0.001 0 -1 14,1 0.001 1 0 12,2 0.001 -1 -1 28.0929 17 15,12 0.002 1 1 14,15 0.002 0 1 15,15 0.002 1 1 0 50 ::f,1,2 f,1,14 f,12,0 f,13,14 
208:1,0 0.001 1 -1 1,3 0.001 -1 0 3,2 0.001 -1 1 63.119 0 -10,-10 0.002 -1 0 -10,-10 0.001 1 0 -10,-10 0.001 -1 0 37.0718 2 12,1 0.001 1 -1 14,1 0.001 1 0 12,2 0.001 0 -1 28.0929 17 15,12 0.002 1 1 14,15 0.002 0 1 15,15 0.002 1 1 0 50 ::f,1,2 f,1,14 f,12,0 f,13,14 
209:1,0 0.001 1 -1 1,3 0.001 -1 -1 2,3 0.001 -1 1 63.12 0 -10,-10 0.002 -1 0 -10,-10 0.001 1 0 -10,-10 0.001 -1 0 37.0718 2 13,0 0.001 1 -1 14,1 0.001 1 -1 12,1 0.001 0 -1 28.0949 17 15,12 0.002 1 1 14,15 0.002 0 1 15,15 0.002 1 1 0 50 ::f,1,2 f,1,14 f,12,0 f,13,14 
210:1,0 0.001 1 0 0,2 0.001 -1 -1 2,3 0.001 -1 1 63.121 0 -10,-10 0.002 -1 0 -10,-10 0.001 1 0 -10,-10 0.001 -1 0 37.0718 2 13,0 0.001 1 -1 14,1 0.001 0 -1 12,1 0.001 0 -1 28.095 32 15,12 0.002 1 1 14,15 0.002 0 1 15,15 0.002 1 1 0 50 ::f,1,2 f,1,14 f,12,3 f,13,14 
211:2,0 0.001 1 0 0,2 0.001 -1 -1 2,3 0.001 -1 0 63.122 0 -10,-10 0.002 -1 0 -10,-10 0.001 1 0 -10,-10 0.001 -1 0 37.0718 2 13,0 0.001 1 0 14,0 0.001 0 -1 12,1 0.001 1 -1 28.096 32 15,12 0.002 1 1 14,15 0.002 0 1 15,15 0.002 1 1 0 50 ::f,1,2 f,1,14 f,12,3 f,13,14 
212:2,0 0.001 1 0 0,2 0.001 -1 -1 1,3 0.001 -1 0 63.123 0 -10,-10 0.002 -1 0 -10,-10 0.001 1 0 -10,-10 0.001 -1 0 37.0718 2 13,0 0.002 1 0 14,0 0.001 -1 -1 12,1 0.001 1 -1 28.096 28 15,12 0.002 1 1 14,15 0.002 0 1 15,15 0.002 1 1 0 50 :14,0 :f,1,2 f,1,14 f,12,3 f,13,14 
213:2,0 0.001 1 1 0,2 0.001 0 -1 1,3 0.001 -1 0 63.123 0 -10,-10 0.002 -1 0 -10,-10 0.001 1 0 -10,-10 0.001 -1 0 37.0718 2 13,0 0.002 1 0 14,0 0.001 -1 0 12,1 0.001 1 -1 28.096 24 15,12 0.002 1 1 14,15 0.002 0 1 15,15 0.002 1 1 0 50 :14,0 :f,1,2 f,1,14 f,12,3 f,13,14 
214:3,1 0.001 1 1 0,1 0.001 0 -1 1,3 0.001 -1 -1 63.125 0 -10,-10 0.002 -1 0 -10,-10 0.001 1 0 -10,-10 0.001 -1 0 37.0718 2 13,0 0.002 1 0 14,0 0.001 -1 1 12,1 0.001 1 -1 28.096 20 15,12 0.002 1 1 14,15 0.002 0 1 15,15 0.002 1 1 0 50 :14,0 :f,1,2 f,1,14 f,12,3 f,13,14 
215:3,1 0.001 1 1 0,1 0.001 0 -1 0,2 0.001 -1 -1 63.126 0 -10,-10 0.002 -1 0 -10,-10 0.001 1 0 -10,-10 0.001 -1 0 37.0718 2 13,0 0.002 1 0 14,0 0.001 0 1 12,1 0.001 1 0 28.096 16 15,12 0.002 1 1 14,15 0.002 0 1 15,15 0.002 1 1 0 50 :14,0 :f,1,2 f,1,14 f,12,3 f,13,14 
216:3,1 0.001 0 1 0,1 0.001 1 -1 0,2 0.001 -1 -1 63.126 0 -10,-10 0.002 -1 0 -10,-10 0.001 1 0 -10,-10 0.001 -1 0 37.0718 2 13,0 0.002 1 0 14,0 0.001 1 1 12,1 0.002 1 0 28.096 8 15,12 0.002 1 1 14,15 0.002 0 1 15,15 0.002 1 1 0 50 :14,0 13,1 :f,1,2 f,1,14 f,12,3 f,13,14 
217:3,2 0.001 0 1 1,0 0.001 1 -1 0,2 0.001 0 -1 63.128 0 -10,-10 0.002 -1 0 -10,-10 0.001 1 0 -10,-10 0.001 -1 0 37.0718 2 13,0 0.002 1 0 14,0 0.001 1 0 12,1 0.002 1 0 28.096 0 15,12 0.002 1 1 14,15 0.002 0 1 15,15 0.002 1 1 0 50 :14,1 14,0 13,1 :f,1,2 f,1,14 f,12,3 f,13,14 
218:3,2 0.001 0 1 1,0 0.001 1 -1 0,1 0.001 0 -1 63.129 0 -10,-10 0.002 -1 0 -10,-10 0.001 1 0 -10,-10 0.001 -1 0 37.0718 2 13,0 0.002 1 0 14,0 0.001 1 -1 13,1 0.002 1 0 28.097 0 15,12 0.002 1 1 14,15 0.002 0 1 15,15 0.002 1 1 0 50 :15,1 14,1 :f,1,2 f,1,14 f,12,3 f,13,14 
219:3,2 0.001 -1 1 1,0 0.001 1 0 0,1 0.001 0 -1 63.129 0 -10,-10 0.002 -1 0 -10,-10 0.001 1 0 -10,-10 0.001 -1 0 37.0718 2 13,0 0.002 1 0 14,0 0.001 1 -1 14,1 0.002 1 0 28.098 0 15,12 0.002 1 1 14,15 0.002 0 1 15,15 0.002 1 1 0 50 :15,1 :f,1,2 f,1,14 f,12,3 f,13,14 
220:2,3 0.001 -1 1 2,0 0.001 1 0 0,1 0.001 1 -1 63.131 0 -10,-10 0.002 -1 0 -10,-10 0.001 1 0 -10,-10 0.001 -1 0 37.0718 2 13,0 0.001 1 0 14,0 0.001 0 -1 14,1 0.001 1 0 28.098 0 15,12 0.002 1 1 14,15 0.002 0 1 15,15 0.002 1 1 0 50 ::f,1,2 f,1,14 f,12,3 f,13,14 
221:2,3 0.001 -1 1 2,0 0.001 1 0 1,0 0.001 1 -1 63.132 0 -10,-10 0.002 -1 0 -10,-10 0.001 1 0 -10,-10 0.001 -1 0 37.0718 2 13,0 0.001 1 0 14,0 0.001 -1 -1 14,1 0.001 1 1 28.098 0 15,12 0.002 1 1 14,15 0.002 0 1 15,15 0.002 1 1 0 50 ::f,1,2 f,1,14 f,12,3 f,13,14 
222:2,3 0.001 -1 0 2,0 0.001 1 1 1,0 0.001 1 -1 63.132 0 -10,-10 0.002 -1 0 -10,-10 0.001 1 0 -10,-10 0.001 -1 0 37.0718 2 13,0 0.001 1 0 14,0 0.001 -1 0 15,2 0.001 1 1 28.099 0 15,12 0.002 1 1 14,15 0.002 0 1 15,15 0.002 1 1 0 50 ::f,1,2 f,1,14 f,12,3 f,13,14 
223:1,3 0.001 -1 0 3,1 0.001 1 1 1,0 0.001 1 0 63.134 0 -10,-10 0.002 -1 0 -10,-10 0.001 1 0 -10,-10 0.001 -1 0 37.0718 2 13,0 0.001 1 0 14,0 0.001 -1 1 15,2 0.001 1 1 28.099 0 15,12 0.002 1 1 14,15 0.002 0 1 15,15 0.002 1 1 0 50 ::f,1,2 f,1,14 f,12,3 f,13,14 
224:1,3 0.001 -1 0 3,1 0.001 1 1 2,0 0.001 1 0 63.135 0 -10,-10 0.002 -1 0 -10,-10 0.001 1 0 -10,-10 0.001 -1 0 37.0718 2 13,0 0.001 1 0 13,1 0.001 -1 1 15,2 0.001 1 1 28.1 0 15,12 0.002 1 1 14,15 0.002 0 1 15,15 0.002 1 1 0 50 ::f,1,2 f,1,14 f,12,3 f,13,14 
225:1,3 0.001 -1 -1 3,1 0.001 0 1 2,0 0.001 1 0 63.135 0 -10,-10 0.002 -1 0 -10,-10 0.001 1 0 -10,-10 0.001 -1 0 37.0718 2 14,0 0.001 1 0 13,1 0.001 -1 1 15,2 0.001 0 1 28.101 0 15,12 0.002 1 1 14,15 0.002 0 1 15,15 0.002 1 1 0 50 ::f,1,2 f,1,14 f,12,3 f,13,14 
226:0,2 0.001 -1 -1 3,2 0.001 0 1 2,0 0.001 1 1 63.137 0 -10,-10 0.002 -1 0 -10,-10 0.001 1 0 -10,-10 0.001 -1 0 37.0718 2 14,0 0.001 1 0 12,2 0.001 -1 1 15,3 0.001 0 1 28.103 0 15,12 0.002 1 1 14,15 0.002 0 1 15,15 0.002 1 1 0 50 ::f,1,2 f,1,14 f,12,3 f,13,14 
227:0,2 0.001 -1 -1 3,2 0.001 0 1 3,1 0.001 1 1 63.138 0 -10,-10 0.002 -1 0 -10,-10 0.001 1 0 -10,-10 0.001 -1 0 37.0718 2 14,0 0.001 1 1 12,2 0.001 -1 1 15,3 0.001 0 1 28.103 0 15,12 0.002 1 1 14,15 0.002 0 1 15,15 0.002 1 1 0 50 ::f,1,2 f,1,14 f,12,3 f,13,14 
228:0,2 0.001 0 -1 3,2 0.001 0 1 3,1 0.001 1 1 63.138 0 -10,-10 0.002 -1 0 -10,-10 0.001 1 0 -10,-10 0.001 -1 0 37.0718 2 15,1 0.001 1 1 12,2 0.001 -1 1 15,3 0.001 -1 1 28.104 0 15,12 0.002 1 1 14,15 0.002 0 1 15,15 0.002 1 1 0 50 ::f,1,2 f,1,14 f,12,3 f,13,14 
229:0,1 0.001 0 -1 3,2 0.001 -1 1 3,1 0.001 0 1 63.139 0 -10,-10 0.002 -1 0 -10,-10 0.001 1 0 -10,-10 0.001 -1 0 37.0718 2 15,1 0.001 1 1 12,2 0.001 -1 1 15,3 0.001 -1 1 28.104 0 15,12 0.002 1 1 14,15 0.002 0 1 15,15 0.002 1 1 0 50 ::f,1,2 f,1,14 f,12,3 f,13,14 
230:0,1 0.001 0 -1 2,3 0.001 -1 1 3,2 0.001 0 1 63.141 0 -10,-10 0.002 -1 0 -10,-10 0.001 1 0 -10,-10 0.001 -1 0 37.0718 2 15,1 0.001 0 1 12,2 0.001 -1 1 15,3 0.001 -1 1 28.104 0 15,12 0.002 1 1 14,15 0.002 0 1 15,15 0.002 1 1 0 50 ::f,1,2 f,1,14 f,12,3 f,13,14 
231:0,1 0.001 1 -1 2,3 0.001 -1 1 3,2 0.001 0 1 63.141 0 -10,-10 0.002 -1 0 -10,-10 0.001 1 0 -10,-10 0.001 -1 0 37.0718 2 15,2 0.001 0 1 12,2 0.001 -1 1 15,3 0.001 -1 1 28.105 0 15,12 0.002 1 1 14,15 0.002 0 1 15,15 0.002 1 1 0 50 ::f,1,2 f,1,14 f,12,3 f,13,14 
232:1,0 0.001 1 -1 2,3 0.001 -1 0 3,2 0.001 -1 1 63.142 0 -10,-10 0.002 -1 0 -10,-10 0.001 1 0 -10,-10 0.001 -1 0 37.0718 2 15,2 0.001 0 1 12,2 0.001 -1 0 15,3 0.001 -1 0 28.105 0 15,12 0.002 1 1 14,15 0.002 0 1 15,15 0.002 1 1 0 50 ::f,1,2 f,1,14 f,12,3 f,13,14 
233:1,0 0.001 1 -1 1,3 0.001 -1 0 2,3 0.001 -1 1 63.144 0 -10,-10 0.002 -1 0 -10,-10 0.001 1 0 -10,-10 0.001 -1 0 37.0718 2 15,2 0.001 -1 1 12,2 0.001 -1 0 14,3 0.001 -1 0 28.106 0 15,12 0.002 1 1 14,15 0.002 0 1 15,15 0.002 1 1 0 50 ::f,1,2 f,1,14 f,12,3 f,13,14 
234:1,0 0.001 1 0 1,3 0.001 -1 0 2,3 0.001 -1 1 63.144 0 -10,-10 0.002 -1 0 -10,-10 0.001 1 0 -10,-10 0.001 -1 0 37.0718 2 15,2 0.001 -1 1 12,2 0.001 -1 0 13,3 0.001 -1 0 28.107 0 15,12 0.002 1 1 14,15 0.002 0 1 15,15 0.002 1 1 0 50 ::f,1,2 f,1,14 f,12,3 f,13,14 
235:2,0 0.001 1 0 1,3 0.001 -1 -1 2,3 0.001 -1 0 63.145 0 -10,-10 0.002 -1 0 -10,-10 0.001 1 0 -10,-10 0.001 -1 0 37.0718 2 14,3 0.001 -1 1 12,2 0.001 -1 1 13,3 0.001 -1 0 28.1081 15 15,12 0.002 1 1 14,15 0.002 0 1 15,15 0.002 1 1 0 50 ::f,1,2 f,1,14 f,12,1 f,13,14 
236:2,0 0.001 1 0 0,2 0.001 -1 -1 1,3 0.001 -1 0 63.147 0 -10,-10 0.002 -1 0 -10,-10 0.001 1 0 -10,-10 0.001 -1 0 37.0718 2 14,3 0.002 -1 1 12,2 0.001 0 1 13,3 0.002 -1 0 28.1081 7 15,12 0.002 1 1 14,15 0.002 0 1 15,15 0.002 1 1 0 50 :13,4 12,3 :f,1,2 f,1,14 f,12,1 f,13,14 
237:2,0 0.001 1 1 0,2 0.001 -1 -1 1,3 0.001 -1 0 63.147 0 -10,-10 0.002 -1 0 -10,-10 0.001 1 0 -10,-10 0.001 -1 0 37.0718 2 14,3 0.002 -1 1 12,2 0.001 1 1 12,3 0.002 -1 0 28.1091 3 15,12 0.002 1 1 14,15 0.002 0 1 15,15 0.002 1 1 0 50 :12,5 11,3 13,4 :f,1,2 f,1,14 f,12,1 f,13,14 
238:3,1 0.001 1 1 0,2 0.001 0 -1 1,3 0.001 -1 -1 63.148 0 -10,-10 0.002 -1 0 -10,-10 0.001 1 0 -10,-10 0.001 -1 0 37.0718 2 14,3 0.002 -1 1 12,2 0.001 1 0 12,3 0.001 -1 0 28.1091 3 15,12 0.002 1 1 14,15 0.002 0 1 15,15 0.002 1 1 0 50 :11,6 10,3 12,5 :f,1,2 f,1,14 f,12,1 f,13,14 
239:3,1 0.001 1 1 0,1 0.001 0 -1 0,2 0.001 -1 -1 63.15 0 -10,-10 0.002 -1 0 -10,-10 0.001 1 0 -10,-10 0.001 -1 0 37.0718 2 14,3 0.001 -1 1 12,2 0.001 1 -1 12,3 0.001 -1 -1 28.1091 3 15,12 0.002 1 1 14,15 0.002 0 1 15,15 0.002 1 1 0 50 :10,7 9,3 11,6 :f,1,2 f,1,14 f,12,1 f,13,14 
240:3,1 0.001 0 1 0,1 0.001 0 -1 0,2 0.001 -1 -1 63.15 0 -10,-10 0.002 -1 0 -10,-10 0.001 1 0 -10,-10 0.001 -1 0 37.0718 2 14,3 0.001 -1 0 12,2 0.002 1 -1 12,3 0.001 -1 -1 28.1091 3 15,12 0.002 1 1 14,15 0.002 0 1 15,15 0.002 1 1 0 50 :9,8 8,3 10,7 :f,1,2 f,1,14 f,12,1 f,13,14 
241:3,2 0.001 0 1 0,1 0.001 1 -1 0,2 0.001 0 -1 63.151 0 -10,-10 0.002 -1 0 -10,-10 0.001 1 0 -10,-10 0.001 -1 0 37.0718 2 13,3 0.001 -1 0 12,2 0.002 1 -1 12,3 0.001 -1 -1 28.1101 3 15,12 0.002 1 1 14,15 0.002 0 1 15,15 0.002 1 1 0 50 :8,9 7,3 9,8 :f,1,2 f,1,14 f,12,1 f,13,14 
242:3,2 0.001 0 1 1,0 0.001 1 -1 0,1 0.001 0 -1 63.153 0 -10,-10 0.002 -1 0 -10,-10 0.001 1 0 -10,-10 0.001 -1 0 37.0718 2 13,3 0.001 -1 0 12,2 0.002 1 -1 12,3 0.001 0 -1 28.1101 3 15,12 0.002 1 1 14,15 0.002 0 1 15,15 0.002 1 1 0 50 :7,10 6,3 8,9 :f,1,2 f,1,14 f,12,1 f,13,14 
243:3,2 0.001 0 1 1,0 0.001 1 -1 0,1 0.001 0 -1 63.153 0 -10,-10 0.002 -1 0 -10,-10 0.001 1 0 -10,-10 0.001 -1 0 37.0718 2 13,3 0.001 -1 -1 12,2 0.002 1 -1 12,3 0.001 0 -1 28.1101 3 15,12 0.002 1 1 14,15 0.002 0 1 15,15 0.002 1 1 0 50 :6,11 5,3 7,10 :f,1,2 f,1,14 f,12,1 f,13,14 
244:3,2 0.001 -1 1 1,0 0.001 1 0 0,1 0.001 1 -1 63.153 0 -10,-10 0.002 -1 0 -10,-10 0.001 1 0 -10,-10 0.001 -1 0 37.0718 2 13,3 0.001 -1 -1 12,2 0.002 1 -1 12,3 0.001 0 -1 28.1101 3 15,12 0.002 1 1 14,15 0.002 0 1 15,15 0.002 1 1 0 50 :5,12 4,3 6,11 :f,1,2 f,1,14 f,12,1 f,13,14 
245:2,3 0.001 -1 1 2,0 0.001 1 0 1,0 0.001 1 -1 63.156 0 -10,-10 0.002 -1 0 -10,-10 0.001 1 0 -10,-10 0.001 -1 0 37.0718 2 13,3 0.001 -1 -1 13,1 0.002 1 -1 12,2 0.001 0 -1 28.1121 3 15,12 0.002 1 1 14,15 0.002 0 1 15,15 0.002 1 1 0 50 :4,13 3,3 5,12 :f,1,2 f,1,14 f,12,1 f,13,14 
246:2,3 0.001 -1 1 2,0 0.001 1 0 1,0 0.001 1 -1 63.156 0 -10,-10 0.002 -1 0 -10,-10 0.001 1 0 -10,-10 0.001 -1 0 37.0718 2 13,3 0.001 -1 -1 13,1 0.001 1 -1 12,2 0.001 0 -1 28.1122 18 15,12 0.002 1 1 14,15 0.002 0 1 15,15 0.002 1 1 0 50 :3,14 2,3 4,13 :f,1,2 f,1,14 f,13,14 f,14,3 
247:2,3 0.001 -1 0 2,0 0.001 1 1 1,0 0.001 1 0 63.156 0 -10,-10 0.002 -1 0 -10,-10 0.001 1 0 -10,-10 0.001 -1 0 37.0718 2 13,3 0.001 -1 -1 13,1 0.002 1 -1 12,2 0.001 1 -1 31.1122 14 15,12 0.002 1 1 14,15 0.002 0 1 15,15 0.002 1 1 0 50 :2,15 3,14 14,0 :f,1,2 f,1,14 f,13,14 f,14,3 
248:1,3 0.001 -1 0 3,1 0.001 1 1 2,0 0.001 1 0 63.159 0 -10,-10 0.002 -1 0 -10,-10 0.001 1 0 -10,-10 0.001 -1 0 37.0718 2 13,3 0.001 -1 -1 14,0 0.002 1 -1 13,1 0.001 1 -1 31.1142 14 15,12 0.002 1 1 14,15 0.002 0 1 15,15 0.002 1 1 0 50 :2,15 :f,1,2 f,1,14 f,13,14 f,14,3 
249:1,3 0.001 -1 0 3,1 0.001 1 1 2,0 0.001 1 0 63.159 0 -10,-10 0.002 -1 0 -10,-10 0.001 1 0 -10,-10 0.001 -1 0 37.0718 2 12,2 0.001 -1 -1 14,0 0.002 1 -1 13,1 0.001 1 -1 31.1152 14 15,12 0.002 1 1 14,15 0.002 0 1 15,15 0.002 1 1 0 50 ::f,1,2 f,1,14 f,13,14 f,14,3 
250:1,3 0.001 -1 -1 3,1 0.001 0 1 2,0 0.001 1 1 63.159 0 -10,-10 0.002 -1 0 -10,-10 0.001 1 0 -10,-10 0.001 -1 0 37.0718 2 12,2 0.001 -1 -1 14,0 0.002 1 -1 13,1 0.001 1 0 31.1152 14 15,12 0.002 1 1 14,15 0.002 0 1 15,15 0.002 1 1 0 50 ::f,1,2 f,1,14 f,13,14 f,14,3 
251:0,2 0.001 -1 -1 3,2 0.001 0 1 3,1 0.001 1 1 63.162 0 -10,-10 0.002 -1 0 -10,-10 0.001 1 0 -10,-10 0.001 -1 0 37.0718 2 12,2 0.001 0 -1 14,0 0.002 0 -1 13,1 0.002 1 0 31.1152 10 15,12 0.002 1 1 14,15 0.002 0 1 15,15 0.002 1 1 0 50 :14,1 :f,1,2 f,1,14 f,13,14 f,14,3 
252:0,2 0.001 -1 -1 3,2 0.001 0 1 3,1 0.001 1 1 63.162 0 -10,-10 0.002 -1 0 -10,-10 0.001 1 0 -10,-10 0.001 -1 0 37.0718 2 12,1 0.001 0 -1 14,0 0.002 0 -1 13,1 0.002 1 0 31.1162 6 15,12 0.002 1 1 14,15 0.002 0 1 15,15 0.002 1 1 0 50 :15,1 14,1 :f,1,2 f,1,14 f,13,14 f,14,3 
253:0,2 0.001 0 -1 3,2 0.001 -1 1 3,1 0.001 0 1 63.162 0 -10,-10 0.002 -1 0 -10,-10 0.001 1 0 -10,-10 0.001 -1 0 37.0718 2 12,1 0.001 0 -1 14,0 0.002 -1 -1 13,1 0.002 1 0 31.1162 2 15,12 0.002 1 1 14,15 0.002 0 1 15,15 0.002 1 1 0 50 :15,1 14,1 :f,1,2 f,1,14 f,13,14 f,14,3 
254:0,1 0.001 0 -1 2,3 0.001 -1 1 3,2 0.001 0 1 63.165 0 -10,-10 0.002 -1 0 -10,-10 0.001 1 0 -10,-10 0.001 -1 0 37.0718 2 12,1 0.001 1 -1 14,0 0.002 -1 0 14,1 0.002 1 0 31.1172 2 15,12 0.002 1 1 14,15 0.002 0 1 15,15 0.002 1 1 0 50 :15,1 :f,1,2 f,1,14 f,13,14 f,14,3 
255:0,1 0.001 0 -1 2,3 0.001 -1 1 3,2 0.001 0 1 63.165 0 -10,-10 0.002 -1 0 -10,-10 0.001 1 0 -10,-10 0.001 -1 0 37.0718 2 13,0 0.001 1 -1 14,0 0.002 -1 1 14,1 0.001 1 0 31.1182 2 15,12 0.002 1 1 14,15 0.002 0 1 15,15 0.002 1 1 0 50 ::f,1,2 f,1,14 f,13,14 f,14,3 
256:0,1 0.001 1 -1 2,3 0.001 -1 0 3,2 0.001 -1 1 63.165 0 -10,-10 0.002 -1 0 -10,-10 0.001 1 0 -10,-10 0.001 -1 0 37.0718 2 13,0 0.001 1 -1 13,1 0.002 -1 1 14,1 0.001 1 1 31.1192 2 15,12 0.002 1 1 14,15 0.002 0 1 15,15 0.002 1 1 0 50 ::f,1,2 f,1,14 f,13,14 f,14,3 
257:1,0 0.001 1 -1 1,3 0.001 -1 0 2,3 0.001 -1 1 63.168 0 -10,-10 0.002 -1 0 -10,-10 0.001 1 0 -10,-10 0.001 -1 0 37.0718 2 13,0 0.001 1 0 12,2 0.002 -1 1 15,2 0.001 1 1 31.1212 2 15,12 0.002 1 1 14,15 0.002 0 1 15,15 0.002 1 1 0 50 ::f,1,2 f,1,14 f,13,14 f,14,3 
258:1,0 0.001 1 -1 1,3 0.001 -1 0 2,3 0.001 -1 1 63.168 0 -10,-10 0.002 -1 0 -10,-10 0.001 1 0 -10,-10 0.001 -1 0 37.0718 2 14,0 0.001 1 0 12,2 0.001 -1 1 15,2 0.001 1 1 31.1222 2 15,12 0.002 1 1 14,15 0.002 0 1 15,15 0.002 1 1 0 50 ::f,1,2 f,1,14 f,13,14 f,14,3 
259:1,0 0.001 1 0 1,3 0.001 -1 -1 2,3 0.001 -1 0 63.168 0 -10,-10 0.002 -1 0 -10,-10 0.001 1 0 -10,-10 0.001 -1 0 37.0718 2 14,0 0.001 1 0 12,2 0.001 -1 1 15,2 0.001 0 1 31.1222 2 15,12 0.002 1 1 14,15 0.002 0 1 15,15 0.002 1 1 0 50 ::f,1,2 f,1,14 f,13,14 f,14,3 
260:2,0 0.001 1 0 0,2 0.001 -1 -1 1,3 0.001 -1 0 63.171 0 -10,-10 0.002 -1 0 -10,-10 0.001 1 0 -10,-10 0.001 -1 0 37.0718 2 14,0 0.001 1 0 12,2 0.001 -1 1 15,3 0.001 0 1 31.1232 2 15,12 0.002 1 1 14,15 0.002 0 1 15,15 0.002 1 1 0 50 ::f,1,2 f,1,14 f,13,14 f,14,3 
261:2,0 0.001 1 0 0,2 0.001 -1 -1 1,3 0.001 -1 0 63.171 0 -10,-10 0.002 -1 0 -10,-10 0.001 1 0 -10,-10 0.001 -1 0 37.0718 2 14,0 0.001 1 1 12,2 0.001 -1 1 15,3 0.001 0 1 31.1232 2 15,12 0.002 1 1 14,15 0.002 0 1 15,15 0.002 1 1 0 50 ::f,1,2 f,1,14 f,13,14 f,14,3 
262:2,0 0.001 1 1 0,2 0.001 0 -1 1,3 0.001 -1 -1 63.171 0 -10,-10 0.002 -1 0 -10,-10 0.001 1 0 -10,-10 0.001 -1 0 37.0718 2 15,1 0.001 1 1 12,2 0.001 -1 1 15,3 0.001 0 1 31.1242 2 15,12 0.002 1 1 14,15 0.002 0 1 15,15 0.002 1 1 0 50 ::f,1,2 f,1,14 f,13,14 f,14,3 
263:3,1 0.001 1 1 0,1 0.001 0 -1 0,2 0.001 -1 -1 63.174 0 -10,-10 0.002 -1 0 -10,-10 0.001 1 0 -10,-10 0.001 -1 0 37.0718 2 15,1 0.001 1 1 12,2 0.001 -1 1 15,3 0.001 -1 1 31.1242 2 15,12 0.002 1 1 14,15 0.002 0 1 15,15 0.002 1 1 0 50 ::f,1,2 f,1,14 f,13,14 f,14,3 
264:3,1 0.001 1 1 0,1 0.001 0 -1 0,2 0.001 -1 -1 63.174 0 -10,-10 0.002 -1 0 -10,-10 0.001 1 0 -10,-10 0.001 -1 0 37.0718 2 15,1 0.001 0 1 12,2 0.001 -1 1 15,3 0.001 -1 1 31.1242 2 15,12 0.002 1 1 14,15 0.002 0 1 15,15 0.002 1 1 0 50 ::f,1,2 f,1,14 f,13,14 f,14,3 
265:3,1 0.001 1 1 0,1 0.001 1 -1 0,2 0.001 0 -1 63.174 0 -10,-10 0.002 -1 0 -10,-10 0.001 1 0 -10,-10 0.001 -1 0 37.0718 2 15,2 0.001 0 1 12,2 0.001 -1 1 15,3 0.001 -1 1 31.1252 2 15,12 0.002 1 1 14,15 0.002 0 1 15,15 0.002 1 1 0 50 ::f,1,2 f,1,14 f,13,14 f,14,3 
266:3,1 0.001 0 1 1,0 0.001 1 -1 0,1 0.001 0 -1 63.176 0 -10,-10 0.002 -1 0 -10,-10 0.001 1 0 -10,-10 0.001 -1 0 37.0718 2 15,2 0.001 0 1 12,2 0.001 -1 1 15,3 0.001 -1 0 31.1252 2 15,12 0.002 1 1 14,15 0.002 0 1 15,15 0.002 1 1 0 50 ::f,1,2 f,1,14 f,13,14 f,14,3 
267:3,2 0.001 0 1 1,0 0.001 1 -1 0,1 0.001 0 -1 63.177 0 -10,-10 0.002 -1 0 -10,-10 0.001 1 0 -10,-10 0.001 -1 0 37.0718 2 15,2 0.001 -1 1 12,2 0.001 -1 1 15,3 0.001 -1 0 31.1252 2 15,12 0.002 1 1 14,15 0.002 0 1 15,15 0.002 1 1 0 50 ::f,1,2 f,1,14 f,13,14 f,14,3 
268:3,2 0.001 0 1 1,0 0.001 1 0 0,1 0.001 1 -1 63.177 0 -10,-10 0.002 -1 0 -10,-10 0.001 1 0 -10,-10 0.001 -1 0 37.0718 2 15,2 0.001 -1 1 12,2 0.001 -1 1 15,3 0.001 -1 0 31.1253 17 15,12 0.002 1 1 14,15 0.002 0 1 15,15 0.002 1 1 0 50 ::f,1,2 f,1,14 f,13,2 f,13,14 
269:3,2 0.001 -1 1 2,0 0.001 1 0 1,0 0.001 1 -1 63.179 0 -10,-10 0.002 -1 0 -10,-10 0.001 1 0 -10,-10 0.001 -1 0 37.0718 2 15,2 0.002 -1 1 12,2 0.001 -1 1 15,3 0.002 -1 0 31.1253 9 15,12 0.002 1 1 14,15 0.002 0 1 15,15 0.002 1 1 0 50 :14,3 14,3 :f,1,2 f,1,14 f,13,2 f,13,14 
270:2,3 0.001 -1 1 2,0 0.001 1 0 1,0 0.001 1 -1 63.18 0 -10,-10 0.002 -1 0 -10,-10 0.001 1 0 -10,-10 0.001 -1 0 37.0718 2 15,2 0.002 -1 1 12,2 0.001 -1 1 15,3 0.002 -1 0 31.1253 1 15,12 0.002 1 1 14,15 0.002 0 1 15,15 0.002 1 1 0 50 :13,4 13,3 14,3 14,3 :f,1,2 f,1,14 f,13,2 f,13,14 
271:2,3 0.001 -1 1 2,0 0.001 1 1 1,0 0.001 1 0 63.18 0 -10,-10 0.002 -1 0 -10,-10 0.001 1 0 -10,-10 0.001 -1 0 37.0718 2 14,3 0.002 -1 1 12,2 0.001 -1 1 15,3 0.001 -1 0 31.1263 1 15,12 0.002 1 1 14,15 0.002 0 1 15,15 0.002 1 1 0 50 :12,5 12,3 13,4 13,3 :f,1,2 f,1,14 f,13,2 f,13,14 
272:2,3 0.001 -1 0 3,1 0.001 1 1 2,0 0.001 1 0 63.182 0 -10,-10 0.002 -1 0 -10,-10 0.001 1 0 -10,-10 0.001 -1 0 37.0718 2 14,3 0.001 -1 1 12,2 0.001 0 1 15,3 0.001 -1 -1 31.1263 1 15,12 0.002 1 1 14,15 0.002 0 1 15,15 0.002 1 1 0 50 :11,6 11,3 12,5 12,3 :f,1,2 f,1,14 f,13,2 f,13,14 
273:1,3 0.001 -1 0 3,1 0.001 1 1 2,0 0.001 1 0 63.183 0 -10,-10 0.002 -1 0 -10,-10 0.001 1 0 -10,-10 0.001 -1 0 37.0718 2 14,3 0.001 -1 0 12,2 0.001 1 1 14,2 0.001 -1 -1 31.1273 1 15,12 0.002 1 1 14,15 0.002 0 1 15,15 0.002 1 1 0 50 :10,7 10,3 11,6 11,3 :f,1,2 f,1,14 f,13,2 f,13,14 
274:1,3 0.001 -1 0 3,1 0.001 0 1 2,0 0.001 1 0 63.183 0 -10,-10 0.002 -1 0 -10,-10 0.001 1 0 -10,-10 0.001 -1 0 37.0718 2 13,3 0.001 -1 0 12,2 0.001 1 0 14,2 0.001 -1 -1 31.1283 1 15,12 0.002 1 1 14,15 0.002 0 1 15,15 0.002 1 1 0 50 :9,8 9,3 10,7 10,3 :f,1,2 f,1,14 f,13,2 f,13,14 
275:1,3 0.001 -1 -1 3,2 0.001 0 1 2,0 0.001 1 1 63.184 0 -10,-10 0.002 -1 0 -10,-10 0.001 1 0 -10,-10 0.001 -1 0 37.0718 2 13,3 0.001 -1 0 12,2 0.001 1 -1 13,1 0.001 -1 -1 31.1293 1 15,12 0.002 1 1 14,15 0.002 0 1 15,15 0.002 1 1 0 50 :8,9 8,3 9,8 9,3 :f,1,2 f,1,14 f,13,2 f,13,14 
276:0,2 0.001 -1 -1 3,2 0.001 0 1 3,1 0.001 1 1 63.186 0 -10,-10 0.002 -1 0 -10,-10 0.001 1 0 -10,-10 0.001 -1 0 37.0718 2 13,3 0.001 -1 -1 12,2 0.002 1 -1 13,1 0.001 -1 -1 31.1293 1 15,12 0.002 1 1 14,15 0.002 0 1 15,15 0.002 1 1 0 50 :7,10 7,3 8,9 8,3 :f,1,2 f,1,14 f,13,2 f,13,14 
277:0,2 0.001 -1 -1 3,2 0.001 -1 1 3,1 0.001 1 1 63.186 0 -10,-10 0.002 -1 0 -10,-10 0.001 1 0 -10,-10 0.001 -1 0 37.0718 2 13,3 0.001 -1 -1 12,2 0.002 1 -1 13,1 0.001 0 -1 31.1293 1 15,12 0.002 1 1 14,15 0.002 0 1 15,15 0.002 1 1 0 50 :6,11 6,3 7,10 7,3 :f,1,2 f,1,14 f,13,2 f,13,14 
278:0,2 0.001 0 -1 2,3 0.001 -1 1 3,1 0.001 0 1 63.187 0 -10,-10 0.002 -1 0 -10,-10 0.001 1 0 -10,-10 0.001 -1 0 37.0718 2 13,3 0.001 -1 -1 12,2 0.002 1 -1 13,0 0.001 0 -1 31.1303 1 15,12 0.002 1 1 14,15 0.002 0 1 15,15 0.002 1 1 0 50 :5,12 5,3 6,11 6,3 :f,1,2 f,1,14 f,13,2 f,13,14 
279:0,1 0.001 0 -1 2,3 0.001 -1 1 3,2 0.001 0 1 63.189 0 -10,-10 0.002 -1 0 -10,-10 0.001 1 0 -10,-10 0.001 -1 0 37.0718 2 13,3 0.001 0 -1 13,1 0.002 1 -1 13,0 0.001 0 -1 31.1313 1 15,12 0.002 1 1 14,15 0.002 0 1 15,15 0.002 1 1 0 50 :4,13 4,3 5,12 5,3 :f,1,2 f,1,14 f,13,2 f,13,14 
280:0,1 0.001 0 -1 2,3 0.001 -1 0 3,2 0.001 0 1 63.189 0 -10,-10 0.002 -1 0 -10,-10 0.001 1 0 -10,-10 0.001 -1 0 37.0718 2 13,3 0.001 0 -1 13,1 0.001 1 -1 13,0 0.001 0 -1 31.1313 1 15,12 0.002 1 1 14,15 0.002 0 1 15,15 0.002 1 1 0 50 :3,14 3,3 4,13 4,3 :f,1,2 f,1,14 f,13,2 f,13,14 
281:0,1 0.001 0 -1 1,3 0.001 -1 0 3,2 0.001 -1 1 63.19 0 -10,-10 0.002 -1 0 -10,-10 0.001 1 0 -10,-10 0.001 -1 0 37.0718 2 13,3 0.001 0 -1 14,0 0.001 1 -1 13,0 0.001 1 -1 31.1324 16 15,12 0.002 1 1 14,15 0.002 0 1 15,15 0.002 1 1 0 50 :2,15 2,3 3,14 3,3 :f,1,2 f,1,14 f,12,0 f,13,14 
282:0,1 0.001 1 -1 1,3 0.001 -1 0 2,3 0.001 -1 1 63.191 0 -10,-10 0.002 -1 0 -10,-10 0.001 1 0 -10,-10 0.001 -1 0 37.0718 2 13,2 0.001 0 -1 14,0 0.001 0 -1 13,0 0.001 1 -1 31.1334 16 15,12 0.002 1 1 14,15 0.002 0 1 15,15 0.002 1 1 0 50 :1,3 2,15 2,3 :f,1,2 f,1,14 f,12,0 f,13,14 
283:1,0 0.001 1 -1 1,3 0.001 -1 -1 2,3 0.001 -1 1 63.192 0 -10,-10 0.002 -1 0 -10,-10 0.001 1 0 -10,-10 0.001 -1 0 37.0718 2 13,1 0.001 0 -1 14,0 0.001 -1 -1 13,0 0.001 1 -1 37.1344 16 15,12 0.002 1 1 14,15 0.002 0 1 15,15 0.002 1 1 0 50 ::f,1,2 f,1,14 f,12,0 f,13,14 
284:1,0 0.001 1 -1 0,2 0.001 -1 -1 2,3 0.001 -1 0 63.193 0 -10,-10 0.002 -1 0 -10,-10 0.001 1 0 -10,-10 0.001 -1 0 37.0718 2 13,1 0.001 0 -1 14,0 0.001 -1 0 13,0 0.001 1 0 37.1344 16 15,12 0.002 1 1 14,15 0.002 0 1 15,15 0.002 1 1 0 50 ::f,1,2 f,1,14 f,12,0 f,13,14 
285:1,0 0.001 1 0 0,2 0.001 -1 -1 1,3 0.001 -1 0 63.194 0 -10,-10 0.002 -1 0 -10,-10 0.001 1 0 -10,-10 0.001 -1 0 37.0718 2 13,1 0.001 1 -1 14,0 0.001 -1 1 13,0 0.002 1 0 37.1344 12 15,12 0.002 1 1 14,15 0.002 0 1 15,15 0.002 1 1 0 50 :14,0 :f,1,2 f,1,14 f,12,0 f,13,14 
286:2,0 0.001 1 0 0,2 0.001 0 -1 1,3 0.001 -1 0 63.195 0 -10,-10 0.002 -1 0 -10,-10 0.001 1 0 -10,-10 0.001 -1 0 37.0718 2 13,1 0.001 1 -1 14,0 0.001 -1 1 13,0 0.002 1 0 37.1344 8 15,12 0.002 1 1 14,15 0.002 0 1 15,15 0.002 1 1 0 50 :14,0 :f,1,2 f,1,14 f,12,0 f,13,14 
287:2,0 0.001 1 0 0,1 0.001 0 -1 1,3 0.001 -1 -1 63.196 0 -10,-10 0.002 -1 0 -10,-10 0.001 1 0 -10,-10 0.001 -1 0 37.0718 2 13,1 0.001 1 -1 14,0 0.001 -1 1 13,0 0.002 1 0 37.1344 4 15,12 0.002 1 1 14,15 0.002 0 1 15,15 0.002 1 1 0 50 :14,0 :f,1,2 f,1,14 f,12,0 f,13,14 
288:2,0 0.001 1 1 0,1 0.001 0 -1 0,2 0.001 -1 -1 63.197 0 -10,-10 0.002 -1 0 -10,-10 0.001 1 0 -10,-10 0.001 -1 0 37.0718 2 13,1 0.001 1 0 14,0 0.001 0 1 13,0 0.002 1 0 37.1344 0 15,12 0.002 1 1 14,15 0.002 0 1 15,15 0.002 1 1 0 50 :14,0 :f,1,2 f,1,14 f,12,0 f,13,14 
289:3,1 0.001 1 1 0,1 0.001 1 -1 0,2 0.001 -1 -1 63.198 0 -10,-10 0.002 -1 0 -10,-10 0.001 1 0 -10,-10 0.001 -1 0 37.0718 2 14,1 0.001 1 0 14,0 0.001 1 1 13,0 0.001 1 0 37.1354 0 15,12 0.002 1 1 14,15 0.002 0 1 15,15 0.002 1 1 0 50 ::f,1,2 f,1,14 f,12,0 f,13,14 
290:3,1 0.001 1 1 1,0 0.001 1 -1 0,2 0.001 0 -1 63.199 0 -10,-10 0.002 -1 0 -10,-10 0.001 1 0 -10,-10 0.001 -1 0 37.0718 2 14,1 0.001 1 0 15,1 0.001 1 1 14,0 0.001 1 0 37.1374 0 15,12 0.002 1 1 14,15 0.002 0 1 15,15 0.002 1 1 0 50 ::f,1,2 f,1,14 f,12,0 f,13,14 
291:3,1 0.001 0 1 1,0 0.001 1 -1 0,1 0.001 0 -1 63.2 0 -10,-10 0.002 -1 0 -10,-10 0.001 1 0 -10,-10 0.001 -1 0 37.0718 2 14,1 0.001 1 1 15,1 0.001 1 0 14,0 0.001 1 0 37.1374 0 15,12 0.002 1 1 14,15 0.002 0 1 15,15 0.002 1 1 0 50 ::f,1,2 f,1,14 f,12,0 f,13,14 
292:3,2 0.001 0 1 1,0 0.001 1 -1 0,1 0.001 0 -1 63.201 0 -10,-10 0.002 -1 0 -10,-10 0.001 1 0 -10,-10 0.001 -1 0 37.0718 2 15,2 0.001 1 1 15,1 0.001 1 0 14,0 0.001 1 1 37.1384 0 15,12 0.002 1 1 14,15 0.002 0 1 15,15 0.002 1 1 0 50 ::f,1,2 f,1,14 f,12,0 f,13,14 
293:3,2 0.001 0 1 1,0 0.001 1 0 0,1 0.001 1 -1 63.201 0 -10,-10 0.002 -1 0 -10,-10 0.001 1 0 -10,-10 0.001 -1 0 37.0718 2 15,2 0.001 1 1 15,1 0.001 1 -1 14,0 0.001 1 1 37.1384 0 15,12 0.002 1 1 14,15 0.002 0 1 15,15 0.002 1 1 0 50 ::f,1,2 f,1,14 f,12,0 f,13,14 
294:3,2 0.001 -1 1 2,0 0.001 1 0 1,0 0.001 1 -1 63.203 0 -10,-10 0.002 -1 0 -10,-10 0.001 1 0 -10,-10 0.001 -1 0 37.0718 2 15,2 0.001 1 1 15,1 0.001 1 -1 14,0 0.001 1 1 37.1384 0 15,12 0.002 1 1 14,15 0.002 0 1 15,15 0.002 1 1 0 50 ::f,1,2 f,1,14 f,12,0 f,13,14 
295:2,3 0.001 -1 1 2,0 0.001 1 0 1,0 0.001 1 -1 63.204 0 -10,-10 0.002 -1 0 -10,-10 0.001 1 0 -10,-10 0.001 -1 0 37.0718 2 15,2 0.001 0 1 15,1 0.001 1 -1 14,0 0.001 1 1 37.1384 0 15,12 0.002 1 1 14,15 0.002 0 1 15,15 0.002 1 1 0 50 ::f,1,2 f,1,14 f,12,0 f,13,14 
296:2,3 0.001 -1 1 2,0 0.001 1 1 1,0 0.001 1 0 63.204 0 -10,-10 0.002 -1 0 -10,-10 0.001 1 0 -10,-10 0.001 -1 0 37.0718 2 15,3 0.001 0 1 15,1 0.001 0 -1 14,0 0.001 1 1 37.1394 0 15,12 0.002 1 1 14,15 0.002 0 1 15,15 0.002 1 1 0 50 ::f,1,2 f,1,14 f,12,0 f,13,14 
297:2,3 0.001 -1 0 3,1 0.001 1 1 2,0 0.001 1 0 63.206 0 -10,-10 0.002 -1 0 -10,-10 0.001 1 0 -10,-10 0.001 -1 0 37.0718 2 15,3 0.001 0 1 15,0 0.001 0 -1 14,0 0.001 0 1 37.1404 0 15,12 0.002 1 1 14,15 0.002 0 1 15,15 0.002 1 1 0 50 ::f,1,2 f,1,14 f,12,0 f,13,14 
298:1,3 0.001 -1 0 3,1 0.001 1 1 2,0 0.001 1 0 63.207 0 -10,-10 0.002 -1 0 -10,-10 0.001 1 0 -10,-10 0.001 -1 0 37.0718 2 15,3 0.001 0 1 15,0 0.001 -1 -1 14,1 0.001 0 1 37.1414 0 15,12 0.002 1 1 14,15 0.002 0 1 15,15 0.002 1 1 0 50 ::f,1,2 f,1,14 f,12,0 f,13,14 
299:1,3 0.001 -1 0 3,1 0.001 0 1 2,0 0.001 1 1 63.207 0 -10,-10 0.002 -1 0 -10,-10 0.001 1 0 -10,-10 0.001 -1 0 37.0718 2 15,3 0.001 -1 1 15,0 0.001 -1 0 14,2 0.001 0 1 37.1424 0 15,12 0.002 1 1 14,15 0.002 0 1 15,15 0.002 1 1 0 50 ::f,1,2 f,1,14 f,12,0 f,13,14 
