16
0:3,3 0.001 -1 0 0,2 0.003 -1 -1 2,0 0.002 0 -1 0 50 3,14 0.001 1 1 1,15 0.003 -1 1 2,13 0.002 0 1 0.003 50 14,0 0.001 1 0 15,3 0.003 1 0 12,3 0.002 -1 0 0.001 50 15,13 0.001 0 1 12,12 0.003 -1 -1 12,14 0.002 0 1 0.001 50 ::f,0,15 f,2,2 f,12,15 f,13,1 
1:3,3 0.001 -1 1 0,2 0.001 -1 -1 2,0 0.001 0 -1 0 50 3,14 0.001 1 1 1,15 0.001 -1 1 2,13 0.001 0 1 0.003 50 14,0 0.001 1 0 15,3 0.001 1 0 12,3 0.001 -1 0 0.001 50 15,13 0.001 0 1 12,12 0.001 -1 -1 12,14 0.001 0 1 0.0011 65 ::f,0,15 f,2,2 f,13,1 f,13,12 
2:3,3 0.001 0 1 0,2 0.001 0 -1 2,0 0.001 1 -1 0 50 3,14 0.001 0 1 1,15 0.001 -1 0 2,13 0.001 -1 1 0.003 50 14,0 0.001 1 1 15,3 0.001 1 1 12,3 0.001 -1 -1 0.001 50 15,13 0.001 -1 1 12,12 0.001 0 -1 12,14 0.001 -1 1 0.0011 65 ::f,0,15 f,2,2 f,13,1 f,13,12 
3:3,3 0.001 1 1 0,2 0.001 0 -1 2,0 0.001 1 -1 0 50 3,14 0.001 0 1 1,15 0.001 -1 0 2,13 0.001 -1 1 0.0031 65 14,0 0.001 1 1 15,3 0.001 1 1 12,3 0.001 -1 -1 0.001 50 15,13 0.001 -1 1 12,12 0.001 0 -1 12,14 0.001 -1 1 0.0011 65 ::f,2,2 f,2,12 f,13,1 f,13,12 
4:3,3 0.001 1 0 0,2 0.001 1 -1 2,0 0.001 1 0 0 50 3,14 0.001 -1 1 1,15 0.001 -1 -1 2,13 0.001 -1 0 0.0031 65 14,0 0.001 0 1 15,3 0.001 0 1 12,3 0.001 0 -1 0.001 50 15,13 0.001 -1 0 12,12 0.001 1 -1 12,14 0.001 -1 0 0.0011 65 ::f,2,2 f,2,12 f,13,1 f,13,12 
5:3,3 0.001 1 -1 0,2 0.001 1 -1 2,0 0.001 1 0 0 50 3,14 0.001 -1 1 1,15 0.001 -1 -1 2,13 0.001 -1 0 0.0031 65 14,0 0.001 0 1 15,3 0.001 0 1 12,3 0.001 0 -1 0.001 50 15,13 0.001 -1 0 12,12 0.001 1 -1 12,14 0.001 -1 0 0.0011 65 ::f,2,2 f,2,12 f,13,1 f,13,12 
6:3,3 0.001 0 -1 0,2 0.001 1 0 2,0 0.001 1 1 0 50 3,14 0.001 -1 0 1,15 0.001 0 -1 2,13 0.001 -1 -1 0.0031 65 14,0 0.001 -1 1 15,3 0.001 -1 1 12,3 0.001 1 -1 0.001 50 15,13 0.001 -1 -1 12,12 0.001 1 0 12,14 0.001 -1 -1 0.0011 65 ::f,2,2 f,2,12 f,13,1 f,13,12 
7:3,3 0.001 -1 -1 0,2 0.001 1 0 2,0 0.001 1 1 0 50 3,14 0.001 -1 0 1,15 0.001 0 -1 2,13 0.001 -1 -1 0.0031 65 14,0 0.001 -1 1 15,3 0.001 -1 1 12,3 0.001 1 -1 0.0011 65 15,13 0.001 -1 -1 12,12 0.001 1 0 12,14 0.001 -1 -1 0.0012 80 ::f,2,2 f,2,12 f,12,15 f,15,2 
8:3,3 0.001 -1 0 0,2 0.001 1 1 2,0 0.001 0 1 0 50 3,14 0.001 -1 -1 1,15 0.001 1 -1 2,13 0.001 0 -1 0.0031 65 14,0 0.001 -1 0 15,3 0.001 -1 0 12,3 0.001 1 0 0.0011 65 15,13 0.001 0 -1 12,12 0.001 1 1 12,14 0.001 0 -1 0.0012 80 ::f,2,2 f,2,12 f,12,15 f,15,2 
9:3,3 0.001 -1 1 0,2 0.001 1 1 2,0 0.001 0 1 0 50 3,14 0.001 -1 -1 1,15 0.001 1 -1 2,13 0.001 0 -1 0.0032 80 14,0 0.001 -1 0 15,3 0.001 -1 0 12,3 0.001 1 0 0.0011 65 15,13 0.001 0 -1 12,12 0.001 1 1 12,14 0.001 0 -1 0.0012 80 ::f,2,2 f,2,15 f,12,15 f,15,2 
10:3,3 0.001 0 1 0,2 0.001 0 1 2,0 0.001 -1 1 0 50 3,14 0.001 0 -1 1,15 0.001 1 0 2,13 0.001 1 -1 0.0032 80 14,0 0.001 -1 -1 15,3 0.001 -1 -1 12,3 0.001 1 1 0.0011 65 15,13 0.001 1 -1 12,12 0.001 0 1 12,14 0.001 1 -1 0.0012 80 ::f,2,2 f,2,15 f,12,15 f,15,2 
11:3,3 0.001 1 1 0,2 0.001 0 1 1,1 0.001 -1 1 0.001 50 3,14 0.001 0 -1 1,15 0.001 1 0 2,13 0.001 1 -1 1.0033 95 14,0 0.001 -1 -1 15,3 0.001 -1 -1 12,3 0.001 1 1 0.0011 65 15,13 0.001 1 -1 12,13 0.001 0 1 12,14 0.001 1 -1 0.0022 80 ::f,1,13 f,2,2 f,12,15 f,15,2 
12:3,3 0.001 1 0 0,2 0.001 -1 1 1,1 0.001 -1 1 0.001 50 3,14 0.001 1 -1 1,15 0.001 1 1 2,13 0.001 1 0 1.0033 95 14,0 0.001 0 -1 15,3 0.001 0 -1 12,3 0.001 0 1 0.0011 65 15,13 0.001 1 0 12,13 0.001 0 1 12,14 0.001 1 0 0.0022 80 ::f,1,13 f,2,2 f,12,15 f,15,2 
13:3,3 0.001 1 -1 0,2 0.001 -1 1 1,1 0.001 -1 0 0.001 50 3,14 0.001 1 -1 1,15 0.001 1 1 2,13 0.001 1 0 1.0033 95 14,0 0.001 0 -1 15,3 0.001 0 -1 12,3 0.001 0 1 0.0012 80 15,13 0.001 1 0 12,13 0.001 -1 1 12,14 0.001 1 0 0.0022 80 ::f,1,13 f,2,2 f,12,15 f,13,3 
14:3,3 0.001 0 -1 0,2 0.001 -1 0 1,1 0.001 -1 0 0.001 50 3,14 0.001 1 0 1,15 0.001 0 1 2,13 0.001 1 1 1.0033 95 14,0 0.001 1 -1 15,3 0.001 1 -1 12,3 0.001 -1 1 0.0012 80 15,13 0.001 1 1 12,13 0.001 -1 1 12,14 0.001 1 1 0.0022 80 ::f,1,13 f,2,2 f,12,15 f,13,3 
15:3,3 0.001 -1 -1 0,2 0.001 -1 0 1,1 0.001 -1 -1 0.001 50 3,14 0.001 1 0 1,15 0.001 0 1 2,13 0.001 1 1 1.0033 95 14,0 0.001 1 -1 15,3 0.001 1 -1 12,3 0.001 -1 1 0.0012 80 15,13 0.001 1 1 12,13 0.001 -1 0 12,14 0.001 1 1 0.0022 80 ::f,1,13 f,2,2 f,12,15 f,13,3 
16:3,3 0.001 -1 0 0,2 0.001 -1 -1 1,1 0.001 -1 -1 0.001 50 3,14 0.001 1 1 1,15 0.001 -1 1 2,13 0.001 0 1 1.0033 95 14,0 0.001 1 0 15,3 0.001 1 0 12,3 0.001 -1 0 0.0012 80 15,13 0.001 0 1 12,13 0.001 -1 0 12,14 0.001 0 1 0.0022 80 ::f,1,13 f,2,2 f,12,15 f,13,3 
17:3,3 0.001 -1 1 0,2 0.001 -1 -1 1,1 0.001 0 -1 0.001 50 3,14 0.001 1 1 1,15 0.001 -1 1 2,14 0.001 0 1 1.0043 95 14,0 0.001 1 0 15,3 0.001 1 0 12,3 0.001 -1 0 0.0012 80 15,14 0.001 0 1 12,13 0.001 -1 -1 12,14 0.001 0 1 1.0033 95 ::f,1,13 f,2,2 f,13,3 f,15,12 
18:3,3 0.001 0 1 0,2 0.001 0 -1 1,1 0.001 0 -1 0.001 50 3,14 0.001 0 1 1,15 0.001 -1 0 2,14 0.001 0 1 1.0043 95 14,0 0.001 1 1 15,3 0.001 1 1 12,3 0.001 -1 -1 0.0012 80 15,14 0.001 0 1 12,13 0.001 -1 -1 12,14 0.001 -1 1 1.0033 95 ::f,1,13 f,2,2 f,13,3 f,15,12 
19:3,3 0.001 1 1 0,1 0.001 0 -1 1,1 0.001 1 -1 0.002 50 3,14 0.001 0 1 1,15 0.001 -1 0 2,14 0.001 -1 1 1.0043 95 14,0 0.001 1 1 15,3 0.001 1 1 12,3 0.001 -1 -1 0.0012 80 15,14 0.001 -1 1 12,13 0.001 0 -1 12,14 0.001 -1 1 1.0033 95 ::f,1,13 f,2,2 f,13,3 f,15,12 
20:3,3 0.001 1 0 0,1 0.001 0 -1 1,1 0.001 1 -1 0.002 50 3,14 0.001 -1 1 1,15 0.001 -1 -1 2,14 0.001 -1 1 1.0043 95 14,0 0.001 0 1 15,3 0.001 0 1 12,3 0.001 0 -1 0.0012 80 15,14 0.001 -1 1 12,13 0.001 0 -1 12,14 0.001 -1 0 1.0033 95 ::f,1,13 f,2,2 f,13,3 f,15,12 
21:3,3 0.001 1 -1 0,1 0.001 1 -1 1,1 0.001 1 0 0.002 50 3,14 0.001 -1 1 1,15 0.001 -1 -1 2,14 0.001 -1 0 1.0043 95 14,1 0.001 0 1 15,3 0.001 0 1 12,2 0.001 0 -1 0.0032 80 15,14 0.001 -1 0 12,13 0.001 1 -1 12,14 0.001 -1 0 1.0033 95 ::f,1,13 f,2,2 f,13,3 f,15,12 
22:3,3 0.001 0 -1 0,1 0.001 1 -1 2,1 0.001 1 0 0.003 50 3,14 0.001 -1 0 1,15 0.001 0 -1 1,14 0.001 -1 0 1.0053 95 14,2 0.001 0 1 15,3 0.001 -1 1 12,2 0.001 0 -1 0.0042 80 14,14 0.001 -1 0 12,13 0.001 1 -1 12,14 0.001 -1 -1 1.0043 95 ::f,1,13 f,2,2 f,13,3 f,15,12 
23:3,3 0.001 -1 -1 0,1 0.001 1 0 2,1 0.001 1 0 0.003 50 2,14 0.001 -1 0 1,15 0.001 0 -1 1,14 0.001 -1 0 1.0063 95 14,2 0.001 0 1 15,3 0.001 -1 1 12,2 0.001 1 -1 0.0042 80 13,14 0.001 -1 0 12,13 0.001 1 0 12,14 0.001 -1 -1 1.0053 95 ::f,1,13 f,2,2 f,13,3 f,15,12 
24:3,3 0.001 -1 0 1,1 0.001 1 0 2,1 0.001 1 1 0.004 50 2,14 0.001 -1 0 1,15 0.001 0 -1 1,14 0.001 -1 -1 1.0063 95 14,2 0.001 -1 1 15,3 0.001 -1 0 13,1 0.001 1 -1 0.0052 80 13,14 0.001 -1 0 13,13 0.001 1 0 12,14 0.001 0 -1 1.0063 95 ::f,1,13 f,2,2 f,13,3 f,15,12 
25:3,3 0.001 -1 1 1,1 0.001 1 0 2,1 0.001 1 1 0.004 50 2,14 0.001 -1 -1 1,15 0.001 1 -1 1,14 0.001 -1 -1 1.0063 95 14,2 0.001 -1 1 14,3 0.001 -1 0 13,1 0.001 1 -1 1.0063 95 13,14 0.001 -1 -1 13,13 0.001 1 0 12,13 0.001 0 -1 1.0073 95 ::f,1,13 f,2,2 f,15,1 f,15,12 
26:3,3 0.001 0 1 1,1 0.001 1 1 2,1 0.001 0 1 0.004 50 2,14 0.001 -1 -1 1,15 0.001 1 -1 1,14 0.001 0 -1 1.0064 110 14,2 0.001 -1 0 14,3 0.001 -1 0 13,1 0.001 1 0 1.0063 95 13,14 0.001 -1 -1 13,13 0.001 1 1 12,13 0.001 0 -1 1.0073 95 ::f,0,15 f,2,2 f,15,1 f,15,12 
27:3,3 0.001 1 1 1,1 0.001 1 1 2,2 0.001 0 1 0.0051 65 2,14 0.001 0 -1 1,15 0.001 1 0 1,13 0.001 0 -1 1.0074 110 13,2 0.001 -1 0 14,3 0.001 -1 -1 14,1 0.001 1 0 1.0083 95 13,14 0.001 0 -1 13,13 0.001 1 1 12,13 0.001 1 -1 1.0073 95 ::f,0,15 f,3,1 f,15,1 f,15,12 
28:3,3 0.001 1 0 1,1 0.001 0 1 2,2 0.001 0 1 0.0051 65 2,14 0.001 0 -1 1,15 0.001 1 0 1,13 0.001 0 -1 1.0074 110 13,2 0.001 -1 0 14,3 0.001 -1 -1 14,1 0.001 1 0 1.0084 110 13,14 0.001 0 -1 13,13 0.001 0 1 12,13 0.001 1 -1 1.0073 95 ::f,0,15 f,3,1 f,15,2 f,15,12 
29:3,3 0.001 1 -1 1,1 0.001 0 1 2,2 0.001 -1 1 0.0051 65 2,14 0.001 1 -1 1,15 0.001 1 1 1,13 0.001 1 -1 1.0074 110 13,2 0.001 -1 -1 14,3 0.001 -1 -1 14,1 0.001 1 1 1.0084 110 13,14 0.001 0 -1 13,13 0.001 0 1 12,13 0.001 1 0 1.0073 95 ::f,0,15 f,3,1 f,15,2 f,15,12 
30:3,3 0.001 0 -1 1,1 0.001 -1 1 2,2 0.001 -1 1 0.0051 65 2,14 0.001 1 -1 1,15 0.001 1 1 1,13 0.001 1 -1 1.0074 110 13,2 0.001 -1 -1 14,3 0.001 0 -1 14,1 0.001 1 1 2.0085 125 13,14 0.001 1 -1 13,13 0.001 -1 1 12,13 0.001 1 0 1.0073 95 ::f,0,15 f,3,1 f,14,2 f,15,12 
31:3,3 0.001 -1 -1 1,1 0.001 -1 1 2,2 0.001 -1 0 0.0051 65 2,14 0.001 1 0 1,15 0.001 0 1 1,13 0.001 1 0 1.0074 110 13,2 0.001 0 -1 14,3 0.001 0 -1 14,1 0.001 0 1 2.0085 125 14,13 0.001 1 -1 13,13 0.001 -1 1 12,13 0.001 1 0 1.0083 95 ::f,0,15 f,3,1 f,14,2 f,15,12 
32:3,3 0.001 -1 0 1,1 0.001 -1 0 1,2 0.001 -1 0 0.0061 65 2,14 0.001 1 0 1,15 0.001 0 1 2,13 0.001 1 0 1.0084 110 13,1 0.001 0 -1 14,3 0.001 0 -1 14,1 0.001 0 1 2.0095 125 14,13 0.001 1 -1 13,13 0.001 -1 0 12,13 0.001 1 0 1.0084 110 ::f,0,15 f,3,1 f,14,2 f,15,14 
33:3,3 0.001 -1 1 1,1 0.001 -1 0 1,2 0.001 -1 0 0.0061 65 2,14 0.001 1 1 1,15 0.001 -1 1 2,13 0.001 1 0 1.0084 110 13,1 0.001 0 -1 14,3 0.001 0 -1 14,1 0.001 0 1 3.0096 140 14,13 0.001 1 0 13,13 0.001 -1 0 12,13 0.001 1 1 1.0084 110 ::f,0,15 f,3,1 f,15,1 f,15,14 
34:3,3 0.001 0 1 1,1 0.001 -1 -1 1,2 0.001 -1 -1 0.0061 65 2,14 0.001 1 1 1,15 0.001 -1 1 2,13 0.001 1 1 1.0084 110 13,1 0.001 1 -1 14,3 0.001 1 -1 14,1 0.001 -1 1 3.0096 140 14,13 0.001 1 0 13,13 0.001 -1 -1 12,13 0.001 1 1 1.0084 110 ::f,0,15 f,3,1 f,15,1 f,15,14 
35:3,3 0.001 1 1 1,1 0.001 -1 -1 1,2 0.001 -1 -1 0.0061 65 2,14 0.001 0 1 1,15 0.001 -1 0 2,13 0.001 1 1 1.0084 110 13,1 0.001 1 -1 14,3 0.001 1 -1 14,1 0.001 -1 1 3.0096 140 14,13 0.001 1 1 13,13 0.001 -1 -1 12,13 0.001 0 1 1.0084 110 ::f,0,15 f,3,1 f,15,1 f,15,14 
36:3,3 0.001 1 0 1,1 0.001 0 -1 1,2 0.001 0 -1 0.0061 65 2,14 0.001 0 1 1,15 0.001 -1 0 2,13 0.001 0 1 3.0085 125 13,1 0.001 1 0 14,3 0.001 1 0 14,1 0.001 -1 0 3.0096 140 14,13 0.001 1 1 13,13 0.001 0 -1 12,13 0.001 0 1 2.0085 125 ::f,2,15 f,3,1 f,13,15 f,15,1 
37:3,3 0.001 1 -1 1,1 0.001 0 -1 1,2 0.001 0 -1 0.0061 65 2,14 0.001 -1 1 1,15 0.001 -1 -1 2,13 0.001 0 1 3.0085 125 13,1 0.001 1 0 14,3 0.001 1 0 14,1 0.001 -1 0 3.0096 140 14,13 0.001 0 1 13,13 0.001 0 -1 12,13 0.001 -1 1 2.0085 125 ::f,2,15 f,3,1 f,13,15 f,15,1 
38:3,3 0.001 0 -1 1,1 0.001 1 -1 1,2 0.001 0 -1 0.0061 65 2,14 0.001 -1 1 1,15 0.001 -1 -1 2,13 0.001 0 1 3.0085 125 13,1 0.001 1 0 14,3 0.001 1 1 14,1 0.001 -1 -1 3.0096 140 14,14 0.001 0 1 13,13 0.001 1 -1 12,13 0.001 -1 1 2.0095 125 ::f,2,15 f,3,1 f,13,15 f,15,1 
39:3,3 0.001 -1 -1 1,1 0.001 1 -1 1,2 0.001 1 -1 0.0061 65 2,14 0.001 -1 0 1,15 0.001 0 -1 2,13 0.001 -1 1 3.0085 125 13,1 0.001 1 1 14,3 0.001 1 1 14,1 0.001 -1 -1 3.0096 140 14,14 0.001 0 1 13,13 0.001 1 -1 12,13 0.001 -1 0 2.0095 125 ::f,2,15 f,3,1 f,13,15 f,15,1 
40:3,3 0.001 -1 0 1,1 0.001 1 0 1,2 0.001 1 -1 0.0061 65 1,14 0.001 -1 0 1,15 0.001 0 -1 2,13 0.001 -1 1 3.0095 125 13,1 0.001 1 1 14,3 0.001 0 1 14,1 0.001 0 -1 3.0096 140 14,14 0.001 -1 1 13,13 0.001 1 0 12,13 0.001 -1 0 2.0095 125 ::f,2,15 f,3,1 f,13,15 f,15,1 
41:3,3 0.001 -1 1 2,1 0.001 1 0 1,2 0.001 1 0 0.0071 65 1,14 0.001 -1 0 1,15 0.001 0 -1 2,13 0.001 -1 1 3.0095 125 13,1 0.001 0 1 14,3 0.001 0 1 14,1 0.001 0 -1 3.0096 140 14,14 0.001 -1 1 14,13 0.001 1 0 12,13 0.001 -1 -1 4.0106 140 ::f,2,15 f,3,1 f,12,12 f,15,1 
42:3,3 0.001 0 1 2,1 0.001 1 0 1,2 0.001 1 0 1.0072 80 1,14 0.001 -1 -1 1,15 0.001 1 -1 2,13 0.001 -1 0 3.0095 125 13,2 0.001 0 1 14,3 0.001 -1 1 14,1 0.001 1 -1 3.0106 140 14,14 0.001 -1 0 14,13 0.001 1 0 12,13 0.001 -1 -1 4.0106 140 ::f,1,3 f,2,15 f,12,12 f,15,1 
43:3,3 0.001 1 1 2,1 0.001 1 1 1,2 0.001 1 1 1.0072 80 1,14 0.001 -1 -1 2,14 0.001 1 -1 2,13 0.001 -1 0 3.0105 125 13,2 0.001 0 1 14,3 0.001 -1 1 14,1 0.001 1 -1 3.0106 140 13,14 0.001 -1 0 14,13 0.001 1 1 12,13 0.001 0 -1 4.0116 140 ::f,1,3 f,2,15 f,12,12 f,15,1 
44:3,3 0.001 1 0 2,1 0.001 1 1 2,3 0.001 1 1 1.0082 80 1,14 0.001 0 -1 2,14 0.001 1 -1 2,13 0.001 -1 -1 3.0105 125 13,2 0.001 -1 1 14,3 0.001 -1 0 14,1 0.001 1 0 3.0106 140 13,14 0.001 -1 0 14,13 0.001 1 1 12,13 0.001 0 -1 6.0117 155 ::f,1,3 f,2,15 f,13,15 f,15,1 
45:3,3 0.001 1 -1 2,1 0.001 0 1 2,3 0.001 1 1 1.0082 80 1,13 0.001 0 -1 2,14 0.001 1 0 2,13 0.001 -1 -1 3.0115 125 13,2 0.001 -1 1 13,3 0.001 -1 0 14,1 0.001 1 0 5.0117 155 13,14 0.001 -1 -1 14,13 0.001 0 1 12,13 0.001 1 -1 6.0117 155 ::f,1,3 f,2,15 f,13,15 f,15,0 
46:3,3 0.001 0 -1 2,2 0.001 0 1 2,3 0.001 0 1 1.0092 80 1,13 0.001 0 -1 2,14 0.001 1 0 2,13 0.001 0 -1 3.0115 125 13,2 0.001 -1 0 13,3 0.001 -1 0 14,1 0.001 1 1 5.0117 155 13,14 0.001 -1 -1 14,14 0.001 0 1 12,13 0.001 1 -1 6.0127 155 ::f,1,3 f,2,15 f,13,15 f,15,0 
47:3,3 0.001 -1 -1 2,2 0.001 0 1 2,3 0.001 0 1 1.0092 80 1,13 0.001 1 -1 2,14 0.001 1 1 2,13 0.001 0 -1 3.0115 125 13,2 0.001 -1 0 13,3 0.001 -1 -1 14,1 0.001 1 1 5.0117 155 13,14 0.001 0 -1 14,14 0.001 0 1 12,13 0.001 1 0 6.0127 155 ::f,1,3 f,2,15 f,13,15 f,15,0 
48:3,3 0.001 -1 0 2,2 0.001 -1 1 2,3 0.001 -1 1 1.0092 80 1,13 0.001 1 -1 2,14 0.001 1 1 2,13 0.001 1 -1 3.0115 125 13,2 0.001 -1 -1 13,3 0.001 -1 -1 14,1 0.001 0 1 5.0117 155 13,13 0.001 0 -1 14,14 0.001 -1 1 12,13 0.001 1 0 6.0137 155 ::f,1,3 f,2,15 f,13,15 f,15,0 
49:3,3 0.001 -1 1 2,2 0.001 -1 1 2,3 0.001 -1 1 3.0093 95 1,13 0.001 1 0 2,14 0.001 0 1 2,13 0.001 1 -1 3.0115 125 13,2 0.001 -1 -1 13,3 0.001 0 -1 14,2 0.001 0 1 5.0127 155 13,13 0.001 0 -1 14,14 0.001 -1 1 12,13 0.001 1 0 7.0138 170 ::f,1,1 f,2,15 f,13,12 f,15,0 
50:3,3 0.001 0 1 2,2 0.001 -1 0 2,3 0.001 -1 0 3.0093 95 1,13 0.001 1 0 2,14 0.001 0 1 2,13 0.001 1 0 6.0116 140 13,2 0.001 0 -1 13,3 0.001 0 -1 14,2 0.001 0 1 5.0127 155 13,13 0.001 1 -1 14,14 0.001 -1 0 12,13 0.001 1 1 7.0138 170 ::f,1,1 f,1,15 f,13,12 f,15,0 
51:3,3 0.001 1 1 1,2 0.001 -1 0 1,3 0.001 -1 0 3.0113 95 1,13 0.001 1 0 2,14 0.001 -1 1 2,13 0.001 1 0 6.0116 140 13,1 0.001 0 -1 13,2 0.001 0 -1 14,2 0.001 -1 1 5.0147 155 13,13 0.001 1 -1 13,14 0.001 -1 0 12,13 0.001 1 1 7.0148 170 ::f,1,1 f,1,15 f,13,12 f,15,0 
52:3,3 0.001 1 0 1,2 0.001 -1 0 1,3 0.001 -1 0 3.0113 95 1,13 0.001 1 1 2,14 0.001 -1 1 2,13 0.001 1 1 10.0117 155 13,1 0.001 0 -1 13,2 0.001 0 -1 14,2 0.001 -1 1 5.0147 155 13,13 0.001 1 0 13,14 0.001 -1 0 12,13 0.001 0 1 7.0148 170 ::f,1,1 f,1,15 f,13,12 f,15,0 
53:3,3 0.001 1 -1 1,2 0.001 -1 -1 1,3 0.001 -1 -1 3.0113 95 1,13 0.001 1 1 2,14 0.001 -1 0 2,13 0.001 1 1 10.0117 155 13,1 0.001 1 -1 13,2 0.001 1 -1 14,2 0.001 -1 0 5.0147 155 14,13 0.001 1 0 13,14 0.001 -1 -1 12,13 0.001 0 1 7.0158 170 ::f,1,1 f,1,15 f,13,12 f,15,0 
54:3,3 0.001 0 -1 1,2 0.001 -1 -1 1,3 0.001 -1 -1 3.0113 95 1,13 0.001 0 1 1,14 0.001 -1 0 2,13 0.001 0 1 10.0127 155 13,1 0.001 1 -1 13,2 0.001 1 -1 14,2 0.001 -1 0 5.0147 155 14,13 0.001 1 0 13,14 0.001 -1 -1 12,13 0.001 -1 1 7.0158 170 ::f,1,1 f,1,15 f,13,12 f,15,0 
55:3,3 0.001 -1 -1 1,2 0.001 0 -1 1,3 0.001 0 -1 3.0113 95 1,13 0.001 0 1 1,14 0.001 -1 0 2,14 0.001 0 1 10.0137 155 13,1 0.001 1 0 13,2 0.001 1 0 14,2 0.001 -1 0 5.0147 155 14,13 0.001 1 1 13,14 0.001 0 -1 12,13 0.001 -1 1 7.0158 170 ::f,1,1 f,1,15 f,13,12 f,15,0 
56:3,3 0.001 -1 0 1,2 0.001 0 -1 1,3 0.001 0 -1 3.0113 95 1,13 0.001 0 1 1,14 0.001 -1 -1 2,14 0.001 0 1 10.0137 155 14,1 0.001 1 0 13,2 0.001 1 0 14,2 0.001 -1 -1 5.0157 155 14,13 0.001 1 1 13,13 0.001 0 -1 12,13 0.001 -1 0 7.0168 170 ::f,1,1 f,1,15 f,13,12 f,15,0 
57:3,3 0.001 -1 1 1,2 0.001 0 -1 1,3 0.001 0 -1 6.0114 110 1,13 0.001 -1 1 1,14 0.001 -1 -1 2,14 0.001 -1 1 10.0137 155 14,1 0.001 1 0 13,2 0.001 1 1 14,2 0.001 -1 -1 5.0157 155 14,13 0.001 0 1 13,13 0.001 0 -1 12,13 0.001 -1 0 9.0169 185 ::f,1,1 f,1,15 f,13,14 f,15,0 
58:3,3 0.001 0 1 1,2 0.001 1 -1 1,3 0.001 1 -1 6.0114 110 1,13 0.001 -1 1 1,14 0.001 0 -1 2,14 0.001 -1 1 11.0138 170 14,1 0.001 1 1 13,2 0.001 1 1 14,2 0.001 0 -1 5.0157 155 14,14 0.001 0 1 13,13 0.001 1 -1 12,13 0.001 -1 -1 9.0179 185 ::f,1,1 f,1,15 f,13,14 f,15,0 
59:3,3 0.001 1 1 1,2 0.001 1 -1 1,3 0.001 1 -1 6.0114 110 1,13 0.001 -1 0 1,14 0.001 0 -1 2,14 0.001 -1 0 11.0138 170 14,1 0.001 1 1 13,2 0.001 0 1 14,2 0.001 0 -1 5.0157 155 14,14 0.001 0 1 13,13 0.001 1 -1 12,13 0.001 -1 -1 9.0179 185 ::f,1,1 f,1,15 f,13,14 f,15,0 
60:3,3 0.001 1 0 1,2 0.001 1 0 1,3 0.001 1 0 6.0114 110 1,13 0.001 -1 0 1,14 0.001 0 -1 2,14 0.001 -1 0 11.0138 170 14,1 0.001 0 1 13,2 0.001 0 1 14,2 0.001 1 -1 5.0157 155 14,14 0.001 -1 1 13,13 0.001 1 0 12,13 0.001 0 -1 9.0179 185 ::f,1,1 f,1,15 f,13,14 f,15,0 
61:3,3 0.001 1 -1 1,2 0.001 1 0 2,3 0.001 1 0 6.0124 110 1,13 0.001 -1 -1 1,14 0.001 1 -1 2,14 0.001 -1 0 11.0138 170 14,1 0.001 0 1 13,2 0.001 -1 1 14,2 0.001 1 -1 5.0157 155 14,14 0.001 -1 1 14,13 0.001 1 0 12,13 0.001 0 -1 9.0189 185 ::f,1,1 f,1,15 f,13,14 f,15,0 
62:3,3 0.001 0 -1 1,2 0.001 1 1 2,3 0.001 1 0 6.0124 110 1,13 0.001 -1 -1 1,14 0.001 1 -1 2,14 0.001 -1 -1 11.0138 170 14,1 0.001 0 1 13,2 0.001 -1 1 14,2 0.001 1 0 5.0157 155 14,14 0.001 -1 0 14,13 0.001 1 0 12,13 0.001 1 -1 9.0189 185 ::f,1,1 f,1,15 f,13,14 f,15,0 
63:3,3 0.001 -1 -1 1,2 0.001 1 1 2,3 0.001 1 1 6.0124 110 1,13 0.001 0 -1 1,14 0.001 1 0 2,14 0.001 -1 -1 11.0138 170 14,1 0.001 -1 1 13,2 0.001 -1 0 14,2 0.001 1 0 5.0157 155 14,14 0.001 -1 0 14,13 0.001 1 1 12,13 0.001 1 -1 9.0189 185 ::f,1,1 f,1,15 f,13,14 f,15,0 
64:3,3 0.001 -1 0 1,2 0.001 1 1 2,3 0.001 1 1 6.0124 110 1,13 0.001 0 -1 1,14 0.001 1 0 2,14 0.001 0 -1 11.0138 170 14,1 0.001 -1 1 13,2 0.001 -1 0 14,2 0.001 1 1 5.0157 155 14,14 0.001 -1 0 14,13 0.001 1 1 12,13 0.001 1 0 12.019 200 ::f,1,1 f,1,15 f,12,14 f,15,0 
65:3,3 0.001 -1 1 1,2 0.001 0 1 2,3 0.001 0 1 6.0124 110 1,13 0.001 1 -1 1,14 0.001 1 1 2,14 0.001 0 -1 11.0138 170 14,1 0.001 -1 0 13,2 0.001 -1 -1 14,2 0.001 1 1 5.0157 155 13,14 0.001 -1 0 14,13 0.001 0 1 13,13 0.001 1 0 12.021 200 ::f,1,1 f,1,15 f,12,14 f,15,0 
66:3,3 0.001 0 1 1,2 0.001 0 1 2,3 0.001 0 1 6.0124 110 1,13 0.001 1 -1 1,14 0.001 1 1 2,14 0.001 1 -1 11.0138 170 14,1 0.001 -1 0 13,2 0.001 -1 -1 14,2 0.001 0 1 5.0157 155 13,14 0.001 -1 0 14,14 0.001 0 1 13,13 0.001 1 0 16.0221 215 ::f,1,1 f,1,15 f,14,15 f,15,0 
67:3,3 0.001 1 1 1,2 0.001 -1 1 2,3 0.001 -1 1 6.0124 110 1,13 0.001 1 0 1,14 0.001 0 1 2,14 0.001 1 -1 11.0138 170 14,1 0.001 -1 -1 13,2 0.001 0 -1 14,2 0.001 0 1 5.0157 155 13,14 0.001 -1 -1 14,14 0.001 0 1 13,13 0.001 1 1 19.0222 230 ::f,1,1 f,1,15 f,15,0 f,15,13 
68:3,3 0.001 1 0 1,2 0.001 -1 1 2,3 0.001 -1 1 6.0124 110 2,13 0.001 1 0 1,14 0.001 0 1 3,13 0.001 1 -1 16.0159 185 14,1 0.001 -1 -1 13,1 0.001 0 -1 14,2 0.001 -1 1 5.0167 155 13,14 0.001 -1 -1 14,14 0.001 -1 1 13,13 0.001 1 1 19.0222 230 ::f,1,1 f,3,12 f,15,0 f,15,13 
69:3,3 0.001 1 -1 1,2 0.001 -1 0 2,3 0.001 -1 0 6.0124 110 2,13 0.001 1 0 1,14 0.001 -1 1 3,13 0.001 1 -1 16.0159 185 14,1 0.001 0 -1 13,1 0.001 0 -1 14,2 0.001 -1 1 5.0167 155 13,14 0.001 0 -1 14,14 0.001 -1 1 13,13 0.001 0 1 19.0222 230 ::f,1,1 f,3,12 f,15,0 f,15,13 
70:3,3 0.001 0 -1 1,2 0.001 -1 0 1,3 0.001 -1 0 6.0134 110 2,13 0.001 1 1 1,14 0.001 -1 1 3,13 0.001 1 0 16.0159 185 14,1 0.001 0 -1 13,1 0.001 1 -1 14,2 0.001 -1 0 5.0167 155 13,14 0.001 0 -1 14,14 0.001 -1 0 13,13 0.001 0 1 19.0222 230 ::f,1,1 f,3,12 f,15,0 f,15,13 
71:3,3 0.001 -1 -1 1,2 0.001 -1 -1 1,3 0.001 -1 0 6.0134 110 2,13 0.001 1 1 1,14 0.001 -1 0 3,13 0.001 1 0 16.0159 185 14,1 0.001 1 -1 13,1 0.001 1 -1 13,2 0.001 -1 0 5.0177 155 13,14 0.001 0 -1 14,14 0.001 -1 0 13,13 0.001 -1 1 19.0222 230 ::f,1,1 f,3,12 f,15,0 f,15,13 
72:3,3 0.001 -1 0 1,2 0.001 -1 -1 1,3 0.001 -1 -1 6.0134 110 2,13 0.001 0 1 1,14 0.001 -1 0 3,13 0.001 1 1 16.0159 185 14,1 0.001 1 -1 13,1 0.001 1 0 13,2 0.001 -1 0 7.0178 170 13,14 0.001 1 -1 14,14 0.001 -1 0 13,13 0.001 -1 1 19.0222 230 ::f,1,1 f,3,12 f,13,0 f,15,13 
73:3,3 0.001 -1 1 1,2 0.001 0 -1 1,3 0.001 -1 -1 6.0134 110 2,14 0.001 0 1 1,14 0.001 -1 -1 3,13 0.001 1 1 16.0169 185 14,1 0.001 1 0 13,1 0.001 1 0 13,2 0.001 -1 -1 7.0178 170 13,14 0.001 1 -1 14,14 0.001 -1 -1 13,13 0.001 -1 0 19.0222 230 ::f,1,1 f,3,12 f,13,0 f,15,13 
74:3,3 0.001 0 1 1,2 0.001 0 -1 1,3 0.001 0 -1 6.0134 110 2,14 0.001 0 1 1,14 0.001 -1 -1 3,13 0.001 0 1 16.0169 185 14,1 0.001 1 0 13,1 0.001 1 0 13,2 0.001 -1 -1 7.0178 170 13,14 0.001 1 0 14,14 0.001 -1 -1 13,13 0.001 -1 0 19.0222 230 ::f,1,1 f,3,12 f,13,0 f,15,13 
75:3,3 0.001 1 1 1,2 0.001 0 -1 1,3 0.001 0 -1 10.0135 125 2,14 0.001 -1 1 1,14 0.001 0 -1 3,14 0.001 0 1 16.0179 185 14,1 0.001 1 1 13,1 0.001 1 1 13,2 0.001 0 -1 7.0178 170 13,14 0.001 1 0 14,14 0.001 0 -1 13,13 0.001 -1 -1 19.0222 230 ::f,0,2 f,3,12 f,13,0 f,15,13 
76:3,3 0.001 1 0 1,2 0.001 1 -1 1,3 0.001 0 -1 10.0135 125 2,14 0.001 -1 1 1,13 0.001 0 -1 3,14 0.001 0 1 16.0189 185 14,1 0.001 1 1 13,1 0.001 1 1 13,2 0.001 0 -1 7.0178 170 13,14 0.001 1 0 14,14 0.001 0 -1 13,13 0.001 -1 -1 19.0222 230 ::f,0,2 f,3,12 f,13,0 f,15,13 
77:3,3 0.001 1 -1 1,2 0.001 1 -1 1,3 0.001 1 -1 10.0135 125 2,14 0.001 -1 0 1,13 0.001 0 -1 3,14 0.001 -1 1 16.0189 185 14,1 0.001 0 1 13,1 0.001 0 1 13,2 0.001 0 -1 7.0178 170 13,14 0.001 1 1 14,14 0.001 1 -1 13,13 0.001 0 -1 19.0222 230 ::f,0,2 f,3,12 f,13,0 f,15,13 
78:3,3 0.001 0 -1 1,2 0.001 1 0 1,3 0.001 1 -1 10.0135 125 1,14 0.001 -1 0 1,13 0.001 1 -1 3,14 0.001 -1 1 16.0199 185 14,2 0.001 0 1 13,1 0.001 0 1 13,2 0.001 1 -1 7.0188 170 13,14 0.001 1 1 14,14 0.001 1 -1 13,13 0.001 0 -1 23.0223 245 ::f,0,2 f,3,12 f,13,0 f,15,14 
79:3,3 0.001 -1 -1 1,2 0.001 1 0 1,3 0.001 1 0 10.0135 125 1,14 0.001 -1 0 1,13 0.001 1 -1 3,14 0.001 -1 0 16.0199 185 14,2 0.001 0 1 13,1 0.001 -1 1 13,2 0.001 1 -1 7.0188 170 13,14 0.001 0 1 14,14 0.001 1 0 13,13 0.001 1 -1 23.0223 245 ::f,0,2 f,3,12 f,13,0 f,15,14 
80:3,3 0.001 -1 0 1,2 0.001 1 1 2,3 0.001 1 0 10.0145 125 1,14 0.001 -1 -1 1,13 0.001 1 0 2,14 0.001 -1 0 16.0209 185 14,2 0.001 -1 1 13,1 0.001 -1 1 13,2 0.001 1 0 7.0188 170 13,14 0.001 0 1 14,14 0.001 1 0 13,13 0.001 1 -1 28.0224 260 ::f,0,2 f,3,12 f,12,13 f,13,0 
81:3,3 0.001 -1 1 1,2 0.001 1 1 2,3 0.001 1 0 10.0145 125 1,14 0.001 -1 -1 2,13 0.001 1 0 2,14 0.001 -1 0 16.0219 185 14,2 0.001 -1 1 13,1 0.001 -1 0 13,2 0.001 1 0 7.0188 170 13,14 0.001 -1 1 14,14 0.001 1 1 13,13 0.001 1 0 28.0224 260 ::f,0,2 f,3,12 f,12,13 f,13,0 
82:3,3 0.001 0 1 1,2 0.001 1 1 2,3 0.001 1 1 10.0145 125 1,14 0.001 0 -1 2,13 0.001 1 0 2,14 0.001 -1 -1 16.0219 185 14,2 0.001 -1 0 13,1 0.001 -1 0 13,2 0.001 1 1 7.0188 170 13,14 0.001 -1 1 14,14 0.001 1 1 14,13 0.001 1 0 28.0234 260 ::f,0,2 f,3,12 f,12,13 f,13,0 
83:3,3 0.001 1 1 1,2 0.001 0 1 2,3 0.001 1 1 10.0145 125 1,13 0.001 0 -1 2,13 0.001 1 1 2,14 0.001 -1 -1 16.0229 185 14,2 0.001 -1 0 13,1 0.001 -1 -1 13,2 0.001 1 1 7.0188 170 13,14 0.001 -1 0 14,14 0.001 0 1 14,13 0.001 1 0 28.0234 260 ::f,0,2 f,3,12 f,12,13 f,13,0 
84:3,3 0.001 1 0 1,2 0.001 0 1 2,3 0.001 0 1 10.0145 125 1,13 0.001 0 -1 2,13 0.001 1 1 2,14 0.001 0 -1 16.0229 185 14,2 0.001 -1 0 13,1 0.001 -1 -1 13,2 0.001 0 1 7.0188 170 13,14 0.001 -1 0 14,14 0.001 0 1 14,13 0.001 1 1 28.0234 260 ::f,0,2 f,3,12 f,12,13 f,13,0 
85:3,3 0.001 1 -1 1,2 0.001 -1 1 2,3 0.001 0 1 10.0145 125 1,13 0.001 1 -1 2,13 0.001 0 1 2,14 0.001 0 -1 16.0229 185 14,2 0.001 -1 -1 13,1 0.001 0 -1 13,2 0.001 0 1 7.0188 170 13,14 0.001 -1 -1 14,14 0.001 -1 1 14,13 0.001 1 1 28.0234 260 ::f,0,2 f,3,12 f,12,13 f,13,0 
86:3,3 0.001 0 -1 1,2 0.001 -1 1 2,3 0.001 -1 1 10.0145 125 1,13 0.001 1 -1 2,13 0.001 0 1 2,14 0.001 1 -1 16.0229 185 14,2 0.001 -1 -1 13,1 0.001 0 -1 13,2 0.001 -1 1 9.0189 185 13,14 0.001 -1 -1 14,14 0.001 -1 1 14,13 0.001 0 1 33.0235 275 ::f,0,2 f,3,12 f,12,0 f,12,15 
87:3,3 0.001 -1 -1 1,2 0.001 -1 0 2,3 0.001 -1 1 10.0145 125 1,13 0.001 1 0 2,13 0.001 0 1 2,14 0.001 1 -1 16.0229 185 14,2 0.001 -1 -1 13,1 0.001 1 -1 13,2 0.001 -1 1 9.0189 185 13,14 0.001 0 -1 14,14 0.001 -1 0 14,13 0.001 0 1 33.0235 275 ::f,0,2 f,3,12 f,12,0 f,12,15 
88:3,3 0.001 -1 0 1,2 0.001 -1 0 2,3 0.001 -1 0 15.0146 140 1,13 0.001 1 0 2,13 0.001 -1 1 2,14 0.001 1 0 16.0229 185 14,2 0.001 -1 -1 13,1 0.001 1 -1 13,2 0.001 -1 0 9.0189 185 13,13 0.001 0 -1 13,14 0.001 -1 0 14,13 0.001 0 1 33.0255 275 ::f,0,2 f,3,12 f,12,0 f,12,15 
89:3,3 0.001 -1 1 1,2 0.001 -1 -1 1,3 0.001 -1 0 15.0156 140 1,13 0.001 1 0 2,13 0.001 -1 1 2,14 0.001 1 0 16.0229 185 14,2 0.001 0 -1 13,1 0.001 1 0 13,2 0.001 -1 0 9.0189 185 13,13 0.001 0 -1 13,14 0.001 -1 0 14,13 0.001 -1 1 33.0255 275 ::f,0,2 f,3,12 f,12,0 f,12,15 
90:3,3 0.001 0 1 1,2 0.001 -1 -1 1,3 0.001 -1 0 15.0156 140 1,13 0.001 1 1 2,13 0.001 -1 0 2,14 0.001 1 1 16.0229 185 14,2 0.001 0 -1 14,1 0.001 1 0 13,2 0.001 -1 -1 9.0199 185 13,13 0.001 1 -1 13,14 0.001 -1 -1 14,13 0.001 -1 1 33.0255 275 ::f,0,2 f,3,12 f,12,0 f,12,15 
91:3,3 0.001 1 1 1,2 0.001 0 -1 1,3 0.001 -1 -1 15.0156 140 1,13 0.001 1 1 2,13 0.001 -1 0 2,14 0.001 1 1 16.0229 185 14,2 0.001 1 -1 14,1 0.001 1 0 13,2 0.001 -1 -1 9.0199 185 13,13 0.001 1 -1 13,14 0.001 -1 -1 14,13 0.001 -1 1 33.0255 275 ::f,0,2 f,3,12 f,12,0 f,12,15 
92:3,3 0.001 1 0 1,1 0.001 0 -1 1,3 0.001 -1 -1 15.0167 155 1,13 0.001 0 1 2,13 0.001 -1 -1 2,14 0.001 0 1 16.0229 185 14,2 0.001 1 -1 14,1 0.001 1 1 13,2 0.001 0 -1 9.0199 185 13,13 0.001 1 0 13,14 0.001 0 -1 14,13 0.001 -1 0 33.0255 275 ::f,3,1 f,3,12 f,12,0 f,12,15 
93:3,3 0.001 1 -1 1,1 0.001 0 -1 1,3 0.001 0 -1 15.0167 155 1,13 0.001 0 1 2,13 0.001 -1 -1 2,14 0.001 0 1 16.0229 185 14,2 0.001 1 0 14,1 0.001 1 1 13,1 0.001 0 -1 9.0209 185 13,13 0.001 1 0 13,14 0.001 0 -1 14,13 0.001 -1 0 33.0255 275 ::f,3,1 f,3,12 f,12,0 f,12,15 
94:3,3 0.001 0 -1 1,1 0.001 1 -1 1,2 0.001 0 -1 15.0177 155 1,13 0.001 -1 1 2,13 0.001 0 -1 2,14 0.001 -1 1 16.0229 185 14,2 0.001 1 0 14,1 0.001 0 1 13,1 0.001 0 -1 9.0209 185 13,13 0.001 1 0 13,14 0.001 0 -1 14,13 0.001 -1 -1 33.0255 275 ::f,3,1 f,3,12 f,12,0 f,12,15 
95:3,3 0.001 -1 -1 1,1 0.001 1 -1 1,2 0.001 0 -1 15.0177 155 1,13 0.001 -1 1 2,13 0.001 0 -1 2,14 0.001 -1 1 16.0229 185 14,2 0.001 1 1 14,1 0.001 0 1 13,1 0.001 1 -1 9.0209 185 13,13 0.001 1 1 13,14 0.001 1 -1 14,13 0.001 -1 -1 33.0255 275 ::f,3,1 f,3,12 f,12,0 f,12,15 
96:3,3 0.001 -1 0 1,1 0.001 1 0 1,2 0.001 1 -1 15.0177 155 1,13 0.001 -1 0 2,13 0.001 1 -1 2,14 0.001 -1 0 16.0229 185 14,2 0.001 1 1 14,1 0.001 0 1 13,1 0.001 1 -1 9.0209 185 13,13 0.001 1 1 13,14 0.001 1 -1 14,13 0.001 0 -1 33.0255 275 ::f,3,1 f,3,12 f,12,0 f,12,15 
97:3,3 0.001 -1 1 2,1 0.001 1 0 1,2 0.001 1 -1 15.0187 155 1,13 0.001 -1 0 2,13 0.001 1 -1 1,14 0.001 -1 0 22.024 200 14,2 0.001 0 1 14,1 0.001 -1 1 13,1 0.001 1 0 9.0209 185 13,13 0.001 0 1 13,14 0.001 1 0 14,13 0.001 0 -1 33.0255 275 ::f,0,13 f,3,1 f,12,0 f,12,15 
98:3,3 0.001 0 1 2,1 0.001 1 0 1,2 0.001 1 0 21.0188 170 1,13 0.001 -1 -1 2,13 0.001 1 0 1,14 0.001 -1 0 22.024 200 14,2 0.001 0 1 14,1 0.001 -1 1 13,1 0.001 1 0 9.0209 185 13,13 0.001 0 1 13,14 0.001 1 0 14,13 0.001 1 -1 33.0255 275 ::f,0,0 f,0,13 f,12,0 f,12,15 
99:3,3 0.001 1 1 2,1 0.001 1 1 1,2 0.001 1 0 21.0188 170 1,13 0.001 -1 -1 2,13 0.001 1 0 1,14 0.001 -1 -1 22.024 200 14,2 0.001 -1 1 14,1 0.001 -1 0 13,1 0.001 1 0 9.0209 185 13,13 0.001 -1 1 13,14 0.001 1 1 14,13 0.001 1 -1 33.0255 275 ::f,0,0 f,0,13 f,12,0 f,12,15 
100:3,3 0.001 1 0 2,1 0.001 1 1 1,2 0.001 1 1 21.0188 170 1,13 0.001 0 -1 2,13 0.001 1 1 1,14 0.001 -1 -1 24.0241 215 14,2 0.001 -1 1 14,1 0.001 -1 0 13,1 0.001 1 1 9.0209 185 13,13 0.001 -1 1 13,14 0.001 1 1 14,13 0.001 1 0 33.0255 275 ::f,0,0 f,0,14 f,12,0 f,12,15 
101:3,3 0.001 1 -1 2,1 0.001 0 1 2,3 0.001 1 1 21.0198 170 1,13 0.001 0 -1 2,13 0.001 1 1 1,14 0.001 0 -1 24.0241 215 14,2 0.001 -1 0 14,1 0.001 -1 -1 13,1 0.001 1 1 9.0209 185 13,13 0.001 -1 0 13,14 0.001 0 1 14,13 0.001 1 0 33.0255 275 ::f,0,0 f,0,14 f,12,0 f,12,15 
102:3,3 0.001 0 -1 2,2 0.001 0 1 2,3 0.001 1 1 21.0208 170 1,13 0.001 1 -1 2,13 0.001 0 1 1,14 0.001 0 -1 24.0241 215 13,2 0.001 -1 0 14,1 0.001 -1 -1 13,1 0.001 0 1 9.0219 185 13,13 0.001 -1 0 13,14 0.001 0 1 14,13 0.001 1 1 33.0255 275 ::f,0,0 f,0,14 f,12,0 f,12,15 
103:3,3 0.001 -1 -1 2,2 0.001 0 1 2,3 0.001 0 1 21.0208 170 1,13 0.001 1 -1 2,14 0.001 0 1 1,14 0.001 0 -1 24.0251 215 13,2 0.001 -1 0 14,1 0.001 0 -1 13,1 0.001 0 1 9.0219 185 13,13 0.001 -1 -1 13,14 0.001 -1 1 14,13 0.001 1 1 33.0255 275 ::f,0,0 f,0,14 f,12,0 f,12,15 
104:3,3 0.001 -1 0 2,2 0.001 -1 1 2,3 0.001 0 1 21.0208 170 1,13 0.001 1 0 2,14 0.001 0 1 1,14 0.001 1 -1 24.0251 215 13,2 0.001 -1 -1 14,1 0.001 0 -1 13,1 0.001 -1 1 9.0219 185 13,13 0.001 -1 -1 13,14 0.001 -1 1 14,13 0.001 0 1 39.0256 290 ::f,0,0 f,0,14 f,12,0 f,15,15 
105:3,3 0.001 -1 1 2,2 0.001 -1 1 2,3 0.001 -1 1 21.0208 170 2,13 0.001 1 0 2,14 0.001 -1 1 1,14 0.001 1 -1 24.0261 215 13,2 0.001 -1 -1 14,1 0.001 1 -1 13,1 0.001 -1 1 9.0219 185 13,13 0.001 0 -1 13,14 0.001 -1 0 14,14 0.001 0 1 39.0266 290 ::f,0,0 f,0,14 f,12,0 f,15,15 
106:3,3 0.001 0 1 2,2 0.001 -1 0 2,3 0.001 -1 1 21.0208 170 2,13 0.001 1 0 2,14 0.001 -1 1 1,14 0.001 1 0 24.0261 215 13,2 0.001 0 -1 14,1 0.001 1 -1 13,1 0.001 -1 0 9.0219 185 13,13 0.001 0 -1 13,14 0.001 -1 0 14,14 0.001 0 1 39.0266 290 ::f,0,0 f,0,14 f,12,0 f,15,15 
107:3,3 0.001 1 1 1,2 0.001 -1 0 2,3 0.001 -1 0 21.0218 170 2,13 0.001 1 1 2,14 0.001 -1 0 1,14 0.001 1 0 24.0261 215 13,2 0.001 0 -1 14,1 0.001 1 0 13,1 0.001 -1 0 9.0219 185 13,13 0.001 1 -1 13,14 0.001 -1 -1 14,14 0.001 -1 1 39.0266 290 ::f,0,0 f,0,14 f,12,0 f,15,15 
108:3,3 0.001 1 0 1,2 0.001 -1 0 1,3 0.001 -1 0 21.0228 170 2,13 0.001 1 1 2,14 0.001 -1 0 1,14 0.001 1 1 24.0261 215 13,2 0.001 0 -1 14,1 0.001 1 0 13,1 0.001 -1 -1 9.0219 185 13,13 0.001 1 -1 13,14 0.001 -1 -1 14,14 0.001 -1 1 39.0266 290 ::f,0,0 f,0,14 f,12,0 f,15,15 
109:3,3 0.001 1 -1 1,2 0.001 -1 -1 1,3 0.001 -1 0 21.0228 170 2,13 0.001 0 1 2,14 0.001 -1 0 1,14 0.001 1 1 24.0261 215 13,2 0.001 1 -1 14,1 0.001 1 1 13,1 0.001 -1 -1 12.022 200 13,13 0.001 1 0 13,14 0.001 0 -1 14,14 0.001 -1 0 39.0266 290 ::f,0,0 f,0,14 f,13,3 f,15,15 
110:3,3 0.001 0 -1 1,2 0.001 -1 -1 1,3 0.001 -1 -1 21.0228 170 2,13 0.001 0 1 2,14 0.001 -1 -1 1,14 0.001 0 1 24.0261 215 13,2 0.001 1 -1 14,1 0.001 1 1 13,1 0.001 0 -1 12.022 200 14,13 0.001 1 0 13,13 0.001 0 -1 13,14 0.001 -1 0 39.0296 290 ::f,0,0 f,0,14 f,13,3 f,15,15 
111:3,3 0.001 -1 -1 1,2 0.001 0 -1 1,3 0.001 -1 -1 21.0228 170 2,13 0.001 0 1 2,14 0.001 -1 -1 1,14 0.001 0 1 24.0261 215 13,2 0.001 1 0 14,1 0.001 0 1 13,1 0.001 0 -1 12.022 200 14,13 0.001 1 0 13,13 0.001 0 -1 13,14 0.001 -1 0 39.0296 290 ::f,0,0 f,0,14 f,13,3 f,15,15 
112:3,3 0.001 -1 0 1,1 0.001 0 -1 1,3 0.001 0 -1 21.0238 170 2,13 0.001 -1 1 2,14 0.001 0 -1 1,14 0.001 -1 1 24.0261 215 13,2 0.001 1 0 14,2 0.001 0 1 13,1 0.001 1 -1 12.023 200 14,13 0.001 1 1 13,13 0.001 1 -1 13,14 0.001 -1 -1 39.0296 290 ::f,0,0 f,0,14 f,13,3 f,15,15 
113:3,3 0.001 -1 1 1,1 0.001 0 -1 1,2 0.001 0 -1 21.0248 170 2,13 0.001 -1 1 2,14 0.001 0 -1 1,14 0.001 -1 1 24.0261 215 13,2 0.001 1 1 14,2 0.001 0 1 13,1 0.001 1 -1 12.023 200 14,13 0.001 1 1 13,13 0.001 1 -1 13,14 0.001 -1 -1 39.0296 290 ::f,0,0 f,0,14 f,13,3 f,15,15 
114:3,3 0.001 0 1 1,1 0.001 1 -1 1,2 0.001 0 -1 21.0248 170 2,13 0.001 -1 0 2,14 0.001 1 -1 1,14 0.001 -1 0 24.0261 215 13,2 0.001 1 1 14,2 0.001 -1 1 13,1 0.001 1 0 12.023 200 14,13 0.001 0 1 13,13 0.001 1 0 13,14 0.001 0 -1 39.0296 290 ::f,0,0 f,0,14 f,13,3 f,15,15 
115:3,3 0.001 1 1 1,1 0.001 1 -1 1,2 0.001 1 -1 21.0248 170 1,13 0.001 -1 0 2,14 0.001 1 -1 1,14 0.001 -1 0 27.0272 230 13,2 0.001 0 1 14,2 0.001 -1 1 14,1 0.001 1 0 15.0241 215 14,14 0.001 0 1 14,13 0.001 1 0 13,13 0.001 0 -1 39.0326 290 ::f,0,0 f,3,15 f,12,2 f,15,15 
116:3,3 0.001 1 0 1,1 0.001 1 0 1,2 0.001 1 -1 21.0248 170 1,13 0.001 -1 0 2,14 0.001 1 0 1,14 0.001 -1 -1 27.0272 230 13,2 0.001 0 1 14,2 0.001 -1 0 14,1 0.001 1 0 15.0241 215 14,14 0.001 0 1 14,13 0.001 1 0 13,13 0.001 0 -1 39.0326 290 ::f,0,0 f,3,15 f,12,2 f,15,15 
117:3,3 0.001 1 -1 2,1 0.001 1 0 1,2 0.001 1 0 21.0258 170 1,13 0.001 -1 -1 2,14 0.001 1 0 1,14 0.001 -1 -1 27.0272 230 13,2 0.001 -1 1 14,2 0.001 -1 0 14,1 0.001 1 1 15.0241 215 14,14 0.001 -1 1 14,13 0.001 1 1 13,13 0.001 1 -1 39.0326 290 ::f,0,0 f,3,15 f,12,2 f,15,15 
118:3,3 0.001 0 -1 2,1 0.001 1 0 1,2 0.001 1 0 21.0258 170 1,13 0.001 -1 -1 2,14 0.001 1 1 1,14 0.001 0 -1 27.0272 230 13,2 0.001 -1 1 14,2 0.001 -1 0 14,1 0.001 1 1 15.0241 215 14,14 0.001 -1 1 14,13 0.001 1 1 13,13 0.001 1 -1 39.0326 290 ::f,0,0 f,3,15 f,12,2 f,15,15 
119:3,3 0.001 -1 -1 2,1 0.001 1 1 1,2 0.001 1 1 21.0258 170 1,13 0.001 0 -1 2,14 0.001 1 1 1,14 0.001 0 -1 34.0273 245 13,2 0.001 -1 0 14,2 0.001 -1 -1 14,1 0.001 0 1 15.0241 215 14,14 0.001 -1 0 14,13 0.001 0 1 13,13 0.001 1 0 39.0326 290 ::f,0,0 f,1,15 f,12,2 f,15,15 
120:3,3 0.001 -1 0 2,1 0.001 1 1 2,3 0.001 1 1 21.0268 170 1,13 0.001 0 -1 2,14 0.001 0 1 1,14 0.001 0 -1 34.0273 245 13,2 0.001 -1 0 14,2 0.001 -1 -1 14,1 0.001 0 1 18.0242 230 13,14 0.001 -1 0 14,14 0.001 0 1 14,13 0.001 1 0 39.0356 290 ::f,0,0 f,1,15 f,15,0 f,15,15 
121:3,3 0.001 -1 1 2,1 0.001 0 1 2,3 0.001 1 1 21.0268 170 1,13 0.001 1 -1 2,14 0.001 0 1 1,14 0.001 1 -1 34.0273 245 13,2 0.001 -1 -1 14,2 0.001 0 -1 14,1 0.001 0 1 18.0242 230 13,14 0.001 -1 0 14,14 0.001 0 1 14,13 0.001 1 0 39.0356 290 ::f,0,0 f,1,15 f,15,0 f,15,15 
122:3,3 0.001 0 1 2,2 0.001 0 1 2,3 0.001 0 1 21.0278 170 1,13 0.001 1 -1 2,14 0.001 -1 1 1,14 0.001 1 -1 34.0273 245 13,2 0.001 -1 -1 14,2 0.001 0 -1 14,1 0.001 -1 1 18.0242 230 13,14 0.001 -1 -1 14,14 0.001 -1 1 14,13 0.001 1 1 39.0356 290 ::f,0,0 f,1,15 f,15,0 f,15,15 
123:3,3 0.001 1 1 2,2 0.001 0 1 2,3 0.001 0 1 21.0278 170 1,13 0.001 1 0 2,14 0.001 -1 1 1,14 0.001 1 0 42.0274 260 13,2 0.001 0 -1 14,2 0.001 1 -1 14,1 0.001 -1 1 18.0242 230 13,14 0.001 -1 -1 14,14 0.001 -1 1 14,13 0.001 1 1 39.0356 290 ::f,0,0 f,2,13 f,15,0 f,15,15 
124:3,3 0.001 1 0 2,2 0.001 -1 1 2,3 0.001 -1 1 21.0278 170 1,13 0.001 1 0 2,14 0.001 -1 0 1,14 0.001 1 0 42.0274 260 13,1 0.001 0 -1 14,2 0.001 1 -1 14,1 0.001 -1 0 18.0252 230 13,14 0.001 0 -1 14,14 0.001 -1 0 14,13 0.001 0 1 39.0356 290 ::f,0,0 f,2,13 f,15,0 f,15,15 
125:3,3 0.001 1 -1 2,2 0.001 -1 1 2,3 0.001 -1 1 21.0278 170 1,13 0.001 1 0 2,14 0.001 -1 0 1,14 0.001 1 1 43.0275 275 13,1 0.001 0 -1 14,2 0.001 1 0 14,1 0.001 -1 0 18.0252 230 13,13 0.001 0 -1 13,14 0.001 -1 0 14,14 0.001 0 1 39.0386 290 ::f,0,0 f,2,12 f,15,0 f,15,15 
126:3,3 0.001 0 -1 2,2 0.001 -1 0 2,3 0.001 -1 0 21.0278 170 1,13 0.001 1 1 2,14 0.001 -1 0 1,14 0.001 1 1 43.0275 275 13,1 0.001 1 -1 14,2 0.001 1 0 14,1 0.001 -1 -1 18.0252 230 13,13 0.001 0 -1 13,14 0.001 -1 0 14,14 0.001 0 1 39.0386 290 ::f,0,0 f,2,12 f,15,0 f,15,15 
127:3,3 0.001 -1 -1 2,2 0.001 -1 0 1,3 0.001 -1 0 21.0288 170 1,13 0.001 1 1 2,14 0.001 -1 -1 1,14 0.001 0 1 43.0275 275 13,1 0.001 1 -1 14,2 0.001 1 1 14,1 0.001 -1 -1 18.0252 230 13,13 0.001 1 -1 13,14 0.001 -1 -1 14,14 0.001 -1 1 39.0386 290 ::f,0,0 f,2,12 f,15,0 f,15,15 
128:3,3 0.001 -1 0 2,2 0.001 -1 -1 1,3 0.001 -1 0 21.0288 170 1,13 0.001 0 1 2,14 0.001 -1 -1 1,14 0.001 0 1 43.0275 275 13,1 0.001 1 0 14,2 0.001 1 1 14,1 0.001 0 -1 18.0252 230 13,13 0.001 1 -1 13,14 0.001 -1 -1 14,14 0.001 -1 1 39.0386 290 ::f,0,0 f,2,12 f,15,0 f,15,15 
129:3,3 0.001 -1 1 1,1 0.001 -1 -1 1,3 0.001 -1 -1 21.0298 170 1,13 0.001 0 1 2,14 0.001 0 -1 1,14 0.001 -1 1 43.0275 275 13,1 0.001 1 0 14,2 0.001 0 1 14,1 0.001 0 -1 18.0252 230 13,13 0.001 1 0 13,14 0.001 0 -1 14,14 0.001 -1 0 39.0386 290 ::f,0,0 f,2,12 f,15,0 f,15,15 
130:3,3 0.001 0 1 1,1 0.001 -1 -1 1,3 0.001 -1 -1 28.0299 185 1,13 0.001 -1 1 2,13 0.001 0 -1 1,14 0.001 -1 1 43.0285 275 13,1 0.001 1 0 14,2 0.001 0 1 14,1 0.001 1 -1 18.0252 230 14,13 0.001 1 0 13,13 0.001 0 -1 13,14 0.001 -1 0 39.0416 290 ::f,0,3 f,2,12 f,15,0 f,15,15 
131:3,3 0.001 1 1 1,1 0.001 0 -1 1,3 0.001 0 -1 28.0299 185 1,13 0.001 -1 1 2,13 0.001 0 -1 1,14 0.001 -1 0 52.0286 290 13,1 0.001 1 1 14,2 0.001 -1 1 14,1 0.001 1 -1 22.0253 245 14,13 0.001 1 0 13,13 0.001 0 -1 13,14 0.001 -1 0 39.0416 290 ::f,0,3 f,3,14 f,15,1 f,15,15 
132:3,3 0.001 1 0 1,1 0.001 0 -1 1,2 0.001 0 -1 28.0309 185 1,13 0.001 -1 0 2,13 0.001 1 -1 1,14 0.001 -1 0 52.0286 290 13,1 0.001 1 1 14,2 0.001 -1 1 14,1 0.001 1 0 22.0253 245 14,13 0.001 1 1 13,13 0.001 1 -1 13,14 0.001 -1 -1 39.0416 290 ::f,0,3 f,3,14 f,15,1 f,15,15 
133:3,3 0.001 1 -1 1,1 0.001 1 -1 1,2 0.001 0 -1 28.0309 185 1,13 0.001 -1 0 2,13 0.001 1 -1 1,14 0.001 -1 -1 52.0286 290 13,1 0.001 0 1 14,2 0.001 -1 0 14,1 0.001 1 0 27.0254 260 14,13 0.001 1 1 13,13 0.001 1 -1 13,14 0.001 -1 -1 39.0416 290 ::f,0,3 f,3,14 f,15,1 f,15,15 
134:3,3 0.001 0 -1 1,1 0.001 1 -1 1,2 0.001 1 -1 28.0309 185 1,13 0.001 -1 -1 2,13 0.001 1 0 1,14 0.001 -1 -1 52.0286 290 13,1 0.001 0 1 13,2 0.001 -1 0 14,1 0.001 1 1 27.0264 260 14,13 0.001 0 1 13,13 0.001 1 0 13,14 0.001 0 -1 39.0416 290 ::f,0,3 f,3,14 f,15,1 f,15,15 
135:3,3 0.001 -1 -1 1,1 0.001 1 0 1,2 0.001 1 -1 28.0309 185 1,13 0.001 -1 -1 2,13 0.001 1 0 1,14 0.001 0 -1 52.0286 290 13,1 0.001 -1 1 13,2 0.001 -1 0 14,1 0.001 1 1 27.0264 260 14,14 0.001 0 1 14,13 0.001 1 0 13,13 0.001 0 -1 39.0446 290 ::f,0,3 f,3,14 f,15,1 f,15,15 
136:3,3 0.001 -1 0 2,1 0.001 1 0 1,2 0.001 1 0 28.0319 185 1,13 0.001 0 -1 2,13 0.001 1 1 1,14 0.001 0 -1 52.0286 290 13,1 0.001 -1 1 13,2 0.001 -1 -1 14,1 0.001 0 1 27.0264 260 14,14 0.001 0 1 14,13 0.001 1 0 13,13 0.001 0 -1 39.0446 290 ::f,0,3 f,3,14 f,15,1 f,15,15 
137:3,3 0.001 -1 1 2,1 0.001 1 0 1,2 0.001 1 0 28.0319 185 1,13 0.001 0 -1 2,13 0.001 1 1 1,14 0.001 0 -1 62.0287 305 13,1 0.001 -1 0 13,2 0.001 -1 -1 14,2 0.001 0 1 27.0274 260 14,14 0.001 -1 1 14,13 0.001 1 1 13,13 0.001 1 -1 39.0446 290 ::f,0,3 f,2,15 f,15,1 f,15,15 
138:3,3 0.001 0 1 2,1 0.001 1 1 1,2 0.001 1 1 28.0319 185 1,13 0.001 1 -1 2,13 0.001 0 1 1,14 0.001 1 -1 62.0287 305 13,1 0.001 -1 0 13,2 0.001 0 -1 14,2 0.001 0 1 27.0274 260 14,14 0.001 -1 1 14,13 0.001 1 1 13,13 0.001 1 -1 39.0446 290 ::f,0,3 f,2,15 f,15,1 f,15,15 
139:3,3 0.001 1 1 2,1 0.001 1 1 2,3 0.001 1 1 28.0329 185 1,13 0.001 1 -1 2,14 0.001 0 1 1,14 0.001 1 -1 62.0297 305 13,1 0.001 -1 -1 13,2 0.001 0 -1 14,2 0.001 -1 1 27.0274 260 14,14 0.001 -1 0 14,13 0.001 0 1 13,13 0.001 1 0 39.0446 290 ::f,0,3 f,2,15 f,15,1 f,15,15 
140:3,3 0.001 1 0 2,1 0.001 0 1 2,3 0.001 1 1 28.0329 185 1,13 0.001 1 0 2,14 0.001 0 1 1,14 0.001 1 0 72.0298 320 13,1 0.001 -1 -1 13,2 0.001 0 -1 14,2 0.001 -1 1 27.0274 260 13,14 0.001 -1 0 14,14 0.001 0 1 14,13 0.001 1 0 39.0476 290 ::f,0,3 f,3,14 f,15,1 f,15,15 
141:3,3 0.001 1 -1 2,2 0.001 0 1 2,3 0.001 0 1 28.0339 185 2,13 0.001 1 0 2,14 0.001 -1 1 1,14 0.001 1 0 72.0308 320 13,1 0.001 0 -1 13,2 0.001 1 -1 14,2 0.001 -1 0 27.0274 260 13,14 0.001 -1 0 14,14 0.001 0 1 14,13 0.001 1 0 39.0476 290 ::f,0,3 f,3,14 f,15,1 f,15,15 
142:3,3 0.001 0 -1 2,2 0.001 0 1 2,3 0.001 0 1 28.0339 185 2,13 0.001 1 0 2,14 0.001 -1 1 1,14 0.001 1 0 72.0308 320 13,1 0.001 0 -1 13,2 0.001 1 -1 14,2 0.001 -1 0 27.0274 260 13,14 0.001 -1 -1 14,14 0.001 -1 1 14,13 0.001 1 1 39.0476 290 ::f,0,3 f,3,14 f,15,1 f,15,15 
143:3,3 0.001 -1 -1 2,2 0.001 -1 1 2,3 0.001 -1 1 28.0339 185 2,13 0.001 1 1 2,14 0.001 -1 0 1,14 0.001 1 1 72.0308 320 13,1 0.001 1 -1 13,2 0.001 1 0 14,2 0.001 -1 0 27.0274 260 13,14 0.001 -1 -1 14,14 0.001 -1 1 14,13 0.001 1 1 39.0476 290 ::f,0,3 f,3,14 f,15,1 f,15,15 
144:3,3 0.001 -1 0 2,2 0.001 -1 1 2,3 0.001 -1 1 28.0339 185 2,13 0.001 1 1 2,14 0.001 -1 0 1,14 0.001 1 1 74.0309 335 13,1 0.001 1 -1 13,2 0.001 1 0 14,2 0.001 -1 -1 27.0274 260 13,14 0.001 0 -1 14,14 0.001 -1 0 14,13 0.001 0 1 39.0476 290 ::f,0,3 f,0,13 f,15,1 f,15,15 
145:3,3 0.001 -1 1 2,2 0.001 -1 0 2,3 0.001 -1 0 28.0339 185 2,13 0.001 0 1 2,14 0.001 -1 0 1,14 0.001 0 1 74.0309 335 13,1 0.001 1 0 13,2 0.001 1 0 14,2 0.001 -1 -1 27.0274 260 13,13 0.001 0 -1 13,14 0.001 -1 0 14,14 0.001 0 1 39.0506 290 ::f,0,3 f,0,13 f,15,1 f,15,15 
146:3,3 0.001 0 1 1,2 0.001 -1 0 1,3 0.001 -1 0 28.0359 185 2,13 0.001 0 1 2,14 0.001 -1 -1 1,14 0.001 0 1 74.0309 335 14,1 0.001 1 0 13,2 0.001 1 1 14,2 0.001 0 -1 27.0284 260 13,13 0.001 0 -1 13,14 0.001 -1 0 14,14 0.001 0 1 39.0506 290 ::f,0,3 f,0,13 f,15,1 f,15,15 
147:3,3 0.001 1 1 1,2 0.001 -1 0 1,3 0.001 -1 0 29.036 200 2,13 0.001 0 1 1,13 0.001 -1 -1 1,14 0.001 -1 1 74.0319 335 14,1 0.001 1 0 13,2 0.001 1 1 14,2 0.001 0 -1 31.0285 275 13,13 0.001 1 -1 13,14 0.001 -1 -1 14,14 0.001 -1 1 39.0506 290 ::f,0,13 f,2,3 f,15,3 f,15,15 
148:3,3 0.001 1 0 1,2 0.001 -1 -1 1,3 0.001 -1 -1 29.036 200 2,13 0.001 -1 1 1,13 0.001 -1 -1 1,14 0.001 -1 1 74.0319 335 14,1 0.001 1 1 13,2 0.001 0 1 14,2 0.001 1 -1 31.0285 275 13,13 0.001 1 -1 13,14 0.001 -1 -1 14,14 0.001 -1 1 39.0506 290 ::f,0,13 f,2,3 f,15,3 f,15,15 
149:3,3 0.001 1 -1 1,2 0.001 -1 -1 1,3 0.001 -1 -1 29.036 200 2,13 0.001 -1 1 1,13 0.001 0 -1 1,14 0.001 -1 0 74.0319 335 14,1 0.001 1 1 13,2 0.001 0 1 14,2 0.001 1 -1 31.0285 275 13,13 0.001 1 0 13,14 0.001 0 -1 14,14 0.001 -1 0 39.0506 290 ::f,0,13 f,2,3 f,15,3 f,15,15 
150:3,3 0.001 0 -1 1,2 0.001 0 -1 1,3 0.001 0 -1 29.036 200 2,13 0.001 -1 0 1,13 0.001 0 -1 1,14 0.001 -1 0 74.0319 335 14,1 0.001 0 1 13,2 0.001 -1 1 14,2 0.001 1 0 31.0285 275 14,13 0.001 1 0 13,13 0.001 0 -1 13,14 0.001 -1 0 39.0536 290 ::f,0,13 f,2,3 f,15,3 f,15,15 
151:3,3 0.001 -1 -1 1,1 0.001 0 -1 1,2 0.001 0 -1 29.038 200 2,13 0.001 -1 0 1,13 0.001 1 -1 1,14 0.001 -1 -1 74.0319 335 14,1 0.001 0 1 13,2 0.001 -1 1 14,2 0.001 1 0 31.0285 275 14,13 0.001 1 0 13,13 0.001 0 -1 13,14 0.001 -1 0 39.0536 290 ::f,0,13 f,2,3 f,15,3 f,15,15 
152:3,3 0.001 -1 0 1,1 0.001 0 -1 1,2 0.001 0 -1 29.038 200 2,13 0.001 -1 0 1,13 0.001 1 -1 1,14 0.001 -1 -1 78.032 350 14,1 0.001 0 1 13,2 0.001 -1 0 14,2 0.001 1 1 31.0285 275 14,13 0.001 1 1 13,13 0.001 1 -1 13,14 0.001 -1 -1 39.0536 290 ::f,2,3 f,3,15 f,15,3 f,15,15 
153:3,3 0.001 -1 1 1,1 0.001 1 -1 1,2 0.001 1 -1 29.038 200 2,13 0.001 -1 -1 1,13 0.001 1 0 1,14 0.001 0 -1 78.032 350 14,1 0.001 -1 1 13,2 0.001 -1 0 14,2 0.001 1 1 37.0286 290 14,13 0.001 1 1 13,13 0.001 1 -1 13,14 0.001 -1 -1 39.0536 290 ::f,2,3 f,3,15 f,13,3 f,15,15 
154:3,3 0.001 0 1 1,1 0.001 1 -1 1,2 0.001 1 -1 29.038 200 2,13 0.001 0 -1 1,13 0.001 1 0 1,14 0.001 0 -1 78.032 350 14,1 0.001 -1 1 13,2 0.001 -1 -1 14,2 0.001 0 1 37.0286 290 14,13 0.001 0 1 13,13 0.001 1 0 13,14 0.001 0 -1 39.0536 290 ::f,2,3 f,3,15 f,13,3 f,15,15 
155:3,3 0.001 1 1 1,1 0.001 1 0 1,2 0.001 1 0 29.038 200 2,13 0.001 1 -1 1,13 0.001 1 0 1,14 0.001 0 -1 78.032 350 14,1 0.001 -1 0 13,2 0.001 -1 -1 14,2 0.001 0 1 37.0286 290 14,14 0.001 0 1 14,13 0.001 1 0 13,13 0.001 0 -1 39.0566 290 ::f,2,3 f,3,15 f,13,3 f,15,15 
156:3,3 0.001 1 0 2,1 0.001 1 0 1,2 0.001 1 0 29.039 200 2,13 0.001 1 0 1,13 0.001 1 1 1,14 0.001 1 -1 78.032 350 14,1 0.001 -1 0 13,2 0.001 0 -1 14,2 0.001 -1 1 37.0286 290 14,14 0.001 0 1 14,13 0.001 1 0 13,13 0.001 0 -1 39.0566 290 ::f,2,3 f,3,15 f,13,3 f,15,15 
157:3,3 0.001 1 -1 2,1 0.001 1 0 1,2 0.001 1 1 29.039 200 2,13 0.001 1 0 2,14 0.001 1 1 1,14 0.001 1 -1 78.033 350 14,1 0.001 -1 -1 13,1 0.001 0 -1 14,2 0.001 -1 1 44.0297 305 14,14 0.001 -1 1 14,13 0.001 1 1 13,13 0.001 1 -1 39.0566 290 ::f,2,3 f,3,15 f,13,0 f,15,15 
158:3,3 0.001 0 -1 2,1 0.001 1 1 1,2 0.001 1 1 29.039 200 2,13 0.001 1 1 2,14 0.001 1 1 1,14 0.001 1 -1 88.0331 365 14,1 0.001 -1 -1 13,1 0.001 0 -1 14,2 0.001 -1 0 49.0298 320 14,14 0.001 -1 1 14,13 0.001 1 1 13,13 0.001 1 -1 39.0566 290 ::f,2,3 f,3,12 f,14,3 f,15,15 
159:3,3 0.001 -1 -1 2,1 0.001 1 1 1,2 0.001 1 1 31.0391 215 2,13 0.001 1 1 2,14 0.001 0 1 1,14 0.001 1 -1 88.0331 365 14,1 0.001 0 -1 13,1 0.001 1 -1 13,2 0.001 -1 0 49.0308 320 14,14 0.001 -1 0 14,13 0.001 0 1 13,13 0.001 1 0 39.0566 290 ::f,2,0 f,3,12 f,14,3 f,15,15 
160:3,3 0.001 -1 0 2,1 0.001 0 1 1,2 0.001 0 1 31.0391 215 2,13 0.001 0 1 2,14 0.001 0 1 1,14 0.001 1 0 88.0331 365 14,1 0.001 0 -1 13,1 0.001 1 -1 13,2 0.001 -1 0 49.0308 320 13,14 0.001 -1 0 14,14 0.001 0 1 14,13 0.001 1 0 39.0596 290 ::f,2,0 f,3,12 f,14,3 f,15,15 
161:3,3 0.001 -1 1 2,2 0.001 0 1 1,2 0.001 0 1 31.0401 215 2,13 0.001 0 1 2,14 0.001 -1 1 1,14 0.001 1 0 88.0331 365 14,1 0.001 1 -1 13,1 0.001 1 0 13,2 0.001 -1 -1 49.0308 320 13,14 0.001 -1 0 14,14 0.001 0 1 14,13 0.001 1 0 39.0596 290 ::f,2,0 f,3,12 f,14,3 f,15,15 
162:3,3 0.001 0 1 2,2 0.001 0 1 1,2 0.001 -1 1 31.0401 215 2,13 0.001 0 1 2,14 0.001 -1 1 1,14 0.001 1 1 88.0331 365 14,1 0.001 1 -1 13,1 0.001 1 0 13,2 0.001 -1 -1 49.0308 320 13,14 0.001 -1 -1 14,14 0.001 -1 1 14,13 0.001 1 1 39.0596 290 ::f,2,0 f,3,12 f,14,3 f,15,15 
163:3,3 0.001 1 1 2,2 0.001 -1 1 1,2 0.001 -1 1 31.0401 215 2,13 0.001 -1 1 2,14 0.001 -1 0 1,14 0.001 1 1 88.0331 365 14,1 0.001 1 0 13,1 0.001 1 0 13,2 0.001 0 -1 49.0308 320 13,14 0.001 -1 -1 14,14 0.001 -1 1 14,13 0.001 1 1 39.0596 290 ::f,2,0 f,3,12 f,14,3 f,15,15 
164:3,3 0.001 1 0 2,2 0.001 -1 1 1,2 0.001 -1 0 31.0401 215 2,13 0.001 -1 1 2,14 0.001 -1 0 1,14 0.001 0 1 88.0331 365 14,1 0.001 1 0 13,1 0.001 1 1 13,2 0.001 0 -1 49.0308 320 13,14 0.001 0 -1 14,14 0.001 -1 0 14,13 0.001 0 1 39.0596 290 ::f,2,0 f,3,12 f,14,3 f,15,15 
165:3,3 0.001 1 -1 2,2 0.001 -1 0 1,2 0.001 -1 0 31.0401 215 2,13 0.001 -1 0 2,14 0.001 -1 0 1,14 0.001 0 1 88.0331 365 14,1 0.001 1 1 13,1 0.001 1 1 13,2 0.001 0 -1 49.0308 320 13,13 0.001 0 -1 13,14 0.001 -1 0 14,14 0.001 0 1 39.0626 290 ::f,2,0 f,3,12 f,14,3 f,15,15 
166:3,3 0.001 0 -1 2,2 0.001 -1 0 1,2 0.001 -1 -1 31.0401 215 2,13 0.001 -1 0 2,14 0.001 -1 -1 1,14 0.001 -1 1 88.0331 365 14,1 0.001 1 1 13,1 0.001 0 1 13,2 0.001 1 -1 49.0308 320 13,13 0.001 0 -1 13,14 0.001 -1 0 14,14 0.001 0 1 39.0626 290 ::f,2,0 f,3,12 f,14,3 f,15,15 
167:3,3 0.001 -1 -1 2,2 0.001 -1 0 1,2 0.001 -1 -1 31.0401 215 2,13 0.001 -1 -1 2,14 0.001 -1 -1 1,14 0.001 -1 1 88.0331 365 14,1 0.001 0 1 13,1 0.001 0 1 13,2 0.001 1 -1 49.0308 320 13,13 0.001 1 -1 13,14 0.001 -1 -1 14,14 0.001 -1 1 39.0626 290 ::f,2,0 f,3,12 f,14,3 f,15,15 
168:3,3 0.001 -1 0 2,2 0.001 -1 -1 1,2 0.001 0 -1 31.0401 215 2,13 0.001 -1 -1 2,14 0.001 0 -1 1,14 0.001 -1 0 88.0331 365 14,2 0.001 0 1 13,1 0.001 0 1 13,2 0.001 1 0 49.0318 320 13,13 0.001 1 -1 13,14 0.001 -1 -1 14,14 0.001 -1 1 39.0626 290 ::f,2,0 f,3,12 f,14,3 f,15,15 
169:3,3 0.001 -1 1 2,2 0.001 -1 -1 1,1 0.001 0 -1 31.0411 215 2,13 0.001 0 -1 2,14 0.001 0 -1 1,14 0.001 -1 0 88.0331 365 14,2 0.001 0 1 13,1 0.001 -1 1 13,2 0.001 1 0 55.0319 335 13,13 0.001 1 0 13,14 0.001 0 -1 14,14 0.001 -1 0 39.0626 290 ::f,2,0 f,3,12 f,15,2 f,15,15 
170:3,3 0.001 0 1 2,2 0.001 0 -1 1,1 0.001 0 -1 31.0411 215 2,13 0.001 0 -1 2,14 0.001 1 -1 1,14 0.001 -1 -1 88.0331 365 14,2 0.001 -1 1 13,1 0.001 -1 0 13,2 0.001 1 0 55.0319 335 14,13 0.001 1 0 13,13 0.001 0 -1 13,14 0.001 -1 0 39.0656 290 ::f,2,0 f,3,12 f,15,2 f,15,15 
171:3,3 0.001 1 1 2,1 0.001 0 -1 1,1 0.001 1 -1 31.0421 215 2,13 0.001 1 -1 2,14 0.001 1 -1 1,14 0.001 -1 -1 88.0331 365 14,2 0.001 -1 1 13,1 0.001 -1 -1 13,2 0.001 1 1 55.0319 335 14,13 0.001 1 0 13,13 0.001 0 -1 13,14 0.001 -1 0 39.0656 290 ::f,2,0 f,3,12 f,15,2 f,15,15 
172:3,3 0.001 1 0 2,1 0.001 0 -1 1,1 0.001 1 -1 39.0422 230 2,13 0.001 1 -1 2,14 0.001 1 0 1,14 0.001 0 -1 91.0332 380 14,2 0.001 -1 0 13,1 0.001 0 -1 13,2 0.001 1 1 55.0319 335 14,13 0.001 1 1 13,13 0.001 1 -1 13,14 0.001 -1 -1 39.0656 290 ::f,0,12 f,3,0 f,15,2 f,15,15 
173:3,3 0.001 1 -1 2,1 0.001 1 -1 1,1 0.001 1 0 39.0422 230 2,13 0.001 1 0 2,14 0.001 1 1 1,13 0.001 0 -1 91.0342 380 14,2 0.001 -1 0 13,1 0.001 0 -1 13,2 0.001 0 1 55.0319 335 14,13 0.001 1 1 13,13 0.001 1 -1 13,14 0.001 -1 -1 39.0656 290 ::f,0,12 f,3,0 f,15,2 f,15,15 
174:3,3 0.001 0 -1 2,1 0.001 1 -1 1,1 0.001 1 0 48.0423 245 2,13 0.001 1 0 2,14 0.001 0 1 1,13 0.001 0 -1 91.0342 380 14,2 0.001 -1 0 13,1 0.001 1 -1 13,2 0.001 0 1 55.0319 335 14,13 0.001 0 1 13,13 0.001 1 0 13,14 0.001 0 -1 39.0656 290 ::f,0,0 f,0,12 f,15,2 f,15,15 
175:3,3 0.001 -1 -1 2,1 0.001 1 0 1,1 0.001 1 0 48.0423 245 2,13 0.001 1 1 2,14 0.001 0 1 1,13 0.001 1 -1 91.0342 380 14,2 0.001 -1 -1 13,1 0.001 1 -1 13,2 0.001 -1 1 55.0319 335 14,14 0.001 0 1 14,13 0.001 1 0 13,13 0.001 0 -1 39.0686 290 ::f,0,0 f,0,12 f,15,2 f,15,15 
176:3,3 0.001 -1 0 2,1 0.001 1 0 1,1 0.001 1 1 48.0423 245 2,13 0.001 1 1 2,14 0.001 -1 1 1,13 0.001 1 -1 91.0342 380 14,2 0.001 -1 -1 13,1 0.001 1 0 13,2 0.001 -1 1 55.0319 335 14,14 0.001 0 1 14,13 0.001 1 0 13,13 0.001 0 -1 39.0686 290 ::f,0,0 f,0,12 f,15,2 f,15,15 
177:3,3 0.001 -1 1 2,1 0.001 1 1 2,2 0.001 1 1 48.0433 245 2,13 0.001 0 1 2,14 0.001 -1 1 1,13 0.001 1 0 91.0342 380 14,2 0.001 0 -1 14,1 0.001 1 0 13,2 0.001 -1 0 55.0329 335 14,14 0.001 -1 1 14,13 0.001 1 1 13,13 0.001 1 -1 39.0686 290 ::f,0,0 f,0,12 f,15,2 f,15,15 
178:3,3 0.001 0 1 2,1 0.001 1 1 2,2 0.001 1 1 48.0433 245 2,13 0.001 0 1 2,14 0.001 -1 0 1,13 0.001 1 0 91.0342 380 14,2 0.001 0 -1 14,1 0.001 1 0 13,2 0.001 -1 0 55.0329 335 14,14 0.001 -1 1 14,13 0.001 1 1 13,13 0.001 1 -1 39.0686 290 ::f,0,0 f,0,12 f,15,2 f,15,15 
179:3,3 0.001 1 1 2,1 0.001 0 1 2,2 0.001 0 1 48.0433 245 2,13 0.001 0 1 1,14 0.001 -1 0 1,13 0.001 1 0 91.0352 380 14,2 0.001 1 -1 14,1 0.001 1 1 13,2 0.001 -1 -1 55.0329 335 14,14 0.001 -1 0 14,13 0.001 0 1 13,13 0.001 1 0 39.0686 290 ::f,0,0 f,0,12 f,15,2 f,15,15 
180:3,3 0.001 1 0 2,1 0.001 0 1 2,2 0.001 0 1 48.0433 245 2,13 0.001 -1 1 1,14 0.001 -1 0 1,13 0.001 1 1 91.0352 380 14,2 0.001 1 -1 14,1 0.001 1 1 13,2 0.001 -1 -1 59.033 350 13,14 0.001 -1 0 14,14 0.001 0 1 14,13 0.001 1 0 39.0716 290 ::f,0,0 f,0,12 f,14,3 f,15,15 
181:3,3 0.001 1 -1 2,1 0.001 0 1 2,2 0.001 -1 1 48.0433 245 2,13 0.001 -1 1 1,14 0.001 -1 -1 1,13 0.001 1 1 91.0352 380 14,2 0.001 1 0 14,1 0.001 0 1 13,2 0.001 0 -1 59.033 350 13,14 0.001 -1 0 14,14 0.001 0 1 14,13 0.001 1 0 39.0716 290 ::f,0,0 f,0,12 f,14,3 f,15,15 
182:3,3 0.001 0 -1 2,1 0.001 -1 1 2,2 0.001 -1 1 48.0433 245 2,13 0.001 -1 0 1,14 0.001 -1 -1 1,13 0.001 0 1 91.0352 380 14,2 0.001 1 0 14,1 0.001 0 1 13,1 0.001 0 -1 59.034 350 13,14 0.001 -1 -1 14,14 0.001 -1 1 14,13 0.001 1 1 39.0716 290 ::f,0,0 f,0,12 f,14,3 f,15,15 
183:3,3 0.001 -1 -1 2,1 0.001 -1 1 2,2 0.001 -1 0 48.0433 245 2,13 0.001 -1 0 1,14 0.001 0 -1 1,13 0.001 0 1 91.0352 380 14,2 0.001 1 1 14,1 0.001 0 1 13,1 0.001 0 -1 59.034 350 13,14 0.001 -1 -1 14,14 0.001 -1 1 14,13 0.001 1 1 39.0716 290 ::f,0,0 f,0,12 f,14,3 f,15,15 
184:3,3 0.001 -1 0 2,1 0.001 -1 0 1,2 0.001 -1 0 48.0443 245 2,13 0.001 -1 -1 1,14 0.001 0 -1 1,13 0.001 -1 1 91.0352 380 14,2 0.001 1 1 14,1 0.001 -1 1 13,1 0.001 1 -1 59.034 350 13,14 0.001 0 -1 14,14 0.001 -1 0 14,13 0.001 0 1 39.0716 290 ::f,0,0 f,0,12 f,14,3 f,15,15 
185:3,3 0.001 -1 1 2,1 0.001 -1 0 1,2 0.001 -1 0 48.0443 245 2,13 0.001 -1 -1 1,14 0.001 0 -1 1,13 0.001 -1 1 91.0352 380 14,2 0.001 0 1 14,1 0.001 -1 1 13,1 0.001 1 -1 59.034 350 13,13 0.001 0 -1 13,14 0.001 -1 0 14,14 0.001 0 1 39.0746 290 ::f,0,0 f,0,12 f,14,3 f,15,15 
186:3,3 0.001 0 1 2,1 0.001 -1 -1 1,2 0.001 -1 -1 48.0443 245 2,13 0.001 0 -1 1,14 0.001 1 -1 1,13 0.001 -1 0 91.0352 380 14,2 0.001 0 1 14,1 0.001 -1 0 13,1 0.001 1 0 66.0341 365 13,13 0.001 0 -1 13,14 0.001 -1 0 14,14 0.001 0 1 39.0746 290 ::f,0,0 f,0,12 f,13,2 f,15,15 
187:3,3 0.001 1 1 2,1 0.001 -1 -1 1,2 0.001 -1 -1 48.0443 245 2,13 0.001 0 -1 1,14 0.001 1 -1 1,13 0.001 -1 0 91.0352 380 14,2 0.001 -1 1 14,1 0.001 -1 0 13,1 0.001 1 0 66.0341 365 13,13 0.001 1 -1 13,14 0.001 -1 -1 14,14 0.001 -1 1 39.0746 290 ::f,0,0 f,0,12 f,13,2 f,15,15 
188:3,3 0.001 1 0 2,1 0.001 0 -1 1,2 0.001 0 -1 48.0443 245 2,13 0.001 1 -1 1,14 0.001 1 0 1,13 0.001 -1 -1 91.0352 380 14,2 0.001 -1 1 14,1 0.001 -1 -1 13,1 0.001 1 0 66.0341 365 13,13 0.001 1 -1 13,14 0.001 -1 -1 14,14 0.001 -1 1 39.0746 290 ::f,0,0 f,0,12 f,13,2 f,15,15 
189:3,3 0.001 1 -1 2,1 0.001 0 -1 1,1 0.001 0 -1 48.0453 245 2,13 0.001 1 -1 1,14 0.001 1 0 1,13 0.001 -1 -1 96.0353 395 14,2 0.001 -1 0 14,1 0.001 -1 -1 13,1 0.001 1 1 66.0341 365 13,13 0.001 1 0 13,14 0.001 0 -1 14,14 0.001 -1 0 39.0746 290 ::f,0,0 f,0,15 f,13,2 f,15,15 
190:3,3 0.001 0 -1 2,1 0.001 1 -1 1,1 0.001 0 -1 48.0453 245 2,13 0.001 1 0 1,14 0.001 1 1 1,13 0.001 0 -1 96.0353 395 14,2 0.001 -1 0 14,1 0.001 0 -1 13,1 0.001 1 1 66.0341 365 14,13 0.001 1 0 13,13 0.001 0 -1 13,14 0.001 -1 0 39.0776 290 ::f,0,0 f,0,15 f,13,2 f,15,15 
191:3,3 0.001 -1 -1 2,1 0.001 1 -1 1,1 0.001 1 -1 48.0453 245 2,13 0.001 1 0 1,14 0.001 1 1 1,13 0.001 0 -1 96.0353 395 14,2 0.001 -1 0 14,1 0.001 0 -1 13,1 0.001 0 1 74.0342 380 14,13 0.001 1 0 13,13 0.001 0 -1 13,14 0.001 -1 0 39.0776 290 ::f,0,0 f,0,15 f,12,3 f,15,15 
192:3,3 0.001 -1 0 2,1 0.001 1 0 1,1 0.001 1 -1 48.0453 245 2,13 0.001 1 1 1,14 0.001 0 1 1,13 0.001 1 -1 96.0353 395 13,2 0.001 -1 0 14,1 0.001 1 -1 13,1 0.001 0 1 74.0352 380 14,13 0.001 1 1 13,13 0.001 1 -1 13,14 0.001 -1 -1 39.0776 290 ::f,0,0 f,0,15 f,12,3 f,15,15 
193:3,3 0.001 -1 1 2,1 0.001 1 0 1,1 0.001 1 0 48.0453 245 2,13 0.001 1 1 1,14 0.001 0 1 1,13 0.001 1 -1 96.0353 395 13,2 0.001 -1 0 14,1 0.001 1 -1 13,1 0.001 -1 1 74.0352 380 14,13 0.001 1 1 13,13 0.001 1 -1 13,14 0.001 -1 -1 39.0776 290 ::f,0,0 f,0,15 f,12,3 f,15,15 
194:3,3 0.001 0 1 2,1 0.001 1 1 1,1 0.001 1 0 48.0453 245 2,13 0.001 0 1 1,14 0.001 -1 1 1,13 0.001 1 0 96.0353 395 13,2 0.001 -1 -1 14,1 0.001 1 0 13,1 0.001 -1 1 74.0352 380 14,13 0.001 0 1 13,13 0.001 1 0 13,14 0.001 0 -1 39.0776 290 ::f,0,0 f,0,15 f,12,3 f,15,15 
195:3,3 0.001 1 1 2,1 0.001 1 1 1,1 0.001 1 0 48.0453 245 2,14 0.001 0 1 1,14 0.001 -1 1 2,13 0.001 1 0 106.037 410 13,2 0.001 -1 -1 14,1 0.001 1 0 13,1 0.001 -1 0 74.0352 380 14,14 0.001 0 1 14,13 0.001 1 0 13,13 0.001 0 -1 39.0806 290 ::f,0,0 f,3,12 f,12,3 f,15,15 
196:3,3 0.001 1 0 2,1 0.001 0 1 1,1 0.001 1 1 48.0453 245 2,14 0.001 0 1 1,14 0.001 -1 0 2,13 0.001 1 0 106.037 410 13,2 0.001 0 -1 14,1 0.001 1 1 13,1 0.001 -1 0 74.0352 380 14,14 0.001 0 1 14,13 0.001 1 0 13,13 0.001 0 -1 39.0806 290 ::f,0,0 f,3,12 f,12,3 f,15,15 
197:3,3 0.001 1 -1 2,2 0.001 0 1 1,1 0.001 1 1 48.0463 245 2,14 0.001 -1 1 1,14 0.001 -1 0 2,13 0.001 1 1 106.037 410 13,2 0.001 0 -1 14,1 0.001 1 1 13,1 0.001 -1 -1 74.0352 380 14,14 0.001 -1 1 14,13 0.001 1 1 13,13 0.001 1 -1 39.0806 290 ::f,0,0 f,3,12 f,12,3 f,15,15 
198:3,3 0.001 0 -1 2,2 0.001 0 1 1,1 0.001 1 1 48.0463 245 2,14 0.001 -1 1 1,14 0.001 -1 -1 2,13 0.001 1 1 106.037 410 13,2 0.001 0 -1 14,1 0.001 0 1 13,1 0.001 -1 -1 74.0352 380 14,14 0.001 -1 1 14,13 0.001 1 1 13,13 0.001 1 -1 39.0806 290 ::f,0,0 f,3,12 f,12,3 f,15,15 
199:3,3 0.001 -1 -1 2,2 0.001 -1 1 1,1 0.001 0 1 48.0463 245 2,14 0.001 -1 0 1,14 0.001 -1 -1 2,13 0.001 0 1 106.037 410 13,2 0.001 1 -1 14,2 0.001 0 1 13,1 0.001 0 -1 74.0362 380 14,14 0.001 -1 0 14,13 0.001 0 1 13,13 0.001 1 0 39.0806 290 ::f,0,0 f,3,12 f,12,3 f,15,15 
200:3,3 0.001 -1 0 2,2 0.001 -1 1 1,1 0.001 0 1 48.0463 245 2,14 0.001 -1 0 1,14 0.001 0 -1 2,13 0.001 0 1 106.037 410 13,2 0.001 1 -1 14,2 0.001 0 1 13,1 0.001 0 -1 74.0362 380 13,14 0.001 -1 0 14,14 0.001 0 1 14,13 0.001 1 0 39.0836 290 ::f,0,0 f,3,12 f,12,3 f,15,15 
201:3,3 0.001 -1 1 2,2 0.001 -1 0 1,1 0.001 -1 1 48.0463 245 2,14 0.001 -1 0 1,13 0.001 0 -1 2,13 0.001 0 1 106.038 410 13,2 0.001 1 0 14,2 0.001 -1 1 13,1 0.001 1 -1 74.0362 380 13,14 0.001 -1 0 14,14 0.001 0 1 14,13 0.001 1 0 39.0836 290 ::f,0,0 f,3,12 f,12,3 f,15,15 
202:3,3 0.001 0 1 1,2 0.001 -1 0 1,1 0.001 -1 1 48.0473 245 2,14 0.001 -1 -1 1,13 0.001 0 -1 2,13 0.001 -1 1 106.038 410 13,2 0.001 1 0 14,2 0.001 -1 1 13,1 0.001 1 -1 74.0362 380 13,14 0.001 -1 -1 14,14 0.001 -1 1 14,13 0.001 1 1 39.0836 290 ::f,0,0 f,3,12 f,12,3 f,15,15 
203:3,3 0.001 1 1 1,2 0.001 -1 0 1,1 0.001 -1 0 48.0473 245 2,14 0.001 -1 -1 1,13 0.001 1 -1 2,13 0.001 -1 1 106.038 410 13,2 0.001 1 1 14,2 0.001 -1 0 13,1 0.001 1 0 74.0362 380 13,14 0.001 -1 -1 14,14 0.001 -1 1 14,13 0.001 1 1 39.0836 290 ::f,0,0 f,3,12 f,12,3 f,15,15 
204:3,3 0.001 1 0 1,2 0.001 -1 -1 1,1 0.001 -1 0 48.0473 245 2,14 0.001 0 -1 1,13 0.001 1 -1 2,13 0.001 -1 0 106.038 410 13,2 0.001 1 1 14,2 0.001 -1 0 14,1 0.001 1 0 74.0372 380 13,14 0.001 0 -1 14,14 0.001 -1 0 14,13 0.001 0 1 39.0836 290 ::f,0,0 f,3,12 f,12,3 f,15,15 
205:3,3 0.001 1 -1 1,2 0.001 -1 -1 1,1 0.001 -1 -1 48.0473 245 2,14 0.001 0 -1 1,13 0.001 1 0 2,13 0.001 -1 0 106.038 410 13,2 0.001 0 1 14,2 0.001 -1 0 14,1 0.001 1 0 74.0372 380 13,13 0.001 0 -1 13,14 0.001 -1 0 14,14 0.001 0 1 39.0866 290 ::f,0,0 f,3,12 f,12,3 f,15,15 
206:3,3 0.001 0 -1 1,2 0.001 0 -1 1,1 0.001 -1 -1 51.0474 260 2,14 0.001 1 -1 1,13 0.001 1 0 2,13 0.001 -1 -1 106.038 410 13,2 0.001 0 1 14,2 0.001 -1 -1 14,1 0.001 1 1 74.0372 380 13,13 0.001 0 -1 13,14 0.001 -1 0 14,14 0.001 0 1 39.0866 290 ::f,3,1 f,3,12 f,12,3 f,15,15 
207:3,3 0.001 -1 -1 1,2 0.001 0 -1 1,1 0.001 0 -1 51.0474 260 2,14 0.001 1 -1 1,13 0.001 1 0 2,13 0.001 -1 -1 106.038 410 13,2 0.001 -1 1 14,2 0.001 -1 -1 14,1 0.001 1 1 74.0372 380 13,13 0.001 1 -1 13,14 0.001 -1 -1 14,14 0.001 -1 1 39.0866 290 ::f,3,1 f,3,12 f,12,3 f,15,15 
208:3,3 0.001 -1 0 1,2 0.001 0 -1 1,1 0.001 0 -1 51.0474 260 2,14 0.001 1 0 1,13 0.001 1 1 2,13 0.001 0 -1 106.038 410 13,2 0.001 -1 1 14,2 0.001 0 -1 14,1 0.001 0 1 83.0373 395 13,13 0.001 1 -1 13,14 0.001 -1 -1 14,14 0.001 -1 1 39.0866 290 ::f,3,1 f,3,12 f,13,1 f,15,15 
209:3,3 0.001 -1 1 1,2 0.001 1 -1 1,1 0.001 1 -1 51.0474 260 2,14 0.001 1 0 1,13 0.001 1 1 2,13 0.001 0 -1 106.038 410 13,2 0.001 -1 0 14,2 0.001 0 -1 14,1 0.001 0 1 83.0373 395 13,13 0.001 1 0 13,14 0.001 0 -1 14,14 0.001 -1 0 39.0866 290 ::f,3,1 f,3,12 f,13,1 f,15,15 
210:3,3 0.001 0 1 1,2 0.001 1 -1 1,1 0.001 1 -1 51.0474 260 2,14 0.001 1 1 1,13 0.001 0 1 2,13 0.001 1 -1 106.038 410 13,2 0.001 -1 0 14,2 0.001 1 -1 14,1 0.001 0 1 83.0373 395 14,13 0.001 1 0 13,13 0.001 0 -1 13,14 0.001 -1 0 39.0896 290 ::f,3,1 f,3,12 f,13,1 f,15,15 
211:3,3 0.001 1 1 1,2 0.001 1 0 1,1 0.001 1 0 51.0474 260 2,14 0.001 1 1 1,13 0.001 0 1 2,13 0.001 1 -1 112.039 425 13,2 0.001 -1 -1 14,2 0.001 1 -1 14,1 0.001 -1 1 83.0373 395 14,13 0.001 1 0 13,13 0.001 0 -1 13,14 0.001 -1 0 39.0896 290 ::f,1,12 f,3,1 f,13,1 f,15,15 
212:3,3 0.001 1 0 2,2 0.001 1 0 2,1 0.001 1 0 51.0494 260 2,14 0.001 0 1 1,13 0.001 -1 1 2,13 0.001 1 0 112.039 425 13,2 0.001 -1 -1 14,2 0.001 1 0 14,1 0.001 -1 1 83.0373 395 14,13 0.001 1 1 13,13 0.001 1 -1 13,14 0.001 -1 -1 39.0896 290 ::f,1,12 f,3,1 f,13,1 f,15,15 
213:3,3 0.001 1 -1 2,2 0.001 1 0 2,1 0.001 1 0 55.0495 275 2,14 0.001 0 1 1,13 0.001 -1 1 2,13 0.001 1 0 112.039 425 13,2 0.001 0 -1 14,2 0.001 1 0 14,1 0.001 -1 0 83.0373 395 14,13 0.001 1 1 13,13 0.001 1 -1 13,14 0.001 -1 -1 39.0896 290 ::f,0,1 f,1,12 f,13,1 f,15,15 
214:3,3 0.001 0 -1 2,2 0.001 1 1 2,1 0.001 1 1 55.0495 275 2,14 0.001 -1 1 1,13 0.001 -1 0 2,13 0.001 1 1 112.039 425 13,2 0.001 0 -1 14,2 0.001 1 1 14,1 0.001 -1 0 91.0374 410 14,13 0.001 0 1 13,13 0.001 1 0 13,14 0.001 0 -1 39.0896 290 ::f,0,1 f,1,12 f,14,0 f,15,15 
215:3,3 0.001 -1 -1 2,2 0.001 1 1 2,1 0.001 1 1 55.0495 275 2,14 0.001 -1 1 1,13 0.001 -1 0 2,13 0.001 1 1 112.039 425 13,2 0.001 0 -1 14,2 0.001 1 1 14,1 0.001 -1 -1 91.0374 410 14,14 0.001 0 1 14,13 0.001 1 0 13,13 0.001 0 -1 39.0926 290 ::f,0,1 f,1,12 f,14,0 f,15,15 
216:3,3 0.001 -1 0 2,2 0.001 0 1 2,1 0.001 0 1 55.0495 275 2,14 0.001 -1 0 1,13 0.001 -1 -1 2,13 0.001 0 1 112.039 425 13,2 0.001 1 -1 14,2 0.001 0 1 14,1 0.001 -1 -1 91.0374 410 14,14 0.001 0 1 14,13 0.001 1 0 13,13 0.001 0 -1 39.0926 290 ::f,0,1 f,1,12 f,14,0 f,15,15 
217:3,3 0.001 -1 1 2,2 0.001 0 1 2,1 0.001 0 1 55.0495 275 1,14 0.001 -1 0 1,13 0.001 -1 -1 2,14 0.001 0 1 112.041 425 13,2 0.001 1 -1 14,2 0.001 0 1 14,1 0.001 0 -1 91.0374 410 14,14 0.001 -1 1 14,13 0.001 1 1 13,13 0.001 1 -1 39.0926 290 ::f,0,1 f,1,12 f,14,0 f,15,15 
218:3,3 0.001 0 1 2,2 0.001 -1 1 2,1 0.001 0 1 55.0495 275 1,14 0.001 -1 0 1,13 0.001 0 -1 2,14 0.001 0 1 112.041 425 13,2 0.001 1 -1 14,2 0.001 -1 1 14,1 0.001 0 -1 100.038 425 14,14 0.001 -1 1 14,13 0.001 1 1 13,13 0.001 1 -1 39.0926 290 ::f,0,1 f,1,12 f,12,3 f,15,15 
219:3,3 0.001 1 1 2,2 0.001 -1 1 2,1 0.001 -1 1 55.0495 275 1,14 0.001 -1 -1 1,13 0.001 0 -1 2,14 0.001 -1 1 122.041 440 13,2 0.001 1 0 14,2 0.001 -1 1 14,1 0.001 1 -1 100.038 425 14,14 0.001 -1 0 14,13 0.001 0 1 13,13 0.001 1 0 39.0926 290 ::f,0,1 f,0,15 f,12,3 f,15,15 
220:3,3 0.001 1 0 2,2 0.001 -1 0 2,1 0.001 -1 1 55.0495 275 1,14 0.001 -1 -1 1,13 0.001 1 -1 2,14 0.001 -1 1 122.041 440 13,2 0.001 1 1 14,2 0.001 -1 0 14,1 0.001 1 -1 100.038 425 13,14 0.001 -1 0 14,14 0.001 0 1 14,13 0.001 1 0 39.0956 290 ::f,0,1 f,0,15 f,12,3 f,15,15 
221:3,3 0.001 1 -1 1,2 0.001 -1 0 2,1 0.001 -1 0 55.0505 275 1,14 0.001 0 -1 1,13 0.001 1 -1 2,14 0.001 -1 0 122.041 440 13,2 0.001 1 1 14,2 0.001 -1 0 14,1 0.001 1 0 100.038 425 13,14 0.001 -1 0 14,14 0.001 0 1 14,13 0.001 1 0 39.0956 290 ::f,0,1 f,0,15 f,12,3 f,15,15 
222:3,3 0.001 0 -1 1,2 0.001 -1 0 2,1 0.001 -1 0 55.0505 275 1,14 0.001 0 -1 1,13 0.001 1 0 2,14 0.001 -1 0 122.041 440 13,2 0.001 0 1 14,2 0.001 -1 0 14,1 0.001 1 0 100.038 425 13,14 0.001 -1 -1 14,14 0.001 -1 1 14,13 0.001 1 1 39.0956 290 ::f,0,1 f,0,15 f,12,3 f,15,15 
223:3,3 0.001 -1 -1 1,2 0.001 -1 -1 2,1 0.001 -1 -1 55.0505 275 1,14 0.001 0 -1 2,13 0.001 1 0 2,14 0.001 -1 0 122.042 440 13,2 0.001 0 1 14,2 0.001 -1 -1 14,1 0.001 1 1 100.038 425 13,14 0.001 -1 -1 14,14 0.001 -1 1 14,13 0.001 1 1 39.0956 290 ::f,0,1 f,0,15 f,12,3 f,15,15 
224:3,3 0.001 -1 0 1,2 0.001 -1 -1 2,1 0.001 -1 -1 65.0506 290 1,14 0.001 1 -1 2,13 0.001 1 0 2,14 0.001 -1 -1 122.042 440 13,2 0.001 -1 1 14,2 0.001 -1 -1 14,1 0.001 1 1 100.038 425 13,14 0.001 0 -1 14,14 0.001 -1 0 14,13 0.001 0 1 39.0956 290 ::f,0,1 f,0,15 f,12,3 f,15,15 
225:3,3 0.001 -1 1 1,2 0.001 0 -1 2,1 0.001 0 -1 65.0506 290 1,14 0.001 1 -1 2,13 0.001 1 1 2,14 0.001 -1 -1 122.042 440 13,2 0.001 -1 1 13,1 0.001 -1 -1 14,1 0.001 0 1 110.039 440 13,13 0.001 0 -1 13,14 0.001 -1 0 14,14 0.001 0 1 39.0986 290 ::f,0,1 f,0,15 f,12,1 f,15,15 
226:3,3 0.001 0 1 1,1 0.001 0 -1 2,1 0.001 0 -1 65.0516 290 1,14 0.001 1 0 2,13 0.001 1 1 2,14 0.001 0 -1 122.042 440 13,2 0.001 -1 0 13,1 0.001 -1 -1 14,2 0.001 0 1 110.04 440 13,13 0.001 0 -1 13,14 0.001 -1 0 14,14 0.001 0 1 39.0986 290 ::f,0,1 f,0,15 f,12,1 f,15,15 
227:3,3 0.001 1 1 1,1 0.001 0 -1 2,1 0.001 1 -1 65.0516 290 1,14 0.001 1 0 2,13 0.001 0 1 2,14 0.001 0 -1 122.042 440 13,2 0.001 -1 0 13,1 0.001 0 -1 14,2 0.001 0 1 110.04 440 13,13 0.001 1 -1 13,14 0.001 -1 -1 14,14 0.001 -1 1 39.0986 290 ::f,0,1 f,0,15 f,12,1 f,15,15 
228:3,3 0.001 1 0 1,1 0.001 1 -1 2,1 0.001 1 -1 65.0516 290 1,14 0.001 1 1 2,13 0.001 0 1 2,14 0.001 1 -1 122.042 440 13,2 0.001 -1 -1 13,1 0.001 0 -1 14,2 0.001 -1 1 110.04 440 13,13 0.001 1 -1 13,14 0.001 -1 -1 14,14 0.001 -1 1 39.0986 290 ::f,0,1 f,0,15 f,12,1 f,15,15 
229:3,3 0.001 1 -1 1,1 0.001 1 -1 2,1 0.001 1 0 65.0516 290 1,14 0.001 1 1 2,13 0.001 0 1 2,14 0.001 1 -1 122.042 440 13,2 0.001 -1 -1 13,1 0.001 1 -1 14,2 0.001 -1 1 120.04 455 13,13 0.001 1 0 13,14 0.001 0 -1 14,14 0.001 -1 0 39.0986 290 ::f,0,1 f,0,15 f,12,0 f,15,15 
230:3,3 0.001 0 -1 1,1 0.001 1 0 2,1 0.001 1 0 65.0516 290 1,14 0.001 0 1 2,13 0.001 -1 1 2,14 0.001 1 0 122.042 440 13,2 0.001 0 -1 13,1 0.001 1 -1 14,2 0.001 -1 0 120.04 455 14,13 0.001 1 0 13,13 0.001 0 -1 13,14 0.001 -1 0 39.1016 290 ::f,0,1 f,0,15 f,12,0 f,15,15 
231:3,3 0.001 -1 -1 1,1 0.001 1 0 2,1 0.001 1 1 65.0516 290 1,14 0.001 0 1 2,13 0.001 -1 1 2,14 0.001 1 0 122.042 440 13,2 0.001 0 -1 13,1 0.001 1 0 14,2 0.001 -1 0 120.04 455 14,13 0.001 1 0 13,13 0.001 0 -1 13,14 0.001 -1 0 39.1016 290 ::f,0,1 f,0,15 f,12,0 f,15,15 
232:3,3 0.001 -1 0 1,1 0.001 1 0 2,1 0.001 1 1 65.0516 290 1,14 0.001 -1 1 2,13 0.001 -1 1 2,14 0.001 1 1 122.042 440 13,2 0.001 0 -1 14,1 0.001 1 0 14,2 0.001 -1 0 120.041 455 14,13 0.001 1 1 13,13 0.001 1 -1 13,14 0.001 -1 -1 39.1016 290 ::f,0,1 f,0,15 f,12,0 f,15,15 
233:3,3 0.001 -1 1 1,1 0.001 1 1 2,1 0.001 0 1 65.0516 290 1,14 0.001 -1 1 2,13 0.001 -1 0 2,14 0.001 1 1 126.042 455 13,2 0.001 1 -1 14,1 0.001 1 0 14,2 0.001 -1 -1 120.041 455 14,13 0.001 1 1 13,13 0.001 1 -1 13,14 0.001 -1 -1 39.1016 290 ::f,0,1 f,0,13 f,12,0 f,15,15 
234:3,3 0.001 0 1 2,2 0.001 1 1 2,1 0.001 0 1 65.0526 290 1,14 0.001 -1 0 1,13 0.001 -1 0 2,14 0.001 0 1 126.043 455 13,2 0.001 1 -1 14,1 0.001 1 1 13,1 0.001 -1 -1 120.042 455 14,13 0.001 0 1 13,13 0.001 1 0 13,14 0.001 0 -1 39.1016 290 ::f,0,1 f,0,13 f,12,0 f,15,15 
235:3,3 0.001 1 1 2,2 0.001 1 1 2,1 0.001 0 1 65.0526 290 1,14 0.001 -1 0 1,13 0.001 -1 0 2,14 0.001 0 1 136.043 470 13,2 0.001 1 0 14,1 0.001 1 1 13,1 0.001 -1 -1 130.042 470 14,14 0.001 0 1 14,13 0.001 1 0 13,13 0.001 0 -1 39.1046 290 ::f,0,1 f,2,13 f,15,1 f,15,15 
236:3,3 0.001 1 0 2,2 0.001 0 1 2,1 0.001 -1 1 65.0526 290 1,14 0.001 -1 -1 1,13 0.001 -1 -1 2,14 0.001 -1 1 136.043 470 14,2 0.001 1 0 14,1 0.001 0 1 13,1 0.001 0 -1 130.043 470 14,14 0.001 0 1 14,13 0.001 1 0 13,13 0.001 0 -1 39.1046 290 ::f,0,1 f,2,13 f,15,1 f,15,15 
237:3,3 0.001 1 -1 2,2 0.001 0 1 2,1 0.001 -1 1 65.0526 290 1,14 0.001 -1 -1 1,13 0.001 -1 -1 2,14 0.001 -1 1 136.043 470 14,2 0.001 1 0 14,1 0.001 0 1 13,1 0.001 0 -1 130.043 470 14,14 0.001 -1 1 14,13 0.001 1 1 13,13 0.001 1 -1 39.1046 290 ::f,0,1 f,2,13 f,15,1 f,15,15 
238:3,3 0.001 0 -1 2,2 0.001 -1 1 2,1 0.001 -1 0 65.0526 290 1,14 0.001 0 -1 1,13 0.001 0 -1 2,14 0.001 -1 0 136.043 470 14,2 0.001 1 1 14,1 0.001 0 1 13,1 0.001 1 -1 130.043 470 14,14 0.001 -1 1 14,13 0.001 1 1 13,13 0.001 1 -1 39.1046 290 ::f,0,1 f,2,13 f,15,1 f,15,15 
239:3,3 0.001 -1 -1 2,2 0.001 -1 1 2,1 0.001 -1 0 65.0526 290 1,14 0.001 0 -1 1,13 0.001 0 -1 2,14 0.001 -1 0 136.043 470 14,2 0.001 1 1 14,1 0.001 -1 1 13,1 0.001 1 -1 130.043 470 14,14 0.001 -1 0 14,13 0.001 0 1 13,13 0.001 1 0 39.1046 290 ::f,0,1 f,2,13 f,15,1 f,15,15 
240:3,3 0.001 -1 0 2,2 0.001 -1 0 2,1 0.001 -1 -1 65.0526 290 1,14 0.001 0 -1 1,13 0.001 1 -1 2,14 0.001 -1 0 136.043 470 14,2 0.001 0 1 14,1 0.001 -1 1 13,1 0.001 1 0 130.043 470 13,14 0.001 -1 0 14,14 0.001 0 1 14,13 0.001 1 0 39.1076 290 ::f,0,1 f,2,13 f,15,1 f,15,15 
241:3,3 0.001 -1 1 1,2 0.001 -1 0 2,1 0.001 -1 -1 65.0536 290 1,14 0.001 1 -1 1,13 0.001 1 -1 2,14 0.001 -1 -1 136.043 470 14,2 0.001 0 1 14,1 0.001 -1 0 13,1 0.001 1 0 130.043 470 13,14 0.001 -1 0 14,14 0.001 0 1 14,13 0.001 1 0 39.1076 290 ::f,0,1 f,2,13 f,15,1 f,15,15 
242:3,3 0.001 0 1 1,2 0.001 -1 0 2,1 0.001 0 -1 65.0536 290 1,14 0.001 1 -1 1,13 0.001 1 0 2,14 0.001 -1 -1 141.043 485 14,2 0.001 -1 1 14,1 0.001 -1 0 13,1 0.001 1 0 130.043 470 13,14 0.001 -1 -1 14,14 0.001 -1 1 14,13 0.001 1 1 39.1076 290 ::f,0,1 f,3,12 f,15,1 f,15,15 
243:3,3 0.001 1 1 1,2 0.001 -1 -1 2,1 0.001 0 -1 65.0536 290 2,13 0.001 1 -1 1,13 0.001 1 0 2,14 0.001 0 -1 141.044 485 14,2 0.001 -1 1 14,1 0.001 -1 -1 13,1 0.001 1 1 130.043 470 13,14 0.001 -1 -1 14,14 0.001 -1 1 14,13 0.001 1 1 39.1076 290 ::f,0,1 f,3,12 f,15,1 f,15,15 
244:3,3 0.001 1 0 1,2 0.001 -1 -1 2,1 0.001 1 -1 75.0537 305 2,13 0.001 1 -1 1,13 0.001 1 0 2,14 0.001 0 -1 147.044 500 14,2 0.001 -1 0 14,1 0.001 -1 -1 13,1 0.001 1 1 130.043 470 13,14 0.001 0 -1 14,14 0.001 -1 0 14,13 0.001 0 1 39.1076 290 ::f,2,0 f,3,15 f,15,1 f,15,15 
245:3,3 0.001 1 -1 1,2 0.001 0 -1 2,1 0.001 1 -1 75.0537 305 2,13 0.001 1 0 1,13 0.001 1 1 2,14 0.001 1 -1 147.044 500 13,2 0.001 -1 0 14,1 0.001 0 -1 13,1 0.001 0 1 130.044 470 13,13 0.001 0 -1 13,14 0.001 -1 0 14,14 0.001 0 1 39.1106 290 ::f,2,0 f,3,15 f,15,1 f,15,15 
246:3,3 0.001 0 -1 1,1 0.001 0 -1 2,1 0.001 1 0 75.0547 305 2,13 0.001 1 0 1,13 0.001 1 1 2,14 0.001 1 -1 147.044 500 13,2 0.001 -1 0 14,1 0.001 0 -1 13,1 0.001 0 1 130.044 470 13,13 0.001 0 -1 13,14 0.001 -1 0 14,14 0.001 0 1 39.1106 290 ::f,2,0 f,3,15 f,15,1 f,15,15 
247:3,3 0.001 -1 -1 1,1 0.001 0 -1 2,1 0.001 1 0 75.0547 305 2,13 0.001 1 1 1,13 0.001 0 1 2,14 0.001 1 0 147.044 500 13,2 0.001 -1 -1 14,1 0.001 1 -1 13,1 0.001 -1 1 130.044 470 13,13 0.001 1 -1 13,14 0.001 -1 -1 14,14 0.001 -1 1 39.1106 290 ::f,2,0 f,3,15 f,15,1 f,15,15 
248:3,3 0.001 -1 0 1,1 0.001 1 -1 2,1 0.001 1 1 75.0547 305 2,13 0.001 1 1 1,13 0.001 0 1 2,14 0.001 1 0 147.044 500 13,2 0.001 -1 -1 14,1 0.001 1 -1 13,1 0.001 -1 1 130.044 470 13,13 0.001 1 -1 13,14 0.001 -1 -1 14,14 0.001 -1 1 39.1106 290 ::f,2,0 f,3,15 f,15,1 f,15,15 
249:3,3 0.001 -1 1 1,1 0.001 1 -1 2,1 0.001 1 1 85.0548 320 2,13 0.001 0 1 1,13 0.001 -1 1 2,14 0.001 1 1 147.044 500 13,2 0.001 0 -1 14,1 0.001 1 0 13,1 0.001 -1 0 130.044 470 13,13 0.001 1 0 13,14 0.001 0 -1 14,14 0.001 -1 0 39.1106 290 ::f,2,3 f,3,15 f,15,1 f,15,15 
250:3,3 0.001 0 1 1,1 0.001 1 0 2,1 0.001 0 1 85.0548 320 2,13 0.001 0 1 1,13 0.001 -1 1 2,14 0.001 1 1 154.044 515 13,2 0.001 0 -1 14,1 0.001 1 0 13,1 0.001 -1 0 135.044 485 14,13 0.001 1 0 13,13 0.001 0 -1 13,14 0.001 -1 0 39.1136 290 ::f,0,13 f,2,3 f,15,0 f,15,15 
251:3,3 0.001 1 1 1,1 0.001 1 0 2,2 0.001 0 1 85.0558 320 2,13 0.001 0 1 1,13 0.001 -1 0 2,14 0.001 0 1 154.044 515 13,2 0.001 0 -1 14,1 0.001 1 1 13,1 0.001 -1 -1 135.044 485 14,13 0.001 1 0 13,13 0.001 0 -1 13,14 0.001 -1 0 39.1136 290 ::f,0,13 f,2,3 f,15,0 f,15,15 
252:3,3 0.001 1 0 1,1 0.001 1 0 2,2 0.001 0 1 90.0559 335 2,13 0.001 -1 1 1,13 0.001 -1 0 2,14 0.001 0 1 164.044 530 13,2 0.001 1 -1 14,1 0.001 1 1 13,1 0.001 -1 -1 135.044 485 14,13 0.001 1 1 13,13 0.001 1 -1 13,14 0.001 -1 -1 39.1136 290 ::f,0,3 f,0,13 f,15,0 f,15,15 
253:3,3 0.001 1 -1 1,1 0.001 1 1 2,2 0.001 -1 1 90.0559 335 2,13 0.001 -1 1 1,13 0.001 -1 -1 2,14 0.001 -1 1 164.044 530 13,2 0.001 1 -1 14,1 0.001 0 1 13,1 0.001 0 -1 135.044 485 14,13 0.001 1 1 13,13 0.001 1 -1 13,14 0.001 -1 -1 39.1136 290 ::f,0,3 f,0,13 f,15,0 f,15,15 
254:3,3 0.001 0 -1 1,1 0.001 1 1 2,2 0.001 -1 1 90.0559 335 2,13 0.001 -1 0 1,13 0.001 -1 -1 2,14 0.001 -1 1 164.044 530 13,2 0.001 1 -1 14,2 0.001 0 1 13,1 0.001 0 -1 135.045 485 14,13 0.001 0 1 13,13 0.001 1 0 13,14 0.001 0 -1 39.1136 290 ::f,0,3 f,0,13 f,15,0 f,15,15 
255:3,3 0.001 -1 -1 1,1 0.001 1 1 2,2 0.001 -1 0 90.0559 335 2,13 0.001 -1 0 1,13 0.001 0 -1 2,14 0.001 -1 0 164.044 530 13,2 0.001 1 0 14,2 0.001 0 1 13,1 0.001 1 -1 135.045 485 14,14 0.001 0 1 14,13 0.001 1 0 13,13 0.001 0 -1 39.1166 290 ::f,0,3 f,0,13 f,15,0 f,15,15 
256:3,3 0.001 -1 0 1,1 0.001 0 1 1,2 0.001 -1 0 90.0569 335 2,13 0.001 -1 0 1,13 0.001 0 -1 1,14 0.001 -1 0 164.045 530 13,2 0.001 1 0 14,2 0.001 -1 1 13,1 0.001 1 -1 135.045 485 14,14 0.001 0 1 14,13 0.001 1 0 13,13 0.001 0 -1 39.1166 290 ::f,0,3 f,0,13 f,15,0 f,15,15 
257:3,3 0.001 -1 1 1,1 0.001 0 1 1,2 0.001 -1 0 90.0569 335 2,13 0.001 -1 -1 1,13 0.001 1 -1 1,14 0.001 -1 0 164.045 530 13,2 0.001 1 1 14,2 0.001 -1 1 13,1 0.001 1 0 135.045 485 14,14 0.001 -1 1 14,13 0.001 1 1 13,13 0.001 1 -1 39.1166 290 ::f,0,3 f,0,13 f,15,0 f,15,15 
258:3,3 0.001 0 1 1,1 0.001 -1 1 1,2 0.001 -1 -1 90.0569 335 2,13 0.001 -1 -1 1,13 0.001 1 -1 1,14 0.001 -1 -1 164.045 530 13,2 0.001 1 1 14,2 0.001 -1 0 14,1 0.001 1 0 135.046 485 14,14 0.001 -1 1 14,13 0.001 1 1 13,13 0.001 1 -1 39.1166 290 ::f,0,3 f,0,13 f,15,0 f,15,15 
259:3,3 0.001 1 1 1,1 0.001 -1 1 1,2 0.001 -1 -1 90.0569 335 2,13 0.001 0 -1 1,13 0.001 1 0 1,14 0.001 -1 -1 172.045 545 13,2 0.001 0 1 14,2 0.001 -1 0 14,1 0.001 1 0 135.046 485 14,14 0.001 -1 0 14,13 0.001 0 1 13,13 0.001 1 0 39.1166 290 ::f,0,3 f,0,12 f,15,0 f,15,15 
260:3,3 0.001 1 0 1,1 0.001 -1 0 1,2 0.001 0 -1 90.0569 335 2,13 0.001 0 -1 1,13 0.001 1 0 1,14 0.001 0 -1 172.045 545 13,2 0.001 0 1 14,2 0.001 -1 0 14,1 0.001 1 1 135.046 485 13,14 0.001 -1 0 14,14 0.001 0 1 14,13 0.001 1 0 39.1196 290 ::f,0,3 f,0,12 f,15,0 f,15,15 
261:3,3 0.001 1 -1 1,1 0.001 -1 0 1,2 0.001 0 -1 90.0569 335 2,13 0.001 1 -1 1,13 0.001 1 0 1,14 0.001 0 -1 172.045 545 13,2 0.001 -1 1 14,2 0.001 -1 -1 14,1 0.001 1 1 135.046 485 13,14 0.001 -1 0 14,14 0.001 0 1 14,13 0.001 1 0 39.1196 290 ::f,0,3 f,0,12 f,15,0 f,15,15 
262:3,3 0.001 0 -1 1,1 0.001 -1 -1 1,2 0.001 0 -1 90.0569 335 2,13 0.001 1 -1 1,13 0.001 1 1 1,14 0.001 0 -1 172.045 545 13,2 0.001 -1 1 14,2 0.001 -1 -1 14,1 0.001 0 1 135.046 485 13,14 0.001 -1 -1 14,14 0.001 -1 1 14,13 0.001 1 1 39.1196 290 ::f,0,3 f,0,12 f,15,0 f,15,15 
263:3,3 0.001 -1 -1 1,1 0.001 -1 -1 1,2 0.001 1 -1 90.0569 335 2,13 0.001 1 0 1,13 0.001 1 1 1,14 0.001 1 -1 172.045 545 13,2 0.001 -1 0 14,2 0.001 0 -1 14,1 0.001 0 1 135.046 485 13,14 0.001 -1 -1 14,14 0.001 -1 1 14,13 0.001 1 1 39.1196 290 ::f,0,3 f,0,12 f,15,0 f,15,15 
264:3,3 0.001 -1 0 1,1 0.001 0 -1 1,2 0.001 1 -1 90.0569 335 2,13 0.001 1 0 1,13 0.001 0 1 1,14 0.001 1 -1 172.045 545 13,2 0.001 -1 0 14,2 0.001 0 -1 14,1 0.001 0 1 135.046 485 13,14 0.001 0 -1 14,14 0.001 -1 0 14,13 0.001 0 1 39.1196 290 ::f,0,3 f,0,12 f,15,0 f,15,15 
265:3,3 0.001 -1 1 1,1 0.001 0 -1 1,2 0.001 1 0 90.0569 335 2,13 0.001 1 1 1,13 0.001 0 1 1,14 0.001 1 0 172.045 545 13,2 0.001 -1 -1 14,2 0.001 1 -1 14,1 0.001 -1 1 135.046 485 13,13 0.001 0 -1 13,14 0.001 -1 0 14,14 0.001 0 1 39.1226 290 ::f,0,3 f,0,12 f,15,0 f,15,15 
266:3,3 0.001 0 1 1,1 0.001 1 -1 1,2 0.001 1 0 90.0569 335 2,13 0.001 1 1 1,13 0.001 -1 1 1,14 0.001 1 0 172.045 545 13,2 0.001 -1 -1 14,2 0.001 1 -1 14,1 0.001 -1 1 135.046 485 13,13 0.001 0 -1 13,14 0.001 -1 0 14,14 0.001 0 1 39.1226 290 ::f,0,3 f,0,12 f,15,0 f,15,15 
267:3,3 0.001 1 1 1,1 0.001 1 -1 1,2 0.001 1 1 90.0569 335 2,13 0.001 0 1 1,13 0.001 -1 1 1,14 0.001 1 1 172.045 545 13,2 0.001 0 -1 14,2 0.001 1 0 14,1 0.001 -1 0 135.046 485 13,13 0.001 1 -1 13,14 0.001 -1 -1 14,14 0.001 -1 1 39.1226 290 ::f,0,3 f,0,12 f,15,0 f,15,15 
268:3,3 0.001 1 0 1,1 0.001 1 0 2,3 0.001 1 1 90.0579 335 2,14 0.001 0 1 1,13 0.001 -1 0 1,14 0.001 1 1 172.046 545 13,1 0.001 0 -1 14,2 0.001 1 0 14,1 0.001 -1 0 135.047 485 13,13 0.001 1 -1 13,14 0.001 -1 -1 14,14 0.001 -1 1 39.1226 290 ::f,0,3 f,0,12 f,15,0 f,15,15 
269:3,3 0.001 1 -1 2,1 0.001 1 0 2,3 0.001 1 1 90.0589 335 2,14 0.001 0 1 1,13 0.001 -1 0 1,14 0.001 0 1 172.046 545 13,1 0.001 0 -1 14,2 0.001 1 1 14,1 0.001 -1 -1 135.047 485 13,13 0.001 1 0 13,14 0.001 0 -1 14,14 0.001 -1 0 39.1226 290 ::f,0,3 f,0,12 f,15,0 f,15,15 
270:3,3 0.001 0 -1 2,1 0.001 1 0 2,3 0.001 0 1 90.0589 335 2,14 0.001 -1 1 1,13 0.001 -1 -1 1,14 0.001 0 1 172.046 545 13,1 0.001 1 -1 14,2 0.001 1 1 14,1 0.001 -1 -1 135.047 485 14,13 0.001 1 0 13,13 0.001 0 -1 13,14 0.001 -1 0 39.1256 290 ::f,0,3 f,0,12 f,15,0 f,15,15 
271:3,3 0.001 -1 -1 2,1 0.001 1 1 2,3 0.001 0 1 90.0589 335 2,14 0.001 -1 1 1,13 0.001 -1 -1 1,14 0.001 -1 1 182.046 560 13,1 0.001 1 -1 14,2 0.001 0 1 14,1 0.001 0 -1 135.047 485 14,13 0.001 1 0 13,13 0.001 0 -1 13,14 0.001 -1 0 39.1256 290 ::f,0,3 f,3,14 f,15,0 f,15,15 
272:3,3 0.001 -1 0 2,1 0.001 1 1 2,3 0.001 -1 1 90.0589 335 2,14 0.001 -1 0 1,13 0.001 0 -1 1,14 0.001 -1 1 182.046 560 13,1 0.001 1 0 14,2 0.001 0 1 14,1 0.001 0 -1 135.047 485 14,13 0.001 1 1 13,13 0.001 1 -1 13,14 0.001 -1 -1 39.1256 290 ::f,0,3 f,3,14 f,15,0 f,15,15 
273:3,3 0.001 -1 1 2,1 0.001 0 1 2,3 0.001 -1 1 90.0589 335 2,14 0.001 -1 0 1,13 0.001 0 -1 1,14 0.001 -1 0 182.046 560 13,1 0.001 1 0 14,2 0.001 -1 1 14,1 0.001 1 -1 135.047 485 14,13 0.001 1 1 13,13 0.001 1 -1 13,14 0.001 -1 -1 39.1256 290 ::f,0,3 f,3,14 f,15,0 f,15,15 
274:3,3 0.001 0 1 2,2 0.001 0 1 2,3 0.001 -1 0 90.0599 335 2,14 0.001 -1 0 1,13 0.001 1 -1 1,14 0.001 -1 0 182.046 560 13,1 0.001 1 0 14,2 0.001 -1 1 14,1 0.001 1 -1 145.047 500 14,13 0.001 0 1 13,13 0.001 1 0 13,14 0.001 0 -1 39.1256 290 ::f,0,3 f,3,14 f,14,3 f,15,15 
275:3,3 0.001 1 1 2,2 0.001 0 1 1,3 0.001 -1 0 90.0609 335 2,14 0.001 -1 -1 1,13 0.001 1 -1 1,14 0.001 -1 -1 182.046 560 13,1 0.001 1 1 14,2 0.001 -1 0 14,1 0.001 1 0 145.047 500 14,14 0.001 0 1 14,13 0.001 1 0 13,13 0.001 0 -1 39.1286 290 ::f,0,3 f,3,14 f,14,3 f,15,15 
276:3,3 0.001 1 0 2,2 0.001 -1 1 1,3 0.001 -1 0 96.061 350 2,14 0.001 -1 -1 1,13 0.001 1 0 1,14 0.001 -1 -1 182.046 560 13,1 0.001 1 1 13,2 0.001 -1 0 14,1 0.001 1 0 145.048 500 14,14 0.001 0 1 14,13 0.001 1 0 13,13 0.001 0 -1 39.1286 290 ::f,1,0 f,3,14 f,14,3 f,15,15 
277:3,3 0.001 1 -1 2,2 0.001 -1 1 1,3 0.001 -1 -1 96.061 350 2,14 0.001 0 -1 2,13 0.001 1 0 1,14 0.001 0 -1 182.047 560 13,1 0.001 0 1 13,2 0.001 -1 0 14,1 0.001 1 1 145.048 500 14,14 0.001 -1 1 14,13 0.001 1 1 13,13 0.001 1 -1 39.1286 290 ::f,1,0 f,3,14 f,14,3 f,15,15 
278:3,3 0.001 0 -1 2,2 0.001 -1 0 1,3 0.001 -1 -1 96.061 350 2,14 0.001 0 -1 2,13 0.001 1 0 1,13 0.001 0 -1 182.048 560 13,1 0.001 0 1 13,2 0.001 -1 -1 14,1 0.001 1 1 145.048 500 14,14 0.001 -1 1 14,13 0.001 1 1 13,13 0.001 1 -1 39.1286 290 ::f,1,0 f,3,14 f,14,3 f,15,15 
279:3,3 0.001 -1 -1 1,2 0.001 -1 0 1,3 0.001 0 -1 96.062 350 2,14 0.001 1 -1 2,13 0.001 1 1 1,13 0.001 0 -1 182.048 560 13,1 0.001 0 1 13,2 0.001 -1 -1 14,1 0.001 0 1 145.048 500 14,14 0.001 -1 0 14,13 0.001 0 1 13,13 0.001 1 0 39.1286 290 ::f,1,0 f,3,14 f,14,3 f,15,15 
280:3,3 0.001 -1 0 1,2 0.001 -1 0 1,3 0.001 0 -1 96.062 350 2,14 0.001 1 -1 2,13 0.001 1 1 1,13 0.001 1 -1 192.049 575 13,1 0.001 -1 1 13,2 0.001 0 -1 14,2 0.001 0 1 145.049 500 13,14 0.001 -1 0 14,14 0.001 0 1 14,13 0.001 1 0 39.1316 290 ::f,1,0 f,2,12 f,14,3 f,15,15 
281:3,3 0.001 -1 1 1,2 0.001 -1 -1 1,3 0.001 0 -1 96.062 350 2,14 0.001 1 0 2,13 0.001 0 1 1,13 0.001 1 -1 201.049 590 13,1 0.001 -1 1 13,2 0.001 0 -1 14,2 0.001 0 1 155.049 515 13,14 0.001 -1 0 14,14 0.001 0 1 14,13 0.001 1 0 39.1316 290 ::f,1,0 f,2,15 f,15,2 f,15,15 
282:3,3 0.001 0 1 1,2 0.001 -1 -1 1,3 0.001 1 -1 96.062 350 2,14 0.001 1 0 2,13 0.001 0 1 1,13 0.001 1 0 201.049 590 13,1 0.001 -1 0 13,2 0.001 0 -1 14,2 0.001 -1 1 155.049 515 13,14 0.001 -1 -1 14,14 0.001 -1 1 14,13 0.001 1 1 39.1316 290 ::f,1,0 f,2,15 f,15,2 f,15,15 
283:3,3 0.001 1 1 1,2 0.001 0 -1 1,3 0.001 1 -1 96.062 350 2,14 0.001 1 1 2,13 0.001 0 1 1,13 0.001 1 0 201.049 590 13,1 0.001 -1 0 13,2 0.001 1 -1 14,2 0.001 -1 1 155.049 515 13,14 0.001 -1 -1 14,14 0.001 -1 1 14,13 0.001 1 1 39.1316 290 ::f,1,0 f,2,15 f,15,2 f,15,15 
284:3,3 0.001 1 0 1,1 0.001 0 -1 1,3 0.001 1 0 96.063 350 2,14 0.001 1 1 2,13 0.001 -1 1 1,13 0.001 1 0 201.049 590 13,1 0.001 -1 -1 13,2 0.001 1 -1 14,2 0.001 -1 0 155.049 515 13,14 0.001 0 -1 14,14 0.001 -1 0 14,13 0.001 0 1 39.1316 290 ::f,1,0 f,2,15 f,15,2 f,15,15 
285:3,3 0.001 1 -1 1,1 0.001 0 -1 2,3 0.001 1 0 106.064 365 2,14 0.001 0 1 2,13 0.001 -1 1 1,13 0.001 1 1 201.049 590 13,1 0.001 -1 -1 13,2 0.001 1 0 14,2 0.001 -1 0 155.049 515 13,13 0.001 0 -1 13,14 0.001 -1 0 14,14 0.001 0 1 39.1346 290 ::f,2,15 f,3,2 f,15,2 f,15,15 
286:3,3 0.001 0 -1 1,1 0.001 1 -1 2,3 0.001 1 0 106.064 365 2,14 0.001 0 1 2,13 0.001 -1 0 1,13 0.001 1 1 208.049 605 13,1 0.001 0 -1 13,2 0.001 1 0 14,2 0.001 -1 0 155.049 515 13,13 0.001 0 -1 13,14 0.001 -1 0 14,14 0.001 0 1 39.1346 290 ::f,2,15 f,3,2 f,15,2 f,15,15 
287:3,3 0.001 -1 -1 1,1 0.001 1 -1 2,3 0.001 1 1 106.064 365 2,14 0.001 -1 1 2,13 0.001 -1 0 1,13 0.001 0 1 208.049 605 13,1 0.001 0 -1 13,2 0.001 1 0 14,2 0.001 -1 -1 155.049 515 13,13 0.001 1 -1 13,14 0.001 -1 -1 14,14 0.001 -1 1 39.1346 290 ::f,2,15 f,3,2 f,15,2 f,15,15 
288:3,3 0.001 -1 0 1,1 0.001 1 0 2,3 0.001 1 1 106.064 365 2,14 0.001 -1 1 2,13 0.001 -1 -1 1,14 0.001 0 1 208.05 605 13,1 0.001 1 -1 13,2 0.001 1 1 14,2 0.001 -1 -1 155.049 515 13,13 0.001 1 -1 13,14 0.001 -1 -1 14,14 0.001 -1 1 39.1346 290 ::f,2,15 f,3,2 f,15,2 f,15,15 
289:3,3 0.001 -1 1 2,1 0.001 1 0 2,3 0.001 0 1 106.065 365 2,14 0.001 -1 0 2,13 0.001 -1 -1 1,14 0.001 0 1 208.05 605 13,1 0.001 1 -1 13,2 0.001 1 1 14,2 0.001 0 -1 155.049 515 13,13 0.001 1 0 13,14 0.001 0 -1 14,14 0.001 -1 0 39.1346 290 ::f,2,15 f,3,2 f,15,2 f,15,15 
290:3,3 0.001 0 1 2,1 0.001 1 0 2,3 0.001 0 1 106.065 365 2,14 0.001 -1 0 2,13 0.001 0 -1 1,14 0.001 -1 1 208.05 605 13,1 0.001 1 0 13,2 0.001 0 1 14,2 0.001 0 -1 155.049 515 14,13 0.001 1 0 13,13 0.001 0 -1 13,14 0.001 -1 0 39.1376 290 ::f,2,15 f,3,2 f,15,2 f,15,15 
291:3,3 0.001 1 1 2,1 0.001 1 1 2,3 0.001 -1 1 106.065 365 2,14 0.001 -1 0 2,13 0.001 0 -1 1,14 0.001 -1 1 208.05 605 14,1 0.001 1 0 13,2 0.001 0 1 14,2 0.001 1 -1 155.05 515 14,13 0.001 1 0 13,13 0.001 0 -1 13,14 0.001 -1 0 39.1376 290 ::f,2,15 f,3,2 f,15,2 f,15,15 
292:3,3 0.001 1 0 2,1 0.001 1 1 2,3 0.001 -1 1 116.065 380 2,14 0.001 -1 -1 2,13 0.001 1 -1 1,14 0.001 -1 0 208.05 605 14,1 0.001 1 0 13,2 0.001 -1 1 14,2 0.001 1 -1 155.05 515 14,13 0.001 1 1 13,13 0.001 1 -1 13,14 0.001 -1 -1 39.1376 290 ::f,0,0 f,2,15 f,15,2 f,15,15 
293:3,3 0.001 1 -1 2,1 0.001 0 1 2,3 0.001 -1 0 116.065 380 2,14 0.001 -1 -1 2,13 0.001 1 -1 1,14 0.001 -1 0 208.05 605 14,1 0.001 1 1 13,2 0.001 -1 1 14,2 0.001 1 0 155.05 515 14,13 0.001 1 1 13,13 0.001 1 -1 13,14 0.001 -1 -1 39.1376 290 ::f,0,0 f,2,15 f,15,2 f,15,15 
294:3,3 0.001 0 -1 2,2 0.001 0 1 1,3 0.001 -1 0 116.067 380 2,14 0.001 0 -1 2,13 0.001 1 0 1,14 0.001 -1 -1 208.05 605 14,1 0.001 1 1 13,2 0.001 -1 0 14,2 0.001 1 0 165.05 530 14,13 0.001 0 1 13,13 0.001 1 0 13,14 0.001 0 -1 39.1376 290 ::f,0,0 f,2,15 f,13,1 f,15,15 
295:3,3 0.001 -1 -1 2,2 0.001 0 1 1,3 0.001 -1 0 116.067 380 2,14 0.001 0 -1 2,13 0.001 1 0 1,14 0.001 -1 -1 208.05 605 14,1 0.001 0 1 13,2 0.001 -1 0 14,2 0.001 1 1 165.05 530 14,14 0.001 0 1 14,13 0.001 1 0 13,13 0.001 0 -1 39.1406 290 ::f,0,0 f,2,15 f,13,1 f,15,15 
296:3,3 0.001 -1 0 2,2 0.001 -1 1 1,3 0.001 -1 -1 116.067 380 2,14 0.001 1 -1 2,13 0.001 1 1 1,14 0.001 0 -1 208.05 605 14,1 0.001 0 1 13,2 0.001 -1 -1 14,2 0.001 1 1 165.05 530 14,14 0.001 0 1 14,13 0.001 1 0 13,13 0.001 0 -1 39.1406 290 ::f,0,0 f,2,15 f,13,1 f,15,15 
297:3,3 0.001 -1 1 2,2 0.001 -1 1 1,3 0.001 -1 -1 116.067 380 2,14 0.001 1 -1 2,13 0.001 1 1 1,13 0.001 0 -1 208.051 605 14,1 0.001 0 1 13,2 0.001 -1 -1 14,2 0.001 0 1 165.05 530 14,14 0.001 -1 1 14,13 0.001 1 1 13,13 0.001 1 -1 39.1406 290 ::f,0,0 f,2,15 f,13,1 f,15,15 
298:3,3 0.001 0 1 2,2 0.001 -1 0 1,3 0.001 0 -1 116.067 380 2,14 0.001 1 0 2,13 0.001 0 1 1,13 0.001 0 -1 208.051 605 14,1 0.001 -1 1 13,2 0.001 0 -1 14,2 0.001 0 1 165.05 530 14,14 0.001 -1 1 14,13 0.001 1 1 13,13 0.001 1 -1 39.1406 290 ::f,0,0 f,2,15 f,13,1 f,15,15 
299:3,3 0.001 1 1 2,2 0.001 -1 0 1,2 0.001 0 -1 116.068 380 2,14 0.001 1 0 2,13 0.001 0 1 1,13 0.001 1 -1 208.051 605 14,1 0.001 -1 1 13,2 0.001 0 -1 14,2 0.001 -1 1 165.05 530 14,14 0.001 -1 0 14,13 0.001 0 1 13,13 0.001 1 0 39.1406 290 ::f,0,0 f,2,15 f,13,1 f,15,15 
