16
0:2,0 0.001 1 -1 2,1 0.003 -1 -1 1,2 0.002 1 -1 0.003 50 3,12 0.001 -1 0 1,15 0.003 -1 -1 2,13 0.002 0 1 0.001 50 12,2 0.001 -1 -1 12,1 0.003 0 -1 12,0 0.002 -1 -1 0 50 13,12 0.001 -1 -1 12,12 0.003 -1 -1 13,15 0.002 -1 1 0.002 50 ::f,0,14 f,2,2 f,14,3 f,15,14 
1:2,0 0.001 1 -1 2,1 0.001 -1 -1 1,2 0.001 1 -1 0.003 50 3,12 0.001 -1 0 1,15 0.001 -1 -1 2,13 0.001 0 1 0.0011 65 12,2 0.001 -1 -1 12,1 0.001 0 -1 12,0 0.001 -1 -1 0 50 13,12 0.001 -1 -1 12,12 0.001 -1 -1 13,15 0.001 -1 1 0.002 50 ::f,0,13 f,2,2 f,14,3 f,15,14 
2:2,0 0.001 1 0 2,1 0.001 0 -1 1,2 0.001 1 0 0.003 50 3,12 0.001 -1 -1 1,15 0.001 0 -1 2,13 0.001 -1 1 0.0011 65 12,2 0.001 0 -1 12,1 0.001 1 -1 12,0 0.001 0 -1 0 50 13,12 0.001 0 -1 12,12 0.001 0 -1 13,15 0.001 -1 0 0.002 50 ::f,0,13 f,2,2 f,14,3 f,15,14 
3:2,0 0.001 1 0 2,1 0.001 0 -1 1,2 0.001 1 0 0.0031 65 3,12 0.001 -1 -1 1,15 0.001 0 -1 2,13 0.001 -1 1 0.0011 65 12,2 0.001 0 -1 12,1 0.001 1 -1 12,0 0.001 0 -1 0 50 13,12 0.001 0 -1 12,12 0.001 0 -1 13,15 0.001 -1 0 0.002 50 ::f,0,1 f,0,13 f,14,3 f,15,14 
4:2,0 0.001 1 1 2,1 0.001 1 -1 1,2 0.001 1 1 0.0031 65 3,12 0.001 0 -1 1,15 0.001 1 -1 2,13 0.001 -1 0 0.0011 65 12,2 0.001 1 -1 12,1 0.001 1 0 12,0 0.001 1 -1 0 50 13,12 0.001 1 -1 12,12 0.001 1 -1 13,15 0.001 -1 -1 0.002 50 ::f,0,1 f,0,13 f,14,3 f,15,14 
5:2,0 0.001 1 1 2,1 0.001 1 -1 1,2 0.001 1 1 0.0031 65 3,12 0.001 0 -1 1,15 0.001 1 -1 2,13 0.001 -1 0 0.0011 65 12,2 0.001 1 -1 12,1 0.001 1 0 12,0 0.001 1 -1 0 50 13,12 0.001 1 -1 12,12 0.001 1 -1 13,15 0.001 -1 -1 0.002 50 ::f,0,1 f,0,13 f,14,3 f,15,14 
6:2,0 0.001 0 1 2,1 0.001 1 0 1,2 0.001 0 1 0.0031 65 3,12 0.001 1 -1 1,15 0.001 1 0 2,13 0.001 -1 -1 0.0011 65 12,2 0.001 1 0 12,1 0.001 1 1 12,0 0.001 1 0 0 50 13,12 0.001 1 0 12,12 0.001 1 0 13,15 0.001 0 -1 0.002 50 ::f,0,1 f,0,13 f,14,3 f,15,14 
7:2,0 0.001 0 1 2,1 0.001 1 0 1,2 0.001 0 1 0.0031 65 3,12 0.001 1 -1 1,15 0.001 1 0 2,13 0.001 -1 -1 0.0011 65 12,2 0.001 1 0 12,1 0.001 1 1 12,0 0.001 1 0 0 50 13,12 0.001 1 0 12,12 0.001 1 0 13,15 0.001 0 -1 0.002 50 ::f,0,1 f,0,13 f,14,3 f,15,14 
8:2,0 0.001 -1 1 2,1 0.001 1 1 1,2 0.001 -1 1 0.0031 65 3,12 0.001 1 0 1,15 0.001 1 1 2,13 0.001 0 -1 0.0011 65 12,2 0.001 1 1 12,1 0.001 0 1 12,0 0.001 1 1 0 50 13,12 0.001 1 1 12,12 0.001 1 1 13,15 0.001 1 -1 0.002 50 ::f,0,1 f,0,13 f,14,3 f,15,14 
9:2,0 0.001 -1 1 2,1 0.001 1 1 1,2 0.001 -1 1 0.0031 65 3,12 0.001 1 0 1,15 0.001 1 1 2,13 0.001 0 -1 0.0011 65 12,2 0.001 1 1 12,1 0.001 0 1 12,0 0.001 1 1 0 50 13,12 0.001 1 1 12,12 0.001 1 1 13,15 0.001 1 -1 0.002 50 ::f,0,1 f,0,13 f,14,3 f,15,14 
10:2,0 0.001 -1 0 2,1 0.001 0 1 1,2 0.001 -1 0 0.0031 65 3,12 0.001 1 1 1,15 0.001 0 1 2,13 0.001 1 -1 0.0011 65 12,2 0.001 0 1 12,1 0.001 -1 1 12,0 0.001 0 1 0 50 13,12 0.001 0 1 12,12 0.001 0 1 13,15 0.001 1 0 0.002 50 ::f,0,1 f,0,13 f,14,3 f,15,14 
11:2,0 0.001 -1 0 2,2 0.001 0 1 1,2 0.001 -1 0 0.0041 65 3,12 0.001 1 1 1,15 0.001 0 1 2,13 0.001 1 -1 0.0011 65 12,2 0.001 0 1 12,1 0.001 -1 1 12,0 0.001 0 1 0 50 13,12 0.001 0 1 12,12 0.001 0 1 13,15 0.001 1 0 0.002 50 ::f,0,1 f,0,13 f,14,3 f,15,14 
12:2,0 0.001 -1 -1 2,2 0.001 0 1 1,2 0.001 -1 -1 0.0041 65 3,12 0.001 0 1 1,15 0.001 -1 1 2,13 0.001 1 0 0.0011 65 12,2 0.001 -1 1 12,1 0.001 -1 0 12,0 0.001 0 1 0 50 13,12 0.001 -1 1 12,12 0.001 -1 1 13,15 0.001 1 1 0.002 50 ::f,0,1 f,0,13 f,14,3 f,15,14 
13:2,0 0.001 -1 -1 2,2 0.001 -1 1 1,2 0.001 -1 -1 1.0042 80 3,13 0.001 0 1 1,15 0.001 -1 1 2,13 0.001 1 0 0.0021 65 12,2 0.001 -1 1 12,1 0.001 -1 0 12,0 0.001 -1 1 0 50 13,12 0.001 -1 1 12,12 0.001 -1 1 13,15 0.001 1 1 0.002 50 ::f,0,13 f,1,1 f,14,3 f,15,14 
14:2,0 0.001 0 -1 2,2 0.001 -1 1 1,2 0.001 0 -1 1.0042 80 3,13 0.001 0 1 1,15 0.001 -1 0 2,13 0.001 1 1 0.0021 65 12,2 0.001 -1 0 12,1 0.001 -1 -1 12,0 0.001 -1 1 0 50 13,12 0.001 -1 0 12,12 0.001 -1 0 13,15 0.001 0 1 0.002 50 ::f,0,13 f,1,1 f,14,3 f,15,14 
15:2,0 0.001 0 -1 2,2 0.001 -1 0 1,2 0.001 0 -1 1.0042 80 3,13 0.001 -1 1 1,15 0.001 -1 0 2,13 0.001 1 1 0.0021 65 12,2 0.001 -1 0 12,1 0.001 -1 -1 12,0 0.001 -1 0 0 50 13,12 0.001 -1 0 12,12 0.001 -1 0 13,15 0.001 0 1 0.002 50 ::f,0,13 f,1,1 f,14,3 f,15,14 
16:2,0 0.001 1 -1 2,2 0.001 -1 0 1,2 0.001 0 -1 3.0043 95 2,14 0.001 -1 1 1,15 0.001 -1 -1 2,13 0.001 0 1 0.0031 65 12,2 0.001 -1 -1 12,1 0.001 0 -1 12,0 0.001 -1 0 0 50 13,12 0.001 -1 -1 12,12 0.001 -1 -1 13,15 0.001 -1 1 0.002 50 ::f,0,13 f,3,2 f,14,3 f,15,14 
17:2,0 0.001 1 -1 2,2 0.001 -1 0 1,2 0.001 1 -1 3.0043 95 2,14 0.001 -1 1 1,15 0.001 -1 -1 2,13 0.001 0 1 0.0031 65 12,2 0.001 -1 -1 12,1 0.001 0 -1 12,0 0.001 -1 -1 0 50 13,12 0.001 -1 -1 12,12 0.001 -1 -1 13,15 0.001 -1 1 0.002 50 ::f,0,13 f,3,2 f,14,3 f,15,14 
18:2,0 0.001 1 0 2,2 0.001 -1 -1 2,1 0.001 1 -1 3.0053 95 2,14 0.001 -1 0 1,15 0.001 0 -1 2,13 0.001 0 1 0.0031 65 12,2 0.001 0 -1 12,1 0.001 1 -1 12,0 0.001 -1 -1 0 50 13,12 0.001 0 -1 12,12 0.001 0 -1 13,15 0.001 -1 0 0.002 50 ::f,0,13 f,3,2 f,14,3 f,15,14 
19:2,0 0.001 1 0 2,2 0.001 -1 -1 2,1 0.001 1 -1 3.0053 95 2,14 0.001 -1 0 1,14 0.001 0 -1 2,13 0.001 -1 1 0.0041 65 12,2 0.001 0 -1 12,1 0.001 1 -1 12,0 0.001 0 -1 0 50 13,12 0.001 0 -1 12,12 0.001 0 -1 13,15 0.001 -1 0 0.002 50 ::f,0,13 f,3,2 f,14,3 f,15,14 
20:2,0 0.001 1 1 2,2 0.001 0 -1 2,1 0.001 1 0 3.0053 95 2,14 0.001 -1 -1 1,14 0.001 0 -1 2,13 0.001 -1 1 0.0041 65 12,2 0.001 0 -1 12,1 0.001 1 0 12,0 0.001 0 -1 0 50 13,12 0.001 1 -1 12,12 0.001 1 -1 13,15 0.001 -1 -1 0.002 50 ::f,0,13 f,3,2 f,14,3 f,15,14 
21:2,0 0.001 1 1 2,2 0.001 0 -1 2,1 0.001 1 0 3.0053 95 1,13 0.001 -1 -1 1,14 0.001 1 -1 2,13 0.001 -1 0 0.0051 65 12,2 0.001 1 -1 13,1 0.001 1 0 12,0 0.001 1 -1 0.001 50 13,12 0.001 1 -1 12,12 0.001 1 -1 13,15 0.001 -1 -1 0.002 50 ::f,0,13 f,3,2 f,14,3 f,15,14 
22:2,0 0.001 0 1 2,2 0.001 0 -1 2,1 0.001 1 1 3.0053 95 1,13 0.001 -1 -1 1,14 0.001 1 -1 2,13 0.001 -1 0 0.0051 65 12,2 0.001 1 -1 13,1 0.001 1 0 12,0 0.001 1 -1 0.001 50 13,12 0.001 1 0 12,12 0.001 1 0 13,15 0.001 0 -1 0.002 50 ::f,0,13 f,3,2 f,14,3 f,15,14 
23:2,0 0.001 0 1 2,2 0.001 1 -1 2,1 0.001 1 1 6.0054 110 1,13 0.001 0 -1 1,14 0.001 1 0 2,13 0.001 -1 0 0.0051 65 12,2 0.001 1 0 13,1 0.001 1 1 12,0 0.001 1 0 0.001 50 14,12 0.001 1 0 13,12 0.001 1 0 13,14 0.001 0 -1 0.005 50 ::f,0,13 f,1,3 f,14,3 f,15,14 
24:2,0 0.001 0 1 2,2 0.001 1 -1 2,1 0.001 0 1 6.0054 110 1,13 0.001 0 -1 1,14 0.001 1 0 2,13 0.001 -1 -1 0.0051 65 12,2 0.001 1 0 13,1 0.001 1 1 13,0 0.001 1 0 0.002 50 14,12 0.001 1 0 13,12 0.001 1 0 13,13 0.001 0 -1 0.006 50 ::f,0,13 f,1,3 f,14,3 f,15,14 
25:2,0 0.001 -1 1 2,2 0.001 1 0 2,1 0.001 0 1 6.0054 110 1,13 0.001 1 -1 1,14 0.001 1 1 2,13 0.001 -1 -1 0.0051 65 12,2 0.001 1 1 13,1 0.001 0 1 13,0 0.001 1 0 0.002 50 14,12 0.001 1 1 13,12 0.001 1 1 13,13 0.001 0 -1 0.006 50 ::f,0,13 f,1,3 f,14,3 f,15,14 
26:2,0 0.001 -1 1 2,2 0.001 1 0 2,1 0.001 0 1 6.0054 110 1,13 0.001 1 -1 1,14 0.001 1 1 2,13 0.001 0 -1 0.0051 65 12,2 0.001 1 1 13,2 0.001 0 1 13,0 0.001 1 1 0.003 50 15,13 0.001 1 1 14,13 0.001 1 1 13,13 0.001 1 -1 0.008 50 ::f,0,13 f,1,3 f,14,3 f,15,14 
27:2,0 0.001 -1 0 2,2 0.001 1 1 2,1 0.001 -1 1 6.0054 110 1,13 0.001 1 0 1,14 0.001 0 1 2,13 0.001 0 -1 0.0051 65 12,2 0.001 0 1 13,2 0.001 0 1 14,1 0.001 1 1 0.004 50 15,13 0.001 1 1 14,13 0.001 1 1 13,13 0.001 1 -1 0.0081 65 ::f,0,13 f,1,3 f,12,13 f,14,3 
28:2,0 0.001 -1 0 2,2 0.001 1 1 1,2 0.001 -1 1 6.0064 110 1,13 0.001 1 0 1,14 0.001 0 1 2,13 0.001 1 -1 0.0051 65 12,2 0.001 0 1 13,2 0.001 -1 1 14,1 0.001 1 1 0.004 50 15,13 0.001 0 1 14,13 0.001 0 1 13,13 0.001 1 0 0.0081 65 ::f,0,13 f,1,3 f,12,13 f,14,3 
29:2,0 0.001 -1 -1 2,2 0.001 0 1 1,2 0.001 -1 1 6.0064 110 1,13 0.001 1 0 1,14 0.001 -1 1 2,13 0.001 1 -1 0.0051 65 12,2 0.001 -1 1 13,2 0.001 -1 1 14,1 0.001 0 1 0.004 50 15,13 0.001 0 1 14,13 0.001 0 1 13,13 0.001 1 0 0.0081 65 ::f,0,13 f,1,3 f,12,13 f,14,3 
30:2,0 0.001 -1 -1 2,2 0.001 0 1 1,2 0.001 -1 0 6.0064 110 1,13 0.001 1 1 1,14 0.001 -1 1 2,13 0.001 1 0 0.0051 65 12,2 0.001 -1 1 13,2 0.001 -1 0 14,2 0.001 0 1 0.005 50 15,13 0.001 -1 1 14,13 0.001 -1 1 13,13 0.001 1 0 0.0081 65 ::f,0,13 f,1,3 f,12,13 f,14,3 
31:2,0 0.001 0 -1 2,2 0.001 -1 1 1,2 0.001 -1 0 6.0064 110 1,13 0.001 1 1 1,14 0.001 -1 0 2,13 0.001 1 0 0.0051 65 12,2 0.001 -1 0 13,2 0.001 -1 0 14,2 0.001 0 1 0.0051 65 14,14 0.001 -1 1 14,13 0.001 -1 1 13,13 0.001 1 1 0.0091 65 ::f,0,13 f,1,3 f,12,13 f,14,1 
32:2,0 0.001 0 -1 2,2 0.001 -1 1 1,2 0.001 -1 -1 6.0065 125 1,13 0.001 0 1 1,14 0.001 -1 0 2,13 0.001 1 1 0.0051 65 12,2 0.001 -1 0 13,2 0.001 -1 -1 14,2 0.001 -1 1 0.0051 65 14,14 0.001 -1 1 14,13 0.001 -1 0 13,13 0.001 0 1 0.0091 65 ::f,0,13 f,3,3 f,12,13 f,14,1 
33:2,0 0.001 1 -1 2,2 0.001 -1 0 1,2 0.001 -1 -1 6.0065 125 1,13 0.001 0 1 1,14 0.001 -1 -1 2,13 0.001 1 1 0.0051 65 12,2 0.001 -1 -1 13,2 0.001 -1 -1 14,2 0.001 -1 1 0.0051 65 14,14 0.001 -1 0 14,13 0.001 -1 0 13,13 0.001 0 1 0.0091 65 ::f,0,13 f,3,3 f,12,13 f,14,1 
34:2,0 0.001 1 -1 2,2 0.001 -1 0 1,2 0.001 0 -1 6.0065 125 1,13 0.001 -1 1 1,14 0.001 -1 -1 2,13 0.001 0 1 1.0052 80 12,2 0.001 -1 -1 13,2 0.001 0 -1 14,2 0.001 -1 0 0.0051 65 13,14 0.001 -1 0 14,13 0.001 -1 0 13,13 0.001 -1 1 0.0101 65 ::f,3,3 f,3,14 f,12,13 f,14,1 
35:2,0 0.001 1 0 2,2 0.001 -1 0 1,1 0.001 0 -1 6.0075 125 1,13 0.001 -1 1 1,14 0.001 0 -1 2,14 0.001 0 1 1.0062 80 12,2 0.001 0 -1 13,1 0.001 0 -1 13,2 0.001 -1 0 0.0071 65 13,14 0.001 -1 0 14,13 0.001 -1 -1 13,13 0.001 -1 1 0.0101 65 ::f,3,3 f,3,14 f,12,13 f,14,1 
36:2,0 0.001 1 0 2,2 0.001 -1 -1 1,1 0.001 0 -1 6.0075 125 1,13 0.001 -1 0 1,14 0.001 0 -1 2,14 0.001 0 1 1.0062 80 12,1 0.001 0 -1 13,1 0.001 0 -1 13,2 0.001 -1 0 0.0081 65 13,14 0.001 -1 -1 14,13 0.001 -1 -1 13,13 0.001 -1 0 0.0101 65 ::f,3,3 f,3,14 f,12,13 f,14,1 
37:2,0 0.001 1 1 2,2 0.001 -1 -1 1,1 0.001 1 -1 6.0075 125 1,13 0.001 -1 0 1,14 0.001 0 -1 2,14 0.001 -1 1 1.0062 80 12,1 0.001 0 -1 13,1 0.001 1 -1 13,2 0.001 -1 -1 0.0081 65 13,14 0.001 -1 -1 14,13 0.001 0 -1 13,13 0.001 -1 0 0.0102 80 ::f,3,3 f,3,14 f,13,12 f,14,1 
38:2,0 0.001 1 1 2,2 0.001 0 -1 1,1 0.001 1 -1 6.0075 125 1,13 0.001 -1 -1 1,14 0.001 1 -1 2,14 0.001 -1 1 1.0062 80 12,1 0.001 1 -1 13,1 0.001 1 -1 13,2 0.001 -1 -1 0.0081 65 13,14 0.001 0 -1 14,13 0.001 0 -1 13,13 0.001 -1 -1 0.0102 80 ::f,3,3 f,3,14 f,13,12 f,14,1 
39:2,0 0.001 0 1 2,1 0.001 0 -1 1,1 0.001 1 0 6.0085 125 1,13 0.001 -1 -1 1,14 0.001 1 -1 2,14 0.001 -1 0 1.0062 80 12,1 0.001 1 -1 13,1 0.001 1 0 13,2 0.001 0 -1 0.0081 65 13,14 0.001 0 -1 14,13 0.001 1 -1 13,13 0.001 -1 -1 0.0102 80 ::f,3,3 f,3,14 f,13,12 f,14,1 
40:2,0 0.001 0 1 2,1 0.001 0 -1 1,1 0.001 1 0 6.0085 125 1,13 0.001 0 -1 1,14 0.001 1 0 2,14 0.001 -1 0 1.0062 80 12,1 0.001 1 0 13,1 0.001 1 0 13,2 0.001 0 -1 0.0081 65 13,14 0.001 0 -1 14,13 0.001 1 -1 13,13 0.001 0 -1 0.0102 80 ::f,3,3 f,3,14 f,13,12 f,14,1 
41:2,0 0.001 0 1 2,1 0.001 1 -1 1,1 0.001 1 0 6.0085 125 1,13 0.001 0 -1 1,14 0.001 1 0 2,14 0.001 -1 0 1.0062 80 12,1 0.001 1 0 13,1 0.001 1 0 13,2 0.001 0 -1 0.0082 80 13,14 0.001 1 -1 14,13 0.001 1 0 13,13 0.001 0 -1 0.0103 95 ::f,3,3 f,3,14 f,15,0 f,15,14 
42:2,0 0.001 -1 1 2,1 0.001 1 -1 1,1 0.001 1 1 6.0085 125 1,13 0.001 1 -1 1,14 0.001 1 0 2,14 0.001 -1 -1 1.0062 80 12,1 0.001 1 0 14,1 0.001 1 0 13,2 0.001 1 -1 0.0092 80 13,14 0.001 1 -1 14,13 0.001 1 0 13,13 0.001 1 -1 0.0103 95 ::f,3,3 f,3,14 f,15,0 f,15,14 
43:2,0 0.001 -1 1 2,1 0.001 1 0 2,2 0.001 1 1 6.0095 125 1,13 0.001 1 -1 1,14 0.001 1 1 2,14 0.001 -1 -1 1.0062 80 13,1 0.001 1 0 14,1 0.001 1 0 13,2 0.001 1 -1 0.0102 80 13,14 0.001 1 0 14,13 0.001 1 1 13,13 0.001 1 -1 0.0103 95 ::f,3,3 f,3,14 f,15,0 f,15,14 
44:2,0 0.001 -1 0 2,1 0.001 1 0 2,2 0.001 1 1 10.0096 140 1,13 0.001 1 0 1,14 0.001 1 1 2,14 0.001 0 -1 1.0062 80 13,1 0.001 1 0 14,1 0.001 1 1 13,2 0.001 1 -1 0.0102 80 13,14 0.001 1 0 14,13 0.001 1 1 13,13 0.001 1 0 1.0104 110 ::f,3,2 f,3,14 f,13,15 f,15,0 
45:2,0 0.001 -1 0 2,1 0.001 1 1 2,2 0.001 0 1 10.0096 140 2,13 0.001 1 0 1,14 0.001 0 1 2,14 0.001 0 -1 1.0072 80 13,1 0.001 1 1 14,1 0.001 1 1 13,2 0.001 1 0 0.0102 80 13,14 0.001 1 1 14,13 0.001 0 1 13,13 0.001 1 0 1.0104 110 ::f,3,2 f,3,14 f,13,15 f,15,0 
46:2,0 0.001 -1 -1 2,1 0.001 1 1 2,2 0.001 0 1 16.0098 170 2,13 0.001 1 0 1,14 0.001 0 1 2,14 0.001 1 -1 1.0072 80 13,1 0.001 1 1 14,1 0.001 0 1 13,2 0.001 1 0 0.0102 80 13,14 0.001 1 1 14,14 0.001 0 1 13,13 0.001 1 0 1.0114 110 ::f,2,3 f,3,14 f,13,15 f,15,0 
47:2,0 0.001 -1 -1 2,1 0.001 0 1 2,2 0.001 -1 1 16.0098 170 2,13 0.001 1 1 1,14 0.001 -1 1 2,14 0.001 1 -1 1.0072 80 13,1 0.001 0 1 14,2 0.001 0 1 13,2 0.001 1 1 0.0112 80 13,14 0.001 0 1 14,14 0.001 0 1 13,13 0.001 1 1 1.0114 110 ::f,2,3 f,3,14 f,13,15 f,15,0 
48:2,0 0.001 0 -1 2,1 0.001 0 1 2,2 0.001 -1 1 16.0098 170 2,13 0.001 1 1 1,14 0.001 -1 1 2,14 0.001 1 0 1.0073 95 13,1 0.001 0 1 14,2 0.001 0 1 13,2 0.001 1 1 0.0112 80 13,14 0.001 0 1 14,14 0.001 -1 1 13,13 0.001 1 1 2.0115 125 ::f,1,12 f,2,3 f,14,12 f,15,0 
49:2,0 0.001 0 -1 2,1 0.001 0 1 2,2 0.001 -1 0 16.0098 170 2,13 0.001 0 1 1,14 0.001 -1 0 2,14 0.001 1 0 1.0073 95 13,1 0.001 -1 1 14,2 0.001 -1 1 13,2 0.001 0 1 0.0112 80 13,14 0.001 -1 1 14,14 0.001 -1 1 13,13 0.001 0 1 2.0115 125 ::f,1,12 f,2,3 f,14,12 f,15,0 
50:2,0 0.001 1 -1 2,1 0.001 -1 1 1,2 0.001 -1 0 16.0108 170 2,13 0.001 0 1 1,14 0.001 -1 0 2,14 0.001 1 1 1.0073 95 13,1 0.001 -1 1 14,2 0.001 -1 1 13,2 0.001 0 1 0.0112 80 13,14 0.001 -1 1 14,14 0.001 -1 0 13,13 0.001 0 1 2.0115 125 ::f,1,12 f,2,3 f,14,12 f,15,0 
51:2,0 0.001 1 -1 2,1 0.001 -1 1 1,2 0.001 -1 0 16.0108 170 2,13 0.001 0 1 1,14 0.001 -1 -1 2,14 0.001 1 1 1.0073 95 13,1 0.001 -1 0 14,2 0.001 -1 0 13,2 0.001 -1 1 0.0112 80 13,14 0.001 -1 0 14,14 0.001 -1 0 13,13 0.001 -1 1 2.0115 125 ::f,1,12 f,2,3 f,14,12 f,15,0 
52:2,0 0.001 1 0 2,1 0.001 -1 0 1,2 0.001 -1 -1 16.0108 170 2,13 0.001 -1 1 1,14 0.001 -1 -1 2,14 0.001 0 1 1.0073 95 13,1 0.001 -1 0 14,2 0.001 -1 0 13,2 0.001 -1 1 0.0112 80 13,14 0.001 -1 0 14,14 0.001 -1 0 13,13 0.001 -1 1 2.0115 125 ::f,1,12 f,2,3 f,14,12 f,15,0 
53:2,0 0.001 1 0 2,1 0.001 -1 0 1,2 0.001 -1 -1 16.0108 170 2,13 0.001 -1 1 1,14 0.001 0 -1 2,14 0.001 0 1 1.0073 95 13,1 0.001 -1 -1 14,2 0.001 -1 0 13,2 0.001 -1 0 0.0112 80 13,14 0.001 -1 -1 14,14 0.001 -1 -1 13,13 0.001 -1 0 2.0115 125 ::f,1,12 f,2,3 f,14,12 f,15,0 
54:2,0 0.001 1 1 2,1 0.001 -1 -1 1,2 0.001 0 -1 16.0108 170 2,13 0.001 -1 0 1,13 0.001 0 -1 2,14 0.001 -1 1 1.0083 95 13,1 0.001 -1 -1 14,2 0.001 -1 -1 13,2 0.001 -1 0 0.0112 80 12,13 0.001 -1 -1 14,14 0.001 -1 -1 13,13 0.001 -1 0 2.0125 125 ::f,1,12 f,2,3 f,14,12 f,15,0 
55:2,0 0.001 1 1 2,1 0.001 -1 -1 1,1 0.001 0 -1 16.0118 170 2,13 0.001 -1 0 1,13 0.001 0 -1 2,14 0.001 -1 1 3.0084 110 13,1 0.001 0 -1 14,2 0.001 -1 -1 13,2 0.001 -1 -1 0.0112 80 12,13 0.001 -1 -1 14,14 0.001 -1 -1 13,13 0.001 -1 -1 2.0125 125 ::f,0,14 f,2,3 f,14,12 f,15,0 
56:2,0 0.001 0 1 2,1 0.001 0 -1 1,1 0.001 0 -1 16.0118 170 2,13 0.001 -1 0 1,13 0.001 1 -1 2,14 0.001 -1 0 3.0084 110 13,1 0.001 0 -1 14,2 0.001 0 -1 13,2 0.001 -1 -1 0.0112 80 12,13 0.001 0 -1 14,14 0.001 0 -1 13,13 0.001 -1 -1 2.0125 125 ::f,0,14 f,2,3 f,14,12 f,15,0 
57:2,0 0.001 0 1 2,1 0.001 0 -1 1,1 0.001 1 -1 16.0118 170 2,13 0.001 -1 0 1,13 0.001 1 -1 1,14 0.001 -1 0 3.0094 110 13,1 0.001 1 -1 14,2 0.001 0 -1 13,2 0.001 0 -1 0.0112 80 12,13 0.001 0 -1 14,14 0.001 0 -1 13,13 0.001 0 -1 2.0125 125 ::f,0,14 f,2,3 f,14,12 f,15,0 
58:2,0 0.001 0 1 2,1 0.001 1 -1 1,1 0.001 1 -1 16.0118 170 2,13 0.001 -1 -1 1,13 0.001 1 0 1,14 0.001 -1 0 3.0095 125 13,1 0.001 1 -1 14,2 0.001 1 -1 13,2 0.001 0 -1 0.0112 80 12,13 0.001 1 -1 14,14 0.001 1 -1 13,13 0.001 0 -1 2.0125 125 ::f,2,3 f,2,12 f,14,12 f,15,0 
59:2,0 0.001 -1 1 2,1 0.001 1 -1 1,1 0.001 1 0 16.0118 170 2,13 0.001 -1 -1 1,13 0.001 1 0 1,14 0.001 -1 -1 3.0095 125 13,1 0.001 1 0 14,2 0.001 1 -1 13,2 0.001 0 -1 0.0112 80 13,12 0.001 1 -1 14,14 0.001 1 -1 13,13 0.001 1 -1 2.0135 125 ::f,2,3 f,2,12 f,14,12 f,15,0 
60:2,0 0.001 -1 1 2,1 0.001 1 0 1,1 0.001 1 0 16.0118 170 2,13 0.001 0 -1 1,13 0.001 1 0 1,14 0.001 -1 -1 3.0095 125 14,1 0.001 1 0 14,2 0.001 1 0 13,2 0.001 1 -1 0.0122 80 13,12 0.001 1 -1 14,14 0.001 1 0 13,13 0.001 1 -1 3.0136 140 ::f,2,3 f,2,12 f,14,12 f,15,0 
61:2,0 0.001 -1 0 2,1 0.001 1 0 1,1 0.001 1 0 16.0118 170 2,13 0.001 0 -1 1,13 0.001 1 0 1,14 0.001 0 -1 4.0096 140 14,1 0.001 1 0 14,2 0.001 1 0 13,2 0.001 1 -1 0.0122 80 13,12 0.001 1 0 14,14 0.001 1 0 13,13 0.001 1 0 3.0136 140 ::f,2,3 f,3,12 f,14,12 f,15,0 
62:2,0 0.001 -1 0 2,1 0.001 1 1 1,1 0.001 1 1 16.0118 170 2,13 0.001 1 -1 1,13 0.001 1 0 1,14 0.001 0 -1 4.0096 140 14,1 0.001 1 1 14,2 0.001 1 1 13,2 0.001 1 -1 0.0122 80 13,12 0.001 1 0 14,14 0.001 1 1 14,13 0.001 1 0 5.0147 155 ::f,2,3 f,3,12 f,12,15 f,15,0 
63:2,0 0.001 -1 -1 2,1 0.001 1 1 1,1 0.001 1 1 16.0118 170 2,13 0.001 1 -1 1,13 0.001 1 1 1,14 0.001 0 -1 6.0097 155 14,1 0.001 1 1 14,2 0.001 1 1 13,2 0.001 1 0 0.0122 80 13,12 0.001 1 1 14,14 0.001 1 1 14,13 0.001 1 0 5.0147 155 ::f,2,3 f,3,13 f,12,15 f,15,0 
64:2,0 0.001 -1 -1 2,1 0.001 0 1 1,1 0.001 0 1 16.0118 170 2,13 0.001 1 0 1,13 0.001 1 1 1,14 0.001 1 -1 6.0097 155 14,1 0.001 0 1 14,2 0.001 0 1 13,2 0.001 1 0 0.0122 80 13,12 0.001 1 1 14,14 0.001 0 1 14,13 0.001 1 1 5.0147 155 ::f,2,3 f,3,13 f,12,15 f,15,0 
65:2,0 0.001 0 -1 2,2 0.001 0 1 1,2 0.001 0 1 16.0138 170 2,13 0.001 1 0 1,13 0.001 0 1 1,14 0.001 1 -1 9.0098 170 14,1 0.001 0 1 14,2 0.001 0 1 13,2 0.001 1 1 0.0122 80 13,12 0.001 1 1 14,14 0.001 0 1 14,13 0.001 1 1 5.0147 155 ::f,2,3 f,2,14 f,12,15 f,15,0 
66:2,0 0.001 0 -1 2,2 0.001 0 1 1,2 0.001 0 1 18.0139 185 2,13 0.001 1 1 1,13 0.001 0 1 1,14 0.001 1 0 9.0098 170 14,1 0.001 0 1 14,2 0.001 -1 1 13,2 0.001 1 1 0.0122 80 13,12 0.001 0 1 14,14 0.001 -1 1 14,13 0.001 0 1 5.0147 155 ::f,1,1 f,2,14 f,12,15 f,15,0 
67:2,0 0.001 1 -1 2,2 0.001 -1 1 1,2 0.001 -1 1 18.0139 185 2,13 0.001 1 1 1,13 0.001 -1 1 1,14 0.001 1 0 10.0099 185 14,1 0.001 -1 1 14,2 0.001 -1 1 13,2 0.001 0 1 0.0122 80 13,12 0.001 0 1 14,14 0.001 -1 1 14,13 0.001 0 1 5.0147 155 ::f,1,1 f,1,12 f,12,15 f,15,0 
68:2,0 0.001 1 -1 2,2 0.001 -1 1 1,2 0.001 -1 1 18.0139 185 2,13 0.001 0 1 1,13 0.001 -1 1 1,14 0.001 1 1 10.0099 185 14,1 0.001 -1 1 14,2 0.001 -1 0 13,2 0.001 0 1 0.0122 80 13,12 0.001 -1 1 14,14 0.001 -1 0 14,13 0.001 0 1 5.0147 155 ::f,1,1 f,1,12 f,12,15 f,15,0 
69:2,0 0.001 1 0 2,2 0.001 -1 0 1,2 0.001 -1 0 18.0139 185 2,14 0.001 0 1 1,13 0.001 -1 0 1,14 0.001 1 1 10.0109 185 14,1 0.001 -1 0 14,2 0.001 -1 0 13,2 0.001 -1 1 0.0122 80 13,12 0.001 -1 1 13,14 0.001 -1 0 14,13 0.001 -1 1 5.0157 155 ::f,1,1 f,1,12 f,12,15 f,15,0 
70:2,0 0.001 1 0 2,2 0.001 -1 0 1,2 0.001 -1 0 18.0139 185 2,14 0.001 0 1 1,13 0.001 -1 0 1,14 0.001 0 1 10.0109 185 14,1 0.001 -1 0 14,2 0.001 -1 0 13,2 0.001 -1 1 0.0122 80 13,12 0.001 -1 0 13,14 0.001 -1 0 14,13 0.001 -1 1 5.0157 155 ::f,1,1 f,1,12 f,12,15 f,15,0 
71:2,0 0.001 1 1 2,2 0.001 -1 0 1,2 0.001 -1 -1 18.0139 185 2,14 0.001 -1 1 1,13 0.001 -1 -1 1,14 0.001 0 1 10.0109 185 14,1 0.001 -1 -1 14,2 0.001 -1 -1 13,2 0.001 -1 0 0.0122 80 13,12 0.001 -1 0 13,14 0.001 -1 -1 14,13 0.001 -1 1 5.0157 155 ::f,1,1 f,1,12 f,12,15 f,15,0 
72:2,0 0.001 1 1 2,2 0.001 -1 -1 1,2 0.001 -1 -1 18.0139 185 2,14 0.001 -1 1 1,13 0.001 -1 -1 1,14 0.001 -1 1 10.0109 185 14,1 0.001 -1 -1 14,2 0.001 -1 -1 13,2 0.001 -1 0 0.0122 80 13,12 0.001 -1 -1 13,14 0.001 -1 -1 14,13 0.001 -1 0 5.0157 155 ::f,1,1 f,1,12 f,12,15 f,15,0 
73:2,0 0.001 0 1 2,2 0.001 -1 -1 1,2 0.001 0 -1 21.014 200 2,14 0.001 -1 0 1,13 0.001 0 -1 1,14 0.001 -1 1 10.0109 185 14,1 0.001 0 -1 14,2 0.001 0 -1 13,2 0.001 -1 -1 0.0122 80 13,12 0.001 -1 -1 13,14 0.001 0 -1 14,13 0.001 -1 0 5.0157 155 ::f,1,12 f,3,0 f,12,15 f,15,0 
74:2,1 0.001 0 1 2,2 0.001 0 -1 1,1 0.001 0 -1 21.016 200 2,14 0.001 -1 0 1,13 0.001 0 -1 1,14 0.001 -1 0 13.011 200 14,1 0.001 0 -1 14,2 0.001 0 -1 13,2 0.001 -1 -1 0.0122 80 13,12 0.001 0 -1 13,13 0.001 0 -1 14,13 0.001 -1 -1 5.0167 155 ::f,0,13 f,3,0 f,12,15 f,15,0 
75:2,1 0.001 0 1 2,2 0.001 0 -1 1,1 0.001 0 -1 21.016 200 2,14 0.001 -1 0 1,13 0.001 1 -1 1,14 0.001 -1 0 13.011 200 14,1 0.001 1 -1 14,2 0.001 1 -1 13,2 0.001 0 -1 0.0122 80 13,12 0.001 0 -1 13,13 0.001 0 -1 14,13 0.001 -1 -1 5.0167 155 ::f,0,13 f,3,0 f,12,15 f,15,0 
76:2,1 0.001 -1 1 2,2 0.001 1 -1 1,1 0.001 1 -1 21.016 200 2,14 0.001 -1 -1 1,13 0.001 1 -1 1,14 0.001 -1 -1 13.011 200 14,1 0.001 1 -1 14,2 0.001 1 -1 13,1 0.001 0 -1 0.0133 95 13,12 0.001 1 -1 13,13 0.001 1 -1 14,13 0.001 0 -1 5.0167 155 ::f,0,13 f,3,0 f,12,15 f,15,2 
77:2,1 0.001 -1 1 2,2 0.001 1 -1 1,1 0.001 1 -1 21.016 200 2,14 0.001 -1 -1 1,13 0.001 1 0 1,14 0.001 -1 -1 15.0111 215 14,1 0.001 1 0 14,2 0.001 1 0 13,1 0.001 0 -1 0.0133 95 13,12 0.001 1 -1 13,13 0.001 1 -1 14,13 0.001 0 -1 5.0167 155 ::f,3,0 f,3,13 f,12,15 f,15,2 
78:2,1 0.001 -1 0 2,2 0.001 1 0 1,1 0.001 1 0 21.016 200 2,14 0.001 -1 -1 2,13 0.001 1 0 1,14 0.001 0 -1 15.0121 215 14,1 0.001 1 0 14,2 0.001 1 0 13,1 0.001 1 -1 1.0134 110 13,12 0.001 1 0 13,13 0.001 1 0 14,13 0.001 1 -1 5.0167 155 ::f,3,0 f,3,13 f,12,15 f,13,0 
79:2,1 0.001 -1 0 2,2 0.001 1 0 1,1 0.001 1 0 21.016 200 2,14 0.001 0 -1 2,13 0.001 1 0 1,13 0.001 0 -1 19.0132 230 14,1 0.001 1 1 14,2 0.001 1 1 13,1 0.001 1 -1 1.0134 110 14,12 0.001 1 0 13,13 0.001 1 0 14,13 0.001 1 -1 5.0177 155 ::f,0,14 f,3,0 f,12,15 f,13,0 
80:2,1 0.001 -1 -1 2,2 0.001 1 1 1,1 0.001 1 0 21.016 200 2,14 0.001 0 -1 2,13 0.001 1 1 1,13 0.001 0 -1 19.0132 230 14,1 0.001 1 1 14,2 0.001 1 1 13,1 0.001 1 0 1.0134 110 14,12 0.001 1 0 13,13 0.001 1 0 14,13 0.001 1 0 5.0177 155 ::f,0,14 f,3,0 f,12,15 f,13,0 
81:2,1 0.001 -1 -1 2,2 0.001 1 1 1,1 0.001 1 1 21.016 200 2,14 0.001 1 -1 2,13 0.001 1 1 1,13 0.001 1 -1 19.0132 230 14,1 0.001 0 1 14,2 0.001 0 1 13,1 0.001 1 0 1.0134 110 14,12 0.001 1 1 13,13 0.001 1 1 14,13 0.001 1 0 5.0177 155 ::f,0,14 f,3,0 f,12,15 f,13,0 
82:2,1 0.001 0 -1 2,2 0.001 0 1 1,1 0.001 1 1 21.016 200 2,14 0.001 1 -1 2,13 0.001 0 1 1,13 0.001 1 -1 19.0132 230 14,1 0.001 0 1 14,2 0.001 0 1 13,1 0.001 1 0 1.0134 110 15,13 0.001 1 1 13,13 0.001 1 1 14,13 0.001 1 1 5.0187 155 ::f,0,14 f,3,0 f,12,15 f,13,0 
83:2,1 0.001 0 -1 2,2 0.001 0 1 1,1 0.001 0 1 21.016 200 2,14 0.001 1 0 2,13 0.001 0 1 1,13 0.001 1 0 19.0132 230 14,1 0.001 0 1 14,2 0.001 -1 1 13,1 0.001 1 1 1.0134 110 15,13 0.001 1 1 13,13 0.001 0 1 14,13 0.001 1 1 5.0187 155 ::f,0,14 f,3,0 f,12,15 f,13,0 
84:2,1 0.001 1 -1 2,2 0.001 -1 1 1,1 0.001 0 1 21.016 200 2,14 0.001 1 0 2,13 0.001 0 1 1,13 0.001 1 0 19.0132 230 14,1 0.001 -1 1 14,2 0.001 -1 1 13,1 0.001 1 1 1.0134 110 15,13 0.001 0 1 13,13 0.001 0 1 14,13 0.001 0 1 5.0187 155 ::f,0,14 f,3,0 f,12,15 f,13,0 
85:2,1 0.001 1 -1 2,2 0.001 -1 1 1,1 0.001 -1 1 21.0161 215 2,14 0.001 1 1 2,13 0.001 -1 1 1,13 0.001 1 0 19.0132 230 14,1 0.001 -1 1 14,2 0.001 -1 0 13,1 0.001 0 1 1.0134 110 15,14 0.001 0 1 13,13 0.001 -1 1 14,14 0.001 0 1 5.0207 155 ::f,0,3 f,0,14 f,12,15 f,13,0 
86:2,1 0.001 1 0 2,2 0.001 -1 0 1,1 0.001 -1 1 21.0161 215 2,14 0.001 1 1 2,13 0.001 -1 1 1,13 0.001 1 1 19.0132 230 14,1 0.001 -1 0 13,2 0.001 -1 0 13,1 0.001 0 1 1.0144 110 15,14 0.001 0 1 13,13 0.001 -1 1 14,14 0.001 0 1 5.0207 155 ::f,0,3 f,0,14 f,12,15 f,13,0 
87:2,1 0.001 1 0 1,2 0.001 -1 0 1,1 0.001 -1 0 21.0171 215 2,14 0.001 0 1 2,13 0.001 -1 0 1,13 0.001 1 1 19.0132 230 14,1 0.001 -1 0 13,2 0.001 -1 0 13,1 0.001 -1 1 1.0144 110 15,14 0.001 -1 1 13,13 0.001 -1 0 14,14 0.001 -1 1 5.0207 155 ::f,0,3 f,0,14 f,12,15 f,13,0 
88:2,1 0.001 1 1 1,2 0.001 -1 0 1,1 0.001 -1 0 21.0171 215 2,14 0.001 0 1 2,13 0.001 -1 0 1,13 0.001 0 1 19.0132 230 14,1 0.001 -1 -1 13,2 0.001 -1 -1 13,1 0.001 -1 1 1.0144 110 14,15 0.001 -1 1 13,13 0.001 -1 0 14,14 0.001 -1 1 5.0217 155 ::f,0,3 f,0,14 f,12,15 f,13,0 
89:2,1 0.001 1 1 1,2 0.001 -1 -1 1,1 0.001 -1 -1 21.0171 215 2,14 0.001 -1 1 2,13 0.001 -1 0 1,13 0.001 0 1 19.0132 230 14,1 0.001 -1 -1 13,2 0.001 -1 -1 13,1 0.001 -1 0 4.0146 140 14,15 0.001 -1 1 13,13 0.001 -1 -1 14,14 0.001 -1 0 5.0217 155 ::f,0,3 f,0,14 f,12,15 f,14,0 
90:2,1 0.001 0 1 1,2 0.001 -1 -1 1,1 0.001 -1 -1 21.0171 215 2,14 0.001 -1 1 2,13 0.001 -1 -1 1,13 0.001 -1 1 19.0132 230 14,1 0.001 0 -1 13,2 0.001 0 -1 13,1 0.001 -1 0 4.0146 140 14,15 0.001 -1 0 13,13 0.001 -1 -1 13,14 0.001 -1 0 5.0227 155 ::f,0,3 f,0,14 f,12,15 f,14,0 
91:2,2 0.001 0 1 1,2 0.001 0 -1 1,1 0.001 0 -1 21.0181 215 2,14 0.001 -1 0 2,13 0.001 -1 -1 1,13 0.001 -1 1 22.0133 245 14,1 0.001 0 -1 13,2 0.001 0 -1 13,1 0.001 -1 -1 6.0147 155 13,15 0.001 -1 0 13,13 0.001 0 -1 13,14 0.001 -1 0 5.0237 155 ::f,0,3 f,1,15 f,12,15 f,15,2 
92:2,2 0.001 0 1 1,2 0.001 0 -1 1,1 0.001 0 -1 21.0181 215 1,14 0.001 -1 0 2,13 0.001 0 -1 1,13 0.001 -1 0 22.0143 245 14,1 0.001 1 -1 13,2 0.001 0 -1 13,1 0.001 -1 -1 6.0147 155 13,15 0.001 -1 0 13,13 0.001 0 -1 13,14 0.001 -1 -1 8.0238 170 ::f,0,3 f,1,15 f,15,2 f,15,15 
93:2,2 0.001 -1 1 1,2 0.001 0 -1 1,1 0.001 1 -1 21.0181 215 1,14 0.001 -1 0 2,13 0.001 0 -1 1,13 0.001 -1 0 22.0143 245 14,1 0.001 1 -1 13,2 0.001 1 -1 13,1 0.001 0 -1 6.0147 155 13,15 0.001 -1 -1 13,13 0.001 1 -1 13,14 0.001 -1 -1 8.0238 170 ::f,0,3 f,1,15 f,15,2 f,15,15 
94:2,2 0.001 -1 1 1,2 0.001 1 -1 1,1 0.001 1 -1 21.0181 215 1,14 0.001 -1 -1 2,13 0.001 1 -1 1,13 0.001 -1 -1 22.0143 245 14,1 0.001 1 0 13,2 0.001 1 -1 13,1 0.001 0 -1 6.0147 155 12,14 0.001 -1 -1 13,13 0.001 1 -1 13,14 0.001 0 -1 8.0248 170 ::f,0,3 f,1,15 f,15,2 f,15,15 
95:2,2 0.001 -1 0 1,2 0.001 1 -1 1,1 0.001 1 0 21.0181 215 1,14 0.001 -1 -1 2,13 0.001 1 -1 1,13 0.001 -1 -1 22.0143 245 14,1 0.001 1 0 13,2 0.001 1 0 13,1 0.001 1 -1 6.0147 155 12,14 0.001 -1 -1 13,13 0.001 1 0 13,14 0.001 0 -1 8.0248 170 ::f,0,3 f,1,15 f,15,2 f,15,15 
96:2,2 0.001 -1 0 1,2 0.001 1 0 2,1 0.001 1 0 21.0191 215 1,14 0.001 0 -1 2,13 0.001 1 0 1,13 0.001 0 -1 22.0143 245 14,1 0.001 1 1 14,2 0.001 1 0 13,1 0.001 1 -1 6.0157 155 12,14 0.001 0 -1 14,13 0.001 1 0 13,14 0.001 0 -1 8.0258 170 ::f,0,3 f,1,15 f,15,2 f,15,15 
97:2,2 0.001 -1 0 1,2 0.001 1 0 2,1 0.001 1 0 21.0191 215 1,14 0.001 0 -1 2,13 0.001 1 0 1,13 0.001 0 -1 22.0143 245 14,1 0.001 1 1 14,2 0.001 1 0 13,1 0.001 1 0 9.0158 170 12,13 0.001 0 -1 14,13 0.001 1 0 13,14 0.001 1 -1 8.0268 170 ::f,0,3 f,1,15 f,15,0 f,15,15 
98:2,2 0.001 -1 -1 1,2 0.001 1 1 2,1 0.001 1 1 21.0191 215 1,14 0.001 0 -1 2,13 0.001 1 1 1,13 0.001 1 -1 22.0143 245 14,1 0.001 0 1 14,2 0.001 1 1 13,1 0.001 1 0 9.0158 170 12,13 0.001 0 -1 14,13 0.001 1 1 13,14 0.001 1 -1 8.0268 170 ::f,0,3 f,1,15 f,15,0 f,15,15 
99:2,2 0.001 -1 -1 1,2 0.001 1 1 2,1 0.001 1 1 21.0191 215 1,14 0.001 1 -1 2,13 0.001 1 1 1,13 0.001 1 -1 22.0143 245 14,1 0.001 0 1 14,2 0.001 1 1 13,1 0.001 1 0 9.0158 170 12,13 0.001 1 -1 14,13 0.001 1 1 13,14 0.001 1 0 8.0268 170 ::f,0,3 f,1,15 f,15,0 f,15,15 
100:2,2 0.001 0 -1 1,2 0.001 0 1 2,1 0.001 0 1 21.0191 215 1,14 0.001 1 -1 2,13 0.001 0 1 1,13 0.001 1 0 22.0143 245 14,1 0.001 0 1 14,2 0.001 0 1 13,1 0.001 1 1 9.0158 170 13,12 0.001 1 -1 14,13 0.001 0 1 13,14 0.001 1 0 8.0278 170 ::f,0,3 f,1,15 f,15,0 f,15,15 
101:2,2 0.001 0 -1 1,2 0.001 0 1 2,1 0.001 0 1 21.0191 215 1,14 0.001 1 0 2,14 0.001 0 1 2,13 0.001 1 0 22.0163 245 14,1 0.001 -1 1 14,2 0.001 0 1 13,1 0.001 1 1 9.0158 170 13,12 0.001 1 -1 14,14 0.001 0 1 13,14 0.001 1 1 8.0288 170 ::f,0,3 f,1,15 f,15,0 f,15,15 
102:2,2 0.001 1 -1 1,2 0.001 -1 1 2,1 0.001 0 1 21.0191 215 1,14 0.001 1 0 2,14 0.001 0 1 2,13 0.001 1 0 22.0163 245 14,1 0.001 -1 1 14,2 0.001 -1 1 13,1 0.001 0 1 9.0158 170 13,12 0.001 1 0 14,14 0.001 0 1 13,14 0.001 1 1 8.0288 170 ::f,0,3 f,1,15 f,15,0 f,15,15 
103:2,2 0.001 1 -1 1,2 0.001 -1 1 2,1 0.001 -1 1 25.0192 230 1,14 0.001 1 1 2,14 0.001 -1 1 2,13 0.001 1 1 22.0163 245 14,1 0.001 -1 0 14,2 0.001 -1 1 13,1 0.001 0 1 9.0158 170 14,12 0.001 1 0 14,14 0.001 -1 1 13,14 0.001 0 1 8.0298 170 ::f,0,1 f,1,15 f,15,0 f,15,15 
104:2,2 0.001 1 0 1,2 0.001 -1 0 2,1 0.001 -1 1 25.0192 230 1,14 0.001 1 1 2,14 0.001 -1 1 2,13 0.001 1 1 27.0164 260 14,1 0.001 -1 0 14,2 0.001 -1 0 13,1 0.001 -1 1 9.0158 170 14,12 0.001 1 0 14,14 0.001 -1 1 13,14 0.001 0 1 8.0298 170 ::f,0,1 f,0,15 f,15,0 f,15,15 
105:2,2 0.001 1 0 1,2 0.001 -1 0 2,1 0.001 -1 0 25.0192 230 1,14 0.001 0 1 2,14 0.001 -1 0 2,13 0.001 0 1 27.0164 260 14,1 0.001 -1 -1 13,2 0.001 -1 0 13,1 0.001 -1 1 9.0168 170 14,12 0.001 1 1 14,14 0.001 -1 0 13,14 0.001 -1 1 8.0298 170 ::f,0,1 f,0,15 f,15,0 f,15,15 
106:2,2 0.001 1 1 1,2 0.001 -1 -1 1,1 0.001 -1 0 25.0202 230 1,14 0.001 0 1 2,14 0.001 -1 0 2,13 0.001 0 1 27.0164 260 14,1 0.001 -1 -1 13,2 0.001 -1 0 13,1 0.001 -1 0 9.0168 170 15,13 0.001 1 1 14,14 0.001 -1 0 13,14 0.001 -1 1 8.0308 170 ::f,0,1 f,0,15 f,15,0 f,15,15 
107:2,2 0.001 1 1 1,2 0.001 -1 -1 1,1 0.001 -1 0 36.0204 260 1,14 0.001 -1 1 2,14 0.001 -1 0 2,13 0.001 0 1 27.0164 260 14,1 0.001 0 -1 13,2 0.001 -1 -1 13,1 0.001 -1 0 9.0168 170 15,13 0.001 1 1 14,14 0.001 -1 0 13,14 0.001 -1 0 8.0308 170 ::f,0,15 f,2,1 f,15,0 f,15,15 
108:2,2 0.001 0 1 1,2 0.001 0 -1 1,1 0.001 -1 -1 36.0204 260 1,14 0.001 -1 1 2,14 0.001 -1 -1 2,13 0.001 -1 1 31.0165 275 14,1 0.001 0 -1 13,2 0.001 -1 -1 13,1 0.001 -1 -1 9.0168 170 15,13 0.001 0 1 14,14 0.001 -1 -1 13,14 0.001 -1 0 8.0308 170 ::f,0,12 f,2,1 f,15,0 f,15,15 
109:2,2 0.001 0 1 1,2 0.001 0 -1 1,1 0.001 -1 -1 36.0204 260 1,14 0.001 -1 0 1,13 0.001 -1 -1 2,13 0.001 -1 1 31.0175 275 14,1 0.001 1 -1 13,2 0.001 0 -1 13,1 0.001 -1 -1 9.0168 170 15,14 0.001 0 1 14,14 0.001 -1 -1 13,14 0.001 -1 -1 8.0318 170 ::f,0,12 f,2,1 f,15,0 f,15,15 
110:2,2 0.001 -1 1 1,2 0.001 0 -1 1,1 0.001 0 -1 36.0204 260 1,14 0.001 -1 0 1,13 0.001 -1 -1 2,13 0.001 -1 0 37.0176 290 14,1 0.001 1 -1 13,2 0.001 0 -1 13,1 0.001 0 -1 13.0169 185 15,14 0.001 0 1 14,14 0.001 0 -1 13,14 0.001 -1 -1 12.0319 185 ::f,0,13 f,2,1 f,14,13 f,15,0 
111:2,2 0.001 -1 1 1,2 0.001 1 -1 1,1 0.001 0 -1 36.0204 260 1,14 0.001 -1 -1 1,13 0.001 0 -1 2,13 0.001 -1 0 37.0176 290 14,1 0.001 1 0 13,2 0.001 0 -1 13,1 0.001 0 -1 13.0169 185 15,14 0.001 -1 1 14,14 0.001 0 -1 13,14 0.001 0 -1 14.032 200 ::f,0,13 f,2,1 f,12,12 f,15,0 
112:2,2 0.001 -1 0 1,2 0.001 1 -1 1,1 0.001 1 -1 42.0205 275 1,14 0.001 -1 -1 1,13 0.001 0 -1 2,13 0.001 -1 0 42.0177 305 14,1 0.001 1 0 13,2 0.001 1 -1 13,1 0.001 1 -1 13.0169 185 14,15 0.001 -1 1 14,14 0.001 1 -1 13,13 0.001 0 -1 14.034 200 ::f,0,3 f,3,12 f,12,12 f,15,0 
113:2,2 0.001 -1 0 1,2 0.001 1 0 1,1 0.001 1 -1 42.0205 275 1,14 0.001 0 -1 1,13 0.001 1 -1 2,13 0.001 -1 -1 42.0177 305 14,1 0.001 1 1 13,2 0.001 1 -1 13,1 0.001 1 -1 13.0169 185 14,15 0.001 -1 1 14,14 0.001 1 -1 13,13 0.001 0 -1 14.034 200 ::f,0,3 f,3,12 f,12,12 f,15,0 
114:2,2 0.001 -1 0 1,2 0.001 1 0 1,1 0.001 1 0 42.0205 275 1,14 0.001 0 -1 1,13 0.001 1 -1 2,13 0.001 -1 -1 42.0177 305 14,1 0.001 1 1 13,2 0.001 1 -1 13,1 0.001 1 0 13.0169 185 14,15 0.001 -1 0 14,14 0.001 1 0 13,13 0.001 1 -1 14.034 200 ::f,0,3 f,3,12 f,12,12 f,15,0 
115:2,2 0.001 -1 -1 1,2 0.001 1 1 2,1 0.001 1 0 42.0215 275 1,14 0.001 0 -1 1,13 0.001 1 0 2,13 0.001 0 -1 42.0177 305 14,1 0.001 0 1 13,2 0.001 1 0 13,1 0.001 1 0 13.0169 185 13,15 0.001 -1 0 14,14 0.001 1 0 13,13 0.001 1 -1 14.035 200 ::f,0,3 f,3,12 f,12,12 f,15,0 
116:2,2 0.001 -1 -1 1,2 0.001 1 1 2,1 0.001 1 0 42.0215 275 1,14 0.001 1 -1 1,13 0.001 1 0 2,13 0.001 0 -1 42.0177 305 14,2 0.001 0 1 13,2 0.001 1 0 13,1 0.001 1 0 13.0179 185 13,15 0.001 -1 0 14,14 0.001 1 1 13,13 0.001 1 0 14.035 200 ::f,0,3 f,3,12 f,12,12 f,15,0 
117:2,2 0.001 0 -1 1,2 0.001 0 1 2,1 0.001 1 1 42.0215 275 1,14 0.001 1 -1 1,13 0.001 1 0 2,13 0.001 1 -1 42.0177 305 14,2 0.001 0 1 13,2 0.001 1 1 13,1 0.001 1 1 13.0179 185 13,15 0.001 -1 -1 14,14 0.001 1 1 14,13 0.001 1 0 14.036 200 ::f,0,3 f,3,12 f,12,12 f,15,0 
118:2,2 0.001 0 -1 1,2 0.001 0 1 2,1 0.001 1 1 42.0215 275 1,14 0.001 1 -1 1,13 0.001 1 1 2,13 0.001 1 -1 46.0178 320 14,2 0.001 -1 1 13,2 0.001 1 1 13,1 0.001 1 1 13.0179 185 12,14 0.001 -1 -1 14,14 0.001 0 1 14,13 0.001 1 0 14.037 200 ::f,0,3 f,0,13 f,12,12 f,15,0 
119:2,2 0.001 1 -1 1,2 0.001 -1 1 2,1 0.001 0 1 42.0215 275 1,14 0.001 1 0 1,13 0.001 1 1 2,13 0.001 1 0 46.0178 320 14,2 0.001 -1 1 13,2 0.001 0 1 13,1 0.001 0 1 13.0179 185 12,14 0.001 -1 -1 14,14 0.001 0 1 14,13 0.001 1 1 14.037 200 ::f,0,3 f,0,13 f,12,12 f,15,0 
120:2,2 0.001 1 -1 1,2 0.001 -1 1 2,1 0.001 0 1 49.0216 290 1,14 0.001 1 1 1,13 0.001 0 1 2,13 0.001 1 0 46.0178 320 14,2 0.001 -1 0 13,2 0.001 0 1 13,1 0.001 0 1 13.0179 185 12,14 0.001 0 -1 14,14 0.001 -1 1 14,13 0.001 1 1 14.037 200 ::f,0,13 f,3,2 f,12,12 f,15,0 
121:2,2 0.001 1 0 1,2 0.001 -1 0 2,1 0.001 0 1 49.0216 290 1,14 0.001 1 1 1,13 0.001 0 1 2,13 0.001 1 1 46.0178 320 14,2 0.001 -1 0 13,2 0.001 -1 1 13,1 0.001 -1 1 13.0179 185 12,13 0.001 0 -1 14,14 0.001 -1 1 14,13 0.001 0 1 14.038 200 ::f,0,13 f,3,2 f,12,12 f,15,0 
122:2,2 0.001 1 0 1,2 0.001 -1 0 2,1 0.001 0 1 50.0217 305 1,14 0.001 0 1 1,13 0.001 -1 1 2,13 0.001 1 1 46.0178 320 14,2 0.001 -1 0 13,2 0.001 -1 1 13,1 0.001 -1 1 13.0179 185 12,13 0.001 0 -1 14,14 0.001 -1 0 14,13 0.001 0 1 19.0381 215 ::f,0,13 f,2,3 f,14,15 f,15,0 
123:2,2 0.001 1 1 1,2 0.001 -1 -1 2,1 0.001 0 1 50.0217 305 1,14 0.001 0 1 1,13 0.001 -1 1 2,13 0.001 0 1 46.0178 320 14,2 0.001 -1 -1 13,2 0.001 -1 0 13,1 0.001 -1 0 13.0179 185 12,13 0.001 1 -1 13,14 0.001 -1 0 14,13 0.001 0 1 19.0391 215 ::f,0,13 f,2,3 f,14,15 f,15,0 
124:2,2 0.001 1 1 1,2 0.001 -1 -1 2,1 0.001 -1 1 50.0217 305 1,14 0.001 -1 1 1,13 0.001 -1 0 2,14 0.001 0 1 46.0188 320 14,2 0.001 -1 -1 13,2 0.001 -1 0 13,1 0.001 -1 0 13.0179 185 13,12 0.001 1 -1 13,14 0.001 -1 0 14,13 0.001 -1 1 19.0401 215 ::f,0,13 f,2,3 f,14,15 f,15,0 
125:2,2 0.001 0 1 1,2 0.001 0 -1 2,1 0.001 -1 1 50.0217 305 1,14 0.001 -1 1 1,13 0.001 -1 0 2,14 0.001 0 1 53.0189 335 14,2 0.001 0 -1 13,2 0.001 -1 -1 13,1 0.001 -1 -1 13.0179 185 13,12 0.001 1 -1 13,14 0.001 -1 -1 14,13 0.001 -1 1 19.0401 215 ::f,2,3 f,2,12 f,14,15 f,15,0 
126:2,2 0.001 0 1 1,1 0.001 0 -1 2,1 0.001 -1 0 52.0228 320 1,14 0.001 -1 0 1,13 0.001 -1 -1 2,14 0.001 -1 1 53.0189 335 14,2 0.001 0 -1 13,2 0.001 -1 -1 13,1 0.001 -1 -1 13.0179 185 13,12 0.001 1 0 13,14 0.001 -1 -1 14,13 0.001 -1 0 19.0401 215 ::f,0,1 f,2,12 f,14,15 f,15,0 
127:2,2 0.001 -1 1 1,1 0.001 0 -1 2,1 0.001 -1 0 52.0228 320 1,14 0.001 -1 0 1,13 0.001 -1 -1 2,14 0.001 -1 1 53.0189 335 14,2 0.001 1 -1 13,2 0.001 0 -1 13,1 0.001 0 -1 13.0179 185 14,12 0.001 1 0 13,14 0.001 0 -1 14,13 0.001 -1 0 19.0411 215 ::f,0,1 f,2,12 f,14,15 f,15,0 
128:2,2 0.001 -1 1 1,1 0.001 1 -1 2,1 0.001 -1 0 52.0228 320 1,14 0.001 -1 -1 1,13 0.001 0 -1 2,14 0.001 -1 0 53.0189 335 14,2 0.001 1 -1 13,2 0.001 0 -1 13,1 0.001 0 -1 13.0179 185 14,12 0.001 1 0 13,13 0.001 0 -1 14,13 0.001 -1 -1 19.0421 215 ::f,0,1 f,2,12 f,14,15 f,15,0 
129:2,2 0.001 -1 0 1,1 0.001 1 -1 2,1 0.001 -1 -1 52.0228 320 1,14 0.001 -1 -1 1,13 0.001 0 -1 2,14 0.001 -1 0 53.0189 335 14,2 0.001 1 0 13,2 0.001 0 -1 13,1 0.001 1 -1 13.0179 185 14,12 0.001 1 1 13,13 0.001 0 -1 14,13 0.001 -1 -1 19.0421 215 ::f,0,1 f,2,12 f,14,15 f,15,0 
130:1,2 0.001 -1 0 1,1 0.001 1 0 2,1 0.001 -1 -1 52.0238 320 1,14 0.001 0 -1 1,13 0.001 1 -1 2,14 0.001 -1 0 53.0189 335 14,2 0.001 1 0 13,2 0.001 1 -1 13,1 0.001 1 -1 13.0179 185 15,13 0.001 1 1 13,13 0.001 1 -1 14,13 0.001 0 -1 19.0431 215 ::f,0,1 f,2,12 f,14,15 f,15,0 
131:1,2 0.001 -1 0 1,1 0.001 1 0 2,1 0.001 0 -1 52.0238 320 1,14 0.001 0 -1 1,13 0.001 1 -1 2,14 0.001 -1 -1 61.019 350 14,2 0.001 1 1 14,1 0.001 1 -1 13,1 0.001 1 0 13.0189 185 15,13 0.001 1 1 13,13 0.001 1 -1 14,13 0.001 0 -1 19.0431 215 ::f,0,1 f,2,15 f,14,15 f,15,0 
132:1,2 0.001 -1 -1 1,1 0.001 1 0 2,1 0.001 0 -1 52.0238 320 1,14 0.001 0 -1 1,13 0.001 1 0 2,14 0.001 -1 -1 61.019 350 14,2 0.001 1 1 14,1 0.001 1 -1 13,1 0.001 1 0 16.019 200 15,13 0.001 0 1 13,13 0.001 1 0 14,13 0.001 1 -1 19.0431 215 ::f,0,1 f,2,15 f,12,0 f,14,15 
133:1,2 0.001 -1 -1 1,1 0.001 1 1 2,1 0.001 1 -1 55.0239 335 1,14 0.001 1 -1 2,13 0.001 1 0 2,14 0.001 0 -1 61.02 350 14,2 0.001 0 1 14,1 0.001 1 0 13,1 0.001 1 0 16.019 200 15,14 0.001 0 1 13,13 0.001 1 0 14,13 0.001 1 -1 19.0441 215 ::f,2,15 f,3,3 f,12,0 f,14,15 
134:1,2 0.001 0 -1 2,2 0.001 1 1 2,1 0.001 1 -1 55.0249 335 1,14 0.001 1 -1 2,13 0.001 1 0 2,14 0.001 0 -1 61.02 350 14,2 0.001 0 1 14,1 0.001 1 0 13,1 0.001 1 1 16.019 200 15,14 0.001 0 1 13,13 0.001 1 0 14,13 0.001 1 0 19.0441 215 ::f,2,15 f,3,3 f,12,0 f,14,15 
135:1,1 0.001 0 -1 2,2 0.001 1 1 2,1 0.001 1 0 63.026 350 1,14 0.001 1 0 2,13 0.001 1 1 2,14 0.001 1 -1 61.02 350 14,2 0.001 -1 1 14,1 0.001 1 1 13,1 0.001 1 1 16.019 200 15,14 0.001 -1 1 13,13 0.001 1 1 14,13 0.001 1 0 19.0441 215 ::f,2,15 f,3,1 f,12,0 f,14,15 
136:1,1 0.001 0 -1 2,2 0.001 0 1 2,1 0.001 1 0 70.0261 365 1,14 0.001 1 0 2,13 0.001 1 1 2,14 0.001 1 -1 61.02 350 14,2 0.001 -1 1 14,1 0.001 1 1 13,1 0.001 0 1 16.019 200 15,14 0.001 -1 1 14,14 0.001 1 1 14,13 0.001 1 1 25.0452 230 ::f,2,15 f,3,3 f,12,0 f,14,15 
137:1,1 0.001 1 -1 2,2 0.001 0 1 2,1 0.001 1 1 70.0261 365 1,14 0.001 1 1 2,13 0.001 0 1 2,14 0.001 1 0 61.02 350 14,2 0.001 -1 0 14,1 0.001 0 1 13,1 0.001 0 1 16.019 200 15,14 0.001 -1 0 14,14 0.001 1 1 14,13 0.001 1 1 25.0452 230 ::f,2,15 f,3,3 f,12,0 f,14,15 
138:1,1 0.001 1 -1 2,2 0.001 -1 1 2,1 0.001 1 1 70.0261 365 1,14 0.001 1 1 2,13 0.001 0 1 2,14 0.001 1 0 67.0201 365 13,2 0.001 -1 0 14,2 0.001 0 1 13,1 0.001 -1 1 16.021 200 15,14 0.001 -1 0 14,14 0.001 0 1 14,13 0.001 0 1 25.0452 230 ::f,1,15 f,3,3 f,12,0 f,14,15 
139:1,1 0.001 1 0 2,2 0.001 -1 1 2,1 0.001 0 1 70.0261 365 1,14 0.001 0 1 2,13 0.001 0 1 2,14 0.001 1 1 67.0201 365 13,2 0.001 -1 0 14,2 0.001 0 1 13,1 0.001 -1 1 16.021 200 15,14 0.001 -1 0 14,14 0.001 0 1 14,13 0.001 0 1 28.0453 245 ::f,1,15 f,3,3 f,12,0 f,15,13 
140:1,1 0.001 1 0 2,2 0.001 -1 0 2,1 0.001 0 1 70.0261 365 1,14 0.001 0 1 2,13 0.001 -1 1 2,14 0.001 1 1 74.0202 380 13,2 0.001 -1 -1 14,2 0.001 -1 1 13,1 0.001 -1 0 16.021 200 15,14 0.001 -1 -1 14,14 0.001 -1 1 14,13 0.001 0 1 28.0453 245 ::f,0,12 f,3,3 f,12,0 f,15,13 
141:1,1 0.001 1 0 1,2 0.001 -1 0 2,1 0.001 0 1 70.0271 365 1,14 0.001 -1 1 2,13 0.001 -1 1 2,14 0.001 0 1 74.0202 380 13,2 0.001 -1 -1 14,2 0.001 -1 1 13,1 0.001 -1 0 16.021 200 15,14 0.001 -1 -1 14,14 0.001 -1 1 14,13 0.001 -1 1 28.0453 245 ::f,0,12 f,3,3 f,12,0 f,15,13 
142:1,1 0.001 1 1 1,2 0.001 -1 0 2,1 0.001 -1 1 70.0271 365 1,14 0.001 -1 1 2,13 0.001 -1 0 2,14 0.001 0 1 74.0202 380 13,2 0.001 0 -1 14,2 0.001 -1 0 13,1 0.001 -1 -1 16.021 200 15,14 0.001 0 -1 14,14 0.001 -1 0 14,13 0.001 -1 1 28.0453 245 ::f,0,12 f,3,3 f,12,0 f,15,13 
143:2,2 0.001 1 1 1,2 0.001 -1 -1 2,1 0.001 -1 1 70.0281 365 1,14 0.001 -1 0 2,13 0.001 -1 0 2,14 0.001 -1 1 74.0202 380 13,2 0.001 0 -1 14,2 0.001 -1 0 13,1 0.001 -1 -1 17.0211 215 15,14 0.001 0 -1 13,14 0.001 -1 0 14,13 0.001 -1 1 35.0464 260 ::f,0,12 f,3,3 f,12,1 f,12,15 
144:2,2 0.001 1 1 1,2 0.001 -1 -1 2,1 0.001 -1 0 74.0282 380 1,14 0.001 -1 0 2,13 0.001 -1 -1 2,14 0.001 -1 1 74.0202 380 13,2 0.001 0 -1 14,2 0.001 -1 0 13,1 0.001 0 -1 17.0211 215 15,14 0.001 1 -1 13,14 0.001 -1 0 14,13 0.001 -1 1 35.0464 260 ::f,0,12 f,3,2 f,12,1 f,12,15 
145:2,2 0.001 0 1 1,2 0.001 0 -1 2,1 0.001 -1 0 74.0282 380 1,14 0.001 -1 -1 2,13 0.001 -1 -1 2,14 0.001 -1 0 74.0202 380 13,2 0.001 1 -1 14,2 0.001 -1 -1 13,1 0.001 0 -1 17.0211 215 15,14 0.001 1 -1 13,14 0.001 -1 -1 14,13 0.001 -1 0 35.0464 260 ::f,0,12 f,3,2 f,12,1 f,12,15 
146:2,2 0.001 0 1 1,1 0.001 0 -1 2,1 0.001 -1 -1 74.0292 380 1,14 0.001 -1 -1 2,13 0.001 0 -1 2,14 0.001 -1 0 74.0202 380 13,2 0.001 1 -1 14,2 0.001 -1 -1 13,1 0.001 1 -1 17.0211 215 15,14 0.001 1 0 13,14 0.001 -1 -1 14,13 0.001 -1 0 35.0464 260 ::f,0,12 f,3,2 f,12,1 f,12,15 
147:2,2 0.001 -1 1 1,1 0.001 0 -1 2,1 0.001 -1 -1 74.0292 380 1,14 0.001 0 -1 2,13 0.001 0 -1 2,14 0.001 -1 0 74.0202 380 13,2 0.001 1 0 14,2 0.001 -1 -1 13,1 0.001 1 -1 17.0211 215 15,14 0.001 1 0 13,14 0.001 0 -1 14,13 0.001 -1 -1 35.0464 260 ::f,0,12 f,3,2 f,12,1 f,12,15 
148:2,2 0.001 -1 1 1,1 0.001 1 -1 2,1 0.001 0 -1 74.0292 380 1,13 0.001 0 -1 2,13 0.001 1 -1 2,14 0.001 -1 -1 74.0212 380 13,2 0.001 1 0 14,2 0.001 0 -1 13,1 0.001 1 0 17.0211 215 15,14 0.001 1 1 13,13 0.001 0 -1 14,13 0.001 -1 -1 35.0474 260 ::f,0,12 f,3,2 f,12,1 f,12,15 
149:2,2 0.001 -1 0 1,1 0.001 1 -1 2,1 0.001 0 -1 74.0292 380 1,13 0.001 0 -1 2,13 0.001 1 -1 2,14 0.001 -1 -1 74.0212 380 13,2 0.001 1 1 14,2 0.001 0 -1 14,1 0.001 1 0 17.0221 215 15,14 0.001 1 1 13,13 0.001 0 -1 14,13 0.001 0 -1 35.0474 260 ::f,0,12 f,3,2 f,12,1 f,12,15 
150:1,2 0.001 -1 0 1,1 0.001 1 0 2,1 0.001 1 -1 74.0302 380 1,13 0.001 1 -1 2,13 0.001 1 0 2,14 0.001 -1 -1 74.0212 380 13,2 0.001 1 1 14,2 0.001 1 -1 14,1 0.001 1 0 17.0221 215 15,14 0.001 0 1 13,13 0.001 1 -1 14,13 0.001 0 -1 35.0474 260 ::f,0,12 f,3,2 f,12,1 f,12,15 
151:1,2 0.001 -1 0 1,1 0.001 1 0 2,1 0.001 1 -1 74.0302 380 1,13 0.001 1 -1 2,13 0.001 1 0 2,14 0.001 0 -1 74.0212 380 13,2 0.001 0 1 14,2 0.001 1 -1 14,1 0.001 1 1 17.0221 215 15,14 0.001 0 1 13,13 0.001 1 -1 14,13 0.001 1 -1 35.0474 260 ::f,0,12 f,3,2 f,12,1 f,12,15 
152:1,2 0.001 -1 -1 1,1 0.001 1 0 2,1 0.001 1 0 74.0302 380 1,13 0.001 1 0 2,13 0.001 1 1 2,14 0.001 0 -1 74.0212 380 13,2 0.001 0 1 14,2 0.001 1 0 14,1 0.001 1 1 17.0221 215 15,14 0.001 -1 1 13,13 0.001 1 0 14,13 0.001 1 -1 35.0474 260 ::f,0,12 f,3,2 f,12,1 f,12,15 
153:1,2 0.001 -1 -1 1,1 0.001 1 1 2,1 0.001 1 0 74.0302 380 1,13 0.001 1 0 2,13 0.001 1 1 2,14 0.001 1 -1 74.0212 380 13,2 0.001 -1 1 14,2 0.001 1 0 14,1 0.001 0 1 17.0221 215 14,15 0.001 -1 1 13,13 0.001 1 0 14,13 0.001 1 0 35.0484 260 ::f,0,12 f,3,2 f,12,1 f,12,15 
154:1,2 0.001 0 -1 2,2 0.001 1 1 2,1 0.001 1 1 74.0312 380 1,13 0.001 1 0 2,13 0.001 0 1 2,14 0.001 1 -1 74.0212 380 13,2 0.001 -1 1 14,2 0.001 1 1 14,1 0.001 0 1 17.0221 215 14,15 0.001 -1 1 13,13 0.001 1 0 14,13 0.001 1 0 35.0484 260 ::f,0,12 f,3,2 f,12,1 f,12,15 
155:1,1 0.001 0 -1 2,2 0.001 1 1 2,1 0.001 1 1 82.0323 395 1,13 0.001 1 1 2,13 0.001 0 1 2,14 0.001 1 0 74.0212 380 13,2 0.001 -1 0 14,2 0.001 1 1 14,1 0.001 0 1 17.0221 215 14,15 0.001 -1 0 13,13 0.001 1 1 14,13 0.001 1 1 35.0484 260 ::f,0,3 f,0,12 f,12,1 f,12,15 
156:1,1 0.001 0 -1 2,2 0.001 0 1 2,1 0.001 0 1 82.0323 395 1,13 0.001 1 1 2,13 0.001 0 1 2,14 0.001 1 0 74.0212 380 13,2 0.001 -1 0 14,2 0.001 0 1 14,1 0.001 -1 1 17.0221 215 13,15 0.001 -1 0 13,13 0.001 1 1 14,13 0.001 1 1 35.0494 260 ::f,0,3 f,0,12 f,12,1 f,12,15 
157:1,1 0.001 1 -1 2,2 0.001 0 1 2,1 0.001 0 1 82.0323 395 1,13 0.001 0 1 2,13 0.001 -1 1 2,14 0.001 1 1 74.0212 380 13,2 0.001 -1 -1 14,2 0.001 0 1 14,1 0.001 -1 1 17.0221 215 13,15 0.001 -1 0 13,13 0.001 0 1 14,13 0.001 0 1 43.0495 275 ::f,0,3 f,0,12 f,12,1 f,15,13 
158:1,1 0.001 1 -1 2,2 0.001 -1 1 2,1 0.001 0 1 82.0323 395 1,13 0.001 0 1 2,13 0.001 -1 1 2,14 0.001 1 1 74.0212 380 13,2 0.001 -1 -1 14,2 0.001 -1 1 14,1 0.001 -1 0 22.0222 230 13,15 0.001 -1 -1 13,14 0.001 0 1 14,14 0.001 0 1 43.0515 275 ::f,0,3 f,0,12 f,12,1 f,15,13 
159:1,1 0.001 1 0 2,2 0.001 -1 1 2,1 0.001 -1 1 82.0323 395 1,13 0.001 -1 1 2,13 0.001 -1 0 2,14 0.001 0 1 74.0212 380 13,2 0.001 0 -1 14,2 0.001 -1 1 13,1 0.001 -1 0 22.0232 230 12,14 0.001 -1 -1 13,14 0.001 0 1 14,14 0.001 0 1 43.0525 275 ::f,0,3 f,0,12 f,12,1 f,15,13 
160:1,1 0.001 1 0 2,2 0.001 -1 0 1,2 0.001 -1 1 82.0333 395 1,13 0.001 -1 1 2,13 0.001 -1 0 2,14 0.001 0 1 74.0212 380 13,2 0.001 0 -1 14,2 0.001 -1 0 13,1 0.001 -1 0 24.0233 245 12,14 0.001 -1 -1 13,14 0.001 -1 1 14,14 0.001 -1 1 43.0525 275 ::f,0,3 f,0,12 f,15,1 f,15,13 
161:1,1 0.001 1 0 2,2 0.001 -1 0 1,2 0.001 -1 1 91.0334 410 1,13 0.001 -1 0 2,13 0.001 -1 -1 2,14 0.001 -1 1 74.0212 380 13,2 0.001 0 -1 14,2 0.001 -1 0 13,1 0.001 -1 -1 24.0233 245 12,14 0.001 0 -1 13,14 0.001 -1 1 14,14 0.001 -1 1 43.0525 275 ::f,0,12 f,1,0 f,15,1 f,15,13 
162:1,1 0.001 1 1 2,2 0.001 -1 0 1,2 0.001 -1 0 91.0334 410 1,13 0.001 -1 0 2,13 0.001 -1 -1 2,14 0.001 -1 1 74.0212 380 13,2 0.001 1 -1 14,2 0.001 -1 0 13,1 0.001 -1 -1 24.0233 245 12,13 0.001 0 -1 13,14 0.001 -1 0 14,14 0.001 -1 0 43.0535 275 ::f,0,12 f,1,0 f,15,1 f,15,13 
163:1,1 0.001 1 1 2,2 0.001 -1 -1 1,2 0.001 -1 0 91.0334 410 1,13 0.001 -1 -1 2,13 0.001 0 -1 2,14 0.001 -1 0 74.0212 380 13,2 0.001 1 -1 14,2 0.001 -1 -1 13,1 0.001 0 -1 24.0233 245 12,13 0.001 0 -1 13,14 0.001 -1 0 14,14 0.001 -1 0 43.0535 275 ::f,0,12 f,1,0 f,15,1 f,15,13 
164:1,1 0.001 0 1 2,2 0.001 -1 -1 1,2 0.001 -1 -1 91.0334 410 1,13 0.001 -1 -1 2,13 0.001 0 -1 1,14 0.001 -1 0 82.0223 395 13,2 0.001 1 0 14,2 0.001 -1 -1 13,1 0.001 0 -1 24.0233 245 12,13 0.001 1 -1 13,14 0.001 -1 -1 14,14 0.001 -1 0 43.0535 275 ::f,0,12 f,1,0 f,15,1 f,15,13 
165:1,1 0.001 0 1 2,2 0.001 0 -1 1,2 0.001 -1 -1 91.0334 410 1,13 0.001 0 -1 2,13 0.001 1 -1 1,14 0.001 -1 0 82.0223 395 13,2 0.001 1 0 14,2 0.001 0 -1 13,1 0.001 1 -1 24.0233 245 13,12 0.001 1 -1 13,14 0.001 -1 -1 14,14 0.001 -1 -1 43.0545 275 ::f,0,12 f,1,0 f,15,1 f,15,13 
166:1,1 0.001 -1 1 2,1 0.001 0 -1 1,2 0.001 0 -1 91.0344 410 1,13 0.001 0 -1 2,13 0.001 1 -1 1,14 0.001 -1 -1 82.0223 395 13,2 0.001 1 0 14,2 0.001 0 -1 13,1 0.001 1 -1 24.0233 245 13,12 0.001 1 -1 13,14 0.001 0 -1 14,14 0.001 -1 -1 43.0545 275 ::f,0,12 f,1,0 f,15,1 f,15,13 
167:1,1 0.001 -1 1 2,1 0.001 0 -1 1,2 0.001 0 -1 91.0344 410 1,13 0.001 1 -1 2,13 0.001 1 0 1,14 0.001 -1 -1 82.0223 395 13,2 0.001 1 1 14,2 0.001 1 -1 13,1 0.001 1 0 24.0233 245 13,12 0.001 1 0 13,13 0.001 0 -1 14,14 0.001 0 -1 43.0555 275 ::f,0,12 f,1,0 f,15,1 f,15,13 
168:1,1 0.001 -1 0 2,1 0.001 1 -1 1,2 0.001 0 -1 91.0344 410 1,13 0.001 1 -1 2,13 0.001 1 0 1,14 0.001 0 -1 82.0223 395 13,2 0.001 1 1 14,2 0.001 1 -1 14,1 0.001 1 0 28.0244 260 14,12 0.001 1 0 13,13 0.001 0 -1 14,13 0.001 0 -1 43.0575 275 ::f,0,12 f,1,0 f,12,3 f,15,13 
169:1,1 0.001 -1 0 2,1 0.001 1 -1 1,2 0.001 1 -1 91.0344 410 1,13 0.001 1 0 2,13 0.001 1 1 1,14 0.001 0 -1 82.0223 395 13,2 0.001 0 1 14,2 0.001 1 0 14,1 0.001 1 0 28.0244 260 14,12 0.001 1 0 13,13 0.001 1 -1 14,13 0.001 0 -1 43.0575 275 ::f,0,12 f,1,0 f,12,3 f,15,13 
170:1,1 0.001 -1 -1 2,1 0.001 1 0 1,2 0.001 1 -1 91.0344 410 1,13 0.001 1 0 2,13 0.001 1 1 1,14 0.001 0 -1 82.0223 395 13,2 0.001 0 1 14,2 0.001 1 0 14,1 0.001 1 1 28.0244 260 14,12 0.001 1 1 13,13 0.001 1 -1 14,13 0.001 1 -1 43.0575 275 ::f,0,12 f,1,0 f,12,3 f,15,13 
171:1,1 0.001 -1 -1 2,1 0.001 1 0 1,2 0.001 1 0 91.0344 410 1,13 0.001 1 0 2,13 0.001 0 1 1,14 0.001 1 -1 82.0223 395 13,2 0.001 -1 1 14,2 0.001 1 1 14,1 0.001 1 1 28.0244 260 14,12 0.001 1 1 13,13 0.001 1 0 14,13 0.001 1 -1 52.0576 290 ::f,0,12 f,1,0 f,12,3 f,14,15 
172:1,1 0.001 0 -1 2,1 0.001 1 1 1,2 0.001 1 0 91.0344 410 1,13 0.001 1 1 2,14 0.001 0 1 1,14 0.001 1 -1 82.0233 395 13,2 0.001 -1 1 14,2 0.001 1 1 14,1 0.001 0 1 34.0245 275 14,12 0.001 0 1 13,13 0.001 1 0 14,13 0.001 1 0 52.0576 290 ::f,0,12 f,1,0 f,12,3 f,14,15 
173:1,1 0.001 0 -1 2,1 0.001 1 1 1,2 0.001 1 1 96.0345 425 1,13 0.001 1 1 2,14 0.001 0 1 1,14 0.001 1 0 82.0233 395 13,2 0.001 -1 0 14,2 0.001 0 1 14,1 0.001 0 1 34.0245 275 14,12 0.001 0 1 13,13 0.001 1 0 14,13 0.001 1 0 52.0576 290 ::f,0,12 f,3,0 f,12,3 f,14,15 
174:1,1 0.001 1 -1 2,1 0.001 0 1 1,2 0.001 1 1 96.0345 425 1,13 0.001 0 1 2,14 0.001 -1 1 1,14 0.001 1 0 82.0233 395 13,2 0.001 -1 0 14,2 0.001 0 1 14,1 0.001 0 1 34.0245 275 14,12 0.001 0 1 13,13 0.001 1 1 14,13 0.001 1 1 52.0576 290 ::f,0,12 f,3,0 f,12,3 f,14,15 
175:1,1 0.001 1 -1 2,2 0.001 0 1 1,2 0.001 0 1 96.0355 425 1,13 0.001 0 1 2,14 0.001 -1 1 1,14 0.001 1 1 82.0233 395 13,2 0.001 -1 -1 14,2 0.001 -1 1 14,1 0.001 -1 1 34.0245 275 14,12 0.001 -1 1 13,13 0.001 1 1 14,13 0.001 1 1 52.0576 290 ::f,0,12 f,3,0 f,12,3 f,14,15 
176:1,1 0.001 1 0 2,2 0.001 0 1 1,2 0.001 0 1 96.0355 425 1,13 0.001 -1 1 2,14 0.001 -1 0 1,14 0.001 1 1 82.0233 395 13,2 0.001 -1 -1 14,2 0.001 -1 1 14,1 0.001 -1 1 34.0245 275 14,12 0.001 -1 1 13,13 0.001 0 1 14,13 0.001 0 1 52.0576 290 ::f,0,12 f,3,0 f,12,3 f,14,15 
177:2,1 0.001 1 0 2,2 0.001 -1 1 1,2 0.001 -1 1 96.0365 425 1,13 0.001 -1 1 2,14 0.001 -1 0 1,14 0.001 0 1 82.0233 395 13,2 0.001 0 -1 14,2 0.001 -1 0 14,1 0.001 -1 1 34.0245 275 14,12 0.001 -1 0 13,14 0.001 0 1 14,14 0.001 0 1 52.0596 290 ::f,0,12 f,3,0 f,12,3 f,14,15 
178:2,1 0.001 1 0 2,2 0.001 -1 1 1,2 0.001 -1 1 96.0365 425 1,13 0.001 -1 0 2,14 0.001 -1 0 1,14 0.001 0 1 82.0233 395 13,1 0.001 0 -1 13,2 0.001 -1 0 14,1 0.001 -1 0 34.0265 275 14,12 0.001 -1 0 13,14 0.001 0 1 14,14 0.001 0 1 54.0597 305 ::f,0,12 f,3,0 f,12,3 f,13,15 
179:2,1 0.001 1 1 2,2 0.001 -1 0 1,2 0.001 -1 0 96.0365 425 1,13 0.001 -1 0 2,14 0.001 -1 -1 1,14 0.001 -1 1 82.0233 395 13,1 0.001 0 -1 13,2 0.001 -1 0 14,1 0.001 -1 0 34.0265 275 14,12 0.001 -1 -1 13,14 0.001 -1 1 14,14 0.001 -1 1 54.0597 305 ::f,0,12 f,3,0 f,12,3 f,13,15 
180:2,1 0.001 1 1 2,2 0.001 -1 0 1,2 0.001 -1 0 96.0365 425 1,13 0.001 -1 -1 2,14 0.001 -1 -1 1,14 0.001 -1 1 82.0233 395 13,1 0.001 1 -1 13,2 0.001 -1 -1 14,1 0.001 -1 -1 34.0265 275 14,12 0.001 -1 -1 13,14 0.001 -1 1 14,14 0.001 -1 1 57.0598 320 ::f,0,12 f,3,0 f,12,3 f,12,13 
181:2,1 0.001 0 1 2,2 0.001 -1 0 1,2 0.001 -1 -1 96.0365 425 1,13 0.001 -1 -1 2,14 0.001 -1 -1 1,14 0.001 -1 0 91.0234 410 13,1 0.001 1 -1 13,2 0.001 -1 -1 14,1 0.001 -1 -1 34.0265 275 14,12 0.001 0 -1 13,14 0.001 -1 0 14,14 0.001 -1 0 57.0598 320 ::f,3,0 f,3,15 f,12,3 f,12,13 
182:2,1 0.001 0 1 2,2 0.001 -1 -1 1,2 0.001 -1 -1 96.0365 425 1,13 0.001 0 -1 2,14 0.001 0 -1 1,14 0.001 -1 0 91.0234 410 13,1 0.001 1 0 13,2 0.001 0 -1 14,1 0.001 0 -1 34.0265 275 14,12 0.001 0 -1 13,14 0.001 -1 0 14,14 0.001 -1 0 57.0598 320 ::f,3,0 f,3,15 f,12,3 f,12,13 
183:2,1 0.001 0 1 2,2 0.001 -1 -1 1,2 0.001 0 -1 96.0365 425 1,13 0.001 0 -1 2,14 0.001 0 -1 1,14 0.001 -1 -1 91.0234 410 13,1 0.001 1 0 13,2 0.001 0 -1 14,1 0.001 0 -1 34.0265 275 14,12 0.001 1 -1 13,14 0.001 -1 -1 14,14 0.001 -1 0 57.0598 320 ::f,3,0 f,3,15 f,12,3 f,12,13 
184:2,1 0.001 -1 1 2,2 0.001 0 -1 1,1 0.001 0 -1 96.0375 425 1,13 0.001 1 -1 2,14 0.001 1 -1 1,14 0.001 -1 -1 91.0234 410 13,1 0.001 1 0 13,2 0.001 0 -1 14,1 0.001 1 -1 34.0265 275 14,12 0.001 1 -1 13,14 0.001 -1 -1 14,14 0.001 -1 -1 61.0599 335 ::f,3,0 f,3,15 f,12,3 f,13,12 
185:2,1 0.001 -1 1 2,2 0.001 0 -1 1,1 0.001 0 -1 96.0375 425 1,13 0.001 1 -1 2,14 0.001 1 -1 1,14 0.001 0 -1 91.0234 410 13,1 0.001 1 1 13,2 0.001 1 -1 14,1 0.001 1 -1 34.0265 275 14,12 0.001 1 0 13,14 0.001 0 -1 14,14 0.001 -1 -1 61.0599 335 ::f,3,0 f,3,15 f,12,3 f,13,12 
186:2,1 0.001 -1 0 2,2 0.001 1 -1 1,1 0.001 1 -1 96.0375 425 1,13 0.001 1 0 2,14 0.001 1 0 1,14 0.001 0 -1 91.0234 410 13,1 0.001 1 1 13,2 0.001 1 -1 14,1 0.001 1 0 34.0265 275 14,12 0.001 1 0 13,13 0.001 0 -1 14,14 0.001 0 -1 61.0609 335 ::f,3,0 f,3,15 f,12,3 f,13,12 
187:2,1 0.001 -1 0 2,2 0.001 1 -1 1,1 0.001 1 -1 96.0375 425 2,13 0.001 1 0 2,14 0.001 1 0 1,14 0.001 0 -1 91.0244 410 13,1 0.001 0 1 13,2 0.001 1 0 14,1 0.001 1 0 34.0265 275 14,12 0.001 1 1 13,13 0.001 0 -1 14,13 0.001 0 -1 66.062 350 ::f,3,0 f,3,15 f,12,3 f,15,13 
188:2,1 0.001 -1 -1 2,2 0.001 1 0 1,1 0.001 1 0 96.0375 425 2,13 0.001 1 0 2,14 0.001 1 1 1,14 0.001 1 -1 91.0244 410 13,1 0.001 0 1 13,2 0.001 1 0 14,1 0.001 1 1 34.0265 275 14,12 0.001 1 1 13,13 0.001 1 -1 14,13 0.001 0 -1 66.062 350 ::f,3,0 f,3,15 f,12,3 f,15,13 
189:2,1 0.001 -1 -1 2,2 0.001 1 0 1,1 0.001 1 0 96.0375 425 2,13 0.001 1 1 2,14 0.001 1 1 1,14 0.001 1 -1 100.025 425 13,1 0.001 -1 1 13,2 0.001 1 1 14,1 0.001 1 1 34.0265 275 14,12 0.001 1 1 13,13 0.001 1 -1 14,13 0.001 1 -1 76.0621 365 ::f,3,0 f,3,14 f,12,3 f,14,14 
190:2,1 0.001 0 -1 2,2 0.001 1 1 1,1 0.001 1 0 96.0375 425 2,13 0.001 1 1 2,14 0.001 0 1 1,14 0.001 1 0 110.025 440 13,1 0.001 -1 1 13,2 0.001 1 1 14,1 0.001 0 1 34.0265 275 14,12 0.001 0 1 13,13 0.001 1 0 14,13 0.001 1 -1 76.0621 365 ::f,0,15 f,3,0 f,12,3 f,14,14 
191:2,1 0.001 0 -1 2,2 0.001 1 1 1,1 0.001 1 1 96.0375 425 2,13 0.001 0 1 2,14 0.001 0 1 1,14 0.001 1 0 110.025 440 13,1 0.001 -1 0 13,2 0.001 0 1 14,2 0.001 0 1 34.0275 275 14,12 0.001 0 1 13,13 0.001 1 0 14,13 0.001 1 0 76.0621 365 ::f,0,15 f,3,0 f,12,3 f,14,14 
192:2,1 0.001 1 -1 2,2 0.001 0 1 1,1 0.001 1 1 96.0375 425 2,13 0.001 0 1 2,14 0.001 -1 1 1,14 0.001 1 1 110.025 440 13,1 0.001 -1 0 13,2 0.001 0 1 14,2 0.001 0 1 34.0275 275 14,12 0.001 0 1 13,13 0.001 1 0 14,13 0.001 1 0 76.0621 365 ::f,0,15 f,3,0 f,12,3 f,14,14 
193:2,1 0.001 1 -1 2,2 0.001 0 1 1,1 0.001 0 1 102.038 440 2,13 0.001 0 1 2,14 0.001 -1 1 1,14 0.001 1 1 110.025 440 13,1 0.001 -1 -1 13,2 0.001 -1 1 14,2 0.001 -1 1 34.0275 275 14,12 0.001 -1 1 13,13 0.001 1 1 14,13 0.001 1 1 76.0621 365 ::f,0,15 f,1,3 f,12,3 f,14,14 
194:2,1 0.001 1 0 2,2 0.001 -1 1 1,2 0.001 0 1 102.039 440 2,13 0.001 -1 1 2,14 0.001 -1 0 1,14 0.001 0 1 110.025 440 13,1 0.001 -1 -1 13,2 0.001 -1 1 14,2 0.001 -1 1 39.0276 290 14,12 0.001 -1 1 13,13 0.001 1 1 14,13 0.001 1 1 82.0622 380 ::f,0,15 f,1,3 f,13,15 f,14,0 
195:2,1 0.001 1 0 2,2 0.001 -1 1 1,2 0.001 0 1 111.039 455 2,13 0.001 -1 1 2,14 0.001 -1 0 1,14 0.001 0 1 110.025 440 13,1 0.001 0 -1 13,2 0.001 -1 0 14,2 0.001 -1 0 39.0276 290 14,12 0.001 -1 0 13,13 0.001 0 1 14,13 0.001 0 1 82.0622 380 ::f,0,3 f,0,15 f,13,15 f,14,0 
196:2,1 0.001 1 1 2,2 0.001 -1 0 1,2 0.001 -1 1 111.039 455 2,13 0.001 -1 1 2,14 0.001 -1 0 1,14 0.001 -1 1 110.025 440 13,1 0.001 0 -1 13,2 0.001 -1 0 14,2 0.001 -1 0 39.0276 290 14,12 0.001 -1 0 13,14 0.001 0 1 14,14 0.001 0 1 82.0642 380 ::f,0,3 f,0,15 f,13,15 f,14,0 
197:2,1 0.001 1 1 2,2 0.001 -1 0 1,2 0.001 -1 1 121.039 470 2,13 0.001 -1 0 2,14 0.001 -1 -1 1,14 0.001 -1 1 115.025 455 13,1 0.001 1 -1 13,2 0.001 -1 -1 14,2 0.001 -1 0 39.0276 290 14,12 0.001 -1 -1 13,14 0.001 0 1 14,14 0.001 0 1 89.0643 395 ::f,0,12 f,3,3 f,13,12 f,14,0 
198:2,1 0.001 0 1 2,2 0.001 -1 0 1,2 0.001 -1 0 121.039 470 2,13 0.001 -1 0 2,14 0.001 -1 -1 1,14 0.001 -1 0 115.025 455 13,1 0.001 1 -1 13,2 0.001 -1 -1 14,2 0.001 -1 -1 46.0277 305 14,12 0.001 -1 -1 13,14 0.001 -1 1 14,14 0.001 -1 1 89.0643 395 ::f,0,12 f,3,3 f,13,12 f,15,3 
199:2,1 0.001 0 1 2,2 0.001 -1 -1 1,2 0.001 -1 0 121.039 470 2,13 0.001 -1 -1 2,14 0.001 0 -1 1,14 0.001 -1 0 115.025 455 13,1 0.001 1 0 13,2 0.001 0 -1 14,2 0.001 -1 -1 46.0277 305 14,12 0.001 0 -1 13,14 0.001 -1 1 14,14 0.001 -1 1 89.0643 395 ::f,0,12 f,3,3 f,13,12 f,15,3 
200:2,1 0.001 0 1 2,2 0.001 -1 -1 1,2 0.001 -1 -1 121.039 470 2,13 0.001 -1 -1 2,14 0.001 0 -1 1,14 0.001 -1 -1 115.025 455 14,1 0.001 1 0 13,1 0.001 0 -1 14,2 0.001 0 -1 46.0297 305 14,12 0.001 0 -1 13,14 0.001 -1 0 14,14 0.001 -1 0 89.0643 395 ::f,0,12 f,3,3 f,13,12 f,15,3 
201:2,1 0.001 -1 1 2,2 0.001 0 -1 1,2 0.001 -1 -1 121.039 470 2,13 0.001 0 -1 2,14 0.001 1 -1 1,14 0.001 -1 -1 115.025 455 14,1 0.001 1 0 13,1 0.001 0 -1 14,2 0.001 0 -1 46.0297 305 14,12 0.001 1 -1 13,14 0.001 -1 0 14,14 0.001 -1 0 89.0643 395 ::f,0,12 f,3,3 f,13,12 f,15,3 
202:2,1 0.001 -1 1 2,2 0.001 0 -1 1,2 0.001 0 -1 121.039 470 2,13 0.001 0 -1 2,14 0.001 1 -1 1,14 0.001 0 -1 115.025 455 14,1 0.001 1 1 13,1 0.001 1 -1 14,2 0.001 1 -1 46.0297 305 14,12 0.001 1 -1 13,14 0.001 -1 -1 14,14 0.001 -1 0 89.0643 395 ::f,0,12 f,3,3 f,13,12 f,15,3 
203:2,1 0.001 -1 0 2,2 0.001 1 -1 1,1 0.001 0 -1 121.04 470 2,13 0.001 1 -1 2,14 0.001 1 0 1,13 0.001 0 -1 115.026 455 14,1 0.001 1 1 13,1 0.001 1 -1 14,2 0.001 1 -1 46.0297 305 14,12 0.001 1 0 13,14 0.001 -1 -1 14,14 0.001 -1 -1 89.0643 395 ::f,0,12 f,3,3 f,13,12 f,15,3 
204:2,1 0.001 -1 0 2,2 0.001 1 -1 1,1 0.001 0 -1 121.04 470 2,13 0.001 1 -1 2,14 0.001 1 0 1,13 0.001 0 -1 115.026 455 14,1 0.001 0 1 13,1 0.001 1 0 14,2 0.001 1 0 46.0297 305 14,12 0.001 1 0 13,14 0.001 0 -1 14,14 0.001 -1 -1 89.0643 395 ::f,0,12 f,3,3 f,13,12 f,15,3 
205:2,1 0.001 -1 -1 2,2 0.001 1 0 1,1 0.001 1 -1 121.04 470 2,13 0.001 1 0 2,14 0.001 1 1 1,13 0.001 1 -1 115.026 455 14,1 0.001 0 1 13,1 0.001 1 0 14,2 0.001 1 0 46.0297 305 14,12 0.001 1 1 13,13 0.001 0 -1 14,14 0.001 0 -1 89.0653 395 ::f,0,12 f,3,3 f,13,12 f,15,3 
206:2,1 0.001 -1 -1 2,2 0.001 1 0 1,1 0.001 1 -1 121.04 470 2,13 0.001 1 0 2,14 0.001 1 1 1,13 0.001 1 -1 115.026 455 14,1 0.001 0 1 13,1 0.001 1 0 14,2 0.001 1 1 46.0297 305 15,13 0.001 1 1 13,13 0.001 0 -1 14,14 0.001 0 -1 97.0664 410 ::f,0,12 f,3,3 f,12,14 f,15,3 
207:2,1 0.001 0 -1 2,2 0.001 1 1 1,1 0.001 1 0 121.04 470 2,13 0.001 1 1 2,14 0.001 0 1 1,13 0.001 1 0 115.026 455 14,1 0.001 -1 1 13,1 0.001 1 1 14,2 0.001 1 1 49.0298 320 15,13 0.001 1 1 13,13 0.001 1 -1 14,14 0.001 1 -1 97.0664 410 ::f,0,12 f,3,3 f,12,14 f,15,3 
208:2,1 0.001 0 -1 2,2 0.001 1 1 1,1 0.001 1 0 131.04 485 2,13 0.001 1 1 2,14 0.001 0 1 1,13 0.001 1 0 115.026 455 14,1 0.001 -1 1 13,1 0.001 1 1 14,2 0.001 0 1 49.0298 320 15,13 0.001 0 1 13,13 0.001 1 -1 14,14 0.001 1 -1 97.0664 410 ::f,0,3 f,0,12 f,12,14 f,15,3 
209:2,1 0.001 1 -1 2,2 0.001 0 1 1,1 0.001 1 0 131.04 485 2,13 0.001 0 1 2,14 0.001 -1 1 1,13 0.001 1 0 115.026 455 14,1 0.001 -1 0 13,1 0.001 1 1 14,2 0.001 0 1 49.0298 320 15,14 0.001 0 1 13,13 0.001 1 0 14,14 0.001 1 0 97.0674 410 ::f,0,3 f,0,12 f,12,14 f,15,3 
210:2,1 0.001 1 -1 2,2 0.001 0 1 1,1 0.001 1 1 131.04 485 2,13 0.001 0 1 2,14 0.001 -1 1 1,13 0.001 1 1 115.026 455 14,1 0.001 -1 0 13,1 0.001 0 1 14,2 0.001 -1 1 49.0298 320 15,14 0.001 0 1 14,13 0.001 1 0 14,14 0.001 1 0 97.0684 410 ::f,0,3 f,0,12 f,12,14 f,15,3 
211:2,1 0.001 1 0 2,2 0.001 -1 1 1,1 0.001 1 1 131.04 485 2,13 0.001 0 1 2,14 0.001 -1 0 1,13 0.001 1 1 115.026 455 14,1 0.001 -1 -1 13,1 0.001 0 1 14,2 0.001 -1 1 49.0298 320 15,14 0.001 -1 1 14,13 0.001 1 0 14,14 0.001 1 1 97.0684 410 ::f,0,3 f,0,12 f,12,14 f,15,3 
212:2,1 0.001 1 0 2,2 0.001 -1 1 1,1 0.001 0 1 131.04 485 2,13 0.001 -1 1 1,14 0.001 -1 0 1,13 0.001 0 1 115.027 455 14,1 0.001 -1 -1 13,1 0.001 -1 1 14,2 0.001 -1 0 49.0298 320 14,15 0.001 -1 1 14,13 0.001 1 1 14,14 0.001 1 1 97.0694 410 ::f,0,3 f,0,12 f,12,14 f,15,3 
213:2,1 0.001 1 1 2,2 0.001 -1 0 1,1 0.001 0 1 131.04 485 2,13 0.001 -1 1 1,14 0.001 -1 0 1,13 0.001 0 1 115.027 455 14,1 0.001 0 -1 13,1 0.001 -1 1 13,2 0.001 -1 0 49.0308 320 14,15 0.001 -1 1 14,13 0.001 1 1 14,14 0.001 0 1 97.0694 410 ::f,0,3 f,0,12 f,12,14 f,15,3 
214:2,1 0.001 1 1 1,2 0.001 -1 0 1,1 0.001 -1 1 131.041 485 2,13 0.001 -1 0 1,14 0.001 -1 -1 1,13 0.001 -1 1 115.027 455 14,1 0.001 0 -1 13,1 0.001 -1 0 13,2 0.001 -1 0 49.0308 320 14,15 0.001 -1 0 14,13 0.001 0 1 14,14 0.001 0 1 97.0694 410 ::f,0,3 f,0,12 f,12,14 f,15,3 
215:2,1 0.001 0 1 1,2 0.001 -1 0 1,1 0.001 -1 1 131.041 485 2,13 0.001 -1 0 1,14 0.001 -1 -1 1,13 0.001 -1 1 115.027 455 14,1 0.001 1 -1 13,1 0.001 -1 0 13,2 0.001 -1 -1 49.0308 320 13,15 0.001 -1 0 14,13 0.001 0 1 14,14 0.001 -1 1 97.0704 410 ::f,0,3 f,0,12 f,12,14 f,15,3 
216:2,2 0.001 0 1 1,2 0.001 -1 -1 1,1 0.001 -1 0 131.042 485 2,13 0.001 -1 -1 1,14 0.001 0 -1 1,13 0.001 -1 0 115.027 455 14,1 0.001 1 -1 13,1 0.001 -1 -1 13,2 0.001 -1 -1 49.0308 320 13,15 0.001 -1 0 14,13 0.001 0 1 14,14 0.001 -1 1 97.0704 410 ::f,0,3 f,0,12 f,12,14 f,15,3 
217:2,2 0.001 0 1 1,2 0.001 -1 -1 1,1 0.001 -1 0 131.042 485 2,13 0.001 -1 -1 1,14 0.001 0 -1 1,13 0.001 -1 0 115.027 455 14,1 0.001 1 0 13,1 0.001 -1 -1 13,2 0.001 0 -1 49.0308 320 13,15 0.001 -1 -1 14,13 0.001 -1 1 14,14 0.001 -1 0 97.0704 410 ::f,0,3 f,0,12 f,12,14 f,15,3 
218:2,2 0.001 -1 1 1,2 0.001 0 -1 1,1 0.001 -1 -1 131.042 485 2,13 0.001 0 -1 1,14 0.001 0 -1 1,13 0.001 -1 -1 115.027 455 14,1 0.001 1 0 13,1 0.001 0 -1 13,2 0.001 0 -1 49.0308 320 13,15 0.001 -1 -1 13,14 0.001 -1 1 14,14 0.001 -1 0 107.072 425 ::f,0,3 f,0,12 f,15,3 f,15,14 
219:2,2 0.001 -1 1 1,2 0.001 0 -1 1,1 0.001 -1 -1 131.042 485 2,13 0.001 0 -1 1,14 0.001 1 -1 1,13 0.001 -1 -1 121.027 470 14,1 0.001 1 1 13,1 0.001 0 -1 13,2 0.001 0 -1 49.0308 320 13,15 0.001 0 -1 13,14 0.001 -1 1 14,14 0.001 -1 0 107.072 425 ::f,0,3 f,2,12 f,15,3 f,15,14 
220:2,2 0.001 -1 0 1,2 0.001 0 -1 1,1 0.001 0 -1 131.042 485 2,13 0.001 1 -1 1,14 0.001 1 -1 1,13 0.001 0 -1 121.027 470 14,1 0.001 1 1 13,1 0.001 1 -1 13,2 0.001 1 -1 49.0308 320 13,15 0.001 0 -1 13,14 0.001 -1 0 14,14 0.001 -1 -1 107.072 425 ::f,0,3 f,2,12 f,15,3 f,15,14 
221:2,2 0.001 -1 0 1,2 0.001 1 -1 1,1 0.001 0 -1 131.042 485 2,13 0.001 1 -1 1,14 0.001 1 0 1,13 0.001 0 -1 121.027 470 14,1 0.001 0 1 13,1 0.001 1 -1 13,2 0.001 1 -1 49.0308 320 13,15 0.001 0 -1 13,14 0.001 -1 0 14,14 0.001 -1 -1 107.072 425 ::f,0,3 f,2,12 f,15,3 f,15,14 
222:2,2 0.001 -1 0 1,2 0.001 1 -1 1,1 0.001 1 -1 131.042 485 2,13 0.001 1 0 1,14 0.001 1 0 1,13 0.001 1 -1 121.027 470 14,2 0.001 0 1 13,1 0.001 1 0 13,2 0.001 1 0 49.0318 320 13,15 0.001 1 -1 13,14 0.001 -1 -1 14,14 0.001 0 -1 107.072 425 ::f,0,3 f,2,12 f,15,3 f,15,14 
223:2,2 0.001 -1 -1 1,2 0.001 1 0 1,1 0.001 1 -1 131.042 485 2,13 0.001 1 0 1,14 0.001 1 1 1,13 0.001 1 -1 128.027 485 14,2 0.001 0 1 14,1 0.001 1 0 13,2 0.001 1 0 49.0328 320 13,15 0.001 1 -1 13,14 0.001 -1 -1 14,14 0.001 0 -1 107.072 425 ::f,0,3 f,2,12 f,15,3 f,15,14 
224:2,2 0.001 -1 -1 1,2 0.001 1 0 1,1 0.001 1 0 131.042 485 2,13 0.001 1 1 1,14 0.001 1 1 1,13 0.001 1 0 128.027 485 14,2 0.001 -1 1 14,1 0.001 1 0 13,2 0.001 1 1 49.0328 320 13,15 0.001 1 -1 13,14 0.001 0 -1 14,14 0.001 1 -1 107.072 425 ::f,0,3 f,2,12 f,15,3 f,15,14 
225:2,2 0.001 0 -1 1,2 0.001 1 1 2,1 0.001 1 0 131.043 485 2,13 0.001 1 1 1,14 0.001 0 1 1,13 0.001 1 0 128.027 485 14,2 0.001 -1 1 14,1 0.001 1 1 13,2 0.001 1 1 49.0328 320 13,15 0.001 1 0 13,13 0.001 0 -1 14,14 0.001 1 -1 107.073 425 ::f,0,3 f,2,12 f,15,3 f,15,14 
226:2,2 0.001 0 -1 1,2 0.001 1 1 2,1 0.001 1 0 131.043 485 2,13 0.001 0 1 1,14 0.001 0 1 1,13 0.001 1 0 128.027 485 14,2 0.001 -1 0 14,1 0.001 1 1 13,2 0.001 0 1 49.0328 320 13,15 0.001 1 0 13,13 0.001 0 -1 14,14 0.001 1 0 107.073 425 ::f,0,3 f,2,12 f,15,3 f,15,14 
227:2,2 0.001 1 -1 1,2 0.001 0 1 2,1 0.001 1 1 131.043 485 2,14 0.001 0 1 1,14 0.001 -1 1 1,13 0.001 1 1 128.028 485 14,2 0.001 -1 0 14,1 0.001 0 1 13,2 0.001 0 1 49.0328 320 13,15 0.001 1 1 13,13 0.001 1 -1 14,14 0.001 1 0 111.073 440 ::f,0,3 f,2,12 f,12,15 f,15,3 
228:2,2 0.001 1 -1 1,2 0.001 0 1 2,1 0.001 1 1 131.043 485 2,14 0.001 0 1 1,14 0.001 -1 1 1,13 0.001 1 1 128.028 485 14,2 0.001 -1 0 14,1 0.001 0 1 13,2 0.001 -1 1 49.0328 320 13,15 0.001 1 1 13,13 0.001 1 -1 14,14 0.001 1 1 111.073 440 ::f,0,3 f,2,12 f,12,15 f,15,3 
229:2,2 0.001 1 0 1,2 0.001 -1 1 2,1 0.001 0 1 131.043 485 2,14 0.001 -1 1 1,14 0.001 -1 0 1,13 0.001 0 1 128.028 485 14,2 0.001 -1 -1 14,1 0.001 0 1 13,2 0.001 -1 1 49.0328 320 13,15 0.001 0 1 13,13 0.001 1 0 14,14 0.001 1 1 111.073 440 ::f,0,3 f,2,12 f,12,15 f,15,3 
230:2,2 0.001 1 0 1,2 0.001 -1 1 2,1 0.001 0 1 141.043 500 2,14 0.001 -1 1 1,14 0.001 -1 0 1,13 0.001 0 1 128.028 485 14,2 0.001 -1 -1 14,1 0.001 -1 1 13,2 0.001 -1 0 49.0328 320 13,15 0.001 0 1 14,13 0.001 1 0 14,14 0.001 0 1 111.074 440 ::f,1,0 f,2,12 f,12,15 f,15,3 
231:2,2 0.001 1 1 1,2 0.001 -1 0 2,1 0.001 0 1 141.043 500 2,14 0.001 -1 0 1,14 0.001 -1 -1 1,13 0.001 -1 1 128.028 485 14,2 0.001 0 -1 14,1 0.001 -1 1 13,2 0.001 -1 0 49.0328 320 13,15 0.001 -1 1 14,13 0.001 1 0 14,14 0.001 0 1 111.074 440 ::f,1,0 f,2,12 f,12,15 f,15,3 
232:2,2 0.001 1 1 1,2 0.001 -1 0 2,1 0.001 -1 1 141.043 500 2,14 0.001 -1 0 1,14 0.001 -1 -1 1,13 0.001 -1 1 128.028 485 14,2 0.001 0 -1 14,1 0.001 -1 0 13,2 0.001 -1 -1 49.0328 320 13,15 0.001 -1 1 14,13 0.001 1 1 14,14 0.001 -1 1 111.074 440 ::f,1,0 f,2,12 f,12,15 f,15,3 
233:2,2 0.001 0 1 1,2 0.001 -1 -1 2,1 0.001 -1 1 141.043 500 2,14 0.001 -1 0 1,14 0.001 0 -1 1,13 0.001 -1 0 128.028 485 14,2 0.001 1 -1 14,1 0.001 -1 0 13,2 0.001 -1 -1 49.0328 320 13,15 0.001 -1 0 14,13 0.001 1 1 14,14 0.001 -1 1 111.074 440 ::f,1,0 f,2,12 f,12,15 f,15,3 
234:2,2 0.001 0 1 1,2 0.001 -1 -1 2,1 0.001 -1 0 141.043 500 2,14 0.001 -1 -1 1,14 0.001 0 -1 1,13 0.001 -1 0 128.028 485 14,2 0.001 1 -1 14,1 0.001 -1 -1 13,2 0.001 0 -1 49.0328 320 13,15 0.001 -1 0 14,13 0.001 0 1 14,14 0.001 -1 0 121.074 455 ::f,1,0 f,2,12 f,12,14 f,15,3 
235:2,2 0.001 -1 1 1,2 0.001 0 -1 2,1 0.001 -1 0 141.043 500 2,14 0.001 -1 -1 1,14 0.001 0 -1 1,13 0.001 -1 -1 128.028 485 14,2 0.001 1 0 14,1 0.001 -1 -1 13,1 0.001 0 -1 49.0338 320 13,15 0.001 -1 -1 14,13 0.001 0 1 13,14 0.001 -1 0 121.075 455 ::f,1,0 f,2,12 f,12,14 f,15,3 
236:2,2 0.001 -1 1 1,1 0.001 0 -1 2,1 0.001 -1 -1 141.044 500 2,14 0.001 0 -1 1,14 0.001 1 -1 1,13 0.001 -1 -1 128.028 485 14,2 0.001 1 0 14,1 0.001 0 -1 13,1 0.001 0 -1 49.0338 320 13,15 0.001 -1 -1 14,13 0.001 0 1 13,14 0.001 -1 0 126.075 470 ::f,1,0 f,2,12 f,14,15 f,15,3 
237:2,2 0.001 -1 0 1,1 0.001 0 -1 2,1 0.001 -1 -1 151.044 515 2,13 0.001 0 -1 1,14 0.001 1 -1 1,13 0.001 0 -1 128.029 485 14,2 0.001 1 1 14,1 0.001 0 -1 13,1 0.001 1 -1 49.0338 320 13,15 0.001 -1 -1 14,14 0.001 0 1 13,14 0.001 -1 -1 126.076 470 ::f,2,12 f,3,3 f,14,15 f,15,3 
238:1,2 0.001 -1 0 1,1 0.001 1 -1 2,1 0.001 0 -1 151.045 515 2,13 0.001 0 -1 1,14 0.001 1 -1 1,13 0.001 0 -1 138.029 500 14,2 0.001 1 1 14,1 0.001 1 -1 13,1 0.001 1 -1 57.0339 335 13,15 0.001 0 -1 14,14 0.001 0 1 13,14 0.001 -1 -1 135.076 485 ::f,2,14 f,3,3 f,14,13 f,15,1 
239:1,2 0.001 -1 0 1,1 0.001 1 -1 2,1 0.001 0 -1 151.045 515 2,13 0.001 1 -1 1,14 0.001 1 0 1,13 0.001 1 -1 138.029 500 14,2 0.001 0 1 14,1 0.001 1 -1 13,1 0.001 1 0 57.0339 335 13,15 0.001 0 -1 14,14 0.001 -1 1 13,14 0.001 0 -1 135.076 485 ::f,2,14 f,3,3 f,14,13 f,15,1 
240:1,2 0.001 -1 -1 1,1 0.001 1 0 2,1 0.001 1 -1 151.045 515 2,13 0.001 1 -1 1,14 0.001 1 0 1,13 0.001 1 -1 148.029 515 14,2 0.001 0 1 14,1 0.001 1 0 13,1 0.001 1 0 57.0339 335 13,15 0.001 0 -1 14,14 0.001 -1 1 13,13 0.001 0 -1 135.077 485 ::f,2,14 f,3,3 f,14,13 f,15,1 
241:1,2 0.001 -1 -1 1,1 0.001 1 0 2,1 0.001 1 -1 151.045 515 2,13 0.001 1 0 1,14 0.001 1 1 1,13 0.001 1 0 148.029 515 14,2 0.001 -1 1 14,1 0.001 1 0 13,1 0.001 1 0 63.034 350 13,15 0.001 1 -1 14,14 0.001 -1 0 13,13 0.001 0 -1 135.077 485 ::f,2,14 f,3,3 f,14,13 f,15,1 
242:1,2 0.001 0 -1 1,1 0.001 1 0 2,1 0.001 1 0 151.045 515 2,13 0.001 1 0 1,14 0.001 1 1 1,13 0.001 1 0 148.029 515 14,2 0.001 -1 1 14,1 0.001 1 1 13,1 0.001 1 1 63.034 350 13,15 0.001 1 -1 13,14 0.001 -1 0 13,13 0.001 1 -1 135.078 485 ::f,2,14 f,3,3 f,14,13 f,15,1 
243:1,2 0.001 0 -1 1,1 0.001 1 1 2,1 0.001 1 0 151.045 515 2,13 0.001 1 1 1,14 0.001 0 1 1,13 0.001 1 0 148.029 515 14,2 0.001 -1 0 14,1 0.001 1 1 13,1 0.001 1 1 63.034 350 13,15 0.001 1 0 13,14 0.001 -1 0 13,13 0.001 1 -1 135.078 485 ::f,2,14 f,3,3 f,14,13 f,15,1 
244:1,2 0.001 0 -1 2,2 0.001 1 1 2,1 0.001 1 1 151.046 515 2,13 0.001 1 1 1,14 0.001 0 1 1,13 0.001 1 1 148.029 515 13,2 0.001 -1 0 14,1 0.001 0 1 13,1 0.001 0 1 63.035 350 13,15 0.001 1 0 13,14 0.001 -1 -1 13,13 0.001 1 0 135.078 485 ::f,2,14 f,3,3 f,14,13 f,15,1 
245:1,2 0.001 1 -1 2,2 0.001 1 1 2,1 0.001 1 1 161.046 530 2,13 0.001 0 1 1,14 0.001 -1 1 1,13 0.001 1 1 156.029 530 13,2 0.001 -1 0 14,2 0.001 0 1 13,1 0.001 0 1 63.036 350 13,15 0.001 1 1 13,14 0.001 -1 -1 13,13 0.001 1 0 135.078 485 ::f,1,15 f,3,1 f,14,13 f,15,1 
246:1,2 0.001 1 -1 2,2 0.001 0 1 2,1 0.001 0 1 161.046 530 2,14 0.001 0 1 1,14 0.001 -1 1 1,13 0.001 0 1 156.03 530 13,2 0.001 -1 -1 14,2 0.001 0 1 13,1 0.001 -1 1 63.036 350 13,15 0.001 1 1 13,14 0.001 0 -1 13,13 0.001 1 0 141.078 500 ::f,1,15 f,3,1 f,12,15 f,15,1 
247:1,2 0.001 1 0 2,2 0.001 0 1 2,1 0.001 0 1 161.046 530 2,14 0.001 0 1 1,14 0.001 -1 0 1,13 0.001 0 1 156.03 530 13,2 0.001 -1 -1 14,2 0.001 -1 1 13,1 0.001 -1 1 63.036 350 13,15 0.001 0 1 13,14 0.001 0 -1 13,13 0.001 1 1 141.078 500 ::f,1,15 f,3,1 f,12,15 f,15,1 
248:1,2 0.001 1 0 2,2 0.001 -1 1 2,1 0.001 0 1 161.046 530 2,14 0.001 -1 1 1,14 0.001 -1 0 1,13 0.001 0 1 156.03 530 13,2 0.001 0 -1 14,2 0.001 -1 1 13,1 0.001 -1 0 63.036 350 13,15 0.001 0 1 13,14 0.001 0 -1 13,13 0.001 1 1 141.078 500 ::f,1,15 f,3,1 f,12,15 f,15,1 
249:1,2 0.001 1 0 2,2 0.001 -1 1 2,1 0.001 -1 1 161.046 530 2,14 0.001 -1 1 1,14 0.001 -1 -1 1,13 0.001 -1 1 166.03 545 13,2 0.001 0 -1 14,2 0.001 -1 0 13,1 0.001 -1 0 63.036 350 13,15 0.001 -1 1 13,14 0.001 1 -1 13,13 0.001 0 1 141.078 500 ::f,3,1 f,3,14 f,12,15 f,15,1 
250:1,2 0.001 1 1 2,2 0.001 -1 0 2,1 0.001 -1 1 161.046 530 2,14 0.001 -1 0 1,14 0.001 -1 -1 1,13 0.001 -1 0 166.03 545 13,2 0.001 0 -1 14,2 0.001 -1 0 13,1 0.001 -1 -1 63.036 350 13,15 0.001 -1 1 13,14 0.001 1 -1 13,13 0.001 0 1 141.078 500 ::f,3,1 f,3,14 f,12,15 f,15,1 
251:1,2 0.001 1 1 2,2 0.001 -1 0 2,1 0.001 -1 0 161.046 530 2,14 0.001 -1 0 1,14 0.001 0 -1 1,13 0.001 -1 -1 166.03 545 13,2 0.001 1 -1 14,2 0.001 -1 0 13,1 0.001 -1 -1 63.036 350 13,15 0.001 -1 0 13,14 0.001 1 0 13,13 0.001 0 1 141.078 500 ::f,3,1 f,3,14 f,12,15 f,15,1 
252:1,2 0.001 0 1 2,2 0.001 -1 0 2,1 0.001 -1 0 161.046 530 2,14 0.001 -1 0 1,14 0.001 0 -1 1,13 0.001 0 -1 166.03 545 13,2 0.001 1 -1 14,2 0.001 -1 -1 13,1 0.001 0 -1 63.036 350 13,15 0.001 -1 0 13,14 0.001 1 0 13,13 0.001 -1 1 151.078 515 ::f,3,1 f,3,14 f,12,14 f,15,1 
253:1,2 0.001 0 1 2,2 0.001 -1 -1 2,1 0.001 -1 -1 161.046 530 2,14 0.001 -1 -1 1,14 0.001 0 -1 1,13 0.001 0 -1 166.03 545 13,2 0.001 1 0 14,2 0.001 -1 -1 13,1 0.001 0 -1 63.036 350 13,15 0.001 -1 -1 13,14 0.001 1 1 13,13 0.001 -1 1 158.078 530 ::f,3,1 f,3,14 f,15,1 f,15,15 
254:1,2 0.001 -1 1 2,2 0.001 -1 -1 2,1 0.001 -1 -1 161.046 530 2,14 0.001 -1 -1 1,14 0.001 1 -1 1,13 0.001 1 -1 166.03 545 13,2 0.001 1 0 14,2 0.001 0 -1 13,1 0.001 1 -1 63.036 350 12,14 0.001 -1 -1 13,14 0.001 1 1 13,13 0.001 -1 0 158.079 530 ::f,3,1 f,3,14 f,15,1 f,15,15 
255:1,2 0.001 -1 1 2,2 0.001 0 -1 2,1 0.001 0 -1 161.046 530 2,14 0.001 0 -1 1,14 0.001 1 -1 1,13 0.001 1 -1 166.03 545 13,2 0.001 1 0 14,2 0.001 0 -1 13,1 0.001 1 -1 63.036 350 12,14 0.001 -1 -1 13,14 0.001 0 1 13,13 0.001 -1 0 158.079 530 ::f,3,1 f,3,14 f,15,1 f,15,15 
256:1,2 0.001 -1 0 2,2 0.001 0 -1 2,1 0.001 0 -1 161.046 530 2,14 0.001 0 -1 1,14 0.001 1 0 1,13 0.001 1 0 166.03 545 13,2 0.001 1 1 14,2 0.001 1 -1 13,1 0.001 1 0 63.036 350 12,14 0.001 0 -1 13,14 0.001 0 1 13,13 0.001 -1 -1 158.079 530 ::f,3,1 f,3,14 f,15,1 f,15,15 
257:1,2 0.001 -1 0 2,2 0.001 1 -1 2,1 0.001 1 -1 161.046 530 2,14 0.001 1 -1 1,14 0.001 1 0 2,13 0.001 1 0 166.031 545 13,2 0.001 1 1 14,2 0.001 1 -1 14,1 0.001 1 0 70.0371 365 12,13 0.001 0 -1 13,14 0.001 -1 1 13,13 0.001 -1 -1 158.08 530 ::f,3,1 f,3,14 f,15,0 f,15,15 
258:1,2 0.001 -1 -1 2,2 0.001 1 -1 2,1 0.001 1 -1 171.046 545 2,14 0.001 1 -1 1,14 0.001 1 0 2,13 0.001 1 0 166.031 545 13,2 0.001 0 1 15,1 0.001 1 -1 14,1 0.001 1 0 70.0381 365 12,13 0.001 0 -1 13,14 0.001 -1 1 13,13 0.001 0 -1 158.08 530 ::f,0,1 f,3,14 f,15,0 f,15,15 
259:1,2 0.001 -1 -1 2,2 0.001 1 0 2,1 0.001 1 0 178.046 560 2,14 0.001 1 0 1,14 0.001 1 1 2,13 0.001 1 1 166.031 545 13,2 0.001 0 1 15,1 0.001 1 -1 14,1 0.001 1 1 70.0381 365 12,13 0.001 1 -1 13,14 0.001 -1 0 13,13 0.001 0 -1 158.08 530 ::f,0,1 f,3,14 f,15,0 f,15,15 
260:1,2 0.001 0 -1 2,2 0.001 1 0 2,1 0.001 1 0 178.046 560 2,14 0.001 1 0 1,14 0.001 1 1 2,13 0.001 1 1 176.031 560 13,2 0.001 -1 1 15,1 0.001 1 0 14,1 0.001 1 1 70.0381 365 13,12 0.001 1 -1 13,14 0.001 -1 0 13,13 0.001 1 -1 158.081 530 ::f,0,1 f,0,13 f,15,0 f,15,15 
261:1,1 0.001 0 -1 2,2 0.001 1 1 2,1 0.001 1 1 178.047 560 2,14 0.001 1 1 1,14 0.001 0 1 2,13 0.001 0 1 176.031 560 13,2 0.001 -1 1 15,1 0.001 1 0 14,1 0.001 0 1 70.0381 365 13,12 0.001 1 -1 13,14 0.001 -1 -1 13,13 0.001 1 -1 158.081 530 ::f,0,1 f,0,13 f,15,0 f,15,15 
262:1,1 0.001 0 -1 2,2 0.001 1 1 2,1 0.001 1 1 178.047 560 2,14 0.001 1 1 1,14 0.001 0 1 2,13 0.001 0 1 176.031 560 13,2 0.001 -1 0 15,1 0.001 1 1 14,2 0.001 0 1 70.0391 365 13,12 0.001 1 0 13,14 0.001 -1 -1 13,13 0.001 1 0 158.081 530 ::f,0,1 f,0,13 f,15,0 f,15,15 
263:1,1 0.001 1 -1 2,2 0.001 0 1 2,1 0.001 0 1 178.047 560 2,14 0.001 0 1 1,14 0.001 -1 1 2,13 0.001 0 1 176.031 560 13,2 0.001 -1 0 15,1 0.001 1 1 14,2 0.001 0 1 70.0391 365 14,12 0.001 1 0 13,14 0.001 0 -1 14,13 0.001 1 0 158.083 530 ::f,0,1 f,0,13 f,15,0 f,15,15 
264:1,1 0.001 1 -1 2,2 0.001 0 1 2,1 0.001 0 1 178.047 560 2,14 0.001 0 1 1,14 0.001 -1 1 2,13 0.001 -1 1 176.031 560 13,2 0.001 -1 -1 15,1 0.001 0 1 14,2 0.001 -1 1 70.0391 365 14,12 0.001 1 0 13,13 0.001 0 -1 14,13 0.001 1 0 158.084 530 ::f,0,1 f,0,13 f,15,0 f,15,15 
265:1,1 0.001 1 0 2,2 0.001 -1 1 2,1 0.001 0 1 178.047 560 2,14 0.001 -1 1 1,14 0.001 -1 0 2,13 0.001 -1 1 176.031 560 13,2 0.001 -1 -1 15,2 0.001 0 1 14,2 0.001 -1 1 70.0401 365 14,12 0.001 1 1 13,13 0.001 0 -1 14,13 0.001 1 1 158.084 530 ::f,0,1 f,0,13 f,15,0 f,15,15 
266:1,1 0.001 1 0 2,2 0.001 -1 1 2,1 0.001 -1 1 178.047 560 2,14 0.001 -1 1 1,14 0.001 -1 0 2,13 0.001 -1 0 176.031 560 13,2 0.001 0 -1 15,2 0.001 0 1 14,2 0.001 -1 0 70.0401 365 15,13 0.001 1 1 13,13 0.001 1 -1 14,13 0.001 1 1 158.085 530 ::f,0,1 f,0,13 f,15,0 f,15,15 
267:1,1 0.001 1 0 2,2 0.001 -1 0 2,1 0.001 -1 1 178.047 560 2,14 0.001 -1 0 1,14 0.001 -1 -1 1,13 0.001 -1 0 176.032 560 13,1 0.001 0 -1 15,2 0.001 -1 1 13,2 0.001 -1 0 70.0421 365 15,13 0.001 1 1 13,13 0.001 1 -1 14,13 0.001 0 1 158.085 530 ::f,0,1 f,0,13 f,15,0 f,15,15 
268:1,1 0.001 1 1 1,2 0.001 -1 0 2,1 0.001 -1 0 178.048 560 2,14 0.001 -1 0 1,14 0.001 -1 -1 1,13 0.001 -1 0 186.033 575 13,1 0.001 0 -1 15,2 0.001 -1 1 13,2 0.001 -1 0 70.0421 365 15,13 0.001 0 1 13,13 0.001 1 0 14,14 0.001 0 1 158.086 530 ::f,0,1 f,3,15 f,15,0 f,15,15 
269:1,1 0.001 1 1 1,2 0.001 -1 0 2,1 0.001 -1 0 178.048 560 2,14 0.001 -1 0 1,14 0.001 0 -1 1,13 0.001 -1 -1 186.033 575 13,1 0.001 1 -1 15,2 0.001 -1 0 13,2 0.001 -1 -1 70.0421 365 15,14 0.001 0 1 14,13 0.001 1 0 14,14 0.001 0 1 158.088 530 ::f,0,1 f,3,15 f,15,0 f,15,15 
270:1,1 0.001 0 1 1,2 0.001 -1 -1 2,1 0.001 -1 0 178.048 560 2,14 0.001 -1 -1 1,14 0.001 0 -1 1,13 0.001 -1 -1 186.033 575 13,1 0.001 1 -1 14,2 0.001 -1 0 13,2 0.001 -1 -1 70.0431 365 15,14 0.001 0 1 14,13 0.001 1 0 14,14 0.001 -1 1 168.088 545 ::f,0,1 f,3,15 f,15,0 f,15,12 
271:1,1 0.001 0 1 1,2 0.001 -1 -1 2,1 0.001 -1 -1 188.049 575 2,14 0.001 -1 -1 1,14 0.001 0 -1 1,13 0.001 0 -1 186.033 575 13,1 0.001 1 0 14,2 0.001 -1 0 13,2 0.001 0 -1 70.0431 365 15,14 0.001 -1 1 14,13 0.001 1 1 14,14 0.001 -1 1 168.088 545 ::f,0,3 f,3,15 f,15,0 f,15,12 
272:1,1 0.001 -1 1 1,2 0.001 0 -1 2,1 0.001 0 -1 188.049 575 2,14 0.001 0 -1 1,14 0.001 1 -1 1,13 0.001 0 -1 186.033 575 14,1 0.001 1 0 14,2 0.001 -1 -1 13,1 0.001 0 -1 70.0451 365 14,15 0.001 -1 1 14,13 0.001 1 1 14,14 0.001 -1 0 168.089 545 ::f,0,3 f,3,15 f,15,0 f,15,12 
273:1,1 0.001 -1 1 1,2 0.001 0 -1 2,1 0.001 1 -1 188.049 575 2,14 0.001 0 -1 1,14 0.001 1 -1 1,13 0.001 1 -1 186.033 575 14,1 0.001 1 0 14,2 0.001 -1 -1 13,1 0.001 0 -1 70.0451 365 14,15 0.001 -1 1 14,13 0.001 0 1 13,14 0.001 -1 0 168.09 545 ::f,0,3 f,3,15 f,15,0 f,15,12 
274:1,1 0.001 -1 0 1,2 0.001 0 -1 2,1 0.001 1 0 188.049 575 2,14 0.001 1 -1 1,14 0.001 1 0 1,13 0.001 1 -1 186.033 575 14,1 0.001 1 1 14,2 0.001 0 -1 13,1 0.001 1 -1 70.0451 365 14,15 0.001 -1 0 14,14 0.001 0 1 13,14 0.001 -1 0 168.091 545 ::f,0,3 f,3,15 f,15,0 f,15,12 
275:1,1 0.001 -1 0 1,2 0.001 1 -1 2,1 0.001 1 0 188.049 575 2,14 0.001 1 -1 1,14 0.001 1 0 1,13 0.001 1 0 186.033 575 14,1 0.001 1 1 14,2 0.001 0 -1 13,1 0.001 1 -1 70.0451 365 13,15 0.001 -1 0 14,14 0.001 0 1 13,14 0.001 -1 -1 168.092 545 ::f,0,3 f,3,15 f,15,0 f,15,12 
276:1,1 0.001 -1 -1 1,2 0.001 1 -1 2,1 0.001 1 1 188.049 575 2,14 0.001 1 0 1,14 0.001 1 1 2,13 0.001 1 0 186.034 575 14,1 0.001 0 1 14,2 0.001 1 -1 13,1 0.001 1 0 70.0451 365 13,15 0.001 -1 0 14,14 0.001 -1 1 13,14 0.001 -1 -1 168.092 545 ::f,0,3 f,3,15 f,15,0 f,15,12 
277:1,1 0.001 -1 -1 1,2 0.001 1 0 2,1 0.001 1 1 188.049 575 2,14 0.001 1 0 1,14 0.001 1 1 2,13 0.001 1 0 186.034 575 14,1 0.001 0 1 14,2 0.001 1 -1 13,1 0.001 1 0 70.0451 365 13,15 0.001 -1 -1 14,14 0.001 -1 1 13,14 0.001 0 -1 168.092 545 ::f,0,3 f,3,15 f,15,0 f,15,12 
278:1,1 0.001 0 -1 1,2 0.001 1 0 2,1 0.001 0 1 188.049 575 2,14 0.001 1 1 1,14 0.001 0 1 2,13 0.001 1 1 186.034 575 14,1 0.001 0 1 14,2 0.001 1 0 13,1 0.001 1 0 70.0451 365 12,14 0.001 -1 -1 14,14 0.001 -1 0 13,13 0.001 0 -1 168.094 545 ::f,0,3 f,3,15 f,15,0 f,15,12 
279:1,1 0.001 0 -1 1,2 0.001 1 1 2,2 0.001 0 1 188.05 575 2,14 0.001 1 1 1,14 0.001 0 1 2,13 0.001 1 1 205.034 605 14,1 0.001 -1 1 14,2 0.001 1 0 13,1 0.001 1 1 70.0451 365 12,14 0.001 -1 -1 13,14 0.001 -1 0 13,13 0.001 0 -1 168.095 545 ::f,0,3 f,1,15 f,15,0 f,15,12 
280:1,1 0.001 1 -1 1,2 0.001 1 1 2,2 0.001 0 1 188.05 575 2,14 0.001 0 1 1,14 0.001 -1 1 2,13 0.001 0 1 205.034 605 14,1 0.001 -1 1 14,2 0.001 1 1 13,1 0.001 1 1 70.0451 365 12,14 0.001 0 -1 13,14 0.001 -1 0 13,13 0.001 1 -1 168.095 545 ::f,0,3 f,1,15 f,15,0 f,15,12 
281:1,1 0.001 1 -1 1,2 0.001 0 1 2,2 0.001 -1 1 188.05 575 2,14 0.001 0 1 1,14 0.001 -1 1 2,13 0.001 0 1 205.034 605 14,1 0.001 -1 0 14,2 0.001 1 1 13,1 0.001 0 1 70.0451 365 12,13 0.001 0 -1 13,14 0.001 -1 -1 13,13 0.001 1 -1 168.096 545 ::f,0,3 f,1,15 f,15,0 f,15,12 
282:1,1 0.001 1 0 1,2 0.001 0 1 2,2 0.001 -1 1 188.05 575 2,14 0.001 -1 1 1,14 0.001 -1 0 2,13 0.001 0 1 205.034 605 14,1 0.001 -1 0 14,2 0.001 0 1 13,1 0.001 0 1 70.0451 365 12,13 0.001 0 -1 13,14 0.001 -1 -1 13,13 0.001 1 0 168.096 545 ::f,0,3 f,1,15 f,15,0 f,15,12 
283:2,1 0.001 1 0 1,2 0.001 -1 1 2,2 0.001 -1 0 188.051 575 2,14 0.001 -1 1 1,14 0.001 -1 0 2,13 0.001 -1 1 215.034 620 14,1 0.001 -1 -1 14,2 0.001 0 1 13,1 0.001 -1 1 70.0451 365 12,13 0.001 1 -1 13,14 0.001 0 -1 14,13 0.001 1 0 168.097 545 ::f,0,3 f,3,14 f,15,0 f,15,12 
284:2,1 0.001 1 0 1,2 0.001 -1 1 2,2 0.001 -1 0 198.051 590 2,14 0.001 -1 0 1,14 0.001 -1 -1 2,13 0.001 -1 1 215.034 620 14,1 0.001 -1 -1 14,2 0.001 -1 1 13,1 0.001 -1 1 70.0451 365 13,12 0.001 1 -1 13,13 0.001 0 -1 14,13 0.001 1 0 168.099 545 ::f,0,1 f,3,14 f,15,0 f,15,12 
285:2,1 0.001 1 1 1,2 0.001 -1 0 2,2 0.001 -1 0 198.051 590 2,14 0.001 -1 0 1,14 0.001 -1 -1 2,13 0.001 -1 0 215.034 620 14,1 0.001 0 -1 14,2 0.001 -1 1 13,1 0.001 -1 0 70.0451 365 13,12 0.001 1 -1 13,13 0.001 0 -1 14,13 0.001 1 1 168.099 545 ::f,0,1 f,3,14 f,15,0 f,15,12 
286:2,1 0.001 1 1 1,2 0.001 -1 0 2,2 0.001 -1 -1 198.051 590 2,14 0.001 -1 0 1,14 0.001 0 -1 2,13 0.001 -1 0 215.034 620 14,1 0.001 0 -1 14,2 0.001 -1 0 13,1 0.001 -1 0 70.0451 365 13,12 0.001 1 0 13,13 0.001 1 -1 14,13 0.001 1 1 168.099 545 ::f,0,1 f,3,14 f,15,0 f,15,12 
287:2,1 0.001 0 1 1,2 0.001 -1 -1 1,1 0.001 -1 -1 198.052 590 2,14 0.001 -1 -1 1,13 0.001 0 -1 2,13 0.001 -1 -1 215.035 620 14,1 0.001 1 -1 13,2 0.001 -1 0 13,1 0.001 -1 -1 70.0461 365 14,12 0.001 1 0 13,13 0.001 1 -1 14,13 0.001 0 1 168.1 545 ::f,0,1 f,3,14 f,15,0 f,15,12 
288:2,2 0.001 0 1 1,2 0.001 -1 -1 1,1 0.001 -1 -1 208.053 605 2,14 0.001 -1 -1 1,13 0.001 0 -1 2,13 0.001 -1 -1 215.035 620 14,1 0.001 1 -1 13,2 0.001 -1 0 13,1 0.001 -1 -1 79.0462 380 14,12 0.001 1 0 13,13 0.001 1 0 14,14 0.001 0 1 178.101 560 ::f,2,0 f,3,14 f,14,3 f,14,15 
289:2,2 0.001 0 1 1,2 0.001 0 -1 1,1 0.001 0 -1 208.053 605 2,14 0.001 0 -1 1,13 0.001 1 -1 2,13 0.001 0 -1 215.035 620 14,1 0.001 1 0 13,2 0.001 -1 -1 13,1 0.001 0 -1 79.0462 380 14,12 0.001 1 1 14,13 0.001 1 0 14,14 0.001 0 1 186.103 575 ::f,2,0 f,3,14 f,13,15 f,14,3 
290:2,2 0.001 -1 1 1,2 0.001 0 -1 1,1 0.001 0 -1 208.053 605 2,14 0.001 0 -1 1,13 0.001 1 -1 2,13 0.001 0 -1 215.035 620 14,1 0.001 1 0 13,2 0.001 -1 -1 13,1 0.001 0 -1 79.0462 380 15,13 0.001 1 1 14,13 0.001 1 0 14,14 0.001 -1 1 186.104 575 ::f,2,0 f,3,14 f,13,15 f,14,3 
291:2,2 0.001 -1 1 1,2 0.001 0 -1 1,1 0.001 1 -1 208.053 605 2,14 0.001 1 -1 1,13 0.001 1 0 2,13 0.001 1 -1 215.035 620 14,1 0.001 1 1 13,2 0.001 0 -1 13,1 0.001 1 -1 79.0462 380 15,13 0.001 1 1 14,13 0.001 1 1 14,14 0.001 -1 1 195.104 590 ::f,2,0 f,3,14 f,14,3 f,15,15 
292:2,2 0.001 -1 0 1,2 0.001 1 -1 1,1 0.001 1 -1 218.053 620 2,14 0.001 1 -1 1,13 0.001 1 0 2,13 0.001 1 -1 215.035 620 14,1 0.001 1 1 13,2 0.001 0 -1 13,1 0.001 1 -1 79.0462 380 15,13 0.001 0 1 14,13 0.001 1 1 14,14 0.001 -1 0 195.104 590 ::f,2,3 f,3,14 f,14,3 f,15,15 
293:2,2 0.001 -1 0 1,2 0.001 1 -1 1,1 0.001 1 0 218.053 620 2,14 0.001 1 0 1,13 0.001 1 0 2,13 0.001 1 0 215.035 620 14,1 0.001 0 1 13,2 0.001 0 -1 13,1 0.001 1 0 79.0462 380 15,14 0.001 0 1 14,13 0.001 0 1 13,14 0.001 -1 0 195.106 590 ::f,2,3 f,3,14 f,14,3 f,15,15 
294:2,2 0.001 -1 0 1,2 0.001 1 0 2,1 0.001 1 0 218.054 620 2,14 0.001 1 0 1,13 0.001 1 1 2,13 0.001 1 0 225.035 635 14,2 0.001 0 1 13,2 0.001 1 -1 14,1 0.001 1 0 79.0482 380 15,14 0.001 0 1 14,14 0.001 0 1 13,14 0.001 -1 0 205.107 605 ::f,2,3 f,2,12 f,14,3 f,14,15 
295:2,2 0.001 -1 -1 1,2 0.001 1 0 2,1 0.001 1 0 218.054 620 2,14 0.001 1 1 1,13 0.001 1 1 2,13 0.001 1 1 225.035 635 14,2 0.001 0 1 13,2 0.001 1 -1 14,1 0.001 1 0 93.0484 410 15,14 0.001 -1 1 14,14 0.001 0 1 13,14 0.001 -1 -1 215.107 620 ::f,2,3 f,2,12 f,12,15 f,15,1 
296:2,2 0.001 -1 -1 1,2 0.001 1 1 2,1 0.001 1 1 218.054 620 2,14 0.001 1 1 1,13 0.001 0 1 2,13 0.001 1 1 225.035 635 14,2 0.001 -1 1 13,2 0.001 1 0 14,1 0.001 1 1 93.0484 410 14,15 0.001 -1 1 14,14 0.001 -1 1 13,14 0.001 -1 -1 215.108 620 ::f,2,3 f,2,12 f,12,15 f,15,1 
297:2,2 0.001 0 -1 1,2 0.001 1 1 2,1 0.001 1 1 228.054 635 2,14 0.001 0 1 1,13 0.001 0 1 2,13 0.001 0 1 225.035 635 14,2 0.001 -1 1 13,2 0.001 1 0 14,1 0.001 1 1 93.0484 410 14,15 0.001 -1 1 14,14 0.001 -1 1 13,14 0.001 0 -1 215.108 620 ::f,0,3 f,2,12 f,12,15 f,15,1 
298:2,2 0.001 0 -1 1,2 0.001 0 1 2,1 0.001 0 1 228.054 635 2,14 0.001 0 1 1,13 0.001 -1 1 2,13 0.001 0 1 225.035 635 14,2 0.001 -1 0 13,2 0.001 1 0 14,1 0.001 0 1 93.0484 410 14,15 0.001 -1 0 14,14 0.001 -1 0 13,13 0.001 0 -1 215.109 620 ::f,0,3 f,2,12 f,12,15 f,15,1 
299:2,2 0.001 1 -1 1,2 0.001 0 1 2,1 0.001 0 1 228.054 635 2,14 0.001 -1 1 1,13 0.001 -1 1 2,13 0.001 0 1 225.035 635 14,2 0.001 -1 0 13,2 0.001 1 1 14,1 0.001 0 1 93.0484 410 13,15 0.001 -1 0 13,14 0.001 -1 0 13,13 0.001 0 -1 215.111 620 ::f,0,3 f,2,12 f,12,15 f,15,1 
