16
0:3,2 0.001 1 1 3,3 0.003 1 0 0,2 0.002 -1 1 0.002 50 2,15 0.001 -1 0 2,13 0.003 0 1 1,15 0.002 1 1 0.001 50 13,3 0.001 -1 1 12,0 0.003 -1 0 15,2 0.002 1 1 0.002 50 12,13 0.001 -1 -1 15,13 0.003 1 1 14,15 0.002 -1 1 0.001 50 ::f,0,12 f,1,2 f,12,2 f,13,14 
1:3,2 0.001 1 1 3,3 0.001 1 0 0,2 0.001 -1 1 0.002 50 2,15 0.001 -1 0 2,13 0.001 0 1 1,15 0.001 1 1 0.001 50 13,3 0.001 -1 1 12,0 0.001 -1 0 15,2 0.001 1 1 0.002 50 12,13 0.001 -1 -1 15,13 0.001 1 1 14,15 0.001 -1 1 0.001 50 ::f,0,12 f,1,2 f,12,2 f,13,14 
2:3,2 0.001 0 1 3,3 0.001 1 1 0,2 0.001 -1 0 0.002 50 2,15 0.001 -1 -1 2,13 0.001 -1 1 1,15 0.001 0 1 0.001 50 13,3 0.001 -1 0 12,0 0.001 -1 -1 15,2 0.001 0 1 0.002 50 12,13 0.001 0 -1 15,13 0.001 0 1 14,15 0.001 -1 0 0.001 50 ::f,0,12 f,1,2 f,12,2 f,13,14 
3:3,2 0.001 0 1 3,3 0.001 1 1 0,2 0.001 -1 0 0.002 50 2,15 0.001 -1 -1 2,13 0.001 -1 1 1,15 0.001 0 1 0.001 50 13,3 0.001 -1 0 12,0 0.001 -1 -1 15,2 0.001 0 1 0.002 50 12,13 0.001 0 -1 15,13 0.001 0 1 14,15 0.001 -1 0 0.001 50 ::f,0,12 f,1,2 f,12,2 f,13,14 
4:3,2 0.001 -1 1 3,3 0.001 0 1 0,2 0.001 -1 -1 0.002 50 2,15 0.001 0 -1 2,13 0.001 -1 0 1,15 0.001 -1 1 0.001 50 13,3 0.001 -1 -1 12,0 0.001 0 -1 15,2 0.001 -1 1 0.002 50 12,13 0.001 1 -1 15,13 0.001 -1 1 14,15 0.001 -1 -1 0.001 50 ::f,0,12 f,1,2 f,12,2 f,13,14 
5:3,2 0.001 -1 1 3,3 0.001 0 1 0,2 0.001 -1 -1 0.002 50 2,15 0.001 0 -1 2,13 0.001 -1 0 1,15 0.001 -1 1 0.001 50 13,3 0.001 -1 -1 12,0 0.001 0 -1 15,2 0.001 -1 1 0.0021 65 12,13 0.001 1 -1 15,13 0.001 -1 1 14,15 0.001 -1 -1 0.0011 65 ::f,0,12 f,1,2 f,14,1 f,15,14 
6:3,2 0.001 -1 0 3,3 0.001 -1 1 0,2 0.001 0 -1 0.002 50 2,15 0.001 1 -1 2,13 0.001 -1 -1 1,15 0.001 -1 0 0.001 50 13,3 0.001 0 -1 12,0 0.001 1 -1 15,2 0.001 -1 0 0.0021 65 12,13 0.001 1 0 15,13 0.001 -1 0 14,15 0.001 0 -1 0.0011 65 ::f,0,12 f,1,2 f,14,1 f,15,14 
7:3,2 0.001 -1 0 3,3 0.001 -1 1 0,2 0.001 0 -1 0.002 50 2,15 0.001 1 -1 2,13 0.001 -1 -1 1,15 0.001 -1 0 0.001 50 13,3 0.001 0 -1 12,0 0.001 1 -1 15,2 0.001 -1 0 0.0021 65 12,13 0.001 1 0 15,13 0.001 -1 0 14,15 0.001 0 -1 0.0011 65 ::f,0,12 f,1,2 f,14,1 f,15,14 
8:3,2 0.001 -1 -1 3,3 0.001 -1 0 0,2 0.001 1 -1 0.002 50 2,15 0.001 1 0 2,13 0.001 0 -1 1,15 0.001 -1 -1 0.001 50 13,3 0.001 1 -1 12,0 0.001 1 0 15,2 0.001 -1 -1 0.0021 65 12,13 0.001 1 1 15,13 0.001 -1 -1 14,15 0.001 1 -1 0.0011 65 ::f,0,12 f,1,2 f,14,1 f,15,14 
9:3,2 0.001 -1 -1 3,3 0.001 -1 0 0,2 0.001 1 -1 0.002 50 2,15 0.001 1 0 2,13 0.001 0 -1 1,15 0.001 -1 -1 0.001 50 13,3 0.001 1 -1 12,0 0.001 1 0 15,2 0.001 -1 -1 0.0022 80 12,13 0.001 1 1 15,13 0.001 -1 -1 14,15 0.001 1 -1 1.0012 80 ::f,0,12 f,1,2 f,14,0 f,15,12 
10:3,2 0.001 0 -1 3,3 0.001 -1 -1 0,2 0.001 1 0 0.002 50 2,15 0.001 1 1 2,13 0.001 1 -1 1,15 0.001 0 -1 0.001 50 13,3 0.001 1 0 12,0 0.001 1 1 15,2 0.001 0 -1 0.0022 80 12,13 0.001 0 1 15,13 0.001 0 -1 14,15 0.001 1 0 1.0012 80 ::f,0,12 f,1,2 f,14,0 f,15,12 
11:3,2 0.001 0 -1 2,2 0.001 -1 -1 0,2 0.001 1 0 0.003 50 2,15 0.001 1 1 2,13 0.001 1 -1 1,14 0.001 0 -1 0.002 50 13,3 0.001 1 1 13,1 0.001 1 1 15,2 0.001 0 -1 0.0032 80 12,13 0.001 0 1 15,13 0.001 0 -1 14,15 0.001 1 0 1.0013 95 ::f,0,12 f,1,2 f,13,13 f,14,0 
12:3,2 0.001 1 -1 2,2 0.001 -1 -1 0,2 0.001 1 0 0.0031 65 2,15 0.001 0 1 2,13 0.001 1 0 1,14 0.001 0 -1 0.002 50 13,3 0.001 0 1 14,2 0.001 1 1 15,2 0.001 1 -1 0.0042 80 12,13 0.001 -1 1 15,13 0.001 1 -1 14,15 0.001 1 1 1.0013 95 ::f,0,12 f,3,1 f,13,13 f,14,0 
13:3,2 0.001 1 -1 2,2 0.001 0 -1 0,2 0.001 1 1 0.0031 65 2,15 0.001 0 1 2,13 0.001 1 0 1,14 0.001 1 -1 0.002 50 13,3 0.001 -1 1 14,2 0.001 1 1 15,2 0.001 1 -1 0.0042 80 12,13 0.001 -1 1 15,13 0.001 1 -1 14,15 0.001 1 1 1.0013 95 ::f,0,12 f,3,1 f,13,13 f,14,0 
14:3,2 0.001 1 0 2,2 0.001 0 -1 0,2 0.001 1 1 0.0031 65 2,15 0.001 -1 1 2,13 0.001 1 1 1,14 0.001 1 -1 0.002 50 13,3 0.001 -1 1 14,2 0.001 0 1 15,2 0.001 1 0 0.0042 80 12,13 0.001 -1 0 15,13 0.001 1 0 14,15 0.001 0 1 1.0013 95 ::f,0,12 f,3,1 f,13,13 f,14,0 
15:3,2 0.001 1 0 2,2 0.001 1 -1 0,2 0.001 0 1 0.0031 65 2,15 0.001 -1 1 2,13 0.001 1 1 1,14 0.001 1 0 0.002 50 13,3 0.001 -1 0 14,2 0.001 0 1 15,2 0.001 1 0 0.0042 80 12,13 0.001 -1 0 15,13 0.001 1 0 14,15 0.001 0 1 1.0013 95 ::f,0,12 f,3,1 f,13,13 f,14,0 
16:3,2 0.001 1 1 2,2 0.001 1 -1 0,2 0.001 0 1 0.0032 80 2,15 0.001 -1 0 2,13 0.001 0 1 1,14 0.001 1 0 0.002 50 13,3 0.001 -1 0 14,2 0.001 -1 1 15,2 0.001 1 1 0.0042 80 12,13 0.001 -1 -1 15,13 0.001 1 1 14,15 0.001 -1 1 1.0013 95 ::f,0,12 f,2,3 f,13,13 f,14,0 
17:3,2 0.001 1 1 2,2 0.001 1 0 0,2 0.001 -1 1 0.0032 80 1,15 0.001 -1 0 2,14 0.001 0 1 1,14 0.001 1 1 0.004 50 13,3 0.001 -1 -1 14,2 0.001 -1 1 15,2 0.001 1 1 0.0042 80 12,13 0.001 -1 -1 15,13 0.001 1 1 14,15 0.001 -1 1 1.0013 95 ::f,0,12 f,2,3 f,13,13 f,14,0 
18:3,2 0.001 0 1 2,2 0.001 1 0 0,2 0.001 -1 1 0.0032 80 1,15 0.001 -1 0 2,14 0.001 0 1 1,14 0.001 1 1 0.004 50 12,2 0.001 -1 -1 14,2 0.001 -1 0 15,2 0.001 0 1 0.0052 80 12,13 0.001 0 -1 15,13 0.001 0 1 14,15 0.001 -1 0 1.0013 95 ::f,0,12 f,2,3 f,13,13 f,14,0 
19:3,2 0.001 0 1 2,2 0.001 1 1 0,2 0.001 -1 0 0.0032 80 1,15 0.001 -1 -1 2,14 0.001 -1 1 1,14 0.001 0 1 0.004 50 12,2 0.001 -1 -1 13,2 0.001 -1 0 15,2 0.001 0 1 0.0062 80 12,13 0.001 0 -1 15,14 0.001 0 1 13,15 0.001 -1 0 1.0033 95 ::f,0,12 f,2,3 f,13,13 f,14,0 
20:3,2 0.001 -1 1 2,2 0.001 1 1 0,2 0.001 -1 0 0.0032 80 1,15 0.001 -1 -1 2,14 0.001 -1 1 1,14 0.001 0 1 0.004 50 12,2 0.001 0 -1 13,2 0.001 -1 0 15,2 0.001 -1 1 0.0062 80 12,13 0.001 1 -1 15,14 0.001 0 1 13,15 0.001 -1 0 1.0033 95 ::f,0,12 f,2,3 f,13,13 f,14,0 
21:3,2 0.001 -1 1 2,2 0.001 0 1 0,2 0.001 -1 -1 0.0032 80 1,15 0.001 0 -1 2,14 0.001 -1 0 1,14 0.001 -1 1 0.004 50 12,1 0.001 0 -1 13,2 0.001 -1 -1 14,3 0.001 -1 1 0.0082 80 13,12 0.001 1 -1 15,14 0.001 -1 1 13,15 0.001 -1 -1 1.0043 95 ::f,0,12 f,2,3 f,13,13 f,14,0 
22:3,2 0.001 -1 1 2,2 0.001 0 1 0,2 0.001 -1 -1 0.0033 95 1,15 0.001 0 -1 2,14 0.001 -1 0 1,14 0.001 -1 1 0.004 50 12,1 0.001 0 -1 13,2 0.001 -1 -1 14,3 0.001 -1 1 0.0082 80 13,12 0.001 1 -1 14,15 0.001 -1 1 12,14 0.001 -1 -1 1.0063 95 ::f,0,12 f,3,0 f,13,13 f,14,0 
23:3,2 0.001 -1 0 2,2 0.001 -1 1 0,2 0.001 0 -1 0.0033 95 1,15 0.001 0 -1 2,14 0.001 -1 0 1,14 0.001 -1 0 0.004 50 12,1 0.001 1 -1 13,2 0.001 0 -1 14,3 0.001 -1 0 0.0082 80 13,12 0.001 1 0 14,15 0.001 -1 1 12,14 0.001 -1 -1 1.0063 95 ::f,0,12 f,3,0 f,13,13 f,14,0 
24:3,2 0.001 -1 0 1,3 0.001 -1 1 0,1 0.001 0 -1 0.0053 95 1,15 0.001 1 -1 2,14 0.001 -1 -1 1,14 0.001 -1 0 0.004 50 13,0 0.001 1 -1 13,1 0.001 0 -1 13,3 0.001 -1 0 0.0112 80 14,12 0.001 1 0 14,15 0.001 -1 0 12,14 0.001 0 -1 1.0073 95 ::f,0,12 f,3,0 f,13,13 f,14,0 
25:2,2 0.001 -1 0 1,3 0.001 -1 1 0,1 0.001 0 -1 0.0063 95 1,15 0.001 1 -1 1,13 0.001 -1 -1 1,14 0.001 -1 -1 0.005 50 13,0 0.001 1 -1 13,1 0.001 0 -1 13,3 0.001 -1 0 0.0112 80 14,12 0.001 1 0 13,15 0.001 -1 0 12,13 0.001 0 -1 1.0093 95 ::f,0,12 f,3,0 f,13,13 f,14,0 
26:2,2 0.001 -1 0 1,3 0.001 -1 0 0,1 0.001 1 -1 0.0063 95 1,15 0.001 1 0 1,13 0.001 -1 -1 0,13 0.001 -1 -1 0.0061 65 13,0 0.001 1 0 13,1 0.001 1 -1 13,3 0.001 -1 -1 0.0112 80 14,12 0.001 1 1 13,15 0.001 -1 0 12,13 0.001 0 -1 1.0093 95 ::f,3,0 f,3,13 f,13,13 f,14,0 
27:2,2 0.001 -1 -1 1,3 0.001 -1 0 0,1 0.001 1 -1 0.0063 95 1,15 0.001 1 0 1,13 0.001 0 -1 0,13 0.001 -1 -1 0.0061 65 13,0 0.001 1 0 13,1 0.001 1 -1 12,2 0.001 -1 -1 1.0123 95 15,13 0.001 1 1 13,15 0.001 -1 -1 12,13 0.001 1 -1 1.0103 95 ::f,3,0 f,3,13 f,13,13 f,15,2 
28:2,2 0.001 -1 -1 1,3 0.001 -1 -1 0,1 0.001 1 0 0.0063 95 1,15 0.001 1 1 1,13 0.001 0 -1 0,13 0.001 0 -1 0.0061 65 13,0 0.001 1 1 13,1 0.001 1 0 12,2 0.001 -1 -1 1.0123 95 15,13 0.001 1 1 12,14 0.001 -1 -1 13,12 0.001 1 -1 1.0123 95 ::f,3,0 f,3,13 f,13,13 f,15,2 
29:2,2 0.001 0 -1 0,2 0.001 -1 -1 1,1 0.001 1 0 0.0083 95 1,15 0.001 1 1 1,13 0.001 1 -1 0,13 0.001 0 -1 0.0061 65 14,1 0.001 1 1 13,1 0.001 1 0 12,2 0.001 0 -1 1.0133 95 15,13 0.001 0 1 12,14 0.001 -1 -1 13,12 0.001 1 -1 1.0123 95 ::f,3,0 f,3,13 f,13,13 f,15,2 
30:2,2 0.001 0 -1 0,2 0.001 -1 -1 1,1 0.001 1 0 0.0083 95 1,15 0.001 0 1 1,13 0.001 1 -1 0,13 0.001 1 -1 0.0061 65 14,1 0.001 1 1 13,1 0.001 1 0 12,1 0.001 0 -1 3.0144 110 15,14 0.001 0 1 12,14 0.001 0 -1 13,12 0.001 1 0 1.0133 95 ::f,3,0 f,3,13 f,12,0 f,13,13 
31:2,2 0.001 1 -1 0,2 0.001 0 -1 1,1 0.001 1 1 0.0083 95 1,15 0.001 0 1 1,13 0.001 1 0 1,12 0.001 1 -1 0.0071 65 14,1 0.001 0 1 13,1 0.001 1 1 12,1 0.001 0 -1 4.0145 125 15,14 0.001 0 1 12,13 0.001 0 -1 14,12 0.001 1 0 1.0153 95 ::f,3,0 f,3,13 f,13,3 f,13,13 
32:2,2 0.001 1 -1 0,2 0.001 0 -1 1,1 0.001 1 1 0.0083 95 1,15 0.001 -1 1 2,13 0.001 1 0 1,12 0.001 1 -1 0.0081 65 14,2 0.001 0 1 13,1 0.001 1 1 12,1 0.001 1 -1 4.0155 125 15,14 0.001 -1 1 12,13 0.001 0 -1 14,12 0.001 1 0 1.0153 95 ::f,3,0 f,3,13 f,13,3 f,13,13 
33:2,2 0.001 1 0 0,2 0.001 1 -1 1,1 0.001 0 1 0.0083 95 1,15 0.001 -1 1 2,13 0.001 1 0 1,12 0.001 1 0 1.0082 80 14,2 0.001 0 1 13,1 0.001 0 1 13,0 0.001 1 -1 4.0165 125 14,15 0.001 -1 1 12,13 0.001 1 -1 14,12 0.001 1 1 1.0163 95 ::f,3,0 f,3,12 f,13,3 f,13,13 
34:2,2 0.001 1 0 0,2 0.001 1 -1 1,1 0.001 0 1 0.0083 95 1,15 0.001 -1 0 2,13 0.001 1 1 2,12 0.001 1 0 1.0092 80 14,2 0.001 -1 1 13,1 0.001 0 1 13,0 0.001 1 -1 4.0165 125 14,15 0.001 -1 1 13,12 0.001 1 -1 15,13 0.001 1 1 1.0183 95 ::f,3,0 f,3,12 f,13,3 f,13,13 
35:2,2 0.001 1 1 0,2 0.001 1 -1 1,1 0.001 -1 1 0.0083 95 1,15 0.001 -1 0 2,13 0.001 1 1 2,12 0.001 1 0 1.0093 95 14,2 0.001 -1 1 13,1 0.001 -1 1 13,0 0.001 1 0 7.0166 140 14,15 0.001 -1 0 13,12 0.001 1 -1 15,13 0.001 1 1 1.0183 95 ::f,3,0 f,3,13 f,12,2 f,13,13 
36:2,2 0.001 1 1 0,2 0.001 1 0 1,1 0.001 -1 1 0.0083 95 1,15 0.001 -1 -1 2,13 0.001 0 1 2,12 0.001 1 1 1.0093 95 14,2 0.001 -1 0 13,1 0.001 -1 1 14,0 0.001 1 0 7.0177 155 13,15 0.001 -1 0 13,12 0.001 1 0 15,13 0.001 0 1 1.0193 95 ::f,3,0 f,3,13 f,13,13 f,15,2 
37:2,2 0.001 0 1 0,2 0.001 1 0 1,1 0.001 -1 0 0.0083 95 1,15 0.001 -1 -1 2,14 0.001 0 1 2,12 0.001 1 1 1.0103 95 13,2 0.001 -1 0 13,1 0.001 -1 0 14,0 0.001 1 0 7.0187 155 13,15 0.001 -1 0 14,12 0.001 1 0 15,14 0.001 0 1 1.0213 95 ::f,3,0 f,3,13 f,13,13 f,15,2 
38:2,2 0.001 0 1 0,2 0.001 1 1 1,1 0.001 -1 0 0.0083 95 1,15 0.001 0 -1 2,14 0.001 0 1 2,12 0.001 1 1 2.0104 110 13,2 0.001 -1 0 13,1 0.001 -1 0 14,0 0.001 1 1 7.0187 155 13,15 0.001 -1 -1 14,12 0.001 1 0 15,14 0.001 0 1 1.0213 95 ::f,1,13 f,3,0 f,13,13 f,15,2 
39:2,2 0.001 -1 1 0,2 0.001 1 1 1,1 0.001 -1 -1 0.0083 95 1,14 0.001 0 -1 2,14 0.001 -1 1 2,12 0.001 0 1 2.0114 110 13,2 0.001 -1 -1 13,1 0.001 -1 -1 15,1 0.001 1 1 7.0197 155 12,14 0.001 -1 -1 14,12 0.001 1 1 15,14 0.001 -1 1 1.0223 95 ::f,1,13 f,3,0 f,13,13 f,15,2 
40:1,3 0.001 -1 1 0,2 0.001 0 1 1,1 0.001 -1 -1 0.0093 95 1,14 0.001 0 -1 2,14 0.001 -1 1 2,13 0.001 0 1 2.0125 125 13,2 0.001 -1 -1 13,1 0.001 -1 -1 15,1 0.001 1 1 7.0197 155 12,14 0.001 -1 -1 15,13 0.001 1 1 14,15 0.001 -1 1 1.0243 95 ::f,1,13 f,3,0 f,13,13 f,15,2 
41:1,3 0.001 -1 1 0,2 0.001 0 1 1,1 0.001 0 -1 0.0093 95 1,14 0.001 1 -1 2,14 0.001 -1 0 2,13 0.001 0 1 2.0125 125 13,2 0.001 0 -1 13,1 0.001 0 -1 15,1 0.001 0 1 7.0197 155 12,14 0.001 0 -1 15,13 0.001 1 1 14,15 0.001 -1 1 1.0243 95 ::f,1,13 f,3,0 f,13,13 f,15,2 
42:1,3 0.001 -1 0 0,2 0.001 -1 1 1,1 0.001 0 -1 0.0093 95 1,14 0.001 1 -1 2,14 0.001 -1 0 2,13 0.001 -1 1 2.0125 125 13,2 0.001 0 -1 13,1 0.001 0 -1 15,1 0.001 0 1 9.0198 170 12,13 0.001 0 -1 15,13 0.001 0 1 14,15 0.001 -1 0 1.0253 95 ::f,1,13 f,3,0 f,13,13 f,14,1 
43:1,3 0.001 -1 0 0,2 0.001 -1 1 1,1 0.001 1 -1 0.0093 95 1,14 0.001 1 0 2,14 0.001 -1 0 2,13 0.001 -1 1 2.0125 125 13,2 0.001 0 -1 13,1 0.001 1 -1 15,1 0.001 -1 1 9.0198 170 12,13 0.001 0 -1 15,14 0.001 0 1 13,15 0.001 -1 0 1.0273 95 ::f,1,13 f,3,0 f,13,13 f,14,1 
44:1,3 0.001 -1 -1 0,2 0.001 -1 0 1,1 0.001 1 -1 0.0093 95 1,14 0.001 1 0 2,14 0.001 -1 -1 2,13 0.001 -1 0 2.0125 125 13,2 0.001 1 -1 14,0 0.001 1 -1 14,2 0.001 -1 1 9.0218 170 12,13 0.001 1 -1 15,14 0.001 0 1 13,15 0.001 -1 0 1.0273 95 ::f,1,13 f,3,0 f,13,13 f,14,1 
45:1,3 0.001 -1 -1 0,2 0.001 -1 0 1,1 0.001 1 0 0.0093 95 1,14 0.001 1 1 2,14 0.001 -1 -1 2,13 0.001 -1 0 4.0126 140 13,2 0.001 1 -1 14,0 0.001 1 -1 14,2 0.001 -1 1 9.0218 170 13,12 0.001 1 -1 15,14 0.001 -1 1 13,15 0.001 -1 -1 1.0283 95 ::f,0,13 f,3,0 f,13,13 f,14,1 
46:1,3 0.001 -1 -1 0,2 0.001 -1 -1 2,1 0.001 1 0 0.0103 95 1,14 0.001 1 1 1,13 0.001 -1 -1 2,13 0.001 -1 -1 4.0136 140 13,2 0.001 1 -1 14,0 0.001 1 0 14,2 0.001 -1 0 13.0219 185 13,12 0.001 1 -1 14,15 0.001 -1 1 12,14 0.001 -1 -1 1.0303 95 ::f,0,13 f,3,0 f,13,3 f,13,13 
47:1,3 0.001 0 -1 0,2 0.001 -1 -1 2,1 0.001 1 0 0.0103 95 1,14 0.001 0 1 1,13 0.001 -1 -1 2,13 0.001 -1 -1 4.0136 140 13,2 0.001 1 0 14,0 0.001 1 0 14,2 0.001 -1 0 13.0219 185 13,12 0.001 1 0 14,15 0.001 -1 1 12,14 0.001 -1 -1 1.0303 95 ::f,0,13 f,3,0 f,13,3 f,13,13 
48:1,2 0.001 0 -1 0,2 0.001 0 -1 2,1 0.001 1 1 0.0113 95 1,14 0.001 0 1 1,13 0.001 0 -1 2,13 0.001 0 -1 4.0136 140 13,2 0.001 1 0 14,0 0.001 1 1 14,2 0.001 -1 -1 13.0219 185 14,12 0.001 1 0 14,15 0.001 -1 0 12,14 0.001 0 -1 1.0313 95 ::f,0,13 f,3,0 f,13,3 f,13,13 
49:1,2 0.001 0 -1 0,1 0.001 0 -1 2,1 0.001 1 1 0.0123 95 1,14 0.001 -1 1 1,13 0.001 0 -1 2,13 0.001 0 -1 4.0136 140 13,2 0.001 1 1 15,1 0.001 1 1 14,2 0.001 -1 -1 13.0229 185 14,12 0.001 1 0 13,15 0.001 -1 0 12,13 0.001 0 -1 1.0333 95 ::f,0,13 f,3,0 f,13,3 f,13,13 
50:1,2 0.001 1 -1 0,1 0.001 0 -1 2,1 0.001 0 1 0.0123 95 1,14 0.001 -1 1 1,13 0.001 1 -1 2,13 0.001 1 -1 4.0136 140 13,2 0.001 1 1 15,1 0.001 1 1 14,2 0.001 0 -1 13.0229 185 14,12 0.001 1 1 13,15 0.001 -1 0 12,13 0.001 0 -1 1.0333 95 ::f,0,13 f,3,0 f,13,3 f,13,13 
51:1,2 0.001 1 -1 0,1 0.001 1 -1 2,2 0.001 0 1 0.0133 95 1,14 0.001 -1 0 1,13 0.001 1 -1 2,13 0.001 1 -1 4.0136 140 13,2 0.001 0 1 15,1 0.001 0 1 14,2 0.001 0 -1 13.0229 185 15,13 0.001 1 1 13,15 0.001 -1 -1 12,13 0.001 1 -1 1.0343 95 ::f,0,13 f,3,0 f,13,3 f,13,13 
52:1,2 0.001 1 0 1,0 0.001 1 -1 2,2 0.001 0 1 0.0143 95 1,14 0.001 -1 0 1,13 0.001 1 0 2,13 0.001 1 0 4.0136 140 13,2 0.001 0 1 15,2 0.001 0 1 14,2 0.001 1 -1 18.024 200 15,13 0.001 1 1 12,14 0.001 -1 -1 13,12 0.001 1 -1 1.0363 95 ::f,0,13 f,3,0 f,12,3 f,13,13 
53:1,2 0.001 1 0 1,0 0.001 1 -1 2,2 0.001 -1 1 0.0143 95 1,14 0.001 -1 -1 1,13 0.001 1 0 2,13 0.001 1 0 4.0136 140 13,2 0.001 -1 1 15,2 0.001 0 1 14,2 0.001 1 -1 18.024 200 15,13 0.001 0 1 12,14 0.001 -1 -1 13,12 0.001 1 -1 1.0363 95 ::f,0,13 f,3,0 f,12,3 f,13,13 
54:1,2 0.001 1 1 1,0 0.001 1 0 2,2 0.001 -1 1 0.0143 95 1,14 0.001 -1 -1 1,13 0.001 1 0 2,13 0.001 1 1 5.0137 155 13,2 0.001 -1 1 15,2 0.001 -1 1 14,2 0.001 1 0 24.0241 215 15,14 0.001 0 1 12,14 0.001 0 -1 13,12 0.001 1 0 1.0373 95 ::f,3,0 f,3,14 f,13,3 f,13,13 
55:1,2 0.001 1 1 2,0 0.001 1 0 2,2 0.001 -1 0 0.0153 95 1,14 0.001 0 -1 1,13 0.001 1 1 2,13 0.001 1 1 5.0137 155 13,2 0.001 -1 0 14,3 0.001 -1 1 14,2 0.001 1 0 24.0251 215 15,14 0.001 0 1 12,13 0.001 0 -1 14,12 0.001 1 0 1.0393 95 ::f,3,0 f,3,14 f,13,3 f,13,13 
56:1,2 0.001 0 1 2,0 0.001 1 0 2,2 0.001 -1 0 1.0154 110 1,14 0.001 0 -1 2,14 0.001 1 1 2,13 0.001 1 1 7.0148 170 13,2 0.001 -1 0 14,3 0.001 -1 1 14,2 0.001 1 1 24.0251 215 15,14 0.001 -1 1 12,13 0.001 0 -1 14,12 0.001 1 0 1.0393 95 ::f,0,2 f,0,15 f,13,3 f,13,13 
57:1,2 0.001 0 1 2,0 0.001 1 1 2,2 0.001 -1 0 1.0154 110 1,14 0.001 0 -1 2,14 0.001 1 1 2,13 0.001 0 1 7.0148 170 13,2 0.001 -1 -1 14,3 0.001 -1 0 14,2 0.001 1 1 24.0251 215 14,15 0.001 -1 1 12,13 0.001 1 -1 14,12 0.001 1 1 1.0403 95 ::f,0,2 f,0,15 f,13,3 f,13,13 
58:1,2 0.001 -1 1 3,1 0.001 1 1 2,2 0.001 -1 -1 1.0164 110 1,14 0.001 1 -1 2,14 0.001 0 1 2,13 0.001 0 1 7.0148 170 12,1 0.001 -1 -1 14,3 0.001 -1 0 14,2 0.001 0 1 25.0262 230 14,15 0.001 -1 1 13,12 0.001 1 -1 15,13 0.001 1 1 1.0423 95 ::f,0,2 f,0,15 f,13,13 f,15,0 
59:1,2 0.001 -1 1 3,1 0.001 1 1 2,2 0.001 -1 -1 1.0164 110 1,14 0.001 1 -1 2,14 0.001 0 1 2,13 0.001 0 1 7.0148 170 12,1 0.001 -1 -1 14,3 0.001 -1 -1 14,2 0.001 0 1 25.0262 230 14,15 0.001 -1 0 13,12 0.001 1 -1 15,13 0.001 1 1 1.0423 95 ::f,0,2 f,0,15 f,13,13 f,15,0 
60:1,2 0.001 -1 0 3,1 0.001 0 1 2,2 0.001 0 -1 1.0164 110 1,14 0.001 1 0 2,14 0.001 -1 1 2,13 0.001 -1 1 7.0148 170 12,1 0.001 0 -1 13,2 0.001 -1 -1 14,2 0.001 -1 1 25.0272 230 13,15 0.001 -1 0 13,12 0.001 1 0 15,13 0.001 0 1 1.0433 95 ::f,0,2 f,0,15 f,13,13 f,15,0 
61:1,2 0.001 -1 0 3,1 0.001 0 1 2,2 0.001 0 -1 2.0165 125 1,14 0.001 1 0 2,14 0.001 -1 1 2,13 0.001 -1 1 7.0148 170 12,1 0.001 0 -1 13,2 0.001 -1 -1 13,3 0.001 -1 1 25.0282 230 13,15 0.001 -1 0 14,12 0.001 1 0 15,14 0.001 0 1 1.0453 95 ::f,0,15 f,3,2 f,13,13 f,15,0 
62:1,2 0.001 -1 -1 3,1 0.001 0 1 2,2 0.001 1 -1 4.0166 140 1,14 0.001 1 1 2,14 0.001 -1 0 2,13 0.001 -1 0 7.0148 170 12,1 0.001 1 -1 13,2 0.001 0 -1 13,3 0.001 -1 1 25.0282 230 13,15 0.001 -1 -1 14,12 0.001 1 0 15,14 0.001 0 1 1.0453 95 ::f,0,15 f,2,1 f,13,13 f,15,0 
63:0,1 0.001 -1 -1 3,1 0.001 -1 1 2,2 0.001 1 -1 4.0176 140 1,14 0.001 1 1 2,14 0.001 -1 0 2,13 0.001 -1 0 7.0148 170 13,0 0.001 1 -1 13,1 0.001 0 -1 13,3 0.001 -1 0 25.0302 230 12,14 0.001 -1 -1 14,12 0.001 1 1 15,14 0.001 -1 1 1.0463 95 ::f,0,15 f,2,1 f,13,13 f,15,0 
64:0,1 0.001 -1 -1 3,1 0.001 -1 1 2,2 0.001 1 0 4.0176 140 1,14 0.001 0 1 2,14 0.001 -1 0 2,13 0.001 -1 -1 7.0148 170 13,0 0.001 1 -1 13,1 0.001 0 -1 13,3 0.001 -1 0 25.0302 230 12,14 0.001 -1 -1 15,13 0.001 1 1 14,15 0.001 -1 1 1.0483 95 ::f,0,15 f,2,1 f,13,13 f,15,0 
65:0,1 0.001 0 -1 3,1 0.001 -1 1 2,2 0.001 1 0 4.0176 140 1,14 0.001 0 1 2,14 0.001 -1 -1 2,13 0.001 -1 -1 7.0148 170 13,0 0.001 1 0 13,1 0.001 1 -1 13,3 0.001 -1 -1 25.0302 230 12,14 0.001 0 -1 15,13 0.001 1 1 14,15 0.001 -1 1 1.0483 95 ::f,0,15 f,2,1 f,13,13 f,15,0 
66:0,1 0.001 0 -1 3,1 0.001 -1 0 2,2 0.001 1 1 4.0176 140 1,14 0.001 -1 1 2,14 0.001 -1 -1 2,13 0.001 0 -1 7.0148 170 14,0 0.001 1 0 13,1 0.001 1 -1 12,2 0.001 -1 -1 25.0322 230 12,13 0.001 0 -1 15,13 0.001 0 1 14,15 0.001 -1 0 1.0493 95 ::f,0,15 f,2,1 f,13,13 f,15,0 
67:0,1 0.001 1 -1 3,1 0.001 -1 0 2,2 0.001 1 1 7.0177 155 1,14 0.001 -1 1 2,14 0.001 0 -1 2,13 0.001 0 -1 9.0149 185 14,0 0.001 1 0 13,1 0.001 1 -1 12,2 0.001 -1 -1 32.0323 245 12,13 0.001 0 -1 15,14 0.001 0 1 13,15 0.001 -1 0 1.0513 95 ::f,0,0 f,0,14 f,13,0 f,13,13 
68:1,0 0.001 1 -1 2,1 0.001 -1 0 2,2 0.001 0 1 7.0197 155 1,14 0.001 -1 0 2,14 0.001 0 -1 2,13 0.001 1 -1 9.0149 185 14,0 0.001 1 1 13,1 0.001 1 0 12,2 0.001 0 -1 32.0323 245 12,13 0.001 1 -1 15,14 0.001 0 1 13,15 0.001 -1 0 1.0513 95 ::f,0,0 f,0,14 f,13,0 f,13,13 
69:1,0 0.001 1 -1 2,1 0.001 -1 0 2,2 0.001 0 1 7.0197 155 1,14 0.001 -1 0 2,14 0.001 1 -1 2,13 0.001 1 -1 12.015 200 15,1 0.001 1 1 14,1 0.001 1 0 12,1 0.001 0 -1 32.0353 245 13,12 0.001 1 -1 15,14 0.001 -1 1 13,15 0.001 -1 -1 1.0523 95 ::f,0,0 f,3,14 f,13,0 f,13,13 
70:1,0 0.001 1 0 2,1 0.001 -1 -1 2,2 0.001 -1 1 7.0197 155 1,14 0.001 -1 -1 2,14 0.001 1 -1 2,13 0.001 1 0 12.015 200 15,1 0.001 1 1 14,1 0.001 1 0 12,1 0.001 0 -1 32.0353 245 13,12 0.001 1 -1 14,15 0.001 -1 1 12,14 0.001 -1 -1 1.0543 95 ::f,0,0 f,3,14 f,13,0 f,13,13 
71:2,0 0.001 1 0 2,1 0.001 -1 -1 2,2 0.001 -1 1 7.0207 155 1,14 0.001 -1 -1 2,14 0.001 1 0 2,13 0.001 1 0 12.015 200 15,1 0.001 0 1 14,1 0.001 1 1 12,1 0.001 1 -1 32.0353 245 13,12 0.001 1 0 14,15 0.001 -1 1 12,14 0.001 -1 -1 1.0543 95 ::f,0,0 f,3,14 f,13,0 f,13,13 
72:2,0 0.001 1 0 2,1 0.001 0 -1 2,2 0.001 -1 0 7.0207 155 1,14 0.001 0 -1 2,14 0.001 1 0 2,13 0.001 1 1 15.0151 215 15,2 0.001 0 1 14,1 0.001 1 1 12,1 0.001 1 -1 35.0364 260 14,12 0.001 1 0 14,15 0.001 -1 0 12,14 0.001 0 -1 1.0553 95 ::f,0,0 f,1,15 f,13,2 f,13,13 
73:2,0 0.001 1 1 2,1 0.001 0 -1 1,2 0.001 -1 0 7.0217 155 1,13 0.001 0 -1 2,14 0.001 1 1 3,14 0.001 1 1 15.0171 215 15,2 0.001 0 1 14,1 0.001 1 1 12,1 0.001 1 0 35.0364 260 14,12 0.001 1 0 13,15 0.001 -1 0 12,13 0.001 0 -1 1.0573 95 ::f,0,0 f,1,15 f,13,2 f,13,13 
74:3,1 0.001 1 1 2,1 0.001 1 -1 1,2 0.001 -1 0 7.0227 155 1,13 0.001 0 -1 2,14 0.001 1 1 3,14 0.001 1 1 15.0171 215 15,2 0.001 -1 1 14,1 0.001 0 1 13,1 0.001 1 0 35.0374 260 14,12 0.001 1 1 13,15 0.001 -1 0 12,13 0.001 0 -1 1.0573 95 ::f,0,0 f,1,15 f,13,2 f,13,13 
75:3,1 0.001 1 1 2,1 0.001 1 -1 1,2 0.001 -1 -1 7.0227 155 1,13 0.001 1 -1 2,14 0.001 0 1 3,14 0.001 0 1 15.0171 215 14,3 0.001 -1 1 14,2 0.001 0 1 13,1 0.001 1 0 35.0394 260 15,13 0.001 1 1 13,15 0.001 -1 -1 12,13 0.001 1 -1 1.0583 95 ::f,0,0 f,1,15 f,13,2 f,13,13 
76:3,1 0.001 0 1 2,1 0.001 1 0 1,2 0.001 -1 -1 7.0227 155 1,13 0.001 1 -1 2,14 0.001 0 1 3,14 0.001 0 1 15.0171 215 14,3 0.001 -1 1 14,2 0.001 0 1 13,1 0.001 1 1 35.0394 260 15,13 0.001 1 1 12,14 0.001 -1 -1 13,12 0.001 1 -1 1.0603 95 ::f,0,0 f,1,15 f,13,2 f,13,13 
77:3,2 0.001 0 1 2,1 0.001 1 0 1,2 0.001 0 -1 7.0237 155 1,13 0.001 1 0 2,14 0.001 -1 1 3,14 0.001 -1 1 15.0171 215 14,3 0.001 -1 0 14,2 0.001 -1 1 13,1 0.001 1 1 35.0394 260 15,13 0.001 0 1 12,14 0.001 -1 -1 13,12 0.001 1 -1 1.0603 95 ::f,0,0 f,1,15 f,13,2 f,13,13 
78:3,2 0.001 0 1 2,1 0.001 1 1 1,1 0.001 0 -1 7.0247 155 2,13 0.001 1 0 2,14 0.001 -1 1 2,15 0.001 -1 1 19.0192 230 13,3 0.001 -1 0 14,2 0.001 -1 1 13,1 0.001 1 1 35.0404 260 15,14 0.001 0 1 12,14 0.001 0 -1 13,12 0.001 1 0 1.0613 95 ::f,0,0 f,0,12 f,13,2 f,13,13 
79:3,2 0.001 -1 1 2,1 0.001 1 1 1,1 0.001 0 -1 7.0247 155 2,13 0.001 1 0 2,14 0.001 -1 0 2,15 0.001 -1 1 19.0192 230 13,3 0.001 -1 0 14,2 0.001 -1 0 13,1 0.001 0 1 35.0404 260 15,14 0.001 0 1 12,13 0.001 0 -1 14,12 0.001 1 0 1.0633 95 ::f,0,0 f,0,12 f,13,2 f,13,13 
80:2,3 0.001 -1 1 2,1 0.001 1 1 1,1 0.001 1 -1 7.0257 155 2,13 0.001 1 1 1,14 0.001 -1 0 2,15 0.001 -1 0 19.0202 230 13,3 0.001 -1 -1 14,2 0.001 -1 0 13,1 0.001 0 1 39.0405 275 15,14 0.001 -1 1 12,13 0.001 0 -1 14,12 0.001 1 0 1.0633 95 ::f,0,0 f,0,12 f,13,13 f,15,2 
81:2,3 0.001 -1 1 2,1 0.001 0 1 1,1 0.001 1 -1 7.0257 155 2,13 0.001 1 1 1,14 0.001 -1 0 1,15 0.001 -1 0 19.0212 230 12,2 0.001 -1 -1 14,2 0.001 -1 0 13,1 0.001 -1 1 39.0415 275 14,15 0.001 -1 1 12,13 0.001 1 -1 14,12 0.001 1 1 1.0643 95 ::f,0,0 f,0,12 f,13,13 f,15,2 
82:2,3 0.001 -1 0 2,2 0.001 0 1 1,1 0.001 1 0 7.0267 155 2,13 0.001 0 1 1,14 0.001 -1 -1 1,15 0.001 -1 0 19.0212 230 12,2 0.001 -1 -1 14,2 0.001 -1 -1 13,1 0.001 -1 1 39.0415 275 14,15 0.001 -1 1 13,12 0.001 1 -1 15,13 0.001 1 1 1.0663 95 ::f,0,0 f,0,12 f,13,13 f,15,2 
83:1,3 0.001 -1 0 2,2 0.001 0 1 2,1 0.001 1 0 7.0287 155 2,14 0.001 0 1 1,14 0.001 -1 -1 1,15 0.001 -1 -1 19.0222 230 12,2 0.001 0 -1 14,2 0.001 -1 -1 13,1 0.001 -1 0 39.0415 275 14,15 0.001 -1 0 13,12 0.001 1 -1 15,13 0.001 1 1 1.0663 95 ::f,0,0 f,0,12 f,13,13 f,15,2 
84:1,3 0.001 -1 0 2,2 0.001 -1 1 2,1 0.001 1 0 7.0287 155 2,14 0.001 0 1 1,14 0.001 0 -1 0,14 0.001 -1 -1 19.0232 230 12,1 0.001 0 -1 14,2 0.001 -1 -1 13,1 0.001 -1 0 39.0425 275 13,15 0.001 -1 0 13,12 0.001 1 0 15,13 0.001 0 1 1.0673 95 ::f,0,0 f,0,12 f,13,13 f,15,2 
85:1,3 0.001 -1 -1 2,2 0.001 -1 1 2,1 0.001 1 1 7.0287 155 2,14 0.001 -1 1 1,13 0.001 0 -1 0,14 0.001 -1 -1 19.0242 230 12,1 0.001 0 -1 14,2 0.001 -1 -1 13,1 0.001 -1 -1 39.0425 275 13,15 0.001 -1 0 14,12 0.001 1 0 15,14 0.001 0 1 1.0693 95 ::f,0,0 f,0,12 f,13,13 f,15,2 
86:0,2 0.001 -1 -1 2,2 0.001 -1 0 2,1 0.001 1 1 7.0297 155 2,14 0.001 -1 1 1,13 0.001 0 -1 0,14 0.001 0 -1 19.0242 230 12,1 0.001 1 -1 14,2 0.001 0 -1 13,1 0.001 -1 -1 39.0425 275 13,15 0.001 -1 -1 14,12 0.001 1 0 15,14 0.001 0 1 1.0693 95 ::f,0,0 f,0,12 f,13,13 f,15,2 
87:0,2 0.001 -1 -1 1,2 0.001 -1 0 2,1 0.001 0 1 7.0307 155 2,14 0.001 -1 0 1,13 0.001 1 -1 0,13 0.001 0 -1 19.0252 230 13,0 0.001 1 -1 14,2 0.001 0 -1 13,1 0.001 0 -1 39.0435 275 12,14 0.001 -1 -1 14,12 0.001 1 1 15,14 0.001 -1 1 1.0703 95 ::f,0,0 f,0,12 f,13,13 f,15,2 
88:0,2 0.001 0 -1 1,2 0.001 -1 0 2,2 0.001 0 1 7.0317 155 1,14 0.001 -1 0 1,13 0.001 1 -1 0,13 0.001 0 -1 22.0263 245 13,0 0.001 1 -1 14,2 0.001 1 -1 13,1 0.001 0 -1 39.0435 275 12,14 0.001 -1 -1 15,13 0.001 1 1 14,15 0.001 -1 1 1.0723 95 ::f,0,0 f,3,15 f,13,13 f,15,2 
89:0,1 0.001 0 -1 1,2 0.001 -1 -1 2,2 0.001 0 1 7.0327 155 1,14 0.001 -1 0 1,13 0.001 1 0 0,13 0.001 1 -1 22.0263 245 13,0 0.001 1 0 14,2 0.001 1 -1 13,1 0.001 1 -1 39.0435 275 12,14 0.001 0 -1 15,13 0.001 1 1 14,15 0.001 -1 1 1.0723 95 ::f,0,0 f,3,15 f,13,13 f,15,2 
90:0,1 0.001 0 -1 1,2 0.001 -1 -1 2,2 0.001 -1 1 9.0328 170 1,14 0.001 -1 -1 2,13 0.001 1 0 1,12 0.001 1 -1 22.0283 245 14,0 0.001 1 0 14,2 0.001 1 0 13,1 0.001 1 -1 39.0445 275 12,13 0.001 0 -1 15,13 0.001 0 1 14,15 0.001 -1 0 1.0733 95 ::f,1,3 f,3,15 f,13,13 f,15,2 
91:0,1 0.001 1 -1 1,2 0.001 0 -1 2,2 0.001 -1 1 10.0329 185 1,14 0.001 -1 -1 2,13 0.001 1 0 1,12 0.001 1 -1 22.0283 245 14,0 0.001 1 0 14,2 0.001 1 0 13,1 0.001 1 -1 41.0446 290 12,13 0.001 0 -1 15,14 0.001 0 1 13,15 0.001 -1 0 1.0753 95 ::f,3,3 f,3,15 f,12,3 f,13,13 
92:1,0 0.001 1 -1 1,1 0.001 0 -1 2,2 0.001 -1 0 10.0349 185 1,14 0.001 0 -1 2,13 0.001 1 1 1,12 0.001 1 0 22.0283 245 14,0 0.001 1 1 14,2 0.001 1 1 13,1 0.001 1 0 41.0446 290 12,13 0.001 1 -1 15,14 0.001 0 1 13,15 0.001 -1 0 1.0753 95 ::f,3,3 f,3,15 f,12,3 f,13,13 
93:1,0 0.001 1 -1 1,1 0.001 0 -1 1,2 0.001 -1 0 10.0359 185 1,13 0.001 0 -1 2,13 0.001 1 1 2,12 0.001 1 0 22.0303 245 15,1 0.001 1 1 14,2 0.001 1 1 14,1 0.001 1 0 41.0466 290 13,12 0.001 1 -1 15,14 0.001 -1 1 13,15 0.001 -1 -1 1.0763 95 ::f,3,3 f,3,15 f,12,3 f,13,13 
94:1,0 0.001 1 0 1,1 0.001 1 -1 1,2 0.001 -1 0 10.0359 185 1,13 0.001 0 -1 2,13 0.001 0 1 2,12 0.001 1 0 22.0303 245 15,1 0.001 1 1 14,2 0.001 0 1 14,1 0.001 1 0 41.0466 290 13,12 0.001 1 -1 14,15 0.001 -1 1 12,14 0.001 -1 -1 1.0783 95 ::f,3,3 f,3,15 f,12,3 f,13,13 
95:2,0 0.001 1 0 1,1 0.001 1 -1 1,2 0.001 -1 -1 10.0369 185 1,13 0.001 1 -1 2,14 0.001 0 1 2,12 0.001 1 1 22.0313 245 15,1 0.001 0 1 14,2 0.001 0 1 14,1 0.001 1 1 41.0466 290 13,12 0.001 1 0 14,15 0.001 -1 1 12,14 0.001 -1 -1 1.0783 95 ::f,3,3 f,3,15 f,12,3 f,13,13 
96:2,0 0.001 1 0 1,1 0.001 1 0 1,2 0.001 -1 -1 10.0369 185 1,13 0.001 1 -1 2,14 0.001 0 1 3,13 0.001 1 1 22.0323 245 15,2 0.001 0 1 14,2 0.001 -1 1 14,1 0.001 1 1 41.0476 290 14,12 0.001 1 0 14,15 0.001 -1 0 12,14 0.001 0 -1 1.0793 95 ::f,3,3 f,3,15 f,12,3 f,13,13 
97:2,0 0.001 1 1 2,1 0.001 1 0 1,2 0.001 0 -1 10.0379 185 1,13 0.001 1 0 2,14 0.001 -1 1 3,13 0.001 1 1 22.0323 245 15,2 0.001 0 1 13,3 0.001 -1 1 14,1 0.001 0 1 41.0486 290 14,12 0.001 1 0 13,15 0.001 -1 0 12,13 0.001 0 -1 1.0813 95 ::f,3,3 f,3,15 f,12,3 f,13,13 
98:3,1 0.001 1 1 2,1 0.001 1 0 1,1 0.001 0 -1 10.0399 185 2,13 0.001 1 0 2,14 0.001 -1 1 3,13 0.001 0 1 22.0333 245 15,2 0.001 -1 1 13,3 0.001 -1 1 14,2 0.001 0 1 41.0496 290 14,12 0.001 1 1 13,15 0.001 -1 0 12,13 0.001 0 -1 1.0813 95 ::f,3,3 f,3,15 f,12,3 f,13,13 
99:3,1 0.001 1 1 2,1 0.001 1 1 1,1 0.001 0 -1 10.0399 185 2,13 0.001 1 0 2,14 0.001 -1 0 3,14 0.001 0 1 22.0343 245 14,3 0.001 -1 1 13,3 0.001 -1 0 14,2 0.001 0 1 41.0506 290 15,13 0.001 1 1 13,15 0.001 -1 -1 12,13 0.001 1 -1 1.0823 95 ::f,3,3 f,3,15 f,12,3 f,13,13 
100:3,1 0.001 0 1 3,2 0.001 1 1 1,1 0.001 1 -1 10.0409 185 2,13 0.001 1 1 1,14 0.001 -1 0 3,14 0.001 0 1 26.0354 260 14,3 0.001 -1 1 13,3 0.001 -1 0 14,2 0.001 -1 1 44.0507 305 15,13 0.001 1 1 12,14 0.001 -1 -1 13,12 0.001 1 -1 1.0843 95 ::f,0,13 f,3,3 f,13,1 f,13,13 
101:3,1 0.001 0 1 3,2 0.001 1 1 1,1 0.001 1 -1 10.0409 185 2,13 0.001 1 1 1,14 0.001 -1 0 3,14 0.001 -1 1 26.0354 260 14,3 0.001 -1 0 13,3 0.001 -1 -1 14,2 0.001 -1 1 44.0507 305 15,13 0.001 0 1 12,14 0.001 -1 -1 13,12 0.001 1 -1 1.0843 95 ::f,0,13 f,3,3 f,13,1 f,13,13 
102:3,1 0.001 0 1 3,2 0.001 0 1 1,1 0.001 1 0 10.0409 185 2,13 0.001 0 1 1,14 0.001 -1 -1 2,15 0.001 -1 1 26.0364 260 14,3 0.001 -1 0 12,2 0.001 -1 -1 14,2 0.001 -1 0 44.0517 305 15,14 0.001 0 1 12,14 0.001 0 -1 13,12 0.001 1 0 1.0853 95 ::f,0,13 f,3,3 f,13,1 f,13,13 
103:3,1 0.001 -1 1 3,2 0.001 0 1 2,1 0.001 1 0 14.042 200 2,14 0.001 0 1 1,14 0.001 -1 -1 2,15 0.001 -1 1 31.0375 275 13,3 0.001 -1 0 12,2 0.001 -1 -1 13,2 0.001 -1 0 44.0537 305 15,14 0.001 0 1 12,13 0.001 0 -1 14,12 0.001 1 0 1.0873 95 ::f,0,0 f,1,13 f,13,1 f,13,13 
104:2,2 0.001 -1 1 3,2 0.001 -1 1 2,1 0.001 1 0 14.043 200 2,14 0.001 0 1 1,14 0.001 0 -1 2,15 0.001 -1 0 31.0375 275 13,3 0.001 -1 0 12,2 0.001 0 -1 13,2 0.001 -1 0 44.0537 305 15,14 0.001 -1 1 12,13 0.001 0 -1 14,12 0.001 1 0 1.0873 95 ::f,0,0 f,1,13 f,13,1 f,13,13 
105:2,2 0.001 -1 1 2,3 0.001 -1 1 2,1 0.001 1 1 14.044 200 2,14 0.001 -1 1 1,14 0.001 0 -1 1,15 0.001 -1 0 31.0385 275 13,3 0.001 -1 -1 12,1 0.001 0 -1 13,2 0.001 -1 -1 44.0547 305 14,15 0.001 -1 1 12,13 0.001 1 -1 14,12 0.001 1 1 1.0883 95 ::f,0,0 f,1,13 f,13,1 f,13,13 
106:2,2 0.001 -1 0 2,3 0.001 -1 1 2,1 0.001 1 1 14.044 200 2,14 0.001 -1 1 1,14 0.001 0 -1 1,15 0.001 -1 0 37.0386 290 12,2 0.001 -1 -1 12,1 0.001 0 -1 13,2 0.001 -1 -1 44.0557 305 14,15 0.001 -1 1 13,12 0.001 1 -1 15,13 0.001 1 1 1.0903 95 ::f,0,0 f,3,13 f,13,1 f,13,13 
107:1,2 0.001 -1 0 2,3 0.001 -1 0 2,1 0.001 0 1 14.045 200 2,14 0.001 -1 0 1,14 0.001 1 -1 1,15 0.001 -1 -1 37.0386 290 12,2 0.001 -1 -1 12,1 0.001 1 -1 13,2 0.001 -1 -1 44.0557 305 14,15 0.001 -1 0 13,12 0.001 1 -1 15,13 0.001 1 1 1.0903 95 ::f,0,0 f,3,13 f,13,1 f,13,13 
108:1,2 0.001 -1 0 1,3 0.001 -1 0 2,2 0.001 0 1 14.047 200 2,14 0.001 -1 0 1,14 0.001 1 -1 0,14 0.001 -1 -1 37.0396 290 12,2 0.001 0 -1 13,0 0.001 1 -1 13,2 0.001 0 -1 44.0567 305 13,15 0.001 -1 0 13,12 0.001 1 0 15,13 0.001 0 1 1.0913 95 ::f,0,0 f,3,13 f,13,1 f,13,13 
109:1,2 0.001 -1 -1 1,3 0.001 -1 0 2,2 0.001 0 1 14.047 200 2,14 0.001 -1 0 1,14 0.001 1 0 0,14 0.001 -1 -1 37.0396 290 12,1 0.001 0 -1 13,0 0.001 1 -1 13,2 0.001 0 -1 44.0577 305 13,15 0.001 -1 0 14,12 0.001 1 0 15,14 0.001 0 1 1.0933 95 ::f,0,0 f,3,13 f,13,1 f,13,13 
110:0,1 0.001 -1 -1 1,3 0.001 -1 -1 2,2 0.001 -1 1 14.048 200 2,14 0.001 -1 0 1,14 0.001 1 0 0,14 0.001 0 -1 37.0396 290 12,1 0.001 0 -1 13,0 0.001 1 0 13,2 0.001 0 -1 49.0578 320 13,15 0.001 -1 -1 14,12 0.001 1 0 15,14 0.001 0 1 1.0933 95 ::f,0,0 f,3,13 f,13,13 f,15,0 
111:0,1 0.001 -1 -1 0,2 0.001 -1 -1 2,2 0.001 -1 1 14.049 200 2,14 0.001 -1 -1 1,14 0.001 1 0 0,13 0.001 0 -1 37.0406 290 12,1 0.001 1 -1 14,0 0.001 1 0 13,1 0.001 0 -1 49.0598 320 12,14 0.001 -1 -1 14,12 0.001 1 1 15,14 0.001 -1 1 1.0943 95 ::f,0,0 f,3,13 f,13,13 f,15,0 
112:0,1 0.001 0 -1 0,2 0.001 -1 -1 2,2 0.001 -1 0 14.049 200 2,14 0.001 -1 -1 1,14 0.001 1 1 0,13 0.001 0 -1 37.0406 290 13,0 0.001 1 -1 14,0 0.001 1 0 13,1 0.001 0 -1 53.0609 335 12,14 0.001 -1 -1 15,13 0.001 1 1 14,15 0.001 -1 1 1.0963 95 ::f,0,0 f,3,13 f,13,13 f,15,2 
113:0,1 0.001 0 -1 0,2 0.001 0 -1 1,2 0.001 -1 0 17.0501 215 2,14 0.001 0 -1 1,14 0.001 1 1 0,13 0.001 1 -1 37.0406 290 13,0 0.001 1 -1 14,0 0.001 1 1 13,1 0.001 1 -1 53.0609 335 12,14 0.001 0 -1 15,13 0.001 1 1 14,15 0.001 -1 1 1.0963 95 ::f,3,1 f,3,13 f,13,13 f,15,2 
114:0,1 0.001 1 -1 0,2 0.001 0 -1 1,2 0.001 -1 0 17.0501 215 2,14 0.001 0 -1 1,14 0.001 0 1 1,12 0.001 1 -1 37.0416 290 13,0 0.001 1 0 15,1 0.001 1 1 13,1 0.001 1 -1 53.0619 335 12,13 0.001 0 -1 15,13 0.001 0 1 14,15 0.001 -1 0 1.0973 95 ::f,3,1 f,3,13 f,13,13 f,15,2 
115:1,0 0.001 1 -1 0,1 0.001 0 -1 1,2 0.001 -1 -1 17.0521 215 2,13 0.001 0 -1 1,14 0.001 0 1 1,12 0.001 1 -1 37.0426 290 14,0 0.001 1 0 15,1 0.001 1 1 13,1 0.001 1 0 53.0629 335 12,13 0.001 0 -1 15,14 0.001 0 1 13,15 0.001 -1 0 1.0993 95 ::f,3,1 f,3,13 f,13,13 f,15,2 
116:1,0 0.001 1 -1 0,1 0.001 0 -1 1,2 0.001 -1 -1 17.0521 215 2,13 0.001 0 -1 1,14 0.001 -1 1 1,12 0.001 1 0 37.0426 290 14,0 0.001 1 0 15,1 0.001 0 1 14,1 0.001 1 0 53.0639 335 12,13 0.001 1 -1 15,14 0.001 0 1 13,15 0.001 -1 0 1.0993 95 ::f,3,1 f,3,13 f,13,13 f,15,2 
117:1,0 0.001 1 0 0,1 0.001 1 -1 1,2 0.001 0 -1 17.0521 215 2,13 0.001 1 -1 1,14 0.001 -1 1 2,12 0.001 1 0 37.0436 290 14,0 0.001 1 1 15,1 0.001 0 1 14,1 0.001 1 0 58.064 350 13,12 0.001 1 -1 15,14 0.001 -1 1 13,15 0.001 -1 -1 1.1003 95 ::f,3,1 f,3,13 f,13,2 f,13,13 
118:2,0 0.001 1 0 1,0 0.001 1 -1 1,1 0.001 0 -1 17.0551 215 2,13 0.001 1 -1 1,14 0.001 -1 0 2,12 0.001 1 0 37.0436 290 14,0 0.001 1 1 15,1 0.001 -1 1 14,1 0.001 1 1 58.064 350 13,12 0.001 1 -1 14,15 0.001 -1 1 12,14 0.001 -1 -1 1.1023 95 ::f,3,1 f,3,13 f,13,2 f,13,13 
119:2,0 0.001 1 0 1,0 0.001 1 -1 1,1 0.001 0 -1 17.0551 215 2,13 0.001 1 0 1,14 0.001 -1 0 2,12 0.001 1 1 37.0436 290 14,0 0.001 0 1 14,2 0.001 -1 1 14,1 0.001 1 1 58.065 350 13,12 0.001 1 0 14,15 0.001 -1 1 12,14 0.001 -1 -1 1.1023 95 ::f,3,1 f,3,13 f,13,2 f,13,13 
120:2,0 0.001 1 1 1,0 0.001 1 0 1,1 0.001 1 -1 17.0551 215 2,13 0.001 1 0 1,14 0.001 -1 -1 2,12 0.001 1 1 41.0437 305 14,0 0.001 0 1 14,2 0.001 -1 1 14,1 0.001 0 1 58.065 350 14,12 0.001 1 0 14,15 0.001 -1 0 12,14 0.001 0 -1 1.1033 95 ::f,2,14 f,3,1 f,13,2 f,13,13 
121:2,0 0.001 1 1 1,0 0.001 1 0 1,1 0.001 1 -1 21.0552 230 2,13 0.001 1 1 1,14 0.001 -1 -1 2,12 0.001 0 1 41.0437 305 14,0 0.001 0 1 14,2 0.001 -1 0 14,1 0.001 0 1 58.065 350 14,12 0.001 1 0 13,15 0.001 -1 0 12,13 0.001 0 -1 1.1053 95 ::f,2,14 f,3,2 f,13,2 f,13,13 
122:3,1 0.001 1 1 2,0 0.001 1 0 1,1 0.001 1 0 21.0572 230 2,13 0.001 1 1 1,14 0.001 0 -1 2,12 0.001 0 1 41.0437 305 14,0 0.001 -1 1 14,2 0.001 -1 0 14,1 0.001 0 1 64.0651 365 14,12 0.001 1 1 13,15 0.001 -1 0 12,13 0.001 0 -1 1.1053 95 ::f,2,14 f,3,2 f,13,1 f,13,13 
123:3,1 0.001 1 1 2,0 0.001 1 0 2,1 0.001 1 0 21.0582 230 2,13 0.001 0 1 1,13 0.001 0 -1 2,12 0.001 0 1 41.0447 305 14,0 0.001 -1 1 14,2 0.001 -1 -1 14,1 0.001 -1 1 72.0652 380 15,13 0.001 1 1 13,15 0.001 -1 -1 12,13 0.001 1 -1 1.1063 95 ::f,2,14 f,3,2 f,13,13 f,15,2 
124:3,1 0.001 0 1 2,0 0.001 1 1 2,1 0.001 1 0 21.0582 230 2,13 0.001 0 1 1,13 0.001 0 -1 2,12 0.001 -1 1 41.0447 305 14,0 0.001 -1 0 14,2 0.001 -1 -1 14,1 0.001 -1 1 72.0652 380 15,13 0.001 1 1 12,14 0.001 -1 -1 13,12 0.001 1 -1 1.1083 95 ::f,2,14 f,3,2 f,13,13 f,15,2 
125:3,1 0.001 0 1 2,0 0.001 1 1 2,1 0.001 1 1 26.0583 245 2,13 0.001 0 1 1,13 0.001 1 -1 2,12 0.001 -1 1 46.0448 320 14,0 0.001 -1 0 14,2 0.001 0 -1 14,1 0.001 -1 0 72.0652 380 15,13 0.001 0 1 12,14 0.001 -1 -1 13,12 0.001 1 -1 1.1083 95 ::f,0,2 f,0,14 f,13,13 f,15,2 
126:3,1 0.001 -1 1 2,0 0.001 0 1 2,1 0.001 1 1 26.0583 245 2,13 0.001 -1 1 1,13 0.001 1 -1 2,12 0.001 -1 0 46.0448 320 14,0 0.001 -1 -1 14,2 0.001 0 -1 14,1 0.001 -1 0 72.0652 380 15,14 0.001 0 1 12,14 0.001 0 -1 13,12 0.001 1 0 1.1093 95 ::f,0,2 f,0,14 f,13,13 f,15,2 
127:2,2 0.001 -1 1 2,0 0.001 0 1 2,1 0.001 0 1 26.0593 245 2,13 0.001 -1 1 1,13 0.001 1 0 2,12 0.001 -1 0 46.0448 320 14,0 0.001 -1 -1 14,2 0.001 1 -1 14,1 0.001 -1 -1 72.0652 380 15,14 0.001 0 1 12,13 0.001 0 -1 14,12 0.001 1 0 1.1113 95 ::f,0,2 f,0,14 f,13,13 f,15,2 
128:2,2 0.001 -1 1 2,0 0.001 0 1 2,1 0.001 0 1 26.0593 245 2,13 0.001 -1 0 1,13 0.001 1 0 2,12 0.001 -1 -1 46.0448 320 14,0 0.001 0 -1 14,2 0.001 1 -1 14,1 0.001 -1 -1 72.0652 380 15,14 0.001 -1 1 12,13 0.001 0 -1 14,12 0.001 1 0 1.1113 95 ::f,0,2 f,0,14 f,13,13 f,15,2 
129:2,2 0.001 -1 0 2,0 0.001 -1 1 2,1 0.001 0 1 26.0593 245 2,13 0.001 -1 0 1,13 0.001 1 0 2,12 0.001 -1 -1 46.0448 320 14,0 0.001 0 -1 14,2 0.001 1 0 14,1 0.001 0 -1 72.0652 380 14,15 0.001 -1 1 12,13 0.001 1 -1 14,12 0.001 1 1 1.1123 95 ::f,0,2 f,0,14 f,13,13 f,15,2 
130:1,2 0.001 -1 0 1,1 0.001 -1 1 2,1 0.001 -1 1 26.0613 245 2,13 0.001 -1 0 1,13 0.001 1 1 2,12 0.001 0 -1 46.0448 320 14,0 0.001 1 -1 14,2 0.001 1 0 14,1 0.001 0 -1 79.0653 395 14,15 0.001 -1 1 13,12 0.001 1 -1 15,13 0.001 1 1 1.1143 95 ::f,0,2 f,0,14 f,12,0 f,13,13 
131:1,2 0.001 -1 0 1,1 0.001 -1 1 2,1 0.001 -1 1 32.0614 260 2,13 0.001 -1 -1 1,13 0.001 1 1 2,12 0.001 0 -1 46.0448 320 14,0 0.001 1 -1 14,2 0.001 1 1 14,1 0.001 1 -1 79.0653 395 14,15 0.001 -1 0 13,12 0.001 1 -1 15,13 0.001 1 1 1.1143 95 ::f,0,0 f,0,14 f,12,0 f,13,13 
132:1,2 0.001 -1 -1 1,1 0.001 -1 0 2,1 0.001 -1 0 32.0614 260 2,13 0.001 -1 -1 1,13 0.001 0 1 2,12 0.001 1 -1 46.0448 320 14,0 0.001 1 0 14,2 0.001 1 1 14,1 0.001 1 -1 79.0653 395 13,15 0.001 -1 0 13,12 0.001 1 0 15,13 0.001 0 1 1.1153 95 ::f,0,0 f,0,14 f,12,0 f,13,13 
133:0,1 0.001 -1 -1 1,1 0.001 -1 0 2,1 0.001 -1 0 32.0624 260 2,13 0.001 0 -1 1,13 0.001 0 1 2,12 0.001 1 -1 46.0448 320 14,0 0.001 1 0 14,2 0.001 0 1 14,1 0.001 1 0 79.0653 395 13,15 0.001 -1 0 14,12 0.001 1 0 15,14 0.001 0 1 1.1173 95 ::f,0,0 f,0,14 f,12,0 f,13,13 
134:0,1 0.001 -1 -1 1,1 0.001 -1 -1 2,1 0.001 -1 0 32.0624 260 2,13 0.001 0 -1 1,13 0.001 -1 1 2,12 0.001 1 0 46.0448 320 14,0 0.001 1 1 14,2 0.001 0 1 14,1 0.001 1 0 79.0653 395 13,15 0.001 -1 -1 14,12 0.001 1 0 15,14 0.001 0 1 1.1173 95 ::f,0,0 f,0,14 f,12,0 f,13,13 
135:0,1 0.001 0 -1 1,1 0.001 -1 -1 2,1 0.001 -1 -1 37.0625 275 2,13 0.001 1 -1 1,13 0.001 -1 1 2,12 0.001 1 0 53.0449 335 15,1 0.001 1 1 14,2 0.001 -1 1 14,1 0.001 1 1 79.0663 395 12,14 0.001 -1 -1 14,12 0.001 1 1 15,14 0.001 -1 1 1.1183 95 ::f,1,2 f,1,15 f,12,0 f,13,13 
136:0,1 0.001 0 -1 1,1 0.001 0 -1 2,1 0.001 -1 -1 37.0625 275 2,13 0.001 1 -1 1,13 0.001 -1 0 2,12 0.001 1 1 53.0449 335 15,1 0.001 1 1 13,3 0.001 -1 1 15,2 0.001 1 1 79.0683 395 12,14 0.001 -1 -1 15,13 0.001 1 1 14,15 0.001 -1 1 1.1203 95 ::f,1,2 f,1,15 f,12,0 f,13,13 
137:0,1 0.001 1 -1 1,1 0.001 0 -1 2,1 0.001 0 -1 37.0625 275 2,13 0.001 1 0 1,13 0.001 -1 0 3,13 0.001 1 1 53.0459 335 15,1 0.001 0 1 13,3 0.001 -1 1 15,2 0.001 1 1 79.0683 395 12,14 0.001 0 -1 15,13 0.001 1 1 14,15 0.001 -1 1 1.1203 95 ::f,1,2 f,1,15 f,12,0 f,13,13 
138:1,0 0.001 1 -1 1,1 0.001 1 -1 2,1 0.001 0 -1 37.0635 275 2,13 0.001 1 0 1,13 0.001 -1 -1 3,13 0.001 1 1 53.0459 335 15,1 0.001 0 1 13,3 0.001 -1 0 15,2 0.001 0 1 79.0683 395 12,13 0.001 0 -1 15,13 0.001 0 1 14,15 0.001 -1 0 1.1213 95 ::f,1,2 f,1,15 f,12,0 f,13,13 
139:1,0 0.001 1 -1 2,0 0.001 1 -1 2,1 0.001 1 -1 37.0645 275 2,13 0.001 1 1 1,13 0.001 -1 -1 3,13 0.001 0 1 53.0459 335 15,1 0.001 0 1 13,3 0.001 -1 0 15,2 0.001 0 1 79.0683 395 12,13 0.001 0 -1 15,14 0.001 0 1 13,15 0.001 -1 0 1.1233 95 ::f,1,2 f,1,15 f,12,0 f,13,13 
140:1,0 0.001 1 0 2,0 0.001 1 -1 2,1 0.001 1 -1 37.0645 275 2,13 0.001 1 1 1,13 0.001 0 -1 3,14 0.001 0 1 53.0469 335 15,1 0.001 -1 1 13,3 0.001 -1 -1 15,2 0.001 -1 1 79.0683 395 12,13 0.001 1 -1 15,14 0.001 0 1 13,15 0.001 -1 0 1.1233 95 ::f,1,2 f,1,15 f,12,0 f,13,13 
141:1,0 0.001 1 0 2,0 0.001 1 0 2,1 0.001 1 0 37.0645 275 2,13 0.001 0 1 1,13 0.001 0 -1 3,14 0.001 0 1 53.0469 335 14,2 0.001 -1 1 12,2 0.001 -1 -1 14,3 0.001 -1 1 79.0713 395 13,12 0.001 1 -1 15,14 0.001 -1 1 13,15 0.001 -1 -1 1.1243 95 ::f,1,2 f,1,15 f,12,0 f,13,13 
142:1,0 0.001 1 0 2,0 0.001 1 0 2,1 0.001 1 0 37.0645 275 2,14 0.001 0 1 1,13 0.001 1 -1 3,14 0.001 -1 1 53.0479 335 14,2 0.001 -1 1 12,2 0.001 -1 -1 14,3 0.001 -1 1 79.0713 395 13,12 0.001 1 -1 14,15 0.001 -1 1 12,14 0.001 -1 -1 1.1263 95 ::f,1,2 f,1,15 f,12,0 f,13,13 
143:1,0 0.001 1 1 2,0 0.001 1 1 2,1 0.001 1 1 37.0645 275 2,14 0.001 0 1 1,13 0.001 1 -1 2,15 0.001 -1 1 53.0489 335 14,2 0.001 -1 0 12,2 0.001 0 -1 14,3 0.001 -1 0 79.0713 395 13,12 0.001 1 0 14,15 0.001 -1 1 12,14 0.001 -1 -1 1.1263 95 ::f,1,2 f,1,15 f,12,0 f,13,13 
144:1,0 0.001 1 1 3,1 0.001 1 1 2,1 0.001 1 1 37.0655 275 2,14 0.001 -1 1 1,13 0.001 1 0 2,15 0.001 -1 1 53.0489 335 13,2 0.001 -1 0 12,1 0.001 0 -1 13,3 0.001 -1 0 79.0743 395 14,12 0.001 1 0 14,15 0.001 -1 0 12,14 0.001 0 -1 1.1273 95 ::f,1,2 f,1,15 f,12,0 f,13,13 
145:1,0 0.001 1 1 3,1 0.001 1 1 2,1 0.001 0 1 37.0655 275 2,14 0.001 -1 1 1,13 0.001 1 0 2,15 0.001 -1 0 59.049 350 13,2 0.001 -1 0 12,1 0.001 0 -1 13,3 0.001 -1 0 87.0744 410 14,12 0.001 1 0 13,15 0.001 -1 0 12,13 0.001 0 -1 1.1293 95 ::f,1,2 f,2,13 f,13,1 f,13,13 
146:1,0 0.001 1 1 3,1 0.001 0 1 2,2 0.001 0 1 37.0665 275 2,14 0.001 -1 0 1,13 0.001 1 0 2,15 0.001 -1 0 67.0491 365 13,2 0.001 -1 -1 12,1 0.001 1 -1 13,3 0.001 -1 -1 87.0744 410 14,12 0.001 1 1 13,15 0.001 -1 0 12,13 0.001 0 -1 1.1293 95 ::f,0,15 f,1,2 f,13,1 f,13,13 
147:2,1 0.001 1 1 3,2 0.001 0 1 2,2 0.001 0 1 37.0685 275 1,14 0.001 -1 0 1,13 0.001 1 1 2,15 0.001 -1 -1 67.0501 365 13,2 0.001 -1 -1 13,0 0.001 1 -1 12,2 0.001 -1 -1 87.0764 410 15,13 0.001 1 1 13,15 0.001 -1 -1 12,13 0.001 1 -1 1.1303 95 ::f,0,15 f,1,2 f,13,1 f,13,13 
148:2,1 0.001 1 1 3,2 0.001 0 1 2,2 0.001 -1 1 37.0685 275 1,14 0.001 -1 0 1,13 0.001 1 1 2,15 0.001 -1 -1 67.0501 365 13,2 0.001 -1 -1 13,0 0.001 1 -1 12,2 0.001 -1 -1 87.0764 410 15,13 0.001 1 1 12,14 0.001 -1 -1 13,12 0.001 1 -1 1.1323 95 ::f,0,15 f,1,2 f,13,1 f,13,13 
149:2,1 0.001 0 1 3,2 0.001 -1 1 2,2 0.001 -1 1 37.0685 275 1,14 0.001 -1 -1 1,13 0.001 0 1 2,15 0.001 -1 -1 67.0501 365 13,2 0.001 0 -1 13,0 0.001 1 0 12,2 0.001 0 -1 87.0764 410 15,13 0.001 0 1 12,14 0.001 -1 -1 13,12 0.001 1 -1 1.1323 95 ::f,0,15 f,1,2 f,13,1 f,13,13 
150:2,1 0.001 0 1 2,3 0.001 -1 1 2,2 0.001 -1 0 37.0695 275 1,14 0.001 -1 -1 1,13 0.001 0 1 2,15 0.001 0 -1 67.0501 365 13,2 0.001 0 -1 14,0 0.001 1 0 12,1 0.001 0 -1 87.0784 410 15,14 0.001 0 1 12,14 0.001 0 -1 13,12 0.001 1 0 1.1333 95 ::f,0,15 f,1,2 f,13,1 f,13,13 
151:2,1 0.001 -1 1 2,3 0.001 -1 1 2,2 0.001 -1 0 37.0695 275 1,14 0.001 0 -1 1,13 0.001 0 1 2,15 0.001 0 -1 67.0501 365 13,2 0.001 0 -1 14,0 0.001 1 0 12,1 0.001 0 -1 87.0784 410 15,14 0.001 0 1 12,13 0.001 0 -1 14,12 0.001 1 0 1.1353 95 ::f,0,15 f,1,2 f,13,1 f,13,13 
152:2,1 0.001 -1 1 2,3 0.001 -1 0 2,2 0.001 -1 0 44.0696 290 1,14 0.001 0 -1 1,13 0.001 -1 1 2,15 0.001 1 -1 67.0501 365 13,2 0.001 0 -1 14,0 0.001 1 1 12,1 0.001 1 -1 96.0785 425 15,14 0.001 -1 1 12,13 0.001 0 -1 14,12 0.001 1 0 1.1353 95 ::f,0,1 f,0,15 f,13,3 f,13,13 
153:2,1 0.001 -1 0 1,3 0.001 -1 0 2,2 0.001 -1 -1 44.0706 290 1,14 0.001 0 -1 1,13 0.001 -1 1 2,15 0.001 1 -1 67.0501 365 13,2 0.001 1 -1 15,1 0.001 1 1 13,0 0.001 1 -1 96.0805 425 14,15 0.001 -1 1 12,13 0.001 1 -1 14,12 0.001 1 1 1.1363 95 ::f,0,1 f,0,15 f,13,3 f,13,13 
154:2,1 0.001 -1 0 1,3 0.001 -1 0 1,1 0.001 -1 -1 44.0716 290 1,14 0.001 1 -1 1,13 0.001 -1 0 2,15 0.001 1 0 67.0501 365 13,2 0.001 1 -1 15,1 0.001 1 1 13,0 0.001 1 -1 96.0805 425 14,15 0.001 -1 1 13,12 0.001 1 -1 15,13 0.001 1 1 1.1383 95 ::f,0,1 f,0,15 f,13,3 f,13,13 
155:2,1 0.001 -1 -1 1,3 0.001 -1 -1 1,1 0.001 -1 -1 44.0716 290 1,14 0.001 1 -1 1,13 0.001 -1 0 2,15 0.001 1 0 67.0501 365 13,2 0.001 1 0 15,1 0.001 0 1 13,0 0.001 1 0 96.0805 425 14,15 0.001 -1 0 13,12 0.001 1 -1 15,13 0.001 1 1 1.1383 95 ::f,0,1 f,0,15 f,13,3 f,13,13 
156:2,1 0.001 -1 -1 0,2 0.001 -1 -1 1,1 0.001 0 -1 44.0726 290 1,14 0.001 1 0 1,13 0.001 -1 -1 2,15 0.001 1 1 67.0501 365 13,2 0.001 1 0 15,2 0.001 0 1 14,0 0.001 1 0 96.0825 425 13,15 0.001 -1 0 13,12 0.001 1 0 15,13 0.001 0 1 1.1393 95 ::f,0,1 f,0,15 f,13,3 f,13,13 
157:2,1 0.001 0 -1 0,2 0.001 -1 -1 1,1 0.001 0 -1 44.0726 290 1,14 0.001 1 0 1,13 0.001 -1 -1 2,15 0.001 1 1 67.0501 365 13,2 0.001 1 1 15,2 0.001 0 1 14,0 0.001 1 0 96.0825 425 13,15 0.001 -1 0 14,12 0.001 1 0 15,14 0.001 0 1 1.1413 95 ::f,0,1 f,0,15 f,13,3 f,13,13 
158:2,1 0.001 0 -1 0,2 0.001 0 -1 1,1 0.001 1 -1 44.0726 290 1,14 0.001 1 1 1,13 0.001 0 -1 2,15 0.001 0 1 67.0501 365 13,2 0.001 0 1 15,2 0.001 -1 1 14,0 0.001 1 1 96.0825 425 13,15 0.001 -1 -1 14,12 0.001 1 0 15,14 0.001 0 1 1.1413 95 ::f,0,1 f,0,15 f,13,3 f,13,13 
159:2,1 0.001 1 -1 0,2 0.001 0 -1 1,1 0.001 1 -1 50.0727 305 1,14 0.001 1 1 1,13 0.001 0 -1 2,15 0.001 0 1 67.0501 365 13,2 0.001 0 1 14,3 0.001 -1 1 15,1 0.001 1 1 106.085 440 12,14 0.001 -1 -1 14,12 0.001 1 1 15,14 0.001 -1 1 1.1423 95 ::f,0,15 f,2,3 f,13,13 f,15,3 
160:2,1 0.001 1 -1 0,2 0.001 1 -1 1,1 0.001 1 0 50.0727 305 1,14 0.001 0 1 1,13 0.001 1 -1 2,15 0.001 -1 1 67.0501 365 13,2 0.001 -1 1 14,3 0.001 -1 1 15,1 0.001 1 1 106.085 440 12,14 0.001 -1 -1 15,13 0.001 1 1 14,15 0.001 -1 1 1.1443 95 ::f,0,15 f,2,3 f,13,13 f,15,3 
161:2,1 0.001 1 0 0,2 0.001 1 -1 1,1 0.001 1 0 50.0727 305 1,14 0.001 0 1 1,13 0.001 1 -1 2,15 0.001 -1 1 67.0501 365 13,2 0.001 -1 1 14,3 0.001 -1 0 15,1 0.001 0 1 106.085 440 12,14 0.001 0 -1 15,13 0.001 1 1 14,15 0.001 -1 1 1.1443 95 ::f,0,15 f,2,3 f,13,13 f,15,3 
162:2,1 0.001 1 0 0,2 0.001 1 -1 1,1 0.001 1 0 50.0727 305 1,14 0.001 -1 1 1,13 0.001 1 0 2,15 0.001 -1 0 67.0501 365 13,2 0.001 -1 0 13,3 0.001 -1 0 15,2 0.001 0 1 106.087 440 12,13 0.001 0 -1 15,13 0.001 0 1 14,15 0.001 -1 0 1.1453 95 ::f,0,15 f,2,3 f,13,13 f,15,3 
163:2,1 0.001 1 1 0,2 0.001 1 0 1,1 0.001 1 1 50.0727 305 1,14 0.001 -1 1 2,13 0.001 1 0 1,15 0.001 -1 0 74.0522 380 13,2 0.001 -1 0 13,3 0.001 -1 0 15,2 0.001 0 1 112.087 455 12,13 0.001 0 -1 15,14 0.001 0 1 13,15 0.001 -1 0 1.1473 95 ::f,2,3 f,2,14 f,12,1 f,13,13 
164:3,2 0.001 1 1 0,2 0.001 1 0 2,2 0.001 1 1 50.0747 305 1,14 0.001 -1 0 2,13 0.001 1 0 1,15 0.001 -1 0 74.0522 380 13,2 0.001 -1 -1 13,3 0.001 -1 -1 15,2 0.001 -1 1 112.087 455 12,13 0.001 1 -1 15,14 0.001 0 1 13,15 0.001 -1 0 1.1473 95 ::f,2,3 f,2,14 f,12,1 f,13,13 
165:3,2 0.001 1 1 0,2 0.001 1 1 2,2 0.001 1 1 50.0747 305 1,14 0.001 -1 0 2,13 0.001 1 1 1,15 0.001 -1 -1 74.0522 380 13,2 0.001 -1 -1 12,2 0.001 -1 -1 14,3 0.001 -1 1 112.089 455 13,12 0.001 1 -1 15,14 0.001 -1 1 13,15 0.001 -1 -1 1.1483 95 ::f,2,3 f,2,14 f,12,1 f,13,13 
166:3,2 0.001 0 1 0,2 0.001 1 1 2,2 0.001 0 1 50.0747 305 1,14 0.001 -1 -1 2,13 0.001 1 1 0,14 0.001 -1 -1 74.0532 380 13,2 0.001 -1 -1 12,2 0.001 -1 -1 14,3 0.001 -1 1 122.089 470 13,12 0.001 1 -1 14,15 0.001 -1 1 12,14 0.001 -1 -1 1.1503 95 ::f,2,3 f,2,14 f,13,13 f,15,3 
167:3,2 0.001 0 1 0,2 0.001 0 1 2,2 0.001 0 1 52.0748 320 1,14 0.001 -1 -1 2,13 0.001 0 1 0,14 0.001 -1 -1 74.0532 380 13,2 0.001 0 -1 12,2 0.001 0 -1 14,3 0.001 -1 0 122.089 470 13,12 0.001 1 0 14,15 0.001 -1 1 12,14 0.001 -1 -1 1.1503 95 ::f,2,0 f,2,14 f,13,13 f,15,3 
168:3,2 0.001 -1 1 0,2 0.001 0 1 2,2 0.001 -1 1 52.0748 320 1,14 0.001 0 -1 2,13 0.001 0 1 0,14 0.001 0 -1 74.0532 380 13,1 0.001 0 -1 12,2 0.001 0 -1 13,3 0.001 -1 0 122.091 470 14,12 0.001 1 0 14,15 0.001 -1 0 12,14 0.001 0 -1 1.1513 95 ::f,2,0 f,2,14 f,13,13 f,15,3 
169:2,3 0.001 -1 1 0,2 0.001 -1 1 2,2 0.001 -1 1 52.0758 320 1,13 0.001 0 -1 2,13 0.001 0 1 0,13 0.001 0 -1 83.0553 395 13,1 0.001 0 -1 12,2 0.001 1 -1 13,3 0.001 -1 0 122.091 470 14,12 0.001 1 0 13,15 0.001 -1 0 12,13 0.001 0 -1 1.1533 95 ::f,2,0 f,2,14 f,13,13 f,15,3 
170:2,3 0.001 -1 1 0,2 0.001 -1 1 2,2 0.001 -1 0 52.0758 320 1,13 0.001 0 -1 2,13 0.001 -1 1 0,13 0.001 0 -1 83.0553 395 13,1 0.001 1 -1 12,2 0.001 1 -1 13,3 0.001 -1 -1 122.091 470 14,12 0.001 1 1 13,15 0.001 -1 0 12,13 0.001 0 -1 1.1533 95 ::f,2,0 f,2,14 f,13,13 f,15,3 
171:2,3 0.001 -1 0 0,2 0.001 -1 0 1,2 0.001 -1 0 52.0768 320 1,13 0.001 1 -1 2,13 0.001 -1 1 0,13 0.001 1 -1 83.0553 395 13,1 0.001 1 -1 12,2 0.001 1 -1 13,3 0.001 -1 -1 122.091 470 15,13 0.001 1 1 13,15 0.001 -1 -1 12,13 0.001 1 -1 1.1543 95 ::f,2,0 f,2,14 f,13,13 f,15,3 
172:1,3 0.001 -1 0 0,2 0.001 -1 0 1,2 0.001 -1 0 52.0778 320 1,13 0.001 1 -1 2,13 0.001 -1 0 1,12 0.001 1 -1 83.0563 395 13,1 0.001 1 0 12,2 0.001 1 0 13,3 0.001 0 -1 122.091 470 15,13 0.001 1 1 12,14 0.001 -1 -1 13,12 0.001 1 -1 1.1563 95 ::f,2,0 f,2,14 f,13,13 f,15,3 
173:1,3 0.001 -1 0 0,2 0.001 -1 -1 1,2 0.001 -1 -1 52.0778 320 1,13 0.001 1 0 2,13 0.001 -1 0 1,12 0.001 1 -1 83.0563 395 14,1 0.001 1 0 13,2 0.001 1 0 13,3 0.001 0 -1 122.093 470 15,13 0.001 0 1 12,14 0.001 -1 -1 13,12 0.001 1 -1 1.1563 95 ::f,2,0 f,2,14 f,13,13 f,15,3 
174:1,3 0.001 -1 -1 0,2 0.001 -1 -1 1,2 0.001 -1 -1 52.0778 320 1,13 0.001 1 0 2,13 0.001 -1 -1 1,12 0.001 1 0 83.0563 395 14,1 0.001 1 0 13,2 0.001 1 0 13,3 0.001 0 -1 122.093 470 15,14 0.001 0 1 12,14 0.001 0 -1 13,12 0.001 1 0 1.1573 95 ::f,2,0 f,2,14 f,13,13 f,15,3 
175:1,3 0.001 -1 -1 0,2 0.001 0 -1 1,2 0.001 0 -1 52.0778 320 1,13 0.001 1 0 2,13 0.001 -1 -1 2,12 0.001 1 0 83.0573 395 14,1 0.001 1 1 13,2 0.001 1 1 13,3 0.001 1 -1 122.093 470 15,14 0.001 0 1 12,13 0.001 0 -1 14,12 0.001 1 0 1.1593 95 ::f,2,0 f,2,14 f,13,13 f,15,3 
176:1,3 0.001 0 -1 0,1 0.001 0 -1 1,1 0.001 0 -1 52.0798 320 1,13 0.001 1 1 2,13 0.001 0 -1 2,12 0.001 1 0 83.0573 395 15,2 0.001 1 1 13,2 0.001 1 1 13,3 0.001 1 -1 122.094 470 15,14 0.001 -1 1 12,13 0.001 0 -1 14,12 0.001 1 0 1.1593 95 ::f,2,0 f,2,14 f,13,13 f,15,3 
177:1,2 0.001 0 -1 0,1 0.001 0 -1 1,1 0.001 0 -1 52.0808 320 1,13 0.001 1 1 2,13 0.001 0 -1 2,12 0.001 1 1 91.0574 410 15,2 0.001 1 1 13,2 0.001 0 1 13,3 0.001 1 0 122.094 470 14,15 0.001 -1 1 12,13 0.001 1 -1 14,12 0.001 1 1 1.1603 95 ::f,2,0 f,3,15 f,13,13 f,15,3 
178:1,2 0.001 0 -1 0,1 0.001 1 -1 1,1 0.001 1 -1 52.0808 320 2,14 0.001 1 1 2,13 0.001 1 -1 3,13 0.001 1 1 91.0594 410 15,2 0.001 0 1 13,2 0.001 0 1 13,3 0.001 1 0 122.094 470 14,15 0.001 -1 1 13,12 0.001 1 -1 15,13 0.001 1 1 1.1623 95 ::f,2,0 f,3,15 f,13,13 f,15,3 
179:1,2 0.001 1 -1 1,0 0.001 1 -1 1,1 0.001 1 -1 55.0819 335 2,14 0.001 1 1 2,13 0.001 1 -1 3,13 0.001 1 1 100.06 425 15,2 0.001 0 1 13,2 0.001 -1 1 13,3 0.001 1 1 132.094 485 14,15 0.001 -1 0 13,12 0.001 1 -1 15,13 0.001 1 1 1.1623 95 ::f,1,14 f,2,0 f,12,3 f,13,13 
180:1,2 0.001 1 -1 1,0 0.001 1 -1 1,1 0.001 1 0 55.0819 335 2,14 0.001 0 1 2,13 0.001 1 0 3,13 0.001 0 1 100.06 425 15,2 0.001 -1 1 13,2 0.001 -1 1 13,3 0.001 1 1 141.094 500 13,15 0.001 -1 0 13,12 0.001 1 0 15,13 0.001 0 1 1.1633 95 ::f,1,14 f,2,0 f,13,13 f,15,1 
181:1,2 0.001 1 0 1,0 0.001 1 0 2,1 0.001 1 0 55.0829 335 2,14 0.001 0 1 2,13 0.001 1 0 3,14 0.001 0 1 100.061 425 14,3 0.001 -1 1 13,2 0.001 -1 0 13,3 0.001 0 1 141.095 500 13,15 0.001 -1 0 14,12 0.001 1 0 15,14 0.001 0 1 1.1653 95 ::f,1,14 f,2,0 f,13,13 f,15,1 
182:1,2 0.001 1 0 1,0 0.001 1 0 2,1 0.001 1 0 62.083 350 2,14 0.001 -1 1 2,13 0.001 1 1 3,14 0.001 0 1 100.061 425 14,3 0.001 -1 1 13,2 0.001 -1 0 13,3 0.001 0 1 141.095 500 13,15 0.001 -1 -1 14,12 0.001 1 0 15,14 0.001 0 1 1.1653 95 ::f,1,14 f,3,3 f,13,13 f,15,1 
183:2,2 0.001 1 0 1,0 0.001 1 1 2,1 0.001 1 1 62.084 350 2,14 0.001 -1 1 2,13 0.001 1 1 3,14 0.001 -1 1 100.061 425 14,3 0.001 -1 0 13,2 0.001 -1 -1 13,3 0.001 -1 1 141.095 500 12,14 0.001 -1 -1 14,12 0.001 1 1 15,14 0.001 -1 1 1.1663 95 ::f,1,14 f,3,3 f,13,13 f,15,1 
184:2,2 0.001 1 0 1,0 0.001 1 1 2,1 0.001 1 1 62.084 350 2,14 0.001 -1 0 2,13 0.001 0 1 2,15 0.001 -1 1 100.062 425 14,3 0.001 -1 0 12,1 0.001 -1 -1 13,3 0.001 -1 1 141.096 500 12,14 0.001 -1 -1 15,13 0.001 1 1 14,15 0.001 -1 1 1.1683 95 ::f,1,14 f,3,3 f,13,13 f,15,1 
185:2,2 0.001 1 1 1,0 0.001 1 1 2,1 0.001 0 1 62.084 350 2,14 0.001 -1 0 2,13 0.001 0 1 2,15 0.001 -1 1 100.062 425 14,3 0.001 -1 -1 12,1 0.001 -1 -1 13,3 0.001 -1 0 141.096 500 12,14 0.001 0 -1 15,13 0.001 1 1 14,15 0.001 -1 1 1.1683 95 ::f,1,14 f,3,3 f,13,13 f,15,1 
186:2,2 0.001 1 1 1,0 0.001 0 1 2,1 0.001 0 1 70.0841 365 2,14 0.001 -1 0 2,13 0.001 0 1 2,15 0.001 -1 0 110.062 440 13,2 0.001 -1 -1 12,1 0.001 0 -1 13,3 0.001 -1 0 141.097 500 12,13 0.001 0 -1 15,13 0.001 0 1 14,15 0.001 -1 0 1.1693 95 ::f,0,14 f,1,1 f,13,13 f,15,1 
187:2,2 0.001 0 1 1,0 0.001 0 1 2,1 0.001 0 1 78.0842 380 1,14 0.001 -1 0 2,13 0.001 -1 1 1,15 0.001 -1 0 110.064 440 13,2 0.001 -1 -1 12,1 0.001 0 -1 13,3 0.001 -1 -1 141.097 500 12,13 0.001 0 -1 15,14 0.001 0 1 13,15 0.001 -1 0 1.1713 95 ::f,0,14 f,1,1 f,13,13 f,15,1 
188:2,2 0.001 0 1 1,0 0.001 -1 1 2,1 0.001 -1 1 78.0842 380 1,14 0.001 -1 0 2,13 0.001 -1 1 1,15 0.001 -1 0 120.064 455 13,2 0.001 0 -1 12,1 0.001 1 -1 12,2 0.001 -1 -1 141.098 500 12,13 0.001 1 -1 15,14 0.001 0 1 13,15 0.001 -1 0 1.1713 95 ::f,1,1 f,3,15 f,13,13 f,15,1 
189:2,2 0.001 -1 1 1,0 0.001 -1 1 2,1 0.001 -1 1 78.0842 380 1,14 0.001 -1 -1 2,13 0.001 -1 0 1,15 0.001 -1 -1 120.064 455 13,1 0.001 0 -1 13,0 0.001 1 -1 12,2 0.001 -1 -1 141.1 500 13,12 0.001 1 -1 15,14 0.001 -1 1 13,15 0.001 -1 -1 1.1723 95 ::f,1,1 f,3,15 f,13,13 f,15,1 
190:1,3 0.001 -1 1 1,0 0.001 -1 0 1,2 0.001 -1 1 78.0862 380 1,14 0.001 -1 -1 2,13 0.001 -1 0 1,15 0.001 -1 -1 120.064 455 13,1 0.001 0 -1 13,0 0.001 1 -1 12,2 0.001 0 -1 141.1 500 13,12 0.001 1 -1 14,15 0.001 -1 1 12,14 0.001 -1 -1 1.1743 95 ::f,1,1 f,3,15 f,13,13 f,15,1 
191:1,3 0.001 -1 1 1,0 0.001 -1 0 1,2 0.001 -1 1 78.0862 380 1,14 0.001 0 -1 2,13 0.001 -1 -1 1,15 0.001 0 -1 120.064 455 13,1 0.001 1 -1 13,0 0.001 1 0 12,1 0.001 0 -1 141.101 500 13,12 0.001 1 0 14,15 0.001 -1 1 12,14 0.001 -1 -1 1.1743 95 ::f,1,1 f,3,15 f,13,13 f,15,1 
192:1,3 0.001 -1 0 1,0 0.001 -1 -1 1,2 0.001 -1 0 78.0862 380 1,13 0.001 0 -1 2,13 0.001 -1 -1 1,14 0.001 0 -1 120.066 455 13,1 0.001 1 -1 14,0 0.001 1 0 12,1 0.001 0 -1 141.102 500 14,12 0.001 1 0 14,15 0.001 -1 0 12,14 0.001 0 -1 1.1753 95 ::f,1,1 f,3,15 f,13,13 f,15,1 
193:1,3 0.001 -1 0 1,0 0.001 -1 -1 1,2 0.001 -1 0 78.0862 380 1,13 0.001 0 -1 2,13 0.001 0 -1 1,14 0.001 0 -1 120.066 455 13,1 0.001 1 0 14,0 0.001 1 0 12,1 0.001 1 -1 141.102 500 14,12 0.001 1 0 13,15 0.001 -1 0 12,13 0.001 0 -1 1.1773 95 ::f,1,1 f,3,15 f,13,13 f,15,1 
194:1,3 0.001 -1 -1 1,0 0.001 0 -1 1,2 0.001 -1 -1 78.0862 380 1,13 0.001 1 -1 2,13 0.001 0 -1 1,14 0.001 1 -1 120.066 455 14,1 0.001 1 0 14,0 0.001 1 1 13,0 0.001 1 -1 141.104 500 14,12 0.001 1 1 13,15 0.001 -1 0 12,13 0.001 0 -1 1.1773 95 ::f,1,1 f,3,15 f,13,13 f,15,1 
195:0,2 0.001 -1 -1 1,0 0.001 0 -1 1,2 0.001 -1 -1 78.0872 380 1,13 0.001 1 -1 2,13 0.001 1 -1 1,14 0.001 1 -1 120.066 455 14,1 0.001 1 0 14,0 0.001 1 1 13,0 0.001 1 -1 151.104 515 15,13 0.001 1 1 13,15 0.001 -1 -1 12,13 0.001 1 -1 1.1783 95 ::f,1,1 f,3,15 f,12,2 f,13,13 
196:0,2 0.001 -1 -1 1,0 0.001 1 -1 1,2 0.001 0 -1 78.0872 380 1,13 0.001 1 0 2,13 0.001 1 -1 1,14 0.001 1 0 120.066 455 14,1 0.001 1 1 14,0 0.001 0 1 13,0 0.001 1 0 151.104 515 15,13 0.001 1 1 12,14 0.001 -1 -1 13,12 0.001 1 -1 1.1803 95 ::f,1,1 f,3,15 f,12,2 f,13,13 
197:0,2 0.001 0 -1 1,0 0.001 1 -1 1,2 0.001 0 -1 78.0872 380 1,13 0.001 1 0 2,13 0.001 1 0 2,14 0.001 1 0 120.067 455 14,1 0.001 1 1 14,0 0.001 0 1 13,0 0.001 1 0 151.104 515 15,13 0.001 0 1 12,14 0.001 -1 -1 13,12 0.001 1 -1 1.1803 95 ::f,1,1 f,3,15 f,12,2 f,13,13 
198:0,1 0.001 0 -1 1,0 0.001 1 0 1,2 0.001 0 -1 82.0883 395 1,13 0.001 1 0 2,13 0.001 1 0 2,14 0.001 1 0 120.067 455 14,1 0.001 0 1 14,0 0.001 0 1 13,0 0.001 1 1 151.104 515 15,14 0.001 0 1 12,14 0.001 0 -1 13,12 0.001 1 0 1.1813 95 ::f,0,2 f,3,15 f,12,2 f,13,13 
199:0,1 0.001 0 -1 2,0 0.001 1 0 1,2 0.001 1 -1 82.0893 395 1,13 0.001 1 1 2,13 0.001 1 1 2,14 0.001 1 1 120.067 455 14,2 0.001 0 1 14,0 0.001 -1 1 14,1 0.001 1 1 151.106 515 15,14 0.001 0 1 12,13 0.001 0 -1 14,12 0.001 1 0 1.1833 95 ::f,0,2 f,3,15 f,12,2 f,13,13 
200:0,1 0.001 1 -1 2,0 0.001 1 0 2,1 0.001 1 -1 82.0903 395 1,13 0.001 1 1 2,13 0.001 1 1 2,14 0.001 1 1 125.067 470 14,2 0.001 0 1 14,0 0.001 -1 1 14,1 0.001 1 1 151.106 515 15,14 0.001 -1 1 12,13 0.001 0 -1 14,12 0.001 1 0 1.1833 95 ::f,0,2 f,2,15 f,12,2 f,13,13 
201:1,0 0.001 1 -1 2,0 0.001 1 1 2,1 0.001 1 -1 82.0913 395 1,13 0.001 1 1 2,13 0.001 0 1 2,14 0.001 0 1 125.067 470 14,2 0.001 -1 1 14,0 0.001 -1 0 14,1 0.001 0 1 151.106 515 14,15 0.001 -1 1 12,13 0.001 1 -1 14,12 0.001 1 1 1.1843 95 ::f,0,2 f,2,15 f,12,2 f,13,13 
202:1,0 0.001 1 -1 3,1 0.001 1 1 2,1 0.001 1 0 82.0923 395 1,13 0.001 0 1 2,13 0.001 0 1 2,14 0.001 0 1 131.067 485 14,2 0.001 -1 1 14,0 0.001 -1 0 14,1 0.001 0 1 151.106 515 14,15 0.001 -1 1 13,12 0.001 1 -1 15,13 0.001 1 1 1.1863 95 ::f,0,2 f,3,15 f,12,2 f,13,13 
203:1,0 0.001 1 0 3,1 0.001 1 1 2,1 0.001 1 0 82.0923 395 1,13 0.001 0 1 2,13 0.001 0 1 2,14 0.001 -1 1 131.067 485 14,2 0.001 -1 0 14,0 0.001 -1 -1 14,1 0.001 -1 1 151.106 515 14,15 0.001 -1 0 13,12 0.001 1 -1 15,13 0.001 1 1 1.1863 95 ::f,0,2 f,3,15 f,12,2 f,13,13 
204:2,0 0.001 1 0 3,1 0.001 0 1 2,1 0.001 1 1 82.0933 395 1,13 0.001 -1 1 2,13 0.001 -1 1 1,15 0.001 -1 1 131.068 485 13,2 0.001 -1 0 14,0 0.001 -1 -1 14,1 0.001 -1 1 151.107 515 13,15 0.001 -1 0 13,12 0.001 1 0 15,13 0.001 0 1 1.1873 95 ::f,0,2 f,3,15 f,12,2 f,13,13 
205:2,0 0.001 1 0 3,2 0.001 0 1 2,1 0.001 1 1 82.0943 395 1,13 0.001 -1 1 1,14 0.001 -1 1 1,15 0.001 -1 1 131.069 485 13,2 0.001 -1 0 14,0 0.001 0 -1 14,1 0.001 -1 1 161.107 530 13,15 0.001 -1 0 14,12 0.001 1 0 15,14 0.001 0 1 1.1893 95 ::f,0,2 f,3,15 f,13,0 f,13,13 
206:2,0 0.001 1 1 3,2 0.001 0 1 2,1 0.001 0 1 82.0943 395 1,13 0.001 -1 0 1,14 0.001 -1 1 1,15 0.001 -1 0 131.069 485 13,2 0.001 -1 -1 14,0 0.001 0 -1 14,1 0.001 -1 0 161.107 530 13,15 0.001 -1 -1 14,12 0.001 1 0 15,14 0.001 0 1 1.1893 95 ::f,0,2 f,3,15 f,13,0 f,13,13 
207:3,1 0.001 1 1 3,2 0.001 -1 1 2,2 0.001 0 1 82.0963 395 1,13 0.001 -1 0 1,14 0.001 -1 0 1,15 0.001 -1 0 131.069 485 13,2 0.001 -1 -1 14,0 0.001 1 -1 14,1 0.001 -1 0 161.107 530 12,14 0.001 -1 -1 14,12 0.001 1 1 15,14 0.001 -1 1 1.1903 95 ::f,0,2 f,3,15 f,13,0 f,13,13 
208:3,1 0.001 1 1 2,3 0.001 -1 1 2,2 0.001 0 1 82.0973 395 1,13 0.001 -1 -1 1,14 0.001 -1 0 1,15 0.001 -1 -1 131.069 485 13,2 0.001 0 -1 14,0 0.001 1 -1 14,1 0.001 -1 -1 161.107 530 12,14 0.001 -1 -1 15,13 0.001 1 1 14,15 0.001 -1 1 1.1923 95 ::f,0,2 f,3,15 f,13,0 f,13,13 
209:3,1 0.001 0 1 2,3 0.001 -1 1 2,2 0.001 -1 1 82.0973 395 1,13 0.001 -1 -1 1,14 0.001 -1 -1 0,14 0.001 -1 -1 131.07 485 13,1 0.001 0 -1 14,0 0.001 1 0 14,1 0.001 -1 -1 168.108 545 12,14 0.001 0 -1 15,13 0.001 1 1 14,15 0.001 -1 1 1.1923 95 ::f,0,2 f,3,15 f,12,2 f,13,13 
210:3,2 0.001 0 1 2,3 0.001 -1 0 2,2 0.001 -1 1 82.0983 395 1,13 0.001 0 -1 1,14 0.001 -1 -1 0,14 0.001 -1 -1 131.07 485 13,1 0.001 0 -1 14,0 0.001 1 0 14,1 0.001 0 -1 168.108 545 12,13 0.001 0 -1 15,13 0.001 0 1 14,15 0.001 -1 0 1.1933 95 ::f,0,2 f,3,15 f,12,2 f,13,13 
211:3,2 0.001 0 1 1,3 0.001 -1 0 2,2 0.001 -1 0 82.0993 395 1,13 0.001 0 -1 1,14 0.001 0 -1 0,14 0.001 0 -1 131.07 485 13,1 0.001 1 -1 14,0 0.001 1 1 14,1 0.001 0 -1 168.108 545 12,13 0.001 0 -1 15,14 0.001 0 1 13,15 0.001 -1 0 1.1953 95 ::f,0,2 f,3,15 f,12,2 f,13,13 
212:3,2 0.001 -1 1 1,3 0.001 -1 0 1,2 0.001 -1 0 82.1003 395 1,13 0.001 1 -1 1,14 0.001 0 -1 0,13 0.001 0 -1 131.071 485 13,1 0.001 1 -1 15,1 0.001 1 1 14,1 0.001 1 -1 168.109 545 12,13 0.001 1 -1 15,14 0.001 0 1 13,15 0.001 -1 0 1.1953 95 ::f,0,2 f,3,15 f,12,2 f,13,13 
213:2,3 0.001 -1 1 1,3 0.001 -1 -1 1,2 0.001 -1 0 87.1014 410 1,13 0.001 1 -1 1,14 0.001 0 -1 0,13 0.001 0 -1 131.071 485 13,1 0.001 1 0 15,1 0.001 1 1 14,1 0.001 1 -1 168.109 545 13,12 0.001 1 -1 15,14 0.001 -1 1 13,15 0.001 -1 -1 1.1963 95 ::f,3,0 f,3,15 f,12,2 f,13,13 
214:2,3 0.001 -1 1 1,3 0.001 -1 -1 1,2 0.001 -1 -1 87.1014 410 1,13 0.001 1 0 1,14 0.001 1 -1 0,13 0.001 1 -1 131.071 485 13,1 0.001 1 0 15,1 0.001 0 1 14,1 0.001 1 0 168.109 545 13,12 0.001 1 -1 14,15 0.001 -1 1 12,14 0.001 -1 -1 1.1983 95 ::f,3,0 f,3,15 f,12,2 f,13,13 
215:2,3 0.001 -1 0 1,3 0.001 0 -1 1,2 0.001 -1 -1 87.1014 410 2,13 0.001 1 0 1,14 0.001 1 -1 1,12 0.001 1 -1 131.073 485 13,1 0.001 1 0 15,2 0.001 0 1 14,1 0.001 1 0 168.11 545 13,12 0.001 1 0 14,15 0.001 -1 1 12,14 0.001 -1 -1 1.1983 95 ::f,3,0 f,3,15 f,12,2 f,13,13 
216:2,3 0.001 -1 0 1,3 0.001 0 -1 1,2 0.001 0 -1 87.1014 410 2,13 0.001 1 0 1,14 0.001 1 0 1,12 0.001 1 -1 131.073 485 13,1 0.001 1 0 15,2 0.001 0 1 14,1 0.001 1 1 168.11 545 14,12 0.001 1 0 14,15 0.001 -1 0 12,14 0.001 0 -1 1.1993 95 ::f,3,0 f,3,15 f,12,2 f,13,13 
217:2,3 0.001 -1 -1 1,3 0.001 0 -1 1,1 0.001 0 -1 87.1024 410 2,13 0.001 1 1 1,14 0.001 1 0 1,12 0.001 1 0 131.073 485 13,1 0.001 1 0 15,2 0.001 -1 1 14,1 0.001 1 1 168.11 545 14,12 0.001 1 0 13,15 0.001 -1 0 12,13 0.001 0 -1 1.2013 95 ::f,3,0 f,3,15 f,12,2 f,13,13 
218:1,2 0.001 -1 -1 1,3 0.001 1 -1 1,1 0.001 0 -1 87.1034 410 2,13 0.001 1 1 1,14 0.001 1 1 2,12 0.001 1 0 131.074 485 13,1 0.001 1 1 14,3 0.001 -1 1 14,1 0.001 1 1 168.111 545 14,12 0.001 1 1 13,15 0.001 -1 0 12,13 0.001 0 -1 1.2013 95 ::f,3,0 f,3,15 f,12,2 f,13,13 
219:1,2 0.001 -1 -1 1,3 0.001 1 -1 1,1 0.001 1 -1 87.1034 410 2,13 0.001 0 1 1,14 0.001 1 1 2,12 0.001 1 0 131.074 485 13,1 0.001 1 1 14,3 0.001 -1 1 14,1 0.001 0 1 168.111 545 15,13 0.001 1 1 13,15 0.001 -1 -1 12,13 0.001 1 -1 1.2023 95 ::f,3,0 f,3,15 f,12,2 f,13,13 
220:1,2 0.001 0 -1 1,3 0.001 1 0 1,1 0.001 1 -1 87.1034 410 2,14 0.001 0 1 1,14 0.001 0 1 2,12 0.001 1 1 131.075 485 13,1 0.001 0 1 14,3 0.001 -1 0 14,2 0.001 0 1 168.112 545 15,13 0.001 1 1 12,14 0.001 -1 -1 13,12 0.001 1 -1 1.2043 95 ::f,3,0 f,3,15 f,12,2 f,13,13 
221:1,2 0.001 0 -1 1,3 0.001 1 0 1,1 0.001 1 0 87.1034 410 2,14 0.001 0 1 1,14 0.001 0 1 3,13 0.001 1 1 131.076 485 13,1 0.001 0 1 13,3 0.001 -1 0 14,2 0.001 0 1 168.113 545 15,13 0.001 0 1 12,14 0.001 -1 -1 13,12 0.001 1 -1 1.2043 95 ::f,3,0 f,3,15 f,12,2 f,13,13 
222:1,2 0.001 1 -1 1,3 0.001 1 1 2,1 0.001 1 0 87.1044 410 2,14 0.001 -1 1 1,14 0.001 -1 1 3,13 0.001 1 1 131.076 485 13,1 0.001 -1 1 13,3 0.001 -1 0 14,2 0.001 -1 1 168.113 545 15,14 0.001 0 1 12,14 0.001 0 -1 13,12 0.001 1 0 1.2053 95 ::f,3,0 f,3,15 f,12,2 f,13,13 
223:1,2 0.001 1 -1 1,3 0.001 1 1 2,1 0.001 1 0 87.1044 410 2,14 0.001 -1 1 1,14 0.001 -1 1 3,13 0.001 0 1 131.076 485 13,1 0.001 -1 0 13,3 0.001 -1 -1 14,2 0.001 -1 1 168.113 545 15,14 0.001 0 1 12,13 0.001 0 -1 14,12 0.001 1 0 1.2073 95 ::f,3,0 f,3,15 f,12,2 f,13,13 
224:1,2 0.001 1 0 1,3 0.001 0 1 2,1 0.001 1 1 87.1044 410 2,14 0.001 -1 0 1,14 0.001 -1 0 3,14 0.001 0 1 131.077 485 13,1 0.001 -1 0 13,3 0.001 -1 -1 14,2 0.001 -1 0 178.113 560 15,14 0.001 -1 1 12,13 0.001 0 -1 14,12 0.001 1 0 1.2073 95 ::f,3,0 f,3,15 f,13,13 f,15,1 
225:1,2 0.001 1 0 1,3 0.001 0 1 2,1 0.001 1 1 87.1044 410 2,14 0.001 -1 0 1,14 0.001 -1 0 3,14 0.001 0 1 138.077 500 13,1 0.001 -1 -1 13,3 0.001 0 -1 13,2 0.001 -1 0 178.114 560 14,15 0.001 -1 1 12,13 0.001 1 -1 14,12 0.001 1 1 1.2083 95 ::f,0,15 f,3,0 f,13,13 f,15,1 
226:1,2 0.001 1 1 1,3 0.001 -1 1 2,1 0.001 0 1 87.1044 410 2,14 0.001 -1 0 1,14 0.001 -1 -1 3,14 0.001 -1 1 138.077 500 13,1 0.001 -1 -1 13,3 0.001 0 -1 13,2 0.001 -1 0 178.114 560 14,15 0.001 -1 1 13,12 0.001 1 -1 15,13 0.001 1 1 1.2103 95 ::f,0,15 f,3,0 f,13,13 f,15,1 
227:1,2 0.001 1 1 1,3 0.001 -1 1 2,2 0.001 0 1 87.1054 410 2,14 0.001 -1 0 1,14 0.001 -1 -1 2,15 0.001 -1 1 138.078 500 13,1 0.001 0 -1 13,3 0.001 0 -1 13,2 0.001 -1 -1 178.114 560 14,15 0.001 -1 0 13,12 0.001 1 -1 15,13 0.001 1 1 1.2103 95 ::f,0,15 f,3,0 f,13,13 f,15,1 
228:1,2 0.001 0 1 1,3 0.001 -1 0 2,2 0.001 0 1 87.1054 410 2,14 0.001 -1 -1 1,14 0.001 0 -1 2,15 0.001 -1 1 138.078 500 13,1 0.001 0 -1 13,3 0.001 1 -1 13,2 0.001 -1 -1 178.114 560 13,15 0.001 -1 0 13,12 0.001 1 0 15,13 0.001 0 1 1.2113 95 ::f,0,15 f,3,0 f,13,13 f,15,1 
229:1,2 0.001 0 1 1,3 0.001 -1 0 2,2 0.001 -1 1 87.1054 410 2,14 0.001 -1 -1 1,13 0.001 0 -1 2,15 0.001 -1 0 138.079 500 13,1 0.001 1 -1 13,3 0.001 1 -1 13,2 0.001 0 -1 178.114 560 13,15 0.001 -1 0 14,12 0.001 1 0 15,14 0.001 0 1 1.2133 95 ::f,0,15 f,3,0 f,13,13 f,15,1 
230:1,2 0.001 -1 1 1,3 0.001 -1 -1 2,2 0.001 -1 1 87.1054 410 2,14 0.001 0 -1 1,13 0.001 0 -1 1,15 0.001 -1 0 138.08 500 14,0 0.001 1 -1 13,3 0.001 1 0 13,1 0.001 0 -1 178.116 560 13,15 0.001 -1 -1 14,12 0.001 1 0 15,14 0.001 0 1 1.2133 95 ::f,0,15 f,3,0 f,13,13 f,15,1 
231:1,2 0.001 -1 1 0,2 0.001 -1 -1 2,2 0.001 -1 0 87.1064 410 2,14 0.001 0 -1 1,13 0.001 1 -1 1,15 0.001 -1 0 146.08 515 14,0 0.001 1 -1 13,3 0.001 1 0 13,1 0.001 0 -1 178.116 560 12,14 0.001 -1 -1 14,12 0.001 1 1 15,14 0.001 -1 1 1.2143 95 ::f,0,15 f,3,0 f,13,13 f,15,1 
232:1,2 0.001 -1 0 0,2 0.001 -1 -1 2,2 0.001 -1 0 87.1064 410 2,14 0.001 1 -1 1,13 0.001 1 -1 1,15 0.001 -1 -1 146.08 515 14,0 0.001 1 0 13,3 0.001 1 1 13,1 0.001 1 -1 178.116 560 12,14 0.001 -1 -1 15,13 0.001 1 1 14,15 0.001 -1 1 1.2163 95 ::f,0,15 f,3,0 f,13,13 f,15,1 
233:1,2 0.001 -1 0 0,2 0.001 0 -1 2,2 0.001 -1 0 87.1064 410 2,14 0.001 1 -1 1,13 0.001 1 0 0,14 0.001 -1 -1 146.081 515 14,0 0.001 1 0 13,3 0.001 1 1 13,1 0.001 1 -1 178.116 560 12,14 0.001 0 -1 15,13 0.001 1 1 14,15 0.001 -1 1 1.2163 95 ::f,0,15 f,3,0 f,13,13 f,15,1 
234:1,2 0.001 -1 -1 0,1 0.001 0 -1 2,2 0.001 -1 -1 87.1074 410 2,14 0.001 1 0 2,13 0.001 1 0 0,14 0.001 -1 -1 146.082 515 14,0 0.001 1 1 13,3 0.001 0 1 13,1 0.001 1 0 178.116 560 12,13 0.001 0 -1 15,13 0.001 0 1 14,15 0.001 -1 0 1.2173 95 ::f,0,15 f,3,0 f,13,13 f,15,1 
235:1,2 0.001 -1 -1 0,1 0.001 0 -1 1,1 0.001 -1 -1 87.1084 410 2,14 0.001 1 0 2,13 0.001 1 0 0,14 0.001 0 -1 146.082 515 14,0 0.001 1 1 13,3 0.001 0 1 14,1 0.001 1 0 178.117 560 12,13 0.001 0 -1 15,14 0.001 0 1 13,15 0.001 -1 0 1.2193 95 ::f,0,15 f,3,0 f,13,13 f,15,1 
236:1,2 0.001 -1 -1 0,1 0.001 1 -1 1,1 0.001 -1 -1 87.1084 410 2,14 0.001 1 1 2,13 0.001 1 1 0,13 0.001 0 -1 146.083 515 14,0 0.001 1 1 13,3 0.001 -1 1 14,1 0.001 1 0 188.118 575 12,13 0.001 1 -1 15,14 0.001 0 1 13,15 0.001 -1 0 1.2193 95 ::f,0,15 f,3,0 f,13,13 f,14,3 
237:1,2 0.001 0 -1 1,0 0.001 1 -1 1,1 0.001 0 -1 87.1094 410 2,14 0.001 1 1 2,13 0.001 1 1 0,13 0.001 0 -1 146.083 515 14,0 0.001 0 1 13,3 0.001 -1 1 14,1 0.001 1 1 188.118 575 13,12 0.001 1 -1 15,14 0.001 -1 1 13,15 0.001 -1 -1 1.2203 95 ::f,0,15 f,3,0 f,13,13 f,14,3 
238:1,2 0.001 0 -1 1,0 0.001 1 -1 1,1 0.001 0 -1 87.1094 410 2,14 0.001 0 1 2,13 0.001 0 1 0,13 0.001 1 -1 146.083 515 14,0 0.001 0 1 13,3 0.001 -1 0 15,2 0.001 1 1 188.119 575 13,12 0.001 1 -1 14,15 0.001 -1 1 12,14 0.001 -1 -1 1.2223 95 ::f,0,15 f,3,0 f,13,13 f,14,3 
239:1,2 0.001 0 -1 1,0 0.001 1 0 1,1 0.001 1 -1 87.1094 410 2,14 0.001 0 1 2,13 0.001 0 1 1,12 0.001 1 -1 146.084 515 14,1 0.001 0 1 13,3 0.001 -1 0 15,2 0.001 1 1 188.12 575 13,12 0.001 1 0 14,15 0.001 -1 1 12,14 0.001 -1 -1 1.2223 95 ::f,0,15 f,3,0 f,13,13 f,14,3 
240:1,2 0.001 1 -1 2,0 0.001 1 0 1,1 0.001 1 -1 87.1104 410 2,14 0.001 -1 1 2,13 0.001 0 1 1,12 0.001 1 -1 146.084 515 14,1 0.001 0 1 13,3 0.001 -1 -1 15,2 0.001 0 1 188.12 575 14,12 0.001 1 0 14,15 0.001 -1 0 12,14 0.001 0 -1 1.2233 95 ::f,0,15 f,3,0 f,13,13 f,14,3 
241:2,1 0.001 1 -1 2,0 0.001 1 0 1,1 0.001 1 0 96.1115 425 2,14 0.001 -1 1 2,13 0.001 -1 1 1,12 0.001 1 0 146.084 515 14,1 0.001 -1 1 12,2 0.001 -1 -1 15,2 0.001 0 1 188.121 575 14,12 0.001 1 0 13,15 0.001 -1 0 12,13 0.001 0 -1 1.2253 95 ::f,0,15 f,1,2 f,13,13 f,14,3 
242:2,1 0.001 1 -1 2,0 0.001 1 1 1,1 0.001 1 0 96.1115 425 2,14 0.001 -1 0 1,14 0.001 -1 1 2,12 0.001 1 0 146.086 515 14,1 0.001 -1 1 12,2 0.001 -1 -1 15,2 0.001 -1 1 188.121 575 14,12 0.001 1 1 13,15 0.001 -1 0 12,13 0.001 0 -1 1.2253 95 ::f,0,15 f,1,2 f,13,13 f,14,3 
243:2,1 0.001 1 0 3,1 0.001 1 1 1,1 0.001 1 0 96.1125 425 2,14 0.001 -1 0 1,14 0.001 -1 1 2,12 0.001 1 0 156.086 530 14,1 0.001 -1 0 12,2 0.001 0 -1 15,2 0.001 -1 1 188.121 575 15,13 0.001 1 1 13,15 0.001 -1 -1 12,13 0.001 1 -1 1.2263 95 ::f,1,2 f,3,13 f,13,13 f,14,3 
244:2,1 0.001 1 0 3,1 0.001 1 1 1,1 0.001 1 0 96.1125 425 2,14 0.001 -1 0 1,14 0.001 -1 0 2,12 0.001 1 1 156.086 530 14,1 0.001 -1 0 12,1 0.001 0 -1 15,2 0.001 -1 1 196.122 590 15,13 0.001 1 1 12,14 0.001 -1 -1 13,12 0.001 1 -1 1.2283 95 ::f,1,2 f,3,13 f,13,13 f,14,0 
245:2,1 0.001 1 1 3,1 0.001 0 1 1,1 0.001 1 1 96.1125 425 2,14 0.001 -1 -1 1,14 0.001 -1 0 2,12 0.001 1 1 156.086 530 14,1 0.001 -1 -1 12,1 0.001 0 -1 15,2 0.001 -1 0 196.122 590 15,13 0.001 0 1 12,14 0.001 -1 -1 13,12 0.001 1 -1 1.2283 95 ::f,1,2 f,3,13 f,13,13 f,14,0 
246:2,1 0.001 1 1 3,2 0.001 0 1 1,1 0.001 1 1 96.1135 425 2,14 0.001 -1 -1 1,14 0.001 -1 -1 2,12 0.001 1 1 165.086 545 14,1 0.001 0 -1 12,1 0.001 1 -1 14,2 0.001 -1 0 196.123 590 15,14 0.001 0 1 12,14 0.001 0 -1 13,12 0.001 1 0 1.2293 95 ::f,0,12 f,1,2 f,13,13 f,14,0 
247:2,1 0.001 0 1 3,2 0.001 0 1 1,1 0.001 0 1 96.1135 425 1,13 0.001 -1 -1 1,14 0.001 -1 -1 2,12 0.001 0 1 165.087 545 14,1 0.001 0 -1 13,0 0.001 1 -1 14,2 0.001 -1 0 206.124 605 15,14 0.001 0 1 12,13 0.001 0 -1 14,12 0.001 1 0 1.2313 95 ::f,0,12 f,1,2 f,13,13 f,14,0 
248:2,2 0.001 0 1 3,2 0.001 -1 1 1,1 0.001 0 1 102.115 440 1,13 0.001 -1 -1 1,14 0.001 0 -1 2,13 0.001 0 1 175.088 560 14,1 0.001 1 -1 13,0 0.001 1 -1 14,2 0.001 -1 -1 206.124 605 15,14 0.001 -1 1 12,13 0.001 0 -1 14,12 0.001 1 0 1.2313 95 ::f,0,3 f,0,12 f,13,13 f,14,0 
249:2,2 0.001 0 1 2,3 0.001 -1 1 1,2 0.001 0 1 102.117 440 1,13 0.001 0 -1 1,14 0.001 0 -1 2,13 0.001 0 1 175.088 560 14,1 0.001 1 -1 13,0 0.001 1 0 13,1 0.001 -1 -1 206.125 605 14,15 0.001 -1 1 12,13 0.001 1 -1 14,12 0.001 1 1 1.2323 95 ::f,0,3 f,0,12 f,13,13 f,14,0 
250:2,2 0.001 -1 1 2,3 0.001 -1 1 1,2 0.001 0 1 102.117 440 1,13 0.001 0 -1 1,14 0.001 0 -1 2,13 0.001 -1 1 175.088 560 14,1 0.001 1 0 13,0 0.001 1 0 13,1 0.001 -1 -1 216.125 620 14,15 0.001 -1 1 13,12 0.001 1 -1 15,13 0.001 1 1 1.2343 95 ::f,0,3 f,0,12 f,12,1 f,13,13 
251:1,3 0.001 -1 1 2,3 0.001 -1 0 1,2 0.001 -1 1 102.118 440 1,13 0.001 1 -1 1,14 0.001 1 -1 2,13 0.001 -1 1 175.088 560 14,1 0.001 1 0 13,0 0.001 1 1 13,1 0.001 0 -1 216.125 620 14,15 0.001 -1 0 13,12 0.001 1 -1 15,13 0.001 1 1 1.2343 95 ::f,0,3 f,0,12 f,12,1 f,13,13 
252:1,3 0.001 -1 1 2,3 0.001 -1 0 1,2 0.001 -1 1 109.118 455 1,13 0.001 1 -1 1,14 0.001 1 -1 2,13 0.001 -1 0 175.088 560 14,1 0.001 1 1 13,0 0.001 1 1 13,1 0.001 0 -1 216.125 620 13,15 0.001 -1 0 13,12 0.001 1 0 15,13 0.001 0 1 1.2353 95 ::f,0,2 f,0,12 f,12,1 f,13,13 
253:1,3 0.001 -1 0 2,3 0.001 -1 0 1,2 0.001 -1 0 109.118 455 1,13 0.001 1 0 1,14 0.001 1 0 2,13 0.001 -1 0 175.088 560 15,2 0.001 1 1 13,0 0.001 1 1 13,1 0.001 1 -1 216.126 620 13,15 0.001 -1 0 14,12 0.001 1 0 15,14 0.001 0 1 1.2373 95 ::f,0,2 f,0,12 f,12,1 f,13,13 
254:1,3 0.001 -1 0 2,3 0.001 -1 0 1,2 0.001 -1 0 117.118 470 1,13 0.001 1 0 1,14 0.001 1 0 2,13 0.001 -1 0 175.088 560 15,2 0.001 1 1 13,0 0.001 0 1 13,1 0.001 1 -1 216.126 620 13,15 0.001 -1 -1 14,12 0.001 1 0 15,14 0.001 0 1 1.2373 95 ::f,0,12 f,3,0 f,12,1 f,13,13 
255:1,3 0.001 -1 -1 2,3 0.001 -1 -1 1,2 0.001 -1 -1 117.118 470 1,13 0.001 1 0 1,14 0.001 1 1 2,13 0.001 -1 -1 175.088 560 15,2 0.001 0 1 13,0 0.001 0 1 13,1 0.001 1 0 216.126 620 12,14 0.001 -1 -1 14,12 0.001 1 1 15,14 0.001 -1 1 1.2383 95 ::f,0,12 f,3,0 f,12,1 f,13,13 
256:0,2 0.001 -1 -1 2,3 0.001 -1 -1 1,2 0.001 -1 -1 117.119 470 1,13 0.001 1 1 1,14 0.001 1 1 2,13 0.001 -1 -1 175.088 560 15,2 0.001 0 1 13,0 0.001 -1 1 14,1 0.001 1 0 216.127 620 12,14 0.001 -1 -1 15,13 0.001 1 1 14,15 0.001 -1 1 1.2403 95 ::f,0,12 f,3,0 f,12,1 f,13,13 
257:0,2 0.001 -1 -1 2,3 0.001 -1 -1 1,2 0.001 0 -1 117.119 470 1,13 0.001 1 1 1,14 0.001 0 1 2,13 0.001 0 -1 175.088 560 15,2 0.001 -1 1 13,0 0.001 -1 1 14,1 0.001 1 0 226.127 635 12,14 0.001 0 -1 15,13 0.001 1 1 14,15 0.001 -1 1 1.2403 95 ::f,0,12 f,3,0 f,13,2 f,13,13 
258:0,2 0.001 0 -1 2,3 0.001 0 -1 1,1 0.001 0 -1 117.12 470 1,13 0.001 0 1 1,14 0.001 0 1 2,13 0.001 0 -1 175.088 560 14,3 0.001 -1 1 13,0 0.001 -1 0 14,1 0.001 1 1 226.128 635 12,13 0.001 0 -1 15,13 0.001 0 1 14,15 0.001 -1 0 1.2413 95 ::f,0,12 f,3,0 f,13,2 f,13,13 
259:0,1 0.001 0 -1 2,3 0.001 0 -1 1,1 0.001 0 -1 117.121 470 1,13 0.001 0 1 1,14 0.001 -1 1 2,13 0.001 1 -1 175.088 560 14,3 0.001 -1 1 13,0 0.001 -1 0 14,1 0.001 1 1 226.128 635 12,13 0.001 0 -1 15,14 0.001 0 1 13,15 0.001 -1 0 1.2433 95 ::f,0,12 f,3,0 f,13,2 f,13,13 
260:0,1 0.001 0 -1 2,3 0.001 1 -1 1,1 0.001 1 -1 117.121 470 1,13 0.001 -1 1 1,14 0.001 -1 1 2,13 0.001 1 -1 175.088 560 14,3 0.001 -1 0 13,0 0.001 -1 -1 14,1 0.001 0 1 226.128 635 12,13 0.001 1 -1 15,14 0.001 0 1 13,15 0.001 -1 0 1.2433 95 ::f,0,12 f,3,0 f,13,2 f,13,13 
261:0,1 0.001 1 -1 2,3 0.001 1 -1 1,1 0.001 1 -1 117.121 470 1,13 0.001 -1 1 1,14 0.001 -1 0 2,13 0.001 1 0 175.088 560 13,3 0.001 -1 0 13,0 0.001 -1 -1 14,2 0.001 0 1 226.13 635 13,12 0.001 1 -1 15,14 0.001 -1 1 13,15 0.001 -1 -1 1.2443 95 ::f,0,12 f,3,0 f,13,2 f,13,13 
262:1,0 0.001 1 -1 2,3 0.001 1 0 1,1 0.001 1 0 117.122 470 1,13 0.001 -1 0 1,14 0.001 -1 0 2,13 0.001 1 0 175.088 560 13,3 0.001 -1 0 13,0 0.001 0 -1 14,2 0.001 0 1 226.13 635 13,12 0.001 1 -1 14,15 0.001 -1 1 12,14 0.001 -1 -1 1.2463 95 ::f,0,12 f,3,0 f,13,2 f,13,13 
263:1,0 0.001 1 -1 2,3 0.001 1 0 2,1 0.001 1 0 117.123 470 1,13 0.001 -1 0 1,14 0.001 -1 -1 2,13 0.001 1 1 175.088 560 13,3 0.001 -1 -1 13,0 0.001 0 -1 14,2 0.001 -1 1 226.13 635 13,12 0.001 1 0 14,15 0.001 -1 1 12,14 0.001 -1 -1 1.2463 95 ::f,0,12 f,3,0 f,13,2 f,13,13 
264:1,0 0.001 1 0 2,3 0.001 1 1 2,1 0.001 1 0 117.123 470 1,13 0.001 -1 -1 1,14 0.001 -1 -1 3,14 0.001 1 1 175.089 560 12,2 0.001 -1 -1 13,0 0.001 1 -1 14,2 0.001 -1 1 226.131 635 14,12 0.001 1 0 14,15 0.001 -1 0 12,14 0.001 0 -1 1.2473 95 ::f,0,12 f,3,0 f,13,2 f,13,13 
265:2,0 0.001 1 0 2,3 0.001 1 1 2,1 0.001 1 1 117.124 470 1,13 0.001 -1 -1 1,14 0.001 0 -1 3,14 0.001 1 1 185.09 575 12,2 0.001 -1 -1 13,0 0.001 1 -1 14,2 0.001 -1 0 226.131 635 14,12 0.001 1 0 13,15 0.001 -1 0 12,13 0.001 0 -1 1.2493 95 ::f,0,13 f,3,0 f,13,2 f,13,13 
266:2,0 0.001 1 0 2,3 0.001 0 1 2,1 0.001 1 1 126.124 485 1,13 0.001 0 -1 1,14 0.001 0 -1 3,14 0.001 0 1 185.09 575 12,2 0.001 0 -1 13,0 0.001 1 0 14,2 0.001 -1 0 226.131 635 14,12 0.001 1 1 13,15 0.001 -1 0 12,13 0.001 0 -1 1.2493 95 ::f,0,13 f,2,2 f,13,2 f,13,13 
267:2,0 0.001 1 1 2,3 0.001 0 1 2,1 0.001 0 1 126.124 485 1,13 0.001 0 -1 1,14 0.001 0 -1 3,14 0.001 0 1 185.09 575 12,1 0.001 0 -1 14,0 0.001 1 0 14,2 0.001 -1 0 226.133 635 15,13 0.001 1 1 13,15 0.001 -1 -1 12,13 0.001 1 -1 1.2503 95 ::f,0,13 f,2,2 f,13,2 f,13,13 
268:3,1 0.001 1 1 2,3 0.001 -1 1 2,1 0.001 0 1 126.125 485 1,13 0.001 1 -1 1,14 0.001 1 -1 3,14 0.001 -1 1 185.09 575 12,1 0.001 0 -1 14,0 0.001 1 0 14,2 0.001 -1 0 235.133 650 15,13 0.001 1 1 12,14 0.001 -1 -1 13,12 0.001 1 -1 1.2523 95 ::f,0,13 f,2,2 f,12,2 f,13,13 
269:3,1 0.001 1 1 2,3 0.001 -1 1 2,1 0.001 0 1 135.125 500 1,13 0.001 1 -1 1,14 0.001 1 -1 2,15 0.001 -1 1 185.091 575 12,1 0.001 1 -1 14,0 0.001 1 1 14,2 0.001 -1 -1 235.133 650 15,13 0.001 0 1 12,14 0.001 -1 -1 13,12 0.001 1 -1 1.2523 95 ::f,0,13 f,1,1 f,12,2 f,13,13 
270:3,1 0.001 0 1 2,3 0.001 -1 0 2,1 0.001 -1 1 135.125 500 1,13 0.001 1 0 1,14 0.001 1 0 2,15 0.001 -1 1 185.091 575 13,0 0.001 1 -1 15,1 0.001 1 1 14,2 0.001 -1 -1 235.135 650 15,14 0.001 0 1 12,14 0.001 0 -1 13,12 0.001 1 0 1.2533 95 ::f,0,13 f,1,1 f,12,2 f,13,13 
271:3,2 0.001 0 1 1,3 0.001 -1 0 2,1 0.001 -1 1 135.127 500 2,13 0.001 1 0 1,14 0.001 1 0 2,15 0.001 -1 0 185.092 575 13,0 0.001 1 -1 15,1 0.001 1 1 14,2 0.001 0 -1 235.135 650 15,14 0.001 0 1 12,13 0.001 0 -1 14,12 0.001 1 0 1.2553 95 ::f,0,13 f,1,1 f,12,2 f,13,13 
272:3,2 0.001 0 1 1,3 0.001 -1 0 2,1 0.001 -1 0 135.127 500 2,13 0.001 1 0 1,14 0.001 1 1 1,15 0.001 -1 0 185.093 575 13,0 0.001 1 0 15,1 0.001 0 1 14,2 0.001 0 -1 235.135 650 15,14 0.001 -1 1 12,13 0.001 0 -1 14,12 0.001 1 0 1.2553 95 ::f,0,13 f,1,1 f,12,2 f,13,13 
273:3,2 0.001 -1 1 1,3 0.001 -1 -1 2,1 0.001 -1 0 145.127 515 2,13 0.001 1 1 1,14 0.001 1 1 1,15 0.001 -1 0 185.093 575 14,0 0.001 1 0 15,2 0.001 0 1 14,2 0.001 1 -1 235.137 650 14,15 0.001 -1 1 12,13 0.001 1 -1 14,12 0.001 1 1 1.2563 95 ::f,0,13 f,3,0 f,12,2 f,13,13 
274:2,3 0.001 -1 1 0,2 0.001 -1 -1 1,1 0.001 -1 0 145.13 515 2,13 0.001 1 1 1,14 0.001 0 1 1,15 0.001 -1 -1 185.093 575 14,0 0.001 1 0 15,2 0.001 0 1 14,2 0.001 1 0 235.137 650 14,15 0.001 -1 1 13,12 0.001 1 -1 15,13 0.001 1 1 1.2583 95 ::f,0,13 f,3,0 f,12,2 f,13,13 
275:2,3 0.001 -1 1 0,2 0.001 -1 -1 1,1 0.001 -1 0 145.13 515 2,13 0.001 0 1 1,14 0.001 0 1 0,14 0.001 -1 -1 185.094 575 14,0 0.001 1 1 15,2 0.001 -1 1 14,2 0.001 1 0 235.137 650 14,15 0.001 -1 0 13,12 0.001 1 -1 15,13 0.001 1 1 1.2583 95 ::f,0,13 f,3,0 f,12,2 f,13,13 
276:2,3 0.001 -1 0 0,2 0.001 0 -1 1,1 0.001 -1 -1 145.13 515 2,14 0.001 0 1 1,14 0.001 -1 1 0,14 0.001 -1 -1 185.095 575 15,1 0.001 1 1 14,3 0.001 -1 1 14,2 0.001 1 1 235.139 650 13,15 0.001 -1 0 13,12 0.001 1 0 15,13 0.001 0 1 1.2593 95 ::f,0,13 f,3,0 f,12,2 f,13,13 
277:1,3 0.001 -1 0 0,1 0.001 0 -1 1,1 0.001 -1 -1 145.132 515 2,14 0.001 0 1 1,14 0.001 -1 1 0,14 0.001 0 -1 185.095 575 15,1 0.001 1 1 14,3 0.001 -1 1 14,2 0.001 1 1 235.139 650 13,15 0.001 -1 0 14,12 0.001 1 0 15,14 0.001 0 1 1.2613 95 ::f,0,13 f,3,0 f,12,2 f,13,13 
278:1,3 0.001 -1 0 0,1 0.001 0 -1 1,1 0.001 0 -1 145.132 515 2,14 0.001 -1 1 1,14 0.001 -1 0 0,14 0.001 0 -1 195.095 590 15,1 0.001 0 1 14,3 0.001 -1 0 14,2 0.001 0 1 235.139 650 13,15 0.001 -1 -1 14,12 0.001 1 0 15,14 0.001 0 1 1.2613 95 ::f,1,13 f,3,0 f,12,2 f,13,13 
279:1,3 0.001 -1 -1 0,1 0.001 1 -1 1,1 0.001 0 -1 145.132 515 2,14 0.001 -1 1 1,14 0.001 -1 0 0,14 0.001 1 -1 195.095 590 15,2 0.001 0 1 13,3 0.001 -1 0 14,2 0.001 0 1 235.141 650 12,14 0.001 -1 -1 14,12 0.001 1 1 15,14 0.001 -1 1 1.2623 95 ::f,1,13 f,3,0 f,12,2 f,13,13 
280:0,2 0.001 -1 -1 1,0 0.001 1 -1 1,1 0.001 1 -1 145.134 515 2,14 0.001 -1 0 1,14 0.001 -1 -1 0,14 0.001 1 -1 195.095 590 15,2 0.001 0 1 13,3 0.001 -1 0 14,2 0.001 -1 1 235.141 650 12,14 0.001 -1 -1 15,13 0.001 1 1 14,15 0.001 -1 1 1.2643 95 ::f,1,13 f,3,0 f,12,2 f,13,13 
281:0,2 0.001 -1 -1 1,0 0.001 1 -1 1,1 0.001 1 -1 145.134 515 2,14 0.001 -1 0 1,14 0.001 -1 -1 0,14 0.001 1 -1 205.095 605 15,2 0.001 -1 1 13,3 0.001 -1 -1 14,2 0.001 -1 1 235.141 650 12,14 0.001 0 -1 15,13 0.001 1 1 14,15 0.001 -1 1 1.2643 95 ::f,1,13 f,3,0 f,12,2 f,13,13 
282:0,2 0.001 0 -1 1,0 0.001 1 0 1,1 0.001 1 0 145.134 515 2,14 0.001 -1 0 1,14 0.001 0 -1 0,14 0.001 1 0 205.095 605 14,3 0.001 -1 1 13,3 0.001 -1 -1 14,2 0.001 -1 1 245.142 665 12,13 0.001 0 -1 15,13 0.001 0 1 14,15 0.001 -1 0 1.2653 95 ::f,1,13 f,3,0 f,13,13 f,15,2 
283:0,1 0.001 0 -1 2,0 0.001 1 0 2,1 0.001 1 0 145.137 515 2,14 0.001 -1 -1 1,14 0.001 0 -1 0,14 0.001 1 0 205.095 605 14,3 0.001 -1 1 13,3 0.001 0 -1 14,2 0.001 -1 0 245.142 665 12,13 0.001 0 -1 15,14 0.001 0 1 13,15 0.001 -1 0 1.2673 95 ::f,1,13 f,3,0 f,13,13 f,15,2 
284:0,1 0.001 0 -1 2,0 0.001 1 0 2,1 0.001 1 0 155.137 530 2,14 0.001 -1 -1 1,14 0.001 0 -1 0,14 0.001 1 1 215.095 620 14,3 0.001 -1 0 13,2 0.001 0 -1 14,2 0.001 -1 0 245.143 665 12,13 0.001 1 -1 15,14 0.001 0 1 13,15 0.001 -1 0 1.2673 95 ::f,0,2 f,2,12 f,13,13 f,15,2 
285:0,1 0.001 1 -1 2,0 0.001 1 1 2,1 0.001 1 1 155.137 530 2,14 0.001 0 -1 1,14 0.001 1 -1 0,14 0.001 1 1 215.095 620 14,3 0.001 -1 0 13,2 0.001 0 -1 14,2 0.001 -1 0 245.143 665 13,12 0.001 1 -1 15,14 0.001 -1 1 13,15 0.001 -1 -1 1.2683 95 ::f,0,2 f,2,12 f,13,13 f,15,2 
286:1,0 0.001 1 -1 3,1 0.001 1 1 2,1 0.001 1 1 155.139 530 2,14 0.001 0 -1 2,13 0.001 1 -1 0,14 0.001 0 1 215.096 620 14,3 0.001 -1 -1 13,2 0.001 1 -1 14,2 0.001 -1 -1 245.143 665 13,12 0.001 1 -1 14,15 0.001 -1 1 12,14 0.001 -1 -1 1.2703 95 ::f,0,2 f,2,12 f,13,13 f,15,2 
287:1,0 0.001 1 -1 3,1 0.001 1 1 2,1 0.001 0 1 155.139 530 2,14 0.001 1 -1 2,13 0.001 1 -1 0,14 0.001 0 1 215.096 620 14,3 0.001 -1 -1 13,2 0.001 1 -1 14,2 0.001 -1 -1 245.143 665 13,12 0.001 1 0 14,15 0.001 -1 1 12,14 0.001 -1 -1 1.2703 95 ::f,0,2 f,2,12 f,13,13 f,15,2 
288:1,0 0.001 1 0 3,1 0.001 0 1 2,2 0.001 0 1 155.14 530 2,14 0.001 1 -1 2,13 0.001 1 0 0,14 0.001 -1 1 215.096 620 14,3 0.001 -1 -1 13,2 0.001 1 0 14,2 0.001 0 -1 245.143 665 14,12 0.001 1 0 14,15 0.001 -1 0 12,14 0.001 0 -1 1.2713 95 ::f,0,2 f,2,12 f,13,13 f,15,2 
289:2,0 0.001 1 0 3,2 0.001 0 1 2,2 0.001 0 1 155.142 530 2,14 0.001 1 0 2,13 0.001 1 0 0,14 0.001 -1 1 215.096 620 14,3 0.001 0 -1 13,2 0.001 1 0 14,2 0.001 0 -1 245.143 665 14,12 0.001 1 0 13,15 0.001 -1 0 12,13 0.001 0 -1 1.2733 95 ::f,0,2 f,2,12 f,13,13 f,15,2 
290:2,0 0.001 1 0 3,2 0.001 0 1 2,2 0.001 -1 1 155.142 530 2,14 0.001 1 0 2,13 0.001 1 1 0,14 0.001 -1 0 215.096 620 14,3 0.001 0 -1 13,2 0.001 1 1 14,2 0.001 1 -1 245.143 665 14,12 0.001 1 1 13,15 0.001 -1 0 12,13 0.001 0 -1 1.2733 95 ::f,0,2 f,2,12 f,13,13 f,15,2 
291:2,0 0.001 1 1 3,2 0.001 -1 1 2,2 0.001 -1 1 155.142 530 2,14 0.001 1 1 2,13 0.001 1 1 0,14 0.001 -1 0 215.096 620 14,3 0.001 1 -1 13,2 0.001 1 1 14,2 0.001 1 -1 245.143 665 15,13 0.001 1 1 13,15 0.001 -1 -1 12,13 0.001 1 -1 1.2743 95 ::f,0,2 f,2,12 f,13,13 f,15,2 
292:3,1 0.001 1 1 2,3 0.001 -1 1 2,2 0.001 -1 0 155.144 530 2,14 0.001 1 1 2,13 0.001 0 1 0,14 0.001 -1 -1 215.096 620 14,3 0.001 1 -1 13,2 0.001 1 1 14,2 0.001 1 0 255.143 680 15,13 0.001 1 1 12,14 0.001 -1 -1 13,12 0.001 1 -1 1.2763 95 ::f,0,2 f,2,12 f,13,13 f,15,3 
293:3,1 0.001 1 1 2,3 0.001 -1 1 1,2 0.001 -1 0 155.145 530 2,14 0.001 0 1 2,13 0.001 0 1 0,14 0.001 -1 -1 215.096 620 14,3 0.001 1 0 13,2 0.001 1 1 14,2 0.001 1 0 255.143 680 15,13 0.001 0 1 12,14 0.001 -1 -1 13,12 0.001 1 -1 1.2763 95 ::f,0,2 f,2,12 f,13,13 f,15,3 
294:3,1 0.001 0 1 2,3 0.001 -1 0 1,2 0.001 -1 0 165.145 545 2,14 0.001 0 1 2,13 0.001 0 1 0,14 0.001 0 -1 215.096 620 14,3 0.001 1 0 13,2 0.001 0 1 14,2 0.001 1 1 265.143 695 15,14 0.001 0 1 12,14 0.001 0 -1 13,12 0.001 1 0 1.2773 95 ::f,0,0 f,2,12 f,13,3 f,13,13 
295:3,2 0.001 0 1 1,3 0.001 -1 0 1,2 0.001 -1 -1 165.147 545 2,14 0.001 -1 1 2,13 0.001 -1 1 0,13 0.001 0 -1 215.097 620 14,3 0.001 1 1 13,2 0.001 -1 1 14,2 0.001 1 1 265.143 695 15,14 0.001 0 1 12,13 0.001 0 -1 14,12 0.001 1 0 1.2793 95 ::f,0,0 f,2,12 f,13,3 f,13,13 
296:3,2 0.001 0 1 1,3 0.001 -1 0 1,2 0.001 -1 -1 165.147 545 2,14 0.001 -1 1 2,13 0.001 -1 1 0,13 0.001 0 -1 215.097 620 14,3 0.001 1 1 13,2 0.001 -1 0 14,2 0.001 0 1 265.143 695 15,14 0.001 -1 1 12,13 0.001 0 -1 14,12 0.001 1 0 1.2793 95 ::f,0,0 f,2,12 f,13,3 f,13,13 
297:3,2 0.001 -1 1 1,3 0.001 -1 -1 1,2 0.001 0 -1 165.147 545 2,14 0.001 -1 0 2,13 0.001 -1 0 0,13 0.001 1 -1 215.097 620 14,3 0.001 0 1 13,2 0.001 -1 0 14,2 0.001 0 1 265.143 695 14,15 0.001 -1 1 12,13 0.001 1 -1 14,12 0.001 1 1 1.2803 95 ::f,0,0 f,2,12 f,13,3 f,13,13 
298:2,3 0.001 -1 1 0,2 0.001 -1 -1 1,1 0.001 0 -1 165.15 545 1,14 0.001 -1 0 1,13 0.001 -1 0 1,12 0.001 1 -1 215.1 620 14,3 0.001 0 1 13,2 0.001 -1 -1 14,2 0.001 -1 1 265.143 695 14,15 0.001 -1 1 13,12 0.001 1 -1 15,13 0.001 1 1 1.2823 95 ::f,0,0 f,2,12 f,13,3 f,13,13 
299:2,3 0.001 -1 1 0,2 0.001 -1 -1 1,1 0.001 0 -1 165.15 545 1,14 0.001 -1 0 1,13 0.001 -1 0 1,12 0.001 1 -1 215.1 620 14,3 0.001 -1 1 12,1 0.001 -1 -1 14,2 0.001 -1 1 265.144 695 14,15 0.001 -1 0 13,12 0.001 1 -1 15,13 0.001 1 1 1.2823 95 ::f,0,0 f,2,12 f,13,3 f,13,13 
