16
0:3,1 0.001 1 -1 3,0 0.003 -1 -1 1,0 0.002 -1 0 0.002 50 1,13 0.001 1 1 1,14 0.003 1 0 3,15 0.002 1 1 0.003 50 12,2 0.001 0 1 14,0 0.003 -1 -1 14,3 0.002 -1 1 0.002 50 15,15 0.001 1 0 12,13 0.003 0 -1 13,14 0.002 -1 0 0.002 50 ::f,2,12 f,3,2 f,13,2 f,15,13 
1:3,1 0.001 1 -1 3,0 0.001 -1 -1 1,0 0.001 -1 0 0.002 50 1,13 0.001 1 1 1,14 0.001 1 0 3,15 0.001 1 1 0.003 50 12,2 0.001 0 1 14,0 0.001 -1 -1 14,3 0.001 -1 1 0.002 50 15,15 0.001 1 0 12,13 0.001 0 -1 13,14 0.001 -1 0 0.002 50 ::f,2,12 f,3,2 f,13,2 f,15,13 
2:3,1 0.001 1 -1 3,0 0.001 0 -1 1,0 0.001 -1 -1 0.002 50 1,13 0.001 0 1 1,14 0.001 1 1 3,15 0.001 0 1 0.003 50 12,2 0.001 -1 1 14,0 0.001 0 -1 14,3 0.001 -1 0 0.002 50 15,15 0.001 1 1 12,13 0.001 1 -1 13,14 0.001 -1 -1 0.002 50 ::f,2,12 f,3,2 f,13,2 f,15,13 
3:3,1 0.001 1 -1 3,0 0.001 0 -1 1,0 0.001 -1 -1 0.002 50 1,13 0.001 0 1 1,14 0.001 1 1 3,15 0.001 0 1 0.003 50 12,2 0.001 -1 1 14,0 0.001 0 -1 14,3 0.001 -1 0 0.002 50 15,15 0.001 1 1 12,13 0.001 1 -1 13,14 0.001 -1 -1 0.002 50 ::f,2,12 f,3,2 f,13,2 f,15,13 
4:3,1 0.001 1 -1 3,0 0.001 1 -1 1,0 0.001 0 -1 0.002 50 1,13 0.001 -1 1 1,14 0.001 0 1 3,15 0.001 -1 1 0.003 50 12,2 0.001 -1 0 14,0 0.001 1 -1 14,3 0.001 -1 -1 0.002 50 15,15 0.001 0 1 12,13 0.001 1 0 13,14 0.001 0 -1 0.002 50 ::f,2,12 f,3,2 f,13,2 f,15,13 
5:3,1 0.001 1 -1 3,0 0.001 1 -1 1,0 0.001 0 -1 0.002 50 1,13 0.001 -1 1 1,14 0.001 0 1 3,15 0.001 -1 1 0.003 50 12,2 0.001 -1 0 14,0 0.001 1 -1 14,3 0.001 -1 -1 0.0021 65 15,15 0.001 0 1 12,13 0.001 1 0 13,14 0.001 0 -1 0.002 50 ::f,2,12 f,3,2 f,15,2 f,15,13 
6:3,1 0.001 1 -1 3,0 0.001 1 0 1,0 0.001 1 -1 0.002 50 1,13 0.001 -1 0 1,14 0.001 -1 1 3,15 0.001 -1 0 0.003 50 12,2 0.001 -1 -1 14,0 0.001 1 0 14,3 0.001 0 -1 0.0021 65 15,15 0.001 -1 1 12,13 0.001 1 1 13,14 0.001 1 -1 0.002 50 ::f,2,12 f,3,2 f,15,2 f,15,13 
7:3,1 0.001 1 -1 3,0 0.001 1 0 1,0 0.001 1 -1 0.002 50 1,13 0.001 -1 0 1,14 0.001 -1 1 2,15 0.001 -1 0 0.004 50 12,2 0.001 -1 -1 14,0 0.001 1 0 14,3 0.001 0 -1 0.0021 65 15,15 0.001 -1 1 12,13 0.001 1 1 13,14 0.001 1 -1 0.002 50 ::f,2,12 f,3,2 f,15,2 f,15,13 
8:3,1 0.001 1 -1 3,0 0.001 1 1 1,0 0.001 1 0 0.002 50 1,13 0.001 -1 -1 1,14 0.001 -1 0 2,15 0.001 -1 0 0.004 50 12,2 0.001 0 -1 14,0 0.001 1 1 14,3 0.001 1 -1 0.0021 65 15,15 0.001 -1 0 12,13 0.001 0 1 13,14 0.001 1 0 0.002 50 ::f,2,12 f,3,2 f,15,2 f,15,13 
9:3,1 0.001 1 -1 3,0 0.001 1 1 2,0 0.001 1 0 0.003 50 1,13 0.001 -1 -1 1,14 0.001 -1 0 2,15 0.001 -1 -1 0.004 50 12,1 0.001 0 -1 14,0 0.001 1 1 14,3 0.001 1 -1 1.0032 80 14,15 0.001 -1 0 12,13 0.001 0 1 13,14 0.001 1 0 0.003 50 ::f,2,12 f,3,2 f,13,1 f,15,13 
10:3,1 0.001 1 -1 3,0 0.001 0 1 2,0 0.001 1 0 0.003 50 1,13 0.001 0 -1 1,14 0.001 -1 -1 2,15 0.001 -1 -1 0.004 50 12,1 0.001 0 -1 14,0 0.001 0 1 14,3 0.001 1 0 1.0032 80 14,15 0.001 -1 0 12,13 0.001 -1 1 13,14 0.001 1 1 0.003 50 ::f,2,12 f,3,2 f,13,1 f,15,13 
11:3,1 0.001 1 -1 3,0 0.001 0 1 2,0 0.001 1 1 0.003 50 1,13 0.001 0 -1 1,14 0.001 -1 -1 2,15 0.001 0 -1 0.004 50 12,1 0.001 1 -1 14,1 0.001 0 1 14,3 0.001 1 0 1.0042 80 14,15 0.001 -1 -1 12,13 0.001 -1 1 13,14 0.001 1 1 0.003 50 ::f,2,12 f,3,2 f,13,1 f,15,13 
12:3,1 0.001 1 -1 3,0 0.001 0 1 2,0 0.001 1 1 0.003 50 1,13 0.001 1 -1 1,14 0.001 0 -1 2,15 0.001 0 -1 0.004 50 13,0 0.001 1 -1 14,2 0.001 0 1 14,3 0.001 1 1 1.0062 80 14,15 0.001 -1 -1 12,13 0.001 -1 0 13,14 0.001 0 1 0.003 50 ::f,2,12 f,3,2 f,13,1 f,15,13 
13:3,1 0.001 1 -1 3,0 0.001 -1 1 2,0 0.001 0 1 0.003 50 1,13 0.001 1 -1 1,14 0.001 0 -1 2,15 0.001 1 -1 0.0041 65 13,0 0.001 1 -1 14,2 0.001 0 1 14,3 0.001 1 1 1.0062 80 14,15 0.001 -1 -1 12,13 0.001 -1 0 13,14 0.001 0 1 0.003 50 ::f,3,2 f,3,14 f,13,1 f,15,13 
14:3,1 0.001 1 -1 3,0 0.001 -1 1 2,1 0.001 0 1 0.004 50 1,13 0.001 1 0 1,14 0.001 0 -1 2,15 0.001 1 -1 0.0042 80 13,0 0.001 1 0 14,2 0.001 -1 1 14,3 0.001 0 1 1.0062 80 14,15 0.001 0 -1 12,13 0.001 -1 -1 13,14 0.001 -1 1 0.003 50 ::f,2,14 f,3,2 f,13,1 f,15,13 
15:3,1 0.001 1 -1 3,0 0.001 -1 0 2,1 0.001 0 1 0.004 50 2,13 0.001 1 0 1,14 0.001 1 -1 2,15 0.001 1 0 0.0052 80 14,0 0.001 1 0 14,2 0.001 -1 1 14,3 0.001 0 1 1.0072 80 14,15 0.001 0 -1 12,13 0.001 -1 -1 13,14 0.001 -1 1 0.003 50 ::f,2,14 f,3,2 f,13,1 f,15,13 
16:3,1 0.001 1 -1 3,0 0.001 -1 0 2,1 0.001 -1 1 0.004 50 2,13 0.001 1 0 1,14 0.001 1 -1 2,15 0.001 1 0 0.0052 80 14,0 0.001 1 0 14,2 0.001 -1 0 14,3 0.001 -1 1 1.0072 80 14,15 0.001 1 -1 12,13 0.001 0 -1 13,14 0.001 -1 0 0.003 50 ::f,2,14 f,3,2 f,13,1 f,15,13 
17:3,1 0.001 1 -1 3,0 0.001 -1 -1 2,1 0.001 -1 1 0.004 50 2,13 0.001 1 1 1,14 0.001 1 0 2,15 0.001 1 1 0.0052 80 14,0 0.001 1 1 13,2 0.001 -1 0 14,3 0.001 -1 1 1.0082 80 14,15 0.001 1 -1 12,13 0.001 0 -1 13,14 0.001 -1 0 0.003 50 ::f,2,14 f,3,2 f,13,1 f,15,13 
18:3,1 0.001 1 -1 3,0 0.001 -1 -1 2,1 0.001 -1 0 0.004 50 2,13 0.001 1 1 1,14 0.001 1 0 2,15 0.001 1 1 0.0053 95 15,1 0.001 1 1 13,2 0.001 -1 0 14,3 0.001 -1 0 1.0092 80 14,15 0.001 1 0 12,13 0.001 1 -1 13,14 0.001 -1 -1 0.003 50 ::f,3,2 f,3,15 f,13,1 f,15,13 
19:3,1 0.001 1 -1 3,0 0.001 0 -1 2,1 0.001 -1 0 0.004 50 2,13 0.001 0 1 1,14 0.001 1 1 2,15 0.001 0 1 0.0053 95 15,1 0.001 1 1 13,2 0.001 -1 -1 13,3 0.001 -1 0 1.0102 80 14,15 0.001 1 0 12,13 0.001 1 -1 13,14 0.001 -1 -1 0.003 50 ::f,3,2 f,3,15 f,13,1 f,15,13 
20:3,1 0.001 1 -1 3,0 0.001 0 -1 2,1 0.001 -1 -1 0.004 50 2,14 0.001 0 1 1,14 0.001 1 1 2,15 0.001 0 1 0.0063 95 15,1 0.001 0 1 13,2 0.001 -1 -1 13,3 0.001 -1 0 1.0102 80 14,15 0.001 1 1 12,13 0.001 1 0 13,14 0.001 0 -1 0.003 50 ::f,3,2 f,3,15 f,13,1 f,15,13 
21:3,1 0.001 1 -1 3,0 0.001 1 -1 2,1 0.001 -1 -1 0.004 50 2,14 0.001 0 1 1,14 0.001 0 1 2,15 0.001 -1 1 0.0063 95 15,2 0.001 0 1 13,2 0.001 0 -1 13,3 0.001 -1 -1 1.0112 80 14,15 0.001 1 1 13,13 0.001 1 0 13,14 0.001 0 -1 0.004 50 ::f,3,2 f,3,15 f,13,1 f,15,13 
22:3,1 0.001 1 -1 3,0 0.001 1 -1 2,1 0.001 0 -1 0.004 50 2,14 0.001 -1 1 1,14 0.001 0 1 2,15 0.001 -1 1 0.0063 95 15,2 0.001 0 1 13,2 0.001 0 -1 13,3 0.001 -1 -1 1.0112 80 14,15 0.001 0 1 14,13 0.001 1 0 13,14 0.001 0 -1 0.005 50 ::f,3,2 f,3,15 f,13,1 f,15,13 
23:3,1 0.001 1 -1 3,0 0.001 1 0 2,1 0.001 0 -1 0.004 50 2,14 0.001 -1 1 1,14 0.001 -1 1 2,15 0.001 -1 0 0.0063 95 15,2 0.001 -1 1 13,2 0.001 0 -1 13,3 0.001 0 -1 1.0113 95 14,15 0.001 0 1 14,13 0.001 1 0 13,14 0.001 1 -1 0.0051 65 ::f,3,2 f,3,15 f,14,0 f,15,12 
24:3,1 0.001 1 -1 3,0 0.001 1 0 2,1 0.001 1 -1 0.004 50 2,14 0.001 -1 0 1,14 0.001 -1 1 1,15 0.001 -1 0 0.0073 95 14,3 0.001 -1 1 13,2 0.001 1 -1 13,3 0.001 0 -1 1.0123 95 14,15 0.001 -1 1 14,13 0.001 1 1 13,14 0.001 1 -1 0.0051 65 ::f,3,2 f,3,15 f,14,0 f,15,12 
25:3,1 0.001 1 -1 3,0 0.001 1 1 2,1 0.001 1 -1 0.004 50 2,14 0.001 -1 0 1,14 0.001 -1 0 1,15 0.001 -1 0 0.0073 95 14,3 0.001 -1 1 13,2 0.001 1 -1 13,3 0.001 0 -1 1.0123 95 14,15 0.001 -1 1 14,13 0.001 1 1 13,14 0.001 1 -1 0.0051 65 ::f,3,2 f,3,15 f,14,0 f,15,12 
26:3,1 0.001 1 -1 3,0 0.001 1 1 2,1 0.001 1 0 0.004 50 2,14 0.001 -1 0 1,14 0.001 -1 0 1,15 0.001 -1 -1 0.0073 95 14,3 0.001 -1 0 13,2 0.001 1 0 13,3 0.001 1 -1 1.0123 95 14,15 0.001 -1 0 14,13 0.001 0 1 13,14 0.001 1 0 0.0051 65 ::f,3,2 f,3,15 f,14,0 f,15,12 
27:3,1 0.001 1 -1 3,0 0.001 0 1 2,1 0.001 1 0 0.004 50 2,14 0.001 -1 -1 1,14 0.001 -1 -1 1,15 0.001 -1 -1 0.0073 95 14,3 0.001 -1 0 13,2 0.001 1 0 13,3 0.001 1 -1 1.0123 95 13,15 0.001 -1 0 14,14 0.001 0 1 13,14 0.001 1 0 0.0071 65 ::f,3,2 f,3,15 f,14,0 f,15,12 
28:3,1 0.001 1 -1 3,0 0.001 0 1 2,1 0.001 1 1 0.004 50 2,14 0.001 -1 -1 1,14 0.001 -1 -1 1,15 0.001 0 -1 0.0073 95 14,3 0.001 -1 0 13,2 0.001 1 1 13,3 0.001 1 0 1.0123 95 13,15 0.001 -1 0 14,14 0.001 0 1 13,14 0.001 1 1 0.0071 65 ::f,3,2 f,3,15 f,14,0 f,15,12 
29:3,1 0.001 1 -1 3,0 0.001 0 1 2,1 0.001 1 1 0.0041 65 2,14 0.001 0 -1 1,14 0.001 0 -1 1,15 0.001 0 -1 0.0073 95 14,3 0.001 -1 -1 13,2 0.001 1 1 13,3 0.001 1 0 1.0123 95 13,15 0.001 -1 -1 14,14 0.001 -1 1 13,14 0.001 1 1 0.0071 65 ::f,1,0 f,3,15 f,14,0 f,15,12 
30:3,1 0.001 1 -1 3,0 0.001 -1 1 2,1 0.001 0 1 0.0041 65 2,14 0.001 0 -1 1,13 0.001 0 -1 1,14 0.001 0 -1 0.0093 95 14,3 0.001 -1 -1 13,2 0.001 0 1 13,3 0.001 1 1 1.0123 95 13,15 0.001 -1 -1 14,14 0.001 -1 1 13,14 0.001 0 1 0.0071 65 ::f,1,0 f,3,15 f,14,0 f,15,12 
31:3,1 0.001 1 -1 3,0 0.001 -1 1 2,2 0.001 0 1 0.0051 65 2,14 0.001 1 -1 1,13 0.001 0 -1 1,14 0.001 0 -1 0.0093 95 14,3 0.001 0 -1 13,2 0.001 0 1 13,3 0.001 1 1 1.0123 95 13,15 0.001 0 -1 14,14 0.001 -1 0 13,14 0.001 0 1 0.0071 65 ::f,1,0 f,3,15 f,14,0 f,15,12 
32:3,1 0.001 1 -1 3,0 0.001 -1 0 2,2 0.001 0 1 0.0051 65 2,14 0.001 1 -1 1,13 0.001 1 -1 1,14 0.001 1 -1 0.0093 95 14,3 0.001 0 -1 13,2 0.001 -1 1 13,3 0.001 0 1 1.0123 95 13,15 0.001 0 -1 14,14 0.001 -1 0 13,14 0.001 -1 1 0.0071 65 ::f,1,0 f,3,15 f,14,0 f,15,12 
33:3,1 0.001 1 -1 3,0 0.001 -1 0 2,2 0.001 -1 1 0.0051 65 2,14 0.001 1 0 1,13 0.001 1 -1 1,14 0.001 1 -1 0.0093 95 14,3 0.001 1 -1 13,2 0.001 -1 1 13,3 0.001 0 1 1.0123 95 13,15 0.001 0 -1 14,14 0.001 -1 0 13,14 0.001 -1 1 0.0071 65 ::f,1,0 f,3,15 f,14,0 f,15,12 
34:3,1 0.001 1 -1 3,0 0.001 -1 -1 2,2 0.001 -1 1 0.0051 65 2,14 0.001 1 0 1,13 0.001 1 0 1,14 0.001 1 0 0.0093 95 14,3 0.001 1 -1 13,2 0.001 -1 0 13,3 0.001 -1 1 1.0123 95 13,15 0.001 1 -1 14,14 0.001 -1 -1 13,14 0.001 -1 0 0.0071 65 ::f,1,0 f,3,15 f,14,0 f,15,12 
35:3,1 0.001 1 -1 3,0 0.001 -1 -1 2,2 0.001 -1 0 0.0051 65 2,14 0.001 1 1 2,13 0.001 1 0 1,14 0.001 1 0 0.0103 95 14,3 0.001 1 0 13,2 0.001 -1 0 13,3 0.001 -1 1 1.0123 95 13,15 0.001 1 -1 14,14 0.001 -1 -1 13,14 0.001 -1 0 0.0071 65 ::f,1,0 f,3,15 f,14,0 f,15,12 
36:3,1 0.001 1 -1 3,0 0.001 0 -1 1,2 0.001 -1 0 0.0061 65 2,14 0.001 1 1 2,13 0.001 1 0 1,14 0.001 1 1 1.0104 110 14,3 0.001 1 0 13,2 0.001 -1 -1 13,3 0.001 -1 0 1.0123 95 13,15 0.001 1 0 14,14 0.001 0 -1 13,14 0.001 -1 -1 0.0071 65 ::f,0,12 f,1,0 f,14,0 f,15,12 
37:3,1 0.001 1 -1 3,0 0.001 0 -1 1,2 0.001 -1 0 0.0061 65 2,14 0.001 0 1 2,13 0.001 1 1 1,14 0.001 1 1 1.0104 110 14,3 0.001 1 1 13,2 0.001 -1 -1 13,3 0.001 -1 0 1.0123 95 13,15 0.001 1 0 14,14 0.001 0 -1 13,14 0.001 -1 -1 0.0071 65 ::f,0,12 f,1,0 f,14,0 f,15,12 
38:3,1 0.001 1 -1 3,0 0.001 1 -1 1,2 0.001 -1 -1 0.0061 65 2,14 0.001 0 1 2,13 0.001 1 1 1,14 0.001 0 1 1.0104 110 14,3 0.001 1 1 13,2 0.001 0 -1 13,3 0.001 -1 -1 1.0123 95 13,15 0.001 1 1 14,14 0.001 1 -1 13,14 0.001 0 -1 0.0071 65 ::f,0,12 f,1,0 f,14,0 f,15,12 
39:3,1 0.001 1 -1 3,0 0.001 1 -1 1,2 0.001 -1 -1 0.0061 65 2,14 0.001 -1 1 2,13 0.001 0 1 1,14 0.001 0 1 1.0104 110 14,3 0.001 0 1 13,1 0.001 0 -1 13,3 0.001 -1 -1 1.0133 95 13,15 0.001 1 1 14,14 0.001 1 -1 13,13 0.001 0 -1 0.0081 65 ::f,0,12 f,1,0 f,14,0 f,15,12 
40:3,1 0.001 1 -1 3,0 0.001 1 0 1,2 0.001 0 -1 0.0061 65 2,14 0.001 -1 1 2,13 0.001 0 1 1,14 0.001 -1 1 1.0104 110 14,3 0.001 0 1 13,1 0.001 0 -1 13,3 0.001 0 -1 1.0133 95 13,15 0.001 0 1 14,14 0.001 1 0 13,13 0.001 0 -1 0.0081 65 ::f,0,12 f,1,0 f,14,0 f,15,12 
41:3,1 0.001 1 -1 3,0 0.001 1 0 1,1 0.001 0 -1 0.0071 65 2,14 0.001 -1 0 2,13 0.001 0 1 1,14 0.001 -1 1 1.0104 110 14,3 0.001 -1 1 13,1 0.001 1 -1 13,2 0.001 0 -1 1.0143 95 13,15 0.001 0 1 14,14 0.001 1 0 13,13 0.001 1 -1 0.0081 65 ::f,0,12 f,1,0 f,14,0 f,15,12 
42:3,1 0.001 1 -1 3,0 0.001 1 1 1,1 0.001 0 -1 1.0072 80 2,14 0.001 -1 0 2,13 0.001 -1 1 1,14 0.001 -1 0 1.0104 110 14,3 0.001 -1 1 13,1 0.001 1 -1 13,2 0.001 0 -1 2.0144 110 13,15 0.001 -1 1 14,14 0.001 1 1 13,13 0.001 1 -1 0.0081 65 ::f,0,1 f,0,12 f,12,0 f,15,12 
43:3,1 0.001 1 -1 3,0 0.001 1 1 1,1 0.001 1 -1 1.0072 80 2,14 0.001 -1 0 2,13 0.001 -1 1 1,14 0.001 -1 0 1.0104 110 14,3 0.001 -1 0 13,1 0.001 1 0 13,2 0.001 1 -1 2.0144 110 13,15 0.001 -1 1 14,14 0.001 1 1 13,13 0.001 1 0 0.0081 65 ::f,0,1 f,0,12 f,12,0 f,15,12 
44:3,1 0.001 1 -1 3,0 0.001 0 1 1,1 0.001 1 -1 1.0072 80 2,14 0.001 -1 -1 2,13 0.001 -1 0 1,14 0.001 -1 -1 1.0104 110 13,3 0.001 -1 0 14,1 0.001 1 0 13,2 0.001 1 -1 2.0164 110 13,15 0.001 -1 0 14,14 0.001 0 1 14,13 0.001 1 0 0.0091 65 ::f,0,1 f,0,12 f,12,0 f,15,12 
45:3,1 0.001 1 -1 3,0 0.001 0 1 1,1 0.001 1 0 1.0072 80 1,13 0.001 -1 -1 2,13 0.001 -1 0 1,14 0.001 -1 -1 1.0114 110 13,3 0.001 -1 0 14,1 0.001 1 0 13,2 0.001 1 0 2.0164 110 13,15 0.001 -1 0 14,14 0.001 0 1 14,13 0.001 1 0 0.0091 65 ::f,0,1 f,0,12 f,12,0 f,15,12 
46:3,1 0.001 1 -1 3,0 0.001 0 1 2,1 0.001 1 0 1.0082 80 1,13 0.001 -1 -1 2,13 0.001 -1 -1 1,14 0.001 0 -1 3.0115 125 13,3 0.001 -1 -1 14,1 0.001 1 1 13,2 0.001 1 0 2.0164 110 13,15 0.001 -1 -1 14,14 0.001 -1 1 14,13 0.001 1 1 0.0091 65 ::f,0,1 f,2,15 f,12,0 f,15,12 
47:3,1 0.001 1 -1 3,0 0.001 -1 1 2,1 0.001 1 0 1.0082 80 1,13 0.001 0 -1 2,13 0.001 -1 -1 1,14 0.001 0 -1 3.0115 125 12,2 0.001 -1 -1 14,1 0.001 1 1 13,2 0.001 1 1 2.0174 110 13,15 0.001 -1 -1 14,14 0.001 -1 1 14,13 0.001 1 1 0.0091 65 ::f,0,1 f,2,15 f,12,0 f,15,12 
48:3,1 0.001 1 -1 3,0 0.001 -1 1 2,1 0.001 1 1 1.0082 80 1,13 0.001 0 -1 2,13 0.001 0 -1 1,14 0.001 0 -1 3.0115 125 12,2 0.001 -1 -1 14,1 0.001 0 1 13,2 0.001 1 1 2.0174 110 13,15 0.001 0 -1 14,14 0.001 -1 0 14,13 0.001 0 1 0.0091 65 ::f,0,1 f,2,15 f,12,0 f,15,12 
49:3,1 0.001 1 -1 3,0 0.001 -1 0 2,1 0.001 1 1 1.0082 80 1,13 0.001 1 -1 2,13 0.001 0 -1 1,14 0.001 1 -1 3.0115 125 12,2 0.001 0 -1 14,2 0.001 0 1 13,2 0.001 0 1 2.0184 110 13,14 0.001 0 -1 14,14 0.001 -1 0 14,13 0.001 0 1 0.0101 65 ::f,0,1 f,2,15 f,12,0 f,15,12 
50:3,1 0.001 1 -1 3,0 0.001 -1 0 2,1 0.001 0 1 1.0082 80 1,13 0.001 1 -1 2,13 0.001 1 -1 1,14 0.001 1 -1 3.0115 125 12,1 0.001 0 -1 14,2 0.001 0 1 13,2 0.001 0 1 2.0194 110 13,14 0.001 0 -1 14,14 0.001 -1 0 14,13 0.001 0 1 0.0101 65 ::f,0,1 f,2,15 f,12,0 f,15,12 
51:3,1 0.001 1 -1 3,0 0.001 -1 -1 2,2 0.001 0 1 1.0092 80 1,13 0.001 1 0 2,13 0.001 1 -1 1,14 0.001 1 0 3.0115 125 12,1 0.001 0 -1 14,2 0.001 -1 1 13,2 0.001 -1 1 2.0195 125 13,14 0.001 1 -1 14,14 0.001 -1 -1 14,13 0.001 -1 1 0.0101 65 ::f,0,1 f,2,15 f,14,0 f,15,12 
52:3,1 0.001 1 -1 3,0 0.001 -1 -1 2,2 0.001 0 1 1.0092 80 1,13 0.001 1 0 2,13 0.001 1 0 1,14 0.001 1 0 3.0115 125 12,1 0.001 1 -1 14,2 0.001 -1 1 13,2 0.001 -1 1 2.0195 125 13,14 0.001 1 -1 14,14 0.001 -1 -1 14,13 0.001 -1 1 0.0101 65 ::f,0,1 f,2,15 f,14,0 f,15,12 
53:3,1 0.001 1 -1 3,0 0.001 0 -1 2,2 0.001 -1 1 1.0092 80 1,13 0.001 1 0 2,13 0.001 1 0 1,14 0.001 1 1 3.0115 125 13,0 0.001 1 -1 14,2 0.001 -1 0 13,2 0.001 -1 0 2.0205 125 13,14 0.001 1 -1 14,14 0.001 0 -1 14,13 0.001 -1 0 0.0101 65 ::f,0,1 f,2,15 f,14,0 f,15,12 
54:3,1 0.001 1 -1 3,0 0.001 0 -1 2,2 0.001 -1 1 1.0092 80 1,13 0.001 1 1 2,13 0.001 1 1 1,14 0.001 1 1 4.0116 140 13,0 0.001 1 -1 14,2 0.001 -1 0 13,2 0.001 -1 0 2.0205 125 13,14 0.001 1 0 14,14 0.001 0 -1 14,13 0.001 -1 0 0.0101 65 ::f,0,1 f,0,12 f,14,0 f,15,12 
55:3,1 0.001 1 -1 3,0 0.001 1 -1 2,2 0.001 -1 0 1.0092 80 1,13 0.001 1 1 2,13 0.001 1 1 1,14 0.001 0 1 4.0116 140 13,0 0.001 1 0 14,2 0.001 -1 0 13,2 0.001 -1 -1 2.0205 125 13,14 0.001 1 0 14,14 0.001 1 -1 14,13 0.001 -1 -1 0.0101 65 ::f,0,1 f,0,12 f,14,0 f,15,12 
56:3,1 0.001 1 -1 3,0 0.001 1 -1 1,2 0.001 -1 0 1.0102 80 1,13 0.001 0 1 2,13 0.001 0 1 1,14 0.001 0 1 4.0116 140 13,0 0.001 1 0 14,2 0.001 -1 -1 13,2 0.001 -1 -1 2.0205 125 13,14 0.001 1 1 14,14 0.001 1 -1 14,13 0.001 -1 -1 0.0101 65 ::f,0,1 f,0,12 f,14,0 f,15,12 
57:3,1 0.001 1 -1 3,0 0.001 1 0 1,2 0.001 -1 0 1.0102 80 1,13 0.001 0 1 2,14 0.001 0 1 1,14 0.001 -1 1 4.0126 140 13,0 0.001 1 0 14,2 0.001 -1 -1 13,2 0.001 0 -1 3.0206 140 13,14 0.001 1 1 14,14 0.001 1 0 14,13 0.001 0 -1 0.0101 65 ::f,0,1 f,0,12 f,13,3 f,15,12 
58:3,1 0.001 1 -1 3,0 0.001 1 0 1,2 0.001 -1 -1 1.0102 80 1,13 0.001 -1 1 2,14 0.001 0 1 1,14 0.001 -1 1 4.0126 140 13,0 0.001 1 1 14,2 0.001 0 -1 13,1 0.001 0 -1 3.0216 140 13,14 0.001 0 1 14,14 0.001 1 0 14,13 0.001 0 -1 0.0101 65 ::f,0,1 f,0,12 f,13,3 f,15,12 
59:3,1 0.001 1 -1 3,0 0.001 1 1 1,2 0.001 -1 -1 3.0103 95 1,13 0.001 -1 1 2,14 0.001 -1 1 1,14 0.001 -1 0 4.0126 140 14,1 0.001 1 1 14,2 0.001 0 -1 13,1 0.001 0 -1 3.0226 140 13,14 0.001 0 1 14,14 0.001 1 1 14,13 0.001 1 -1 0.0101 65 ::f,0,12 f,2,3 f,13,3 f,15,12 
60:3,1 0.001 1 -1 3,0 0.001 1 1 1,2 0.001 0 -1 3.0103 95 1,13 0.001 -1 0 2,14 0.001 -1 1 1,14 0.001 -1 0 4.0126 140 14,1 0.001 1 1 14,2 0.001 1 -1 13,1 0.001 1 -1 3.0226 140 13,14 0.001 -1 1 14,14 0.001 1 1 14,13 0.001 1 -1 0.0102 80 ::f,0,12 f,2,3 f,13,3 f,13,15 
61:3,1 0.001 1 -1 3,0 0.001 0 1 1,1 0.001 0 -1 3.0113 95 1,13 0.001 -1 0 2,14 0.001 -1 0 1,14 0.001 -1 -1 4.0126 140 14,1 0.001 0 1 14,2 0.001 1 -1 13,1 0.001 1 -1 3.0226 140 13,14 0.001 -1 1 14,14 0.001 0 1 14,13 0.001 1 0 0.0102 80 ::f,0,12 f,2,3 f,13,3 f,13,15 
62:3,1 0.001 1 -1 3,0 0.001 0 1 1,1 0.001 0 -1 3.0113 95 1,13 0.001 -1 -1 2,14 0.001 -1 0 1,14 0.001 -1 -1 4.0126 140 14,1 0.001 0 1 14,2 0.001 1 0 13,1 0.001 1 0 3.0226 140 13,14 0.001 -1 0 14,14 0.001 0 1 14,13 0.001 1 0 0.0102 80 ::f,0,12 f,2,3 f,13,3 f,13,15 
63:3,1 0.001 1 -1 3,0 0.001 0 1 1,1 0.001 1 -1 3.0113 95 1,13 0.001 -1 -1 2,14 0.001 -1 0 1,14 0.001 0 -1 7.0127 155 14,1 0.001 0 1 14,2 0.001 1 0 13,1 0.001 1 0 3.0226 140 13,14 0.001 -1 0 14,14 0.001 -1 1 14,13 0.001 1 1 0.0102 80 ::f,0,13 f,2,3 f,13,3 f,13,15 
64:3,1 0.001 1 -1 3,0 0.001 -1 1 1,1 0.001 1 -1 3.0113 95 1,13 0.001 0 -1 2,14 0.001 -1 -1 1,14 0.001 0 -1 7.0127 155 14,1 0.001 -1 1 14,2 0.001 1 1 13,1 0.001 1 0 3.0226 140 13,14 0.001 -1 -1 14,14 0.001 -1 1 14,13 0.001 1 1 1.0103 95 ::f,0,13 f,2,3 f,12,13 f,13,3 
65:3,1 0.001 1 -1 2,1 0.001 -1 1 1,1 0.001 1 0 3.0123 95 1,13 0.001 0 -1 2,14 0.001 -1 -1 1,14 0.001 0 -1 7.0127 155 14,1 0.001 -1 1 14,2 0.001 1 1 13,1 0.001 1 1 3.0226 140 13,14 0.001 -1 -1 14,14 0.001 -1 0 14,13 0.001 0 1 1.0104 110 ::f,0,13 f,2,3 f,12,14 f,13,3 
66:3,1 0.001 1 -1 2,1 0.001 -1 1 1,1 0.001 1 0 3.0123 95 1,13 0.001 1 -1 2,14 0.001 0 -1 1,14 0.001 1 -1 7.0127 155 14,1 0.001 -1 0 14,2 0.001 0 1 13,1 0.001 1 1 3.0226 140 13,14 0.001 0 -1 14,14 0.001 -1 0 14,13 0.001 0 1 1.0104 110 ::f,0,13 f,2,3 f,12,14 f,13,3 
67:3,1 0.001 1 -1 2,1 0.001 -1 0 1,1 0.001 1 0 3.0123 95 1,13 0.001 1 -1 2,14 0.001 0 -1 1,14 0.001 1 -1 7.0127 155 14,1 0.001 -1 0 14,2 0.001 0 1 13,1 0.001 0 1 3.0226 140 13,13 0.001 0 -1 14,14 0.001 -1 0 14,13 0.001 0 1 1.0114 110 ::f,0,13 f,2,3 f,12,14 f,13,3 
68:3,1 0.001 1 -1 2,1 0.001 -1 0 1,1 0.001 1 1 3.0123 95 1,13 0.001 1 0 2,14 0.001 1 -1 1,14 0.001 1 0 7.0127 155 14,1 0.001 -1 -1 14,2 0.001 -1 1 13,2 0.001 0 1 3.0236 140 13,13 0.001 0 -1 14,14 0.001 -1 -1 14,13 0.001 -1 1 1.0114 110 ::f,0,13 f,2,3 f,12,14 f,13,3 
69:3,1 0.001 1 -1 2,1 0.001 -1 -1 1,1 0.001 1 1 3.0123 95 2,13 0.001 1 0 2,14 0.001 1 -1 1,14 0.001 1 0 7.0137 155 14,1 0.001 -1 -1 14,2 0.001 -1 1 13,2 0.001 0 1 5.0237 155 13,13 0.001 1 -1 14,14 0.001 -1 -1 14,13 0.001 -1 1 1.0114 110 ::f,0,13 f,2,3 f,12,14 f,14,0 
70:3,1 0.001 1 -1 2,1 0.001 -1 -1 1,1 0.001 0 1 3.0123 95 2,13 0.001 1 0 2,14 0.001 1 0 1,14 0.001 1 1 7.0137 155 14,1 0.001 0 -1 14,2 0.001 -1 0 13,2 0.001 -1 1 5.0237 155 13,13 0.001 1 -1 14,14 0.001 0 -1 14,13 0.001 -1 0 1.0114 110 ::f,0,13 f,2,3 f,12,14 f,14,0 
71:3,1 0.001 1 -1 2,1 0.001 0 -1 1,1 0.001 0 1 3.0123 95 2,13 0.001 1 1 2,14 0.001 1 0 1,14 0.001 1 1 7.0137 155 14,1 0.001 0 -1 14,2 0.001 -1 0 13,2 0.001 -1 1 7.0238 170 13,13 0.001 1 0 14,14 0.001 0 -1 14,13 0.001 -1 0 1.0114 110 ::f,0,13 f,2,3 f,12,14 f,14,3 
72:3,1 0.001 1 -1 2,1 0.001 0 -1 1,1 0.001 -1 1 3.0123 95 2,13 0.001 1 1 2,14 0.001 1 1 1,14 0.001 0 1 7.0137 155 14,1 0.001 1 -1 14,2 0.001 -1 0 13,2 0.001 -1 0 7.0238 170 13,13 0.001 1 0 14,14 0.001 1 -1 14,13 0.001 -1 -1 1.0114 110 ::f,0,13 f,2,3 f,12,14 f,14,3 
73:3,1 0.001 1 -1 2,1 0.001 1 -1 1,1 0.001 -1 1 3.0123 95 2,13 0.001 0 1 2,14 0.001 1 1 1,14 0.001 0 1 7.0137 155 14,1 0.001 1 -1 14,2 0.001 -1 -1 13,2 0.001 -1 0 7.0238 170 13,13 0.001 1 0 14,14 0.001 1 -1 14,13 0.001 -1 -1 1.0114 110 ::f,0,13 f,2,3 f,12,14 f,14,3 
74:3,1 0.001 1 -1 2,1 0.001 1 -1 1,1 0.001 -1 0 3.0123 95 2,13 0.001 0 1 2,14 0.001 0 1 1,14 0.001 -1 1 7.0137 155 14,1 0.001 1 0 14,2 0.001 -1 -1 13,2 0.001 -1 -1 7.0238 170 13,13 0.001 1 1 14,14 0.001 1 0 14,13 0.001 0 -1 1.0114 110 ::f,0,13 f,2,3 f,12,14 f,14,3 
75:3,1 0.001 1 -1 2,1 0.001 1 0 1,1 0.001 -1 0 3.0123 95 2,13 0.001 0 1 2,14 0.001 0 1 1,14 0.001 -1 1 7.0137 155 14,1 0.001 1 0 14,2 0.001 0 -1 13,2 0.001 -1 -1 7.0238 170 13,13 0.001 1 1 14,14 0.001 1 0 14,13 0.001 0 -1 1.0114 110 ::f,0,13 f,2,3 f,12,14 f,14,3 
76:3,1 0.001 1 -1 2,1 0.001 1 0 1,1 0.001 -1 -1 3.0123 95 2,13 0.001 -1 1 2,14 0.001 -1 1 1,14 0.001 -1 0 7.0137 155 14,1 0.001 1 1 14,2 0.001 0 -1 13,2 0.001 0 -1 7.0238 170 13,13 0.001 0 1 14,14 0.001 1 1 14,13 0.001 1 -1 1.0114 110 ::f,0,13 f,2,3 f,12,14 f,14,3 
77:3,1 0.001 1 -1 2,1 0.001 1 1 1,1 0.001 -1 -1 3.0123 95 2,13 0.001 -1 1 2,14 0.001 -1 1 1,14 0.001 -1 0 7.0137 155 15,2 0.001 1 1 14,2 0.001 1 -1 13,1 0.001 0 -1 7.0258 170 13,13 0.001 0 1 14,14 0.001 1 1 14,13 0.001 1 -1 1.0114 110 ::f,0,13 f,2,3 f,12,14 f,14,3 
78:3,1 0.001 1 -1 3,2 0.001 1 1 1,1 0.001 0 -1 3.0133 95 2,13 0.001 -1 0 2,14 0.001 -1 0 1,14 0.001 -1 -1 7.0137 155 15,2 0.001 1 1 14,2 0.001 1 -1 13,1 0.001 0 -1 7.0258 170 13,13 0.001 -1 1 14,14 0.001 0 1 14,13 0.001 1 0 1.0114 110 ::f,0,13 f,2,3 f,12,14 f,14,3 
79:3,1 0.001 1 -1 3,2 0.001 1 1 1,1 0.001 0 -1 3.0133 95 1,13 0.001 -1 0 2,14 0.001 -1 0 1,14 0.001 -1 -1 9.0148 170 15,2 0.001 0 1 14,2 0.001 1 0 13,1 0.001 1 -1 7.0258 170 13,13 0.001 -1 1 14,14 0.001 0 1 14,13 0.001 1 0 2.0115 125 ::f,2,3 f,2,12 f,12,15 f,14,3 
80:3,1 0.001 1 -1 3,2 0.001 0 1 1,1 0.001 1 -1 3.0133 95 1,13 0.001 -1 0 2,14 0.001 -1 0 1,14 0.001 0 -1 9.0148 170 15,2 0.001 0 1 14,2 0.001 1 0 13,1 0.001 1 -1 7.0258 170 13,13 0.001 -1 0 14,14 0.001 -1 1 14,13 0.001 1 1 2.0115 125 ::f,2,3 f,2,12 f,12,15 f,14,3 
81:3,1 0.001 1 -1 3,2 0.001 0 1 1,1 0.001 1 -1 3.0133 95 1,13 0.001 -1 -1 2,14 0.001 -1 -1 1,14 0.001 0 -1 9.0148 170 15,2 0.001 -1 1 14,2 0.001 1 1 13,1 0.001 1 0 7.0258 170 13,13 0.001 -1 0 14,14 0.001 -1 1 14,13 0.001 1 1 2.0115 125 ::f,2,3 f,2,12 f,12,15 f,14,3 
82:3,1 0.001 1 -1 3,2 0.001 -1 1 1,1 0.001 1 0 3.0133 95 1,13 0.001 -1 -1 2,14 0.001 -1 -1 1,14 0.001 0 -1 9.0148 170 15,2 0.001 -1 1 14,2 0.001 1 1 14,1 0.001 1 0 7.0268 170 13,13 0.001 -1 -1 14,14 0.001 -1 0 14,13 0.001 0 1 2.0115 125 ::f,2,3 f,2,12 f,12,15 f,14,3 
83:3,1 0.001 1 -1 3,2 0.001 -1 1 2,1 0.001 1 0 3.0143 95 1,13 0.001 0 -1 2,14 0.001 0 -1 1,14 0.001 1 -1 9.0148 170 15,2 0.001 -1 1 14,2 0.001 0 1 14,1 0.001 1 0 10.0269 185 13,13 0.001 -1 -1 13,14 0.001 -1 0 14,14 0.001 0 1 2.0135 125 ::f,2,3 f,2,12 f,12,15 f,14,3 
84:3,1 0.001 1 -1 3,2 0.001 -1 1 2,1 0.001 1 0 3.0144 110 1,13 0.001 0 -1 2,13 0.001 0 -1 1,14 0.001 1 -1 9.0158 170 15,2 0.001 -1 0 14,2 0.001 0 1 14,1 0.001 1 1 13.027 200 13,13 0.001 0 -1 13,14 0.001 -1 0 14,14 0.001 0 1 2.0135 125 ::f,2,3 f,2,12 f,12,15 f,13,3 
85:3,1 0.001 1 -1 3,2 0.001 -1 0 2,1 0.001 1 1 3.0144 110 1,13 0.001 1 -1 2,13 0.001 0 -1 1,14 0.001 1 0 10.0159 185 15,2 0.001 -1 0 14,2 0.001 -1 1 14,1 0.001 1 1 13.027 200 13,13 0.001 0 -1 13,14 0.001 -1 -1 14,14 0.001 -1 1 2.0135 125 ::f,2,3 f,2,15 f,12,15 f,13,3 
86:3,1 0.001 1 -1 3,2 0.001 -1 0 2,1 0.001 1 1 3.0144 110 1,13 0.001 1 -1 2,13 0.001 1 -1 1,14 0.001 1 0 10.0159 185 15,2 0.001 -1 -1 14,2 0.001 -1 1 14,1 0.001 0 1 17.0271 215 13,13 0.001 1 -1 13,14 0.001 -1 -1 14,14 0.001 -1 1 2.0135 125 ::f,2,3 f,2,15 f,12,15 f,15,1 
87:3,1 0.001 1 -1 3,2 0.001 -1 -1 2,1 0.001 0 1 3.0144 110 1,13 0.001 1 0 2,13 0.001 1 -1 1,14 0.001 1 1 10.0159 185 15,2 0.001 -1 -1 14,2 0.001 -1 0 14,1 0.001 0 1 17.0271 215 13,13 0.001 1 -1 13,14 0.001 0 -1 14,14 0.001 -1 0 2.0135 125 ::f,2,3 f,2,15 f,12,15 f,15,1 
88:3,1 0.001 1 -1 3,2 0.001 -1 -1 2,2 0.001 0 1 3.0154 110 1,13 0.001 1 0 2,13 0.001 1 0 1,14 0.001 1 1 13.016 200 15,2 0.001 0 -1 13,2 0.001 -1 0 14,1 0.001 0 1 17.0281 215 13,13 0.001 1 0 13,14 0.001 0 -1 14,14 0.001 -1 0 2.0135 125 ::f,2,3 f,3,12 f,12,15 f,15,1 
89:3,1 0.001 1 -1 3,2 0.001 0 -1 2,2 0.001 0 1 6.0155 125 1,13 0.001 1 0 2,13 0.001 1 0 1,14 0.001 0 1 13.016 200 15,2 0.001 0 -1 13,2 0.001 -1 0 14,1 0.001 -1 1 21.0282 230 14,13 0.001 1 0 13,14 0.001 0 -1 14,14 0.001 -1 0 2.0145 125 ::f,2,0 f,3,12 f,12,15 f,15,3 
90:3,1 0.001 1 -1 3,2 0.001 0 -1 2,2 0.001 -1 1 6.0155 125 1,13 0.001 1 1 2,13 0.001 1 1 1,14 0.001 0 1 13.016 200 15,2 0.001 1 -1 13,2 0.001 -1 -1 14,1 0.001 -1 1 21.0282 230 14,13 0.001 1 0 13,14 0.001 1 -1 14,14 0.001 -1 -1 2.0145 125 ::f,2,0 f,3,12 f,12,15 f,15,3 
91:3,1 0.001 1 -1 3,2 0.001 1 -1 2,2 0.001 -1 1 6.0155 125 1,13 0.001 1 1 2,13 0.001 1 1 1,14 0.001 -1 1 13.016 200 15,2 0.001 1 -1 13,2 0.001 -1 -1 14,1 0.001 -1 0 21.0282 230 14,13 0.001 1 1 13,14 0.001 1 -1 14,14 0.001 -1 -1 2.0145 125 ::f,2,0 f,3,12 f,12,15 f,15,3 
92:3,1 0.001 1 -1 3,2 0.001 1 -1 2,2 0.001 -1 0 6.0155 125 1,13 0.001 0 1 2,13 0.001 0 1 1,14 0.001 -1 1 13.016 200 15,2 0.001 1 0 13,2 0.001 0 -1 14,1 0.001 -1 0 21.0282 230 14,13 0.001 1 1 13,14 0.001 1 0 14,14 0.001 0 -1 2.0145 125 ::f,2,0 f,3,12 f,12,15 f,15,3 
93:3,1 0.001 1 -1 3,2 0.001 1 0 1,2 0.001 -1 0 6.0165 125 1,13 0.001 0 1 2,14 0.001 0 1 1,14 0.001 -1 0 13.017 200 15,2 0.001 1 0 13,1 0.001 0 -1 14,1 0.001 -1 -1 21.0292 230 14,13 0.001 0 1 13,14 0.001 1 0 14,14 0.001 0 -1 2.0145 125 ::f,2,0 f,3,12 f,12,15 f,15,3 
94:3,1 0.001 1 -1 3,2 0.001 1 0 1,2 0.001 -1 0 6.0165 125 1,13 0.001 -1 1 2,14 0.001 0 1 1,14 0.001 -1 0 13.017 200 15,2 0.001 1 1 13,1 0.001 0 -1 14,1 0.001 -1 -1 21.0292 230 14,13 0.001 0 1 13,14 0.001 1 1 14,14 0.001 1 -1 2.0145 125 ::f,2,0 f,3,12 f,12,15 f,15,3 
95:3,1 0.001 1 -1 3,2 0.001 1 1 1,2 0.001 -1 -1 6.0165 125 1,13 0.001 -1 1 2,14 0.001 -1 1 1,14 0.001 -1 -1 13.017 200 15,2 0.001 1 1 13,1 0.001 1 -1 14,1 0.001 0 -1 21.0292 230 14,13 0.001 0 1 13,14 0.001 1 1 14,14 0.001 1 -1 2.0145 125 ::f,2,0 f,3,12 f,12,15 f,15,3 
96:3,1 0.001 1 -1 3,2 0.001 1 1 1,2 0.001 -1 -1 6.0165 125 1,13 0.001 -1 0 2,14 0.001 -1 1 1,14 0.001 -1 -1 13.017 200 15,2 0.001 0 1 13,1 0.001 1 -1 14,1 0.001 0 -1 21.0292 230 14,13 0.001 -1 1 13,14 0.001 0 1 14,14 0.001 1 0 2.0145 125 ::f,2,0 f,3,12 f,12,15 f,15,3 
97:3,1 0.001 1 -1 3,2 0.001 0 1 1,2 0.001 0 -1 6.0165 125 1,13 0.001 -1 0 2,14 0.001 -1 0 1,14 0.001 0 -1 13.017 200 15,2 0.001 0 1 13,1 0.001 1 0 14,1 0.001 1 -1 26.0293 245 14,13 0.001 -1 1 13,14 0.001 0 1 14,14 0.001 1 0 2.0145 125 ::f,2,0 f,3,12 f,12,3 f,12,15 
98:3,1 0.001 1 -1 3,2 0.001 0 1 1,1 0.001 0 -1 6.0175 125 1,13 0.001 -1 -1 2,14 0.001 -1 0 1,14 0.001 0 -1 13.017 200 15,2 0.001 -1 1 13,1 0.001 1 0 14,1 0.001 1 -1 26.0293 245 14,13 0.001 -1 1 13,14 0.001 -1 1 14,14 0.001 1 1 2.0145 125 ::f,2,0 f,3,12 f,12,3 f,12,15 
99:3,1 0.001 1 -1 3,2 0.001 -1 1 1,1 0.001 0 -1 6.0175 125 1,13 0.001 -1 -1 2,14 0.001 -1 0 1,14 0.001 0 -1 13.017 200 14,3 0.001 -1 1 13,1 0.001 1 0 14,1 0.001 1 0 26.0303 245 14,13 0.001 -1 0 13,14 0.001 -1 1 14,14 0.001 1 1 4.0146 140 ::f,2,0 f,3,12 f,12,3 f,14,15 
100:3,1 0.001 1 -1 2,3 0.001 -1 1 1,1 0.001 1 -1 6.0185 125 1,13 0.001 0 -1 2,14 0.001 -1 -1 1,14 0.001 1 -1 13.017 200 14,3 0.001 -1 1 13,1 0.001 1 1 14,1 0.001 1 0 26.0303 245 14,13 0.001 -1 0 13,14 0.001 -1 0 14,14 0.001 0 1 4.0146 140 ::f,2,0 f,3,12 f,12,3 f,14,15 
101:3,1 0.001 1 -1 2,3 0.001 -1 1 1,1 0.001 1 -1 10.0186 140 1,13 0.001 0 -1 2,14 0.001 -1 -1 2,13 0.001 1 -1 13.018 200 14,3 0.001 -1 0 13,1 0.001 1 1 14,1 0.001 1 1 26.0303 245 14,13 0.001 -1 -1 13,14 0.001 -1 0 14,14 0.001 0 1 5.0147 155 ::f,3,3 f,3,12 f,12,3 f,14,12 
102:3,1 0.001 1 -1 2,3 0.001 -1 0 1,1 0.001 1 0 10.0186 140 1,13 0.001 1 -1 2,14 0.001 0 -1 2,13 0.001 1 -1 17.0181 215 13,3 0.001 -1 0 13,1 0.001 0 1 14,1 0.001 1 1 26.0313 245 14,13 0.001 -1 -1 13,14 0.001 -1 -1 14,14 0.001 -1 1 5.0147 155 ::f,1,12 f,3,3 f,12,3 f,14,12 
103:3,1 0.001 1 -1 1,3 0.001 -1 0 2,1 0.001 1 0 10.0206 140 1,13 0.001 1 -1 2,14 0.001 0 -1 2,13 0.001 1 0 17.0181 215 13,3 0.001 -1 0 13,2 0.001 0 1 14,1 0.001 0 1 32.0324 260 14,13 0.001 0 -1 13,14 0.001 -1 -1 14,14 0.001 -1 1 5.0147 155 ::f,1,12 f,3,3 f,12,1 f,14,12 
104:3,1 0.001 1 -1 1,3 0.001 -1 0 2,1 0.001 1 0 10.0206 140 1,13 0.001 1 0 2,14 0.001 1 -1 2,13 0.001 1 0 17.0181 215 13,3 0.001 -1 -1 13,2 0.001 0 1 14,2 0.001 0 1 32.0334 260 14,13 0.001 0 -1 13,14 0.001 0 -1 14,14 0.001 -1 0 7.0148 170 ::f,1,12 f,3,3 f,12,1 f,13,13 
105:3,1 0.001 1 -1 1,3 0.001 -1 -1 2,1 0.001 1 1 10.0206 140 1,13 0.001 1 0 2,14 0.001 1 -1 2,13 0.001 1 1 17.0181 215 12,2 0.001 -1 -1 13,2 0.001 -1 1 14,2 0.001 0 1 32.0344 260 14,13 0.001 1 -1 13,14 0.001 0 -1 14,14 0.001 -1 0 7.0148 170 ::f,1,12 f,3,3 f,12,1 f,13,13 
106:3,1 0.001 1 -1 0,2 0.001 -1 -1 2,1 0.001 1 1 10.0216 140 1,13 0.001 1 0 2,14 0.001 1 0 2,13 0.001 1 1 17.0181 215 12,2 0.001 -1 -1 13,2 0.001 -1 1 14,2 0.001 -1 1 32.0344 260 14,13 0.001 1 -1 13,14 0.001 0 -1 14,14 0.001 -1 0 10.0149 185 ::f,1,12 f,3,3 f,12,1 f,14,15 
107:3,1 0.001 1 -1 0,2 0.001 -1 -1 2,1 0.001 0 1 10.0216 140 1,13 0.001 1 1 2,14 0.001 1 0 2,13 0.001 0 1 17.0181 215 12,2 0.001 0 -1 13,2 0.001 -1 0 14,2 0.001 -1 1 32.0344 260 14,13 0.001 1 0 13,14 0.001 1 -1 14,14 0.001 -1 -1 10.0149 185 ::f,1,12 f,3,3 f,12,1 f,14,15 
108:3,1 0.001 1 -1 0,2 0.001 0 -1 2,2 0.001 0 1 10.0226 140 1,13 0.001 1 1 2,14 0.001 1 1 2,13 0.001 0 1 17.0181 215 12,2 0.001 0 -1 13,2 0.001 -1 0 14,2 0.001 -1 0 32.0344 260 14,13 0.001 1 0 13,14 0.001 1 -1 14,14 0.001 -1 -1 10.0149 185 ::f,1,12 f,3,3 f,12,1 f,14,15 
109:3,1 0.001 1 -1 0,1 0.001 0 -1 2,2 0.001 0 1 10.0236 140 1,13 0.001 0 1 2,14 0.001 1 1 2,13 0.001 0 1 17.0181 215 12,2 0.001 0 -1 13,2 0.001 -1 -1 14,2 0.001 -1 0 39.0345 275 14,13 0.001 1 1 13,14 0.001 1 0 14,14 0.001 0 -1 10.0149 185 ::f,1,12 f,3,3 f,12,0 f,14,15 
110:3,1 0.001 1 -1 0,1 0.001 0 -1 2,2 0.001 -1 1 10.0236 140 1,13 0.001 0 1 2,14 0.001 0 1 2,13 0.001 -1 1 17.0181 215 12,2 0.001 1 -1 13,2 0.001 -1 -1 14,2 0.001 -1 0 39.0345 275 14,13 0.001 1 1 13,14 0.001 1 0 14,14 0.001 0 -1 10.0149 185 ::f,1,12 f,3,3 f,12,0 f,14,15 
111:3,1 0.001 1 -1 0,1 0.001 1 -1 2,2 0.001 -1 1 10.0236 140 1,13 0.001 -1 1 2,14 0.001 0 1 2,13 0.001 -1 1 17.0181 215 12,2 0.001 1 -1 13,2 0.001 0 -1 14,2 0.001 -1 -1 39.0345 275 14,13 0.001 0 1 13,14 0.001 1 1 14,14 0.001 1 -1 10.0149 185 ::f,1,12 f,3,3 f,12,0 f,14,15 
112:3,1 0.001 1 -1 1,0 0.001 1 -1 2,2 0.001 -1 0 10.0246 140 1,13 0.001 -1 1 2,14 0.001 -1 1 2,13 0.001 -1 0 17.0181 215 12,2 0.001 1 0 13,1 0.001 0 -1 14,2 0.001 -1 -1 39.0355 275 14,13 0.001 0 1 13,14 0.001 1 1 14,14 0.001 1 -1 14.015 200 ::f,1,12 f,3,3 f,12,0 f,15,15 
113:3,1 0.001 1 -1 1,0 0.001 1 -1 1,2 0.001 -1 0 10.0256 140 1,13 0.001 -1 0 2,14 0.001 -1 1 2,13 0.001 -1 0 17.0181 215 12,2 0.001 1 0 13,1 0.001 0 -1 14,2 0.001 0 -1 39.0355 275 14,13 0.001 0 1 13,14 0.001 0 1 14,14 0.001 1 0 14.015 200 ::f,1,12 f,3,3 f,12,0 f,15,15 
114:3,1 0.001 1 -1 1,0 0.001 1 0 1,2 0.001 -1 0 10.0256 140 1,13 0.001 -1 0 2,14 0.001 -1 0 2,13 0.001 -1 -1 17.0181 215 12,2 0.001 1 1 13,1 0.001 1 -1 14,2 0.001 0 -1 39.0355 275 14,13 0.001 -1 1 13,14 0.001 0 1 14,14 0.001 1 0 14.015 200 ::f,1,12 f,3,3 f,12,0 f,15,15 
115:3,1 0.001 1 -1 2,0 0.001 1 0 1,2 0.001 -1 -1 10.0266 140 1,13 0.001 -1 -1 1,14 0.001 -1 0 2,13 0.001 -1 -1 22.0192 230 12,2 0.001 1 1 13,1 0.001 1 -1 14,2 0.001 1 -1 39.0355 275 14,13 0.001 -1 1 13,14 0.001 -1 1 14,14 0.001 1 1 14.015 200 ::f,3,3 f,3,14 f,12,0 f,15,15 
116:3,1 0.001 1 -1 2,0 0.001 1 0 1,2 0.001 -1 -1 10.0266 140 1,13 0.001 -1 -1 1,14 0.001 -1 0 2,13 0.001 0 -1 22.0192 230 12,2 0.001 0 1 13,1 0.001 1 0 14,2 0.001 1 -1 39.0355 275 14,13 0.001 -1 0 13,14 0.001 -1 1 14,14 0.001 1 1 16.0151 215 ::f,3,3 f,3,14 f,12,0 f,14,12 
117:3,1 0.001 1 -1 2,0 0.001 1 1 1,2 0.001 0 -1 10.0266 140 1,13 0.001 0 -1 1,14 0.001 -1 -1 2,13 0.001 0 -1 22.0192 230 12,2 0.001 0 1 14,1 0.001 1 0 14,2 0.001 1 0 39.0365 275 14,13 0.001 -1 0 13,14 0.001 -1 0 14,14 0.001 0 1 16.0151 215 ::f,3,3 f,3,14 f,12,0 f,14,12 
118:3,1 0.001 1 -1 2,0 0.001 1 1 1,1 0.001 0 -1 10.0276 140 1,13 0.001 0 -1 1,14 0.001 -1 -1 2,13 0.001 1 -1 22.0192 230 12,2 0.001 -1 1 14,1 0.001 1 0 14,2 0.001 1 0 39.0365 275 14,13 0.001 -1 -1 13,14 0.001 -1 0 14,14 0.001 0 1 16.0151 215 ::f,3,3 f,3,14 f,12,0 f,14,12 
119:3,1 0.001 1 -1 2,0 0.001 1 1 1,1 0.001 0 -1 10.0276 140 1,13 0.001 1 -1 1,14 0.001 0 -1 2,13 0.001 1 -1 22.0192 230 12,2 0.001 -1 1 14,1 0.001 1 1 14,2 0.001 1 1 39.0365 275 14,13 0.001 -1 -1 13,14 0.001 -1 -1 14,14 0.001 -1 1 16.0151 215 ::f,3,3 f,3,14 f,12,0 f,14,12 
120:3,1 0.001 1 -1 2,0 0.001 0 1 1,1 0.001 1 -1 10.0276 140 1,13 0.001 1 -1 1,14 0.001 0 -1 2,13 0.001 1 0 22.0192 230 12,2 0.001 -1 0 14,1 0.001 1 1 14,2 0.001 1 1 39.0365 275 14,13 0.001 0 -1 13,14 0.001 -1 -1 14,14 0.001 -1 1 16.0151 215 ::f,3,3 f,3,14 f,12,0 f,14,12 
121:3,1 0.001 1 -1 2,0 0.001 0 1 1,1 0.001 1 -1 10.0276 140 1,13 0.001 1 0 1,14 0.001 0 -1 2,13 0.001 1 0 22.0192 230 12,2 0.001 -1 0 14,1 0.001 0 1 14,2 0.001 0 1 39.0365 275 14,13 0.001 0 -1 13,14 0.001 0 -1 14,14 0.001 -1 0 19.0152 230 ::f,3,3 f,3,14 f,12,0 f,12,12 
122:3,1 0.001 1 -1 2,0 0.001 -1 1 1,1 0.001 1 0 10.0276 140 1,13 0.001 1 0 1,14 0.001 1 -1 2,13 0.001 1 1 22.0192 230 12,2 0.001 -1 -1 14,1 0.001 0 1 14,2 0.001 0 1 39.0365 275 14,13 0.001 1 -1 13,13 0.001 0 -1 13,14 0.001 -1 0 19.0172 230 ::f,3,3 f,3,14 f,12,0 f,12,12 
123:3,1 0.001 1 -1 2,0 0.001 -1 1 2,1 0.001 1 0 10.0286 140 1,13 0.001 1 0 1,14 0.001 1 -1 2,13 0.001 1 1 28.0193 245 12,2 0.001 -1 -1 14,1 0.001 0 1 14,2 0.001 -1 1 39.0365 275 14,13 0.001 1 -1 13,13 0.001 0 -1 13,14 0.001 -1 0 19.0172 230 ::f,1,12 f,3,3 f,12,0 f,12,12 
124:3,1 0.001 1 -1 2,0 0.001 -1 0 2,1 0.001 1 0 10.0286 140 1,13 0.001 1 1 1,14 0.001 1 0 2,13 0.001 0 1 28.0193 245 12,2 0.001 0 -1 14,1 0.001 -1 1 14,2 0.001 -1 1 39.0365 275 14,13 0.001 1 0 13,13 0.001 1 -1 13,14 0.001 -1 -1 19.0172 230 ::f,1,12 f,3,3 f,12,0 f,12,12 
125:3,1 0.001 1 -1 2,0 0.001 -1 0 2,1 0.001 1 1 10.0286 140 1,13 0.001 1 1 1,14 0.001 1 0 2,14 0.001 0 1 28.0203 245 12,1 0.001 0 -1 14,1 0.001 -1 1 14,2 0.001 -1 0 39.0375 275 14,13 0.001 1 0 13,13 0.001 1 -1 13,14 0.001 -1 -1 19.0172 230 ::f,1,12 f,3,3 f,12,0 f,12,12 
126:3,1 0.001 1 -1 2,0 0.001 -1 -1 2,1 0.001 1 1 10.0286 140 1,13 0.001 0 1 1,14 0.001 1 1 2,14 0.001 0 1 28.0203 245 12,1 0.001 0 -1 14,1 0.001 -1 0 13,2 0.001 -1 0 47.0386 290 14,13 0.001 1 1 13,13 0.001 1 0 13,14 0.001 0 -1 19.0172 230 ::f,1,12 f,3,3 f,12,12 f,14,0 
127:3,1 0.001 1 -1 2,0 0.001 -1 -1 2,1 0.001 0 1 10.0286 140 1,13 0.001 0 1 1,14 0.001 1 1 2,14 0.001 -1 1 28.0203 245 12,1 0.001 1 -1 13,1 0.001 -1 0 13,2 0.001 -1 0 47.0396 290 14,13 0.001 1 1 13,13 0.001 1 0 13,14 0.001 0 -1 19.0172 230 ::f,1,12 f,3,3 f,12,12 f,14,0 
128:3,1 0.001 1 -1 2,0 0.001 0 -1 2,2 0.001 0 1 10.0296 140 1,13 0.001 -1 1 1,14 0.001 0 1 2,14 0.001 -1 1 28.0203 245 13,0 0.001 1 -1 13,1 0.001 -1 0 13,2 0.001 -1 -1 47.0406 290 14,13 0.001 0 1 13,13 0.001 1 0 13,14 0.001 0 -1 19.0172 230 ::f,1,12 f,3,3 f,12,12 f,14,0 
129:3,1 0.001 1 -1 2,0 0.001 0 -1 2,2 0.001 0 1 10.0296 140 1,13 0.001 -1 1 1,14 0.001 0 1 2,14 0.001 -1 0 28.0203 245 13,0 0.001 1 -1 13,1 0.001 -1 -1 13,2 0.001 -1 -1 47.0406 290 14,14 0.001 0 1 13,13 0.001 1 1 13,14 0.001 1 -1 19.0182 230 ::f,1,12 f,3,3 f,12,12 f,14,0 
130:3,1 0.001 1 -1 2,0 0.001 1 -1 2,2 0.001 -1 1 10.0296 140 1,13 0.001 -1 0 1,14 0.001 -1 1 2,14 0.001 -1 0 28.0203 245 13,0 0.001 1 0 13,1 0.001 -1 -1 13,2 0.001 0 -1 47.0406 290 14,14 0.001 0 1 13,13 0.001 1 1 13,14 0.001 1 -1 19.0182 230 ::f,1,12 f,3,3 f,12,12 f,14,0 
131:3,1 0.001 1 -1 2,0 0.001 1 -1 2,2 0.001 -1 1 10.0296 140 1,13 0.001 -1 0 1,14 0.001 -1 1 2,14 0.001 -1 0 28.0203 245 13,0 0.001 1 0 13,1 0.001 0 -1 13,2 0.001 0 -1 47.0406 290 14,14 0.001 -1 1 13,13 0.001 0 1 13,14 0.001 1 0 19.0182 230 ::f,1,12 f,3,3 f,12,12 f,14,0 
132:3,1 0.001 1 -1 2,0 0.001 1 0 2,2 0.001 -1 0 10.0296 140 1,13 0.001 -1 -1 1,14 0.001 -1 0 2,14 0.001 -1 -1 28.0203 245 13,0 0.001 1 0 13,1 0.001 0 -1 13,2 0.001 0 -1 56.0407 305 14,14 0.001 -1 1 13,13 0.001 0 1 13,14 0.001 1 0 19.0182 230 ::f,1,12 f,3,3 f,12,12 f,14,0 
133:3,1 0.001 1 -1 2,0 0.001 1 0 1,2 0.001 -1 0 10.0306 140 1,13 0.001 -1 -1 1,14 0.001 -1 0 2,14 0.001 -1 -1 28.0203 245 13,0 0.001 1 1 13,1 0.001 1 -1 13,2 0.001 1 -1 56.0407 305 14,14 0.001 -1 0 13,13 0.001 -1 1 13,14 0.001 1 1 19.0182 230 ::f,1,12 f,3,3 f,12,12 f,14,0 
134:3,1 0.001 1 -1 2,0 0.001 1 1 1,2 0.001 -1 0 10.0306 140 1,13 0.001 0 -1 1,14 0.001 -1 -1 2,14 0.001 0 -1 28.0203 245 13,0 0.001 1 1 13,1 0.001 1 -1 13,2 0.001 1 -1 61.0408 320 14,14 0.001 -1 0 13,13 0.001 -1 1 13,14 0.001 1 1 19.0182 230 ::f,1,12 f,3,3 f,12,3 f,12,12 
135:3,1 0.001 1 -1 2,0 0.001 1 1 1,2 0.001 -1 -1 10.0306 140 1,13 0.001 0 -1 1,14 0.001 -1 -1 2,14 0.001 0 -1 32.0204 260 13,0 0.001 0 1 13,1 0.001 1 0 13,2 0.001 1 0 61.0408 320 14,14 0.001 -1 0 13,13 0.001 -1 0 13,14 0.001 0 1 19.0182 230 ::f,2,15 f,3,3 f,12,3 f,12,12 
136:3,1 0.001 1 -1 2,0 0.001 1 1 1,2 0.001 -1 -1 10.0306 140 1,13 0.001 1 -1 1,14 0.001 0 -1 2,14 0.001 1 -1 32.0204 260 13,0 0.001 0 1 14,1 0.001 1 0 13,2 0.001 1 0 61.0418 320 14,14 0.001 -1 -1 13,13 0.001 -1 0 13,14 0.001 0 1 19.0182 230 ::f,2,15 f,3,3 f,12,3 f,12,12 
137:3,1 0.001 1 -1 2,0 0.001 0 1 1,2 0.001 0 -1 10.0306 140 1,13 0.001 1 -1 1,14 0.001 0 -1 2,14 0.001 1 -1 32.0204 260 13,0 0.001 -1 1 14,1 0.001 1 0 13,2 0.001 1 1 61.0418 320 14,14 0.001 -1 -1 13,13 0.001 -1 -1 13,14 0.001 -1 1 19.0182 230 ::f,2,15 f,3,3 f,12,3 f,12,12 
138:3,1 0.001 1 -1 2,1 0.001 0 1 1,1 0.001 0 -1 10.0326 140 1,13 0.001 1 0 1,14 0.001 0 -1 2,14 0.001 1 0 32.0204 260 13,0 0.001 -1 1 14,1 0.001 1 1 13,2 0.001 1 1 61.0418 320 14,14 0.001 -1 -1 13,13 0.001 -1 -1 13,14 0.001 -1 1 24.0183 245 ::f,2,15 f,3,3 f,12,3 f,12,12 
139:3,1 0.001 1 -1 2,1 0.001 0 1 1,1 0.001 0 -1 10.0326 140 2,13 0.001 1 0 1,14 0.001 1 -1 2,14 0.001 1 0 32.0214 260 13,0 0.001 -1 0 14,1 0.001 1 1 13,2 0.001 0 1 61.0418 320 14,14 0.001 0 -1 13,13 0.001 0 -1 13,14 0.001 -1 0 24.0183 245 ::f,2,15 f,3,3 f,12,3 f,12,12 
140:3,1 0.001 1 -1 2,1 0.001 -1 1 1,1 0.001 1 -1 10.0326 140 2,13 0.001 1 0 1,14 0.001 1 -1 2,14 0.001 1 1 32.0214 260 13,0 0.001 -1 0 14,1 0.001 0 1 13,2 0.001 0 1 61.0418 320 14,14 0.001 0 -1 13,13 0.001 0 -1 13,14 0.001 -1 0 24.0183 245 ::f,2,15 f,3,3 f,12,3 f,12,12 
141:3,1 0.001 1 -1 2,1 0.001 -1 1 1,1 0.001 1 -1 10.0326 140 2,13 0.001 1 1 1,14 0.001 1 0 2,14 0.001 1 1 32.0214 260 13,0 0.001 -1 -1 14,2 0.001 0 1 13,2 0.001 -1 1 61.0428 320 14,14 0.001 1 -1 13,13 0.001 1 -1 13,14 0.001 -1 -1 24.0183 245 ::f,2,15 f,3,3 f,12,3 f,12,12 
142:3,1 0.001 1 -1 2,1 0.001 -1 0 1,1 0.001 1 0 10.0326 140 2,13 0.001 1 1 1,14 0.001 1 0 2,14 0.001 0 1 32.0214 260 13,0 0.001 -1 -1 14,2 0.001 0 1 13,2 0.001 -1 1 63.0429 335 14,14 0.001 1 -1 13,13 0.001 1 -1 13,14 0.001 -1 -1 24.0183 245 ::f,2,15 f,3,3 f,12,12 f,13,3 
143:3,1 0.001 1 -1 2,1 0.001 -1 0 1,1 0.001 1 0 10.0326 140 2,13 0.001 0 1 1,14 0.001 1 1 2,14 0.001 0 1 39.0215 275 13,0 0.001 0 -1 14,2 0.001 -1 1 13,2 0.001 -1 0 63.0429 335 14,14 0.001 1 0 13,13 0.001 1 0 13,14 0.001 0 -1 24.0183 245 ::f,2,12 f,3,3 f,12,12 f,13,3 
144:3,1 0.001 1 -1 2,1 0.001 -1 -1 1,1 0.001 1 0 10.0326 140 2,13 0.001 0 1 1,14 0.001 1 1 2,14 0.001 -1 1 39.0215 275 13,0 0.001 0 -1 14,2 0.001 -1 1 13,2 0.001 -1 0 69.043 350 14,14 0.001 1 0 14,13 0.001 1 0 13,13 0.001 0 -1 24.0203 245 ::f,2,12 f,3,3 f,12,12 f,15,1 
145:3,1 0.001 1 -1 2,1 0.001 -1 -1 1,1 0.001 1 1 10.0326 140 2,13 0.001 0 1 1,14 0.001 0 1 2,14 0.001 -1 1 39.0215 275 13,0 0.001 1 -1 14,2 0.001 -1 0 13,2 0.001 -1 -1 69.043 350 14,14 0.001 1 1 14,13 0.001 1 0 13,13 0.001 0 -1 24.0203 245 ::f,2,12 f,3,3 f,12,12 f,15,1 
146:3,1 0.001 1 -1 2,1 0.001 0 -1 1,1 0.001 1 1 10.0326 140 2,13 0.001 -1 1 1,14 0.001 0 1 2,14 0.001 -1 0 39.0215 275 13,0 0.001 1 -1 14,2 0.001 -1 0 13,2 0.001 -1 -1 69.043 350 14,14 0.001 1 1 14,13 0.001 1 1 13,13 0.001 1 -1 24.0203 245 ::f,2,12 f,3,3 f,12,12 f,15,1 
147:3,1 0.001 1 -1 2,1 0.001 0 -1 1,1 0.001 0 1 10.0326 140 2,13 0.001 -1 1 1,14 0.001 -1 1 2,14 0.001 -1 0 39.0215 275 13,0 0.001 1 0 14,2 0.001 -1 0 13,2 0.001 0 -1 69.043 350 14,14 0.001 0 1 14,13 0.001 1 1 13,13 0.001 1 -1 24.0203 245 ::f,2,12 f,3,3 f,12,12 f,15,1 
148:3,1 0.001 1 -1 2,1 0.001 1 -1 1,1 0.001 0 1 10.0326 140 2,13 0.001 -1 0 1,14 0.001 -1 1 2,14 0.001 -1 0 39.0215 275 14,0 0.001 1 0 14,2 0.001 -1 -1 13,1 0.001 0 -1 69.045 350 14,14 0.001 0 1 14,13 0.001 0 1 13,13 0.001 1 0 24.0203 245 ::f,2,12 f,3,3 f,12,12 f,15,1 
149:3,1 0.001 1 -1 2,1 0.001 1 -1 1,1 0.001 -1 1 10.0326 140 2,13 0.001 -1 0 1,14 0.001 -1 0 2,14 0.001 -1 -1 39.0215 275 14,0 0.001 1 0 14,2 0.001 -1 -1 13,1 0.001 0 -1 69.045 350 14,14 0.001 -1 1 14,13 0.001 0 1 13,13 0.001 1 0 24.0203 245 ::f,2,12 f,3,3 f,12,12 f,15,1 
150:3,1 0.001 1 -1 2,1 0.001 1 0 1,1 0.001 -1 1 10.0326 140 2,13 0.001 -1 -1 1,14 0.001 -1 0 2,14 0.001 -1 -1 39.0215 275 14,0 0.001 1 1 14,2 0.001 0 -1 13,1 0.001 1 -1 69.045 350 14,14 0.001 -1 1 14,13 0.001 0 1 13,13 0.001 1 0 24.0203 245 ::f,2,12 f,3,3 f,12,12 f,15,1 
151:3,1 0.001 1 -1 2,1 0.001 1 0 1,1 0.001 -1 0 10.0326 140 2,13 0.001 -1 -1 1,14 0.001 -1 -1 2,14 0.001 0 -1 39.0215 275 14,0 0.001 1 1 14,1 0.001 0 -1 13,1 0.001 1 -1 69.046 350 14,14 0.001 -1 0 14,13 0.001 -1 1 13,13 0.001 1 1 24.0203 245 ::f,2,12 f,3,3 f,12,12 f,15,1 
152:3,1 0.001 1 -1 2,1 0.001 1 1 1,1 0.001 -1 0 10.0326 140 2,13 0.001 0 -1 1,14 0.001 -1 -1 2,14 0.001 0 -1 39.0215 275 14,0 0.001 1 1 14,1 0.001 0 -1 13,1 0.001 1 0 79.0461 365 13,14 0.001 -1 0 14,13 0.001 -1 1 13,13 0.001 1 1 24.0213 245 ::f,2,12 f,3,3 f,12,12 f,13,0 
153:3,1 0.001 1 -1 3,2 0.001 1 1 1,1 0.001 -1 -1 10.0336 140 2,13 0.001 0 -1 1,14 0.001 0 -1 2,14 0.001 0 -1 44.0216 290 14,0 0.001 0 1 14,1 0.001 1 -1 13,1 0.001 1 0 79.0461 365 13,14 0.001 -1 0 14,13 0.001 -1 0 13,13 0.001 0 1 24.0213 245 ::f,1,15 f,3,3 f,12,12 f,13,0 
154:3,1 0.001 1 -1 3,2 0.001 1 1 1,1 0.001 -1 -1 10.0336 140 2,13 0.001 1 -1 1,13 0.001 0 -1 2,14 0.001 1 -1 44.0226 290 14,0 0.001 0 1 14,1 0.001 1 -1 13,1 0.001 1 0 79.0461 365 13,14 0.001 -1 -1 14,13 0.001 -1 0 13,13 0.001 0 1 24.0213 245 ::f,1,15 f,3,3 f,12,12 f,13,0 
155:3,1 0.001 1 -1 3,2 0.001 0 1 1,1 0.001 0 -1 10.0336 140 2,13 0.001 1 -1 1,13 0.001 0 -1 2,14 0.001 1 -1 44.0226 290 14,0 0.001 -1 1 14,1 0.001 1 0 13,1 0.001 1 1 79.0461 365 13,14 0.001 -1 -1 14,13 0.001 -1 -1 13,13 0.001 -1 1 24.0213 245 ::f,1,15 f,3,3 f,12,12 f,13,0 
156:3,1 0.001 1 -1 3,2 0.001 0 1 1,1 0.001 0 -1 11.0337 155 2,13 0.001 1 0 1,13 0.001 1 -1 2,14 0.001 1 0 44.0226 290 14,0 0.001 -1 1 14,1 0.001 1 0 13,1 0.001 1 1 79.0461 365 13,14 0.001 0 -1 14,13 0.001 -1 -1 13,13 0.001 -1 1 24.0213 245 ::f,1,15 f,2,0 f,12,12 f,13,0 
157:3,1 0.001 1 -1 3,2 0.001 -1 1 1,1 0.001 1 -1 11.0337 155 2,13 0.001 1 0 1,13 0.001 1 -1 2,14 0.001 1 0 44.0226 290 14,0 0.001 -1 0 14,1 0.001 1 1 13,1 0.001 0 1 79.0461 365 13,14 0.001 0 -1 14,13 0.001 0 -1 13,13 0.001 -1 0 24.0213 245 ::f,1,15 f,2,0 f,12,12 f,13,0 
158:3,1 0.001 1 -1 2,3 0.001 -1 1 1,1 0.001 1 -1 16.0348 170 2,13 0.001 1 1 1,13 0.001 1 0 2,14 0.001 1 1 44.0226 290 14,0 0.001 -1 0 14,1 0.001 1 1 13,1 0.001 0 1 89.0462 380 13,14 0.001 0 -1 14,13 0.001 0 -1 13,13 0.001 -1 0 24.0213 245 ::f,0,2 f,1,15 f,12,12 f,14,2 
159:3,1 0.001 1 -1 2,3 0.001 -1 1 1,1 0.001 1 0 16.0348 170 2,13 0.001 1 1 1,13 0.001 1 0 2,14 0.001 1 1 44.0226 290 14,0 0.001 -1 -1 14,1 0.001 0 1 13,1 0.001 -1 1 89.0462 380 13,14 0.001 1 -1 14,13 0.001 1 -1 13,13 0.001 -1 -1 24.0213 245 ::f,0,2 f,1,15 f,12,12 f,14,2 
160:3,1 0.001 1 -1 2,3 0.001 -1 0 2,1 0.001 1 0 16.0358 170 2,13 0.001 0 1 1,13 0.001 1 0 2,14 0.001 0 1 44.0226 290 14,0 0.001 -1 -1 14,1 0.001 0 1 13,1 0.001 -1 1 89.0462 380 13,14 0.001 1 -1 14,13 0.001 1 -1 13,13 0.001 -1 -1 27.0214 260 ::f,0,2 f,1,15 f,12,15 f,14,2 
161:3,1 0.001 1 -1 1,3 0.001 -1 0 2,1 0.001 1 0 16.0368 170 2,13 0.001 0 1 1,13 0.001 1 1 2,14 0.001 0 1 44.0226 290 14,0 0.001 0 -1 14,1 0.001 0 1 13,1 0.001 -1 0 96.0463 395 13,14 0.001 1 0 14,13 0.001 1 0 13,13 0.001 0 -1 27.0214 260 ::f,0,2 f,1,15 f,12,15 f,15,0 
162:3,1 0.001 1 -1 1,3 0.001 -1 0 2,1 0.001 1 1 16.0368 170 2,13 0.001 0 1 1,13 0.001 1 1 2,14 0.001 -1 1 44.0226 290 14,0 0.001 0 -1 14,1 0.001 -1 1 13,1 0.001 -1 0 96.0463 395 13,14 0.001 1 0 14,13 0.001 1 0 13,13 0.001 0 -1 27.0214 260 ::f,0,2 f,1,15 f,12,15 f,15,0 
163:3,1 0.001 1 -1 1,3 0.001 -1 -1 2,1 0.001 1 1 16.0368 170 2,13 0.001 -1 1 1,13 0.001 0 1 2,14 0.001 -1 1 52.0227 305 14,0 0.001 1 -1 14,1 0.001 -1 1 13,1 0.001 -1 -1 96.0463 395 13,14 0.001 1 1 14,13 0.001 1 1 13,13 0.001 1 -1 27.0214 260 ::f,0,2 f,0,15 f,12,15 f,15,0 
164:3,1 0.001 1 -1 1,3 0.001 -1 -1 2,1 0.001 0 1 16.0368 170 1,14 0.001 -1 1 1,13 0.001 0 1 2,14 0.001 -1 0 52.0237 305 14,0 0.001 1 -1 14,1 0.001 -1 0 13,1 0.001 -1 -1 96.0463 395 13,14 0.001 1 1 14,13 0.001 1 1 13,13 0.001 1 -1 27.0214 260 ::f,0,2 f,0,15 f,12,15 f,15,0 
165:3,1 0.001 1 -1 1,3 0.001 -1 -1 2,2 0.001 0 1 18.0379 185 1,14 0.001 -1 1 1,13 0.001 -1 1 2,14 0.001 -1 0 58.0238 320 14,0 0.001 1 0 14,1 0.001 -1 0 13,1 0.001 0 -1 96.0463 395 13,14 0.001 0 1 14,13 0.001 0 1 13,13 0.001 1 0 27.0214 260 ::f,2,15 f,3,3 f,12,15 f,15,0 
166:3,1 0.001 1 -1 1,3 0.001 0 -1 2,2 0.001 0 1 18.0379 185 1,14 0.001 -1 0 1,13 0.001 -1 1 2,14 0.001 -1 0 58.0238 320 14,0 0.001 1 0 14,1 0.001 -1 -1 13,1 0.001 0 -1 106.046 410 13,14 0.001 0 1 14,14 0.001 0 1 14,13 0.001 1 0 27.0234 260 ::f,2,15 f,3,3 f,12,15 f,15,0 
167:3,1 0.001 1 -1 1,3 0.001 0 -1 2,2 0.001 -1 1 18.0379 185 1,14 0.001 -1 0 1,13 0.001 -1 0 2,14 0.001 -1 -1 58.0238 320 14,0 0.001 1 1 14,1 0.001 -1 -1 13,1 0.001 1 -1 106.046 410 13,14 0.001 -1 1 14,14 0.001 0 1 14,13 0.001 1 0 27.0234 260 ::f,2,15 f,3,3 f,12,15 f,15,0 
168:3,1 0.001 1 -1 1,3 0.001 1 -1 2,2 0.001 -1 1 18.0379 185 1,14 0.001 -1 -1 1,13 0.001 -1 0 2,14 0.001 -1 -1 58.0238 320 15,1 0.001 1 1 14,1 0.001 0 -1 13,1 0.001 1 -1 106.047 410 13,14 0.001 -1 1 14,14 0.001 -1 1 14,13 0.001 1 1 31.0235 275 ::f,2,15 f,3,3 f,15,0 f,15,12 
169:3,1 0.001 1 -1 1,3 0.001 1 -1 2,2 0.001 -1 0 18.0379 185 1,14 0.001 -1 -1 1,13 0.001 -1 -1 2,14 0.001 0 -1 58.0238 320 15,1 0.001 1 1 14,1 0.001 0 -1 13,1 0.001 1 0 106.047 410 13,14 0.001 -1 0 14,14 0.001 -1 1 14,13 0.001 1 1 31.0235 275 ::f,2,15 f,3,3 f,15,0 f,15,12 
170:3,1 0.001 1 -1 1,3 0.001 1 0 1,2 0.001 -1 0 18.0389 185 1,14 0.001 0 -1 1,13 0.001 -1 -1 2,14 0.001 0 -1 58.0238 320 15,1 0.001 0 1 14,1 0.001 1 -1 13,1 0.001 1 0 106.047 410 13,14 0.001 -1 0 14,14 0.001 -1 0 14,13 0.001 0 1 31.0235 275 ::f,2,15 f,3,3 f,15,0 f,15,12 
171:3,1 0.001 1 -1 1,3 0.001 1 0 1,2 0.001 -1 0 18.0389 185 1,14 0.001 0 -1 1,13 0.001 0 -1 2,14 0.001 1 -1 58.0238 320 15,2 0.001 0 1 14,1 0.001 1 -1 13,1 0.001 1 0 114.049 425 13,14 0.001 -1 -1 14,14 0.001 -1 0 14,13 0.001 0 1 31.0235 275 ::f,2,15 f,3,3 f,12,2 f,15,12 
172:3,1 0.001 1 -1 1,3 0.001 1 1 1,2 0.001 -1 -1 18.0389 185 1,14 0.001 0 -1 1,13 0.001 0 -1 2,14 0.001 1 -1 58.0238 320 15,2 0.001 0 1 14,1 0.001 1 0 13,1 0.001 1 1 114.049 425 13,14 0.001 -1 -1 14,14 0.001 -1 0 14,13 0.001 0 1 31.0235 275 ::f,2,15 f,3,3 f,12,2 f,15,12 
173:3,1 0.001 1 -1 1,3 0.001 1 1 1,2 0.001 -1 -1 18.0389 185 1,14 0.001 1 -1 1,13 0.001 1 -1 2,14 0.001 1 0 58.0238 320 15,2 0.001 -1 1 14,1 0.001 1 0 13,1 0.001 1 1 114.049 425 13,14 0.001 0 -1 14,14 0.001 -1 -1 14,13 0.001 -1 1 31.0235 275 ::f,2,15 f,3,3 f,12,2 f,15,12 
174:3,1 0.001 1 -1 1,3 0.001 0 1 1,2 0.001 0 -1 18.0389 185 1,14 0.001 1 -1 1,13 0.001 1 -1 2,14 0.001 1 0 58.0238 320 14,3 0.001 -1 1 14,1 0.001 1 1 13,1 0.001 0 1 114.05 425 13,13 0.001 0 -1 14,14 0.001 -1 -1 14,13 0.001 -1 1 31.0245 275 ::f,2,15 f,3,3 f,12,2 f,15,12 
175:3,1 0.001 1 -1 1,3 0.001 0 1 1,1 0.001 0 -1 18.0399 185 1,14 0.001 1 0 1,13 0.001 1 0 2,14 0.001 1 1 58.0238 320 14,3 0.001 -1 1 14,1 0.001 1 1 13,1 0.001 0 1 114.05 425 13,13 0.001 0 -1 14,14 0.001 0 -1 14,13 0.001 -1 0 31.0245 275 ::f,2,15 f,3,3 f,12,2 f,15,12 
176:3,1 0.001 1 -1 1,3 0.001 -1 1 1,1 0.001 0 -1 18.0399 185 1,14 0.001 1 0 2,13 0.001 1 0 2,14 0.001 1 1 58.0248 320 14,3 0.001 -1 0 14,1 0.001 0 1 13,1 0.001 -1 1 114.05 425 13,13 0.001 1 -1 14,14 0.001 0 -1 14,13 0.001 -1 0 31.0245 275 ::f,2,15 f,3,3 f,12,2 f,15,12 
177:3,1 0.001 1 -1 1,3 0.001 -1 1 1,1 0.001 1 -1 18.0399 185 1,14 0.001 1 1 2,13 0.001 1 0 2,14 0.001 0 1 58.0248 320 13,3 0.001 -1 0 14,2 0.001 0 1 13,1 0.001 -1 1 117.052 440 13,13 0.001 1 -1 14,14 0.001 1 -1 14,13 0.001 -1 -1 31.0245 275 ::f,2,15 f,3,3 f,12,0 f,15,12 
178:3,1 0.001 1 -1 1,3 0.001 -1 0 1,1 0.001 1 -1 18.0399 185 1,14 0.001 1 1 2,13 0.001 1 1 2,14 0.001 0 1 65.0249 335 13,3 0.001 -1 0 14,2 0.001 0 1 13,1 0.001 -1 0 117.052 440 13,13 0.001 1 0 14,14 0.001 1 -1 14,13 0.001 -1 -1 31.0245 275 ::f,0,14 f,3,3 f,12,0 f,15,12 
179:3,1 0.001 1 -1 1,3 0.001 -1 0 1,1 0.001 1 0 18.0399 185 1,14 0.001 0 1 2,13 0.001 1 1 2,14 0.001 -1 1 65.0249 335 13,3 0.001 -1 -1 14,2 0.001 -1 1 13,1 0.001 -1 0 117.052 440 13,13 0.001 1 0 14,14 0.001 1 0 14,13 0.001 0 -1 31.0245 275 ::f,0,14 f,3,3 f,12,0 f,15,12 
180:3,1 0.001 1 -1 1,3 0.001 -1 -1 2,1 0.001 1 0 18.0409 185 1,14 0.001 0 1 2,13 0.001 0 1 2,14 0.001 -1 1 65.0249 335 12,2 0.001 -1 -1 14,2 0.001 -1 1 13,1 0.001 -1 -1 117.053 440 13,13 0.001 1 0 14,14 0.001 1 0 14,13 0.001 0 -1 31.0245 275 ::f,0,14 f,3,3 f,12,0 f,15,12 
181:3,1 0.001 1 -1 0,2 0.001 -1 -1 2,1 0.001 1 0 18.0419 185 1,14 0.001 -1 1 2,13 0.001 0 1 2,14 0.001 -1 0 65.0249 335 12,2 0.001 -1 -1 14,2 0.001 -1 0 13,1 0.001 -1 -1 121.053 455 13,13 0.001 1 1 14,14 0.001 1 1 14,13 0.001 1 -1 31.0245 275 ::f,0,14 f,3,3 f,14,3 f,15,12 
182:3,1 0.001 1 -1 0,2 0.001 -1 -1 2,1 0.001 1 1 18.0419 185 1,14 0.001 -1 1 2,13 0.001 0 1 2,14 0.001 -1 0 65.0249 335 12,2 0.001 0 -1 13,2 0.001 -1 0 13,1 0.001 0 -1 121.054 455 13,13 0.001 1 1 14,14 0.001 1 1 14,13 0.001 1 -1 35.0246 290 ::f,0,14 f,3,3 f,14,3 f,14,12 
183:3,1 0.001 1 -1 0,2 0.001 0 -1 2,1 0.001 1 1 18.0419 185 1,14 0.001 -1 0 2,13 0.001 -1 1 2,14 0.001 -1 0 65.0249 335 12,1 0.001 0 -1 13,2 0.001 -1 0 13,1 0.001 0 -1 121.055 455 13,13 0.001 0 1 14,14 0.001 0 1 14,13 0.001 1 0 35.0246 290 ::f,0,14 f,3,3 f,14,3 f,14,12 
184:3,1 0.001 1 -1 0,1 0.001 0 -1 2,1 0.001 0 1 18.0429 185 1,14 0.001 -1 0 2,13 0.001 -1 1 2,14 0.001 -1 -1 73.025 350 12,1 0.001 0 -1 13,2 0.001 -1 -1 13,1 0.001 1 -1 121.055 455 13,13 0.001 0 1 14,14 0.001 0 1 14,13 0.001 1 0 35.0246 290 ::f,3,3 f,3,15 f,14,3 f,14,12 
185:3,1 0.001 1 -1 0,1 0.001 0 -1 2,2 0.001 0 1 18.0439 185 1,14 0.001 -1 -1 2,13 0.001 -1 0 2,14 0.001 0 -1 73.025 350 12,1 0.001 1 -1 13,2 0.001 -1 -1 13,1 0.001 1 -1 121.055 455 13,13 0.001 -1 1 14,14 0.001 -1 1 14,13 0.001 1 1 35.0246 290 ::f,3,3 f,3,15 f,14,3 f,14,12 
186:3,1 0.001 1 -1 0,1 0.001 1 -1 2,2 0.001 0 1 18.0439 185 1,14 0.001 -1 -1 2,13 0.001 -1 0 2,14 0.001 0 -1 73.025 350 13,0 0.001 1 -1 13,2 0.001 0 -1 13,1 0.001 1 0 121.056 455 13,13 0.001 -1 1 14,14 0.001 -1 1 14,13 0.001 1 1 35.0246 290 ::f,3,3 f,3,15 f,14,3 f,14,12 
187:3,1 0.001 1 -1 1,0 0.001 1 -1 2,2 0.001 -1 1 18.0449 185 1,14 0.001 0 -1 2,13 0.001 -1 -1 2,14 0.001 1 -1 73.025 350 13,0 0.001 1 -1 13,2 0.001 0 -1 14,1 0.001 1 0 121.057 455 13,13 0.001 -1 0 14,14 0.001 -1 0 14,13 0.001 0 1 35.0246 290 ::f,3,3 f,3,15 f,14,3 f,14,12 
188:3,1 0.001 1 -1 1,0 0.001 1 -1 2,2 0.001 -1 1 18.0449 185 1,13 0.001 0 -1 2,13 0.001 -1 -1 2,14 0.001 1 -1 73.026 350 13,0 0.001 1 0 13,2 0.001 0 -1 14,1 0.001 1 0 121.057 455 13,13 0.001 -1 0 13,14 0.001 -1 0 14,14 0.001 0 1 35.0266 290 ::f,3,3 f,3,15 f,14,3 f,14,12 
189:3,1 0.001 1 -1 1,0 0.001 1 0 2,2 0.001 -1 0 18.0449 185 1,13 0.001 0 -1 2,13 0.001 0 -1 2,14 0.001 1 0 73.026 350 14,0 0.001 1 0 13,2 0.001 1 -1 14,1 0.001 1 1 121.058 455 13,13 0.001 -1 -1 13,14 0.001 -1 0 14,14 0.001 0 1 35.0266 290 ::f,3,3 f,3,15 f,14,3 f,14,12 
190:3,1 0.001 1 -1 2,0 0.001 1 0 1,2 0.001 -1 0 18.0469 185 1,13 0.001 1 -1 2,13 0.001 0 -1 2,14 0.001 1 0 73.026 350 14,0 0.001 1 0 13,2 0.001 1 0 14,1 0.001 1 1 121.058 455 13,13 0.001 -1 -1 13,14 0.001 -1 -1 14,14 0.001 -1 1 35.0266 290 ::f,3,3 f,3,15 f,14,3 f,14,12 
191:3,1 0.001 1 -1 2,0 0.001 1 0 1,2 0.001 -1 0 18.0469 185 1,13 0.001 1 -1 2,13 0.001 1 -1 2,14 0.001 1 1 73.026 350 14,0 0.001 1 1 13,2 0.001 1 0 14,1 0.001 0 1 121.058 455 13,13 0.001 0 -1 13,14 0.001 -1 -1 14,14 0.001 -1 1 35.0266 290 ::f,3,3 f,3,15 f,14,3 f,14,12 
192:3,1 0.001 1 -1 2,0 0.001 1 1 1,2 0.001 -1 -1 18.0469 185 1,13 0.001 1 0 2,13 0.001 1 -1 2,14 0.001 1 1 82.0261 365 15,1 0.001 1 1 13,2 0.001 1 1 14,2 0.001 0 1 121.06 455 13,13 0.001 0 -1 13,14 0.001 0 -1 14,14 0.001 -1 0 35.0266 290 ::f,2,12 f,3,3 f,14,3 f,14,12 
193:3,1 0.001 1 -1 2,0 0.001 1 1 1,2 0.001 -1 -1 18.0469 185 1,13 0.001 1 0 2,13 0.001 1 0 2,14 0.001 0 1 82.0261 365 15,1 0.001 1 1 13,2 0.001 1 1 14,2 0.001 0 1 130.06 470 13,13 0.001 1 -1 13,14 0.001 0 -1 14,14 0.001 -1 0 35.0266 290 ::f,2,12 f,3,3 f,12,3 f,14,12 
194:3,1 0.001 1 -1 2,0 0.001 1 1 1,2 0.001 0 -1 18.0469 185 1,13 0.001 1 0 2,13 0.001 1 0 2,14 0.001 0 1 82.0261 365 15,1 0.001 0 1 13,2 0.001 0 1 14,2 0.001 -1 1 130.06 470 13,13 0.001 1 -1 13,14 0.001 0 -1 14,14 0.001 -1 0 40.0267 305 ::f,2,12 f,3,3 f,12,3 f,14,15 
195:3,1 0.001 1 -1 2,0 0.001 0 1 1,1 0.001 0 -1 18.0479 185 1,13 0.001 1 1 2,13 0.001 1 1 2,14 0.001 -1 1 82.0261 365 15,2 0.001 0 1 13,2 0.001 0 1 14,2 0.001 -1 1 130.061 470 13,13 0.001 1 0 13,14 0.001 1 -1 14,14 0.001 -1 -1 40.0267 305 ::f,2,12 f,3,3 f,12,3 f,14,15 
196:3,1 0.001 1 -1 2,0 0.001 0 1 1,1 0.001 0 -1 18.0479 185 1,13 0.001 1 1 2,13 0.001 1 1 2,14 0.001 -1 1 82.0261 365 15,2 0.001 0 1 13,2 0.001 -1 1 14,2 0.001 -1 0 130.061 470 14,13 0.001 1 0 13,14 0.001 1 -1 14,14 0.001 -1 -1 40.0277 305 ::f,2,12 f,3,3 f,12,3 f,14,15 
197:3,1 0.001 1 -1 2,0 0.001 -1 1 1,1 0.001 1 -1 18.0479 185 1,13 0.001 0 1 2,13 0.001 0 1 2,14 0.001 -1 0 82.0261 365 15,2 0.001 -1 1 13,2 0.001 -1 1 14,2 0.001 -1 0 140.061 485 14,13 0.001 1 0 13,14 0.001 1 0 14,14 0.001 0 -1 40.0277 305 ::f,2,12 f,3,3 f,14,3 f,14,15 
198:3,1 0.001 1 -1 2,0 0.001 -1 1 1,1 0.001 1 -1 18.0479 185 1,13 0.001 0 1 2,13 0.001 0 1 1,14 0.001 -1 0 82.0271 365 15,2 0.001 -1 1 13,2 0.001 -1 0 14,2 0.001 -1 0 140.061 485 14,13 0.001 1 1 13,14 0.001 1 0 14,14 0.001 0 -1 40.0277 305 ::f,2,12 f,3,3 f,14,3 f,14,15 
199:3,1 0.001 1 -1 2,0 0.001 -1 0 1,1 0.001 1 0 18.0479 185 1,13 0.001 -1 1 2,13 0.001 0 1 1,14 0.001 -1 0 82.0271 365 15,2 0.001 -1 1 13,2 0.001 -1 0 14,2 0.001 -1 -1 150.061 500 14,13 0.001 1 1 13,14 0.001 1 1 14,14 0.001 1 -1 40.0277 305 ::f,2,12 f,3,3 f,14,1 f,14,15 
200:3,1 0.001 1 -1 2,0 0.001 -1 0 2,1 0.001 1 0 18.0489 185 1,13 0.001 -1 1 2,13 0.001 -1 1 1,14 0.001 -1 -1 82.0271 365 15,2 0.001 -1 0 13,2 0.001 -1 -1 14,2 0.001 -1 -1 150.061 500 14,13 0.001 0 1 13,14 0.001 1 1 14,14 0.001 1 -1 46.0278 320 ::f,2,12 f,3,3 f,14,1 f,14,15 
201:3,1 0.001 1 -1 2,0 0.001 -1 -1 2,1 0.001 1 0 18.0489 185 1,13 0.001 -1 0 2,13 0.001 -1 1 1,14 0.001 -1 -1 82.0271 365 15,2 0.001 -1 0 13,2 0.001 -1 -1 14,2 0.001 0 -1 150.061 500 14,13 0.001 0 1 13,14 0.001 0 1 14,14 0.001 1 0 46.0278 320 ::f,2,12 f,3,3 f,14,1 f,14,15 
202:3,1 0.001 1 -1 2,0 0.001 -1 -1 2,1 0.001 1 1 18.0489 185 1,13 0.001 -1 0 2,13 0.001 -1 0 1,14 0.001 0 -1 82.0271 365 15,2 0.001 -1 -1 13,2 0.001 0 -1 14,2 0.001 0 -1 155.061 515 14,13 0.001 0 1 13,14 0.001 0 1 14,14 0.001 1 0 46.0278 320 ::f,2,12 f,3,3 f,12,2 f,14,15 
203:3,1 0.001 1 -1 2,0 0.001 0 -1 2,1 0.001 1 1 18.0489 185 1,13 0.001 -1 -1 2,13 0.001 -1 0 1,14 0.001 0 -1 82.0271 365 15,2 0.001 -1 -1 13,1 0.001 0 -1 14,2 0.001 1 -1 155.062 515 14,13 0.001 -1 1 13,14 0.001 -1 1 14,14 0.001 1 1 46.0278 320 ::f,2,12 f,3,3 f,12,2 f,14,15 
204:3,1 0.001 1 -1 2,0 0.001 0 -1 2,1 0.001 0 1 18.0489 185 1,13 0.001 -1 -1 2,13 0.001 -1 -1 1,14 0.001 0 -1 82.0271 365 15,2 0.001 0 -1 13,1 0.001 0 -1 14,2 0.001 1 -1 155.062 515 14,13 0.001 -1 1 13,14 0.001 -1 1 14,14 0.001 1 1 46.0278 320 ::f,2,12 f,3,3 f,12,2 f,14,15 
205:3,1 0.001 1 -1 2,0 0.001 1 -1 2,2 0.001 0 1 18.0499 185 1,13 0.001 0 -1 2,13 0.001 -1 -1 1,14 0.001 1 -1 82.0271 365 15,2 0.001 0 -1 13,1 0.001 1 -1 14,2 0.001 1 0 155.062 515 14,13 0.001 -1 0 13,14 0.001 -1 0 14,14 0.001 0 1 46.0278 320 ::f,2,12 f,3,3 f,12,2 f,14,15 
206:3,1 0.001 1 -1 2,0 0.001 1 -1 2,2 0.001 0 1 18.0499 185 1,13 0.001 0 -1 2,13 0.001 0 -1 1,14 0.001 1 -1 82.0271 365 15,2 0.001 1 -1 13,1 0.001 1 -1 14,2 0.001 1 0 155.062 515 14,13 0.001 -1 0 13,14 0.001 -1 0 14,14 0.001 0 1 51.0279 335 ::f,2,12 f,3,3 f,12,2 f,13,12 
207:3,1 0.001 1 -1 2,0 0.001 1 0 2,2 0.001 -1 1 18.0499 185 1,13 0.001 1 -1 2,13 0.001 0 -1 1,14 0.001 1 0 84.0272 380 15,2 0.001 1 -1 13,1 0.001 1 0 14,2 0.001 1 1 155.062 515 14,13 0.001 -1 -1 13,14 0.001 -1 -1 14,14 0.001 -1 1 51.0279 335 ::f,3,3 f,3,13 f,12,2 f,13,12 
208:3,1 0.001 1 -1 2,0 0.001 1 0 2,2 0.001 -1 1 18.0499 185 1,13 0.001 1 -1 2,13 0.001 1 -1 1,14 0.001 1 0 84.0272 380 15,2 0.001 1 0 14,1 0.001 1 0 14,2 0.001 1 1 155.063 515 14,13 0.001 -1 -1 13,14 0.001 -1 -1 14,14 0.001 -1 1 57.028 350 ::f,3,3 f,3,13 f,12,2 f,15,12 
209:3,1 0.001 1 -1 2,0 0.001 1 1 2,2 0.001 -1 0 18.0499 185 1,13 0.001 1 0 2,13 0.001 1 -1 1,14 0.001 1 1 84.0272 380 15,2 0.001 1 0 14,1 0.001 1 0 14,2 0.001 0 1 155.063 515 14,13 0.001 0 -1 13,14 0.001 0 -1 14,14 0.001 -1 0 57.028 350 ::f,3,3 f,3,13 f,12,2 f,15,12 
210:3,1 0.001 1 -1 2,0 0.001 1 1 1,2 0.001 -1 0 18.0509 185 1,13 0.001 1 0 2,13 0.001 1 0 1,14 0.001 1 1 84.0272 380 15,2 0.001 1 1 14,1 0.001 1 1 14,2 0.001 0 1 155.063 515 14,13 0.001 0 -1 13,13 0.001 0 -1 13,14 0.001 -1 0 57.03 350 ::f,3,3 f,3,13 f,12,2 f,15,12 
211:3,1 0.001 1 -1 2,0 0.001 1 1 1,2 0.001 -1 0 18.0509 185 1,13 0.001 1 0 2,13 0.001 1 0 1,14 0.001 0 1 87.0273 395 15,2 0.001 1 1 14,1 0.001 1 1 14,2 0.001 -1 1 155.063 515 14,13 0.001 1 -1 13,13 0.001 0 -1 13,14 0.001 -1 0 57.03 350 ::f,3,3 f,3,14 f,12,2 f,15,12 
212:3,1 0.001 1 -1 2,0 0.001 0 1 1,2 0.001 -1 -1 18.0509 185 1,13 0.001 1 1 2,13 0.001 1 1 1,14 0.001 0 1 87.0273 395 15,2 0.001 0 1 14,1 0.001 0 1 14,2 0.001 -1 1 155.063 515 14,13 0.001 1 -1 13,13 0.001 1 -1 13,14 0.001 -1 -1 64.0301 365 ::f,3,3 f,3,14 f,12,2 f,15,14 
213:3,1 0.001 1 -1 2,1 0.001 0 1 1,2 0.001 -1 -1 18.0519 185 1,13 0.001 0 1 2,13 0.001 1 1 1,14 0.001 -1 1 91.0274 410 15,2 0.001 0 1 14,1 0.001 0 1 14,2 0.001 -1 0 155.063 515 14,13 0.001 1 0 13,13 0.001 1 -1 13,14 0.001 -1 -1 64.0301 365 ::f,2,15 f,3,3 f,12,2 f,15,14 
214:3,1 0.001 1 -1 2,1 0.001 0 1 1,2 0.001 0 -1 18.0519 185 1,13 0.001 0 1 2,13 0.001 0 1 1,14 0.001 -1 1 91.0274 410 15,2 0.001 -1 1 14,1 0.001 0 1 13,2 0.001 -1 0 155.064 515 14,13 0.001 1 0 13,13 0.001 1 0 13,14 0.001 0 -1 64.0301 365 ::f,2,15 f,3,3 f,12,2 f,15,14 
215:3,1 0.001 1 -1 2,1 0.001 -1 1 1,1 0.001 0 -1 18.0529 185 1,13 0.001 -1 1 2,14 0.001 0 1 1,14 0.001 -1 0 91.0284 410 14,3 0.001 -1 1 14,2 0.001 0 1 13,2 0.001 -1 0 161.066 530 14,13 0.001 1 1 13,13 0.001 1 0 13,14 0.001 0 -1 64.0301 365 ::f,2,15 f,3,3 f,15,3 f,15,14 
216:3,1 0.001 1 -1 2,1 0.001 -1 1 1,1 0.001 0 -1 18.0529 185 1,13 0.001 -1 1 2,14 0.001 0 1 1,14 0.001 -1 0 96.0285 425 14,3 0.001 -1 1 14,2 0.001 0 1 13,2 0.001 -1 -1 161.066 530 14,13 0.001 1 1 13,13 0.001 1 0 13,14 0.001 0 -1 72.0302 380 ::f,3,3 f,3,14 f,14,12 f,15,3 
217:3,1 0.001 1 -1 2,1 0.001 -1 0 1,1 0.001 1 -1 18.0529 185 1,13 0.001 -1 0 2,14 0.001 -1 1 1,14 0.001 -1 -1 96.0285 425 14,3 0.001 -1 0 14,2 0.001 -1 1 13,2 0.001 -1 -1 161.066 530 14,13 0.001 0 1 13,13 0.001 1 1 13,14 0.001 1 -1 72.0302 380 ::f,3,3 f,3,14 f,14,12 f,15,3 
218:3,1 0.001 1 -1 2,1 0.001 -1 0 1,1 0.001 1 -1 18.0529 185 1,13 0.001 -1 0 2,14 0.001 -1 1 1,14 0.001 -1 -1 96.0285 425 13,3 0.001 -1 0 14,2 0.001 -1 1 13,2 0.001 0 -1 161.067 530 14,14 0.001 0 1 13,13 0.001 1 1 13,14 0.001 1 -1 72.0312 380 ::f,3,3 f,3,14 f,14,12 f,15,3 
219:3,1 0.001 1 -1 2,1 0.001 -1 -1 1,1 0.001 1 0 18.0529 185 1,13 0.001 -1 -1 2,14 0.001 -1 0 1,14 0.001 0 -1 96.0285 425 13,3 0.001 -1 0 14,2 0.001 -1 0 13,1 0.001 0 -1 161.068 530 14,14 0.001 0 1 13,13 0.001 0 1 13,14 0.001 1 0 72.0312 380 ::f,3,3 f,3,14 f,14,12 f,15,3 
220:3,1 0.001 1 -1 2,1 0.001 -1 -1 1,1 0.001 1 0 18.0529 185 1,13 0.001 -1 -1 2,14 0.001 -1 0 1,14 0.001 0 -1 96.0285 425 13,3 0.001 -1 -1 13,2 0.001 -1 0 13,1 0.001 0 -1 161.069 530 14,14 0.001 -1 1 13,13 0.001 0 1 13,14 0.001 1 0 72.0312 380 ::f,3,3 f,3,14 f,14,12 f,15,3 
221:3,1 0.001 1 -1 2,1 0.001 0 -1 1,1 0.001 1 0 18.0529 185 1,13 0.001 0 -1 2,14 0.001 -1 0 1,14 0.001 0 -1 96.0285 425 12,2 0.001 -1 -1 13,2 0.001 -1 0 13,1 0.001 1 -1 161.07 530 14,14 0.001 -1 1 13,13 0.001 -1 1 13,14 0.001 1 1 72.0312 380 ::f,3,3 f,3,14 f,14,12 f,15,3 
222:3,1 0.001 1 -1 2,1 0.001 0 -1 1,1 0.001 1 1 18.0529 185 1,13 0.001 0 -1 2,14 0.001 -1 -1 1,14 0.001 1 -1 96.0285 425 12,2 0.001 -1 -1 13,2 0.001 -1 -1 13,1 0.001 1 -1 161.07 530 14,14 0.001 -1 0 13,13 0.001 -1 1 13,14 0.001 1 1 72.0312 380 ::f,3,3 f,3,14 f,14,12 f,15,3 
223:3,1 0.001 1 -1 2,1 0.001 1 -1 1,1 0.001 1 1 18.0529 185 1,13 0.001 1 -1 2,14 0.001 -1 -1 1,14 0.001 1 -1 96.0285 425 12,2 0.001 0 -1 13,2 0.001 -1 -1 13,1 0.001 1 0 161.07 530 14,14 0.001 -1 0 13,13 0.001 -1 0 13,14 0.001 0 1 72.0312 380 ::f,3,3 f,3,14 f,14,12 f,15,3 
224:3,1 0.001 1 -1 2,1 0.001 1 -1 1,1 0.001 0 1 18.0529 185 1,13 0.001 1 -1 2,14 0.001 0 -1 1,14 0.001 1 0 96.0285 425 12,1 0.001 0 -1 13,2 0.001 0 -1 14,1 0.001 1 0 161.072 530 14,14 0.001 -1 0 13,13 0.001 -1 0 13,14 0.001 0 1 72.0312 380 ::f,3,3 f,3,14 f,14,12 f,15,3 
225:3,1 0.001 1 -1 2,1 0.001 1 0 1,1 0.001 0 1 18.0529 185 1,13 0.001 1 0 2,14 0.001 0 -1 1,14 0.001 1 0 96.0285 425 12,1 0.001 0 -1 13,1 0.001 0 -1 14,1 0.001 1 0 161.073 530 14,14 0.001 -1 -1 13,13 0.001 -1 -1 13,14 0.001 -1 1 72.0312 380 ::f,3,3 f,3,14 f,14,12 f,15,3 
226:3,1 0.001 1 -1 2,1 0.001 1 0 1,1 0.001 -1 1 18.0529 185 2,13 0.001 1 0 2,14 0.001 1 -1 1,14 0.001 1 0 96.0295 425 12,1 0.001 1 -1 13,1 0.001 0 -1 14,1 0.001 1 1 161.073 530 14,14 0.001 -1 -1 13,13 0.001 -1 -1 13,14 0.001 -1 1 72.0312 380 ::f,3,3 f,3,14 f,14,12 f,15,3 
227:3,1 0.001 1 -1 2,1 0.001 1 1 1,1 0.001 -1 1 18.0529 185 2,13 0.001 1 0 2,14 0.001 1 -1 1,14 0.001 1 1 96.0295 425 13,0 0.001 1 -1 13,1 0.001 1 -1 14,1 0.001 1 1 161.074 530 14,14 0.001 0 -1 13,13 0.001 0 -1 13,14 0.001 -1 0 72.0312 380 ::f,3,3 f,3,14 f,14,12 f,15,3 
228:3,1 0.001 1 -1 3,2 0.001 1 1 1,1 0.001 -1 0 18.0539 185 2,13 0.001 1 1 2,14 0.001 1 0 1,14 0.001 1 1 96.0295 425 13,0 0.001 1 -1 13,1 0.001 1 -1 14,1 0.001 0 1 161.074 530 14,13 0.001 0 -1 13,13 0.001 0 -1 13,14 0.001 -1 0 72.0322 380 ::f,3,3 f,3,14 f,14,12 f,15,3 
229:3,1 0.001 1 -1 3,2 0.001 1 1 1,1 0.001 -1 0 18.0539 185 2,13 0.001 1 1 2,14 0.001 1 0 1,14 0.001 0 1 105.03 440 13,0 0.001 1 0 13,1 0.001 1 0 14,2 0.001 0 1 161.075 530 14,13 0.001 0 -1 13,13 0.001 1 -1 13,14 0.001 -1 -1 81.0323 395 ::f,0,15 f,3,3 f,15,3 f,15,15 
230:3,1 0.001 1 -1 3,2 0.001 0 1 1,1 0.001 -1 -1 18.0539 185 2,13 0.001 0 1 2,14 0.001 1 1 1,14 0.001 0 1 105.03 440 14,0 0.001 1 0 14,1 0.001 1 0 14,2 0.001 0 1 161.077 530 14,13 0.001 1 -1 13,13 0.001 1 -1 13,14 0.001 -1 -1 81.0323 395 ::f,0,15 f,3,3 f,15,3 f,15,15 
231:3,1 0.001 1 -1 3,2 0.001 0 1 1,1 0.001 -1 -1 21.054 200 2,13 0.001 0 1 2,14 0.001 1 1 1,14 0.001 -1 1 105.03 440 14,0 0.001 1 0 14,1 0.001 1 0 14,2 0.001 -1 1 161.077 530 14,13 0.001 1 -1 13,13 0.001 1 0 13,14 0.001 0 -1 81.0323 395 ::f,0,15 f,2,2 f,15,3 f,15,15 
232:3,1 0.001 1 -1 3,2 0.001 -1 1 1,1 0.001 0 -1 21.054 200 2,13 0.001 0 1 2,14 0.001 0 1 1,14 0.001 -1 1 115.03 455 14,0 0.001 1 1 14,1 0.001 1 1 14,2 0.001 -1 1 161.077 530 14,13 0.001 1 0 13,13 0.001 1 0 13,14 0.001 0 -1 81.0323 395 ::f,0,12 f,2,2 f,15,3 f,15,15 
233:3,1 0.001 1 -1 2,3 0.001 -1 1 1,1 0.001 0 -1 21.055 200 2,13 0.001 -1 1 2,14 0.001 0 1 1,14 0.001 -1 0 115.03 455 15,1 0.001 1 1 14,1 0.001 1 1 14,2 0.001 -1 0 161.078 530 14,13 0.001 1 0 13,13 0.001 1 0 13,14 0.001 0 -1 81.0323 395 ::f,0,12 f,2,2 f,15,3 f,15,15 
234:3,1 0.001 1 -1 2,3 0.001 -1 1 1,1 0.001 1 -1 21.055 200 2,13 0.001 -1 1 2,14 0.001 -1 1 1,14 0.001 -1 0 115.03 455 15,1 0.001 1 1 14,1 0.001 0 1 13,2 0.001 -1 0 161.079 530 14,13 0.001 1 1 13,13 0.001 1 1 13,14 0.001 1 -1 81.0323 395 ::f,0,12 f,2,2 f,15,3 f,15,15 
235:3,1 0.001 1 -1 2,3 0.001 -1 0 1,1 0.001 1 -1 21.055 200 2,13 0.001 -1 0 2,14 0.001 -1 1 1,14 0.001 -1 -1 115.03 455 15,1 0.001 0 1 14,2 0.001 0 1 13,2 0.001 -1 0 161.08 530 14,13 0.001 1 1 14,14 0.001 1 1 13,14 0.001 1 -1 81.0333 395 ::f,0,12 f,2,2 f,15,3 f,15,15 
236:3,1 0.001 1 -1 1,3 0.001 -1 0 1,1 0.001 1 0 21.056 200 2,13 0.001 -1 0 2,14 0.001 -1 0 1,14 0.001 -1 -1 115.03 455 15,2 0.001 0 1 14,2 0.001 0 1 13,2 0.001 -1 -1 161.081 530 14,13 0.001 0 1 14,14 0.001 1 1 13,14 0.001 1 -1 88.0334 410 ::f,0,12 f,2,2 f,15,3 f,15,12 
237:3,1 0.001 1 -1 1,3 0.001 -1 0 2,1 0.001 1 0 21.057 200 2,13 0.001 -1 -1 2,14 0.001 -1 0 1,14 0.001 0 -1 115.03 455 15,2 0.001 0 1 14,2 0.001 -1 1 13,2 0.001 -1 -1 171.081 545 14,13 0.001 0 1 14,14 0.001 0 1 13,14 0.001 1 -1 88.0334 410 ::f,0,12 f,2,2 f,12,0 f,15,12 
238:3,1 0.001 1 -1 1,3 0.001 -1 -1 2,1 0.001 1 0 21.057 200 2,13 0.001 -1 -1 2,14 0.001 -1 0 1,13 0.001 0 -1 115.031 455 15,2 0.001 -1 1 14,2 0.001 -1 1 13,2 0.001 0 -1 171.081 545 14,13 0.001 0 1 14,14 0.001 0 1 13,14 0.001 1 0 88.0334 410 ::f,0,12 f,2,2 f,12,0 f,15,12 
239:3,1 0.001 1 -1 0,2 0.001 -1 -1 2,1 0.001 1 1 21.058 200 2,13 0.001 0 -1 2,14 0.001 -1 -1 1,13 0.001 0 -1 115.031 455 14,3 0.001 -1 1 14,2 0.001 -1 0 13,1 0.001 0 -1 171.083 545 14,13 0.001 -1 1 14,14 0.001 -1 1 13,14 0.001 1 0 88.0334 410 ::f,0,12 f,2,2 f,12,0 f,15,12 
240:3,1 0.001 1 -1 0,2 0.001 -1 -1 2,1 0.001 1 1 21.058 200 2,13 0.001 0 -1 2,14 0.001 -1 -1 1,13 0.001 1 -1 115.031 455 14,3 0.001 -1 1 13,2 0.001 -1 0 13,1 0.001 0 -1 171.084 545 14,13 0.001 -1 1 14,14 0.001 -1 1 13,14 0.001 1 1 88.0334 410 ::f,0,12 f,2,2 f,12,0 f,15,12 
241:3,1 0.001 1 -1 0,2 0.001 0 -1 2,1 0.001 0 1 21.058 200 2,13 0.001 1 -1 2,14 0.001 -1 -1 1,13 0.001 1 -1 115.031 455 14,3 0.001 -1 0 13,2 0.001 -1 0 13,1 0.001 1 -1 171.084 545 14,13 0.001 -1 0 14,14 0.001 -1 0 13,14 0.001 1 1 88.0334 410 ::f,0,12 f,2,2 f,12,0 f,15,12 
242:3,1 0.001 1 -1 0,1 0.001 0 -1 2,1 0.001 0 1 21.059 200 2,13 0.001 1 -1 2,14 0.001 0 -1 1,13 0.001 1 0 115.031 455 13,3 0.001 -1 0 13,2 0.001 -1 -1 13,1 0.001 1 -1 171.085 545 14,13 0.001 -1 0 14,14 0.001 -1 0 13,14 0.001 0 1 88.0334 410 ::f,0,12 f,2,2 f,12,0 f,15,12 
243:3,1 0.001 1 -1 0,1 0.001 0 -1 2,1 0.001 0 1 27.0591 215 2,13 0.001 1 0 2,14 0.001 0 -1 1,13 0.001 1 0 115.031 455 13,3 0.001 -1 0 13,2 0.001 -1 -1 13,1 0.001 1 0 171.085 545 14,13 0.001 -1 -1 14,14 0.001 -1 0 13,14 0.001 0 1 88.0334 410 ::f,0,12 f,1,3 f,12,0 f,15,12 
244:3,1 0.001 1 -1 0,1 0.001 1 -1 2,1 0.001 -1 1 27.0591 215 2,13 0.001 1 0 2,14 0.001 1 -1 1,13 0.001 1 0 115.031 455 13,3 0.001 -1 -1 13,2 0.001 0 -1 14,1 0.001 1 0 171.086 545 14,13 0.001 -1 -1 14,14 0.001 -1 -1 13,14 0.001 -1 1 88.0334 410 ::f,0,12 f,1,3 f,12,0 f,15,12 
245:3,1 0.001 1 -1 1,0 0.001 1 -1 2,1 0.001 -1 1 27.0601 215 2,13 0.001 1 1 2,14 0.001 1 -1 1,13 0.001 1 1 115.031 455 12,2 0.001 -1 -1 13,1 0.001 0 -1 14,1 0.001 1 0 171.088 545 14,13 0.001 0 -1 14,14 0.001 -1 -1 13,14 0.001 -1 1 88.0334 410 ::f,0,12 f,1,3 f,12,0 f,15,12 
246:3,1 0.001 1 -1 1,0 0.001 1 -1 2,1 0.001 -1 0 27.0601 215 2,13 0.001 1 1 2,14 0.001 1 0 1,13 0.001 1 1 115.031 455 12,2 0.001 -1 -1 13,1 0.001 0 -1 14,1 0.001 1 1 171.088 545 14,13 0.001 0 -1 14,14 0.001 0 -1 13,14 0.001 -1 0 88.0334 410 ::f,0,12 f,1,3 f,12,0 f,15,12 
247:3,1 0.001 1 -1 1,0 0.001 1 0 2,1 0.001 -1 0 27.0601 215 2,13 0.001 0 1 2,14 0.001 1 0 1,13 0.001 0 1 115.031 455 12,2 0.001 0 -1 13,1 0.001 1 -1 14,1 0.001 1 1 171.088 545 14,13 0.001 1 -1 14,14 0.001 0 -1 13,14 0.001 -1 0 88.0334 410 ::f,0,12 f,1,3 f,12,0 f,15,12 
248:3,1 0.001 1 -1 2,0 0.001 1 0 2,1 0.001 -1 -1 27.0611 215 2,13 0.001 0 1 2,14 0.001 1 1 1,13 0.001 0 1 115.031 455 12,1 0.001 0 -1 13,1 0.001 1 -1 14,1 0.001 0 1 171.089 545 14,13 0.001 1 -1 14,14 0.001 1 -1 13,14 0.001 -1 -1 98.0335 425 ::f,0,12 f,1,3 f,12,0 f,12,12 
249:3,1 0.001 1 -1 2,0 0.001 1 0 2,1 0.001 -1 -1 27.0611 215 2,13 0.001 0 1 2,14 0.001 1 1 1,13 0.001 -1 1 115.031 455 12,1 0.001 0 -1 13,1 0.001 1 0 14,2 0.001 0 1 181.09 560 14,13 0.001 1 0 14,14 0.001 1 -1 13,14 0.001 -1 -1 98.0335 425 ::f,0,12 f,1,3 f,12,2 f,12,12 
250:3,1 0.001 1 -1 2,0 0.001 1 1 2,1 0.001 0 -1 27.0611 215 2,13 0.001 -1 1 2,14 0.001 0 1 1,13 0.001 -1 1 115.031 455 12,1 0.001 1 -1 14,1 0.001 1 0 14,2 0.001 0 1 181.091 560 14,13 0.001 1 0 14,14 0.001 1 0 13,14 0.001 0 -1 98.0335 425 ::f,0,12 f,1,3 f,12,2 f,12,12 
251:3,1 0.001 1 -1 2,0 0.001 1 1 2,1 0.001 0 -1 27.0611 215 2,13 0.001 -1 1 2,14 0.001 0 1 1,13 0.001 -1 0 115.031 455 13,0 0.001 1 -1 14,1 0.001 1 0 14,2 0.001 -1 1 181.092 560 14,13 0.001 1 1 14,14 0.001 1 0 13,13 0.001 0 -1 98.0345 425 ::f,0,12 f,1,3 f,12,2 f,12,12 
252:3,1 0.001 1 -1 2,0 0.001 1 1 2,1 0.001 1 -1 27.0611 215 2,13 0.001 -1 0 2,14 0.001 -1 1 1,13 0.001 -1 0 115.031 455 13,0 0.001 1 -1 14,1 0.001 1 1 14,2 0.001 -1 1 181.092 560 14,13 0.001 1 1 14,14 0.001 1 1 13,13 0.001 0 -1 98.0345 425 ::f,0,12 f,1,3 f,12,2 f,12,12 
253:3,1 0.001 1 -1 2,0 0.001 0 1 2,1 0.001 1 -1 27.0611 215 2,13 0.001 -1 0 2,14 0.001 -1 1 1,13 0.001 -1 -1 115.031 455 13,0 0.001 1 0 14,1 0.001 1 1 14,2 0.001 -1 0 181.092 560 14,13 0.001 0 1 14,14 0.001 1 1 13,13 0.001 1 -1 98.0345 425 ::f,0,12 f,1,3 f,12,2 f,12,12 
254:3,1 0.001 1 -1 2,0 0.001 0 1 2,1 0.001 1 0 27.0611 215 2,13 0.001 -1 -1 2,14 0.001 -1 0 1,13 0.001 -1 -1 125.031 470 14,0 0.001 1 0 14,1 0.001 0 1 13,2 0.001 -1 0 181.094 560 14,13 0.001 0 1 14,14 0.001 0 1 13,13 0.001 1 -1 98.0345 425 ::f,1,3 f,2,12 f,12,2 f,12,12 
255:3,1 0.001 1 -1 2,0 0.001 -1 1 2,1 0.001 1 0 27.0611 215 2,13 0.001 -1 -1 1,14 0.001 -1 0 1,13 0.001 0 -1 125.032 470 14,0 0.001 1 0 14,2 0.001 0 1 13,2 0.001 -1 0 188.096 575 14,13 0.001 0 1 14,14 0.001 0 1 13,13 0.001 1 0 98.0345 425 ::f,1,3 f,2,12 f,12,12 f,15,3 
256:3,1 0.001 1 -1 2,0 0.001 -1 1 2,1 0.001 1 1 27.0611 215 2,13 0.001 0 -1 1,14 0.001 -1 0 1,13 0.001 0 -1 125.032 470 14,0 0.001 1 1 14,2 0.001 0 1 13,2 0.001 -1 -1 188.096 575 14,13 0.001 -1 1 14,14 0.001 -1 1 13,13 0.001 1 0 98.0345 425 ::f,1,3 f,2,12 f,12,12 f,15,3 
257:3,1 0.001 1 -1 2,0 0.001 -1 0 2,1 0.001 1 1 27.0611 215 2,13 0.001 0 -1 1,14 0.001 -1 -1 1,13 0.001 1 -1 135.032 485 15,1 0.001 1 1 14,2 0.001 -1 1 13,2 0.001 -1 -1 188.097 575 14,13 0.001 -1 1 14,14 0.001 -1 1 13,13 0.001 1 0 98.0345 425 ::f,1,3 f,1,12 f,12,12 f,15,3 
258:3,1 0.001 1 -1 2,0 0.001 -1 0 2,1 0.001 0 1 27.0611 215 2,13 0.001 1 -1 1,14 0.001 -1 -1 1,13 0.001 1 -1 135.032 485 15,1 0.001 1 1 14,2 0.001 -1 1 13,2 0.001 0 -1 188.097 575 14,13 0.001 -1 0 14,14 0.001 -1 0 13,13 0.001 1 1 98.0345 425 ::f,1,3 f,1,12 f,12,12 f,15,3 
259:3,1 0.001 1 -1 2,0 0.001 -1 -1 2,2 0.001 0 1 27.0621 215 2,13 0.001 1 -1 1,14 0.001 0 -1 1,13 0.001 1 0 135.032 485 15,1 0.001 0 1 14,2 0.001 -1 0 13,1 0.001 0 -1 188.098 575 14,13 0.001 -1 0 13,14 0.001 -1 0 13,13 0.001 1 1 98.0355 425 ::f,1,3 f,1,12 f,12,12 f,15,3 
260:3,1 0.001 1 -1 2,0 0.001 -1 -1 2,2 0.001 0 1 27.0621 215 2,13 0.001 1 0 1,14 0.001 0 -1 1,13 0.001 1 0 135.032 485 15,2 0.001 0 1 13,2 0.001 -1 0 13,1 0.001 0 -1 188.1 575 14,13 0.001 -1 -1 13,14 0.001 -1 0 13,13 0.001 0 1 98.0355 425 ::f,1,3 f,1,12 f,12,12 f,15,3 
261:3,1 0.001 1 -1 2,0 0.001 0 -1 2,2 0.001 -1 1 27.0621 215 2,13 0.001 1 0 1,14 0.001 0 -1 1,13 0.001 1 0 135.032 485 15,2 0.001 0 1 13,2 0.001 -1 0 13,1 0.001 1 -1 198.1 590 14,13 0.001 -1 -1 13,14 0.001 -1 -1 13,13 0.001 0 1 98.0355 425 ::f,1,3 f,1,12 f,12,12 f,14,3 
262:3,1 0.001 1 -1 2,0 0.001 0 -1 2,2 0.001 -1 1 34.0622 230 2,13 0.001 1 1 1,14 0.001 1 -1 1,13 0.001 1 1 135.032 485 15,2 0.001 -1 1 13,2 0.001 -1 -1 13,1 0.001 1 -1 198.1 590 14,13 0.001 0 -1 13,14 0.001 -1 -1 13,13 0.001 -1 1 98.0355 425 ::f,1,12 f,3,2 f,12,12 f,14,3 
263:3,1 0.001 1 -1 2,0 0.001 1 -1 2,2 0.001 -1 0 34.0622 230 2,13 0.001 1 1 1,14 0.001 1 -1 1,13 0.001 1 1 135.032 485 15,2 0.001 -1 1 13,2 0.001 -1 -1 13,1 0.001 1 0 198.1 590 14,13 0.001 0 -1 13,14 0.001 0 -1 13,13 0.001 -1 1 98.0355 425 ::f,1,12 f,3,2 f,12,12 f,14,3 
264:3,1 0.001 1 -1 2,0 0.001 1 -1 1,2 0.001 -1 0 34.0632 230 2,13 0.001 0 1 1,14 0.001 1 0 1,13 0.001 0 1 135.032 485 15,2 0.001 -1 1 13,2 0.001 0 -1 14,1 0.001 1 0 208.101 605 14,13 0.001 1 -1 13,14 0.001 0 -1 13,13 0.001 -1 0 98.0355 425 ::f,1,12 f,3,2 f,12,12 f,13,0 
265:3,1 0.001 1 -1 2,0 0.001 1 0 1,2 0.001 -1 0 34.0632 230 2,14 0.001 0 1 1,14 0.001 1 0 1,13 0.001 0 1 135.033 485 15,2 0.001 -1 0 13,1 0.001 0 -1 14,1 0.001 1 0 208.102 605 14,13 0.001 1 -1 13,14 0.001 0 -1 13,13 0.001 -1 0 98.0355 425 ::f,1,12 f,3,2 f,12,12 f,13,0 
266:3,1 0.001 1 -1 2,0 0.001 1 0 1,2 0.001 -1 -1 34.0632 230 2,14 0.001 0 1 1,14 0.001 1 1 1,13 0.001 -1 1 135.033 485 14,2 0.001 -1 0 13,1 0.001 0 -1 14,1 0.001 1 1 218.103 620 14,13 0.001 1 0 13,14 0.001 1 -1 13,13 0.001 -1 -1 98.0355 425 ::f,1,12 f,3,2 f,12,12 f,15,1 
267:3,1 0.001 1 -1 2,0 0.001 1 1 1,2 0.001 -1 -1 34.0632 230 2,14 0.001 -1 1 1,14 0.001 1 1 1,13 0.001 -1 1 135.033 485 14,2 0.001 -1 0 13,1 0.001 1 -1 14,1 0.001 1 1 218.103 620 14,13 0.001 1 0 13,14 0.001 1 -1 13,13 0.001 -1 -1 104.036 440 ::f,1,12 f,3,2 f,13,15 f,15,1 
268:3,1 0.001 1 -1 2,0 0.001 1 1 1,2 0.001 0 -1 34.0632 230 2,14 0.001 -1 1 1,14 0.001 0 1 1,13 0.001 -1 0 135.033 485 14,2 0.001 -1 -1 13,1 0.001 1 -1 14,1 0.001 0 1 218.103 620 14,13 0.001 1 1 13,14 0.001 1 0 13,13 0.001 0 -1 104.036 440 ::f,1,12 f,3,2 f,13,15 f,15,1 
269:3,1 0.001 1 -1 2,0 0.001 1 1 1,1 0.001 0 -1 34.0642 230 2,14 0.001 -1 0 1,14 0.001 0 1 1,13 0.001 -1 0 135.033 485 14,2 0.001 -1 -1 13,1 0.001 1 0 14,1 0.001 0 1 218.103 620 14,13 0.001 1 1 13,14 0.001 1 0 13,13 0.001 0 -1 104.036 440 ::f,1,12 f,3,2 f,13,15 f,15,1 
270:3,1 0.001 1 -1 2,0 0.001 0 1 1,1 0.001 0 -1 34.0642 230 2,14 0.001 -1 0 1,14 0.001 -1 1 1,13 0.001 -1 -1 135.033 485 14,2 0.001 0 -1 13,1 0.001 1 0 14,1 0.001 0 1 218.103 620 14,13 0.001 0 1 13,14 0.001 1 1 13,13 0.001 1 -1 104.036 440 ::f,1,12 f,3,2 f,13,15 f,15,1 
271:3,1 0.001 1 -1 2,0 0.001 0 1 1,1 0.001 1 -1 34.0642 230 2,14 0.001 -1 0 1,14 0.001 -1 1 1,13 0.001 -1 -1 135.033 485 14,2 0.001 0 -1 13,1 0.001 1 0 14,1 0.001 -1 1 218.103 620 14,14 0.001 0 1 13,14 0.001 1 1 13,13 0.001 1 -1 104.037 440 ::f,1,12 f,3,2 f,13,15 f,15,1 
272:3,1 0.001 1 -1 2,0 0.001 -1 1 1,1 0.001 1 -1 34.0642 230 2,14 0.001 -1 -1 1,14 0.001 -1 0 1,13 0.001 0 -1 135.033 485 14,2 0.001 1 -1 13,1 0.001 1 1 14,1 0.001 -1 1 218.103 620 14,14 0.001 0 1 13,14 0.001 0 1 13,13 0.001 1 0 104.037 440 ::f,1,12 f,3,2 f,13,15 f,15,1 
273:3,1 0.001 1 -1 2,0 0.001 -1 1 1,1 0.001 1 0 34.0642 230 2,14 0.001 -1 -1 1,14 0.001 -1 0 1,13 0.001 0 -1 145.033 500 14,2 0.001 1 -1 13,1 0.001 1 1 14,1 0.001 -1 0 228.103 635 14,14 0.001 -1 1 13,14 0.001 0 1 14,13 0.001 1 0 112.038 455 ::f,2,15 f,3,2 f,12,15 f,15,0 
274:3,1 0.001 1 -1 2,0 0.001 -1 0 2,1 0.001 1 0 34.0652 230 2,14 0.001 0 -1 1,14 0.001 -1 -1 1,13 0.001 1 -1 145.033 500 14,2 0.001 1 0 13,1 0.001 0 1 14,1 0.001 -1 0 228.103 635 14,14 0.001 -1 1 13,14 0.001 -1 1 14,13 0.001 1 0 112.038 455 ::f,2,15 f,3,2 f,12,15 f,15,0 
275:3,1 0.001 1 -1 2,0 0.001 -1 0 2,1 0.001 1 0 34.0652 230 2,14 0.001 0 -1 1,14 0.001 -1 -1 1,13 0.001 1 -1 145.033 500 14,2 0.001 1 0 13,1 0.001 0 1 14,1 0.001 -1 -1 228.103 635 14,14 0.001 -1 0 13,14 0.001 -1 1 14,13 0.001 1 1 121.038 470 ::f,2,15 f,3,2 f,14,15 f,15,0 
276:3,1 0.001 1 -1 2,0 0.001 -1 -1 2,1 0.001 1 1 34.0652 230 2,14 0.001 1 -1 1,14 0.001 0 -1 1,13 0.001 1 0 145.033 500 14,2 0.001 1 1 13,1 0.001 -1 1 14,1 0.001 -1 -1 228.103 635 14,14 0.001 -1 0 13,14 0.001 -1 0 14,13 0.001 1 1 121.038 470 ::f,2,15 f,3,2 f,14,15 f,15,0 
277:3,1 0.001 1 -1 2,0 0.001 -1 -1 2,1 0.001 1 1 42.0653 245 2,14 0.001 1 -1 1,14 0.001 0 -1 2,13 0.001 1 0 145.034 500 14,2 0.001 1 1 13,1 0.001 -1 1 14,1 0.001 0 -1 228.103 635 14,14 0.001 -1 0 13,14 0.001 -1 0 14,13 0.001 0 1 121.038 470 ::f,0,3 f,2,15 f,14,15 f,15,0 
278:3,1 0.001 1 -1 2,0 0.001 0 -1 2,1 0.001 0 1 42.0653 245 2,14 0.001 1 0 1,14 0.001 0 -1 2,13 0.001 1 0 145.034 500 14,2 0.001 0 1 13,1 0.001 -1 0 14,1 0.001 0 -1 228.103 635 14,14 0.001 -1 -1 13,14 0.001 -1 -1 14,13 0.001 0 1 121.038 470 ::f,0,3 f,2,15 f,14,15 f,15,0 
279:3,1 0.001 1 -1 2,0 0.001 0 -1 2,2 0.001 0 1 42.0663 245 2,14 0.001 1 0 1,14 0.001 1 -1 2,13 0.001 1 1 145.034 500 14,2 0.001 0 1 13,1 0.001 -1 0 14,1 0.001 1 -1 228.103 635 14,14 0.001 -1 -1 13,14 0.001 -1 -1 14,13 0.001 0 1 121.038 470 ::f,0,3 f,2,15 f,14,15 f,15,0 
280:3,1 0.001 1 -1 2,0 0.001 1 -1 2,2 0.001 0 1 42.0663 245 2,14 0.001 1 1 1,14 0.001 1 -1 2,13 0.001 1 1 145.034 500 14,2 0.001 -1 1 13,1 0.001 -1 -1 14,1 0.001 1 -1 236.103 650 14,14 0.001 0 -1 13,14 0.001 0 -1 14,13 0.001 -1 1 121.038 470 ::f,0,3 f,2,15 f,14,15 f,15,0 
281:3,1 0.001 1 -1 2,0 0.001 1 -1 2,2 0.001 -1 1 42.0663 245 2,14 0.001 1 1 1,14 0.001 1 0 2,13 0.001 0 1 145.034 500 13,3 0.001 -1 1 13,1 0.001 -1 -1 14,1 0.001 1 0 236.104 650 14,14 0.001 0 -1 13,13 0.001 0 -1 14,13 0.001 -1 1 121.039 470 ::f,0,3 f,2,15 f,14,15 f,15,0 
282:3,1 0.001 1 -1 2,0 0.001 1 0 2,2 0.001 -1 1 42.0663 245 2,14 0.001 0 1 1,14 0.001 1 0 2,13 0.001 0 1 145.034 500 13,3 0.001 -1 1 13,1 0.001 0 -1 14,1 0.001 1 0 236.104 650 14,14 0.001 1 -1 13,13 0.001 0 -1 14,13 0.001 -1 0 121.039 470 ::f,0,3 f,2,15 f,14,15 f,15,0 
283:3,1 0.001 1 -1 2,0 0.001 1 0 2,2 0.001 -1 0 42.0663 245 2,14 0.001 0 1 1,14 0.001 1 1 2,13 0.001 0 1 155.034 515 13,3 0.001 -1 0 13,1 0.001 0 -1 14,1 0.001 1 1 236.104 650 14,14 0.001 1 -1 13,13 0.001 1 -1 14,13 0.001 -1 0 121.039 470 ::f,0,3 f,0,12 f,14,15 f,15,0 
284:3,1 0.001 1 -1 2,0 0.001 1 1 1,2 0.001 -1 0 42.0673 245 2,14 0.001 -1 1 1,14 0.001 1 1 2,13 0.001 -1 1 155.034 515 13,3 0.001 -1 0 13,1 0.001 1 -1 14,1 0.001 1 1 236.104 650 14,14 0.001 1 0 13,13 0.001 1 -1 14,13 0.001 -1 -1 121.039 470 ::f,0,3 f,0,12 f,14,15 f,15,0 
285:3,1 0.001 1 -1 2,0 0.001 1 1 1,2 0.001 -1 0 42.0673 245 2,14 0.001 -1 1 1,14 0.001 0 1 2,13 0.001 -1 1 155.034 515 13,3 0.001 -1 -1 13,1 0.001 1 -1 14,1 0.001 0 1 236.104 650 14,14 0.001 1 0 13,13 0.001 1 0 14,13 0.001 -1 -1 121.039 470 ::f,0,3 f,0,12 f,14,15 f,15,0 
286:3,1 0.001 1 -1 2,0 0.001 1 1 1,2 0.001 -1 -1 42.0673 245 2,14 0.001 -1 0 1,14 0.001 0 1 2,13 0.001 -1 0 155.034 515 12,2 0.001 -1 -1 13,1 0.001 1 0 14,2 0.001 0 1 236.106 650 14,14 0.001 1 1 13,13 0.001 1 0 14,13 0.001 0 -1 121.039 470 ::f,0,3 f,0,12 f,14,15 f,15,0 
287:3,1 0.001 1 -1 2,0 0.001 0 1 1,2 0.001 -1 -1 42.0673 245 2,14 0.001 -1 0 1,14 0.001 -1 1 2,13 0.001 -1 0 155.034 515 12,2 0.001 -1 -1 14,1 0.001 1 0 14,2 0.001 0 1 236.107 650 14,14 0.001 1 1 13,13 0.001 1 0 14,13 0.001 0 -1 121.039 470 ::f,0,3 f,0,12 f,14,15 f,15,0 
288:3,1 0.001 1 -1 2,1 0.001 0 1 1,2 0.001 0 -1 42.0683 245 2,14 0.001 -1 0 1,14 0.001 -1 1 2,13 0.001 -1 -1 155.034 515 12,2 0.001 0 -1 14,1 0.001 1 0 14,2 0.001 -1 1 236.107 650 14,14 0.001 0 1 13,13 0.001 1 1 14,13 0.001 1 -1 121.039 470 ::f,0,3 f,0,12 f,14,15 f,15,0 
289:3,1 0.001 1 -1 2,1 0.001 0 1 1,1 0.001 0 -1 42.0693 245 2,14 0.001 -1 -1 1,14 0.001 -1 0 2,13 0.001 -1 -1 155.034 515 12,1 0.001 0 -1 14,1 0.001 1 1 14,2 0.001 -1 1 236.108 650 14,14 0.001 0 1 13,13 0.001 1 1 14,13 0.001 1 -1 131.039 485 ::f,0,3 f,0,12 f,13,12 f,15,0 
290:3,1 0.001 1 -1 2,1 0.001 -1 1 1,1 0.001 0 -1 42.0693 245 1,13 0.001 -1 -1 1,14 0.001 -1 0 2,13 0.001 0 -1 155.035 515 12,1 0.001 0 -1 14,1 0.001 1 1 14,2 0.001 -1 0 236.108 650 14,14 0.001 -1 1 13,13 0.001 0 1 14,13 0.001 1 0 131.039 485 ::f,0,3 f,0,12 f,13,12 f,15,0 
291:3,1 0.001 1 -1 2,1 0.001 -1 1 1,1 0.001 1 -1 42.0693 245 1,13 0.001 -1 -1 1,14 0.001 -1 -1 2,13 0.001 0 -1 165.035 530 12,1 0.001 1 -1 14,1 0.001 0 1 13,2 0.001 -1 0 236.109 650 14,14 0.001 -1 1 13,13 0.001 0 1 14,13 0.001 1 0 131.039 485 ::f,0,3 f,0,15 f,13,12 f,15,0 
292:3,1 0.001 1 -1 2,1 0.001 -1 0 1,1 0.001 1 -1 42.0693 245 1,13 0.001 0 -1 1,14 0.001 -1 -1 2,13 0.001 1 -1 165.035 530 13,0 0.001 1 -1 14,2 0.001 0 1 13,2 0.001 -1 0 236.111 650 14,14 0.001 -1 0 13,13 0.001 -1 1 14,13 0.001 1 1 131.039 485 ::f,0,3 f,0,15 f,13,12 f,15,0 
293:3,1 0.001 1 -1 2,1 0.001 -1 0 1,1 0.001 1 0 42.0693 245 1,13 0.001 0 -1 1,14 0.001 0 -1 2,13 0.001 1 -1 165.035 530 13,0 0.001 1 -1 14,2 0.001 0 1 13,2 0.001 -1 -1 236.111 650 13,14 0.001 -1 0 13,13 0.001 -1 1 14,13 0.001 1 1 131.04 485 ::f,0,3 f,0,15 f,13,12 f,15,0 
294:3,1 0.001 1 -1 2,1 0.001 -1 -1 1,1 0.001 1 0 42.0693 245 1,13 0.001 1 -1 1,14 0.001 0 -1 2,13 0.001 1 0 165.035 530 13,0 0.001 1 0 14,2 0.001 -1 1 13,2 0.001 -1 -1 236.111 650 13,14 0.001 -1 0 13,13 0.001 -1 0 14,13 0.001 0 1 131.04 485 ::f,0,3 f,0,15 f,13,12 f,15,0 
295:3,1 0.001 1 -1 2,1 0.001 -1 -1 1,1 0.001 1 0 42.0693 245 1,13 0.001 1 -1 1,14 0.001 0 -1 2,13 0.001 1 0 165.035 530 14,0 0.001 1 0 14,2 0.001 -1 1 13,2 0.001 0 -1 236.112 650 13,14 0.001 -1 -1 13,13 0.001 -1 0 14,14 0.001 0 1 131.041 485 ::f,0,3 f,0,15 f,13,12 f,15,0 
296:3,1 0.001 1 -1 2,1 0.001 0 -1 1,1 0.001 1 1 42.0693 245 1,13 0.001 1 0 1,14 0.001 1 -1 2,13 0.001 1 1 165.035 530 14,0 0.001 1 0 14,2 0.001 -1 0 13,1 0.001 0 -1 246.113 665 13,14 0.001 -1 -1 13,13 0.001 -1 -1 14,14 0.001 0 1 131.041 485 ::f,0,3 f,0,15 f,12,3 f,13,12 
297:3,1 0.001 1 -1 2,1 0.001 0 -1 1,1 0.001 1 1 42.0693 245 1,13 0.001 1 0 1,14 0.001 1 -1 2,13 0.001 1 1 165.035 530 14,0 0.001 1 1 13,2 0.001 -1 0 13,1 0.001 0 -1 246.114 665 13,14 0.001 0 -1 13,13 0.001 -1 -1 14,14 0.001 -1 1 131.041 485 ::f,0,3 f,0,15 f,12,3 f,13,12 
298:3,1 0.001 1 -1 2,1 0.001 1 -1 1,1 0.001 0 1 42.0693 245 1,13 0.001 1 0 1,14 0.001 1 0 2,13 0.001 0 1 165.035 530 15,1 0.001 1 1 13,2 0.001 -1 0 13,1 0.001 1 -1 246.115 665 13,14 0.001 0 -1 13,13 0.001 0 -1 14,14 0.001 -1 1 131.041 485 ::f,0,3 f,0,15 f,12,3 f,13,12 
299:3,1 0.001 1 -1 2,1 0.001 1 -1 1,1 0.001 0 1 42.0693 245 1,13 0.001 1 1 1,14 0.001 1 0 2,14 0.001 0 1 165.036 530 15,1 0.001 1 1 13,2 0.001 -1 -1 13,1 0.001 1 -1 246.115 665 13,14 0.001 0 -1 13,13 0.001 0 -1 14,14 0.001 -1 0 141.041 500 ::f,0,3 f,0,15 f,12,3 f,14,12 
