16
0:0,3 0.001 -1 1 2,1 0.003 -1 1 0,1 0.002 -1 1 0.002 50 1,14 0.001 1 1 1,15 0.003 0 1 2,12 0.002 1 0 0.002 50 14,3 0.001 1 0 13,3 0.003 1 1 15,0 0.002 1 -1 0.002 50 15,13 0.001 0 1 13,13 0.003 1 0 12,14 0.002 -1 0 0.001 50 ::f,0,14 f,2,0 f,14,0 f,15,14 
1:0,3 0.001 -1 1 1,2 0.003 -1 1 0,1 0.001 -1 1 0.003 50 1,14 0.001 1 1 1,15 0.001 0 1 2,12 0.001 1 0 0.002 50 14,3 0.001 1 0 13,3 0.001 1 1 15,0 0.001 1 -1 0.002 50 15,13 0.001 0 1 13,13 0.001 1 0 12,14 0.001 -1 0 0.0011 65 ::f,0,14 f,2,0 f,12,12 f,14,0 
2:0,3 0.001 -1 0 1,2 0.003 -1 1 0,1 0.001 -1 0 0.003 50 1,14 0.001 0 1 1,15 0.001 -1 1 2,12 0.001 1 1 0.002 50 14,3 0.001 1 1 13,3 0.001 0 1 15,0 0.001 1 0 0.002 50 15,13 0.001 -1 1 13,13 0.001 1 1 12,14 0.001 -1 -1 0.0011 65 ::f,0,14 f,2,0 f,12,12 f,14,0 
3:0,3 0.001 -1 0 1,2 0.003 -1 1 0,1 0.001 -1 0 0.003 50 1,14 0.001 0 1 1,15 0.001 -1 1 2,12 0.001 1 1 0.002 50 14,3 0.001 1 1 13,3 0.001 0 1 15,0 0.001 1 0 0.002 50 15,13 0.001 -1 1 13,13 0.001 1 1 12,14 0.001 -1 -1 0.0011 65 ::f,0,14 f,2,0 f,12,12 f,14,0 
4:0,3 0.001 -1 -1 1,2 0.003 -1 1 0,1 0.001 -1 -1 0.003 50 1,14 0.001 -1 1 1,15 0.001 -1 0 2,12 0.001 0 1 0.002 50 14,3 0.001 0 1 13,3 0.001 -1 1 15,0 0.001 1 1 0.002 50 15,13 0.001 -1 0 13,13 0.001 0 1 12,14 0.001 0 -1 0.0011 65 ::f,0,14 f,2,0 f,12,12 f,14,0 
5:0,3 0.001 -1 -1 1,2 0.003 -1 1 0,1 0.001 -1 -1 0.003 50 1,14 0.001 -1 1 1,15 0.001 -1 0 2,12 0.001 0 1 0.002 50 14,3 0.001 0 1 13,3 0.001 -1 1 15,0 0.001 1 1 0.002 50 15,13 0.001 -1 0 13,13 0.001 0 1 12,14 0.001 0 -1 0.0011 65 ::f,0,14 f,2,0 f,12,12 f,14,0 
6:0,3 0.001 0 -1 1,2 0.003 -1 1 0,1 0.001 0 -1 0.003 50 1,14 0.001 -1 0 1,15 0.001 -1 -1 2,12 0.001 -1 1 0.002 50 14,3 0.001 -1 1 13,3 0.001 -1 0 15,0 0.001 0 1 0.002 50 15,13 0.001 -1 -1 13,13 0.001 -1 1 12,14 0.001 1 -1 0.0011 65 ::f,0,14 f,2,0 f,12,12 f,14,0 
7:0,2 0.001 0 -1 0,3 0.003 -1 1 0,1 0.001 0 -1 0.005 50 1,14 0.001 -1 0 1,15 0.001 -1 -1 2,12 0.001 -1 1 0.0021 65 14,3 0.001 -1 1 13,3 0.001 -1 0 15,1 0.001 0 1 0.003 50 15,13 0.001 -1 -1 13,13 0.001 -1 1 12,14 0.001 1 -1 0.0011 65 ::f,2,0 f,2,15 f,12,12 f,14,0 
8:0,2 0.001 0 -1 0,3 0.003 -1 1 0,1 0.001 1 -1 0.005 50 1,14 0.001 -1 -1 1,15 0.001 0 -1 2,12 0.001 -1 0 0.0021 65 14,3 0.001 -1 0 13,3 0.001 -1 -1 15,1 0.001 0 1 0.003 50 15,13 0.001 0 -1 13,13 0.001 -1 0 12,14 0.001 1 0 0.0011 65 ::f,2,0 f,2,15 f,12,12 f,14,0 
9:0,2 0.001 1 -1 0,3 0.003 -1 1 0,1 0.001 1 -1 0.005 50 1,14 0.001 -1 -1 1,15 0.001 0 -1 2,12 0.001 -1 0 0.0021 65 14,3 0.001 -1 0 13,3 0.001 -1 -1 15,1 0.001 -1 1 0.003 50 15,13 0.001 0 -1 13,13 0.001 -1 0 12,14 0.001 1 0 0.0011 65 ::f,2,0 f,2,15 f,12,12 f,14,0 
10:1,1 0.001 1 -1 0,3 0.003 -1 1 0,1 0.001 1 0 0.006 50 1,14 0.001 0 -1 1,15 0.001 0 -1 2,12 0.001 -1 -1 0.0021 65 14,3 0.001 -1 0 13,3 0.001 0 -1 14,2 0.001 -1 1 0.004 50 15,13 0.001 1 -1 13,13 0.001 -1 -1 12,14 0.001 1 1 0.0011 65 ::f,2,0 f,2,15 f,12,12 f,14,0 
11:1,1 0.001 1 -1 0,3 0.003 -1 1 0,1 0.001 1 0 0.0061 65 1,13 0.001 0 -1 1,14 0.001 0 -1 2,12 0.001 -1 -1 0.0041 65 14,3 0.001 -1 -1 13,2 0.001 0 -1 14,2 0.001 -1 1 0.005 50 15,13 0.001 1 -1 13,13 0.001 -1 -1 12,14 0.001 1 1 0.0012 80 ::f,0,2 f,2,15 f,14,0 f,15,12 
12:1,1 0.001 1 0 0,3 0.003 -1 1 0,1 0.001 1 0 0.0061 65 1,13 0.001 0 -1 1,14 0.001 0 -1 2,12 0.001 0 -1 0.0041 65 14,3 0.001 -1 -1 13,2 0.001 0 -1 14,2 0.001 -1 0 0.005 50 15,13 0.001 1 0 13,13 0.001 0 -1 12,14 0.001 0 1 0.0012 80 ::f,0,2 f,2,15 f,14,0 f,15,12 
13:2,1 0.001 1 0 0,3 0.003 -1 1 1,1 0.001 1 0 0.0081 65 1,13 0.001 1 -1 1,14 0.001 1 -1 2,12 0.001 0 -1 0.0041 65 14,3 0.001 0 -1 13,2 0.001 1 -1 14,2 0.001 -1 0 0.005 50 15,13 0.001 1 0 13,13 0.001 0 -1 12,14 0.001 0 1 0.0012 80 ::f,0,2 f,2,15 f,14,0 f,15,12 
14:2,1 0.001 1 0 0,3 0.003 -1 1 1,1 0.001 1 0 0.0081 65 1,13 0.001 1 -1 1,14 0.001 1 -1 2,12 0.001 1 -1 0.0041 65 14,3 0.001 0 -1 13,2 0.001 1 -1 14,2 0.001 -1 0 0.005 50 15,13 0.001 1 1 13,13 0.001 1 -1 12,14 0.001 -1 1 0.0012 80 ::f,0,2 f,2,15 f,14,0 f,15,12 
15:2,1 0.001 1 1 0,3 0.003 -1 1 1,1 0.001 1 1 0.0081 65 1,13 0.001 1 0 1,14 0.001 1 0 2,12 0.001 1 -1 0.0041 65 14,3 0.001 1 -1 13,2 0.001 1 0 14,2 0.001 -1 -1 0.005 50 15,13 0.001 1 1 13,13 0.001 1 -1 12,14 0.001 -1 1 0.0012 80 ::f,0,2 f,2,15 f,14,0 f,15,12 
16:2,1 0.001 1 1 0,3 0.003 -1 1 1,1 0.001 1 1 0.0081 65 2,13 0.001 1 0 1,14 0.001 1 0 2,12 0.001 1 0 0.0051 65 14,3 0.001 1 -1 13,2 0.001 1 0 14,2 0.001 -1 -1 0.005 50 15,13 0.001 0 1 13,13 0.001 1 0 12,14 0.001 -1 0 0.0012 80 ::f,0,2 f,2,15 f,14,0 f,15,12 
17:2,1 0.001 0 1 0,3 0.003 -1 1 1,1 0.001 0 1 0.0081 65 2,13 0.001 1 0 1,14 0.001 1 1 2,12 0.001 1 0 0.0051 65 14,3 0.001 1 0 13,2 0.001 1 1 14,2 0.001 0 -1 0.005 50 15,14 0.001 0 1 14,13 0.001 1 0 12,14 0.001 -1 0 0.0032 80 ::f,0,2 f,2,15 f,14,0 f,15,12 
18:2,2 0.001 0 1 0,3 0.003 -1 1 1,1 0.001 0 1 0.0091 65 2,13 0.001 1 1 1,14 0.001 1 1 2,12 0.001 1 1 0.0052 80 14,3 0.001 1 0 13,2 0.001 1 1 14,1 0.001 0 -1 0.006 50 15,14 0.001 0 1 14,13 0.001 1 0 12,14 0.001 -1 -1 0.0032 80 ::f,0,2 f,3,15 f,14,0 f,15,12 
19:2,2 0.001 0 1 0,3 0.003 -1 1 1,1 0.001 -1 1 0.0091 65 2,13 0.001 1 1 1,14 0.001 0 1 2,12 0.001 1 1 0.0052 80 14,3 0.001 1 1 13,2 0.001 0 1 14,1 0.001 0 -1 0.0061 65 15,14 0.001 -1 1 14,13 0.001 1 1 12,14 0.001 -1 -1 0.0032 80 ::f,0,2 f,3,15 f,15,0 f,15,12 
20:2,2 0.001 -1 1 0,3 0.003 -1 1 1,1 0.001 -1 1 0.0092 80 2,13 0.001 0 1 1,14 0.001 0 1 2,12 0.001 0 1 0.0052 80 14,3 0.001 1 1 13,2 0.001 0 1 14,1 0.001 1 -1 0.0061 65 15,14 0.001 -1 1 14,13 0.001 1 1 12,14 0.001 0 -1 0.0032 80 ::f,2,3 f,3,15 f,15,0 f,15,12 
21:2,2 0.001 -1 1 0,3 0.003 -1 1 1,1 0.001 -1 0 0.0092 80 2,14 0.001 0 1 1,14 0.001 -1 1 2,13 0.001 0 1 0.0072 80 14,3 0.001 0 1 13,2 0.001 -1 1 14,1 0.001 1 -1 1.0062 80 15,14 0.001 -1 0 14,13 0.001 0 1 12,13 0.001 0 -1 0.0042 80 ::f,2,3 f,3,15 f,13,3 f,15,12 
22:2,2 0.001 -1 0 0,3 0.003 -1 1 1,1 0.001 -1 0 0.0092 80 2,14 0.001 0 1 1,14 0.001 -1 1 2,13 0.001 0 1 0.0072 80 14,3 0.001 0 1 13,2 0.001 -1 1 14,1 0.001 1 0 1.0062 80 14,14 0.001 -1 0 14,13 0.001 0 1 12,13 0.001 0 -1 0.0052 80 ::f,2,3 f,3,15 f,13,3 f,15,12 
23:1,2 0.001 -1 0 0,3 0.003 -1 1 1,1 0.001 -1 -1 0.0102 80 2,14 0.001 -1 1 1,14 0.001 -1 0 2,13 0.001 -1 1 0.0072 80 14,3 0.001 -1 1 13,2 0.001 -1 0 14,1 0.001 1 0 1.0062 80 14,14 0.001 -1 0 14,13 0.001 0 1 12,13 0.001 1 -1 0.0052 80 ::f,2,3 f,3,15 f,13,3 f,15,12 
24:1,2 0.001 -1 0 0,3 0.003 -1 1 1,1 0.001 -1 -1 0.0102 80 2,14 0.001 -1 1 1,14 0.001 -1 0 2,13 0.001 -1 1 0.0072 80 14,3 0.001 -1 1 13,2 0.001 -1 0 14,1 0.001 1 1 1.0062 80 14,14 0.001 -1 -1 14,13 0.001 -1 1 12,13 0.001 1 -1 0.0052 80 ::f,2,3 f,3,15 f,13,3 f,15,12 
25:1,2 0.001 -1 -1 0,3 0.003 -1 1 1,1 0.001 0 -1 0.0102 80 2,14 0.001 -1 0 1,14 0.001 -1 -1 2,13 0.001 -1 0 0.0072 80 14,3 0.001 -1 0 13,2 0.001 -1 -1 14,1 0.001 1 1 1.0062 80 14,14 0.001 -1 -1 14,13 0.001 -1 1 12,13 0.001 1 0 0.0052 80 ::f,2,3 f,3,15 f,13,3 f,15,12 
26:1,2 0.001 -1 -1 0,3 0.003 -1 1 1,1 0.001 0 -1 0.0102 80 2,14 0.001 -1 0 1,14 0.001 -1 -1 2,13 0.001 -1 0 0.0072 80 14,3 0.001 -1 0 13,2 0.001 -1 -1 14,1 0.001 0 1 1.0062 80 14,14 0.001 0 -1 14,13 0.001 -1 0 13,13 0.001 1 0 0.0062 80 ::f,2,3 f,3,15 f,13,3 f,15,12 
27:1,2 0.001 0 -1 0,3 0.003 -1 1 1,1 0.001 1 -1 0.0102 80 2,14 0.001 -1 0 1,14 0.001 0 -1 2,13 0.001 -1 -1 0.0072 80 14,3 0.001 -1 0 13,2 0.001 0 -1 14,2 0.001 0 1 1.0073 95 14,14 0.001 0 -1 14,13 0.001 -1 0 13,13 0.001 1 0 0.0062 80 ::f,2,3 f,3,15 f,13,3 f,15,12 
28:1,2 0.001 0 -1 0,3 0.003 -1 1 1,1 0.001 1 -1 0.0102 80 2,14 0.001 -1 -1 1,13 0.001 0 -1 2,13 0.001 -1 -1 0.0082 80 14,3 0.001 -1 -1 13,1 0.001 0 -1 14,2 0.001 0 1 1.0083 95 14,14 0.001 1 -1 14,13 0.001 -1 -1 13,13 0.001 1 1 0.0062 80 ::f,2,3 f,3,15 f,13,3 f,15,12 
29:1,2 0.001 0 -1 0,3 0.003 -1 1 1,1 0.001 1 0 0.0102 80 2,14 0.001 -1 -1 1,13 0.001 0 -1 2,13 0.001 0 -1 0.0082 80 14,3 0.001 -1 -1 13,1 0.001 0 -1 14,2 0.001 -1 1 1.0083 95 14,14 0.001 1 -1 14,13 0.001 -1 -1 13,13 0.001 1 1 0.0062 80 ::f,2,3 f,3,15 f,13,3 f,15,12 
30:1,2 0.001 1 -1 0,3 0.003 -1 1 2,1 0.001 1 0 0.0112 80 2,14 0.001 0 -1 1,13 0.001 1 -1 2,13 0.001 0 -1 0.0082 80 14,3 0.001 0 -1 13,1 0.001 1 -1 14,2 0.001 -1 1 3.0084 110 14,14 0.001 1 0 14,13 0.001 0 -1 13,13 0.001 0 1 0.0062 80 ::f,2,3 f,3,15 f,15,0 f,15,12 
31:1,2 0.001 1 -1 0,3 0.003 -1 1 2,1 0.001 1 0 0.0112 80 2,14 0.001 0 -1 1,13 0.001 1 -1 2,13 0.001 1 -1 0.0082 80 14,3 0.001 0 -1 13,1 0.001 1 -1 14,2 0.001 -1 0 3.0084 110 14,14 0.001 1 0 14,13 0.001 0 -1 13,13 0.001 0 1 0.0062 80 ::f,2,3 f,3,15 f,15,0 f,15,12 
32:1,2 0.001 1 0 0,3 0.003 -1 1 2,1 0.001 1 1 0.0112 80 2,14 0.001 1 -1 1,13 0.001 1 0 2,13 0.001 1 -1 0.0082 80 14,3 0.001 1 -1 13,1 0.001 1 0 13,2 0.001 -1 0 3.0094 110 14,14 0.001 1 1 14,13 0.001 1 -1 13,13 0.001 -1 1 0.0062 80 ::f,2,3 f,3,15 f,15,0 f,15,12 
33:1,2 0.001 1 0 0,3 0.003 -1 1 2,1 0.001 1 1 0.0112 80 2,14 0.001 1 -1 1,13 0.001 1 0 2,13 0.001 1 0 0.0082 80 14,3 0.001 1 -1 14,1 0.001 1 0 13,2 0.001 -1 0 3.0104 110 14,14 0.001 1 1 14,13 0.001 1 -1 13,13 0.001 -1 1 1.0064 110 ::f,2,3 f,3,15 f,14,12 f,15,0 
34:1,2 0.001 1 1 0,3 0.003 -1 1 2,1 0.001 0 1 0.0112 80 2,14 0.001 1 0 1,13 0.001 1 0 2,13 0.001 1 0 0.0082 80 14,3 0.001 1 0 14,1 0.001 1 0 13,2 0.001 -1 -1 3.0104 110 14,14 0.001 0 1 14,13 0.001 1 0 13,13 0.001 -1 0 1.0064 110 ::f,2,3 f,3,15 f,14,12 f,15,0 
35:1,2 0.001 1 1 0,3 0.003 -1 1 2,2 0.001 0 1 1.0123 95 2,14 0.001 1 0 1,13 0.001 1 1 2,13 0.001 1 1 0.0082 80 14,3 0.001 1 0 14,1 0.001 1 1 13,2 0.001 -1 -1 3.0104 110 14,14 0.001 0 1 14,13 0.001 1 0 13,13 0.001 -1 0 1.0064 110 ::f,2,0 f,3,15 f,14,12 f,15,0 
36:1,2 0.001 0 1 0,3 0.003 -1 1 2,2 0.001 0 1 1.0123 95 2,14 0.001 1 1 1,13 0.001 1 1 2,13 0.001 1 1 0.0082 80 14,3 0.001 1 1 14,1 0.001 1 1 13,2 0.001 0 -1 3.0104 110 14,14 0.001 -1 1 14,13 0.001 1 1 13,13 0.001 -1 -1 1.0064 110 ::f,2,0 f,3,15 f,14,12 f,15,0 
37:1,2 0.001 0 1 0,3 0.003 -1 1 2,2 0.001 -1 1 1.0123 95 2,14 0.001 1 1 1,13 0.001 1 1 2,13 0.001 0 1 1.0083 95 14,3 0.001 1 1 14,1 0.001 0 1 13,1 0.001 0 -1 3.0114 110 14,14 0.001 -1 1 14,13 0.001 1 1 13,13 0.001 -1 -1 1.0064 110 ::f,2,0 f,3,14 f,14,12 f,15,0 
38:1,2 0.001 -1 1 0,3 0.003 -1 1 2,2 0.001 -1 1 1.0123 95 2,14 0.001 0 1 1,13 0.001 0 1 2,13 0.001 0 1 1.0083 95 14,3 0.001 0 1 14,2 0.001 0 1 13,1 0.001 0 -1 3.0124 110 14,14 0.001 -1 0 14,13 0.001 0 1 13,13 0.001 0 -1 1.0064 110 ::f,2,0 f,3,14 f,14,12 f,15,0 
39:1,2 0.001 -1 1 0,3 0.003 -1 1 2,2 0.001 -1 0 1.0123 95 2,14 0.001 0 1 1,13 0.001 0 1 2,13 0.001 0 1 1.0083 95 14,3 0.001 0 1 14,2 0.001 0 1 13,1 0.001 1 -1 3.0124 110 13,14 0.001 -1 0 14,14 0.001 0 1 13,13 0.001 0 -1 1.0084 110 ::f,2,0 f,3,14 f,14,12 f,15,0 
40:1,2 0.001 -1 0 0,3 0.003 -1 1 2,2 0.001 -1 0 1.0123 95 2,14 0.001 -1 1 1,13 0.001 -1 1 2,13 0.001 -1 1 1.0083 95 14,3 0.001 -1 1 14,2 0.001 -1 1 13,1 0.001 1 -1 3.0124 110 13,14 0.001 -1 0 14,14 0.001 0 1 13,13 0.001 1 -1 1.0084 110 ::f,2,0 f,3,14 f,14,12 f,15,0 
41:1,2 0.001 -1 0 0,3 0.003 -1 1 2,2 0.001 -1 0 1.0123 95 2,14 0.001 -1 1 1,13 0.001 -1 1 2,13 0.001 -1 1 1.0083 95 14,3 0.001 -1 1 14,2 0.001 -1 1 13,1 0.001 1 0 3.0124 110 13,14 0.001 -1 -1 14,14 0.001 -1 1 13,13 0.001 1 -1 2.0085 125 ::f,2,0 f,3,14 f,12,14 f,15,0 
42:1,2 0.001 -1 -1 0,3 0.003 -1 1 2,2 0.001 -1 -1 1.0123 95 2,14 0.001 -1 0 1,13 0.001 -1 0 2,13 0.001 -1 0 1.0083 95 14,3 0.001 -1 0 14,2 0.001 -1 0 14,1 0.001 1 0 3.0134 110 13,14 0.001 -1 -1 14,14 0.001 -1 1 13,13 0.001 1 0 2.0085 125 ::f,2,0 f,3,14 f,12,14 f,15,0 
43:1,2 0.001 -1 -1 0,3 0.003 -1 1 2,2 0.001 -1 -1 1.0123 95 1,14 0.001 -1 0 1,13 0.001 -1 0 2,13 0.001 -1 0 1.0093 95 13,3 0.001 -1 0 13,2 0.001 -1 0 14,1 0.001 1 0 3.0154 110 13,14 0.001 0 -1 14,14 0.001 -1 0 14,13 0.001 1 0 2.0095 125 ::f,2,0 f,3,14 f,12,14 f,15,0 
44:1,2 0.001 0 -1 0,3 0.003 -1 1 2,2 0.001 0 -1 1.0123 95 1,14 0.001 -1 0 1,13 0.001 -1 -1 2,13 0.001 -1 -1 1.0093 95 13,3 0.001 -1 0 13,2 0.001 -1 0 14,1 0.001 1 1 3.0154 110 13,13 0.001 0 -1 13,14 0.001 -1 0 14,13 0.001 1 0 2.0115 125 ::f,2,0 f,3,14 f,12,14 f,15,0 
45:1,1 0.001 0 -1 0,3 0.003 -1 1 2,1 0.001 0 -1 1.0143 95 1,14 0.001 -1 -1 1,13 0.001 -1 -1 2,13 0.001 -1 -1 1.0093 95 13,3 0.001 -1 -1 13,2 0.001 -1 -1 14,1 0.001 1 1 3.0154 110 13,13 0.001 0 -1 13,14 0.001 -1 0 14,13 0.001 1 1 4.0116 140 ::f,2,0 f,3,14 f,12,13 f,15,0 
46:1,1 0.001 0 -1 0,3 0.003 -1 1 2,1 0.001 0 -1 2.0144 110 1,14 0.001 -1 -1 1,13 0.001 0 -1 2,13 0.001 0 -1 1.0093 95 13,3 0.001 -1 -1 13,2 0.001 -1 -1 14,1 0.001 0 1 3.0154 110 13,13 0.001 1 -1 13,14 0.001 -1 -1 14,13 0.001 1 1 4.0116 140 ::f,3,2 f,3,14 f,12,13 f,15,0 
47:1,1 0.001 1 -1 0,3 0.003 -1 1 2,1 0.001 1 -1 2.0144 110 1,14 0.001 0 -1 1,13 0.001 0 -1 2,13 0.001 0 -1 1.0093 95 13,3 0.001 0 -1 13,2 0.001 0 -1 14,2 0.001 0 1 3.0164 110 13,13 0.001 1 -1 13,14 0.001 -1 -1 14,13 0.001 0 1 7.0117 155 ::f,3,2 f,3,14 f,15,0 f,15,13 
48:1,1 0.001 1 -1 0,3 0.003 -1 1 2,1 0.001 1 -1 2.0144 110 1,14 0.001 0 -1 1,13 0.001 1 -1 2,13 0.001 1 -1 1.0093 95 13,3 0.001 0 -1 13,1 0.001 0 -1 14,2 0.001 0 1 3.0174 110 13,13 0.001 1 0 13,14 0.001 0 -1 14,14 0.001 0 1 7.0127 155 ::f,3,2 f,3,14 f,15,0 f,15,13 
49:1,1 0.001 1 0 0,3 0.003 -1 1 2,1 0.001 1 0 2.0144 110 1,14 0.001 0 -1 1,13 0.001 1 -1 2,13 0.001 1 -1 1.0093 95 13,2 0.001 0 -1 13,1 0.001 0 -1 14,2 0.001 -1 1 3.0184 110 14,13 0.001 1 0 13,13 0.001 0 -1 14,14 0.001 0 1 7.0147 155 ::f,3,2 f,3,14 f,15,0 f,15,13 
50:1,1 0.001 1 0 0,3 0.003 -1 1 2,1 0.001 1 0 2.0144 110 1,14 0.001 1 -1 1,13 0.001 1 0 2,13 0.001 1 0 1.0093 95 13,2 0.001 0 -1 13,1 0.001 1 -1 14,2 0.001 -1 1 3.0184 110 14,13 0.001 1 0 13,13 0.001 0 -1 14,14 0.001 -1 1 8.0148 170 ::f,3,2 f,3,14 f,13,14 f,15,0 
51:1,1 0.001 1 0 0,3 0.003 -1 1 2,1 0.001 1 1 2.0144 110 1,14 0.001 1 -1 1,13 0.001 1 0 2,13 0.001 1 0 1.0093 95 13,2 0.001 1 -1 13,1 0.001 1 -1 14,2 0.001 -1 0 3.0184 110 14,13 0.001 1 1 13,13 0.001 1 -1 14,14 0.001 -1 1 8.0148 170 ::f,3,2 f,3,14 f,13,14 f,15,0 
52:1,1 0.001 1 1 0,3 0.003 -1 1 2,1 0.001 1 1 4.0145 125 1,14 0.001 1 0 1,13 0.001 1 0 2,13 0.001 1 1 1.0093 95 14,1 0.001 1 -1 13,1 0.001 1 0 13,2 0.001 -1 0 3.0204 110 14,13 0.001 1 1 13,13 0.001 1 -1 14,14 0.001 -1 0 8.0148 170 ::f,0,1 f,3,14 f,13,14 f,15,0 
53:1,1 0.001 1 1 0,3 0.003 -1 1 2,1 0.001 0 1 4.0145 125 2,14 0.001 1 0 1,13 0.001 1 1 2,13 0.001 1 1 1.0104 110 14,1 0.001 1 -1 13,1 0.001 1 0 13,2 0.001 -1 0 4.0205 125 14,13 0.001 0 1 13,13 0.001 1 0 14,14 0.001 -1 0 8.0148 170 ::f,0,1 f,0,12 f,13,14 f,15,0 
54:1,1 0.001 0 1 0,3 0.003 -1 1 2,2 0.001 0 1 4.0155 125 2,14 0.001 1 0 1,13 0.001 1 1 2,13 0.001 0 1 1.0104 110 14,1 0.001 1 0 13,1 0.001 1 0 13,2 0.001 -1 -1 4.0205 125 14,13 0.001 0 1 13,13 0.001 1 0 14,14 0.001 -1 0 10.0149 185 ::f,0,1 f,0,12 f,15,0 f,15,12 
55:1,1 0.001 0 1 0,3 0.003 -1 1 2,2 0.001 0 1 4.0155 125 2,14 0.001 1 1 1,13 0.001 0 1 2,13 0.001 0 1 1.0104 110 14,1 0.001 1 0 13,1 0.001 1 1 13,2 0.001 -1 -1 4.0205 125 14,13 0.001 0 1 13,13 0.001 1 0 14,14 0.001 -1 -1 10.0149 185 ::f,0,1 f,0,12 f,15,0 f,15,12 
56:1,1 0.001 -1 1 0,3 0.003 -1 1 2,2 0.001 -1 1 4.0155 125 2,14 0.001 1 1 1,13 0.001 0 1 2,13 0.001 0 1 1.0104 110 14,1 0.001 1 1 13,1 0.001 1 1 13,2 0.001 0 -1 4.0205 125 14,13 0.001 -1 1 13,13 0.001 1 1 14,14 0.001 -1 -1 10.0149 185 ::f,0,1 f,0,12 f,15,0 f,15,12 
57:1,1 0.001 -1 1 0,3 0.003 -1 1 2,2 0.001 -1 1 4.0155 125 2,14 0.001 0 1 1,13 0.001 -1 1 2,13 0.001 -1 1 1.0104 110 14,1 0.001 1 1 13,1 0.001 0 1 13,2 0.001 0 -1 4.0205 125 14,13 0.001 -1 1 13,13 0.001 1 1 14,14 0.001 0 -1 10.0149 185 ::f,0,1 f,0,12 f,15,0 f,15,12 
58:1,1 0.001 -1 0 0,3 0.003 -1 1 2,2 0.001 -1 0 4.0155 125 2,14 0.001 0 1 1,13 0.001 -1 1 2,13 0.001 -1 1 1.0104 110 14,1 0.001 0 1 13,1 0.001 0 1 13,2 0.001 0 -1 4.0205 125 14,13 0.001 -1 0 13,13 0.001 0 1 14,14 0.001 0 -1 10.0149 185 ::f,0,1 f,0,12 f,15,0 f,15,12 
59:1,1 0.001 -1 0 0,3 0.003 -1 1 1,2 0.001 -1 0 6.0166 140 2,14 0.001 -1 1 1,13 0.001 -1 0 2,13 0.001 -1 0 1.0104 110 14,2 0.001 0 1 13,1 0.001 -1 1 13,2 0.001 1 -1 4.0215 125 14,13 0.001 -1 0 13,13 0.001 0 1 14,14 0.001 1 -1 10.0149 185 ::f,0,1 f,0,12 f,15,0 f,15,12 
60:1,1 0.001 -1 -1 0,3 0.003 -1 1 1,2 0.001 -1 0 6.0166 140 2,14 0.001 -1 1 1,13 0.001 -1 0 2,13 0.001 -1 0 1.0104 110 14,2 0.001 0 1 13,1 0.001 -1 1 14,1 0.001 1 -1 4.0225 125 14,13 0.001 -1 -1 13,13 0.001 -1 1 14,14 0.001 1 -1 10.0149 185 ::f,0,1 f,0,12 f,15,0 f,15,12 
61:1,1 0.001 -1 -1 0,3 0.003 -1 1 1,2 0.001 -1 -1 6.0166 140 2,14 0.001 -1 0 1,13 0.001 -1 -1 2,13 0.001 -1 -1 1.0104 110 14,2 0.001 -1 1 13,1 0.001 -1 0 14,1 0.001 1 -1 7.0226 140 14,13 0.001 -1 -1 13,13 0.001 -1 1 14,14 0.001 1 0 10.0149 185 ::f,0,1 f,0,12 f,13,2 f,15,12 
62:1,1 0.001 0 -1 0,3 0.003 -1 1 1,2 0.001 -1 -1 9.0167 155 1,14 0.001 -1 0 1,13 0.001 -1 -1 2,13 0.001 -1 -1 2.0115 125 14,2 0.001 -1 1 13,1 0.001 -1 0 14,1 0.001 1 0 7.0226 140 14,13 0.001 0 -1 13,13 0.001 -1 0 14,14 0.001 1 0 10.0149 185 ::f,2,2 f,2,15 f,13,2 f,15,12 
63:1,1 0.001 0 -1 0,3 0.003 -1 1 1,2 0.001 0 -1 9.0167 155 1,14 0.001 -1 0 1,13 0.001 0 -1 2,13 0.001 0 -1 2.0115 125 14,2 0.001 -1 0 13,1 0.001 -1 -1 14,1 0.001 1 0 7.0226 140 14,13 0.001 0 -1 13,13 0.001 -1 0 14,14 0.001 1 1 10.0149 185 ::f,2,2 f,2,15 f,13,2 f,15,12 
64:1,1 0.001 1 -1 0,3 0.003 -1 1 1,2 0.001 0 -1 9.0167 155 1,14 0.001 -1 -1 1,13 0.001 0 -1 2,13 0.001 0 -1 2.0115 125 14,2 0.001 -1 0 13,1 0.001 -1 -1 14,1 0.001 1 1 7.0226 140 14,13 0.001 1 -1 13,13 0.001 -1 -1 14,14 0.001 1 1 10.0149 185 ::f,2,2 f,2,15 f,13,2 f,15,12 
65:1,1 0.001 1 -1 0,3 0.003 -1 1 1,2 0.001 0 -1 9.0167 155 1,14 0.001 -1 -1 1,13 0.001 1 -1 2,13 0.001 1 -1 2.0115 125 14,2 0.001 -1 0 13,1 0.001 0 -1 14,1 0.001 1 1 13.0228 170 14,13 0.001 1 -1 13,13 0.001 -1 -1 14,14 0.001 0 1 12.015 200 ::f,2,2 f,2,15 f,15,3 f,15,13 
66:1,1 0.001 1 0 0,3 0.003 -1 1 1,2 0.001 1 -1 9.0167 155 1,14 0.001 0 -1 1,13 0.001 1 -1 2,13 0.001 1 -1 2.0115 125 14,2 0.001 -1 -1 13,1 0.001 0 -1 14,1 0.001 0 1 13.0228 170 14,13 0.001 1 0 13,13 0.001 0 -1 14,14 0.001 0 1 12.015 200 ::f,2,2 f,2,15 f,15,3 f,15,13 
67:2,1 0.001 1 0 0,3 0.003 -1 1 1,2 0.001 1 -1 9.0177 155 1,14 0.001 0 -1 1,13 0.001 1 0 2,13 0.001 1 0 2.0115 125 14,2 0.001 -1 -1 13,1 0.001 1 -1 14,1 0.001 0 1 13.0228 170 14,13 0.001 1 0 13,13 0.001 0 -1 14,14 0.001 -1 1 15.0151 215 ::f,2,2 f,2,15 f,15,3 f,15,15 
68:2,1 0.001 1 0 0,3 0.003 -1 1 1,2 0.001 1 0 9.0177 155 1,14 0.001 0 -1 1,13 0.001 1 0 2,13 0.001 1 0 2.0115 125 14,2 0.001 0 -1 13,1 0.001 1 -1 14,1 0.001 0 1 13.0228 170 14,13 0.001 1 1 13,13 0.001 1 -1 14,14 0.001 -1 1 15.0151 215 ::f,2,2 f,2,15 f,15,3 f,15,15 
69:2,1 0.001 1 1 0,3 0.003 -1 1 1,2 0.001 1 0 13.0178 170 1,14 0.001 1 -1 1,13 0.001 1 0 2,13 0.001 1 1 2.0115 125 14,2 0.001 0 -1 13,1 0.001 1 0 14,1 0.001 -1 1 13.0228 170 14,13 0.001 1 1 13,13 0.001 1 -1 14,14 0.001 -1 0 15.0151 215 ::f,0,0 f,2,15 f,15,3 f,15,15 
70:2,1 0.001 1 1 0,3 0.003 -1 1 1,2 0.001 1 1 13.0178 170 1,14 0.001 1 -1 1,13 0.001 1 1 2,13 0.001 1 1 2.0115 125 14,2 0.001 1 -1 13,1 0.001 1 0 14,1 0.001 -1 1 13.0228 170 14,13 0.001 0 1 13,13 0.001 1 0 13,14 0.001 -1 0 15.0161 215 ::f,0,0 f,2,15 f,15,3 f,15,15 
71:2,1 0.001 0 1 0,3 0.003 -1 1 1,2 0.001 1 1 13.0178 170 1,14 0.001 1 0 1,13 0.001 1 1 2,13 0.001 0 1 2.0115 125 14,2 0.001 1 -1 13,1 0.001 1 0 14,1 0.001 -1 0 13.0228 170 14,14 0.001 0 1 14,13 0.001 1 0 13,14 0.001 -1 0 15.0181 215 ::f,0,0 f,2,15 f,15,3 f,15,15 
72:2,2 0.001 0 1 0,3 0.003 -1 1 1,2 0.001 0 1 13.0188 170 1,14 0.001 1 0 1,13 0.001 0 1 2,14 0.001 0 1 2.0125 125 14,2 0.001 1 0 13,1 0.001 1 1 14,1 0.001 -1 0 13.0228 170 14,14 0.001 0 1 14,13 0.001 1 0 13,14 0.001 -1 -1 15.0181 215 ::f,0,0 f,2,15 f,15,3 f,15,15 
73:2,2 0.001 0 1 0,3 0.003 -1 1 1,2 0.001 0 1 13.0188 170 1,14 0.001 1 1 1,13 0.001 0 1 2,14 0.001 0 1 3.0126 140 14,2 0.001 1 0 13,1 0.001 1 1 14,1 0.001 -1 -1 13.0228 170 14,14 0.001 -1 1 14,13 0.001 1 1 13,14 0.001 -1 -1 15.0181 215 ::f,0,0 f,0,13 f,15,3 f,15,15 
74:2,2 0.001 -1 1 0,3 0.003 -1 1 1,2 0.001 -1 1 13.0188 170 1,14 0.001 1 1 1,13 0.001 -1 1 2,14 0.001 -1 1 3.0126 140 14,2 0.001 1 1 13,1 0.001 1 1 14,1 0.001 -1 -1 13.0228 170 14,14 0.001 -1 1 14,13 0.001 1 1 13,14 0.001 0 -1 15.0181 215 ::f,0,0 f,0,13 f,15,3 f,15,15 
75:2,2 0.001 -1 1 0,3 0.003 -1 1 1,2 0.001 -1 1 13.0188 170 1,14 0.001 0 1 1,13 0.001 -1 1 2,14 0.001 -1 1 3.0126 140 14,2 0.001 1 1 13,1 0.001 0 1 14,1 0.001 0 -1 16.0229 185 14,14 0.001 -1 0 14,13 0.001 0 1 13,13 0.001 0 -1 15.0191 215 ::f,0,0 f,0,13 f,15,2 f,15,15 
76:2,2 0.001 -1 0 0,3 0.003 -1 1 1,2 0.001 -1 0 13.0188 170 1,14 0.001 0 1 1,13 0.001 -1 0 2,14 0.001 -1 0 3.0126 140 14,2 0.001 0 1 13,1 0.001 -1 1 14,1 0.001 0 -1 16.0229 185 13,14 0.001 -1 0 14,14 0.001 0 1 13,13 0.001 0 -1 15.0211 215 ::f,0,0 f,0,13 f,15,2 f,15,15 
77:2,2 0.001 -1 0 0,3 0.003 -1 1 1,2 0.001 -1 0 13.0188 170 1,14 0.001 -1 1 1,13 0.001 -1 0 2,14 0.001 -1 0 5.0127 155 14,2 0.001 0 1 13,1 0.001 -1 1 14,1 0.001 1 -1 16.0229 185 13,14 0.001 -1 0 14,14 0.001 0 1 13,13 0.001 1 -1 15.0211 215 ::f,0,0 f,0,13 f,15,2 f,15,15 
78:2,2 0.001 -1 0 0,3 0.003 -1 1 1,2 0.001 -1 -1 13.0188 170 1,14 0.001 -1 1 1,13 0.001 -1 -1 2,14 0.001 -1 0 5.0127 155 14,2 0.001 -1 1 13,1 0.001 -1 0 14,1 0.001 1 -1 16.0229 185 13,14 0.001 -1 -1 14,14 0.001 -1 1 13,13 0.001 1 -1 15.0211 215 ::f,0,0 f,0,13 f,15,2 f,15,15 
79:2,2 0.001 -1 -1 0,3 0.003 -1 1 1,2 0.001 -1 -1 13.0188 170 1,14 0.001 -1 0 1,13 0.001 -1 -1 2,14 0.001 -1 -1 5.0127 155 14,2 0.001 -1 1 13,1 0.001 -1 0 14,1 0.001 1 0 16.0229 185 13,14 0.001 -1 -1 14,14 0.001 -1 1 13,13 0.001 1 0 15.0211 215 ::f,0,0 f,0,13 f,15,2 f,15,15 
80:1,1 0.001 -1 -1 0,3 0.003 -1 1 1,2 0.001 0 -1 13.0198 170 1,14 0.001 -1 0 1,13 0.001 0 -1 2,14 0.001 -1 -1 5.0127 155 14,2 0.001 -1 0 13,1 0.001 -1 -1 14,1 0.001 1 0 16.0229 185 13,14 0.001 0 -1 14,14 0.001 -1 0 14,13 0.001 1 0 15.0221 215 ::f,0,0 f,0,13 f,15,2 f,15,15 
81:1,1 0.001 -1 -1 0,3 0.003 -1 1 1,2 0.001 0 -1 16.0199 185 1,14 0.001 -1 -1 1,13 0.001 0 -1 2,14 0.001 0 -1 5.0127 155 13,2 0.001 -1 0 13,1 0.001 -1 -1 14,1 0.001 1 1 16.0239 185 13,13 0.001 0 -1 13,14 0.001 -1 0 14,13 0.001 1 0 15.0241 215 ::f,0,13 f,2,3 f,15,2 f,15,15 
82:1,1 0.001 0 -1 0,3 0.003 -1 1 1,2 0.001 0 -1 16.0199 185 1,14 0.001 -1 -1 1,13 0.001 1 -1 2,14 0.001 0 -1 7.0128 170 13,2 0.001 -1 0 13,1 0.001 0 -1 14,1 0.001 1 1 21.024 200 13,13 0.001 0 -1 13,14 0.001 -1 0 14,13 0.001 1 1 15.0241 215 ::f,2,3 f,3,13 f,12,0 f,15,15 
83:1,1 0.001 0 -1 0,3 0.003 -1 1 1,2 0.001 1 -1 16.0199 185 1,14 0.001 0 -1 1,13 0.001 1 -1 2,14 0.001 1 -1 7.0128 170 13,2 0.001 -1 -1 13,1 0.001 0 -1 14,1 0.001 0 1 21.024 200 13,13 0.001 1 -1 13,14 0.001 -1 -1 14,13 0.001 1 1 15.0241 215 ::f,2,3 f,3,13 f,12,0 f,15,15 
84:1,1 0.001 1 -1 0,3 0.003 -1 1 1,2 0.001 1 -1 16.0199 185 1,14 0.001 0 -1 1,13 0.001 1 0 2,14 0.001 1 -1 9.0129 185 13,2 0.001 -1 -1 13,1 0.001 1 -1 14,2 0.001 0 1 21.025 200 13,13 0.001 1 -1 13,14 0.001 -1 -1 14,13 0.001 0 1 15.0241 215 ::f,2,3 f,3,15 f,12,0 f,15,15 
85:1,1 0.001 1 -1 0,3 0.003 -1 1 1,2 0.001 1 0 16.0199 185 1,14 0.001 0 -1 2,13 0.001 1 0 2,14 0.001 1 0 9.0139 185 13,2 0.001 0 -1 13,1 0.001 1 -1 14,2 0.001 0 1 21.025 200 13,13 0.001 1 0 13,14 0.001 0 -1 14,14 0.001 0 1 15.0251 215 ::f,2,3 f,3,15 f,12,0 f,15,15 
86:1,1 0.001 1 0 0,3 0.003 -1 1 1,2 0.001 1 0 16.0199 185 1,14 0.001 1 -1 2,13 0.001 1 0 2,14 0.001 1 0 9.0139 185 13,2 0.001 0 -1 13,1 0.001 1 0 14,2 0.001 -1 1 21.025 200 14,13 0.001 1 0 13,13 0.001 0 -1 14,14 0.001 0 1 15.0271 215 ::f,2,3 f,3,15 f,12,0 f,15,15 
87:2,1 0.001 1 0 0,3 0.003 -1 1 1,2 0.001 1 1 16.0209 185 1,14 0.001 1 -1 2,13 0.001 1 1 2,14 0.001 1 1 9.0139 185 13,2 0.001 0 -1 14,1 0.001 1 0 14,2 0.001 -1 1 21.026 200 14,13 0.001 1 0 13,13 0.001 0 -1 14,14 0.001 -1 1 15.0271 215 ::f,2,3 f,3,15 f,12,0 f,15,15 
88:2,1 0.001 1 0 0,3 0.003 -1 1 1,2 0.001 1 1 21.021 200 1,14 0.001 1 0 2,13 0.001 1 1 2,14 0.001 1 1 12.014 200 13,2 0.001 1 -1 14,1 0.001 1 0 14,2 0.001 -1 0 21.026 200 14,13 0.001 1 1 13,13 0.001 1 -1 14,14 0.001 -1 1 15.0271 215 ::f,1,3 f,1,13 f,12,0 f,15,15 
89:2,1 0.001 1 1 0,3 0.003 -1 1 1,2 0.001 0 1 21.021 200 1,14 0.001 1 0 2,13 0.001 0 1 2,14 0.001 0 1 12.014 200 13,2 0.001 1 -1 14,1 0.001 1 1 14,2 0.001 -1 0 21.026 200 14,13 0.001 1 1 13,13 0.001 1 -1 14,14 0.001 -1 0 15.0271 215 ::f,1,3 f,1,13 f,12,0 f,15,15 
90:2,1 0.001 1 1 0,3 0.003 -1 1 1,2 0.001 0 1 27.0211 215 1,14 0.001 1 1 2,13 0.001 0 1 2,14 0.001 0 1 12.014 200 13,2 0.001 1 0 14,1 0.001 1 1 14,2 0.001 -1 0 21.026 200 14,13 0.001 0 1 13,13 0.001 1 0 13,14 0.001 -1 0 15.0281 215 ::f,0,2 f,1,13 f,12,0 f,15,15 
91:2,1 0.001 0 1 0,3 0.003 -1 1 1,2 0.001 -1 1 27.0211 215 1,14 0.001 1 1 2,13 0.001 0 1 2,14 0.001 -1 1 12.014 200 13,2 0.001 1 0 14,1 0.001 0 1 14,2 0.001 -1 -1 21.026 200 14,14 0.001 0 1 14,13 0.001 1 0 13,14 0.001 -1 0 15.0301 215 ::f,0,2 f,1,13 f,12,0 f,15,15 
92:2,2 0.001 0 1 0,3 0.003 -1 1 1,2 0.001 -1 1 27.0221 215 1,14 0.001 0 1 2,13 0.001 -1 1 2,14 0.001 -1 1 12.014 200 13,2 0.001 1 1 14,1 0.001 0 1 13,1 0.001 -1 -1 21.027 200 14,14 0.001 0 1 14,13 0.001 1 0 13,14 0.001 -1 -1 15.0301 215 ::f,0,2 f,1,13 f,12,0 f,15,15 
93:2,2 0.001 0 1 0,3 0.003 -1 1 1,2 0.001 -1 0 27.0221 215 1,14 0.001 0 1 2,13 0.001 -1 1 2,14 0.001 -1 0 12.014 200 13,2 0.001 1 1 14,1 0.001 0 1 13,1 0.001 -1 -1 27.0271 215 14,14 0.001 -1 1 14,13 0.001 1 1 13,14 0.001 -1 -1 15.0301 215 ::f,0,2 f,1,13 f,14,0 f,15,15 
94:2,2 0.001 -1 1 0,3 0.003 -1 1 1,2 0.001 -1 0 34.0222 230 1,14 0.001 -1 1 2,13 0.001 -1 0 2,14 0.001 -1 0 12.014 200 13,2 0.001 0 1 14,1 0.001 -1 1 13,1 0.001 0 -1 27.0271 215 14,14 0.001 -1 1 14,13 0.001 1 1 13,14 0.001 0 -1 15.0301 215 ::f,1,13 f,3,2 f,14,0 f,15,15 
95:2,2 0.001 -1 1 0,3 0.003 -1 1 1,2 0.001 -1 -1 34.0222 230 1,14 0.001 -1 1 2,13 0.001 -1 0 2,14 0.001 -1 0 15.0141 215 13,2 0.001 0 1 14,1 0.001 -1 1 13,1 0.001 0 -1 27.0271 215 14,14 0.001 -1 0 14,13 0.001 0 1 13,13 0.001 0 -1 15.0311 215 ::f,0,15 f,3,2 f,14,0 f,15,15 
96:2,2 0.001 -1 0 0,3 0.003 -1 1 1,2 0.001 -1 -1 34.0222 230 1,14 0.001 -1 0 2,13 0.001 -1 -1 2,14 0.001 -1 -1 15.0141 215 13,2 0.001 -1 1 14,1 0.001 -1 0 13,1 0.001 1 -1 27.0271 215 13,14 0.001 -1 0 14,14 0.001 0 1 13,13 0.001 0 -1 15.0331 215 ::f,0,15 f,3,2 f,14,0 f,15,15 
97:2,2 0.001 -1 0 0,3 0.003 -1 1 1,2 0.001 0 -1 34.0222 230 1,14 0.001 -1 0 2,13 0.001 -1 -1 2,14 0.001 -1 -1 15.0141 215 13,2 0.001 -1 1 14,1 0.001 -1 0 13,1 0.001 1 -1 34.0272 230 13,14 0.001 -1 0 14,14 0.001 0 1 13,13 0.001 1 -1 15.0331 215 ::f,0,15 f,3,2 f,13,3 f,15,15 
98:2,2 0.001 -1 0 0,3 0.003 -1 1 1,1 0.001 0 -1 34.0232 230 1,14 0.001 -1 -1 2,13 0.001 0 -1 2,14 0.001 0 -1 15.0141 215 13,2 0.001 -1 0 14,1 0.001 -1 -1 13,1 0.001 1 0 34.0272 230 13,14 0.001 -1 -1 14,14 0.001 -1 1 13,13 0.001 1 -1 15.0331 215 ::f,0,15 f,3,2 f,13,3 f,15,15 
99:2,2 0.001 -1 -1 0,3 0.003 -1 1 1,1 0.001 0 -1 34.0232 230 1,14 0.001 -1 -1 2,13 0.001 0 -1 2,14 0.001 0 -1 15.0141 215 13,2 0.001 -1 0 14,1 0.001 -1 -1 13,1 0.001 1 0 34.0272 230 13,14 0.001 -1 -1 14,14 0.001 -1 1 13,13 0.001 1 0 15.0331 215 ::f,0,15 f,3,2 f,13,3 f,15,15 
100:2,2 0.001 -1 -1 0,3 0.003 -1 1 1,1 0.001 1 -1 34.0232 230 1,14 0.001 0 -1 2,13 0.001 1 -1 2,14 0.001 1 -1 15.0141 215 13,2 0.001 -1 -1 14,1 0.001 0 -1 13,1 0.001 1 0 34.0272 230 13,14 0.001 0 -1 14,14 0.001 -1 0 14,13 0.001 1 0 15.0341 215 ::f,0,15 f,3,2 f,13,3 f,15,15 
101:2,2 0.001 0 -1 0,3 0.003 -1 1 1,1 0.001 1 -1 34.0232 230 1,13 0.001 0 -1 2,13 0.001 1 -1 2,14 0.001 1 -1 15.0151 215 13,2 0.001 -1 -1 14,1 0.001 0 -1 13,1 0.001 1 1 34.0272 230 13,13 0.001 0 -1 13,14 0.001 -1 0 14,13 0.001 1 0 15.0361 215 ::f,0,15 f,3,2 f,13,3 f,15,15 
102:2,2 0.001 0 -1 0,3 0.003 -1 1 1,1 0.001 1 0 34.0232 230 1,13 0.001 0 -1 2,13 0.001 1 0 2,14 0.001 1 0 15.0151 215 13,2 0.001 0 -1 14,1 0.001 1 -1 13,1 0.001 1 1 34.0272 230 13,13 0.001 0 -1 13,14 0.001 -1 0 14,13 0.001 1 1 15.0361 215 ::f,0,15 f,3,2 f,13,3 f,15,15 
103:2,2 0.001 1 -1 0,3 0.003 -1 1 2,1 0.001 1 0 34.0242 230 1,13 0.001 1 -1 2,13 0.001 1 0 2,14 0.001 1 0 15.0151 215 13,2 0.001 0 -1 14,1 0.001 1 -1 13,1 0.001 0 1 34.0272 230 13,13 0.001 1 -1 13,14 0.001 -1 -1 14,13 0.001 1 1 15.0361 215 ::f,0,15 f,3,2 f,13,3 f,15,15 
104:2,2 0.001 1 -1 0,3 0.003 -1 1 2,1 0.001 1 0 34.0242 230 1,13 0.001 1 -1 2,13 0.001 1 1 2,14 0.001 1 1 15.0151 215 13,2 0.001 0 -1 14,1 0.001 1 0 13,1 0.001 0 1 34.0272 230 13,13 0.001 1 -1 13,14 0.001 -1 -1 14,13 0.001 0 1 15.0361 215 ::f,0,15 f,3,2 f,13,3 f,15,15 
105:2,2 0.001 1 0 0,3 0.003 -1 1 2,1 0.001 1 1 34.0242 230 1,13 0.001 1 0 2,13 0.001 1 1 2,14 0.001 1 1 15.0151 215 13,2 0.001 1 -1 14,1 0.001 1 0 13,1 0.001 0 1 34.0272 230 13,13 0.001 1 0 13,14 0.001 0 -1 14,14 0.001 0 1 15.0371 215 ::f,0,15 f,3,2 f,13,3 f,15,15 
106:2,2 0.001 1 0 0,3 0.003 -1 1 2,1 0.001 1 1 46.0244 260 1,13 0.001 1 0 2,13 0.001 0 1 2,14 0.001 0 1 15.0151 215 13,2 0.001 1 -1 14,1 0.001 1 1 13,1 0.001 -1 1 34.0272 230 14,13 0.001 1 0 13,13 0.001 0 -1 14,14 0.001 0 1 15.0391 215 ::f,0,15 f,2,0 f,13,3 f,15,15 
107:2,2 0.001 1 1 0,3 0.003 -1 1 2,1 0.001 0 1 46.0244 260 1,13 0.001 1 0 2,13 0.001 0 1 2,14 0.001 0 1 15.0151 215 13,2 0.001 1 0 14,1 0.001 1 1 13,1 0.001 -1 1 34.0272 230 14,13 0.001 1 0 13,13 0.001 0 -1 14,14 0.001 -1 1 15.0391 215 ::f,0,15 f,2,0 f,13,3 f,15,15 
108:2,2 0.001 1 1 0,3 0.003 -1 1 2,1 0.001 0 1 46.0244 260 1,13 0.001 1 1 2,13 0.001 0 1 2,14 0.001 -1 1 15.0151 215 13,2 0.001 1 0 14,1 0.001 0 1 13,1 0.001 -1 0 34.0272 230 14,13 0.001 1 1 13,13 0.001 1 -1 14,14 0.001 -1 1 15.0391 215 ::f,0,15 f,2,0 f,13,3 f,15,15 
109:2,2 0.001 0 1 0,3 0.003 -1 1 2,1 0.001 0 1 46.0244 260 1,13 0.001 1 1 2,13 0.001 -1 1 2,14 0.001 -1 1 15.0151 215 13,2 0.001 1 1 14,2 0.001 0 1 13,1 0.001 -1 0 34.0282 230 14,13 0.001 1 1 13,13 0.001 1 -1 14,14 0.001 -1 0 15.0391 215 ::f,0,15 f,2,0 f,13,3 f,15,15 
110:2,2 0.001 0 1 0,3 0.003 -1 1 2,1 0.001 -1 1 46.0244 260 1,13 0.001 0 1 1,14 0.001 -1 1 2,14 0.001 -1 0 15.0161 215 13,2 0.001 1 1 14,2 0.001 0 1 13,1 0.001 -1 -1 34.0282 230 14,13 0.001 0 1 13,13 0.001 1 0 13,14 0.001 -1 0 15.0401 215 ::f,0,15 f,2,0 f,13,3 f,15,15 
111:2,2 0.001 -1 1 0,3 0.003 -1 1 1,2 0.001 -1 1 46.0254 260 1,13 0.001 0 1 1,14 0.001 -1 1 2,14 0.001 -1 0 19.0162 230 13,2 0.001 0 1 14,2 0.001 -1 1 13,1 0.001 -1 -1 34.0282 230 14,14 0.001 0 1 14,13 0.001 1 0 13,14 0.001 -1 0 15.0421 215 ::f,2,0 f,2,12 f,13,3 f,15,15 
112:2,2 0.001 -1 1 0,3 0.003 -1 1 1,2 0.001 -1 1 46.0254 260 1,13 0.001 -1 1 1,14 0.001 -1 0 2,14 0.001 -1 0 19.0162 230 13,2 0.001 0 1 14,2 0.001 -1 1 13,1 0.001 0 -1 38.0283 245 14,14 0.001 0 1 14,13 0.001 1 0 13,14 0.001 -1 -1 15.0421 215 ::f,2,0 f,2,12 f,12,0 f,15,15 
113:2,2 0.001 -1 0 0,3 0.003 -1 1 1,2 0.001 -1 0 46.0254 260 1,13 0.001 -1 1 1,14 0.001 -1 0 2,14 0.001 -1 -1 19.0162 230 13,2 0.001 -1 1 14,2 0.001 -1 0 13,1 0.001 0 -1 38.0283 245 14,14 0.001 -1 1 14,13 0.001 1 1 13,14 0.001 -1 -1 15.0421 215 ::f,2,0 f,2,12 f,12,0 f,15,15 
114:2,2 0.001 -1 0 0,3 0.003 -1 1 1,2 0.001 -1 0 46.0254 260 1,13 0.001 -1 0 1,14 0.001 -1 -1 2,14 0.001 -1 -1 19.0162 230 13,2 0.001 -1 1 14,2 0.001 -1 0 13,1 0.001 1 -1 38.0283 245 14,14 0.001 -1 1 14,13 0.001 1 1 13,14 0.001 0 -1 15.0421 215 ::f,2,0 f,2,12 f,12,0 f,15,15 
115:2,2 0.001 -1 0 0,3 0.003 -1 1 1,2 0.001 -1 -1 46.0254 260 1,13 0.001 -1 0 1,14 0.001 -1 -1 2,14 0.001 0 -1 19.0162 230 13,2 0.001 -1 0 14,2 0.001 -1 0 13,1 0.001 1 -1 38.0283 245 14,14 0.001 -1 0 14,13 0.001 0 1 13,13 0.001 0 -1 15.0431 215 ::f,2,0 f,2,12 f,12,0 f,15,15 
116:2,2 0.001 -1 -1 0,3 0.003 -1 1 1,2 0.001 -1 -1 46.0254 260 1,13 0.001 -1 -1 1,14 0.001 0 -1 2,13 0.001 0 -1 19.0172 230 13,2 0.001 -1 0 14,2 0.001 -1 -1 13,1 0.001 1 0 38.0283 245 13,14 0.001 -1 0 14,14 0.001 0 1 13,13 0.001 0 -1 15.0451 215 ::f,2,0 f,2,12 f,12,0 f,15,15 
117:2,2 0.001 -1 -1 0,3 0.003 -1 1 1,2 0.001 0 -1 46.0254 260 1,13 0.001 -1 -1 1,14 0.001 0 -1 2,13 0.001 0 -1 23.0173 245 13,2 0.001 -1 -1 14,2 0.001 -1 -1 14,1 0.001 1 0 38.0293 245 13,14 0.001 -1 0 14,14 0.001 0 1 13,13 0.001 1 -1 15.0451 215 ::f,0,15 f,2,0 f,12,0 f,15,15 
118:2,2 0.001 0 -1 0,3 0.003 -1 1 1,1 0.001 0 -1 46.0264 260 1,13 0.001 0 -1 1,14 0.001 0 -1 2,13 0.001 1 -1 23.0173 245 13,2 0.001 -1 -1 14,2 0.001 -1 -1 14,1 0.001 1 0 38.0293 245 13,14 0.001 -1 -1 14,14 0.001 -1 1 13,13 0.001 1 -1 15.0451 215 ::f,0,15 f,2,0 f,12,0 f,15,15 
119:2,1 0.001 0 -1 0,3 0.003 -1 1 1,1 0.001 0 -1 46.0274 260 1,13 0.001 0 -1 1,14 0.001 1 -1 2,13 0.001 1 -1 23.0173 245 13,2 0.001 0 -1 14,2 0.001 0 -1 14,1 0.001 1 1 38.0293 245 13,14 0.001 -1 -1 14,14 0.001 -1 1 13,13 0.001 1 0 15.0451 215 ::f,0,15 f,2,0 f,12,0 f,15,15 
120:2,1 0.001 0 -1 0,3 0.003 -1 1 1,1 0.001 1 -1 51.0275 275 1,13 0.001 1 -1 1,14 0.001 1 -1 2,13 0.001 1 0 23.0173 245 13,1 0.001 0 -1 14,2 0.001 0 -1 14,1 0.001 1 1 38.0303 245 13,14 0.001 0 -1 14,14 0.001 -1 0 14,13 0.001 1 0 15.0461 215 ::f,0,0 f,0,15 f,12,0 f,15,15 
121:2,1 0.001 1 -1 0,3 0.003 -1 1 1,1 0.001 1 -1 51.0275 275 1,13 0.001 1 -1 1,14 0.001 1 0 2,13 0.001 1 0 23.0173 245 13,1 0.001 0 -1 14,2 0.001 1 -1 14,1 0.001 0 1 38.0303 245 13,13 0.001 0 -1 13,14 0.001 -1 0 14,13 0.001 1 0 15.0481 215 ::f,0,0 f,0,15 f,12,0 f,15,15 
122:2,1 0.001 1 -1 0,3 0.003 -1 1 1,1 0.001 1 0 51.0275 275 1,13 0.001 1 0 1,14 0.001 1 0 2,13 0.001 1 1 23.0173 245 13,1 0.001 1 -1 14,2 0.001 1 -1 14,1 0.001 0 1 38.0303 245 13,13 0.001 0 -1 13,14 0.001 -1 0 14,13 0.001 1 1 15.0481 215 ::f,0,0 f,0,15 f,12,0 f,15,15 
123:2,1 0.001 1 0 0,3 0.003 -1 1 1,1 0.001 1 0 51.0275 275 1,13 0.001 1 0 1,14 0.001 1 1 2,13 0.001 1 1 23.0173 245 13,1 0.001 1 -1 14,2 0.001 1 0 14,1 0.001 0 1 38.0303 245 13,13 0.001 1 -1 13,14 0.001 -1 -1 14,13 0.001 1 1 15.0481 215 ::f,0,0 f,0,15 f,12,0 f,15,15 
124:2,1 0.001 1 0 0,3 0.003 -1 1 1,1 0.001 1 0 51.0275 275 1,13 0.001 1 0 1,14 0.001 1 1 2,13 0.001 0 1 23.0173 245 13,1 0.001 1 0 14,2 0.001 1 0 14,1 0.001 -1 1 38.0303 245 13,13 0.001 1 -1 13,14 0.001 -1 -1 14,13 0.001 0 1 15.0481 215 ::f,0,0 f,0,15 f,12,0 f,15,15 
125:2,1 0.001 1 1 0,3 0.003 -1 1 1,1 0.001 1 1 51.0275 275 1,13 0.001 1 1 1,14 0.001 0 1 2,14 0.001 0 1 23.0183 245 13,1 0.001 1 0 14,2 0.001 1 1 14,1 0.001 -1 1 38.0303 245 13,13 0.001 1 0 13,14 0.001 0 -1 14,14 0.001 0 1 15.0491 215 ::f,0,0 f,0,15 f,12,0 f,15,15 
126:2,1 0.001 1 1 0,3 0.003 -1 1 1,1 0.001 1 1 51.0275 275 1,13 0.001 1 1 1,14 0.001 0 1 2,14 0.001 0 1 23.0183 245 13,1 0.001 1 0 14,2 0.001 1 1 14,1 0.001 -1 0 38.0303 245 14,13 0.001 1 0 13,13 0.001 0 -1 14,14 0.001 0 1 15.0511 215 ::f,0,0 f,0,15 f,12,0 f,15,15 
127:2,1 0.001 0 1 0,3 0.003 -1 1 1,1 0.001 0 1 51.0275 275 1,13 0.001 0 1 1,14 0.001 -1 1 2,14 0.001 -1 1 23.0183 245 13,1 0.001 1 1 14,2 0.001 0 1 14,1 0.001 -1 0 38.0303 245 14,13 0.001 1 0 13,13 0.001 0 -1 14,14 0.001 -1 1 15.0511 215 ::f,0,0 f,0,15 f,12,0 f,15,15 
128:2,2 0.001 0 1 0,3 0.003 -1 1 1,1 0.001 0 1 51.0285 275 1,13 0.001 0 1 1,14 0.001 -1 1 2,14 0.001 -1 1 28.0184 260 13,1 0.001 1 1 14,2 0.001 0 1 14,1 0.001 -1 -1 38.0303 245 14,13 0.001 1 1 13,13 0.001 1 -1 14,14 0.001 -1 1 15.0511 215 ::f,0,0 f,2,13 f,12,0 f,15,15 
129:2,2 0.001 0 1 0,3 0.003 -1 1 1,1 0.001 -1 1 51.0285 275 1,13 0.001 -1 1 1,14 0.001 -1 0 2,14 0.001 -1 0 28.0184 260 13,1 0.001 0 1 14,2 0.001 -1 1 14,1 0.001 -1 -1 38.0303 245 14,13 0.001 1 1 13,13 0.001 1 -1 14,14 0.001 -1 0 15.0511 215 ::f,0,0 f,2,13 f,12,0 f,15,15 
130:2,2 0.001 -1 1 0,3 0.003 -1 1 1,1 0.001 -1 1 51.0285 275 1,13 0.001 -1 1 1,14 0.001 -1 0 2,14 0.001 -1 0 28.0184 260 13,1 0.001 0 1 14,2 0.001 -1 1 14,1 0.001 0 -1 38.0303 245 14,13 0.001 0 1 13,13 0.001 1 0 13,14 0.001 -1 0 15.0521 215 ::f,0,0 f,2,13 f,12,0 f,15,15 
131:2,2 0.001 -1 1 0,3 0.003 -1 1 1,1 0.001 -1 0 51.0285 275 1,13 0.001 -1 0 1,14 0.001 -1 -1 2,14 0.001 -1 0 28.0184 260 13,1 0.001 -1 1 14,2 0.001 -1 0 14,1 0.001 0 -1 38.0303 245 14,14 0.001 0 1 14,13 0.001 1 0 13,14 0.001 -1 0 15.0541 215 ::f,0,0 f,2,13 f,12,0 f,15,15 
132:2,2 0.001 -1 0 0,3 0.003 -1 1 1,1 0.001 -1 0 51.0285 275 1,13 0.001 -1 0 1,14 0.001 -1 -1 2,14 0.001 -1 -1 28.0184 260 13,1 0.001 -1 1 13,2 0.001 -1 0 14,1 0.001 1 -1 38.0313 245 14,14 0.001 0 1 14,13 0.001 1 0 13,14 0.001 -1 -1 15.0541 215 ::f,0,0 f,2,13 f,12,0 f,15,15 
133:1,2 0.001 -1 0 0,3 0.003 -1 1 1,1 0.001 -1 -1 51.0295 275 1,13 0.001 -1 -1 1,14 0.001 0 -1 2,14 0.001 -1 -1 28.0184 260 13,1 0.001 -1 0 13,2 0.001 -1 0 14,1 0.001 1 -1 38.0313 245 14,14 0.001 -1 1 14,13 0.001 1 1 13,14 0.001 -1 -1 15.0541 215 ::f,0,0 f,2,13 f,12,0 f,15,15 
134:1,2 0.001 -1 0 0,3 0.003 -1 1 1,1 0.001 -1 -1 60.0296 290 1,13 0.001 -1 -1 1,14 0.001 0 -1 2,14 0.001 0 -1 28.0184 260 13,1 0.001 -1 0 13,2 0.001 -1 -1 14,1 0.001 1 0 38.0313 245 14,14 0.001 -1 1 14,13 0.001 1 1 13,14 0.001 0 -1 15.0541 215 ::f,1,3 f,2,13 f,12,0 f,15,15 
135:1,2 0.001 -1 -1 0,3 0.003 -1 1 1,1 0.001 0 -1 60.0296 290 1,13 0.001 0 -1 1,14 0.001 0 -1 2,14 0.001 0 -1 33.0185 275 13,1 0.001 -1 -1 13,2 0.001 -1 -1 14,1 0.001 1 0 38.0313 245 14,14 0.001 -1 0 14,13 0.001 0 1 13,13 0.001 0 -1 15.0551 215 ::f,1,3 f,2,12 f,12,0 f,15,15 
136:1,2 0.001 -1 -1 0,3 0.003 -1 1 1,1 0.001 0 -1 60.0296 290 1,13 0.001 0 -1 1,14 0.001 1 -1 2,13 0.001 0 -1 33.0195 275 13,1 0.001 -1 -1 13,2 0.001 0 -1 14,1 0.001 1 1 43.0314 260 13,14 0.001 -1 0 14,14 0.001 0 1 13,13 0.001 0 -1 15.0571 215 ::f,1,3 f,2,12 f,14,2 f,15,15 
137:1,2 0.001 0 -1 0,3 0.003 -1 1 1,1 0.001 1 -1 60.0296 290 1,13 0.001 1 -1 1,14 0.001 1 -1 2,13 0.001 0 -1 39.0196 290 13,1 0.001 0 -1 13,2 0.001 0 -1 14,1 0.001 1 1 43.0314 260 13,14 0.001 -1 0 14,14 0.001 0 1 13,13 0.001 1 -1 15.0571 215 ::f,0,13 f,1,3 f,14,2 f,15,15 
138:1,2 0.001 0 -1 0,3 0.003 -1 1 1,1 0.001 1 -1 60.0296 290 1,13 0.001 1 -1 1,14 0.001 1 0 2,13 0.001 1 -1 39.0196 290 13,1 0.001 0 -1 13,2 0.001 0 -1 14,1 0.001 0 1 43.0314 260 13,14 0.001 -1 -1 14,14 0.001 -1 1 13,13 0.001 1 -1 15.0571 215 ::f,0,13 f,1,3 f,14,2 f,15,15 
139:1,2 0.001 0 -1 0,3 0.003 -1 1 1,1 0.001 1 0 60.0296 290 1,13 0.001 1 0 1,14 0.001 1 0 2,13 0.001 1 -1 39.0196 290 13,1 0.001 1 -1 13,2 0.001 1 -1 14,1 0.001 0 1 43.0314 260 13,14 0.001 -1 -1 14,14 0.001 -1 1 13,13 0.001 1 0 15.0571 215 ::f,0,13 f,1,3 f,14,2 f,15,15 
140:1,2 0.001 1 -1 0,3 0.003 -1 1 2,1 0.001 1 0 60.0306 290 1,13 0.001 1 0 1,14 0.001 1 1 2,13 0.001 1 0 39.0196 290 13,1 0.001 1 -1 13,2 0.001 1 -1 14,1 0.001 0 1 51.0315 275 13,14 0.001 0 -1 14,14 0.001 -1 0 14,13 0.001 1 0 15.0581 215 ::f,0,13 f,1,3 f,12,3 f,15,15 
141:1,2 0.001 1 -1 0,3 0.003 -1 1 2,1 0.001 1 0 60.0306 290 1,13 0.001 1 0 1,14 0.001 1 1 2,13 0.001 1 0 39.0196 290 13,1 0.001 1 0 13,2 0.001 1 0 14,1 0.001 -1 1 51.0315 275 13,13 0.001 0 -1 13,14 0.001 -1 0 14,13 0.001 1 0 15.0601 215 ::f,0,13 f,1,3 f,12,3 f,15,15 
142:1,2 0.001 1 0 0,3 0.003 -1 1 2,1 0.001 1 1 60.0306 290 1,13 0.001 1 1 1,14 0.001 0 1 2,13 0.001 1 1 39.0196 290 13,1 0.001 1 0 13,2 0.001 1 0 14,1 0.001 -1 1 51.0315 275 13,13 0.001 0 -1 13,14 0.001 -1 0 14,13 0.001 1 1 15.0601 215 ::f,0,13 f,1,3 f,12,3 f,15,15 
143:1,2 0.001 1 0 0,3 0.003 -1 1 2,1 0.001 1 1 60.0306 290 1,13 0.001 1 1 1,14 0.001 0 1 2,13 0.001 1 1 39.0196 290 13,1 0.001 1 0 13,2 0.001 1 1 14,1 0.001 -1 1 51.0315 275 13,13 0.001 1 -1 13,14 0.001 -1 -1 14,13 0.001 1 1 15.0601 215 ::f,0,13 f,1,3 f,12,3 f,15,15 
144:1,2 0.001 1 1 0,3 0.003 -1 1 2,1 0.001 0 1 60.0306 290 1,13 0.001 0 1 1,14 0.001 -1 1 2,13 0.001 0 1 39.0196 290 13,1 0.001 1 1 13,2 0.001 1 1 14,1 0.001 -1 0 51.0315 275 13,13 0.001 1 -1 13,14 0.001 -1 -1 14,13 0.001 0 1 15.0601 215 ::f,0,13 f,1,3 f,12,3 f,15,15 
145:1,2 0.001 1 1 0,3 0.003 -1 1 2,2 0.001 0 1 60.0316 290 1,13 0.001 0 1 1,14 0.001 -1 1 2,14 0.001 0 1 39.0206 290 13,1 0.001 1 1 13,2 0.001 0 1 14,1 0.001 -1 0 51.0315 275 13,13 0.001 1 0 13,14 0.001 0 -1 14,14 0.001 0 1 15.0611 215 ::f,0,13 f,1,3 f,12,3 f,15,15 
146:1,2 0.001 0 1 0,3 0.003 -1 1 2,2 0.001 0 1 60.0316 290 1,13 0.001 -1 1 1,14 0.001 -1 0 2,14 0.001 0 1 39.0206 290 13,1 0.001 0 1 13,2 0.001 0 1 14,1 0.001 -1 -1 51.0315 275 14,13 0.001 1 0 13,13 0.001 0 -1 14,14 0.001 0 1 15.0631 215 ::f,0,13 f,1,3 f,12,3 f,15,15 
147:1,2 0.001 0 1 0,3 0.003 -1 1 2,2 0.001 -1 1 66.0317 305 1,13 0.001 -1 1 1,14 0.001 -1 0 2,14 0.001 -1 1 39.0206 290 13,1 0.001 0 1 13,2 0.001 -1 1 14,1 0.001 -1 -1 51.0315 275 14,13 0.001 1 0 13,13 0.001 0 -1 14,14 0.001 -1 1 15.0631 215 ::f,0,13 f,1,3 f,12,3 f,15,15 
148:1,2 0.001 -1 1 0,3 0.003 -1 1 2,2 0.001 -1 1 76.0318 320 1,13 0.001 -1 0 1,14 0.001 -1 -1 2,14 0.001 -1 1 39.0206 290 13,1 0.001 -1 1 13,2 0.001 -1 1 14,1 0.001 0 -1 51.0316 290 14,13 0.001 1 1 13,13 0.001 1 -1 14,14 0.001 -1 1 15.0631 215 ::f,0,1 f,0,13 f,15,0 f,15,15 
149:1,2 0.001 -1 1 0,3 0.003 -1 1 2,2 0.001 -1 0 76.0318 320 1,13 0.001 -1 0 1,14 0.001 -1 -1 2,14 0.001 -1 0 42.0207 305 13,1 0.001 -1 1 13,2 0.001 -1 0 14,1 0.001 0 -1 51.0316 290 14,13 0.001 1 1 13,13 0.001 1 -1 14,14 0.001 -1 0 15.0631 215 ::f,0,1 f,0,14 f,15,0 f,15,15 
150:1,2 0.001 -1 0 0,3 0.003 -1 1 2,2 0.001 -1 0 76.0318 320 1,13 0.001 -1 -1 1,14 0.001 0 -1 2,14 0.001 -1 0 42.0207 305 13,1 0.001 -1 0 13,2 0.001 -1 0 14,1 0.001 1 -1 51.0316 290 14,13 0.001 0 1 13,13 0.001 1 0 13,14 0.001 -1 0 15.0641 215 ::f,0,1 f,0,14 f,15,0 f,15,15 
151:1,2 0.001 -1 0 0,3 0.003 -1 1 2,2 0.001 -1 0 76.0318 320 1,13 0.001 -1 -1 1,14 0.001 0 -1 2,14 0.001 -1 0 42.0207 305 13,1 0.001 -1 0 13,2 0.001 -1 -1 14,1 0.001 1 -1 60.0317 305 14,14 0.001 0 1 14,13 0.001 1 0 13,14 0.001 -1 0 15.0661 215 ::f,0,1 f,0,14 f,13,3 f,15,15 
152:1,2 0.001 -1 -1 0,3 0.003 -1 1 2,2 0.001 -1 -1 76.0318 320 1,13 0.001 0 -1 1,14 0.001 0 -1 2,14 0.001 -1 -1 42.0207 305 13,1 0.001 -1 -1 13,2 0.001 -1 -1 14,1 0.001 1 0 60.0317 305 14,14 0.001 0 1 14,13 0.001 1 0 13,14 0.001 -1 -1 15.0661 215 ::f,0,1 f,0,14 f,13,3 f,15,15 
153:1,2 0.001 -1 -1 0,3 0.003 -1 1 2,2 0.001 -1 -1 83.0319 335 1,13 0.001 0 -1 1,14 0.001 1 -1 2,14 0.001 -1 -1 42.0207 305 13,1 0.001 -1 -1 13,2 0.001 0 -1 14,1 0.001 1 0 60.0317 305 14,14 0.001 -1 1 14,13 0.001 1 1 13,14 0.001 -1 -1 15.0661 215 ::f,0,14 f,1,0 f,13,3 f,15,15 
154:1,2 0.001 0 -1 0,3 0.003 -1 1 2,2 0.001 0 -1 83.0319 335 1,13 0.001 1 -1 1,14 0.001 1 -1 2,14 0.001 0 -1 42.0207 305 13,1 0.001 0 -1 13,2 0.001 0 -1 14,1 0.001 1 1 60.0317 305 14,14 0.001 -1 1 14,13 0.001 1 1 13,14 0.001 0 -1 15.0661 215 ::f,0,14 f,1,0 f,13,3 f,15,15 
155:1,1 0.001 0 -1 0,3 0.003 -1 1 2,2 0.001 0 -1 83.0329 335 1,13 0.001 1 -1 1,14 0.001 1 0 2,14 0.001 0 -1 42.0207 305 13,1 0.001 0 -1 13,2 0.001 0 -1 14,1 0.001 1 1 60.0317 305 14,14 0.001 -1 0 14,13 0.001 0 1 13,13 0.001 0 -1 15.0671 215 ::f,0,14 f,1,0 f,13,3 f,15,15 
156:1,1 0.001 0 -1 0,3 0.003 -1 1 2,2 0.001 1 -1 91.033 350 1,13 0.001 1 0 1,14 0.001 1 0 2,14 0.001 1 -1 42.0207 305 13,1 0.001 1 -1 13,2 0.001 1 -1 14,1 0.001 0 1 60.0317 305 13,14 0.001 -1 0 14,14 0.001 0 1 13,13 0.001 0 -1 15.0691 215 ::f,0,14 f,3,1 f,13,3 f,15,15 
157:1,1 0.001 1 -1 0,3 0.003 -1 1 2,2 0.001 1 -1 101.033 365 2,13 0.001 1 0 1,14 0.001 1 1 2,14 0.001 1 -1 42.0217 305 13,1 0.001 1 -1 13,2 0.001 1 -1 14,2 0.001 0 1 60.0327 305 13,14 0.001 -1 0 14,14 0.001 0 1 13,13 0.001 1 -1 15.0691 215 ::f,0,14 f,2,1 f,13,3 f,15,15 
158:1,1 0.001 1 -1 0,3 0.003 -1 1 2,2 0.001 1 0 101.033 365 2,13 0.001 1 0 1,14 0.001 1 1 2,14 0.001 1 0 42.0217 305 13,1 0.001 1 0 13,2 0.001 1 0 14,2 0.001 0 1 60.0327 305 13,14 0.001 -1 -1 14,14 0.001 -1 1 13,13 0.001 1 -1 15.0691 215 ::f,0,14 f,2,1 f,13,3 f,15,15 
159:1,1 0.001 1 0 0,3 0.003 -1 1 2,2 0.001 1 0 101.033 365 2,13 0.001 1 1 1,14 0.001 0 1 2,14 0.001 1 0 42.0217 305 14,1 0.001 1 0 13,2 0.001 1 0 14,2 0.001 -1 1 60.0337 305 13,14 0.001 -1 -1 14,14 0.001 -1 1 13,13 0.001 1 0 15.0691 215 ::f,0,14 f,2,1 f,13,3 f,15,15 
160:1,1 0.001 1 0 0,3 0.003 -1 1 2,2 0.001 1 1 101.033 365 2,13 0.001 1 1 1,14 0.001 0 1 2,14 0.001 1 1 42.0217 305 14,1 0.001 1 0 13,2 0.001 1 1 14,2 0.001 -1 1 70.0338 320 13,14 0.001 0 -1 14,14 0.001 -1 0 14,13 0.001 1 0 15.0701 215 ::f,0,14 f,2,1 f,12,3 f,15,15 
161:1,1 0.001 1 0 0,3 0.003 -1 1 2,2 0.001 1 1 110.033 380 2,13 0.001 0 1 1,14 0.001 -1 1 2,14 0.001 1 1 42.0217 305 14,1 0.001 1 1 13,2 0.001 1 1 14,2 0.001 -1 0 70.0338 320 13,13 0.001 0 -1 13,14 0.001 -1 0 14,13 0.001 1 0 15.0721 215 ::f,0,1 f,0,14 f,12,3 f,15,15 
162:1,1 0.001 1 1 0,3 0.003 -1 1 2,2 0.001 0 1 110.033 380 2,13 0.001 0 1 1,14 0.001 -1 1 2,14 0.001 0 1 42.0217 305 14,1 0.001 1 1 13,2 0.001 0 1 14,2 0.001 -1 0 70.0338 320 13,13 0.001 0 -1 13,14 0.001 -1 0 14,13 0.001 1 1 15.0721 215 ::f,0,1 f,0,14 f,12,3 f,15,15 
163:1,1 0.001 1 1 0,3 0.003 -1 1 2,2 0.001 0 1 110.033 380 2,13 0.001 0 1 1,14 0.001 -1 0 2,14 0.001 0 1 42.0217 305 14,1 0.001 0 1 13,2 0.001 0 1 14,2 0.001 -1 0 70.0338 320 13,13 0.001 1 -1 13,14 0.001 -1 -1 14,13 0.001 1 1 15.0721 215 ::f,0,1 f,0,14 f,12,3 f,15,15 
164:1,1 0.001 0 1 0,3 0.003 -1 1 2,2 0.001 -1 1 110.033 380 2,13 0.001 -1 1 1,14 0.001 -1 0 2,14 0.001 -1 1 48.0218 320 14,1 0.001 0 1 13,2 0.001 -1 1 14,2 0.001 -1 -1 70.0338 320 13,13 0.001 1 -1 13,14 0.001 -1 -1 14,13 0.001 0 1 15.0721 215 ::f,0,1 f,3,15 f,12,3 f,15,15 
165:1,1 0.001 0 1 0,3 0.003 -1 1 2,2 0.001 -1 1 110.033 380 2,13 0.001 -1 1 1,14 0.001 -1 -1 2,14 0.001 -1 1 48.0218 320 14,1 0.001 0 1 13,2 0.001 -1 1 14,2 0.001 -1 -1 71.0339 335 13,13 0.001 1 0 13,14 0.001 0 -1 14,14 0.001 0 1 15.0731 215 ::f,0,1 f,3,15 f,15,0 f,15,15 
166:1,1 0.001 -1 1 0,3 0.003 -1 1 2,2 0.001 -1 0 110.033 380 2,13 0.001 -1 0 1,14 0.001 -1 -1 2,14 0.001 -1 0 48.0218 320 14,1 0.001 -1 1 13,2 0.001 -1 0 14,2 0.001 0 -1 71.0339 335 14,13 0.001 1 0 13,13 0.001 0 -1 14,14 0.001 0 1 15.0751 215 ::f,0,1 f,3,15 f,15,0 f,15,15 
167:1,1 0.001 -1 1 0,3 0.003 -1 1 1,2 0.001 -1 0 110.034 380 2,13 0.001 -1 0 1,14 0.001 0 -1 2,14 0.001 -1 0 48.0218 320 14,1 0.001 -1 1 13,2 0.001 -1 0 14,2 0.001 0 -1 71.0339 335 14,13 0.001 1 0 13,13 0.001 0 -1 14,14 0.001 -1 1 15.0751 215 ::f,0,1 f,3,15 f,15,0 f,15,15 
168:1,1 0.001 -1 0 0,3 0.003 -1 1 1,2 0.001 -1 0 110.034 380 2,13 0.001 -1 -1 1,13 0.001 0 -1 2,14 0.001 -1 0 48.0228 320 14,1 0.001 -1 0 13,2 0.001 -1 -1 14,2 0.001 1 -1 71.0339 335 14,13 0.001 1 1 13,13 0.001 1 -1 14,14 0.001 -1 1 15.0751 215 ::f,0,1 f,3,15 f,15,0 f,15,15 
169:1,1 0.001 -1 0 0,3 0.003 -1 1 1,2 0.001 -1 -1 120.034 395 2,13 0.001 -1 -1 1,13 0.001 0 -1 2,14 0.001 -1 -1 48.0228 320 14,1 0.001 -1 0 13,2 0.001 -1 -1 14,2 0.001 1 -1 71.0339 335 14,13 0.001 1 1 13,13 0.001 1 -1 14,14 0.001 -1 0 15.0751 215 ::f,3,3 f,3,15 f,15,0 f,15,15 
170:1,1 0.001 -1 -1 0,3 0.003 -1 1 1,2 0.001 -1 -1 120.034 395 2,13 0.001 0 -1 1,13 0.001 1 -1 2,14 0.001 -1 -1 48.0228 320 14,1 0.001 -1 -1 13,2 0.001 0 -1 14,2 0.001 1 0 71.0339 335 14,13 0.001 0 1 13,13 0.001 1 0 13,14 0.001 -1 0 15.0761 215 ::f,3,3 f,3,15 f,15,0 f,15,15 
171:1,1 0.001 -1 -1 0,3 0.003 -1 1 1,2 0.001 0 -1 120.034 395 2,13 0.001 0 -1 1,13 0.001 1 -1 2,14 0.001 0 -1 48.0228 320 14,1 0.001 -1 -1 13,1 0.001 0 -1 14,2 0.001 1 0 71.0349 335 14,14 0.001 0 1 14,13 0.001 1 0 13,14 0.001 -1 0 15.0781 215 ::f,3,3 f,3,15 f,15,0 f,15,15 
172:1,1 0.001 0 -1 0,3 0.003 -1 1 1,2 0.001 0 -1 120.034 395 2,13 0.001 1 -1 1,13 0.001 1 0 2,14 0.001 0 -1 48.0228 320 14,1 0.001 0 -1 13,1 0.001 0 -1 14,2 0.001 1 1 71.0349 335 14,14 0.001 0 1 14,13 0.001 1 0 13,14 0.001 -1 -1 15.0781 215 ::f,3,3 f,3,15 f,15,0 f,15,15 
173:1,1 0.001 0 -1 0,3 0.003 -1 1 1,2 0.001 0 -1 120.034 395 2,13 0.001 1 -1 1,13 0.001 1 0 2,14 0.001 1 -1 48.0228 320 14,1 0.001 0 -1 13,1 0.001 1 -1 14,2 0.001 1 1 71.0349 335 14,14 0.001 -1 1 14,13 0.001 1 1 13,14 0.001 -1 -1 15.0781 215 ::f,3,3 f,3,15 f,15,0 f,15,15 
174:1,1 0.001 1 -1 0,3 0.003 -1 1 1,2 0.001 1 -1 120.034 395 2,13 0.001 1 0 1,13 0.001 1 0 2,14 0.001 1 -1 48.0228 320 14,1 0.001 1 -1 13,1 0.001 1 -1 14,2 0.001 0 1 71.0349 335 14,14 0.001 -1 1 14,13 0.001 1 1 13,14 0.001 0 -1 15.0781 215 ::f,3,3 f,3,15 f,15,0 f,15,15 
175:1,1 0.001 1 -1 0,3 0.003 -1 1 1,2 0.001 1 -1 120.034 395 2,13 0.001 1 0 1,13 0.001 1 1 2,14 0.001 1 0 48.0228 320 14,1 0.001 1 -1 13,1 0.001 1 0 14,2 0.001 0 1 87.0351 365 14,14 0.001 -1 0 14,13 0.001 0 1 13,13 0.001 0 -1 15.0791 215 ::f,3,3 f,3,15 f,12,3 f,15,15 
176:1,1 0.001 1 0 0,3 0.003 -1 1 1,2 0.001 1 0 120.034 395 2,13 0.001 1 1 1,13 0.001 1 1 2,14 0.001 1 0 48.0228 320 14,1 0.001 1 0 13,1 0.001 1 0 14,2 0.001 -1 1 87.0351 365 13,14 0.001 -1 0 14,14 0.001 0 1 13,13 0.001 0 -1 15.0811 215 ::f,3,3 f,3,15 f,12,3 f,15,15 
177:2,1 0.001 1 0 0,3 0.003 -1 1 1,2 0.001 1 0 120.035 395 2,13 0.001 1 1 1,13 0.001 1 1 2,14 0.001 1 1 48.0228 320 14,1 0.001 1 0 13,1 0.001 1 0 14,2 0.001 -1 1 87.0351 365 13,14 0.001 -1 0 14,14 0.001 0 1 13,13 0.001 1 -1 15.0811 215 ::f,3,3 f,3,15 f,12,3 f,15,15 
178:2,1 0.001 1 0 0,3 0.003 -1 1 1,2 0.001 1 1 120.035 395 2,13 0.001 0 1 1,13 0.001 0 1 2,14 0.001 1 1 55.0229 335 14,1 0.001 1 1 13,1 0.001 1 1 14,2 0.001 -1 0 87.0351 365 13,14 0.001 -1 -1 14,14 0.001 -1 1 13,13 0.001 1 -1 15.0811 215 ::f,3,3 f,3,14 f,12,3 f,15,15 
179:2,1 0.001 1 1 0,3 0.003 -1 1 1,2 0.001 1 1 120.035 395 2,13 0.001 0 1 1,13 0.001 0 1 2,14 0.001 0 1 55.0229 335 14,1 0.001 1 1 13,1 0.001 1 1 13,2 0.001 -1 0 87.0361 365 13,14 0.001 -1 -1 14,14 0.001 -1 1 13,13 0.001 1 0 15.0811 215 ::f,3,3 f,3,14 f,12,3 f,15,15 
180:2,1 0.001 1 1 0,3 0.003 -1 1 1,2 0.001 0 1 120.035 395 2,13 0.001 0 1 1,13 0.001 -1 1 2,14 0.001 0 1 55.0229 335 14,1 0.001 0 1 13,1 0.001 0 1 13,2 0.001 -1 0 87.0361 365 13,14 0.001 0 -1 14,14 0.001 -1 0 14,13 0.001 1 0 15.0821 215 ::f,3,3 f,3,14 f,12,3 f,15,15 
181:2,1 0.001 0 1 0,3 0.003 -1 1 1,2 0.001 0 1 120.035 395 2,13 0.001 -1 1 1,13 0.001 -1 1 2,14 0.001 -1 1 55.0229 335 14,2 0.001 0 1 13,1 0.001 0 1 13,2 0.001 -1 -1 87.0371 365 13,13 0.001 0 -1 13,14 0.001 -1 0 14,13 0.001 1 0 15.0841 215 ::f,3,3 f,3,14 f,12,3 f,15,15 
182:2,2 0.001 0 1 0,3 0.003 -1 1 1,2 0.001 -1 1 120.036 395 2,13 0.001 -1 1 1,13 0.001 -1 0 2,14 0.001 -1 1 55.0229 335 14,2 0.001 0 1 13,1 0.001 -1 1 13,2 0.001 -1 -1 87.0371 365 13,13 0.001 0 -1 13,14 0.001 -1 0 14,13 0.001 1 1 15.0841 215 ::f,3,3 f,3,14 f,12,3 f,15,15 
183:2,2 0.001 0 1 0,3 0.003 -1 1 1,2 0.001 -1 1 120.036 395 2,13 0.001 -1 0 1,13 0.001 -1 0 2,14 0.001 -1 0 55.0229 335 14,2 0.001 -1 1 13,1 0.001 -1 1 13,2 0.001 0 -1 87.0371 365 13,13 0.001 1 -1 13,14 0.001 -1 -1 14,13 0.001 1 1 15.0841 215 ::f,3,3 f,3,14 f,12,3 f,15,15 
184:2,2 0.001 -1 1 0,3 0.003 -1 1 1,2 0.001 -1 0 120.036 395 2,13 0.001 -1 0 1,13 0.001 -1 -1 1,14 0.001 -1 0 55.0239 335 14,2 0.001 -1 1 13,1 0.001 -1 0 13,2 0.001 0 -1 87.0371 365 13,13 0.001 1 -1 13,14 0.001 -1 -1 14,13 0.001 0 1 15.0841 215 ::f,3,3 f,3,14 f,12,3 f,15,15 
185:2,2 0.001 -1 1 0,3 0.003 -1 1 1,2 0.001 -1 0 120.036 395 2,13 0.001 -1 -1 1,13 0.001 -1 -1 1,14 0.001 -1 0 55.0239 335 14,2 0.001 -1 0 13,1 0.001 -1 0 13,2 0.001 0 -1 87.0371 365 13,13 0.001 1 0 13,14 0.001 0 -1 14,14 0.001 0 1 15.0851 215 ::f,3,3 f,3,14 f,12,3 f,15,15 
186:2,2 0.001 -1 0 0,3 0.003 -1 1 1,2 0.001 -1 -1 120.036 395 2,13 0.001 -1 -1 1,13 0.001 0 -1 1,14 0.001 -1 -1 55.0239 335 14,2 0.001 -1 0 13,1 0.001 -1 -1 13,2 0.001 1 -1 87.0371 365 14,13 0.001 1 0 13,13 0.001 0 -1 14,14 0.001 0 1 15.0871 215 ::f,3,3 f,3,14 f,12,3 f,15,15 
187:2,2 0.001 -1 0 0,3 0.003 -1 1 1,2 0.001 -1 -1 120.036 395 2,13 0.001 0 -1 1,13 0.001 0 -1 1,14 0.001 -1 -1 55.0239 335 14,2 0.001 -1 0 13,1 0.001 -1 -1 13,2 0.001 1 -1 87.0371 365 14,13 0.001 1 0 13,13 0.001 0 -1 14,14 0.001 -1 1 15.0871 215 ::f,3,3 f,3,14 f,12,3 f,15,15 
188:2,2 0.001 -1 0 0,3 0.003 -1 1 1,2 0.001 0 -1 120.036 395 2,13 0.001 0 -1 1,13 0.001 1 -1 1,14 0.001 0 -1 55.0239 335 14,2 0.001 -1 -1 13,1 0.001 0 -1 13,2 0.001 1 0 87.0371 365 14,13 0.001 1 1 13,13 0.001 1 -1 14,14 0.001 -1 1 15.0871 215 ::f,3,3 f,3,14 f,12,3 f,15,15 
189:2,2 0.001 -1 -1 0,3 0.003 -1 1 1,1 0.001 0 -1 120.037 395 2,13 0.001 1 -1 1,13 0.001 1 -1 1,14 0.001 0 -1 55.0239 335 14,2 0.001 -1 -1 13,1 0.001 0 -1 13,2 0.001 1 0 87.0371 365 14,13 0.001 1 1 13,13 0.001 1 -1 14,14 0.001 -1 0 15.0871 215 ::f,3,3 f,3,14 f,12,3 f,15,15 
190:2,2 0.001 -1 -1 0,3 0.003 -1 1 1,1 0.001 0 -1 120.037 395 2,13 0.001 1 -1 1,13 0.001 1 0 1,14 0.001 0 -1 55.0239 335 14,2 0.001 0 -1 13,1 0.001 1 -1 13,2 0.001 1 1 87.0371 365 14,13 0.001 0 1 13,13 0.001 1 0 13,14 0.001 -1 0 15.0881 215 ::f,3,3 f,3,14 f,12,3 f,15,15 
191:2,2 0.001 0 -1 0,3 0.003 -1 1 1,1 0.001 1 -1 120.037 395 2,13 0.001 1 0 1,13 0.001 1 0 1,14 0.001 1 -1 55.0239 335 14,2 0.001 0 -1 13,1 0.001 1 -1 13,2 0.001 1 1 87.0371 365 14,14 0.001 0 1 14,13 0.001 1 0 13,14 0.001 -1 0 15.0901 215 ::f,3,3 f,3,14 f,12,3 f,15,15 
192:2,2 0.001 0 -1 0,3 0.003 -1 1 1,1 0.001 1 -1 120.037 395 2,13 0.001 1 0 1,13 0.001 1 0 1,14 0.001 1 -1 55.0239 335 14,2 0.001 1 -1 13,1 0.001 1 0 13,2 0.001 0 1 87.0371 365 14,14 0.001 0 1 14,13 0.001 1 0 13,14 0.001 -1 -1 15.0901 215 ::f,3,3 f,3,14 f,12,3 f,15,15 
193:2,2 0.001 1 -1 0,3 0.003 -1 1 1,1 0.001 1 0 120.037 395 2,13 0.001 1 1 1,13 0.001 1 1 1,14 0.001 1 0 55.0239 335 14,2 0.001 1 -1 14,1 0.001 1 0 13,2 0.001 0 1 87.0381 365 14,14 0.001 -1 1 14,13 0.001 1 1 13,14 0.001 -1 -1 15.0901 215 ::f,3,3 f,3,14 f,12,3 f,15,15 
194:2,2 0.001 1 -1 0,3 0.003 -1 1 2,1 0.001 1 0 120.038 395 2,13 0.001 1 1 1,13 0.001 1 1 1,14 0.001 1 0 59.024 350 14,2 0.001 1 0 14,1 0.001 1 0 13,2 0.001 -1 1 87.0381 365 14,14 0.001 -1 1 14,13 0.001 1 1 13,14 0.001 0 -1 15.0901 215 ::f,0,15 f,3,3 f,12,3 f,15,15 
195:2,2 0.001 1 0 0,3 0.003 -1 1 2,1 0.001 1 0 120.038 395 2,13 0.001 0 1 1,13 0.001 0 1 1,14 0.001 1 1 59.024 350 14,2 0.001 1 0 14,1 0.001 1 1 13,2 0.001 -1 1 97.0382 380 14,14 0.001 -1 0 14,13 0.001 0 1 13,13 0.001 0 -1 15.0911 215 ::f,0,15 f,3,3 f,15,3 f,15,15 
196:2,2 0.001 1 0 0,3 0.003 -1 1 2,1 0.001 1 1 120.038 395 2,14 0.001 0 1 1,13 0.001 0 1 1,14 0.001 1 1 59.025 350 14,2 0.001 1 1 14,1 0.001 1 1 13,2 0.001 -1 0 97.0382 380 13,14 0.001 -1 0 14,14 0.001 0 1 13,13 0.001 0 -1 15.0931 215 ::f,0,15 f,3,3 f,15,3 f,15,15 
197:2,2 0.001 1 1 0,3 0.003 -1 1 2,1 0.001 1 1 120.038 395 2,14 0.001 0 1 1,13 0.001 -1 1 1,14 0.001 0 1 59.025 350 14,2 0.001 1 1 14,1 0.001 0 1 13,2 0.001 -1 0 104.038 395 13,14 0.001 -1 0 14,14 0.001 0 1 13,13 0.001 1 -1 15.0931 215 ::f,0,15 f,3,3 f,15,3 f,15,15 
198:2,2 0.001 1 1 0,3 0.003 -1 1 2,1 0.001 0 1 130.038 410 2,14 0.001 -1 1 1,13 0.001 -1 1 1,14 0.001 0 1 59.025 350 14,2 0.001 0 1 14,1 0.001 0 1 13,2 0.001 -1 -1 104.038 395 13,14 0.001 -1 -1 14,14 0.001 -1 1 13,13 0.001 1 -1 15.0931 215 ::f,0,1 f,0,15 f,15,3 f,15,15 
199:2,2 0.001 0 1 0,3 0.003 -1 1 2,1 0.001 0 1 130.038 410 2,14 0.001 -1 1 1,13 0.001 -1 0 1,14 0.001 -1 1 59.025 350 14,2 0.001 0 1 14,1 0.001 0 1 13,2 0.001 -1 -1 104.038 395 13,14 0.001 -1 -1 14,14 0.001 -1 1 13,13 0.001 1 0 15.0931 215 ::f,0,1 f,0,15 f,15,3 f,15,15 
200:2,2 0.001 0 1 0,3 0.003 -1 1 2,1 0.001 0 1 130.038 410 2,14 0.001 -1 0 1,13 0.001 -1 0 1,14 0.001 -1 1 67.0251 365 14,2 0.001 -1 1 14,1 0.001 -1 1 13,2 0.001 0 -1 104.038 395 13,14 0.001 0 -1 14,14 0.001 -1 0 14,13 0.001 1 0 15.0941 215 ::f,0,1 f,1,15 f,15,3 f,15,15 
201:2,2 0.001 -1 1 0,3 0.003 -1 1 2,1 0.001 -1 1 130.038 410 2,14 0.001 -1 0 1,13 0.001 -1 -1 1,14 0.001 -1 0 67.0251 365 14,2 0.001 -1 1 14,1 0.001 -1 1 13,1 0.001 0 -1 104.039 395 13,13 0.001 0 -1 13,14 0.001 -1 0 14,13 0.001 1 0 15.0961 215 ::f,0,1 f,1,15 f,15,3 f,15,15 
202:2,2 0.001 -1 1 0,3 0.003 -1 1 1,2 0.001 -1 1 130.039 410 2,14 0.001 -1 0 1,13 0.001 -1 -1 1,14 0.001 -1 0 67.0251 365 14,2 0.001 -1 0 14,1 0.001 -1 0 13,1 0.001 0 -1 104.039 395 13,13 0.001 0 -1 13,14 0.001 -1 0 14,13 0.001 1 1 15.0961 215 ::f,0,1 f,1,15 f,15,3 f,15,15 
203:2,2 0.001 -1 0 0,3 0.003 -1 1 1,2 0.001 -1 1 130.039 410 2,14 0.001 -1 -1 1,13 0.001 0 -1 1,14 0.001 -1 -1 67.0251 365 13,2 0.001 -1 0 14,1 0.001 -1 0 13,1 0.001 1 -1 104.04 395 13,13 0.001 1 -1 13,14 0.001 -1 -1 14,13 0.001 1 1 15.0961 215 ::f,0,1 f,1,15 f,15,3 f,15,15 
204:2,2 0.001 -1 0 0,3 0.003 -1 1 1,2 0.001 -1 0 130.039 410 2,14 0.001 -1 -1 1,13 0.001 0 -1 1,14 0.001 -1 -1 67.0251 365 13,2 0.001 -1 0 14,1 0.001 -1 -1 13,1 0.001 1 -1 104.04 395 13,13 0.001 1 -1 13,14 0.001 -1 -1 14,13 0.001 0 1 15.0961 215 ::f,0,1 f,1,15 f,15,3 f,15,15 
205:2,2 0.001 -1 0 0,3 0.003 -1 1 1,2 0.001 -1 0 130.039 410 2,14 0.001 0 -1 1,13 0.001 1 -1 1,14 0.001 0 -1 67.0251 365 13,2 0.001 -1 -1 14,1 0.001 -1 -1 13,1 0.001 1 0 104.04 395 13,13 0.001 1 0 13,14 0.001 0 -1 14,14 0.001 0 1 15.0971 215 ::f,0,1 f,1,15 f,15,3 f,15,15 
206:2,2 0.001 -1 -1 0,3 0.003 -1 1 1,2 0.001 -1 -1 130.039 410 2,14 0.001 0 -1 1,13 0.001 1 -1 1,14 0.001 0 -1 67.0251 365 13,2 0.001 -1 -1 14,1 0.001 0 -1 13,1 0.001 1 0 104.04 395 14,13 0.001 1 0 13,13 0.001 0 -1 14,14 0.001 0 1 15.0991 215 ::f,0,1 f,1,15 f,15,3 f,15,15 
207:2,2 0.001 -1 -1 0,3 0.003 -1 1 1,2 0.001 -1 -1 140.04 425 2,14 0.001 1 -1 1,13 0.001 1 0 1,14 0.001 0 -1 67.0251 365 13,2 0.001 0 -1 14,1 0.001 0 -1 13,1 0.001 1 0 104.04 395 14,13 0.001 1 0 13,13 0.001 0 -1 14,14 0.001 -1 1 15.0991 215 ::f,0,0 f,1,15 f,15,3 f,15,15 
208:1,1 0.001 -1 -1 0,3 0.003 -1 1 1,2 0.001 0 -1 140.041 425 2,14 0.001 1 -1 2,13 0.001 1 0 1,14 0.001 1 -1 67.0261 365 13,2 0.001 0 -1 14,1 0.001 1 -1 13,1 0.001 1 1 104.04 395 14,13 0.001 1 1 13,13 0.001 1 -1 14,14 0.001 -1 1 15.0991 215 ::f,0,0 f,1,15 f,15,3 f,15,15 
209:1,1 0.001 -1 -1 0,3 0.003 -1 1 1,2 0.001 0 -1 150.041 440 2,14 0.001 1 0 2,13 0.001 1 0 1,14 0.001 1 -1 67.0261 365 13,2 0.001 0 -1 14,1 0.001 1 -1 14,2 0.001 1 1 104.041 395 14,13 0.001 1 1 13,13 0.001 1 -1 14,14 0.001 -1 0 15.0991 215 ::f,1,15 f,3,1 f,15,3 f,15,15 
210:1,1 0.001 0 -1 0,3 0.003 -1 1 1,2 0.001 0 -1 150.041 440 2,14 0.001 1 0 2,13 0.001 1 1 1,14 0.001 1 0 67.0261 365 13,2 0.001 1 -1 14,1 0.001 1 0 14,2 0.001 1 1 114.041 410 14,13 0.001 0 1 13,13 0.001 1 0 13,14 0.001 -1 0 15.1001 215 ::f,1,15 f,3,1 f,15,0 f,15,15 
211:1,1 0.001 0 -1 0,3 0.003 -1 1 1,2 0.001 1 -1 150.041 440 2,14 0.001 1 1 2,13 0.001 1 1 1,14 0.001 1 0 67.0261 365 13,2 0.001 1 -1 14,1 0.001 1 0 14,2 0.001 0 1 114.041 410 14,14 0.001 0 1 14,13 0.001 1 0 13,14 0.001 -1 0 15.1021 215 ::f,1,15 f,3,1 f,15,0 f,15,15 
212:1,1 0.001 1 -1 0,3 0.003 -1 1 1,2 0.001 1 -1 150.041 440 2,14 0.001 1 1 2,13 0.001 0 1 1,14 0.001 1 1 67.0261 365 13,2 0.001 1 -1 14,1 0.001 1 1 14,2 0.001 0 1 114.041 410 14,14 0.001 0 1 14,13 0.001 1 0 13,14 0.001 -1 -1 15.1021 215 ::f,1,15 f,3,1 f,15,0 f,15,15 
213:1,1 0.001 1 -1 0,3 0.003 -1 1 1,2 0.001 1 0 150.041 440 2,14 0.001 0 1 2,13 0.001 0 1 1,14 0.001 1 1 67.0261 365 13,2 0.001 1 0 14,1 0.001 1 1 14,2 0.001 -1 1 114.041 410 14,14 0.001 -1 1 14,13 0.001 1 1 13,14 0.001 -1 -1 15.1021 215 ::f,1,15 f,3,1 f,15,0 f,15,15 
214:1,1 0.001 1 0 0,3 0.003 -1 1 1,2 0.001 1 0 150.041 440 2,14 0.001 0 1 2,13 0.001 0 1 1,14 0.001 0 1 67.0261 365 13,2 0.001 1 0 14,1 0.001 0 1 14,2 0.001 -1 1 114.041 410 14,14 0.001 -1 1 14,13 0.001 1 1 13,14 0.001 0 -1 15.1021 215 ::f,1,15 f,3,1 f,15,0 f,15,15 
215:2,1 0.001 1 0 0,3 0.003 -1 1 1,2 0.001 1 1 150.042 440 2,14 0.001 -1 1 2,13 0.001 -1 1 1,14 0.001 0 1 76.0262 380 13,2 0.001 1 1 14,1 0.001 0 1 14,2 0.001 -1 0 114.041 410 14,14 0.001 -1 0 14,13 0.001 0 1 13,13 0.001 0 -1 15.1031 215 ::f,0,13 f,3,1 f,15,0 f,15,15 
216:2,1 0.001 1 0 0,3 0.003 -1 1 1,2 0.001 1 1 160.042 455 2,14 0.001 -1 1 2,13 0.001 -1 1 1,14 0.001 -1 1 76.0262 380 13,2 0.001 1 1 14,1 0.001 0 1 14,2 0.001 -1 0 114.041 410 13,14 0.001 -1 0 14,14 0.001 0 1 13,13 0.001 0 -1 15.1051 215 ::f,0,13 f,2,2 f,15,0 f,15,15 
217:2,1 0.001 1 1 0,3 0.003 -1 1 1,2 0.001 0 1 160.042 455 2,14 0.001 -1 0 2,13 0.001 -1 0 1,14 0.001 -1 1 76.0262 380 13,2 0.001 0 1 14,1 0.001 -1 1 14,2 0.001 -1 0 114.041 410 13,14 0.001 -1 0 14,14 0.001 0 1 13,13 0.001 1 -1 15.1051 215 ::f,0,13 f,2,2 f,15,0 f,15,15 
218:2,1 0.001 1 1 0,3 0.003 -1 1 1,2 0.001 0 1 160.042 455 2,14 0.001 -1 0 1,13 0.001 -1 0 1,14 0.001 -1 0 76.0272 380 13,2 0.001 0 1 14,1 0.001 -1 1 14,2 0.001 -1 -1 114.041 410 13,14 0.001 -1 -1 14,14 0.001 -1 1 13,13 0.001 1 -1 15.1051 215 ::f,0,13 f,2,2 f,15,0 f,15,15 
219:2,1 0.001 0 1 0,3 0.003 -1 1 1,2 0.001 -1 1 160.042 455 2,14 0.001 -1 0 1,13 0.001 -1 0 1,14 0.001 -1 0 83.0273 395 13,2 0.001 -1 1 14,1 0.001 -1 0 14,2 0.001 -1 -1 114.041 410 13,14 0.001 -1 -1 14,14 0.001 -1 1 13,13 0.001 1 0 15.1051 215 ::f,2,2 f,3,13 f,15,0 f,15,15 
220:2,1 0.001 0 1 0,3 0.003 -1 1 1,2 0.001 -1 1 160.042 455 2,14 0.001 -1 -1 1,13 0.001 -1 -1 1,14 0.001 -1 -1 83.0273 395 13,2 0.001 -1 1 14,1 0.001 -1 0 14,2 0.001 0 -1 114.041 410 13,14 0.001 0 -1 14,14 0.001 -1 0 14,13 0.001 1 0 15.1061 215 ::f,2,2 f,3,13 f,15,0 f,15,15 
221:2,1 0.001 0 1 0,3 0.003 -1 1 1,2 0.001 -1 0 170.042 470 2,14 0.001 -1 -1 1,13 0.001 -1 -1 1,14 0.001 -1 -1 83.0273 395 13,2 0.001 -1 0 14,1 0.001 -1 -1 14,2 0.001 0 -1 114.041 410 13,13 0.001 0 -1 13,14 0.001 -1 0 14,13 0.001 1 0 15.1081 215 ::f,3,1 f,3,13 f,15,0 f,15,15 
222:2,1 0.001 -1 1 0,3 0.003 -1 1 1,2 0.001 -1 0 170.042 470 2,14 0.001 0 -1 1,13 0.001 0 -1 1,14 0.001 0 -1 83.0273 395 13,2 0.001 -1 0 14,1 0.001 -1 -1 14,2 0.001 1 -1 114.041 410 13,13 0.001 0 -1 13,14 0.001 -1 0 14,13 0.001 1 1 15.1081 215 ::f,3,1 f,3,13 f,15,0 f,15,15 
223:2,1 0.001 -1 1 0,3 0.003 -1 1 1,2 0.001 -1 -1 170.042 470 2,14 0.001 0 -1 1,13 0.001 0 -1 1,14 0.001 0 -1 83.0273 395 13,2 0.001 -1 -1 14,1 0.001 0 -1 14,2 0.001 1 -1 114.041 410 13,13 0.001 1 -1 13,14 0.001 -1 -1 14,13 0.001 1 1 15.1081 215 ::f,3,1 f,3,13 f,15,0 f,15,15 
224:2,1 0.001 -1 1 0,3 0.003 -1 1 1,2 0.001 -1 -1 170.042 470 2,14 0.001 1 -1 1,13 0.001 1 -1 1,14 0.001 0 -1 83.0273 395 13,2 0.001 -1 -1 14,1 0.001 0 -1 14,2 0.001 1 0 114.041 410 13,13 0.001 1 -1 13,14 0.001 -1 -1 14,13 0.001 0 1 15.1081 215 ::f,3,1 f,3,13 f,15,0 f,15,15 
225:2,1 0.001 -1 0 0,3 0.003 -1 1 1,2 0.001 0 -1 170.042 470 2,14 0.001 1 -1 1,13 0.001 1 -1 1,14 0.001 1 -1 88.0274 410 13,2 0.001 0 -1 14,1 0.001 1 -1 14,2 0.001 1 0 114.041 410 13,13 0.001 1 0 13,14 0.001 0 -1 14,14 0.001 0 1 15.1091 215 ::f,0,13 f,3,1 f,15,0 f,15,15 
226:2,1 0.001 -1 0 0,3 0.003 -1 1 1,1 0.001 0 -1 170.043 470 2,14 0.001 1 0 1,13 0.001 1 0 1,14 0.001 1 -1 88.0274 410 13,1 0.001 0 -1 14,1 0.001 1 -1 14,2 0.001 1 1 116.043 425 14,13 0.001 1 0 13,13 0.001 0 -1 14,14 0.001 0 1 15.1111 215 ::f,0,13 f,3,1 f,15,2 f,15,15 
227:2,1 0.001 -1 -1 0,3 0.003 -1 1 1,1 0.001 0 -1 170.043 470 2,14 0.001 1 0 2,13 0.001 1 0 1,14 0.001 1 0 88.0284 410 13,1 0.001 0 -1 14,1 0.001 1 0 14,2 0.001 1 1 116.043 425 14,13 0.001 1 0 13,13 0.001 0 -1 14,14 0.001 -1 1 15.1111 215 ::f,0,13 f,3,1 f,15,2 f,15,15 
228:2,1 0.001 -1 -1 0,3 0.003 -1 1 1,1 0.001 1 -1 170.043 470 2,14 0.001 1 1 2,13 0.001 1 0 1,14 0.001 1 0 88.0284 410 13,1 0.001 1 -1 14,1 0.001 1 0 14,2 0.001 0 1 116.043 425 14,13 0.001 1 1 13,13 0.001 1 -1 14,14 0.001 -1 1 15.1111 215 ::f,0,13 f,3,1 f,15,2 f,15,15 
229:2,1 0.001 0 -1 0,3 0.003 -1 1 1,1 0.001 1 -1 170.043 470 2,14 0.001 1 1 2,13 0.001 1 1 1,14 0.001 1 1 88.0284 410 13,1 0.001 1 -1 14,1 0.001 1 1 14,2 0.001 0 1 116.043 425 14,13 0.001 1 1 13,13 0.001 1 -1 14,14 0.001 -1 0 15.1111 215 ::f,0,13 f,3,1 f,15,2 f,15,15 
230:2,1 0.001 0 -1 0,3 0.003 -1 1 1,1 0.001 1 0 170.043 470 2,14 0.001 0 1 2,13 0.001 1 1 1,14 0.001 1 1 88.0284 410 13,1 0.001 1 0 14,1 0.001 1 1 14,2 0.001 -1 1 119.043 440 14,13 0.001 0 1 13,13 0.001 1 0 13,14 0.001 -1 0 15.1121 215 ::f,0,13 f,3,1 f,15,2 f,15,15 
231:2,1 0.001 1 -1 0,3 0.003 -1 1 1,1 0.001 1 0 170.043 470 2,14 0.001 0 1 2,13 0.001 0 1 1,14 0.001 0 1 88.0284 410 13,1 0.001 1 0 14,1 0.001 0 1 14,2 0.001 -1 1 119.043 440 14,14 0.001 0 1 14,13 0.001 1 0 13,14 0.001 -1 0 15.1141 215 ::f,0,13 f,3,1 f,15,2 f,15,15 
232:2,1 0.001 1 -1 0,3 0.003 -1 1 1,1 0.001 1 0 170.043 470 2,14 0.001 -1 1 2,13 0.001 0 1 1,14 0.001 0 1 88.0284 410 13,1 0.001 1 0 14,1 0.001 0 1 14,2 0.001 -1 0 119.043 440 14,14 0.001 0 1 14,13 0.001 1 0 13,14 0.001 -1 -1 15.1141 215 ::f,0,13 f,3,1 f,15,2 f,15,15 
233:2,1 0.001 1 0 0,3 0.003 -1 1 1,1 0.001 1 1 170.043 470 2,14 0.001 -1 1 2,13 0.001 0 1 1,14 0.001 -1 1 88.0284 410 13,1 0.001 1 1 14,1 0.001 0 1 13,2 0.001 -1 0 119.044 440 14,14 0.001 -1 1 14,13 0.001 1 1 13,14 0.001 -1 -1 15.1141 215 ::f,0,13 f,3,1 f,15,2 f,15,15 
234:2,1 0.001 1 0 0,3 0.003 -1 1 1,1 0.001 1 1 180.043 485 2,14 0.001 -1 0 2,13 0.001 -1 1 1,14 0.001 -1 1 88.0284 410 13,1 0.001 1 1 14,1 0.001 -1 1 13,2 0.001 -1 0 119.044 440 14,14 0.001 -1 1 14,13 0.001 1 1 13,14 0.001 0 -1 15.1141 215 ::f,0,2 f,0,13 f,15,2 f,15,15 
235:2,1 0.001 1 1 0,3 0.003 -1 1 1,1 0.001 0 1 180.043 485 2,14 0.001 -1 0 2,13 0.001 -1 1 1,14 0.001 -1 0 88.0284 410 13,1 0.001 0 1 14,1 0.001 -1 1 13,2 0.001 -1 -1 119.044 440 14,14 0.001 -1 0 14,13 0.001 0 1 13,13 0.001 0 -1 15.1151 215 ::f,0,2 f,0,13 f,15,2 f,15,15 
236:2,1 0.001 1 1 0,3 0.003 -1 1 1,1 0.001 0 1 180.043 485 2,14 0.001 -1 0 2,13 0.001 -1 0 1,14 0.001 -1 0 88.0284 410 13,1 0.001 0 1 14,1 0.001 -1 0 13,2 0.001 -1 -1 119.044 440 13,14 0.001 -1 0 14,14 0.001 0 1 13,13 0.001 0 -1 15.1171 215 ::f,0,2 f,0,13 f,15,2 f,15,15 
237:2,1 0.001 0 1 0,3 0.003 -1 1 1,1 0.001 -1 1 180.043 485 2,14 0.001 -1 -1 1,13 0.001 -1 0 1,14 0.001 -1 -1 88.0294 410 13,1 0.001 -1 1 14,1 0.001 -1 0 13,2 0.001 0 -1 119.044 440 13,14 0.001 -1 0 14,14 0.001 0 1 13,13 0.001 1 -1 15.1171 215 ::f,0,2 f,0,13 f,15,2 f,15,15 
238:2,2 0.001 0 1 0,3 0.003 -1 1 1,1 0.001 -1 1 190.044 500 2,14 0.001 -1 -1 1,13 0.001 -1 0 1,14 0.001 -1 -1 96.0295 425 13,1 0.001 -1 1 14,1 0.001 -1 -1 13,2 0.001 0 -1 119.044 440 13,14 0.001 -1 -1 14,14 0.001 -1 1 13,13 0.001 1 -1 15.1171 215 ::f,0,12 f,2,1 f,15,2 f,15,15 
239:2,2 0.001 0 1 0,3 0.003 -1 1 1,1 0.001 -1 0 190.044 500 2,14 0.001 -1 -1 1,13 0.001 -1 -1 1,14 0.001 0 -1 96.0295 425 13,1 0.001 -1 0 14,1 0.001 -1 -1 13,2 0.001 0 -1 119.044 440 13,14 0.001 -1 -1 14,14 0.001 -1 1 13,13 0.001 1 0 15.1171 215 ::f,0,12 f,2,1 f,15,2 f,15,15 
240:2,2 0.001 -1 1 0,3 0.003 -1 1 1,1 0.001 -1 0 190.044 500 2,14 0.001 -1 -1 1,13 0.001 -1 -1 1,14 0.001 0 -1 105.03 440 13,1 0.001 -1 0 14,1 0.001 0 -1 13,2 0.001 1 -1 119.044 440 13,14 0.001 0 -1 14,14 0.001 -1 0 14,13 0.001 1 0 15.1181 215 ::f,0,15 f,2,1 f,15,2 f,15,15 
241:2,2 0.001 -1 1 0,3 0.003 -1 1 1,1 0.001 -1 -1 190.044 500 2,14 0.001 0 -1 1,13 0.001 0 -1 1,14 0.001 0 -1 105.03 440 13,1 0.001 -1 -1 14,1 0.001 0 -1 13,2 0.001 1 -1 119.044 440 13,13 0.001 0 -1 13,14 0.001 -1 0 14,13 0.001 1 0 15.1201 215 ::f,0,15 f,2,1 f,15,2 f,15,15 
242:2,2 0.001 -1 0 0,3 0.003 -1 1 1,1 0.001 -1 -1 190.044 500 2,14 0.001 1 -1 1,13 0.001 0 -1 1,14 0.001 1 -1 105.03 440 13,1 0.001 -1 -1 14,1 0.001 1 -1 13,2 0.001 1 0 119.044 440 13,13 0.001 0 -1 13,14 0.001 -1 0 14,13 0.001 1 1 15.1201 215 ::f,0,15 f,2,1 f,15,2 f,15,15 
243:1,2 0.001 -1 0 0,3 0.003 -1 1 1,1 0.001 0 -1 190.045 500 2,14 0.001 1 -1 1,13 0.001 1 -1 1,14 0.001 1 -1 105.03 440 13,1 0.001 0 -1 14,1 0.001 1 -1 14,2 0.001 1 0 119.045 440 13,13 0.001 1 -1 13,14 0.001 -1 -1 14,13 0.001 1 1 15.1201 215 ::f,0,15 f,2,1 f,15,2 f,15,15 
244:1,2 0.001 -1 0 0,3 0.003 -1 1 1,1 0.001 0 -1 190.045 500 2,14 0.001 1 0 1,13 0.001 1 -1 1,14 0.001 1 0 105.03 440 13,1 0.001 0 -1 14,1 0.001 1 0 14,2 0.001 1 0 129.045 455 13,13 0.001 1 -1 13,14 0.001 -1 -1 14,13 0.001 0 1 15.1201 215 ::f,0,15 f,2,1 f,15,1 f,15,15 
245:1,2 0.001 -1 -1 0,3 0.003 -1 1 1,1 0.001 1 -1 190.045 500 2,14 0.001 1 0 1,13 0.001 1 0 1,14 0.001 1 0 105.03 440 13,1 0.001 1 -1 14,1 0.001 1 0 14,2 0.001 1 1 133.045 470 13,13 0.001 1 0 13,14 0.001 0 -1 14,14 0.001 0 1 15.1211 215 ::f,0,15 f,2,1 f,15,0 f,15,15 
246:1,2 0.001 -1 -1 0,3 0.003 -1 1 1,1 0.001 1 -1 190.045 500 2,14 0.001 1 1 2,13 0.001 1 0 1,14 0.001 1 1 105.031 440 13,1 0.001 1 -1 14,1 0.001 1 1 14,2 0.001 1 1 133.045 470 14,13 0.001 1 0 13,13 0.001 0 -1 14,14 0.001 0 1 15.1231 215 ::f,0,15 f,2,1 f,15,0 f,15,15 
247:1,2 0.001 0 -1 0,3 0.003 -1 1 1,1 0.001 1 0 190.045 500 2,14 0.001 1 1 2,13 0.001 1 0 1,14 0.001 1 1 105.031 440 13,1 0.001 1 0 14,1 0.001 1 1 14,2 0.001 0 1 133.045 470 14,13 0.001 1 0 13,13 0.001 0 -1 14,14 0.001 -1 1 15.1231 215 ::f,0,15 f,2,1 f,15,0 f,15,15 
248:1,2 0.001 0 -1 0,3 0.003 -1 1 1,1 0.001 1 0 190.045 500 2,14 0.001 0 1 2,13 0.001 1 1 1,14 0.001 0 1 105.031 440 13,1 0.001 1 0 14,1 0.001 0 1 14,2 0.001 0 1 133.045 470 14,13 0.001 1 1 13,13 0.001 1 -1 14,14 0.001 -1 1 15.1231 215 ::f,0,15 f,2,1 f,15,0 f,15,15 
249:1,2 0.001 0 -1 0,3 0.003 -1 1 1,1 0.001 1 0 200.045 515 2,14 0.001 0 1 2,13 0.001 1 1 1,14 0.001 0 1 105.031 440 13,1 0.001 1 0 14,1 0.001 0 1 14,2 0.001 -1 1 133.045 470 14,13 0.001 1 1 13,13 0.001 1 -1 14,14 0.001 -1 0 15.1231 215 ::f,0,15 f,3,3 f,15,0 f,15,15 
250:1,2 0.001 1 -1 0,3 0.003 -1 1 1,1 0.001 1 1 200.045 515 2,14 0.001 -1 1 2,13 0.001 0 1 1,14 0.001 -1 1 105.031 440 13,1 0.001 1 1 14,1 0.001 0 1 14,2 0.001 -1 1 133.045 470 14,13 0.001 0 1 13,13 0.001 1 0 13,14 0.001 -1 0 15.1241 215 ::f,0,15 f,3,3 f,15,0 f,15,15 
251:1,2 0.001 1 -1 0,3 0.003 -1 1 2,2 0.001 1 1 200.046 515 2,14 0.001 -1 1 2,13 0.001 0 1 1,14 0.001 -1 1 115.031 455 13,1 0.001 1 1 14,1 0.001 -1 1 14,2 0.001 -1 0 133.045 470 14,14 0.001 0 1 14,13 0.001 1 0 13,14 0.001 -1 0 15.1261 215 ::f,0,14 f,3,3 f,15,0 f,15,15 
252:1,2 0.001 1 0 0,3 0.003 -1 1 2,2 0.001 1 1 210.046 530 2,14 0.001 -1 0 2,13 0.001 0 1 1,14 0.001 -1 0 115.031 455 13,1 0.001 0 1 14,1 0.001 -1 1 13,2 0.001 -1 0 133.046 470 14,14 0.001 0 1 14,13 0.001 1 0 13,14 0.001 -1 -1 15.1261 215 ::f,0,14 f,3,0 f,15,0 f,15,15 
253:1,2 0.001 1 0 0,3 0.003 -1 1 2,2 0.001 0 1 210.046 530 2,14 0.001 -1 0 2,13 0.001 -1 1 1,14 0.001 -1 0 125.031 470 13,1 0.001 0 1 14,1 0.001 -1 0 13,2 0.001 -1 0 133.046 470 14,14 0.001 -1 1 14,13 0.001 1 1 13,14 0.001 -1 -1 15.1261 215 ::f,3,0 f,3,14 f,15,0 f,15,15 
254:1,2 0.001 1 1 0,3 0.003 -1 1 2,2 0.001 0 1 210.046 530 2,14 0.001 -1 0 2,13 0.001 -1 1 1,14 0.001 -1 -1 125.031 470 13,1 0.001 -1 1 14,1 0.001 -1 0 13,2 0.001 -1 -1 133.046 470 14,14 0.001 -1 1 14,13 0.001 1 1 13,14 0.001 0 -1 15.1261 215 ::f,3,0 f,3,14 f,15,0 f,15,15 
255:1,2 0.001 1 1 0,3 0.003 -1 1 2,2 0.001 -1 1 210.046 530 2,14 0.001 -1 -1 2,13 0.001 -1 0 1,14 0.001 -1 -1 125.031 470 13,1 0.001 -1 1 14,1 0.001 -1 -1 13,2 0.001 -1 -1 133.046 470 14,14 0.001 -1 0 14,13 0.001 0 1 13,13 0.001 0 -1 15.1271 215 ::f,3,0 f,3,14 f,15,0 f,15,15 
256:1,2 0.001 0 1 0,3 0.003 -1 1 2,2 0.001 -1 1 210.046 530 2,14 0.001 -1 -1 2,13 0.001 -1 0 1,14 0.001 0 -1 125.031 470 13,1 0.001 -1 0 14,1 0.001 -1 -1 13,2 0.001 0 -1 133.046 470 13,14 0.001 -1 0 14,14 0.001 0 1 13,13 0.001 0 -1 15.1291 215 ::f,3,0 f,3,14 f,15,0 f,15,15 
257:1,2 0.001 0 1 0,3 0.003 -1 1 2,2 0.001 -1 0 210.046 530 2,14 0.001 0 -1 2,13 0.001 -1 -1 1,13 0.001 0 -1 125.032 470 13,1 0.001 -1 0 14,1 0.001 0 -1 13,2 0.001 0 -1 133.046 470 13,14 0.001 -1 0 14,14 0.001 0 1 13,13 0.001 1 -1 15.1291 215 ::f,3,0 f,3,14 f,15,0 f,15,15 
258:1,2 0.001 -1 1 0,3 0.003 -1 1 2,2 0.001 -1 0 210.046 530 2,14 0.001 0 -1 2,13 0.001 -1 -1 1,13 0.001 0 -1 125.032 470 13,1 0.001 -1 -1 14,1 0.001 0 -1 13,2 0.001 0 -1 133.046 470 13,14 0.001 -1 -1 14,14 0.001 -1 1 13,13 0.001 1 -1 15.1291 215 ::f,3,0 f,3,14 f,15,0 f,15,15 
259:1,2 0.001 -1 1 0,3 0.003 -1 1 2,2 0.001 -1 0 210.046 530 2,14 0.001 1 -1 2,13 0.001 0 -1 1,13 0.001 1 -1 125.032 470 13,1 0.001 -1 -1 14,1 0.001 1 -1 13,2 0.001 1 -1 133.046 470 13,14 0.001 -1 -1 14,14 0.001 -1 1 13,13 0.001 1 0 15.1291 215 ::f,3,0 f,3,14 f,15,0 f,15,15 
260:1,2 0.001 -1 0 0,3 0.003 -1 1 2,2 0.001 -1 -1 210.046 530 2,14 0.001 1 -1 2,13 0.001 0 -1 1,13 0.001 1 -1 125.032 470 13,1 0.001 0 -1 14,1 0.001 1 -1 13,2 0.001 1 -1 138.046 485 13,14 0.001 0 -1 14,14 0.001 -1 0 14,13 0.001 1 0 15.1301 215 ::f,3,0 f,3,14 f,15,3 f,15,15 
261:1,2 0.001 -1 0 0,3 0.003 -1 1 2,2 0.001 -1 -1 210.046 530 2,14 0.001 1 0 2,13 0.001 1 -1 1,13 0.001 1 0 125.032 470 13,1 0.001 0 -1 14,1 0.001 1 0 13,2 0.001 1 0 138.046 485 13,13 0.001 0 -1 13,14 0.001 -1 0 14,13 0.001 1 0 15.1321 215 ::f,3,0 f,3,14 f,15,3 f,15,15 
262:1,2 0.001 -1 -1 0,3 0.003 -1 1 2,2 0.001 0 -1 210.046 530 2,14 0.001 1 0 2,13 0.001 1 -1 1,13 0.001 1 0 141.032 500 13,1 0.001 1 -1 14,1 0.001 1 0 13,2 0.001 1 0 138.046 485 13,13 0.001 0 -1 13,14 0.001 -1 0 14,13 0.001 1 1 15.1321 215 ::f,2,15 f,3,0 f,15,3 f,15,15 
263:1,2 0.001 -1 -1 0,3 0.003 -1 1 2,2 0.001 0 -1 210.046 530 2,14 0.001 1 1 2,13 0.001 1 0 1,13 0.001 1 0 141.032 500 13,1 0.001 1 -1 14,1 0.001 1 1 13,2 0.001 1 1 138.046 485 13,13 0.001 1 -1 13,14 0.001 -1 -1 14,13 0.001 1 1 15.1321 215 ::f,2,15 f,3,0 f,15,3 f,15,15 
264:1,2 0.001 0 -1 0,3 0.003 -1 1 2,2 0.001 1 -1 210.046 530 2,14 0.001 1 1 2,13 0.001 1 0 1,13 0.001 1 1 141.032 500 13,1 0.001 1 0 14,1 0.001 1 1 13,2 0.001 1 1 138.046 485 13,13 0.001 1 -1 13,14 0.001 -1 -1 14,13 0.001 0 1 15.1321 215 ::f,2,15 f,3,0 f,15,3 f,15,15 
265:1,1 0.001 0 -1 0,3 0.003 -1 1 2,2 0.001 1 -1 210.047 530 2,14 0.001 0 1 2,13 0.001 1 1 1,13 0.001 1 1 141.032 500 13,1 0.001 1 0 14,1 0.001 0 1 13,2 0.001 0 1 138.046 485 13,13 0.001 1 0 13,14 0.001 0 -1 14,14 0.001 0 1 15.1331 215 ::f,2,15 f,3,0 f,15,3 f,15,15 
266:1,1 0.001 0 -1 0,3 0.003 -1 1 2,2 0.001 1 0 210.047 530 2,14 0.001 0 1 2,13 0.001 1 1 1,13 0.001 0 1 148.032 515 13,1 0.001 1 0 14,2 0.001 0 1 13,2 0.001 0 1 138.047 485 14,13 0.001 1 0 13,13 0.001 0 -1 14,14 0.001 0 1 15.1351 215 ::f,0,13 f,3,0 f,15,3 f,15,15 
267:1,1 0.001 1 -1 0,3 0.003 -1 1 2,2 0.001 1 0 210.047 530 2,14 0.001 -1 1 2,13 0.001 0 1 1,13 0.001 0 1 148.032 515 13,1 0.001 1 1 14,2 0.001 0 1 13,2 0.001 -1 1 138.047 485 14,13 0.001 1 0 13,13 0.001 0 -1 14,14 0.001 -1 1 15.1351 215 ::f,0,13 f,3,0 f,15,3 f,15,15 
268:1,1 0.001 1 -1 0,3 0.003 -1 1 2,2 0.001 1 1 210.047 530 2,14 0.001 -1 1 2,13 0.001 0 1 1,13 0.001 -1 1 148.032 515 13,1 0.001 1 1 14,2 0.001 -1 1 13,2 0.001 -1 1 138.047 485 14,13 0.001 1 1 13,13 0.001 1 -1 14,14 0.001 -1 1 15.1351 215 ::f,0,13 f,3,0 f,15,3 f,15,15 
269:1,1 0.001 1 0 0,3 0.003 -1 1 2,2 0.001 1 1 210.047 530 2,14 0.001 -1 0 2,13 0.001 0 1 1,13 0.001 -1 1 148.032 515 13,1 0.001 1 1 14,2 0.001 -1 1 13,2 0.001 -1 0 138.047 485 14,13 0.001 1 1 13,13 0.001 1 -1 14,14 0.001 -1 0 15.1351 215 ::f,0,13 f,3,0 f,15,3 f,15,15 
270:2,1 0.001 1 0 0,3 0.003 -1 1 2,2 0.001 0 1 210.048 530 1,14 0.001 -1 0 2,13 0.001 -1 1 1,13 0.001 -1 0 148.033 515 13,1 0.001 0 1 14,2 0.001 -1 0 13,2 0.001 -1 0 138.047 485 14,13 0.001 0 1 13,13 0.001 1 0 13,14 0.001 -1 0 15.1361 215 ::f,0,13 f,3,0 f,15,3 f,15,15 
271:2,1 0.001 1 0 0,3 0.003 -1 1 2,2 0.001 0 1 210.048 530 1,14 0.001 -1 0 2,13 0.001 -1 1 1,13 0.001 -1 0 158.033 530 13,1 0.001 0 1 14,2 0.001 -1 0 13,2 0.001 -1 -1 138.047 485 14,14 0.001 0 1 14,13 0.001 1 0 13,14 0.001 -1 0 15.1381 215 ::f,2,12 f,3,0 f,15,3 f,15,15 
272:2,1 0.001 1 1 0,3 0.003 -1 1 2,2 0.001 -1 1 210.048 530 1,14 0.001 -1 -1 2,13 0.001 -1 0 1,13 0.001 -1 -1 158.033 530 13,1 0.001 -1 1 14,2 0.001 -1 0 13,2 0.001 -1 -1 138.047 485 14,14 0.001 0 1 14,13 0.001 1 0 13,14 0.001 -1 -1 15.1381 215 ::f,2,12 f,3,0 f,15,3 f,15,15 
273:2,1 0.001 1 1 0,3 0.003 -1 1 2,2 0.001 -1 1 210.048 530 1,14 0.001 -1 -1 2,13 0.001 -1 0 1,13 0.001 -1 -1 158.033 530 13,1 0.001 -1 1 14,2 0.001 -1 -1 13,2 0.001 0 -1 138.047 485 14,14 0.001 -1 1 14,13 0.001 1 1 13,14 0.001 -1 -1 15.1381 215 ::f,2,12 f,3,0 f,15,3 f,15,15 
274:2,1 0.001 0 1 0,3 0.003 -1 1 2,2 0.001 -1 0 210.048 530 1,14 0.001 0 -1 2,13 0.001 -1 -1 1,13 0.001 0 -1 158.033 530 13,1 0.001 -1 0 14,2 0.001 -1 -1 13,2 0.001 0 -1 138.047 485 14,14 0.001 -1 1 14,13 0.001 1 1 13,14 0.001 0 -1 15.1381 215 ::f,2,12 f,3,0 f,15,3 f,15,15 
275:2,1 0.001 0 1 0,3 0.003 -1 1 1,2 0.001 -1 0 210.049 530 1,14 0.001 0 -1 2,13 0.001 -1 -1 1,13 0.001 0 -1 158.033 530 13,1 0.001 -1 0 14,2 0.001 0 -1 13,2 0.001 0 -1 138.047 485 14,14 0.001 -1 0 14,13 0.001 0 1 13,13 0.001 0 -1 15.1391 215 ::f,2,12 f,3,0 f,15,3 f,15,15 
276:2,1 0.001 0 1 0,3 0.003 -1 1 1,2 0.001 -1 0 210.049 530 1,14 0.001 0 -1 2,13 0.001 0 -1 1,13 0.001 1 -1 158.033 530 13,1 0.001 -1 -1 14,2 0.001 0 -1 13,2 0.001 1 -1 138.047 485 13,14 0.001 -1 0 14,14 0.001 0 1 13,13 0.001 0 -1 15.1411 215 ::f,2,12 f,3,0 f,15,3 f,15,15 
277:2,1 0.001 -1 1 0,3 0.003 -1 1 1,2 0.001 -1 -1 210.049 530 1,14 0.001 1 -1 2,13 0.001 0 -1 1,13 0.001 1 -1 168.033 545 13,1 0.001 -1 -1 14,2 0.001 1 -1 13,2 0.001 1 -1 138.047 485 13,14 0.001 -1 0 14,14 0.001 0 1 13,13 0.001 1 -1 15.1411 215 ::f,3,0 f,3,14 f,15,3 f,15,15 
278:2,1 0.001 -1 1 0,3 0.003 -1 1 1,2 0.001 -1 -1 210.049 530 1,14 0.001 1 -1 2,13 0.001 1 -1 1,13 0.001 1 0 168.033 545 13,1 0.001 0 -1 14,2 0.001 1 -1 13,2 0.001 1 0 138.047 485 13,14 0.001 -1 -1 14,14 0.001 -1 1 13,13 0.001 1 -1 15.1411 215 ::f,3,0 f,3,14 f,15,3 f,15,15 
279:2,1 0.001 -1 1 0,3 0.003 -1 1 1,2 0.001 0 -1 210.049 530 1,14 0.001 1 0 2,13 0.001 1 -1 1,13 0.001 1 0 168.033 545 13,1 0.001 0 -1 14,2 0.001 1 0 13,2 0.001 1 0 138.047 485 13,14 0.001 -1 -1 14,14 0.001 -1 1 13,13 0.001 1 0 15.1411 215 ::f,3,0 f,3,14 f,15,3 f,15,15 
280:2,1 0.001 -1 0 0,3 0.003 -1 1 1,1 0.001 0 -1 210.05 530 2,14 0.001 1 0 2,13 0.001 1 0 1,13 0.001 1 0 168.034 545 13,1 0.001 1 -1 14,2 0.001 1 0 13,2 0.001 1 1 138.047 485 13,14 0.001 0 -1 14,14 0.001 -1 0 14,13 0.001 1 0 15.1421 215 ::f,3,0 f,3,14 f,15,3 f,15,15 
281:2,1 0.001 -1 0 0,3 0.003 -1 1 1,1 0.001 0 -1 210.05 530 2,14 0.001 1 0 2,13 0.001 1 0 1,13 0.001 1 1 176.034 560 13,1 0.001 1 -1 14,2 0.001 1 1 13,2 0.001 1 1 138.047 485 13,13 0.001 0 -1 13,14 0.001 -1 0 14,13 0.001 1 0 15.1441 215 ::f,1,14 f,3,0 f,15,3 f,15,15 
282:2,1 0.001 -1 -1 0,3 0.003 -1 1 1,1 0.001 1 -1 210.05 530 2,14 0.001 1 1 2,13 0.001 1 1 1,13 0.001 1 1 176.034 560 13,1 0.001 1 0 14,2 0.001 1 1 13,2 0.001 0 1 144.047 500 13,13 0.001 0 -1 13,14 0.001 -1 0 14,13 0.001 1 1 15.1441 215 ::f,1,14 f,3,0 f,15,3 f,15,15 
283:2,1 0.001 -1 -1 0,3 0.003 -1 1 1,1 0.001 1 -1 210.05 530 2,14 0.001 1 1 2,13 0.001 1 1 1,13 0.001 0 1 176.034 560 14,1 0.001 1 0 14,2 0.001 0 1 13,2 0.001 0 1 144.048 500 13,13 0.001 1 -1 13,14 0.001 -1 -1 14,13 0.001 1 1 15.1441 215 ::f,1,14 f,3,0 f,15,3 f,15,15 
284:2,1 0.001 0 -1 0,3 0.003 -1 1 1,1 0.001 1 0 210.05 530 2,14 0.001 0 1 2,13 0.001 0 1 1,13 0.001 0 1 186.035 575 14,1 0.001 1 0 14,2 0.001 0 1 13,2 0.001 -1 1 144.048 500 13,13 0.001 1 -1 13,14 0.001 -1 -1 14,13 0.001 0 1 15.1441 215 ::f,0,15 f,3,0 f,15,3 f,15,15 
285:2,1 0.001 0 -1 0,3 0.003 -1 1 1,1 0.001 1 0 210.05 530 2,14 0.001 0 1 2,13 0.001 0 1 1,13 0.001 -1 1 186.035 575 14,1 0.001 1 1 14,2 0.001 -1 1 13,2 0.001 -1 1 144.048 500 13,13 0.001 1 0 13,14 0.001 0 -1 14,14 0.001 0 1 15.1451 215 ::f,0,15 f,3,0 f,15,3 f,15,15 
286:2,1 0.001 1 -1 0,3 0.003 -1 1 1,1 0.001 1 0 210.05 530 2,14 0.001 -1 1 2,13 0.001 0 1 1,13 0.001 -1 1 186.035 575 14,1 0.001 1 1 14,2 0.001 -1 1 13,2 0.001 -1 0 144.048 500 14,13 0.001 1 0 13,13 0.001 0 -1 14,14 0.001 0 1 15.1471 215 ::f,0,15 f,3,0 f,15,3 f,15,15 
287:2,1 0.001 1 -1 0,3 0.003 -1 1 1,1 0.001 1 1 220.05 545 2,14 0.001 -1 1 2,13 0.001 -1 1 1,13 0.001 -1 0 186.035 575 14,1 0.001 0 1 14,2 0.001 -1 0 13,2 0.001 -1 0 144.048 500 14,13 0.001 1 0 13,13 0.001 0 -1 14,14 0.001 -1 1 15.1471 215 ::f,0,1 f,0,15 f,15,3 f,15,15 
288:2,1 0.001 1 0 0,3 0.003 -1 1 1,1 0.001 1 1 220.05 545 2,14 0.001 -1 0 1,14 0.001 -1 1 1,13 0.001 -1 0 186.036 575 14,1 0.001 0 1 14,2 0.001 -1 0 13,2 0.001 -1 -1 144.048 500 14,13 0.001 1 1 13,13 0.001 1 -1 14,14 0.001 -1 1 15.1471 215 ::f,0,1 f,0,15 f,15,3 f,15,15 
289:2,1 0.001 1 0 0,3 0.003 -1 1 1,1 0.001 0 1 220.05 545 2,14 0.001 -1 0 1,14 0.001 -1 1 1,13 0.001 -1 -1 196.036 590 14,1 0.001 0 1 14,2 0.001 -1 0 13,2 0.001 -1 -1 144.048 500 14,13 0.001 1 1 13,13 0.001 1 -1 14,14 0.001 -1 0 15.1471 215 ::f,0,1 f,3,13 f,15,3 f,15,15 
290:2,1 0.001 1 1 0,3 0.003 -1 1 1,1 0.001 0 1 220.05 545 2,14 0.001 -1 0 1,14 0.001 -1 0 1,13 0.001 -1 -1 196.036 590 14,1 0.001 -1 1 14,2 0.001 -1 -1 13,2 0.001 0 -1 144.048 500 14,13 0.001 0 1 13,13 0.001 1 0 13,14 0.001 -1 0 15.1481 215 ::f,0,1 f,3,13 f,15,3 f,15,15 
291:2,1 0.001 1 1 0,3 0.003 -1 1 1,1 0.001 -1 1 220.05 545 2,14 0.001 -1 -1 1,14 0.001 -1 0 1,13 0.001 0 -1 196.036 590 14,1 0.001 -1 1 14,2 0.001 -1 -1 13,1 0.001 0 -1 144.049 500 14,14 0.001 0 1 14,13 0.001 1 0 13,14 0.001 -1 0 15.1501 215 ::f,0,1 f,3,13 f,15,3 f,15,15 
292:2,1 0.001 0 1 0,3 0.003 -1 1 1,1 0.001 -1 1 220.05 545 2,14 0.001 -1 -1 1,14 0.001 -1 -1 1,13 0.001 0 -1 196.036 590 14,1 0.001 -1 0 14,2 0.001 0 -1 13,1 0.001 0 -1 144.049 500 14,14 0.001 0 1 14,13 0.001 1 0 13,14 0.001 -1 -1 15.1501 215 ::f,0,1 f,3,13 f,15,3 f,15,15 
293:2,2 0.001 0 1 0,3 0.003 -1 1 1,1 0.001 -1 0 220.051 545 2,14 0.001 0 -1 1,14 0.001 -1 -1 1,13 0.001 1 -1 196.036 590 14,1 0.001 -1 0 14,2 0.001 0 -1 13,1 0.001 1 -1 144.049 500 14,14 0.001 -1 1 14,13 0.001 1 1 13,14 0.001 -1 -1 15.1501 215 ::f,0,1 f,3,13 f,15,3 f,15,15 
294:2,2 0.001 0 1 0,3 0.003 -1 1 1,1 0.001 -1 0 230.051 560 2,14 0.001 0 -1 1,14 0.001 0 -1 1,13 0.001 1 -1 196.036 590 14,1 0.001 -1 -1 14,2 0.001 1 -1 13,1 0.001 1 -1 144.049 500 14,14 0.001 -1 1 14,13 0.001 1 1 13,14 0.001 0 -1 15.1501 215 ::f,1,2 f,3,13 f,15,3 f,15,15 
295:2,2 0.001 -1 1 0,3 0.003 -1 1 1,1 0.001 -1 -1 230.051 560 2,14 0.001 1 -1 1,14 0.001 0 -1 1,13 0.001 1 0 196.036 590 14,1 0.001 -1 -1 14,2 0.001 1 -1 13,1 0.001 1 0 144.049 500 14,14 0.001 -1 0 14,13 0.001 0 1 13,13 0.001 0 -1 15.1511 215 ::f,1,2 f,3,13 f,15,3 f,15,15 
296:2,2 0.001 -1 1 0,3 0.003 -1 1 1,1 0.001 -1 -1 230.051 560 2,14 0.001 1 -1 1,14 0.001 0 -1 2,13 0.001 1 0 205.037 605 14,1 0.001 0 -1 14,2 0.001 1 0 13,1 0.001 1 0 144.049 500 13,14 0.001 -1 0 14,14 0.001 0 1 13,13 0.001 0 -1 15.1531 215 ::f,1,2 f,3,13 f,15,3 f,15,15 
297:2,2 0.001 -1 0 0,3 0.003 -1 1 1,1 0.001 0 -1 230.051 560 2,14 0.001 1 0 1,14 0.001 1 -1 2,13 0.001 1 0 215.037 620 14,1 0.001 0 -1 14,2 0.001 1 0 13,1 0.001 1 0 144.049 500 13,14 0.001 -1 0 14,14 0.001 0 1 13,13 0.001 1 -1 15.1531 215 ::f,1,2 f,3,15 f,15,3 f,15,15 
298:2,2 0.001 -1 0 0,3 0.003 -1 1 1,1 0.001 0 -1 230.051 560 2,14 0.001 1 0 1,14 0.001 1 -1 2,13 0.001 1 1 215.037 620 14,1 0.001 1 -1 14,2 0.001 1 1 13,1 0.001 1 1 144.049 500 13,14 0.001 -1 -1 14,14 0.001 -1 1 13,13 0.001 1 -1 15.1531 215 ::f,1,2 f,3,15 f,15,3 f,15,15 
299:2,2 0.001 -1 0 0,3 0.003 -1 1 1,1 0.001 1 -1 240.052 575 2,14 0.001 1 1 1,14 0.001 1 0 2,13 0.001 1 1 215.037 620 14,1 0.001 1 -1 14,2 0.001 1 1 13,1 0.001 1 1 151.049 515 13,14 0.001 -1 -1 14,14 0.001 -1 1 13,13 0.001 1 0 15.1531 215 ::f,2,0 f,3,15 f,15,2 f,15,15 
