16
0:3,1 0.001 1 0 2,2 0.003 1 1 2,1 0.002 1 -1 0.002 50 3,15 0.001 1 0 2,15 0.003 1 0 0,14 0.002 0 -1 0.001 50 12,2 0.001 -1 0 12,1 0.003 -1 1 14,0 0.002 1 -1 0 50 15,13 0.001 1 1 14,14 0.003 1 -1 13,13 0.002 -1 0 0.002 50 ::f,0,2 f,2,14 f,13,2 f,14,12 
1:3,1 0.001 1 0 2,2 0.001 1 1 2,1 0.001 1 -1 0.002 50 3,15 0.001 1 0 2,15 0.001 1 0 0,14 0.001 0 -1 0.001 50 12,2 0.001 -1 0 12,1 0.001 -1 1 14,0 0.001 1 -1 0 50 15,13 0.001 1 1 14,14 0.001 1 -1 13,13 0.001 -1 0 0.002 50 ::f,0,2 f,2,14 f,13,2 f,14,12 
2:3,1 0.001 1 1 2,2 0.001 0 1 2,1 0.001 1 0 0.002 50 3,15 0.001 1 0 2,15 0.001 1 1 0,14 0.001 1 -1 0.001 50 12,2 0.001 -1 -1 12,1 0.001 -1 0 14,0 0.001 1 0 0 50 15,13 0.001 0 1 14,14 0.001 1 0 13,13 0.001 -1 -1 0.002 50 ::f,0,2 f,2,14 f,13,2 f,14,12 
3:3,1 0.001 1 1 2,2 0.001 0 1 2,1 0.001 1 0 0.002 50 3,15 0.001 1 0 2,15 0.001 1 1 0,14 0.001 1 -1 0.001 50 12,2 0.001 -1 -1 12,1 0.001 -1 0 14,0 0.001 1 0 0 50 15,13 0.001 0 1 14,14 0.001 1 0 13,13 0.001 -1 -1 0.002 50 ::f,0,2 f,2,14 f,13,2 f,14,12 
4:3,1 0.001 0 1 2,2 0.001 -1 1 2,1 0.001 1 1 0.002 50 3,15 0.001 1 0 2,15 0.001 0 1 0,14 0.001 1 0 0.001 50 12,2 0.001 0 -1 12,1 0.001 -1 -1 14,0 0.001 1 1 0 50 15,13 0.001 -1 1 14,14 0.001 1 1 13,13 0.001 0 -1 0.002 50 ::f,0,2 f,2,14 f,13,2 f,14,12 
5:3,1 0.001 0 1 2,2 0.001 -1 1 2,1 0.001 1 1 0.002 50 3,15 0.001 1 0 2,15 0.001 0 1 0,14 0.001 1 0 0.001 50 12,2 0.001 0 -1 12,1 0.001 -1 -1 14,0 0.001 1 1 0 50 15,13 0.001 -1 1 14,14 0.001 1 1 13,13 0.001 0 -1 0.002 50 ::f,0,2 f,2,14 f,13,2 f,14,12 
6:3,1 0.001 -1 1 2,2 0.001 -1 0 2,1 0.001 0 1 0.002 50 3,15 0.001 1 0 2,15 0.001 -1 1 0,14 0.001 1 1 0.001 50 12,2 0.001 1 -1 12,1 0.001 0 -1 14,0 0.001 0 1 0 50 15,13 0.001 -1 0 14,14 0.001 0 1 13,13 0.001 1 -1 0.002 50 ::f,0,2 f,2,14 f,13,2 f,14,12 
7:3,1 0.001 -1 1 1,2 0.001 -1 0 2,2 0.001 0 1 0.004 50 3,15 0.001 1 0 2,15 0.001 -1 1 0,14 0.001 1 1 0.001 50 13,1 0.001 1 -1 12,1 0.001 0 -1 14,1 0.001 0 1 0.002 50 14,13 0.001 -1 0 14,14 0.001 0 1 13,13 0.001 1 -1 0.0031 65 ::f,0,2 f,2,14 f,13,2 f,15,12 
8:3,1 0.001 -1 0 1,2 0.001 -1 0 2,2 0.001 0 1 0.0041 65 3,15 0.001 1 0 2,15 0.001 -1 0 0,14 0.001 0 1 0.001 50 13,1 0.001 1 -1 12,1 0.001 1 -1 14,1 0.001 0 1 0.002 50 14,13 0.001 -1 0 14,14 0.001 -1 1 13,13 0.001 1 0 0.0031 65 ::f,2,14 f,3,3 f,13,2 f,15,12 
9:3,1 0.001 -1 0 1,2 0.001 -1 -1 2,2 0.001 -1 1 0.0041 65 3,15 0.001 1 0 1,15 0.001 -1 0 0,14 0.001 0 1 0.002 50 13,1 0.001 1 0 12,1 0.001 1 -1 14,1 0.001 -1 1 0.002 50 14,13 0.001 -1 -1 14,14 0.001 -1 1 13,13 0.001 1 0 0.0031 65 ::f,2,14 f,3,3 f,13,2 f,15,12 
10:3,1 0.001 -1 -1 1,2 0.001 -1 -1 2,2 0.001 -1 1 0.0041 65 3,15 0.001 1 0 1,15 0.001 -1 0 0,14 0.001 -1 1 0.002 50 13,1 0.001 1 0 12,1 0.001 1 0 14,1 0.001 -1 1 0.0021 65 14,13 0.001 -1 -1 14,14 0.001 -1 0 13,13 0.001 1 0 0.0031 65 ::f,2,14 f,3,3 f,15,0 f,15,12 
11:3,1 0.001 -1 -1 1,2 0.001 0 -1 2,2 0.001 -1 0 0.0041 65 3,15 0.001 1 0 1,15 0.001 -1 -1 0,14 0.001 -1 1 0.002 50 13,1 0.001 1 0 12,1 0.001 1 0 14,1 0.001 -1 0 0.0021 65 14,13 0.001 0 -1 13,14 0.001 -1 0 13,13 0.001 1 1 0.0041 65 ::f,2,14 f,3,3 f,15,0 f,15,12 
12:3,1 0.001 0 -1 1,1 0.001 0 -1 1,2 0.001 -1 0 0.0061 65 3,15 0.001 1 0 1,15 0.001 -1 -1 0,14 0.001 -1 0 0.002 50 13,1 0.001 1 1 12,1 0.001 1 0 14,1 0.001 -1 0 0.0021 65 14,13 0.001 0 -1 13,14 0.001 -1 0 13,13 0.001 1 1 0.0041 65 ::f,2,14 f,3,3 f,15,0 f,15,12 
13:3,1 0.001 0 -1 1,1 0.001 0 -1 1,2 0.001 -1 0 0.0061 65 3,15 0.001 1 0 1,15 0.001 0 -1 0,14 0.001 -1 0 0.002 50 13,1 0.001 1 1 12,1 0.001 1 1 14,1 0.001 -1 0 0.0021 65 14,13 0.001 1 -1 13,14 0.001 -1 -1 13,13 0.001 0 1 0.0041 65 ::f,2,14 f,3,3 f,15,0 f,15,12 
14:3,1 0.001 1 -1 1,1 0.001 1 -1 1,2 0.001 -1 -1 0.0061 65 3,15 0.001 1 0 1,14 0.001 0 -1 0,14 0.001 -1 -1 0.003 50 13,1 0.001 0 1 12,1 0.001 1 1 14,1 0.001 -1 -1 0.0021 65 14,13 0.001 1 -1 13,14 0.001 -1 -1 13,13 0.001 0 1 0.0042 80 ::f,2,14 f,3,3 f,15,0 f,15,15 
15:3,1 0.001 1 -1 1,1 0.001 1 -1 1,2 0.001 -1 -1 0.0061 65 3,15 0.001 1 0 1,14 0.001 0 -1 0,14 0.001 -1 -1 0.003 50 13,1 0.001 0 1 12,1 0.001 0 1 14,1 0.001 -1 -1 0.0021 65 14,13 0.001 1 0 13,14 0.001 0 -1 13,13 0.001 -1 1 0.0042 80 ::f,2,14 f,3,3 f,15,0 f,15,15 
16:3,1 0.001 1 0 1,1 0.001 1 0 1,2 0.001 0 -1 0.0061 65 3,15 0.001 1 0 1,14 0.001 1 -1 0,14 0.001 0 -1 0.003 50 13,1 0.001 -1 1 12,1 0.001 0 1 14,1 0.001 0 -1 0.0021 65 14,13 0.001 1 0 13,14 0.001 0 -1 13,13 0.001 -1 1 0.0042 80 ::f,2,14 f,3,3 f,15,0 f,15,15 
17:3,1 0.001 1 0 2,1 0.001 1 0 1,1 0.001 0 -1 0.0081 65 3,15 0.001 1 0 1,14 0.001 1 -1 0,13 0.001 0 -1 0.004 50 13,1 0.001 -1 1 12,1 0.001 -1 1 14,1 0.001 0 -1 0.0021 65 14,13 0.001 1 1 13,14 0.001 0 -1 13,13 0.001 -1 0 0.0042 80 ::f,2,14 f,3,3 f,15,0 f,15,15 
18:3,1 0.001 1 1 2,1 0.001 1 0 1,1 0.001 0 -1 0.0081 65 3,15 0.001 1 0 1,14 0.001 1 0 0,13 0.001 0 -1 0.004 50 13,1 0.001 -1 0 12,1 0.001 -1 1 14,1 0.001 1 -1 0.0021 65 14,13 0.001 1 1 13,14 0.001 1 -1 13,13 0.001 -1 0 0.0042 80 ::f,2,14 f,3,3 f,15,0 f,15,15 
19:3,1 0.001 1 1 2,1 0.001 1 1 1,1 0.001 1 -1 0.0081 65 3,15 0.001 1 0 1,14 0.001 1 0 0,13 0.001 1 -1 0.0041 65 13,1 0.001 -1 0 12,1 0.001 -1 0 14,1 0.001 1 -1 1.0022 80 14,13 0.001 0 1 13,14 0.001 1 -1 13,13 0.001 -1 -1 0.0042 80 ::f,1,13 f,3,3 f,14,0 f,15,15 
20:3,1 0.001 0 1 2,1 0.001 1 1 1,1 0.001 1 -1 0.0081 65 3,15 0.001 1 0 1,14 0.001 1 1 0,13 0.001 1 -1 0.0041 65 13,1 0.001 -1 -1 12,1 0.001 -1 0 14,1 0.001 1 0 1.0022 80 14,14 0.001 0 1 13,14 0.001 1 0 13,13 0.001 -1 -1 0.0052 80 ::f,1,13 f,3,3 f,14,0 f,15,15 
21:3,2 0.001 0 1 2,1 0.001 0 1 1,1 0.001 1 0 0.0091 65 3,15 0.001 1 0 1,14 0.001 1 1 0,13 0.001 1 0 0.0041 65 13,1 0.001 -1 -1 12,1 0.001 -1 -1 14,1 0.001 1 0 1.0022 80 14,14 0.001 0 1 13,14 0.001 1 0 13,13 0.001 0 -1 0.0052 80 ::f,1,13 f,3,3 f,14,0 f,15,15 
22:3,2 0.001 0 1 2,2 0.001 0 1 2,1 0.001 1 0 0.0112 80 3,15 0.001 1 0 1,14 0.001 0 1 0,13 0.001 1 0 0.0041 65 13,1 0.001 0 -1 12,1 0.001 -1 -1 14,1 0.001 1 1 1.0022 80 14,14 0.001 -1 1 13,14 0.001 1 1 13,13 0.001 0 -1 0.0052 80 ::f,1,0 f,1,13 f,14,0 f,15,15 
23:3,2 0.001 -1 1 2,2 0.001 0 1 2,1 0.001 1 0 0.0112 80 3,15 0.001 1 0 1,14 0.001 0 1 0,13 0.001 1 0 0.0042 80 13,1 0.001 0 -1 12,1 0.001 0 -1 14,1 0.001 1 1 1.0022 80 14,14 0.001 -1 1 13,14 0.001 1 1 13,13 0.001 1 -1 0.0052 80 ::f,1,0 f,2,14 f,14,0 f,15,15 
24:3,2 0.001 -1 1 2,2 0.001 -1 1 2,1 0.001 1 1 0.0112 80 3,15 0.001 1 0 1,14 0.001 -1 1 0,13 0.001 1 1 0.0042 80 13,1 0.001 1 -1 12,1 0.001 0 -1 14,1 0.001 0 1 1.0022 80 14,14 0.001 -1 0 13,14 0.001 0 1 13,13 0.001 1 -1 0.0052 80 ::f,1,0 f,2,14 f,14,0 f,15,15 
25:3,2 0.001 -1 0 2,2 0.001 -1 1 2,1 0.001 1 1 0.0112 80 3,15 0.001 1 0 1,14 0.001 -1 1 0,13 0.001 1 1 0.0042 80 13,1 0.001 1 -1 12,1 0.001 1 -1 14,1 0.001 0 1 1.0023 95 14,14 0.001 -1 0 13,14 0.001 0 1 13,13 0.001 1 0 0.0052 80 ::f,1,0 f,2,14 f,14,2 f,15,15 
26:3,2 0.001 -1 0 2,2 0.001 -1 0 2,1 0.001 0 1 0.0112 80 3,15 0.001 1 0 1,14 0.001 -1 0 0,13 0.001 0 1 0.0042 80 13,1 0.001 1 0 12,1 0.001 1 -1 14,1 0.001 0 1 3.0024 110 14,14 0.001 -1 0 13,14 0.001 -1 1 14,13 0.001 1 0 0.0062 80 ::f,1,0 f,2,14 f,15,2 f,15,15 
27:3,2 0.001 -1 0 1,2 0.001 -1 0 2,2 0.001 0 1 0.0132 80 3,15 0.001 1 0 1,14 0.001 -1 0 0,13 0.001 0 1 0.0042 80 13,1 0.001 1 0 12,1 0.001 1 0 14,1 0.001 -1 1 3.0024 110 14,14 0.001 -1 -1 13,14 0.001 -1 1 14,13 0.001 1 0 0.0062 80 ::f,1,0 f,2,14 f,15,2 f,15,15 
28:3,2 0.001 -1 0 1,2 0.001 -1 0 2,2 0.001 0 1 0.0132 80 3,15 0.001 1 0 1,14 0.001 -1 -1 0,13 0.001 -1 1 0.0042 80 13,1 0.001 1 0 12,1 0.001 1 0 14,1 0.001 -1 1 3.0024 110 14,14 0.001 -1 -1 13,14 0.001 -1 0 14,13 0.001 1 1 0.0062 80 ::f,1,0 f,2,14 f,15,2 f,15,15 
29:3,2 0.001 -1 0 1,2 0.001 -1 -1 2,2 0.001 -1 1 0.0132 80 3,15 0.001 1 0 1,14 0.001 -1 -1 0,13 0.001 -1 1 0.0042 80 13,1 0.001 1 1 12,1 0.001 1 0 14,1 0.001 -1 0 3.0024 110 14,14 0.001 0 -1 13,14 0.001 -1 0 14,13 0.001 1 1 0.0062 80 ::f,1,0 f,2,14 f,15,2 f,15,15 
30:3,2 0.001 -1 -1 1,2 0.001 -1 -1 2,2 0.001 -1 1 0.0132 80 3,15 0.001 1 0 1,14 0.001 0 -1 0,13 0.001 -1 0 0.0042 80 13,1 0.001 1 1 12,1 0.001 1 1 14,1 0.001 -1 0 3.0024 110 14,14 0.001 0 -1 13,14 0.001 -1 -1 14,13 0.001 0 1 0.0062 80 ::f,1,0 f,2,14 f,15,2 f,15,15 
31:3,2 0.001 -1 -1 1,2 0.001 0 -1 2,2 0.001 -1 0 0.0132 80 3,15 0.001 1 0 1,13 0.001 0 -1 0,13 0.001 -1 0 0.0052 80 13,1 0.001 0 1 12,1 0.001 1 1 14,1 0.001 -1 0 3.0024 110 14,14 0.001 1 -1 13,14 0.001 -1 -1 14,13 0.001 0 1 0.0062 80 ::f,1,0 f,2,14 f,15,2 f,15,15 
32:3,2 0.001 0 -1 1,1 0.001 0 -1 1,2 0.001 -1 0 0.0152 80 3,15 0.001 1 0 1,13 0.001 0 -1 0,13 0.001 -1 -1 0.0052 80 13,1 0.001 0 1 12,1 0.001 0 1 14,1 0.001 -1 -1 3.0024 110 14,14 0.001 1 -1 13,14 0.001 0 -1 14,13 0.001 0 1 0.0062 80 ::f,1,0 f,2,14 f,15,2 f,15,15 
33:3,2 0.001 0 -1 1,1 0.001 0 -1 1,2 0.001 -1 0 1.0153 95 3,15 0.001 1 0 1,13 0.001 1 -1 0,13 0.001 -1 -1 0.0052 80 13,1 0.001 -1 1 12,1 0.001 0 1 14,1 0.001 -1 -1 3.0024 110 14,14 0.001 1 0 13,13 0.001 0 -1 14,13 0.001 -1 1 0.0072 80 ::f,0,3 f,2,14 f,15,2 f,15,15 
34:3,2 0.001 1 -1 1,1 0.001 1 -1 1,2 0.001 -1 -1 1.0153 95 3,15 0.001 1 0 1,13 0.001 1 -1 0,13 0.001 0 -1 0.0052 80 13,1 0.001 -1 1 12,1 0.001 -1 1 14,1 0.001 0 -1 3.0024 110 14,14 0.001 1 0 13,13 0.001 0 -1 14,13 0.001 -1 1 0.0072 80 ::f,0,3 f,2,14 f,15,2 f,15,15 
35:3,2 0.001 1 -1 1,1 0.001 1 -1 1,2 0.001 -1 -1 1.0153 95 3,15 0.001 1 0 1,13 0.001 1 0 0,13 0.001 0 -1 0.0052 80 13,1 0.001 -1 0 12,1 0.001 -1 1 14,1 0.001 0 -1 3.0024 110 14,14 0.001 1 1 13,13 0.001 1 -1 14,13 0.001 -1 0 0.0072 80 ::f,0,3 f,2,14 f,15,2 f,15,15 
36:3,2 0.001 1 0 1,1 0.001 1 0 1,2 0.001 0 -1 1.0153 95 3,15 0.001 1 0 2,13 0.001 1 0 0,13 0.001 1 -1 0.0062 80 13,1 0.001 -1 0 12,1 0.001 -1 0 14,1 0.001 1 -1 3.0024 110 14,14 0.001 1 1 13,13 0.001 1 -1 14,13 0.001 -1 0 1.0073 95 ::f,0,3 f,2,14 f,15,2 f,15,13 
37:3,2 0.001 1 0 2,1 0.001 1 0 1,1 0.001 0 -1 1.0173 95 3,15 0.001 1 0 2,13 0.001 1 0 0,13 0.001 1 -1 0.0062 80 13,1 0.001 -1 -1 12,1 0.001 -1 0 14,1 0.001 1 -1 3.0024 110 14,14 0.001 0 1 13,13 0.001 1 0 14,13 0.001 -1 -1 1.0073 95 ::f,0,3 f,2,14 f,15,2 f,15,13 
38:3,2 0.001 1 1 2,1 0.001 1 0 1,1 0.001 0 -1 1.0173 95 3,15 0.001 1 0 2,13 0.001 1 1 0,13 0.001 1 0 0.0062 80 13,1 0.001 -1 -1 12,1 0.001 -1 -1 14,1 0.001 1 0 3.0024 110 14,14 0.001 0 1 13,13 0.001 1 0 14,13 0.001 -1 -1 1.0073 95 ::f,0,3 f,2,14 f,15,2 f,15,13 
39:3,2 0.001 1 1 2,1 0.001 1 1 1,1 0.001 1 -1 1.0173 95 3,15 0.001 1 0 2,13 0.001 1 1 1,13 0.001 1 0 0.0072 80 13,1 0.001 0 -1 12,1 0.001 -1 -1 14,1 0.001 1 0 3.0024 110 14,14 0.001 -1 1 13,13 0.001 1 0 14,13 0.001 0 -1 1.0073 95 ::f,0,3 f,2,14 f,15,2 f,15,13 
40:3,2 0.001 0 1 2,1 0.001 1 1 1,1 0.001 1 -1 1.0173 95 3,15 0.001 1 0 2,13 0.001 0 1 1,13 0.001 1 0 0.0072 80 13,1 0.001 0 -1 12,1 0.001 0 -1 14,1 0.001 1 1 3.0024 110 14,14 0.001 -1 1 13,13 0.001 1 1 14,13 0.001 0 -1 1.0073 95 ::f,0,3 f,2,14 f,15,2 f,15,13 
41:3,2 0.001 0 1 2,1 0.001 0 1 1,1 0.001 1 0 1.0173 95 3,15 0.001 1 0 2,13 0.001 0 1 1,13 0.001 1 1 0.0072 80 13,1 0.001 1 -1 12,1 0.001 0 -1 14,1 0.001 1 1 6.0025 125 14,14 0.001 -1 0 13,13 0.001 1 1 14,13 0.001 1 -1 1.0073 95 ::f,0,3 f,2,14 f,14,2 f,15,13 
42:3,2 0.001 -1 1 2,2 0.001 0 1 2,1 0.001 1 0 1.0193 95 3,15 0.001 1 0 2,13 0.001 0 1 2,14 0.001 1 1 1.0083 95 13,1 0.001 1 -1 12,1 0.001 1 -1 14,1 0.001 0 1 6.0025 125 13,14 0.001 -1 0 13,13 0.001 0 1 14,13 0.001 1 -1 1.0083 95 ::f,0,3 f,1,14 f,14,2 f,15,13 
43:3,2 0.001 -1 1 2,2 0.001 0 1 2,1 0.001 1 0 1.0193 95 3,15 0.001 1 0 2,13 0.001 -1 1 2,14 0.001 1 1 1.0083 95 13,1 0.001 1 0 12,1 0.001 1 -1 14,1 0.001 0 1 6.0025 125 13,14 0.001 -1 0 13,13 0.001 0 1 14,13 0.001 1 0 1.0083 95 ::f,0,3 f,1,14 f,14,2 f,15,13 
44:3,2 0.001 -1 0 2,2 0.001 -1 1 2,1 0.001 1 1 1.0193 95 3,15 0.001 1 0 2,13 0.001 -1 1 2,14 0.001 0 1 3.0084 110 13,1 0.001 1 0 12,1 0.001 1 0 14,1 0.001 0 1 10.0026 140 13,14 0.001 -1 -1 13,13 0.001 -1 1 14,13 0.001 1 0 2.0084 110 ::f,0,3 f,1,13 f,12,13 f,14,3 
45:3,2 0.001 -1 0 2,2 0.001 -1 1 2,1 0.001 1 1 1.0193 95 3,15 0.001 1 0 2,13 0.001 -1 0 2,14 0.001 0 1 3.0084 110 13,1 0.001 1 0 12,1 0.001 1 0 14,2 0.001 0 1 10.0036 140 13,14 0.001 -1 -1 13,13 0.001 -1 1 14,13 0.001 1 1 4.0085 125 ::f,0,3 f,1,13 f,14,3 f,15,15 
46:3,2 0.001 -1 0 2,2 0.001 -1 0 2,1 0.001 0 1 1.0193 95 3,15 0.001 1 0 2,13 0.001 -1 0 2,14 0.001 -1 1 6.0085 125 13,1 0.001 1 1 12,1 0.001 1 0 14,2 0.001 0 1 15.0037 155 13,14 0.001 0 -1 13,13 0.001 -1 0 14,13 0.001 1 1 4.0085 125 ::f,0,3 f,0,12 f,13,0 f,15,15 
47:3,2 0.001 -1 -1 1,2 0.001 -1 0 2,2 0.001 0 1 1.0213 95 3,15 0.001 1 0 2,13 0.001 -1 -1 2,14 0.001 -1 1 6.0085 125 13,1 0.001 1 1 12,1 0.001 1 1 14,2 0.001 -1 1 15.0037 155 13,14 0.001 0 -1 13,13 0.001 -1 0 14,13 0.001 0 1 4.0085 125 ::f,0,3 f,0,12 f,13,0 f,15,15 
48:3,2 0.001 -1 -1 1,2 0.001 -1 0 2,2 0.001 0 1 1.0213 95 3,15 0.001 1 0 2,13 0.001 -1 -1 2,14 0.001 -1 0 6.0085 125 13,1 0.001 0 1 12,1 0.001 1 1 14,2 0.001 -1 1 15.0037 155 13,14 0.001 0 -1 13,13 0.001 -1 -1 14,14 0.001 0 1 4.0095 125 ::f,0,3 f,0,12 f,13,0 f,15,15 
49:3,2 0.001 0 -1 1,2 0.001 -1 -1 2,2 0.001 -1 1 1.0213 95 3,15 0.001 1 0 2,13 0.001 0 -1 1,14 0.001 -1 0 6.0095 125 13,1 0.001 0 1 12,1 0.001 0 1 14,2 0.001 -1 0 15.0037 155 13,14 0.001 1 -1 13,13 0.001 -1 -1 14,14 0.001 0 1 4.0095 125 ::f,0,3 f,0,12 f,13,0 f,15,15 
50:3,2 0.001 0 -1 1,2 0.001 -1 -1 2,2 0.001 -1 1 1.0213 95 3,15 0.001 1 0 2,13 0.001 0 -1 1,14 0.001 -1 0 6.0095 125 13,1 0.001 -1 1 12,1 0.001 0 1 13,2 0.001 -1 0 15.0047 155 13,14 0.001 1 -1 13,13 0.001 0 -1 14,14 0.001 -1 1 4.0095 125 ::f,0,3 f,0,12 f,13,0 f,15,15 
51:3,2 0.001 1 -1 1,2 0.001 0 -1 2,2 0.001 -1 0 1.0213 95 3,15 0.001 1 0 2,13 0.001 1 -1 1,14 0.001 -1 -1 6.0095 125 13,1 0.001 -1 1 12,1 0.001 -1 1 13,2 0.001 -1 0 15.0047 155 13,14 0.001 1 0 13,13 0.001 0 -1 14,14 0.001 -1 1 4.0095 125 ::f,0,3 f,0,12 f,13,0 f,15,15 
52:3,2 0.001 1 -1 1,1 0.001 0 -1 1,2 0.001 -1 0 1.0233 95 3,15 0.001 1 0 2,13 0.001 1 -1 1,14 0.001 -1 -1 6.0095 125 13,1 0.001 -1 0 12,1 0.001 -1 1 13,2 0.001 -1 -1 15.0047 155 13,14 0.001 1 0 13,13 0.001 1 -1 14,14 0.001 -1 0 4.0095 125 ::f,0,3 f,0,12 f,13,0 f,15,15 
53:3,2 0.001 1 0 1,1 0.001 0 -1 1,2 0.001 -1 0 1.0233 95 3,15 0.001 1 0 2,13 0.001 1 0 1,14 0.001 0 -1 6.0095 125 13,1 0.001 -1 0 12,1 0.001 -1 0 13,2 0.001 -1 -1 15.0047 155 13,14 0.001 1 1 13,13 0.001 1 -1 14,14 0.001 -1 0 4.0095 125 ::f,0,3 f,0,12 f,13,0 f,15,15 
54:3,2 0.001 1 0 1,1 0.001 1 -1 1,2 0.001 -1 -1 1.0233 95 3,15 0.001 1 0 2,13 0.001 1 0 1,13 0.001 0 -1 6.0105 125 13,1 0.001 -1 -1 12,1 0.001 -1 0 13,2 0.001 0 -1 15.0047 155 13,14 0.001 1 1 13,13 0.001 1 0 14,14 0.001 -1 0 4.0095 125 ::f,0,3 f,0,12 f,13,0 f,15,15 
55:3,2 0.001 1 1 1,1 0.001 1 -1 1,2 0.001 -1 -1 1.0233 95 3,15 0.001 1 0 2,13 0.001 1 1 1,13 0.001 0 -1 6.0105 125 13,1 0.001 -1 -1 12,1 0.001 -1 -1 13,2 0.001 0 -1 15.0047 155 13,14 0.001 0 1 14,13 0.001 1 0 14,14 0.001 -1 -1 4.0105 125 ::f,0,3 f,0,12 f,13,0 f,15,15 
56:3,2 0.001 1 1 1,1 0.001 1 0 1,2 0.001 0 -1 1.0233 95 3,15 0.001 1 0 2,13 0.001 1 1 1,13 0.001 1 -1 6.0105 125 13,1 0.001 0 -1 12,1 0.001 -1 -1 13,2 0.001 0 -1 15.0047 155 13,14 0.001 0 1 14,13 0.001 1 0 14,14 0.001 -1 -1 4.0105 125 ::f,0,3 f,0,12 f,13,0 f,15,15 
57:3,2 0.001 0 1 2,1 0.001 1 0 1,1 0.001 0 -1 1.0253 95 3,15 0.001 1 0 2,13 0.001 0 1 1,13 0.001 1 -1 6.0105 125 13,1 0.001 0 -1 12,1 0.001 0 -1 13,2 0.001 1 -1 16.0048 170 13,14 0.001 -1 1 14,13 0.001 1 1 14,14 0.001 0 -1 4.0105 125 ::f,0,3 f,0,12 f,13,3 f,15,15 
58:3,2 0.001 0 1 2,1 0.001 1 0 1,1 0.001 0 -1 1.0253 95 3,15 0.001 1 0 2,14 0.001 0 1 1,13 0.001 1 0 6.0115 125 13,1 0.001 1 -1 12,1 0.001 0 -1 13,2 0.001 1 0 16.0048 170 13,14 0.001 -1 1 14,13 0.001 1 1 14,14 0.001 0 -1 4.0105 125 ::f,0,3 f,0,12 f,13,3 f,15,15 
59:3,2 0.001 -1 1 2,1 0.001 1 1 1,1 0.001 1 -1 1.0253 95 3,15 0.001 1 0 2,14 0.001 0 1 2,13 0.001 1 0 6.0125 125 13,1 0.001 1 -1 12,1 0.001 1 -1 13,2 0.001 1 0 16.0048 170 13,14 0.001 -1 0 14,13 0.001 0 1 14,14 0.001 1 -1 4.0105 125 ::f,0,3 f,0,12 f,13,3 f,15,15 
60:3,2 0.001 -1 1 2,1 0.001 1 1 1,1 0.001 1 -1 1.0253 95 3,15 0.001 1 0 2,14 0.001 -1 1 2,13 0.001 1 0 6.0125 125 13,1 0.001 1 0 12,1 0.001 1 -1 13,2 0.001 1 1 16.0048 170 13,14 0.001 -1 0 14,13 0.001 0 1 14,14 0.001 1 -1 4.0105 125 ::f,0,3 f,0,12 f,13,3 f,15,15 
61:3,2 0.001 -1 0 2,1 0.001 0 1 1,1 0.001 1 0 1.0253 95 3,15 0.001 1 0 2,14 0.001 -1 1 2,13 0.001 1 1 6.0125 125 14,1 0.001 1 0 12,1 0.001 1 0 13,2 0.001 1 1 16.0058 170 13,14 0.001 -1 -1 14,13 0.001 0 1 14,14 0.001 1 0 4.0105 125 ::f,0,3 f,0,12 f,13,3 f,15,15 
62:2,2 0.001 -1 0 2,1 0.001 0 1 1,1 0.001 1 0 1.0263 95 3,15 0.001 1 0 2,14 0.001 -1 0 2,13 0.001 1 1 6.0125 125 14,1 0.001 1 0 13,1 0.001 1 0 13,2 0.001 0 1 16.0068 170 13,14 0.001 -1 -1 14,13 0.001 -1 1 14,14 0.001 1 0 4.0105 125 ::f,0,3 f,0,12 f,13,3 f,15,15 
63:2,2 0.001 -1 0 2,1 0.001 0 1 1,1 0.001 1 0 1.0263 95 3,15 0.001 1 0 1,14 0.001 -1 0 2,13 0.001 0 1 6.0135 125 14,1 0.001 1 1 13,1 0.001 1 0 13,2 0.001 0 1 22.0069 185 13,14 0.001 0 -1 14,13 0.001 -1 1 14,14 0.001 1 1 4.0105 125 ::f,0,3 f,0,12 f,12,1 f,15,15 
64:2,2 0.001 -1 -1 2,1 0.001 -1 1 1,1 0.001 1 1 1.0263 95 3,15 0.001 1 0 1,14 0.001 -1 0 2,14 0.001 0 1 6.0145 125 14,1 0.001 1 1 13,1 0.001 1 1 13,2 0.001 -1 1 22.0069 185 13,13 0.001 0 -1 14,13 0.001 -1 0 14,14 0.001 1 1 6.0116 140 ::f,0,3 f,0,12 f,12,1 f,15,13 
65:2,2 0.001 -1 -1 1,2 0.001 -1 1 1,1 0.001 1 1 1.0273 95 3,15 0.001 1 0 1,14 0.001 -1 -1 2,14 0.001 0 1 6.0145 125 14,1 0.001 0 1 13,1 0.001 1 1 13,2 0.001 -1 1 22.0069 185 13,13 0.001 0 -1 14,13 0.001 -1 0 14,14 0.001 0 1 6.0116 140 ::f,0,3 f,0,12 f,12,1 f,15,13 
66:2,2 0.001 0 -1 1,2 0.001 -1 1 1,1 0.001 0 1 3.0274 110 3,15 0.001 1 0 1,14 0.001 -1 -1 2,14 0.001 -1 1 6.0145 125 14,2 0.001 0 1 13,1 0.001 0 1 13,2 0.001 -1 0 22.0079 185 13,13 0.001 1 -1 14,13 0.001 -1 -1 14,14 0.001 0 1 6.0116 140 ::f,0,0 f,0,12 f,12,1 f,15,13 
67:2,2 0.001 0 -1 1,2 0.001 -1 0 1,1 0.001 0 1 3.0274 110 3,15 0.001 1 0 1,14 0.001 0 -1 2,14 0.001 -1 1 6.0145 125 14,2 0.001 0 1 13,1 0.001 0 1 13,2 0.001 -1 0 22.0079 185 13,13 0.001 1 -1 14,13 0.001 -1 -1 14,14 0.001 -1 1 6.0116 140 ::f,0,0 f,0,12 f,12,1 f,15,13 
68:2,2 0.001 1 -1 1,2 0.001 -1 0 1,1 0.001 -1 1 3.0274 110 3,15 0.001 1 0 1,13 0.001 0 -1 2,14 0.001 -1 0 6.0155 125 14,2 0.001 -1 1 13,1 0.001 -1 1 13,2 0.001 -1 -1 22.0079 185 13,13 0.001 1 0 14,13 0.001 0 -1 14,14 0.001 -1 1 6.0116 140 ::f,0,0 f,0,12 f,12,1 f,15,13 
69:2,2 0.001 1 -1 1,2 0.001 -1 -1 1,1 0.001 -1 1 3.0274 110 3,15 0.001 1 0 1,13 0.001 0 -1 1,14 0.001 -1 0 6.0165 125 14,2 0.001 -1 1 13,1 0.001 -1 1 13,2 0.001 -1 -1 29.008 200 13,13 0.001 1 0 14,13 0.001 0 -1 14,14 0.001 -1 0 6.0116 140 ::f,0,0 f,0,12 f,12,1 f,15,13 
70:2,2 0.001 1 0 1,2 0.001 -1 -1 1,1 0.001 -1 0 3.0274 110 3,15 0.001 1 0 1,13 0.001 1 -1 1,14 0.001 -1 0 6.0165 125 14,2 0.001 -1 0 13,1 0.001 -1 0 13,2 0.001 0 -1 29.008 200 13,13 0.001 1 0 14,13 0.001 1 -1 13,14 0.001 -1 0 6.0126 140 ::f,0,0 f,0,12 f,12,1 f,15,13 
71:2,2 0.001 1 0 1,2 0.001 0 -1 1,1 0.001 -1 0 3.0274 110 3,15 0.001 1 0 1,13 0.001 1 -1 1,14 0.001 -1 -1 6.0165 125 14,2 0.001 -1 0 13,1 0.001 -1 0 13,2 0.001 0 -1 29.0081 215 13,13 0.001 1 1 14,13 0.001 1 -1 13,14 0.001 -1 0 6.0126 140 ::f,0,0 f,0,12 f,14,3 f,15,13 
72:2,2 0.001 1 1 1,2 0.001 0 -1 1,1 0.001 -1 -1 3.0274 110 3,15 0.001 1 0 1,13 0.001 1 0 1,14 0.001 -1 -1 6.0165 125 14,2 0.001 -1 0 13,1 0.001 -1 -1 13,2 0.001 0 -1 29.0081 215 13,13 0.001 1 1 14,13 0.001 1 0 13,14 0.001 -1 -1 6.0126 140 ::f,0,0 f,0,12 f,14,3 f,15,13 
73:2,2 0.001 1 1 1,2 0.001 0 -1 1,1 0.001 -1 -1 3.0275 125 3,15 0.001 1 0 2,13 0.001 1 0 1,14 0.001 0 -1 6.0175 125 14,2 0.001 -1 -1 13,1 0.001 -1 -1 13,2 0.001 1 -1 29.0081 215 13,13 0.001 0 1 14,13 0.001 1 0 13,14 0.001 -1 -1 6.0127 155 ::f,0,12 f,3,0 f,12,15 f,14,3 
74:2,2 0.001 0 1 1,2 0.001 1 -1 1,1 0.001 0 -1 3.0275 125 3,15 0.001 1 0 2,13 0.001 1 0 1,13 0.001 0 -1 6.0185 125 14,2 0.001 -1 -1 13,1 0.001 0 -1 13,2 0.001 1 -1 29.0081 215 13,13 0.001 0 1 14,13 0.001 1 1 13,14 0.001 0 -1 6.0127 155 ::f,0,12 f,3,0 f,12,15 f,14,3 
75:2,2 0.001 0 1 2,1 0.001 1 -1 1,1 0.001 0 -1 3.0285 125 3,15 0.001 1 0 2,13 0.001 1 1 1,13 0.001 0 -1 6.0185 125 14,2 0.001 0 -1 13,1 0.001 0 -1 13,2 0.001 1 0 29.0081 215 13,13 0.001 -1 1 14,13 0.001 1 1 13,14 0.001 0 -1 6.0127 155 ::f,0,12 f,3,0 f,12,15 f,14,3 
76:2,2 0.001 -1 1 2,1 0.001 1 -1 1,1 0.001 1 -1 6.0286 140 3,15 0.001 1 0 2,13 0.001 1 1 1,13 0.001 1 -1 6.0185 125 14,2 0.001 0 -1 13,1 0.001 1 -1 13,2 0.001 1 0 29.0081 215 13,13 0.001 -1 1 14,13 0.001 0 1 13,14 0.001 0 -1 6.0127 155 ::f,0,12 f,3,1 f,12,15 f,14,3 
77:2,2 0.001 -1 1 2,1 0.001 1 0 1,1 0.001 1 -1 6.0286 140 3,15 0.001 1 0 2,13 0.001 0 1 1,13 0.001 1 -1 6.0185 125 14,2 0.001 1 -1 13,1 0.001 1 -1 13,2 0.001 1 1 29.0081 215 13,13 0.001 -1 0 14,14 0.001 0 1 13,14 0.001 1 -1 6.0137 155 ::f,0,12 f,3,1 f,12,15 f,14,3 
78:2,2 0.001 -1 0 2,1 0.001 1 0 1,1 0.001 1 0 10.0287 155 3,15 0.001 1 0 2,14 0.001 0 1 1,13 0.001 1 0 6.0195 125 14,2 0.001 1 -1 13,1 0.001 1 0 13,2 0.001 1 1 37.0082 230 13,13 0.001 -1 0 14,14 0.001 0 1 13,14 0.001 1 -1 6.0137 155 ::f,0,12 f,1,3 f,12,3 f,12,15 
79:1,2 0.001 -1 0 2,1 0.001 1 1 1,1 0.001 1 0 10.0297 155 3,15 0.001 1 0 2,14 0.001 0 1 2,13 0.001 1 0 6.0205 125 14,2 0.001 1 0 14,1 0.001 1 0 13,2 0.001 0 1 37.0092 230 13,13 0.001 -1 -1 14,14 0.001 -1 1 13,14 0.001 1 0 6.0137 155 ::f,0,12 f,1,3 f,12,3 f,12,15 
80:1,2 0.001 -1 0 2,1 0.001 1 1 1,1 0.001 1 0 10.0297 155 3,15 0.001 1 0 2,14 0.001 -1 1 2,13 0.001 1 0 6.0205 125 14,2 0.001 1 0 14,1 0.001 1 0 13,2 0.001 0 1 37.0092 230 13,13 0.001 -1 -1 14,14 0.001 -1 1 13,14 0.001 1 0 6.0137 155 ::f,0,12 f,1,3 f,12,3 f,12,15 
81:1,2 0.001 -1 -1 2,1 0.001 0 1 1,1 0.001 1 1 10.0297 155 3,15 0.001 1 0 2,14 0.001 -1 1 2,13 0.001 1 1 6.0205 125 14,2 0.001 1 1 14,1 0.001 1 1 13,2 0.001 -1 1 37.0092 230 13,13 0.001 0 -1 14,14 0.001 -1 0 13,14 0.001 1 1 6.0137 155 ::f,0,12 f,1,3 f,12,3 f,12,15 
82:1,2 0.001 -1 -1 2,2 0.001 0 1 1,1 0.001 1 1 10.0307 155 3,15 0.001 1 0 2,14 0.001 -1 0 2,13 0.001 1 1 6.0205 125 14,2 0.001 1 1 14,1 0.001 1 1 13,2 0.001 -1 1 46.0093 245 13,13 0.001 0 -1 14,14 0.001 -1 0 13,14 0.001 1 1 6.0137 155 ::f,0,12 f,1,3 f,12,15 f,13,1 
83:1,2 0.001 0 -1 2,2 0.001 0 1 1,1 0.001 0 1 10.0307 155 3,15 0.001 1 0 1,14 0.001 -1 0 2,13 0.001 0 1 6.0215 125 14,2 0.001 0 1 14,1 0.001 0 1 13,2 0.001 -1 0 46.0093 245 13,13 0.001 1 -1 14,14 0.001 -1 0 13,14 0.001 0 1 6.0137 155 ::f,0,12 f,1,3 f,12,15 f,13,1 
84:1,2 0.001 0 -1 2,2 0.001 -1 1 1,1 0.001 0 1 10.0307 155 3,15 0.001 1 0 1,14 0.001 -1 0 2,14 0.001 0 1 6.0225 125 14,2 0.001 0 1 14,1 0.001 0 1 13,2 0.001 -1 0 46.0093 245 13,13 0.001 1 -1 14,14 0.001 -1 -1 13,14 0.001 0 1 6.0137 155 ::f,0,12 f,1,3 f,12,15 f,13,1 
85:1,2 0.001 0 -1 2,2 0.001 -1 1 1,1 0.001 0 1 15.0308 170 3,15 0.001 1 0 1,14 0.001 -1 -1 2,14 0.001 0 1 6.0225 125 14,2 0.001 -1 1 14,1 0.001 0 1 13,2 0.001 -1 -1 46.0093 245 13,13 0.001 1 0 14,14 0.001 -1 -1 13,14 0.001 -1 1 6.0137 155 ::f,0,12 f,2,0 f,12,15 f,13,1 
86:1,2 0.001 1 -1 2,2 0.001 -1 0 1,1 0.001 -1 1 15.0308 170 3,15 0.001 1 0 1,14 0.001 -1 -1 2,14 0.001 -1 1 6.0225 125 14,2 0.001 -1 1 14,1 0.001 -1 1 13,2 0.001 -1 -1 46.0093 245 14,13 0.001 1 0 14,14 0.001 0 -1 13,14 0.001 -1 1 9.0148 170 ::f,0,12 f,2,0 f,13,1 f,13,13 
87:1,2 0.001 1 -1 2,2 0.001 -1 0 1,1 0.001 -1 1 15.0308 170 3,15 0.001 1 0 1,14 0.001 0 -1 2,14 0.001 -1 1 6.0225 125 14,2 0.001 -1 0 14,1 0.001 -1 1 13,2 0.001 0 -1 46.0093 245 14,13 0.001 1 0 14,14 0.001 0 -1 13,14 0.001 -1 0 9.0148 170 ::f,0,12 f,2,0 f,13,1 f,13,13 
88:1,2 0.001 1 0 2,2 0.001 -1 0 1,1 0.001 -1 0 15.0308 170 3,15 0.001 1 0 1,13 0.001 0 -1 2,14 0.001 -1 0 6.0235 125 14,2 0.001 -1 0 14,1 0.001 -1 0 13,2 0.001 0 -1 46.0093 245 14,13 0.001 1 1 14,14 0.001 1 -1 13,14 0.001 -1 0 9.0148 170 ::f,0,12 f,2,0 f,13,1 f,13,13 
89:1,2 0.001 1 0 2,2 0.001 -1 -1 1,1 0.001 -1 0 15.0308 170 3,15 0.001 1 0 1,13 0.001 0 -1 1,14 0.001 -1 0 6.0245 125 14,2 0.001 -1 0 14,1 0.001 -1 0 13,2 0.001 0 -1 47.0094 260 14,13 0.001 1 1 14,14 0.001 1 -1 13,14 0.001 -1 -1 9.0148 170 ::f,0,12 f,2,0 f,13,13 f,15,1 
90:1,2 0.001 1 1 2,2 0.001 -1 -1 1,1 0.001 -1 -1 15.0308 170 3,15 0.001 1 0 1,13 0.001 1 -1 1,14 0.001 -1 0 6.0245 125 14,2 0.001 -1 -1 14,1 0.001 -1 -1 13,2 0.001 1 -1 47.0094 260 14,13 0.001 0 1 14,14 0.001 1 0 13,14 0.001 -1 -1 9.0148 170 ::f,0,12 f,2,0 f,13,13 f,15,1 
91:1,2 0.001 1 1 2,2 0.001 0 -1 1,1 0.001 -1 -1 15.0308 170 3,15 0.001 1 0 1,13 0.001 1 -1 1,14 0.001 -1 -1 6.0245 125 14,2 0.001 -1 -1 14,1 0.001 -1 -1 13,2 0.001 1 -1 47.0094 260 14,13 0.001 0 1 14,14 0.001 1 0 13,14 0.001 0 -1 9.0148 170 ::f,0,12 f,2,0 f,13,13 f,15,1 
92:1,2 0.001 0 1 2,1 0.001 0 -1 1,1 0.001 0 -1 15.0318 170 3,15 0.001 1 0 1,13 0.001 1 0 1,14 0.001 -1 -1 6.0245 125 14,2 0.001 0 -1 14,1 0.001 0 -1 13,2 0.001 1 0 47.0094 260 14,13 0.001 0 1 14,14 0.001 1 1 13,14 0.001 0 -1 9.0148 170 ::f,0,12 f,2,0 f,13,13 f,15,1 
93:1,2 0.001 0 1 2,1 0.001 0 -1 1,1 0.001 0 -1 21.0319 185 3,15 0.001 1 0 2,13 0.001 1 0 1,14 0.001 0 -1 6.0255 125 14,2 0.001 0 -1 14,1 0.001 0 -1 13,2 0.001 1 0 47.0094 260 14,13 0.001 -1 1 14,14 0.001 1 1 13,14 0.001 0 -1 13.0149 185 ::f,0,12 f,3,3 f,12,13 f,15,1 
94:1,2 0.001 -1 1 2,1 0.001 1 -1 1,1 0.001 1 -1 21.0319 185 3,15 0.001 1 0 2,13 0.001 1 0 1,13 0.001 0 -1 6.0265 125 14,2 0.001 1 -1 14,1 0.001 1 -1 13,2 0.001 1 1 47.0094 260 14,13 0.001 -1 1 14,14 0.001 0 1 13,14 0.001 1 -1 13.0149 185 ::f,0,12 f,3,3 f,12,13 f,15,1 
95:1,2 0.001 -1 1 2,1 0.001 1 -1 1,1 0.001 1 -1 21.0319 185 3,15 0.001 1 0 2,13 0.001 1 1 1,13 0.001 0 -1 6.0265 125 14,2 0.001 1 -1 14,1 0.001 1 -1 13,2 0.001 1 1 49.0095 275 14,13 0.001 -1 0 14,14 0.001 0 1 13,14 0.001 1 -1 13.0149 185 ::f,0,12 f,3,3 f,12,13 f,15,2 
96:1,2 0.001 -1 0 2,1 0.001 1 0 1,1 0.001 1 0 21.0319 185 3,15 0.001 1 0 2,13 0.001 1 1 1,13 0.001 1 -1 6.0265 125 14,2 0.001 1 0 14,1 0.001 1 0 13,2 0.001 0 1 49.0095 275 13,13 0.001 -1 0 14,14 0.001 -1 1 13,14 0.001 1 0 13.0159 185 ::f,0,12 f,3,3 f,12,13 f,15,2 
97:1,2 0.001 -1 0 2,1 0.001 1 0 1,1 0.001 1 0 21.0319 185 3,15 0.001 1 0 2,13 0.001 0 1 1,13 0.001 1 -1 6.0265 125 14,2 0.001 1 0 14,1 0.001 1 0 13,2 0.001 0 1 52.0096 290 13,13 0.001 -1 0 14,14 0.001 -1 1 13,14 0.001 1 0 16.016 200 ::f,0,12 f,3,3 f,15,3 f,15,15 
98:1,2 0.001 -1 -1 2,1 0.001 1 1 1,1 0.001 1 0 21.0319 185 3,15 0.001 1 0 2,14 0.001 0 1 1,13 0.001 1 0 6.0275 125 14,2 0.001 1 1 14,1 0.001 1 1 13,2 0.001 -1 1 52.0096 290 13,13 0.001 -1 -1 14,14 0.001 -1 0 13,14 0.001 1 1 16.016 200 ::f,0,12 f,3,3 f,15,3 f,15,15 
99:1,2 0.001 -1 -1 2,1 0.001 1 1 1,1 0.001 1 1 21.0319 185 3,15 0.001 1 0 2,14 0.001 0 1 2,13 0.001 1 0 6.0285 125 14,2 0.001 1 1 14,1 0.001 1 1 13,2 0.001 -1 1 56.0097 305 13,13 0.001 -1 -1 14,14 0.001 -1 0 13,14 0.001 1 1 16.016 200 ::f,0,12 f,3,3 f,13,0 f,15,15 
100:1,2 0.001 0 -1 2,1 0.001 0 1 2,2 0.001 1 1 21.0329 185 3,15 0.001 1 0 2,14 0.001 -1 1 2,13 0.001 1 0 6.0285 125 14,2 0.001 0 1 14,1 0.001 0 1 13,2 0.001 -1 0 56.0097 305 13,13 0.001 0 -1 14,14 0.001 -1 0 13,14 0.001 0 1 16.016 200 ::f,0,12 f,3,3 f,13,0 f,15,15 
101:1,1 0.001 0 -1 2,1 0.001 0 1 2,2 0.001 1 1 22.034 200 3,15 0.001 1 0 2,14 0.001 -1 1 2,13 0.001 1 1 6.0285 125 14,2 0.001 0 1 14,1 0.001 0 1 13,2 0.001 -1 0 56.0097 305 13,13 0.001 0 -1 14,14 0.001 -1 -1 13,14 0.001 0 1 16.016 200 ::f,0,3 f,0,12 f,13,0 f,15,15 
102:1,1 0.001 0 -1 2,1 0.001 0 1 2,2 0.001 0 1 22.034 200 3,15 0.001 1 0 2,14 0.001 -1 0 2,13 0.001 1 1 6.0285 125 14,2 0.001 -1 1 14,1 0.001 0 1 13,2 0.001 -1 -1 56.0097 305 13,13 0.001 1 -1 14,14 0.001 -1 -1 13,14 0.001 -1 1 16.016 200 ::f,0,3 f,0,12 f,13,0 f,15,15 
103:1,1 0.001 1 -1 2,1 0.001 -1 1 2,2 0.001 0 1 22.034 200 3,15 0.001 1 0 1,14 0.001 -1 0 2,13 0.001 0 1 6.0295 125 14,2 0.001 -1 1 14,1 0.001 -1 1 13,2 0.001 -1 -1 56.0097 305 13,13 0.001 1 -1 14,14 0.001 0 -1 13,14 0.001 -1 1 16.016 200 ::f,0,3 f,0,12 f,13,0 f,15,15 
104:1,1 0.001 1 -1 1,2 0.001 -1 1 2,2 0.001 -1 1 22.035 200 3,15 0.001 1 0 1,14 0.001 -1 0 2,14 0.001 0 1 6.0305 125 14,2 0.001 -1 0 14,1 0.001 -1 1 13,2 0.001 0 -1 56.0097 305 13,13 0.001 1 0 14,14 0.001 0 -1 13,14 0.001 -1 0 16.016 200 ::f,0,3 f,0,12 f,13,0 f,15,15 
105:1,1 0.001 1 0 1,2 0.001 -1 1 2,2 0.001 -1 1 29.0351 215 3,15 0.001 1 0 1,14 0.001 -1 -1 2,14 0.001 0 1 6.0305 125 14,2 0.001 -1 0 14,1 0.001 -1 0 13,1 0.001 0 -1 56.0107 305 14,13 0.001 1 0 14,14 0.001 1 -1 13,14 0.001 -1 0 16.017 200 ::f,0,12 f,2,3 f,13,0 f,15,15 
106:2,1 0.001 1 0 1,2 0.001 -1 0 2,2 0.001 -1 0 29.0361 215 3,15 0.001 1 0 1,14 0.001 -1 -1 2,14 0.001 -1 1 6.0305 125 14,2 0.001 -1 0 14,1 0.001 -1 0 13,1 0.001 0 -1 66.0108 320 14,13 0.001 1 0 14,14 0.001 1 -1 13,14 0.001 -1 -1 16.017 200 ::f,0,12 f,2,3 f,15,0 f,15,15 
107:2,1 0.001 1 0 1,2 0.001 -1 0 2,2 0.001 -1 0 29.0361 215 3,15 0.001 1 0 1,14 0.001 0 -1 2,14 0.001 -1 1 6.0305 125 14,2 0.001 -1 -1 14,1 0.001 -1 -1 13,1 0.001 1 -1 66.0108 320 14,13 0.001 1 1 14,14 0.001 1 0 13,14 0.001 -1 -1 16.017 200 ::f,0,12 f,2,3 f,15,0 f,15,15 
108:2,1 0.001 1 1 1,2 0.001 -1 -1 2,2 0.001 -1 0 29.0361 215 3,15 0.001 1 0 1,13 0.001 0 -1 2,14 0.001 -1 0 6.0315 125 14,2 0.001 -1 -1 14,1 0.001 -1 -1 13,1 0.001 1 -1 66.0108 320 14,13 0.001 1 1 14,14 0.001 1 0 13,14 0.001 0 -1 16.017 200 ::f,0,12 f,2,3 f,15,0 f,15,15 
109:2,1 0.001 1 1 1,2 0.001 -1 -1 2,2 0.001 -1 -1 29.0361 215 3,15 0.001 1 0 1,13 0.001 0 -1 1,14 0.001 -1 0 6.0325 125 14,2 0.001 0 -1 14,1 0.001 0 -1 13,1 0.001 1 0 66.0108 320 14,13 0.001 0 1 14,14 0.001 1 1 13,13 0.001 0 -1 16.018 200 ::f,0,12 f,2,3 f,15,0 f,15,15 
110:2,1 0.001 0 1 1,2 0.001 0 -1 2,2 0.001 -1 -1 29.0361 215 3,15 0.001 1 0 1,13 0.001 1 -1 1,14 0.001 -1 0 6.0325 125 14,2 0.001 0 -1 14,1 0.001 0 -1 13,1 0.001 1 0 66.0108 320 14,13 0.001 0 1 14,14 0.001 1 1 13,13 0.001 0 -1 17.0181 215 ::f,0,12 f,2,3 f,12,12 f,15,0 
111:2,1 0.001 0 1 1,1 0.001 0 -1 2,2 0.001 0 -1 29.0371 215 3,15 0.001 1 0 1,13 0.001 1 -1 1,14 0.001 -1 -1 6.0325 125 14,2 0.001 1 -1 14,1 0.001 1 -1 13,1 0.001 1 0 66.0108 320 14,13 0.001 0 1 14,14 0.001 0 1 13,13 0.001 1 -1 17.0181 215 ::f,0,12 f,2,3 f,12,12 f,15,0 
112:2,1 0.001 0 1 1,1 0.001 0 -1 2,2 0.001 0 -1 29.0371 215 3,15 0.001 1 0 1,13 0.001 1 0 1,14 0.001 -1 -1 6.0325 125 14,2 0.001 1 -1 14,1 0.001 1 -1 13,1 0.001 1 1 68.0109 335 14,13 0.001 -1 1 14,14 0.001 0 1 13,13 0.001 1 -1 17.0181 215 ::f,0,12 f,2,3 f,12,12 f,13,2 
113:2,1 0.001 -1 1 1,1 0.001 1 -1 2,2 0.001 1 -1 29.0371 215 3,15 0.001 1 0 2,13 0.001 1 0 1,14 0.001 0 -1 6.0335 125 14,2 0.001 1 0 14,1 0.001 1 0 13,1 0.001 1 1 68.0109 335 14,13 0.001 -1 1 14,14 0.001 -1 1 13,13 0.001 1 0 17.0181 215 ::f,0,12 f,2,3 f,12,12 f,13,2 
114:2,1 0.001 -1 1 1,1 0.001 1 -1 2,2 0.001 1 -1 29.0371 215 3,15 0.001 1 0 2,13 0.001 1 0 1,13 0.001 0 -1 6.0345 125 14,2 0.001 1 0 14,1 0.001 1 0 13,1 0.001 0 1 68.0109 335 14,13 0.001 -1 0 14,14 0.001 -1 1 13,13 0.001 1 0 17.0181 215 ::f,0,12 f,2,3 f,12,12 f,13,2 
115:2,1 0.001 -1 0 1,1 0.001 1 0 2,2 0.001 1 0 29.0371 215 3,15 0.001 1 0 2,13 0.001 1 1 1,13 0.001 0 -1 6.0345 125 14,2 0.001 1 1 14,1 0.001 1 1 13,1 0.001 0 1 78.011 350 14,13 0.001 -1 0 14,14 0.001 -1 0 13,13 0.001 1 0 17.0181 215 ::f,0,12 f,2,3 f,12,3 f,12,12 
116:2,1 0.001 -1 0 1,1 0.001 1 0 2,2 0.001 1 0 29.0371 215 3,15 0.001 1 0 2,13 0.001 1 1 1,13 0.001 1 -1 6.0345 125 14,2 0.001 1 1 14,1 0.001 1 1 13,1 0.001 -1 1 78.011 350 14,13 0.001 -1 -1 13,14 0.001 -1 0 13,13 0.001 1 1 17.0191 215 ::f,0,12 f,2,3 f,12,3 f,12,12 
117:2,1 0.001 -1 -1 1,1 0.001 1 0 2,2 0.001 1 1 29.0371 215 3,15 0.001 1 0 2,13 0.001 0 1 1,13 0.001 1 -1 6.0345 125 14,2 0.001 0 1 14,1 0.001 0 1 13,1 0.001 -1 1 78.011 350 14,13 0.001 -1 -1 13,14 0.001 -1 0 13,13 0.001 1 1 17.0191 215 ::f,0,12 f,2,3 f,12,3 f,12,12 
118:2,1 0.001 -1 -1 1,1 0.001 1 1 2,2 0.001 1 1 29.0371 215 3,15 0.001 1 0 2,14 0.001 0 1 1,13 0.001 1 0 6.0355 125 14,2 0.001 0 1 14,1 0.001 0 1 13,1 0.001 -1 0 78.011 350 14,13 0.001 0 -1 13,14 0.001 -1 -1 13,13 0.001 0 1 17.0191 215 ::f,0,12 f,2,3 f,12,3 f,12,12 
119:2,1 0.001 0 -1 1,1 0.001 1 1 2,2 0.001 0 1 29.0371 215 3,15 0.001 1 0 2,14 0.001 0 1 2,13 0.001 1 0 6.0365 125 14,2 0.001 -1 1 14,1 0.001 0 1 13,1 0.001 -1 0 78.011 350 14,13 0.001 0 -1 13,14 0.001 -1 -1 13,13 0.001 0 1 17.0191 215 ::f,0,12 f,2,3 f,12,3 f,12,12 
120:2,1 0.001 0 -1 1,1 0.001 0 1 2,2 0.001 0 1 31.0372 230 3,15 0.001 1 0 2,14 0.001 -1 1 2,13 0.001 1 0 6.0365 125 14,2 0.001 -1 1 14,1 0.001 -1 1 13,1 0.001 -1 -1 78.011 350 14,13 0.001 1 -1 13,14 0.001 0 -1 13,13 0.001 -1 1 17.0191 215 ::f,0,1 f,0,12 f,12,3 f,12,12 
121:2,1 0.001 1 -1 1,1 0.001 0 1 2,2 0.001 -1 1 31.0372 230 3,15 0.001 1 0 2,14 0.001 -1 1 2,13 0.001 1 1 6.0365 125 14,2 0.001 -1 0 13,2 0.001 -1 1 13,1 0.001 -1 -1 78.012 350 14,13 0.001 1 -1 13,14 0.001 0 -1 13,13 0.001 -1 1 17.0191 215 ::f,0,1 f,0,12 f,12,3 f,12,12 
122:2,1 0.001 1 -1 1,1 0.001 -1 1 2,2 0.001 -1 1 31.0372 230 3,15 0.001 1 0 2,14 0.001 -1 0 2,13 0.001 1 1 6.0365 125 14,2 0.001 -1 0 13,2 0.001 -1 1 13,1 0.001 0 -1 81.0121 365 14,13 0.001 1 0 13,14 0.001 0 -1 13,13 0.001 -1 0 17.0191 215 ::f,0,1 f,0,12 f,12,12 f,15,1 
123:2,1 0.001 1 0 1,1 0.001 -1 1 2,2 0.001 -1 0 31.0372 230 3,15 0.001 1 0 1,14 0.001 -1 0 2,13 0.001 0 1 6.0375 125 14,2 0.001 -1 0 13,2 0.001 -1 0 13,1 0.001 0 -1 81.0121 365 14,13 0.001 1 0 13,14 0.001 1 -1 13,13 0.001 -1 0 17.0191 215 ::f,0,1 f,0,12 f,12,12 f,15,1 
124:2,1 0.001 1 0 1,1 0.001 -1 0 1,2 0.001 -1 0 31.0382 230 3,15 0.001 1 0 1,14 0.001 -1 0 2,14 0.001 0 1 6.0385 125 14,2 0.001 -1 -1 13,2 0.001 -1 0 13,1 0.001 1 -1 81.0121 365 14,13 0.001 1 1 13,14 0.001 1 -1 13,13 0.001 -1 -1 17.0191 215 ::f,0,1 f,0,12 f,12,12 f,15,1 
125:2,1 0.001 1 1 1,1 0.001 -1 0 1,2 0.001 -1 0 39.0383 245 3,15 0.001 1 0 1,14 0.001 -1 -1 2,14 0.001 0 1 6.0385 125 14,2 0.001 -1 -1 13,2 0.001 -1 -1 13,1 0.001 1 -1 81.0121 365 14,13 0.001 1 1 13,14 0.001 1 0 13,13 0.001 -1 -1 22.0192 230 ::f,0,12 f,3,2 f,12,15 f,15,1 
126:2,1 0.001 1 1 1,1 0.001 -1 -1 1,2 0.001 -1 -1 40.0384 260 3,15 0.001 1 0 1,14 0.001 -1 -1 2,14 0.001 -1 1 6.0385 125 14,2 0.001 0 -1 13,2 0.001 -1 -1 13,1 0.001 1 0 81.0121 365 14,13 0.001 0 1 13,14 0.001 1 0 13,13 0.001 0 -1 22.0192 230 ::f,0,12 f,2,3 f,12,15 f,15,1 
127:2,1 0.001 0 1 1,1 0.001 -1 -1 1,2 0.001 -1 -1 40.0384 260 3,15 0.001 1 0 1,14 0.001 0 -1 2,14 0.001 -1 1 6.0385 125 14,2 0.001 0 -1 13,2 0.001 0 -1 14,1 0.001 1 0 81.0131 365 14,14 0.001 0 1 13,14 0.001 1 1 13,13 0.001 0 -1 22.0202 230 ::f,0,12 f,2,3 f,12,15 f,15,1 
128:2,2 0.001 0 1 1,1 0.001 0 -1 1,2 0.001 0 -1 40.0394 260 3,15 0.001 1 0 1,13 0.001 0 -1 2,14 0.001 -1 0 6.0395 125 14,2 0.001 1 -1 13,1 0.001 0 -1 14,1 0.001 1 0 91.0142 380 14,14 0.001 0 1 13,14 0.001 1 1 13,13 0.001 1 -1 22.0202 230 ::f,0,12 f,2,3 f,12,2 f,12,15 
129:2,2 0.001 0 1 1,1 0.001 0 -1 1,2 0.001 0 -1 42.0395 275 3,15 0.001 1 0 1,13 0.001 0 -1 1,14 0.001 -1 0 6.0405 125 14,2 0.001 1 -1 13,1 0.001 0 -1 14,1 0.001 1 1 91.0142 380 14,14 0.001 -1 1 13,14 0.001 0 1 13,13 0.001 1 -1 22.0202 230 ::f,0,3 f,0,12 f,12,2 f,12,15 
130:2,2 0.001 -1 1 1,1 0.001 1 -1 1,2 0.001 0 -1 42.0395 275 3,15 0.001 1 0 1,13 0.001 1 -1 1,14 0.001 -1 0 6.0405 125 14,2 0.001 1 0 13,1 0.001 1 -1 14,1 0.001 1 1 91.0142 380 14,14 0.001 -1 1 13,14 0.001 0 1 13,13 0.001 1 0 22.0202 230 ::f,0,3 f,0,12 f,12,2 f,12,15 
131:2,2 0.001 -1 1 1,1 0.001 1 -1 1,2 0.001 1 -1 42.0395 275 3,15 0.001 1 0 1,13 0.001 1 -1 1,14 0.001 -1 -1 6.0405 125 14,2 0.001 1 0 13,1 0.001 1 -1 14,1 0.001 0 1 91.0142 380 14,14 0.001 -1 0 13,14 0.001 -1 1 14,13 0.001 1 0 22.0212 230 ::f,0,3 f,0,12 f,12,2 f,12,15 
132:2,2 0.001 -1 0 1,1 0.001 1 0 1,2 0.001 1 -1 42.0395 275 3,15 0.001 1 0 1,13 0.001 1 0 1,14 0.001 -1 -1 6.0405 125 14,2 0.001 1 1 13,1 0.001 1 0 14,1 0.001 0 1 91.0142 380 14,14 0.001 -1 0 13,14 0.001 -1 1 14,13 0.001 1 0 24.0213 245 ::f,0,3 f,0,12 f,12,2 f,14,15 
133:2,2 0.001 -1 0 2,1 0.001 1 0 1,2 0.001 1 0 42.0405 275 3,15 0.001 1 0 2,13 0.001 1 0 1,14 0.001 0 -1 6.0415 125 14,2 0.001 1 1 13,1 0.001 1 0 14,1 0.001 0 1 91.0142 380 14,14 0.001 -1 0 13,14 0.001 -1 0 14,13 0.001 1 1 24.0213 245 ::f,0,3 f,0,12 f,12,2 f,14,15 
134:2,2 0.001 -1 0 2,1 0.001 1 0 1,2 0.001 1 0 42.0405 275 3,15 0.001 1 0 2,13 0.001 1 0 1,13 0.001 0 -1 6.0425 125 14,2 0.001 0 1 13,1 0.001 1 0 14,1 0.001 -1 1 91.0142 380 14,14 0.001 -1 -1 13,14 0.001 -1 0 14,13 0.001 1 1 24.0213 245 ::f,0,3 f,0,12 f,12,2 f,14,15 
135:2,2 0.001 -1 -1 2,1 0.001 1 1 1,2 0.001 1 1 42.0405 275 3,15 0.001 1 0 2,13 0.001 1 1 1,13 0.001 0 -1 6.0425 125 14,2 0.001 0 1 13,1 0.001 1 1 14,1 0.001 -1 1 91.0142 380 14,14 0.001 -1 -1 13,14 0.001 -1 -1 14,13 0.001 0 1 24.0213 245 ::f,0,3 f,0,12 f,12,2 f,14,15 
136:2,2 0.001 -1 -1 2,1 0.001 1 1 1,2 0.001 1 1 42.0405 275 3,15 0.001 1 0 2,13 0.001 1 1 1,13 0.001 1 -1 6.0425 125 14,2 0.001 -1 1 13,1 0.001 1 1 14,1 0.001 -1 0 91.0142 380 14,14 0.001 0 -1 13,14 0.001 -1 -1 14,13 0.001 0 1 24.0213 245 ::f,0,3 f,0,12 f,12,2 f,14,15 
137:2,2 0.001 0 -1 2,1 0.001 0 1 1,2 0.001 0 1 42.0405 275 3,15 0.001 1 0 2,13 0.001 0 1 1,13 0.001 1 -1 6.0425 125 14,2 0.001 -1 1 13,1 0.001 0 1 14,1 0.001 -1 0 91.0142 380 14,14 0.001 0 -1 13,14 0.001 0 -1 14,13 0.001 0 1 24.0213 245 ::f,0,3 f,0,12 f,12,2 f,14,15 
138:2,2 0.001 0 -1 2,1 0.001 0 1 1,2 0.001 0 1 42.0405 275 3,15 0.001 1 0 2,14 0.001 0 1 1,13 0.001 1 0 6.0435 125 14,2 0.001 -1 0 13,1 0.001 0 1 14,1 0.001 -1 -1 91.0142 380 14,14 0.001 1 -1 13,13 0.001 0 -1 14,13 0.001 -1 1 24.0223 245 ::f,0,3 f,0,12 f,12,2 f,14,15 
139:2,2 0.001 1 -1 2,1 0.001 0 1 1,2 0.001 -1 1 42.0405 275 3,15 0.001 1 0 2,14 0.001 0 1 2,13 0.001 1 0 6.0445 125 13,2 0.001 -1 0 13,1 0.001 -1 1 14,1 0.001 -1 -1 91.0152 380 14,14 0.001 1 -1 13,13 0.001 0 -1 14,13 0.001 -1 1 24.0223 245 ::f,0,3 f,0,12 f,12,2 f,14,15 
140:2,2 0.001 1 -1 2,1 0.001 -1 1 1,2 0.001 -1 1 45.0406 290 3,15 0.001 1 0 2,14 0.001 -1 1 2,13 0.001 1 0 6.0445 125 13,2 0.001 -1 0 13,1 0.001 -1 1 14,1 0.001 0 -1 96.0153 395 14,14 0.001 1 0 13,13 0.001 1 -1 14,13 0.001 -1 0 24.0223 245 ::f,0,12 f,1,1 f,12,0 f,14,15 
141:2,2 0.001 1 0 2,1 0.001 -1 1 1,2 0.001 -1 0 45.0406 290 3,15 0.001 1 0 2,14 0.001 -1 1 2,13 0.001 1 1 6.0445 125 13,2 0.001 -1 -1 13,1 0.001 -1 0 14,1 0.001 0 -1 96.0153 395 14,14 0.001 1 0 13,13 0.001 1 -1 14,13 0.001 -1 0 24.0223 245 ::f,0,12 f,1,1 f,12,0 f,14,15 
142:2,2 0.001 1 0 2,1 0.001 -1 0 1,2 0.001 -1 0 45.0406 290 3,15 0.001 1 0 2,14 0.001 -1 0 2,13 0.001 1 1 6.0445 125 13,2 0.001 -1 -1 13,1 0.001 -1 0 14,1 0.001 1 -1 96.0153 395 14,14 0.001 1 1 13,13 0.001 1 0 14,13 0.001 -1 -1 24.0223 245 ::f,0,12 f,1,1 f,12,0 f,14,15 
143:2,2 0.001 1 1 2,1 0.001 -1 0 1,2 0.001 -1 -1 54.0407 305 3,15 0.001 1 0 1,14 0.001 -1 0 2,13 0.001 0 1 6.0455 125 13,2 0.001 0 -1 13,1 0.001 -1 -1 14,1 0.001 1 -1 96.0153 395 14,14 0.001 1 1 13,13 0.001 1 0 14,13 0.001 -1 -1 24.0223 245 ::f,0,0 f,0,12 f,12,0 f,14,15 
144:2,2 0.001 1 1 2,1 0.001 -1 -1 1,2 0.001 -1 -1 54.0407 305 3,15 0.001 1 0 1,14 0.001 -1 0 2,14 0.001 0 1 6.0465 125 13,2 0.001 0 -1 13,1 0.001 -1 -1 14,1 0.001 1 0 100.015 410 14,14 0.001 0 1 13,13 0.001 1 0 14,13 0.001 0 -1 24.0223 245 ::f,0,0 f,0,12 f,14,2 f,14,15 
145:2,2 0.001 0 1 2,1 0.001 -1 -1 1,2 0.001 0 -1 54.0407 305 3,15 0.001 1 0 1,14 0.001 -1 -1 2,14 0.001 0 1 6.0465 125 13,2 0.001 0 -1 13,1 0.001 0 -1 14,1 0.001 1 0 100.015 410 14,14 0.001 0 1 13,13 0.001 1 1 14,13 0.001 0 -1 28.0224 260 ::f,0,0 f,0,12 f,14,2 f,15,14 
146:2,2 0.001 0 1 2,1 0.001 0 -1 1,1 0.001 0 -1 54.0417 305 3,15 0.001 1 0 1,14 0.001 -1 -1 2,14 0.001 -1 1 6.0465 125 13,2 0.001 1 -1 13,1 0.001 0 -1 14,1 0.001 1 1 100.015 410 14,14 0.001 -1 1 13,13 0.001 1 1 14,13 0.001 1 -1 28.0224 260 ::f,0,0 f,0,12 f,14,2 f,15,14 
147:2,2 0.001 -1 1 2,1 0.001 0 -1 1,1 0.001 0 -1 54.0417 305 3,15 0.001 1 0 1,14 0.001 0 -1 2,14 0.001 -1 1 6.0465 125 13,2 0.001 1 -1 13,1 0.001 1 -1 14,1 0.001 1 1 100.015 410 14,14 0.001 -1 1 13,13 0.001 0 1 14,13 0.001 1 -1 28.0224 260 ::f,0,0 f,0,12 f,14,2 f,15,14 
148:2,2 0.001 -1 1 2,1 0.001 1 -1 1,1 0.001 1 -1 54.0417 305 3,15 0.001 1 0 1,13 0.001 0 -1 2,14 0.001 -1 0 6.0475 125 13,2 0.001 1 0 13,1 0.001 1 -1 14,1 0.001 0 1 100.015 410 14,14 0.001 -1 0 13,13 0.001 0 1 14,13 0.001 1 0 28.0224 260 ::f,0,0 f,0,12 f,14,2 f,15,14 
149:2,2 0.001 -1 0 2,1 0.001 1 -1 1,1 0.001 1 -1 54.0417 305 3,15 0.001 1 0 1,13 0.001 0 -1 1,14 0.001 -1 0 6.0485 125 13,2 0.001 1 0 13,1 0.001 1 0 14,2 0.001 0 1 106.017 425 13,14 0.001 -1 0 13,13 0.001 -1 1 14,13 0.001 1 0 28.0234 260 ::f,0,0 f,0,12 f,12,2 f,15,14 
150:1,2 0.001 -1 0 2,1 0.001 1 0 1,1 0.001 1 0 54.0427 305 3,15 0.001 1 0 1,13 0.001 1 -1 1,14 0.001 -1 0 6.0485 125 13,2 0.001 1 1 14,1 0.001 1 0 14,2 0.001 0 1 106.018 425 13,14 0.001 -1 0 13,13 0.001 -1 1 14,13 0.001 1 1 28.0234 260 ::f,0,0 f,0,12 f,12,2 f,15,14 
151:1,2 0.001 -1 0 2,1 0.001 1 0 1,1 0.001 1 0 54.0427 305 3,15 0.001 1 0 1,13 0.001 1 -1 1,14 0.001 -1 -1 6.0485 125 13,2 0.001 1 1 14,1 0.001 1 0 14,2 0.001 -1 1 106.018 425 13,14 0.001 -1 -1 13,13 0.001 -1 0 14,13 0.001 1 1 34.0235 275 ::f,0,0 f,0,12 f,12,2 f,15,12 
152:1,2 0.001 -1 -1 2,1 0.001 1 1 1,1 0.001 1 0 54.0427 305 3,15 0.001 1 0 1,13 0.001 1 0 1,14 0.001 -1 -1 6.0485 125 13,2 0.001 0 1 14,1 0.001 1 1 14,2 0.001 -1 1 106.018 425 13,14 0.001 -1 -1 13,13 0.001 -1 0 14,13 0.001 0 1 34.0235 275 ::f,0,0 f,0,12 f,12,2 f,15,12 
153:1,2 0.001 -1 -1 2,1 0.001 1 1 1,1 0.001 1 1 54.0427 305 3,15 0.001 1 0 2,13 0.001 1 0 1,14 0.001 0 -1 6.0495 125 13,2 0.001 0 1 14,1 0.001 1 1 14,2 0.001 -1 0 106.018 425 13,14 0.001 0 -1 13,13 0.001 -1 -1 14,14 0.001 0 1 34.0245 275 ::f,0,0 f,0,12 f,12,2 f,15,12 
154:1,2 0.001 0 -1 2,1 0.001 0 1 1,1 0.001 1 1 54.0427 305 3,15 0.001 1 0 2,13 0.001 1 0 1,13 0.001 0 -1 6.0505 125 13,2 0.001 -1 1 14,1 0.001 0 1 14,2 0.001 -1 0 106.018 425 13,14 0.001 0 -1 13,13 0.001 -1 -1 14,14 0.001 0 1 34.0245 275 ::f,0,0 f,0,12 f,12,2 f,15,12 
155:1,2 0.001 0 -1 2,2 0.001 0 1 1,1 0.001 0 1 54.0437 305 3,15 0.001 1 0 2,13 0.001 1 1 1,13 0.001 0 -1 6.0505 125 13,2 0.001 -1 1 14,1 0.001 0 1 14,2 0.001 -1 0 106.018 425 13,14 0.001 0 -1 13,13 0.001 0 -1 14,14 0.001 -1 1 34.0245 275 ::f,0,0 f,0,12 f,12,2 f,15,12 
156:1,2 0.001 0 -1 2,2 0.001 0 1 1,1 0.001 0 1 54.0437 305 3,15 0.001 1 0 2,13 0.001 1 1 1,13 0.001 1 -1 6.0505 125 13,2 0.001 -1 0 14,1 0.001 0 1 14,2 0.001 -1 -1 106.018 425 13,14 0.001 1 -1 13,13 0.001 0 -1 14,14 0.001 -1 1 34.0245 275 ::f,0,0 f,0,12 f,12,2 f,15,12 
157:1,2 0.001 1 -1 2,2 0.001 -1 1 1,1 0.001 -1 1 54.0437 305 3,15 0.001 1 0 2,13 0.001 0 1 1,13 0.001 1 -1 6.0505 125 13,2 0.001 -1 0 14,1 0.001 -1 1 14,2 0.001 -1 -1 113.018 440 14,13 0.001 1 -1 13,13 0.001 1 -1 14,14 0.001 -1 0 34.0255 275 ::f,0,0 f,0,12 f,12,0 f,15,12 
158:1,2 0.001 1 -1 2,2 0.001 -1 1 1,1 0.001 -1 1 54.0437 305 3,15 0.001 1 0 2,14 0.001 0 1 1,13 0.001 1 0 6.0515 125 13,2 0.001 -1 -1 14,1 0.001 -1 1 14,2 0.001 0 -1 113.018 440 14,13 0.001 1 -1 13,13 0.001 1 -1 13,14 0.001 -1 0 39.0266 290 ::f,0,0 f,0,12 f,12,0 f,15,15 
159:1,2 0.001 1 0 2,2 0.001 -1 0 1,1 0.001 -1 0 54.0437 305 3,15 0.001 1 0 2,14 0.001 0 1 2,13 0.001 1 0 6.0525 125 13,2 0.001 -1 -1 14,1 0.001 -1 0 14,2 0.001 0 -1 113.018 440 14,13 0.001 1 0 13,13 0.001 1 0 13,14 0.001 -1 0 39.0266 290 ::f,0,0 f,0,12 f,12,0 f,15,15 
160:1,2 0.001 1 0 2,2 0.001 -1 0 1,1 0.001 -1 0 54.0437 305 3,15 0.001 1 0 2,14 0.001 -1 1 2,13 0.001 1 0 6.0525 125 13,2 0.001 0 -1 14,1 0.001 -1 0 14,2 0.001 1 -1 113.018 440 14,13 0.001 1 0 13,13 0.001 1 0 13,14 0.001 -1 -1 39.0266 290 ::f,0,0 f,0,12 f,12,0 f,15,15 
161:1,2 0.001 1 1 2,2 0.001 -1 0 1,1 0.001 -1 -1 54.0437 305 3,15 0.001 1 0 2,14 0.001 -1 1 2,13 0.001 1 1 6.0525 125 13,1 0.001 0 -1 14,1 0.001 -1 -1 14,2 0.001 1 -1 113.019 440 14,13 0.001 1 1 13,13 0.001 1 0 13,14 0.001 -1 -1 39.0266 290 ::f,0,0 f,0,12 f,12,0 f,15,15 
162:1,2 0.001 1 1 2,2 0.001 -1 -1 1,1 0.001 -1 -1 58.0438 320 3,15 0.001 1 0 2,14 0.001 -1 0 2,13 0.001 1 1 6.0525 125 13,1 0.001 0 -1 14,1 0.001 -1 -1 14,2 0.001 1 0 113.019 440 14,13 0.001 1 1 13,13 0.001 1 1 13,14 0.001 0 -1 39.0266 290 ::f,0,12 f,3,3 f,12,0 f,15,15 
163:1,2 0.001 0 1 2,2 0.001 -1 -1 1,1 0.001 0 -1 58.0438 320 3,15 0.001 1 0 1,14 0.001 -1 0 2,13 0.001 0 1 6.0535 125 13,1 0.001 1 -1 14,1 0.001 0 -1 14,2 0.001 1 0 113.019 440 14,13 0.001 0 1 14,14 0.001 1 1 13,13 0.001 0 -1 39.0286 290 ::f,0,12 f,3,3 f,12,0 f,15,15 
164:1,2 0.001 0 1 2,2 0.001 0 -1 1,1 0.001 0 -1 58.0438 320 3,15 0.001 1 0 1,14 0.001 -1 0 2,14 0.001 0 1 6.0545 125 13,1 0.001 1 -1 14,1 0.001 0 -1 14,2 0.001 1 1 113.019 440 14,13 0.001 0 1 14,14 0.001 1 1 13,13 0.001 0 -1 49.0288 320 ::f,0,12 f,3,3 f,12,0 f,14,12 
165:1,2 0.001 -1 1 2,2 0.001 0 -1 1,1 0.001 1 -1 58.0438 320 3,15 0.001 1 0 1,14 0.001 -1 -1 2,14 0.001 0 1 6.0545 125 13,1 0.001 1 0 14,1 0.001 1 -1 14,2 0.001 1 1 113.019 440 14,13 0.001 0 1 14,14 0.001 0 1 13,13 0.001 1 -1 49.0288 320 ::f,0,12 f,3,3 f,12,0 f,14,12 
166:1,2 0.001 -1 1 2,2 0.001 1 -1 1,1 0.001 1 -1 58.0438 320 3,15 0.001 1 0 1,14 0.001 -1 -1 2,14 0.001 -1 1 6.0545 125 13,1 0.001 1 0 14,1 0.001 1 -1 14,2 0.001 0 1 113.019 440 14,13 0.001 -1 1 14,14 0.001 0 1 13,13 0.001 1 -1 57.0289 335 ::f,0,12 f,3,3 f,12,0 f,13,15 
167:1,2 0.001 -1 0 2,2 0.001 1 -1 1,1 0.001 1 0 58.0438 320 3,15 0.001 1 0 1,14 0.001 0 -1 2,14 0.001 -1 1 6.0545 125 13,1 0.001 1 0 14,1 0.001 1 0 14,2 0.001 0 1 113.019 440 14,13 0.001 -1 1 14,14 0.001 -1 1 13,13 0.001 1 0 57.0289 335 ::f,0,12 f,3,3 f,12,0 f,13,15 
168:1,2 0.001 -1 0 2,2 0.001 1 0 2,1 0.001 1 0 58.0448 320 3,15 0.001 1 0 1,13 0.001 0 -1 2,14 0.001 -1 0 6.0555 125 13,1 0.001 1 1 14,1 0.001 1 0 14,2 0.001 -1 1 113.019 440 14,13 0.001 -1 0 14,14 0.001 -1 1 13,13 0.001 1 0 61.029 350 ::f,0,12 f,3,3 f,12,0 f,13,12 
169:1,2 0.001 -1 -1 2,2 0.001 1 0 2,1 0.001 1 0 58.0448 320 3,15 0.001 1 0 1,13 0.001 0 -1 1,14 0.001 -1 0 6.0565 125 13,1 0.001 1 1 14,1 0.001 1 1 14,2 0.001 -1 1 113.019 440 14,13 0.001 -1 0 14,14 0.001 -1 0 13,13 0.001 1 0 61.029 350 ::f,0,12 f,3,3 f,12,0 f,13,12 
170:1,2 0.001 -1 -1 2,2 0.001 1 1 2,1 0.001 1 1 58.0448 320 3,15 0.001 1 0 1,13 0.001 1 -1 1,14 0.001 -1 0 6.0565 125 13,1 0.001 0 1 14,1 0.001 1 1 14,2 0.001 -1 0 113.019 440 14,13 0.001 -1 -1 13,14 0.001 -1 0 13,13 0.001 1 1 61.03 350 ::f,0,12 f,3,3 f,12,0 f,13,12 
171:1,2 0.001 0 -1 2,2 0.001 1 1 2,1 0.001 1 1 68.0449 335 3,15 0.001 1 0 1,13 0.001 1 -1 1,14 0.001 -1 -1 6.0565 125 13,1 0.001 0 1 14,1 0.001 0 1 13,2 0.001 -1 0 113.02 440 14,13 0.001 -1 -1 13,14 0.001 -1 0 13,13 0.001 1 1 67.0301 365 ::f,0,0 f,0,12 f,12,0 f,12,13 
172:1,1 0.001 0 -1 2,2 0.001 0 1 2,1 0.001 0 1 68.0459 335 3,15 0.001 1 0 1,13 0.001 1 0 1,14 0.001 -1 -1 6.0565 125 13,1 0.001 -1 1 14,2 0.001 0 1 13,2 0.001 -1 0 113.021 440 14,13 0.001 0 -1 13,14 0.001 -1 -1 13,13 0.001 0 1 67.0301 365 ::f,0,0 f,0,12 f,12,0 f,12,13 
173:1,1 0.001 0 -1 2,2 0.001 0 1 2,1 0.001 0 1 68.0459 335 3,15 0.001 1 0 2,13 0.001 1 0 1,14 0.001 0 -1 6.0575 125 13,1 0.001 -1 1 14,2 0.001 0 1 13,2 0.001 -1 -1 113.021 440 14,13 0.001 0 -1 13,14 0.001 -1 -1 13,13 0.001 0 1 72.0302 380 ::f,0,0 f,0,12 f,12,0 f,14,14 
174:1,1 0.001 1 -1 2,2 0.001 -1 1 2,1 0.001 0 1 68.0459 335 3,15 0.001 1 0 2,13 0.001 1 0 1,13 0.001 0 -1 6.0585 125 13,1 0.001 -1 0 14,2 0.001 -1 1 13,2 0.001 -1 -1 113.021 440 14,13 0.001 1 -1 13,14 0.001 0 -1 13,13 0.001 -1 1 72.0302 380 ::f,0,0 f,0,12 f,12,0 f,14,14 
175:1,1 0.001 1 -1 2,2 0.001 -1 1 2,1 0.001 -1 1 68.0459 335 3,15 0.001 1 0 2,13 0.001 1 1 1,13 0.001 0 -1 6.0585 125 13,1 0.001 -1 0 14,2 0.001 -1 1 13,2 0.001 0 -1 113.021 440 14,13 0.001 1 -1 13,14 0.001 0 -1 13,13 0.001 -1 1 72.0302 380 ::f,0,0 f,0,12 f,12,0 f,14,14 
176:1,1 0.001 1 0 2,2 0.001 -1 0 2,1 0.001 -1 1 68.0459 335 3,15 0.001 1 0 2,13 0.001 1 1 1,13 0.001 1 -1 6.0585 125 13,1 0.001 -1 -1 14,2 0.001 -1 0 13,2 0.001 0 -1 113.021 440 14,13 0.001 1 0 13,14 0.001 0 -1 13,13 0.001 -1 0 72.0302 380 ::f,0,0 f,0,12 f,12,0 f,14,14 
177:1,1 0.001 1 0 1,2 0.001 -1 0 2,1 0.001 -1 0 68.0469 335 3,15 0.001 1 0 2,13 0.001 0 1 1,13 0.001 1 -1 6.0585 125 13,1 0.001 -1 -1 14,2 0.001 -1 0 13,2 0.001 0 -1 121.021 455 14,13 0.001 1 0 13,14 0.001 1 -1 13,13 0.001 -1 0 72.0302 380 ::f,0,0 f,0,12 f,12,3 f,14,14 
178:1,1 0.001 1 0 1,2 0.001 -1 0 2,1 0.001 -1 0 68.0469 335 3,15 0.001 1 0 2,14 0.001 0 1 1,13 0.001 1 0 6.0595 125 13,1 0.001 0 -1 14,2 0.001 -1 0 13,2 0.001 1 -1 121.021 455 14,13 0.001 1 1 13,14 0.001 1 -1 13,13 0.001 -1 -1 72.0302 380 ::f,0,0 f,0,12 f,12,3 f,14,14 
179:1,1 0.001 1 1 1,2 0.001 -1 -1 2,1 0.001 -1 -1 68.0469 335 3,15 0.001 1 0 2,14 0.001 0 1 2,13 0.001 1 0 6.0605 125 13,1 0.001 0 -1 14,2 0.001 -1 -1 13,2 0.001 1 -1 121.021 455 14,13 0.001 1 1 13,14 0.001 1 0 13,13 0.001 -1 -1 72.0302 380 ::f,0,0 f,0,12 f,12,3 f,14,14 
180:1,1 0.001 1 1 1,2 0.001 -1 -1 2,1 0.001 -1 -1 68.0469 335 3,15 0.001 1 0 2,14 0.001 -1 1 2,13 0.001 1 0 6.0605 125 13,1 0.001 1 -1 14,2 0.001 -1 -1 13,2 0.001 1 0 121.021 455 14,13 0.001 0 1 13,14 0.001 1 0 13,13 0.001 0 -1 78.0303 395 ::f,0,0 f,0,12 f,12,3 f,14,15 
181:1,1 0.001 0 1 1,2 0.001 0 -1 2,1 0.001 0 -1 68.0469 335 3,15 0.001 1 0 2,14 0.001 -1 1 2,13 0.001 1 1 6.0605 125 13,1 0.001 1 -1 14,2 0.001 0 -1 13,2 0.001 1 0 121.021 455 14,14 0.001 0 1 13,14 0.001 1 1 13,13 0.001 0 -1 78.0313 395 ::f,0,0 f,0,12 f,12,3 f,14,15 
182:1,1 0.001 0 1 1,2 0.001 0 -1 2,1 0.001 0 -1 68.0469 335 3,15 0.001 1 0 2,14 0.001 -1 0 2,13 0.001 1 1 6.0605 125 13,1 0.001 1 0 14,2 0.001 0 -1 13,2 0.001 1 1 121.021 455 14,14 0.001 0 1 13,14 0.001 1 1 13,13 0.001 1 -1 85.0314 410 ::f,0,0 f,0,12 f,12,3 f,15,12 
183:1,1 0.001 -1 1 1,2 0.001 0 -1 2,1 0.001 1 -1 68.0469 335 3,15 0.001 1 0 1,14 0.001 -1 0 2,13 0.001 0 1 6.0615 125 14,1 0.001 1 0 14,2 0.001 1 -1 13,2 0.001 1 1 121.022 455 14,14 0.001 -1 1 13,14 0.001 0 1 13,13 0.001 1 -1 85.0314 410 ::f,0,0 f,0,12 f,12,3 f,15,12 
184:1,1 0.001 -1 1 1,2 0.001 1 -1 2,1 0.001 1 -1 68.0469 335 3,15 0.001 1 0 1,14 0.001 -1 0 2,14 0.001 0 1 6.0625 125 14,1 0.001 1 0 14,2 0.001 1 -1 13,2 0.001 0 1 121.022 455 14,14 0.001 -1 1 13,14 0.001 0 1 13,13 0.001 1 0 85.0314 410 ::f,0,0 f,0,12 f,12,3 f,15,12 
185:1,1 0.001 -1 0 1,2 0.001 1 -1 2,1 0.001 1 0 68.0469 335 3,15 0.001 1 0 1,14 0.001 -1 -1 2,14 0.001 0 1 6.0625 125 14,1 0.001 1 1 14,2 0.001 1 0 13,2 0.001 0 1 121.022 455 14,14 0.001 -1 0 13,14 0.001 -1 1 14,13 0.001 1 0 85.0324 410 ::f,0,0 f,0,12 f,12,3 f,15,12 
186:1,1 0.001 -1 0 1,2 0.001 1 0 2,1 0.001 1 0 68.0469 335 3,15 0.001 1 0 1,14 0.001 -1 -1 2,14 0.001 -1 1 6.0625 125 14,1 0.001 1 1 14,2 0.001 1 0 13,2 0.001 -1 1 121.022 455 14,14 0.001 -1 0 13,14 0.001 -1 1 14,13 0.001 1 0 85.0324 410 ::f,0,0 f,0,12 f,12,3 f,15,12 
187:1,1 0.001 -1 -1 1,2 0.001 1 0 2,1 0.001 1 1 68.0469 335 3,15 0.001 1 0 1,14 0.001 0 -1 2,14 0.001 -1 1 6.0625 125 14,1 0.001 0 1 14,2 0.001 1 1 13,2 0.001 -1 1 131.022 470 14,14 0.001 -1 0 13,14 0.001 -1 0 14,13 0.001 1 1 85.0324 410 ::f,0,0 f,0,12 f,14,0 f,15,12 
188:1,1 0.001 -1 -1 1,2 0.001 1 1 2,1 0.001 1 1 71.047 350 3,15 0.001 1 0 1,13 0.001 0 -1 2,14 0.001 -1 0 6.0635 125 14,1 0.001 0 1 14,2 0.001 1 1 13,2 0.001 -1 0 131.022 470 14,14 0.001 -1 -1 13,14 0.001 -1 0 14,13 0.001 1 1 85.0324 410 ::f,0,3 f,0,12 f,14,0 f,15,12 
189:1,1 0.001 0 -1 1,2 0.001 1 1 2,1 0.001 0 1 71.047 350 3,15 0.001 1 0 1,13 0.001 0 -1 1,14 0.001 -1 0 6.0645 125 14,1 0.001 0 1 14,2 0.001 0 1 13,2 0.001 -1 0 131.022 470 14,14 0.001 -1 -1 13,14 0.001 -1 -1 14,13 0.001 0 1 85.0324 410 ::f,0,3 f,0,12 f,14,0 f,15,12 
190:1,1 0.001 0 -1 1,2 0.001 0 1 2,2 0.001 0 1 71.048 350 3,15 0.001 1 0 1,13 0.001 1 -1 1,14 0.001 -1 0 6.0645 125 14,1 0.001 -1 1 14,2 0.001 0 1 13,2 0.001 -1 -1 131.022 470 14,14 0.001 0 -1 13,14 0.001 -1 -1 14,13 0.001 0 1 85.0324 410 ::f,0,3 f,0,12 f,14,0 f,15,12 
191:1,1 0.001 1 -1 1,2 0.001 0 1 2,2 0.001 0 1 71.048 350 3,15 0.001 1 0 1,13 0.001 1 -1 1,14 0.001 -1 -1 6.0645 125 14,1 0.001 -1 1 14,2 0.001 -1 1 13,2 0.001 -1 -1 131.022 470 14,14 0.001 0 -1 13,14 0.001 0 -1 14,13 0.001 0 1 85.0324 410 ::f,0,3 f,0,12 f,14,0 f,15,12 
192:1,1 0.001 1 -1 1,2 0.001 -1 1 2,2 0.001 -1 1 71.048 350 3,15 0.001 1 0 1,13 0.001 1 0 1,14 0.001 -1 -1 6.0645 125 14,1 0.001 -1 0 14,2 0.001 -1 1 13,2 0.001 0 -1 131.022 470 14,14 0.001 1 -1 13,13 0.001 0 -1 14,13 0.001 -1 1 85.0334 410 ::f,0,3 f,0,12 f,14,0 f,15,12 
193:1,1 0.001 1 0 1,2 0.001 -1 1 2,2 0.001 -1 1 81.0481 365 3,15 0.001 1 0 2,13 0.001 1 0 1,14 0.001 0 -1 6.0655 125 14,1 0.001 -1 0 14,2 0.001 -1 0 13,1 0.001 0 -1 131.023 470 14,14 0.001 1 -1 13,13 0.001 0 -1 14,13 0.001 -1 1 85.0334 410 ::f,0,12 f,3,0 f,14,0 f,15,12 
194:2,1 0.001 1 0 1,2 0.001 -1 0 2,2 0.001 -1 0 81.0491 365 3,15 0.001 1 0 2,13 0.001 1 0 1,13 0.001 0 -1 6.0665 125 14,1 0.001 -1 -1 13,2 0.001 -1 0 13,1 0.001 0 -1 131.024 470 14,14 0.001 1 0 13,13 0.001 1 -1 14,13 0.001 -1 0 85.0334 410 ::f,0,12 f,3,0 f,14,0 f,15,12 
195:2,1 0.001 1 0 1,2 0.001 -1 0 2,2 0.001 -1 0 81.0491 365 3,15 0.001 1 0 2,13 0.001 1 1 1,13 0.001 0 -1 6.0665 125 14,1 0.001 -1 -1 13,2 0.001 -1 0 13,1 0.001 1 -1 131.024 470 14,14 0.001 1 0 13,13 0.001 1 -1 14,13 0.001 -1 0 85.0334 410 ::f,0,12 f,3,0 f,14,0 f,15,12 
196:2,1 0.001 1 1 1,2 0.001 -1 -1 2,2 0.001 -1 0 81.0491 365 3,15 0.001 1 0 2,13 0.001 1 1 1,13 0.001 1 -1 6.0665 125 14,1 0.001 0 -1 13,2 0.001 -1 -1 13,1 0.001 1 -1 141.024 485 14,14 0.001 1 1 13,13 0.001 1 0 14,13 0.001 -1 -1 85.0334 410 ::f,0,12 f,3,0 f,14,2 f,15,12 
197:2,1 0.001 1 1 1,2 0.001 -1 -1 2,2 0.001 -1 -1 81.0491 365 3,15 0.001 1 0 2,13 0.001 0 1 1,13 0.001 1 -1 6.0665 125 14,1 0.001 0 -1 13,2 0.001 -1 -1 13,1 0.001 1 0 141.024 485 14,14 0.001 1 1 13,13 0.001 1 0 14,13 0.001 -1 -1 85.0334 410 ::f,0,12 f,3,0 f,14,2 f,15,12 
198:2,1 0.001 0 1 1,2 0.001 0 -1 2,2 0.001 -1 -1 81.0491 365 3,15 0.001 1 0 2,14 0.001 0 1 1,13 0.001 1 0 6.0675 125 14,1 0.001 1 -1 13,2 0.001 0 -1 13,1 0.001 1 0 141.024 485 14,14 0.001 0 1 13,13 0.001 1 0 14,13 0.001 0 -1 85.0334 410 ::f,0,12 f,3,0 f,14,2 f,15,12 
199:2,1 0.001 0 1 1,1 0.001 0 -1 2,2 0.001 0 -1 81.0501 365 3,15 0.001 1 0 2,14 0.001 0 1 2,13 0.001 1 0 6.0685 125 14,1 0.001 1 -1 13,2 0.001 0 -1 13,1 0.001 1 0 141.024 485 14,14 0.001 0 1 13,13 0.001 1 1 14,13 0.001 0 -1 85.0334 410 ::f,0,12 f,3,0 f,14,2 f,15,12 
200:2,1 0.001 0 1 1,1 0.001 0 -1 2,2 0.001 0 -1 81.0501 365 3,15 0.001 1 0 2,14 0.001 -1 1 2,13 0.001 1 0 6.0685 125 14,1 0.001 1 0 13,2 0.001 0 -1 13,1 0.001 1 1 141.024 485 14,14 0.001 -1 1 13,13 0.001 1 1 14,13 0.001 1 -1 85.0334 410 ::f,0,12 f,3,0 f,14,2 f,15,12 
201:2,1 0.001 -1 1 1,1 0.001 1 -1 2,2 0.001 1 -1 81.0501 365 3,15 0.001 1 0 2,14 0.001 -1 1 2,13 0.001 1 1 6.0685 125 14,1 0.001 1 0 13,2 0.001 1 -1 13,1 0.001 1 1 151.024 500 14,14 0.001 -1 1 13,13 0.001 0 1 14,13 0.001 1 -1 94.0335 425 ::f,0,12 f,3,0 f,12,14 f,15,2 
202:2,1 0.001 -1 1 1,1 0.001 1 -1 2,2 0.001 1 -1 81.0501 365 3,15 0.001 1 0 2,14 0.001 -1 0 2,13 0.001 1 1 6.0685 125 14,1 0.001 1 1 13,2 0.001 1 -1 13,1 0.001 0 1 151.024 500 14,14 0.001 -1 0 13,13 0.001 0 1 14,13 0.001 1 0 94.0335 425 ::f,0,12 f,3,0 f,12,14 f,15,2 
203:2,1 0.001 -1 0 1,1 0.001 1 0 2,2 0.001 1 0 81.0501 365 3,15 0.001 1 0 1,14 0.001 -1 0 2,13 0.001 0 1 6.0695 125 14,1 0.001 1 1 13,2 0.001 1 0 13,1 0.001 0 1 160.024 515 13,14 0.001 -1 0 13,13 0.001 -1 1 14,13 0.001 1 0 94.0345 425 ::f,0,12 f,3,0 f,12,2 f,12,14 
204:2,1 0.001 -1 0 1,1 0.001 1 0 2,2 0.001 1 0 81.0501 365 3,15 0.001 1 0 1,14 0.001 -1 0 2,14 0.001 0 1 6.0705 125 14,1 0.001 0 1 13,2 0.001 1 0 13,1 0.001 -1 1 160.024 515 13,14 0.001 -1 0 13,13 0.001 -1 1 14,13 0.001 1 1 102.035 440 ::f,0,12 f,3,0 f,12,2 f,15,12 
205:2,1 0.001 -1 -1 1,1 0.001 1 0 2,2 0.001 1 1 81.0501 365 3,15 0.001 1 0 1,14 0.001 -1 -1 2,14 0.001 0 1 6.0705 125 14,2 0.001 0 1 13,2 0.001 1 1 13,1 0.001 -1 1 170.025 530 13,14 0.001 -1 -1 13,13 0.001 -1 0 14,13 0.001 1 1 102.035 440 ::f,0,12 f,3,0 f,15,1 f,15,12 
206:2,1 0.001 -1 -1 1,1 0.001 1 1 2,2 0.001 1 1 81.0501 365 3,15 0.001 1 0 1,14 0.001 -1 -1 2,14 0.001 -1 1 6.0705 125 14,2 0.001 0 1 13,2 0.001 1 1 13,1 0.001 -1 0 170.025 530 13,14 0.001 -1 -1 13,13 0.001 -1 0 14,13 0.001 0 1 102.035 440 ::f,0,12 f,3,0 f,15,1 f,15,12 
207:2,1 0.001 0 -1 1,1 0.001 1 1 2,2 0.001 0 1 81.0501 365 3,15 0.001 1 0 1,14 0.001 0 -1 2,14 0.001 -1 1 6.0705 125 14,2 0.001 -1 1 13,2 0.001 0 1 13,1 0.001 -1 0 170.025 530 13,14 0.001 0 -1 13,13 0.001 -1 -1 14,14 0.001 0 1 102.036 440 ::f,0,12 f,3,0 f,15,1 f,15,12 
208:2,1 0.001 0 -1 1,1 0.001 0 1 2,2 0.001 0 1 81.0501 365 3,15 0.001 1 0 1,13 0.001 0 -1 2,14 0.001 -1 0 6.0715 125 14,2 0.001 -1 1 13,2 0.001 0 1 13,1 0.001 -1 -1 170.025 530 13,14 0.001 0 -1 13,13 0.001 -1 -1 14,14 0.001 0 1 102.036 440 ::f,0,12 f,3,0 f,15,1 f,15,12 
209:2,1 0.001 1 -1 1,1 0.001 0 1 2,2 0.001 -1 1 81.0501 365 3,15 0.001 1 0 1,13 0.001 0 -1 1,14 0.001 -1 0 6.0725 125 14,2 0.001 -1 0 13,2 0.001 -1 1 13,1 0.001 -1 -1 170.025 530 13,14 0.001 0 -1 13,13 0.001 0 -1 14,14 0.001 -1 1 102.036 440 ::f,0,12 f,3,0 f,15,1 f,15,12 
210:2,1 0.001 1 -1 1,1 0.001 -1 1 2,2 0.001 -1 1 85.0502 380 3,15 0.001 1 0 1,13 0.001 1 -1 1,14 0.001 -1 0 6.0725 125 14,2 0.001 -1 0 13,2 0.001 -1 1 13,1 0.001 0 -1 170.025 530 13,14 0.001 1 -1 13,13 0.001 0 -1 14,14 0.001 -1 1 102.036 440 ::f,0,12 f,3,3 f,15,1 f,15,12 
211:2,1 0.001 1 0 1,1 0.001 -1 1 2,2 0.001 -1 0 85.0502 380 3,15 0.001 1 0 1,13 0.001 1 -1 1,14 0.001 -1 -1 6.0725 125 14,2 0.001 -1 0 13,2 0.001 -1 0 13,1 0.001 0 -1 170.025 530 14,13 0.001 1 -1 13,13 0.001 1 -1 14,14 0.001 -1 0 102.037 440 ::f,0,12 f,3,3 f,15,1 f,15,12 
212:2,1 0.001 1 0 1,1 0.001 -1 0 1,2 0.001 -1 0 85.0512 380 3,15 0.001 1 0 1,13 0.001 1 0 1,14 0.001 -1 -1 6.0725 125 14,2 0.001 -1 -1 13,2 0.001 -1 0 13,1 0.001 1 -1 170.025 530 14,13 0.001 1 -1 13,13 0.001 1 -1 13,14 0.001 -1 0 111.038 455 ::f,0,12 f,3,3 f,14,15 f,15,1 
213:2,1 0.001 1 1 1,1 0.001 -1 0 1,2 0.001 -1 0 85.0512 380 3,15 0.001 1 0 2,13 0.001 1 0 1,14 0.001 0 -1 6.0735 125 14,2 0.001 -1 -1 13,2 0.001 -1 -1 13,1 0.001 1 -1 170.025 530 14,13 0.001 1 0 13,13 0.001 1 0 13,14 0.001 -1 0 111.038 455 ::f,0,12 f,3,3 f,14,15 f,15,1 
214:2,1 0.001 1 1 1,1 0.001 -1 -1 1,2 0.001 -1 -1 85.0512 380 3,15 0.001 1 0 2,13 0.001 1 0 1,13 0.001 0 -1 6.0745 125 14,2 0.001 0 -1 13,2 0.001 -1 -1 13,1 0.001 1 0 170.025 530 14,13 0.001 1 0 13,13 0.001 1 0 13,14 0.001 -1 -1 111.038 455 ::f,0,12 f,3,3 f,14,15 f,15,1 
215:2,1 0.001 0 1 1,1 0.001 -1 -1 1,2 0.001 -1 -1 85.0512 380 3,15 0.001 1 0 2,13 0.001 1 1 1,13 0.001 0 -1 6.0745 125 14,2 0.001 0 -1 13,2 0.001 0 -1 14,1 0.001 1 0 170.026 530 14,13 0.001 1 1 13,13 0.001 1 0 13,14 0.001 -1 -1 111.038 455 ::f,0,12 f,3,3 f,14,15 f,15,1 
216:2,2 0.001 0 1 1,1 0.001 0 -1 1,2 0.001 0 -1 85.0522 380 3,15 0.001 1 0 2,13 0.001 1 1 1,13 0.001 1 -1 6.0745 125 14,2 0.001 1 -1 13,1 0.001 0 -1 14,1 0.001 1 0 180.027 545 14,13 0.001 1 1 13,13 0.001 1 1 13,14 0.001 0 -1 111.038 455 ::f,0,12 f,3,3 f,12,0 f,14,15 
217:2,2 0.001 0 1 1,1 0.001 0 -1 1,2 0.001 0 -1 85.0522 380 3,15 0.001 1 0 2,13 0.001 0 1 1,13 0.001 1 -1 6.0745 125 14,2 0.001 1 -1 13,1 0.001 0 -1 14,1 0.001 1 1 180.027 545 14,13 0.001 0 1 13,13 0.001 1 1 13,14 0.001 0 -1 111.038 455 ::f,0,12 f,3,3 f,12,0 f,14,15 
218:2,2 0.001 -1 1 1,1 0.001 1 -1 1,2 0.001 0 -1 85.0522 380 3,15 0.001 1 0 2,14 0.001 0 1 1,13 0.001 1 0 6.0755 125 14,2 0.001 1 0 13,1 0.001 1 -1 14,1 0.001 1 1 180.027 545 14,14 0.001 0 1 13,13 0.001 0 1 13,14 0.001 0 -1 111.039 455 ::f,0,12 f,3,3 f,12,0 f,14,15 
219:2,2 0.001 -1 1 1,1 0.001 1 -1 1,2 0.001 1 -1 85.0522 380 3,15 0.001 1 0 2,14 0.001 0 1 2,13 0.001 1 0 6.0765 125 14,2 0.001 1 0 13,1 0.001 1 -1 14,1 0.001 0 1 180.027 545 14,14 0.001 0 1 13,13 0.001 0 1 13,14 0.001 1 -1 121.039 470 ::f,0,12 f,3,3 f,12,0 f,14,13 
220:2,2 0.001 -1 0 1,1 0.001 1 0 1,2 0.001 1 -1 85.0522 380 3,15 0.001 1 0 2,14 0.001 -1 1 2,13 0.001 1 0 6.0765 125 14,2 0.001 1 1 13,1 0.001 1 0 14,1 0.001 0 1 180.027 545 14,14 0.001 -1 1 13,13 0.001 -1 1 13,14 0.001 1 -1 131.039 485 ::f,0,12 f,3,3 f,12,0 f,14,12 
221:2,2 0.001 -1 0 2,1 0.001 1 0 1,2 0.001 1 0 85.0532 380 3,15 0.001 1 0 2,14 0.001 -1 1 2,13 0.001 1 1 6.0765 125 14,2 0.001 1 1 13,1 0.001 1 0 14,1 0.001 0 1 180.027 545 14,14 0.001 -1 1 13,13 0.001 -1 1 13,14 0.001 1 0 131.039 485 ::f,0,12 f,3,3 f,12,0 f,14,12 
222:2,2 0.001 -1 0 2,1 0.001 1 0 1,2 0.001 1 0 85.0532 380 3,15 0.001 1 0 2,14 0.001 -1 0 2,13 0.001 1 1 6.0765 125 14,2 0.001 0 1 13,1 0.001 1 0 14,1 0.001 -1 1 180.027 545 14,14 0.001 -1 0 13,13 0.001 -1 0 13,14 0.001 1 0 131.039 485 ::f,0,12 f,3,3 f,12,0 f,14,12 
223:2,2 0.001 -1 -1 2,1 0.001 1 1 1,2 0.001 1 1 85.0532 380 3,15 0.001 1 0 1,14 0.001 -1 0 2,13 0.001 0 1 6.0775 125 14,2 0.001 0 1 13,1 0.001 1 1 14,1 0.001 -1 1 180.027 545 14,14 0.001 -1 0 13,13 0.001 -1 0 13,14 0.001 1 1 131.039 485 ::f,0,12 f,3,3 f,12,0 f,14,12 
224:2,2 0.001 -1 -1 2,1 0.001 1 1 1,2 0.001 1 1 85.0532 380 3,15 0.001 1 0 1,14 0.001 -1 0 2,14 0.001 0 1 6.0785 125 14,2 0.001 -1 1 13,1 0.001 1 1 14,1 0.001 -1 0 180.027 545 14,14 0.001 -1 0 13,13 0.001 -1 -1 13,14 0.001 1 1 131.039 485 ::f,0,12 f,3,3 f,12,0 f,14,12 
225:2,2 0.001 0 -1 2,1 0.001 0 1 1,2 0.001 0 1 85.0532 380 3,15 0.001 1 0 1,14 0.001 -1 -1 2,14 0.001 0 1 6.0785 125 14,2 0.001 -1 1 13,1 0.001 0 1 14,1 0.001 -1 0 180.027 545 14,14 0.001 -1 -1 13,13 0.001 -1 -1 13,14 0.001 0 1 131.039 485 ::f,0,12 f,3,3 f,12,0 f,14,12 
226:2,2 0.001 0 -1 2,1 0.001 0 1 1,2 0.001 0 1 85.0532 380 3,15 0.001 1 0 1,14 0.001 -1 -1 2,14 0.001 -1 1 6.0785 125 14,2 0.001 -1 0 13,1 0.001 0 1 14,1 0.001 -1 -1 180.027 545 14,14 0.001 -1 -1 13,13 0.001 0 -1 13,14 0.001 0 1 131.039 485 ::f,0,12 f,3,3 f,12,0 f,14,12 
227:2,2 0.001 1 -1 2,1 0.001 0 1 1,2 0.001 -1 1 85.0532 380 3,15 0.001 1 0 1,14 0.001 0 -1 2,14 0.001 -1 1 6.0785 125 13,2 0.001 -1 0 13,1 0.001 -1 1 14,1 0.001 -1 -1 180.028 545 14,14 0.001 0 -1 13,13 0.001 0 -1 13,14 0.001 -1 1 131.039 485 ::f,0,12 f,3,3 f,12,0 f,14,12 
228:2,2 0.001 1 -1 2,1 0.001 -1 1 1,2 0.001 -1 1 85.0532 380 3,15 0.001 1 0 1,13 0.001 0 -1 2,14 0.001 -1 0 6.0795 125 13,2 0.001 -1 0 13,1 0.001 -1 1 14,1 0.001 0 -1 180.028 545 14,13 0.001 0 -1 13,13 0.001 1 -1 13,14 0.001 -1 1 131.04 485 ::f,0,12 f,3,3 f,12,0 f,14,12 
229:2,2 0.001 1 0 2,1 0.001 -1 1 1,2 0.001 -1 0 85.0532 380 3,15 0.001 1 0 1,13 0.001 0 -1 1,14 0.001 -1 0 6.0805 125 13,2 0.001 -1 -1 13,1 0.001 -1 0 14,1 0.001 0 -1 180.028 545 14,13 0.001 0 -1 13,13 0.001 1 -1 13,14 0.001 -1 0 141.04 500 ::f,0,12 f,3,3 f,12,0 f,15,13 
230:2,2 0.001 1 0 2,1 0.001 -1 0 1,2 0.001 -1 0 85.0532 380 3,15 0.001 1 0 1,13 0.001 1 -1 1,14 0.001 -1 0 6.0805 125 13,2 0.001 -1 -1 13,1 0.001 -1 0 14,1 0.001 1 -1 180.028 545 14,13 0.001 1 -1 13,13 0.001 1 0 13,14 0.001 -1 0 141.04 500 ::f,0,12 f,3,3 f,12,0 f,15,13 
231:2,2 0.001 1 1 2,1 0.001 -1 0 1,2 0.001 -1 -1 85.0532 380 3,15 0.001 1 0 1,13 0.001 1 -1 1,14 0.001 -1 -1 6.0805 125 13,2 0.001 0 -1 13,1 0.001 -1 -1 14,1 0.001 1 -1 180.028 545 14,13 0.001 1 -1 13,13 0.001 1 0 13,14 0.001 -1 -1 141.04 500 ::f,0,12 f,3,3 f,12,0 f,15,13 
232:2,2 0.001 1 1 2,1 0.001 -1 -1 1,2 0.001 -1 -1 90.0533 395 3,15 0.001 1 0 1,13 0.001 1 0 1,14 0.001 -1 -1 6.0805 125 13,2 0.001 0 -1 13,1 0.001 -1 -1 14,1 0.001 1 0 185.028 560 14,13 0.001 1 0 13,13 0.001 1 0 13,14 0.001 -1 -1 141.04 500 ::f,0,12 f,1,1 f,15,3 f,15,13 
233:2,2 0.001 0 1 2,1 0.001 -1 -1 1,2 0.001 0 -1 90.0533 395 3,15 0.001 1 0 2,13 0.001 1 0 1,14 0.001 0 -1 6.0815 125 13,2 0.001 0 -1 13,1 0.001 0 -1 14,1 0.001 1 0 185.028 560 14,13 0.001 1 0 13,13 0.001 1 1 13,14 0.001 0 -1 151.04 515 ::f,0,12 f,1,1 f,14,14 f,15,3 
234:2,2 0.001 0 1 2,1 0.001 0 -1 1,2 0.001 0 -1 90.0533 395 3,15 0.001 1 0 2,13 0.001 1 0 1,13 0.001 0 -1 6.0825 125 13,2 0.001 1 -1 13,1 0.001 0 -1 14,1 0.001 1 1 185.028 560 14,13 0.001 1 1 13,13 0.001 0 1 13,14 0.001 0 -1 151.04 515 ::f,0,12 f,1,1 f,14,14 f,15,3 
235:2,2 0.001 -1 1 2,1 0.001 0 -1 1,2 0.001 0 -1 95.0534 410 3,15 0.001 1 0 2,13 0.001 1 1 1,13 0.001 0 -1 6.0825 125 13,2 0.001 1 -1 13,1 0.001 1 -1 14,1 0.001 1 1 185.028 560 14,13 0.001 1 1 13,13 0.001 0 1 13,14 0.001 0 -1 151.04 515 ::f,0,12 f,1,3 f,14,14 f,15,3 
236:2,2 0.001 -1 1 2,1 0.001 1 -1 1,2 0.001 1 -1 101.054 425 3,15 0.001 1 0 2,13 0.001 1 1 1,13 0.001 1 -1 6.0825 125 13,2 0.001 1 0 13,1 0.001 1 -1 14,1 0.001 0 1 185.028 560 14,13 0.001 0 1 13,13 0.001 -1 1 13,14 0.001 1 -1 151.04 515 ::f,0,1 f,0,12 f,14,14 f,15,3 
237:2,2 0.001 -1 0 2,1 0.001 1 -1 1,2 0.001 1 -1 101.054 425 3,15 0.001 1 0 2,13 0.001 0 1 1,13 0.001 1 -1 6.0825 125 13,2 0.001 1 0 13,1 0.001 1 0 14,2 0.001 0 1 185.029 560 14,13 0.001 0 1 13,13 0.001 -1 1 13,14 0.001 1 -1 151.04 515 ::f,0,1 f,0,12 f,14,14 f,15,3 
238:2,2 0.001 -1 0 2,1 0.001 1 0 1,2 0.001 1 0 101.054 425 3,15 0.001 1 0 2,14 0.001 0 1 1,13 0.001 1 0 6.0835 125 13,2 0.001 1 1 14,1 0.001 1 0 14,2 0.001 0 1 185.03 560 14,13 0.001 0 1 13,13 0.001 -1 0 13,14 0.001 1 0 161.04 530 ::f,0,1 f,0,12 f,12,12 f,15,3 
239:2,2 0.001 -1 0 2,1 0.001 1 0 1,2 0.001 1 0 101.054 425 3,15 0.001 1 0 2,14 0.001 0 1 2,13 0.001 1 0 6.0845 125 13,2 0.001 1 1 14,1 0.001 1 0 14,2 0.001 -1 1 185.03 560 14,13 0.001 -1 1 13,13 0.001 -1 0 13,14 0.001 1 0 161.04 530 ::f,0,1 f,0,12 f,12,12 f,15,3 
240:2,2 0.001 -1 -1 2,1 0.001 1 1 1,2 0.001 1 1 101.054 425 3,15 0.001 1 0 2,14 0.001 -1 1 2,13 0.001 1 0 6.0845 125 13,2 0.001 0 1 14,1 0.001 1 1 14,2 0.001 -1 1 185.03 560 14,13 0.001 -1 1 13,13 0.001 -1 -1 13,14 0.001 1 1 161.04 530 ::f,0,1 f,0,12 f,12,12 f,15,3 
241:2,2 0.001 -1 -1 2,1 0.001 1 1 1,2 0.001 1 1 101.054 425 3,15 0.001 1 0 2,14 0.001 -1 1 2,13 0.001 1 1 6.0845 125 13,2 0.001 0 1 14,1 0.001 1 1 14,2 0.001 -1 0 185.03 560 14,13 0.001 -1 0 13,13 0.001 -1 -1 13,14 0.001 1 1 178.04 560 ::f,0,1 f,0,12 f,13,12 f,15,3 
242:2,2 0.001 0 -1 2,1 0.001 0 1 1,2 0.001 0 1 101.054 425 3,15 0.001 1 0 2,14 0.001 -1 0 2,13 0.001 1 1 6.0845 125 13,2 0.001 -1 1 14,1 0.001 0 1 14,2 0.001 -1 0 185.03 560 14,13 0.001 -1 0 13,13 0.001 0 -1 13,14 0.001 0 1 178.04 560 ::f,0,1 f,0,12 f,13,12 f,15,3 
243:2,2 0.001 0 -1 2,1 0.001 0 1 1,2 0.001 0 1 101.054 425 3,15 0.001 1 0 1,14 0.001 -1 0 2,13 0.001 0 1 6.0855 125 13,2 0.001 -1 1 14,1 0.001 0 1 14,2 0.001 -1 0 185.03 560 14,13 0.001 -1 -1 13,13 0.001 0 -1 13,14 0.001 0 1 186.041 575 ::f,0,1 f,0,12 f,14,12 f,15,3 
244:2,2 0.001 1 -1 2,1 0.001 0 1 1,2 0.001 -1 1 101.054 425 3,15 0.001 1 0 1,14 0.001 -1 0 2,14 0.001 0 1 6.0865 125 13,2 0.001 -1 0 14,1 0.001 0 1 14,2 0.001 -1 -1 185.03 560 14,13 0.001 -1 -1 13,13 0.001 1 -1 13,14 0.001 -1 1 186.041 575 ::f,0,1 f,0,12 f,14,12 f,15,3 
245:2,2 0.001 1 -1 2,1 0.001 -1 1 1,2 0.001 -1 1 101.054 425 3,15 0.001 1 0 1,14 0.001 -1 -1 2,14 0.001 0 1 6.0865 125 13,2 0.001 -1 0 14,1 0.001 -1 1 14,2 0.001 -1 -1 185.03 560 14,13 0.001 0 -1 13,13 0.001 1 -1 13,14 0.001 -1 1 195.041 590 ::f,0,1 f,0,12 f,12,14 f,15,3 
246:2,2 0.001 1 0 2,1 0.001 -1 1 1,2 0.001 -1 0 101.054 425 3,15 0.001 1 0 1,14 0.001 -1 -1 2,14 0.001 -1 1 6.0865 125 13,2 0.001 -1 -1 14,1 0.001 -1 1 14,2 0.001 0 -1 185.03 560 14,13 0.001 0 -1 13,13 0.001 1 0 13,14 0.001 -1 0 195.041 590 ::f,0,1 f,0,12 f,12,14 f,15,3 
247:2,2 0.001 1 0 2,1 0.001 -1 0 1,2 0.001 -1 0 101.054 425 3,15 0.001 1 0 1,14 0.001 0 -1 2,14 0.001 -1 1 6.0865 125 13,2 0.001 -1 -1 14,1 0.001 -1 0 14,2 0.001 0 -1 185.03 560 14,13 0.001 1 -1 13,13 0.001 1 0 13,14 0.001 -1 0 205.041 605 ::f,0,1 f,0,12 f,15,3 f,15,15 
248:2,2 0.001 1 1 1,1 0.001 -1 0 1,2 0.001 -1 -1 101.055 425 3,15 0.001 1 0 1,13 0.001 0 -1 2,14 0.001 -1 0 6.0875 125 13,2 0.001 0 -1 14,1 0.001 -1 0 14,2 0.001 1 -1 185.03 560 14,13 0.001 1 -1 13,13 0.001 1 0 13,14 0.001 -1 -1 205.041 605 ::f,0,1 f,0,12 f,15,3 f,15,15 
249:2,2 0.001 1 1 1,1 0.001 -1 0 1,2 0.001 -1 -1 111.055 440 3,15 0.001 1 0 1,13 0.001 0 -1 1,14 0.001 -1 0 6.0885 125 13,1 0.001 0 -1 14,1 0.001 -1 -1 14,2 0.001 1 -1 185.031 560 14,13 0.001 1 0 13,13 0.001 1 1 13,14 0.001 -1 -1 205.041 605 ::f,0,12 f,3,0 f,15,3 f,15,15 
250:2,2 0.001 0 1 1,1 0.001 -1 -1 1,2 0.001 0 -1 111.055 440 3,15 0.001 1 0 1,13 0.001 1 -1 1,14 0.001 -1 0 6.0885 125 13,1 0.001 0 -1 14,1 0.001 -1 -1 14,2 0.001 1 0 185.031 560 14,13 0.001 1 0 14,14 0.001 1 1 13,14 0.001 0 -1 205.042 605 ::f,0,12 f,3,0 f,15,3 f,15,15 
251:2,2 0.001 0 1 1,1 0.001 -1 -1 1,2 0.001 0 -1 111.055 440 3,15 0.001 1 0 1,13 0.001 1 -1 1,14 0.001 -1 -1 6.0885 125 13,1 0.001 1 -1 14,1 0.001 0 -1 14,2 0.001 1 0 185.031 560 14,13 0.001 1 1 14,14 0.001 1 1 13,13 0.001 0 -1 215.043 620 ::f,0,12 f,3,0 f,14,15 f,15,3 
252:2,2 0.001 -1 1 1,1 0.001 0 -1 1,2 0.001 0 -1 111.055 440 3,15 0.001 1 0 1,13 0.001 1 0 1,14 0.001 -1 -1 6.0885 125 13,1 0.001 1 -1 14,1 0.001 0 -1 14,2 0.001 1 1 185.031 560 14,13 0.001 1 1 14,14 0.001 0 1 13,13 0.001 0 -1 215.043 620 ::f,0,12 f,3,0 f,14,15 f,15,3 
253:2,2 0.001 -1 1 1,1 0.001 0 -1 1,2 0.001 1 -1 111.055 440 3,15 0.001 1 0 2,13 0.001 1 0 1,14 0.001 0 -1 6.0895 125 13,1 0.001 1 0 14,1 0.001 1 -1 14,2 0.001 1 1 195.032 575 14,13 0.001 0 1 14,14 0.001 0 1 13,13 0.001 1 -1 225.043 635 ::f,0,12 f,3,0 f,12,0 f,12,12 
254:2,2 0.001 -1 0 1,1 0.001 1 -1 2,1 0.001 1 -1 111.056 440 3,15 0.001 1 0 2,13 0.001 1 0 1,13 0.001 0 -1 6.0905 125 13,1 0.001 1 0 14,1 0.001 1 -1 14,2 0.001 0 1 195.032 575 14,13 0.001 0 1 14,14 0.001 -1 1 13,13 0.001 1 -1 225.043 635 ::f,0,12 f,3,0 f,12,0 f,12,12 
255:1,2 0.001 -1 0 1,1 0.001 1 -1 2,1 0.001 1 -1 117.057 455 3,15 0.001 1 0 2,13 0.001 1 1 1,13 0.001 0 -1 6.0905 125 13,1 0.001 1 0 14,1 0.001 1 0 14,2 0.001 0 1 195.032 575 14,13 0.001 0 1 14,14 0.001 -1 1 13,13 0.001 1 0 225.043 635 ::f,0,12 f,3,2 f,12,0 f,12,12 
256:1,2 0.001 -1 0 1,1 0.001 1 0 2,1 0.001 1 0 117.057 455 3,15 0.001 1 0 2,13 0.001 1 1 1,13 0.001 1 -1 6.0905 125 13,1 0.001 1 1 14,1 0.001 1 0 14,2 0.001 -1 1 195.032 575 14,13 0.001 -1 1 14,14 0.001 -1 0 13,13 0.001 1 0 225.043 635 ::f,0,12 f,3,2 f,12,0 f,12,12 
257:1,2 0.001 -1 -1 1,1 0.001 1 0 2,1 0.001 1 0 117.057 455 3,15 0.001 1 0 2,13 0.001 0 1 1,13 0.001 1 -1 6.0905 125 13,1 0.001 1 1 14,1 0.001 1 1 14,2 0.001 -1 1 195.032 575 14,13 0.001 -1 1 13,14 0.001 -1 0 13,13 0.001 1 0 225.044 635 ::f,0,12 f,3,2 f,12,0 f,12,12 
258:1,2 0.001 -1 -1 1,1 0.001 1 0 2,1 0.001 1 1 117.057 455 3,15 0.001 1 0 2,14 0.001 0 1 1,13 0.001 1 0 6.0915 125 13,1 0.001 0 1 14,1 0.001 1 1 14,2 0.001 -1 0 195.032 575 14,13 0.001 -1 0 13,14 0.001 -1 0 13,13 0.001 1 1 225.044 635 ::f,0,12 f,3,2 f,12,0 f,12,12 
259:1,2 0.001 0 -1 1,1 0.001 1 1 2,1 0.001 1 1 124.057 470 3,15 0.001 1 0 2,14 0.001 0 1 2,13 0.001 1 0 6.0925 125 13,1 0.001 0 1 14,1 0.001 0 1 13,2 0.001 -1 0 195.033 575 14,13 0.001 -1 0 13,14 0.001 -1 -1 13,13 0.001 1 1 225.044 635 ::f,0,12 f,3,1 f,12,0 f,12,12 
260:1,2 0.001 0 -1 1,1 0.001 1 1 2,1 0.001 0 1 124.057 470 3,15 0.001 1 0 2,14 0.001 -1 1 2,13 0.001 1 0 6.0925 125 13,1 0.001 -1 1 14,2 0.001 0 1 13,2 0.001 -1 0 195.034 575 14,13 0.001 -1 -1 13,14 0.001 -1 -1 13,13 0.001 0 1 225.044 635 ::f,0,12 f,3,1 f,12,0 f,12,12 
261:1,2 0.001 0 -1 1,1 0.001 0 1 2,2 0.001 0 1 124.058 470 3,15 0.001 1 0 2,14 0.001 -1 1 2,13 0.001 1 1 6.0925 125 13,1 0.001 -1 1 14,2 0.001 0 1 13,2 0.001 -1 -1 195.034 575 14,13 0.001 -1 -1 13,14 0.001 0 -1 13,13 0.001 0 1 225.044 635 ::f,0,12 f,3,1 f,12,0 f,12,12 
262:1,2 0.001 1 -1 1,1 0.001 0 1 2,2 0.001 0 1 124.058 470 3,15 0.001 1 0 2,14 0.001 -1 0 2,13 0.001 1 1 6.0925 125 13,1 0.001 -1 0 14,2 0.001 -1 1 13,2 0.001 -1 -1 195.034 575 14,13 0.001 0 -1 13,14 0.001 0 -1 13,13 0.001 -1 1 225.044 635 ::f,0,12 f,3,1 f,12,0 f,12,12 
263:1,2 0.001 1 -1 1,1 0.001 -1 1 2,2 0.001 -1 1 124.058 470 3,15 0.001 1 0 1,14 0.001 -1 0 2,13 0.001 0 1 6.0935 125 13,1 0.001 -1 0 14,2 0.001 -1 1 13,2 0.001 0 -1 195.034 575 14,13 0.001 0 -1 13,14 0.001 0 -1 13,13 0.001 -1 1 225.044 635 ::f,0,12 f,3,1 f,12,0 f,12,12 
264:1,2 0.001 1 0 1,1 0.001 -1 1 2,2 0.001 -1 1 124.058 470 3,15 0.001 1 0 1,14 0.001 -1 0 2,14 0.001 0 1 6.0945 125 13,1 0.001 -1 -1 14,2 0.001 -1 0 13,2 0.001 0 -1 195.034 575 14,13 0.001 1 -1 13,14 0.001 1 -1 13,13 0.001 -1 0 225.044 635 ::f,0,12 f,3,1 f,12,0 f,12,12 
265:1,2 0.001 1 0 1,1 0.001 -1 0 2,2 0.001 -1 0 124.058 470 3,15 0.001 1 0 1,14 0.001 -1 -1 2,14 0.001 0 1 6.0945 125 13,1 0.001 -1 -1 14,2 0.001 -1 0 13,2 0.001 0 -1 205.034 590 14,13 0.001 1 -1 13,14 0.001 1 -1 13,13 0.001 -1 0 225.044 635 ::f,0,12 f,3,1 f,12,0 f,12,12 
266:1,2 0.001 1 1 1,1 0.001 -1 0 2,2 0.001 -1 0 124.058 470 3,15 0.001 1 0 1,14 0.001 -1 -1 2,14 0.001 -1 1 6.0945 125 13,1 0.001 0 -1 14,2 0.001 -1 0 13,2 0.001 1 -1 205.034 590 14,13 0.001 1 0 13,14 0.001 1 0 13,13 0.001 -1 -1 225.044 635 ::f,0,12 f,3,1 f,12,0 f,12,12 
267:1,2 0.001 1 1 1,1 0.001 -1 -1 2,2 0.001 -1 0 124.058 470 3,15 0.001 1 0 1,14 0.001 0 -1 2,14 0.001 -1 1 6.0945 125 13,1 0.001 0 -1 14,2 0.001 -1 -1 13,2 0.001 1 -1 205.034 590 14,13 0.001 1 0 13,14 0.001 1 0 13,13 0.001 -1 -1 235.044 650 ::f,0,12 f,3,1 f,12,0 f,15,14 
268:1,2 0.001 0 1 1,1 0.001 -1 -1 2,2 0.001 -1 -1 124.058 470 3,15 0.001 1 0 1,13 0.001 0 -1 2,14 0.001 -1 0 6.0955 125 13,1 0.001 1 -1 14,2 0.001 -1 -1 13,2 0.001 1 0 205.034 590 14,13 0.001 1 1 14,14 0.001 1 0 13,13 0.001 0 -1 235.045 650 ::f,0,12 f,3,1 f,12,0 f,15,14 
269:1,2 0.001 0 1 1,1 0.001 0 -1 2,2 0.001 -1 -1 124.058 470 3,15 0.001 1 0 1,13 0.001 0 -1 1,14 0.001 -1 0 6.0965 125 13,1 0.001 1 -1 14,2 0.001 -1 -1 13,2 0.001 1 0 205.034 590 14,13 0.001 1 1 14,14 0.001 1 0 13,13 0.001 0 -1 245.045 665 ::f,0,12 f,3,1 f,12,0 f,15,12 
270:1,2 0.001 -1 1 1,1 0.001 0 -1 2,2 0.001 0 -1 124.058 470 3,15 0.001 1 0 1,13 0.001 1 -1 1,14 0.001 -1 0 6.0965 125 13,1 0.001 1 0 14,2 0.001 0 -1 13,2 0.001 1 1 205.034 590 14,13 0.001 0 1 14,14 0.001 1 1 13,13 0.001 1 -1 245.045 665 ::f,0,12 f,3,1 f,12,0 f,15,12 
271:1,2 0.001 -1 1 1,1 0.001 1 -1 2,2 0.001 0 -1 124.058 470 3,15 0.001 1 0 1,13 0.001 1 -1 1,14 0.001 -1 -1 6.0965 125 14,1 0.001 1 0 14,2 0.001 0 -1 13,2 0.001 1 1 205.035 590 14,13 0.001 0 1 14,14 0.001 1 1 13,13 0.001 1 -1 245.045 665 ::f,0,12 f,3,1 f,12,0 f,15,12 
272:1,2 0.001 -1 0 1,1 0.001 1 -1 2,2 0.001 1 -1 124.058 470 3,15 0.001 1 0 1,13 0.001 1 0 1,14 0.001 -1 -1 6.0965 125 14,1 0.001 1 0 14,2 0.001 1 -1 13,2 0.001 0 1 205.035 590 14,13 0.001 0 1 14,14 0.001 0 1 13,13 0.001 1 0 245.045 665 ::f,0,12 f,3,1 f,12,0 f,15,12 
273:1,2 0.001 -1 0 1,1 0.001 1 0 2,2 0.001 1 -1 132.058 485 3,15 0.001 1 0 2,13 0.001 1 0 1,14 0.001 0 -1 6.0975 125 14,1 0.001 1 1 14,2 0.001 1 -1 13,2 0.001 0 1 205.035 590 14,13 0.001 -1 1 14,14 0.001 0 1 13,13 0.001 1 0 245.045 665 ::f,0,12 f,3,1 f,12,0 f,15,12 
274:1,2 0.001 -1 -1 2,1 0.001 1 0 2,2 0.001 1 0 132.059 485 3,15 0.001 1 0 2,13 0.001 1 0 1,13 0.001 0 -1 6.0985 125 14,1 0.001 1 1 14,2 0.001 1 0 13,2 0.001 -1 1 205.035 590 14,13 0.001 -1 1 14,14 0.001 -1 1 13,13 0.001 1 0 245.045 665 ::f,0,12 f,3,1 f,12,0 f,15,12 
275:1,2 0.001 -1 -1 2,1 0.001 1 0 2,2 0.001 1 0 142.059 500 3,15 0.001 1 0 2,13 0.001 1 1 1,13 0.001 0 -1 6.0985 125 14,1 0.001 0 1 14,2 0.001 1 0 13,2 0.001 -1 1 205.035 590 14,13 0.001 -1 0 14,14 0.001 -1 1 13,13 0.001 1 1 245.045 665 ::f,0,12 f,3,1 f,12,0 f,15,12 
276:1,2 0.001 0 -1 2,1 0.001 1 1 2,2 0.001 1 1 142.059 500 3,15 0.001 1 0 2,13 0.001 1 1 1,13 0.001 1 -1 6.0985 125 14,1 0.001 0 1 14,2 0.001 1 1 13,2 0.001 -1 0 205.035 590 14,13 0.001 -1 0 14,14 0.001 -1 0 13,13 0.001 1 1 245.045 665 ::f,0,12 f,3,1 f,12,0 f,15,12 
277:1,1 0.001 0 -1 2,1 0.001 1 1 2,2 0.001 1 1 142.06 500 3,15 0.001 1 0 2,13 0.001 0 1 1,13 0.001 1 -1 6.0985 125 14,1 0.001 0 1 14,2 0.001 1 1 13,2 0.001 -1 0 205.035 590 14,13 0.001 -1 -1 13,14 0.001 -1 0 13,13 0.001 0 1 245.046 665 ::f,0,12 f,3,1 f,12,0 f,15,12 
278:1,1 0.001 0 -1 2,1 0.001 0 1 2,2 0.001 0 1 142.06 500 3,15 0.001 1 0 2,14 0.001 0 1 1,13 0.001 1 0 6.0995 125 14,1 0.001 -1 1 14,2 0.001 0 1 13,2 0.001 -1 -1 205.035 590 14,13 0.001 -1 -1 13,14 0.001 -1 0 13,13 0.001 0 1 245.046 665 ::f,0,12 f,3,1 f,12,0 f,15,12 
279:1,1 0.001 1 -1 2,1 0.001 0 1 2,2 0.001 0 1 142.06 500 3,15 0.001 1 0 2,14 0.001 0 1 2,13 0.001 1 0 6.1005 125 14,1 0.001 -1 1 14,2 0.001 0 1 13,2 0.001 -1 -1 205.035 590 14,13 0.001 0 -1 13,14 0.001 -1 -1 13,13 0.001 -1 1 245.046 665 ::f,0,12 f,3,1 f,12,0 f,15,12 
280:1,1 0.001 1 -1 2,1 0.001 0 1 2,2 0.001 -1 1 142.06 500 3,15 0.001 1 0 2,14 0.001 -1 1 2,13 0.001 1 0 6.1005 125 14,1 0.001 -1 0 14,2 0.001 -1 1 13,2 0.001 0 -1 205.035 590 14,13 0.001 0 -1 13,14 0.001 -1 -1 13,13 0.001 -1 1 245.046 665 ::f,0,12 f,3,1 f,12,0 f,15,12 
281:1,1 0.001 1 0 2,1 0.001 -1 1 2,2 0.001 -1 1 142.06 500 3,15 0.001 1 0 2,14 0.001 -1 1 2,13 0.001 1 1 6.1005 125 14,1 0.001 -1 0 14,2 0.001 -1 1 13,1 0.001 0 -1 205.036 590 14,13 0.001 1 -1 13,14 0.001 0 -1 13,13 0.001 -1 0 245.046 665 ::f,0,12 f,3,1 f,12,0 f,15,12 
282:1,1 0.001 1 0 2,1 0.001 -1 1 2,2 0.001 -1 0 142.06 500 3,15 0.001 1 0 2,14 0.001 -1 0 2,13 0.001 1 1 6.1005 125 14,1 0.001 -1 -1 14,2 0.001 -1 0 13,1 0.001 0 -1 205.036 590 14,13 0.001 1 -1 13,14 0.001 0 -1 13,13 0.001 -1 0 255.046 680 ::f,0,12 f,3,1 f,12,0 f,15,15 
283:1,1 0.001 1 0 2,1 0.001 -1 0 1,2 0.001 -1 0 142.061 500 3,15 0.001 1 0 1,14 0.001 -1 0 2,13 0.001 0 1 6.1015 125 14,1 0.001 -1 -1 13,2 0.001 -1 0 13,1 0.001 1 -1 205.037 590 14,13 0.001 1 0 13,14 0.001 0 -1 13,13 0.001 -1 -1 255.046 680 ::f,0,12 f,3,1 f,12,0 f,15,15 
284:1,1 0.001 1 1 2,1 0.001 -1 0 1,2 0.001 -1 0 142.061 500 3,15 0.001 1 0 1,14 0.001 -1 0 2,14 0.001 0 1 6.1025 125 14,1 0.001 0 -1 13,2 0.001 -1 0 13,1 0.001 1 -1 205.037 590 14,13 0.001 1 0 13,14 0.001 1 -1 13,13 0.001 -1 -1 255.046 680 ::f,0,12 f,3,1 f,12,0 f,15,15 
285:1,1 0.001 1 1 2,1 0.001 -1 -1 1,2 0.001 -1 -1 142.061 500 3,15 0.001 1 0 1,14 0.001 -1 -1 2,14 0.001 0 1 6.1025 125 14,1 0.001 0 -1 13,2 0.001 -1 -1 13,1 0.001 1 0 205.037 590 14,13 0.001 1 1 13,14 0.001 1 -1 13,13 0.001 0 -1 255.046 680 ::f,0,12 f,3,1 f,12,0 f,15,15 
286:1,1 0.001 0 1 2,1 0.001 -1 -1 1,2 0.001 -1 -1 142.061 500 3,15 0.001 1 0 1,14 0.001 -1 -1 2,14 0.001 -1 1 6.1025 125 14,1 0.001 1 -1 13,2 0.001 -1 -1 13,1 0.001 1 0 205.037 590 14,13 0.001 1 1 13,14 0.001 1 0 13,13 0.001 0 -1 255.046 680 ::f,0,12 f,3,1 f,12,0 f,15,15 
287:1,1 0.001 0 1 2,1 0.001 0 -1 1,2 0.001 0 -1 142.061 500 3,15 0.001 1 0 1,14 0.001 0 -1 2,14 0.001 -1 1 6.1025 125 14,1 0.001 1 -1 13,2 0.001 0 -1 13,1 0.001 1 0 205.037 590 14,13 0.001 0 1 13,14 0.001 1 0 13,13 0.001 1 -1 255.046 680 ::f,0,12 f,3,1 f,12,0 f,15,15 
288:1,1 0.001 -1 1 2,1 0.001 0 -1 1,2 0.001 0 -1 142.061 500 3,15 0.001 1 0 1,13 0.001 0 -1 2,14 0.001 -1 0 6.1035 125 14,1 0.001 1 0 13,2 0.001 0 -1 13,1 0.001 1 1 205.037 590 14,14 0.001 0 1 13,14 0.001 1 1 13,13 0.001 1 -1 255.047 680 ::f,0,12 f,3,1 f,12,0 f,15,15 
289:1,1 0.001 -1 1 2,1 0.001 1 -1 1,2 0.001 0 -1 142.061 500 3,15 0.001 1 0 1,13 0.001 0 -1 1,14 0.001 -1 0 6.1045 125 14,1 0.001 1 0 13,2 0.001 0 -1 13,1 0.001 1 1 205.037 590 14,14 0.001 0 1 13,14 0.001 1 1 13,13 0.001 1 0 255.047 680 ::f,0,12 f,3,1 f,12,0 f,15,15 
290:1,1 0.001 -1 0 2,1 0.001 1 -1 1,2 0.001 1 -1 142.061 500 3,15 0.001 1 0 1,13 0.001 1 -1 1,14 0.001 -1 0 6.1045 125 14,1 0.001 1 1 13,2 0.001 1 -1 13,1 0.001 0 1 205.037 590 14,14 0.001 -1 1 13,14 0.001 0 1 14,13 0.001 1 0 255.048 680 ::f,0,12 f,3,1 f,12,0 f,15,15 
291:1,1 0.001 -1 0 2,1 0.001 1 0 1,2 0.001 1 -1 142.061 500 3,15 0.001 1 0 1,13 0.001 1 -1 1,14 0.001 -1 -1 6.1045 125 14,1 0.001 1 1 13,2 0.001 1 -1 13,1 0.001 0 1 205.037 590 14,14 0.001 -1 1 13,14 0.001 0 1 14,13 0.001 1 0 255.048 680 ::f,0,12 f,3,1 f,12,0 f,15,15 
292:1,1 0.001 -1 -1 2,1 0.001 1 0 1,2 0.001 1 0 152.061 515 3,15 0.001 1 0 1,13 0.001 1 0 1,14 0.001 -1 -1 6.1045 125 14,1 0.001 0 1 13,2 0.001 1 0 13,1 0.001 -1 1 205.037 590 14,14 0.001 -1 0 13,14 0.001 -1 1 14,13 0.001 1 1 255.048 680 ::f,0,12 f,2,3 f,12,0 f,15,15 
293:1,1 0.001 -1 -1 2,1 0.001 1 1 1,2 0.001 1 0 152.061 515 3,15 0.001 1 0 2,13 0.001 1 0 1,14 0.001 0 -1 6.1055 125 14,2 0.001 0 1 13,2 0.001 1 0 13,1 0.001 -1 1 205.038 590 14,14 0.001 -1 0 13,14 0.001 -1 1 14,13 0.001 1 1 255.048 680 ::f,0,12 f,2,3 f,12,0 f,15,15 
294:1,1 0.001 0 -1 2,1 0.001 1 1 1,2 0.001 1 1 152.061 515 3,15 0.001 1 0 2,13 0.001 1 0 1,13 0.001 0 -1 6.1065 125 14,2 0.001 0 1 13,2 0.001 1 1 13,1 0.001 -1 0 205.038 590 14,14 0.001 -1 0 13,14 0.001 -1 0 14,13 0.001 0 1 255.048 680 ::f,0,12 f,2,3 f,12,0 f,15,15 
295:1,1 0.001 0 -1 2,1 0.001 0 1 1,2 0.001 1 1 161.061 530 3,15 0.001 1 0 2,13 0.001 1 1 1,13 0.001 0 -1 6.1065 125 14,2 0.001 -1 1 13,2 0.001 1 1 13,1 0.001 -1 0 205.038 590 14,14 0.001 -1 -1 13,14 0.001 -1 0 14,13 0.001 0 1 255.048 680 ::f,0,3 f,0,12 f,12,0 f,15,15 
296:1,1 0.001 1 -1 2,2 0.001 0 1 1,2 0.001 0 1 161.062 530 3,15 0.001 1 0 2,13 0.001 1 1 1,13 0.001 1 -1 6.1065 125 14,2 0.001 -1 1 13,2 0.001 0 1 13,1 0.001 -1 -1 205.038 590 14,14 0.001 -1 -1 13,14 0.001 -1 -1 14,13 0.001 0 1 255.048 680 ::f,0,3 f,0,12 f,12,0 f,15,15 
297:1,1 0.001 1 -1 2,2 0.001 0 1 1,2 0.001 0 1 161.062 530 3,15 0.001 1 0 2,13 0.001 0 1 1,13 0.001 1 -1 6.1065 125 14,2 0.001 -1 0 13,2 0.001 0 1 13,1 0.001 -1 -1 215.038 605 14,14 0.001 0 -1 13,14 0.001 -1 -1 14,13 0.001 -1 1 255.048 680 ::f,0,3 f,0,12 f,15,1 f,15,15 
298:1,1 0.001 1 0 2,2 0.001 -1 1 1,2 0.001 -1 1 161.062 530 3,15 0.001 1 0 2,14 0.001 0 1 1,13 0.001 1 0 6.1075 125 14,2 0.001 -1 0 13,2 0.001 -1 1 13,1 0.001 0 -1 215.038 605 14,14 0.001 0 -1 13,14 0.001 0 -1 14,13 0.001 -1 1 255.048 680 ::f,0,3 f,0,12 f,15,1 f,15,15 
299:2,1 0.001 1 0 2,2 0.001 -1 1 1,2 0.001 -1 1 171.063 545 3,15 0.001 1 0 2,14 0.001 0 1 2,13 0.001 1 0 6.1085 125 14,2 0.001 -1 0 13,2 0.001 -1 1 13,1 0.001 0 -1 215.038 605 14,14 0.001 1 -1 13,13 0.001 0 -1 14,13 0.001 -1 0 255.049 680 ::f,0,12 f,1,0 f,15,1 f,15,15 
