16
0:2,0 0.001 0 -1 1,0 0.003 1 -1 2,1 0.002 -1 1 0.002 50 0,13 0.001 0 1 3,13 0.003 1 -1 3,14 0.002 1 -1 0.002 50 15,0 0.001 1 0 12,0 0.003 1 -1 12,3 0.002 -1 -1 0.001 50 12,15 0.001 -1 -1 15,14 0.003 0 -1 15,13 0.002 1 0 0 50 ::f,0,3 f,1,14 f,12,14 f,15,2 
1:2,0 0.001 0 -1 1,0 0.001 1 -1 2,1 0.001 -1 1 0.002 50 0,13 0.001 0 1 3,13 0.001 1 -1 3,14 0.001 1 -1 0.002 50 15,0 0.001 1 0 12,0 0.001 1 -1 12,3 0.001 -1 -1 0.001 50 12,15 0.001 -1 -1 15,14 0.001 0 -1 15,13 0.001 1 0 0 50 ::f,0,3 f,1,14 f,12,14 f,15,2 
2:2,0 0.001 1 -1 1,0 0.001 1 0 2,1 0.001 -1 0 0.002 50 0,13 0.001 -1 1 3,13 0.001 1 0 3,14 0.001 1 0 0.002 50 15,0 0.001 1 1 12,0 0.001 1 0 12,3 0.001 0 -1 0.001 50 12,15 0.001 0 -1 15,14 0.001 1 -1 15,13 0.001 1 1 0 50 ::f,0,3 f,1,14 f,12,14 f,15,2 
3:2,0 0.001 1 -1 1,0 0.001 1 0 2,1 0.001 -1 0 0.002 50 0,13 0.001 -1 1 3,13 0.001 1 0 3,14 0.001 1 0 0.002 50 15,0 0.001 1 1 12,0 0.001 1 0 12,3 0.001 0 -1 0.001 50 12,15 0.001 0 -1 15,14 0.001 1 -1 15,13 0.001 1 1 0.0001 65 ::f,0,3 f,1,14 f,14,14 f,15,2 
4:2,0 0.001 1 0 1,0 0.001 1 1 2,1 0.001 -1 -1 0.002 50 0,13 0.001 -1 0 3,13 0.001 1 1 3,14 0.001 1 1 0.002 50 15,0 0.001 0 1 12,0 0.001 1 1 12,3 0.001 1 -1 0.001 50 12,15 0.001 1 -1 15,14 0.001 1 0 15,13 0.001 0 1 0.0001 65 ::f,0,3 f,1,14 f,14,14 f,15,2 
5:2,0 0.001 1 0 1,0 0.001 1 1 2,1 0.001 -1 -1 0.002 50 0,13 0.001 -1 0 3,13 0.001 1 1 3,14 0.001 1 1 0.002 50 15,0 0.001 0 1 12,0 0.001 1 1 12,3 0.001 1 -1 0.001 50 12,15 0.001 1 -1 15,14 0.001 1 0 15,13 0.001 0 1 0.0001 65 ::f,0,3 f,1,14 f,14,14 f,15,2 
6:2,0 0.001 1 1 1,0 0.001 0 1 2,1 0.001 0 -1 0.002 50 0,13 0.001 -1 -1 3,13 0.001 0 1 3,14 0.001 0 1 0.002 50 15,0 0.001 -1 1 12,0 0.001 0 1 12,3 0.001 1 0 0.001 50 12,15 0.001 1 0 15,14 0.001 1 1 15,13 0.001 -1 1 0.0001 65 ::f,0,3 f,1,14 f,14,14 f,15,2 
7:3,1 0.001 1 1 1,0 0.001 0 1 2,1 0.001 0 -1 0.003 50 0,13 0.001 -1 -1 3,13 0.001 0 1 3,14 0.001 0 1 0.002 50 15,0 0.001 -1 1 12,0 0.001 0 1 12,3 0.001 1 0 0.001 50 12,15 0.001 1 0 15,14 0.001 1 1 15,13 0.001 -1 1 0.0002 80 ::f,0,3 f,1,14 f,14,15 f,15,2 
8:3,1 0.001 1 1 1,0 0.001 -1 1 2,1 0.001 1 -1 0.003 50 0,13 0.001 0 -1 3,13 0.001 0 1 3,14 0.001 -1 1 0.002 50 15,0 0.001 -1 0 12,0 0.001 -1 1 12,3 0.001 1 1 0.001 50 13,15 0.001 1 0 15,14 0.001 0 1 15,13 0.001 -1 0 0.0012 80 ::f,0,3 f,1,14 f,14,15 f,15,2 
9:3,1 0.001 0 1 1,0 0.001 -1 1 2,1 0.001 1 -1 0.003 50 0,13 0.001 0 -1 3,13 0.001 -1 1 2,15 0.001 -1 1 0.003 50 15,0 0.001 -1 0 12,0 0.001 -1 1 12,3 0.001 1 1 0.001 50 13,15 0.001 1 0 15,14 0.001 0 1 15,13 0.001 -1 0 1.0013 95 ::f,0,3 f,1,14 f,14,12 f,15,2 
10:3,2 0.001 0 1 1,0 0.001 -1 0 2,1 0.001 1 0 0.004 50 0,13 0.001 1 -1 3,13 0.001 -1 1 2,15 0.001 -1 1 0.003 50 15,0 0.001 -1 -1 12,0 0.001 -1 0 12,3 0.001 0 1 0.001 50 13,15 0.001 1 1 15,14 0.001 -1 1 15,13 0.001 -1 -1 1.0013 95 ::f,0,3 f,1,14 f,14,12 f,15,2 
11:3,2 0.001 0 1 1,0 0.001 -1 0 2,1 0.001 1 0 0.004 50 0,13 0.001 1 -1 3,13 0.001 -1 0 2,15 0.001 -1 0 0.003 50 15,0 0.001 -1 -1 12,0 0.001 -1 0 12,3 0.001 0 1 0.001 50 13,15 0.001 1 1 15,14 0.001 -1 1 15,13 0.001 -1 -1 2.0014 110 ::f,0,3 f,1,14 f,14,14 f,15,2 
12:3,2 0.001 -1 1 1,0 0.001 -1 -1 2,1 0.001 1 1 0.004 50 0,13 0.001 1 0 3,13 0.001 -1 0 1,15 0.001 -1 0 0.004 50 15,0 0.001 0 -1 12,0 0.001 -1 -1 12,3 0.001 -1 1 0.001 50 13,15 0.001 0 1 15,14 0.001 -1 0 15,13 0.001 0 -1 2.0014 110 ::f,0,3 f,1,14 f,14,14 f,15,2 
13:2,3 0.001 -1 1 1,0 0.001 -1 -1 2,1 0.001 1 1 0.005 50 1,13 0.001 1 0 2,13 0.001 -1 0 1,15 0.001 -1 0 0.006 50 15,0 0.001 0 -1 12,0 0.001 -1 -1 12,3 0.001 -1 1 0.001 50 13,15 0.001 0 1 15,14 0.001 -1 0 15,13 0.001 0 -1 2.0014 110 ::f,0,3 f,1,14 f,14,14 f,15,2 
14:2,3 0.001 -1 1 1,0 0.001 0 -1 2,1 0.001 0 1 0.005 50 1,13 0.001 1 0 2,13 0.001 -1 0 1,15 0.001 -1 -1 0.006 50 15,0 0.001 1 -1 12,0 0.001 0 -1 12,3 0.001 -1 0 0.001 50 13,15 0.001 -1 1 15,14 0.001 -1 0 15,13 0.001 1 -1 2.0015 125 ::f,0,3 f,1,14 f,14,14 f,15,2 
15:2,3 0.001 -1 0 1,0 0.001 0 -1 2,2 0.001 0 1 0.006 50 1,13 0.001 1 1 2,13 0.001 -1 -1 0,14 0.001 -1 -1 0.007 50 15,0 0.001 1 -1 12,0 0.001 0 -1 12,3 0.001 -1 0 0.001 50 13,15 0.001 -1 1 15,14 0.001 -1 -1 15,13 0.001 1 -1 2.0015 125 ::f,0,3 f,1,14 f,14,14 f,15,2 
16:1,3 0.001 -1 0 1,0 0.001 1 -1 2,2 0.001 0 1 0.007 50 1,13 0.001 1 1 2,13 0.001 -1 -1 0,14 0.001 -1 -1 0.007 50 15,0 0.001 1 0 12,0 0.001 1 -1 12,3 0.001 -1 -1 0.001 50 13,15 0.001 -1 0 15,14 0.001 -1 -1 15,13 0.001 1 0 2.0015 125 ::f,0,3 f,1,14 f,14,14 f,15,2 
17:1,3 0.001 -1 0 1,0 0.001 1 -1 2,2 0.001 -1 1 0.0071 65 1,13 0.001 0 1 2,13 0.001 0 -1 0,14 0.001 0 -1 0.007 50 15,0 0.001 1 0 12,0 0.001 1 -1 12,3 0.001 -1 -1 0.001 50 13,15 0.001 -1 0 15,14 0.001 0 -1 15,13 0.001 1 0 2.0015 125 ::f,1,1 f,1,14 f,14,14 f,15,2 
18:1,3 0.001 -1 -1 1,0 0.001 1 0 2,2 0.001 -1 1 0.0071 65 1,13 0.001 0 1 2,13 0.001 0 -1 0,13 0.001 0 -1 0.0081 65 15,0 0.001 1 1 12,0 0.001 1 0 12,3 0.001 0 -1 0.001 50 13,15 0.001 -1 -1 15,14 0.001 0 -1 15,13 0.001 1 1 2.0015 125 ::f,1,1 f,2,14 f,14,14 f,15,2 
19:0,2 0.001 -1 -1 2,0 0.001 1 0 2,2 0.001 -1 0 0.0091 65 1,13 0.001 -1 1 2,13 0.001 1 -1 0,13 0.001 0 -1 0.0081 65 15,0 0.001 1 1 13,0 0.001 1 0 12,2 0.001 0 -1 0.003 50 13,15 0.001 -1 -1 15,14 0.001 1 -1 15,13 0.001 1 1 2.0015 125 ::f,1,1 f,2,14 f,14,14 f,15,2 
20:0,2 0.001 -1 -1 2,0 0.001 1 0 1,2 0.001 -1 0 0.0101 65 1,13 0.001 -1 1 2,13 0.001 1 -1 0,13 0.001 1 -1 0.0081 65 15,0 0.001 0 1 13,0 0.001 1 0 12,2 0.001 0 -1 0.003 50 13,15 0.001 0 -1 15,14 0.001 1 -1 15,13 0.001 0 1 2.0015 125 ::f,1,1 f,2,14 f,14,14 f,15,2 
21:0,2 0.001 0 -1 2,0 0.001 1 1 1,2 0.001 -1 0 0.0101 65 1,13 0.001 -1 0 2,13 0.001 1 0 1,12 0.001 1 -1 0.0091 65 15,1 0.001 0 1 14,0 0.001 1 0 12,2 0.001 1 -1 0.005 50 13,14 0.001 0 -1 15,14 0.001 1 0 15,13 0.001 0 1 2.0025 125 ::f,1,1 f,2,14 f,14,14 f,15,2 
22:0,1 0.001 0 -1 3,1 0.001 1 1 1,2 0.001 -1 -1 0.0121 65 1,13 0.001 -1 0 2,13 0.001 1 0 1,12 0.001 1 -1 0.0091 65 15,1 0.001 0 1 14,0 0.001 1 0 13,1 0.001 1 -1 0.0061 65 13,14 0.001 0 -1 15,14 0.001 1 0 15,13 0.001 0 1 2.0025 125 ::f,1,1 f,2,14 f,12,1 f,14,14 
23:0,1 0.001 0 -1 3,1 0.001 1 1 1,2 0.001 -1 -1 0.0121 65 1,13 0.001 -1 -1 2,13 0.001 1 1 1,12 0.001 1 0 0.0091 65 15,1 0.001 -1 1 14,0 0.001 1 1 13,1 0.001 1 -1 0.0061 65 13,14 0.001 1 -1 15,14 0.001 1 1 15,13 0.001 -1 1 2.0025 125 ::f,1,1 f,2,14 f,12,1 f,14,14 
24:0,1 0.001 1 -1 3,1 0.001 0 1 1,2 0.001 0 -1 0.0121 65 1,13 0.001 -1 -1 2,13 0.001 1 1 2,12 0.001 1 0 0.0101 65 15,1 0.001 -1 1 14,0 0.001 1 1 13,1 0.001 1 0 0.0061 65 13,14 0.001 1 -1 15,14 0.001 1 1 15,13 0.001 -1 1 2.0025 125 ::f,1,1 f,2,14 f,12,1 f,14,14 
25:1,0 0.001 1 -1 3,2 0.001 0 1 1,2 0.001 0 -1 0.0141 65 1,13 0.001 0 -1 2,13 0.001 0 1 2,12 0.001 1 0 0.0101 65 15,1 0.001 -1 0 14,0 0.001 1 1 14,1 0.001 1 0 0.0071 65 13,14 0.001 1 0 15,14 0.001 0 1 15,13 0.001 -1 1 4.0026 140 ::f,1,1 f,2,14 f,12,1 f,15,15 
26:1,0 0.001 1 -1 3,2 0.001 0 1 1,2 0.001 0 -1 0.0142 80 1,13 0.001 0 -1 2,13 0.001 0 1 2,12 0.001 1 1 0.0101 65 15,1 0.001 -1 0 14,0 0.001 0 1 14,1 0.001 1 0 0.0071 65 14,14 0.001 1 0 15,14 0.001 0 1 15,13 0.001 -1 0 5.0037 155 ::f,2,14 f,3,0 f,12,1 f,14,15 
27:1,0 0.001 1 0 3,2 0.001 -1 1 1,2 0.001 1 -1 0.0142 80 1,13 0.001 1 -1 2,13 0.001 0 1 2,12 0.001 1 1 0.0102 80 15,1 0.001 -1 -1 14,0 0.001 0 1 14,1 0.001 1 1 0.0071 65 14,14 0.001 1 0 15,14 0.001 -1 1 15,13 0.001 -1 -1 5.0037 155 ::f,3,0 f,3,13 f,12,1 f,14,15 
28:2,0 0.001 1 0 2,3 0.001 -1 1 1,2 0.001 1 -1 0.0162 80 1,13 0.001 1 -1 2,13 0.001 -1 1 2,12 0.001 1 1 0.0103 95 15,1 0.001 -1 -1 14,0 0.001 -1 1 14,1 0.001 1 1 0.0071 65 14,14 0.001 1 1 15,14 0.001 -1 1 15,13 0.001 -1 -1 7.0038 170 ::f,1,14 f,3,0 f,12,1 f,14,15 
29:2,0 0.001 1 0 2,3 0.001 -1 1 1,2 0.001 1 0 1.0163 95 1,13 0.001 1 0 2,13 0.001 -1 1 2,12 0.001 0 1 1.0104 110 15,1 0.001 0 -1 13,1 0.001 -1 1 14,1 0.001 0 1 0.0081 65 14,14 0.001 1 1 15,14 0.001 -1 0 15,13 0.001 0 -1 7.0038 170 ::f,0,2 f,1,12 f,12,1 f,14,15 
30:2,0 0.001 1 1 2,3 0.001 -1 0 1,2 0.001 1 1 1.0163 95 1,13 0.001 1 0 2,13 0.001 -1 0 2,12 0.001 0 1 1.0104 110 15,1 0.001 0 -1 13,1 0.001 -1 1 14,2 0.001 0 1 0.0091 65 14,14 0.001 0 1 15,14 0.001 -1 0 15,13 0.001 0 -1 7.0038 170 ::f,0,2 f,1,12 f,12,1 f,14,15 
31:3,1 0.001 1 1 1,3 0.001 -1 0 1,2 0.001 1 1 1.0183 95 1,13 0.001 1 0 2,13 0.001 -1 0 2,12 0.001 -1 1 1.0104 110 15,1 0.001 1 -1 13,1 0.001 -1 0 14,2 0.001 0 1 0.0091 65 14,14 0.001 0 1 15,14 0.001 -1 0 15,13 0.001 1 -1 9.0039 185 ::f,0,2 f,1,12 f,12,1 f,12,15 
32:3,1 0.001 1 1 1,3 0.001 -1 0 1,2 0.001 0 1 1.0183 95 1,13 0.001 1 1 2,13 0.001 -1 -1 2,12 0.001 -1 1 1.0104 110 15,1 0.001 1 -1 13,1 0.001 -1 0 14,2 0.001 -1 1 0.0092 80 14,14 0.001 -1 1 15,14 0.001 -1 -1 15,13 0.001 1 -1 9.0039 185 ::f,0,2 f,1,12 f,12,1 f,12,15 
33:3,1 0.001 0 1 1,3 0.001 -1 -1 1,2 0.001 0 1 1.0183 95 1,13 0.001 1 1 2,13 0.001 -1 -1 2,12 0.001 -1 0 3.0105 125 15,1 0.001 1 0 13,1 0.001 -1 -1 14,2 0.001 -1 1 0.0092 80 14,14 0.001 -1 1 15,14 0.001 -1 -1 15,13 0.001 1 0 9.0039 185 ::f,0,2 f,1,14 f,12,1 f,12,15 
34:3,2 0.001 0 1 1,3 0.001 -1 -1 1,2 0.001 -1 1 1.0193 95 1,13 0.001 0 1 2,13 0.001 0 -1 2,12 0.001 -1 0 3.0105 125 15,1 0.001 1 0 13,1 0.001 -1 -1 14,2 0.001 -1 0 0.0092 80 14,14 0.001 -1 0 15,14 0.001 0 -1 15,13 0.001 1 0 9.0039 185 ::f,0,2 f,1,14 f,12,1 f,12,15 
35:3,2 0.001 0 1 1,3 0.001 -1 -1 1,2 0.001 -1 1 1.0194 110 1,13 0.001 0 1 2,13 0.001 0 -1 2,12 0.001 -1 -1 4.0106 140 15,1 0.001 1 1 13,1 0.001 0 -1 13,2 0.001 -1 0 0.0102 80 13,14 0.001 -1 0 15,14 0.001 0 -1 15,13 0.001 1 1 9.0049 185 ::f,0,2 f,1,14 f,12,1 f,12,15 
36:3,2 0.001 -1 1 1,3 0.001 0 -1 1,2 0.001 -1 0 1.0194 110 1,13 0.001 -1 1 2,13 0.001 1 -1 2,12 0.001 -1 -1 4.0106 140 15,1 0.001 1 1 13,1 0.001 0 -1 13,2 0.001 -1 0 0.0102 80 13,14 0.001 -1 0 15,14 0.001 1 -1 15,13 0.001 1 1 9.0049 185 ::f,0,2 f,1,14 f,12,1 f,12,15 
37:2,3 0.001 -1 1 1,3 0.001 0 -1 1,2 0.001 -1 0 2.0205 125 1,13 0.001 -1 1 2,13 0.001 1 -1 2,12 0.001 0 -1 4.0106 140 15,1 0.001 0 1 13,1 0.001 1 -1 13,2 0.001 -1 -1 0.0102 80 13,14 0.001 -1 -1 15,14 0.001 1 -1 15,13 0.001 0 1 9.0049 185 ::f,1,0 f,1,14 f,12,1 f,12,15 
38:2,3 0.001 -1 1 1,3 0.001 1 -1 1,2 0.001 -1 -1 2.0205 125 1,13 0.001 -1 0 2,13 0.001 1 0 2,12 0.001 0 -1 4.0106 140 15,2 0.001 0 1 14,0 0.001 1 -1 13,2 0.001 -1 -1 0.0123 95 13,14 0.001 -1 -1 15,14 0.001 1 0 15,13 0.001 0 1 9.0049 185 ::f,1,0 f,1,14 f,12,15 f,14,3 
39:2,3 0.001 -1 0 1,3 0.001 1 -1 1,2 0.001 -1 -1 2.0205 125 1,13 0.001 -1 0 2,13 0.001 1 0 2,12 0.001 1 -1 4.0106 140 15,2 0.001 0 1 14,0 0.001 1 -1 13,2 0.001 0 -1 0.0123 95 13,14 0.001 0 -1 15,14 0.001 1 0 15,13 0.001 0 1 9.0049 185 ::f,1,0 f,1,14 f,12,15 f,14,3 
40:2,3 0.001 -1 0 1,3 0.001 1 0 1,2 0.001 0 -1 2.0205 125 1,13 0.001 -1 -1 2,13 0.001 1 1 2,12 0.001 1 -1 4.0106 140 15,2 0.001 -1 1 14,0 0.001 1 0 13,1 0.001 0 -1 0.0133 95 13,13 0.001 0 -1 15,14 0.001 1 1 15,13 0.001 -1 1 9.0059 185 ::f,1,0 f,1,14 f,12,15 f,14,3 
41:2,3 0.001 -1 0 1,3 0.001 1 0 1,1 0.001 0 -1 2.0215 125 1,13 0.001 -1 -1 2,13 0.001 1 1 2,12 0.001 1 0 4.0106 140 15,2 0.001 -1 1 14,0 0.001 1 0 13,1 0.001 0 -1 1.0134 110 13,13 0.001 0 -1 15,14 0.001 1 1 15,13 0.001 -1 1 9.0059 185 ::f,1,0 f,1,14 f,12,3 f,12,15 
42:2,3 0.001 -1 -1 1,3 0.001 1 1 1,1 0.001 0 -1 4.0216 140 1,13 0.001 0 -1 2,13 0.001 0 1 2,12 0.001 1 0 4.0106 140 15,2 0.001 -1 0 14,0 0.001 1 1 13,1 0.001 1 -1 1.0134 110 13,13 0.001 1 -1 15,14 0.001 0 1 15,13 0.001 -1 0 9.0059 185 ::f,1,14 f,3,0 f,12,3 f,12,15 
43:1,2 0.001 -1 -1 1,3 0.001 1 1 1,1 0.001 1 -1 4.0226 140 1,13 0.001 0 -1 2,14 0.001 0 1 2,12 0.001 1 1 4.0116 140 14,2 0.001 -1 0 15,1 0.001 1 1 13,1 0.001 1 -1 1.0154 110 13,13 0.001 1 -1 15,14 0.001 0 1 15,13 0.001 -1 0 9.0059 185 ::f,1,14 f,3,0 f,12,3 f,12,15 
44:1,2 0.001 -1 -1 1,3 0.001 0 1 1,1 0.001 1 -1 4.0226 140 1,13 0.001 1 -1 2,14 0.001 0 1 3,13 0.001 1 1 4.0126 140 14,2 0.001 -1 0 15,1 0.001 1 1 13,1 0.001 1 0 1.0154 110 13,13 0.001 1 0 15,14 0.001 -1 1 15,13 0.001 -1 -1 9.0059 185 ::f,1,14 f,3,0 f,12,3 f,12,15 
45:1,2 0.001 0 -1 1,3 0.001 0 1 1,1 0.001 1 0 4.0226 140 1,13 0.001 1 -1 2,14 0.001 -1 1 3,13 0.001 1 1 4.0126 140 14,2 0.001 -1 -1 15,1 0.001 0 1 14,1 0.001 1 0 1.0164 110 14,13 0.001 1 0 15,14 0.001 -1 1 15,13 0.001 -1 -1 9.0069 185 ::f,1,14 f,3,0 f,12,3 f,12,15 
46:1,2 0.001 0 -1 1,3 0.001 -1 1 2,1 0.001 1 0 4.0236 140 1,13 0.001 1 0 2,14 0.001 -1 1 3,13 0.001 0 1 4.0126 140 14,2 0.001 -1 -1 15,2 0.001 0 1 14,1 0.001 1 0 1.0174 110 14,13 0.001 1 0 15,14 0.001 -1 0 15,13 0.001 0 -1 9.0069 185 ::f,1,14 f,3,0 f,12,3 f,12,15 
47:1,2 0.001 1 -1 1,3 0.001 -1 1 2,1 0.001 1 0 4.0236 140 2,13 0.001 1 0 2,14 0.001 -1 0 3,14 0.001 0 1 4.0146 140 14,2 0.001 0 -1 15,2 0.001 0 1 14,1 0.001 1 1 1.0174 110 14,13 0.001 1 1 14,14 0.001 -1 0 15,13 0.001 0 -1 9.0079 185 ::f,1,14 f,3,0 f,12,3 f,12,15 
48:1,2 0.001 1 -1 1,3 0.001 -1 0 2,1 0.001 1 1 4.0236 140 2,13 0.001 1 0 2,14 0.001 -1 0 3,14 0.001 0 1 4.0146 140 14,2 0.001 0 -1 15,2 0.001 -1 1 14,1 0.001 1 1 1.0174 110 14,13 0.001 1 1 14,14 0.001 -1 0 15,13 0.001 1 -1 9.0079 185 ::f,1,14 f,3,0 f,12,3 f,12,15 
49:1,2 0.001 1 0 1,3 0.001 -1 0 2,1 0.001 1 1 4.0236 140 2,13 0.001 1 1 2,14 0.001 -1 0 3,14 0.001 -1 1 7.0147 155 14,2 0.001 1 -1 14,3 0.001 -1 1 14,1 0.001 0 1 1.0184 110 14,13 0.001 0 1 14,14 0.001 -1 -1 15,13 0.001 1 -1 9.0079 185 ::f,0,12 f,3,0 f,12,3 f,12,15 
50:1,2 0.001 1 0 1,3 0.001 -1 -1 2,1 0.001 0 1 4.0236 140 2,13 0.001 1 1 2,14 0.001 -1 -1 2,15 0.001 -1 1 7.0157 155 14,2 0.001 1 -1 14,3 0.001 -1 1 14,1 0.001 0 1 1.0184 110 14,13 0.001 0 1 14,14 0.001 -1 -1 15,13 0.001 1 0 9.0079 185 ::f,0,12 f,3,0 f,12,3 f,12,15 
51:1,2 0.001 1 1 0,2 0.001 -1 -1 2,2 0.001 0 1 4.0256 140 2,13 0.001 0 1 1,13 0.001 -1 -1 2,15 0.001 -1 1 7.0167 155 14,2 0.001 1 0 14,3 0.001 -1 0 14,1 0.001 0 1 1.0184 110 14,13 0.001 0 1 14,14 0.001 0 -1 15,13 0.001 1 0 9.0079 185 ::f,0,12 f,3,0 f,12,3 f,12,15 
52:1,2 0.001 1 1 0,2 0.001 -1 -1 2,2 0.001 0 1 4.0256 140 2,14 0.001 0 1 1,13 0.001 -1 -1 2,15 0.001 -1 0 11.0178 170 14,2 0.001 1 0 13,3 0.001 -1 0 14,1 0.001 -1 1 1.0194 110 14,13 0.001 -1 1 14,14 0.001 0 -1 15,13 0.001 1 1 9.0079 185 ::f,0,12 f,3,0 f,12,3 f,12,15 
53:1,2 0.001 0 1 0,2 0.001 0 -1 2,2 0.001 -1 1 4.0256 140 2,14 0.001 0 1 1,13 0.001 0 -1 1,15 0.001 -1 0 11.0188 170 14,2 0.001 1 1 13,3 0.001 -1 0 14,1 0.001 -1 0 2.0195 125 13,14 0.001 -1 1 14,14 0.001 1 -1 15,13 0.001 1 1 9.0089 185 ::f,0,12 f,3,0 f,12,15 f,15,3 
54:1,2 0.001 0 1 0,1 0.001 0 -1 2,2 0.001 -1 1 4.0266 140 2,14 0.001 -1 1 1,13 0.001 0 -1 1,15 0.001 -1 0 11.0188 170 14,2 0.001 1 1 13,3 0.001 -1 -1 14,1 0.001 -1 0 4.0196 140 13,14 0.001 -1 1 14,14 0.001 1 -1 15,13 0.001 0 1 12.009 200 ::f,0,12 f,3,0 f,14,13 f,15,3 
55:1,2 0.001 -1 1 0,1 0.001 0 -1 2,2 0.001 -1 0 4.0266 140 2,14 0.001 -1 1 1,13 0.001 1 -1 1,15 0.001 -1 -1 11.0188 170 14,2 0.001 0 1 12,2 0.001 -1 -1 14,1 0.001 -1 -1 4.0206 140 13,14 0.001 -1 0 14,14 0.001 1 0 15,14 0.001 0 1 12.01 200 ::f,0,12 f,3,0 f,14,13 f,15,3 
56:1,2 0.001 -1 1 0,1 0.001 1 -1 2,2 0.001 -1 0 4.0266 140 2,14 0.001 -1 0 1,13 0.001 1 -1 0,14 0.001 -1 -1 11.0198 170 14,2 0.001 0 1 12,2 0.001 -1 -1 14,1 0.001 -1 -1 4.0206 140 13,14 0.001 -1 0 14,14 0.001 1 0 15,14 0.001 0 1 12.01 200 ::f,0,12 f,3,0 f,14,13 f,15,3 
57:1,2 0.001 -1 0 1,0 0.001 1 -1 2,2 0.001 -1 0 4.0276 140 1,14 0.001 -1 0 1,13 0.001 1 0 0,14 0.001 -1 -1 11.0208 170 14,2 0.001 -1 1 12,2 0.001 0 -1 14,1 0.001 0 -1 4.0206 140 13,14 0.001 -1 -1 14,14 0.001 1 1 15,14 0.001 -1 1 12.01 200 ::f,0,12 f,3,0 f,14,13 f,15,3 
58:1,2 0.001 -1 0 1,0 0.001 1 -1 2,2 0.001 -1 -1 4.0276 140 1,14 0.001 -1 0 2,13 0.001 1 0 0,14 0.001 0 -1 11.0218 170 14,2 0.001 -1 1 12,1 0.001 0 -1 14,1 0.001 0 -1 4.0216 140 13,14 0.001 -1 -1 14,14 0.001 1 1 14,15 0.001 -1 1 12.011 200 ::f,0,12 f,3,0 f,14,13 f,15,3 
59:1,2 0.001 -1 -1 1,0 0.001 1 0 2,2 0.001 -1 -1 4.0276 140 1,14 0.001 -1 -1 2,13 0.001 1 0 0,13 0.001 0 -1 11.0228 170 14,2 0.001 -1 0 12,1 0.001 0 -1 14,1 0.001 1 -1 4.0216 140 13,14 0.001 0 -1 14,14 0.001 0 1 14,15 0.001 -1 1 12.011 200 ::f,0,12 f,3,0 f,14,13 f,15,3 
60:0,1 0.001 -1 -1 2,0 0.001 1 0 2,2 0.001 0 -1 4.0296 140 1,14 0.001 -1 -1 2,13 0.001 1 1 0,13 0.001 0 -1 12.0229 185 13,2 0.001 -1 0 12,1 0.001 1 -1 14,1 0.001 1 -1 4.0226 140 13,13 0.001 0 -1 14,14 0.001 0 1 14,15 0.001 -1 0 12.012 200 ::f,2,15 f,3,0 f,14,13 f,15,3 
61:0,1 0.001 -1 -1 2,0 0.001 1 0 2,1 0.001 0 -1 5.0307 155 1,14 0.001 0 -1 2,13 0.001 1 1 0,13 0.001 1 -1 12.0229 185 13,2 0.001 -1 0 13,0 0.001 1 -1 14,1 0.001 1 0 4.0236 140 13,13 0.001 0 -1 14,14 0.001 -1 1 13,15 0.001 -1 0 12.013 200 ::f,0,2 f,2,15 f,14,13 f,15,3 
62:0,1 0.001 0 -1 2,0 0.001 1 1 2,1 0.001 0 -1 5.0307 155 1,13 0.001 0 -1 2,13 0.001 0 1 1,12 0.001 1 -1 12.0249 185 13,2 0.001 -1 -1 13,0 0.001 1 -1 14,1 0.001 1 0 4.0236 140 13,13 0.001 1 -1 14,14 0.001 -1 1 13,15 0.001 -1 0 12.013 200 ::f,0,2 f,2,15 f,14,13 f,15,3 
63:0,1 0.001 0 -1 3,1 0.001 1 1 2,1 0.001 1 -1 5.0317 155 1,13 0.001 0 -1 2,14 0.001 0 1 1,12 0.001 1 -1 12.0259 185 13,2 0.001 -1 -1 13,0 0.001 1 0 14,1 0.001 1 1 4.0236 140 13,13 0.001 1 -1 14,14 0.001 -1 0 13,15 0.001 -1 -1 12.013 200 ::f,0,2 f,2,15 f,14,13 f,15,3 
64:0,1 0.001 1 -1 3,1 0.001 1 1 2,1 0.001 1 -1 5.0317 155 1,13 0.001 1 -1 2,14 0.001 0 1 1,12 0.001 1 0 17.026 200 13,2 0.001 0 -1 14,0 0.001 1 0 14,1 0.001 1 1 4.0246 140 13,13 0.001 1 0 13,14 0.001 -1 0 12,14 0.001 -1 -1 12.015 200 ::f,0,2 f,2,15 f,14,13 f,15,3 
65:1,0 0.001 1 -1 3,1 0.001 0 1 2,1 0.001 1 0 5.0327 155 1,13 0.001 1 -1 2,14 0.001 -1 1 2,12 0.001 1 0 17.027 200 13,1 0.001 0 -1 14,0 0.001 1 0 14,1 0.001 0 1 4.0256 140 13,13 0.001 1 0 13,14 0.001 -1 0 12,14 0.001 -1 -1 12.015 200 ::f,0,2 f,2,15 f,14,13 f,15,3 
66:1,0 0.001 1 -1 3,2 0.001 0 1 2,1 0.001 1 0 5.0337 155 1,13 0.001 1 0 2,14 0.001 -1 1 2,12 0.001 1 0 17.027 200 13,1 0.001 0 -1 14,0 0.001 1 1 14,2 0.001 0 1 4.0266 140 13,13 0.001 1 0 13,14 0.001 -1 -1 12,14 0.001 0 -1 16.0151 215 ::f,0,2 f,2,15 f,14,13 f,15,3 
67:1,0 0.001 1 0 3,2 0.001 0 1 2,1 0.001 1 1 5.0337 155 2,13 0.001 1 0 2,14 0.001 -1 0 2,12 0.001 1 1 17.028 200 13,1 0.001 1 -1 15,1 0.001 1 1 14,2 0.001 0 1 4.0276 140 13,13 0.001 1 1 13,14 0.001 -1 -1 12,13 0.001 0 -1 16.0161 215 ::f,0,2 f,2,15 f,14,13 f,15,3 
68:2,0 0.001 1 0 3,2 0.001 -1 1 2,1 0.001 1 1 5.0347 155 2,13 0.001 1 0 1,14 0.001 -1 0 3,13 0.001 1 1 17.03 200 13,1 0.001 1 -1 15,1 0.001 1 1 14,2 0.001 -1 1 4.0276 140 13,13 0.001 1 1 13,14 0.001 0 -1 12,13 0.001 0 -1 16.0161 215 ::f,0,2 f,2,15 f,14,13 f,15,3 
69:2,0 0.001 1 0 2,3 0.001 -1 1 2,1 0.001 0 1 5.0357 155 2,13 0.001 1 1 1,14 0.001 -1 0 3,13 0.001 1 1 17.03 200 13,1 0.001 1 0 15,1 0.001 0 1 14,2 0.001 -1 1 4.0276 140 13,13 0.001 0 1 13,14 0.001 0 -1 12,13 0.001 1 -1 16.0161 215 ::f,0,2 f,2,15 f,14,13 f,15,3 
70:2,0 0.001 1 1 2,3 0.001 -1 1 2,2 0.001 0 1 5.0367 155 2,13 0.001 1 1 1,14 0.001 -1 -1 3,13 0.001 0 1 17.03 200 14,1 0.001 1 0 15,2 0.001 0 1 14,2 0.001 -1 0 4.0296 140 13,13 0.001 0 1 13,14 0.001 0 -1 13,12 0.001 1 -1 16.0171 215 ::f,0,2 f,2,15 f,14,13 f,15,3 
71:3,1 0.001 1 1 2,3 0.001 -1 0 2,2 0.001 0 1 5.0377 155 2,13 0.001 0 1 1,14 0.001 -1 -1 3,14 0.001 0 1 17.031 200 14,1 0.001 1 0 15,2 0.001 0 1 13,2 0.001 -1 0 6.0307 155 13,13 0.001 -1 1 13,14 0.001 0 -1 13,12 0.001 1 -1 16.0171 215 ::f,0,2 f,2,15 f,12,2 f,14,13 
72:3,1 0.001 1 1 1,3 0.001 -1 0 2,2 0.001 -1 1 5.0387 155 2,14 0.001 0 1 1,14 0.001 0 -1 3,14 0.001 0 1 17.032 200 14,1 0.001 1 1 15,2 0.001 -1 1 13,2 0.001 -1 0 7.0308 170 13,13 0.001 -1 1 13,14 0.001 0 -1 13,12 0.001 1 0 16.0171 215 ::f,0,2 f,2,15 f,14,0 f,14,13 
73:3,1 0.001 0 1 1,3 0.001 -1 0 2,2 0.001 -1 1 5.0387 155 2,14 0.001 0 1 1,13 0.001 0 -1 3,14 0.001 -1 1 19.0331 215 14,1 0.001 1 1 14,3 0.001 -1 1 13,2 0.001 -1 -1 7.0318 170 13,13 0.001 -1 0 13,14 0.001 1 -1 14,12 0.001 1 0 16.0181 215 ::f,0,2 f,3,13 f,14,0 f,14,13 
74:3,2 0.001 0 1 1,3 0.001 -1 -1 2,2 0.001 -1 0 5.0397 155 2,14 0.001 -1 1 1,13 0.001 0 -1 2,15 0.001 -1 1 19.0341 215 14,1 0.001 0 1 14,3 0.001 -1 1 13,2 0.001 -1 -1 7.0318 170 13,13 0.001 -1 0 13,14 0.001 1 -1 14,12 0.001 1 0 19.0182 230 ::f,0,2 f,3,13 f,14,0 f,15,13 
75:3,2 0.001 0 1 1,3 0.001 -1 -1 1,2 0.001 -1 0 5.0407 155 2,14 0.001 -1 1 1,13 0.001 1 -1 2,15 0.001 -1 1 19.0341 215 14,2 0.001 0 1 14,3 0.001 -1 0 13,2 0.001 0 -1 7.0328 170 13,13 0.001 -1 -1 13,14 0.001 1 0 14,12 0.001 1 1 19.0182 230 ::f,0,2 f,3,13 f,14,0 f,15,13 
76:3,2 0.001 -1 1 1,3 0.001 -1 -1 1,2 0.001 -1 0 7.0408 170 2,14 0.001 -1 0 1,13 0.001 1 -1 2,15 0.001 -1 0 19.0341 215 14,2 0.001 0 1 13,3 0.001 -1 0 13,1 0.001 0 -1 7.0348 170 13,13 0.001 -1 -1 13,14 0.001 1 0 14,12 0.001 1 1 19.0182 230 ::f,3,1 f,3,13 f,14,0 f,15,13 
77:2,3 0.001 -1 1 1,3 0.001 0 -1 1,2 0.001 -1 -1 7.0418 170 1,14 0.001 -1 0 1,13 0.001 1 0 1,15 0.001 -1 0 19.0361 215 14,2 0.001 -1 1 13,3 0.001 -1 0 13,1 0.001 0 -1 7.0348 170 13,13 0.001 0 -1 13,14 0.001 1 1 14,12 0.001 1 1 22.0183 245 ::f,3,1 f,3,13 f,12,15 f,14,0 
78:2,3 0.001 -1 1 1,3 0.001 0 -1 1,2 0.001 -1 -1 7.0418 170 1,14 0.001 -1 0 2,13 0.001 1 0 1,15 0.001 -1 0 19.0371 215 14,2 0.001 -1 1 13,3 0.001 -1 -1 13,1 0.001 1 -1 7.0348 170 13,13 0.001 0 -1 13,14 0.001 1 1 14,12 0.001 0 1 22.0183 245 ::f,3,1 f,3,13 f,12,15 f,14,0 
79:2,3 0.001 -1 0 1,3 0.001 1 -1 1,2 0.001 0 -1 7.0418 170 1,14 0.001 -1 -1 2,13 0.001 1 0 1,15 0.001 -1 -1 25.0372 230 14,2 0.001 -1 0 12,2 0.001 -1 -1 13,1 0.001 1 -1 9.0359 185 13,13 0.001 1 -1 13,14 0.001 0 1 14,13 0.001 0 1 22.0193 245 ::f,3,1 f,3,12 f,12,3 f,12,15 
80:2,3 0.001 -1 0 1,3 0.001 1 -1 1,1 0.001 0 -1 7.0428 170 1,14 0.001 -1 -1 2,13 0.001 1 1 0,14 0.001 -1 -1 25.0382 230 13,2 0.001 -1 0 12,2 0.001 -1 -1 13,1 0.001 1 0 9.0369 185 13,13 0.001 1 -1 13,14 0.001 0 1 14,13 0.001 0 1 22.0193 245 ::f,3,1 f,3,12 f,12,3 f,12,15 
81:2,3 0.001 -1 0 1,3 0.001 1 0 1,1 0.001 0 -1 7.0428 170 1,14 0.001 0 -1 2,13 0.001 1 1 0,14 0.001 -1 -1 25.0382 230 13,2 0.001 -1 0 12,2 0.001 0 -1 14,1 0.001 1 0 9.0379 185 13,13 0.001 1 0 13,14 0.001 -1 1 14,13 0.001 -1 1 22.0193 245 ::f,3,1 f,3,12 f,12,3 f,12,15 
82:2,3 0.001 -1 -1 1,3 0.001 1 0 1,1 0.001 1 -1 7.0428 170 1,13 0.001 0 -1 2,13 0.001 0 1 0,14 0.001 0 -1 25.0392 230 13,2 0.001 -1 -1 12,1 0.001 0 -1 14,1 0.001 1 0 9.0389 185 13,13 0.001 1 0 13,14 0.001 -1 1 14,13 0.001 -1 1 26.0194 260 ::f,3,1 f,3,12 f,12,3 f,12,12 
83:1,2 0.001 -1 -1 1,3 0.001 1 1 1,1 0.001 1 -1 7.0438 170 1,13 0.001 0 -1 2,14 0.001 0 1 0,13 0.001 0 -1 25.0412 230 13,2 0.001 -1 -1 12,1 0.001 0 -1 14,1 0.001 1 1 9.0389 185 13,13 0.001 1 0 13,14 0.001 -1 0 14,13 0.001 -1 0 26.0194 260 ::f,3,1 f,3,12 f,12,3 f,12,12 
84:1,2 0.001 -1 -1 1,3 0.001 1 1 1,1 0.001 1 0 7.0438 170 1,13 0.001 1 -1 2,14 0.001 0 1 0,13 0.001 0 -1 25.0412 230 13,2 0.001 0 -1 12,1 0.001 1 -1 14,1 0.001 1 1 9.0389 185 13,13 0.001 1 1 13,14 0.001 -1 0 14,13 0.001 -1 0 26.0194 260 ::f,3,1 f,3,12 f,12,3 f,12,12 
85:1,2 0.001 0 -1 1,3 0.001 0 1 2,1 0.001 1 0 7.0448 170 1,13 0.001 1 -1 2,14 0.001 -1 1 0,13 0.001 1 -1 25.0412 230 13,1 0.001 0 -1 13,0 0.001 1 -1 14,1 0.001 0 1 9.0409 185 13,13 0.001 1 1 13,14 0.001 -1 -1 14,13 0.001 -1 0 26.0194 260 ::f,3,1 f,3,12 f,12,3 f,12,12 
86:1,2 0.001 0 -1 1,3 0.001 0 1 2,1 0.001 1 0 10.0449 185 1,13 0.001 1 0 2,14 0.001 -1 1 1,12 0.001 1 -1 25.0422 230 13,1 0.001 0 -1 13,0 0.001 1 -1 14,2 0.001 0 1 9.0419 185 13,13 0.001 0 1 13,14 0.001 -1 -1 14,13 0.001 -1 -1 26.0194 260 ::f,0,2 f,3,12 f,12,3 f,12,12 
87:1,2 0.001 1 -1 1,3 0.001 -1 1 2,1 0.001 1 1 10.0449 185 2,13 0.001 1 0 2,14 0.001 -1 0 1,12 0.001 1 -1 25.0432 230 13,1 0.001 1 -1 13,0 0.001 1 0 14,2 0.001 0 1 9.0419 185 13,13 0.001 0 1 13,14 0.001 0 -1 14,13 0.001 -1 -1 26.0194 260 ::f,0,2 f,3,12 f,12,3 f,12,12 
88:1,2 0.001 1 -1 1,3 0.001 -1 1 2,1 0.001 1 1 10.0449 185 2,13 0.001 1 0 1,14 0.001 -1 0 1,12 0.001 1 0 25.0442 230 13,1 0.001 1 -1 14,0 0.001 1 0 14,2 0.001 -1 1 9.0429 185 13,13 0.001 -1 1 13,14 0.001 0 -1 14,13 0.001 0 -1 26.0194 260 ::f,0,2 f,3,12 f,12,3 f,12,12 
89:1,2 0.001 1 0 1,3 0.001 -1 0 2,1 0.001 0 1 10.0449 185 2,13 0.001 1 1 1,14 0.001 -1 0 2,12 0.001 1 0 25.0452 230 13,1 0.001 1 0 14,0 0.001 1 0 14,2 0.001 -1 1 9.0429 185 13,13 0.001 -1 1 13,14 0.001 0 -1 14,13 0.001 0 -1 26.0194 260 ::f,0,2 f,3,12 f,12,3 f,12,12 
90:1,2 0.001 1 0 1,3 0.001 -1 0 2,2 0.001 0 1 10.0459 185 2,13 0.001 1 1 1,14 0.001 -1 -1 2,12 0.001 1 0 27.0453 245 14,1 0.001 1 0 14,0 0.001 1 1 14,2 0.001 -1 0 9.0439 185 13,13 0.001 -1 0 13,14 0.001 1 -1 14,13 0.001 1 -1 26.0194 260 ::f,0,2 f,3,14 f,12,3 f,12,12 
91:1,2 0.001 1 1 1,3 0.001 -1 -1 2,2 0.001 0 1 10.0459 185 2,13 0.001 0 1 1,14 0.001 -1 -1 2,12 0.001 1 1 27.0453 245 14,1 0.001 1 0 15,1 0.001 1 1 13,2 0.001 -1 0 9.0459 185 13,13 0.001 -1 0 13,14 0.001 1 -1 14,13 0.001 1 -1 26.0194 260 ::f,0,2 f,3,14 f,12,3 f,12,12 
92:1,2 0.001 1 1 1,3 0.001 -1 -1 2,2 0.001 -1 1 10.0459 185 2,14 0.001 0 1 1,14 0.001 0 -1 3,13 0.001 1 1 27.0473 245 14,1 0.001 1 1 15,1 0.001 1 1 13,2 0.001 -1 0 9.0459 185 13,13 0.001 -1 -1 13,14 0.001 1 0 14,13 0.001 1 0 26.0194 260 ::f,0,2 f,3,14 f,12,3 f,12,12 
93:1,2 0.001 0 1 1,3 0.001 -1 -1 2,2 0.001 -1 1 13.046 200 2,14 0.001 0 1 1,13 0.001 0 -1 3,13 0.001 1 1 27.0483 245 14,1 0.001 1 1 15,1 0.001 0 1 13,2 0.001 -1 -1 9.0459 185 13,13 0.001 -1 -1 13,14 0.001 1 0 14,13 0.001 1 0 31.0195 275 ::f,3,2 f,3,14 f,12,3 f,12,12 
94:1,2 0.001 0 1 1,3 0.001 0 -1 2,2 0.001 -1 0 13.046 200 2,14 0.001 -1 1 1,13 0.001 0 -1 3,13 0.001 0 1 27.0483 245 14,1 0.001 0 1 15,2 0.001 0 1 13,2 0.001 -1 -1 9.0469 185 13,13 0.001 0 -1 13,14 0.001 1 1 14,13 0.001 1 1 31.0195 275 ::f,3,2 f,3,14 f,12,3 f,12,12 
95:1,2 0.001 -1 1 1,3 0.001 0 -1 2,2 0.001 -1 0 13.046 200 2,14 0.001 -1 1 1,13 0.001 1 -1 3,13 0.001 0 1 27.0483 245 14,2 0.001 0 1 15,2 0.001 0 1 13,2 0.001 0 -1 9.0479 185 13,13 0.001 0 -1 13,14 0.001 1 1 15,14 0.001 1 1 31.0205 275 ::f,3,2 f,3,14 f,12,3 f,12,12 
96:1,2 0.001 -1 1 1,3 0.001 1 -1 2,2 0.001 -1 0 13.046 200 2,14 0.001 -1 0 1,13 0.001 1 -1 3,13 0.001 0 1 30.0484 260 14,2 0.001 0 1 15,2 0.001 -1 1 13,1 0.001 0 -1 9.0489 185 13,13 0.001 1 -1 13,14 0.001 0 1 15,14 0.001 1 1 31.0205 275 ::f,3,2 f,3,12 f,12,3 f,12,12 
97:1,2 0.001 -1 0 1,3 0.001 1 -1 2,2 0.001 -1 -1 13.046 200 1,14 0.001 -1 0 1,13 0.001 1 0 3,13 0.001 -1 1 30.0494 260 14,2 0.001 -1 1 14,3 0.001 -1 1 13,1 0.001 0 -1 9.0499 185 13,13 0.001 1 -1 13,14 0.001 0 1 15,14 0.001 0 1 31.0205 275 ::f,3,2 f,3,12 f,12,3 f,12,12 
98:1,2 0.001 -1 0 1,3 0.001 1 -1 2,2 0.001 -1 -1 13.046 200 1,14 0.001 -1 0 2,13 0.001 1 0 2,14 0.001 -1 1 30.0514 260 14,2 0.001 -1 1 14,3 0.001 -1 1 13,1 0.001 1 -1 9.0499 185 13,13 0.001 1 0 13,14 0.001 -1 1 15,14 0.001 0 1 31.0205 275 ::f,3,2 f,3,12 f,12,3 f,12,12 
99:1,2 0.001 -1 -1 1,3 0.001 1 0 2,2 0.001 0 -1 13.046 200 1,14 0.001 -1 -1 2,13 0.001 1 0 2,14 0.001 -1 1 30.0514 260 14,2 0.001 -1 0 14,3 0.001 -1 0 13,1 0.001 1 -1 9.0499 185 14,13 0.001 1 0 13,14 0.001 -1 1 15,14 0.001 -1 1 31.0215 275 ::f,3,2 f,3,12 f,12,3 f,12,12 
100:0,1 0.001 -1 -1 1,3 0.001 1 0 2,2 0.001 0 -1 13.047 200 1,14 0.001 -1 -1 2,13 0.001 1 1 2,14 0.001 -1 0 30.0514 260 13,2 0.001 -1 0 13,3 0.001 -1 0 13,1 0.001 1 0 9.0519 185 14,13 0.001 1 0 13,14 0.001 -1 0 14,15 0.001 -1 1 31.0225 275 ::f,3,2 f,3,12 f,12,3 f,12,12 
101:0,1 0.001 -1 -1 1,3 0.001 1 1 2,2 0.001 1 -1 13.047 200 1,14 0.001 0 -1 2,13 0.001 1 1 2,14 0.001 -1 0 30.0514 260 13,2 0.001 -1 0 13,3 0.001 -1 0 14,1 0.001 1 0 12.053 200 14,13 0.001 1 1 13,14 0.001 -1 0 14,15 0.001 -1 1 31.0225 275 ::f,3,2 f,3,12 f,12,3 f,12,12 
102:0,1 0.001 0 -1 1,3 0.001 1 1 2,2 0.001 1 -1 13.047 200 1,13 0.001 0 -1 2,13 0.001 0 1 2,14 0.001 -1 -1 30.0524 260 13,2 0.001 -1 -1 13,3 0.001 -1 -1 14,1 0.001 1 0 12.053 200 14,13 0.001 1 1 13,14 0.001 -1 -1 14,15 0.001 -1 0 31.0225 275 ::f,3,2 f,3,12 f,12,3 f,12,12 
103:0,1 0.001 0 -1 1,3 0.001 0 1 2,2 0.001 1 0 13.047 200 1,13 0.001 0 -1 2,13 0.001 0 1 2,14 0.001 -1 -1 30.0524 260 13,2 0.001 -1 -1 12,2 0.001 -1 -1 14,1 0.001 1 1 12.054 200 14,13 0.001 0 1 13,14 0.001 -1 -1 13,15 0.001 -1 0 31.0235 275 ::f,3,2 f,3,12 f,12,3 f,12,12 
104:0,1 0.001 1 -1 1,3 0.001 0 1 2,2 0.001 1 0 17.0471 215 1,13 0.001 1 -1 2,13 0.001 0 1 2,14 0.001 0 -1 30.0524 260 13,2 0.001 0 -1 12,2 0.001 -1 -1 14,1 0.001 1 1 12.054 200 14,14 0.001 0 1 13,14 0.001 0 -1 13,15 0.001 -1 0 31.0245 275 ::f,3,2 f,3,12 f,12,3 f,12,12 
105:1,0 0.001 1 -1 1,3 0.001 -1 1 2,2 0.001 1 1 17.0481 215 1,13 0.001 1 -1 2,13 0.001 -1 1 2,14 0.001 0 -1 30.0524 260 13,1 0.001 0 -1 12,2 0.001 0 -1 14,1 0.001 0 1 12.055 200 14,14 0.001 0 1 13,13 0.001 0 -1 13,15 0.001 -1 -1 31.0255 275 ::f,3,2 f,3,12 f,12,3 f,12,12 
106:1,0 0.001 1 -1 1,3 0.001 -1 1 2,2 0.001 1 1 17.0481 215 1,13 0.001 1 0 2,13 0.001 -1 1 2,14 0.001 0 -1 30.0524 260 13,1 0.001 0 -1 12,1 0.001 0 -1 14,2 0.001 0 1 12.057 200 14,14 0.001 -1 1 13,13 0.001 0 -1 12,14 0.001 -1 -1 31.0265 275 ::f,3,2 f,3,12 f,12,3 f,12,12 
107:1,0 0.001 1 0 1,3 0.001 -1 0 2,2 0.001 0 1 17.0481 215 1,13 0.001 1 0 2,13 0.001 -1 0 2,14 0.001 1 -1 30.0524 260 13,1 0.001 1 -1 12,1 0.001 0 -1 14,2 0.001 0 1 12.057 200 14,14 0.001 -1 1 13,13 0.001 1 -1 12,14 0.001 -1 -1 31.0265 275 ::f,3,2 f,3,12 f,12,3 f,12,12 
108:2,0 0.001 1 0 1,3 0.001 -1 0 2,2 0.001 0 1 17.0491 215 1,13 0.001 1 0 2,13 0.001 -1 0 2,14 0.001 1 -1 30.0524 260 13,1 0.001 1 -1 12,1 0.001 1 -1 14,2 0.001 -1 1 12.057 200 14,14 0.001 -1 0 13,13 0.001 1 -1 12,14 0.001 0 -1 31.0265 275 ::f,3,2 f,3,12 f,12,3 f,12,12 
109:2,0 0.001 1 0 1,3 0.001 -1 -1 2,2 0.001 -1 1 17.0491 215 1,13 0.001 1 1 2,13 0.001 -1 -1 2,14 0.001 1 0 30.0524 260 13,1 0.001 1 0 13,0 0.001 1 -1 14,2 0.001 -1 1 12.058 200 13,14 0.001 -1 0 13,13 0.001 1 0 12,13 0.001 0 -1 31.0285 275 ::f,3,2 f,3,12 f,12,3 f,12,12 
110:2,0 0.001 1 1 0,2 0.001 -1 -1 2,2 0.001 -1 1 17.0501 215 1,13 0.001 1 1 2,13 0.001 -1 -1 2,14 0.001 1 0 30.0524 260 14,1 0.001 1 0 13,0 0.001 1 -1 14,2 0.001 -1 0 12.059 200 13,14 0.001 -1 0 14,13 0.001 1 0 12,13 0.001 0 -1 35.0296 290 ::f,3,2 f,3,12 f,12,3 f,15,13 
111:3,1 0.001 1 1 0,2 0.001 -1 -1 2,2 0.001 -1 0 17.0511 215 1,13 0.001 0 1 2,13 0.001 0 -1 2,14 0.001 1 1 30.0524 260 14,1 0.001 1 0 13,0 0.001 1 0 13,2 0.001 -1 0 12.06 200 13,14 0.001 -1 -1 14,13 0.001 1 0 12,13 0.001 1 -1 40.0297 305 ::f,3,2 f,3,12 f,12,3 f,15,12 
112:3,1 0.001 1 1 0,2 0.001 0 -1 1,2 0.001 -1 0 17.0521 215 1,13 0.001 0 1 2,13 0.001 0 -1 2,14 0.001 1 1 30.0524 260 14,1 0.001 1 1 14,0 0.001 1 0 13,2 0.001 -1 0 12.061 200 13,14 0.001 -1 -1 14,13 0.001 1 1 13,12 0.001 1 -1 40.0307 305 ::f,3,2 f,3,12 f,12,3 f,15,12 
113:3,1 0.001 0 1 0,1 0.001 0 -1 1,2 0.001 -1 0 17.0531 215 1,13 0.001 -1 1 2,13 0.001 1 -1 2,14 0.001 0 1 30.0524 260 14,1 0.001 1 1 14,0 0.001 1 0 13,2 0.001 -1 -1 12.061 200 13,14 0.001 0 -1 14,13 0.001 1 1 13,12 0.001 1 -1 40.0307 305 ::f,3,2 f,3,12 f,12,3 f,15,12 
114:3,1 0.001 0 1 0,1 0.001 0 -1 1,2 0.001 -1 -1 17.0531 215 1,13 0.001 -1 1 2,13 0.001 1 -1 2,14 0.001 0 1 37.0525 275 14,1 0.001 0 1 14,0 0.001 1 1 13,2 0.001 -1 -1 12.061 200 13,13 0.001 0 -1 14,13 0.001 0 1 13,12 0.001 1 0 40.0317 305 ::f,1,15 f,3,2 f,12,3 f,15,12 
115:3,1 0.001 0 1 0,1 0.001 1 -1 1,2 0.001 -1 -1 19.0532 230 1,13 0.001 -1 0 2,13 0.001 1 0 2,14 0.001 -1 1 37.0525 275 14,2 0.001 0 1 15,1 0.001 1 1 13,2 0.001 0 -1 12.063 200 13,13 0.001 0 -1 14,14 0.001 0 1 14,12 0.001 1 0 40.0337 305 ::f,1,15 f,3,2 f,12,3 f,15,12 
116:3,1 0.001 -1 1 1,0 0.001 1 -1 1,2 0.001 0 -1 19.0542 230 1,13 0.001 -1 0 2,13 0.001 1 0 2,14 0.001 -1 1 37.0525 275 14,2 0.001 0 1 15,1 0.001 1 1 13,1 0.001 0 -1 12.064 200 13,13 0.001 1 -1 14,14 0.001 0 1 14,12 0.001 1 0 45.0338 320 ::f,1,15 f,3,2 f,12,3 f,13,12 
117:2,2 0.001 -1 1 1,0 0.001 1 -1 1,1 0.001 0 -1 19.0562 230 1,13 0.001 -1 -1 2,13 0.001 1 1 2,14 0.001 -1 1 41.0526 290 14,2 0.001 -1 1 15,1 0.001 0 1 13,1 0.001 0 -1 12.064 200 13,13 0.001 1 -1 14,14 0.001 -1 1 14,12 0.001 1 1 45.0338 320 ::f,0,15 f,3,2 f,12,3 f,13,12 
118:2,2 0.001 -1 1 1,0 0.001 1 0 1,1 0.001 0 -1 19.0562 230 1,13 0.001 -1 -1 2,13 0.001 1 1 1,15 0.001 -1 1 41.0536 290 14,2 0.001 -1 1 15,2 0.001 0 1 13,1 0.001 1 -1 12.065 200 13,13 0.001 1 0 14,14 0.001 -1 1 15,13 0.001 1 1 45.0348 320 ::f,0,15 f,3,2 f,12,3 f,13,12 
119:2,2 0.001 -1 0 2,0 0.001 1 0 1,1 0.001 1 -1 19.0572 230 1,13 0.001 0 -1 2,13 0.001 0 1 1,15 0.001 -1 1 41.0536 290 14,2 0.001 -1 0 15,2 0.001 0 1 13,1 0.001 1 -1 12.065 200 14,13 0.001 1 0 14,14 0.001 -1 0 15,13 0.001 1 1 45.0358 320 ::f,0,15 f,3,2 f,12,3 f,13,12 
120:2,2 0.001 -1 0 2,0 0.001 1 0 1,1 0.001 1 -1 19.0572 230 1,13 0.001 0 -1 2,14 0.001 0 1 1,15 0.001 -1 0 41.0546 290 13,2 0.001 -1 0 15,2 0.001 -1 1 13,1 0.001 1 0 12.066 200 14,13 0.001 1 0 13,14 0.001 -1 0 15,13 0.001 0 1 45.0368 320 ::f,0,15 f,3,2 f,12,3 f,13,12 
121:2,2 0.001 -1 -1 2,0 0.001 1 1 1,1 0.001 1 0 19.0572 230 1,13 0.001 1 -1 2,14 0.001 0 1 1,15 0.001 -1 0 46.0547 305 13,2 0.001 -1 0 14,3 0.001 -1 1 14,1 0.001 1 0 12.068 200 14,13 0.001 1 1 13,14 0.001 -1 0 15,14 0.001 0 1 45.0378 320 ::f,1,14 f,3,2 f,12,3 f,13,12 
122:2,2 0.001 -1 -1 3,1 0.001 1 1 2,1 0.001 1 0 19.0592 230 1,13 0.001 1 -1 2,14 0.001 -1 1 1,15 0.001 -1 -1 46.0547 305 13,2 0.001 -1 -1 14,3 0.001 -1 1 14,1 0.001 1 0 12.068 200 14,13 0.001 1 1 13,14 0.001 -1 -1 15,14 0.001 0 1 45.0378 320 ::f,1,14 f,3,2 f,12,3 f,13,12 
123:2,2 0.001 0 -1 3,1 0.001 1 1 2,1 0.001 1 0 19.0592 230 1,13 0.001 1 0 2,14 0.001 -1 1 0,14 0.001 -1 -1 46.0557 305 13,2 0.001 -1 -1 14,3 0.001 -1 0 14,1 0.001 1 1 12.068 200 14,13 0.001 0 1 13,14 0.001 -1 -1 15,14 0.001 -1 1 45.0378 320 ::f,1,14 f,3,2 f,12,3 f,13,12 
124:2,2 0.001 0 -1 3,1 0.001 0 1 2,1 0.001 1 1 19.0592 230 2,13 0.001 1 0 2,14 0.001 -1 0 0,14 0.001 -1 -1 46.0567 305 13,2 0.001 0 -1 13,3 0.001 -1 0 14,1 0.001 1 1 12.069 200 14,14 0.001 0 1 13,14 0.001 0 -1 14,15 0.001 -1 1 45.0398 320 ::f,1,14 f,3,2 f,12,3 f,13,12 
125:2,2 0.001 1 -1 3,1 0.001 0 1 2,1 0.001 1 1 24.0593 245 2,13 0.001 1 0 2,14 0.001 -1 0 0,14 0.001 0 -1 46.0567 305 13,1 0.001 0 -1 13,3 0.001 -1 0 14,1 0.001 0 1 16.0701 215 14,14 0.001 0 1 13,13 0.001 0 -1 14,15 0.001 -1 1 45.0408 320 ::f,1,14 f,3,2 f,13,12 f,15,3 
126:2,2 0.001 1 -1 3,1 0.001 0 1 2,1 0.001 0 1 28.0594 260 2,13 0.001 1 1 2,14 0.001 -1 0 0,13 0.001 0 -1 54.0578 320 13,1 0.001 0 -1 13,3 0.001 -1 -1 14,2 0.001 0 1 16.0711 215 14,14 0.001 -1 1 13,13 0.001 0 -1 14,15 0.001 -1 0 51.0409 335 ::f,0,0 f,0,15 f,12,14 f,15,3 
127:2,2 0.001 1 0 3,1 0.001 -1 1 2,1 0.001 0 1 28.0594 260 2,13 0.001 1 1 2,14 0.001 -1 -1 0,13 0.001 0 -1 54.0578 320 13,1 0.001 1 -1 12,2 0.001 -1 -1 14,2 0.001 0 1 16.0721 215 14,14 0.001 -1 1 13,13 0.001 1 -1 13,15 0.001 -1 0 51.0419 335 ::f,0,0 f,0,15 f,12,14 f,15,3 
128:2,2 0.001 1 0 3,1 0.001 -1 1 2,1 0.001 0 1 28.0594 260 2,13 0.001 0 1 2,14 0.001 0 -1 0,13 0.001 1 -1 54.0578 320 13,1 0.001 1 -1 12,2 0.001 -1 -1 14,2 0.001 -1 1 16.0721 215 14,14 0.001 -1 0 13,13 0.001 1 -1 13,15 0.001 -1 0 51.0419 335 ::f,0,0 f,0,15 f,12,14 f,15,3 
129:2,2 0.001 1 1 3,1 0.001 -1 0 2,1 0.001 -1 1 28.0594 260 2,13 0.001 0 1 2,14 0.001 0 -1 1,12 0.001 1 -1 54.0588 320 13,1 0.001 1 0 12,2 0.001 0 -1 14,2 0.001 -1 1 16.0721 215 13,14 0.001 -1 0 13,13 0.001 1 0 13,15 0.001 -1 -1 51.0429 335 ::f,0,0 f,0,15 f,12,14 f,15,3 
130:2,2 0.001 1 1 3,1 0.001 -1 0 2,1 0.001 -1 1 28.0594 260 2,13 0.001 0 1 2,14 0.001 1 -1 1,12 0.001 1 -1 54.0588 320 14,1 0.001 1 0 12,1 0.001 0 -1 14,2 0.001 -1 0 16.0741 215 13,14 0.001 -1 0 14,13 0.001 1 0 12,14 0.001 -1 -1 57.045 350 ::f,0,0 f,0,15 f,12,15 f,15,3 
131:2,2 0.001 0 1 3,1 0.001 -1 -1 2,1 0.001 -1 0 28.0594 260 2,13 0.001 -1 1 2,14 0.001 1 -1 1,12 0.001 1 0 54.0588 320 14,1 0.001 1 0 12,1 0.001 0 -1 13,2 0.001 -1 0 16.0751 215 13,14 0.001 -1 -1 14,13 0.001 1 0 12,14 0.001 -1 -1 57.045 350 ::f,0,0 f,0,15 f,12,15 f,15,3 
132:2,2 0.001 0 1 3,1 0.001 -1 -1 2,1 0.001 -1 0 28.0594 260 1,14 0.001 -1 1 2,14 0.001 1 0 2,12 0.001 1 0 54.0608 320 14,1 0.001 1 1 12,1 0.001 1 -1 13,2 0.001 -1 0 16.0751 215 13,14 0.001 -1 -1 14,13 0.001 1 1 12,14 0.001 0 -1 57.045 350 ::f,0,0 f,0,15 f,12,15 f,15,3 
133:2,2 0.001 -1 1 3,1 0.001 0 -1 2,1 0.001 -1 -1 28.0594 260 1,14 0.001 -1 1 2,14 0.001 1 0 2,12 0.001 1 0 63.061 350 14,1 0.001 1 1 13,0 0.001 1 -1 13,2 0.001 -1 -1 16.0761 215 13,14 0.001 0 -1 14,13 0.001 1 1 12,13 0.001 0 -1 57.046 350 ::f,0,0 f,3,12 f,12,15 f,15,3 
134:1,3 0.001 -1 1 3,1 0.001 0 -1 2,1 0.001 -1 -1 28.0604 260 1,14 0.001 -1 0 2,14 0.001 1 1 2,12 0.001 1 1 63.061 350 14,1 0.001 0 1 13,0 0.001 1 -1 13,2 0.001 -1 -1 16.0761 215 13,13 0.001 0 -1 14,13 0.001 0 1 12,13 0.001 0 -1 57.047 350 ::f,0,0 f,3,12 f,12,15 f,15,3 
135:1,3 0.001 -1 1 3,1 0.001 1 -1 2,1 0.001 0 -1 28.0604 260 1,14 0.001 -1 0 2,14 0.001 1 1 3,13 0.001 1 1 63.062 350 14,2 0.001 0 1 13,0 0.001 1 0 13,2 0.001 0 -1 16.0771 215 13,13 0.001 0 -1 14,14 0.001 0 1 12,13 0.001 1 -1 57.048 350 ::f,0,0 f,3,12 f,12,15 f,15,3 
136:1,3 0.001 -1 0 3,1 0.001 1 -1 2,1 0.001 0 -1 28.0604 260 1,14 0.001 -1 -1 2,14 0.001 0 1 3,13 0.001 1 1 63.062 350 14,2 0.001 0 1 14,0 0.001 1 0 13,1 0.001 0 -1 16.0791 215 13,13 0.001 1 -1 14,14 0.001 0 1 13,12 0.001 1 -1 57.049 350 ::f,0,0 f,3,12 f,12,15 f,15,3 
137:1,3 0.001 -1 0 3,1 0.001 1 0 2,1 0.001 1 -1 28.0604 260 1,14 0.001 -1 -1 2,14 0.001 0 1 3,13 0.001 0 1 63.062 350 14,2 0.001 -1 1 14,0 0.001 1 0 13,1 0.001 0 -1 16.0791 215 13,13 0.001 1 -1 14,14 0.001 -1 1 13,12 0.001 1 -1 57.049 350 ::f,0,0 f,3,12 f,12,15 f,15,3 
138:1,3 0.001 -1 -1 3,1 0.001 1 0 2,1 0.001 1 -1 28.0604 260 1,14 0.001 0 -1 2,14 0.001 -1 1 3,14 0.001 0 1 63.063 350 14,2 0.001 -1 1 14,0 0.001 1 1 13,1 0.001 1 -1 16.0791 215 13,13 0.001 1 0 14,14 0.001 -1 1 13,12 0.001 1 0 57.049 350 ::f,0,0 f,3,12 f,12,15 f,15,3 
139:0,2 0.001 -1 -1 3,1 0.001 1 1 2,1 0.001 1 0 28.0614 260 1,13 0.001 0 -1 2,14 0.001 -1 1 3,14 0.001 0 1 63.064 350 14,2 0.001 -1 0 15,1 0.001 1 1 13,1 0.001 1 -1 16.0801 215 14,13 0.001 1 0 14,14 0.001 -1 0 14,12 0.001 1 0 57.051 350 ::f,0,0 f,3,12 f,12,15 f,15,3 
140:0,2 0.001 -1 -1 3,1 0.001 1 1 2,1 0.001 1 0 28.0614 260 1,13 0.001 0 -1 2,14 0.001 -1 0 3,14 0.001 -1 1 63.064 350 13,2 0.001 -1 0 15,1 0.001 1 1 13,1 0.001 1 0 16.0811 215 14,13 0.001 1 0 13,14 0.001 -1 0 14,12 0.001 1 0 57.052 350 ::f,0,0 f,3,12 f,12,15 f,15,3 
141:0,2 0.001 0 -1 3,1 0.001 0 1 2,1 0.001 1 1 28.0614 260 1,13 0.001 1 -1 1,14 0.001 -1 0 2,15 0.001 -1 1 63.066 350 13,2 0.001 -1 0 15,1 0.001 0 1 14,1 0.001 1 0 16.0821 215 14,13 0.001 1 1 13,14 0.001 -1 0 14,12 0.001 1 1 57.052 350 ::f,0,0 f,3,12 f,12,15 f,15,3 
142:0,1 0.001 0 -1 3,2 0.001 0 1 2,1 0.001 1 1 28.0634 260 1,13 0.001 1 -1 1,14 0.001 -1 0 2,15 0.001 -1 1 63.066 350 13,2 0.001 -1 -1 15,2 0.001 0 1 14,1 0.001 1 0 16.0831 215 14,13 0.001 1 1 13,14 0.001 -1 -1 15,13 0.001 1 1 57.053 350 ::f,0,0 f,3,12 f,12,15 f,15,3 
143:0,1 0.001 0 -1 3,2 0.001 0 1 2,1 0.001 0 1 36.0636 290 1,13 0.001 1 0 1,14 0.001 -1 -1 2,15 0.001 -1 0 63.066 350 13,2 0.001 -1 -1 15,2 0.001 0 1 14,1 0.001 1 1 21.0832 230 14,13 0.001 0 1 13,14 0.001 -1 -1 15,13 0.001 1 1 57.053 350 ::f,0,2 f,3,12 f,12,15 f,13,0 
144:0,1 0.001 1 -1 3,2 0.001 -1 1 2,2 0.001 0 1 36.0646 290 2,13 0.001 1 0 1,14 0.001 -1 -1 1,15 0.001 -1 0 63.068 350 13,2 0.001 0 -1 15,2 0.001 -1 1 14,1 0.001 1 1 21.0832 230 14,14 0.001 0 1 13,14 0.001 0 -1 15,13 0.001 0 1 57.054 350 ::f,0,2 f,3,12 f,12,15 f,13,0 
145:1,0 0.001 1 -1 2,3 0.001 -1 1 2,2 0.001 0 1 36.0666 290 2,13 0.001 1 0 1,14 0.001 0 -1 1,15 0.001 -1 0 63.068 350 13,1 0.001 0 -1 14,3 0.001 -1 1 14,1 0.001 0 1 21.0852 230 14,14 0.001 0 1 13,13 0.001 0 -1 15,14 0.001 0 1 57.056 350 ::f,0,2 f,3,12 f,12,15 f,13,0 
146:1,0 0.001 1 -1 2,3 0.001 -1 1 2,2 0.001 -1 1 36.0666 290 2,13 0.001 1 1 1,13 0.001 0 -1 1,15 0.001 -1 -1 63.069 350 13,1 0.001 0 -1 14,3 0.001 -1 1 14,2 0.001 0 1 24.0863 245 14,14 0.001 -1 1 13,13 0.001 0 -1 15,14 0.001 0 1 57.056 350 ::f,0,2 f,3,12 f,12,15 f,15,0 
147:1,0 0.001 1 0 2,3 0.001 -1 0 2,2 0.001 -1 1 36.0666 290 2,13 0.001 1 1 1,13 0.001 0 -1 0,14 0.001 -1 -1 63.07 350 13,1 0.001 1 -1 14,3 0.001 -1 0 14,2 0.001 0 1 24.0863 245 14,14 0.001 -1 1 13,13 0.001 1 -1 15,14 0.001 -1 1 57.056 350 ::f,0,2 f,3,12 f,12,15 f,15,0 
148:2,0 0.001 1 0 1,3 0.001 -1 0 2,2 0.001 -1 0 36.0686 290 2,13 0.001 0 1 1,13 0.001 1 -1 0,14 0.001 -1 -1 63.07 350 13,1 0.001 1 -1 13,3 0.001 -1 0 14,2 0.001 -1 1 24.0873 245 14,14 0.001 -1 0 13,13 0.001 1 -1 14,15 0.001 -1 1 57.057 350 ::f,0,2 f,3,12 f,12,15 f,15,0 
149:2,0 0.001 1 0 1,3 0.001 -1 0 1,2 0.001 -1 0 36.0696 290 2,14 0.001 0 1 1,13 0.001 1 -1 0,14 0.001 0 -1 63.071 350 13,1 0.001 1 0 13,3 0.001 -1 0 14,2 0.001 -1 1 24.0873 245 13,14 0.001 -1 0 13,13 0.001 1 0 14,15 0.001 -1 1 57.058 350 ::f,0,2 f,3,12 f,12,15 f,15,0 
150:2,0 0.001 1 1 1,3 0.001 -1 -1 1,2 0.001 -1 0 42.0697 305 2,14 0.001 0 1 1,13 0.001 1 0 0,13 0.001 0 -1 63.072 350 14,1 0.001 1 0 13,3 0.001 -1 -1 14,2 0.001 -1 0 24.0883 245 13,14 0.001 -1 0 14,13 0.001 1 0 14,15 0.001 -1 0 57.059 350 ::f,0,3 f,3,12 f,12,15 f,15,0 
151:3,1 0.001 1 1 0,2 0.001 -1 -1 1,2 0.001 -1 -1 42.0717 305 2,14 0.001 -1 1 2,13 0.001 1 0 0,13 0.001 0 -1 63.073 350 14,1 0.001 1 0 12,2 0.001 -1 -1 13,2 0.001 -1 0 24.0903 245 13,14 0.001 -1 -1 14,13 0.001 1 0 13,15 0.001 -1 0 57.06 350 ::f,0,3 f,3,12 f,12,15 f,15,0 
152:3,1 0.001 1 1 0,2 0.001 -1 -1 1,2 0.001 -1 -1 42.0717 305 2,14 0.001 -1 1 2,13 0.001 1 0 0,13 0.001 1 -1 63.073 350 14,1 0.001 1 1 12,2 0.001 -1 -1 13,2 0.001 -1 0 24.0903 245 13,14 0.001 -1 -1 14,13 0.001 1 1 13,15 0.001 -1 0 63.0601 365 ::f,0,3 f,3,12 f,12,13 f,15,0 
153:3,1 0.001 0 1 0,2 0.001 0 -1 1,2 0.001 0 -1 42.0717 305 2,14 0.001 -1 0 2,13 0.001 1 1 1,12 0.001 1 -1 63.074 350 14,1 0.001 1 1 12,2 0.001 0 -1 13,2 0.001 -1 -1 24.0903 245 13,14 0.001 0 -1 14,13 0.001 1 1 13,15 0.001 -1 -1 63.0601 365 ::f,0,3 f,3,12 f,12,13 f,15,0 
154:3,2 0.001 0 1 0,1 0.001 0 -1 1,1 0.001 0 -1 42.0747 305 1,14 0.001 -1 0 2,13 0.001 1 1 1,12 0.001 1 -1 63.075 350 14,1 0.001 0 1 12,1 0.001 0 -1 13,2 0.001 -1 -1 24.0913 245 13,13 0.001 0 -1 14,13 0.001 0 1 12,14 0.001 -1 -1 63.0621 365 ::f,0,3 f,3,12 f,12,13 f,15,0 
155:3,2 0.001 0 1 0,1 0.001 0 -1 1,1 0.001 0 -1 42.0747 305 1,14 0.001 -1 0 2,13 0.001 0 1 1,12 0.001 1 0 63.075 350 14,2 0.001 0 1 12,1 0.001 0 -1 13,2 0.001 0 -1 24.0923 245 13,13 0.001 0 -1 14,14 0.001 0 1 12,14 0.001 -1 -1 63.0631 365 ::f,0,3 f,3,12 f,12,13 f,15,0 
156:3,2 0.001 -1 1 0,1 0.001 1 -1 1,1 0.001 1 -1 42.0747 305 1,14 0.001 -1 -1 2,14 0.001 0 1 2,12 0.001 1 0 63.077 350 14,2 0.001 0 1 12,1 0.001 1 -1 13,1 0.001 0 -1 24.0933 245 13,13 0.001 1 -1 14,14 0.001 0 1 12,14 0.001 0 -1 63.0631 365 ::f,0,3 f,3,12 f,12,13 f,15,0 
157:2,3 0.001 -1 1 1,0 0.001 1 -1 1,1 0.001 1 -1 42.0767 305 1,14 0.001 -1 -1 2,14 0.001 0 1 2,12 0.001 1 0 70.0771 365 14,2 0.001 -1 1 13,0 0.001 1 -1 13,1 0.001 0 -1 24.0943 245 13,13 0.001 1 -1 14,14 0.001 -1 1 12,14 0.001 0 -1 63.0631 365 ::f,0,3 f,3,15 f,12,13 f,15,0 
158:2,3 0.001 -1 1 1,0 0.001 1 -1 1,1 0.001 1 0 42.0767 305 1,14 0.001 0 -1 2,14 0.001 -1 1 2,12 0.001 1 1 70.0771 365 14,2 0.001 -1 1 13,0 0.001 1 -1 13,1 0.001 1 -1 24.0943 245 13,13 0.001 1 0 14,14 0.001 -1 1 12,14 0.001 0 -1 70.0632 380 ::f,0,3 f,3,15 f,12,13 f,15,0 
159:2,3 0.001 -1 0 1,0 0.001 1 0 2,1 0.001 1 0 42.0777 305 1,13 0.001 0 -1 2,14 0.001 -1 1 3,13 0.001 1 1 70.0791 365 14,2 0.001 -1 0 13,0 0.001 1 0 13,1 0.001 1 -1 24.0943 245 14,13 0.001 1 0 14,14 0.001 -1 0 12,14 0.001 1 -1 70.0642 380 ::f,0,3 f,3,15 f,12,13 f,15,0 
160:1,3 0.001 -1 0 2,0 0.001 1 0 2,1 0.001 1 0 42.0797 305 1,13 0.001 0 -1 2,14 0.001 -1 0 3,13 0.001 1 1 70.0791 365 13,2 0.001 -1 0 14,0 0.001 1 0 13,1 0.001 1 0 24.0963 245 14,13 0.001 1 0 13,14 0.001 -1 0 13,13 0.001 1 -1 70.0662 380 ::f,0,3 f,3,15 f,12,13 f,15,0 
161:1,3 0.001 -1 0 2,0 0.001 1 0 2,1 0.001 1 1 52.0799 335 1,13 0.001 1 -1 1,14 0.001 -1 0 3,13 0.001 0 1 70.0801 365 13,2 0.001 -1 0 14,0 0.001 1 0 14,1 0.001 1 0 30.0974 260 14,13 0.001 1 1 13,14 0.001 -1 0 13,13 0.001 1 -1 70.0662 380 ::f,1,0 f,3,15 f,12,13 f,13,3 
162:1,3 0.001 -1 -1 2,0 0.001 1 1 2,1 0.001 1 1 52.0799 335 1,13 0.001 1 -1 1,14 0.001 -1 0 3,14 0.001 0 1 70.0811 365 13,2 0.001 -1 -1 14,0 0.001 1 1 14,1 0.001 1 0 30.0974 260 14,13 0.001 1 1 13,14 0.001 -1 -1 13,13 0.001 1 0 70.0662 380 ::f,1,0 f,3,15 f,12,13 f,13,3 
163:0,2 0.001 -1 -1 3,1 0.001 1 1 2,1 0.001 0 1 52.0819 335 1,13 0.001 1 0 1,14 0.001 -1 -1 3,14 0.001 0 1 78.0812 380 13,2 0.001 -1 -1 15,1 0.001 1 1 14,1 0.001 1 1 30.0984 260 14,13 0.001 0 1 13,14 0.001 -1 -1 13,13 0.001 1 0 77.0663 395 ::f,1,0 f,2,14 f,13,3 f,15,15 
164:0,2 0.001 -1 -1 3,1 0.001 1 1 2,2 0.001 0 1 52.0829 335 2,13 0.001 1 0 1,14 0.001 -1 -1 3,14 0.001 -1 1 78.0822 380 13,2 0.001 0 -1 15,1 0.001 1 1 14,1 0.001 1 1 30.0984 260 14,14 0.001 0 1 13,14 0.001 0 -1 13,13 0.001 1 1 77.0673 395 ::f,1,0 f,2,14 f,13,3 f,15,15 
165:0,2 0.001 0 -1 3,1 0.001 0 1 2,2 0.001 0 1 52.0829 335 2,13 0.001 1 0 1,14 0.001 0 -1 2,15 0.001 -1 1 78.0832 380 13,1 0.001 0 -1 15,1 0.001 0 1 14,1 0.001 0 1 30.0994 260 14,14 0.001 0 1 13,14 0.001 0 -1 13,13 0.001 1 1 77.0673 395 ::f,1,0 f,2,14 f,13,3 f,15,15 
166:0,1 0.001 0 -1 3,2 0.001 0 1 2,2 0.001 -1 1 52.0849 335 2,13 0.001 1 1 1,13 0.001 0 -1 2,15 0.001 -1 1 78.0842 380 13,1 0.001 0 -1 15,2 0.001 0 1 14,2 0.001 0 1 30.1014 260 14,14 0.001 -1 1 13,14 0.001 0 -1 13,13 0.001 0 1 77.0673 395 ::f,1,0 f,2,14 f,13,3 f,15,15 
167:0,1 0.001 0 -1 3,2 0.001 0 1 2,2 0.001 -1 1 52.0849 335 2,13 0.001 1 1 1,13 0.001 0 -1 2,15 0.001 -1 0 78.0842 380 13,1 0.001 1 -1 15,2 0.001 0 1 14,2 0.001 0 1 30.1014 260 14,14 0.001 -1 1 13,14 0.001 1 -1 13,13 0.001 0 1 77.0673 395 ::f,1,0 f,2,14 f,13,3 f,15,15 
168:0,1 0.001 1 -1 3,2 0.001 -1 1 2,2 0.001 -1 0 52.0849 335 2,13 0.001 0 1 1,13 0.001 1 -1 1,15 0.001 -1 0 78.0852 380 13,1 0.001 1 -1 15,2 0.001 -1 1 14,2 0.001 -1 1 30.1014 260 14,14 0.001 -1 0 13,14 0.001 1 -1 13,13 0.001 -1 1 77.0673 395 ::f,1,0 f,2,14 f,13,3 f,15,15 
169:0,1 0.001 1 -1 2,3 0.001 -1 1 1,2 0.001 -1 0 52.0869 335 2,13 0.001 0 1 1,13 0.001 1 -1 1,15 0.001 -1 0 78.0852 380 13,1 0.001 1 0 14,3 0.001 -1 1 14,2 0.001 -1 1 33.1025 275 14,14 0.001 -1 0 13,14 0.001 1 0 13,13 0.001 -1 1 77.0673 395 ::f,1,0 f,2,14 f,15,1 f,15,15 
170:0,1 0.001 1 -1 2,3 0.001 -1 1 1,2 0.001 -1 0 57.087 350 2,13 0.001 0 1 1,13 0.001 1 0 1,15 0.001 -1 -1 82.0853 395 14,1 0.001 1 0 14,3 0.001 -1 1 14,2 0.001 -1 0 33.1035 275 14,14 0.001 -1 0 13,14 0.001 1 0 13,13 0.001 -1 0 77.0673 395 ::f,0,13 f,2,2 f,15,1 f,15,15 
171:0,1 0.001 1 0 2,3 0.001 -1 0 1,2 0.001 -1 -1 57.087 350 2,13 0.001 -1 1 1,13 0.001 1 0 0,14 0.001 -1 -1 82.0863 395 14,1 0.001 1 0 14,3 0.001 -1 0 14,2 0.001 -1 0 37.1036 290 14,14 0.001 -1 -1 13,14 0.001 1 1 13,13 0.001 -1 0 77.0673 395 ::f,0,13 f,2,2 f,13,2 f,15,15 
172:1,1 0.001 1 0 1,3 0.001 -1 0 1,2 0.001 -1 -1 57.089 350 2,13 0.001 -1 1 1,13 0.001 1 0 0,14 0.001 -1 -1 82.0863 395 14,1 0.001 1 1 13,3 0.001 -1 0 14,2 0.001 -1 0 41.1047 305 14,14 0.001 -1 -1 13,14 0.001 1 1 13,13 0.001 -1 -1 77.0673 395 ::f,0,13 f,2,2 f,15,1 f,15,15 
173:1,1 0.001 1 0 1,3 0.001 -1 0 1,2 0.001 0 -1 57.089 350 2,13 0.001 -1 0 1,13 0.001 1 1 0,14 0.001 0 -1 82.0863 395 14,1 0.001 1 1 13,3 0.001 -1 0 14,2 0.001 -1 -1 41.1047 305 14,14 0.001 0 -1 13,14 0.001 0 1 13,13 0.001 -1 -1 77.0673 395 ::f,0,13 f,2,2 f,15,1 f,15,15 
174:1,1 0.001 1 1 1,3 0.001 -1 -1 1,2 0.001 0 -1 57.089 350 2,13 0.001 -1 0 1,13 0.001 1 1 0,14 0.001 0 -1 82.0863 395 14,1 0.001 0 1 13,3 0.001 -1 -1 14,2 0.001 -1 -1 41.1047 305 14,14 0.001 0 -1 13,14 0.001 0 1 13,13 0.001 0 -1 77.0673 395 ::f,0,13 f,2,2 f,15,1 f,15,15 
175:1,1 0.001 1 1 0,2 0.001 -1 -1 1,2 0.001 0 -1 63.0901 365 2,13 0.001 -1 0 1,13 0.001 0 1 0,14 0.001 0 -1 91.0864 410 14,1 0.001 0 1 12,2 0.001 -1 -1 14,2 0.001 0 -1 41.1057 305 14,14 0.001 1 -1 13,14 0.001 -1 1 13,13 0.001 0 -1 77.0673 395 ::f,2,14 f,3,2 f,15,1 f,15,15 
176:1,1 0.001 0 1 0,2 0.001 -1 -1 1,2 0.001 1 -1 63.0901 365 2,13 0.001 -1 -1 1,13 0.001 0 1 0,14 0.001 1 -1 91.0864 410 14,1 0.001 0 1 12,2 0.001 -1 -1 14,2 0.001 0 -1 41.1057 305 14,14 0.001 1 -1 13,14 0.001 -1 1 13,13 0.001 1 -1 77.0673 395 ::f,2,14 f,3,2 f,15,1 f,15,15 
177:1,1 0.001 0 1 0,2 0.001 0 -1 1,2 0.001 1 -1 63.0901 365 2,13 0.001 0 -1 1,13 0.001 -1 1 0,14 0.001 1 -1 91.0864 410 14,1 0.001 -1 1 12,2 0.001 0 -1 14,2 0.001 1 -1 41.1057 305 14,14 0.001 1 0 13,14 0.001 -1 0 14,12 0.001 1 -1 77.0683 395 ::f,2,14 f,3,2 f,15,1 f,15,15 
178:1,1 0.001 -1 1 0,1 0.001 0 -1 1,2 0.001 1 0 63.0911 365 2,13 0.001 1 -1 1,13 0.001 -1 1 0,14 0.001 1 -1 91.0864 410 14,1 0.001 -1 1 12,1 0.001 0 -1 14,2 0.001 1 -1 46.1068 320 14,14 0.001 1 0 13,14 0.001 -1 0 14,12 0.001 1 -1 77.0683 395 ::f,2,14 f,3,2 f,13,0 f,15,15 
179:1,1 0.001 -1 1 0,1 0.001 0 -1 2,2 0.001 1 0 63.0921 365 2,13 0.001 1 -1 1,13 0.001 -1 0 0,14 0.001 1 0 91.0864 410 14,1 0.001 -1 0 12,1 0.001 0 -1 14,2 0.001 1 0 46.1068 320 14,14 0.001 1 1 13,14 0.001 -1 -1 14,12 0.001 1 0 77.0683 395 ::f,2,14 f,3,2 f,13,0 f,15,15 
180:1,1 0.001 -1 0 0,1 0.001 1 -1 2,2 0.001 1 0 70.0922 380 2,13 0.001 1 0 1,13 0.001 -1 0 0,14 0.001 1 0 91.0864 410 13,1 0.001 -1 0 12,1 0.001 1 -1 14,2 0.001 1 0 46.1078 320 14,14 0.001 1 1 13,14 0.001 -1 -1 14,12 0.001 1 0 84.0684 410 ::f,2,14 f,3,1 f,13,0 f,14,15 
181:1,1 0.001 -1 0 1,0 0.001 1 -1 2,2 0.001 1 1 70.0932 380 2,13 0.001 1 0 1,13 0.001 -1 -1 0,14 0.001 1 1 91.0864 410 13,1 0.001 -1 0 12,1 0.001 1 -1 14,2 0.001 1 1 46.1078 320 14,14 0.001 0 1 13,14 0.001 0 -1 14,12 0.001 1 1 84.0684 410 ::f,2,14 f,3,1 f,13,0 f,14,15 
182:1,1 0.001 -1 -1 1,0 0.001 1 -1 2,2 0.001 1 1 70.0932 380 2,13 0.001 1 1 1,13 0.001 -1 -1 0,14 0.001 1 1 91.0864 410 13,1 0.001 -1 -1 12,1 0.001 1 -1 14,2 0.001 1 1 53.1079 335 14,14 0.001 0 1 13,13 0.001 0 -1 15,13 0.001 1 1 92.0705 425 ::f,2,14 f,3,1 f,12,13 f,13,3 
183:1,1 0.001 -1 -1 1,0 0.001 1 0 2,2 0.001 0 1 70.0932 380 2,13 0.001 1 1 1,13 0.001 0 -1 0,14 0.001 0 1 91.0864 410 13,1 0.001 -1 -1 12,1 0.001 1 0 14,2 0.001 0 1 53.1079 335 14,14 0.001 -1 1 13,13 0.001 0 -1 15,13 0.001 1 1 92.0705 425 ::f,2,14 f,3,1 f,12,13 f,13,3 
184:1,1 0.001 0 -1 2,0 0.001 1 0 2,2 0.001 0 1 70.0942 380 2,13 0.001 0 1 1,13 0.001 0 -1 0,14 0.001 0 1 91.0864 410 13,1 0.001 0 -1 12,1 0.001 1 0 14,2 0.001 0 1 53.1079 335 14,14 0.001 -1 1 13,13 0.001 1 -1 15,13 0.001 0 1 92.0705 425 ::f,2,14 f,3,1 f,12,13 f,13,3 
185:1,1 0.001 0 -1 2,0 0.001 1 0 2,2 0.001 -1 1 70.0942 380 2,13 0.001 0 1 1,13 0.001 1 -1 0,14 0.001 -1 1 91.0864 410 13,1 0.001 0 -1 12,1 0.001 1 0 14,2 0.001 -1 1 53.1079 335 14,14 0.001 -1 0 13,13 0.001 1 -1 15,14 0.001 0 1 92.0715 425 ::f,2,14 f,3,1 f,12,13 f,13,3 
186:1,1 0.001 1 -1 2,0 0.001 1 1 2,2 0.001 -1 1 70.0942 380 2,13 0.001 0 1 1,13 0.001 1 -1 0,14 0.001 -1 1 96.0865 425 13,1 0.001 1 -1 12,1 0.001 1 1 14,2 0.001 -1 1 59.108 350 13,14 0.001 -1 0 13,13 0.001 1 0 15,14 0.001 0 1 92.0725 425 ::f,0,15 f,3,1 f,12,13 f,15,2 
187:1,1 0.001 1 -1 2,0 0.001 1 1 2,2 0.001 -1 0 70.0942 380 2,13 0.001 -1 1 1,13 0.001 1 0 0,14 0.001 -1 0 96.0865 425 13,1 0.001 1 -1 12,1 0.001 1 1 14,2 0.001 -1 0 59.108 350 13,14 0.001 -1 0 14,13 0.001 1 0 15,14 0.001 -1 1 92.0735 425 ::f,0,15 f,3,1 f,12,13 f,15,2 
188:1,1 0.001 1 -1 2,0 0.001 1 1 1,2 0.001 -1 0 77.0953 395 1,14 0.001 -1 1 2,13 0.001 1 0 0,14 0.001 -1 0 96.0885 425 13,1 0.001 1 0 12,1 0.001 0 1 13,2 0.001 -1 0 59.109 350 13,14 0.001 -1 -1 14,13 0.001 1 0 14,15 0.001 -1 1 92.0745 425 ::f,0,3 f,0,15 f,12,13 f,15,2 
189:1,1 0.001 1 0 2,0 0.001 0 1 1,2 0.001 -1 0 77.0953 395 1,14 0.001 -1 1 2,13 0.001 1 0 0,14 0.001 -1 -1 102.089 440 14,1 0.001 1 0 12,1 0.001 0 1 13,2 0.001 -1 0 59.11 350 13,14 0.001 -1 -1 14,13 0.001 1 1 14,15 0.001 -1 1 101.075 440 ::f,0,3 f,0,15 f,13,13 f,15,2 
190:1,1 0.001 1 0 2,1 0.001 0 1 1,2 0.001 -1 -1 77.0963 395 1,14 0.001 -1 0 2,13 0.001 1 1 0,14 0.001 -1 -1 102.089 440 14,1 0.001 1 0 12,1 0.001 -1 1 13,2 0.001 -1 -1 59.11 350 13,14 0.001 0 -1 14,13 0.001 1 1 14,15 0.001 -1 0 101.075 440 ::f,0,3 f,0,15 f,13,13 f,15,2 
191:1,1 0.001 1 1 2,1 0.001 0 1 1,2 0.001 -1 -1 77.0963 395 1,14 0.001 -1 0 2,13 0.001 1 1 0,14 0.001 0 -1 102.089 440 14,1 0.001 1 1 12,1 0.001 -1 1 13,2 0.001 -1 -1 59.11 350 13,14 0.001 0 -1 14,13 0.001 0 1 13,15 0.001 -1 0 101.076 440 ::f,0,3 f,0,15 f,13,13 f,15,2 
192:1,1 0.001 1 1 2,1 0.001 -1 1 1,2 0.001 0 -1 77.0963 395 1,14 0.001 -1 -1 2,13 0.001 0 1 0,13 0.001 0 -1 102.09 440 14,1 0.001 1 1 12,1 0.001 -1 0 13,2 0.001 0 -1 64.1101 365 13,14 0.001 0 -1 14,14 0.001 0 1 13,15 0.001 -1 0 111.077 455 ::f,0,3 f,0,15 f,14,0 f,14,12 
193:1,1 0.001 0 1 2,1 0.001 -1 1 1,2 0.001 0 -1 77.0963 395 1,14 0.001 -1 -1 2,14 0.001 0 1 0,13 0.001 0 -1 102.091 440 14,1 0.001 0 1 12,1 0.001 -1 0 13,1 0.001 0 -1 64.1111 365 13,14 0.001 1 -1 14,14 0.001 0 1 13,15 0.001 -1 -1 111.077 455 ::f,0,3 f,0,15 f,14,0 f,14,12 
194:1,1 0.001 0 1 2,1 0.001 -1 0 1,2 0.001 0 -1 77.0963 395 1,14 0.001 0 -1 2,14 0.001 0 1 0,13 0.001 1 -1 102.091 440 14,2 0.001 0 1 12,1 0.001 -1 -1 13,1 0.001 0 -1 64.1121 365 13,14 0.001 1 -1 14,14 0.001 -1 1 12,14 0.001 -1 -1 111.078 455 ::f,0,3 f,0,15 f,14,0 f,14,12 
195:1,1 0.001 0 1 2,1 0.001 -1 0 1,2 0.001 1 -1 77.0963 395 1,13 0.001 0 -1 2,14 0.001 -1 1 1,12 0.001 1 -1 102.093 440 14,2 0.001 0 1 12,1 0.001 -1 -1 13,1 0.001 1 -1 64.1121 365 13,14 0.001 1 0 14,14 0.001 -1 1 12,14 0.001 -1 -1 111.078 455 ::f,0,3 f,0,15 f,14,0 f,14,12 
196:1,1 0.001 -1 1 2,1 0.001 -1 -1 1,2 0.001 1 -1 77.0963 395 1,13 0.001 0 -1 2,14 0.001 -1 1 1,12 0.001 1 -1 102.093 440 14,2 0.001 -1 1 12,1 0.001 0 -1 13,1 0.001 1 -1 71.1122 380 13,14 0.001 1 0 14,14 0.001 -1 0 12,14 0.001 0 -1 111.078 455 ::f,0,3 f,0,15 f,14,12 f,15,0 
197:1,1 0.001 -1 1 2,1 0.001 -1 -1 1,2 0.001 1 0 77.0963 395 1,13 0.001 1 -1 2,14 0.001 -1 0 1,12 0.001 1 0 102.093 440 14,2 0.001 -1 1 12,1 0.001 0 -1 13,1 0.001 1 0 71.1122 380 13,14 0.001 1 1 14,14 0.001 -1 0 12,13 0.001 0 -1 111.079 455 ::f,0,3 f,0,15 f,14,12 f,15,0 
198:1,1 0.001 -1 0 2,1 0.001 0 -1 1,2 0.001 1 0 77.0963 395 1,13 0.001 1 -1 1,14 0.001 -1 0 2,12 0.001 1 0 102.095 440 14,2 0.001 -1 0 12,1 0.001 1 -1 14,1 0.001 1 0 71.1132 380 13,14 0.001 1 1 14,14 0.001 -1 0 12,13 0.001 0 -1 111.079 455 ::f,0,3 f,0,15 f,14,12 f,15,0 
199:1,1 0.001 -1 0 2,1 0.001 0 -1 1,2 0.001 1 1 77.0963 395 1,13 0.001 1 0 1,14 0.001 -1 0 2,12 0.001 1 0 102.095 440 13,2 0.001 -1 0 13,0 0.001 1 -1 14,1 0.001 1 0 71.1152 380 13,14 0.001 0 1 14,14 0.001 -1 -1 12,13 0.001 1 -1 111.079 455 ::f,0,3 f,0,15 f,14,12 f,15,0 
200:1,1 0.001 -1 -1 2,1 0.001 1 -1 1,2 0.001 1 1 77.0963 395 2,13 0.001 1 0 1,14 0.001 -1 -1 2,12 0.001 1 1 102.096 440 13,2 0.001 -1 0 13,0 0.001 1 -1 14,1 0.001 1 1 71.1152 380 13,14 0.001 0 1 14,14 0.001 -1 -1 13,12 0.001 1 -1 111.08 455 ::f,0,3 f,0,15 f,14,12 f,15,0 
201:1,1 0.001 -1 -1 2,1 0.001 1 -1 1,2 0.001 0 1 77.0963 395 2,13 0.001 1 0 1,14 0.001 -1 -1 3,13 0.001 1 1 102.097 440 13,2 0.001 -1 -1 13,0 0.001 1 0 14,1 0.001 1 1 71.1152 380 13,14 0.001 -1 1 14,14 0.001 0 -1 13,12 0.001 1 -1 111.08 455 ::f,0,3 f,0,15 f,14,12 f,15,0 
202:1,1 0.001 0 -1 2,1 0.001 1 0 1,2 0.001 0 1 77.0963 395 2,13 0.001 1 1 1,14 0.001 0 -1 3,13 0.001 1 1 102.097 440 13,2 0.001 -1 -1 14,0 0.001 1 0 14,1 0.001 0 1 71.1162 380 13,14 0.001 -1 1 14,13 0.001 0 -1 13,12 0.001 1 0 111.081 455 ::f,0,3 f,0,15 f,14,12 f,15,0 
203:1,1 0.001 0 -1 2,1 0.001 1 0 1,2 0.001 -1 1 77.0963 395 2,13 0.001 1 1 1,13 0.001 0 -1 3,13 0.001 0 1 102.098 440 13,2 0.001 0 -1 14,0 0.001 1 0 14,2 0.001 0 1 79.1173 395 13,14 0.001 -1 0 14,13 0.001 0 -1 14,12 0.001 1 0 119.082 470 ::f,0,3 f,0,15 f,12,13 f,14,3 
204:1,1 0.001 1 -1 2,1 0.001 1 1 1,2 0.001 -1 1 85.0964 410 2,13 0.001 0 1 1,13 0.001 0 -1 3,14 0.001 0 1 102.099 440 13,1 0.001 0 -1 14,0 0.001 1 1 14,2 0.001 0 1 87.1184 410 13,14 0.001 -1 0 14,13 0.001 1 -1 14,12 0.001 1 0 119.082 470 ::f,0,0 f,0,15 f,12,13 f,14,1 
205:2,0 0.001 1 -1 3,2 0.001 1 1 1,2 0.001 -1 0 85.0984 410 2,14 0.001 0 1 1,13 0.001 1 -1 3,14 0.001 0 1 102.1 440 13,1 0.001 0 -1 15,1 0.001 1 1 14,2 0.001 -1 1 87.1194 410 13,14 0.001 -1 -1 14,13 0.001 1 -1 14,12 0.001 1 1 119.082 470 ::f,0,0 f,0,15 f,12,13 f,14,1 
206:2,0 0.001 1 -1 3,2 0.001 1 1 1,2 0.001 -1 0 85.0984 410 2,14 0.001 0 1 1,13 0.001 1 -1 3,14 0.001 -1 1 102.1 440 13,1 0.001 1 -1 15,1 0.001 1 1 14,2 0.001 -1 1 87.1194 410 13,14 0.001 -1 -1 14,13 0.001 1 0 15,13 0.001 1 1 129.083 485 ::f,0,0 f,0,15 f,12,14 f,14,1 
207:2,0 0.001 1 0 3,2 0.001 0 1 1,2 0.001 -1 -1 85.0984 410 2,14 0.001 -1 1 1,13 0.001 1 0 2,15 0.001 -1 1 102.101 440 13,1 0.001 1 -1 15,1 0.001 0 1 14,2 0.001 -1 0 87.1194 410 13,14 0.001 0 -1 14,13 0.001 1 0 15,13 0.001 1 1 129.083 485 ::f,0,0 f,0,15 f,12,14 f,14,1 
208:2,0 0.001 1 0 3,2 0.001 0 1 1,2 0.001 -1 -1 85.0984 410 2,14 0.001 -1 1 2,13 0.001 1 0 2,15 0.001 -1 1 102.102 440 13,1 0.001 1 0 15,2 0.001 0 1 13,2 0.001 -1 0 87.1214 410 13,13 0.001 0 -1 14,13 0.001 1 1 15,13 0.001 0 1 129.084 485 ::f,0,0 f,0,15 f,12,14 f,14,1 
209:2,0 0.001 1 1 3,2 0.001 -1 1 1,2 0.001 0 -1 85.0984 410 2,14 0.001 -1 0 2,13 0.001 1 0 2,15 0.001 -1 0 102.102 440 13,1 0.001 1 0 15,2 0.001 0 1 13,2 0.001 -1 0 87.1214 410 13,13 0.001 0 -1 14,13 0.001 1 1 15,14 0.001 0 1 129.085 485 ::f,0,0 f,0,15 f,12,14 f,14,1 
210:3,1 0.001 1 1 2,3 0.001 -1 1 1,1 0.001 0 -1 85.1014 410 1,14 0.001 -1 0 2,13 0.001 1 1 1,15 0.001 -1 0 102.104 440 13,1 0.001 1 0 15,2 0.001 -1 1 13,2 0.001 -1 -1 93.1215 425 13,13 0.001 1 -1 14,13 0.001 0 1 15,14 0.001 0 1 129.085 485 ::f,0,0 f,0,15 f,12,14 f,14,0 
211:3,1 0.001 1 1 2,3 0.001 -1 1 1,1 0.001 0 -1 85.1014 410 1,14 0.001 -1 0 2,13 0.001 1 1 1,15 0.001 -1 0 112.104 455 13,1 0.001 1 1 14,3 0.001 -1 1 13,2 0.001 -1 -1 93.1225 425 13,13 0.001 1 -1 14,14 0.001 0 1 15,14 0.001 -1 1 129.086 485 ::f,0,0 f,2,14 f,12,14 f,14,0 
212:3,1 0.001 0 1 2,3 0.001 -1 0 1,1 0.001 1 -1 85.1014 410 1,14 0.001 -1 -1 2,13 0.001 0 1 1,15 0.001 -1 -1 112.104 455 13,1 0.001 1 1 14,3 0.001 -1 1 13,2 0.001 0 -1 93.1225 425 13,13 0.001 1 0 14,14 0.001 0 1 14,15 0.001 -1 1 129.087 485 ::f,0,0 f,2,14 f,12,14 f,14,0 
213:3,2 0.001 0 1 1,3 0.001 -1 0 1,1 0.001 1 -1 85.1034 410 1,14 0.001 -1 -1 2,13 0.001 0 1 0,14 0.001 -1 -1 112.105 455 13,1 0.001 0 1 14,3 0.001 -1 0 13,2 0.001 0 -1 93.1225 425 14,13 0.001 1 0 14,14 0.001 -1 1 14,15 0.001 -1 1 129.088 485 ::f,0,0 f,2,14 f,12,14 f,14,0 
214:3,2 0.001 0 1 1,3 0.001 -1 0 1,1 0.001 1 0 85.1034 410 1,14 0.001 0 -1 2,13 0.001 0 1 0,14 0.001 -1 -1 121.105 470 13,1 0.001 0 1 13,3 0.001 -1 0 13,2 0.001 0 -1 93.1235 425 14,13 0.001 1 0 14,14 0.001 -1 1 14,15 0.001 -1 0 129.088 485 ::f,0,0 f,0,15 f,12,14 f,14,0 
215:3,2 0.001 -1 1 1,3 0.001 -1 -1 2,1 0.001 1 0 85.1044 410 1,13 0.001 0 -1 2,13 0.001 -1 1 0,14 0.001 0 -1 121.106 470 13,1 0.001 0 1 13,3 0.001 -1 0 13,2 0.001 1 -1 93.1235 425 14,13 0.001 1 1 14,14 0.001 -1 0 13,15 0.001 -1 0 129.089 485 ::f,0,0 f,0,15 f,12,14 f,14,0 
216:2,3 0.001 -1 1 0,2 0.001 -1 -1 2,1 0.001 1 0 85.1064 410 1,13 0.001 0 -1 1,14 0.001 -1 1 0,13 0.001 0 -1 121.108 470 13,1 0.001 0 1 13,3 0.001 -1 -1 13,2 0.001 1 -1 93.1235 425 14,13 0.001 1 1 13,14 0.001 -1 0 13,15 0.001 -1 0 129.09 485 ::f,0,0 f,0,15 f,12,14 f,14,0 
217:2,3 0.001 -1 1 0,2 0.001 -1 -1 2,1 0.001 1 1 85.1064 410 1,13 0.001 1 -1 1,14 0.001 -1 1 0,13 0.001 0 -1 141.108 500 13,1 0.001 -1 1 12,2 0.001 -1 -1 13,2 0.001 1 0 93.1245 425 14,13 0.001 0 1 13,14 0.001 -1 0 13,15 0.001 -1 -1 138.09 500 ::f,0,0 f,3,15 f,12,13 f,14,0 
218:2,3 0.001 -1 0 0,2 0.001 0 -1 2,1 0.001 1 1 85.1064 410 1,13 0.001 1 -1 1,14 0.001 -1 0 0,13 0.001 1 -1 141.108 500 13,1 0.001 -1 1 12,2 0.001 -1 -1 13,2 0.001 1 0 93.1245 425 14,14 0.001 0 1 13,14 0.001 -1 -1 12,14 0.001 -1 -1 138.092 500 ::f,0,0 f,3,15 f,12,13 f,14,0 
219:1,3 0.001 -1 0 0,1 0.001 0 -1 2,1 0.001 0 1 85.1084 410 1,13 0.001 1 0 1,14 0.001 -1 0 1,12 0.001 1 -1 141.109 500 13,1 0.001 -1 0 12,2 0.001 0 -1 13,2 0.001 1 1 93.1245 425 14,14 0.001 0 1 13,14 0.001 -1 -1 12,14 0.001 -1 -1 148.092 515 ::f,0,0 f,3,15 f,13,15 f,14,0 
220:1,3 0.001 -1 0 0,1 0.001 0 -1 2,2 0.001 0 1 93.1095 425 2,13 0.001 1 0 1,14 0.001 -1 -1 1,12 0.001 1 -1 141.11 500 13,1 0.001 -1 0 12,1 0.001 0 -1 13,2 0.001 1 1 93.1255 425 14,14 0.001 -1 1 13,14 0.001 0 -1 12,14 0.001 0 -1 148.092 515 ::f,3,3 f,3,15 f,13,15 f,14,0 
221:1,3 0.001 -1 -1 0,1 0.001 1 -1 2,2 0.001 0 1 93.1095 425 2,13 0.001 1 0 1,14 0.001 -1 -1 1,12 0.001 1 0 141.11 500 13,1 0.001 -1 -1 12,1 0.001 0 -1 13,2 0.001 0 1 93.1255 425 14,14 0.001 -1 1 13,13 0.001 0 -1 12,13 0.001 0 -1 158.094 530 ::f,3,3 f,3,15 f,12,15 f,14,0 
222:0,2 0.001 -1 -1 1,0 0.001 1 -1 2,2 0.001 -1 1 93.1115 425 2,13 0.001 1 1 1,14 0.001 0 -1 2,12 0.001 1 0 141.111 500 13,1 0.001 -1 -1 12,1 0.001 1 -1 13,2 0.001 0 1 93.1255 425 14,14 0.001 -1 0 13,13 0.001 0 -1 12,13 0.001 0 -1 158.094 530 ::f,3,3 f,3,15 f,12,15 f,14,0 
223:0,2 0.001 -1 -1 1,0 0.001 1 -1 2,2 0.001 -1 1 93.1115 425 2,13 0.001 1 1 1,13 0.001 0 -1 2,12 0.001 1 0 141.112 500 13,1 0.001 0 -1 13,0 0.001 1 -1 13,2 0.001 -1 1 93.1265 425 13,14 0.001 -1 0 13,13 0.001 1 -1 12,13 0.001 1 -1 158.095 530 ::f,3,3 f,3,15 f,12,15 f,14,0 
224:0,2 0.001 0 -1 1,0 0.001 1 0 2,2 0.001 -1 0 93.1115 425 2,13 0.001 0 1 1,13 0.001 0 -1 2,12 0.001 1 1 141.112 500 13,1 0.001 0 -1 13,0 0.001 1 -1 13,2 0.001 -1 1 93.1265 425 13,14 0.001 -1 0 13,13 0.001 1 -1 13,12 0.001 1 -1 158.096 530 ::f,3,3 f,3,15 f,12,15 f,14,0 
225:0,1 0.001 0 -1 2,0 0.001 1 0 1,2 0.001 -1 0 93.1145 425 2,14 0.001 0 1 1,13 0.001 1 -1 3,13 0.001 1 1 141.114 500 13,1 0.001 1 -1 13,0 0.001 1 0 13,2 0.001 -1 0 93.1265 425 13,14 0.001 -1 -1 13,13 0.001 1 0 13,12 0.001 1 -1 158.096 530 ::f,3,3 f,3,15 f,12,15 f,14,0 
226:0,1 0.001 0 -1 2,0 0.001 1 0 1,2 0.001 -1 0 93.1145 425 2,14 0.001 0 1 1,13 0.001 1 -1 3,13 0.001 1 1 141.114 500 13,1 0.001 1 -1 14,0 0.001 1 0 13,2 0.001 -1 0 100.128 440 13,14 0.001 -1 -1 14,13 0.001 1 0 13,12 0.001 1 0 158.097 530 ::f,3,3 f,3,15 f,12,15 f,14,3 
227:0,1 0.001 1 -1 2,0 0.001 1 1 1,2 0.001 -1 -1 93.1145 425 2,14 0.001 -1 1 1,13 0.001 1 0 3,13 0.001 0 1 141.114 500 13,1 0.001 1 0 14,0 0.001 1 0 13,2 0.001 -1 -1 100.128 440 13,14 0.001 0 -1 14,13 0.001 1 0 14,12 0.001 1 0 158.098 530 ::f,3,3 f,3,15 f,12,15 f,14,3 
228:1,0 0.001 1 -1 3,1 0.001 1 1 1,2 0.001 -1 -1 93.1165 425 2,14 0.001 -1 1 2,13 0.001 1 0 3,14 0.001 0 1 141.116 500 14,1 0.001 1 0 14,0 0.001 1 1 13,2 0.001 -1 -1 100.129 440 13,13 0.001 0 -1 14,13 0.001 1 1 14,12 0.001 1 0 158.099 530 ::f,3,3 f,3,15 f,12,15 f,14,3 
229:1,0 0.001 1 -1 3,1 0.001 1 1 1,2 0.001 0 -1 93.1165 425 2,14 0.001 -1 0 2,13 0.001 1 0 3,14 0.001 0 1 151.116 515 14,1 0.001 1 0 15,1 0.001 1 1 13,2 0.001 0 -1 100.13 440 13,13 0.001 0 -1 14,13 0.001 1 1 14,12 0.001 1 1 158.099 530 ::f,3,3 f,3,12 f,12,15 f,14,3 
230:1,0 0.001 1 0 3,1 0.001 0 1 1,1 0.001 0 -1 93.1175 425 1,14 0.001 -1 0 2,13 0.001 1 1 3,14 0.001 -1 1 151.117 515 14,1 0.001 1 1 15,1 0.001 1 1 13,1 0.001 0 -1 100.131 440 13,13 0.001 1 -1 14,13 0.001 0 1 15,13 0.001 1 1 158.1 530 ::f,3,3 f,3,12 f,12,15 f,14,3 
231:2,0 0.001 1 0 3,2 0.001 0 1 1,1 0.001 0 -1 93.1195 425 1,14 0.001 -1 0 2,13 0.001 1 1 2,15 0.001 -1 1 151.118 515 14,1 0.001 1 1 15,1 0.001 0 1 13,1 0.001 0 -1 100.131 440 13,13 0.001 1 -1 14,14 0.001 0 1 15,13 0.001 1 1 158.101 530 ::f,3,3 f,3,12 f,12,15 f,14,3 
232:2,0 0.001 1 0 3,2 0.001 0 1 1,1 0.001 1 -1 102.12 440 1,14 0.001 -1 -1 2,13 0.001 0 1 2,15 0.001 -1 1 151.118 515 14,1 0.001 0 1 15,2 0.001 0 1 13,1 0.001 1 -1 100.132 440 13,13 0.001 1 0 14,14 0.001 0 1 15,13 0.001 0 1 158.101 530 ::f,1,2 f,3,12 f,12,15 f,14,3 
233:2,0 0.001 1 1 3,2 0.001 -1 1 1,1 0.001 1 -1 102.12 440 1,14 0.001 -1 -1 2,14 0.001 0 1 2,15 0.001 -1 0 151.119 515 14,2 0.001 0 1 15,2 0.001 0 1 13,1 0.001 1 -1 100.133 440 14,13 0.001 1 0 14,14 0.001 -1 1 15,14 0.001 0 1 158.103 530 ::f,1,2 f,3,12 f,12,15 f,14,3 
234:3,1 0.001 1 1 2,3 0.001 -1 1 1,1 0.001 1 0 102.122 440 1,14 0.001 0 -1 2,14 0.001 0 1 1,15 0.001 -1 0 151.12 515 14,2 0.001 0 1 15,2 0.001 -1 1 13,1 0.001 1 0 108.133 455 14,13 0.001 1 0 14,14 0.001 -1 1 15,14 0.001 0 1 158.103 530 ::f,1,2 f,3,12 f,12,15 f,13,2 
235:3,1 0.001 1 1 2,3 0.001 -1 1 2,1 0.001 1 0 102.123 440 1,13 0.001 0 -1 2,14 0.001 -1 1 1,15 0.001 -1 0 151.121 515 14,2 0.001 -1 1 14,3 0.001 -1 1 14,1 0.001 1 0 108.135 455 14,13 0.001 1 1 14,14 0.001 -1 0 15,14 0.001 -1 1 158.103 530 ::f,1,2 f,3,12 f,12,15 f,13,2 
236:3,1 0.001 0 1 2,3 0.001 -1 0 2,1 0.001 1 0 102.123 440 1,13 0.001 0 -1 2,14 0.001 -1 1 1,15 0.001 -1 -1 151.121 515 14,2 0.001 -1 1 14,3 0.001 -1 1 14,1 0.001 1 0 108.135 455 14,13 0.001 1 1 13,14 0.001 -1 0 14,15 0.001 -1 1 158.105 530 ::f,1,2 f,3,12 f,12,15 f,13,2 
237:3,2 0.001 0 1 1,3 0.001 -1 0 2,1 0.001 1 1 102.125 440 1,13 0.001 1 -1 2,14 0.001 -1 0 0,14 0.001 -1 -1 151.122 515 14,2 0.001 -1 0 14,3 0.001 -1 0 14,1 0.001 1 1 108.135 455 14,13 0.001 0 1 13,14 0.001 -1 0 14,15 0.001 -1 1 158.105 530 ::f,1,2 f,3,12 f,12,15 f,13,2 
238:3,2 0.001 0 1 1,3 0.001 -1 0 2,1 0.001 1 1 102.125 440 1,13 0.001 1 -1 1,14 0.001 -1 0 0,14 0.001 -1 -1 151.123 515 14,2 0.001 -1 0 13,3 0.001 -1 0 14,1 0.001 1 1 108.136 455 14,14 0.001 0 1 13,14 0.001 -1 -1 14,15 0.001 -1 0 158.106 530 ::f,1,2 f,3,12 f,12,15 f,13,2 
239:3,2 0.001 -1 1 1,3 0.001 -1 -1 2,1 0.001 0 1 102.125 440 1,13 0.001 1 0 1,14 0.001 -1 0 0,14 0.001 0 -1 151.123 515 14,2 0.001 -1 0 13,3 0.001 -1 0 14,1 0.001 0 1 117.136 470 14,14 0.001 0 1 13,14 0.001 -1 -1 13,15 0.001 -1 0 158.107 530 ::f,1,2 f,3,12 f,12,15 f,13,1 
240:2,3 0.001 -1 1 0,2 0.001 -1 -1 2,2 0.001 0 1 102.128 440 2,13 0.001 1 0 1,14 0.001 -1 -1 0,13 0.001 0 -1 151.125 515 14,2 0.001 -1 -1 13,3 0.001 -1 -1 14,1 0.001 0 1 117.136 470 14,14 0.001 -1 1 13,14 0.001 0 -1 13,15 0.001 -1 0 166.107 545 ::f,1,2 f,3,12 f,12,15 f,13,1 
241:2,3 0.001 -1 1 0,2 0.001 -1 -1 2,2 0.001 0 1 102.128 440 2,13 0.001 1 0 1,14 0.001 -1 -1 0,13 0.001 0 -1 151.125 515 14,2 0.001 -1 -1 12,2 0.001 -1 -1 14,1 0.001 0 1 127.137 485 14,14 0.001 -1 1 13,13 0.001 0 -1 13,15 0.001 -1 -1 166.108 545 ::f,1,2 f,3,12 f,12,15 f,15,1 
242:2,3 0.001 -1 0 0,2 0.001 0 -1 2,2 0.001 -1 1 102.128 440 2,13 0.001 1 1 1,14 0.001 0 -1 0,13 0.001 1 -1 151.125 515 14,2 0.001 0 -1 12,2 0.001 -1 -1 14,1 0.001 -1 1 127.137 485 14,14 0.001 -1 0 13,13 0.001 0 -1 12,14 0.001 -1 -1 166.109 545 ::f,1,2 f,3,12 f,12,15 f,15,1 
243:1,3 0.001 -1 0 0,1 0.001 0 -1 2,2 0.001 -1 1 102.13 440 2,13 0.001 1 1 1,13 0.001 0 -1 1,12 0.001 1 -1 151.127 515 14,2 0.001 0 -1 12,2 0.001 0 -1 14,1 0.001 -1 1 127.137 485 13,14 0.001 -1 0 13,13 0.001 1 -1 12,14 0.001 -1 -1 166.11 545 ::f,1,2 f,3,12 f,12,15 f,15,1 
244:1,3 0.001 -1 0 0,1 0.001 0 -1 2,2 0.001 -1 0 102.13 440 2,13 0.001 0 1 1,13 0.001 0 -1 1,12 0.001 1 -1 151.127 515 14,2 0.001 1 -1 12,1 0.001 0 -1 14,1 0.001 -1 0 127.138 485 13,14 0.001 -1 0 13,13 0.001 1 -1 12,14 0.001 0 -1 166.11 545 ::f,1,2 f,3,12 f,12,15 f,15,1 
245:1,3 0.001 -1 -1 0,1 0.001 1 -1 2,2 0.001 -1 0 102.13 440 2,14 0.001 0 1 1,13 0.001 1 -1 1,12 0.001 1 0 151.128 515 14,2 0.001 1 -1 12,1 0.001 0 -1 13,1 0.001 -1 0 137.139 500 13,14 0.001 -1 -1 13,13 0.001 1 0 12,13 0.001 0 -1 166.111 545 ::f,1,2 f,3,12 f,12,15 f,13,2 
246:0,2 0.001 -1 -1 1,0 0.001 1 -1 2,2 0.001 -1 0 102.132 440 2,14 0.001 0 1 1,13 0.001 1 -1 2,12 0.001 1 0 151.129 515 14,2 0.001 1 0 12,1 0.001 1 -1 13,1 0.001 -1 0 137.139 500 13,14 0.001 -1 -1 14,13 0.001 1 0 12,13 0.001 0 -1 166.112 545 ::f,1,2 f,3,12 f,12,15 f,13,2 
247:0,2 0.001 -1 -1 1,0 0.001 1 -1 2,2 0.001 -1 0 111.132 455 2,14 0.001 -1 1 1,13 0.001 1 0 2,12 0.001 1 0 161.129 530 14,2 0.001 1 0 13,0 0.001 1 -1 13,1 0.001 -1 -1 137.14 500 13,14 0.001 0 -1 14,13 0.001 1 0 12,13 0.001 1 -1 166.112 545 ::f,0,15 f,1,2 f,12,15 f,13,2 
248:0,2 0.001 0 -1 1,0 0.001 1 0 2,2 0.001 -1 -1 111.132 455 2,14 0.001 -1 1 2,13 0.001 1 0 2,12 0.001 1 1 161.13 530 14,2 0.001 1 1 13,0 0.001 1 -1 13,1 0.001 -1 -1 137.14 500 13,13 0.001 0 -1 14,13 0.001 1 1 13,12 0.001 1 -1 166.114 545 ::f,0,15 f,1,2 f,12,15 f,13,2 
249:0,1 0.001 0 -1 2,0 0.001 1 0 2,2 0.001 -1 -1 111.134 455 2,14 0.001 -1 0 2,13 0.001 1 0 3,13 0.001 1 1 161.131 530 14,2 0.001 1 1 13,0 0.001 1 0 13,1 0.001 0 -1 137.14 500 13,13 0.001 0 -1 14,13 0.001 1 1 13,12 0.001 1 -1 166.114 545 ::f,0,15 f,1,2 f,12,15 f,13,2 
250:0,1 0.001 0 -1 2,0 0.001 1 0 2,2 0.001 0 -1 111.134 455 1,14 0.001 -1 0 2,13 0.001 1 1 3,13 0.001 1 1 161.132 530 14,2 0.001 0 1 14,0 0.001 1 0 13,1 0.001 0 -1 137.141 500 13,13 0.001 1 -1 14,13 0.001 0 1 13,12 0.001 1 0 166.114 545 ::f,0,15 f,1,2 f,12,15 f,13,2 
251:0,1 0.001 1 -1 2,0 0.001 1 1 2,1 0.001 0 -1 111.135 455 1,14 0.001 -1 0 2,13 0.001 1 1 3,13 0.001 0 1 161.132 530 14,2 0.001 0 1 14,0 0.001 1 0 13,1 0.001 1 -1 137.141 500 13,13 0.001 1 -1 14,14 0.001 0 1 14,12 0.001 1 0 166.116 545 ::f,0,15 f,1,2 f,12,15 f,13,2 
252:1,0 0.001 1 -1 3,1 0.001 1 1 2,1 0.001 0 -1 111.137 455 1,14 0.001 -1 -1 2,13 0.001 0 1 3,14 0.001 0 1 161.133 530 14,2 0.001 -1 1 14,0 0.001 1 1 13,1 0.001 1 -1 137.141 500 13,13 0.001 1 0 14,14 0.001 0 1 14,12 0.001 1 0 166.116 545 ::f,0,15 f,1,2 f,12,15 f,13,2 
253:1,0 0.001 1 -1 3,1 0.001 1 1 2,1 0.001 1 -1 111.137 455 1,14 0.001 -1 -1 2,14 0.001 0 1 3,14 0.001 0 1 161.134 530 14,2 0.001 -1 1 15,1 0.001 1 1 13,1 0.001 1 0 137.142 500 14,13 0.001 1 0 14,14 0.001 -1 1 14,12 0.001 1 1 166.117 545 ::f,0,15 f,1,2 f,12,15 f,13,2 
254:1,0 0.001 1 0 3,1 0.001 0 1 2,1 0.001 1 -1 111.137 455 1,14 0.001 0 -1 2,14 0.001 0 1 3,14 0.001 -1 1 161.134 530 14,2 0.001 -1 0 15,1 0.001 1 1 14,1 0.001 1 0 137.143 500 14,13 0.001 1 0 14,14 0.001 -1 1 15,13 0.001 1 1 166.118 545 ::f,0,15 f,1,2 f,12,15 f,13,2 
255:2,0 0.001 1 0 3,2 0.001 0 1 2,1 0.001 1 0 111.139 455 1,13 0.001 0 -1 2,14 0.001 -1 1 2,15 0.001 -1 1 161.136 530 14,2 0.001 -1 0 15,1 0.001 0 1 14,1 0.001 1 0 137.143 500 14,13 0.001 1 1 14,14 0.001 -1 0 15,13 0.001 1 1 166.118 545 ::f,0,15 f,1,2 f,12,15 f,13,2 
256:2,0 0.001 1 0 3,2 0.001 0 1 2,1 0.001 1 0 111.139 455 1,13 0.001 0 -1 2,14 0.001 -1 1 2,15 0.001 -1 1 161.136 530 14,2 0.001 -1 0 15,2 0.001 0 1 14,1 0.001 1 1 147.144 515 14,13 0.001 1 1 13,14 0.001 -1 0 15,13 0.001 0 1 166.119 545 ::f,0,15 f,1,2 f,12,15 f,15,3 
257:2,0 0.001 1 1 3,2 0.001 -1 1 2,1 0.001 1 1 111.139 455 1,13 0.001 1 -1 2,14 0.001 -1 0 2,15 0.001 -1 0 161.136 530 14,2 0.001 -1 -1 15,2 0.001 0 1 14,1 0.001 1 1 156.144 530 14,13 0.001 0 1 13,14 0.001 -1 0 15,14 0.001 0 1 166.12 545 ::f,0,15 f,1,2 f,12,15 f,14,3 
258:3,1 0.001 1 1 2,3 0.001 -1 1 2,1 0.001 1 1 111.141 455 1,13 0.001 1 -1 1,14 0.001 -1 0 1,15 0.001 -1 0 161.138 530 14,2 0.001 -1 -1 15,2 0.001 -1 1 14,1 0.001 0 1 156.144 530 14,14 0.001 0 1 13,14 0.001 -1 -1 15,14 0.001 0 1 166.121 545 ::f,0,15 f,1,2 f,12,15 f,14,3 
259:3,1 0.001 1 1 2,3 0.001 -1 1 2,1 0.001 0 1 111.141 455 1,13 0.001 1 0 1,14 0.001 -1 0 1,15 0.001 -1 0 171.138 545 14,2 0.001 0 -1 15,2 0.001 -1 1 14,1 0.001 0 1 156.144 530 14,14 0.001 0 1 13,14 0.001 -1 -1 15,14 0.001 -1 1 166.121 545 ::f,1,2 f,2,12 f,12,15 f,14,3 
260:3,1 0.001 0 1 2,3 0.001 -1 0 2,2 0.001 0 1 111.142 455 2,13 0.001 1 0 1,14 0.001 -1 -1 1,15 0.001 -1 -1 171.139 545 14,2 0.001 0 -1 15,2 0.001 -1 1 14,1 0.001 0 1 166.144 545 14,14 0.001 -1 1 13,14 0.001 0 -1 14,15 0.001 -1 1 166.122 545 ::f,1,2 f,2,12 f,12,15 f,13,0 
261:3,2 0.001 0 1 1,3 0.001 -1 0 2,2 0.001 0 1 111.144 455 2,13 0.001 1 0 1,14 0.001 -1 -1 0,14 0.001 -1 -1 171.14 545 14,2 0.001 1 -1 15,2 0.001 -1 0 14,1 0.001 -1 1 166.144 545 14,14 0.001 -1 1 13,13 0.001 0 -1 14,15 0.001 -1 1 166.123 545 ::f,1,2 f,2,12 f,12,15 f,13,0 
262:3,2 0.001 0 1 1,3 0.001 -1 0 2,2 0.001 -1 1 111.144 455 2,13 0.001 1 1 1,14 0.001 0 -1 0,14 0.001 -1 -1 171.14 545 14,2 0.001 1 -1 15,2 0.001 -1 0 14,1 0.001 -1 1 166.144 545 14,14 0.001 -1 0 13,13 0.001 0 -1 14,15 0.001 -1 0 166.123 545 ::f,1,2 f,2,12 f,12,15 f,13,0 
263:3,2 0.001 -1 1 1,3 0.001 -1 -1 2,2 0.001 -1 1 111.144 455 2,13 0.001 1 1 1,13 0.001 0 -1 0,14 0.001 0 -1 171.141 545 14,2 0.001 1 0 15,2 0.001 -1 -1 14,1 0.001 -1 0 166.144 545 13,14 0.001 -1 0 13,13 0.001 1 -1 13,15 0.001 -1 0 166.125 545 ::f,1,2 f,2,12 f,12,15 f,13,0 
264:2,3 0.001 -1 1 0,2 0.001 -1 -1 2,2 0.001 -1 0 111.146 455 2,13 0.001 0 1 1,13 0.001 0 -1 0,13 0.001 0 -1 171.142 545 14,2 0.001 1 0 15,2 0.001 -1 -1 14,1 0.001 -1 0 166.144 545 13,14 0.001 -1 0 13,13 0.001 1 -1 13,15 0.001 -1 0 175.125 560 ::f,1,2 f,2,12 f,12,12 f,13,0 
265:2,3 0.001 -1 1 0,2 0.001 -1 -1 2,2 0.001 -1 0 111.146 455 2,14 0.001 0 1 1,13 0.001 1 -1 0,13 0.001 0 -1 171.143 545 14,2 0.001 1 1 15,2 0.001 0 -1 14,1 0.001 -1 -1 166.144 545 13,14 0.001 -1 -1 13,13 0.001 1 0 13,15 0.001 -1 -1 175.125 560 ::f,1,2 f,2,12 f,12,12 f,13,0 
266:2,3 0.001 -1 0 0,2 0.001 0 -1 2,2 0.001 -1 0 121.146 470 2,14 0.001 0 1 1,13 0.001 1 -1 0,13 0.001 1 -1 181.143 560 14,2 0.001 1 1 15,2 0.001 0 -1 14,1 0.001 -1 -1 175.144 560 13,14 0.001 -1 -1 14,13 0.001 1 0 12,14 0.001 -1 -1 175.127 560 ::f,2,0 f,3,12 f,12,1 f,12,12 
267:1,3 0.001 -1 0 0,1 0.001 0 -1 2,2 0.001 -1 -1 121.148 470 2,14 0.001 -1 1 1,13 0.001 1 0 1,12 0.001 1 -1 181.144 560 14,2 0.001 0 1 15,2 0.001 1 -1 14,1 0.001 0 -1 175.144 560 13,14 0.001 0 -1 14,13 0.001 1 0 12,14 0.001 -1 -1 175.127 560 ::f,2,0 f,3,12 f,12,1 f,12,12 
268:1,3 0.001 -1 0 0,1 0.001 0 -1 2,2 0.001 0 -1 121.148 470 2,14 0.001 -1 1 2,13 0.001 1 0 1,12 0.001 1 -1 181.145 560 14,2 0.001 0 1 15,2 0.001 1 -1 14,1 0.001 0 -1 175.144 560 13,13 0.001 0 -1 14,13 0.001 1 1 12,14 0.001 0 -1 175.128 560 ::f,2,0 f,3,12 f,12,1 f,12,12 
269:1,3 0.001 -1 -1 0,1 0.001 1 -1 2,1 0.001 0 -1 121.149 470 2,14 0.001 -1 0 2,13 0.001 1 0 1,12 0.001 1 0 181.145 560 14,2 0.001 -1 1 15,2 0.001 1 0 14,1 0.001 1 -1 175.144 560 13,13 0.001 0 -1 14,13 0.001 1 1 12,13 0.001 0 -1 175.129 560 ::f,2,0 f,3,12 f,12,1 f,12,12 
270:0,2 0.001 -1 -1 1,0 0.001 1 -1 2,1 0.001 0 -1 131.151 485 1,14 0.001 -1 0 2,13 0.001 1 1 2,12 0.001 1 0 181.147 560 14,2 0.001 -1 1 15,2 0.001 1 0 14,1 0.001 1 -1 175.144 560 13,13 0.001 1 -1 14,13 0.001 0 1 12,13 0.001 0 -1 185.13 575 ::f,1,2 f,3,12 f,12,1 f,12,12 
271:0,2 0.001 -1 -1 1,0 0.001 1 -1 2,1 0.001 1 -1 131.151 485 1,14 0.001 -1 0 2,13 0.001 1 1 2,12 0.001 1 0 191.148 575 14,2 0.001 -1 0 15,2 0.001 1 1 14,1 0.001 1 0 175.144 560 13,13 0.001 1 -1 14,14 0.001 0 1 12,13 0.001 1 -1 185.131 575 ::f,1,2 f,2,14 f,12,1 f,12,12 
272:0,2 0.001 0 -1 1,0 0.001 1 0 2,1 0.001 1 -1 131.151 485 1,14 0.001 -1 -1 2,13 0.001 0 1 2,12 0.001 1 1 191.148 575 13,2 0.001 -1 0 15,2 0.001 1 1 14,1 0.001 1 0 175.145 560 13,13 0.001 1 0 14,14 0.001 0 1 13,12 0.001 1 -1 185.132 575 ::f,1,2 f,2,14 f,12,1 f,12,12 
273:0,1 0.001 0 -1 2,0 0.001 1 0 2,1 0.001 1 0 131.153 485 1,14 0.001 -1 -1 2,13 0.001 0 1 3,13 0.001 1 1 191.149 575 13,2 0.001 -1 0 15,2 0.001 0 1 14,1 0.001 1 1 175.145 560 14,13 0.001 1 0 14,14 0.001 -1 1 13,12 0.001 1 -1 185.133 575 ::f,1,2 f,2,14 f,12,1 f,12,12 
274:0,1 0.001 0 -1 2,0 0.001 1 0 2,1 0.001 1 0 131.153 485 1,14 0.001 0 -1 2,13 0.001 0 1 3,13 0.001 1 1 201.149 590 13,2 0.001 -1 -1 15,2 0.001 0 1 14,1 0.001 1 1 175.145 560 14,13 0.001 1 0 14,14 0.001 -1 1 13,12 0.001 1 0 185.133 575 ::f,1,2 f,3,14 f,12,1 f,12,12 
275:0,1 0.001 1 -1 2,0 0.001 1 1 2,1 0.001 1 1 131.153 485 1,13 0.001 0 -1 2,13 0.001 -1 1 3,13 0.001 0 1 201.15 590 13,2 0.001 -1 -1 15,2 0.001 -1 1 14,1 0.001 0 1 185.146 575 14,13 0.001 1 1 14,14 0.001 -1 0 14,12 0.001 1 0 185.134 575 ::f,1,2 f,3,14 f,12,12 f,13,3 
276:1,0 0.001 1 -1 3,1 0.001 1 1 2,1 0.001 1 1 131.155 485 1,13 0.001 0 -1 2,13 0.001 -1 1 3,13 0.001 0 1 201.15 590 13,2 0.001 0 -1 14,3 0.001 -1 1 14,2 0.001 0 1 185.148 575 14,13 0.001 1 1 13,14 0.001 -1 0 14,12 0.001 1 0 185.135 575 ::f,1,2 f,3,14 f,12,12 f,13,3 
277:1,0 0.001 1 -1 3,1 0.001 1 1 2,1 0.001 0 1 131.155 485 1,13 0.001 1 -1 2,13 0.001 -1 0 3,13 0.001 0 1 211.15 605 13,1 0.001 0 -1 14,3 0.001 -1 1 14,2 0.001 0 1 185.149 575 14,13 0.001 0 1 13,14 0.001 -1 0 14,12 0.001 1 1 185.135 575 ::f,1,2 f,1,15 f,12,12 f,13,3 
278:1,0 0.001 1 0 3,1 0.001 0 1 2,2 0.001 0 1 131.156 485 1,13 0.001 1 -1 2,13 0.001 -1 0 3,13 0.001 -1 1 211.15 605 13,1 0.001 0 -1 14,3 0.001 -1 0 14,2 0.001 -1 1 185.149 575 14,14 0.001 0 1 13,14 0.001 -1 -1 15,13 0.001 1 1 185.137 575 ::f,1,2 f,1,15 f,12,12 f,13,3 
279:2,0 0.001 1 0 3,2 0.001 0 1 2,2 0.001 0 1 131.158 485 1,13 0.001 1 0 2,13 0.001 -1 -1 3,13 0.001 -1 1 211.15 605 13,1 0.001 1 -1 14,3 0.001 -1 0 14,2 0.001 -1 1 195.149 590 14,14 0.001 0 1 13,14 0.001 -1 -1 15,13 0.001 1 1 185.137 575 ::f,1,2 f,1,15 f,12,1 f,12,12 
280:2,0 0.001 1 0 3,2 0.001 0 1 2,2 0.001 -1 1 131.158 485 1,13 0.001 1 0 2,13 0.001 -1 -1 3,13 0.001 -1 0 211.15 605 13,1 0.001 1 -1 14,3 0.001 -1 0 14,2 0.001 -1 0 195.149 590 14,14 0.001 -1 1 13,14 0.001 0 -1 15,13 0.001 0 1 185.137 575 ::f,1,2 f,1,15 f,12,1 f,12,12 
281:2,0 0.001 1 1 3,2 0.001 -1 1 2,2 0.001 -1 1 131.158 485 1,13 0.001 1 0 2,13 0.001 0 -1 3,13 0.001 -1 0 211.15 605 13,1 0.001 1 0 14,3 0.001 -1 -1 13,2 0.001 -1 0 195.15 590 14,14 0.001 -1 1 13,13 0.001 0 -1 15,14 0.001 0 1 185.139 575 ::f,1,2 f,1,15 f,12,1 f,12,12 
282:3,1 0.001 1 1 2,3 0.001 -1 1 2,2 0.001 -1 0 131.16 485 1,13 0.001 1 1 2,13 0.001 0 -1 3,13 0.001 -1 -1 211.15 605 14,1 0.001 1 0 14,3 0.001 -1 -1 13,2 0.001 -1 0 195.151 590 14,14 0.001 -1 0 13,13 0.001 0 -1 15,14 0.001 0 1 185.139 575 ::f,1,2 f,1,15 f,12,1 f,12,12 
283:3,1 0.001 1 1 2,3 0.001 -1 1 2,2 0.001 -1 0 131.16 485 1,13 0.001 1 1 2,13 0.001 1 -1 3,13 0.001 -1 -1 211.15 605 14,1 0.001 1 0 14,3 0.001 0 -1 13,2 0.001 -1 -1 195.151 590 13,14 0.001 -1 0 13,13 0.001 1 -1 15,14 0.001 -1 1 185.14 575 ::f,1,2 f,1,15 f,12,1 f,12,12 
284:3,1 0.001 0 1 2,3 0.001 -1 0 2,2 0.001 -1 0 141.16 500 1,13 0.001 0 1 2,13 0.001 1 -1 3,13 0.001 0 -1 211.15 605 14,1 0.001 1 1 14,3 0.001 0 -1 13,2 0.001 -1 -1 205.151 605 13,14 0.001 -1 0 13,13 0.001 1 -1 14,15 0.001 -1 1 185.141 575 ::f,1,0 f,1,15 f,12,12 f,13,0 
285:3,2 0.001 0 1 1,3 0.001 -1 0 2,2 0.001 -1 -1 141.162 500 1,14 0.001 0 1 2,13 0.001 1 0 3,13 0.001 0 -1 211.151 605 14,1 0.001 1 1 14,3 0.001 1 -1 13,2 0.001 0 -1 205.151 605 13,14 0.001 -1 -1 13,13 0.001 1 0 14,15 0.001 -1 1 185.141 575 ::f,1,0 f,1,15 f,12,12 f,13,0 
286:3,2 0.001 0 1 1,3 0.001 -1 0 2,2 0.001 -1 -1 141.162 500 1,14 0.001 0 1 2,13 0.001 1 0 3,13 0.001 1 -1 218.151 620 14,1 0.001 0 1 14,3 0.001 1 -1 13,1 0.001 0 -1 205.152 605 13,14 0.001 -1 -1 14,13 0.001 1 0 14,15 0.001 -1 0 185.142 575 ::f,1,0 f,2,12 f,12,12 f,13,0 
287:3,2 0.001 -1 1 1,3 0.001 -1 -1 2,2 0.001 0 -1 141.162 500 1,14 0.001 -1 1 2,13 0.001 1 1 3,13 0.001 1 -1 218.151 620 14,2 0.001 0 1 14,3 0.001 1 0 13,1 0.001 0 -1 215.153 620 13,14 0.001 0 -1 14,13 0.001 1 0 13,15 0.001 -1 0 185.143 575 ::f,1,0 f,2,12 f,12,12 f,14,1 
288:2,3 0.001 -1 1 0,2 0.001 -1 -1 2,2 0.001 0 -1 141.164 500 1,14 0.001 -1 1 2,13 0.001 1 1 3,13 0.001 1 0 218.151 620 14,2 0.001 0 1 14,3 0.001 1 0 13,1 0.001 1 -1 215.153 620 13,13 0.001 0 -1 14,13 0.001 1 1 13,15 0.001 -1 0 185.144 575 ::f,1,0 f,2,12 f,12,12 f,14,1 
289:2,3 0.001 -1 1 0,2 0.001 -1 -1 2,2 0.001 1 -1 141.164 500 1,14 0.001 -1 0 2,13 0.001 0 1 3,13 0.001 1 0 218.151 620 14,2 0.001 -1 1 14,3 0.001 1 1 13,1 0.001 1 -1 215.153 620 13,13 0.001 0 -1 14,13 0.001 1 1 13,15 0.001 -1 -1 185.144 575 ::f,1,0 f,2,12 f,12,12 f,14,1 
290:2,3 0.001 -1 0 0,2 0.001 0 -1 2,2 0.001 1 -1 141.164 500 1,14 0.001 -1 0 2,14 0.001 0 1 3,13 0.001 1 1 218.152 620 14,2 0.001 -1 1 14,3 0.001 1 1 13,1 0.001 1 0 215.153 620 13,13 0.001 1 -1 14,13 0.001 0 1 12,14 0.001 -1 -1 185.145 575 ::f,1,0 f,2,12 f,12,12 f,14,1 
291:1,3 0.001 -1 0 0,1 0.001 0 -1 2,2 0.001 1 0 141.166 500 1,14 0.001 -1 -1 2,14 0.001 0 1 3,13 0.001 1 1 218.152 620 14,2 0.001 -1 0 14,3 0.001 0 1 13,1 0.001 1 0 215.153 620 13,13 0.001 1 -1 14,14 0.001 0 1 12,14 0.001 -1 -1 185.146 575 ::f,1,0 f,2,12 f,12,12 f,14,1 
292:1,3 0.001 -1 0 0,1 0.001 0 -1 2,2 0.001 1 0 141.166 500 1,14 0.001 -1 -1 2,14 0.001 -1 1 3,13 0.001 0 1 218.152 620 13,2 0.001 -1 0 14,3 0.001 0 1 13,1 0.001 1 0 225.154 635 13,13 0.001 1 0 14,14 0.001 0 1 12,14 0.001 0 -1 185.146 575 ::f,1,0 f,2,12 f,12,12 f,13,0 
293:1,3 0.001 -1 -1 0,1 0.001 1 -1 2,2 0.001 1 1 141.166 500 1,14 0.001 0 -1 2,14 0.001 -1 1 3,14 0.001 0 1 218.153 620 13,2 0.001 -1 0 14,3 0.001 -1 1 13,1 0.001 1 1 225.154 635 14,13 0.001 1 0 14,14 0.001 -1 1 12,13 0.001 0 -1 185.148 575 ::f,1,0 f,2,12 f,12,12 f,13,0 
294:0,2 0.001 -1 -1 0,1 0.001 1 -1 2,2 0.001 1 1 141.167 500 1,13 0.001 0 -1 2,14 0.001 -1 0 3,14 0.001 0 1 218.154 620 13,2 0.001 -1 -1 14,3 0.001 -1 1 13,1 0.001 1 1 225.154 635 14,13 0.001 1 0 14,14 0.001 -1 1 12,13 0.001 0 -1 195.148 590 ::f,1,0 f,2,12 f,13,0 f,13,13 
295:0,2 0.001 -1 -1 0,1 0.001 1 -1 2,2 0.001 0 1 151.167 515 1,13 0.001 0 -1 1,14 0.001 -1 0 3,14 0.001 -1 1 218.155 620 13,2 0.001 -1 -1 14,3 0.001 -1 0 13,1 0.001 0 1 225.154 635 14,13 0.001 1 1 14,14 0.001 -1 0 12,13 0.001 1 -1 195.148 590 ::f,1,3 f,2,12 f,13,0 f,13,13 
296:0,2 0.001 0 -1 0,1 0.001 1 0 2,2 0.001 0 1 151.167 515 1,13 0.001 1 -1 1,14 0.001 -1 0 2,15 0.001 -1 1 218.156 620 13,2 0.001 0 -1 13,3 0.001 -1 0 13,1 0.001 0 1 225.155 635 14,13 0.001 1 1 13,14 0.001 -1 0 13,12 0.001 1 -1 195.15 590 ::f,1,3 f,2,12 f,13,0 f,13,13 
297:0,2 0.001 0 -1 1,1 0.001 1 0 2,2 0.001 -1 1 151.168 515 1,13 0.001 1 -1 1,14 0.001 -1 -1 2,15 0.001 -1 1 226.156 635 13,2 0.001 0 -1 13,3 0.001 -1 0 13,1 0.001 0 1 225.155 635 14,13 0.001 0 1 13,14 0.001 -1 0 13,12 0.001 1 -1 195.15 590 ::f,1,3 f,1,12 f,13,0 f,13,13 
298:0,2 0.001 0 -1 1,1 0.001 1 0 2,2 0.001 -1 1 161.168 530 1,13 0.001 1 0 1,14 0.001 -1 -1 2,15 0.001 -1 0 226.156 635 13,2 0.001 0 -1 13,3 0.001 -1 -1 13,1 0.001 -1 1 225.155 635 14,14 0.001 0 1 13,14 0.001 -1 -1 13,12 0.001 1 0 195.151 590 ::f,1,2 f,1,12 f,13,0 f,13,13 
299:0,2 0.001 1 -1 1,1 0.001 1 1 2,2 0.001 -1 0 161.168 530 2,13 0.001 1 0 1,14 0.001 0 -1 1,15 0.001 -1 0 226.158 635 13,2 0.001 1 -1 12,2 0.001 -1 -1 13,1 0.001 -1 1 225.156 635 14,14 0.001 0 1 13,14 0.001 -1 -1 14,12 0.001 1 0 195.152 590 ::f,1,2 f,1,12 f,13,0 f,13,13 
