16
0:1,1 0.001 -1 -1 3,2 0.003 1 1 0,0 0.002 0 1 0.002 50 2,14 0.001 0 1 3,12 0.003 1 -1 1,14 0.002 -1 -1 0.001 50 15,0 0.001 1 0 14,0 0.003 1 0 15,3 0.002 1 0 0.003 50 14,14 0.001 -1 0 12,13 0.003 -1 0 12,15 0.002 -1 1 0.001 50 ::f,0,1 f,2,12 f,13,15 f,14,1 
1:1,1 0.001 -1 -1 3,2 0.001 1 1 0,0 0.001 0 1 0.0021 65 2,14 0.001 0 1 3,12 0.001 1 -1 1,14 0.001 -1 -1 0.001 50 15,0 0.001 1 0 14,0 0.001 1 0 15,3 0.001 1 0 0.003 50 14,14 0.001 -1 0 12,13 0.001 -1 0 12,15 0.001 -1 1 0.001 50 ::f,1,2 f,2,12 f,13,15 f,14,1 
2:1,1 0.001 0 -1 3,2 0.001 0 1 0,0 0.001 -1 1 0.0021 65 2,14 0.001 -1 1 3,12 0.001 1 0 1,14 0.001 0 -1 0.001 50 15,0 0.001 1 1 14,0 0.001 1 1 15,3 0.001 1 1 0.003 50 14,14 0.001 -1 -1 12,13 0.001 -1 -1 12,15 0.001 -1 0 0.001 50 ::f,1,2 f,2,12 f,13,15 f,14,1 
3:1,1 0.001 0 -1 3,2 0.001 0 1 0,0 0.001 -1 1 0.0021 65 2,14 0.001 -1 1 3,12 0.001 1 0 1,14 0.001 0 -1 0.001 50 15,0 0.001 1 1 14,0 0.001 1 1 15,3 0.001 1 1 0.003 50 14,14 0.001 -1 -1 12,13 0.001 -1 -1 12,15 0.001 -1 0 0.001 50 ::f,1,2 f,2,12 f,13,15 f,14,1 
4:1,1 0.001 1 -1 3,2 0.001 -1 1 0,0 0.001 -1 0 0.0021 65 2,14 0.001 -1 0 3,12 0.001 1 1 1,14 0.001 1 -1 0.001 50 15,0 0.001 0 1 14,0 0.001 0 1 15,3 0.001 0 1 0.003 50 14,14 0.001 0 -1 12,13 0.001 0 -1 12,15 0.001 -1 -1 0.001 50 ::f,1,2 f,2,12 f,13,15 f,14,1 
5:1,1 0.001 1 -1 3,2 0.001 -1 1 0,0 0.001 -1 0 0.0021 65 2,14 0.001 -1 0 3,12 0.001 1 1 1,14 0.001 1 -1 0.001 50 15,0 0.001 0 1 14,0 0.001 0 1 15,3 0.001 0 1 0.0031 65 14,14 0.001 0 -1 12,13 0.001 0 -1 12,15 0.001 -1 -1 0.001 50 ::f,1,2 f,2,12 f,13,2 f,13,15 
6:1,1 0.001 1 0 3,2 0.001 -1 0 0,0 0.001 -1 -1 0.0021 65 2,14 0.001 -1 -1 3,12 0.001 0 1 1,14 0.001 1 0 0.001 50 15,0 0.001 -1 1 14,0 0.001 -1 1 15,3 0.001 -1 1 0.0031 65 14,14 0.001 1 -1 12,13 0.001 1 -1 12,15 0.001 0 -1 0.001 50 ::f,1,2 f,2,12 f,13,2 f,13,15 
7:2,1 0.001 1 0 2,2 0.001 -1 0 0,0 0.001 -1 -1 0.0041 65 2,14 0.001 -1 -1 3,13 0.001 0 1 1,14 0.001 1 0 0.002 50 14,1 0.001 -1 1 14,0 0.001 -1 1 15,3 0.001 -1 1 0.0041 65 14,14 0.001 1 -1 12,13 0.001 1 -1 12,14 0.001 0 -1 0.002 50 ::f,1,2 f,2,12 f,13,2 f,13,15 
8:2,1 0.001 1 0 2,2 0.001 -1 0 0,0 0.001 0 -1 0.0042 80 2,14 0.001 0 -1 3,13 0.001 0 1 1,14 0.001 1 1 0.002 50 14,1 0.001 -1 1 14,0 0.001 -1 0 15,3 0.001 -1 0 0.0042 80 14,14 0.001 1 0 12,13 0.001 1 0 12,14 0.001 0 -1 0.002 50 ::f,0,2 f,2,12 f,13,3 f,13,15 
9:2,1 0.001 1 1 1,2 0.001 -1 0 0,0 0.001 0 -1 0.0052 80 2,13 0.001 0 -1 3,13 0.001 -1 1 1,14 0.001 1 1 0.003 50 14,1 0.001 -1 0 14,0 0.001 -1 0 14,3 0.001 -1 0 0.0052 80 14,14 0.001 1 0 13,13 0.001 1 0 12,14 0.001 1 -1 0.003 50 ::f,0,2 f,2,12 f,13,3 f,13,15 
10:2,1 0.001 1 1 1,2 0.001 -1 0 0,0 0.001 1 -1 1.0053 95 2,13 0.001 0 -1 3,13 0.001 -1 1 1,14 0.001 0 1 0.0031 65 14,1 0.001 -1 0 14,0 0.001 -1 -1 14,3 0.001 -1 0 0.0053 95 14,14 0.001 1 1 13,13 0.001 1 0 12,14 0.001 1 -1 0.003 50 ::f,1,13 f,3,1 f,12,1 f,13,15 
11:2,1 0.001 0 1 1,2 0.001 -1 -1 0,0 0.001 1 -1 1.0053 95 2,13 0.001 1 -1 3,13 0.001 -1 0 1,14 0.001 0 1 0.0031 65 13,1 0.001 -1 0 14,0 0.001 -1 -1 14,3 0.001 -1 -1 0.0063 95 14,14 0.001 1 1 13,13 0.001 1 1 12,14 0.001 1 0 0.003 50 ::f,1,13 f,3,1 f,12,1 f,13,15 
12:2,2 0.001 0 1 1,2 0.001 -1 -1 0,0 0.001 1 0 1.0063 95 2,13 0.001 1 -1 3,13 0.001 -1 0 1,14 0.001 -1 1 0.0031 65 13,1 0.001 -1 0 14,0 0.001 0 -1 14,3 0.001 -1 -1 1.0064 110 14,14 0.001 0 1 13,13 0.001 1 1 13,14 0.001 1 0 0.004 50 ::f,1,13 f,3,1 f,13,3 f,13,15 
13:2,2 0.001 0 1 1,2 0.001 0 -1 1,0 0.001 1 0 1.0073 95 2,13 0.001 1 0 3,13 0.001 -1 0 1,14 0.001 -1 1 0.0031 65 13,1 0.001 -1 -1 14,0 0.001 0 -1 14,3 0.001 0 -1 1.0064 110 14,14 0.001 0 1 13,13 0.001 0 1 13,14 0.001 1 0 0.004 50 ::f,1,13 f,3,1 f,13,3 f,13,15 
14:2,2 0.001 -1 1 1,1 0.001 0 -1 1,0 0.001 1 0 1.0083 95 2,13 0.001 1 0 3,13 0.001 -1 -1 1,14 0.001 -1 0 0.0031 65 13,1 0.001 -1 -1 14,0 0.001 1 -1 14,3 0.001 0 -1 1.0064 110 14,14 0.001 -1 1 13,13 0.001 0 1 13,14 0.001 1 1 0.004 50 ::f,1,13 f,3,1 f,13,3 f,13,15 
15:2,2 0.001 -1 1 1,1 0.001 0 -1 1,0 0.001 1 1 1.0083 95 2,13 0.001 1 1 3,13 0.001 -1 -1 1,14 0.001 -1 0 0.0031 65 13,1 0.001 0 -1 14,0 0.001 1 -1 14,3 0.001 1 -1 1.0064 110 14,14 0.001 -1 1 13,13 0.001 0 1 13,14 0.001 1 1 0.0041 65 ::f,1,13 f,3,1 f,13,3 f,14,13 
16:2,2 0.001 -1 0 1,1 0.001 1 -1 1,0 0.001 1 1 1.0083 95 2,13 0.001 1 1 3,13 0.001 0 -1 1,14 0.001 -1 -1 0.0031 65 13,1 0.001 0 -1 14,0 0.001 1 0 14,3 0.001 1 -1 1.0064 110 14,14 0.001 -1 0 13,13 0.001 -1 1 13,14 0.001 0 1 0.0041 65 ::f,1,13 f,3,1 f,13,3 f,14,13 
17:1,2 0.001 -1 0 1,1 0.001 1 -1 1,0 0.001 0 1 1.0093 95 2,13 0.001 0 1 3,13 0.001 0 -1 1,14 0.001 -1 -1 0.0031 65 13,1 0.001 1 -1 14,0 0.001 1 0 14,3 0.001 1 0 1.0064 110 14,14 0.001 -1 0 13,13 0.001 -1 1 13,14 0.001 0 1 0.0041 65 ::f,1,13 f,3,1 f,13,3 f,14,13 
18:1,2 0.001 -1 0 1,1 0.001 1 0 1,0 0.001 0 1 1.0093 95 2,14 0.001 0 1 3,13 0.001 1 -1 1,14 0.001 0 -1 0.0041 65 13,1 0.001 1 -1 14,0 0.001 1 1 14,3 0.001 1 0 1.0064 110 14,14 0.001 -1 0 13,13 0.001 -1 0 13,14 0.001 -1 1 0.0041 65 ::f,1,13 f,3,1 f,13,3 f,14,13 
19:1,2 0.001 -1 -1 2,1 0.001 1 0 1,0 0.001 0 1 1.0103 95 2,14 0.001 0 1 3,13 0.001 1 -1 1,14 0.001 0 -1 0.0041 65 13,1 0.001 1 0 14,0 0.001 1 1 14,3 0.001 1 1 1.0064 110 14,14 0.001 -1 -1 13,13 0.001 -1 0 13,14 0.001 -1 1 0.0041 65 ::f,1,13 f,3,1 f,13,3 f,14,13 
20:1,2 0.001 -1 -1 2,1 0.001 1 0 1,0 0.001 -1 1 3.0104 110 2,14 0.001 -1 1 3,13 0.001 1 0 1,14 0.001 0 -1 0.0042 80 14,1 0.001 1 0 14,0 0.001 0 1 14,3 0.001 1 1 1.0074 110 14,14 0.001 -1 -1 13,13 0.001 -1 -1 13,14 0.001 -1 0 0.0041 65 ::f,1,3 f,1,13 f,13,3 f,14,13 
21:1,2 0.001 0 -1 2,1 0.001 1 1 1,0 0.001 -1 1 3.0104 110 2,14 0.001 -1 1 3,13 0.001 1 0 1,14 0.001 1 -1 0.0042 80 14,1 0.001 1 0 14,0 0.001 0 1 14,3 0.001 0 1 1.0074 110 14,14 0.001 0 -1 13,13 0.001 -1 -1 13,14 0.001 -1 0 0.0041 65 ::f,1,3 f,1,13 f,13,3 f,14,13 
22:1,1 0.001 0 -1 2,1 0.001 1 1 1,0 0.001 -1 0 3.0114 110 2,14 0.001 -1 0 3,13 0.001 1 1 1,14 0.001 1 -1 0.0042 80 14,1 0.001 1 1 14,0 0.001 0 1 14,3 0.001 0 1 1.0074 110 14,14 0.001 0 -1 13,13 0.001 0 -1 13,14 0.001 -1 -1 1.0042 80 ::f,1,3 f,1,13 f,12,15 f,13,3 
23:1,1 0.001 0 -1 2,1 0.001 0 1 1,0 0.001 -1 0 3.0114 110 2,14 0.001 -1 0 3,13 0.001 1 1 1,14 0.001 1 0 0.0042 80 14,1 0.001 1 1 14,0 0.001 -1 1 14,3 0.001 -1 1 1.0074 110 14,14 0.001 1 -1 13,13 0.001 0 -1 13,14 0.001 -1 -1 1.0042 80 ::f,1,3 f,1,13 f,12,15 f,13,3 
24:1,1 0.001 1 -1 2,2 0.001 0 1 1,0 0.001 -1 -1 3.0124 110 2,14 0.001 -1 0 3,13 0.001 0 1 1,14 0.001 1 0 0.0042 80 14,1 0.001 0 1 14,0 0.001 -1 1 14,3 0.001 -1 1 1.0074 110 14,14 0.001 1 -1 13,13 0.001 1 -1 13,14 0.001 0 -1 1.0042 80 ::f,1,3 f,1,13 f,12,15 f,13,3 
25:1,1 0.001 1 -1 2,2 0.001 0 1 1,0 0.001 -1 -1 3.0124 110 2,14 0.001 -1 -1 3,14 0.001 0 1 1,14 0.001 1 0 0.0052 80 14,2 0.001 0 1 14,0 0.001 -1 0 14,3 0.001 -1 0 1.0084 110 14,14 0.001 1 0 13,13 0.001 1 -1 13,14 0.001 0 -1 1.0042 80 ::f,1,3 f,1,13 f,12,15 f,13,3 
26:1,1 0.001 1 0 2,2 0.001 -1 1 1,0 0.001 0 -1 3.0124 110 2,14 0.001 -1 -1 3,14 0.001 0 1 1,14 0.001 1 0 1.0053 95 14,2 0.001 0 1 14,0 0.001 -1 0 14,3 0.001 -1 0 1.0084 110 14,14 0.001 1 0 13,13 0.001 1 0 13,14 0.001 0 -1 1.0042 80 ::f,0,14 f,1,3 f,12,15 f,13,3 
27:2,1 0.001 1 0 2,2 0.001 -1 1 1,0 0.001 0 -1 6.0135 125 2,14 0.001 0 -1 3,14 0.001 -1 1 1,14 0.001 1 1 1.0053 95 14,2 0.001 -1 1 14,0 0.001 -1 -1 14,3 0.001 -1 0 2.0085 125 14,14 0.001 1 1 14,13 0.001 1 0 13,14 0.001 1 -1 1.0052 80 ::f,0,14 f,2,3 f,12,15 f,13,1 
28:2,1 0.001 1 0 2,2 0.001 -1 0 1,0 0.001 1 -1 6.0135 125 2,14 0.001 0 -1 3,14 0.001 -1 1 1,14 0.001 1 1 1.0053 95 14,2 0.001 -1 1 14,0 0.001 -1 -1 14,3 0.001 -1 -1 2.0085 125 14,14 0.001 1 1 14,13 0.001 1 0 13,14 0.001 1 -1 1.0052 80 ::f,0,14 f,2,3 f,12,15 f,13,1 
29:2,1 0.001 1 1 1,2 0.001 -1 0 1,0 0.001 1 -1 6.0145 125 2,14 0.001 1 -1 3,14 0.001 -1 0 1,14 0.001 0 1 1.0053 95 14,2 0.001 -1 0 14,0 0.001 0 -1 14,3 0.001 -1 -1 2.0085 125 14,14 0.001 0 1 14,13 0.001 1 1 13,14 0.001 1 0 1.0052 80 ::f,0,14 f,2,3 f,12,15 f,13,1 
30:2,1 0.001 1 1 1,2 0.001 -1 0 1,0 0.001 1 0 6.0145 125 2,14 0.001 1 -1 3,14 0.001 -1 0 1,14 0.001 0 1 1.0053 95 13,2 0.001 -1 0 14,0 0.001 0 -1 14,3 0.001 0 -1 2.0095 125 14,14 0.001 0 1 14,13 0.001 1 1 13,14 0.001 1 0 1.0052 80 ::f,0,14 f,2,3 f,12,15 f,13,1 
31:2,1 0.001 0 1 1,2 0.001 -1 -1 2,0 0.001 1 0 6.0155 125 2,14 0.001 1 0 3,14 0.001 -1 0 1,14 0.001 -1 1 1.0053 95 13,2 0.001 -1 0 14,0 0.001 1 -1 14,3 0.001 0 -1 2.0095 125 14,14 0.001 -1 1 14,13 0.001 0 1 13,14 0.001 1 1 1.0052 80 ::f,0,14 f,2,3 f,12,15 f,13,1 
32:2,2 0.001 0 1 1,2 0.001 -1 -1 2,0 0.001 1 0 6.0165 125 2,14 0.001 1 0 3,14 0.001 -1 -1 1,14 0.001 -1 1 1.0053 95 13,2 0.001 -1 -1 14,0 0.001 1 -1 14,3 0.001 1 -1 2.0095 125 14,14 0.001 -1 1 14,13 0.001 0 1 13,14 0.001 1 1 1.0052 80 ::f,0,14 f,2,3 f,12,15 f,13,1 
33:2,2 0.001 0 1 1,2 0.001 0 -1 2,0 0.001 1 1 6.0166 140 2,14 0.001 1 1 3,14 0.001 -1 -1 1,14 0.001 -1 0 1.0053 95 13,2 0.001 -1 -1 14,0 0.001 1 0 14,3 0.001 1 -1 2.0095 125 14,14 0.001 -1 0 14,13 0.001 0 1 13,14 0.001 0 1 1.0052 80 ::f,0,1 f,0,14 f,12,15 f,13,1 
34:2,2 0.001 -1 1 1,1 0.001 0 -1 2,0 0.001 1 1 6.0176 140 2,14 0.001 1 1 3,14 0.001 0 -1 1,14 0.001 -1 0 2.0054 110 13,2 0.001 0 -1 14,0 0.001 1 0 14,3 0.001 1 0 2.0095 125 14,14 0.001 -1 0 14,13 0.001 -1 1 13,14 0.001 0 1 1.0052 80 ::f,0,1 f,3,13 f,12,15 f,13,1 
35:2,2 0.001 -1 1 1,1 0.001 0 -1 2,0 0.001 0 1 6.0176 140 2,14 0.001 0 1 3,14 0.001 0 -1 1,14 0.001 -1 -1 2.0055 125 13,2 0.001 0 -1 14,0 0.001 1 1 14,3 0.001 1 0 2.0095 125 14,14 0.001 -1 0 14,13 0.001 -1 1 13,14 0.001 -1 1 1.0052 80 ::f,0,1 f,0,13 f,12,15 f,13,1 
36:2,2 0.001 -1 0 1,1 0.001 1 -1 2,1 0.001 0 1 6.0186 140 2,14 0.001 0 1 3,14 0.001 1 -1 1,14 0.001 -1 -1 4.0056 140 13,2 0.001 0 -1 14,0 0.001 1 1 14,3 0.001 1 1 4.0096 140 14,14 0.001 -1 -1 14,13 0.001 -1 1 13,14 0.001 -1 1 1.0053 95 ::f,0,1 f,0,14 f,12,3 f,15,12 
37:1,2 0.001 -1 0 1,1 0.001 1 -1 2,1 0.001 0 1 6.0196 140 2,14 0.001 -1 1 3,14 0.001 1 -1 1,14 0.001 0 -1 4.0056 140 13,2 0.001 1 -1 14,0 0.001 0 1 14,3 0.001 1 1 4.0096 140 14,14 0.001 -1 -1 14,13 0.001 -1 0 13,14 0.001 -1 0 1.0053 95 ::f,0,1 f,0,14 f,12,3 f,15,12 
38:1,2 0.001 -1 0 1,1 0.001 1 0 2,1 0.001 -1 1 6.0196 140 2,14 0.001 -1 1 3,14 0.001 1 0 1,13 0.001 0 -1 4.0066 140 13,2 0.001 1 -1 14,1 0.001 0 1 14,3 0.001 0 1 4.0106 140 14,14 0.001 0 -1 14,13 0.001 -1 -1 13,14 0.001 -1 0 1.0053 95 ::f,0,1 f,0,14 f,12,3 f,15,12 
39:1,2 0.001 -1 -1 1,1 0.001 1 0 2,1 0.001 -1 1 6.0196 140 2,14 0.001 -1 0 3,14 0.001 1 0 1,13 0.001 0 -1 4.0066 140 13,2 0.001 1 0 14,2 0.001 0 1 14,3 0.001 0 1 4.0116 140 14,14 0.001 0 -1 14,13 0.001 -1 -1 13,14 0.001 -1 -1 1.0053 95 ::f,0,1 f,0,14 f,12,3 f,15,12 
40:1,2 0.001 -1 -1 1,1 0.001 1 0 2,1 0.001 -1 0 7.0197 155 1,14 0.001 -1 0 3,14 0.001 1 1 1,13 0.001 1 -1 4.0076 140 13,2 0.001 1 0 14,2 0.001 0 1 14,3 0.001 -1 1 4.0116 140 14,14 0.001 1 -1 14,13 0.001 0 -1 13,14 0.001 -1 -1 1.0053 95 ::f,0,14 f,2,2 f,12,3 f,15,12 
41:1,2 0.001 0 -1 1,1 0.001 1 1 2,1 0.001 -1 0 7.0197 155 1,14 0.001 -1 0 3,14 0.001 1 1 1,13 0.001 1 -1 6.0077 155 13,2 0.001 1 1 14,2 0.001 -1 1 14,3 0.001 -1 1 4.0116 140 14,14 0.001 1 -1 14,13 0.001 0 -1 13,14 0.001 0 -1 1.0053 95 ::f,0,12 f,2,2 f,12,3 f,15,12 
42:1,2 0.001 0 -1 1,1 0.001 1 1 2,1 0.001 -1 -1 11.0198 170 1,14 0.001 -1 -1 3,14 0.001 0 1 1,13 0.001 1 0 6.0077 155 13,2 0.001 1 1 14,2 0.001 -1 1 14,3 0.001 -1 0 4.0116 140 14,14 0.001 1 0 14,13 0.001 1 -1 13,13 0.001 0 -1 1.0063 95 ::f,0,12 f,2,2 f,12,3 f,15,12 
43:1,2 0.001 0 -1 1,1 0.001 0 1 2,1 0.001 -1 -1 11.0198 170 1,14 0.001 -1 -1 3,14 0.001 0 1 2,13 0.001 1 0 6.0087 155 13,2 0.001 0 1 14,2 0.001 -1 0 13,3 0.001 -1 0 4.0126 140 14,14 0.001 1 0 14,13 0.001 1 -1 13,13 0.001 0 -1 1.0064 110 ::f,0,12 f,2,2 f,12,3 f,15,14 
44:1,2 0.001 1 -1 1,1 0.001 0 1 2,1 0.001 0 -1 11.0198 170 1,14 0.001 0 -1 3,14 0.001 -1 1 2,13 0.001 1 0 6.0087 155 13,2 0.001 0 1 14,2 0.001 -1 0 13,3 0.001 -1 0 6.0127 155 14,14 0.001 1 1 14,13 0.001 1 0 13,13 0.001 1 -1 1.0064 110 ::f,0,12 f,2,2 f,15,3 f,15,14 
45:1,2 0.001 1 -1 1,1 0.001 -1 1 2,1 0.001 0 -1 11.0198 170 1,13 0.001 0 -1 3,14 0.001 -1 1 2,13 0.001 1 1 6.0097 155 13,2 0.001 -1 1 14,2 0.001 -1 0 13,3 0.001 -1 -1 6.0127 155 14,14 0.001 1 1 14,13 0.001 1 0 13,13 0.001 1 -1 1.0064 110 ::f,0,12 f,2,2 f,15,3 f,15,14 
46:1,2 0.001 1 0 1,1 0.001 -1 1 2,1 0.001 1 -1 11.0198 170 1,13 0.001 0 -1 3,14 0.001 -1 0 2,13 0.001 1 1 6.0097 155 13,2 0.001 -1 1 14,2 0.001 -1 -1 13,3 0.001 -1 -1 6.0127 155 14,14 0.001 0 1 14,13 0.001 1 1 13,13 0.001 1 0 1.0064 110 ::f,0,12 f,2,2 f,15,3 f,15,14 
47:1,2 0.001 1 0 1,1 0.001 -1 0 2,1 0.001 1 -1 13.0199 185 1,13 0.001 1 -1 2,14 0.001 -1 0 2,13 0.001 0 1 6.0107 155 13,2 0.001 -1 0 14,2 0.001 -1 -1 13,3 0.001 0 -1 6.0127 155 14,14 0.001 0 1 14,13 0.001 1 1 13,13 0.001 1 0 2.0065 125 ::f,0,12 f,1,0 f,12,14 f,15,3 
48:1,2 0.001 1 1 1,1 0.001 -1 0 2,1 0.001 1 0 13.0199 185 1,13 0.001 1 -1 2,14 0.001 -1 0 2,13 0.001 0 1 6.0107 155 13,2 0.001 -1 0 14,2 0.001 0 -1 13,3 0.001 0 -1 6.0127 155 14,14 0.001 -1 1 14,13 0.001 0 1 13,13 0.001 1 0 2.0065 125 ::f,0,12 f,1,0 f,12,14 f,15,3 
49:1,2 0.001 1 1 1,1 0.001 -1 -1 2,1 0.001 1 0 13.0199 185 1,13 0.001 1 0 2,14 0.001 -1 -1 2,13 0.001 0 1 6.0107 155 13,2 0.001 -1 -1 14,2 0.001 0 -1 13,3 0.001 0 -1 6.0127 155 14,14 0.001 -1 1 14,13 0.001 0 1 13,13 0.001 1 1 2.0065 125 ::f,0,12 f,1,0 f,12,14 f,15,3 
50:1,2 0.001 0 1 1,1 0.001 -1 -1 2,1 0.001 1 1 13.0199 185 1,13 0.001 1 0 2,14 0.001 -1 -1 2,13 0.001 -1 1 6.0107 155 13,2 0.001 -1 -1 14,2 0.001 1 -1 13,3 0.001 1 -1 6.0127 155 14,14 0.001 -1 0 14,13 0.001 0 1 13,13 0.001 1 1 2.0065 125 ::f,0,12 f,1,0 f,12,14 f,15,3 
51:1,2 0.001 0 1 1,1 0.001 0 -1 2,1 0.001 1 1 13.0199 185 1,13 0.001 1 0 2,14 0.001 -1 -1 2,13 0.001 -1 1 6.0107 155 13,2 0.001 0 -1 14,2 0.001 1 -1 13,3 0.001 1 -1 6.0127 155 13,14 0.001 -1 0 14,13 0.001 -1 1 13,13 0.001 0 1 2.0075 125 ::f,0,12 f,1,0 f,12,14 f,15,3 
52:1,2 0.001 -1 1 1,1 0.001 0 -1 2,1 0.001 0 1 18.02 200 1,13 0.001 1 1 2,14 0.001 0 -1 2,13 0.001 -1 0 6.0107 155 13,1 0.001 0 -1 14,2 0.001 1 0 13,3 0.001 1 0 6.0137 155 13,14 0.001 -1 0 14,13 0.001 -1 1 13,13 0.001 0 1 4.0076 140 ::f,0,12 f,2,2 f,12,14 f,15,3 
53:1,2 0.001 -1 1 1,1 0.001 1 -1 2,1 0.001 0 1 18.02 200 1,13 0.001 1 1 2,14 0.001 0 -1 2,13 0.001 -1 0 6.0107 155 13,1 0.001 0 -1 14,2 0.001 1 0 14,3 0.001 1 0 6.0147 155 13,14 0.001 -1 -1 14,13 0.001 -1 0 13,13 0.001 -1 1 4.0076 140 ::f,0,12 f,2,2 f,12,14 f,15,3 
54:1,2 0.001 -1 0 1,1 0.001 1 -1 2,1 0.001 0 1 19.0201 215 1,13 0.001 0 1 2,14 0.001 1 -1 2,13 0.001 -1 -1 6.0107 155 13,1 0.001 1 -1 14,2 0.001 1 1 14,3 0.001 1 0 9.0148 170 13,14 0.001 -1 -1 14,13 0.001 -1 0 13,13 0.001 -1 1 5.0077 155 ::f,0,12 f,1,3 f,14,0 f,15,13 
55:1,2 0.001 -1 0 1,1 0.001 1 0 2,1 0.001 -1 1 19.0201 215 1,13 0.001 0 1 2,14 0.001 1 -1 2,13 0.001 -1 -1 6.0107 155 13,1 0.001 1 -1 14,2 0.001 1 1 14,3 0.001 1 1 12.0149 185 13,14 0.001 0 -1 14,13 0.001 -1 -1 13,13 0.001 -1 0 5.0077 155 ::f,0,12 f,1,3 f,15,2 f,15,13 
56:1,2 0.001 -1 -1 1,1 0.001 1 0 2,1 0.001 -1 1 19.0201 215 1,13 0.001 -1 1 2,14 0.001 1 0 2,13 0.001 0 -1 6.0107 155 13,1 0.001 1 0 14,2 0.001 0 1 14,3 0.001 1 1 12.0149 185 13,14 0.001 0 -1 14,13 0.001 -1 -1 13,13 0.001 -1 0 5.0077 155 ::f,0,12 f,1,3 f,15,2 f,15,13 
57:1,2 0.001 -1 -1 1,1 0.001 1 0 2,1 0.001 -1 0 19.0201 215 1,13 0.001 -1 1 2,14 0.001 1 0 2,13 0.001 0 -1 6.0107 155 14,1 0.001 1 0 14,2 0.001 0 1 14,3 0.001 0 1 12.0159 185 13,14 0.001 0 -1 14,13 0.001 0 -1 13,13 0.001 -1 -1 5.0077 155 ::f,0,12 f,1,3 f,15,2 f,15,13 
58:1,2 0.001 0 -1 1,1 0.001 1 1 2,1 0.001 -1 0 19.0201 215 1,13 0.001 -1 0 2,14 0.001 1 1 2,13 0.001 1 -1 6.0107 155 14,1 0.001 1 0 14,2 0.001 -1 1 14,3 0.001 0 1 12.0159 185 13,14 0.001 1 -1 14,13 0.001 0 -1 13,13 0.001 -1 -1 5.0077 155 ::f,0,12 f,1,3 f,15,2 f,15,13 
59:1,2 0.001 0 -1 1,1 0.001 1 1 2,1 0.001 -1 -1 19.0201 215 1,13 0.001 -1 0 2,14 0.001 1 1 2,13 0.001 1 -1 6.0107 155 14,1 0.001 1 1 14,2 0.001 -1 1 14,3 0.001 -1 1 12.0159 185 13,14 0.001 1 -1 14,13 0.001 1 -1 13,13 0.001 0 -1 5.0077 155 ::f,0,12 f,1,3 f,15,2 f,15,13 
60:1,2 0.001 0 -1 1,1 0.001 0 1 2,1 0.001 -1 -1 19.0201 215 1,13 0.001 -1 -1 2,14 0.001 0 1 2,13 0.001 1 0 6.0107 155 14,1 0.001 1 1 14,2 0.001 -1 0 14,3 0.001 -1 1 16.016 200 13,14 0.001 1 0 14,13 0.001 1 -1 13,13 0.001 0 -1 5.0077 155 ::f,0,12 f,1,3 f,12,2 f,15,13 
61:1,2 0.001 1 -1 1,1 0.001 0 1 2,1 0.001 0 -1 19.0201 215 1,13 0.001 -1 -1 2,14 0.001 0 1 2,13 0.001 1 0 9.0108 170 14,1 0.001 0 1 13,2 0.001 -1 0 14,3 0.001 -1 0 16.017 200 13,14 0.001 1 0 14,13 0.001 1 0 13,13 0.001 1 -1 5.0077 155 ::f,1,3 f,3,14 f,12,2 f,15,13 
62:1,2 0.001 1 -1 1,1 0.001 0 1 2,1 0.001 0 -1 19.0201 215 1,13 0.001 0 -1 2,14 0.001 -1 1 2,13 0.001 1 1 9.0108 170 14,2 0.001 0 1 13,2 0.001 -1 0 13,3 0.001 -1 0 17.0191 215 13,14 0.001 1 1 14,13 0.001 1 0 13,13 0.001 1 -1 7.0078 170 ::f,1,3 f,3,14 f,12,3 f,12,14 
63:1,2 0.001 1 0 1,1 0.001 -1 1 2,1 0.001 1 -1 19.0201 215 1,13 0.001 0 -1 2,14 0.001 -1 1 2,13 0.001 1 1 12.0109 185 14,2 0.001 0 1 13,2 0.001 -1 -1 13,3 0.001 -1 0 21.0192 230 13,14 0.001 1 1 14,13 0.001 1 1 13,13 0.001 1 0 7.0078 170 ::f,1,3 f,3,15 f,12,2 f,12,14 
64:1,2 0.001 1 0 1,1 0.001 -1 1 2,1 0.001 1 -1 19.0201 215 1,13 0.001 1 -1 2,14 0.001 -1 0 2,13 0.001 0 1 12.0109 185 14,2 0.001 -1 1 13,2 0.001 -1 -1 13,3 0.001 -1 -1 21.0192 230 13,14 0.001 0 1 14,13 0.001 1 1 13,13 0.001 1 0 7.0078 170 ::f,1,3 f,3,15 f,12,2 f,12,14 
65:1,2 0.001 1 1 1,1 0.001 -1 0 2,1 0.001 1 0 19.0201 215 1,13 0.001 1 -1 1,14 0.001 -1 0 2,14 0.001 0 1 12.0129 185 14,2 0.001 -1 1 13,2 0.001 0 -1 13,3 0.001 -1 -1 26.0193 245 13,14 0.001 0 1 14,13 0.001 0 1 13,13 0.001 1 0 7.0078 170 ::f,1,3 f,3,15 f,12,14 f,14,3 
66:1,2 0.001 1 1 1,1 0.001 -1 0 2,1 0.001 1 0 19.0201 215 1,13 0.001 1 0 1,14 0.001 -1 0 2,14 0.001 0 1 12.0129 185 14,2 0.001 -1 0 13,1 0.001 0 -1 13,3 0.001 0 -1 26.0203 245 13,14 0.001 -1 1 14,14 0.001 0 1 13,13 0.001 1 1 7.0088 170 ::f,1,3 f,3,15 f,12,14 f,14,3 
67:1,2 0.001 0 1 1,1 0.001 -1 -1 2,1 0.001 1 1 19.0201 215 2,13 0.001 1 0 1,14 0.001 -1 -1 2,14 0.001 -1 1 12.0139 185 13,2 0.001 -1 0 13,1 0.001 0 -1 13,3 0.001 0 -1 26.0213 245 13,14 0.001 -1 1 14,14 0.001 0 1 13,13 0.001 1 1 7.0088 170 ::f,1,3 f,3,15 f,12,14 f,14,3 
68:1,2 0.001 0 1 1,1 0.001 -1 -1 2,1 0.001 1 1 22.0202 230 2,13 0.001 1 0 1,14 0.001 -1 -1 2,14 0.001 -1 1 12.0139 185 13,2 0.001 -1 0 13,1 0.001 1 -1 13,3 0.001 0 -1 26.0213 245 13,14 0.001 -1 0 14,14 0.001 -1 1 13,13 0.001 0 1 7.0088 170 ::f,0,3 f,3,15 f,12,14 f,14,3 
69:1,2 0.001 -1 1 1,1 0.001 0 -1 2,1 0.001 0 1 22.0202 230 2,13 0.001 1 1 1,14 0.001 0 -1 2,14 0.001 -1 0 12.0139 185 13,2 0.001 -1 -1 13,1 0.001 1 -1 13,3 0.001 1 -1 26.0213 245 13,14 0.001 -1 0 14,14 0.001 -1 1 13,13 0.001 0 1 10.0089 185 ::f,0,3 f,3,15 f,12,12 f,14,3 
70:1,2 0.001 -1 1 1,1 0.001 0 -1 2,2 0.001 0 1 26.0213 245 2,13 0.001 1 1 1,13 0.001 0 -1 1,14 0.001 -1 0 12.0159 185 13,2 0.001 -1 -1 13,1 0.001 1 0 13,3 0.001 1 -1 26.0213 245 13,14 0.001 -1 -1 14,14 0.001 -1 0 13,13 0.001 -1 1 10.0089 185 ::f,3,2 f,3,15 f,12,12 f,14,3 
71:1,2 0.001 -1 0 1,1 0.001 1 -1 2,2 0.001 0 1 26.0213 245 2,13 0.001 0 1 1,13 0.001 0 -1 1,14 0.001 -1 0 12.0159 185 13,2 0.001 0 -1 14,1 0.001 1 0 13,3 0.001 1 0 26.0223 245 13,14 0.001 -1 -1 14,14 0.001 -1 0 13,13 0.001 -1 1 10.0089 185 ::f,3,2 f,3,15 f,12,12 f,14,3 
72:1,2 0.001 -1 0 1,1 0.001 1 -1 2,2 0.001 -1 1 26.0213 245 2,14 0.001 0 1 1,13 0.001 1 -1 1,14 0.001 -1 -1 12.0169 185 13,1 0.001 0 -1 14,1 0.001 1 0 13,3 0.001 1 0 32.0234 260 13,14 0.001 0 -1 14,14 0.001 -1 0 13,13 0.001 -1 0 10.0089 185 ::f,3,2 f,3,15 f,12,12 f,15,1 
73:1,2 0.001 -1 -1 1,1 0.001 1 0 2,2 0.001 -1 1 26.0213 245 2,14 0.001 0 1 1,13 0.001 1 -1 1,14 0.001 -1 -1 12.0169 185 13,1 0.001 0 -1 14,1 0.001 1 1 13,3 0.001 1 1 32.0234 260 13,14 0.001 0 -1 14,14 0.001 -1 -1 13,13 0.001 -1 0 10.0089 185 ::f,3,2 f,3,15 f,12,12 f,15,1 
74:1,2 0.001 -1 -1 2,1 0.001 1 0 2,2 0.001 -1 0 26.0223 245 2,14 0.001 -1 1 1,13 0.001 1 0 1,14 0.001 0 -1 12.0169 185 13,1 0.001 1 -1 14,1 0.001 1 1 13,3 0.001 1 1 32.0234 260 13,14 0.001 0 -1 14,14 0.001 -1 -1 13,13 0.001 -1 -1 10.0089 185 ::f,3,2 f,3,15 f,12,12 f,15,1 
75:1,2 0.001 0 -1 2,1 0.001 1 0 2,2 0.001 -1 0 26.0223 245 2,14 0.001 -1 1 2,13 0.001 1 0 1,13 0.001 0 -1 12.0189 185 13,1 0.001 1 -1 14,1 0.001 0 1 13,3 0.001 0 1 32.0234 260 13,14 0.001 1 -1 14,14 0.001 -1 -1 13,13 0.001 -1 -1 12.009 200 ::f,3,2 f,3,15 f,13,12 f,15,1 
76:1,1 0.001 0 -1 2,1 0.001 1 1 2,2 0.001 -1 0 26.0233 245 2,14 0.001 -1 0 2,13 0.001 1 0 1,13 0.001 0 -1 12.0189 185 13,1 0.001 1 0 14,2 0.001 0 1 13,3 0.001 0 1 32.0244 260 13,14 0.001 1 -1 14,14 0.001 0 -1 13,13 0.001 0 -1 12.009 200 ::f,3,2 f,3,15 f,13,12 f,15,1 
77:1,1 0.001 0 -1 2,1 0.001 1 1 2,2 0.001 -1 -1 32.0234 260 1,14 0.001 -1 0 2,13 0.001 1 1 1,13 0.001 1 -1 12.0199 185 14,1 0.001 1 0 14,2 0.001 0 1 13,3 0.001 -1 1 32.0254 260 13,14 0.001 1 0 14,14 0.001 1 -1 13,13 0.001 0 -1 15.0091 215 ::f,2,3 f,3,15 f,15,1 f,15,15 
78:1,1 0.001 1 -1 2,1 0.001 0 1 2,2 0.001 -1 -1 32.0234 260 1,14 0.001 -1 0 2,13 0.001 1 1 1,13 0.001 1 -1 12.0199 185 14,1 0.001 1 0 14,2 0.001 -1 1 13,3 0.001 -1 1 37.0255 275 13,14 0.001 1 0 14,14 0.001 1 -1 13,13 0.001 1 -1 15.0091 215 ::f,2,3 f,3,15 f,13,2 f,15,15 
79:1,1 0.001 1 -1 2,1 0.001 0 1 2,2 0.001 0 -1 32.0234 260 1,14 0.001 -1 -1 2,13 0.001 0 1 1,13 0.001 1 0 12.0199 185 14,1 0.001 1 1 14,2 0.001 -1 1 13,3 0.001 -1 0 37.0255 275 13,14 0.001 1 1 14,14 0.001 1 0 13,13 0.001 1 -1 15.0091 215 ::f,2,3 f,3,15 f,13,2 f,15,15 
80:1,1 0.001 1 0 2,1 0.001 0 1 2,2 0.001 0 -1 32.0234 260 1,14 0.001 -1 -1 2,14 0.001 0 1 2,13 0.001 1 0 12.0219 185 14,1 0.001 1 1 14,2 0.001 -1 0 13,3 0.001 -1 0 37.0255 275 13,14 0.001 1 1 14,14 0.001 1 0 13,13 0.001 1 0 15.0091 215 ::f,2,3 f,3,15 f,13,2 f,15,15 
81:1,1 0.001 1 0 2,1 0.001 -1 1 2,2 0.001 1 -1 32.0234 260 1,14 0.001 0 -1 2,14 0.001 0 1 2,13 0.001 1 0 12.0219 185 14,1 0.001 0 1 14,2 0.001 -1 0 13,3 0.001 -1 -1 37.0255 275 13,14 0.001 0 1 14,14 0.001 1 1 14,13 0.001 1 0 15.0101 215 ::f,2,3 f,3,15 f,13,2 f,15,15 
82:1,1 0.001 1 0 2,1 0.001 -1 1 2,2 0.001 1 -1 32.0234 260 1,13 0.001 0 -1 2,14 0.001 -1 1 2,13 0.001 1 1 12.0229 185 14,1 0.001 0 1 14,2 0.001 -1 0 13,3 0.001 -1 -1 39.0256 290 13,14 0.001 0 1 14,14 0.001 1 1 14,13 0.001 1 0 18.0102 230 ::f,2,3 f,3,15 f,13,2 f,15,14 
83:1,1 0.001 1 1 2,1 0.001 -1 0 2,2 0.001 1 0 32.0234 260 1,13 0.001 0 -1 2,14 0.001 -1 1 2,13 0.001 1 1 12.0229 185 14,1 0.001 0 1 14,2 0.001 -1 -1 13,3 0.001 0 -1 39.0256 290 13,14 0.001 -1 1 14,14 0.001 0 1 14,13 0.001 1 1 18.0102 230 ::f,2,3 f,3,15 f,13,2 f,15,14 
84:1,1 0.001 1 1 2,1 0.001 -1 0 2,2 0.001 1 0 32.0234 260 1,13 0.001 1 -1 2,14 0.001 -1 0 2,13 0.001 0 1 12.0229 185 14,1 0.001 -1 1 14,2 0.001 -1 -1 13,3 0.001 0 -1 39.0256 290 13,14 0.001 -1 1 14,14 0.001 0 1 14,13 0.001 1 1 22.0103 245 ::f,2,3 f,3,15 f,13,2 f,13,12 
85:1,1 0.001 0 1 2,1 0.001 -1 -1 2,2 0.001 1 1 32.0234 260 1,13 0.001 1 -1 1,14 0.001 -1 0 2,14 0.001 0 1 12.0249 185 14,1 0.001 -1 1 14,2 0.001 0 -1 13,3 0.001 0 -1 45.0257 305 13,14 0.001 -1 0 14,14 0.001 -1 1 14,13 0.001 0 1 22.0103 245 ::f,2,3 f,3,15 f,13,12 f,14,0 
86:1,1 0.001 0 1 2,1 0.001 -1 -1 2,2 0.001 1 1 32.0234 260 1,13 0.001 1 0 1,14 0.001 -1 0 2,14 0.001 0 1 12.0249 185 14,1 0.001 -1 0 14,2 0.001 0 -1 13,3 0.001 1 -1 45.0257 305 13,14 0.001 -1 0 14,14 0.001 -1 1 14,13 0.001 0 1 22.0103 245 ::f,2,3 f,3,15 f,13,12 f,14,0 
87:1,1 0.001 -1 1 2,1 0.001 0 -1 2,2 0.001 0 1 32.0234 260 2,13 0.001 1 0 1,14 0.001 -1 -1 2,14 0.001 -1 1 12.0259 185 14,1 0.001 -1 0 14,2 0.001 0 -1 13,3 0.001 1 -1 45.0257 305 13,14 0.001 -1 -1 14,14 0.001 -1 0 14,13 0.001 0 1 22.0103 245 ::f,2,3 f,3,15 f,13,12 f,14,0 
88:1,1 0.001 -1 1 2,1 0.001 0 -1 2,2 0.001 0 1 34.0235 275 2,13 0.001 1 0 1,14 0.001 -1 -1 2,14 0.001 -1 1 12.0259 185 14,1 0.001 -1 -1 14,2 0.001 1 -1 13,3 0.001 1 0 45.0257 305 13,14 0.001 -1 -1 14,14 0.001 -1 0 14,13 0.001 -1 1 22.0103 245 ::f,1,3 f,3,15 f,13,12 f,14,0 
89:1,1 0.001 -1 0 2,1 0.001 1 -1 2,2 0.001 -1 1 34.0235 275 2,13 0.001 1 1 1,14 0.001 0 -1 2,14 0.001 -1 0 12.0259 185 14,1 0.001 -1 -1 14,2 0.001 1 -1 13,3 0.001 1 0 45.0257 305 13,14 0.001 0 -1 14,14 0.001 -1 0 14,13 0.001 -1 1 22.0103 245 ::f,1,3 f,3,15 f,13,12 f,14,0 
90:1,1 0.001 -1 0 2,1 0.001 1 -1 2,2 0.001 -1 1 37.0236 290 2,13 0.001 1 1 1,13 0.001 0 -1 1,14 0.001 -1 0 12.0279 185 14,1 0.001 0 -1 14,2 0.001 1 0 13,3 0.001 1 1 45.0257 305 13,13 0.001 0 -1 14,14 0.001 -1 -1 14,13 0.001 -1 0 22.0113 245 ::f,0,1 f,3,15 f,13,12 f,14,0 
91:1,1 0.001 -1 -1 2,1 0.001 1 0 2,2 0.001 -1 0 37.0236 290 2,13 0.001 0 1 1,13 0.001 0 -1 1,14 0.001 -1 0 12.0279 185 14,1 0.001 0 -1 14,2 0.001 1 0 13,3 0.001 1 1 52.0258 320 13,13 0.001 0 -1 14,14 0.001 -1 -1 14,13 0.001 -1 0 26.0114 260 ::f,0,1 f,3,15 f,12,3 f,13,15 
92:1,1 0.001 -1 -1 2,1 0.001 1 0 1,2 0.001 -1 0 37.0246 290 2,14 0.001 0 1 1,13 0.001 1 -1 1,14 0.001 -1 -1 12.0289 185 14,1 0.001 1 -1 14,2 0.001 1 1 13,3 0.001 0 1 52.0258 320 13,13 0.001 1 -1 14,14 0.001 0 -1 14,13 0.001 -1 -1 26.0114 260 ::f,0,1 f,3,15 f,12,3 f,13,15 
93:1,1 0.001 0 -1 2,1 0.001 1 1 1,2 0.001 -1 0 37.0246 290 2,14 0.001 0 1 1,13 0.001 1 -1 1,14 0.001 -1 -1 12.0289 185 14,1 0.001 1 -1 14,2 0.001 1 1 13,3 0.001 0 1 52.0258 320 13,13 0.001 1 -1 14,14 0.001 0 -1 14,13 0.001 -1 -1 26.0114 260 ::f,0,1 f,3,15 f,12,3 f,13,15 
94:1,1 0.001 0 -1 2,1 0.001 1 1 1,2 0.001 -1 -1 37.0246 290 2,14 0.001 -1 1 1,13 0.001 1 0 1,14 0.001 0 -1 12.0289 185 14,1 0.001 1 0 14,2 0.001 0 1 13,3 0.001 -1 1 52.0258 320 13,13 0.001 1 0 14,14 0.001 1 -1 14,13 0.001 0 -1 26.0114 260 ::f,0,1 f,3,15 f,12,3 f,13,15 
95:1,1 0.001 1 -1 2,1 0.001 0 1 1,2 0.001 -1 -1 41.0247 305 2,14 0.001 -1 1 2,13 0.001 1 0 1,13 0.001 0 -1 12.0309 185 14,1 0.001 1 0 14,2 0.001 0 1 13,3 0.001 -1 1 52.0258 320 13,13 0.001 1 0 14,14 0.001 1 -1 14,13 0.001 0 -1 26.0114 260 ::f,1,3 f,3,15 f,12,3 f,13,15 
96:1,1 0.001 1 -1 2,2 0.001 0 1 1,2 0.001 0 -1 41.0257 305 2,14 0.001 -1 0 2,13 0.001 1 0 1,13 0.001 0 -1 12.0309 185 14,1 0.001 1 1 14,2 0.001 -1 1 13,3 0.001 -1 0 52.0258 320 13,13 0.001 1 0 14,14 0.001 1 0 14,13 0.001 1 -1 26.0114 260 ::f,1,3 f,3,15 f,12,3 f,13,15 
97:1,1 0.001 1 0 2,2 0.001 0 1 1,2 0.001 0 -1 41.0257 305 1,14 0.001 -1 0 2,13 0.001 1 1 1,13 0.001 1 -1 12.0319 185 14,1 0.001 1 1 14,2 0.001 -1 1 13,3 0.001 -1 0 59.0259 335 13,13 0.001 1 1 14,14 0.001 1 0 14,13 0.001 1 -1 26.0114 260 ::f,1,3 f,3,15 f,12,3 f,13,15 
98:2,1 0.001 1 0 2,2 0.001 -1 1 1,2 0.001 0 -1 41.0267 305 1,14 0.001 -1 0 2,13 0.001 1 1 1,13 0.001 1 -1 12.0319 185 14,1 0.001 0 1 14,2 0.001 -1 0 13,3 0.001 -1 -1 59.0259 335 13,13 0.001 1 1 14,14 0.001 1 1 14,13 0.001 1 0 26.0114 260 ::f,1,3 f,3,15 f,12,3 f,13,15 
99:2,1 0.001 1 0 2,2 0.001 -1 1 1,2 0.001 1 -1 48.0268 320 1,14 0.001 -1 -1 2,13 0.001 0 1 1,13 0.001 1 0 12.0319 185 14,1 0.001 0 1 13,2 0.001 -1 0 13,3 0.001 -1 -1 59.0269 335 13,13 0.001 0 1 14,14 0.001 1 1 14,13 0.001 1 0 26.0114 260 ::f,3,2 f,3,15 f,12,3 f,13,15 
100:2,1 0.001 1 1 2,2 0.001 -1 0 1,2 0.001 1 -1 48.0268 320 1,14 0.001 -1 -1 2,14 0.001 0 1 2,13 0.001 1 0 12.0339 185 14,1 0.001 0 1 13,2 0.001 -1 0 13,3 0.001 0 -1 59.0269 335 13,14 0.001 0 1 14,14 0.001 0 1 14,13 0.001 1 1 26.0124 260 ::f,3,2 f,3,15 f,12,3 f,13,15 
101:2,1 0.001 1 1 2,2 0.001 -1 0 1,2 0.001 1 0 53.0269 335 1,14 0.001 0 -1 2,14 0.001 0 1 2,13 0.001 1 0 12.0339 185 14,1 0.001 -1 1 13,2 0.001 -1 -1 13,3 0.001 0 -1 59.0269 335 13,14 0.001 0 1 14,14 0.001 0 1 14,13 0.001 1 1 31.0125 275 ::f,1,1 f,3,15 f,12,3 f,15,15 
102:2,1 0.001 0 1 2,2 0.001 -1 0 1,2 0.001 1 0 53.0269 335 1,13 0.001 0 -1 2,14 0.001 -1 1 2,13 0.001 1 1 12.0349 185 14,1 0.001 -1 1 13,2 0.001 -1 -1 13,3 0.001 0 -1 59.0269 335 13,14 0.001 -1 1 14,14 0.001 -1 1 14,13 0.001 0 1 31.0125 275 ::f,1,1 f,3,15 f,12,3 f,15,15 
103:2,1 0.001 0 1 2,2 0.001 -1 -1 1,2 0.001 1 1 53.0269 335 1,13 0.001 0 -1 2,14 0.001 -1 1 2,13 0.001 1 1 12.0349 185 14,1 0.001 -1 1 13,2 0.001 0 -1 13,3 0.001 1 -1 59.0269 335 13,14 0.001 -1 1 14,14 0.001 -1 1 14,13 0.001 0 1 31.0125 275 ::f,1,1 f,3,15 f,12,3 f,15,15 
104:2,1 0.001 0 1 2,2 0.001 -1 -1 1,2 0.001 1 1 61.027 350 1,13 0.001 1 -1 2,14 0.001 -1 0 2,13 0.001 0 1 12.0349 185 14,1 0.001 -1 0 13,1 0.001 0 -1 13,3 0.001 1 -1 59.0279 335 13,14 0.001 -1 0 14,14 0.001 -1 0 14,13 0.001 0 1 31.0125 275 ::f,2,0 f,3,15 f,12,3 f,15,15 
105:2,1 0.001 -1 1 2,2 0.001 0 -1 1,2 0.001 0 1 61.027 350 1,13 0.001 1 -1 1,14 0.001 -1 0 2,14 0.001 0 1 12.0369 185 14,1 0.001 -1 0 13,1 0.001 0 -1 13,3 0.001 1 0 59.0279 335 13,14 0.001 -1 0 14,14 0.001 -1 0 14,13 0.001 -1 1 31.0125 275 ::f,2,0 f,3,15 f,12,3 f,15,15 
106:2,1 0.001 -1 1 2,2 0.001 0 -1 1,2 0.001 0 1 61.027 350 1,13 0.001 1 0 1,14 0.001 -1 0 2,14 0.001 0 1 12.0369 185 14,1 0.001 -1 -1 13,1 0.001 1 -1 13,3 0.001 1 0 59.0279 335 13,14 0.001 -1 -1 14,14 0.001 -1 0 14,13 0.001 -1 1 31.0125 275 ::f,2,0 f,3,15 f,12,3 f,15,15 
107:2,1 0.001 -1 0 2,2 0.001 0 -1 1,2 0.001 -1 1 61.027 350 2,13 0.001 1 0 1,14 0.001 -1 -1 2,14 0.001 -1 1 12.0379 185 14,1 0.001 -1 -1 13,1 0.001 1 -1 13,3 0.001 1 1 59.0279 335 13,14 0.001 -1 -1 14,14 0.001 -1 -1 14,13 0.001 -1 0 31.0125 275 ::f,2,0 f,3,15 f,12,3 f,15,15 
108:2,1 0.001 -1 0 2,2 0.001 1 -1 1,2 0.001 -1 1 61.027 350 2,13 0.001 1 0 1,14 0.001 -1 -1 2,14 0.001 -1 1 12.0379 185 14,1 0.001 0 -1 13,1 0.001 1 0 13,3 0.001 1 1 59.0279 335 13,14 0.001 0 -1 14,14 0.001 -1 -1 14,13 0.001 -1 0 31.0125 275 ::f,2,0 f,3,15 f,12,3 f,15,15 
109:2,1 0.001 -1 -1 2,2 0.001 1 -1 1,2 0.001 -1 0 61.027 350 2,13 0.001 1 1 1,14 0.001 0 -1 2,14 0.001 -1 0 12.0379 185 14,1 0.001 0 -1 13,1 0.001 1 0 13,3 0.001 0 1 59.0279 335 13,13 0.001 0 -1 14,14 0.001 0 -1 14,13 0.001 -1 -1 31.0135 275 ::f,2,0 f,3,15 f,12,3 f,15,15 
110:2,1 0.001 -1 -1 2,2 0.001 1 0 1,2 0.001 -1 0 61.027 350 2,13 0.001 1 1 1,13 0.001 0 -1 1,14 0.001 -1 0 12.0399 185 14,1 0.001 1 -1 13,1 0.001 1 0 13,3 0.001 0 1 59.0279 335 13,13 0.001 0 -1 14,14 0.001 0 -1 14,13 0.001 -1 -1 31.0135 275 ::f,2,0 f,3,15 f,12,3 f,15,15 
111:2,1 0.001 0 -1 2,2 0.001 1 0 1,2 0.001 -1 -1 61.027 350 2,13 0.001 0 1 1,13 0.001 0 -1 1,14 0.001 -1 0 12.0399 185 14,1 0.001 1 -1 13,1 0.001 1 1 13,3 0.001 -1 1 59.0279 335 13,13 0.001 1 -1 14,14 0.001 1 -1 14,13 0.001 0 -1 31.0135 275 ::f,2,0 f,3,15 f,12,3 f,15,15 
112:2,1 0.001 0 -1 2,2 0.001 1 1 1,2 0.001 -1 -1 67.0271 365 2,14 0.001 0 1 1,13 0.001 1 -1 1,14 0.001 -1 -1 12.0409 185 14,1 0.001 1 0 13,1 0.001 1 1 13,3 0.001 -1 1 59.0279 335 13,13 0.001 1 -1 14,14 0.001 1 -1 14,13 0.001 0 -1 31.0135 275 ::f,3,3 f,3,15 f,12,3 f,15,15 
113:2,1 0.001 1 -1 2,2 0.001 1 1 1,2 0.001 0 -1 76.0272 380 2,14 0.001 0 1 1,13 0.001 1 -1 1,14 0.001 -1 -1 12.0409 185 14,1 0.001 1 0 13,1 0.001 0 1 13,3 0.001 -1 0 59.0279 335 13,13 0.001 1 0 14,14 0.001 1 0 14,13 0.001 1 -1 31.0135 275 ::f,3,1 f,3,15 f,12,3 f,15,15 
114:2,1 0.001 1 -1 2,2 0.001 0 1 1,1 0.001 0 -1 76.0282 380 2,14 0.001 -1 1 1,13 0.001 1 0 1,14 0.001 0 -1 12.0409 185 14,1 0.001 1 1 13,2 0.001 0 1 13,3 0.001 -1 0 67.029 350 13,13 0.001 1 0 14,14 0.001 1 0 14,13 0.001 1 -1 31.0135 275 ::f,3,1 f,3,15 f,12,3 f,15,15 
115:2,1 0.001 1 0 2,2 0.001 0 1 1,1 0.001 0 -1 76.0282 380 2,14 0.001 -1 1 2,13 0.001 1 0 1,13 0.001 0 -1 12.0429 185 14,1 0.001 1 1 13,2 0.001 0 1 13,3 0.001 -1 -1 67.029 350 13,13 0.001 1 0 14,14 0.001 1 1 14,13 0.001 1 0 31.0135 275 ::f,3,1 f,3,15 f,12,3 f,15,15 
116:2,1 0.001 1 0 2,2 0.001 -1 1 1,1 0.001 1 -1 83.0283 395 2,14 0.001 -1 0 2,13 0.001 1 0 1,13 0.001 0 -1 12.0429 185 14,1 0.001 0 1 13,2 0.001 -1 1 13,3 0.001 -1 -1 67.029 350 13,13 0.001 1 1 14,14 0.001 1 1 14,13 0.001 1 0 35.0136 290 ::f,3,2 f,3,15 f,12,3 f,14,15 
117:2,1 0.001 1 1 2,2 0.001 -1 1 1,1 0.001 1 -1 83.0283 395 1,14 0.001 -1 0 2,13 0.001 1 1 1,13 0.001 1 -1 12.0439 185 14,2 0.001 0 1 13,2 0.001 -1 1 13,3 0.001 0 -1 70.0301 365 13,13 0.001 1 1 14,14 0.001 0 1 14,13 0.001 1 1 35.0136 290 ::f,3,2 f,3,15 f,14,15 f,15,3 
118:2,1 0.001 1 1 2,2 0.001 -1 0 1,1 0.001 1 0 91.0284 410 1,14 0.001 -1 0 2,13 0.001 1 1 1,13 0.001 1 -1 12.0439 185 14,2 0.001 0 1 13,2 0.001 -1 0 13,3 0.001 0 -1 70.0301 365 13,13 0.001 0 1 14,14 0.001 0 1 14,13 0.001 1 1 40.0137 305 ::f,2,3 f,3,15 f,13,15 f,15,3 
119:2,1 0.001 0 1 1,2 0.001 -1 0 1,1 0.001 1 0 91.0294 410 1,14 0.001 -1 -1 2,13 0.001 0 1 1,13 0.001 1 0 12.0439 185 14,2 0.001 -1 1 13,2 0.001 -1 0 13,3 0.001 0 -1 70.0301 365 13,14 0.001 0 1 14,14 0.001 -1 1 14,13 0.001 0 1 40.0147 305 ::f,2,3 f,3,15 f,13,15 f,15,3 
120:2,2 0.001 0 1 1,2 0.001 -1 0 1,1 0.001 1 0 91.0304 410 1,14 0.001 -1 -1 2,14 0.001 0 1 2,13 0.001 1 0 12.0459 185 14,2 0.001 -1 1 13,2 0.001 -1 -1 13,3 0.001 1 -1 70.0301 365 13,14 0.001 0 1 14,14 0.001 -1 1 14,13 0.001 0 1 46.0148 320 ::f,2,3 f,3,15 f,14,15 f,15,3 
121:2,2 0.001 0 1 1,2 0.001 -1 -1 1,1 0.001 1 1 100.031 425 1,14 0.001 0 -1 2,14 0.001 0 1 2,13 0.001 1 0 12.0459 185 14,2 0.001 -1 0 13,2 0.001 -1 -1 13,3 0.001 1 -1 70.0301 365 13,14 0.001 -1 1 14,14 0.001 -1 0 14,13 0.001 0 1 46.0148 320 ::f,3,0 f,3,15 f,14,15 f,15,3 
122:2,2 0.001 -1 1 1,2 0.001 -1 -1 1,1 0.001 1 1 100.031 425 1,13 0.001 0 -1 2,14 0.001 -1 1 2,13 0.001 1 1 12.0469 185 14,2 0.001 -1 0 13,2 0.001 0 -1 13,3 0.001 1 0 70.0301 365 13,14 0.001 -1 1 14,14 0.001 -1 0 14,13 0.001 -1 1 46.0148 320 ::f,3,0 f,3,15 f,14,15 f,15,3 
123:2,2 0.001 -1 1 1,2 0.001 0 -1 1,1 0.001 0 1 100.031 425 1,13 0.001 0 -1 2,14 0.001 -1 1 2,13 0.001 1 1 12.0469 185 14,2 0.001 -1 0 13,1 0.001 0 -1 14,3 0.001 1 0 70.0321 365 13,14 0.001 -1 0 14,14 0.001 -1 0 14,13 0.001 -1 1 46.0148 320 ::f,3,0 f,3,15 f,14,15 f,15,3 
124:2,2 0.001 -1 0 1,2 0.001 0 -1 1,1 0.001 0 1 100.031 425 1,13 0.001 1 -1 2,14 0.001 -1 0 2,13 0.001 0 1 12.0469 185 14,2 0.001 -1 -1 13,1 0.001 0 -1 14,3 0.001 1 0 79.0322 380 13,14 0.001 -1 0 14,14 0.001 -1 -1 14,13 0.001 -1 0 46.0148 320 ::f,3,0 f,3,15 f,12,0 f,14,15 
125:2,2 0.001 -1 0 1,2 0.001 0 -1 1,1 0.001 -1 1 100.031 425 1,13 0.001 1 -1 1,14 0.001 -1 0 2,14 0.001 0 1 12.0489 185 14,2 0.001 -1 -1 13,1 0.001 1 -1 14,3 0.001 1 1 79.0322 380 13,14 0.001 -1 -1 14,14 0.001 -1 -1 14,13 0.001 -1 0 46.0148 320 ::f,3,0 f,3,15 f,12,0 f,14,15 
126:2,2 0.001 -1 0 1,2 0.001 1 -1 1,1 0.001 -1 1 100.031 425 1,13 0.001 1 0 1,14 0.001 -1 0 2,14 0.001 0 1 12.0489 185 14,2 0.001 -1 -1 13,1 0.001 1 -1 14,3 0.001 1 1 79.0322 380 13,14 0.001 -1 -1 14,14 0.001 0 -1 14,13 0.001 -1 -1 46.0148 320 ::f,3,0 f,3,15 f,12,0 f,14,15 
127:2,2 0.001 -1 -1 2,1 0.001 1 -1 1,1 0.001 -1 0 100.032 425 2,13 0.001 1 0 1,14 0.001 -1 -1 2,14 0.001 -1 1 12.0499 185 14,2 0.001 0 -1 13,1 0.001 1 0 14,3 0.001 0 1 79.0322 380 13,14 0.001 0 -1 14,14 0.001 0 -1 14,13 0.001 -1 -1 46.0148 320 ::f,3,0 f,3,15 f,12,0 f,14,15 
128:2,2 0.001 -1 -1 2,1 0.001 1 -1 1,1 0.001 -1 0 110.032 440 2,13 0.001 1 0 1,14 0.001 -1 -1 2,14 0.001 -1 1 12.0499 185 14,2 0.001 0 -1 14,1 0.001 1 0 14,3 0.001 0 1 79.0332 380 13,13 0.001 0 -1 14,14 0.001 1 -1 14,13 0.001 0 -1 46.0158 320 ::f,1,3 f,3,15 f,12,0 f,14,15 
129:2,2 0.001 0 -1 2,1 0.001 1 0 1,1 0.001 -1 -1 110.032 440 2,13 0.001 1 1 1,14 0.001 0 -1 2,14 0.001 -1 0 12.0499 185 14,2 0.001 1 -1 14,1 0.001 1 0 14,3 0.001 -1 1 79.0332 380 13,13 0.001 0 -1 14,14 0.001 1 -1 14,13 0.001 0 -1 46.0158 320 ::f,1,3 f,3,15 f,12,0 f,14,15 
130:2,2 0.001 0 -1 2,1 0.001 1 0 1,1 0.001 -1 -1 110.032 440 2,13 0.001 1 1 1,13 0.001 0 -1 1,14 0.001 -1 0 12.0519 185 14,2 0.001 1 -1 14,1 0.001 1 1 14,3 0.001 -1 1 79.0332 380 13,13 0.001 1 -1 14,14 0.001 1 0 14,13 0.001 1 -1 46.0158 320 ::f,1,3 f,3,15 f,12,0 f,14,15 
131:2,2 0.001 1 -1 2,1 0.001 1 1 1,1 0.001 0 -1 110.032 440 2,13 0.001 0 1 1,13 0.001 0 -1 1,14 0.001 -1 0 12.0519 185 14,2 0.001 1 0 14,1 0.001 1 1 14,3 0.001 -1 0 79.0332 380 13,13 0.001 1 -1 14,14 0.001 1 0 14,13 0.001 1 -1 46.0158 320 ::f,1,3 f,3,15 f,12,0 f,14,15 
132:2,2 0.001 1 -1 2,1 0.001 1 1 1,1 0.001 0 -1 110.032 440 2,14 0.001 0 1 1,13 0.001 1 -1 1,14 0.001 -1 -1 12.0529 185 14,2 0.001 1 0 14,1 0.001 0 1 13,3 0.001 -1 0 79.0342 380 13,13 0.001 1 0 14,14 0.001 1 1 14,13 0.001 1 0 46.0158 320 ::f,1,3 f,3,15 f,12,0 f,14,15 
133:2,2 0.001 1 0 2,1 0.001 0 1 1,1 0.001 1 -1 110.032 440 2,14 0.001 0 1 1,13 0.001 1 -1 1,14 0.001 -1 -1 12.0529 185 14,2 0.001 1 1 14,1 0.001 0 1 13,3 0.001 -1 0 79.0342 380 13,13 0.001 1 0 14,14 0.001 1 1 14,13 0.001 1 0 46.0158 320 ::f,1,3 f,3,15 f,12,0 f,14,15 
134:2,2 0.001 1 0 2,1 0.001 0 1 1,1 0.001 1 -1 110.032 440 2,14 0.001 -1 1 1,13 0.001 1 0 1,14 0.001 0 -1 12.0529 185 14,2 0.001 1 1 14,1 0.001 0 1 13,3 0.001 -1 -1 79.0342 380 13,13 0.001 1 0 14,14 0.001 0 1 14,13 0.001 1 1 46.0158 320 ::f,1,3 f,3,15 f,12,0 f,14,15 
135:2,2 0.001 1 1 2,1 0.001 0 1 1,1 0.001 1 0 110.032 440 2,14 0.001 -1 1 2,13 0.001 1 0 1,13 0.001 0 -1 12.0549 185 14,2 0.001 0 1 14,1 0.001 -1 1 13,3 0.001 -1 -1 79.0342 380 13,13 0.001 1 1 14,14 0.001 0 1 14,13 0.001 1 1 52.0159 335 ::f,1,3 f,3,15 f,12,0 f,15,12 
136:2,2 0.001 1 1 2,1 0.001 -1 1 1,1 0.001 1 0 110.032 440 2,14 0.001 -1 0 2,13 0.001 1 0 1,13 0.001 0 -1 12.0549 185 14,2 0.001 0 1 14,1 0.001 -1 1 13,3 0.001 0 -1 79.0342 380 13,13 0.001 1 1 14,14 0.001 -1 1 14,13 0.001 0 1 52.0159 335 ::f,1,3 f,3,15 f,12,0 f,15,12 
137:2,2 0.001 0 1 2,1 0.001 -1 1 1,1 0.001 1 0 110.032 440 1,14 0.001 -1 0 2,13 0.001 1 1 1,13 0.001 1 -1 12.0559 185 14,2 0.001 -1 1 14,1 0.001 -1 0 13,2 0.001 0 -1 79.0352 380 13,13 0.001 0 1 14,14 0.001 -1 1 14,13 0.001 0 1 52.0159 335 ::f,1,3 f,3,15 f,12,0 f,15,12 
138:2,2 0.001 0 1 2,1 0.001 -1 0 1,1 0.001 1 1 110.032 440 1,14 0.001 -1 0 2,13 0.001 1 1 1,13 0.001 1 -1 12.0559 185 14,2 0.001 -1 1 14,1 0.001 -1 0 13,2 0.001 0 -1 79.0352 380 13,13 0.001 0 1 14,14 0.001 -1 0 14,13 0.001 0 1 52.0159 335 ::f,1,3 f,3,15 f,12,0 f,15,12 
139:2,2 0.001 -1 1 2,1 0.001 -1 0 1,1 0.001 1 1 110.032 440 1,14 0.001 -1 -1 2,13 0.001 0 1 1,13 0.001 1 0 12.0559 185 14,2 0.001 -1 0 14,1 0.001 -1 -1 13,2 0.001 1 -1 79.0352 380 13,13 0.001 -1 1 13,14 0.001 -1 0 14,13 0.001 -1 1 52.0169 335 ::f,1,3 f,3,15 f,12,0 f,15,12 
140:2,2 0.001 -1 1 2,1 0.001 -1 -1 1,1 0.001 0 1 120.032 455 1,14 0.001 -1 -1 2,14 0.001 0 1 2,13 0.001 1 0 12.0579 185 14,2 0.001 -1 0 14,1 0.001 -1 -1 13,2 0.001 1 -1 79.0352 380 13,13 0.001 -1 1 13,14 0.001 -1 0 14,13 0.001 -1 1 52.0169 335 ::f,1,2 f,3,15 f,12,0 f,15,12 
141:2,2 0.001 -1 0 2,1 0.001 -1 -1 1,1 0.001 0 1 125.032 470 1,14 0.001 0 -1 2,14 0.001 0 1 2,13 0.001 1 0 12.0579 185 14,2 0.001 -1 0 14,1 0.001 0 -1 13,2 0.001 1 0 79.0352 380 13,13 0.001 -1 0 13,14 0.001 -1 -1 14,13 0.001 -1 0 52.0169 335 ::f,0,0 f,3,15 f,12,0 f,15,12 
142:1,2 0.001 -1 0 2,1 0.001 0 -1 1,1 0.001 -1 1 125.033 470 1,13 0.001 0 -1 2,14 0.001 -1 1 2,13 0.001 1 1 12.0589 185 14,2 0.001 -1 -1 14,1 0.001 0 -1 13,2 0.001 1 0 79.0352 380 13,13 0.001 -1 0 13,14 0.001 -1 -1 14,13 0.001 -1 0 52.0169 335 ::f,0,0 f,3,15 f,12,0 f,15,12 
143:1,2 0.001 -1 0 2,1 0.001 0 -1 1,1 0.001 -1 1 125.033 470 1,13 0.001 0 -1 2,14 0.001 -1 1 2,13 0.001 1 1 12.0589 185 13,1 0.001 -1 -1 14,1 0.001 1 -1 13,2 0.001 1 1 79.0362 380 13,13 0.001 -1 -1 13,14 0.001 0 -1 14,13 0.001 -1 -1 52.0169 335 ::f,0,0 f,3,15 f,12,0 f,15,12 
144:1,2 0.001 -1 -1 2,1 0.001 1 -1 1,1 0.001 -1 0 125.033 470 1,13 0.001 1 -1 2,14 0.001 -1 0 2,13 0.001 0 1 12.0589 185 13,1 0.001 -1 -1 14,1 0.001 1 -1 13,2 0.001 1 1 97.0364 410 13,13 0.001 -1 -1 13,14 0.001 0 -1 14,13 0.001 -1 -1 52.0169 335 ::f,0,0 f,3,15 f,12,0 f,15,12 
145:1,2 0.001 -1 -1 2,1 0.001 1 -1 1,1 0.001 -1 0 125.033 470 1,13 0.001 1 -1 1,14 0.001 -1 0 2,14 0.001 0 1 12.0609 185 13,1 0.001 0 -1 14,1 0.001 1 0 13,2 0.001 0 1 97.0364 410 13,13 0.001 0 -1 13,14 0.001 0 -1 14,13 0.001 0 -1 52.0169 335 ::f,0,0 f,3,15 f,12,0 f,15,12 
146:1,2 0.001 0 -1 2,1 0.001 1 0 1,1 0.001 -1 -1 125.033 470 1,13 0.001 1 0 1,14 0.001 -1 0 2,14 0.001 0 1 12.0609 185 13,1 0.001 0 -1 14,1 0.001 1 0 13,2 0.001 0 1 97.0364 410 13,13 0.001 0 -1 13,14 0.001 1 -1 14,13 0.001 0 -1 52.0169 335 ::f,0,0 f,3,15 f,12,0 f,15,12 
147:1,2 0.001 0 -1 2,1 0.001 1 0 1,1 0.001 -1 -1 131.033 485 2,13 0.001 1 0 1,14 0.001 -1 -1 2,14 0.001 -1 1 12.0619 185 13,1 0.001 1 -1 14,1 0.001 1 1 13,2 0.001 -1 1 97.0364 410 13,13 0.001 1 -1 13,14 0.001 1 -1 14,13 0.001 1 -1 52.0169 335 ::f,0,3 f,3,15 f,12,0 f,15,12 
148:1,2 0.001 0 -1 2,1 0.001 1 1 1,1 0.001 0 -1 131.033 485 2,13 0.001 1 0 1,14 0.001 -1 -1 2,14 0.001 -1 1 12.0619 185 13,1 0.001 1 -1 14,1 0.001 1 1 13,2 0.001 -1 1 97.0364 410 13,13 0.001 1 -1 13,14 0.001 1 -1 14,13 0.001 1 -1 57.017 350 ::f,0,3 f,3,15 f,12,0 f,15,12 
149:1,2 0.001 1 -1 2,1 0.001 1 1 1,1 0.001 0 -1 131.033 485 2,13 0.001 1 1 1,14 0.001 0 -1 2,14 0.001 -1 0 12.0619 185 13,1 0.001 1 0 14,1 0.001 0 1 13,2 0.001 -1 0 97.0364 410 13,13 0.001 1 0 13,14 0.001 1 0 14,13 0.001 1 0 57.017 350 ::f,0,3 f,3,15 f,12,0 f,15,12 
150:1,2 0.001 1 -1 2,1 0.001 0 1 1,1 0.001 1 -1 131.033 485 2,13 0.001 1 1 1,13 0.001 0 -1 1,14 0.001 -1 0 12.0639 185 13,1 0.001 1 0 14,2 0.001 0 1 13,2 0.001 -1 0 97.0374 410 13,13 0.001 1 0 13,14 0.001 1 0 14,13 0.001 1 0 57.017 350 ::f,0,3 f,3,15 f,12,0 f,15,12 
151:1,2 0.001 1 0 2,2 0.001 0 1 1,1 0.001 1 -1 131.034 485 2,13 0.001 0 1 1,13 0.001 0 -1 1,14 0.001 -1 0 12.0639 185 13,1 0.001 1 0 14,2 0.001 0 1 13,2 0.001 -1 -1 97.0374 410 13,13 0.001 1 0 13,14 0.001 1 1 14,13 0.001 1 1 57.017 350 ::f,0,3 f,3,15 f,12,0 f,15,12 
152:1,2 0.001 1 0 2,2 0.001 0 1 1,1 0.001 1 0 131.034 485 2,14 0.001 0 1 1,13 0.001 1 -1 1,14 0.001 -1 -1 12.0649 185 13,1 0.001 1 1 14,2 0.001 -1 1 13,2 0.001 -1 -1 97.0374 410 13,13 0.001 1 1 13,14 0.001 1 1 14,13 0.001 1 1 57.017 350 ::f,0,3 f,3,15 f,12,0 f,15,12 
153:1,2 0.001 1 1 2,2 0.001 -1 1 2,1 0.001 1 0 131.035 485 2,14 0.001 0 1 1,13 0.001 1 -1 1,14 0.001 -1 -1 12.0649 185 13,1 0.001 1 1 14,2 0.001 -1 1 13,2 0.001 0 -1 97.0374 410 13,13 0.001 1 1 13,14 0.001 0 1 14,13 0.001 0 1 57.017 350 ::f,0,3 f,3,15 f,12,0 f,15,12 
154:1,2 0.001 1 1 2,2 0.001 -1 1 2,1 0.001 1 0 131.035 485 2,14 0.001 -1 1 1,13 0.001 1 0 1,14 0.001 0 -1 12.0649 185 13,1 0.001 0 1 14,2 0.001 -1 0 13,2 0.001 0 -1 97.0374 410 13,13 0.001 0 1 13,14 0.001 0 1 14,14 0.001 0 1 57.018 350 ::f,0,3 f,3,15 f,12,0 f,15,12 
155:1,2 0.001 0 1 2,2 0.001 -1 0 2,1 0.001 1 1 131.035 485 2,14 0.001 -1 1 2,13 0.001 1 0 1,13 0.001 0 -1 12.0669 185 13,1 0.001 0 1 14,2 0.001 -1 0 13,2 0.001 0 -1 97.0374 410 13,13 0.001 0 1 13,14 0.001 -1 1 14,14 0.001 0 1 57.018 350 ::f,0,3 f,3,15 f,12,0 f,15,12 
156:1,2 0.001 0 1 2,2 0.001 -1 0 2,1 0.001 1 1 131.035 485 2,14 0.001 -1 0 2,13 0.001 1 0 1,13 0.001 0 -1 12.0669 185 13,1 0.001 -1 1 14,2 0.001 -1 0 13,2 0.001 1 -1 97.0374 410 13,13 0.001 -1 1 13,14 0.001 -1 1 14,14 0.001 -1 1 57.018 350 ::f,0,3 f,3,15 f,12,0 f,15,12 
157:1,2 0.001 -1 1 2,2 0.001 -1 0 2,1 0.001 0 1 131.035 485 1,14 0.001 -1 0 2,13 0.001 1 1 1,13 0.001 1 -1 12.0679 185 13,1 0.001 -1 1 14,2 0.001 -1 -1 13,2 0.001 1 -1 97.0374 410 13,13 0.001 -1 1 13,14 0.001 -1 0 14,14 0.001 -1 1 57.018 350 ::f,0,3 f,3,15 f,12,0 f,15,12 
158:1,2 0.001 -1 1 2,2 0.001 -1 -1 2,1 0.001 0 1 141.035 500 1,14 0.001 -1 0 2,13 0.001 1 1 1,13 0.001 1 -1 12.0679 185 13,1 0.001 -1 0 14,2 0.001 -1 -1 13,2 0.001 1 0 97.0374 410 13,13 0.001 -1 0 13,14 0.001 -1 0 14,14 0.001 -1 0 57.018 350 ::f,2,0 f,3,15 f,12,0 f,15,12 
159:1,2 0.001 -1 0 2,2 0.001 -1 -1 2,1 0.001 0 1 141.035 500 1,14 0.001 -1 -1 2,13 0.001 0 1 1,13 0.001 1 0 12.0679 185 13,1 0.001 -1 0 14,2 0.001 -1 -1 13,2 0.001 1 0 97.0374 410 13,13 0.001 -1 0 13,14 0.001 -1 -1 14,14 0.001 -1 0 57.018 350 ::f,2,0 f,3,15 f,12,0 f,15,12 
160:1,2 0.001 -1 0 2,2 0.001 0 -1 2,1 0.001 -1 1 141.035 500 1,14 0.001 -1 -1 2,14 0.001 0 1 2,13 0.001 1 0 12.0699 185 13,1 0.001 -1 -1 14,2 0.001 0 -1 13,2 0.001 1 1 97.0374 410 13,13 0.001 -1 -1 13,14 0.001 -1 -1 14,14 0.001 -1 0 57.018 350 ::f,2,0 f,3,15 f,12,0 f,15,12 
161:1,2 0.001 -1 -1 2,2 0.001 0 -1 2,1 0.001 -1 1 141.035 500 1,14 0.001 0 -1 2,14 0.001 0 1 2,13 0.001 1 0 12.0699 185 13,1 0.001 -1 -1 14,2 0.001 0 -1 13,2 0.001 1 1 106.038 425 13,13 0.001 -1 -1 13,14 0.001 0 -1 14,14 0.001 -1 -1 57.018 350 ::f,2,0 f,3,15 f,15,2 f,15,12 
162:1,2 0.001 -1 -1 2,2 0.001 0 -1 2,1 0.001 -1 0 141.035 500 1,13 0.001 0 -1 2,14 0.001 -1 1 2,13 0.001 1 1 12.0709 185 13,1 0.001 0 -1 14,2 0.001 1 -1 13,2 0.001 0 1 106.038 425 13,13 0.001 0 -1 13,14 0.001 0 -1 14,14 0.001 -1 -1 57.018 350 ::f,2,0 f,3,15 f,15,2 f,15,12 
163:1,2 0.001 0 -1 2,2 0.001 1 -1 2,1 0.001 -1 0 141.035 500 1,13 0.001 0 -1 2,14 0.001 -1 1 2,13 0.001 1 1 12.0709 185 13,1 0.001 0 -1 14,2 0.001 1 -1 13,2 0.001 0 1 106.038 425 13,13 0.001 0 -1 13,14 0.001 0 -1 14,14 0.001 0 -1 57.018 350 ::f,2,0 f,3,15 f,15,2 f,15,12 
164:1,1 0.001 0 -1 2,2 0.001 1 -1 2,1 0.001 -1 -1 141.036 500 1,13 0.001 1 -1 2,14 0.001 -1 0 2,13 0.001 0 1 12.0709 185 13,1 0.001 1 -1 14,2 0.001 1 0 13,2 0.001 -1 1 106.038 425 13,13 0.001 1 -1 13,14 0.001 1 -1 14,14 0.001 0 -1 57.018 350 ::f,2,0 f,3,15 f,15,2 f,15,12 
165:1,1 0.001 0 -1 2,2 0.001 1 0 2,1 0.001 -1 -1 141.036 500 1,13 0.001 1 -1 1,14 0.001 -1 0 2,14 0.001 0 1 12.0729 185 13,1 0.001 1 -1 14,2 0.001 1 0 13,2 0.001 -1 1 110.038 440 13,13 0.001 1 -1 14,13 0.001 1 -1 14,14 0.001 1 -1 57.019 350 ::f,2,0 f,3,15 f,15,0 f,15,12 
166:1,1 0.001 1 -1 2,2 0.001 1 0 2,1 0.001 0 -1 141.036 500 1,13 0.001 1 0 1,14 0.001 -1 0 2,14 0.001 0 1 12.0729 185 13,1 0.001 1 0 14,2 0.001 1 1 13,2 0.001 -1 0 110.038 440 13,13 0.001 1 0 14,13 0.001 1 -1 14,14 0.001 1 -1 64.0191 365 ::f,2,0 f,3,15 f,15,0 f,15,12 
167:1,1 0.001 1 -1 2,2 0.001 1 1 2,1 0.001 0 -1 151.036 515 2,13 0.001 1 0 1,14 0.001 -1 -1 2,14 0.001 -1 1 12.0739 185 14,1 0.001 1 0 14,2 0.001 1 1 13,2 0.001 -1 0 110.039 440 13,13 0.001 1 0 14,13 0.001 1 0 14,14 0.001 1 0 64.0191 365 ::f,1,2 f,3,15 f,15,0 f,15,12 
168:1,1 0.001 1 0 2,2 0.001 1 1 2,1 0.001 1 -1 151.036 515 2,13 0.001 1 0 1,14 0.001 -1 -1 2,14 0.001 -1 1 12.0739 185 14,1 0.001 1 0 14,2 0.001 0 1 13,2 0.001 -1 -1 110.039 440 13,13 0.001 1 0 14,13 0.001 1 0 14,14 0.001 1 0 64.0191 365 ::f,1,2 f,3,15 f,15,0 f,15,12 
169:1,1 0.001 1 0 2,2 0.001 0 1 2,1 0.001 1 -1 151.036 515 2,13 0.001 1 1 1,14 0.001 0 -1 2,14 0.001 -1 0 12.0739 185 14,1 0.001 1 1 14,2 0.001 0 1 13,2 0.001 -1 -1 110.039 440 13,13 0.001 1 1 14,13 0.001 1 1 14,14 0.001 1 1 64.0191 365 ::f,1,2 f,3,15 f,15,0 f,15,12 
170:1,1 0.001 1 0 2,2 0.001 0 1 2,1 0.001 1 0 151.036 515 2,13 0.001 1 1 1,13 0.001 0 -1 1,14 0.001 -1 0 12.0759 185 14,1 0.001 1 1 14,2 0.001 -1 1 13,2 0.001 0 -1 110.039 440 13,13 0.001 1 1 14,13 0.001 1 1 14,14 0.001 1 1 64.0191 365 ::f,1,2 f,3,15 f,15,0 f,15,12 
171:1,1 0.001 1 1 2,2 0.001 -1 1 2,1 0.001 1 0 151.036 515 2,13 0.001 0 1 1,13 0.001 0 -1 1,14 0.001 -1 0 12.0759 185 14,1 0.001 0 1 14,2 0.001 -1 1 13,1 0.001 0 -1 110.04 440 13,13 0.001 0 1 14,13 0.001 0 1 14,14 0.001 0 1 64.0191 365 ::f,1,2 f,3,15 f,15,0 f,15,12 
172:1,1 0.001 1 1 2,2 0.001 -1 1 2,1 0.001 1 1 151.036 515 2,14 0.001 0 1 1,13 0.001 1 -1 1,14 0.001 -1 -1 12.0769 185 14,1 0.001 0 1 14,2 0.001 -1 0 13,1 0.001 0 -1 110.04 440 13,13 0.001 0 1 14,13 0.001 0 1 14,14 0.001 0 1 64.0191 365 ::f,1,2 f,3,15 f,15,0 f,15,12 
173:1,1 0.001 0 1 2,2 0.001 -1 0 2,1 0.001 1 1 151.036 515 2,14 0.001 0 1 1,13 0.001 1 -1 1,14 0.001 -1 -1 12.0769 185 14,1 0.001 0 1 13,2 0.001 -1 0 13,1 0.001 1 -1 110.041 440 13,13 0.001 -1 1 14,13 0.001 0 1 14,14 0.001 -1 1 64.0191 365 ::f,1,2 f,3,15 f,15,0 f,15,12 
174:1,1 0.001 0 1 1,2 0.001 -1 0 2,1 0.001 0 1 161.037 530 2,14 0.001 -1 1 1,13 0.001 1 0 1,14 0.001 0 -1 12.0769 185 14,1 0.001 -1 1 13,2 0.001 -1 0 13,1 0.001 1 -1 110.041 440 13,13 0.001 -1 1 14,13 0.001 -1 1 14,14 0.001 -1 1 64.0191 365 ::f,3,0 f,3,15 f,15,0 f,15,12 
175:1,1 0.001 -1 1 1,2 0.001 -1 0 2,2 0.001 0 1 161.038 530 2,14 0.001 -1 1 2,13 0.001 1 0 1,13 0.001 0 -1 12.0789 185 14,1 0.001 -1 1 13,2 0.001 -1 -1 13,1 0.001 1 0 110.041 440 13,13 0.001 -1 0 14,13 0.001 -1 1 14,14 0.001 -1 0 64.0191 365 ::f,3,0 f,3,15 f,15,0 f,15,12 
176:1,1 0.001 -1 1 1,2 0.001 -1 -1 2,2 0.001 0 1 161.038 530 2,14 0.001 -1 0 2,13 0.001 1 0 1,13 0.001 0 -1 12.0789 185 14,1 0.001 -1 0 13,2 0.001 -1 -1 13,1 0.001 1 0 110.041 440 13,13 0.001 -1 0 14,13 0.001 -1 0 13,14 0.001 -1 0 64.0201 365 ::f,3,0 f,3,15 f,15,0 f,15,12 
177:1,1 0.001 -1 0 1,2 0.001 -1 -1 2,2 0.001 -1 1 161.038 530 1,14 0.001 -1 0 2,13 0.001 1 1 1,13 0.001 1 -1 12.0799 185 14,1 0.001 -1 0 13,2 0.001 0 -1 13,1 0.001 1 0 110.041 440 13,13 0.001 -1 -1 14,13 0.001 -1 0 13,14 0.001 -1 0 64.0201 365 ::f,3,0 f,3,15 f,15,0 f,15,12 
178:1,1 0.001 -1 0 1,2 0.001 0 -1 2,2 0.001 -1 1 161.038 530 1,14 0.001 -1 0 2,13 0.001 1 1 1,13 0.001 1 -1 12.0799 185 14,1 0.001 -1 -1 13,2 0.001 0 -1 13,1 0.001 1 1 110.041 440 13,13 0.001 -1 -1 14,13 0.001 -1 -1 13,14 0.001 -1 -1 64.0201 365 ::f,3,0 f,3,15 f,15,0 f,15,12 
179:1,1 0.001 -1 -1 1,2 0.001 0 -1 2,2 0.001 -1 0 161.038 530 1,14 0.001 -1 -1 2,13 0.001 0 1 1,13 0.001 1 0 12.0799 185 14,1 0.001 -1 -1 13,2 0.001 0 -1 13,1 0.001 1 1 110.041 440 13,13 0.001 0 -1 14,13 0.001 -1 -1 13,14 0.001 -1 -1 64.0201 365 ::f,3,0 f,3,15 f,15,0 f,15,12 
180:1,1 0.001 -1 -1 1,2 0.001 0 -1 2,2 0.001 -1 0 161.038 530 1,14 0.001 -1 -1 2,14 0.001 0 1 2,13 0.001 1 0 12.0819 185 14,1 0.001 0 -1 13,2 0.001 1 -1 13,1 0.001 0 1 110.041 440 13,13 0.001 0 -1 14,13 0.001 0 -1 13,14 0.001 0 -1 64.0201 365 ::f,3,0 f,3,15 f,15,0 f,15,12 
181:1,1 0.001 0 -1 1,2 0.001 1 -1 2,2 0.001 -1 0 161.038 530 1,14 0.001 0 -1 2,14 0.001 0 1 2,13 0.001 1 0 12.0819 185 14,1 0.001 0 -1 13,2 0.001 1 -1 13,1 0.001 0 1 110.041 440 13,13 0.001 1 -1 14,13 0.001 0 -1 13,14 0.001 0 -1 64.0201 365 ::f,3,0 f,3,15 f,15,0 f,15,12 
182:1,1 0.001 0 -1 2,1 0.001 1 -1 2,2 0.001 -1 -1 161.039 530 1,13 0.001 0 -1 2,14 0.001 -1 1 2,13 0.001 1 1 12.0829 185 14,1 0.001 1 -1 13,2 0.001 1 -1 13,1 0.001 -1 1 110.041 440 13,13 0.001 1 -1 14,13 0.001 1 -1 13,14 0.001 0 -1 64.0201 365 ::f,3,0 f,3,15 f,15,0 f,15,12 
183:1,1 0.001 1 -1 2,1 0.001 1 -1 2,2 0.001 -1 -1 171.039 545 1,13 0.001 0 -1 2,14 0.001 -1 1 2,13 0.001 1 1 12.0829 185 14,1 0.001 1 -1 13,2 0.001 1 0 13,1 0.001 -1 1 130.041 470 13,13 0.001 1 0 14,13 0.001 1 -1 13,14 0.001 1 -1 72.0202 380 ::f,1,2 f,3,15 f,12,2 f,14,15 
184:1,1 0.001 1 -1 2,1 0.001 1 0 2,2 0.001 0 -1 171.039 545 1,13 0.001 1 -1 2,14 0.001 -1 0 2,13 0.001 0 1 12.0829 185 14,1 0.001 1 0 13,2 0.001 1 1 13,1 0.001 -1 0 130.041 470 13,13 0.001 1 0 14,13 0.001 1 0 13,14 0.001 1 -1 72.0202 380 ::f,1,2 f,3,15 f,12,2 f,14,15 
185:1,1 0.001 1 0 2,1 0.001 1 0 2,2 0.001 0 -1 171.039 545 1,13 0.001 1 -1 1,14 0.001 -1 0 2,14 0.001 0 1 12.0849 185 14,1 0.001 1 0 13,2 0.001 1 1 13,1 0.001 -1 0 130.041 470 13,13 0.001 1 0 14,13 0.001 1 0 13,14 0.001 1 0 72.0202 380 ::f,1,2 f,3,15 f,12,2 f,14,15 
186:1,1 0.001 1 0 2,1 0.001 1 1 2,2 0.001 1 -1 171.039 545 1,13 0.001 1 0 1,14 0.001 -1 0 2,14 0.001 0 1 12.0849 185 14,1 0.001 1 1 13,2 0.001 0 1 13,1 0.001 -1 -1 130.041 470 13,13 0.001 1 1 14,13 0.001 1 1 13,14 0.001 1 0 72.0202 380 ::f,1,2 f,3,15 f,12,2 f,14,15 
187:1,1 0.001 1 0 2,1 0.001 1 1 2,2 0.001 1 -1 171.039 545 2,13 0.001 1 0 1,14 0.001 -1 -1 2,14 0.001 -1 1 12.0859 185 14,1 0.001 1 1 13,2 0.001 0 1 13,1 0.001 -1 -1 130.041 470 13,13 0.001 1 1 14,13 0.001 1 1 13,14 0.001 1 1 72.0202 380 ::f,1,2 f,3,15 f,12,2 f,14,15 
188:1,1 0.001 1 1 2,1 0.001 0 1 2,2 0.001 1 0 171.039 545 2,13 0.001 1 0 1,14 0.001 -1 -1 2,14 0.001 -1 1 12.0859 185 14,1 0.001 0 1 13,2 0.001 -1 1 13,1 0.001 0 -1 130.041 470 13,13 0.001 0 1 14,13 0.001 0 1 13,14 0.001 1 1 78.0203 395 ::f,1,2 f,3,15 f,12,2 f,15,13 
189:1,1 0.001 1 1 2,1 0.001 0 1 2,2 0.001 1 0 171.039 545 2,13 0.001 1 1 1,14 0.001 0 -1 2,14 0.001 -1 0 12.0859 185 14,2 0.001 0 1 13,2 0.001 -1 1 13,1 0.001 0 -1 130.042 470 13,13 0.001 0 1 14,14 0.001 0 1 13,14 0.001 0 1 78.0213 395 ::f,1,2 f,3,15 f,12,2 f,15,13 
190:1,1 0.001 0 1 2,1 0.001 0 1 2,2 0.001 1 1 171.039 545 2,13 0.001 1 1 1,13 0.001 0 -1 1,14 0.001 -1 0 12.0879 185 14,2 0.001 0 1 13,2 0.001 -1 0 13,1 0.001 1 -1 130.042 470 13,13 0.001 -1 1 14,14 0.001 0 1 13,14 0.001 0 1 78.0213 395 ::f,1,2 f,3,15 f,12,2 f,15,13 
191:1,1 0.001 0 1 2,1 0.001 -1 1 2,2 0.001 1 1 181.039 560 2,13 0.001 0 1 1,13 0.001 0 -1 1,14 0.001 -1 0 12.0879 185 14,2 0.001 -1 1 13,2 0.001 -1 0 13,1 0.001 1 -1 135.042 485 13,13 0.001 -1 1 14,14 0.001 -1 1 13,14 0.001 -1 1 78.0213 395 ::f,0,2 f,3,15 f,13,3 f,15,13 
192:1,1 0.001 -1 1 2,1 0.001 -1 1 2,2 0.001 0 1 181.039 560 2,14 0.001 0 1 1,13 0.001 1 -1 1,14 0.001 -1 -1 12.0889 185 14,2 0.001 -1 1 13,2 0.001 -1 -1 13,1 0.001 1 0 145.042 500 13,13 0.001 -1 0 14,14 0.001 -1 1 13,14 0.001 -1 1 78.0213 395 ::f,0,2 f,3,15 f,15,0 f,15,13 
193:1,1 0.001 -1 1 2,1 0.001 -1 0 2,2 0.001 0 1 191.04 575 2,14 0.001 0 1 1,13 0.001 1 -1 1,14 0.001 -1 -1 12.0889 185 14,2 0.001 -1 0 13,2 0.001 -1 -1 14,1 0.001 1 0 145.043 500 13,13 0.001 -1 0 14,14 0.001 -1 0 13,14 0.001 -1 0 78.0213 395 ::f,2,0 f,3,15 f,15,0 f,15,13 
194:1,1 0.001 -1 0 2,1 0.001 -1 0 2,2 0.001 -1 1 191.04 575 2,14 0.001 -1 1 1,13 0.001 1 0 1,14 0.001 0 -1 12.0889 185 14,2 0.001 -1 0 13,2 0.001 0 -1 14,1 0.001 1 0 145.043 500 13,13 0.001 -1 -1 14,14 0.001 -1 0 13,14 0.001 -1 0 78.0213 395 ::f,2,0 f,3,15 f,15,0 f,15,13 
195:1,1 0.001 -1 0 2,1 0.001 -1 -1 2,2 0.001 -1 1 191.04 575 2,14 0.001 -1 1 2,13 0.001 1 0 1,13 0.001 0 -1 12.0909 185 14,2 0.001 -1 0 13,1 0.001 0 -1 14,1 0.001 1 1 145.044 500 13,13 0.001 -1 -1 14,14 0.001 -1 0 13,14 0.001 -1 -1 78.0213 395 ::f,2,0 f,3,15 f,15,0 f,15,13 
196:1,1 0.001 -1 -1 2,1 0.001 -1 -1 2,2 0.001 -1 0 191.04 575 2,14 0.001 -1 0 2,13 0.001 1 0 1,13 0.001 0 -1 12.0909 185 14,2 0.001 -1 -1 13,1 0.001 0 -1 14,1 0.001 1 1 145.044 500 13,13 0.001 0 -1 14,14 0.001 -1 -1 13,14 0.001 -1 -1 78.0213 395 ::f,2,0 f,3,15 f,15,0 f,15,13 
197:1,1 0.001 -1 -1 2,1 0.001 0 -1 1,2 0.001 -1 0 191.041 575 1,14 0.001 -1 0 2,13 0.001 1 1 1,13 0.001 1 -1 12.0919 185 14,2 0.001 -1 -1 13,1 0.001 1 -1 14,1 0.001 0 1 145.044 500 13,13 0.001 0 -1 14,14 0.001 -1 -1 13,14 0.001 0 -1 78.0213 395 ::f,2,0 f,3,15 f,15,0 f,15,13 
198:1,1 0.001 0 -1 2,1 0.001 0 -1 1,2 0.001 -1 0 201.041 590 1,14 0.001 -1 0 2,13 0.001 1 1 1,13 0.001 1 -1 12.0919 185 14,2 0.001 0 -1 13,1 0.001 1 -1 14,1 0.001 0 1 145.044 500 13,13 0.001 1 -1 14,14 0.001 0 -1 13,14 0.001 0 -1 78.0213 395 ::f,1,0 f,3,15 f,15,0 f,15,13 
199:1,1 0.001 0 -1 2,1 0.001 1 -1 1,2 0.001 -1 -1 211.041 605 1,14 0.001 -1 -1 2,13 0.001 0 1 1,13 0.001 1 0 12.0919 185 14,2 0.001 0 -1 13,1 0.001 1 0 14,1 0.001 0 1 145.044 500 13,13 0.001 1 -1 14,14 0.001 0 -1 13,14 0.001 0 -1 78.0213 395 ::f,0,3 f,3,15 f,15,0 f,15,13 
200:1,1 0.001 1 -1 2,1 0.001 1 -1 1,2 0.001 -1 -1 211.041 605 1,14 0.001 -1 -1 2,14 0.001 0 1 2,13 0.001 1 0 12.0939 185 14,2 0.001 1 -1 13,1 0.001 1 0 14,1 0.001 -1 1 145.044 500 13,13 0.001 1 0 14,14 0.001 1 -1 13,14 0.001 1 -1 78.0213 395 ::f,0,3 f,3,15 f,15,0 f,15,13 
201:1,1 0.001 1 -1 2,1 0.001 1 0 1,2 0.001 0 -1 211.041 605 1,14 0.001 0 -1 2,14 0.001 0 1 2,13 0.001 1 0 12.0939 185 14,2 0.001 1 -1 13,1 0.001 1 0 14,1 0.001 -1 1 145.044 500 14,13 0.001 1 0 14,14 0.001 1 -1 13,14 0.001 1 -1 87.0224 410 ::f,0,3 f,3,15 f,15,0 f,15,12 
202:1,1 0.001 1 0 2,1 0.001 1 0 1,2 0.001 0 -1 211.041 605 1,13 0.001 0 -1 2,14 0.001 -1 1 2,13 0.001 1 1 12.0949 185 14,2 0.001 1 0 13,1 0.001 1 1 14,1 0.001 -1 0 145.044 500 14,13 0.001 1 0 14,14 0.001 1 0 13,14 0.001 1 -1 87.0224 410 ::f,0,3 f,3,15 f,15,0 f,15,12 
203:1,1 0.001 1 0 2,1 0.001 1 1 1,2 0.001 0 -1 211.041 605 1,13 0.001 0 -1 2,14 0.001 -1 1 2,13 0.001 1 1 12.0949 185 14,2 0.001 1 0 13,1 0.001 1 1 14,1 0.001 -1 0 145.044 500 14,13 0.001 1 1 14,14 0.001 1 0 13,14 0.001 1 0 87.0224 410 ::f,0,3 f,3,15 f,15,0 f,15,12 
204:1,1 0.001 1 0 2,1 0.001 1 1 1,2 0.001 1 -1 211.041 605 1,13 0.001 1 -1 2,14 0.001 -1 0 2,13 0.001 0 1 12.0949 185 14,2 0.001 1 1 13,1 0.001 0 1 14,1 0.001 -1 -1 145.044 500 14,13 0.001 1 1 14,14 0.001 1 1 13,14 0.001 1 0 87.0224 410 ::f,0,3 f,3,15 f,15,0 f,15,12 
205:1,1 0.001 1 1 2,1 0.001 0 1 1,2 0.001 1 -1 211.041 605 1,13 0.001 1 -1 1,14 0.001 -1 0 2,14 0.001 0 1 12.0969 185 14,2 0.001 1 1 13,1 0.001 0 1 14,1 0.001 -1 -1 145.044 500 14,13 0.001 0 1 14,14 0.001 1 1 13,14 0.001 1 1 87.0224 410 ::f,0,3 f,3,15 f,15,0 f,15,12 
206:1,1 0.001 1 1 2,2 0.001 0 1 1,2 0.001 1 0 211.042 605 1,13 0.001 1 0 1,14 0.001 -1 0 2,14 0.001 0 1 12.0969 185 14,2 0.001 0 1 13,1 0.001 -1 1 14,1 0.001 0 -1 145.044 500 14,13 0.001 0 1 14,14 0.001 0 1 13,14 0.001 1 1 87.0224 410 ::f,0,3 f,3,15 f,15,0 f,15,12 
207:1,1 0.001 0 1 2,2 0.001 0 1 1,2 0.001 1 0 211.042 605 2,13 0.001 1 0 1,14 0.001 -1 -1 2,14 0.001 -1 1 12.0979 185 14,2 0.001 0 1 13,1 0.001 -1 1 14,1 0.001 0 -1 145.044 500 14,13 0.001 0 1 14,14 0.001 0 1 13,14 0.001 0 1 87.0224 410 ::f,0,3 f,3,15 f,15,0 f,15,12 
208:1,1 0.001 0 1 2,2 0.001 -1 1 1,2 0.001 1 1 211.042 605 2,13 0.001 1 0 1,14 0.001 -1 -1 2,14 0.001 -1 1 12.0979 185 14,2 0.001 -1 1 13,1 0.001 -1 0 14,1 0.001 1 -1 145.044 500 14,13 0.001 -1 1 14,14 0.001 -1 1 13,14 0.001 0 1 87.0224 410 ::f,0,3 f,3,15 f,15,0 f,15,12 
209:1,1 0.001 -1 1 2,2 0.001 -1 1 1,2 0.001 1 1 211.042 605 2,13 0.001 1 1 1,14 0.001 0 -1 2,14 0.001 -1 0 12.0979 185 14,2 0.001 -1 1 13,1 0.001 -1 0 14,1 0.001 1 -1 155.044 515 14,13 0.001 -1 1 14,14 0.001 -1 1 13,14 0.001 -1 1 87.0224 410 ::f,0,3 f,3,15 f,15,2 f,15,12 
210:1,1 0.001 -1 1 2,2 0.001 -1 0 1,2 0.001 0 1 211.042 605 2,13 0.001 1 1 1,13 0.001 0 -1 1,14 0.001 -1 0 12.0999 185 14,2 0.001 -1 0 13,1 0.001 -1 -1 14,1 0.001 1 0 155.044 515 14,13 0.001 -1 0 14,14 0.001 -1 0 13,14 0.001 -1 1 87.0224 410 ::f,0,3 f,3,15 f,15,2 f,15,12 
211:1,1 0.001 -1 0 2,2 0.001 -1 0 1,2 0.001 0 1 211.042 605 2,13 0.001 0 1 1,13 0.001 0 -1 1,14 0.001 -1 0 12.0999 185 13,2 0.001 -1 0 13,1 0.001 -1 -1 14,1 0.001 1 0 155.045 515 14,13 0.001 -1 0 14,14 0.001 -1 0 13,14 0.001 -1 0 87.0224 410 ::f,0,3 f,3,15 f,15,2 f,15,12 
212:1,1 0.001 -1 0 2,2 0.001 -1 0 1,2 0.001 -1 1 211.042 605 2,14 0.001 0 1 1,13 0.001 1 -1 1,14 0.001 -1 -1 12.1009 185 13,2 0.001 -1 0 13,1 0.001 0 -1 14,1 0.001 1 1 155.045 515 14,13 0.001 -1 -1 14,14 0.001 -1 0 13,14 0.001 -1 0 87.0224 410 ::f,0,3 f,3,15 f,15,2 f,15,12 
213:1,1 0.001 -1 -1 2,2 0.001 -1 -1 1,2 0.001 -1 1 218.042 620 2,14 0.001 0 1 1,13 0.001 1 -1 1,14 0.001 -1 -1 12.1009 185 13,2 0.001 -1 -1 13,1 0.001 0 -1 14,1 0.001 1 1 165.045 530 14,13 0.001 -1 -1 14,14 0.001 -1 -1 13,14 0.001 -1 -1 87.0224 410 ::f,0,0 f,3,15 f,12,3 f,15,12 
214:1,1 0.001 -1 -1 2,2 0.001 -1 -1 1,2 0.001 -1 0 228.042 635 2,14 0.001 -1 1 1,13 0.001 1 0 1,14 0.001 0 -1 12.1009 185 13,2 0.001 -1 -1 13,1 0.001 1 -1 14,1 0.001 0 1 165.045 530 14,13 0.001 0 -1 14,14 0.001 -1 -1 13,14 0.001 -1 -1 87.0224 410 ::f,1,0 f,3,15 f,12,3 f,15,12 
215:1,1 0.001 0 -1 2,2 0.001 0 -1 1,2 0.001 -1 0 228.042 635 2,14 0.001 -1 1 2,13 0.001 1 0 1,13 0.001 0 -1 12.1029 185 13,2 0.001 0 -1 13,1 0.001 1 -1 14,2 0.001 0 1 165.046 530 14,13 0.001 0 -1 14,14 0.001 0 -1 13,14 0.001 0 -1 87.0224 410 ::f,1,0 f,3,15 f,12,3 f,15,12 
216:1,1 0.001 0 -1 2,1 0.001 0 -1 1,2 0.001 -1 -1 238.043 650 2,14 0.001 -1 0 2,13 0.001 1 0 1,13 0.001 0 -1 12.1029 185 13,2 0.001 0 -1 13,1 0.001 1 0 14,2 0.001 0 1 165.046 530 14,13 0.001 1 -1 14,14 0.001 0 -1 13,13 0.001 0 -1 87.0234 410 ::f,2,0 f,3,15 f,12,3 f,15,12 
217:1,1 0.001 1 -1 2,1 0.001 0 -1 1,2 0.001 -1 -1 248.043 665 1,14 0.001 -1 0 2,13 0.001 1 1 1,13 0.001 1 -1 12.1039 185 13,2 0.001 0 -1 14,1 0.001 1 0 14,2 0.001 -1 1 165.047 530 14,13 0.001 1 -1 14,14 0.001 1 -1 13,13 0.001 0 -1 94.0235 425 ::f,3,3 f,3,15 f,12,3 f,12,13 
218:1,1 0.001 1 -1 2,1 0.001 1 -1 1,2 0.001 0 -1 248.043 665 1,14 0.001 -1 0 2,13 0.001 1 1 1,13 0.001 1 -1 12.1039 185 13,2 0.001 1 -1 14,1 0.001 1 0 14,2 0.001 -1 1 165.047 530 14,13 0.001 1 0 14,14 0.001 1 -1 13,13 0.001 1 -1 94.0235 425 ::f,3,3 f,3,15 f,12,3 f,12,13 
219:1,1 0.001 1 0 2,1 0.001 1 -1 1,2 0.001 0 -1 248.043 665 1,14 0.001 -1 -1 2,13 0.001 0 1 1,13 0.001 1 0 12.1039 185 13,2 0.001 1 -1 14,1 0.001 1 1 14,2 0.001 -1 0 165.047 530 14,13 0.001 1 0 14,14 0.001 1 0 13,13 0.001 1 -1 94.0235 425 ::f,3,3 f,3,15 f,12,3 f,12,13 
220:1,1 0.001 1 0 2,1 0.001 1 0 1,2 0.001 0 -1 248.043 665 1,14 0.001 -1 -1 2,14 0.001 0 1 2,13 0.001 1 0 12.1059 185 13,2 0.001 1 0 14,1 0.001 1 1 14,2 0.001 -1 0 165.047 530 14,13 0.001 1 1 14,14 0.001 1 0 13,13 0.001 1 0 94.0235 425 ::f,3,3 f,3,15 f,12,3 f,12,13 
221:1,1 0.001 1 0 2,1 0.001 1 0 1,2 0.001 1 -1 248.043 665 1,14 0.001 0 -1 2,14 0.001 0 1 2,13 0.001 1 0 12.1059 185 13,2 0.001 1 0 14,1 0.001 0 1 14,2 0.001 -1 0 165.047 530 14,13 0.001 1 1 14,14 0.001 1 1 13,13 0.001 1 0 94.0235 425 ::f,3,3 f,3,15 f,12,3 f,12,13 
222:1,1 0.001 1 1 2,1 0.001 1 1 1,2 0.001 1 -1 248.043 665 1,13 0.001 0 -1 2,14 0.001 -1 1 2,13 0.001 1 1 12.1069 185 13,2 0.001 1 1 14,1 0.001 0 1 14,2 0.001 -1 -1 165.047 530 14,13 0.001 0 1 14,14 0.001 1 1 13,13 0.001 1 0 94.0235 425 ::f,3,3 f,3,15 f,12,3 f,12,13 
223:2,2 0.001 1 1 2,1 0.001 1 1 1,2 0.001 1 0 248.044 665 1,13 0.001 0 -1 2,14 0.001 -1 1 2,13 0.001 1 1 12.1069 185 13,2 0.001 1 1 14,1 0.001 0 1 14,2 0.001 -1 -1 165.047 530 14,13 0.001 0 1 14,14 0.001 0 1 13,13 0.001 1 1 94.0235 425 ::f,3,3 f,3,15 f,12,3 f,12,13 
224:2,2 0.001 1 1 2,1 0.001 0 1 1,2 0.001 1 0 258.044 680 1,13 0.001 1 -1 2,14 0.001 -1 0 2,13 0.001 0 1 12.1069 185 13,2 0.001 0 1 14,1 0.001 -1 1 14,2 0.001 0 -1 165.047 530 14,13 0.001 0 1 14,14 0.001 0 1 13,13 0.001 1 1 94.0235 425 ::f,1,0 f,3,15 f,12,3 f,12,13 
225:2,2 0.001 0 1 2,1 0.001 0 1 1,2 0.001 1 1 258.044 680 1,13 0.001 1 -1 1,14 0.001 -1 0 2,14 0.001 0 1 12.1089 185 13,2 0.001 0 1 14,1 0.001 -1 1 14,2 0.001 0 -1 165.047 530 14,13 0.001 -1 1 14,14 0.001 -1 1 13,13 0.001 0 1 94.0235 425 ::f,1,0 f,3,15 f,12,3 f,12,13 
226:2,2 0.001 0 1 2,1 0.001 0 1 1,2 0.001 1 1 258.044 680 1,13 0.001 1 0 1,14 0.001 -1 0 2,14 0.001 0 1 12.1089 185 13,2 0.001 -1 1 14,1 0.001 -1 1 14,2 0.001 1 -1 165.047 530 14,13 0.001 -1 1 14,14 0.001 -1 1 13,13 0.001 0 1 94.0235 425 ::f,1,0 f,3,15 f,12,3 f,12,13 
227:2,2 0.001 -1 1 2,1 0.001 -1 1 1,2 0.001 0 1 258.044 680 2,13 0.001 1 0 1,14 0.001 -1 -1 2,14 0.001 -1 1 12.1099 185 13,2 0.001 -1 1 14,1 0.001 -1 0 14,2 0.001 1 -1 175.047 545 14,13 0.001 -1 0 14,14 0.001 -1 0 13,13 0.001 -1 1 94.0235 425 ::f,1,0 f,3,15 f,12,13 f,14,3 
228:2,2 0.001 -1 1 2,1 0.001 -1 1 1,2 0.001 0 1 258.044 680 2,13 0.001 1 0 1,14 0.001 -1 -1 2,14 0.001 -1 1 12.1099 185 13,2 0.001 -1 0 14,1 0.001 -1 -1 14,2 0.001 1 0 175.047 545 14,13 0.001 -1 0 13,14 0.001 -1 0 13,13 0.001 -1 1 94.0245 425 ::f,1,0 f,3,15 f,12,13 f,14,3 
229:2,2 0.001 -1 0 2,1 0.001 -1 0 1,2 0.001 -1 1 258.044 680 2,13 0.001 1 1 1,14 0.001 0 -1 2,14 0.001 -1 0 12.1099 185 13,2 0.001 -1 0 14,1 0.001 -1 -1 14,2 0.001 1 0 175.047 545 14,13 0.001 -1 0 13,14 0.001 -1 0 13,13 0.001 -1 0 94.0245 425 ::f,1,0 f,3,15 f,12,13 f,14,3 
230:2,2 0.001 -1 0 2,1 0.001 -1 0 1,2 0.001 -1 1 258.044 680 2,13 0.001 1 1 1,13 0.001 0 -1 1,14 0.001 -1 0 12.1119 185 13,2 0.001 -1 -1 14,1 0.001 0 -1 14,2 0.001 1 1 175.047 545 14,13 0.001 -1 -1 13,14 0.001 -1 -1 13,13 0.001 -1 0 101.025 440 ::f,1,0 f,3,15 f,14,3 f,15,15 
231:2,2 0.001 -1 0 2,1 0.001 -1 -1 1,2 0.001 -1 0 258.044 680 2,13 0.001 0 1 1,13 0.001 0 -1 1,14 0.001 -1 0 12.1119 185 13,2 0.001 -1 -1 14,1 0.001 0 -1 14,2 0.001 1 1 175.047 545 14,13 0.001 -1 -1 13,14 0.001 -1 -1 13,13 0.001 -1 -1 101.025 440 ::f,1,0 f,3,15 f,14,3 f,15,15 
232:2,2 0.001 -1 -1 2,1 0.001 -1 -1 1,2 0.001 -1 0 268.044 695 2,14 0.001 0 1 1,13 0.001 1 -1 1,14 0.001 -1 -1 12.1129 185 13,2 0.001 0 -1 14,1 0.001 1 -1 14,2 0.001 0 1 175.047 545 14,13 0.001 0 -1 13,14 0.001 0 -1 13,13 0.001 -1 -1 101.025 440 ::f,0,3 f,3,15 f,14,3 f,15,15 
233:2,2 0.001 -1 -1 2,1 0.001 0 -1 1,2 0.001 -1 -1 268.044 695 2,14 0.001 0 1 1,13 0.001 1 -1 1,14 0.001 -1 -1 12.1129 185 13,1 0.001 0 -1 14,1 0.001 1 -1 14,2 0.001 0 1 185.048 560 14,13 0.001 0 -1 13,14 0.001 0 -1 13,13 0.001 0 -1 101.025 440 ::f,0,3 f,3,15 f,13,0 f,15,15 
234:2,2 0.001 0 -1 2,1 0.001 0 -1 1,2 0.001 -1 -1 268.044 695 2,14 0.001 -1 1 1,13 0.001 1 0 1,14 0.001 0 -1 12.1129 185 13,1 0.001 0 -1 14,1 0.001 1 0 14,2 0.001 -1 1 195.049 575 14,13 0.001 1 -1 13,14 0.001 0 -1 13,13 0.001 0 -1 101.025 440 ::f,0,3 f,3,15 f,13,2 f,15,15 
235:2,2 0.001 0 -1 2,1 0.001 1 -1 1,2 0.001 0 -1 268.044 695 2,14 0.001 -1 1 2,13 0.001 1 0 1,13 0.001 0 -1 12.1149 185 13,1 0.001 1 -1 14,1 0.001 1 0 14,2 0.001 -1 1 195.049 575 14,13 0.001 1 -1 13,14 0.001 1 -1 13,13 0.001 1 -1 101.025 440 ::f,0,3 f,3,15 f,13,2 f,15,15 
236:2,2 0.001 1 -1 2,1 0.001 1 -1 1,1 0.001 0 -1 268.045 695 2,14 0.001 -1 0 2,13 0.001 1 0 1,13 0.001 0 -1 12.1149 185 13,1 0.001 1 -1 14,1 0.001 1 1 14,2 0.001 -1 0 195.049 575 14,13 0.001 1 0 13,14 0.001 1 -1 13,13 0.001 1 -1 101.025 440 ::f,0,3 f,3,15 f,13,2 f,15,15 
237:2,2 0.001 1 -1 2,1 0.001 1 0 1,1 0.001 0 -1 268.045 695 1,14 0.001 -1 0 2,13 0.001 1 1 1,13 0.001 1 -1 12.1159 185 13,1 0.001 1 0 14,1 0.001 1 1 14,2 0.001 -1 0 195.049 575 14,13 0.001 1 0 13,14 0.001 1 0 13,13 0.001 1 0 101.025 440 ::f,0,3 f,3,15 f,13,2 f,15,15 
238:2,2 0.001 1 0 2,1 0.001 1 0 1,1 0.001 1 -1 268.045 695 1,14 0.001 -1 0 2,13 0.001 1 1 1,13 0.001 1 -1 12.1159 185 13,1 0.001 1 0 14,1 0.001 0 1 14,2 0.001 -1 0 205.049 590 14,13 0.001 1 1 13,14 0.001 1 0 13,13 0.001 1 0 101.025 440 ::f,0,3 f,3,15 f,15,1 f,15,15 
239:2,2 0.001 1 0 2,1 0.001 1 1 1,1 0.001 1 -1 268.045 695 1,14 0.001 -1 -1 2,13 0.001 0 1 1,13 0.001 1 0 12.1159 185 13,1 0.001 1 0 14,1 0.001 0 1 14,2 0.001 -1 -1 205.049 590 14,13 0.001 1 1 13,14 0.001 1 1 13,13 0.001 1 0 101.025 440 ::f,0,3 f,3,15 f,15,1 f,15,15 
240:2,2 0.001 1 1 2,1 0.001 1 1 1,1 0.001 1 0 268.045 695 1,14 0.001 -1 -1 2,14 0.001 0 1 2,13 0.001 1 0 12.1179 185 13,1 0.001 1 0 14,1 0.001 0 1 14,2 0.001 -1 -1 205.049 590 14,13 0.001 0 1 13,14 0.001 1 1 13,13 0.001 1 1 101.025 440 ::f,0,3 f,3,15 f,15,1 f,15,15 
241:2,2 0.001 1 1 2,1 0.001 0 1 1,1 0.001 1 0 268.045 695 1,14 0.001 0 -1 2,14 0.001 0 1 2,13 0.001 1 0 12.1179 185 13,1 0.001 1 1 14,1 0.001 -1 1 14,2 0.001 0 -1 205.049 590 14,14 0.001 0 1 13,14 0.001 0 1 13,13 0.001 1 1 101.026 440 ::f,0,3 f,3,15 f,15,1 f,15,15 
242:2,2 0.001 0 1 2,1 0.001 0 1 1,1 0.001 1 0 268.045 695 1,13 0.001 0 -1 2,14 0.001 -1 1 2,13 0.001 1 1 12.1189 185 13,1 0.001 1 1 14,1 0.001 -1 1 14,2 0.001 0 -1 205.049 590 14,14 0.001 0 1 13,14 0.001 0 1 13,13 0.001 1 1 101.026 440 ::f,0,3 f,3,15 f,15,1 f,15,15 
243:2,2 0.001 0 1 2,1 0.001 0 1 1,1 0.001 1 1 268.045 695 1,13 0.001 0 -1 2,14 0.001 -1 1 2,13 0.001 1 1 12.1189 185 13,1 0.001 0 1 14,1 0.001 -1 0 14,2 0.001 1 -1 205.049 590 14,14 0.001 -1 1 13,14 0.001 -1 1 13,13 0.001 0 1 101.026 440 ::f,0,3 f,3,15 f,15,1 f,15,15 
244:2,2 0.001 -1 1 2,1 0.001 -1 1 1,1 0.001 1 1 268.045 695 1,13 0.001 1 -1 2,14 0.001 -1 0 2,13 0.001 0 1 12.1189 185 13,1 0.001 0 1 14,1 0.001 -1 0 14,2 0.001 1 -1 215.049 605 14,14 0.001 -1 1 13,14 0.001 -1 1 13,13 0.001 0 1 101.026 440 ::f,0,3 f,3,15 f,14,0 f,15,15 
245:2,2 0.001 -1 1 1,2 0.001 -1 1 1,1 0.001 0 1 268.046 695 1,13 0.001 1 -1 1,14 0.001 -1 0 2,14 0.001 0 1 12.1209 185 13,1 0.001 -1 1 14,1 0.001 -1 -1 14,2 0.001 1 0 215.049 605 14,14 0.001 -1 0 13,14 0.001 -1 0 13,13 0.001 -1 1 101.026 440 ::f,0,3 f,3,15 f,14,0 f,15,15 
246:2,2 0.001 -1 0 1,2 0.001 -1 1 1,1 0.001 0 1 278.046 710 1,13 0.001 1 0 1,14 0.001 -1 0 2,14 0.001 0 1 12.1209 185 13,1 0.001 -1 1 14,1 0.001 -1 -1 14,2 0.001 1 0 215.049 605 14,14 0.001 -1 0 13,14 0.001 -1 0 13,13 0.001 -1 1 101.026 440 ::f,3,0 f,3,15 f,14,0 f,15,15 
247:2,2 0.001 -1 0 1,2 0.001 -1 0 1,1 0.001 -1 1 278.046 710 2,13 0.001 1 0 1,14 0.001 -1 -1 2,14 0.001 -1 1 12.1219 185 13,1 0.001 -1 0 14,1 0.001 0 -1 14,2 0.001 1 1 215.049 605 14,14 0.001 -1 0 13,14 0.001 -1 -1 13,13 0.001 -1 0 101.026 440 ::f,3,0 f,3,15 f,14,0 f,15,15 
248:2,2 0.001 -1 0 1,2 0.001 -1 0 1,1 0.001 -1 1 278.046 710 2,13 0.001 1 0 1,14 0.001 -1 -1 2,14 0.001 -1 1 12.1219 185 13,1 0.001 -1 0 14,1 0.001 0 -1 14,2 0.001 1 1 221.049 620 14,14 0.001 -1 -1 13,14 0.001 -1 -1 13,13 0.001 -1 0 101.026 440 ::f,3,0 f,3,15 f,13,3 f,15,15 
249:2,2 0.001 -1 -1 1,2 0.001 -1 -1 1,1 0.001 -1 0 278.046 710 2,13 0.001 1 1 1,14 0.001 0 -1 2,14 0.001 -1 0 12.1219 185 13,1 0.001 -1 -1 14,1 0.001 1 -1 14,2 0.001 0 1 221.049 620 14,14 0.001 -1 -1 13,14 0.001 0 -1 13,13 0.001 -1 -1 101.026 440 ::f,3,0 f,3,15 f,13,3 f,15,15 
250:2,2 0.001 -1 -1 1,2 0.001 -1 -1 1,1 0.001 -1 0 278.046 710 2,13 0.001 1 1 1,13 0.001 0 -1 1,14 0.001 -1 0 12.1239 185 13,1 0.001 -1 -1 14,1 0.001 1 -1 14,2 0.001 0 1 221.049 620 14,14 0.001 0 -1 13,14 0.001 0 -1 13,13 0.001 -1 -1 101.026 440 ::f,3,0 f,3,15 f,13,3 f,15,15 
251:2,2 0.001 0 -1 1,2 0.001 0 -1 1,1 0.001 -1 -1 278.046 710 2,13 0.001 0 1 1,13 0.001 0 -1 1,14 0.001 -1 0 12.1239 185 13,1 0.001 0 -1 14,1 0.001 1 0 14,2 0.001 -1 1 221.049 620 14,14 0.001 0 -1 13,14 0.001 0 -1 13,13 0.001 0 -1 101.026 440 ::f,3,0 f,3,15 f,13,3 f,15,15 
252:2,2 0.001 0 -1 1,2 0.001 0 -1 1,1 0.001 -1 -1 278.046 710 2,14 0.001 0 1 1,13 0.001 1 -1 1,14 0.001 -1 -1 12.1249 185 13,1 0.001 0 -1 14,1 0.001 1 0 14,2 0.001 -1 1 231.049 635 14,14 0.001 1 -1 13,14 0.001 1 -1 13,13 0.001 0 -1 101.026 440 ::f,3,0 f,3,15 f,15,0 f,15,15 
253:2,2 0.001 1 -1 1,2 0.001 0 -1 1,1 0.001 0 -1 278.046 710 2,14 0.001 0 1 1,13 0.001 1 -1 1,14 0.001 -1 -1 12.1249 185 13,1 0.001 1 -1 14,1 0.001 1 1 14,2 0.001 -1 0 231.049 635 14,14 0.001 1 -1 13,14 0.001 1 -1 13,13 0.001 1 -1 101.026 440 ::f,3,0 f,3,15 f,15,0 f,15,15 
254:2,2 0.001 1 -1 1,2 0.001 1 -1 1,1 0.001 0 -1 278.046 710 2,14 0.001 -1 1 1,13 0.001 1 0 1,14 0.001 0 -1 12.1249 185 13,1 0.001 1 -1 14,1 0.001 1 1 13,2 0.001 -1 0 231.05 635 14,14 0.001 1 0 13,14 0.001 1 0 13,13 0.001 1 -1 101.026 440 ::f,3,0 f,3,15 f,15,0 f,15,15 
255:2,2 0.001 1 0 2,1 0.001 1 -1 1,1 0.001 1 -1 278.047 710 2,14 0.001 -1 1 2,13 0.001 1 0 1,13 0.001 0 -1 12.1269 185 13,1 0.001 1 0 14,1 0.001 0 1 13,2 0.001 -1 0 231.05 635 14,14 0.001 1 0 13,14 0.001 1 0 13,13 0.001 1 0 101.026 440 ::f,3,0 f,3,15 f,15,0 f,15,15 
256:2,2 0.001 1 0 2,1 0.001 1 -1 1,1 0.001 1 -1 288.048 725 2,14 0.001 -1 0 2,13 0.001 1 0 1,13 0.001 0 -1 12.1269 185 13,1 0.001 1 0 14,2 0.001 0 1 13,2 0.001 -1 -1 231.051 635 14,14 0.001 1 1 13,14 0.001 1 1 14,13 0.001 1 0 101.027 440 ::f,1,3 f,3,15 f,15,0 f,15,15 
257:2,2 0.001 1 1 2,1 0.001 1 0 1,1 0.001 1 0 288.048 725 1,14 0.001 -1 0 2,13 0.001 1 1 1,13 0.001 1 -1 12.1279 185 13,1 0.001 1 0 14,2 0.001 0 1 13,2 0.001 -1 -1 231.051 635 14,14 0.001 1 1 13,14 0.001 1 1 14,13 0.001 1 0 109.027 455 ::f,1,3 f,3,15 f,12,13 f,15,0 
258:2,2 0.001 1 1 2,1 0.001 1 0 1,1 0.001 1 0 288.048 725 1,14 0.001 -1 0 2,13 0.001 1 1 1,13 0.001 1 -1 12.1279 185 13,1 0.001 1 1 14,2 0.001 -1 1 13,2 0.001 0 -1 231.051 635 14,14 0.001 0 1 13,14 0.001 0 1 14,13 0.001 1 1 109.027 455 ::f,1,3 f,3,15 f,12,13 f,15,0 
259:2,2 0.001 0 1 2,1 0.001 1 1 1,1 0.001 1 0 288.048 725 1,14 0.001 -1 -1 2,13 0.001 0 1 1,13 0.001 1 0 12.1279 185 13,1 0.001 1 1 14,2 0.001 -1 1 13,2 0.001 0 -1 231.051 635 14,14 0.001 0 1 13,14 0.001 0 1 14,13 0.001 1 1 109.027 455 ::f,1,3 f,3,15 f,12,13 f,15,0 
260:2,2 0.001 0 1 2,1 0.001 1 1 1,1 0.001 1 1 288.048 725 1,14 0.001 -1 -1 2,14 0.001 0 1 2,13 0.001 1 0 12.1299 185 13,1 0.001 0 1 14,2 0.001 -1 0 13,2 0.001 0 -1 231.051 635 14,14 0.001 -1 1 13,14 0.001 -1 1 14,13 0.001 0 1 109.027 455 ::f,1,3 f,3,15 f,12,13 f,15,0 
261:2,2 0.001 -1 1 2,1 0.001 0 1 1,1 0.001 1 1 288.048 725 1,14 0.001 0 -1 2,14 0.001 0 1 2,13 0.001 1 0 12.1299 185 13,1 0.001 0 1 14,2 0.001 -1 0 13,2 0.001 1 -1 231.051 635 14,14 0.001 -1 1 13,14 0.001 -1 1 14,13 0.001 0 1 109.027 455 ::f,1,3 f,3,15 f,12,13 f,15,0 
262:2,2 0.001 -1 1 2,1 0.001 0 1 1,1 0.001 0 1 298.048 740 1,13 0.001 0 -1 2,14 0.001 -1 1 2,13 0.001 1 1 12.1309 185 13,1 0.001 -1 1 14,2 0.001 -1 0 14,1 0.001 1 -1 231.052 635 14,14 0.001 -1 0 13,14 0.001 -1 0 14,13 0.001 0 1 109.027 455 ::f,3,1 f,3,15 f,12,13 f,15,0 
263:2,2 0.001 -1 0 2,1 0.001 0 1 1,1 0.001 0 1 298.048 740 1,13 0.001 0 -1 2,14 0.001 -1 1 2,13 0.001 1 1 12.1309 185 13,1 0.001 -1 1 14,2 0.001 -1 -1 14,1 0.001 1 -1 241.052 650 14,14 0.001 -1 0 13,14 0.001 -1 0 14,13 0.001 -1 1 109.027 455 ::f,3,1 f,3,15 f,12,2 f,12,13 
264:1,2 0.001 -1 0 2,1 0.001 -1 1 1,1 0.001 -1 1 298.049 740 1,13 0.001 1 -1 2,14 0.001 -1 0 2,13 0.001 0 1 12.1309 185 13,1 0.001 -1 0 14,2 0.001 -1 -1 14,1 0.001 1 0 241.052 650 14,14 0.001 -1 0 13,14 0.001 -1 -1 14,13 0.001 -1 1 109.027 455 ::f,3,1 f,3,15 f,12,2 f,12,13 
265:1,2 0.001 -1 0 2,1 0.001 -1 1 1,1 0.001 -1 1 298.049 740 1,13 0.001 1 -1 1,14 0.001 -1 0 2,14 0.001 0 1 12.1329 185 13,1 0.001 -1 0 14,2 0.001 0 -1 14,1 0.001 1 0 241.052 650 14,14 0.001 -1 -1 13,14 0.001 -1 -1 14,13 0.001 -1 0 119.027 470 ::f,3,1 f,3,15 f,12,2 f,15,12 
266:1,2 0.001 -1 -1 2,1 0.001 -1 0 1,1 0.001 -1 0 298.049 740 1,13 0.001 1 0 1,14 0.001 -1 0 2,14 0.001 0 1 12.1329 185 13,1 0.001 -1 -1 14,2 0.001 0 -1 14,1 0.001 1 1 241.052 650 14,14 0.001 -1 -1 13,14 0.001 0 -1 14,13 0.001 -1 0 119.027 470 ::f,3,1 f,3,15 f,12,2 f,15,12 
267:1,2 0.001 -1 -1 2,1 0.001 -1 0 1,1 0.001 -1 0 298.049 740 2,13 0.001 1 0 1,14 0.001 -1 -1 2,14 0.001 -1 1 12.1339 185 13,1 0.001 -1 -1 14,2 0.001 1 -1 14,1 0.001 1 1 241.052 650 14,14 0.001 0 -1 13,13 0.001 0 -1 14,13 0.001 -1 -1 119.028 470 ::f,3,1 f,3,15 f,12,2 f,15,12 
268:1,2 0.001 0 -1 2,1 0.001 -1 -1 1,1 0.001 -1 -1 298.049 740 2,13 0.001 1 0 1,14 0.001 -1 -1 2,14 0.001 -1 1 12.1339 185 13,1 0.001 0 -1 14,2 0.001 1 -1 14,1 0.001 0 1 241.052 650 14,14 0.001 0 -1 13,13 0.001 0 -1 14,13 0.001 -1 -1 119.028 470 ::f,3,1 f,3,15 f,12,2 f,15,12 
269:1,2 0.001 0 -1 2,1 0.001 -1 -1 1,1 0.001 -1 -1 298.049 740 2,13 0.001 1 1 1,14 0.001 0 -1 2,14 0.001 -1 0 12.1339 185 13,1 0.001 0 -1 14,2 0.001 1 0 14,1 0.001 0 1 241.052 650 14,14 0.001 1 -1 13,13 0.001 1 -1 14,13 0.001 0 -1 119.028 470 ::f,3,1 f,3,15 f,12,2 f,15,12 
270:1,2 0.001 0 -1 2,1 0.001 0 -1 1,1 0.001 0 -1 298.049 740 2,13 0.001 1 1 1,13 0.001 0 -1 1,14 0.001 -1 0 12.1359 185 13,1 0.001 1 -1 14,2 0.001 1 0 14,1 0.001 0 1 241.052 650 14,14 0.001 1 -1 13,13 0.001 1 -1 14,13 0.001 0 -1 119.028 470 ::f,3,1 f,3,15 f,12,2 f,15,12 
271:1,2 0.001 1 -1 2,1 0.001 0 -1 1,1 0.001 0 -1 298.049 740 2,13 0.001 0 1 1,13 0.001 0 -1 1,14 0.001 -1 0 12.1359 185 13,1 0.001 1 -1 14,2 0.001 1 1 14,1 0.001 -1 1 241.052 650 14,14 0.001 1 0 13,13 0.001 1 0 14,13 0.001 1 -1 119.028 470 ::f,3,1 f,3,15 f,12,2 f,15,12 
272:1,2 0.001 1 -1 2,1 0.001 1 -1 1,1 0.001 1 -1 298.049 740 2,14 0.001 0 1 1,13 0.001 1 -1 1,14 0.001 -1 -1 12.1369 185 13,1 0.001 1 0 14,2 0.001 1 1 14,1 0.001 -1 1 241.052 650 14,14 0.001 1 0 13,13 0.001 1 0 14,13 0.001 1 -1 127.028 485 ::f,3,1 f,3,15 f,12,2 f,12,12 
273:1,2 0.001 1 0 2,1 0.001 1 -1 1,1 0.001 1 -1 298.049 740 2,14 0.001 0 1 1,13 0.001 1 -1 1,14 0.001 -1 -1 12.1369 185 13,1 0.001 1 0 14,2 0.001 0 1 14,1 0.001 -1 0 241.052 650 14,14 0.001 1 1 13,13 0.001 1 0 14,13 0.001 1 0 127.028 485 ::f,3,1 f,3,15 f,12,2 f,12,12 
274:1,2 0.001 1 0 2,1 0.001 1 0 1,1 0.001 1 0 298.049 740 2,14 0.001 -1 1 1,13 0.001 1 0 1,14 0.001 0 -1 12.1369 185 13,1 0.001 1 0 14,2 0.001 0 1 14,1 0.001 -1 0 241.052 650 14,14 0.001 1 1 13,13 0.001 1 1 14,13 0.001 1 0 127.028 485 ::f,3,1 f,3,15 f,12,2 f,12,12 
275:1,2 0.001 1 1 2,1 0.001 1 0 1,1 0.001 1 0 308.049 755 2,14 0.001 -1 1 2,13 0.001 1 0 1,13 0.001 0 -1 12.1389 185 13,1 0.001 1 1 14,2 0.001 -1 1 14,1 0.001 -1 -1 241.052 650 14,14 0.001 0 1 13,13 0.001 1 1 14,13 0.001 1 1 127.028 485 ::f,1,3 f,3,15 f,12,2 f,12,12 
276:1,2 0.001 1 1 2,1 0.001 1 1 1,1 0.001 1 0 308.049 755 2,14 0.001 -1 0 2,13 0.001 1 0 1,13 0.001 0 -1 12.1389 185 13,1 0.001 1 1 14,2 0.001 -1 1 14,1 0.001 -1 -1 241.052 650 14,14 0.001 0 1 13,13 0.001 0 1 14,13 0.001 1 1 127.028 485 ::f,1,3 f,3,15 f,12,2 f,12,12 
277:1,2 0.001 0 1 2,1 0.001 1 1 1,1 0.001 1 1 308.049 755 1,14 0.001 -1 0 2,13 0.001 1 1 1,13 0.001 1 -1 12.1399 185 13,1 0.001 0 1 14,2 0.001 -1 0 14,1 0.001 0 -1 241.052 650 14,14 0.001 -1 1 13,13 0.001 0 1 14,13 0.001 0 1 127.028 485 ::f,1,3 f,3,15 f,12,2 f,12,12 
278:1,2 0.001 0 1 2,1 0.001 0 1 1,1 0.001 1 1 318.049 770 1,14 0.001 -1 0 2,13 0.001 1 1 1,13 0.001 1 -1 12.1399 185 13,1 0.001 0 1 13,2 0.001 -1 0 14,1 0.001 0 -1 241.053 650 14,14 0.001 -1 1 13,13 0.001 -1 1 14,13 0.001 0 1 127.028 485 ::f,2,0 f,3,15 f,12,2 f,12,12 
279:1,2 0.001 -1 1 2,2 0.001 0 1 1,1 0.001 0 1 318.05 770 1,14 0.001 -1 -1 2,13 0.001 0 1 1,13 0.001 1 0 12.1399 185 13,1 0.001 -1 1 13,2 0.001 -1 0 14,1 0.001 1 -1 248.053 665 14,14 0.001 -1 0 13,13 0.001 -1 1 14,13 0.001 0 1 127.028 485 ::f,2,0 f,3,15 f,12,12 f,15,3 
280:1,2 0.001 -1 1 2,2 0.001 0 1 1,1 0.001 0 1 318.05 770 1,14 0.001 -1 -1 2,14 0.001 0 1 2,13 0.001 1 0 12.1419 185 13,1 0.001 -1 1 13,2 0.001 -1 -1 14,1 0.001 1 -1 248.053 665 13,14 0.001 -1 0 13,13 0.001 -1 0 14,13 0.001 -1 1 127.029 485 ::f,2,0 f,3,15 f,12,12 f,15,3 
281:1,2 0.001 -1 0 2,2 0.001 -1 1 1,1 0.001 -1 1 318.05 770 1,14 0.001 0 -1 2,14 0.001 0 1 2,13 0.001 1 0 12.1419 185 13,1 0.001 -1 0 13,2 0.001 -1 -1 14,1 0.001 1 0 248.053 665 13,14 0.001 -1 0 13,13 0.001 -1 0 14,13 0.001 -1 1 127.029 485 ::f,2,0 f,3,15 f,12,12 f,15,3 
282:1,2 0.001 -1 0 2,2 0.001 -1 1 1,1 0.001 -1 1 318.05 770 1,13 0.001 0 -1 2,14 0.001 -1 1 2,13 0.001 1 1 12.1429 185 13,1 0.001 -1 0 13,2 0.001 0 -1 14,1 0.001 1 0 248.053 665 13,14 0.001 -1 -1 13,13 0.001 -1 -1 14,13 0.001 -1 0 127.029 485 ::f,2,0 f,3,15 f,12,12 f,15,3 
283:1,2 0.001 -1 -1 2,2 0.001 -1 0 1,1 0.001 -1 0 318.05 770 1,13 0.001 0 -1 2,14 0.001 -1 1 2,13 0.001 1 1 12.1429 185 13,1 0.001 -1 -1 13,2 0.001 0 -1 14,1 0.001 1 1 248.053 665 13,14 0.001 -1 -1 13,13 0.001 -1 -1 14,13 0.001 -1 0 137.029 500 ::f,2,0 f,3,15 f,12,14 f,15,3 
284:1,2 0.001 -1 -1 2,2 0.001 -1 0 1,1 0.001 -1 0 318.05 770 1,13 0.001 1 -1 2,14 0.001 -1 0 2,13 0.001 0 1 12.1429 185 13,1 0.001 -1 -1 13,2 0.001 0 -1 14,1 0.001 1 1 248.053 665 13,14 0.001 0 -1 13,13 0.001 0 -1 14,13 0.001 -1 -1 137.029 500 ::f,2,0 f,3,15 f,12,14 f,15,3 
285:1,2 0.001 0 -1 2,2 0.001 -1 0 1,1 0.001 -1 -1 318.05 770 1,13 0.001 1 -1 1,14 0.001 -1 0 2,14 0.001 0 1 12.1449 185 13,1 0.001 0 -1 13,2 0.001 1 -1 14,1 0.001 0 1 248.053 665 13,14 0.001 0 -1 13,13 0.001 0 -1 14,13 0.001 -1 -1 137.029 500 ::f,2,0 f,3,15 f,12,14 f,15,3 
286:1,2 0.001 0 -1 2,2 0.001 -1 -1 1,1 0.001 -1 -1 318.05 770 1,13 0.001 1 0 1,14 0.001 -1 0 2,14 0.001 0 1 12.1449 185 13,1 0.001 0 -1 13,2 0.001 1 -1 14,2 0.001 0 1 248.054 665 13,14 0.001 0 -1 13,13 0.001 1 -1 14,13 0.001 0 -1 137.029 500 ::f,2,0 f,3,15 f,12,14 f,15,3 
287:1,2 0.001 0 -1 2,2 0.001 -1 -1 1,1 0.001 0 -1 318.05 770 2,13 0.001 1 0 1,14 0.001 -1 -1 2,14 0.001 -1 1 12.1459 185 13,1 0.001 1 -1 13,2 0.001 1 0 14,2 0.001 0 1 248.054 665 13,14 0.001 1 -1 13,13 0.001 1 -1 14,13 0.001 0 -1 137.029 500 ::f,2,0 f,3,15 f,12,14 f,15,3 
288:1,2 0.001 1 -1 2,2 0.001 0 -1 1,1 0.001 0 -1 318.05 770 2,13 0.001 1 0 1,14 0.001 -1 -1 2,14 0.001 -1 1 12.1459 185 13,1 0.001 1 -1 13,2 0.001 1 0 14,2 0.001 -1 1 248.054 665 13,14 0.001 1 -1 13,13 0.001 1 0 14,13 0.001 1 -1 137.029 500 ::f,2,0 f,3,15 f,12,14 f,15,3 
289:1,2 0.001 1 -1 2,1 0.001 0 -1 1,1 0.001 1 -1 318.051 770 2,13 0.001 1 1 1,14 0.001 0 -1 2,14 0.001 -1 0 12.1459 185 13,1 0.001 1 0 13,2 0.001 1 1 14,2 0.001 -1 1 248.054 665 13,14 0.001 1 0 13,13 0.001 1 0 14,13 0.001 1 -1 137.029 500 ::f,2,0 f,3,15 f,12,14 f,15,3 
290:1,2 0.001 1 0 2,1 0.001 0 -1 1,1 0.001 1 -1 328.051 785 2,13 0.001 1 1 1,13 0.001 0 -1 1,14 0.001 -1 0 12.1479 185 14,1 0.001 1 0 13,2 0.001 1 1 14,2 0.001 -1 0 248.055 665 13,14 0.001 1 0 13,13 0.001 1 0 14,13 0.001 1 0 137.029 500 ::f,2,3 f,3,15 f,12,14 f,15,3 
291:1,2 0.001 1 0 2,1 0.001 1 -1 1,1 0.001 1 0 328.051 785 2,13 0.001 0 1 1,13 0.001 0 -1 1,14 0.001 -1 0 12.1479 185 14,1 0.001 1 0 13,2 0.001 0 1 14,2 0.001 -1 0 248.055 665 13,14 0.001 1 1 13,13 0.001 1 1 14,13 0.001 1 0 137.029 500 ::f,2,3 f,3,15 f,12,14 f,15,3 
292:1,2 0.001 1 1 2,1 0.001 1 -1 1,1 0.001 1 0 328.051 785 2,14 0.001 0 1 1,13 0.001 1 -1 1,14 0.001 -1 -1 12.1489 185 14,1 0.001 1 1 13,2 0.001 0 1 14,2 0.001 -1 0 248.055 665 13,14 0.001 1 1 13,13 0.001 1 1 14,13 0.001 1 1 137.029 500 ::f,2,3 f,3,15 f,12,14 f,15,3 
293:1,2 0.001 1 1 2,1 0.001 1 0 1,1 0.001 1 0 338.051 800 2,14 0.001 0 1 1,13 0.001 1 -1 1,14 0.001 -1 -1 12.1489 185 14,1 0.001 1 1 13,2 0.001 -1 1 14,2 0.001 -1 -1 248.055 665 13,14 0.001 0 1 13,13 0.001 0 1 14,13 0.001 1 1 137.029 500 ::f,0,0 f,3,15 f,12,14 f,15,3 
294:1,2 0.001 0 1 2,1 0.001 1 0 1,1 0.001 1 1 338.051 800 2,14 0.001 -1 1 1,13 0.001 1 0 1,14 0.001 0 -1 12.1489 185 14,1 0.001 0 1 13,2 0.001 -1 1 14,2 0.001 -1 -1 248.055 665 13,14 0.001 0 1 13,13 0.001 0 1 14,13 0.001 0 1 137.029 500 ::f,0,0 f,3,15 f,12,14 f,15,3 
295:1,2 0.001 0 1 2,1 0.001 1 1 1,1 0.001 1 1 338.051 800 2,14 0.001 -1 1 2,13 0.001 1 0 1,13 0.001 0 -1 12.1509 185 14,1 0.001 0 1 13,2 0.001 -1 0 14,2 0.001 0 -1 248.055 665 13,14 0.001 -1 1 13,13 0.001 -1 1 14,14 0.001 0 1 137.03 500 ::f,0,0 f,3,15 f,12,14 f,15,3 
296:1,2 0.001 -1 1 2,1 0.001 1 1 1,1 0.001 0 1 338.051 800 2,14 0.001 -1 0 2,13 0.001 1 0 1,13 0.001 0 -1 12.1509 185 14,1 0.001 0 1 13,2 0.001 -1 0 14,2 0.001 0 -1 248.055 665 13,14 0.001 -1 1 13,13 0.001 -1 1 14,14 0.001 0 1 147.03 515 ::f,0,0 f,3,15 f,12,13 f,15,3 
297:1,2 0.001 -1 1 2,1 0.001 0 1 1,1 0.001 0 1 338.051 800 1,14 0.001 -1 0 2,13 0.001 1 1 1,13 0.001 1 -1 12.1519 185 14,1 0.001 -1 1 13,2 0.001 -1 -1 14,2 0.001 1 -1 248.055 665 13,14 0.001 -1 0 13,13 0.001 -1 0 14,14 0.001 -1 1 147.03 515 ::f,0,0 f,3,15 f,12,13 f,15,3 
298:1,2 0.001 -1 0 2,2 0.001 0 1 1,1 0.001 -1 1 338.052 800 1,14 0.001 -1 0 2,13 0.001 1 1 1,13 0.001 1 -1 12.1519 185 14,1 0.001 -1 1 13,2 0.001 -1 -1 14,2 0.001 1 -1 248.055 665 13,14 0.001 -1 0 13,13 0.001 -1 0 14,14 0.001 -1 1 157.03 530 ::f,0,0 f,3,15 f,15,3 f,15,12 
299:1,2 0.001 -1 0 2,2 0.001 0 1 1,1 0.001 -1 1 338.052 800 1,14 0.001 -1 -1 2,13 0.001 0 1 1,13 0.001 1 0 12.1519 185 14,1 0.001 -1 0 13,2 0.001 0 -1 14,2 0.001 1 0 248.055 665 13,14 0.001 -1 -1 13,13 0.001 -1 -1 14,14 0.001 -1 0 157.03 530 ::f,0,0 f,3,15 f,15,3 f,15,12 
