16
0:0,2 0.001 -1 -1 3,3 0.003 -1 0 0,3 0.002 -1 1 0 50 1,12 0.001 1 -1 1,13 0.003 1 0 2,14 0.002 1 -1 0.002 50 13,0 0.001 -1 1 12,0 0.003 0 -1 13,2 0.002 -1 -1 0.002 50 12,12 0.001 0 -1 14,12 0.003 1 -1 13,13 0.002 -1 -1 0 50 ::f,2,3 f,3,14 f,12,13 f,14,1 
1:0,2 0.001 0 -1 3,3 0.001 -1 0 0,3 0.002 -1 0 0.0001 65 1,12 0.001 1 -1 1,13 0.001 1 0 2,14 0.001 1 -1 0.002 50 13,0 0.001 -1 0 12,0 0.003 1 -1 13,2 0.001 -1 -1 0.002 50 12,12 0.001 1 -1 14,12 0.003 1 0 13,13 0.002 0 -1 0 50 ::f,2,0 f,3,14 f,12,13 f,14,1 
2:0,2 0.002 0 -1 3,3 0.002 -1 0 0,3 0.002 -1 0 0.0001 57 1,12 0.001 1 0 1,13 0.002 1 0 2,14 0.002 1 -1 0.002 42 13,0 0.002 -1 0 12,0 0.002 1 -1 13,2 0.002 -1 -1 0.002 42 12,12 0.002 1 -1 14,12 0.002 1 0 13,13 0.002 0 -1 0 38 :0,1 2,3 2,13 3,13 12,0 12,1 13,11 15,12 13,12 :f,2,0 f,3,14 f,12,13 f,14,1 
3:0,2 0.001 0 -1 3,3 0.001 -1 0 0,3 0.002 -1 -1 0.0001 57 1,12 0.001 1 0 1,13 0.001 1 0 2,14 0.002 1 0 0.002 42 13,0 0.002 -1 -1 12,0 0.002 1 0 13,2 0.002 0 -1 0.002 42 12,12 0.002 1 0 14,12 0.002 1 1 13,13 0.001 0 -1 0 38 :0,0 1,3 3,13 4,12 11,0 14,10 13,11 :f,2,0 f,3,14 f,12,13 f,14,1 
4:0,2 0.002 0 -1 3,3 0.002 -1 0 0,3 0.002 -1 -1 0.0001 49 1,12 0.001 1 1 1,13 0.002 1 0 2,14 0.002 1 0 0.002 34 13,0 0.002 -1 -1 12,0 0.002 1 0 13,2 0.002 0 -1 0.002 34 12,12 0.002 1 0 14,12 0.002 1 1 13,13 0.002 0 -1 0 26 :0,3 4,13 5,11 15,9 13,10 0,1 2,3 2,13 3,14 13,0 13,1 13,12 15,13 13,12 :f,2,0 f,3,14 f,12,13 f,14,1 
5:0,2 0.001 0 -1 3,3 0.001 -1 0 0,3 0.002 0 -1 0.0001 49 1,12 0.001 1 1 1,13 0.001 1 0 2,14 0.002 1 1 0.002 34 13,0 0.002 0 -1 12,0 0.001 1 0 13,2 0.001 0 -1 0.002 34 12,12 0.001 1 0 14,12 0.002 0 1 13,13 0.002 1 -1 0 26 :5,13 6,10 13,9 0,0 1,3 3,13 4,14 13,0 14,12 13,11 :f,2,0 f,3,14 f,12,13 f,14,1 
6:0,2 0.002 0 -1 3,3 0.002 -1 0 0,3 0.002 0 -1 0.0001 41 1,12 0.001 0 1 1,13 0.002 1 0 2,14 0.002 1 1 0.002 26 13,0 0.002 0 -1 12,0 0.002 1 0 13,1 0.001 0 -1 0.003 30 13,12 0.001 1 0 14,13 0.002 0 1 13,13 0.002 1 -1 0.002 22 :6,13 7,9 13,8 0,3 4,13 5,14 13,10 0,1 2,3 2,13 3,15 13,0 14,12 :f,2,0 f,3,14 f,12,13 f,14,1 
7:0,1 0.002 0 -1 2,3 0.002 -1 0 0,3 0.001 0 -1 0.0021 41 1,12 0.001 0 1 2,13 0.002 1 0 2,14 0.002 0 1 0.003 26 13,0 0.002 1 -1 12,0 0.001 1 0 13,1 0.001 0 -1 0.003 30 13,12 0.001 1 0 14,13 0.001 0 1 14,12 0.002 1 -1 0.003 22 :7,13 8,8 13,7 5,13 6,14 13,9 0,0 1,3 3,13 15,11 :f,2,0 f,3,14 f,12,13 f,14,1 
8:0,1 0.001 0 -1 2,3 0.001 -1 0 0,2 0.001 0 -1 0.0031 41 1,12 0.001 -1 1 2,13 0.001 1 0 2,15 0.002 0 1 0.004 26 13,0 0.002 1 -1 12,0 0.001 1 0 13,1 0.001 0 -1 0.003 30 13,12 0.001 1 0 14,14 0.001 0 1 14,12 0.001 1 -1 0.004 22 :8,13 9,7 13,6 6,13 7,14 13,8 0,3 4,13 :f,2,0 f,3,14 f,12,13 f,14,1 
9:0,0 0.001 0 -1 2,3 0.001 -1 0 0,2 0.001 0 -1 0.0041 41 1,12 0.001 -1 1 2,13 0.001 1 0 2,15 0.002 -1 1 0.004 26 13,0 0.002 1 0 12,0 0.001 1 0 13,1 0.001 1 -1 0.003 30 13,12 0.001 1 0 14,14 0.001 0 1 14,12 0.001 1 -1 0.004 22 :9,13 10,6 13,5 7,13 8,14 13,7 5,13 :f,2,0 f,3,14 f,12,13 f,14,1 
10:0,0 0.001 1 -1 1,3 0.001 -1 0 0,1 0.001 0 -1 0.0061 41 1,12 0.001 -1 0 3,13 0.001 1 0 2,15 0.002 -1 1 0.005 26 14,0 0.002 1 0 13,0 0.001 1 0 13,1 0.001 1 -1 0.005 30 13,12 0.001 1 0 14,15 0.001 0 1 14,12 0.001 1 0 0.005 22 :10,13 11,5 13,4 8,13 9,14 13,6 6,13 :f,2,0 f,3,14 f,12,13 f,14,1 
11:0,0 0.001 1 -1 1,3 0.001 -1 0 0,1 0.001 0 -1 0.0061 41 1,12 0.001 -1 0 3,13 0.001 1 1 2,15 0.002 -1 0 0.005 26 14,0 0.001 1 0 13,0 0.001 1 0 13,1 0.001 1 0 0.005 30 13,12 0.001 1 0 14,15 0.001 -1 1 15,12 0.001 1 0 0.006 22 :11,13 12,4 13,3 9,13 10,14 13,5 7,13 :f,2,0 f,3,14 f,12,13 f,14,1 
12:0,0 0.001 1 0 0,3 0.001 -1 0 0,1 0.001 0 -1 0.0071 41 1,12 0.001 -1 -1 3,13 0.001 1 1 1,15 0.002 -1 0 0.006 26 15,0 0.001 1 0 14,0 0.001 1 0 13,1 0.001 1 0 0.007 30 14,12 0.001 1 0 14,15 0.001 -1 1 15,12 0.001 1 1 0.007 22 :12,13 13,3 13,2 10,13 11,14 13,4 8,13 :f,2,0 f,3,14 f,12,13 f,14,1 
13:1,0 0.001 1 0 0,3 0.001 -1 -1 0,1 0.001 1 -1 0.0081 41 1,12 0.001 -1 -1 3,13 0.001 0 1 1,15 0.001 -1 0 0.006 26 15,0 0.001 1 1 14,0 0.001 1 0 13,1 0.001 1 0 0.0071 45 14,12 0.001 1 0 14,15 0.001 -1 0 15,12 0.001 1 1 0.007 22 :13,13 14,2 13,1 11,13 12,14 13,3 9,13 :f,2,0 f,3,14 f,12,13 f,14,2 
14:1,0 0.001 1 0 0,3 0.001 -1 -1 0,1 0.001 1 -1 0.0082 56 1,12 0.001 0 -1 3,13 0.001 0 1 0,15 0.001 -1 0 0.007 26 15,0 0.001 1 1 14,0 0.001 1 0 14,1 0.001 1 0 0.0081 45 14,12 0.001 1 0 13,15 0.001 -1 0 15,12 0.001 0 1 3.008 22 :14,13 15,1 12,13 13,14 13,2 10,13 :f,0,2 f,3,14 f,12,13 f,14,2 
15:2,0 0.001 1 0 0,3 0.001 0 -1 0,1 0.001 1 0 0.0092 56 1,12 0.001 0 -1 3,13 0.001 0 1 0,15 0.001 -1 -1 0.0071 41 15,0 0.001 0 1 14,0 0.001 1 1 14,1 0.001 1 0 0.0081 45 14,12 0.001 1 1 13,15 0.001 -1 0 15,13 0.001 0 1 3.009 22 :15,13 13,13 14,14 13,1 11,13 :f,0,2 f,1,14 f,12,13 f,14,2 
16:2,0 0.001 1 0 0,3 0.001 0 -1 1,1 0.001 1 0 0.0102 56 1,12 0.001 1 -1 3,14 0.001 0 1 0,15 0.001 -1 -1 3.0081 41 15,1 0.001 0 1 14,0 0.001 1 1 14,1 0.001 1 0 0.0091 45 14,12 0.001 1 1 12,15 0.001 -1 0 15,13 0.001 0 1 3.01 22 :14,13 15,14 13,0 12,13 :f,0,2 f,1,14 f,12,13 f,14,2 
17:3,0 0.001 1 0 0,3 0.001 0 -1 1,1 0.001 1 0 0.0113 71 1,12 0.001 1 -1 3,14 0.001 0 1 0,15 0.001 0 -1 3.0081 41 15,1 0.001 0 1 14,0 0.001 0 1 14,1 0.001 1 1 0.0091 45 14,12 0.001 0 1 12,15 0.001 -1 -1 15,14 0.001 0 1 3.011 22 :15,13 13,13 :f,0,1 f,1,14 f,12,13 f,14,2 
18:3,0 0.001 1 1 0,2 0.001 0 -1 2,1 0.001 1 0 0.0133 71 1,12 0.001 1 0 3,15 0.001 0 1 0,14 0.001 0 -1 3.0101 41 15,2 0.001 0 1 14,0 0.001 0 1 14,1 0.001 1 1 0.0101 45 14,13 0.001 0 1 12,15 0.001 -1 -1 15,14 0.001 0 1 3.012 22 :14,13 :f,0,1 f,1,14 f,12,13 f,14,2 
19:3,0 0.001 1 1 0,2 0.001 0 -1 2,1 0.001 1 0 1.0134 86 2,12 0.001 1 0 3,15 0.001 -1 1 0,14 0.001 0 -1 6.0111 41 15,2 0.001 0 1 14,0 0.001 0 1 14,1 0.001 0 1 0.0101 45 14,13 0.001 0 1 12,15 0.001 0 -1 15,15 0.001 0 1 3.013 22 ::f,0,0 f,1,14 f,12,13 f,14,2 
20:3,0 0.001 0 1 0,1 0.001 0 -1 3,1 0.001 1 0 1.0154 86 2,12 0.001 1 0 3,15 0.001 -1 1 0,13 0.001 0 -1 6.0121 41 15,3 0.001 0 1 14,0 0.001 0 1 14,1 0.001 0 1 0.0111 45 14,14 0.001 0 1 12,14 0.001 0 -1 15,15 0.001 -1 1 3.015 22 ::f,0,0 f,1,14 f,12,13 f,14,2 
21:3,0 0.001 0 1 0,1 0.001 0 -1 3,1 0.001 1 1 3.0155 101 2,12 0.001 1 1 3,15 0.001 -1 0 0,13 0.001 0 -1 6.0121 41 15,3 0.001 -1 1 14,0 0.001 0 1 14,1 0.001 0 1 1.0112 60 14,14 0.001 0 1 12,14 0.001 0 -1 15,15 0.001 -1 1 3.0151 37 ::f,1,14 f,2,0 f,13,12 f,15,0 
22:3,0 0.001 0 1 0,0 0.001 0 -1 3,1 0.001 1 1 3.0165 101 2,12 0.001 1 1 2,15 0.001 -1 0 0,12 0.001 0 -1 6.0141 41 15,3 0.001 -1 1 14,0 0.001 0 1 14,2 0.001 0 1 1.0122 60 14,15 0.001 0 1 12,13 0.001 0 -1 15,15 0.001 -1 0 3.0171 37 ::f,1,14 f,2,0 f,13,12 f,15,0 
23:3,0 0.001 0 1 0,0 0.001 1 -1 3,1 0.001 0 1 3.0165 101 2,12 0.001 0 1 2,15 0.001 -1 0 0,12 0.001 1 -1 6.0141 41 15,3 0.001 -1 0 14,1 0.001 0 1 14,2 0.001 0 1 1.0132 60 14,15 0.001 -1 1 12,13 0.001 0 -1 15,15 0.001 -1 0 3.0171 37 ::f,1,14 f,2,0 f,13,12 f,15,0 
24:3,0 0.001 0 1 0,0 0.001 1 -1 3,2 0.001 0 1 3.0175 101 2,13 0.001 0 1 1,15 0.001 -1 0 0,12 0.001 1 -1 6.0161 41 14,3 0.001 -1 0 14,1 0.001 0 1 14,2 0.001 0 1 1.0142 60 14,15 0.001 -1 1 12,12 0.001 0 -1 15,15 0.001 -1 0 3.0181 37 ::f,1,14 f,2,0 f,13,12 f,15,0 
25:3,1 0.001 0 1 0,0 0.001 1 0 3,2 0.001 0 1 3.0185 101 2,13 0.001 0 1 1,15 0.001 -1 0 0,12 0.001 1 0 6.0161 41 14,3 0.001 -1 0 14,1 0.001 0 1 14,2 0.001 -1 1 1.0142 60 14,15 0.001 -1 0 12,12 0.001 1 -1 15,15 0.001 -1 0 3.0181 37 ::f,1,14 f,2,0 f,13,12 f,15,0 
26:3,1 0.001 0 1 1,0 0.001 1 0 3,3 0.001 0 1 3.0205 101 2,13 0.001 -1 1 0,15 0.001 -1 0 1,12 0.001 1 0 6.0181 41 13,3 0.001 -1 0 14,1 0.001 0 1 14,2 0.001 -1 1 1.0152 60 13,15 0.001 -1 0 12,12 0.001 1 -1 14,15 0.001 -1 0 3.0201 37 ::f,1,14 f,2,0 f,13,12 f,15,0 
27:3,2 0.001 0 1 1,0 0.001 1 0 3,3 0.001 -1 1 6.0216 116 2,13 0.001 -1 1 0,15 0.001 -1 -1 1,12 0.001 1 0 6.0181 41 13,3 0.001 -1 0 14,1 0.001 0 1 14,2 0.001 -1 0 1.0152 60 13,15 0.001 -1 0 12,12 0.001 1 0 14,15 0.001 -1 0 3.0201 37 ::f,1,1 f,1,14 f,13,12 f,15,0 
28:3,2 0.001 0 1 2,0 0.001 1 0 3,3 0.001 -1 1 6.0226 116 2,13 0.001 -1 1 0,15 0.001 -1 -1 2,12 0.001 1 0 6.0192 56 12,3 0.001 -1 0 14,1 0.001 0 1 13,2 0.001 -1 0 1.0172 60 12,15 0.001 -1 0 12,12 0.001 1 0 13,15 0.001 -1 0 3.0221 37 ::f,1,1 f,3,13 f,13,12 f,15,0 
29:3,2 0.001 0 1 2,0 0.001 1 0 3,3 0.001 -1 0 6.0226 116 2,13 0.001 -1 0 0,15 0.001 0 -1 2,12 0.001 1 0 6.0192 56 12,3 0.001 -1 -1 14,2 0.001 0 1 13,2 0.001 -1 0 1.0182 60 12,15 0.001 -1 -1 12,12 0.001 1 0 13,15 0.001 -1 0 4.0222 52 ::f,1,1 f,3,13 f,13,13 f,15,0 
30:3,2 0.001 -1 1 3,0 0.001 1 0 2,3 0.001 -1 0 6.0246 116 2,13 0.001 -1 0 0,14 0.001 0 -1 3,12 0.001 1 0 6.0212 56 12,3 0.001 -1 -1 14,2 0.001 0 1 12,2 0.001 -1 0 1.0192 60 12,15 0.001 -1 -1 13,12 0.001 1 0 13,15 0.001 -1 0 4.0232 52 ::f,1,1 f,3,13 f,13,13 f,15,0 
31:3,2 0.001 -1 1 3,0 0.001 1 1 2,3 0.001 -1 0 6.0246 116 2,13 0.001 -1 -1 0,14 0.001 0 -1 3,12 0.001 1 1 6.0212 56 12,3 0.001 0 -1 14,3 0.001 0 1 12,2 0.001 -1 -1 1.0202 60 12,15 0.001 0 -1 13,12 0.001 1 0 13,15 0.001 -1 -1 4.0232 52 ::f,1,1 f,3,13 f,13,13 f,15,0 
32:3,2 0.001 -1 0 3,0 0.001 1 1 1,3 0.001 -1 0 6.0256 116 2,13 0.001 -1 -1 0,13 0.001 0 -1 3,12 0.001 1 1 6.0222 56 12,3 0.001 0 -1 14,3 0.001 -1 1 12,2 0.001 -1 -1 1.0202 60 12,14 0.001 0 -1 14,12 0.001 1 0 13,15 0.001 -1 -1 4.0252 52 ::f,1,1 f,3,13 f,13,13 f,15,0 
33:2,2 0.001 -1 0 3,0 0.001 0 1 1,3 0.001 -1 0 6.0266 116 2,13 0.001 0 -1 0,13 0.001 0 -1 3,12 0.001 0 1 6.0222 56 12,3 0.001 0 -1 14,3 0.001 -1 1 12,2 0.001 0 -1 1.0202 60 12,14 0.001 0 -1 14,12 0.001 1 0 13,15 0.001 0 -1 4.0252 52 ::f,1,1 f,3,13 f,13,13 f,15,0 
34:2,2 0.001 -1 0 3,1 0.001 0 1 0,3 0.001 -1 0 6.0286 116 2,13 0.001 0 -1 0,12 0.001 0 -1 3,12 0.001 0 1 6.0232 56 12,3 0.001 0 -1 14,3 0.001 -1 0 12,1 0.001 0 -1 1.0212 60 12,13 0.001 0 -1 15,12 0.001 1 0 13,14 0.001 0 -1 4.0282 52 ::f,1,1 f,3,13 f,13,13 f,15,0 
35:1,2 0.001 -1 0 3,1 0.001 0 1 0,3 0.001 -1 -1 6.0296 116 2,13 0.001 1 -1 0,12 0.001 1 -1 3,12 0.001 0 1 6.0233 71 12,2 0.001 0 -1 13,3 0.001 -1 0 12,1 0.001 0 -1 1.0232 60 12,13 0.001 0 -1 15,12 0.001 1 1 13,14 0.001 0 -1 4.0283 67 ::f,1,1 f,2,14 f,14,15 f,15,0 
36:1,2 0.001 -1 0 3,2 0.001 0 1 0,3 0.001 -1 -1 6.0306 116 2,13 0.001 1 -1 0,12 0.001 1 -1 3,13 0.001 0 1 6.0243 71 12,2 0.001 0 -1 13,3 0.001 -1 0 12,0 0.001 0 -1 1.0242 60 12,12 0.001 0 -1 15,12 0.001 1 1 13,13 0.001 0 -1 4.0303 67 ::f,1,1 f,2,14 f,14,15 f,15,0 
37:0,2 0.001 -1 0 3,2 0.001 0 1 0,3 0.001 0 -1 6.0316 116 2,13 0.001 1 0 0,12 0.001 1 0 3,13 0.001 0 1 6.0243 71 12,1 0.001 0 -1 12,3 0.001 -1 0 12,0 0.001 1 -1 1.0262 60 12,12 0.001 1 -1 15,12 0.001 0 1 13,13 0.001 0 -1 4.0303 67 ::f,1,1 f,2,14 f,14,15 f,15,0 
38:0,2 0.001 -1 -1 3,3 0.001 0 1 0,3 0.001 0 -1 6.0326 116 2,13 0.001 1 0 1,12 0.001 1 0 3,14 0.001 0 1 6.0263 71 12,1 0.001 0 -1 12,3 0.001 -1 -1 12,0 0.001 1 -1 1.0262 60 12,12 0.001 1 -1 15,13 0.001 0 1 13,12 0.001 0 -1 4.0323 67 ::f,1,1 f,2,14 f,14,15 f,15,0 
39:0,2 0.001 -1 -1 3,3 0.001 -1 1 0,3 0.001 0 -1 6.0326 116 2,13 0.001 1 1 1,12 0.001 1 0 3,14 0.001 0 1 6.0263 71 12,1 0.001 0 -1 12,3 0.001 -1 -1 12,0 0.001 1 0 1.0262 60 12,12 0.001 1 0 15,13 0.001 0 1 13,12 0.001 1 -1 4.0323 67 ::f,1,1 f,2,14 f,14,15 f,15,0 
40:0,2 0.001 0 -1 3,3 0.001 -1 1 0,3 0.001 0 -1 6.0326 116 2,13 0.001 1 1 2,12 0.001 1 0 3,15 0.001 0 1 6.0283 71 12,1 0.001 1 -1 12,3 0.001 0 -1 13,0 0.001 1 0 1.0272 60 12,12 0.001 1 0 15,14 0.001 0 1 13,12 0.001 1 -1 4.0333 67 ::f,1,1 f,2,14 f,14,15 f,15,0 
41:0,1 0.001 0 -1 3,3 0.001 -1 0 0,2 0.001 0 -1 6.0346 116 2,13 0.001 0 1 2,12 0.001 1 0 3,15 0.001 -1 1 6.0283 71 12,1 0.001 1 -1 12,2 0.001 0 -1 14,0 0.001 1 0 1.0292 60 12,12 0.001 1 0 15,14 0.001 0 1 13,12 0.001 1 0 4.0333 67 ::f,1,1 f,2,14 f,14,15 f,15,0 
42:0,1 0.001 0 -1 2,3 0.001 -1 0 0,2 0.001 0 -1 6.0356 116 2,13 0.001 0 1 3,12 0.001 1 0 3,15 0.001 -1 1 6.0293 71 12,1 0.001 1 0 12,2 0.001 0 -1 14,0 0.001 1 0 3.0293 75 12,12 0.001 1 0 15,15 0.001 0 1 14,12 0.001 1 0 4.0353 67 ::f,1,1 f,2,14 f,14,15 f,15,2 
43:0,0 0.001 0 -1 2,3 0.001 -1 0 0,1 0.001 0 -1 6.0376 116 2,13 0.001 0 1 3,12 0.001 1 1 3,15 0.001 -1 0 7.0294 86 13,1 0.001 1 0 12,1 0.001 0 -1 15,0 0.001 1 0 3.0323 75 13,12 0.001 1 0 15,15 0.001 -1 1 14,12 0.001 1 0 4.0363 67 ::f,1,1 f,1,15 f,14,15 f,15,2 
44:0,0 0.001 1 -1 1,3 0.001 -1 0 0,1 0.001 0 -1 6.0386 116 2,13 0.001 -1 1 3,12 0.001 1 1 2,15 0.001 -1 0 7.0304 86 13,1 0.001 1 0 12,1 0.001 0 -1 15,0 0.001 1 1 3.0323 75 13,12 0.001 1 0 15,15 0.001 -1 1 15,12 0.001 1 0 4.0373 67 ::f,1,1 f,1,15 f,14,15 f,15,2 
45:0,0 0.001 1 -1 1,3 0.001 -1 0 0,1 0.001 0 -1 6.0386 116 2,13 0.001 -1 1 3,12 0.001 0 1 2,15 0.001 -1 0 8.0305 101 14,1 0.001 1 0 12,0 0.001 0 -1 15,0 0.001 1 1 3.0343 75 14,12 0.001 1 0 15,15 0.001 -1 0 15,12 0.001 1 1 4.0383 67 ::f,0,13 f,1,1 f,14,15 f,15,2 
46:0,0 0.001 1 0 0,3 0.001 -1 0 0,1 0.001 1 -1 6.0396 116 2,13 0.001 -1 0 3,13 0.001 0 1 1,15 0.001 -1 0 8.0325 101 14,1 0.001 1 0 12,0 0.001 1 -1 15,0 0.001 0 1 3.0343 75 14,12 0.001 1 0 15,15 0.001 -1 0 15,12 0.001 1 1 4.0383 67 ::f,0,13 f,1,1 f,14,15 f,15,2 
47:1,0 0.001 1 0 0,3 0.001 -1 -1 0,1 0.001 1 -1 6.0406 116 1,13 0.001 -1 0 3,13 0.001 0 1 1,15 0.001 -1 0 8.0335 101 15,1 0.001 1 0 12,0 0.001 1 -1 15,0 0.001 0 1 3.0353 75 14,12 0.001 1 0 15,15 0.001 -1 0 15,12 0.001 0 1 6.0384 82 ::f,0,13 f,1,1 f,14,13 f,15,2 
48:1,0 0.001 1 0 0,3 0.001 -1 -1 0,1 0.001 1 0 6.0406 116 1,13 0.001 -1 0 3,14 0.001 0 1 0,15 0.001 -1 0 10.0356 116 15,1 0.001 1 1 12,0 0.001 1 0 15,0 0.001 0 1 3.0353 75 14,12 0.001 1 1 14,15 0.001 -1 0 15,13 0.001 0 1 6.0404 82 ::f,1,1 f,2,14 f,14,13 f,15,2 
49:2,0 0.001 1 0 0,3 0.001 0 -1 0,1 0.001 1 0 6.0416 116 1,13 0.001 -1 -1 3,14 0.001 0 1 0,15 0.001 -1 -1 10.0356 116 15,1 0.001 1 1 13,0 0.001 1 0 15,0 0.001 0 1 3.0363 75 14,12 0.001 1 1 14,15 0.001 -1 0 15,13 0.001 0 1 6.0404 82 ::f,1,1 f,2,14 f,14,13 f,15,2 
50:2,0 0.001 1 0 0,2 0.001 0 -1 0,1 0.001 1 0 6.0427 131 1,13 0.001 -1 -1 3,15 0.001 0 1 0,15 0.001 -1 -1 10.0366 116 15,1 0.001 0 1 14,0 0.001 1 0 15,0 0.001 0 1 3.0373 75 14,12 0.001 0 1 13,15 0.001 -1 0 15,14 0.001 0 1 6.0424 82 ::f,2,14 f,3,2 f,14,13 f,15,2 
51:3,0 0.001 1 0 0,2 0.001 0 -1 1,1 0.001 1 0 6.0447 131 1,13 0.001 0 -1 3,15 0.001 -1 1 0,15 0.001 0 -1 10.0366 116 15,1 0.001 0 1 14,0 0.001 1 0 15,0 0.001 0 1 3.0373 75 14,12 0.001 0 1 13,15 0.001 -1 0 15,14 0.001 0 1 6.0424 82 ::f,2,14 f,3,2 f,14,13 f,15,2 
52:3,0 0.001 1 1 0,1 0.001 0 -1 1,1 0.001 1 0 6.0457 131 1,13 0.001 0 -1 3,15 0.001 -1 1 0,14 0.001 0 -1 10.0376 116 15,1 0.001 0 1 14,0 0.001 1 0 15,0 0.001 0 1 3.0374 90 14,12 0.001 0 1 12,15 0.001 -1 0 15,15 0.001 0 1 6.0445 97 ::f,2,14 f,3,2 f,12,1 f,13,13 
53:3,0 0.001 1 1 0,1 0.001 0 -1 2,1 0.001 1 0 6.0467 131 1,13 0.001 1 -1 3,15 0.001 -1 0 0,14 0.001 0 -1 10.0376 116 15,2 0.001 0 1 14,0 0.001 1 1 15,1 0.001 0 1 3.0394 90 14,13 0.001 0 1 12,15 0.001 -1 -1 15,15 0.001 -1 1 6.0455 97 ::f,2,14 f,3,2 f,12,1 f,13,13 
54:3,0 0.001 0 1 0,0 0.001 0 -1 2,1 0.001 1 0 6.0477 131 1,13 0.001 1 -1 2,15 0.001 -1 0 0,13 0.001 0 -1 10.0396 116 15,2 0.001 0 1 14,0 0.001 1 1 15,1 0.001 0 1 3.0394 90 14,13 0.001 0 1 12,15 0.001 -1 -1 15,15 0.001 -1 1 6.0455 97 ::f,2,14 f,3,2 f,12,1 f,13,13 
55:3,1 0.001 0 1 0,0 0.001 1 -1 2,1 0.001 1 0 6.0487 131 1,13 0.001 1 0 2,15 0.001 -1 0 0,13 0.001 0 -1 10.0396 116 15,3 0.001 0 1 14,0 0.001 0 1 15,2 0.001 0 1 3.0414 90 14,14 0.001 0 1 12,15 0.001 0 -1 15,15 0.001 -1 0 6.0465 97 ::f,2,14 f,3,2 f,12,1 f,13,13 
56:3,1 0.001 0 1 0,0 0.001 1 -1 2,1 0.001 1 1 7.0488 146 2,13 0.001 1 0 1,15 0.001 -1 0 0,12 0.001 0 -1 10.0426 116 15,3 0.001 -1 1 14,1 0.001 0 1 15,2 0.001 0 1 3.0424 90 14,14 0.001 0 1 12,14 0.001 0 -1 14,15 0.001 -1 0 6.0485 97 ::f,2,0 f,2,14 f,12,1 f,13,13 
57:3,2 0.001 0 1 0,0 0.001 1 0 2,1 0.001 1 1 7.0498 146 2,13 0.001 1 0 1,15 0.001 -1 0 0,12 0.001 1 -1 10.0426 116 15,3 0.001 -1 1 14,1 0.001 0 1 15,2 0.001 0 1 3.0424 90 14,14 0.001 0 1 12,14 0.001 0 -1 14,15 0.001 -1 0 6.0485 97 ::f,2,0 f,2,14 f,12,1 f,13,13 
58:3,2 0.001 0 1 1,0 0.001 1 0 2,1 0.001 0 1 7.0508 146 2,13 0.001 1 1 0,15 0.001 -1 0 0,12 0.001 1 -1 10.0436 116 15,3 0.001 -1 0 14,2 0.001 0 1 15,2 0.001 -1 1 3.0434 90 14,14 0.001 -1 1 12,13 0.001 0 -1 13,15 0.001 -1 0 6.0505 97 ::f,2,0 f,2,14 f,12,1 f,13,13 
59:3,3 0.001 0 1 1,0 0.001 1 0 2,2 0.001 0 1 11.0529 161 2,13 0.001 1 1 0,15 0.001 -1 -1 0,12 0.001 1 0 10.0436 116 14,3 0.001 -1 0 14,2 0.001 0 1 15,2 0.001 -1 1 3.0444 90 14,14 0.001 -1 1 12,13 0.001 0 -1 13,15 0.001 -1 0 6.0505 97 ::f,2,14 f,3,0 f,12,1 f,13,13 
60:3,3 0.001 -1 1 2,0 0.001 1 0 2,2 0.001 0 1 11.0539 161 2,13 0.001 0 1 0,15 0.001 -1 -1 1,12 0.001 1 0 10.0446 116 14,3 0.001 -1 0 14,2 0.001 0 1 15,2 0.001 -1 0 3.0444 90 14,14 0.001 -1 0 12,12 0.001 0 -1 12,15 0.001 -1 0 6.0525 97 ::f,2,14 f,3,0 f,12,1 f,13,13 
61:3,3 0.001 -1 1 2,0 0.001 1 0 2,3 0.001 0 1 16.055 176 2,13 0.001 0 1 0,15 0.001 0 -1 1,12 0.001 1 0 10.0446 116 13,3 0.001 -1 0 14,2 0.001 -1 1 15,2 0.001 -1 0 3.0454 90 13,14 0.001 -1 0 12,12 0.001 1 -1 12,15 0.001 -1 -1 6.0535 97 ::f,1,1 f,2,14 f,12,1 f,13,13 
62:3,3 0.001 -1 0 3,0 0.001 1 0 2,3 0.001 -1 1 16.056 176 2,13 0.001 0 1 0,14 0.001 0 -1 1,12 0.001 1 0 13.0457 131 13,3 0.001 -1 0 14,2 0.001 -1 1 15,2 0.001 -1 0 3.0454 90 13,14 0.001 -1 0 12,12 0.001 1 -1 12,15 0.001 -1 -1 6.0535 97 ::f,1,1 f,2,12 f,12,1 f,13,13 
63:3,3 0.001 -1 0 3,0 0.001 1 1 2,3 0.001 -1 1 16.056 176 2,13 0.001 -1 1 0,14 0.001 0 -1 1,12 0.001 1 0 15.0458 146 12,3 0.001 -1 0 14,2 0.001 -1 0 15,2 0.001 -1 0 3.0464 90 12,14 0.001 -1 0 12,12 0.001 1 0 12,15 0.001 0 -1 6.0545 97 ::f,1,1 f,1,15 f,12,1 f,13,13 
64:3,3 0.001 -1 0 3,0 0.001 1 1 2,3 0.001 -1 0 16.056 176 2,13 0.001 -1 1 0,13 0.001 0 -1 2,12 0.001 1 0 15.0478 146 12,3 0.001 -1 -1 13,2 0.001 -1 0 14,2 0.001 -1 0 3.0484 90 12,14 0.001 -1 -1 13,12 0.001 1 0 12,15 0.001 0 -1 6.0555 97 ::f,1,1 f,1,15 f,12,1 f,13,13 
65:3,3 0.001 -1 0 3,0 0.001 0 1 1,3 0.001 -1 0 16.057 176 2,13 0.001 -1 0 0,13 0.001 0 -1 2,12 0.001 1 0 15.0478 146 12,3 0.001 -1 -1 13,2 0.001 -1 0 14,2 0.001 -1 0 3.0484 90 12,14 0.001 -1 -1 13,12 0.001 1 0 12,15 0.001 0 -1 6.0555 97 ::f,1,1 f,1,15 f,12,1 f,13,13 
66:2,3 0.001 -1 0 3,1 0.001 0 1 1,3 0.001 -1 0 16.059 176 1,13 0.001 -1 0 0,12 0.001 0 -1 3,12 0.001 1 0 15.0508 146 12,3 0.001 0 -1 12,2 0.001 -1 0 13,2 0.001 -1 0 3.0504 90 12,14 0.001 0 -1 14,12 0.001 1 0 12,15 0.001 0 -1 6.0565 97 ::f,1,1 f,1,15 f,12,1 f,13,13 
67:2,3 0.001 -1 0 3,1 0.001 0 1 0,3 0.001 -1 0 16.06 176 1,13 0.001 -1 0 0,12 0.001 1 -1 3,12 0.001 1 1 15.0508 146 12,3 0.001 0 -1 12,2 0.001 -1 -1 13,2 0.001 -1 0 3.0504 90 12,13 0.001 0 -1 14,12 0.001 1 0 12,14 0.001 0 -1 6.0585 97 ::f,1,1 f,1,15 f,12,1 f,13,13 
68:1,3 0.001 -1 0 3,2 0.001 0 1 0,3 0.001 -1 -1 16.062 176 1,13 0.001 -1 -1 0,12 0.001 1 -1 3,12 0.001 1 1 15.0508 146 12,3 0.001 0 -1 12,2 0.001 -1 -1 13,2 0.001 -1 0 3.0504 90 12,13 0.001 0 -1 15,12 0.001 1 0 12,14 0.001 0 -1 6.0595 97 ::f,1,1 f,1,15 f,12,1 f,13,13 
69:1,3 0.001 -1 0 3,2 0.001 0 1 0,3 0.001 -1 -1 16.062 176 1,13 0.001 -1 -1 0,12 0.001 1 0 3,12 0.001 0 1 15.0508 146 12,3 0.001 0 -1 12,2 0.001 0 -1 13,2 0.001 -1 -1 3.0504 90 12,12 0.001 0 -1 15,12 0.001 1 1 12,13 0.001 0 -1 6.0615 97 ::f,1,1 f,1,15 f,12,1 f,13,13 
70:1,3 0.001 -1 0 3,3 0.001 0 1 0,3 0.001 0 -1 16.063 176 1,13 0.001 0 -1 1,12 0.001 1 0 3,13 0.001 0 1 15.0528 146 12,3 0.001 0 -1 12,2 0.001 0 -1 13,2 0.001 -1 -1 3.0504 90 12,12 0.001 1 -1 15,12 0.001 1 1 12,13 0.001 0 -1 6.0615 97 ::f,1,1 f,1,15 f,12,1 f,13,13 
71:1,3 0.001 -1 -1 3,3 0.001 -1 1 0,2 0.001 0 -1 16.064 176 1,13 0.001 0 -1 1,12 0.001 1 0 3,13 0.001 0 1 15.0528 146 12,3 0.001 0 -1 12,2 0.001 0 -1 13,2 0.001 0 -1 3.0505 105 12,12 0.001 1 -1 15,12 0.001 0 1 12,13 0.001 0 -1 6.0615 97 ::f,1,1 f,1,15 f,13,3 f,13,13 
72:1,3 0.001 -1 -1 3,3 0.001 -1 1 0,2 0.001 0 -1 16.064 176 1,13 0.001 1 -1 2,12 0.001 1 0 3,14 0.001 0 1 15.0548 146 12,3 0.001 0 -1 12,1 0.001 0 -1 13,1 0.001 0 -1 3.0525 105 12,12 0.001 1 0 15,13 0.001 0 1 12,13 0.001 1 -1 6.0625 97 ::f,1,1 f,1,15 f,13,3 f,13,13 
73:1,3 0.001 0 -1 3,3 0.001 -1 0 0,1 0.001 0 -1 16.065 176 1,13 0.001 1 -1 2,12 0.001 1 0 3,14 0.001 0 1 15.0548 146 12,2 0.001 0 -1 12,1 0.001 0 -1 13,1 0.001 0 -1 3.0535 105 13,12 0.001 1 0 15,13 0.001 0 1 12,13 0.001 1 -1 6.0635 97 ::f,1,1 f,1,15 f,13,3 f,13,13 
74:1,2 0.001 0 -1 2,3 0.001 -1 0 0,1 0.001 0 -1 16.067 176 1,13 0.001 1 0 3,12 0.001 1 0 3,15 0.001 0 1 15.0568 146 12,2 0.001 0 -1 12,0 0.001 0 -1 13,0 0.001 0 -1 3.0555 105 13,12 0.001 1 0 15,14 0.001 0 1 12,13 0.001 1 0 6.0645 97 ::f,1,1 f,1,15 f,13,3 f,13,13 
75:1,2 0.001 0 -1 2,3 0.001 -1 0 0,0 0.001 0 -1 18.0681 191 2,13 0.001 1 0 3,12 0.001 1 1 3,15 0.001 -1 1 15.0578 146 12,1 0.001 0 -1 12,0 0.001 1 -1 13,0 0.001 1 -1 3.0565 105 14,12 0.001 1 0 15,14 0.001 0 1 12,13 0.001 1 0 6.0655 97 ::f,1,15 f,2,0 f,13,3 f,13,13 
76:1,1 0.001 0 -1 1,3 0.001 -1 0 0,0 0.001 1 -1 18.0701 191 2,13 0.001 1 0 3,12 0.001 1 1 3,15 0.001 -1 1 15.0578 146 12,1 0.001 0 -1 12,0 0.001 1 -1 13,0 0.001 1 -1 3.0565 105 14,12 0.001 1 0 15,15 0.001 0 1 12,13 0.001 1 0 7.0666 112 ::f,1,15 f,2,0 f,13,3 f,15,13 
77:1,1 0.001 0 -1 1,3 0.001 -1 0 0,0 0.001 1 -1 18.0701 191 2,13 0.001 1 1 3,12 0.001 0 1 3,15 0.001 -1 0 15.0578 146 12,1 0.001 0 -1 12,0 0.001 1 0 13,0 0.001 1 0 3.0565 105 15,12 0.001 1 0 15,15 0.001 -1 1 13,13 0.001 1 0 7.0686 112 ::f,1,15 f,2,0 f,13,3 f,15,13 
78:1,0 0.001 0 -1 0,3 0.001 -1 0 0,0 0.001 1 0 18.0721 191 2,13 0.001 1 1 3,13 0.001 0 1 2,15 0.001 -1 0 15.0598 146 12,1 0.001 1 -1 12,0 0.001 1 0 14,0 0.001 1 0 3.0575 105 15,12 0.001 1 1 15,15 0.001 -1 1 14,13 0.001 1 0 7.0696 112 ::f,1,15 f,2,0 f,13,3 f,15,13 
79:1,0 0.001 1 -1 0,3 0.001 -1 -1 0,0 0.001 1 0 18.0721 191 2,13 0.001 0 1 3,13 0.001 0 1 2,15 0.001 -1 0 18.0599 161 13,0 0.001 1 -1 12,0 0.001 1 0 14,0 0.001 1 0 3.0585 105 15,12 0.001 1 1 15,15 0.001 -1 0 14,13 0.001 1 0 9.0697 127 ::f,2,0 f,2,12 f,13,3 f,14,12 
80:1,0 0.001 1 -1 0,3 0.001 -1 -1 0,0 0.001 1 0 18.0721 191 2,14 0.001 0 1 3,14 0.001 0 1 1,15 0.001 -1 0 18.0629 161 13,0 0.001 1 0 12,0 0.001 1 0 15,0 0.001 1 0 3.0595 105 15,12 0.001 0 1 14,15 0.001 -1 0 15,13 0.001 1 0 9.0717 127 ::f,2,0 f,2,12 f,13,3 f,14,12 
81:1,0 0.001 1 0 0,3 0.001 0 -1 0,0 0.001 1 0 18.0721 191 2,14 0.001 0 1 3,14 0.001 0 1 1,15 0.001 -1 0 18.0629 161 14,0 0.001 1 0 13,0 0.001 1 0 15,0 0.001 1 1 3.0615 105 15,12 0.001 0 1 14,15 0.001 -1 0 15,13 0.001 1 1 9.0717 127 ::f,2,0 f,2,12 f,13,3 f,14,12 
82:1,0 0.001 1 0 0,2 0.001 0 -1 0,0 0.001 1 0 18.0731 191 2,14 0.001 -1 1 3,15 0.001 0 1 0,15 0.001 -1 0 18.0649 161 14,0 0.001 1 0 13,0 0.001 1 0 15,0 0.001 1 1 3.0615 105 15,12 0.001 0 1 13,15 0.001 -1 0 15,13 0.001 1 1 9.0727 127 ::f,2,0 f,2,12 f,13,3 f,14,12 
83:1,0 0.001 1 0 0,1 0.001 0 -1 0,0 0.001 1 0 21.0742 206 2,14 0.001 -1 1 3,15 0.001 -1 1 0,15 0.001 -1 -1 18.0649 161 14,0 0.001 1 0 13,0 0.001 1 0 15,0 0.001 0 1 3.0615 105 15,12 0.001 0 1 13,15 0.001 -1 0 15,13 0.001 0 1 9.0727 127 ::f,2,0 f,2,12 f,13,3 f,14,12 
84:1,0 0.001 1 0 0,1 0.001 0 -1 0,0 0.001 1 0 21.0742 206 2,14 0.001 -1 0 3,15 0.001 -1 1 0,15 0.001 -1 -1 18.0649 161 14,0 0.001 1 1 13,0 0.001 1 0 15,1 0.001 0 1 3.0625 105 15,12 0.001 0 1 12,15 0.001 -1 0 15,14 0.001 0 1 9.0747 127 ::f,2,0 f,2,12 f,13,3 f,14,12 
85:1,0 0.001 1 0 0,1 0.001 0 -1 0,0 0.001 1 0 25.0743 221 1,14 0.001 -1 0 3,15 0.001 -1 0 0,15 0.001 0 -1 18.0659 161 14,0 0.001 1 1 13,0 0.001 1 0 15,1 0.001 0 1 3.0625 105 15,13 0.001 0 1 12,15 0.001 -1 -1 15,14 0.001 0 1 9.0757 127 ::f,0,2 f,2,12 f,13,3 f,14,12 
86:2,0 0.001 1 0 0,1 0.001 1 -1 1,0 0.001 1 0 25.0763 221 1,14 0.001 -1 0 2,15 0.001 -1 0 0,14 0.001 0 -1 18.0679 161 14,0 0.001 0 1 13,0 0.001 1 0 15,2 0.001 0 1 3.0635 105 15,13 0.001 0 1 12,15 0.001 -1 -1 15,15 0.001 0 1 9.0767 127 ::f,0,2 f,2,12 f,13,3 f,14,12 
87:2,0 0.001 1 0 0,1 0.001 1 -1 1,0 0.001 1 0 25.0763 221 1,14 0.001 -1 -1 2,15 0.001 -1 0 0,14 0.001 0 -1 18.0679 161 14,1 0.001 0 1 13,0 0.001 1 0 15,2 0.001 0 1 3.0645 105 15,14 0.001 0 1 12,15 0.001 0 -1 15,15 0.001 -1 1 9.0777 127 ::f,0,2 f,2,12 f,13,3 f,14,12 
88:3,0 0.001 1 0 0,1 0.001 1 0 2,0 0.001 1 0 25.0783 221 1,14 0.001 -1 -1 1,15 0.001 -1 0 0,13 0.001 0 -1 18.0699 161 14,1 0.001 0 1 14,0 0.001 1 0 15,3 0.001 0 1 3.0665 105 15,14 0.001 0 1 12,14 0.001 0 -1 15,15 0.001 -1 1 9.0787 127 ::f,0,2 f,2,12 f,13,3 f,14,12 
89:3,0 0.001 1 1 1,1 0.001 1 0 2,0 0.001 1 0 25.0793 221 1,14 0.001 0 -1 1,15 0.001 -1 0 0,13 0.001 0 -1 18.0699 161 14,2 0.001 0 1 14,0 0.001 1 0 15,3 0.001 -1 1 3.0675 105 15,14 0.001 0 1 12,14 0.001 0 -1 15,15 0.001 -1 0 9.0787 127 ::f,0,2 f,2,12 f,13,3 f,14,12 
90:3,0 0.001 1 1 1,1 0.001 1 0 2,0 0.001 1 0 25.0793 221 1,13 0.001 0 -1 0,15 0.001 -1 0 0,12 0.001 0 -1 18.0729 161 14,2 0.001 0 1 15,0 0.001 1 0 15,3 0.001 -1 1 3.0685 105 15,14 0.001 -1 1 12,13 0.001 0 -1 14,15 0.001 -1 0 9.0807 127 ::f,0,2 f,2,12 f,13,3 f,14,12 
91:3,0 0.001 0 1 2,1 0.001 1 0 2,0 0.001 1 1 25.0803 221 1,13 0.001 0 -1 0,15 0.001 -1 -1 0,12 0.001 1 -1 18.0729 161 14,3 0.001 0 1 15,0 0.001 1 1 15,3 0.001 -1 0 3.0695 105 15,14 0.001 -1 1 12,13 0.001 0 -1 14,15 0.001 -1 0 9.0807 127 ::f,0,2 f,2,12 f,13,3 f,14,12 
92:3,1 0.001 0 1 2,1 0.001 1 0 2,0 0.001 1 1 25.0813 221 1,13 0.001 1 -1 0,15 0.001 -1 -1 0,12 0.001 1 -1 18.0729 161 14,3 0.001 -1 1 15,0 0.001 1 1 15,3 0.001 -1 0 3.0695 105 15,14 0.001 -1 0 12,12 0.001 0 -1 13,15 0.001 -1 0 9.0827 127 ::f,0,2 f,2,12 f,13,3 f,14,12 
93:3,1 0.001 0 1 2,1 0.001 1 0 2,0 0.001 0 1 25.0813 221 1,13 0.001 1 -1 0,15 0.001 0 -1 0,12 0.001 1 0 22.073 176 14,3 0.001 -1 1 15,0 0.001 0 1 15,3 0.001 -1 0 3.0695 105 14,14 0.001 -1 0 12,12 0.001 1 -1 13,15 0.001 -1 0 9.0837 127 ::f,0,2 f,3,15 f,13,3 f,14,12 
94:3,2 0.001 0 1 2,1 0.001 1 1 2,0 0.001 0 1 25.0823 221 1,13 0.001 1 0 0,14 0.001 0 -1 1,12 0.001 1 0 22.075 176 14,3 0.001 -1 0 15,1 0.001 0 1 15,3 0.001 -1 0 3.0705 105 14,14 0.001 -1 0 12,12 0.001 1 -1 12,15 0.001 -1 0 9.0847 127 ::f,0,2 f,3,15 f,13,3 f,14,12 
95:3,2 0.001 0 1 2,1 0.001 1 1 2,0 0.001 0 1 25.0823 221 2,13 0.001 1 0 0,14 0.001 0 -1 1,12 0.001 1 0 22.076 176 14,3 0.001 -1 0 15,2 0.001 0 1 15,3 0.001 -1 0 3.0715 105 13,14 0.001 -1 0 12,12 0.001 1 0 12,15 0.001 -1 -1 9.0857 127 ::f,0,2 f,3,15 f,13,3 f,14,12 
96:3,3 0.001 0 1 2,1 0.001 0 1 2,0 0.001 0 1 25.0833 221 2,13 0.001 1 0 0,13 0.001 0 -1 2,12 0.001 1 0 22.078 176 14,3 0.001 -1 0 15,2 0.001 0 1 15,3 0.001 -1 0 4.0716 120 13,14 0.001 -1 0 13,12 0.001 1 0 12,15 0.001 -1 -1 9.0867 127 ::f,0,2 f,3,15 f,14,2 f,14,12 
97:3,3 0.001 -1 1 2,2 0.001 0 1 2,1 0.001 0 1 25.0853 221 2,13 0.001 1 1 0,13 0.001 0 -1 2,12 0.001 1 0 22.078 176 13,3 0.001 -1 0 15,2 0.001 0 1 14,3 0.001 -1 0 4.0736 120 12,14 0.001 -1 0 13,12 0.001 1 0 12,15 0.001 0 -1 12.0878 142 ::f,0,2 f,3,15 f,14,2 f,15,14 
98:3,3 0.001 -1 1 2,2 0.001 0 1 2,1 0.001 0 1 25.0853 221 2,13 0.001 1 1 0,12 0.001 0 -1 3,12 0.001 1 0 22.08 176 13,3 0.001 -1 0 15,2 0.001 -1 1 14,3 0.001 -1 0 4.0736 120 12,14 0.001 -1 -1 14,12 0.001 1 0 12,15 0.001 0 -1 12.0888 142 ::f,0,2 f,3,15 f,14,2 f,15,14 
99:3,3 0.001 -1 0 2,3 0.001 0 1 2,2 0.001 0 1 25.0873 221 2,13 0.001 0 1 0,12 0.001 1 -1 3,12 0.001 1 1 22.08 176 12,3 0.001 -1 0 15,2 0.001 -1 1 13,3 0.001 -1 0 4.0756 120 12,14 0.001 -1 -1 14,12 0.001 1 0 12,15 0.001 0 -1 12.0888 142 ::f,0,2 f,3,15 f,14,2 f,15,14 
100:3,3 0.001 -1 0 2,3 0.001 -1 1 2,2 0.001 0 1 25.0873 221 2,14 0.001 0 1 0,12 0.001 1 -1 3,12 0.001 1 1 22.081 176 12,3 0.001 -1 -1 15,2 0.001 -1 0 13,3 0.001 -1 0 4.0756 120 12,14 0.001 0 -1 15,12 0.001 1 0 12,15 0.001 0 -1 12.0898 142 ::f,0,2 f,3,15 f,14,2 f,15,14 
101:3,3 0.001 -1 0 2,3 0.001 -1 1 2,2 0.001 0 1 25.0873 221 2,14 0.001 0 1 0,12 0.001 1 0 3,12 0.001 0 1 22.081 176 12,3 0.001 -1 -1 15,2 0.001 -1 0 13,3 0.001 -1 0 4.0756 120 12,13 0.001 0 -1 15,12 0.001 1 1 12,14 0.001 0 -1 12.0918 142 ::f,0,2 f,3,15 f,14,2 f,15,14 
102:3,3 0.001 -1 0 2,3 0.001 -1 0 2,2 0.001 -1 1 25.0873 221 2,14 0.001 -1 1 1,12 0.001 1 0 3,13 0.001 0 1 22.083 176 12,3 0.001 0 -1 15,2 0.001 -1 0 13,3 0.001 -1 -1 5.0757 135 12,13 0.001 0 -1 15,12 0.001 1 1 12,14 0.001 0 -1 12.0918 142 ::f,0,2 f,3,15 f,15,3 f,15,14 
103:3,3 0.001 -1 0 1,3 0.001 -1 0 2,2 0.001 -1 1 25.0883 221 2,14 0.001 -1 1 1,12 0.001 1 0 3,14 0.001 0 1 22.084 176 12,2 0.001 0 -1 14,2 0.001 -1 0 13,3 0.001 -1 -1 5.0777 135 12,12 0.001 0 -1 15,12 0.001 0 1 12,13 0.001 0 -1 12.0938 142 ::f,0,2 f,3,15 f,15,3 f,15,14 
104:2,3 0.001 -1 0 1,3 0.001 -1 0 2,2 0.001 -1 0 25.0893 221 2,14 0.001 -1 0 2,12 0.001 1 0 3,14 0.001 0 1 26.0851 191 12,2 0.001 0 -1 13,2 0.001 -1 0 13,3 0.001 0 -1 5.0787 135 12,12 0.001 1 -1 15,13 0.001 0 1 12,13 0.001 0 -1 12.0948 142 ::f,0,2 f,0,14 f,15,3 f,15,14 
105:2,3 0.001 -1 0 0,3 0.001 -1 0 1,2 0.001 -1 0 25.0913 221 1,14 0.001 -1 0 2,12 0.001 1 0 3,15 0.001 0 1 26.0871 191 12,1 0.001 0 -1 13,2 0.001 -1 0 13,3 0.001 0 -1 5.0797 135 12,12 0.001 1 -1 15,13 0.001 0 1 12,13 0.001 0 -1 16.0949 157 ::f,0,2 f,0,14 f,13,14 f,15,3 
106:1,3 0.001 -1 0 0,3 0.001 -1 -1 1,2 0.001 -1 0 26.0924 236 1,14 0.001 -1 0 3,12 0.001 1 0 3,15 0.001 -1 1 31.0882 206 12,1 0.001 0 -1 12,2 0.001 -1 0 13,3 0.001 0 -1 5.0807 135 12,12 0.001 1 0 15,14 0.001 0 1 12,13 0.001 1 -1 16.0959 157 ::f,1,12 f,3,3 f,13,14 f,15,3 
107:1,3 0.001 -1 0 0,3 0.001 -1 -1 0,2 0.001 -1 0 26.0934 236 1,14 0.001 -1 -1 3,12 0.001 1 1 3,15 0.001 -1 1 31.0882 206 12,0 0.001 0 -1 12,2 0.001 -1 -1 13,2 0.001 0 -1 5.0827 135 13,12 0.001 1 0 15,14 0.001 0 1 12,13 0.001 1 -1 16.0969 157 ::f,1,12 f,3,3 f,13,14 f,15,3 
108:1,3 0.001 -1 0 0,3 0.001 0 -1 0,2 0.001 -1 -1 26.0934 236 1,14 0.001 -1 -1 3,12 0.001 1 1 3,15 0.001 -1 0 31.0882 206 12,0 0.001 1 -1 12,2 0.001 -1 -1 13,2 0.001 0 -1 5.0827 135 13,12 0.001 1 0 15,15 0.001 0 1 12,13 0.001 1 0 16.0979 157 ::f,1,12 f,3,3 f,13,14 f,15,3 
109:1,3 0.001 -1 -1 0,3 0.001 0 -1 0,2 0.001 -1 -1 26.0934 236 1,14 0.001 0 -1 3,12 0.001 0 1 2,15 0.001 -1 0 31.0892 206 12,0 0.001 1 -1 12,2 0.001 0 -1 13,1 0.001 0 -1 5.0837 135 14,12 0.001 1 0 15,15 0.001 -1 1 13,13 0.001 1 0 16.0999 157 ::f,1,12 f,3,3 f,13,14 f,15,3 
110:1,3 0.001 -1 -1 0,3 0.001 0 -1 0,2 0.001 0 -1 26.0934 236 1,13 0.001 0 -1 3,13 0.001 0 1 2,15 0.001 -1 0 31.0912 206 12,0 0.001 1 0 12,1 0.001 0 -1 13,1 0.001 0 -1 5.0847 135 14,12 0.001 1 0 15,15 0.001 -1 1 13,13 0.001 1 0 16.0999 157 ::f,1,12 f,3,3 f,13,14 f,15,3 
111:1,3 0.001 0 -1 0,3 0.001 0 -1 0,1 0.001 0 -1 26.0944 236 1,13 0.001 0 -1 3,13 0.001 0 1 1,15 0.001 -1 0 37.0923 221 13,0 0.001 1 0 12,1 0.001 0 -1 13,1 0.001 0 -1 5.0857 135 15,12 0.001 1 0 15,15 0.001 -1 0 14,13 0.001 1 0 16.1019 157 ::f,0,12 f,3,3 f,13,14 f,15,3 
112:1,2 0.001 0 -1 0,2 0.001 0 -1 0,1 0.001 0 -1 26.0964 236 1,13 0.001 1 -1 3,14 0.001 0 1 1,15 0.001 -1 0 37.0933 221 13,0 0.001 1 0 12,0 0.001 0 -1 13,1 0.001 1 -1 5.0867 135 15,12 0.001 1 1 14,15 0.001 -1 0 14,13 0.001 1 0 16.1029 157 ::f,0,12 f,3,3 f,13,14 f,15,3 
113:1,2 0.001 0 -1 0,2 0.001 0 -1 0,0 0.001 0 -1 26.0974 236 1,13 0.001 1 -1 3,14 0.001 0 1 0,15 0.001 -1 0 37.0943 221 14,0 0.001 1 0 12,0 0.001 1 -1 13,1 0.001 1 -1 5.0877 135 15,12 0.001 1 1 14,15 0.001 -1 0 15,13 0.001 1 0 16.1039 157 ::f,0,12 f,3,3 f,13,14 f,15,3 
114:1,1 0.001 0 -1 0,1 0.001 0 -1 0,0 0.001 1 -1 26.0994 236 1,13 0.001 1 0 3,15 0.001 0 1 0,15 0.001 -1 -1 37.0953 221 14,0 0.001 1 0 12,0 0.001 1 -1 13,1 0.001 1 0 5.0877 135 15,12 0.001 0 1 13,15 0.001 -1 0 15,13 0.001 1 1 16.1049 157 ::f,0,12 f,3,3 f,13,14 f,15,3 
115:1,1 0.001 0 -1 0,1 0.001 0 -1 0,0 0.001 1 -1 26.0994 236 2,13 0.001 1 0 3,15 0.001 -1 1 0,15 0.001 -1 -1 37.0963 221 15,0 0.001 1 0 12,0 0.001 1 0 14,1 0.001 1 0 5.0897 135 15,12 0.001 0 1 13,15 0.001 -1 0 15,13 0.001 1 1 16.1049 157 ::f,0,12 f,3,3 f,13,14 f,15,3 
116:1,0 0.001 0 -1 0,1 0.001 0 -1 0,0 0.001 1 0 26.1004 236 2,13 0.001 1 0 3,15 0.001 -1 1 0,15 0.001 0 -1 37.0963 221 15,0 0.001 1 1 13,0 0.001 1 0 14,1 0.001 1 0 5.0907 135 15,12 0.001 0 1 12,15 0.001 -1 0 15,13 0.001 0 1 16.1059 157 ::f,0,12 f,3,3 f,13,14 f,15,3 
117:1,0 0.001 1 -1 0,1 0.001 1 -1 0,0 0.001 1 0 26.1004 236 2,13 0.001 1 1 3,15 0.001 -1 0 0,14 0.001 0 -1 37.0973 221 15,0 0.001 1 1 14,0 0.001 1 0 15,1 0.001 1 0 5.0927 135 15,12 0.001 0 1 12,15 0.001 -1 -1 15,14 0.001 0 1 16.1069 157 ::f,0,12 f,3,3 f,13,14 f,15,3 
118:1,0 0.001 1 -1 0,1 0.001 1 -1 0,0 0.001 1 0 26.1004 236 2,13 0.001 1 1 2,15 0.001 -1 0 0,13 0.001 0 -1 37.0993 221 15,0 0.001 0 1 14,0 0.001 1 0 15,1 0.001 1 1 5.0927 135 15,13 0.001 0 1 12,15 0.001 -1 -1 15,14 0.001 0 1 16.1079 157 ::f,0,12 f,3,3 f,13,14 f,15,3 
119:1,0 0.001 1 0 0,1 0.001 1 0 0,0 0.001 1 0 26.1004 236 2,13 0.001 0 1 2,15 0.001 -1 0 0,13 0.001 0 -1 42.0994 236 15,0 0.001 0 1 14,0 0.001 1 0 15,1 0.001 1 1 5.0927 135 15,13 0.001 0 1 12,15 0.001 0 -1 15,15 0.001 0 1 16.1089 157 ::f,3,3 f,3,14 f,13,14 f,15,3 
120:2,0 0.001 1 0 1,1 0.001 1 0 1,0 0.001 1 0 26.1034 236 2,14 0.001 0 1 1,15 0.001 -1 0 0,12 0.001 0 -1 42.1024 236 15,0 0.001 0 1 14,0 0.001 1 1 15,1 0.001 0 1 5.0927 135 15,14 0.001 0 1 12,14 0.001 0 -1 15,15 0.001 -1 1 16.1109 157 ::f,3,3 f,3,14 f,13,14 f,15,3 
121:2,0 0.001 1 0 1,1 0.001 1 0 1,0 0.001 1 0 26.1034 236 2,14 0.001 0 1 1,15 0.001 -1 0 0,12 0.001 1 -1 42.1024 236 15,0 0.001 0 1 14,0 0.001 1 1 15,2 0.001 0 1 5.0937 135 15,14 0.001 0 1 12,14 0.001 0 -1 15,15 0.001 -1 1 16.1109 157 ::f,3,3 f,3,14 f,13,14 f,15,3 
122:3,0 0.001 1 0 2,1 0.001 1 0 2,0 0.001 1 0 26.1064 236 2,14 0.001 -1 1 0,15 0.001 -1 0 0,12 0.001 1 -1 42.1034 236 15,1 0.001 0 1 14,0 0.001 0 1 15,2 0.001 0 1 8.0948 150 15,14 0.001 0 1 12,13 0.001 0 -1 15,15 0.001 -1 0 16.1119 157 ::f,3,3 f,3,14 f,12,0 f,13,14 
123:3,0 0.001 1 1 2,1 0.001 1 0 2,0 0.001 1 0 26.1064 236 2,14 0.001 -1 1 0,15 0.001 -1 -1 0,12 0.001 1 0 42.1034 236 15,1 0.001 0 1 14,1 0.001 0 1 15,3 0.001 0 1 8.0968 150 15,14 0.001 -1 1 12,13 0.001 0 -1 14,15 0.001 -1 0 16.1129 157 ::f,3,3 f,3,14 f,12,0 f,13,14 
124:3,0 0.001 1 1 3,1 0.001 1 0 2,0 0.001 1 0 26.1074 236 2,14 0.001 -1 0 0,15 0.001 -1 -1 1,12 0.001 1 0 42.1044 236 15,2 0.001 0 1 14,1 0.001 0 1 15,3 0.001 -1 1 8.0978 150 15,14 0.001 -1 1 12,12 0.001 0 -1 14,15 0.001 -1 0 16.1139 157 ::f,3,3 f,3,14 f,12,0 f,13,14 
125:3,0 0.001 0 1 3,1 0.001 1 1 2,0 0.001 1 1 26.1074 236 1,14 0.001 -1 0 0,15 0.001 0 -1 1,12 0.001 1 0 42.1054 236 15,2 0.001 0 1 14,2 0.001 0 1 15,3 0.001 -1 1 8.0988 150 15,14 0.001 -1 0 12,12 0.001 1 -1 13,15 0.001 -1 0 16.1149 157 ::f,3,3 f,3,14 f,12,0 f,13,14 
126:3,0 0.001 0 1 3,1 0.001 1 1 2,0 0.001 1 1 26.1074 236 1,14 0.001 -1 0 0,14 0.001 0 -1 2,12 0.001 1 0 42.1074 236 15,2 0.001 0 1 14,2 0.001 0 1 15,3 0.001 -1 0 8.0988 150 14,14 0.001 -1 0 12,12 0.001 1 -1 13,15 0.001 -1 0 16.1159 157 ::f,3,3 f,3,14 f,12,0 f,13,14 
127:3,0 0.001 0 1 3,1 0.001 0 1 2,0 0.001 0 1 26.1074 236 1,14 0.001 -1 -1 0,14 0.001 0 -1 2,12 0.001 1 0 42.1074 236 15,2 0.001 -1 1 14,3 0.001 0 1 15,3 0.001 -1 0 8.0998 150 14,14 0.001 -1 0 12,12 0.001 1 0 12,15 0.001 -1 0 17.117 172 ::f,3,3 f,3,14 f,12,0 f,15,14 
128:3,0 0.001 0 1 3,2 0.001 0 1 2,1 0.001 0 1 26.1094 236 1,14 0.001 -1 -1 0,13 0.001 0 -1 3,12 0.001 1 0 42.1094 236 15,2 0.001 -1 1 14,3 0.001 -1 1 15,3 0.001 -1 0 8.0998 150 13,14 0.001 -1 0 13,12 0.001 1 0 12,15 0.001 -1 -1 17.119 172 ::f,3,3 f,3,14 f,12,0 f,15,14 
129:3,1 0.001 0 1 3,2 0.001 0 1 2,1 0.001 0 1 32.1105 251 1,14 0.001 0 -1 0,13 0.001 0 -1 3,12 0.001 1 1 42.1094 236 15,2 0.001 -1 0 14,3 0.001 -1 1 15,3 0.001 -1 0 8.0998 150 13,14 0.001 -1 0 13,12 0.001 1 0 12,15 0.001 -1 -1 17.119 172 ::f,0,3 f,3,14 f,12,0 f,15,14 
130:3,1 0.001 0 1 3,3 0.001 0 1 2,2 0.001 0 1 32.1125 251 1,13 0.001 0 -1 0,12 0.001 0 -1 3,12 0.001 1 1 42.1114 236 14,2 0.001 -1 0 14,3 0.001 -1 0 15,3 0.001 -1 0 8.1008 150 12,14 0.001 -1 0 14,12 0.001 1 0 12,15 0.001 0 -1 17.121 172 ::f,0,3 f,3,14 f,12,0 f,15,14 
131:3,2 0.001 0 1 3,3 0.001 -1 1 2,2 0.001 0 1 32.1135 251 1,13 0.001 0 -1 0,12 0.001 1 -1 3,12 0.001 0 1 42.1114 236 14,2 0.001 -1 0 13,3 0.001 -1 0 14,3 0.001 -1 0 8.1028 150 12,14 0.001 -1 -1 14,12 0.001 1 0 12,15 0.001 0 -1 17.121 172 ::f,0,3 f,3,14 f,12,0 f,15,14 
132:3,2 0.001 0 1 3,3 0.001 -1 1 2,3 0.001 0 1 32.1145 251 1,13 0.001 1 -1 0,12 0.001 1 -1 3,13 0.001 0 1 42.1124 236 13,2 0.001 -1 0 13,3 0.001 -1 0 14,3 0.001 -1 0 8.1038 150 12,14 0.001 -1 -1 15,12 0.001 1 0 12,15 0.001 0 -1 17.122 172 ::f,0,3 f,3,14 f,12,0 f,15,14 
133:3,2 0.001 0 1 3,3 0.001 -1 0 2,3 0.001 -1 1 32.1145 251 1,13 0.001 1 -1 0,12 0.001 1 0 3,13 0.001 0 1 48.1125 251 13,2 0.001 -1 0 12,3 0.001 -1 0 13,3 0.001 -1 0 8.1058 150 12,14 0.001 0 -1 15,12 0.001 1 1 12,15 0.001 0 -1 17.122 172 ::f,0,3 f,3,15 f,12,0 f,15,14 
134:3,2 0.001 -1 1 3,3 0.001 -1 0 2,3 0.001 -1 1 32.1145 251 1,13 0.001 1 0 1,12 0.001 1 0 3,14 0.001 0 1 48.1145 251 12,2 0.001 -1 0 12,3 0.001 -1 -1 13,3 0.001 -1 0 8.1068 150 12,13 0.001 0 -1 15,12 0.001 1 1 12,14 0.001 0 -1 17.124 172 ::f,0,3 f,3,15 f,12,0 f,15,14 
135:3,2 0.001 -1 1 3,3 0.001 -1 0 2,3 0.001 -1 0 32.1145 251 2,13 0.001 1 0 1,12 0.001 1 0 3,14 0.001 0 1 55.1156 266 12,2 0.001 -1 -1 12,3 0.001 -1 -1 13,3 0.001 -1 0 8.1068 150 12,13 0.001 0 -1 15,12 0.001 0 1 12,14 0.001 0 -1 17.124 172 ::f,0,3 f,0,12 f,12,0 f,15,14 
136:3,2 0.001 -1 0 3,3 0.001 -1 0 1,3 0.001 -1 0 32.1155 251 2,13 0.001 1 0 2,12 0.001 1 0 3,15 0.001 0 1 55.1176 266 12,2 0.001 -1 -1 12,3 0.001 0 -1 13,3 0.001 -1 -1 8.1068 150 12,12 0.001 0 -1 15,13 0.001 0 1 12,13 0.001 0 -1 17.127 172 ::f,0,3 f,0,12 f,12,0 f,15,14 
137:2,2 0.001 -1 0 2,3 0.001 -1 0 1,3 0.001 -1 0 34.1176 266 2,13 0.001 1 1 2,12 0.001 1 0 3,15 0.001 -1 1 55.1176 266 12,2 0.001 0 -1 12,3 0.001 0 -1 13,3 0.001 -1 -1 8.1068 150 12,12 0.001 1 -1 15,13 0.001 0 1 12,13 0.001 0 -1 22.1271 187 ::f,0,12 f,2,1 f,12,0 f,14,12 
138:2,2 0.001 -1 0 2,3 0.001 -1 0 0,3 0.001 -1 0 34.1186 266 2,13 0.001 1 1 3,12 0.001 1 0 3,15 0.001 -1 1 55.1186 266 12,1 0.001 0 -1 12,2 0.001 0 -1 13,3 0.001 0 -1 8.1088 150 12,12 0.001 1 -1 15,14 0.001 0 1 12,13 0.001 0 -1 22.1281 187 ::f,0,12 f,2,1 f,12,0 f,14,12 
139:1,2 0.001 -1 0 1,3 0.001 -1 0 0,3 0.001 -1 -1 34.1206 266 2,13 0.001 0 1 3,12 0.001 1 1 3,15 0.001 -1 0 55.1186 266 12,1 0.001 0 -1 12,2 0.001 0 -1 13,2 0.001 0 -1 10.1099 165 12,12 0.001 1 0 15,14 0.001 0 1 12,13 0.001 1 -1 22.1281 187 ::f,0,12 f,2,1 f,14,0 f,14,12 
140:1,2 0.001 -1 0 1,3 0.001 -1 0 0,3 0.001 -1 -1 34.1206 266 2,14 0.001 0 1 3,12 0.001 1 1 2,15 0.001 -1 0 55.1206 266 12,0 0.001 0 -1 12,1 0.001 0 -1 13,2 0.001 0 -1 10.1119 165 13,12 0.001 1 0 15,15 0.001 0 1 12,13 0.001 1 -1 22.1301 187 ::f,0,12 f,2,1 f,14,0 f,14,12 
141:0,2 0.001 -1 0 1,3 0.001 -1 0 0,3 0.001 0 -1 34.1216 266 2,14 0.001 0 1 3,12 0.001 0 1 2,15 0.001 -1 0 55.1206 266 12,0 0.001 1 -1 12,1 0.001 0 -1 13,1 0.001 0 -1 10.1129 165 13,12 0.001 1 0 15,15 0.001 -1 1 12,13 0.001 1 0 24.1302 202 ::f,0,12 f,2,1 f,12,15 f,14,0 
142:0,2 0.001 -1 -1 1,3 0.001 -1 -1 0,3 0.001 0 -1 34.1216 266 2,14 0.001 -1 1 3,13 0.001 0 1 1,15 0.001 -1 0 55.1226 266 12,0 0.001 1 -1 12,1 0.001 0 -1 13,1 0.001 0 -1 10.1129 165 14,12 0.001 1 0 15,15 0.001 -1 1 13,13 0.001 1 0 24.1322 202 ::f,0,12 f,2,1 f,12,15 f,14,0 
143:0,2 0.001 -1 -1 1,3 0.001 -1 -1 0,3 0.001 0 -1 34.1216 266 2,14 0.001 -1 1 3,13 0.001 0 1 1,15 0.001 -1 0 55.1226 266 12,0 0.001 1 0 12,1 0.001 1 -1 13,0 0.001 0 -1 10.1139 165 14,12 0.001 1 0 15,15 0.001 -1 0 13,13 0.001 1 0 24.1322 202 ::f,0,12 f,2,1 f,12,15 f,14,0 
144:0,2 0.001 0 -1 1,3 0.001 0 -1 0,3 0.001 0 -1 34.1216 266 2,14 0.001 -1 0 3,14 0.001 0 1 0,15 0.001 -1 0 55.1246 266 12,0 0.001 1 0 12,1 0.001 1 -1 13,0 0.001 1 -1 10.1139 165 15,12 0.001 1 0 14,15 0.001 -1 0 14,13 0.001 1 0 24.1352 202 ::f,0,12 f,2,1 f,12,15 f,14,0 
145:0,1 0.001 0 -1 1,2 0.001 0 -1 0,2 0.001 0 -1 34.1246 266 1,14 0.001 -1 0 3,14 0.001 0 1 0,15 0.001 -1 -1 55.1256 266 12,0 0.001 1 0 12,1 0.001 1 0 13,0 0.001 1 -1 10.1139 165 15,12 0.001 1 1 13,15 0.001 -1 0 14,13 0.001 1 0 24.1362 202 ::f,0,12 f,2,1 f,12,15 f,14,0 
146:0,1 0.001 0 -1 1,2 0.001 0 -1 0,2 0.001 0 -1 34.1246 266 1,14 0.001 -1 0 3,15 0.001 0 1 0,15 0.001 -1 -1 55.1266 266 12,0 0.001 1 0 13,1 0.001 1 0 13,0 0.001 1 0 10.1149 165 15,12 0.001 1 1 13,15 0.001 -1 0 15,13 0.001 1 0 30.1373 217 ::f,0,12 f,2,1 f,13,14 f,14,0 
147:0,0 0.001 0 -1 1,1 0.001 0 -1 0,1 0.001 0 -1 34.1276 266 1,14 0.001 -1 -1 3,15 0.001 -1 1 0,15 0.001 0 -1 55.1266 266 12,0 0.001 1 0 13,1 0.001 1 0 13,0 0.001 1 0 10.1149 165 15,12 0.001 0 1 12,15 0.001 -1 0 15,13 0.001 1 1 30.1383 217 ::f,0,12 f,2,1 f,13,14 f,14,0 
148:0,0 0.001 1 -1 1,1 0.001 0 -1 0,1 0.001 0 -1 34.1276 266 1,14 0.001 -1 -1 3,15 0.001 -1 1 0,14 0.001 0 -1 55.1276 266 12,0 0.001 1 0 14,1 0.001 1 0 13,0 0.001 1 0 14.116 180 15,12 0.001 0 1 12,15 0.001 -1 -1 15,13 0.001 1 1 30.1383 217 ::f,0,12 f,2,1 f,12,2 f,13,14 
149:0,0 0.001 1 -1 1,0 0.001 0 -1 0,1 0.001 0 -1 34.1286 266 1,14 0.001 0 -1 3,15 0.001 -1 0 0,13 0.001 0 -1 55.1286 266 12,0 0.001 1 0 14,1 0.001 1 0 14,0 0.001 1 0 14.117 180 15,12 0.001 0 1 12,15 0.001 -1 -1 15,13 0.001 0 1 30.1383 217 ::f,0,12 f,2,1 f,12,2 f,13,14 
150:0,0 0.001 1 0 1,0 0.001 1 -1 0,1 0.001 1 -1 34.1286 266 1,13 0.001 0 -1 2,15 0.001 -1 0 0,13 0.001 0 -1 63.1307 281 13,0 0.001 1 0 15,1 0.001 1 0 14,0 0.001 1 0 14.119 180 15,12 0.001 0 1 12,15 0.001 0 -1 15,14 0.001 0 1 30.1393 217 ::f,0,14 f,2,1 f,12,2 f,13,14 
151:0,0 0.001 1 0 1,0 0.001 1 -1 0,1 0.001 1 -1 34.1286 266 1,13 0.001 0 -1 2,15 0.001 -1 0 0,12 0.001 0 -1 63.1317 281 13,0 0.001 1 0 15,1 0.001 1 1 15,0 0.001 1 0 14.12 180 15,13 0.001 0 1 12,14 0.001 0 -1 15,14 0.001 0 1 30.1413 217 ::f,0,14 f,2,1 f,12,2 f,13,14 
152:0,0 0.001 1 0 1,0 0.001 1 0 0,1 0.001 1 0 34.1286 266 1,13 0.001 1 -1 1,15 0.001 -1 0 0,12 0.001 1 -1 63.1327 281 14,0 0.001 1 0 15,1 0.001 1 1 15,0 0.001 1 1 14.121 180 15,13 0.001 0 1 12,14 0.001 0 -1 15,15 0.001 0 1 30.1423 217 ::f,0,14 f,2,1 f,12,2 f,13,14 
153:0,0 0.001 1 0 2,0 0.001 1 0 1,1 0.001 1 0 34.1306 266 1,13 0.001 1 -1 1,15 0.001 -1 0 0,12 0.001 1 -1 63.1327 281 14,0 0.001 1 0 15,1 0.001 0 1 15,0 0.001 1 1 14.121 180 15,14 0.001 0 1 12,13 0.001 0 -1 15,15 0.001 -1 1 30.1443 217 ::f,0,14 f,2,1 f,12,2 f,13,14 
154:1,0 0.001 1 0 2,0 0.001 1 0 1,1 0.001 1 0 37.1317 281 1,13 0.001 1 0 0,15 0.001 -1 0 0,12 0.001 1 0 63.1337 281 14,0 0.001 1 0 15,2 0.001 0 1 15,0 0.001 0 1 14.122 180 15,14 0.001 0 1 12,13 0.001 0 -1 15,15 0.001 -1 1 30.1443 217 ::f,0,2 f,0,14 f,12,2 f,13,14 
155:1,0 0.001 1 0 3,0 0.001 1 0 2,1 0.001 1 0 37.1337 281 2,13 0.001 1 0 0,15 0.001 -1 -1 1,12 0.001 1 0 63.1357 281 14,0 0.001 1 1 15,2 0.001 0 1 15,1 0.001 0 1 14.123 180 15,14 0.001 0 1 12,12 0.001 0 -1 15,15 0.001 -1 0 30.1453 217 ::f,0,2 f,0,14 f,12,2 f,13,14 
156:2,0 0.001 1 0 3,0 0.001 1 1 2,1 0.001 1 0 37.1347 281 2,13 0.001 1 0 0,15 0.001 -1 -1 1,12 0.001 1 0 63.1357 281 14,0 0.001 1 1 15,3 0.001 0 1 15,1 0.001 0 1 14.124 180 15,14 0.001 -1 1 12,12 0.001 1 -1 14,15 0.001 -1 0 30.1463 217 ::f,0,2 f,0,14 f,12,2 f,13,14 
157:2,0 0.001 1 0 3,0 0.001 1 1 3,1 0.001 1 0 37.1357 281 2,13 0.001 1 1 0,15 0.001 0 -1 2,12 0.001 1 0 63.1367 281 14,0 0.001 0 1 15,3 0.001 -1 1 15,2 0.001 0 1 14.125 180 15,14 0.001 -1 1 12,12 0.001 1 -1 14,15 0.001 -1 0 30.1463 217 ::f,0,2 f,0,14 f,12,2 f,13,14 
158:2,0 0.001 1 0 3,0 0.001 0 1 3,1 0.001 1 1 37.1357 281 2,13 0.001 1 1 0,15 0.001 0 -1 2,12 0.001 1 0 63.1367 281 14,1 0.001 0 1 15,3 0.001 -1 1 15,2 0.001 0 1 14.126 180 15,14 0.001 -1 0 12,12 0.001 1 0 13,15 0.001 -1 0 30.1473 217 ::f,0,2 f,0,14 f,12,2 f,13,14 
159:2,0 0.001 1 1 3,0 0.001 0 1 3,1 0.001 1 1 37.1357 281 2,13 0.001 0 1 0,15 0.001 0 -1 3,12 0.001 1 0 64.1378 296 14,1 0.001 0 1 15,3 0.001 -1 0 15,2 0.001 0 1 14.126 180 14,14 0.001 -1 0 13,12 0.001 1 0 13,15 0.001 -1 0 30.1493 217 ::f,0,2 f,0,14 f,12,2 f,13,14 
160:2,0 0.001 1 1 3,0 0.001 0 1 3,1 0.001 0 1 37.1357 281 2,14 0.001 0 1 0,15 0.001 0 -1 3,12 0.001 1 1 64.1388 296 14,2 0.001 0 1 14,3 0.001 -1 0 15,2 0.001 -1 1 14.128 180 14,14 0.001 -1 0 13,12 0.001 1 0 12,15 0.001 -1 0 40.1505 247 ::f,0,2 f,0,14 f,12,2 f,14,13 
161:2,0 0.001 0 1 3,0 0.001 0 1 3,2 0.001 0 1 37.1367 281 2,14 0.001 0 1 0,15 0.001 0 -1 3,12 0.001 1 1 66.1389 311 14,2 0.001 0 1 14,3 0.001 -1 0 15,2 0.001 -1 1 14.128 180 13,14 0.001 -1 0 14,12 0.001 1 0 12,15 0.001 -1 -1 40.1525 247 ::f,0,2 f,0,13 f,12,2 f,14,13 
162:2,1 0.001 0 1 3,1 0.001 0 1 3,2 0.001 0 1 37.1387 281 2,14 0.001 -1 1 0,14 0.001 0 -1 3,12 0.001 0 1 66.1399 311 14,2 0.001 0 1 13,3 0.001 -1 0 15,2 0.001 -1 0 14.129 180 13,14 0.001 -1 0 14,12 0.001 1 0 12,15 0.001 -1 -1 40.1525 247 ::f,0,2 f,0,13 f,12,2 f,14,13 
163:2,1 0.001 0 1 3,1 0.001 0 1 3,3 0.001 0 1 37.1397 281 2,14 0.001 -1 1 0,14 0.001 0 -1 3,13 0.001 0 1 69.141 326 14,2 0.001 -1 1 13,3 0.001 -1 0 15,2 0.001 -1 0 14.129 180 12,14 0.001 -1 0 15,12 0.001 1 0 12,15 0.001 0 -1 40.1545 247 ::f,0,2 f,1,14 f,12,2 f,14,13 
164:2,2 0.001 0 1 3,2 0.001 0 1 3,3 0.001 -1 1 37.1417 281 2,14 0.001 -1 0 0,13 0.001 0 -1 3,13 0.001 0 1 69.142 326 14,2 0.001 -1 1 12,3 0.001 -1 0 15,2 0.001 -1 0 14.13 180 12,14 0.001 -1 -1 15,12 0.001 1 1 12,15 0.001 0 -1 40.1545 247 ::f,0,2 f,1,14 f,12,2 f,14,13 
165:2,2 0.001 0 1 3,2 0.001 0 1 3,3 0.001 -1 1 37.1417 281 2,14 0.001 -1 0 0,13 0.001 0 -1 3,14 0.001 0 1 69.143 326 14,2 0.001 -1 0 12,3 0.001 -1 -1 15,2 0.001 -1 0 14.13 180 12,14 0.001 -1 -1 15,12 0.001 1 1 12,15 0.001 0 -1 40.1545 247 ::f,0,2 f,1,14 f,12,2 f,14,13 
166:2,3 0.001 0 1 3,2 0.001 0 1 3,3 0.001 -1 0 37.1427 281 2,14 0.001 -1 0 0,12 0.001 0 -1 3,14 0.001 0 1 76.1441 341 13,2 0.001 -1 0 12,3 0.001 -1 -1 14,2 0.001 -1 0 14.132 180 12,14 0.001 0 -1 15,12 0.001 0 1 12,15 0.001 0 -1 40.1545 247 ::f,0,2 f,3,13 f,12,2 f,14,13 
167:2,3 0.001 -1 1 3,2 0.001 -1 1 3,3 0.001 -1 0 37.1427 281 2,14 0.001 -1 -1 0,12 0.001 1 -1 3,15 0.001 0 1 76.1451 341 13,2 0.001 -1 0 12,3 0.001 0 -1 14,2 0.001 -1 0 17.1321 195 12,13 0.001 0 -1 15,13 0.001 0 1 12,14 0.001 0 -1 40.1575 247 ::f,0,2 f,3,13 f,12,2 f,14,13 
168:2,3 0.001 -1 1 3,2 0.001 -1 1 3,3 0.001 -1 0 37.1427 281 1,13 0.001 -1 -1 0,12 0.001 1 -1 3,15 0.001 -1 1 76.1461 341 13,2 0.001 -1 0 12,3 0.001 0 -1 14,2 0.001 -1 0 17.1321 195 12,13 0.001 0 -1 15,13 0.001 0 1 12,14 0.001 0 -1 40.1575 247 ::f,0,2 f,3,13 f,12,2 f,14,13 
169:2,3 0.001 -1 0 3,2 0.001 -1 0 3,3 0.001 -1 0 37.1427 281 1,13 0.001 -1 -1 0,12 0.001 1 0 3,15 0.001 -1 1 76.1461 341 13,2 0.001 -1 -1 12,3 0.001 0 -1 14,2 0.001 -1 0 19.1322 210 12,12 0.001 0 -1 15,14 0.001 0 1 12,13 0.001 0 -1 40.1605 247 ::f,0,2 f,3,13 f,14,3 f,14,13 
170:1,3 0.001 -1 0 2,2 0.001 -1 0 2,3 0.001 -1 0 37.1457 281 1,13 0.001 0 -1 1,12 0.001 1 0 3,15 0.001 -1 0 76.1471 341 12,1 0.001 -1 -1 12,2 0.001 0 -1 13,2 0.001 -1 0 19.1352 210 12,12 0.001 1 -1 15,14 0.001 0 1 12,13 0.001 0 -1 40.1605 247 ::f,0,2 f,3,13 f,14,3 f,14,13 
171:1,3 0.001 -1 0 2,2 0.001 -1 0 2,3 0.001 -1 0 37.1457 281 1,13 0.001 0 -1 1,12 0.001 1 0 2,15 0.001 -1 0 76.1481 341 12,1 0.001 0 -1 12,2 0.001 0 -1 13,2 0.001 -1 0 19.1352 210 12,12 0.001 1 -1 15,15 0.001 0 1 12,13 0.001 0 -1 40.1615 247 ::f,0,2 f,3,13 f,14,3 f,14,13 
172:0,3 0.001 -1 0 1,2 0.001 -1 0 1,3 0.001 -1 0 37.1487 281 1,13 0.001 1 -1 2,12 0.001 1 0 2,15 0.001 -1 0 76.1491 341 12,0 0.001 0 -1 12,1 0.001 0 -1 12,2 0.001 -1 0 19.1382 210 12,12 0.001 1 0 15,15 0.001 -1 1 12,13 0.001 1 -1 40.1615 247 ::f,0,2 f,3,13 f,14,3 f,14,13 
173:0,3 0.001 -1 -1 1,2 0.001 -1 0 1,3 0.001 -1 0 44.1488 296 1,13 0.001 1 -1 2,12 0.001 1 0 1,15 0.001 -1 0 76.1501 341 12,0 0.001 1 -1 12,1 0.001 0 -1 12,2 0.001 -1 -1 19.1382 210 13,12 0.001 1 0 15,15 0.001 -1 1 12,13 0.001 1 -1 40.1625 247 ::f,0,1 f,3,13 f,14,3 f,14,13 
174:0,3 0.001 -1 -1 0,2 0.001 -1 0 1,3 0.001 -1 0 44.1498 296 1,13 0.001 1 0 3,12 0.001 1 0 1,15 0.001 -1 0 76.1511 341 12,0 0.001 1 -1 12,1 0.001 0 -1 12,2 0.001 -1 -1 19.1382 210 13,12 0.001 1 0 15,15 0.001 -1 0 12,13 0.001 1 0 40.1625 247 ::f,0,1 f,3,13 f,14,3 f,14,13 
175:0,3 0.001 0 -1 0,2 0.001 -1 -1 1,3 0.001 -1 -1 44.1498 296 2,13 0.001 1 0 3,12 0.001 1 1 0,15 0.001 -1 0 76.1531 341 12,0 0.001 1 0 12,1 0.001 1 -1 12,2 0.001 0 -1 19.1382 210 14,12 0.001 1 0 14,15 0.001 -1 0 13,13 0.001 1 0 40.1655 247 ::f,0,1 f,3,13 f,14,3 f,14,13 
176:0,3 0.001 0 -1 0,2 0.001 -1 -1 1,3 0.001 -1 -1 44.1498 296 2,13 0.001 1 0 3,12 0.001 1 1 0,15 0.001 -1 -1 84.1532 356 13,0 0.001 1 0 12,1 0.001 1 -1 12,2 0.001 0 -1 19.1392 210 14,12 0.001 1 0 14,15 0.001 -1 0 13,13 0.001 1 0 43.1656 262 ::f,0,1 f,3,13 f,14,3 f,14,13 
177:0,3 0.001 0 -1 0,2 0.001 0 -1 1,3 0.001 0 -1 44.1498 296 2,13 0.001 1 1 3,12 0.001 0 1 0,15 0.001 -1 -1 84.1532 356 13,0 0.001 1 0 12,1 0.001 1 0 12,2 0.001 0 -1 19.1392 210 15,12 0.001 1 0 13,15 0.001 -1 0 13,13 0.001 1 0 43.1676 262 ::f,0,1 f,3,13 f,14,3 f,14,13 
178:0,3 0.001 0 -1 0,2 0.001 0 -1 1,2 0.001 0 -1 44.1508 296 2,13 0.001 1 1 3,12 0.001 0 1 0,15 0.001 0 -1 84.1532 356 14,0 0.001 1 0 13,1 0.001 1 0 12,1 0.001 0 -1 19.1422 210 15,12 0.001 1 1 13,15 0.001 -1 0 13,13 0.001 1 0 47.1677 277 ::f,0,1 f,3,13 f,12,15 f,14,3 
179:0,3 0.001 0 -1 0,2 0.001 0 -1 1,2 0.001 0 -1 56.151 326 2,13 0.001 0 1 3,12 0.001 0 1 0,14 0.001 0 -1 88.1543 371 14,0 0.001 1 0 13,1 0.001 1 0 12,1 0.001 0 -1 19.1422 210 15,12 0.001 1 1 13,15 0.001 -1 0 14,13 0.001 1 0 47.1687 277 ::f,0,13 f,3,2 f,12,15 f,14,3 
180:0,3 0.001 0 -1 0,1 0.001 0 -1 1,1 0.001 0 -1 56.153 326 2,14 0.001 0 1 3,13 0.001 0 1 0,14 0.001 0 -1 97.1564 386 15,0 0.001 1 0 14,1 0.001 1 0 12,0 0.001 0 -1 19.1452 210 15,12 0.001 0 1 13,15 0.001 -1 -1 14,13 0.001 1 0 47.1687 277 ::f,0,12 f,3,2 f,12,15 f,14,3 
181:0,2 0.001 0 -1 0,1 0.001 0 -1 1,1 0.001 0 -1 56.154 326 2,14 0.001 0 1 3,13 0.001 0 1 0,13 0.001 0 -1 97.1574 386 15,0 0.001 1 1 14,1 0.001 1 0 12,0 0.001 1 -1 19.1452 210 15,13 0.001 0 1 12,14 0.001 -1 -1 14,13 0.001 1 0 47.1707 277 ::f,0,12 f,3,2 f,12,15 f,14,3 
182:0,2 0.001 0 -1 0,0 0.001 0 -1 1,0 0.001 0 -1 56.156 326 2,14 0.001 -1 1 3,14 0.001 0 1 0,13 0.001 0 -1 107.159 401 15,0 0.001 1 1 15,1 0.001 1 0 12,0 0.001 1 -1 19.1462 210 15,13 0.001 0 1 12,14 0.001 0 -1 14,13 0.001 1 1 47.1707 277 ::f,1,14 f,3,2 f,12,15 f,14,3 
183:0,1 0.001 0 -1 0,0 0.001 1 -1 1,0 0.001 1 -1 56.157 326 2,14 0.001 -1 1 3,14 0.001 0 1 0,12 0.001 0 -1 107.16 401 15,0 0.001 0 1 15,1 0.001 1 1 12,0 0.001 1 0 19.1462 210 15,14 0.001 0 1 12,13 0.001 0 -1 14,13 0.001 1 1 47.1727 277 ::f,1,14 f,3,2 f,12,15 f,14,3 
184:0,1 0.001 0 -1 0,0 0.001 1 -1 1,0 0.001 1 -1 56.157 326 2,14 0.001 -1 0 3,15 0.001 0 1 0,12 0.001 1 -1 107.161 401 15,0 0.001 0 1 15,1 0.001 1 1 13,0 0.001 1 0 19.1472 210 15,14 0.001 0 1 12,13 0.001 0 -1 14,13 0.001 0 1 47.1727 277 ::f,1,14 f,3,2 f,12,15 f,14,3 
185:0,1 0.001 0 -1 0,0 0.001 1 0 1,0 0.001 1 0 56.157 326 2,14 0.001 -1 0 3,15 0.001 -1 1 0,12 0.001 1 -1 107.161 401 15,0 0.001 0 1 15,1 0.001 0 1 14,0 0.001 1 0 19.1482 210 15,15 0.001 0 1 12,12 0.001 0 -1 14,14 0.001 0 1 47.1757 277 ::f,1,14 f,3,2 f,12,15 f,14,3 
186:0,1 0.001 1 -1 0,0 0.001 1 0 2,0 0.001 1 0 56.158 326 2,14 0.001 -1 0 3,15 0.001 -1 1 0,12 0.001 1 0 116.161 416 15,0 0.001 0 1 15,2 0.001 0 1 14,0 0.001 1 0 19.1492 210 15,15 0.001 -1 1 12,12 0.001 1 -1 14,14 0.001 0 1 47.1757 277 ::f,0,15 f,3,2 f,12,15 f,14,3 
187:1,0 0.001 1 -1 0,0 0.001 1 0 2,0 0.001 1 0 56.159 326 2,14 0.001 -1 -1 3,15 0.001 -1 0 1,12 0.001 1 0 116.162 416 15,1 0.001 0 1 15,2 0.001 0 1 15,0 0.001 1 0 19.1512 210 15,15 0.001 -1 1 12,12 0.001 1 -1 14,15 0.001 0 1 47.1767 277 ::f,0,15 f,3,2 f,12,15 f,14,3 
188:1,0 0.001 1 0 0,0 0.001 1 0 3,0 0.001 1 0 56.16 326 2,14 0.001 -1 -1 2,15 0.001 -1 0 1,12 0.001 1 0 116.163 416 15,1 0.001 0 1 15,3 0.001 0 1 15,0 0.001 1 1 19.1522 210 15,15 0.001 -1 0 12,12 0.001 1 0 14,15 0.001 -1 1 47.1767 277 ::f,0,15 f,3,2 f,12,15 f,14,3 
189:2,0 0.001 1 0 1,0 0.001 1 0 3,0 0.001 1 1 56.162 326 2,14 0.001 0 -1 1,15 0.001 -1 0 2,12 0.001 1 0 116.165 416 15,2 0.001 0 1 15,3 0.001 -1 1 15,0 0.001 1 1 19.1532 210 15,15 0.001 -1 0 13,12 0.001 1 0 14,15 0.001 -1 1 47.1777 277 ::f,0,15 f,3,2 f,12,15 f,14,3 
190:2,0 0.001 1 0 1,0 0.001 1 0 3,0 0.001 1 1 56.162 326 2,13 0.001 0 -1 1,15 0.001 -1 0 2,12 0.001 1 0 121.166 431 15,2 0.001 0 1 15,3 0.001 -1 1 15,0 0.001 0 1 19.1532 210 15,15 0.001 -1 0 13,12 0.001 1 0 14,15 0.001 -1 0 47.1777 277 ::f,0,14 f,3,2 f,12,15 f,14,3 
191:2,0 0.001 1 0 1,0 0.001 1 0 3,0 0.001 0 1 56.162 326 2,13 0.001 0 -1 0,15 0.001 -1 0 3,12 0.001 1 0 121.168 431 15,2 0.001 0 1 15,3 0.001 -1 0 15,1 0.001 0 1 19.1542 210 15,15 0.001 -1 0 14,12 0.001 1 0 13,15 0.001 -1 0 47.1797 277 ::f,0,14 f,3,2 f,12,15 f,14,3 
192:2,0 0.001 1 1 1,0 0.001 1 0 3,1 0.001 0 1 56.163 326 2,13 0.001 1 -1 0,15 0.001 -1 -1 3,12 0.001 1 1 121.168 431 15,2 0.001 -1 1 15,3 0.001 -1 0 15,1 0.001 0 1 19.1542 210 14,15 0.001 -1 0 14,12 0.001 1 0 13,15 0.001 -1 0 52.1808 292 ::f,0,14 f,3,2 f,12,12 f,14,3 
193:2,0 0.001 1 1 1,0 0.001 1 0 3,1 0.001 0 1 61.1631 341 2,13 0.001 1 -1 0,15 0.001 -1 -1 3,12 0.001 1 1 121.168 431 15,2 0.001 -1 1 15,3 0.001 -1 0 15,1 0.001 0 1 22.1543 225 14,15 0.001 -1 0 15,12 0.001 1 0 12,15 0.001 -1 0 52.1828 292 ::f,0,2 f,0,14 f,12,3 f,12,12 
194:2,0 0.001 0 1 1,0 0.001 1 0 3,2 0.001 0 1 61.1641 341 2,13 0.001 1 0 0,15 0.001 0 -1 3,12 0.001 0 1 121.168 431 15,2 0.001 -1 0 14,3 0.001 -1 0 15,1 0.001 0 1 22.1553 225 13,15 0.001 -1 0 15,12 0.001 1 1 12,15 0.001 -1 -1 52.1838 292 ::f,0,2 f,0,14 f,12,3 f,12,12 
195:2,1 0.001 0 1 1,0 0.001 1 0 3,2 0.001 0 1 61.1651 341 2,13 0.001 1 0 0,15 0.001 0 -1 3,13 0.001 0 1 121.169 431 14,2 0.001 -1 0 13,3 0.001 -1 0 15,2 0.001 0 1 22.1583 225 13,15 0.001 -1 0 15,12 0.001 1 1 12,15 0.001 -1 -1 52.1838 292 ::f,0,2 f,0,14 f,12,3 f,12,12 
196:2,1 0.001 0 1 2,0 0.001 1 0 3,3 0.001 0 1 61.1671 341 2,13 0.001 1 1 0,15 0.001 0 -1 3,13 0.001 0 1 127.169 446 14,2 0.001 -1 0 13,3 0.001 -1 0 15,2 0.001 0 1 26.1584 240 13,15 0.001 -1 0 15,12 0.001 0 1 12,15 0.001 0 -1 52.1838 292 ::f,0,2 f,0,12 f,12,12 f,15,1 
197:2,2 0.001 0 1 2,0 0.001 1 0 3,3 0.001 -1 1 61.1681 341 2,13 0.001 1 1 0,14 0.001 0 -1 3,14 0.001 0 1 127.171 446 13,2 0.001 -1 0 12,3 0.001 -1 0 15,3 0.001 0 1 26.1614 240 13,15 0.001 -1 -1 15,13 0.001 0 1 12,14 0.001 0 -1 52.1858 292 ::f,0,2 f,0,12 f,12,12 f,15,1 
198:2,2 0.001 0 1 3,0 0.001 1 0 3,3 0.001 -1 1 61.1691 341 2,13 0.001 0 1 0,13 0.001 0 -1 3,14 0.001 0 1 127.172 446 13,2 0.001 -1 0 12,3 0.001 -1 -1 15,3 0.001 -1 1 26.1614 240 13,15 0.001 -1 -1 15,13 0.001 0 1 12,14 0.001 0 -1 52.1858 292 ::f,0,2 f,0,12 f,12,12 f,15,1 
199:2,3 0.001 0 1 3,0 0.001 1 1 3,3 0.001 -1 0 61.1701 341 2,14 0.001 0 1 0,13 0.001 0 -1 3,15 0.001 0 1 134.174 461 12,2 0.001 -1 0 12,3 0.001 -1 -1 15,3 0.001 -1 1 26.1624 240 13,15 0.001 0 -1 15,14 0.001 0 1 12,13 0.001 0 -1 52.1878 292 ::f,0,2 f,3,13 f,12,12 f,15,1 
200:2,3 0.001 -1 1 3,0 0.001 1 1 3,3 0.001 -1 0 61.1701 341 2,14 0.001 0 1 0,12 0.001 0 -1 3,15 0.001 -1 1 134.175 461 12,2 0.001 -1 -1 12,3 0.001 0 -1 15,3 0.001 -1 0 26.1624 240 13,14 0.001 0 -1 15,14 0.001 0 1 12,13 0.001 0 -1 58.1889 307 ::f,0,2 f,3,13 f,15,1 f,15,12 
201:2,3 0.001 -1 1 3,0 0.001 0 1 3,3 0.001 -1 0 61.1701 341 2,14 0.001 -1 1 0,12 0.001 1 -1 3,15 0.001 -1 1 134.175 461 12,2 0.001 -1 -1 12,3 0.001 0 -1 14,3 0.001 -1 0 26.1634 240 13,14 0.001 0 -1 15,15 0.001 0 1 12,12 0.001 0 -1 58.1909 307 ::f,0,2 f,3,13 f,15,1 f,15,12 
202:2,3 0.001 -1 0 3,1 0.001 0 1 3,3 0.001 -1 0 61.1711 341 2,14 0.001 -1 1 0,12 0.001 1 -1 3,15 0.001 -1 0 134.175 461 12,2 0.001 0 -1 12,3 0.001 0 -1 13,3 0.001 -1 0 26.1644 240 13,13 0.001 0 -1 15,15 0.001 -1 1 12,12 0.001 1 -1 58.1919 307 ::f,0,2 f,3,13 f,15,1 f,15,12 
203:1,3 0.001 -1 0 3,2 0.001 0 1 2,3 0.001 -1 0 61.1741 341 2,14 0.001 -1 0 0,12 0.001 1 0 2,15 0.001 -1 0 134.176 461 12,1 0.001 0 -1 12,2 0.001 0 -1 13,3 0.001 -1 0 26.1664 240 13,13 0.001 0 -1 15,15 0.001 -1 1 12,12 0.001 1 -1 58.1919 307 ::f,0,2 f,3,13 f,15,1 f,15,12 
204:1,3 0.001 -1 0 3,2 0.001 0 1 2,3 0.001 -1 0 61.1741 341 1,14 0.001 -1 0 1,12 0.001 1 0 2,15 0.001 -1 0 134.178 461 12,1 0.001 0 -1 12,2 0.001 0 -1 12,3 0.001 -1 0 26.1674 240 13,12 0.001 0 -1 15,15 0.001 -1 0 12,12 0.001 1 0 58.1929 307 ::f,0,2 f,3,13 f,15,1 f,15,12 
205:0,3 0.001 -1 0 3,3 0.001 0 1 1,3 0.001 -1 0 61.1771 341 1,14 0.001 -1 0 1,12 0.001 1 0 1,15 0.001 -1 0 134.179 461 12,0 0.001 0 -1 12,1 0.001 0 -1 12,3 0.001 -1 -1 26.1694 240 13,12 0.001 1 -1 14,15 0.001 -1 0 12,12 0.001 1 0 58.1939 307 ::f,0,2 f,3,13 f,15,1 f,15,12 
206:0,3 0.001 -1 -1 3,3 0.001 -1 1 1,3 0.001 -1 0 61.1771 341 1,14 0.001 -1 -1 2,12 0.001 1 0 1,15 0.001 -1 0 134.18 461 12,0 0.001 1 -1 12,1 0.001 0 -1 12,3 0.001 -1 -1 26.1694 240 13,12 0.001 1 -1 14,15 0.001 -1 0 12,12 0.001 1 0 58.1939 307 ::f,0,2 f,3,13 f,15,1 f,15,12 
207:0,3 0.001 -1 -1 3,3 0.001 -1 1 1,3 0.001 -1 0 61.1771 341 1,14 0.001 -1 -1 2,12 0.001 1 0 0,15 0.001 -1 0 134.181 461 12,0 0.001 1 -1 12,1 0.001 0 -1 12,3 0.001 0 -1 26.1694 240 13,12 0.001 1 0 13,15 0.001 -1 0 12,12 0.001 1 0 58.1949 307 ::f,0,2 f,3,13 f,15,1 f,15,12 
208:0,3 0.001 0 -1 3,3 0.001 -1 0 1,3 0.001 -1 -1 61.1771 341 1,14 0.001 0 -1 3,12 0.001 1 0 0,15 0.001 -1 -1 134.182 461 12,0 0.001 1 0 12,1 0.001 1 -1 12,2 0.001 0 -1 26.1704 240 14,12 0.001 1 0 13,15 0.001 -1 0 13,12 0.001 1 0 58.1969 307 ::f,0,2 f,3,13 f,15,1 f,15,12 
209:0,3 0.001 0 -1 2,3 0.001 -1 0 1,3 0.001 -1 -1 61.1781 341 1,13 0.001 0 -1 3,12 0.001 1 1 0,15 0.001 -1 -1 134.183 461 13,0 0.001 1 0 12,1 0.001 1 -1 12,2 0.001 0 -1 26.1714 240 14,12 0.001 1 0 12,15 0.001 -1 0 13,12 0.001 1 0 62.198 322 ::f,0,2 f,3,13 f,14,15 f,15,1 
210:0,3 0.001 0 -1 2,3 0.001 -1 0 1,3 0.001 0 -1 66.1782 356 1,13 0.001 0 -1 3,12 0.001 1 1 0,15 0.001 0 -1 134.183 461 13,0 0.001 1 0 12,1 0.001 1 0 12,2 0.001 0 -1 26.1714 240 15,12 0.001 1 0 12,15 0.001 -1 -1 14,12 0.001 1 0 62.2 322 ::f,0,2 f,3,13 f,14,15 f,15,1 
211:0,3 0.001 0 -1 2,3 0.001 -1 0 1,2 0.001 0 -1 66.1792 356 1,13 0.001 1 -1 3,12 0.001 0 1 0,14 0.001 0 -1 134.184 461 14,0 0.001 1 0 13,1 0.001 1 0 12,2 0.001 0 -1 26.1734 240 15,12 0.001 1 1 12,15 0.001 -1 -1 14,12 0.001 1 0 62.2 322 ::f,0,2 f,3,13 f,14,15 f,15,1 
212:0,3 0.001 0 -1 2,3 0.001 -1 0 1,2 0.001 0 -1 72.1793 371 1,13 0.001 1 -1 3,12 0.001 0 1 0,14 0.001 0 -1 134.184 461 14,0 0.001 1 0 13,1 0.001 1 0 12,1 0.001 0 -1 26.1744 240 15,12 0.001 1 1 12,15 0.001 0 -1 14,12 0.001 1 0 62.2 322 ::f,3,1 f,3,13 f,14,15 f,15,1 
213:0,2 0.001 0 -1 2,3 0.001 -1 0 1,1 0.001 0 -1 72.1813 371 1,13 0.001 1 0 3,12 0.001 0 1 0,13 0.001 0 -1 142.185 476 15,0 0.001 1 0 14,1 0.001 1 0 12,1 0.001 0 -1 26.1764 240 15,12 0.001 0 1 12,14 0.001 0 -1 14,12 0.001 1 1 62.201 322 ::f,0,15 f,3,1 f,14,15 f,15,1 
214:0,2 0.001 0 -1 1,3 0.001 -1 0 1,1 0.001 0 -1 72.1823 371 2,13 0.001 1 0 3,13 0.001 0 1 0,13 0.001 0 -1 142.187 476 15,0 0.001 1 1 14,1 0.001 1 0 12,0 0.001 0 -1 31.1775 255 15,13 0.001 0 1 12,14 0.001 0 -1 14,12 0.001 1 1 62.202 322 ::f,0,15 f,3,1 f,13,3 f,14,15 
215:0,1 0.001 0 -1 1,3 0.001 -1 0 1,0 0.001 0 -1 72.1843 371 2,13 0.001 1 0 3,13 0.001 0 1 0,12 0.001 0 -1 142.188 476 15,0 0.001 1 1 15,1 0.001 1 0 12,0 0.001 1 -1 31.1785 255 15,13 0.001 0 1 12,13 0.001 0 -1 14,12 0.001 0 1 62.203 322 ::f,0,15 f,3,1 f,13,3 f,14,15 
216:0,1 0.001 0 -1 0,3 0.001 -1 0 1,0 0.001 1 -1 72.1853 371 2,13 0.001 1 1 3,14 0.001 0 1 0,12 0.001 1 -1 142.189 476 15,0 0.001 0 1 15,1 0.001 1 1 12,0 0.001 1 -1 31.1785 255 15,14 0.001 0 1 12,13 0.001 0 -1 14,13 0.001 0 1 62.205 322 ::f,0,15 f,3,1 f,13,3 f,14,15 
217:0,0 0.001 0 -1 0,3 0.001 -1 -1 1,0 0.001 1 -1 72.1863 371 2,13 0.001 1 1 3,14 0.001 0 1 0,12 0.001 1 -1 142.189 476 15,0 0.001 0 1 15,1 0.001 1 1 12,0 0.001 1 0 31.1785 255 15,14 0.001 0 1 12,12 0.001 0 -1 14,13 0.001 0 1 62.206 322 ::f,0,15 f,3,1 f,13,3 f,14,15 
218:0,0 0.001 1 -1 0,3 0.001 -1 -1 1,0 0.001 1 0 72.1863 371 2,13 0.001 0 1 3,15 0.001 0 1 0,12 0.001 1 0 142.19 476 15,0 0.001 0 1 15,1 0.001 0 1 13,0 0.001 1 0 31.1795 255 15,15 0.001 0 1 12,12 0.001 1 -1 14,14 0.001 0 1 62.208 322 ::f,0,15 f,3,1 f,13,3 f,14,15 
219:0,0 0.001 1 -1 0,3 0.001 0 -1 2,0 0.001 1 0 72.1873 371 2,14 0.001 0 1 3,15 0.001 -1 1 1,12 0.001 1 0 142.192 476 15,0 0.001 0 1 15,2 0.001 0 1 14,0 0.001 1 0 31.1815 255 15,15 0.001 -1 1 12,12 0.001 1 -1 14,14 0.001 0 1 69.2081 337 ::f,0,15 f,3,1 f,12,14 f,13,3 
220:0,0 0.001 1 0 0,2 0.001 0 -1 2,0 0.001 1 0 72.1883 371 2,14 0.001 0 1 3,15 0.001 -1 1 1,12 0.001 1 0 142.192 476 15,1 0.001 0 1 15,2 0.001 0 1 14,0 0.001 1 0 31.1825 255 15,15 0.001 -1 1 12,12 0.001 1 0 14,15 0.001 0 1 69.2091 337 ::f,0,15 f,3,1 f,12,14 f,13,3 
221:1,0 0.001 1 0 0,2 0.001 0 -1 3,0 0.001 1 0 72.1903 371 2,14 0.001 -1 1 3,15 0.001 -1 0 2,12 0.001 1 0 142.193 476 15,1 0.001 0 1 15,3 0.001 0 1 15,0 0.001 1 0 31.1845 255 15,15 0.001 -1 0 13,12 0.001 1 0 14,15 0.001 -1 1 69.2101 337 ::f,0,15 f,3,1 f,12,14 f,13,3 
222:1,0 0.001 1 0 0,1 0.001 0 -1 3,0 0.001 1 1 72.1913 371 2,14 0.001 -1 1 2,15 0.001 -1 0 2,12 0.001 1 0 142.194 476 15,2 0.001 0 1 15,3 0.001 -1 1 15,0 0.001 1 1 31.1855 255 15,15 0.001 -1 0 13,12 0.001 1 0 14,15 0.001 -1 1 69.2101 337 ::f,0,15 f,3,1 f,12,14 f,13,3 
223:2,0 0.001 1 0 0,1 0.001 0 -1 3,0 0.001 1 1 72.1923 371 2,14 0.001 -1 0 1,15 0.001 -1 0 3,12 0.001 1 0 142.196 476 15,2 0.001 0 1 15,3 0.001 -1 1 15,0 0.001 1 1 31.1855 255 15,15 0.001 -1 0 14,12 0.001 1 0 14,15 0.001 -1 0 69.2111 337 ::f,0,15 f,3,1 f,12,14 f,13,3 
224:2,0 0.001 1 0 0,0 0.001 0 -1 3,0 0.001 0 1 72.1933 371 1,14 0.001 -1 0 1,15 0.001 -1 0 3,12 0.001 1 1 151.197 491 15,2 0.001 0 1 15,3 0.001 -1 0 15,0 0.001 0 1 31.1855 255 15,15 0.001 -1 0 14,12 0.001 1 0 13,15 0.001 -1 0 69.2121 337 ::f,2,15 f,3,1 f,12,14 f,13,3 
225:2,0 0.001 1 0 0,0 0.001 1 -1 3,0 0.001 0 1 72.1933 371 1,14 0.001 -1 0 0,15 0.001 -1 0 3,12 0.001 1 1 151.198 491 15,2 0.001 -1 1 14,3 0.001 -1 0 15,1 0.001 0 1 31.1875 255 14,15 0.001 -1 0 15,12 0.001 1 0 13,15 0.001 -1 0 69.2141 337 ::f,2,15 f,3,1 f,12,14 f,13,3 
226:2,0 0.001 1 1 0,0 0.001 1 -1 3,0 0.001 0 1 78.1934 386 1,14 0.001 -1 -1 0,15 0.001 -1 -1 3,12 0.001 0 1 151.198 491 15,2 0.001 -1 1 14,3 0.001 -1 0 15,1 0.001 0 1 37.1876 270 14,15 0.001 -1 0 15,12 0.001 1 1 12,15 0.001 -1 0 69.2151 337 ::f,2,3 f,2,15 f,12,14 f,13,0 
227:3,1 0.001 1 1 0,0 0.001 1 0 3,0 0.001 0 1 78.1944 386 1,14 0.001 -1 -1 0,15 0.001 -1 -1 3,13 0.001 0 1 151.199 491 15,2 0.001 -1 0 13,3 0.001 -1 0 15,1 0.001 0 1 37.1886 270 13,15 0.001 -1 0 15,12 0.001 1 1 12,15 0.001 -1 -1 69.2161 337 ::f,2,3 f,2,15 f,12,14 f,13,0 
228:3,1 0.001 0 1 1,0 0.001 1 0 3,0 0.001 0 1 78.1954 386 1,14 0.001 0 -1 0,15 0.001 0 -1 3,13 0.001 0 1 151.199 491 14,2 0.001 -1 0 13,3 0.001 -1 0 15,1 0.001 0 1 37.1896 270 13,15 0.001 -1 0 15,12 0.001 0 1 12,15 0.001 -1 -1 69.2161 337 ::f,2,3 f,2,15 f,12,14 f,13,0 
229:3,2 0.001 0 1 2,0 0.001 1 0 3,1 0.001 0 1 78.1984 386 1,13 0.001 0 -1 0,14 0.001 0 -1 3,14 0.001 0 1 151.202 491 14,2 0.001 -1 0 12,3 0.001 -1 0 15,2 0.001 0 1 37.1916 270 13,15 0.001 -1 0 15,13 0.001 0 1 12,15 0.001 0 -1 69.2171 337 ::f,2,3 f,2,15 f,12,14 f,13,0 
230:3,2 0.001 0 1 2,0 0.001 1 0 3,1 0.001 0 1 78.1984 386 1,13 0.001 0 -1 0,14 0.001 0 -1 3,14 0.001 0 1 151.202 491 13,2 0.001 -1 0 12,3 0.001 -1 -1 15,2 0.001 0 1 37.1926 270 13,15 0.001 -1 -1 15,13 0.001 0 1 12,15 0.001 0 -1 69.2171 337 ::f,2,3 f,2,15 f,12,14 f,13,0 
231:3,3 0.001 0 1 3,0 0.001 1 0 3,2 0.001 0 1 78.2014 386 1,13 0.001 1 -1 0,13 0.001 0 -1 3,15 0.001 0 1 151.204 491 13,2 0.001 -1 0 12,3 0.001 -1 -1 15,3 0.001 0 1 37.1936 270 13,15 0.001 -1 -1 15,14 0.001 0 1 12,15 0.001 0 -1 77.2182 352 ::f,2,3 f,2,15 f,13,0 f,13,14 
232:3,3 0.001 -1 1 3,0 0.001 1 1 3,2 0.001 0 1 78.2014 386 1,13 0.001 1 -1 0,13 0.001 0 -1 3,15 0.001 -1 1 151.204 491 12,2 0.001 -1 0 12,3 0.001 0 -1 15,3 0.001 -1 1 37.1946 270 13,15 0.001 0 -1 15,14 0.001 0 1 12,14 0.001 0 -1 77.2192 352 ::f,2,3 f,2,15 f,13,0 f,13,14 
233:3,3 0.001 -1 1 3,0 0.001 1 1 3,2 0.001 0 1 78.2014 386 1,13 0.001 1 0 0,12 0.001 0 -1 3,15 0.001 -1 1 151.205 491 12,2 0.001 -1 -1 12,3 0.001 0 -1 15,3 0.001 -1 1 37.1946 270 13,15 0.001 0 -1 15,15 0.001 0 1 12,14 0.001 0 -1 77.2202 352 ::f,2,3 f,2,15 f,13,0 f,13,14 
234:3,3 0.001 -1 0 3,0 0.001 0 1 3,2 0.001 -1 1 78.2014 386 2,13 0.001 1 0 0,12 0.001 1 -1 3,15 0.001 -1 0 151.206 491 12,2 0.001 -1 -1 12,3 0.001 0 -1 15,3 0.001 -1 0 37.1946 270 13,15 0.001 0 -1 15,15 0.001 -1 1 12,13 0.001 0 -1 82.2213 367 ::f,2,3 f,2,15 f,12,12 f,13,0 
235:3,3 0.001 -1 0 3,1 0.001 0 1 3,2 0.001 -1 1 78.2024 386 2,13 0.001 1 0 0,12 0.001 1 -1 3,15 0.001 -1 0 151.206 491 12,2 0.001 0 -1 12,3 0.001 0 -1 14,3 0.001 -1 0 37.1956 270 13,14 0.001 0 -1 15,15 0.001 -1 1 12,13 0.001 0 -1 91.2224 382 ::f,2,3 f,2,15 f,12,14 f,13,0 
236:3,3 0.001 -1 0 3,1 0.001 0 1 3,2 0.001 -1 0 85.2025 401 2,13 0.001 1 1 0,12 0.001 1 0 3,15 0.001 -1 0 161.206 506 12,1 0.001 0 -1 12,2 0.001 0 -1 14,3 0.001 -1 0 37.1976 270 13,14 0.001 0 -1 15,15 0.001 -1 0 12,12 0.001 0 -1 91.2234 382 ::f,1,0 f,2,12 f,12,14 f,13,0 
237:2,3 0.001 -1 0 3,1 0.001 0 1 2,2 0.001 -1 0 85.2045 401 2,13 0.001 1 1 1,12 0.001 1 0 2,15 0.001 -1 0 161.208 506 12,1 0.001 0 -1 12,2 0.001 0 -1 13,3 0.001 -1 0 37.1986 270 13,13 0.001 0 -1 14,15 0.001 -1 0 12,12 0.001 1 -1 91.2254 382 ::f,1,0 f,2,12 f,12,14 f,13,0 
238:2,3 0.001 -1 0 3,2 0.001 0 1 2,2 0.001 -1 0 85.2055 401 2,13 0.001 0 1 1,12 0.001 1 0 1,15 0.001 -1 0 171.209 521 12,0 0.001 0 -1 12,1 0.001 0 -1 13,3 0.001 -1 0 37.2006 270 13,13 0.001 0 -1 14,15 0.001 -1 0 12,12 0.001 1 -1 91.2254 382 ::f,0,15 f,1,0 f,12,14 f,13,0 
239:1,3 0.001 -1 0 3,2 0.001 0 1 1,2 0.001 -1 0 85.2075 401 2,14 0.001 0 1 2,12 0.001 1 0 1,15 0.001 -1 0 181.211 536 12,0 0.001 1 -1 12,1 0.001 0 -1 12,3 0.001 -1 0 37.2016 270 13,12 0.001 0 -1 13,15 0.001 -1 0 12,12 0.001 1 0 91.2274 382 ::f,1,0 f,1,13 f,12,14 f,13,0 
240:1,3 0.001 -1 0 3,3 0.001 0 1 1,2 0.001 -1 0 85.2085 401 2,14 0.001 0 1 2,12 0.001 1 0 0,15 0.001 -1 0 181.212 536 12,0 0.001 1 -1 12,1 0.001 0 -1 12,3 0.001 -1 -1 37.2016 270 13,12 0.001 1 -1 13,15 0.001 -1 0 12,12 0.001 1 0 91.2274 382 ::f,1,0 f,1,13 f,12,14 f,13,0 
241:0,3 0.001 -1 0 3,3 0.001 -1 1 0,2 0.001 -1 0 85.2105 401 2,14 0.001 -1 1 3,12 0.001 1 0 0,15 0.001 -1 -1 181.213 536 12,0 0.001 1 0 12,1 0.001 1 -1 12,3 0.001 -1 -1 37.2016 270 13,12 0.001 1 -1 12,15 0.001 -1 0 12,12 0.001 1 0 91.2284 382 ::f,1,0 f,1,13 f,12,14 f,13,0 
242:0,3 0.001 -1 -1 3,3 0.001 -1 1 0,2 0.001 -1 -1 85.2105 401 2,14 0.001 -1 1 3,12 0.001 1 1 0,15 0.001 -1 -1 181.213 536 12,0 0.001 1 0 12,1 0.001 1 -1 12,3 0.001 0 -1 37.2016 270 13,12 0.001 1 0 12,15 0.001 -1 -1 12,12 0.001 1 0 91.2284 382 ::f,1,0 f,1,13 f,12,14 f,13,0 
243:0,3 0.001 -1 -1 3,3 0.001 -1 0 0,2 0.001 -1 -1 85.2105 401 2,14 0.001 -1 0 3,12 0.001 1 1 0,15 0.001 0 -1 181.213 536 12,0 0.001 1 0 12,1 0.001 1 0 12,2 0.001 0 -1 41.2027 285 14,12 0.001 1 0 12,15 0.001 -1 -1 13,12 0.001 1 0 91.2304 382 ::f,1,0 f,1,13 f,12,14 f,15,0 
244:0,3 0.001 0 -1 2,3 0.001 -1 0 0,2 0.001 0 -1 85.2115 401 1,14 0.001 -1 0 3,12 0.001 0 1 0,14 0.001 0 -1 181.215 536 13,0 0.001 1 0 13,1 0.001 1 0 12,2 0.001 0 -1 41.2047 285 14,12 0.001 1 0 12,15 0.001 0 -1 13,12 0.001 1 0 91.2304 382 ::f,1,0 f,1,13 f,12,14 f,15,0 
245:0,3 0.001 0 -1 1,3 0.001 -1 0 0,1 0.001 0 -1 85.2135 401 1,14 0.001 -1 0 3,13 0.001 0 1 0,14 0.001 0 -1 181.216 536 14,0 0.001 1 0 13,1 0.001 1 0 12,1 0.001 0 -1 41.2067 285 15,12 0.001 1 0 12,15 0.001 0 -1 14,12 0.001 1 0 91.2324 382 ::f,1,0 f,1,13 f,12,14 f,15,0 
246:0,2 0.001 0 -1 1,3 0.001 -1 0 0,1 0.001 0 -1 85.2145 401 1,14 0.001 -1 -1 3,13 0.001 0 1 0,13 0.001 0 -1 181.217 536 14,0 0.001 1 0 14,1 0.001 1 0 12,1 0.001 0 -1 46.2078 300 15,12 0.001 1 1 12,15 0.001 0 -1 14,12 0.001 1 0 99.2325 397 ::f,1,0 f,1,13 f,12,12 f,14,2 
247:0,2 0.001 0 -1 0,3 0.001 -1 0 0,0 0.001 0 -1 85.2165 401 1,14 0.001 -1 -1 3,14 0.001 0 1 0,13 0.001 0 -1 181.218 536 15,0 0.001 1 0 14,1 0.001 1 0 12,0 0.001 0 -1 46.2098 300 15,12 0.001 1 1 12,14 0.001 0 -1 14,12 0.001 1 0 99.2335 397 ::f,1,0 f,1,13 f,12,12 f,14,2 
248:0,1 0.001 0 -1 0,3 0.001 -1 -1 0,0 0.001 1 -1 85.2175 401 1,14 0.001 0 -1 3,14 0.001 0 1 0,12 0.001 0 -1 181.219 536 15,0 0.001 1 1 15,1 0.001 1 0 12,0 0.001 1 -1 46.2108 300 15,12 0.001 0 1 12,13 0.001 0 -1 14,12 0.001 1 1 99.2345 397 ::f,1,0 f,1,13 f,12,12 f,14,2 
249:0,1 0.001 0 -1 0,3 0.001 -1 -1 0,0 0.001 1 -1 85.2175 401 1,14 0.001 0 -1 3,15 0.001 0 1 0,12 0.001 1 -1 181.22 536 15,0 0.001 1 1 15,1 0.001 1 1 12,0 0.001 1 -1 46.2108 300 15,13 0.001 0 1 12,13 0.001 0 -1 14,12 0.001 1 1 108.236 412 ::f,1,0 f,1,13 f,12,15 f,14,2 
250:0,1 0.001 0 -1 0,3 0.001 0 -1 0,0 0.001 1 0 85.2175 401 1,14 0.001 0 -1 3,15 0.001 -1 1 0,12 0.001 1 -1 191.221 551 15,0 0.001 0 1 15,1 0.001 1 1 12,0 0.001 1 0 46.2108 300 15,13 0.001 0 1 12,12 0.001 0 -1 14,12 0.001 0 1 108.237 412 ::f,1,0 f,3,12 f,12,15 f,14,2 
251:0,1 0.001 1 -1 0,2 0.001 0 -1 0,0 0.001 1 0 85.2185 401 1,14 0.001 1 -1 3,15 0.001 -1 1 0,12 0.001 1 0 191.221 551 15,0 0.001 0 1 15,1 0.001 0 1 13,0 0.001 1 0 46.2118 300 15,14 0.001 0 1 12,12 0.001 1 -1 14,13 0.001 0 1 108.239 412 ::f,1,0 f,3,12 f,12,15 f,14,2 
252:0,1 0.001 1 -1 0,2 0.001 0 -1 0,0 0.001 1 0 92.2186 416 2,13 0.001 1 -1 3,15 0.001 -1 0 1,12 0.001 1 0 191.223 551 15,0 0.001 0 1 15,2 0.001 0 1 14,0 0.001 1 0 46.2138 300 15,14 0.001 0 1 12,12 0.001 1 -1 14,13 0.001 0 1 108.239 412 ::f,3,3 f,3,12 f,12,15 f,14,2 
253:0,1 0.001 1 0 0,2 0.001 0 -1 1,0 0.001 1 0 92.2196 416 2,13 0.001 1 -1 2,15 0.001 -1 0 1,12 0.001 1 0 201.224 566 15,1 0.001 0 1 15,2 0.001 0 1 14,0 0.001 1 0 46.2148 300 15,15 0.001 0 1 12,12 0.001 1 0 14,14 0.001 0 1 108.241 412 ::f,2,14 f,3,3 f,12,15 f,14,2 
254:1,1 0.001 1 0 0,2 0.001 0 -1 1,0 0.001 1 0 92.2206 416 2,13 0.001 1 0 2,15 0.001 -1 0 2,12 0.001 1 0 201.225 566 15,1 0.001 0 1 15,3 0.001 0 1 15,0 0.001 1 0 46.2168 300 15,15 0.001 -1 1 13,12 0.001 1 0 14,14 0.001 0 1 108.242 412 ::f,2,14 f,3,3 f,12,15 f,14,2 
255:1,1 0.001 1 0 0,1 0.001 0 -1 2,0 0.001 1 0 92.2226 416 2,13 0.001 1 0 1,15 0.001 -1 0 2,12 0.001 1 0 201.226 566 15,2 0.001 0 1 15,3 0.001 -1 1 15,0 0.001 1 1 46.2178 300 15,15 0.001 -1 1 13,12 0.001 1 0 14,15 0.001 0 1 108.243 412 ::f,2,14 f,3,3 f,12,15 f,14,2 
256:2,1 0.001 1 0 0,1 0.001 0 -1 2,0 0.001 1 0 92.2236 416 2,13 0.001 1 1 1,15 0.001 -1 0 3,12 0.001 1 0 201.227 566 15,2 0.001 0 1 15,3 0.001 -1 1 15,0 0.001 1 1 46.2178 300 15,15 0.001 -1 0 14,12 0.001 1 0 14,15 0.001 -1 1 108.244 412 ::f,2,14 f,3,3 f,12,15 f,14,2 
257:2,1 0.001 1 0 0,0 0.001 0 -1 3,0 0.001 1 0 92.2256 416 2,13 0.001 1 1 0,15 0.001 -1 0 3,12 0.001 1 1 201.228 566 15,2 0.001 0 1 15,3 0.001 -1 0 15,0 0.001 0 1 46.2178 300 15,15 0.001 -1 0 14,12 0.001 1 0 14,15 0.001 -1 1 108.244 412 ::f,2,14 f,3,3 f,12,15 f,14,2 
258:3,1 0.001 1 0 0,0 0.001 1 -1 3,0 0.001 1 1 92.2266 416 2,13 0.001 0 1 0,15 0.001 -1 -1 3,12 0.001 1 1 201.228 566 15,2 0.001 -1 1 14,3 0.001 -1 0 15,1 0.001 0 1 46.2198 300 15,15 0.001 -1 0 15,12 0.001 1 0 14,15 0.001 -1 0 108.245 412 ::f,2,14 f,3,3 f,12,15 f,14,2 
259:3,1 0.001 1 1 0,0 0.001 1 -1 3,0 0.001 1 1 92.2266 416 2,13 0.001 0 1 0,15 0.001 -1 -1 3,12 0.001 0 1 201.228 566 15,2 0.001 -1 1 14,3 0.001 -1 0 15,1 0.001 0 1 46.2198 300 15,15 0.001 -1 0 15,12 0.001 1 1 13,15 0.001 -1 0 108.246 412 ::f,2,14 f,3,3 f,12,15 f,14,2 
260:3,1 0.001 1 1 0,0 0.001 1 0 3,0 0.001 0 1 92.2266 416 2,13 0.001 0 1 0,15 0.001 0 -1 3,13 0.001 0 1 211.229 581 15,2 0.001 -1 0 13,3 0.001 -1 0 15,1 0.001 0 1 46.2208 300 14,15 0.001 -1 0 15,12 0.001 1 1 13,15 0.001 -1 0 118.247 427 ::f,2,14 f,3,3 f,13,14 f,14,2 
261:3,1 0.001 0 1 1,0 0.001 1 0 3,0 0.001 0 1 92.2276 416 2,13 0.001 -1 1 0,14 0.001 0 -1 3,13 0.001 0 1 211.23 581 15,2 0.001 -1 0 13,3 0.001 -1 0 15,1 0.001 0 1 46.2208 300 14,15 0.001 -1 0 15,12 0.001 0 1 12,15 0.001 -1 0 118.248 427 ::f,2,14 f,3,3 f,13,14 f,14,2 
262:3,2 0.001 0 1 2,0 0.001 1 0 3,1 0.001 0 1 92.2306 416 2,13 0.001 -1 1 0,14 0.001 0 -1 3,14 0.001 0 1 211.231 581 15,2 0.001 -1 0 12,3 0.001 -1 0 15,1 0.001 0 1 52.2219 315 13,15 0.001 -1 0 15,13 0.001 0 1 12,15 0.001 -1 -1 118.25 427 ::f,2,14 f,3,3 f,12,0 f,13,14 
263:3,2 0.001 0 1 2,0 0.001 1 0 3,1 0.001 0 1 100.231 431 2,13 0.001 -1 0 0,13 0.001 0 -1 3,14 0.001 0 1 211.232 581 14,2 0.001 -1 0 12,3 0.001 -1 -1 15,1 0.001 0 1 52.2229 315 13,15 0.001 -1 0 15,13 0.001 0 1 12,15 0.001 -1 -1 118.25 427 ::f,0,2 f,2,14 f,12,0 f,13,14 
264:3,3 0.001 0 1 3,0 0.001 1 0 3,2 0.001 0 1 100.234 431 1,13 0.001 -1 0 0,13 0.001 0 -1 3,15 0.001 0 1 211.234 581 14,2 0.001 -1 0 12,3 0.001 -1 -1 15,2 0.001 0 1 52.2239 315 13,15 0.001 -1 0 15,14 0.001 0 1 12,15 0.001 0 -1 118.251 427 ::f,0,2 f,2,14 f,12,0 f,13,14 
265:3,3 0.001 -1 1 3,0 0.001 1 1 3,2 0.001 0 1 100.234 431 1,13 0.001 -1 0 0,12 0.001 0 -1 3,15 0.001 -1 1 211.235 581 13,2 0.001 -1 0 12,3 0.001 0 -1 15,2 0.001 0 1 52.2249 315 13,15 0.001 -1 -1 15,14 0.001 0 1 12,14 0.001 0 -1 118.252 427 ::f,0,2 f,2,14 f,12,0 f,13,14 
266:3,3 0.001 -1 1 3,0 0.001 1 1 3,2 0.001 0 1 100.234 431 1,13 0.001 -1 -1 0,12 0.001 1 -1 3,15 0.001 -1 1 211.235 581 13,2 0.001 -1 0 12,2 0.001 0 -1 15,3 0.001 0 1 52.2269 315 13,15 0.001 -1 -1 15,15 0.001 0 1 12,14 0.001 0 -1 118.253 427 ::f,0,2 f,2,14 f,12,0 f,13,14 
267:3,3 0.001 -1 0 3,0 0.001 0 1 3,2 0.001 -1 1 100.234 431 1,13 0.001 -1 -1 0,12 0.001 1 -1 3,15 0.001 -1 0 211.235 581 13,2 0.001 -1 0 12,1 0.001 0 -1 15,3 0.001 -1 1 52.2279 315 13,15 0.001 0 -1 15,15 0.001 -1 1 12,13 0.001 0 -1 118.254 427 ::f,0,2 f,2,14 f,12,0 f,13,14 
268:2,3 0.001 -1 0 3,1 0.001 0 1 3,2 0.001 -1 1 100.236 431 1,13 0.001 0 -1 0,12 0.001 1 0 2,15 0.001 -1 0 211.236 581 13,2 0.001 -1 -1 12,1 0.001 0 -1 15,3 0.001 -1 1 59.228 330 13,15 0.001 0 -1 15,15 0.001 -1 1 12,13 0.001 0 -1 118.254 427 ::f,0,2 f,2,14 f,12,2 f,13,14 
269:2,3 0.001 -1 0 3,1 0.001 0 1 3,2 0.001 -1 0 100.236 431 1,13 0.001 0 -1 1,12 0.001 1 0 2,15 0.001 -1 0 211.237 581 13,2 0.001 -1 -1 12,0 0.001 0 -1 15,3 0.001 -1 0 59.229 330 13,15 0.001 0 -1 15,15 0.001 -1 0 12,12 0.001 0 -1 124.255 442 ::f,0,2 f,2,14 f,12,2 f,13,13 
270:1,3 0.001 -1 0 3,1 0.001 0 1 2,2 0.001 -1 0 100.238 431 1,13 0.001 1 -1 1,12 0.001 1 0 1,15 0.001 -1 0 211.238 581 13,2 0.001 0 -1 12,0 0.001 1 -1 14,3 0.001 -1 0 59.23 330 13,14 0.001 0 -1 14,15 0.001 -1 0 12,12 0.001 1 -1 124.257 442 ::f,0,2 f,2,14 f,12,2 f,13,13 
271:1,3 0.001 -1 0 3,1 0.001 0 1 2,2 0.001 -1 0 100.238 431 1,13 0.001 1 -1 2,12 0.001 1 0 1,15 0.001 -1 0 211.239 581 13,1 0.001 0 -1 12,0 0.001 1 -1 14,3 0.001 -1 0 59.231 330 13,14 0.001 0 -1 14,15 0.001 -1 0 12,12 0.001 1 -1 131.257 457 ::f,0,2 f,2,14 f,12,2 f,12,14 
272:0,3 0.001 -1 0 3,2 0.001 0 1 1,2 0.001 -1 0 100.241 431 1,13 0.001 1 0 2,12 0.001 1 0 0,15 0.001 -1 0 211.24 581 13,1 0.001 0 -1 12,0 0.001 1 0 13,3 0.001 -1 0 59.232 330 13,13 0.001 0 -1 13,15 0.001 -1 0 12,12 0.001 1 0 131.259 457 ::f,0,2 f,2,14 f,12,2 f,12,14 
273:0,3 0.001 -1 -1 3,2 0.001 0 1 1,2 0.001 -1 0 108.241 446 2,13 0.001 1 0 3,12 0.001 1 0 0,15 0.001 -1 -1 211.242 581 13,0 0.001 0 -1 12,0 0.001 1 0 13,3 0.001 -1 0 59.233 330 13,13 0.001 0 -1 13,15 0.001 -1 0 13,12 0.001 1 0 131.26 457 ::f,1,1 f,2,14 f,12,2 f,12,14 
274:0,3 0.001 -1 -1 3,3 0.001 0 1 0,2 0.001 -1 0 108.243 446 2,13 0.001 1 0 3,12 0.001 1 1 0,15 0.001 -1 -1 211.242 581 13,0 0.001 1 -1 12,0 0.001 1 0 12,3 0.001 -1 0 59.234 330 13,13 0.001 0 -1 12,15 0.001 -1 0 13,12 0.001 1 0 131.261 457 ::f,1,1 f,2,14 f,12,2 f,12,14 
275:0,3 0.001 0 -1 3,3 0.001 -1 1 0,2 0.001 -1 -1 108.243 446 2,13 0.001 1 1 3,12 0.001 1 1 0,15 0.001 0 -1 211.242 581 13,0 0.001 1 -1 12,0 0.001 1 0 12,3 0.001 -1 -1 59.234 330 13,13 0.001 1 -1 12,15 0.001 -1 -1 14,12 0.001 1 0 131.262 457 ::f,1,1 f,2,14 f,12,2 f,12,14 
276:0,3 0.001 0 -1 3,3 0.001 -1 1 0,2 0.001 -1 -1 108.243 446 2,13 0.001 1 1 3,12 0.001 0 1 0,14 0.001 0 -1 211.243 581 13,0 0.001 1 0 12,0 0.001 1 0 12,3 0.001 -1 -1 59.234 330 13,13 0.001 1 -1 12,15 0.001 -1 -1 14,12 0.001 1 0 131.262 457 ::f,1,1 f,2,14 f,12,2 f,12,14 
277:0,3 0.001 0 -1 3,3 0.001 -1 0 0,2 0.001 0 -1 108.243 446 2,13 0.001 0 1 3,13 0.001 0 1 0,14 0.001 0 -1 211.244 581 14,0 0.001 1 0 13,0 0.001 1 0 12,3 0.001 0 -1 59.236 330 13,13 0.001 1 0 12,15 0.001 0 -1 15,12 0.001 1 0 131.263 457 ::f,1,1 f,2,14 f,12,2 f,12,14 
278:0,3 0.001 0 -1 2,3 0.001 -1 0 0,1 0.001 0 -1 108.245 446 2,13 0.001 0 1 3,13 0.001 0 1 0,13 0.001 0 -1 211.245 581 14,0 0.001 1 0 13,0 0.001 1 0 12,3 0.001 0 -1 59.236 330 14,13 0.001 1 0 12,15 0.001 0 -1 15,12 0.001 1 1 131.264 457 ::f,1,1 f,2,14 f,12,2 f,12,14 
279:0,2 0.001 0 -1 2,3 0.001 -1 0 0,1 0.001 0 -1 108.246 446 2,13 0.001 0 1 3,14 0.001 0 1 0,13 0.001 0 -1 221.246 596 15,0 0.001 1 0 14,0 0.001 1 0 12,3 0.001 0 -1 64.2381 345 14,13 0.001 1 0 12,15 0.001 0 -1 15,12 0.001 1 1 141.264 472 ::f,1,1 f,1,12 f,13,12 f,15,3 
280:0,2 0.001 0 -1 1,3 0.001 -1 0 0,0 0.001 0 -1 108.248 446 2,13 0.001 -1 1 3,14 0.001 0 1 0,12 0.001 0 -1 221.247 596 15,0 0.001 1 1 14,0 0.001 1 0 12,2 0.001 0 -1 64.2391 345 15,13 0.001 1 0 12,14 0.001 0 -1 15,12 0.001 0 1 141.266 472 ::f,1,1 f,1,12 f,13,12 f,15,3 
281:0,1 0.001 0 -1 1,3 0.001 -1 0 0,0 0.001 1 -1 108.249 446 2,13 0.001 -1 1 3,15 0.001 0 1 0,12 0.001 1 -1 221.248 596 15,0 0.001 1 1 14,0 0.001 1 0 12,2 0.001 0 -1 64.2391 345 15,13 0.001 1 1 12,14 0.001 0 -1 15,12 0.001 0 1 141.266 472 ::f,1,1 f,1,12 f,13,12 f,15,3 
282:0,1 0.001 0 -1 0,3 0.001 -1 0 0,0 0.001 1 -1 108.25 446 2,13 0.001 -1 0 3,15 0.001 -1 1 0,12 0.001 1 -1 221.248 596 15,0 0.001 0 1 14,0 0.001 1 1 12,1 0.001 0 -1 64.2401 345 15,13 0.001 1 1 12,13 0.001 0 -1 15,12 0.001 0 1 141.267 472 ::f,1,1 f,1,12 f,13,12 f,15,3 
283:0,1 0.001 0 -1 0,3 0.001 -1 -1 0,0 0.001 1 0 108.25 446 2,13 0.001 -1 0 3,15 0.001 -1 1 0,12 0.001 1 0 221.248 596 15,1 0.001 0 1 14,0 0.001 1 1 12,1 0.001 0 -1 64.2411 345 15,13 0.001 0 1 12,13 0.001 0 -1 15,12 0.001 0 1 141.267 472 ::f,1,1 f,1,12 f,13,12 f,15,3 
284:0,1 0.001 1 -1 0,3 0.001 -1 -1 1,0 0.001 1 0 108.251 446 2,13 0.001 -1 -1 3,15 0.001 -1 0 0,12 0.001 1 0 221.248 596 15,2 0.001 0 1 14,0 0.001 0 1 12,0 0.001 0 -1 64.2431 345 15,14 0.001 0 1 12,12 0.001 0 -1 15,13 0.001 0 1 141.27 472 ::f,1,1 f,1,12 f,13,12 f,15,3 
285:0,1 0.001 1 -1 0,3 0.001 0 -1 1,0 0.001 1 0 108.251 446 2,13 0.001 -1 -1 2,15 0.001 -1 0 0,12 0.001 1 0 231.249 611 15,2 0.001 0 1 14,1 0.001 0 1 12,0 0.001 1 -1 71.2442 360 15,14 0.001 0 1 12,12 0.001 1 -1 15,13 0.001 0 1 141.27 472 ::f,1,1 f,1,13 f,13,0 f,13,12 
286:0,1 0.001 1 0 0,2 0.001 0 -1 2,0 0.001 1 0 108.253 446 2,13 0.001 0 -1 2,15 0.001 -1 0 1,12 0.001 1 0 231.25 611 15,3 0.001 0 1 14,1 0.001 0 1 12,0 0.001 1 -1 71.2452 360 15,15 0.001 0 1 12,12 0.001 1 -1 15,14 0.001 0 1 141.272 472 ::f,1,1 f,1,13 f,13,0 f,13,12 
287:0,1 0.001 1 0 0,2 0.001 0 -1 2,0 0.001 1 0 108.253 446 2,13 0.001 0 -1 1,15 0.001 -1 0 1,12 0.001 1 0 231.251 611 15,3 0.001 -1 1 14,2 0.001 0 1 12,0 0.001 1 0 71.2462 360 15,15 0.001 -1 1 12,12 0.001 1 0 15,14 0.001 0 1 141.272 472 ::f,1,1 f,1,13 f,13,0 f,13,12 
288:0,1 0.001 1 0 0,2 0.001 0 -1 2,0 0.001 1 0 117.253 461 2,13 0.001 1 -1 1,15 0.001 -1 0 2,12 0.001 1 0 231.252 611 15,3 0.001 -1 1 14,2 0.001 0 1 12,0 0.001 1 0 71.2462 360 15,15 0.001 -1 1 12,12 0.001 1 0 15,14 0.001 0 1 141.272 472 ::f,1,13 f,3,0 f,13,0 f,13,12 
289:1,1 0.001 1 0 0,2 0.001 0 -1 2,0 0.001 1 1 117.254 461 2,13 0.001 1 -1 0,15 0.001 -1 0 2,12 0.001 1 0 231.253 611 15,3 0.001 -1 0 14,3 0.001 0 1 12,0 0.001 1 0 77.2473 375 15,15 0.001 -1 0 12,12 0.001 1 0 15,14 0.001 -1 1 151.272 487 ::f,1,13 f,3,0 f,13,1 f,14,12 
290:1,1 0.001 1 0 0,1 0.001 0 -1 3,1 0.001 1 1 117.256 461 2,13 0.001 1 0 0,15 0.001 -1 -1 3,12 0.001 1 0 231.254 611 15,3 0.001 -1 0 14,3 0.001 -1 1 13,0 0.001 1 0 77.2483 375 14,15 0.001 -1 0 13,12 0.001 1 0 15,14 0.001 -1 1 151.274 487 ::f,1,13 f,3,0 f,13,1 f,14,12 
291:2,1 0.001 1 0 0,1 0.001 0 -1 3,1 0.001 0 1 117.257 461 2,13 0.001 1 0 0,15 0.001 -1 -1 3,12 0.001 1 1 231.254 611 15,3 0.001 -1 0 14,3 0.001 -1 1 13,0 0.001 1 0 77.2483 375 14,15 0.001 -1 0 13,12 0.001 1 0 15,14 0.001 -1 0 161.274 502 ::f,1,13 f,3,0 f,13,1 f,15,13 
292:2,1 0.001 1 0 0,0 0.001 0 -1 3,2 0.001 0 1 117.259 461 2,13 0.001 1 1 0,15 0.001 0 -1 3,12 0.001 1 1 231.254 611 15,3 0.001 -1 0 14,3 0.001 -1 0 14,0 0.001 1 0 77.2493 375 13,15 0.001 -1 0 14,12 0.001 1 0 14,14 0.001 -1 0 161.277 502 ::f,1,13 f,3,0 f,13,1 f,15,13 
293:3,1 0.001 1 0 0,0 0.001 1 -1 3,2 0.001 0 1 117.26 461 2,13 0.001 1 1 0,14 0.001 0 -1 3,12 0.001 0 1 231.255 611 15,3 0.001 -1 0 13,3 0.001 -1 0 14,0 0.001 1 0 77.2503 375 13,15 0.001 -1 0 14,12 0.001 1 0 14,14 0.001 -1 0 161.277 502 ::f,1,13 f,3,0 f,13,1 f,15,13 
294:3,1 0.001 1 1 0,0 0.001 1 -1 3,3 0.001 0 1 117.261 461 2,13 0.001 0 1 0,14 0.001 0 -1 3,13 0.001 0 1 231.256 611 14,3 0.001 -1 0 13,3 0.001 -1 0 15,0 0.001 1 0 77.2523 375 12,15 0.001 -1 0 15,12 0.001 1 0 13,14 0.001 -1 0 161.28 502 ::f,1,13 f,3,0 f,13,1 f,15,13 
295:3,1 0.001 1 1 0,0 0.001 1 0 3,3 0.001 -1 1 117.261 461 2,14 0.001 0 1 0,13 0.001 0 -1 3,13 0.001 0 1 231.258 611 14,3 0.001 -1 0 12,3 0.001 -1 0 15,0 0.001 1 1 77.2533 375 12,15 0.001 -1 -1 15,12 0.001 1 1 13,14 0.001 -1 0 161.28 502 ::f,1,13 f,3,0 f,13,1 f,15,13 
296:3,1 0.001 0 1 1,0 0.001 1 0 3,3 0.001 -1 1 117.262 461 2,14 0.001 0 1 0,13 0.001 0 -1 3,14 0.001 0 1 231.259 611 13,3 0.001 -1 0 12,3 0.001 -1 -1 15,0 0.001 1 1 77.2543 375 12,15 0.001 -1 -1 15,12 0.001 1 1 12,14 0.001 -1 0 161.281 502 ::f,1,13 f,3,0 f,13,1 f,15,13 
297:3,2 0.001 0 1 2,0 0.001 1 0 3,3 0.001 -1 0 117.264 461 2,14 0.001 -1 1 0,12 0.001 0 -1 3,14 0.001 0 1 231.26 611 13,3 0.001 -1 0 12,3 0.001 -1 -1 15,0 0.001 0 1 77.2543 375 12,15 0.001 0 -1 15,12 0.001 0 1 12,14 0.001 -1 -1 161.281 502 ::f,1,13 f,3,0 f,13,1 f,15,13 
298:3,2 0.001 0 1 2,0 0.001 1 0 2,3 0.001 -1 0 126.265 476 2,14 0.001 -1 1 0,12 0.001 1 -1 3,15 0.001 0 1 231.261 611 13,3 0.001 -1 0 12,3 0.001 0 -1 15,1 0.001 0 1 77.2553 375 12,15 0.001 0 -1 15,12 0.001 0 1 12,14 0.001 -1 -1 161.281 502 ::f,0,1 f,1,13 f,13,1 f,15,13 
299:3,3 0.001 0 1 3,0 0.001 1 0 2,3 0.001 -1 0 126.267 476 2,14 0.001 -1 0 0,12 0.001 1 -1 3,15 0.001 -1 1 231.261 611 13,3 0.001 -1 -1 12,2 0.001 0 -1 15,1 0.001 0 1 77.2563 375 12,15 0.001 0 -1 15,12 0.001 0 1 12,14 0.001 0 -1 171.281 517 ::f,0,1 f,1,13 f,13,1 f,14,14 
