16
0:2,2 0.001 -1 -1 0,1 0.003 -1 0 1,0 0.002 1 -1 0.001 50 1,14 0.001 0 -1 2,13 0.003 1 0 3,12 0.002 -1 1 0.002 50 12,0 0.001 0 -1 12,2 0.003 -1 1 14,3 0.002 1 1 0.001 50 12,13 0.001 -1 0 15,14 0.003 0 1 14,15 0.002 -1 1 0.002 50 ::f,0,15 f,3,1 f,12,14 f,13,3 
1:2,2 0.001 -1 -1 0,1 0.001 -1 0 1,0 0.001 1 -1 0.001 50 1,14 0.001 0 -1 2,13 0.001 1 0 3,12 0.001 -1 1 0.002 50 12,0 0.001 0 -1 12,2 0.001 -1 1 14,3 0.001 1 1 0.001 50 12,13 0.001 -1 0 15,14 0.001 0 1 14,15 0.001 -1 1 0.002 50 ::f,0,15 f,3,1 f,12,14 f,13,3 
2:2,2 0.001 0 -1 0,1 0.001 -1 -1 1,0 0.001 1 0 0.001 50 1,14 0.001 1 -1 2,13 0.001 1 1 3,12 0.001 -1 0 0.002 50 12,0 0.001 1 -1 12,2 0.001 -1 0 14,3 0.001 0 1 0.001 50 12,13 0.001 -1 -1 15,14 0.001 -1 1 14,15 0.001 -1 0 0.002 50 ::f,0,15 f,3,1 f,12,14 f,13,3 
3:2,2 0.001 0 -1 0,1 0.001 -1 -1 1,0 0.001 1 0 0.001 50 1,14 0.001 1 -1 2,13 0.001 1 1 3,12 0.001 -1 0 0.002 50 12,0 0.001 1 -1 12,2 0.001 -1 0 14,3 0.001 0 1 0.001 50 12,13 0.001 -1 -1 15,14 0.001 -1 1 14,15 0.001 -1 0 0.002 50 ::f,0,15 f,3,1 f,12,14 f,13,3 
4:2,2 0.001 1 -1 0,1 0.001 0 -1 1,0 0.001 1 1 0.001 50 1,14 0.001 1 0 2,13 0.001 0 1 3,12 0.001 -1 -1 0.002 50 12,0 0.001 1 0 12,2 0.001 -1 -1 14,3 0.001 -1 1 0.001 50 12,13 0.001 0 -1 15,14 0.001 -1 0 14,15 0.001 -1 -1 0.002 50 ::f,0,15 f,3,1 f,12,14 f,13,3 
5:2,2 0.001 1 -1 0,1 0.001 0 -1 1,0 0.001 1 1 0.0011 65 1,14 0.001 1 0 2,13 0.001 0 1 3,12 0.001 -1 -1 0.002 50 12,0 0.001 1 0 12,2 0.001 -1 -1 14,3 0.001 -1 1 0.001 50 12,13 0.001 0 -1 15,14 0.001 -1 0 14,15 0.001 -1 -1 0.002 50 ::f,0,15 f,1,1 f,12,14 f,13,3 
6:2,2 0.001 1 0 0,1 0.001 1 -1 1,0 0.001 0 1 0.0011 65 1,14 0.001 1 1 2,13 0.001 -1 1 3,12 0.001 0 -1 0.002 50 12,0 0.001 1 1 12,2 0.001 0 -1 14,3 0.001 -1 0 0.001 50 12,13 0.001 1 -1 15,14 0.001 -1 -1 14,15 0.001 0 -1 0.002 50 ::f,0,15 f,1,1 f,12,14 f,13,3 
7:2,2 0.001 1 0 0,1 0.001 1 -1 1,0 0.001 0 1 0.0012 80 1,14 0.001 1 1 2,13 0.001 -1 1 3,12 0.001 0 -1 0.002 50 12,0 0.001 1 1 12,1 0.001 0 -1 14,3 0.001 -1 0 0.002 50 12,13 0.001 1 -1 15,14 0.001 -1 -1 14,15 0.001 0 -1 0.002 50 ::f,0,15 f,1,2 f,12,14 f,13,3 
8:2,2 0.001 1 1 0,1 0.001 1 0 1,1 0.001 0 1 0.0022 80 1,14 0.001 0 1 2,13 0.001 -1 1 3,12 0.001 1 -1 0.002 50 12,0 0.001 0 1 12,1 0.001 0 -1 14,3 0.001 -1 0 0.0021 65 12,13 0.001 1 0 15,14 0.001 0 -1 14,15 0.001 1 -1 0.002 50 ::f,0,15 f,1,2 f,12,14 f,13,3 
9:2,2 0.001 1 1 0,1 0.001 1 0 1,1 0.001 0 1 1.0023 95 1,14 0.001 0 1 2,13 0.001 -1 0 3,12 0.001 1 -1 0.002 50 12,0 0.001 0 1 12,1 0.001 1 -1 14,3 0.001 -1 -1 0.0021 65 13,13 0.001 1 0 15,14 0.001 0 -1 14,15 0.001 1 -1 0.003 50 ::f,0,15 f,2,1 f,12,14 f,13,3 
10:2,2 0.001 0 1 0,1 0.001 1 0 1,1 0.001 -1 1 1.0023 95 1,14 0.001 -1 1 2,13 0.001 -1 0 3,12 0.001 1 0 0.002 50 12,0 0.001 -1 1 12,1 0.001 1 -1 13,2 0.001 -1 -1 0.0031 65 13,13 0.001 1 0 15,14 0.001 1 -1 14,15 0.001 1 0 0.003 50 ::f,0,15 f,2,1 f,12,14 f,13,3 
11:2,2 0.001 0 1 0,1 0.001 1 0 1,1 0.001 -1 1 1.0023 95 1,14 0.001 -1 1 1,13 0.001 -1 0 3,12 0.001 1 0 0.0031 65 12,0 0.001 -1 1 12,1 0.001 1 0 13,2 0.001 -1 -1 0.0031 65 13,13 0.001 1 1 15,14 0.001 1 -1 14,15 0.001 1 0 0.003 50 ::f,0,13 f,2,1 f,12,14 f,13,3 
12:2,2 0.001 -1 1 0,1 0.001 1 1 1,1 0.001 -1 0 1.0023 95 1,14 0.001 -1 0 1,13 0.001 -1 0 3,12 0.001 1 1 0.0032 80 12,0 0.001 -1 0 13,1 0.001 1 0 13,2 0.001 0 -1 0.0041 65 13,13 0.001 1 1 15,14 0.001 1 0 14,15 0.001 1 1 0.003 50 ::f,1,15 f,2,1 f,12,14 f,13,3 
13:2,2 0.001 -1 1 0,1 0.001 1 1 1,1 0.001 -1 0 1.0023 95 1,14 0.001 -1 0 1,13 0.001 -1 -1 3,12 0.001 1 1 0.0032 80 12,0 0.001 -1 0 13,1 0.001 1 0 13,2 0.001 0 -1 0.0041 65 13,13 0.001 0 1 15,14 0.001 1 0 14,15 0.001 1 1 0.003 50 ::f,1,15 f,2,1 f,12,14 f,13,3 
14:2,2 0.001 -1 0 0,1 0.001 0 1 1,1 0.001 -1 -1 1.0023 95 1,14 0.001 -1 -1 1,13 0.001 -1 -1 3,12 0.001 0 1 0.0032 80 12,0 0.001 -1 -1 13,1 0.001 1 1 13,2 0.001 0 -1 0.0041 65 13,13 0.001 0 1 15,14 0.001 1 1 14,15 0.001 0 1 0.003 50 ::f,1,15 f,2,1 f,12,14 f,13,3 
15:1,2 0.001 -1 0 0,1 0.001 0 1 1,1 0.001 -1 -1 1.0033 95 1,14 0.001 -1 -1 1,13 0.001 0 -1 3,13 0.001 0 1 0.0042 80 12,0 0.001 -1 -1 13,1 0.001 1 1 13,2 0.001 1 -1 0.0041 65 13,13 0.001 -1 1 15,14 0.001 1 1 14,15 0.001 0 1 0.003 50 ::f,1,15 f,2,1 f,12,14 f,13,3 
16:1,2 0.001 -1 0 0,1 0.001 -1 1 1,1 0.001 0 -1 1.0033 95 1,14 0.001 0 -1 1,13 0.001 0 -1 3,13 0.001 0 1 0.0042 80 12,0 0.001 0 -1 13,1 0.001 0 1 13,2 0.001 1 -1 0.0041 65 13,13 0.001 -1 1 15,14 0.001 0 1 14,15 0.001 -1 1 0.0031 65 ::f,1,15 f,2,1 f,13,3 f,15,13 
17:1,2 0.001 -1 -1 0,1 0.001 -1 1 1,1 0.001 0 -1 1.0033 95 1,14 0.001 0 -1 1,13 0.001 1 -1 3,13 0.001 -1 1 0.0042 80 12,0 0.001 0 -1 13,1 0.001 0 1 13,2 0.001 1 0 0.0041 65 13,13 0.001 -1 0 15,14 0.001 0 1 14,15 0.001 -1 1 0.0031 65 ::f,1,15 f,2,1 f,13,3 f,15,13 
18:1,2 0.001 -1 -1 0,1 0.001 -1 0 1,1 0.001 1 -1 1.0033 95 1,14 0.001 0 -1 1,13 0.001 1 -1 2,14 0.001 -1 1 0.0052 80 12,0 0.001 1 -1 13,1 0.001 0 1 13,2 0.001 1 0 0.0041 65 13,13 0.001 -1 0 15,14 0.001 -1 1 14,15 0.001 -1 0 0.0031 65 ::f,1,15 f,2,1 f,13,3 f,15,13 
19:1,2 0.001 0 -1 0,1 0.001 -1 0 1,1 0.001 1 -1 1.0033 95 1,14 0.001 1 -1 1,13 0.001 1 0 2,14 0.001 -1 1 0.0053 95 12,0 0.001 1 -1 13,1 0.001 -1 1 13,2 0.001 1 1 0.0041 65 13,13 0.001 -1 -1 15,14 0.001 -1 1 13,15 0.001 -1 0 0.0041 65 ::f,0,12 f,2,1 f,13,3 f,15,13 
20:1,2 0.001 0 -1 0,1 0.001 -1 -1 1,1 0.001 1 0 1.0033 95 1,14 0.001 1 -1 2,13 0.001 1 0 2,14 0.001 -1 0 0.0063 95 12,0 0.001 1 0 13,1 0.001 -1 1 13,2 0.001 1 1 0.0041 65 13,13 0.001 -1 -1 15,14 0.001 -1 0 13,15 0.001 -1 0 0.0041 65 ::f,0,12 f,2,1 f,13,3 f,15,13 
21:1,2 0.001 0 -1 0,1 0.001 -1 -1 1,1 0.001 1 0 1.0033 95 1,14 0.001 1 0 2,13 0.001 1 0 2,14 0.001 -1 0 0.0063 95 13,0 0.001 1 0 13,1 0.001 -1 0 13,2 0.001 0 1 0.0051 65 13,13 0.001 0 -1 14,14 0.001 -1 0 13,15 0.001 -1 -1 0.0051 65 ::f,0,12 f,2,1 f,13,3 f,15,13 
22:1,2 0.001 1 -1 0,1 0.001 0 -1 1,1 0.001 1 0 3.0034 110 1,14 0.001 1 0 2,13 0.001 1 1 2,14 0.001 -1 0 0.0063 95 13,0 0.001 1 0 13,1 0.001 -1 0 13,2 0.001 0 1 1.0052 80 13,13 0.001 0 -1 14,14 0.001 -1 0 13,15 0.001 -1 -1 0.0051 65 ::f,0,2 f,0,12 f,13,3 f,15,13 
23:1,2 0.001 1 -1 0,1 0.001 0 -1 1,1 0.001 1 1 3.0034 110 1,14 0.001 1 1 2,13 0.001 1 1 2,14 0.001 -1 -1 0.0063 95 13,0 0.001 1 1 13,1 0.001 -1 -1 13,2 0.001 -1 1 1.0052 80 13,13 0.001 1 -1 14,14 0.001 -1 -1 13,15 0.001 0 -1 0.0051 65 ::f,0,2 f,0,12 f,13,3 f,15,13 
24:1,2 0.001 1 0 0,1 0.001 1 -1 1,1 0.001 1 1 3.0034 110 1,14 0.001 1 1 2,13 0.001 0 1 1,13 0.001 -1 -1 0.0073 95 13,0 0.001 1 1 13,1 0.001 -1 -1 13,2 0.001 -1 1 1.0052 80 13,13 0.001 1 -1 14,14 0.001 -1 -1 13,14 0.001 0 -1 0.0061 65 ::f,0,2 f,0,12 f,13,3 f,15,13 
25:1,2 0.001 1 0 0,1 0.001 1 -1 1,1 0.001 0 1 3.0034 110 1,14 0.001 0 1 2,14 0.001 0 1 1,13 0.001 -1 -1 1.0084 110 13,0 0.001 0 1 13,1 0.001 0 -1 13,2 0.001 -1 0 1.0052 80 13,13 0.001 1 0 14,14 0.001 0 -1 13,14 0.001 0 -1 0.0061 65 ::f,0,2 f,3,15 f,13,3 f,15,13 
26:1,2 0.001 1 1 0,1 0.001 1 0 1,1 0.001 0 1 3.0034 110 1,14 0.001 0 1 2,14 0.001 0 1 1,13 0.001 0 -1 1.0084 110 13,0 0.001 0 1 13,1 0.001 0 -1 13,2 0.001 -1 0 1.0052 80 14,13 0.001 1 0 14,14 0.001 0 -1 13,14 0.001 1 -1 0.0071 65 ::f,0,2 f,3,15 f,13,3 f,15,13 
27:1,2 0.001 1 1 0,1 0.001 1 0 1,1 0.001 -1 1 3.0034 110 1,14 0.001 -1 1 2,14 0.001 -1 1 1,13 0.001 0 -1 1.0084 110 13,0 0.001 0 1 13,1 0.001 1 -1 13,2 0.001 -1 -1 1.0052 80 14,13 0.001 1 0 14,14 0.001 1 -1 13,14 0.001 1 -1 1.0072 80 ::f,0,2 f,3,15 f,12,15 f,13,3 
28:1,2 0.001 0 1 0,1 0.001 1 0 1,1 0.001 -1 1 6.0035 125 1,14 0.001 -1 1 2,14 0.001 -1 1 1,13 0.001 1 -1 1.0084 110 13,0 0.001 -1 1 13,1 0.001 1 -1 13,2 0.001 -1 -1 1.0052 80 14,13 0.001 1 1 14,14 0.001 1 -1 13,14 0.001 1 0 1.0072 80 ::f,3,0 f,3,15 f,12,15 f,13,3 
29:1,2 0.001 0 1 0,1 0.001 1 1 1,1 0.001 -1 0 6.0035 125 1,14 0.001 -1 0 2,14 0.001 -1 0 1,13 0.001 1 -1 1.0084 110 13,0 0.001 -1 1 13,1 0.001 1 0 13,2 0.001 0 -1 1.0052 80 14,13 0.001 1 1 14,14 0.001 1 0 13,14 0.001 1 0 1.0072 80 ::f,3,0 f,3,15 f,12,15 f,13,3 
30:1,2 0.001 -1 1 0,1 0.001 1 1 1,1 0.001 -1 0 6.0035 125 1,14 0.001 -1 0 2,14 0.001 -1 0 1,13 0.001 1 0 1.0084 110 13,0 0.001 -1 0 14,1 0.001 1 0 13,1 0.001 0 -1 1.0072 80 14,13 0.001 0 1 14,14 0.001 1 0 13,14 0.001 1 1 1.0072 80 ::f,3,0 f,3,15 f,12,15 f,13,3 
31:1,2 0.001 -1 1 0,1 0.001 0 1 1,1 0.001 -1 -1 6.0035 125 1,14 0.001 -1 -1 2,14 0.001 -1 0 2,13 0.001 1 0 1.0094 110 13,0 0.001 -1 0 14,1 0.001 1 0 13,1 0.001 0 -1 1.0072 80 14,13 0.001 0 1 14,14 0.001 1 1 13,14 0.001 1 1 1.0072 80 ::f,3,0 f,3,15 f,12,15 f,13,3 
32:1,2 0.001 -1 0 0,1 0.001 0 1 1,1 0.001 -1 -1 6.0035 125 1,14 0.001 -1 -1 2,14 0.001 -1 -1 2,13 0.001 1 0 1.0094 110 13,0 0.001 -1 -1 14,1 0.001 1 1 13,1 0.001 1 -1 1.0072 80 14,13 0.001 0 1 14,14 0.001 1 1 13,14 0.001 0 1 1.0072 80 ::f,3,0 f,3,15 f,12,15 f,13,3 
33:1,2 0.001 -1 0 0,1 0.001 -1 1 1,1 0.001 0 -1 6.0035 125 1,14 0.001 0 -1 2,14 0.001 -1 -1 2,13 0.001 1 1 1.0094 110 13,0 0.001 -1 -1 14,1 0.001 1 1 13,1 0.001 1 -1 1.0072 80 14,13 0.001 -1 1 14,14 0.001 0 1 13,14 0.001 0 1 1.0072 80 ::f,3,0 f,3,15 f,12,15 f,13,3 
34:1,2 0.001 -1 -1 0,1 0.001 -1 1 1,1 0.001 0 -1 6.0035 125 1,13 0.001 0 -1 2,14 0.001 0 -1 2,13 0.001 1 1 1.0104 110 13,0 0.001 0 -1 14,1 0.001 0 1 13,1 0.001 1 0 1.0072 80 14,13 0.001 -1 1 14,14 0.001 0 1 13,14 0.001 -1 1 1.0072 80 ::f,3,0 f,3,15 f,12,15 f,13,3 
35:1,2 0.001 -1 -1 0,1 0.001 -1 0 1,1 0.001 1 -1 6.0035 125 1,13 0.001 0 -1 2,14 0.001 0 -1 2,13 0.001 0 1 1.0104 110 13,0 0.001 0 -1 14,2 0.001 0 1 14,1 0.001 1 0 1.0092 80 14,13 0.001 -1 1 14,14 0.001 -1 1 13,14 0.001 -1 1 1.0073 95 ::f,3,0 f,3,15 f,12,13 f,13,3 
36:1,2 0.001 0 -1 0,1 0.001 -1 0 1,1 0.001 1 -1 6.0035 125 1,13 0.001 1 -1 2,14 0.001 1 -1 2,13 0.001 0 1 1.0104 110 13,0 0.001 1 -1 14,2 0.001 0 1 14,1 0.001 1 0 1.0092 80 14,13 0.001 -1 0 14,14 0.001 -1 1 13,14 0.001 -1 0 1.0073 95 ::f,3,0 f,3,15 f,12,13 f,13,3 
37:1,2 0.001 0 -1 0,1 0.001 -1 -1 1,1 0.001 1 0 6.0035 125 1,13 0.001 1 -1 2,14 0.001 1 -1 2,13 0.001 0 1 1.0104 110 13,0 0.001 1 -1 14,2 0.001 -1 1 14,1 0.001 1 1 1.0092 80 13,13 0.001 -1 0 14,14 0.001 -1 0 13,14 0.001 -1 0 1.0083 95 ::f,3,0 f,3,15 f,12,13 f,13,3 
38:1,2 0.001 0 -1 0,1 0.001 -1 -1 2,1 0.001 1 0 6.0045 125 1,13 0.001 1 0 2,14 0.001 1 0 2,13 0.001 -1 1 1.0104 110 13,0 0.001 1 0 14,2 0.001 -1 1 14,1 0.001 1 1 1.0093 95 13,13 0.001 -1 0 14,14 0.001 -1 0 13,14 0.001 -1 -1 3.0084 110 ::f,3,0 f,3,15 f,12,3 f,15,12 
39:1,2 0.001 1 -1 0,1 0.001 0 -1 2,1 0.001 1 0 6.0045 125 1,13 0.001 1 0 2,14 0.001 1 0 2,13 0.001 -1 1 1.0104 110 14,0 0.001 1 0 14,2 0.001 -1 0 14,1 0.001 0 1 1.0103 95 13,13 0.001 -1 -1 14,14 0.001 -1 0 13,14 0.001 -1 -1 3.0084 110 ::f,3,0 f,3,15 f,12,3 f,15,12 
40:1,2 0.001 1 -1 0,1 0.001 0 -1 2,1 0.001 1 1 6.0045 125 1,13 0.001 1 0 2,14 0.001 1 1 2,13 0.001 -1 0 1.0104 110 14,0 0.001 1 0 13,2 0.001 -1 0 14,2 0.001 0 1 1.0123 95 13,13 0.001 -1 -1 14,14 0.001 -1 -1 13,14 0.001 0 -1 3.0084 110 ::f,3,0 f,3,15 f,12,3 f,15,12 
41:1,2 0.001 1 -1 0,1 0.001 1 -1 2,1 0.001 1 1 6.0045 125 1,13 0.001 1 1 2,14 0.001 1 1 2,13 0.001 -1 0 2.0105 125 14,0 0.001 1 1 13,2 0.001 -1 0 14,2 0.001 0 1 1.0123 95 13,13 0.001 0 -1 14,14 0.001 -1 -1 13,14 0.001 0 -1 3.0084 110 ::f,3,0 f,3,13 f,12,3 f,15,12 
42:1,2 0.001 1 0 0,1 0.001 1 -1 2,1 0.001 0 1 6.0045 125 1,13 0.001 1 1 2,14 0.001 0 1 2,13 0.001 -1 -1 2.0105 125 14,0 0.001 1 1 13,2 0.001 -1 -1 14,2 0.001 -1 1 1.0123 95 13,13 0.001 0 -1 14,14 0.001 0 -1 13,14 0.001 0 -1 3.0084 110 ::f,3,0 f,3,13 f,12,3 f,15,12 
43:1,2 0.001 1 0 0,1 0.001 1 0 2,2 0.001 0 1 6.0055 125 1,13 0.001 0 1 2,14 0.001 0 1 2,13 0.001 -1 -1 2.0105 125 14,0 0.001 0 1 13,2 0.001 -1 -1 14,2 0.001 -1 1 1.0123 95 13,13 0.001 1 -1 14,14 0.001 0 -1 13,14 0.001 1 -1 3.0084 110 ::f,3,0 f,3,13 f,12,3 f,15,12 
44:1,2 0.001 1 1 1,1 0.001 1 0 2,2 0.001 0 1 6.0065 125 1,13 0.001 0 1 2,14 0.001 -1 1 2,13 0.001 0 -1 2.0105 125 14,1 0.001 0 1 13,2 0.001 0 -1 14,2 0.001 -1 0 1.0133 95 13,13 0.001 1 -1 14,14 0.001 1 -1 14,13 0.001 1 -1 3.0094 110 ::f,3,0 f,3,13 f,12,3 f,15,12 
45:1,2 0.001 1 1 1,1 0.001 1 0 2,2 0.001 -1 1 6.0065 125 1,13 0.001 -1 1 2,14 0.001 -1 1 2,13 0.001 0 -1 2.0105 125 14,1 0.001 0 1 13,1 0.001 0 -1 13,2 0.001 -1 0 1.0153 95 13,13 0.001 1 0 14,14 0.001 1 -1 14,13 0.001 1 -1 4.0095 125 ::f,3,0 f,3,13 f,12,3 f,15,12 
46:1,2 0.001 0 1 1,1 0.001 1 1 2,2 0.001 -1 1 6.0065 125 1,13 0.001 -1 1 2,14 0.001 -1 0 2,13 0.001 1 -1 2.0105 125 14,1 0.001 -1 1 13,1 0.001 0 -1 13,2 0.001 -1 0 1.0153 95 13,13 0.001 1 0 14,14 0.001 1 0 14,13 0.001 1 0 4.0095 125 ::f,3,0 f,3,13 f,12,3 f,15,12 
47:1,2 0.001 0 1 1,1 0.001 1 1 2,2 0.001 -1 0 6.0065 125 1,13 0.001 -1 0 1,14 0.001 -1 0 2,13 0.001 1 -1 2.0115 125 14,1 0.001 -1 1 13,1 0.001 1 -1 13,2 0.001 -1 -1 1.0153 95 13,13 0.001 1 0 14,14 0.001 1 0 14,13 0.001 1 0 4.0095 125 ::f,3,0 f,3,13 f,12,3 f,15,12 
48:1,2 0.001 -1 1 1,1 0.001 0 1 2,2 0.001 -1 0 6.0065 125 1,13 0.001 -1 0 1,14 0.001 -1 0 2,13 0.001 1 0 2.0115 125 14,1 0.001 -1 1 13,1 0.001 1 -1 13,2 0.001 -1 -1 1.0153 95 13,13 0.001 1 1 14,14 0.001 1 1 14,13 0.001 1 1 4.0095 125 ::f,3,0 f,3,13 f,12,3 f,15,12 
49:1,2 0.001 -1 1 1,1 0.001 0 1 2,2 0.001 -1 0 6.0065 125 1,13 0.001 -1 -1 1,14 0.001 -1 -1 2,13 0.001 1 0 4.0116 140 14,1 0.001 -1 0 13,1 0.001 1 0 13,2 0.001 0 -1 1.0153 95 13,13 0.001 1 1 14,14 0.001 1 1 14,13 0.001 1 1 4.0095 125 ::f,2,14 f,3,0 f,12,3 f,15,12 
50:1,2 0.001 -1 0 1,1 0.001 -1 1 2,2 0.001 -1 -1 6.0065 125 1,13 0.001 -1 -1 1,14 0.001 -1 -1 2,13 0.001 1 1 4.0116 140 14,1 0.001 -1 0 13,1 0.001 1 0 13,2 0.001 0 -1 1.0153 95 13,13 0.001 0 1 14,14 0.001 0 1 14,13 0.001 0 1 4.0095 125 ::f,2,14 f,3,0 f,12,3 f,15,12 
51:1,2 0.001 -1 0 1,1 0.001 -1 1 2,2 0.001 -1 -1 6.0065 125 1,13 0.001 0 -1 1,14 0.001 0 -1 2,13 0.001 1 1 4.0116 140 14,1 0.001 -1 -1 13,1 0.001 1 0 13,2 0.001 0 -1 1.0153 95 13,13 0.001 0 1 14,14 0.001 0 1 14,13 0.001 0 1 4.0095 125 ::f,2,14 f,3,0 f,12,3 f,15,12 
52:1,2 0.001 -1 -1 1,1 0.001 -1 0 2,2 0.001 0 -1 6.0065 125 1,13 0.001 0 -1 1,14 0.001 0 -1 2,13 0.001 0 1 4.0116 140 14,1 0.001 -1 -1 13,1 0.001 1 1 13,2 0.001 1 -1 1.0153 95 13,13 0.001 -1 1 14,14 0.001 -1 1 14,13 0.001 0 1 4.0095 125 ::f,2,14 f,3,0 f,12,3 f,15,12 
53:1,2 0.001 -1 -1 1,1 0.001 -1 0 2,2 0.001 0 -1 6.0065 125 1,13 0.001 1 -1 1,14 0.001 0 -1 2,13 0.001 0 1 4.0116 140 14,1 0.001 0 -1 13,1 0.001 1 1 13,2 0.001 1 -1 1.0153 95 13,13 0.001 -1 1 14,14 0.001 -1 1 14,13 0.001 -1 1 4.0095 125 ::f,2,14 f,3,0 f,12,3 f,15,12 
54:1,2 0.001 0 -1 1,1 0.001 -1 -1 2,2 0.001 1 -1 6.0065 125 1,13 0.001 1 -1 1,14 0.001 1 -1 2,13 0.001 0 1 7.0117 155 14,1 0.001 0 -1 13,1 0.001 0 1 13,2 0.001 1 0 1.0153 95 13,13 0.001 -1 0 14,14 0.001 -1 0 14,13 0.001 -1 1 4.0095 125 ::f,1,12 f,3,0 f,12,3 f,15,12 
55:1,2 0.001 0 -1 1,1 0.001 -1 -1 2,2 0.001 1 -1 6.0065 125 1,13 0.001 1 0 1,14 0.001 1 -1 2,13 0.001 -1 1 7.0117 155 14,1 0.001 1 -1 13,1 0.001 0 1 13,2 0.001 1 0 1.0153 95 13,13 0.001 -1 0 13,14 0.001 -1 0 14,13 0.001 -1 0 4.0105 125 ::f,1,12 f,3,0 f,12,3 f,15,12 
56:1,2 0.001 0 -1 1,1 0.001 0 -1 2,2 0.001 1 0 6.0065 125 1,13 0.001 1 0 1,14 0.001 1 0 2,13 0.001 -1 1 7.0117 155 14,1 0.001 1 -1 13,1 0.001 -1 1 13,2 0.001 1 1 1.0153 95 13,13 0.001 -1 -1 13,14 0.001 -1 0 14,13 0.001 -1 0 4.0105 125 ::f,1,12 f,3,0 f,12,3 f,15,12 
57:1,2 0.001 1 -1 1,1 0.001 0 -1 2,2 0.001 1 0 6.0065 125 1,13 0.001 1 0 1,14 0.001 1 0 2,13 0.001 -1 0 7.0117 155 14,1 0.001 1 0 13,1 0.001 -1 1 13,2 0.001 1 1 1.0153 95 13,13 0.001 -1 -1 13,14 0.001 -1 -1 14,13 0.001 -1 -1 4.0105 125 ::f,1,12 f,3,0 f,12,3 f,15,12 
58:2,1 0.001 1 -1 1,1 0.001 1 -1 2,2 0.001 1 1 6.0075 125 1,13 0.001 1 1 1,14 0.001 1 1 2,13 0.001 -1 0 7.0117 155 14,1 0.001 1 0 13,1 0.001 -1 0 13,2 0.001 0 1 1.0153 95 13,13 0.001 0 -1 13,14 0.001 -1 -1 14,13 0.001 -1 -1 4.0105 125 ::f,1,12 f,3,0 f,12,3 f,15,12 
59:2,1 0.001 1 -1 1,1 0.001 1 -1 2,2 0.001 1 1 7.0076 140 1,13 0.001 1 1 1,14 0.001 1 1 2,13 0.001 -1 -1 7.0117 155 14,1 0.001 1 1 13,1 0.001 -1 0 13,2 0.001 0 1 1.0153 95 13,13 0.001 0 -1 13,14 0.001 0 -1 14,13 0.001 0 -1 4.0105 125 ::f,1,12 f,2,3 f,12,3 f,15,12 
60:2,1 0.001 1 0 1,1 0.001 1 0 2,2 0.001 0 1 7.0076 140 1,13 0.001 0 1 1,14 0.001 0 1 2,13 0.001 -1 -1 11.0118 170 14,1 0.001 1 1 13,1 0.001 -1 -1 13,2 0.001 -1 1 1.0153 95 13,13 0.001 1 -1 13,14 0.001 0 -1 14,13 0.001 0 -1 4.0105 125 ::f,2,3 f,3,12 f,12,3 f,15,12 
61:2,1 0.001 1 0 1,1 0.001 1 0 2,2 0.001 0 1 11.0077 155 1,13 0.001 0 1 1,14 0.001 0 1 2,13 0.001 0 -1 11.0118 170 14,1 0.001 0 1 13,1 0.001 -1 -1 13,2 0.001 -1 1 3.0154 110 13,13 0.001 1 -1 13,14 0.001 0 -1 14,13 0.001 1 -1 4.0105 125 ::f,3,2 f,3,12 f,14,3 f,15,12 
62:2,1 0.001 1 1 1,1 0.001 1 0 2,2 0.001 -1 1 11.0077 155 1,13 0.001 -1 1 1,14 0.001 -1 1 2,13 0.001 0 -1 11.0118 170 14,2 0.001 0 1 13,1 0.001 0 -1 13,2 0.001 -1 0 3.0164 110 13,13 0.001 1 0 13,14 0.001 1 -1 14,13 0.001 1 -1 6.0106 140 ::f,3,2 f,3,12 f,12,13 f,14,3 
63:2,1 0.001 1 1 1,1 0.001 1 1 2,2 0.001 -1 1 13.0078 170 1,13 0.001 -1 1 1,14 0.001 -1 1 2,13 0.001 1 -1 11.0118 170 14,2 0.001 0 1 13,1 0.001 0 -1 13,2 0.001 -1 0 3.0165 125 13,13 0.001 1 0 13,14 0.001 1 -1 14,13 0.001 1 0 6.0106 140 ::f,2,3 f,3,12 f,12,0 f,12,13 
64:2,1 0.001 0 1 1,1 0.001 1 1 2,2 0.001 -1 0 13.0078 170 1,13 0.001 -1 0 1,14 0.001 -1 0 2,13 0.001 1 -1 16.0119 185 14,2 0.001 -1 1 13,1 0.001 1 -1 13,2 0.001 -1 -1 3.0165 125 13,13 0.001 1 0 13,14 0.001 1 0 14,13 0.001 1 0 6.0106 140 ::f,0,15 f,2,3 f,12,0 f,12,13 
65:2,1 0.001 0 1 1,1 0.001 0 1 1,2 0.001 -1 0 13.0088 170 1,13 0.001 -1 0 1,14 0.001 -1 0 2,13 0.001 1 0 16.0119 185 14,2 0.001 -1 1 13,1 0.001 1 -1 13,2 0.001 -1 -1 3.0165 125 13,13 0.001 1 1 13,14 0.001 1 0 14,13 0.001 1 1 6.0106 140 ::f,0,15 f,2,3 f,12,0 f,12,13 
66:2,1 0.001 0 1 1,1 0.001 0 1 1,2 0.001 -1 0 13.0088 170 1,13 0.001 -1 -1 1,14 0.001 -1 -1 2,13 0.001 1 0 16.0119 185 14,2 0.001 -1 0 13,1 0.001 1 0 13,2 0.001 0 -1 3.0165 125 13,13 0.001 1 1 13,14 0.001 1 1 14,13 0.001 1 1 6.0106 140 ::f,0,15 f,2,3 f,12,0 f,12,13 
67:2,1 0.001 -1 1 1,1 0.001 -1 1 1,2 0.001 -1 -1 13.0088 170 1,13 0.001 -1 -1 1,14 0.001 -1 -1 2,13 0.001 1 1 16.0119 185 14,2 0.001 -1 0 14,1 0.001 1 0 13,1 0.001 0 -1 3.0185 125 13,13 0.001 0 1 13,14 0.001 1 1 14,13 0.001 0 1 6.0106 140 ::f,0,15 f,2,3 f,12,0 f,12,13 
68:2,1 0.001 -1 1 1,1 0.001 -1 1 1,2 0.001 -1 -1 13.0088 170 1,13 0.001 0 -1 1,14 0.001 0 -1 2,13 0.001 1 1 16.0119 185 14,2 0.001 -1 0 14,1 0.001 1 0 13,1 0.001 0 -1 3.0185 125 13,13 0.001 0 1 13,14 0.001 0 1 14,14 0.001 0 1 6.0116 140 ::f,0,15 f,2,3 f,12,0 f,12,13 
69:2,1 0.001 -1 0 1,1 0.001 -1 0 1,2 0.001 0 -1 13.0088 170 1,13 0.001 0 -1 1,14 0.001 0 -1 2,13 0.001 0 1 16.0119 185 14,2 0.001 -1 -1 14,1 0.001 1 1 13,1 0.001 1 -1 3.0185 125 13,13 0.001 -1 1 13,14 0.001 0 1 14,14 0.001 0 1 6.0116 140 ::f,0,15 f,2,3 f,12,0 f,12,13 
70:2,1 0.001 -1 0 1,1 0.001 -1 0 1,2 0.001 0 -1 13.0088 170 1,13 0.001 1 -1 1,14 0.001 0 -1 2,14 0.001 0 1 16.0129 185 14,2 0.001 -1 -1 14,1 0.001 1 1 13,1 0.001 1 -1 3.0185 125 13,13 0.001 -1 1 13,14 0.001 -1 1 14,14 0.001 -1 1 6.0116 140 ::f,0,15 f,2,3 f,12,0 f,12,13 
71:2,1 0.001 -1 -1 1,1 0.001 -1 -1 1,2 0.001 0 -1 13.0088 170 1,13 0.001 1 -1 1,14 0.001 1 -1 2,14 0.001 0 1 16.0129 185 14,2 0.001 -1 -1 14,1 0.001 0 1 13,1 0.001 1 0 3.0185 125 13,13 0.001 -1 0 13,14 0.001 -1 1 14,14 0.001 -1 1 6.0116 140 ::f,0,15 f,2,3 f,12,0 f,12,13 
72:2,1 0.001 -1 -1 1,1 0.001 -1 -1 1,2 0.001 1 -1 13.0088 170 1,13 0.001 1 0 1,14 0.001 1 -1 2,14 0.001 -1 1 16.0129 185 14,2 0.001 0 -1 14,1 0.001 0 1 13,1 0.001 1 0 3.0185 125 13,13 0.001 -1 0 13,14 0.001 -1 0 14,14 0.001 -1 0 9.0117 155 ::f,0,15 f,2,3 f,12,0 f,12,14 
73:2,1 0.001 0 -1 1,1 0.001 0 -1 1,2 0.001 1 -1 13.0088 170 2,13 0.001 1 0 1,14 0.001 1 0 2,14 0.001 -1 1 16.0139 185 14,2 0.001 0 -1 14,1 0.001 0 1 13,1 0.001 1 0 3.0185 125 13,13 0.001 -1 -1 13,14 0.001 -1 0 14,14 0.001 -1 0 9.0118 170 ::f,0,15 f,2,3 f,12,0 f,12,15 
74:2,1 0.001 0 -1 1,1 0.001 0 -1 1,2 0.001 1 0 13.0088 170 2,13 0.001 1 0 1,14 0.001 1 0 2,14 0.001 -1 0 16.0139 185 14,2 0.001 1 -1 14,1 0.001 -1 1 13,1 0.001 1 1 3.0185 125 13,13 0.001 -1 -1 13,14 0.001 -1 -1 14,14 0.001 -1 0 9.0118 170 ::f,0,15 f,2,3 f,12,0 f,12,15 
75:2,1 0.001 1 -1 1,1 0.001 1 -1 1,2 0.001 1 0 13.0088 170 2,13 0.001 1 1 1,14 0.001 1 1 2,14 0.001 -1 0 16.0139 185 14,2 0.001 1 -1 14,1 0.001 -1 1 13,1 0.001 1 1 3.0185 125 13,13 0.001 0 -1 13,14 0.001 -1 -1 14,14 0.001 -1 -1 9.0118 170 ::f,0,15 f,2,3 f,12,0 f,12,15 
76:2,1 0.001 1 -1 1,1 0.001 1 -1 1,2 0.001 1 1 13.0088 170 2,13 0.001 1 1 1,14 0.001 1 1 2,14 0.001 -1 0 16.0139 185 14,2 0.001 1 0 14,1 0.001 -1 0 13,1 0.001 0 1 3.0185 125 13,13 0.001 0 -1 13,14 0.001 0 -1 14,14 0.001 -1 -1 9.0118 170 ::f,0,15 f,2,3 f,12,0 f,12,15 
77:2,1 0.001 1 0 1,1 0.001 1 0 1,2 0.001 1 1 18.0089 185 2,13 0.001 0 1 1,14 0.001 0 1 2,14 0.001 -1 -1 16.0139 185 14,2 0.001 1 0 14,1 0.001 -1 0 13,1 0.001 0 1 3.0185 125 13,13 0.001 1 -1 13,14 0.001 0 -1 14,14 0.001 0 -1 9.0118 170 ::f,0,15 f,2,3 f,12,0 f,12,15 
78:2,1 0.001 1 0 1,1 0.001 1 0 1,2 0.001 0 1 18.0089 185 2,13 0.001 0 1 1,14 0.001 0 1 2,14 0.001 -1 -1 16.0139 185 14,2 0.001 1 1 14,1 0.001 -1 -1 13,1 0.001 -1 1 3.0185 125 13,13 0.001 1 -1 13,14 0.001 0 -1 14,14 0.001 0 -1 9.0118 170 ::f,0,15 f,2,3 f,12,0 f,12,15 
79:2,1 0.001 1 1 1,1 0.001 1 0 1,2 0.001 0 1 18.0089 185 2,13 0.001 0 1 1,14 0.001 -1 1 2,14 0.001 0 -1 16.0139 185 14,2 0.001 1 1 14,1 0.001 -1 -1 13,1 0.001 -1 1 3.0185 125 13,13 0.001 1 0 13,14 0.001 1 -1 14,14 0.001 1 -1 9.0118 170 ::f,0,15 f,2,3 f,12,0 f,12,15 
80:2,1 0.001 1 1 1,1 0.001 1 1 1,2 0.001 -1 1 18.0089 185 2,13 0.001 -1 1 1,14 0.001 -1 1 2,14 0.001 0 -1 18.014 200 14,2 0.001 0 1 14,1 0.001 0 -1 13,1 0.001 -1 0 3.0185 125 14,13 0.001 1 0 13,14 0.001 1 -1 14,14 0.001 1 -1 9.0128 170 ::f,2,3 f,3,15 f,12,0 f,12,15 
81:2,1 0.001 0 1 1,1 0.001 1 1 1,2 0.001 -1 1 18.0089 185 2,13 0.001 -1 1 1,14 0.001 -1 0 2,14 0.001 1 -1 18.014 200 14,2 0.001 0 1 14,1 0.001 0 -1 13,1 0.001 -1 0 3.0185 125 14,13 0.001 1 0 13,14 0.001 1 0 14,14 0.001 1 0 9.0128 170 ::f,2,3 f,3,15 f,12,0 f,12,15 
82:2,2 0.001 0 1 1,1 0.001 0 1 1,2 0.001 -1 0 18.0099 185 2,13 0.001 -1 0 1,14 0.001 -1 0 2,14 0.001 1 -1 18.014 200 14,2 0.001 -1 1 14,1 0.001 1 -1 13,1 0.001 -1 -1 3.0185 125 14,13 0.001 1 1 13,14 0.001 1 0 14,14 0.001 1 0 9.0128 170 ::f,2,3 f,3,15 f,12,0 f,12,15 
83:2,2 0.001 0 1 1,1 0.001 0 1 1,2 0.001 -1 0 21.01 200 2,13 0.001 -1 0 1,14 0.001 -1 -1 2,14 0.001 1 0 18.014 200 14,2 0.001 -1 1 14,1 0.001 1 -1 13,1 0.001 -1 -1 6.0186 140 14,13 0.001 1 1 13,14 0.001 1 1 14,14 0.001 1 1 9.0128 170 ::f,3,3 f,3,15 f,12,0 f,12,15 
84:2,2 0.001 -1 1 1,1 0.001 -1 1 1,2 0.001 -1 -1 21.01 200 2,13 0.001 -1 -1 1,14 0.001 -1 -1 2,14 0.001 1 0 18.014 200 14,2 0.001 -1 0 14,1 0.001 1 0 13,1 0.001 0 -1 6.0186 140 14,13 0.001 0 1 13,14 0.001 1 1 14,14 0.001 1 1 9.0128 170 ::f,3,3 f,3,15 f,12,0 f,12,15 
85:2,2 0.001 -1 1 1,1 0.001 -1 1 1,2 0.001 -1 -1 21.01 200 2,13 0.001 -1 -1 1,14 0.001 0 -1 2,14 0.001 1 1 18.014 200 13,2 0.001 -1 0 14,1 0.001 1 0 13,1 0.001 0 -1 6.0196 140 14,13 0.001 0 1 13,14 0.001 0 1 14,14 0.001 0 1 9.0128 170 ::f,3,3 f,3,15 f,12,0 f,12,15 
86:2,2 0.001 -1 0 1,1 0.001 -1 0 1,2 0.001 0 -1 21.01 200 2,13 0.001 0 -1 1,13 0.001 0 -1 2,14 0.001 1 1 24.0151 215 13,2 0.001 -1 0 14,1 0.001 1 1 13,1 0.001 1 -1 6.0196 140 14,13 0.001 0 1 13,14 0.001 0 1 14,14 0.001 0 1 9.0128 170 ::f,3,3 f,3,14 f,12,0 f,12,15 
87:2,2 0.001 -1 0 1,1 0.001 -1 0 1,2 0.001 0 -1 21.01 200 2,13 0.001 0 -1 1,13 0.001 0 -1 2,14 0.001 0 1 24.0151 215 13,2 0.001 -1 -1 14,1 0.001 1 1 13,1 0.001 1 -1 6.0196 140 14,13 0.001 -1 1 13,14 0.001 -1 1 14,14 0.001 -1 1 9.0128 170 ::f,3,3 f,3,14 f,12,0 f,12,15 
88:2,2 0.001 -1 0 1,1 0.001 -1 -1 1,2 0.001 0 -1 21.01 200 2,13 0.001 1 -1 1,13 0.001 1 -1 2,14 0.001 0 1 24.0151 215 13,2 0.001 -1 -1 14,1 0.001 0 1 13,1 0.001 1 0 6.0196 140 14,13 0.001 -1 1 13,14 0.001 -1 1 14,14 0.001 -1 1 10.0129 185 ::f,3,3 f,3,14 f,12,0 f,12,15 
89:2,2 0.001 -1 -1 1,1 0.001 -1 -1 1,2 0.001 1 -1 21.01 200 2,13 0.001 1 -1 1,13 0.001 1 -1 2,14 0.001 -1 1 24.0151 215 13,2 0.001 0 -1 14,2 0.001 0 1 14,1 0.001 1 0 6.0216 140 14,13 0.001 -1 1 13,14 0.001 -1 0 14,14 0.001 -1 0 10.0129 185 ::f,3,3 f,3,14 f,12,0 f,12,15 
90:2,2 0.001 -1 -1 1,1 0.001 0 -1 1,2 0.001 1 -1 21.01 200 2,13 0.001 1 0 1,13 0.001 1 0 2,14 0.001 -1 1 24.0151 215 13,1 0.001 0 -1 14,2 0.001 0 1 14,1 0.001 1 0 6.0226 140 14,13 0.001 -1 0 13,14 0.001 -1 0 14,14 0.001 -1 0 10.0129 185 ::f,3,3 f,3,14 f,12,0 f,12,15 
91:2,2 0.001 0 -1 1,1 0.001 0 -1 1,2 0.001 1 0 21.01 200 2,13 0.001 1 0 1,13 0.001 1 0 2,14 0.001 -1 0 24.0151 215 13,1 0.001 0 -1 14,2 0.001 -1 1 14,1 0.001 1 1 6.0226 140 14,13 0.001 -1 0 13,14 0.001 -1 -1 14,14 0.001 -1 0 10.0129 185 ::f,3,3 f,3,14 f,12,0 f,12,15 
92:2,2 0.001 0 -1 1,1 0.001 1 -1 1,2 0.001 1 0 21.01 200 2,13 0.001 1 1 1,13 0.001 1 0 1,14 0.001 -1 0 24.0161 215 13,1 0.001 1 -1 14,2 0.001 -1 1 14,1 0.001 1 1 6.0226 140 14,13 0.001 -1 -1 13,14 0.001 -1 -1 14,14 0.001 -1 -1 10.0129 185 ::f,3,3 f,3,14 f,12,0 f,12,15 
93:2,2 0.001 1 -1 1,1 0.001 1 -1 1,2 0.001 1 1 21.01 200 2,13 0.001 1 1 1,13 0.001 1 1 1,14 0.001 -1 0 25.0162 230 13,1 0.001 1 -1 14,2 0.001 -1 0 14,1 0.001 0 1 6.0226 140 14,13 0.001 -1 -1 13,14 0.001 0 -1 14,14 0.001 -1 -1 10.0129 185 ::f,0,15 f,3,3 f,12,0 f,12,15 
94:2,2 0.001 1 -1 1,1 0.001 1 0 1,2 0.001 1 1 21.01 200 2,13 0.001 0 1 1,13 0.001 1 1 1,14 0.001 -1 -1 25.0162 230 13,1 0.001 1 0 13,2 0.001 -1 0 14,2 0.001 0 1 6.0246 140 14,13 0.001 0 -1 13,13 0.001 0 -1 14,14 0.001 0 -1 10.0139 185 ::f,0,15 f,3,3 f,12,0 f,12,15 
95:2,2 0.001 1 0 2,1 0.001 1 0 1,2 0.001 0 1 21.011 200 2,14 0.001 0 1 1,13 0.001 0 1 1,14 0.001 -1 -1 25.0172 230 14,1 0.001 1 0 13,2 0.001 -1 0 14,2 0.001 0 1 6.0256 140 14,13 0.001 0 -1 13,13 0.001 0 -1 14,14 0.001 0 -1 10.0139 185 ::f,0,15 f,3,3 f,12,0 f,12,15 
96:2,2 0.001 1 0 2,1 0.001 1 0 1,2 0.001 0 1 21.011 200 2,14 0.001 0 1 1,13 0.001 0 1 1,14 0.001 0 -1 25.0172 230 14,1 0.001 1 0 13,2 0.001 -1 -1 14,2 0.001 -1 1 6.0256 140 14,13 0.001 1 -1 13,13 0.001 1 -1 14,14 0.001 1 -1 10.0139 185 ::f,0,15 f,3,3 f,12,0 f,12,15 
97:2,2 0.001 1 1 2,1 0.001 1 1 1,2 0.001 -1 1 21.011 200 2,14 0.001 -1 1 1,13 0.001 -1 1 1,14 0.001 0 -1 25.0172 230 14,1 0.001 1 1 13,2 0.001 -1 -1 14,2 0.001 -1 1 6.0256 140 14,13 0.001 1 -1 13,13 0.001 1 -1 14,14 0.001 1 -1 10.0139 185 ::f,0,15 f,3,3 f,12,0 f,12,15 
98:2,2 0.001 1 1 2,1 0.001 1 1 1,2 0.001 -1 1 25.0111 215 2,14 0.001 -1 1 1,13 0.001 -1 1 1,14 0.001 0 -1 25.0172 230 14,1 0.001 1 1 13,2 0.001 0 -1 14,2 0.001 -1 0 6.0256 140 14,13 0.001 1 0 13,13 0.001 1 0 14,14 0.001 1 0 10.0139 185 ::f,0,15 f,2,3 f,12,0 f,12,15 
99:2,2 0.001 0 1 2,1 0.001 0 1 1,2 0.001 -1 0 25.0111 215 2,14 0.001 -1 0 1,13 0.001 -1 0 1,14 0.001 1 -1 25.0172 230 14,1 0.001 0 1 13,1 0.001 0 -1 13,2 0.001 -1 0 6.0276 140 14,13 0.001 1 0 13,13 0.001 1 0 14,14 0.001 1 0 10.0139 185 ::f,0,15 f,2,3 f,12,0 f,12,15 
100:2,2 0.001 0 1 2,1 0.001 0 1 1,2 0.001 -1 0 30.0112 230 2,14 0.001 -1 0 1,13 0.001 -1 0 1,14 0.001 1 -1 25.0172 230 14,2 0.001 0 1 13,1 0.001 0 -1 13,2 0.001 -1 0 6.0286 140 14,13 0.001 1 1 13,13 0.001 1 0 14,14 0.001 1 1 10.0139 185 ::f,0,15 f,1,1 f,12,0 f,12,15 
101:2,2 0.001 -1 1 2,1 0.001 0 1 1,2 0.001 -1 -1 30.0112 230 2,14 0.001 -1 0 1,13 0.001 -1 -1 1,14 0.001 1 0 25.0172 230 14,2 0.001 0 1 13,1 0.001 1 -1 13,2 0.001 -1 -1 6.0286 140 14,13 0.001 1 1 13,13 0.001 1 1 14,14 0.001 1 1 10.0139 185 ::f,0,15 f,1,1 f,12,0 f,12,15 
102:2,2 0.001 -1 1 2,1 0.001 -1 1 1,2 0.001 -1 -1 30.0112 230 2,14 0.001 -1 -1 1,13 0.001 -1 -1 1,14 0.001 1 0 25.0172 230 14,2 0.001 -1 1 13,1 0.001 1 -1 13,2 0.001 -1 -1 6.0286 140 14,13 0.001 0 1 13,13 0.001 1 1 14,14 0.001 0 1 10.0139 185 ::f,0,15 f,1,1 f,12,0 f,12,15 
103:2,2 0.001 -1 0 2,1 0.001 -1 1 1,2 0.001 0 -1 30.0112 230 2,14 0.001 -1 -1 1,13 0.001 0 -1 1,14 0.001 1 1 25.0172 230 14,2 0.001 -1 1 13,1 0.001 1 0 13,2 0.001 0 -1 6.0286 140 14,13 0.001 0 1 13,13 0.001 0 1 14,14 0.001 0 1 10.0139 185 ::f,0,15 f,1,1 f,12,0 f,12,15 
104:2,2 0.001 -1 0 2,1 0.001 -1 0 1,2 0.001 0 -1 30.0112 230 2,14 0.001 0 -1 1,13 0.001 0 -1 1,14 0.001 1 1 25.0172 230 14,2 0.001 -1 0 14,1 0.001 1 0 13,1 0.001 0 -1 6.0306 140 14,13 0.001 0 1 13,13 0.001 0 1 14,14 0.001 -1 1 10.0139 185 ::f,0,15 f,1,1 f,12,0 f,12,15 
105:2,2 0.001 -1 0 2,1 0.001 -1 0 1,2 0.001 0 -1 30.0113 245 2,14 0.001 0 -1 1,13 0.001 1 -1 1,14 0.001 0 1 25.0172 230 13,2 0.001 -1 0 14,1 0.001 1 0 13,1 0.001 0 -1 6.0316 140 14,13 0.001 -1 1 13,13 0.001 -1 1 14,14 0.001 -1 1 10.0139 185 ::f,0,15 f,3,0 f,12,0 f,12,15 
106:2,2 0.001 -1 -1 2,1 0.001 -1 -1 1,2 0.001 1 -1 30.0113 245 2,14 0.001 1 -1 1,13 0.001 1 -1 1,14 0.001 0 1 25.0172 230 13,2 0.001 -1 0 14,1 0.001 1 1 13,1 0.001 1 -1 6.0316 140 13,14 0.001 -1 1 13,13 0.001 -1 1 14,14 0.001 -1 0 10.0149 185 ::f,0,15 f,3,0 f,12,0 f,12,15 
107:2,2 0.001 -1 -1 2,1 0.001 -1 -1 1,2 0.001 1 -1 30.0113 245 2,14 0.001 1 -1 1,13 0.001 1 0 1,14 0.001 -1 1 25.0172 230 13,2 0.001 -1 -1 14,1 0.001 1 1 13,1 0.001 1 -1 6.0316 140 13,14 0.001 -1 1 13,13 0.001 -1 0 14,14 0.001 -1 0 14.015 200 ::f,0,15 f,3,0 f,12,0 f,15,15 
108:2,2 0.001 0 -1 2,1 0.001 0 -1 1,2 0.001 1 -1 30.0113 245 2,14 0.001 1 0 2,13 0.001 1 0 1,14 0.001 -1 1 32.0183 245 13,2 0.001 -1 -1 14,1 0.001 0 1 13,1 0.001 1 0 6.0316 140 13,14 0.001 -1 0 13,13 0.001 -1 0 14,14 0.001 -1 0 14.015 200 ::f,0,13 f,3,0 f,12,0 f,15,15 
109:2,2 0.001 0 -1 2,1 0.001 0 -1 1,2 0.001 1 0 30.0113 245 2,14 0.001 1 0 2,13 0.001 1 0 1,14 0.001 -1 0 32.0183 245 13,2 0.001 0 -1 14,2 0.001 0 1 14,1 0.001 1 0 6.0336 140 13,14 0.001 -1 0 13,13 0.001 -1 -1 14,14 0.001 -1 -1 14.015 200 ::f,0,13 f,3,0 f,12,0 f,15,15 
110:2,2 0.001 1 -1 2,1 0.001 1 -1 1,2 0.001 1 0 30.0113 245 2,14 0.001 1 1 2,13 0.001 1 1 1,14 0.001 -1 0 32.0183 245 13,1 0.001 0 -1 14,2 0.001 0 1 14,1 0.001 1 0 6.0346 140 13,14 0.001 -1 -1 13,13 0.001 -1 -1 14,14 0.001 -1 -1 14.015 200 ::f,0,13 f,3,0 f,12,0 f,15,15 
111:2,2 0.001 1 -1 2,1 0.001 1 -1 1,2 0.001 1 1 31.0114 260 2,14 0.001 1 1 2,13 0.001 1 1 1,14 0.001 -1 -1 32.0183 245 13,1 0.001 0 -1 14,2 0.001 -1 1 14,1 0.001 1 1 6.0346 140 13,14 0.001 -1 -1 13,13 0.001 0 -1 14,14 0.001 0 -1 14.015 200 ::f,0,2 f,0,13 f,12,0 f,15,15 
112:2,2 0.001 1 0 2,1 0.001 1 0 1,2 0.001 1 1 31.0114 260 2,14 0.001 0 1 2,13 0.001 0 1 1,14 0.001 -1 -1 40.0184 260 13,1 0.001 1 -1 14,2 0.001 -1 1 14,1 0.001 1 1 6.0346 140 13,14 0.001 0 -1 13,13 0.001 0 -1 14,14 0.001 0 -1 14.015 200 ::f,0,2 f,1,13 f,12,0 f,15,15 
113:2,2 0.001 1 0 2,1 0.001 1 0 1,2 0.001 0 1 31.0114 260 2,14 0.001 0 1 2,13 0.001 0 1 1,14 0.001 0 -1 40.0184 260 13,1 0.001 1 -1 14,2 0.001 -1 0 14,1 0.001 0 1 6.0346 140 13,14 0.001 0 -1 13,13 0.001 1 -1 14,14 0.001 1 -1 14.015 200 ::f,0,2 f,1,13 f,12,0 f,15,15 
114:2,2 0.001 1 1 2,1 0.001 1 1 1,2 0.001 0 1 31.0114 260 2,14 0.001 -1 1 2,13 0.001 0 1 1,14 0.001 0 -1 40.0184 260 13,1 0.001 1 0 13,2 0.001 -1 0 14,2 0.001 0 1 6.0366 140 13,14 0.001 0 -1 13,13 0.001 1 -1 14,14 0.001 1 -1 14.015 200 ::f,0,2 f,1,13 f,12,0 f,15,15 
115:2,2 0.001 1 1 2,1 0.001 1 1 1,2 0.001 -1 1 31.0114 260 2,14 0.001 -1 1 2,13 0.001 -1 1 1,14 0.001 0 -1 49.0185 275 14,1 0.001 1 0 13,2 0.001 -1 0 14,2 0.001 0 1 6.0376 140 13,14 0.001 1 -1 13,13 0.001 1 0 14,14 0.001 1 0 14.015 200 ::f,0,2 f,0,13 f,12,0 f,15,15 
116:2,2 0.001 0 1 2,1 0.001 0 1 1,2 0.001 -1 1 31.0114 260 2,14 0.001 -1 0 2,13 0.001 -1 1 1,14 0.001 1 -1 49.0185 275 14,1 0.001 1 0 13,2 0.001 -1 -1 14,2 0.001 -1 1 6.0376 140 13,14 0.001 1 -1 14,13 0.001 1 0 14,14 0.001 1 0 14.016 200 ::f,0,2 f,0,13 f,12,0 f,15,15 
117:2,2 0.001 0 1 2,1 0.001 0 1 1,2 0.001 -1 0 31.0114 260 2,14 0.001 -1 0 2,13 0.001 -1 0 1,14 0.001 1 -1 49.0185 275 14,1 0.001 1 1 13,2 0.001 -1 -1 14,2 0.001 -1 1 6.0376 140 13,14 0.001 1 0 14,13 0.001 1 0 14,14 0.001 1 1 14.016 200 ::f,0,2 f,0,13 f,12,0 f,15,15 
118:2,2 0.001 -1 1 2,1 0.001 0 1 1,2 0.001 -1 0 37.0115 275 2,14 0.001 -1 0 1,13 0.001 -1 0 1,14 0.001 1 0 49.0195 275 14,1 0.001 1 1 13,2 0.001 0 -1 14,2 0.001 -1 0 6.0376 140 13,14 0.001 1 0 14,13 0.001 1 1 14,14 0.001 1 1 17.0161 215 ::f,0,13 f,1,3 f,12,0 f,13,12 
119:2,2 0.001 -1 1 2,1 0.001 -1 1 1,2 0.001 -1 -1 43.0116 290 2,14 0.001 -1 -1 1,13 0.001 -1 0 1,14 0.001 1 0 52.0196 290 14,1 0.001 0 1 13,1 0.001 0 -1 13,2 0.001 -1 0 6.0396 140 13,14 0.001 1 1 14,13 0.001 1 1 14,14 0.001 0 1 17.0161 215 ::f,0,2 f,3,12 f,12,0 f,13,12 
120:2,2 0.001 -1 0 2,1 0.001 -1 1 1,2 0.001 -1 -1 43.0116 290 2,14 0.001 -1 -1 1,13 0.001 -1 -1 1,14 0.001 1 1 52.0196 290 14,2 0.001 0 1 13,1 0.001 0 -1 13,2 0.001 -1 0 6.0406 140 13,14 0.001 1 1 14,13 0.001 0 1 14,14 0.001 0 1 17.0161 215 ::f,0,2 f,3,12 f,12,0 f,13,12 
121:2,2 0.001 -1 0 2,1 0.001 -1 0 1,2 0.001 0 -1 43.0116 290 2,14 0.001 0 -1 1,13 0.001 -1 -1 1,14 0.001 1 1 52.0196 290 14,2 0.001 0 1 13,1 0.001 1 -1 13,2 0.001 -1 -1 6.0406 140 13,14 0.001 0 1 14,13 0.001 0 1 14,14 0.001 -1 1 17.0161 215 ::f,0,2 f,3,12 f,12,0 f,13,12 
122:2,2 0.001 -1 0 2,1 0.001 -1 0 1,1 0.001 0 -1 43.0126 290 2,14 0.001 0 -1 1,13 0.001 0 -1 1,14 0.001 0 1 52.0196 290 14,2 0.001 -1 1 13,1 0.001 1 -1 13,2 0.001 -1 -1 6.0406 140 13,14 0.001 0 1 14,13 0.001 0 1 14,14 0.001 -1 1 17.0161 215 ::f,0,2 f,3,12 f,12,0 f,13,12 
123:2,2 0.001 -1 -1 2,1 0.001 -1 -1 1,1 0.001 0 -1 43.0126 290 2,14 0.001 1 -1 1,13 0.001 0 -1 1,14 0.001 0 1 52.0196 290 14,2 0.001 -1 1 13,1 0.001 1 0 13,2 0.001 0 -1 6.0406 140 13,14 0.001 -1 1 14,13 0.001 -1 1 14,14 0.001 -1 0 17.0161 215 ::f,0,2 f,3,12 f,12,0 f,13,12 
124:2,2 0.001 -1 -1 2,1 0.001 -1 -1 1,1 0.001 1 -1 43.0126 290 2,14 0.001 1 -1 1,13 0.001 1 -1 1,14 0.001 -1 1 52.0196 290 14,2 0.001 -1 0 14,1 0.001 1 0 13,1 0.001 0 -1 6.0426 140 13,14 0.001 -1 1 14,13 0.001 -1 1 14,14 0.001 -1 0 17.0161 215 ::f,0,2 f,3,12 f,12,0 f,13,12 
125:2,2 0.001 0 -1 2,1 0.001 0 -1 1,1 0.001 1 -1 43.0126 290 2,14 0.001 1 0 1,13 0.001 1 -1 1,14 0.001 -1 1 52.0196 290 13,2 0.001 -1 0 14,1 0.001 1 0 13,1 0.001 0 -1 6.0436 140 13,14 0.001 -1 0 14,13 0.001 -1 0 14,14 0.001 -1 0 17.0161 215 ::f,0,2 f,3,12 f,12,0 f,13,12 
126:2,2 0.001 0 -1 2,1 0.001 0 -1 1,1 0.001 1 0 43.0126 290 2,14 0.001 1 0 1,13 0.001 1 0 1,14 0.001 -1 0 52.0196 290 13,2 0.001 -1 0 14,1 0.001 1 1 13,1 0.001 1 -1 6.0436 140 13,14 0.001 -1 0 14,13 0.001 -1 0 14,14 0.001 -1 -1 17.0161 215 ::f,0,2 f,3,12 f,12,0 f,13,12 
127:2,2 0.001 1 -1 2,1 0.001 1 -1 1,1 0.001 1 0 43.0126 290 2,14 0.001 1 1 2,13 0.001 1 0 1,14 0.001 -1 0 52.0206 290 13,2 0.001 -1 -1 14,1 0.001 1 1 13,1 0.001 1 -1 6.0436 140 13,14 0.001 -1 -1 14,13 0.001 -1 -1 14,14 0.001 -1 -1 17.0161 215 ::f,0,2 f,3,12 f,12,0 f,13,12 
128:2,2 0.001 1 -1 2,1 0.001 1 -1 1,1 0.001 1 0 43.0126 290 2,14 0.001 1 1 2,13 0.001 1 0 1,14 0.001 -1 -1 52.0206 290 13,2 0.001 -1 -1 14,1 0.001 0 1 13,1 0.001 1 0 6.0436 140 13,14 0.001 -1 -1 14,13 0.001 -1 -1 14,14 0.001 0 -1 19.0162 230 ::f,0,2 f,3,12 f,12,0 f,14,12 
129:2,2 0.001 1 0 2,1 0.001 1 0 1,1 0.001 1 1 43.0126 290 2,14 0.001 0 1 2,13 0.001 1 1 1,14 0.001 -1 -1 52.0206 290 13,2 0.001 0 -1 14,2 0.001 0 1 14,1 0.001 1 0 6.0456 140 13,14 0.001 0 -1 14,13 0.001 0 -1 14,14 0.001 0 -1 19.0162 230 ::f,0,2 f,3,12 f,12,0 f,14,12 
130:2,2 0.001 1 0 2,1 0.001 1 0 1,1 0.001 1 1 43.0126 290 2,14 0.001 0 1 2,13 0.001 1 1 1,14 0.001 0 -1 52.0206 290 13,1 0.001 0 -1 14,2 0.001 0 1 14,1 0.001 1 0 6.0466 140 13,13 0.001 0 -1 14,13 0.001 0 -1 14,14 0.001 0 -1 22.0173 245 ::f,0,2 f,3,12 f,12,0 f,12,14 
131:2,2 0.001 1 1 2,1 0.001 1 1 1,1 0.001 0 1 43.0126 290 2,14 0.001 -1 1 2,13 0.001 0 1 1,13 0.001 0 -1 52.0216 290 13,1 0.001 0 -1 14,2 0.001 -1 1 14,1 0.001 1 1 6.0466 140 13,13 0.001 0 -1 14,13 0.001 1 -1 14,14 0.001 1 -1 22.0173 245 ::f,0,2 f,3,12 f,12,0 f,12,14 
132:2,2 0.001 1 1 2,1 0.001 1 1 1,1 0.001 0 1 43.0126 290 2,14 0.001 -1 1 2,13 0.001 0 1 1,13 0.001 0 -1 52.0216 290 13,1 0.001 1 -1 14,2 0.001 -1 1 14,1 0.001 1 1 6.0466 140 13,13 0.001 1 -1 14,13 0.001 1 -1 14,14 0.001 1 -1 22.0173 245 ::f,0,2 f,3,12 f,12,0 f,12,14 
133:2,2 0.001 0 1 2,1 0.001 0 1 1,1 0.001 -1 1 43.0126 290 2,14 0.001 -1 0 2,13 0.001 0 1 1,13 0.001 1 -1 52.0216 290 13,1 0.001 1 -1 14,2 0.001 -1 0 14,1 0.001 0 1 6.0466 140 13,13 0.001 1 -1 14,13 0.001 1 0 14,14 0.001 1 0 22.0173 245 ::f,0,2 f,3,12 f,12,0 f,12,14 
134:2,2 0.001 0 1 2,1 0.001 0 1 1,1 0.001 -1 1 50.0127 305 1,14 0.001 -1 0 2,13 0.001 -1 1 1,13 0.001 1 -1 52.0226 290 13,1 0.001 1 0 13,2 0.001 -1 0 14,2 0.001 0 1 6.0486 140 13,13 0.001 1 0 14,13 0.001 1 0 14,14 0.001 1 0 22.0173 245 ::f,1,0 f,3,12 f,12,0 f,12,14 
135:2,2 0.001 -1 1 2,1 0.001 0 1 1,1 0.001 -1 0 50.0127 305 1,14 0.001 -1 0 2,13 0.001 -1 1 1,13 0.001 1 0 52.0226 290 14,1 0.001 1 0 13,2 0.001 -1 0 14,2 0.001 0 1 6.0496 140 13,13 0.001 1 0 14,13 0.001 1 1 14,14 0.001 1 1 22.0173 245 ::f,1,0 f,3,12 f,12,0 f,12,14 
136:2,2 0.001 -1 1 2,1 0.001 -1 1 1,1 0.001 -1 0 50.0127 305 1,14 0.001 -1 -1 2,13 0.001 -1 0 1,13 0.001 1 0 52.0226 290 14,1 0.001 1 0 13,2 0.001 -1 -1 14,2 0.001 -1 1 6.0496 140 13,13 0.001 1 0 14,13 0.001 1 1 14,14 0.001 1 1 22.0173 245 ::f,1,0 f,3,12 f,12,0 f,12,14 
137:2,2 0.001 -1 0 2,1 0.001 -1 1 1,1 0.001 -1 -1 50.0127 305 1,14 0.001 -1 -1 2,13 0.001 -1 0 1,13 0.001 1 0 52.0226 290 14,1 0.001 1 1 13,2 0.001 -1 -1 14,2 0.001 -1 1 6.0496 140 13,13 0.001 1 1 14,13 0.001 0 1 14,14 0.001 0 1 22.0173 245 ::f,1,0 f,3,12 f,12,0 f,12,14 
138:1,2 0.001 -1 0 2,1 0.001 -1 0 1,1 0.001 -1 -1 50.0137 305 1,14 0.001 0 -1 2,13 0.001 -1 -1 1,13 0.001 1 1 52.0226 290 14,1 0.001 1 1 13,2 0.001 0 -1 14,2 0.001 -1 0 6.0496 140 13,13 0.001 1 1 14,13 0.001 0 1 14,14 0.001 0 1 22.0173 245 ::f,1,0 f,3,12 f,12,0 f,12,14 
139:1,2 0.001 -1 0 2,1 0.001 -1 0 1,1 0.001 0 -1 50.0137 305 1,14 0.001 0 -1 2,13 0.001 -1 -1 1,13 0.001 1 1 52.0226 290 14,1 0.001 0 1 13,1 0.001 0 -1 13,2 0.001 -1 0 6.0516 140 13,13 0.001 0 1 14,13 0.001 0 1 14,14 0.001 -1 1 22.0173 245 ::f,1,0 f,3,12 f,12,0 f,12,14 
140:1,2 0.001 -1 -1 2,1 0.001 -1 -1 1,1 0.001 0 -1 58.0138 320 1,14 0.001 0 -1 2,13 0.001 0 -1 1,13 0.001 0 1 52.0226 290 14,2 0.001 0 1 13,1 0.001 0 -1 13,2 0.001 -1 0 6.0526 140 13,13 0.001 0 1 14,13 0.001 -1 1 14,14 0.001 -1 1 22.0173 245 ::f,2,2 f,3,12 f,12,0 f,12,14 
141:1,2 0.001 -1 -1 2,1 0.001 -1 -1 1,1 0.001 1 -1 58.0138 320 1,14 0.001 1 -1 2,13 0.001 0 -1 1,13 0.001 0 1 52.0226 290 14,2 0.001 0 1 13,1 0.001 1 -1 13,2 0.001 -1 -1 6.0526 140 13,13 0.001 -1 1 14,13 0.001 -1 1 14,14 0.001 -1 0 22.0173 245 ::f,2,2 f,3,12 f,12,0 f,12,14 
142:1,2 0.001 0 -1 2,1 0.001 0 -1 1,1 0.001 1 -1 58.0138 320 1,14 0.001 1 -1 2,13 0.001 1 -1 1,13 0.001 -1 1 52.0226 290 14,2 0.001 -1 1 13,1 0.001 1 -1 13,2 0.001 -1 -1 6.0526 140 13,13 0.001 -1 1 14,13 0.001 -1 0 13,14 0.001 -1 0 27.0184 260 ::f,2,2 f,3,12 f,12,0 f,12,14 
143:1,2 0.001 0 -1 2,1 0.001 0 -1 1,1 0.001 1 0 58.0138 320 1,14 0.001 1 -1 2,13 0.001 1 -1 1,13 0.001 -1 1 56.0227 305 14,2 0.001 -1 1 13,1 0.001 1 0 13,2 0.001 0 -1 6.0526 140 13,13 0.001 -1 0 14,13 0.001 -1 0 13,14 0.001 -1 0 31.0185 275 ::f,0,12 f,2,2 f,12,0 f,15,13 
144:1,2 0.001 0 -1 2,1 0.001 1 -1 1,1 0.001 1 0 58.0138 320 1,14 0.001 1 0 2,13 0.001 1 0 1,13 0.001 -1 0 56.0227 305 14,2 0.001 -1 0 14,1 0.001 1 0 13,1 0.001 0 -1 6.0546 140 13,13 0.001 -1 0 14,13 0.001 -1 -1 13,14 0.001 -1 -1 31.0185 275 ::f,0,12 f,2,2 f,12,0 f,15,13 
145:1,2 0.001 1 -1 2,1 0.001 1 -1 1,1 0.001 1 0 58.0138 320 1,14 0.001 1 1 2,13 0.001 1 0 1,13 0.001 -1 0 56.0227 305 13,2 0.001 -1 0 14,1 0.001 1 0 13,1 0.001 0 -1 6.0556 140 13,13 0.001 -1 -1 14,13 0.001 -1 -1 13,14 0.001 -1 -1 31.0185 275 ::f,0,12 f,2,2 f,12,0 f,15,13 
146:1,2 0.001 1 -1 2,1 0.001 1 0 1,1 0.001 1 1 58.0138 320 1,14 0.001 1 1 2,13 0.001 1 1 1,13 0.001 -1 -1 56.0227 305 13,2 0.001 -1 0 14,1 0.001 1 1 13,1 0.001 1 -1 6.0556 140 13,13 0.001 -1 -1 14,13 0.001 0 -1 13,14 0.001 0 -1 31.0185 275 ::f,0,12 f,2,2 f,12,0 f,15,13 
147:1,2 0.001 1 0 2,1 0.001 1 0 1,1 0.001 1 1 67.0139 335 1,14 0.001 0 1 2,13 0.001 1 1 1,13 0.001 -1 -1 66.0228 320 13,2 0.001 -1 -1 14,1 0.001 1 1 13,1 0.001 1 -1 6.0556 140 13,13 0.001 0 -1 14,13 0.001 0 -1 13,14 0.001 0 -1 31.0185 275 ::f,0,14 f,2,0 f,12,0 f,15,13 
148:1,2 0.001 1 0 2,1 0.001 1 1 1,1 0.001 0 1 67.0139 335 1,14 0.001 0 1 2,13 0.001 0 1 1,13 0.001 0 -1 66.0228 320 13,2 0.001 -1 -1 14,1 0.001 0 1 13,1 0.001 1 0 6.0556 140 13,13 0.001 0 -1 14,13 0.001 1 -1 13,14 0.001 0 -1 31.0185 275 ::f,0,14 f,2,0 f,12,0 f,15,13 
149:1,2 0.001 1 1 2,1 0.001 1 1 1,1 0.001 0 1 67.0139 335 1,14 0.001 -1 1 2,14 0.001 0 1 1,13 0.001 0 -1 66.0238 320 13,2 0.001 0 -1 14,2 0.001 0 1 14,1 0.001 1 0 6.0576 140 13,13 0.001 1 -1 14,13 0.001 1 -1 13,14 0.001 1 -1 31.0185 275 ::f,0,14 f,2,0 f,12,0 f,15,13 
150:1,2 0.001 1 1 2,1 0.001 0 1 1,1 0.001 -1 1 67.0139 335 1,14 0.001 -1 1 2,14 0.001 0 1 1,13 0.001 1 -1 66.0238 320 13,1 0.001 0 -1 14,2 0.001 0 1 14,1 0.001 1 0 6.0586 140 13,13 0.001 1 -1 14,13 0.001 1 0 13,14 0.001 1 -1 31.0185 275 ::f,0,14 f,2,0 f,12,0 f,15,13 
151:1,2 0.001 0 1 2,2 0.001 0 1 1,1 0.001 -1 1 67.0149 335 1,14 0.001 -1 0 2,14 0.001 -1 1 1,13 0.001 1 -1 66.0238 320 13,1 0.001 0 -1 14,2 0.001 -1 1 14,1 0.001 1 1 6.0586 140 13,13 0.001 1 0 14,13 0.001 1 0 13,14 0.001 1 0 35.0186 290 ::f,0,14 f,2,0 f,12,0 f,12,14 
152:1,2 0.001 0 1 2,2 0.001 0 1 1,1 0.001 -1 0 67.0149 335 1,14 0.001 -1 0 2,14 0.001 -1 1 1,13 0.001 1 0 68.0239 335 13,1 0.001 1 -1 14,2 0.001 -1 1 14,1 0.001 1 1 6.0586 140 13,13 0.001 1 0 14,13 0.001 1 1 13,14 0.001 1 0 35.0186 290 ::f,0,15 f,2,0 f,12,0 f,12,14 
153:1,2 0.001 -1 1 2,2 0.001 -1 1 1,1 0.001 -1 0 67.0149 335 1,14 0.001 -1 -1 2,14 0.001 -1 0 2,13 0.001 1 0 68.0249 335 13,1 0.001 1 -1 14,2 0.001 -1 0 14,1 0.001 0 1 6.0586 140 13,13 0.001 1 0 14,13 0.001 1 1 13,14 0.001 1 1 35.0186 290 ::f,0,15 f,2,0 f,12,0 f,12,14 
154:1,2 0.001 -1 1 2,2 0.001 -1 1 1,1 0.001 -1 -1 67.0149 335 1,14 0.001 -1 -1 2,14 0.001 -1 0 2,13 0.001 1 0 68.0249 335 13,1 0.001 1 0 13,2 0.001 -1 0 14,2 0.001 0 1 6.0606 140 13,13 0.001 1 1 14,13 0.001 0 1 13,14 0.001 1 1 35.0186 290 ::f,0,15 f,2,0 f,12,0 f,12,14 
155:1,2 0.001 -1 0 2,2 0.001 -1 0 1,1 0.001 -1 -1 67.0149 335 1,14 0.001 0 -1 2,14 0.001 -1 0 2,13 0.001 1 1 68.0249 335 14,1 0.001 1 0 13,2 0.001 -1 0 14,2 0.001 0 1 6.0616 140 13,13 0.001 1 1 14,14 0.001 0 1 13,14 0.001 0 1 35.0196 290 ::f,0,15 f,2,0 f,12,0 f,12,14 
156:1,2 0.001 -1 0 2,2 0.001 -1 0 1,1 0.001 0 -1 67.0149 335 1,13 0.001 0 -1 2,14 0.001 -1 -1 2,13 0.001 1 1 68.0259 335 14,1 0.001 1 0 13,2 0.001 -1 -1 14,2 0.001 -1 1 6.0616 140 13,13 0.001 0 1 14,14 0.001 0 1 13,14 0.001 0 1 35.0196 290 ::f,0,15 f,2,0 f,12,0 f,12,14 
157:1,2 0.001 -1 -1 2,2 0.001 -1 0 1,1 0.001 0 -1 67.0149 335 1,13 0.001 0 -1 2,14 0.001 -1 -1 2,13 0.001 0 1 68.0259 335 14,1 0.001 1 1 13,2 0.001 -1 -1 14,2 0.001 -1 1 6.0616 140 13,13 0.001 0 1 14,14 0.001 -1 1 13,14 0.001 -1 1 35.0196 290 ::f,0,15 f,2,0 f,12,0 f,12,14 
158:1,2 0.001 -1 -1 2,2 0.001 -1 -1 1,1 0.001 1 -1 67.0149 335 1,13 0.001 1 -1 2,14 0.001 0 -1 2,13 0.001 0 1 68.0259 335 14,1 0.001 1 1 13,2 0.001 0 -1 14,2 0.001 -1 0 6.0616 140 13,13 0.001 -1 1 14,14 0.001 -1 1 13,14 0.001 -1 1 35.0196 290 ::f,0,15 f,2,0 f,12,0 f,12,14 
159:1,2 0.001 0 -1 2,2 0.001 -1 -1 1,1 0.001 1 -1 77.015 350 1,13 0.001 1 -1 2,14 0.001 0 -1 2,13 0.001 0 1 68.0259 335 14,1 0.001 0 1 13,1 0.001 0 -1 13,2 0.001 -1 0 6.0636 140 13,13 0.001 -1 1 14,14 0.001 -1 0 13,14 0.001 -1 0 41.0197 305 ::f,0,15 f,1,3 f,12,0 f,15,14 
160:1,2 0.001 0 -1 2,2 0.001 0 -1 1,1 0.001 1 0 77.015 350 1,13 0.001 1 0 2,14 0.001 1 -1 2,13 0.001 -1 1 68.0259 335 14,2 0.001 0 1 13,1 0.001 0 -1 13,2 0.001 -1 0 6.0646 140 13,13 0.001 -1 0 14,14 0.001 -1 0 13,14 0.001 -1 0 41.0197 305 ::f,0,15 f,1,3 f,12,0 f,15,14 
161:1,2 0.001 0 -1 2,2 0.001 0 -1 2,1 0.001 1 0 77.016 350 1,13 0.001 1 0 2,14 0.001 1 -1 1,14 0.001 -1 1 68.0269 335 14,2 0.001 0 1 13,1 0.001 1 -1 13,2 0.001 -1 -1 6.0646 140 13,13 0.001 -1 0 14,14 0.001 -1 0 13,14 0.001 -1 -1 41.0197 305 ::f,0,15 f,1,3 f,12,0 f,15,14 
162:1,2 0.001 1 -1 2,2 0.001 1 -1 2,1 0.001 1 0 77.016 350 1,13 0.001 1 0 2,14 0.001 1 0 1,14 0.001 -1 1 78.027 350 14,2 0.001 -1 1 13,1 0.001 1 -1 13,2 0.001 -1 -1 6.0646 140 13,13 0.001 -1 -1 14,14 0.001 -1 -1 13,14 0.001 -1 -1 41.0197 305 ::f,1,3 f,3,13 f,12,0 f,15,14 
163:1,2 0.001 1 -1 2,2 0.001 1 -1 2,1 0.001 1 1 77.016 350 2,13 0.001 1 0 2,14 0.001 1 0 1,14 0.001 -1 0 78.028 350 14,2 0.001 -1 1 13,1 0.001 1 0 13,2 0.001 0 -1 6.0646 140 13,13 0.001 -1 -1 14,14 0.001 -1 -1 13,14 0.001 0 -1 41.0197 305 ::f,1,3 f,3,13 f,12,0 f,15,14 
164:1,2 0.001 1 0 2,2 0.001 1 0 2,1 0.001 1 1 77.016 350 2,13 0.001 1 0 2,14 0.001 1 1 1,14 0.001 -1 0 81.0281 365 14,2 0.001 -1 0 14,1 0.001 1 0 13,1 0.001 0 -1 6.0666 140 13,13 0.001 0 -1 14,14 0.001 0 -1 13,14 0.001 0 -1 41.0197 305 ::f,1,3 f,3,15 f,12,0 f,15,14 
165:1,2 0.001 1 0 2,2 0.001 1 0 2,1 0.001 0 1 77.016 350 2,13 0.001 1 1 2,14 0.001 1 1 1,14 0.001 -1 -1 86.0282 380 13,2 0.001 -1 0 14,1 0.001 1 0 13,1 0.001 0 -1 6.0676 140 13,13 0.001 0 -1 14,14 0.001 0 -1 13,14 0.001 0 -1 41.0197 305 ::f,1,3 f,3,12 f,12,0 f,15,14 
166:1,2 0.001 1 1 2,2 0.001 1 1 2,1 0.001 0 1 77.016 350 2,13 0.001 1 1 2,14 0.001 0 1 1,14 0.001 -1 -1 86.0282 380 13,2 0.001 -1 0 14,1 0.001 1 1 13,1 0.001 1 -1 6.0676 140 13,13 0.001 1 -1 14,14 0.001 1 -1 13,14 0.001 1 -1 41.0197 305 ::f,1,3 f,3,12 f,12,0 f,15,14 
167:1,2 0.001 1 1 2,2 0.001 1 1 2,1 0.001 0 1 77.016 350 2,13 0.001 0 1 2,14 0.001 0 1 1,14 0.001 0 -1 86.0282 380 13,2 0.001 -1 -1 14,1 0.001 1 1 13,1 0.001 1 -1 6.0676 140 13,13 0.001 1 -1 14,14 0.001 1 -1 13,14 0.001 1 -1 41.0197 305 ::f,1,3 f,3,12 f,12,0 f,15,14 
168:1,2 0.001 0 1 2,2 0.001 0 1 2,1 0.001 -1 1 77.016 350 2,13 0.001 0 1 2,14 0.001 -1 1 1,13 0.001 0 -1 86.0292 380 13,2 0.001 -1 -1 14,1 0.001 0 1 13,1 0.001 1 0 6.0676 140 13,13 0.001 1 0 14,14 0.001 1 0 13,14 0.001 1 0 41.0197 305 ::f,1,3 f,3,12 f,12,0 f,15,14 
169:1,2 0.001 0 1 2,2 0.001 0 1 2,1 0.001 -1 1 84.0161 365 2,13 0.001 0 1 2,14 0.001 -1 1 1,13 0.001 0 -1 86.0292 380 13,2 0.001 0 -1 14,2 0.001 0 1 14,1 0.001 1 0 6.0696 140 14,13 0.001 1 0 14,14 0.001 1 0 13,14 0.001 1 0 46.0208 320 ::f,3,1 f,3,12 f,12,0 f,12,15 
170:1,2 0.001 -1 1 2,2 0.001 -1 1 2,1 0.001 -1 0 84.0161 365 2,13 0.001 -1 1 2,14 0.001 -1 0 1,13 0.001 1 -1 86.0292 380 13,1 0.001 0 -1 14,2 0.001 0 1 14,1 0.001 1 0 6.0706 140 14,13 0.001 1 0 14,14 0.001 1 1 13,14 0.001 1 1 46.0208 320 ::f,3,1 f,3,12 f,12,0 f,12,15 
171:1,2 0.001 -1 1 2,2 0.001 -1 1 2,1 0.001 -1 0 84.0161 365 2,13 0.001 -1 1 1,14 0.001 -1 0 1,13 0.001 1 -1 86.0302 380 13,1 0.001 0 -1 14,2 0.001 -1 1 14,1 0.001 1 1 6.0706 140 14,13 0.001 1 1 14,14 0.001 1 1 13,14 0.001 1 1 46.0208 320 ::f,3,1 f,3,12 f,12,0 f,12,15 
172:1,2 0.001 -1 0 2,2 0.001 -1 0 2,1 0.001 -1 -1 84.0161 365 2,13 0.001 -1 0 1,14 0.001 -1 0 1,13 0.001 1 0 86.0302 380 13,1 0.001 1 -1 14,2 0.001 -1 1 14,1 0.001 1 1 6.0706 140 14,13 0.001 1 1 14,14 0.001 0 1 13,14 0.001 0 1 46.0208 320 ::f,3,1 f,3,12 f,12,0 f,12,15 
173:1,2 0.001 -1 0 2,2 0.001 -1 0 2,1 0.001 -1 -1 84.0161 365 2,13 0.001 -1 0 1,14 0.001 -1 -1 1,13 0.001 1 0 86.0302 380 13,1 0.001 1 -1 14,2 0.001 -1 0 14,1 0.001 0 1 6.0706 140 14,13 0.001 0 1 14,14 0.001 0 1 13,14 0.001 0 1 46.0208 320 ::f,3,1 f,3,12 f,12,0 f,12,15 
174:1,2 0.001 -1 -1 2,2 0.001 -1 0 2,1 0.001 0 -1 84.0161 365 2,13 0.001 -1 -1 1,14 0.001 -1 -1 1,13 0.001 1 0 86.0302 380 13,1 0.001 1 0 13,2 0.001 -1 0 14,2 0.001 0 1 6.0726 140 14,13 0.001 0 1 14,14 0.001 -1 1 13,14 0.001 -1 1 46.0208 320 ::f,3,1 f,3,12 f,12,0 f,12,15 
175:1,2 0.001 -1 -1 2,2 0.001 -1 -1 2,1 0.001 0 -1 84.0161 365 2,13 0.001 -1 -1 1,14 0.001 0 -1 1,13 0.001 1 1 86.0302 380 14,1 0.001 1 0 13,2 0.001 -1 0 14,2 0.001 0 1 6.0736 140 14,13 0.001 0 1 14,14 0.001 -1 1 13,14 0.001 -1 1 51.0209 335 ::f,3,1 f,3,12 f,12,0 f,13,12 
176:1,2 0.001 0 -1 2,2 0.001 -1 -1 2,1 0.001 1 -1 84.0161 365 2,13 0.001 0 -1 1,14 0.001 0 -1 1,13 0.001 1 1 86.0302 380 14,1 0.001 1 0 13,2 0.001 -1 -1 14,2 0.001 -1 1 6.0736 140 14,13 0.001 -1 1 14,14 0.001 -1 0 13,14 0.001 -1 0 51.0209 335 ::f,3,1 f,3,12 f,12,0 f,13,12 
177:1,1 0.001 0 -1 2,2 0.001 0 -1 2,1 0.001 1 -1 84.0171 365 2,13 0.001 0 -1 1,14 0.001 0 -1 1,13 0.001 0 1 86.0302 380 14,1 0.001 1 1 13,2 0.001 -1 -1 14,2 0.001 -1 1 6.0736 140 14,13 0.001 -1 1 14,14 0.001 -1 0 13,14 0.001 -1 0 51.0209 335 ::f,3,1 f,3,12 f,12,0 f,13,12 
178:1,1 0.001 0 -1 2,2 0.001 0 -1 2,1 0.001 1 0 84.0171 365 2,13 0.001 1 -1 1,14 0.001 1 -1 1,13 0.001 0 1 86.0302 380 14,1 0.001 1 1 13,2 0.001 0 -1 14,2 0.001 -1 0 6.0736 140 14,13 0.001 -1 0 14,14 0.001 -1 0 13,14 0.001 -1 -1 51.0209 335 ::f,3,1 f,3,12 f,12,0 f,13,12 
179:1,1 0.001 1 -1 2,2 0.001 1 -1 2,1 0.001 1 0 94.0172 380 2,13 0.001 1 -1 1,14 0.001 1 -1 1,13 0.001 -1 1 90.0303 395 14,1 0.001 0 1 13,1 0.001 0 -1 13,2 0.001 -1 0 6.0756 140 14,13 0.001 -1 0 14,14 0.001 -1 -1 13,14 0.001 -1 -1 51.0209 335 ::f,1,12 f,3,2 f,12,0 f,13,12 
180:1,1 0.001 1 -1 2,2 0.001 1 -1 2,1 0.001 1 1 94.0172 380 2,13 0.001 1 0 1,14 0.001 1 0 1,13 0.001 -1 1 90.0303 395 14,2 0.001 0 1 13,1 0.001 0 -1 13,2 0.001 -1 0 6.0766 140 14,13 0.001 -1 -1 14,14 0.001 -1 -1 13,14 0.001 0 -1 51.0209 335 ::f,1,12 f,3,2 f,12,0 f,13,12 
181:1,1 0.001 1 0 2,2 0.001 1 0 2,1 0.001 1 1 104.017 395 2,13 0.001 1 0 1,14 0.001 1 0 1,13 0.001 -1 0 90.0303 395 14,2 0.001 0 1 13,1 0.001 1 -1 13,2 0.001 -1 -1 6.0766 140 14,13 0.001 -1 -1 14,14 0.001 0 -1 13,13 0.001 0 -1 58.022 350 ::f,0,0 f,1,12 f,12,0 f,15,12 
182:1,1 0.001 1 0 2,2 0.001 1 0 2,1 0.001 0 1 104.017 395 2,13 0.001 1 1 1,14 0.001 1 1 1,13 0.001 -1 0 90.0303 395 14,2 0.001 -1 1 13,1 0.001 1 -1 13,2 0.001 -1 -1 6.0766 140 14,13 0.001 0 -1 14,14 0.001 0 -1 13,13 0.001 0 -1 58.022 350 ::f,0,0 f,1,12 f,12,0 f,15,12 
183:1,1 0.001 1 0 2,2 0.001 1 1 2,1 0.001 0 1 104.017 395 2,13 0.001 1 1 1,14 0.001 1 1 1,13 0.001 -1 -1 90.0303 395 14,2 0.001 -1 1 13,1 0.001 1 0 13,2 0.001 0 -1 6.0766 140 14,13 0.001 0 -1 14,14 0.001 1 -1 13,13 0.001 1 -1 58.022 350 ::f,0,0 f,1,12 f,12,0 f,15,12 
184:1,1 0.001 1 1 2,2 0.001 1 1 2,1 0.001 0 1 104.017 395 2,13 0.001 0 1 1,14 0.001 0 1 1,13 0.001 -1 -1 90.0303 395 14,2 0.001 -1 0 14,1 0.001 1 0 13,1 0.001 0 -1 6.0786 140 14,13 0.001 1 -1 14,14 0.001 1 -1 13,13 0.001 1 -1 58.022 350 ::f,0,0 f,1,12 f,12,0 f,15,12 
185:1,1 0.001 1 1 2,2 0.001 0 1 2,1 0.001 -1 1 104.017 395 2,14 0.001 0 1 1,14 0.001 0 1 1,13 0.001 0 -1 90.0313 395 13,2 0.001 -1 0 14,1 0.001 1 0 13,1 0.001 0 -1 6.0796 140 14,13 0.001 1 -1 14,14 0.001 1 0 13,13 0.001 1 0 66.0221 365 ::f,0,0 f,1,12 f,12,0 f,13,14 
186:1,1 0.001 0 1 2,2 0.001 0 1 2,1 0.001 -1 1 104.017 395 2,14 0.001 0 1 1,14 0.001 -1 1 1,13 0.001 0 -1 100.031 410 13,2 0.001 -1 0 14,1 0.001 1 1 13,1 0.001 1 -1 6.0796 140 14,13 0.001 1 0 14,14 0.001 1 0 13,13 0.001 1 0 66.0221 365 ::f,0,0 f,1,12 f,12,0 f,13,14 
187:1,1 0.001 0 1 2,2 0.001 -1 1 2,1 0.001 -1 0 104.017 395 2,14 0.001 -1 1 1,14 0.001 -1 1 1,13 0.001 1 -1 100.031 410 13,2 0.001 -1 -1 14,1 0.001 1 1 13,1 0.001 1 -1 6.0796 140 14,13 0.001 1 0 14,14 0.001 1 1 13,13 0.001 1 0 66.0221 365 ::f,0,0 f,1,12 f,12,0 f,13,14 
188:1,1 0.001 -1 1 2,2 0.001 -1 1 2,1 0.001 -1 0 104.017 395 2,14 0.001 -1 1 1,14 0.001 -1 0 1,13 0.001 1 -1 100.031 410 13,2 0.001 -1 -1 14,1 0.001 0 1 13,1 0.001 1 0 6.0796 140 14,13 0.001 1 1 14,14 0.001 1 1 13,13 0.001 1 1 66.0221 365 ::f,0,0 f,1,12 f,12,0 f,13,14 
189:1,1 0.001 -1 1 2,2 0.001 -1 0 2,1 0.001 -1 -1 104.017 395 2,14 0.001 -1 0 1,14 0.001 -1 0 1,13 0.001 1 0 100.031 410 13,2 0.001 0 -1 14,2 0.001 0 1 14,1 0.001 1 0 6.0816 140 14,13 0.001 1 1 14,14 0.001 0 1 13,13 0.001 1 1 66.0221 365 ::f,0,0 f,1,12 f,12,0 f,13,14 
190:1,1 0.001 -1 0 1,2 0.001 -1 0 2,1 0.001 -1 -1 104.018 395 2,14 0.001 -1 0 1,14 0.001 -1 -1 2,13 0.001 1 0 100.032 410 13,1 0.001 0 -1 14,2 0.001 0 1 14,1 0.001 1 0 6.0826 140 14,13 0.001 0 1 14,14 0.001 0 1 13,13 0.001 0 1 66.0221 365 ::f,0,0 f,1,12 f,12,0 f,13,14 
191:1,1 0.001 -1 0 1,2 0.001 -1 0 2,1 0.001 0 -1 104.018 395 2,14 0.001 -1 0 1,14 0.001 -1 -1 2,13 0.001 1 0 100.032 410 13,1 0.001 0 -1 14,2 0.001 -1 1 14,1 0.001 1 1 6.0826 140 14,13 0.001 0 1 14,14 0.001 -1 1 13,13 0.001 0 1 72.0222 380 ::f,0,0 f,1,12 f,12,0 f,12,12 
192:1,1 0.001 -1 -1 1,2 0.001 -1 -1 2,1 0.001 0 -1 104.018 395 2,14 0.001 -1 -1 1,14 0.001 0 -1 2,13 0.001 1 1 100.032 410 13,1 0.001 1 -1 14,2 0.001 -1 1 14,1 0.001 1 1 6.0826 140 14,13 0.001 0 1 14,14 0.001 -1 1 13,13 0.001 -1 1 72.0222 380 ::f,0,0 f,1,12 f,12,0 f,12,12 
193:1,1 0.001 -1 -1 1,2 0.001 -1 -1 2,1 0.001 1 -1 112.018 410 2,14 0.001 -1 -1 1,13 0.001 0 -1 2,13 0.001 1 1 100.033 410 13,1 0.001 1 -1 14,2 0.001 -1 0 14,1 0.001 0 1 6.0826 140 14,13 0.001 -1 1 14,14 0.001 -1 0 13,13 0.001 -1 1 72.0222 380 ::f,1,12 f,3,1 f,12,0 f,12,12 
194:1,1 0.001 0 -1 1,2 0.001 0 -1 2,1 0.001 1 -1 112.018 410 2,14 0.001 0 -1 1,13 0.001 0 -1 2,13 0.001 0 1 106.034 425 13,1 0.001 1 0 13,2 0.001 -1 0 14,2 0.001 0 1 6.0846 140 14,13 0.001 -1 1 13,14 0.001 -1 0 13,13 0.001 -1 0 72.0232 380 ::f,0,15 f,3,1 f,12,0 f,12,12 
195:1,1 0.001 0 -1 1,2 0.001 0 -1 2,1 0.001 1 0 112.018 410 2,14 0.001 0 -1 1,13 0.001 1 -1 2,13 0.001 0 1 106.034 425 14,1 0.001 1 0 13,2 0.001 -1 0 14,2 0.001 0 1 6.0856 140 14,13 0.001 -1 0 13,14 0.001 -1 0 13,13 0.001 -1 0 72.0232 380 ::f,0,15 f,3,1 f,12,0 f,12,12 
196:1,1 0.001 1 -1 1,2 0.001 0 -1 2,1 0.001 1 0 122.019 425 2,14 0.001 1 -1 1,13 0.001 1 -1 2,13 0.001 0 1 106.034 425 14,1 0.001 1 0 13,2 0.001 -1 -1 14,2 0.001 -1 1 6.0856 140 14,13 0.001 -1 0 13,14 0.001 -1 -1 13,13 0.001 -1 -1 72.0232 380 ::f,0,2 f,0,15 f,12,0 f,12,12 
197:1,1 0.001 1 -1 1,2 0.001 1 -1 2,1 0.001 1 1 122.019 425 2,14 0.001 1 -1 1,13 0.001 1 0 2,13 0.001 -1 1 106.034 425 14,1 0.001 1 1 13,2 0.001 -1 -1 14,2 0.001 -1 1 6.0856 140 14,13 0.001 -1 -1 13,14 0.001 -1 -1 13,13 0.001 -1 -1 79.0233 395 ::f,0,2 f,0,15 f,12,0 f,15,15 
198:1,1 0.001 1 0 1,2 0.001 1 -1 2,1 0.001 1 1 122.019 425 2,14 0.001 1 0 1,13 0.001 1 0 1,14 0.001 -1 1 106.035 425 14,1 0.001 1 1 13,2 0.001 0 -1 14,2 0.001 -1 0 6.0856 140 14,13 0.001 -1 -1 13,14 0.001 0 -1 13,13 0.001 0 -1 79.0233 395 ::f,0,2 f,0,15 f,12,0 f,15,15 
199:1,1 0.001 1 0 1,2 0.001 1 0 2,1 0.001 0 1 122.019 425 2,14 0.001 1 0 1,13 0.001 1 0 1,14 0.001 -1 1 116.035 440 14,1 0.001 0 1 13,1 0.001 0 -1 13,2 0.001 -1 0 6.0876 140 14,13 0.001 0 -1 13,14 0.001 0 -1 13,13 0.001 0 -1 79.0233 395 ::f,0,2 f,0,15 f,12,0 f,15,15 
200:1,1 0.001 1 0 1,2 0.001 1 0 2,2 0.001 0 1 122.02 425 2,14 0.001 1 1 1,13 0.001 1 1 1,14 0.001 -1 0 116.035 440 14,2 0.001 0 1 13,1 0.001 0 -1 13,2 0.001 -1 0 6.0886 140 14,13 0.001 0 -1 13,14 0.001 0 -1 13,13 0.001 1 -1 79.0233 395 ::f,0,2 f,0,15 f,12,0 f,15,15 
201:1,1 0.001 1 1 1,2 0.001 1 1 2,2 0.001 0 1 122.02 425 2,14 0.001 1 1 1,13 0.001 1 1 1,14 0.001 -1 0 116.035 440 14,2 0.001 0 1 13,1 0.001 1 -1 13,2 0.001 -1 -1 6.0886 140 14,13 0.001 1 -1 13,14 0.001 1 -1 13,13 0.001 1 -1 79.0233 395 ::f,0,2 f,0,15 f,12,0 f,15,15 
202:1,1 0.001 1 1 1,2 0.001 1 1 2,2 0.001 -1 1 122.02 425 2,14 0.001 0 1 1,13 0.001 0 1 1,14 0.001 -1 -1 116.035 440 14,2 0.001 -1 1 13,1 0.001 1 -1 13,2 0.001 -1 -1 6.0886 140 14,13 0.001 1 -1 13,14 0.001 1 -1 13,13 0.001 1 0 79.0233 395 ::f,0,2 f,0,15 f,12,0 f,15,15 
203:1,1 0.001 0 1 1,2 0.001 0 1 2,2 0.001 -1 1 122.02 425 2,14 0.001 0 1 1,13 0.001 0 1 1,14 0.001 -1 -1 116.035 440 14,2 0.001 -1 1 13,1 0.001 1 0 13,2 0.001 0 -1 6.0886 140 14,13 0.001 1 0 13,14 0.001 1 0 13,13 0.001 1 0 79.0233 395 ::f,0,2 f,0,15 f,12,0 f,15,15 
204:1,1 0.001 0 1 1,2 0.001 0 1 2,2 0.001 -1 0 122.02 425 2,14 0.001 -1 1 1,13 0.001 -1 1 1,14 0.001 0 -1 116.035 440 14,2 0.001 -1 0 14,1 0.001 1 0 13,1 0.001 0 -1 6.0906 140 14,13 0.001 1 0 13,14 0.001 1 0 13,13 0.001 1 0 79.0233 395 ::f,0,2 f,0,15 f,12,0 f,15,15 
205:1,1 0.001 -1 1 1,2 0.001 -1 1 2,2 0.001 -1 0 122.02 425 2,14 0.001 -1 1 1,13 0.001 -1 1 1,14 0.001 0 -1 116.035 440 13,2 0.001 -1 0 14,1 0.001 1 0 13,1 0.001 0 -1 6.0916 140 14,13 0.001 1 1 13,14 0.001 1 1 13,13 0.001 1 1 79.0233 395 ::f,0,2 f,0,15 f,12,0 f,15,15 
206:1,1 0.001 -1 1 1,2 0.001 -1 1 2,2 0.001 -1 0 131.02 440 2,14 0.001 -1 0 1,13 0.001 -1 0 1,14 0.001 0 -1 116.035 440 13,2 0.001 -1 0 14,1 0.001 1 1 13,1 0.001 1 -1 6.0916 140 14,13 0.001 1 1 13,14 0.001 1 1 14,14 0.001 1 1 79.0243 395 ::f,0,15 f,3,2 f,12,0 f,15,15 
207:1,1 0.001 -1 0 1,2 0.001 -1 0 2,2 0.001 -1 -1 131.02 440 2,14 0.001 -1 0 1,13 0.001 -1 0 1,14 0.001 1 -1 116.035 440 13,2 0.001 -1 -1 14,1 0.001 1 1 13,1 0.001 1 -1 6.0916 140 14,13 0.001 0 1 13,14 0.001 0 1 14,14 0.001 1 1 87.0244 410 ::f,0,15 f,3,2 f,12,0 f,15,13 
208:1,1 0.001 -1 0 1,2 0.001 -1 0 2,2 0.001 -1 -1 131.02 440 2,14 0.001 -1 0 1,13 0.001 -1 -1 1,14 0.001 1 -1 116.035 440 13,2 0.001 -1 -1 14,1 0.001 0 1 13,1 0.001 1 0 6.0916 140 14,13 0.001 0 1 13,14 0.001 0 1 14,14 0.001 0 1 87.0244 410 ::f,0,15 f,3,2 f,12,0 f,15,13 
209:1,1 0.001 -1 -1 1,2 0.001 -1 -1 2,2 0.001 0 -1 131.02 440 2,14 0.001 -1 -1 1,13 0.001 -1 -1 1,14 0.001 1 0 116.035 440 13,2 0.001 0 -1 14,2 0.001 0 1 14,1 0.001 1 0 6.0936 140 14,13 0.001 0 1 13,14 0.001 -1 1 14,14 0.001 0 1 87.0244 410 ::f,0,15 f,3,2 f,12,0 f,15,13 
210:1,1 0.001 -1 -1 1,2 0.001 -1 -1 2,2 0.001 0 -1 131.02 440 2,14 0.001 -1 -1 1,13 0.001 0 -1 1,14 0.001 1 0 116.035 440 13,1 0.001 0 -1 14,2 0.001 0 1 14,1 0.001 1 0 6.0946 140 14,13 0.001 -1 1 13,14 0.001 -1 1 14,14 0.001 -1 1 87.0244 410 ::f,0,15 f,3,2 f,12,0 f,15,13 
211:1,1 0.001 0 -1 1,2 0.001 0 -1 2,2 0.001 1 -1 131.02 440 2,14 0.001 0 -1 1,13 0.001 0 -1 1,14 0.001 1 1 116.035 440 13,1 0.001 0 -1 14,2 0.001 -1 1 14,1 0.001 1 1 6.0946 140 14,13 0.001 -1 1 13,14 0.001 -1 0 14,14 0.001 -1 1 87.0244 410 ::f,0,15 f,3,2 f,12,0 f,15,13 
212:1,1 0.001 0 -1 1,2 0.001 0 -1 2,2 0.001 1 -1 131.02 440 2,14 0.001 0 -1 1,13 0.001 1 -1 1,14 0.001 1 1 116.035 440 13,1 0.001 1 -1 14,2 0.001 -1 1 14,1 0.001 1 1 6.0946 140 14,13 0.001 -1 0 13,14 0.001 -1 0 14,14 0.001 -1 0 87.0244 410 ::f,0,15 f,3,2 f,12,0 f,15,13 
213:1,1 0.001 1 -1 1,2 0.001 0 -1 2,2 0.001 1 0 131.02 440 2,14 0.001 1 -1 1,13 0.001 1 -1 1,14 0.001 0 1 116.035 440 13,1 0.001 1 -1 14,2 0.001 -1 0 14,1 0.001 0 1 6.0946 140 14,13 0.001 -1 0 13,14 0.001 -1 -1 14,14 0.001 -1 0 87.0244 410 ::f,0,15 f,3,2 f,12,0 f,15,13 
214:1,1 0.001 1 -1 1,2 0.001 1 -1 2,2 0.001 1 0 141.02 455 2,14 0.001 1 -1 1,13 0.001 1 0 1,14 0.001 0 1 116.035 440 13,1 0.001 1 0 13,2 0.001 -1 0 14,2 0.001 0 1 6.0966 140 14,13 0.001 -1 -1 13,14 0.001 -1 -1 14,14 0.001 -1 0 87.0244 410 ::f,0,15 f,2,1 f,12,0 f,15,13 
215:1,1 0.001 1 0 1,2 0.001 1 -1 2,2 0.001 1 1 143.02 470 2,14 0.001 1 0 2,13 0.001 1 0 1,14 0.001 -1 1 116.036 440 14,1 0.001 1 0 13,2 0.001 -1 0 14,2 0.001 0 1 6.0976 140 14,13 0.001 -1 -1 13,14 0.001 0 -1 14,14 0.001 -1 -1 87.0244 410 ::f,0,15 f,3,3 f,12,0 f,15,13 
216:2,1 0.001 1 0 1,2 0.001 1 0 2,2 0.001 1 1 153.021 485 2,14 0.001 1 0 2,13 0.001 1 0 1,14 0.001 -1 1 126.036 455 14,1 0.001 1 0 13,2 0.001 -1 -1 14,2 0.001 -1 1 6.0976 140 14,13 0.001 0 -1 13,13 0.001 0 -1 14,14 0.001 -1 -1 87.0254 410 ::f,0,3 f,0,14 f,12,0 f,15,13 
217:2,1 0.001 1 0 1,2 0.001 1 0 2,2 0.001 0 1 153.021 485 2,14 0.001 1 1 2,13 0.001 1 1 1,14 0.001 -1 0 126.036 455 14,1 0.001 1 1 13,2 0.001 -1 -1 14,2 0.001 -1 1 6.0976 140 14,13 0.001 0 -1 13,13 0.001 0 -1 14,14 0.001 0 -1 87.0254 410 ::f,0,3 f,0,14 f,12,0 f,15,13 
218:2,1 0.001 1 1 1,2 0.001 1 1 2,2 0.001 0 1 153.021 485 2,14 0.001 1 1 2,13 0.001 1 1 1,14 0.001 -1 0 136.036 470 14,1 0.001 1 1 13,2 0.001 0 -1 14,2 0.001 -1 0 6.0976 140 14,13 0.001 1 -1 13,13 0.001 1 -1 14,14 0.001 0 -1 87.0254 410 ::f,0,3 f,0,13 f,12,0 f,15,13 
219:2,1 0.001 1 1 1,2 0.001 1 1 2,2 0.001 -1 1 153.021 485 2,14 0.001 0 1 2,13 0.001 0 1 1,14 0.001 -1 -1 136.036 470 14,1 0.001 0 1 13,1 0.001 0 -1 13,2 0.001 -1 0 6.0996 140 14,13 0.001 1 -1 13,13 0.001 1 -1 14,14 0.001 1 -1 87.0254 410 ::f,0,3 f,0,13 f,12,0 f,15,13 
220:2,1 0.001 0 1 1,2 0.001 0 1 2,2 0.001 -1 1 153.021 485 2,14 0.001 0 1 2,13 0.001 0 1 1,14 0.001 -1 -1 146.036 485 14,2 0.001 0 1 13,1 0.001 0 -1 13,2 0.001 -1 0 6.1006 140 14,13 0.001 1 0 13,13 0.001 1 0 14,14 0.001 1 -1 96.0255 425 ::f,0,3 f,3,14 f,12,0 f,15,13 
221:2,1 0.001 0 1 1,2 0.001 0 1 2,2 0.001 -1 0 153.021 485 2,14 0.001 -1 1 2,13 0.001 0 1 1,14 0.001 0 -1 146.036 485 14,2 0.001 0 1 13,1 0.001 1 -1 13,2 0.001 -1 -1 6.1006 140 14,13 0.001 1 0 13,13 0.001 1 0 14,14 0.001 1 0 105.026 440 ::f,0,3 f,3,14 f,12,0 f,15,12 
222:2,1 0.001 0 1 1,2 0.001 -1 1 2,2 0.001 -1 0 153.021 485 2,14 0.001 -1 1 2,13 0.001 -1 1 1,13 0.001 0 -1 146.037 485 14,2 0.001 -1 1 13,1 0.001 1 -1 13,2 0.001 -1 -1 6.1006 140 14,13 0.001 1 1 13,13 0.001 1 0 14,14 0.001 1 0 105.026 440 ::f,0,3 f,3,14 f,12,0 f,15,12 
223:2,1 0.001 -1 1 1,2 0.001 -1 1 2,2 0.001 -1 0 156.021 500 2,14 0.001 -1 0 2,13 0.001 -1 1 1,13 0.001 0 -1 146.037 485 14,2 0.001 -1 1 13,1 0.001 1 0 13,2 0.001 0 -1 6.1006 140 14,13 0.001 1 1 13,13 0.001 1 1 14,14 0.001 1 1 105.026 440 ::f,1,0 f,3,14 f,12,0 f,15,12 
224:2,1 0.001 -1 1 1,2 0.001 -1 0 2,2 0.001 -1 -1 156.021 500 1,14 0.001 -1 0 2,13 0.001 -1 0 1,13 0.001 1 -1 146.038 485 14,2 0.001 -1 0 14,1 0.001 1 0 13,1 0.001 0 -1 6.1026 140 14,13 0.001 0 1 13,13 0.001 1 1 14,14 0.001 1 1 105.026 440 ::f,1,0 f,3,14 f,12,0 f,15,12 
225:2,1 0.001 -1 0 1,2 0.001 -1 0 2,2 0.001 -1 -1 156.021 500 1,14 0.001 -1 0 2,13 0.001 -1 0 1,13 0.001 1 -1 146.038 485 13,2 0.001 -1 0 14,1 0.001 1 0 13,1 0.001 0 -1 6.1036 140 14,13 0.001 0 1 13,13 0.001 0 1 14,14 0.001 0 1 105.026 440 ::f,1,0 f,3,14 f,12,0 f,15,12 
226:2,1 0.001 -1 0 1,2 0.001 -1 -1 2,2 0.001 0 -1 156.021 500 1,14 0.001 -1 -1 2,13 0.001 -1 -1 1,13 0.001 1 0 146.038 485 13,2 0.001 -1 0 14,1 0.001 1 1 13,1 0.001 1 -1 6.1036 140 14,13 0.001 0 1 13,13 0.001 0 1 14,14 0.001 0 1 105.026 440 ::f,1,0 f,3,14 f,12,0 f,15,12 
227:2,1 0.001 -1 -1 1,2 0.001 -1 -1 2,2 0.001 0 -1 156.021 500 1,14 0.001 -1 -1 2,13 0.001 -1 -1 1,13 0.001 1 0 146.038 485 13,2 0.001 -1 -1 14,1 0.001 1 1 13,1 0.001 1 -1 6.1036 140 14,13 0.001 -1 1 13,13 0.001 -1 1 14,14 0.001 -1 1 105.026 440 ::f,1,0 f,3,14 f,12,0 f,15,12 
228:2,1 0.001 -1 -1 1,2 0.001 0 -1 2,2 0.001 1 -1 166.021 515 1,14 0.001 0 -1 2,13 0.001 0 -1 1,13 0.001 1 0 146.038 485 13,2 0.001 -1 -1 14,1 0.001 0 1 13,1 0.001 1 0 6.1036 140 14,13 0.001 -1 1 13,13 0.001 -1 1 14,14 0.001 -1 1 105.026 440 ::f,2,3 f,3,14 f,12,0 f,15,12 
229:2,1 0.001 0 -1 1,1 0.001 0 -1 2,2 0.001 1 -1 166.022 515 1,14 0.001 0 -1 2,13 0.001 0 -1 1,13 0.001 1 1 146.038 485 13,2 0.001 0 -1 14,2 0.001 0 1 14,1 0.001 1 0 6.1056 140 14,13 0.001 -1 0 13,13 0.001 -1 0 14,14 0.001 -1 0 105.026 440 ::f,2,3 f,3,14 f,12,0 f,15,12 
230:2,1 0.001 0 -1 1,1 0.001 0 -1 2,2 0.001 1 0 166.022 515 1,14 0.001 0 -1 2,13 0.001 1 -1 1,13 0.001 1 1 146.038 485 13,1 0.001 0 -1 14,2 0.001 0 1 14,1 0.001 1 0 6.1066 140 14,13 0.001 -1 0 13,13 0.001 -1 0 13,14 0.001 -1 0 105.027 440 ::f,2,3 f,3,14 f,12,0 f,15,12 
231:2,1 0.001 1 -1 1,1 0.001 1 -1 2,2 0.001 1 0 166.022 515 1,14 0.001 1 -1 2,13 0.001 1 -1 1,13 0.001 0 1 146.038 485 13,1 0.001 0 -1 14,2 0.001 -1 1 14,1 0.001 1 1 6.1066 140 14,13 0.001 -1 -1 13,13 0.001 -1 -1 13,14 0.001 -1 0 105.027 440 ::f,2,3 f,3,14 f,12,0 f,15,12 
232:2,1 0.001 1 -1 1,1 0.001 1 -1 2,2 0.001 1 1 166.022 515 1,14 0.001 1 -1 2,13 0.001 1 0 1,13 0.001 0 1 146.038 485 13,1 0.001 1 -1 14,2 0.001 -1 1 14,1 0.001 1 1 6.1066 140 14,13 0.001 -1 -1 13,13 0.001 -1 -1 13,14 0.001 -1 -1 105.027 440 ::f,2,3 f,3,14 f,12,0 f,15,12 
233:2,1 0.001 1 0 1,1 0.001 1 0 2,2 0.001 1 1 166.022 515 1,14 0.001 1 0 2,13 0.001 1 0 1,13 0.001 -1 1 146.038 485 13,1 0.001 1 -1 14,2 0.001 -1 0 14,1 0.001 0 1 6.1066 140 14,13 0.001 0 -1 13,13 0.001 0 -1 13,14 0.001 -1 -1 105.027 440 ::f,2,3 f,3,14 f,12,0 f,15,12 
234:2,1 0.001 1 0 1,1 0.001 1 0 2,2 0.001 0 1 166.022 515 2,14 0.001 1 0 2,13 0.001 1 1 1,13 0.001 -1 1 146.039 485 13,1 0.001 1 0 13,2 0.001 -1 0 14,2 0.001 0 1 6.1086 140 14,13 0.001 0 -1 13,13 0.001 0 -1 13,14 0.001 0 -1 105.027 440 ::f,2,3 f,3,14 f,12,0 f,15,12 
235:2,1 0.001 1 1 1,1 0.001 1 0 2,2 0.001 0 1 176.022 530 2,14 0.001 1 0 2,13 0.001 1 1 1,13 0.001 -1 0 151.039 500 14,1 0.001 1 0 13,2 0.001 -1 0 14,2 0.001 0 1 6.1096 140 14,13 0.001 1 -1 13,13 0.001 1 -1 13,14 0.001 0 -1 105.027 440 ::f,0,0 f,0,13 f,12,0 f,15,12 
236:2,1 0.001 1 1 1,1 0.001 1 1 2,2 0.001 -1 1 176.022 530 2,14 0.001 1 1 2,13 0.001 0 1 1,13 0.001 -1 0 161.039 515 14,1 0.001 1 0 13,2 0.001 -1 -1 14,2 0.001 -1 1 6.1096 140 14,13 0.001 1 -1 13,13 0.001 1 -1 13,14 0.001 0 -1 115.027 455 ::f,0,0 f,1,12 f,12,0 f,12,12 
237:2,1 0.001 0 1 1,1 0.001 1 1 2,2 0.001 -1 1 176.022 530 2,14 0.001 1 1 2,13 0.001 0 1 1,13 0.001 -1 -1 161.039 515 14,1 0.001 1 1 13,2 0.001 -1 -1 14,2 0.001 -1 1 6.1096 140 14,13 0.001 1 0 13,13 0.001 1 0 13,14 0.001 1 -1 115.027 455 ::f,0,0 f,1,12 f,12,0 f,12,12 
238:2,1 0.001 0 1 1,1 0.001 0 1 2,2 0.001 -1 0 176.022 530 2,14 0.001 0 1 2,13 0.001 0 1 1,13 0.001 -1 -1 161.039 515 14,1 0.001 1 1 13,2 0.001 0 -1 14,2 0.001 -1 0 6.1096 140 14,13 0.001 1 0 13,13 0.001 1 0 13,14 0.001 1 -1 115.027 455 ::f,0,0 f,1,12 f,12,0 f,12,12 
239:2,1 0.001 0 1 1,1 0.001 0 1 1,2 0.001 -1 0 176.023 530 2,14 0.001 0 1 2,13 0.001 -1 1 1,13 0.001 0 -1 161.039 515 14,1 0.001 0 1 13,1 0.001 0 -1 13,2 0.001 -1 0 6.1116 140 14,13 0.001 1 1 13,13 0.001 1 0 13,14 0.001 1 0 115.027 455 ::f,0,0 f,1,12 f,12,0 f,12,12 
240:2,1 0.001 -1 1 1,1 0.001 -1 1 1,2 0.001 -1 0 176.023 530 2,14 0.001 -1 1 2,13 0.001 -1 1 1,13 0.001 0 -1 171.039 530 14,2 0.001 0 1 13,1 0.001 0 -1 13,2 0.001 -1 0 6.1126 140 14,13 0.001 1 1 13,13 0.001 1 1 13,14 0.001 1 0 115.027 455 ::f,0,0 f,3,14 f,12,0 f,12,12 
241:2,1 0.001 -1 1 1,1 0.001 -1 1 1,2 0.001 -1 -1 176.023 530 2,14 0.001 -1 1 2,13 0.001 -1 0 1,13 0.001 1 -1 171.039 530 14,2 0.001 0 1 13,1 0.001 1 -1 13,2 0.001 -1 -1 6.1126 140 14,13 0.001 0 1 13,13 0.001 1 1 13,14 0.001 1 1 115.027 455 ::f,0,0 f,3,14 f,12,0 f,12,12 
242:2,1 0.001 -1 0 1,1 0.001 -1 0 1,2 0.001 -1 -1 176.023 530 2,14 0.001 -1 0 2,13 0.001 -1 0 1,13 0.001 1 -1 171.039 530 14,2 0.001 -1 1 13,1 0.001 1 -1 13,2 0.001 -1 -1 6.1126 140 14,14 0.001 0 1 13,13 0.001 0 1 13,14 0.001 1 1 115.028 455 ::f,0,0 f,3,14 f,12,0 f,12,12 
243:2,1 0.001 -1 0 1,1 0.001 -1 0 1,2 0.001 0 -1 176.023 530 1,14 0.001 -1 0 2,13 0.001 -1 -1 1,13 0.001 1 0 171.04 530 14,2 0.001 -1 1 13,1 0.001 1 0 13,2 0.001 0 -1 6.1126 140 14,14 0.001 0 1 13,13 0.001 0 1 13,14 0.001 0 1 115.028 455 ::f,0,0 f,3,14 f,12,0 f,12,12 
244:2,1 0.001 -1 -1 1,1 0.001 -1 -1 1,2 0.001 0 -1 176.023 530 1,14 0.001 -1 0 2,13 0.001 -1 -1 1,13 0.001 1 0 171.04 530 14,2 0.001 -1 0 14,1 0.001 1 0 13,1 0.001 0 -1 6.1146 140 14,14 0.001 -1 1 13,13 0.001 -1 1 13,14 0.001 0 1 115.028 455 ::f,0,0 f,3,14 f,12,0 f,12,12 
245:2,1 0.001 -1 -1 1,1 0.001 -1 -1 1,2 0.001 0 -1 180.023 545 1,14 0.001 -1 -1 2,13 0.001 0 -1 1,13 0.001 1 0 171.04 530 13,2 0.001 -1 0 14,1 0.001 1 0 13,1 0.001 0 -1 6.1156 140 14,14 0.001 -1 1 13,13 0.001 -1 1 13,14 0.001 -1 1 115.028 455 ::f,3,2 f,3,14 f,12,0 f,12,12 
246:2,1 0.001 0 -1 1,1 0.001 0 -1 1,2 0.001 1 -1 180.023 545 1,14 0.001 -1 -1 2,13 0.001 0 -1 1,13 0.001 1 1 171.04 530 13,2 0.001 -1 0 14,1 0.001 1 1 13,1 0.001 1 -1 6.1156 140 14,14 0.001 -1 0 13,13 0.001 -1 0 13,14 0.001 -1 1 115.028 455 ::f,3,2 f,3,14 f,12,0 f,12,12 
247:2,1 0.001 0 -1 1,1 0.001 0 -1 1,2 0.001 1 -1 180.023 545 1,14 0.001 0 -1 2,13 0.001 1 -1 1,13 0.001 1 1 171.04 530 13,2 0.001 -1 -1 14,1 0.001 1 1 13,1 0.001 1 -1 6.1156 140 14,14 0.001 -1 0 13,13 0.001 -1 0 13,14 0.001 -1 0 115.028 455 ::f,3,2 f,3,14 f,12,0 f,12,12 
248:2,1 0.001 1 -1 1,1 0.001 1 -1 1,2 0.001 1 0 180.023 545 1,14 0.001 0 -1 2,13 0.001 1 -1 1,13 0.001 0 1 171.04 530 13,2 0.001 -1 -1 14,1 0.001 0 1 13,1 0.001 1 0 6.1156 140 14,14 0.001 -1 0 13,13 0.001 -1 -1 13,14 0.001 -1 0 115.028 455 ::f,3,2 f,3,14 f,12,0 f,12,12 
249:2,1 0.001 1 -1 1,1 0.001 1 -1 2,2 0.001 1 0 180.024 545 1,14 0.001 0 -1 2,13 0.001 1 0 1,13 0.001 0 1 171.04 530 13,2 0.001 0 -1 14,2 0.001 0 1 14,1 0.001 1 0 6.1176 140 14,14 0.001 -1 -1 13,13 0.001 -1 -1 13,14 0.001 -1 -1 121.028 470 ::f,3,2 f,3,14 f,12,0 f,15,15 
250:2,1 0.001 1 0 1,1 0.001 1 0 2,2 0.001 1 0 190.024 560 1,14 0.001 1 -1 2,13 0.001 1 0 1,13 0.001 -1 1 171.04 530 13,1 0.001 0 -1 14,2 0.001 0 1 14,1 0.001 1 0 6.1186 140 14,14 0.001 -1 -1 13,13 0.001 0 -1 13,14 0.001 -1 -1 121.028 470 ::f,1,3 f,3,14 f,12,0 f,15,15 
251:2,1 0.001 1 0 1,1 0.001 1 0 2,2 0.001 1 1 190.024 560 1,14 0.001 1 -1 2,13 0.001 1 1 1,13 0.001 -1 1 171.04 530 13,1 0.001 0 -1 14,2 0.001 -1 1 14,1 0.001 1 1 6.1186 140 14,14 0.001 0 -1 13,13 0.001 0 -1 13,14 0.001 0 -1 121.028 470 ::f,1,3 f,3,14 f,12,0 f,15,15 
252:2,1 0.001 1 1 1,1 0.001 1 0 2,2 0.001 1 1 190.024 560 1,14 0.001 1 0 2,13 0.001 1 1 1,13 0.001 -1 0 178.04 545 13,1 0.001 1 -1 14,2 0.001 -1 1 14,1 0.001 1 1 6.1186 140 14,14 0.001 0 -1 13,13 0.001 1 -1 13,14 0.001 0 -1 121.028 470 ::f,1,3 f,1,15 f,12,0 f,15,15 
253:2,1 0.001 1 1 1,1 0.001 1 1 2,2 0.001 0 1 190.024 560 1,14 0.001 1 0 2,13 0.001 0 1 1,13 0.001 -1 0 178.04 545 13,1 0.001 1 -1 14,2 0.001 -1 0 14,1 0.001 0 1 6.1186 140 14,14 0.001 1 -1 13,13 0.001 1 -1 13,14 0.001 0 -1 121.028 470 ::f,1,3 f,1,15 f,12,0 f,15,15 
254:2,1 0.001 0 1 1,1 0.001 1 1 2,2 0.001 0 1 190.024 560 1,14 0.001 1 1 2,14 0.001 0 1 1,13 0.001 -1 -1 178.041 545 13,1 0.001 1 0 13,2 0.001 -1 0 14,2 0.001 0 1 6.1206 140 14,14 0.001 1 -1 13,13 0.001 1 0 13,14 0.001 1 -1 121.028 470 ::f,1,3 f,1,15 f,12,0 f,15,15 
255:2,1 0.001 0 1 1,1 0.001 0 1 2,2 0.001 -1 1 190.024 560 1,14 0.001 1 1 2,14 0.001 0 1 1,13 0.001 -1 -1 178.041 545 14,1 0.001 1 0 13,2 0.001 -1 0 14,2 0.001 0 1 6.1216 140 14,14 0.001 1 0 14,13 0.001 1 0 13,14 0.001 1 -1 121.029 470 ::f,1,3 f,1,15 f,12,0 f,15,15 
256:2,1 0.001 0 1 1,2 0.001 0 1 2,2 0.001 -1 1 200.026 575 1,14 0.001 0 1 2,14 0.001 -1 1 1,13 0.001 0 -1 178.041 545 14,1 0.001 1 0 13,2 0.001 -1 -1 14,2 0.001 -1 1 6.1216 140 14,14 0.001 1 0 14,13 0.001 1 0 13,14 0.001 1 0 121.029 470 ::f,0,2 f,1,15 f,12,0 f,15,15 
257:2,1 0.001 -1 1 1,2 0.001 0 1 2,2 0.001 -1 0 200.026 575 1,14 0.001 0 1 2,14 0.001 -1 1 1,13 0.001 0 -1 184.041 560 14,1 0.001 1 1 13,2 0.001 -1 -1 14,2 0.001 -1 1 6.1216 140 14,14 0.001 1 1 14,13 0.001 1 1 13,14 0.001 1 0 121.029 470 ::f,0,2 f,0,15 f,12,0 f,15,15 
258:2,1 0.001 -1 1 1,2 0.001 -1 1 2,2 0.001 -1 0 200.026 575 1,14 0.001 -1 1 2,14 0.001 -1 0 1,13 0.001 1 -1 184.041 560 14,1 0.001 1 1 13,2 0.001 0 -1 14,2 0.001 -1 0 6.1216 140 14,14 0.001 1 1 14,13 0.001 1 1 13,14 0.001 1 1 131.029 485 ::f,0,2 f,0,15 f,12,0 f,12,13 
259:2,1 0.001 -1 0 1,2 0.001 -1 1 2,2 0.001 -1 0 200.026 575 1,14 0.001 -1 1 2,14 0.001 -1 0 1,13 0.001 1 -1 191.042 575 14,1 0.001 0 1 13,1 0.001 0 -1 13,2 0.001 -1 0 6.1236 140 14,14 0.001 0 1 14,13 0.001 0 1 13,14 0.001 1 1 131.029 485 ::f,0,2 f,0,13 f,12,0 f,12,13 
260:2,1 0.001 -1 0 1,2 0.001 -1 0 2,2 0.001 -1 -1 200.026 575 1,14 0.001 -1 0 2,14 0.001 -1 0 1,13 0.001 1 0 191.042 575 14,2 0.001 0 1 13,1 0.001 0 -1 13,2 0.001 -1 0 6.1246 140 14,14 0.001 0 1 14,13 0.001 0 1 13,14 0.001 0 1 131.029 485 ::f,0,2 f,0,13 f,12,0 f,12,13 
261:2,1 0.001 -1 -1 1,2 0.001 -1 0 2,2 0.001 -1 -1 205.026 590 1,14 0.001 -1 0 2,14 0.001 -1 -1 2,13 0.001 1 0 191.043 575 14,2 0.001 0 1 13,1 0.001 1 -1 13,2 0.001 -1 -1 6.1246 140 14,14 0.001 -1 1 14,13 0.001 0 1 13,14 0.001 0 1 131.029 485 ::f,0,13 f,2,3 f,12,0 f,12,13 
262:2,1 0.001 -1 -1 1,2 0.001 -1 -1 2,2 0.001 0 -1 205.026 590 1,14 0.001 -1 -1 2,14 0.001 -1 -1 2,13 0.001 1 0 191.043 575 14,2 0.001 -1 1 13,1 0.001 1 -1 13,2 0.001 -1 -1 6.1246 140 14,14 0.001 -1 1 14,13 0.001 -1 1 13,14 0.001 -1 1 131.029 485 ::f,0,13 f,2,3 f,12,0 f,12,13 
263:2,1 0.001 0 -1 1,2 0.001 -1 -1 2,2 0.001 0 -1 205.026 590 1,14 0.001 -1 -1 2,14 0.001 0 -1 2,13 0.001 1 1 199.043 590 14,2 0.001 -1 1 13,1 0.001 1 0 13,2 0.001 0 -1 6.1246 140 14,14 0.001 -1 0 14,13 0.001 -1 1 13,14 0.001 -1 1 131.029 485 ::f,0,13 f,2,3 f,12,0 f,12,13 
264:2,1 0.001 0 -1 1,2 0.001 0 -1 2,2 0.001 1 -1 205.026 590 1,14 0.001 0 -1 2,14 0.001 0 -1 2,13 0.001 1 1 199.043 590 14,2 0.001 -1 0 14,1 0.001 1 0 13,1 0.001 0 -1 6.1266 140 14,14 0.001 -1 0 14,13 0.001 -1 0 13,14 0.001 -1 0 131.029 485 ::f,0,13 f,2,3 f,12,0 f,12,13 
265:2,1 0.001 1 -1 1,1 0.001 0 -1 2,2 0.001 1 -1 205.027 590 1,13 0.001 0 -1 2,14 0.001 1 -1 2,13 0.001 0 1 199.044 590 13,2 0.001 -1 0 14,1 0.001 1 0 13,1 0.001 0 -1 6.1276 140 14,14 0.001 -1 0 13,13 0.001 -1 0 13,14 0.001 -1 0 131.03 485 ::f,0,13 f,2,3 f,12,0 f,12,13 
266:2,1 0.001 1 -1 1,1 0.001 0 -1 2,2 0.001 1 0 205.027 590 1,13 0.001 0 -1 2,14 0.001 1 -1 2,13 0.001 0 1 199.044 590 13,2 0.001 -1 0 14,1 0.001 1 1 13,1 0.001 1 -1 6.1276 140 14,14 0.001 -1 -1 13,13 0.001 -1 0 13,14 0.001 -1 -1 138.03 500 ::f,0,13 f,2,3 f,12,0 f,12,12 
267:2,1 0.001 1 0 1,1 0.001 1 -1 2,2 0.001 1 0 205.027 590 1,13 0.001 1 -1 2,14 0.001 1 0 2,13 0.001 0 1 199.044 590 13,2 0.001 -1 -1 14,1 0.001 1 1 13,1 0.001 1 -1 6.1276 140 14,14 0.001 -1 -1 13,13 0.001 -1 -1 13,14 0.001 -1 -1 138.03 500 ::f,0,13 f,2,3 f,12,0 f,12,12 
268:2,1 0.001 1 0 1,1 0.001 1 -1 2,2 0.001 1 1 205.027 590 1,13 0.001 1 -1 2,14 0.001 1 0 2,13 0.001 -1 1 199.044 590 13,2 0.001 -1 -1 14,1 0.001 0 1 13,1 0.001 1 0 6.1276 140 14,14 0.001 -1 -1 13,13 0.001 -1 -1 13,14 0.001 0 -1 146.03 515 ::f,0,13 f,2,3 f,12,0 f,15,13 
269:2,1 0.001 1 1 1,1 0.001 1 0 2,2 0.001 1 1 205.027 590 1,13 0.001 1 0 2,14 0.001 1 1 2,13 0.001 -1 1 199.044 590 13,2 0.001 0 -1 14,2 0.001 0 1 14,1 0.001 1 0 6.1296 140 14,14 0.001 0 -1 13,13 0.001 0 -1 13,14 0.001 0 -1 146.03 515 ::f,0,13 f,2,3 f,12,0 f,15,13 
270:2,1 0.001 1 1 1,1 0.001 1 0 2,2 0.001 0 1 205.027 590 1,13 0.001 1 0 2,14 0.001 1 1 2,13 0.001 -1 0 199.044 590 13,1 0.001 0 -1 14,2 0.001 0 1 14,1 0.001 1 0 6.1306 140 14,14 0.001 1 -1 13,13 0.001 0 -1 13,14 0.001 0 -1 146.03 515 ::f,0,13 f,2,3 f,12,0 f,15,13 
271:2,1 0.001 0 1 1,1 0.001 1 0 2,2 0.001 0 1 215.027 605 1,13 0.001 1 0 2,14 0.001 0 1 2,13 0.001 -1 0 199.044 590 13,1 0.001 0 -1 14,2 0.001 -1 1 14,1 0.001 1 1 6.1306 140 14,14 0.001 1 -1 13,13 0.001 1 -1 13,14 0.001 1 -1 156.03 530 ::f,0,13 f,1,3 f,12,0 f,15,14 
272:2,1 0.001 0 1 1,1 0.001 1 1 2,2 0.001 -1 1 215.027 605 1,13 0.001 1 1 2,14 0.001 0 1 2,13 0.001 -1 0 199.044 590 13,1 0.001 1 -1 14,2 0.001 -1 1 14,1 0.001 1 1 6.1306 140 14,14 0.001 1 0 13,13 0.001 1 -1 13,14 0.001 1 -1 156.03 530 ::f,0,13 f,1,3 f,12,0 f,15,14 
273:2,1 0.001 0 1 1,1 0.001 1 1 2,2 0.001 -1 1 225.027 620 1,13 0.001 1 1 2,14 0.001 -1 1 2,13 0.001 -1 -1 199.044 590 13,1 0.001 1 -1 14,2 0.001 -1 0 14,1 0.001 0 1 6.1306 140 14,14 0.001 1 0 13,13 0.001 1 0 14,13 0.001 1 -1 166.031 545 ::f,0,13 f,2,0 f,12,0 f,15,12 
274:2,1 0.001 -1 1 1,1 0.001 0 1 2,2 0.001 -1 0 225.027 620 1,13 0.001 0 1 2,14 0.001 -1 1 2,13 0.001 -1 -1 199.044 590 13,1 0.001 1 0 13,2 0.001 -1 0 14,2 0.001 0 1 6.1326 140 14,14 0.001 1 1 13,13 0.001 1 0 14,13 0.001 1 -1 176.031 560 ::f,0,13 f,2,0 f,12,0 f,12,12 
275:2,1 0.001 -1 1 1,1 0.001 0 1 1,2 0.001 -1 0 225.028 620 1,13 0.001 0 1 2,14 0.001 -1 0 2,13 0.001 0 -1 199.044 590 14,1 0.001 1 0 13,2 0.001 -1 0 14,2 0.001 0 1 6.1336 140 14,14 0.001 1 1 13,13 0.001 1 0 14,13 0.001 1 0 176.031 560 ::f,0,13 f,2,0 f,12,0 f,12,12 
276:2,1 0.001 -1 0 1,1 0.001 -1 1 1,2 0.001 -1 0 225.028 620 1,13 0.001 -1 1 1,14 0.001 -1 0 2,13 0.001 0 -1 199.045 590 14,1 0.001 1 0 13,2 0.001 -1 -1 14,2 0.001 -1 1 6.1336 140 14,14 0.001 0 1 13,13 0.001 1 1 14,13 0.001 1 0 176.031 560 ::f,0,13 f,2,0 f,12,0 f,12,12 
277:2,1 0.001 -1 0 1,1 0.001 -1 1 1,2 0.001 -1 -1 225.028 620 1,13 0.001 -1 1 1,14 0.001 -1 0 2,13 0.001 1 -1 199.045 590 14,1 0.001 1 1 13,2 0.001 -1 -1 14,2 0.001 -1 1 6.1336 140 14,14 0.001 0 1 13,13 0.001 1 1 14,13 0.001 1 1 176.031 560 ::f,0,13 f,2,0 f,12,0 f,12,12 
278:2,1 0.001 -1 -1 1,1 0.001 -1 0 1,2 0.001 -1 -1 225.028 620 1,13 0.001 -1 0 1,14 0.001 -1 -1 2,13 0.001 1 -1 199.045 590 14,1 0.001 1 1 13,2 0.001 0 -1 14,2 0.001 -1 0 6.1336 140 14,14 0.001 -1 1 13,13 0.001 0 1 14,13 0.001 1 1 176.031 560 ::f,0,13 f,2,0 f,12,0 f,12,12 
279:2,1 0.001 -1 -1 1,1 0.001 -1 0 1,2 0.001 0 -1 225.028 620 1,13 0.001 -1 0 1,14 0.001 -1 -1 2,13 0.001 1 0 208.045 605 14,1 0.001 0 1 13,1 0.001 0 -1 13,2 0.001 -1 0 6.1356 140 14,14 0.001 -1 1 13,13 0.001 0 1 14,13 0.001 0 1 176.031 560 ::f,1,15 f,2,0 f,12,0 f,12,12 
280:2,1 0.001 0 -1 1,1 0.001 -1 -1 1,2 0.001 0 -1 225.028 620 1,13 0.001 -1 -1 1,14 0.001 0 -1 2,13 0.001 1 0 208.045 605 14,2 0.001 0 1 13,1 0.001 0 -1 13,2 0.001 -1 0 6.1366 140 14,14 0.001 -1 0 13,13 0.001 -1 1 14,13 0.001 0 1 176.031 560 ::f,1,15 f,2,0 f,12,0 f,12,12 
281:2,1 0.001 0 -1 1,1 0.001 -1 -1 1,2 0.001 0 -1 235.028 635 1,13 0.001 -1 -1 1,14 0.001 0 -1 2,13 0.001 1 1 208.045 605 14,2 0.001 0 1 13,1 0.001 1 -1 13,2 0.001 -1 -1 6.1366 140 13,14 0.001 -1 0 13,13 0.001 -1 1 14,13 0.001 0 1 176.032 560 ::f,1,15 f,3,3 f,12,0 f,12,12 
282:2,1 0.001 1 -1 1,1 0.001 0 -1 1,2 0.001 1 -1 235.028 635 1,13 0.001 0 -1 1,14 0.001 0 -1 2,13 0.001 1 1 208.045 605 14,2 0.001 -1 1 13,1 0.001 1 -1 13,2 0.001 -1 -1 6.1366 140 13,14 0.001 -1 0 13,13 0.001 -1 0 14,13 0.001 -1 1 176.032 560 ::f,1,15 f,3,3 f,12,0 f,12,12 
283:2,1 0.001 1 -1 1,1 0.001 0 -1 1,2 0.001 1 -1 235.028 635 1,13 0.001 0 -1 1,14 0.001 1 -1 2,13 0.001 0 1 208.045 605 14,2 0.001 -1 1 13,1 0.001 1 0 13,2 0.001 0 -1 6.1366 140 13,14 0.001 -1 -1 13,13 0.001 -1 0 14,13 0.001 -1 1 176.032 560 ::f,1,15 f,3,3 f,12,0 f,12,12 
284:2,1 0.001 1 0 1,1 0.001 1 -1 1,2 0.001 1 0 235.028 635 1,13 0.001 1 -1 1,14 0.001 1 -1 2,14 0.001 0 1 208.046 605 14,2 0.001 -1 0 14,1 0.001 1 0 13,1 0.001 0 -1 6.1386 140 13,14 0.001 -1 -1 13,13 0.001 -1 -1 14,13 0.001 -1 0 176.032 560 ::f,1,15 f,3,3 f,12,0 f,12,12 
285:2,1 0.001 1 0 1,1 0.001 1 -1 1,2 0.001 1 0 235.028 635 1,13 0.001 1 -1 1,14 0.001 1 0 2,14 0.001 0 1 208.046 605 13,2 0.001 -1 0 14,1 0.001 1 0 13,1 0.001 0 -1 6.1396 140 13,14 0.001 0 -1 13,13 0.001 -1 -1 14,13 0.001 -1 0 185.033 575 ::f,1,15 f,3,3 f,12,0 f,12,15 
286:2,1 0.001 1 1 1,1 0.001 1 0 1,2 0.001 1 1 235.028 635 1,13 0.001 1 0 1,14 0.001 1 0 2,14 0.001 -1 1 208.046 605 13,2 0.001 -1 0 14,1 0.001 1 1 13,1 0.001 1 -1 6.1396 140 13,14 0.001 0 -1 13,13 0.001 0 -1 14,13 0.001 -1 -1 185.033 575 ::f,1,15 f,3,3 f,12,0 f,12,15 
287:2,1 0.001 1 1 1,1 0.001 1 0 1,2 0.001 1 1 235.028 635 2,13 0.001 1 0 1,14 0.001 1 1 2,14 0.001 -1 1 218.047 620 13,2 0.001 -1 -1 14,1 0.001 1 1 13,1 0.001 1 -1 6.1396 140 13,14 0.001 0 -1 13,13 0.001 0 -1 14,13 0.001 -1 -1 185.033 575 ::f,2,12 f,3,3 f,12,0 f,12,15 
288:2,1 0.001 0 1 1,1 0.001 1 0 1,2 0.001 0 1 235.028 635 2,13 0.001 1 0 1,14 0.001 1 1 2,14 0.001 -1 0 218.047 620 13,2 0.001 -1 -1 14,1 0.001 0 1 13,1 0.001 1 0 6.1396 140 13,14 0.001 1 -1 13,13 0.001 1 -1 14,13 0.001 0 -1 185.033 575 ::f,2,12 f,3,3 f,12,0 f,12,15 
289:2,2 0.001 0 1 1,1 0.001 1 1 1,2 0.001 0 1 235.029 635 2,13 0.001 1 1 1,14 0.001 0 1 2,14 0.001 -1 0 218.047 620 13,2 0.001 0 -1 14,2 0.001 0 1 14,1 0.001 1 0 6.1416 140 13,14 0.001 1 -1 13,13 0.001 1 -1 14,13 0.001 0 -1 185.033 575 ::f,2,12 f,3,3 f,12,0 f,12,15 
290:2,2 0.001 0 1 1,1 0.001 1 1 1,2 0.001 -1 1 235.029 635 2,13 0.001 1 1 1,14 0.001 0 1 2,14 0.001 -1 0 218.047 620 13,1 0.001 0 -1 14,2 0.001 0 1 14,1 0.001 1 0 6.1426 140 13,14 0.001 1 0 13,13 0.001 1 0 14,13 0.001 1 -1 185.033 575 ::f,2,12 f,3,3 f,12,0 f,12,15 
291:2,2 0.001 -1 1 1,1 0.001 1 1 1,2 0.001 -1 1 235.029 635 2,13 0.001 0 1 1,14 0.001 -1 1 2,14 0.001 -1 -1 218.047 620 13,1 0.001 0 -1 14,2 0.001 -1 1 14,1 0.001 1 1 6.1426 140 13,14 0.001 1 0 13,13 0.001 1 0 14,13 0.001 1 -1 185.033 575 ::f,2,12 f,3,3 f,12,0 f,12,15 
292:2,2 0.001 -1 1 1,1 0.001 0 1 1,2 0.001 -1 0 235.029 635 2,13 0.001 0 1 1,14 0.001 -1 1 2,14 0.001 -1 -1 218.047 620 13,1 0.001 1 -1 14,2 0.001 -1 1 14,1 0.001 1 1 6.1426 140 13,14 0.001 1 1 13,13 0.001 1 0 14,13 0.001 1 0 185.033 575 ::f,2,12 f,3,3 f,12,0 f,12,15 
293:2,2 0.001 -1 0 1,1 0.001 0 1 1,2 0.001 -1 0 235.029 635 2,13 0.001 0 1 1,14 0.001 -1 0 2,14 0.001 0 -1 218.047 620 13,1 0.001 1 -1 14,2 0.001 -1 0 14,1 0.001 0 1 6.1426 140 13,14 0.001 1 1 13,13 0.001 1 1 14,13 0.001 1 0 185.033 575 ::f,2,12 f,3,3 f,12,0 f,12,15 
294:2,2 0.001 -1 0 1,1 0.001 -1 1 1,2 0.001 -1 -1 235.029 635 2,13 0.001 -1 1 1,14 0.001 -1 0 2,14 0.001 0 -1 218.047 620 13,1 0.001 1 0 13,2 0.001 -1 0 14,2 0.001 0 1 6.1446 140 13,14 0.001 0 1 13,13 0.001 1 1 14,13 0.001 1 1 185.033 575 ::f,2,12 f,3,3 f,12,0 f,12,15 
295:2,2 0.001 -1 0 1,1 0.001 -1 1 1,2 0.001 -1 -1 235.029 635 2,13 0.001 -1 1 1,14 0.001 -1 -1 2,14 0.001 0 -1 218.047 620 14,1 0.001 1 0 13,2 0.001 -1 0 14,2 0.001 0 1 6.1456 140 13,14 0.001 0 1 13,13 0.001 0 1 14,13 0.001 1 1 185.033 575 ::f,2,12 f,3,3 f,12,0 f,12,15 
296:2,2 0.001 -1 -1 1,1 0.001 -1 0 1,2 0.001 0 -1 235.029 635 2,13 0.001 -1 0 1,14 0.001 -1 -1 2,14 0.001 1 -1 218.047 620 14,1 0.001 1 0 13,2 0.001 -1 -1 14,2 0.001 -1 1 6.1456 140 13,14 0.001 -1 1 13,13 0.001 0 1 14,13 0.001 0 1 185.033 575 ::f,2,12 f,3,3 f,12,0 f,12,15 
297:2,2 0.001 -1 -1 1,1 0.001 -1 0 1,2 0.001 0 -1 235.029 635 2,13 0.001 -1 0 1,14 0.001 0 -1 2,14 0.001 1 -1 218.047 620 14,1 0.001 1 1 13,2 0.001 -1 -1 14,2 0.001 -1 1 6.1456 140 13,14 0.001 -1 1 13,13 0.001 -1 1 14,14 0.001 0 1 195.034 590 ::f,2,12 f,3,3 f,12,0 f,12,14 
298:2,2 0.001 0 -1 1,1 0.001 -1 -1 1,2 0.001 0 -1 235.029 635 2,13 0.001 -1 -1 1,13 0.001 0 -1 2,14 0.001 1 0 218.048 620 14,1 0.001 1 1 13,2 0.001 0 -1 14,2 0.001 -1 0 6.1456 140 13,14 0.001 -1 0 13,13 0.001 -1 1 14,14 0.001 0 1 205.034 605 ::f,2,12 f,3,3 f,12,0 f,12,13 
299:2,2 0.001 0 -1 1,1 0.001 -1 -1 1,2 0.001 1 -1 235.029 635 2,13 0.001 -1 -1 1,13 0.001 0 -1 2,14 0.001 1 0 218.048 620 14,1 0.001 0 1 13,1 0.001 0 -1 13,2 0.001 -1 0 6.1476 140 13,14 0.001 -1 0 13,13 0.001 -1 0 14,14 0.001 -1 1 205.034 605 ::f,2,12 f,3,3 f,12,0 f,12,13 
