16
0:1,2 0.002 -1 0 2,0 0.003 1 -1 0,2 0.002 -1 -1 0.001 46 2,15 0.001 0 1 2,14 0.003 1 1 1,14 0.002 1 0 0.003 50 15,3 0.001 0 1 12,2 0.003 -1 0 12,1 0.002 0 1 0.001 50 15,14 0.001 1 0 15,13 0.003 1 -1 13,15 0.002 0 1 0.001 50 :0,2 :f,0,13 f,3,0 f,12,3 f,14,13 
1:1,2 0.002 -1 0 2,0 0.001 1 -1 0,2 0.001 -1 -1 0.001 42 2,15 0.001 0 1 2,14 0.001 1 1 1,14 0.001 1 0 0.003 50 15,3 0.001 0 1 12,2 0.001 -1 0 12,1 0.001 0 1 0.001 50 15,14 0.001 1 0 15,13 0.001 1 -1 13,15 0.001 0 1 0.001 50 :0,2 :f,0,13 f,3,0 f,12,3 f,14,13 
2:1,2 0.002 -1 0 2,0 0.001 1 0 0,2 0.001 0 -1 0.001 38 2,15 0.001 -1 1 2,14 0.001 0 1 1,14 0.001 1 1 0.003 50 15,3 0.001 -1 1 12,2 0.001 -1 -1 12,1 0.001 -1 1 0.001 50 15,14 0.001 1 1 15,13 0.001 1 0 13,15 0.001 -1 1 0.001 50 :0,2 :f,0,13 f,3,0 f,12,3 f,14,13 
3:1,2 0.002 -1 0 2,0 0.001 1 0 0,2 0.001 0 -1 0.0011 49 2,15 0.001 -1 1 2,14 0.001 0 1 1,14 0.001 1 1 0.003 50 15,3 0.001 -1 1 12,2 0.001 -1 -1 12,1 0.001 -1 1 0.001 50 15,14 0.001 1 1 15,13 0.001 1 0 13,15 0.001 -1 1 0.001 50 :0,2 :f,0,13 f,1,0 f,12,3 f,14,13 
4:1,2 0.002 -1 0 2,0 0.001 1 1 0,2 0.001 1 -1 0.0011 45 2,15 0.001 -1 0 2,14 0.001 -1 1 1,14 0.001 0 1 0.003 50 15,3 0.001 -1 0 12,2 0.001 0 -1 12,1 0.001 -1 0 0.001 50 15,14 0.001 0 1 15,13 0.001 1 1 13,15 0.001 -1 0 0.001 50 :0,2 :f,0,13 f,1,0 f,12,3 f,14,13 
5:1,2 0.002 -1 0 2,0 0.001 1 1 0,2 0.001 1 -1 0.0011 41 2,15 0.001 -1 0 2,14 0.001 -1 1 1,14 0.001 0 1 0.003 50 15,3 0.001 -1 0 12,2 0.001 0 -1 12,1 0.001 -1 0 0.001 50 15,14 0.001 0 1 15,13 0.001 1 1 13,15 0.001 -1 0 0.001 50 :0,2 :f,0,13 f,1,0 f,12,3 f,14,13 
6:1,2 0.002 -1 0 2,0 0.001 0 1 0,2 0.001 1 0 0.0011 37 2,15 0.001 -1 -1 2,14 0.001 -1 0 1,14 0.001 -1 1 0.003 50 15,3 0.001 -1 -1 12,2 0.001 1 -1 12,1 0.001 -1 -1 0.001 50 15,14 0.001 -1 1 15,13 0.001 0 1 13,15 0.001 -1 -1 0.001 50 :0,2 :f,0,13 f,1,0 f,12,3 f,14,13 
7:1,2 0.002 -1 0 2,1 0.001 0 1 0,2 0.001 1 0 0.0021 33 2,15 0.001 -1 -1 2,14 0.001 -1 0 1,14 0.001 -1 1 0.003 50 15,3 0.001 -1 -1 12,2 0.001 1 -1 12,1 0.001 -1 -1 0.001 50 15,14 0.001 -1 1 15,13 0.001 0 1 13,15 0.001 -1 -1 0.001 50 :0,2 :f,0,13 f,1,0 f,12,3 f,14,13 
8:1,2 0.002 -1 0 2,1 0.001 0 1 0,2 0.001 1 1 0.0021 29 2,15 0.001 -1 -1 2,14 0.001 -1 0 1,14 0.001 -1 0 0.003 50 15,3 0.001 0 -1 12,2 0.001 1 0 12,1 0.001 0 -1 0.001 50 15,14 0.001 -1 0 15,13 0.001 0 1 13,15 0.001 0 -1 0.001 50 :0,2 :f,0,13 f,1,0 f,12,3 f,14,13 
9:1,2 0.002 -1 0 2,1 0.001 -1 1 0,2 0.001 1 1 0.0021 25 2,15 0.001 0 -1 2,14 0.001 -1 -1 1,14 0.001 -1 0 0.003 50 15,3 0.001 0 -1 12,2 0.001 1 0 12,1 0.001 0 -1 0.001 50 14,14 0.001 -1 0 15,13 0.001 -1 1 13,14 0.001 0 -1 0.003 50 :0,2 :f,0,13 f,1,0 f,12,3 f,14,13 
10:1,2 0.002 -1 0 2,1 0.001 -1 1 0,2 0.001 0 1 0.0021 21 2,15 0.001 0 -1 2,14 0.001 -1 -1 1,14 0.001 -1 -1 0.003 50 15,3 0.001 1 -1 12,2 0.001 1 1 12,1 0.001 1 -1 0.001 50 14,14 0.001 -1 0 15,13 0.001 -1 1 13,14 0.001 0 -1 0.003 50 :0,2 :f,0,13 f,1,0 f,12,3 f,14,13 
11:1,2 0.002 -1 0 2,1 0.001 -1 0 0,2 0.001 0 1 0.0021 17 2,15 0.001 1 -1 2,14 0.001 0 -1 1,14 0.001 -1 -1 0.0031 65 15,3 0.001 1 -1 12,2 0.001 1 1 12,1 0.001 1 -1 0.001 50 14,14 0.001 -1 -1 15,13 0.001 -1 0 13,14 0.001 1 -1 0.003 50 :0,2 :f,0,13 f,1,0 f,12,3 f,14,13 
12:1,2 0.002 -1 0 2,1 0.001 -1 0 0,2 0.001 -1 1 0.0021 13 2,15 0.001 1 -1 2,14 0.001 0 -1 1,14 0.001 0 -1 0.0031 65 15,3 0.001 1 0 12,2 0.001 0 1 12,1 0.001 1 0 0.001 50 14,14 0.001 -1 -1 15,13 0.001 -1 0 13,14 0.001 1 -1 0.0031 65 :0,2 :f,0,13 f,1,0 f,12,3 f,12,15 
13:1,2 0.002 -1 0 2,1 0.001 -1 -1 0,2 0.001 -1 1 0.0021 9 2,15 0.001 1 0 2,14 0.001 1 -1 1,13 0.001 0 -1 0.0041 65 15,3 0.001 1 0 12,2 0.001 0 1 13,1 0.001 1 0 0.0021 65 14,14 0.001 0 -1 15,13 0.001 -1 -1 13,14 0.001 1 0 0.0031 65 :0,2 :f,0,13 f,1,0 f,12,15 f,14,0 
14:1,2 0.002 -1 0 2,1 0.001 -1 -1 0,2 0.001 -1 0 1.0022 20 2,15 0.001 1 0 2,14 0.001 1 -1 1,13 0.001 0 -1 0.0041 65 15,3 0.001 1 1 12,2 0.001 -1 1 13,1 0.001 1 0 0.0021 65 14,14 0.001 0 -1 15,13 0.001 -1 -1 13,14 0.001 1 0 0.0031 65 :0,2 :f,0,13 f,1,0 f,12,15 f,14,0 
15:1,2 0.002 -1 0 2,1 0.001 0 -1 0,2 0.001 -1 0 1.0022 16 2,15 0.001 1 1 2,14 0.001 1 0 1,13 0.001 1 -1 0.0041 65 15,3 0.001 1 1 12,2 0.001 -1 1 13,1 0.001 1 1 0.0021 65 14,14 0.001 1 -1 15,13 0.001 0 -1 13,14 0.001 1 1 0.0031 65 :0,2 :f,0,13 f,1,0 f,12,15 f,14,0 
16:1,2 0.002 -1 0 2,1 0.001 0 -1 0,2 0.001 -1 -1 1.0022 12 2,15 0.001 1 1 2,14 0.001 1 0 1,13 0.001 1 -1 0.0041 65 15,3 0.001 0 1 12,2 0.001 -1 0 14,2 0.001 1 1 0.0031 65 14,14 0.001 1 -1 15,13 0.001 0 -1 13,14 0.001 1 1 0.0031 65 :0,2 :f,0,13 f,1,0 f,12,15 f,14,0 
17:1,2 0.002 -1 0 2,1 0.001 1 -1 0,2 0.001 -1 -1 1.0022 8 2,15 0.001 0 1 2,14 0.001 1 1 1,13 0.001 1 0 0.0041 65 15,3 0.001 0 1 12,2 0.001 -1 0 14,2 0.001 1 1 0.0031 65 14,14 0.001 1 0 15,13 0.001 1 -1 13,14 0.001 0 1 0.0031 65 :0,2 :f,0,13 f,1,0 f,12,15 f,14,0 
18:1,2 0.002 -1 0 2,1 0.001 1 -1 0,2 0.001 0 -1 1.0022 4 2,15 0.001 0 1 2,14 0.001 1 1 2,13 0.001 1 0 0.0051 65 15,3 0.001 -1 1 12,2 0.001 -1 -1 14,2 0.001 0 1 0.0031 65 14,14 0.001 1 0 15,13 0.001 1 -1 13,14 0.001 0 1 0.0031 65 :0,2 :f,0,13 f,1,0 f,12,15 f,14,0 
19:1,2 0.002 -1 0 2,1 0.001 1 0 0,1 0.001 0 -1 1.0032 0 2,15 0.001 -1 1 2,14 0.001 0 1 2,13 0.001 1 0 0.0051 65 15,3 0.001 -1 1 12,2 0.001 -1 -1 14,2 0.001 0 1 0.0031 65 14,14 0.001 1 1 15,13 0.001 1 0 13,14 0.001 -1 1 0.0031 65 :0,2 :f,0,13 f,1,0 f,12,15 f,14,0 
20:1,2 0.002 -1 0 2,1 0.001 1 0 0,0 0.001 0 -1 1.0042 0 2,15 0.001 -1 1 2,14 0.001 0 1 2,13 0.001 1 1 0.0051 65 15,3 0.001 -1 0 12,2 0.001 0 -1 14,2 0.001 -1 1 0.0031 65 14,14 0.001 1 1 15,13 0.001 1 0 13,14 0.001 -1 1 0.0032 80 ::f,0,13 f,1,0 f,14,0 f,15,15 
21:1,2 0.002 -1 0 2,1 0.001 1 1 0,0 0.001 0 -1 1.0042 0 2,15 0.001 -1 0 2,14 0.001 -1 1 2,13 0.001 1 1 0.0051 65 14,3 0.001 -1 0 12,1 0.001 0 -1 14,2 0.001 -1 1 0.0051 65 14,14 0.001 0 1 15,13 0.001 1 1 13,14 0.001 -1 0 0.0032 80 ::f,0,13 f,1,0 f,14,0 f,15,15 
22:1,2 0.002 -1 0 2,1 0.001 1 1 0,0 0.001 0 -1 1.0042 0 1,15 0.001 -1 0 2,14 0.001 -1 1 2,13 0.001 0 1 0.0061 65 14,3 0.001 -1 0 12,1 0.001 0 -1 14,2 0.001 -1 0 0.0051 65 14,14 0.001 0 1 15,13 0.001 1 1 13,14 0.001 -1 0 0.0032 80 ::f,0,13 f,1,0 f,14,0 f,15,15 
23:1,2 0.002 -1 0 2,1 0.001 0 1 0,0 0.001 0 -1 1.0042 0 1,15 0.001 -1 0 2,14 0.001 -1 0 2,13 0.001 0 1 0.0061 65 14,3 0.001 -1 -1 12,1 0.001 1 -1 13,2 0.001 -1 0 0.0061 65 14,14 0.001 -1 1 15,13 0.001 0 1 13,14 0.001 -1 -1 0.0032 80 ::f,0,13 f,1,0 f,14,0 f,15,15 
24:1,2 0.002 -1 0 2,2 0.001 0 1 0,0 0.001 0 -1 1.0052 0 1,15 0.001 -1 -1 1,14 0.001 -1 0 2,13 0.001 0 1 0.0071 65 14,3 0.001 -1 -1 12,1 0.001 1 -1 13,2 0.001 -1 0 0.0061 65 14,14 0.001 -1 1 15,14 0.001 0 1 13,14 0.001 -1 -1 0.0042 80 ::f,0,13 f,1,0 f,14,0 f,15,15 
25:1,2 0.002 -1 0 2,2 0.001 0 1 0,0 0.001 0 -1 1.0052 0 1,15 0.001 -1 -1 1,14 0.001 -1 0 2,13 0.001 -1 1 0.0071 65 14,3 0.001 -1 -1 12,1 0.001 1 0 13,2 0.001 -1 -1 0.0061 65 14,14 0.001 -1 0 15,14 0.001 0 1 13,14 0.001 0 -1 1.0043 95 ::f,0,13 f,1,0 f,12,15 f,14,0 
26:1,2 0.002 -1 0 2,2 0.001 -1 1 0,0 0.001 0 -1 1.0052 0 1,15 0.001 0 -1 1,14 0.001 -1 -1 2,13 0.001 -1 1 0.0071 65 14,3 0.001 0 -1 13,1 0.001 1 0 13,2 0.001 -1 -1 0.0071 65 14,14 0.001 -1 0 15,14 0.001 -1 1 13,13 0.001 0 -1 1.0053 95 ::f,0,13 f,1,0 f,12,15 f,14,0 
27:1,2 0.002 -1 0 2,2 0.001 -1 1 0,0 0.001 0 -1 1.0052 0 1,15 0.001 0 -1 1,14 0.001 -1 -1 2,13 0.001 -1 0 0.0072 80 14,3 0.001 0 -1 13,1 0.001 1 0 13,2 0.001 0 -1 0.0071 65 14,14 0.001 -1 0 15,14 0.001 -1 1 13,13 0.001 0 -1 1.0053 95 ::f,1,0 f,3,15 f,12,15 f,14,0 
28:1,2 0.002 -1 0 2,2 0.001 -1 0 0,0 0.001 0 -1 1.0052 0 1,15 0.001 0 -1 1,14 0.001 0 -1 2,13 0.001 -1 0 0.0072 80 14,3 0.001 1 -1 13,1 0.001 1 1 13,2 0.001 0 -1 0.0071 65 14,14 0.001 -1 -1 15,14 0.001 -1 0 13,13 0.001 1 -1 1.0053 95 ::f,1,0 f,3,15 f,12,15 f,14,0 
29:1,2 0.002 -1 0 2,2 0.001 -1 0 0,0 0.001 0 -1 1.0052 0 1,15 0.001 1 -1 1,13 0.001 0 -1 2,13 0.001 -1 -1 0.0082 80 14,3 0.001 1 -1 13,1 0.001 1 1 13,2 0.001 0 -1 0.0071 65 14,14 0.001 -1 -1 15,14 0.001 -1 0 13,13 0.001 1 -1 1.0053 95 ::f,1,0 f,3,15 f,12,15 f,14,0 
30:1,2 0.002 -1 0 2,2 0.001 -1 0 0,0 0.001 0 -1 1.0052 0 1,15 0.001 1 -1 1,13 0.001 0 -1 2,13 0.001 -1 -1 0.0082 80 14,3 0.001 1 0 13,1 0.001 0 1 13,2 0.001 1 -1 0.0071 65 14,14 0.001 0 -1 15,14 0.001 -1 0 13,13 0.001 1 0 1.0053 95 ::f,1,0 f,3,15 f,12,15 f,14,0 
31:1,2 0.002 -1 0 2,2 0.001 -1 -1 0,0 0.001 0 -1 1.0052 0 1,15 0.001 1 0 1,13 0.001 1 -1 2,13 0.001 0 -1 0.0082 80 14,3 0.001 1 0 13,1 0.001 0 1 13,2 0.001 1 -1 0.0071 65 14,14 0.001 0 -1 15,14 0.001 -1 -1 14,13 0.001 1 0 1.0063 95 ::f,1,0 f,3,15 f,12,15 f,14,0 
32:1,2 0.002 -1 0 1,1 0.001 -1 -1 0,0 0.001 0 -1 1.0062 0 2,15 0.001 1 0 1,13 0.001 1 -1 2,13 0.001 0 -1 0.0092 80 14,3 0.001 1 1 13,1 0.001 -1 1 13,2 0.001 1 0 0.0071 65 14,14 0.001 1 -1 15,14 0.001 -1 -1 14,13 0.001 1 0 1.0063 95 ::f,1,0 f,3,15 f,12,15 f,14,0 
33:1,2 0.002 -1 0 1,1 0.001 -1 -1 0,0 0.001 0 -1 1.0062 0 2,15 0.001 1 0 1,13 0.001 1 0 2,13 0.001 1 -1 0.0093 95 14,3 0.001 1 1 13,1 0.001 -1 1 13,2 0.001 1 0 0.0071 65 14,14 0.001 1 -1 15,14 0.001 0 -1 14,13 0.001 1 1 1.0063 95 ::f,0,13 f,1,0 f,12,15 f,14,0 
34:1,2 0.002 -1 0 1,1 0.001 0 -1 0,0 0.001 0 -1 1.0062 0 2,15 0.001 1 1 1,13 0.001 1 0 2,13 0.001 1 -1 0.0093 95 14,3 0.001 0 1 13,1 0.001 -1 0 13,2 0.001 1 1 0.0071 65 14,14 0.001 1 0 15,14 0.001 0 -1 14,13 0.001 1 1 1.0063 95 ::f,0,13 f,1,0 f,12,15 f,14,0 
35:1,2 0.002 -1 0 1,1 0.001 0 -1 0,0 0.001 0 -1 3.0063 15 2,15 0.001 1 1 1,13 0.001 1 0 2,13 0.001 1 0 0.0093 95 14,3 0.001 0 1 13,1 0.001 -1 0 13,2 0.001 1 1 0.0071 65 14,14 0.001 1 0 15,14 0.001 1 -1 14,13 0.001 0 1 1.0063 95 ::f,0,13 f,2,3 f,12,15 f,14,0 
36:1,2 0.002 -1 0 1,1 0.001 1 -1 0,0 0.001 0 -1 3.0063 11 2,15 0.001 0 1 1,13 0.001 1 1 2,13 0.001 1 0 0.0093 95 14,3 0.001 -1 1 13,1 0.001 -1 -1 13,2 0.001 0 1 0.0071 65 14,14 0.001 1 1 15,14 0.001 1 -1 14,13 0.001 0 1 1.0063 95 :0,2 :f,0,13 f,2,3 f,12,15 f,14,0 
37:1,2 0.002 -1 0 1,1 0.001 1 -1 0,0 0.001 1 -1 3.0063 7 2,15 0.001 0 1 1,13 0.001 1 1 2,13 0.001 1 1 0.0093 95 14,3 0.001 -1 1 13,1 0.001 -1 -1 13,2 0.001 0 1 0.0071 65 14,14 0.001 1 1 15,14 0.001 1 0 14,13 0.001 0 1 1.0063 95 :0,2 :f,0,13 f,2,3 f,12,15 f,14,0 
38:1,2 0.002 -1 0 1,1 0.001 1 0 0,0 0.001 1 -1 3.0063 3 2,15 0.001 -1 1 1,13 0.001 0 1 2,13 0.001 1 1 0.0093 95 14,3 0.001 -1 0 13,1 0.001 0 -1 13,2 0.001 -1 1 0.0071 65 14,14 0.001 0 1 15,14 0.001 1 0 14,13 0.001 -1 1 1.0063 95 :0,2 :f,0,13 f,2,3 f,12,15 f,14,0 
39:1,2 0.002 -1 0 2,1 0.001 1 0 0,0 0.001 1 -1 3.0073 3 2,15 0.001 -1 1 1,13 0.001 0 1 2,13 0.001 0 1 0.0093 95 13,3 0.001 -1 0 13,1 0.001 0 -1 13,2 0.001 -1 1 0.0081 65 14,14 0.001 0 1 15,14 0.001 1 1 13,14 0.001 -1 1 1.0073 95 ::f,0,13 f,2,3 f,12,15 f,14,0 
40:1,2 0.002 -1 0 2,1 0.001 1 0 0,0 0.001 1 -1 3.0073 3 2,15 0.001 -1 0 1,13 0.001 -1 1 2,14 0.001 0 1 0.0103 95 13,3 0.001 -1 0 13,1 0.001 1 -1 13,2 0.001 -1 0 0.0081 65 14,14 0.001 -1 1 15,14 0.001 1 1 13,14 0.001 -1 1 2.0074 110 ::f,0,13 f,2,3 f,13,13 f,14,0 
41:1,2 0.002 -1 0 2,1 0.001 1 1 0,0 0.001 1 -1 3.0073 3 1,15 0.001 -1 0 1,13 0.001 -1 1 2,14 0.001 0 1 0.0113 95 13,3 0.001 -1 -1 13,1 0.001 1 -1 13,2 0.001 -1 0 1.0082 80 14,14 0.001 -1 1 15,14 0.001 0 1 13,14 0.001 -1 0 2.0074 110 ::f,0,13 f,2,3 f,13,13 f,15,3 
42:1,2 0.002 -1 0 2,1 0.001 1 1 0,0 0.001 1 -1 3.0073 3 1,15 0.001 -1 0 1,13 0.001 -1 0 2,14 0.001 -1 1 0.0113 95 13,3 0.001 -1 -1 13,1 0.001 1 0 13,2 0.001 -1 -1 1.0082 80 14,14 0.001 -1 0 15,14 0.001 0 1 13,14 0.001 -1 0 2.0074 110 ::f,0,13 f,2,3 f,13,13 f,15,3 
43:1,2 0.002 -1 0 2,1 0.001 0 1 0,0 0.001 1 -1 3.0073 3 1,15 0.001 -1 -1 1,13 0.001 -1 0 2,14 0.001 -1 1 1.0114 110 13,3 0.001 0 -1 14,1 0.001 1 0 13,2 0.001 -1 -1 1.0092 80 14,14 0.001 -1 0 15,14 0.001 -1 1 13,14 0.001 -1 -1 2.0074 110 ::f,2,3 f,3,13 f,13,13 f,15,3 
44:1,2 0.002 -1 0 2,2 0.001 0 1 0,0 0.001 1 -1 3.0083 3 1,15 0.001 -1 -1 1,13 0.001 -1 -1 2,14 0.001 -1 0 1.0114 110 13,3 0.001 0 -1 14,1 0.001 1 0 13,2 0.001 0 -1 1.0092 80 14,14 0.001 -1 0 15,14 0.001 -1 1 13,14 0.001 -1 -1 2.0074 110 ::f,2,3 f,3,13 f,13,13 f,15,3 
45:1,2 0.002 -1 0 2,2 0.001 0 1 0,0 0.001 1 -1 6.0084 18 1,15 0.001 0 -1 1,13 0.001 -1 -1 1,14 0.001 -1 0 1.0124 110 13,3 0.001 0 -1 14,1 0.001 1 1 13,1 0.001 0 -1 1.0102 80 14,14 0.001 -1 -1 15,14 0.001 -1 0 13,14 0.001 0 -1 2.0074 110 ::f,0,3 f,3,13 f,13,13 f,15,3 
46:1,2 0.002 -1 0 2,2 0.001 -1 1 0,0 0.001 1 -1 6.0084 14 1,15 0.001 0 -1 1,13 0.001 0 -1 1,14 0.001 -1 0 1.0124 110 13,2 0.001 0 -1 14,1 0.001 1 1 13,1 0.001 0 -1 1.0112 80 14,14 0.001 -1 -1 15,14 0.001 -1 0 13,13 0.001 0 -1 2.0085 125 :0,2 :f,0,3 f,3,13 f,15,3 f,15,12 
47:1,2 0.002 -1 0 2,2 0.001 -1 1 0,0 0.001 1 0 6.0084 10 1,15 0.001 0 -1 1,13 0.001 0 -1 1,14 0.001 -1 -1 1.0124 110 13,2 0.001 0 -1 14,1 0.001 0 1 13,1 0.001 1 -1 1.0112 80 14,14 0.001 0 -1 15,14 0.001 -1 0 13,13 0.001 0 -1 2.0085 125 :0,2 :f,0,3 f,3,13 f,15,3 f,15,12 
48:1,2 0.002 -1 0 2,2 0.001 -1 0 1,0 0.001 1 0 6.0094 6 1,15 0.001 1 -1 1,13 0.001 1 -1 1,14 0.001 -1 -1 1.0124 110 13,2 0.001 1 -1 14,2 0.001 0 1 13,1 0.001 1 -1 1.0122 80 14,14 0.001 0 -1 15,14 0.001 -1 -1 13,13 0.001 1 -1 2.0085 125 :0,2 :f,0,3 f,3,13 f,15,3 f,15,12 
49:1,2 0.002 -1 0 2,2 0.001 -1 0 2,0 0.001 1 0 6.0104 2 1,15 0.001 1 -1 1,13 0.001 1 -1 1,14 0.001 0 -1 1.0124 110 13,2 0.001 1 -1 14,2 0.001 0 1 13,1 0.001 1 0 1.0122 80 14,14 0.001 1 -1 15,14 0.001 -1 -1 13,13 0.001 1 -1 2.0085 125 :0,2 :f,0,3 f,3,13 f,15,3 f,15,12 
50:1,2 0.002 -1 0 2,2 0.001 -1 0 3,0 0.001 1 0 6.0114 2 1,15 0.001 1 0 1,13 0.001 1 0 1,14 0.001 0 -1 1.0124 110 13,2 0.001 1 0 14,2 0.001 -1 1 14,1 0.001 1 0 1.0132 80 14,14 0.001 1 -1 15,14 0.001 0 -1 13,13 0.001 1 0 2.0085 125 ::f,0,3 f,3,13 f,15,3 f,15,12 
51:1,2 0.002 -1 0 2,2 0.001 -1 -1 3,0 0.001 1 0 6.0114 2 1,15 0.001 1 0 2,13 0.001 1 0 1,14 0.001 0 -1 1.0134 110 13,2 0.001 1 0 14,2 0.001 -1 1 14,1 0.001 1 0 1.0132 80 14,14 0.001 1 0 15,13 0.001 0 -1 14,13 0.001 1 0 2.0105 125 ::f,0,3 f,3,13 f,15,3 f,15,12 
52:1,2 0.002 -1 0 2,2 0.001 -1 -1 3,0 0.001 1 0 6.0114 2 1,15 0.001 1 1 2,13 0.001 1 0 1,14 0.001 1 -1 3.0135 125 13,2 0.001 1 1 14,2 0.001 -1 0 14,1 0.001 1 1 1.0132 80 14,14 0.001 1 0 15,13 0.001 0 -1 14,13 0.001 1 0 4.0106 140 ::f,0,3 f,3,12 f,12,15 f,15,3 
53:1,2 0.002 -1 0 2,2 0.001 0 -1 3,0 0.001 1 0 6.0114 2 1,15 0.001 1 1 2,13 0.001 1 1 1,14 0.001 1 -1 3.0135 125 13,2 0.001 1 1 14,2 0.001 -1 0 14,1 0.001 1 1 1.0132 80 14,14 0.001 1 1 15,13 0.001 1 -1 14,13 0.001 1 1 4.0106 140 ::f,0,3 f,3,12 f,12,15 f,15,3 
54:1,2 0.002 -1 0 2,2 0.001 0 -1 3,0 0.001 1 0 6.0114 2 1,15 0.001 0 1 2,13 0.001 1 1 1,14 0.001 1 -1 3.0135 125 13,2 0.001 0 1 14,2 0.001 -1 0 14,1 0.001 0 1 1.0132 80 14,14 0.001 1 1 15,13 0.001 1 -1 14,13 0.001 1 1 4.0106 140 ::f,0,3 f,3,12 f,12,15 f,15,3 
55:1,2 0.002 -1 0 2,2 0.001 1 -1 3,0 0.001 1 0 6.0114 2 1,15 0.001 0 1 2,13 0.001 0 1 1,14 0.001 1 0 3.0135 125 13,2 0.001 0 1 14,2 0.001 -1 -1 14,1 0.001 0 1 1.0132 80 14,14 0.001 0 1 15,13 0.001 1 0 14,13 0.001 0 1 4.0106 140 ::f,0,3 f,3,12 f,12,15 f,15,3 
56:1,2 0.002 -1 0 2,2 0.001 1 -1 3,0 0.001 1 0 6.0114 2 1,15 0.001 -1 1 2,14 0.001 0 1 1,14 0.001 1 0 3.0145 125 13,2 0.001 -1 1 14,2 0.001 -1 -1 14,1 0.001 0 1 1.0132 80 14,14 0.001 0 1 15,13 0.001 1 0 14,13 0.001 0 1 4.0106 140 ::f,0,3 f,3,12 f,12,15 f,15,3 
57:1,2 0.002 -1 0 2,2 0.001 1 0 3,0 0.001 1 0 6.0114 2 1,15 0.001 -1 1 2,14 0.001 0 1 1,14 0.001 1 1 3.0145 125 13,2 0.001 -1 1 14,2 0.001 0 -1 14,1 0.001 -1 1 1.0132 80 14,14 0.001 -1 1 15,13 0.001 1 1 14,13 0.001 0 1 4.0106 140 ::f,0,3 f,3,12 f,12,15 f,15,3 
58:1,2 0.002 -1 0 2,2 0.001 1 0 3,0 0.001 1 0 6.0114 2 1,15 0.001 -1 0 2,14 0.001 -1 1 1,14 0.001 1 1 3.0145 125 13,2 0.001 -1 0 14,2 0.001 0 -1 14,1 0.001 -1 1 1.0132 80 14,14 0.001 -1 1 15,13 0.001 1 1 14,13 0.001 -1 1 4.0106 140 ::f,0,3 f,3,12 f,12,15 f,15,3 
59:1,2 0.002 -1 0 2,2 0.001 1 1 3,0 0.001 1 0 6.0114 2 1,15 0.001 -1 0 2,14 0.001 -1 1 1,14 0.001 0 1 3.0145 125 13,2 0.001 -1 0 14,2 0.001 1 -1 14,1 0.001 -1 0 1.0132 80 14,14 0.001 -1 0 15,13 0.001 0 1 13,14 0.001 -1 1 4.0116 140 ::f,0,3 f,3,12 f,12,15 f,15,3 
60:1,2 0.002 -1 0 2,2 0.001 1 1 3,0 0.001 1 0 6.0114 2 1,15 0.001 -1 -1 2,14 0.001 -1 0 1,14 0.001 0 1 3.0145 125 13,2 0.001 -1 -1 14,2 0.001 1 -1 14,1 0.001 -1 0 1.0132 80 14,14 0.001 -1 0 15,14 0.001 0 1 13,14 0.001 -1 1 6.0127 155 ::f,0,3 f,3,12 f,14,13 f,15,3 
61:1,2 0.002 -1 0 2,2 0.001 0 1 3,0 0.001 1 0 6.0114 2 1,15 0.001 -1 -1 2,14 0.001 -1 0 1,14 0.001 -1 1 3.0145 125 13,2 0.001 -1 -1 14,2 0.001 1 0 14,1 0.001 -1 -1 1.0132 80 14,14 0.001 -1 0 15,14 0.001 0 1 13,14 0.001 -1 0 6.0127 155 ::f,0,3 f,3,12 f,14,13 f,15,3 
62:1,2 0.002 -1 0 2,2 0.001 0 1 3,0 0.001 1 0 6.0114 2 1,15 0.001 0 -1 2,14 0.001 -1 0 1,14 0.001 -1 1 3.0145 125 13,2 0.001 0 -1 14,2 0.001 1 0 14,1 0.001 -1 -1 1.0132 80 14,14 0.001 -1 -1 15,14 0.001 -1 1 13,14 0.001 -1 0 6.0127 155 ::f,0,3 f,3,12 f,14,13 f,15,3 
63:1,2 0.002 -1 0 2,2 0.001 -1 1 3,0 0.001 1 0 6.0114 2 1,15 0.001 0 -1 2,14 0.001 -1 -1 1,14 0.001 -1 0 3.0145 125 13,1 0.001 0 -1 14,2 0.001 1 1 14,1 0.001 0 -1 1.0142 80 14,14 0.001 -1 -1 15,14 0.001 -1 1 13,14 0.001 -1 -1 6.0127 155 ::f,0,3 f,3,12 f,14,13 f,15,3 
64:1,2 0.002 -1 0 2,2 0.001 -1 1 3,0 0.001 1 0 6.0114 2 1,15 0.001 0 -1 2,14 0.001 -1 -1 1,14 0.001 -1 0 3.0145 125 13,1 0.001 0 -1 14,2 0.001 1 1 14,1 0.001 0 -1 3.0143 95 14,14 0.001 0 -1 15,14 0.001 -1 0 13,14 0.001 -1 -1 6.0127 155 ::f,0,3 f,3,12 f,14,13 f,15,2 
65:1,2 0.002 -1 0 2,2 0.001 -1 0 3,0 0.001 1 0 6.0114 2 1,15 0.001 1 -1 2,14 0.001 0 -1 1,14 0.001 -1 -1 3.0145 125 13,1 0.001 1 -1 14,2 0.001 0 1 14,1 0.001 1 -1 3.0143 95 14,14 0.001 0 -1 15,14 0.001 -1 0 13,14 0.001 0 -1 7.0128 170 ::f,0,3 f,3,12 f,12,12 f,15,2 
66:1,2 0.002 -1 0 2,2 0.001 -1 0 3,0 0.001 1 0 6.0114 2 1,15 0.001 1 -1 2,14 0.001 0 -1 1,14 0.001 -1 -1 3.0145 125 13,1 0.001 1 -1 14,2 0.001 0 1 14,1 0.001 1 -1 3.0143 95 14,14 0.001 1 -1 15,14 0.001 -1 0 13,13 0.001 0 -1 7.0138 170 ::f,0,3 f,3,12 f,12,12 f,15,2 
67:1,2 0.002 -1 0 2,2 0.001 -1 0 3,0 0.001 1 0 6.0114 2 1,15 0.001 1 0 2,14 0.001 1 -1 1,14 0.001 0 -1 3.0145 125 13,1 0.001 1 0 14,2 0.001 -1 1 14,1 0.001 1 0 3.0143 95 14,14 0.001 1 -1 15,14 0.001 -1 -1 13,13 0.001 0 -1 7.0138 170 ::f,0,3 f,3,12 f,12,12 f,15,2 
68:1,2 0.002 -1 0 2,2 0.001 -1 -1 3,0 0.001 1 0 6.0114 2 1,15 0.001 1 0 2,14 0.001 1 -1 1,13 0.001 0 -1 3.0155 125 13,1 0.001 1 0 14,2 0.001 -1 1 14,1 0.001 1 0 3.0143 95 14,14 0.001 1 0 15,14 0.001 0 -1 13,13 0.001 1 -1 7.0138 170 ::f,0,3 f,3,12 f,12,12 f,15,2 
69:1,2 0.002 -1 0 2,2 0.001 -1 -1 3,0 0.001 1 0 6.0114 2 1,15 0.001 1 1 2,14 0.001 1 0 1,13 0.001 0 -1 3.0155 125 13,1 0.001 1 0 14,2 0.001 -1 0 14,1 0.001 1 1 3.0143 95 14,14 0.001 1 0 15,14 0.001 0 -1 13,13 0.001 1 -1 7.0138 170 ::f,0,3 f,3,12 f,12,12 f,15,2 
70:1,2 0.002 -1 0 2,2 0.001 0 -1 3,0 0.001 1 0 6.0114 2 1,15 0.001 1 1 2,14 0.001 1 0 1,13 0.001 1 -1 3.0155 125 13,1 0.001 1 1 13,2 0.001 -1 0 14,1 0.001 1 1 3.0154 110 14,14 0.001 1 1 15,14 0.001 1 -1 13,13 0.001 1 0 7.0138 170 ::f,0,3 f,3,12 f,12,12 f,13,0 
71:1,2 0.002 -1 0 2,2 0.001 0 -1 3,0 0.001 1 0 6.0114 2 1,15 0.001 0 1 2,14 0.001 1 1 1,13 0.001 1 -1 3.0155 125 13,1 0.001 1 1 13,2 0.001 -1 0 14,1 0.001 0 1 3.0154 110 14,14 0.001 1 1 15,14 0.001 1 -1 14,13 0.001 1 0 7.0148 170 ::f,0,3 f,3,12 f,12,12 f,13,0 
72:1,2 0.002 -1 0 2,2 0.001 1 -1 3,0 0.001 1 0 6.0114 2 1,15 0.001 0 1 2,14 0.001 1 1 1,13 0.001 1 0 3.0155 125 13,1 0.001 0 1 13,2 0.001 -1 -1 14,2 0.001 0 1 3.0164 110 14,14 0.001 0 1 15,14 0.001 1 0 14,13 0.001 1 0 7.0148 170 ::f,0,3 f,3,12 f,12,12 f,13,0 
73:1,2 0.002 -1 0 2,2 0.001 1 -1 3,0 0.001 1 0 6.0114 2 1,15 0.001 -1 1 2,14 0.001 0 1 2,13 0.001 1 0 3.0165 125 13,1 0.001 0 1 13,2 0.001 -1 -1 14,2 0.001 0 1 3.0164 110 14,14 0.001 0 1 15,14 0.001 1 0 14,13 0.001 1 1 7.0148 170 ::f,0,3 f,3,12 f,12,12 f,13,0 
74:1,2 0.002 -1 0 2,2 0.001 1 0 3,0 0.001 1 0 6.0114 2 1,15 0.001 -1 1 2,14 0.001 0 1 2,13 0.001 1 0 3.0165 125 13,1 0.001 -1 1 13,2 0.001 0 -1 14,2 0.001 -1 1 3.0164 110 14,14 0.001 -1 1 15,14 0.001 1 1 14,13 0.001 1 1 7.0148 170 ::f,0,3 f,3,12 f,12,12 f,13,0 
75:1,2 0.002 -1 0 2,2 0.001 1 0 3,0 0.001 1 0 6.0114 2 1,15 0.001 -1 0 2,14 0.001 -1 1 2,13 0.001 1 1 3.0165 125 13,1 0.001 -1 1 13,2 0.001 0 -1 14,2 0.001 -1 1 3.0164 110 14,14 0.001 -1 1 15,14 0.001 1 1 14,13 0.001 0 1 7.0148 170 ::f,0,3 f,3,12 f,12,12 f,13,0 
76:1,2 0.002 -1 0 2,2 0.001 1 1 3,0 0.001 1 0 6.0114 2 1,15 0.001 -1 0 2,14 0.001 -1 1 2,13 0.001 1 1 3.0165 125 13,1 0.001 -1 0 13,2 0.001 0 -1 14,2 0.001 -1 0 3.0164 110 14,14 0.001 -1 0 15,14 0.001 0 1 14,13 0.001 0 1 7.0148 170 ::f,0,3 f,3,12 f,12,12 f,13,0 
77:1,2 0.002 -1 0 2,2 0.001 1 1 3,0 0.001 1 0 6.0114 2 1,15 0.001 -1 -1 2,14 0.001 -1 0 2,13 0.001 0 1 3.0165 125 13,1 0.001 -1 0 13,2 0.001 1 -1 14,2 0.001 -1 0 3.0164 110 13,14 0.001 -1 0 15,14 0.001 0 1 14,13 0.001 0 1 7.0158 170 ::f,0,3 f,3,12 f,12,12 f,13,0 
78:1,2 0.002 -1 0 2,2 0.001 0 1 3,0 0.001 1 0 6.0114 2 1,15 0.001 -1 -1 1,14 0.001 -1 0 2,14 0.001 0 1 3.0185 125 13,1 0.001 -1 -1 13,2 0.001 1 -1 14,2 0.001 -1 0 3.0164 110 13,14 0.001 -1 0 15,14 0.001 -1 1 14,13 0.001 -1 1 7.0158 170 ::f,0,3 f,3,12 f,12,12 f,13,0 
79:1,2 0.002 -1 0 2,2 0.001 0 1 3,0 0.001 1 0 6.0114 2 1,15 0.001 0 -1 1,14 0.001 -1 0 2,14 0.001 0 1 3.0185 125 13,1 0.001 -1 -1 13,2 0.001 1 0 14,2 0.001 -1 -1 3.0164 110 13,14 0.001 -1 -1 15,14 0.001 -1 1 14,13 0.001 -1 1 7.0158 170 ::f,0,3 f,3,12 f,12,12 f,13,0 
80:1,2 0.002 -1 0 2,2 0.001 -1 1 3,0 0.001 1 0 6.0114 2 1,15 0.001 0 -1 1,14 0.001 -1 -1 2,14 0.001 -1 1 3.0185 125 13,1 0.001 0 -1 13,2 0.001 1 0 14,2 0.001 -1 -1 3.0164 110 13,14 0.001 -1 -1 15,14 0.001 -1 0 14,13 0.001 -1 0 7.0158 170 ::f,0,3 f,3,12 f,12,12 f,13,0 
81:1,2 0.002 -1 0 2,2 0.001 -1 1 3,0 0.001 1 0 6.0114 2 1,15 0.001 0 -1 1,14 0.001 -1 -1 2,14 0.001 -1 1 3.0185 125 13,1 0.001 0 -1 13,2 0.001 1 1 14,2 0.001 0 -1 3.0165 125 13,14 0.001 0 -1 14,14 0.001 -1 0 14,13 0.001 -1 0 7.0168 170 ::f,0,3 f,3,12 f,12,12 f,14,1 
82:1,2 0.002 -1 0 2,2 0.001 -1 0 3,0 0.001 1 0 6.0114 2 1,15 0.001 1 -1 1,14 0.001 0 -1 2,14 0.001 -1 0 3.0185 125 13,1 0.001 1 -1 13,2 0.001 1 1 14,2 0.001 0 -1 4.0166 140 13,13 0.001 0 -1 14,14 0.001 -1 0 14,13 0.001 -1 -1 7.0178 170 ::f,0,3 f,3,12 f,12,1 f,12,12 
83:1,2 0.002 -1 0 2,2 0.001 -1 0 3,0 0.001 1 0 6.0114 2 1,15 0.001 1 -1 1,13 0.001 0 -1 1,14 0.001 -1 0 3.0205 125 13,1 0.001 1 -1 13,2 0.001 0 1 14,2 0.001 1 -1 4.0166 140 13,13 0.001 0 -1 14,14 0.001 -1 -1 14,13 0.001 -1 -1 7.0178 170 ::f,0,3 f,3,12 f,12,1 f,12,12 
84:1,2 0.002 -1 0 2,2 0.001 -1 0 3,0 0.001 1 0 6.0114 2 1,15 0.001 1 0 1,13 0.001 0 -1 1,14 0.001 -1 0 3.0205 125 13,1 0.001 1 0 13,2 0.001 0 1 14,2 0.001 1 -1 4.0166 140 13,13 0.001 1 -1 14,14 0.001 -1 -1 14,13 0.001 0 -1 7.0178 170 ::f,0,3 f,3,12 f,12,1 f,12,12 
85:1,2 0.002 -1 0 2,2 0.001 -1 -1 3,0 0.001 1 0 6.0114 2 1,15 0.001 1 0 1,13 0.001 1 -1 1,14 0.001 -1 -1 3.0205 125 14,1 0.001 1 0 13,2 0.001 -1 1 14,2 0.001 1 0 4.0176 140 13,13 0.001 1 -1 14,14 0.001 -1 -1 14,13 0.001 0 -1 7.0178 170 ::f,0,3 f,3,12 f,12,1 f,12,12 
86:1,2 0.002 -1 0 2,2 0.001 -1 -1 3,0 0.001 1 0 6.0114 2 1,15 0.001 1 1 1,13 0.001 1 -1 1,14 0.001 -1 -1 3.0205 125 14,1 0.001 1 0 13,2 0.001 -1 1 14,2 0.001 1 0 4.0176 140 13,13 0.001 1 0 14,14 0.001 0 -1 14,13 0.001 1 -1 7.0178 170 ::f,0,3 f,3,12 f,12,1 f,12,12 
87:1,2 0.002 -1 0 2,2 0.001 0 -1 3,0 0.001 1 0 6.0114 2 1,15 0.001 1 1 1,13 0.001 1 0 1,14 0.001 0 -1 3.0205 125 14,1 0.001 1 1 13,2 0.001 -1 0 14,2 0.001 1 1 4.0176 140 13,13 0.001 1 0 14,14 0.001 0 -1 14,13 0.001 1 -1 7.0178 170 ::f,0,3 f,3,12 f,12,1 f,12,12 
88:1,2 0.002 -1 0 2,2 0.001 0 -1 3,0 0.001 1 0 6.0114 2 1,15 0.001 0 1 2,13 0.001 1 0 1,13 0.001 0 -1 3.0225 125 14,1 0.001 1 1 13,2 0.001 -1 0 14,2 0.001 1 1 4.0176 140 13,13 0.001 1 0 14,14 0.001 1 -1 14,13 0.001 1 0 7.0178 170 ::f,0,3 f,3,12 f,12,1 f,12,12 
89:1,2 0.002 -1 0 2,2 0.001 1 -1 3,0 0.001 1 0 6.0114 2 1,15 0.001 0 1 2,13 0.001 1 0 1,13 0.001 0 -1 3.0225 125 14,1 0.001 0 1 13,2 0.001 -1 -1 14,2 0.001 0 1 4.0176 140 13,13 0.001 1 1 14,14 0.001 1 -1 14,13 0.001 1 0 7.0178 170 ::f,0,3 f,3,12 f,12,1 f,12,12 
90:1,2 0.002 -1 0 2,2 0.001 1 -1 3,0 0.001 1 0 6.0114 2 1,15 0.001 -1 1 2,13 0.001 1 1 1,13 0.001 1 -1 3.0225 125 14,1 0.001 0 1 13,2 0.001 -1 -1 14,2 0.001 0 1 7.0177 155 13,13 0.001 1 1 14,14 0.001 1 0 14,13 0.001 1 1 7.0178 170 ::f,0,3 f,3,12 f,12,3 f,12,12 
91:1,2 0.002 -1 0 2,2 0.001 1 0 3,0 0.001 1 0 6.0114 2 1,15 0.001 -1 1 2,13 0.001 1 1 1,13 0.001 1 -1 3.0225 125 14,1 0.001 0 1 13,2 0.001 0 -1 14,2 0.001 -1 1 7.0177 155 13,13 0.001 0 1 14,14 0.001 1 0 14,13 0.001 1 1 7.0178 170 ::f,0,3 f,3,12 f,12,3 f,12,12 
92:1,2 0.002 -1 0 2,2 0.001 1 0 3,0 0.001 1 0 6.0114 2 1,15 0.001 -1 0 2,13 0.001 0 1 1,13 0.001 1 0 3.0225 125 14,1 0.001 -1 1 13,1 0.001 0 -1 14,2 0.001 -1 1 7.0187 155 13,13 0.001 0 1 14,14 0.001 1 1 14,13 0.001 0 1 7.0178 170 ::f,0,3 f,3,12 f,12,3 f,12,12 
93:1,2 0.002 -1 0 2,2 0.001 1 1 3,0 0.001 1 0 6.0114 2 1,15 0.001 -1 0 2,14 0.001 0 1 2,13 0.001 1 0 3.0245 125 13,2 0.001 -1 1 13,1 0.001 0 -1 14,2 0.001 -1 0 7.0197 155 13,13 0.001 -1 1 14,14 0.001 1 1 14,13 0.001 0 1 7.0178 170 ::f,0,3 f,3,12 f,12,3 f,12,12 
94:1,2 0.002 -1 0 2,2 0.001 1 1 3,0 0.001 1 0 6.0114 2 1,15 0.001 -1 -1 2,14 0.001 0 1 2,13 0.001 1 0 3.0245 125 13,2 0.001 -1 1 13,1 0.001 1 -1 14,2 0.001 -1 0 8.0198 170 13,13 0.001 -1 1 14,14 0.001 0 1 14,13 0.001 0 1 7.0178 170 ::f,0,3 f,3,12 f,12,12 f,15,0 
95:1,2 0.002 -1 0 2,2 0.001 0 1 3,0 0.001 1 0 6.0114 2 1,15 0.001 -1 -1 2,14 0.001 -1 1 2,13 0.001 1 1 3.0245 125 13,2 0.001 -1 0 13,1 0.001 1 -1 14,2 0.001 -1 0 8.0198 170 13,13 0.001 -1 0 14,14 0.001 0 1 14,13 0.001 -1 1 7.0178 170 ::f,0,3 f,3,12 f,12,12 f,15,0 
96:1,2 0.002 -1 0 2,2 0.001 0 1 3,0 0.001 1 0 6.0114 2 1,15 0.001 0 -1 2,14 0.001 -1 1 2,13 0.001 1 1 3.0245 125 13,2 0.001 -1 0 13,1 0.001 1 0 14,2 0.001 -1 -1 8.0198 170 13,13 0.001 -1 0 14,14 0.001 -1 1 14,13 0.001 -1 1 7.0178 170 ::f,0,3 f,3,12 f,12,12 f,15,0 
97:1,2 0.002 -1 0 2,2 0.001 -1 1 3,0 0.001 1 0 6.0114 2 1,14 0.001 0 -1 2,14 0.001 -1 0 2,13 0.001 0 1 3.0255 125 13,2 0.001 -1 -1 14,1 0.001 1 0 14,2 0.001 -1 -1 8.0208 170 13,13 0.001 -1 -1 14,14 0.001 -1 1 14,13 0.001 -1 0 7.0178 170 ::f,0,3 f,3,12 f,12,12 f,15,0 
98:1,2 0.002 -1 0 2,2 0.001 -1 1 3,0 0.001 1 0 6.0114 2 1,14 0.001 0 -1 2,14 0.001 -1 0 2,13 0.001 0 1 3.0255 125 13,2 0.001 -1 -1 14,1 0.001 1 0 14,2 0.001 0 -1 8.0208 170 13,13 0.001 -1 -1 14,14 0.001 -1 0 14,13 0.001 -1 0 9.0179 185 ::f,0,3 f,3,12 f,15,0 f,15,15 
99:1,2 0.002 -1 0 2,2 0.001 -1 0 3,0 0.001 1 0 6.0114 2 1,14 0.001 1 -1 2,14 0.001 -1 0 2,13 0.001 0 1 3.0255 125 13,2 0.001 0 -1 14,1 0.001 1 1 14,2 0.001 0 -1 8.0208 170 13,13 0.001 0 -1 13,14 0.001 -1 0 14,13 0.001 -1 -1 9.0189 185 ::f,0,3 f,3,12 f,15,0 f,15,15 
100:1,2 0.002 -1 0 2,2 0.001 -1 0 3,0 0.001 1 0 6.0114 2 1,14 0.001 1 -1 2,14 0.001 -1 -1 2,13 0.001 -1 1 3.0255 125 13,1 0.001 0 -1 14,1 0.001 1 1 14,2 0.001 1 -1 8.0218 170 13,13 0.001 0 -1 13,14 0.001 -1 0 14,13 0.001 -1 -1 9.0189 185 ::f,0,3 f,3,12 f,15,0 f,15,15 
101:1,2 0.002 -1 0 2,2 0.001 -1 0 3,0 0.001 1 0 6.0114 2 1,14 0.001 1 -1 2,14 0.001 -1 -1 2,13 0.001 -1 1 3.0255 125 13,1 0.001 0 -1 14,1 0.001 0 1 14,2 0.001 1 -1 8.0218 170 13,13 0.001 1 -1 13,14 0.001 -1 -1 14,13 0.001 0 -1 9.0189 185 ::f,0,3 f,3,12 f,15,0 f,15,15 
102:1,2 0.002 -1 0 2,2 0.001 -1 -1 3,0 0.001 1 0 6.0114 2 1,14 0.001 1 0 2,14 0.001 0 -1 2,13 0.001 -1 0 3.0255 125 13,1 0.001 1 -1 14,1 0.001 0 1 14,2 0.001 1 0 8.0218 170 13,13 0.001 1 -1 13,14 0.001 -1 -1 14,13 0.001 0 -1 9.0189 185 ::f,0,3 f,3,12 f,15,0 f,15,15 
103:1,2 0.002 -1 0 2,2 0.001 -1 -1 3,0 0.001 1 0 6.0114 2 1,14 0.001 1 0 2,14 0.001 0 -1 2,13 0.001 -1 0 3.0255 125 13,1 0.001 1 -1 14,1 0.001 0 1 14,2 0.001 1 0 8.0218 170 13,13 0.001 1 0 13,14 0.001 0 -1 14,13 0.001 1 -1 9.0189 185 ::f,0,3 f,3,12 f,15,0 f,15,15 
104:1,2 0.002 -1 0 2,2 0.001 0 -1 3,0 0.001 1 0 6.0114 2 1,14 0.001 1 1 2,14 0.001 1 -1 2,13 0.001 -1 -1 3.0255 125 13,1 0.001 1 0 14,1 0.001 -1 1 14,2 0.001 1 1 8.0218 170 13,13 0.001 1 0 13,14 0.001 0 -1 14,13 0.001 1 -1 9.0189 185 ::f,0,3 f,3,12 f,15,0 f,15,15 
105:1,2 0.002 -1 0 2,2 0.001 0 -1 3,0 0.001 1 0 6.0114 2 1,14 0.001 1 1 2,14 0.001 1 -1 2,13 0.001 -1 -1 3.0255 125 13,1 0.001 1 0 14,1 0.001 -1 1 14,2 0.001 1 1 8.0218 170 13,13 0.001 1 0 13,14 0.001 0 -1 14,13 0.001 1 0 9.0189 185 ::f,0,3 f,3,12 f,15,0 f,15,15 
106:1,2 0.002 -1 0 2,2 0.001 1 -1 3,0 0.001 1 0 6.0114 2 1,14 0.001 0 1 2,14 0.001 1 0 2,13 0.001 0 -1 3.0255 125 13,1 0.001 1 0 14,1 0.001 -1 0 14,2 0.001 0 1 8.0218 170 13,13 0.001 1 1 13,14 0.001 1 -1 14,13 0.001 1 0 9.0189 185 ::f,0,3 f,3,12 f,15,0 f,15,15 
107:1,2 0.002 -1 0 2,2 0.001 1 -1 3,0 0.001 1 0 6.0114 2 1,14 0.001 0 1 2,14 0.001 1 0 2,13 0.001 0 -1 3.0255 125 13,1 0.001 1 1 14,1 0.001 -1 0 14,2 0.001 0 1 8.0218 170 14,14 0.001 1 1 13,14 0.001 1 -1 14,13 0.001 1 1 9.0199 185 ::f,0,3 f,3,12 f,15,0 f,15,15 
108:1,2 0.002 -1 0 2,2 0.001 1 0 3,0 0.001 1 0 6.0114 2 1,14 0.001 -1 1 2,14 0.001 1 1 2,13 0.001 1 -1 3.0255 125 13,1 0.001 1 1 14,1 0.001 -1 -1 14,2 0.001 -1 1 8.0218 170 14,14 0.001 1 1 13,14 0.001 1 -1 14,13 0.001 1 1 12.02 200 ::f,0,3 f,3,12 f,15,0 f,15,12 
109:1,2 0.002 -1 0 2,2 0.001 1 0 3,0 0.001 1 0 6.0114 2 1,14 0.001 -1 1 2,14 0.001 1 1 2,13 0.001 1 -1 4.0256 140 13,1 0.001 0 1 14,1 0.001 -1 -1 14,2 0.001 -1 1 8.0218 170 14,14 0.001 0 1 13,14 0.001 1 -1 14,13 0.001 0 1 12.02 200 ::f,0,3 f,0,15 f,15,0 f,15,12 
110:1,2 0.002 -1 0 2,2 0.001 1 1 3,0 0.001 1 0 6.0114 2 1,14 0.001 -1 0 2,14 0.001 0 1 2,13 0.001 1 0 4.0256 140 13,1 0.001 0 1 14,1 0.001 0 -1 14,2 0.001 -1 0 8.0218 170 14,14 0.001 0 1 13,14 0.001 1 0 14,13 0.001 0 1 12.02 200 ::f,0,3 f,0,15 f,15,0 f,15,12 
111:1,2 0.002 -1 0 2,2 0.001 1 1 3,0 0.001 1 0 6.0114 2 1,14 0.001 -1 0 2,14 0.001 0 1 2,13 0.001 1 0 4.0256 140 13,1 0.001 -1 1 14,1 0.001 0 -1 13,2 0.001 -1 0 8.0228 170 14,14 0.001 -1 1 13,14 0.001 1 0 14,13 0.001 0 1 12.02 200 ::f,0,3 f,0,15 f,15,0 f,15,12 
112:1,2 0.002 -1 0 2,2 0.001 0 1 3,0 0.001 1 0 6.0114 2 1,14 0.001 -1 -1 2,14 0.001 -1 1 2,13 0.001 1 1 4.0256 140 13,1 0.001 -1 1 14,1 0.001 1 -1 13,2 0.001 -1 0 8.0228 170 14,14 0.001 -1 1 13,14 0.001 1 1 14,13 0.001 -1 1 12.02 200 ::f,0,3 f,0,15 f,15,0 f,15,12 
113:1,2 0.002 -1 0 2,2 0.001 0 1 3,0 0.001 1 0 6.0114 2 1,14 0.001 -1 -1 2,14 0.001 -1 1 2,13 0.001 1 1 4.0256 140 13,1 0.001 -1 0 14,1 0.001 1 -1 13,2 0.001 -1 -1 12.0229 185 14,14 0.001 -1 0 13,14 0.001 1 1 14,13 0.001 -1 1 12.02 200 ::f,0,3 f,0,15 f,14,3 f,15,12 
114:1,2 0.002 -1 0 2,2 0.001 -1 1 3,0 0.001 1 0 6.0114 2 1,14 0.001 0 -1 2,14 0.001 -1 0 2,13 0.001 0 1 4.0256 140 13,1 0.001 -1 0 14,1 0.001 1 0 13,2 0.001 -1 -1 12.0229 185 14,14 0.001 -1 0 13,14 0.001 0 1 14,13 0.001 -1 0 12.02 200 ::f,0,3 f,0,15 f,14,3 f,15,12 
115:1,2 0.002 -1 0 2,2 0.001 -1 1 3,0 0.001 1 0 6.0114 2 1,13 0.001 0 -1 1,14 0.001 -1 0 2,14 0.001 0 1 4.0286 140 13,1 0.001 -1 -1 14,1 0.001 1 0 13,2 0.001 0 -1 12.0229 185 14,14 0.001 -1 0 13,14 0.001 0 1 14,13 0.001 -1 0 12.02 200 ::f,0,3 f,0,15 f,14,3 f,15,12 
116:1,2 0.002 -1 0 2,2 0.001 -1 0 3,0 0.001 1 0 6.0114 2 1,13 0.001 0 -1 1,14 0.001 -1 0 2,14 0.001 0 1 4.0286 140 13,1 0.001 -1 -1 14,1 0.001 1 1 13,2 0.001 0 -1 12.0229 185 14,14 0.001 -1 -1 13,14 0.001 -1 1 14,13 0.001 -1 -1 12.02 200 ::f,0,3 f,0,15 f,14,3 f,15,12 
117:1,2 0.002 -1 0 2,2 0.001 -1 0 3,0 0.001 1 0 6.0114 2 1,13 0.001 1 -1 1,14 0.001 -1 -1 2,14 0.001 -1 1 4.0286 140 13,1 0.001 0 -1 14,1 0.001 1 1 13,2 0.001 0 -1 12.0229 185 14,14 0.001 -1 -1 13,14 0.001 -1 1 14,13 0.001 -1 -1 12.02 200 ::f,0,3 f,0,15 f,14,3 f,15,12 
118:1,2 0.002 -1 0 2,2 0.001 -1 0 3,0 0.001 1 0 6.0114 2 1,13 0.001 1 -1 1,14 0.001 -1 -1 2,14 0.001 -1 1 4.0286 140 13,1 0.001 0 -1 14,1 0.001 0 1 13,2 0.001 1 -1 12.0229 185 14,14 0.001 0 -1 13,14 0.001 -1 0 14,13 0.001 0 -1 12.02 200 ::f,0,3 f,0,15 f,14,3 f,15,12 
119:1,2 0.002 -1 0 2,2 0.001 -1 -1 3,0 0.001 1 0 6.0114 2 1,13 0.001 1 0 1,14 0.001 0 -1 2,14 0.001 -1 0 4.0286 140 13,1 0.001 1 -1 14,2 0.001 0 1 13,2 0.001 1 -1 12.0239 185 14,14 0.001 0 -1 13,14 0.001 -1 0 14,13 0.001 0 -1 12.02 200 ::f,0,3 f,0,15 f,14,3 f,15,12 
120:1,2 0.002 -1 0 2,2 0.001 -1 -1 3,0 0.001 1 0 6.0114 2 2,13 0.001 1 0 1,13 0.001 0 -1 1,14 0.001 -1 0 4.0316 140 13,1 0.001 1 -1 14,2 0.001 0 1 13,2 0.001 1 0 17.024 200 14,14 0.001 1 -1 13,14 0.001 -1 -1 14,13 0.001 1 -1 12.02 200 ::f,0,3 f,0,15 f,15,3 f,15,12 
121:1,2 0.002 -1 0 2,2 0.001 0 -1 3,0 0.001 1 0 6.0114 2 2,13 0.001 1 0 1,13 0.001 0 -1 1,14 0.001 -1 0 4.0316 140 13,1 0.001 1 0 14,2 0.001 -1 1 13,2 0.001 1 0 17.024 200 14,14 0.001 1 -1 13,14 0.001 -1 -1 14,13 0.001 1 -1 15.0201 215 ::f,0,3 f,0,15 f,13,13 f,15,3 
122:1,2 0.002 -1 0 2,2 0.001 0 -1 3,0 0.001 1 0 6.0114 2 2,13 0.001 1 1 1,13 0.001 1 -1 1,14 0.001 -1 -1 4.0316 140 14,1 0.001 1 0 14,2 0.001 -1 1 13,2 0.001 1 1 17.025 200 14,14 0.001 1 0 13,14 0.001 0 -1 14,13 0.001 1 0 15.0201 215 ::f,0,3 f,0,15 f,13,13 f,15,3 
123:1,2 0.002 -1 0 2,2 0.001 1 -1 3,0 0.001 1 0 6.0114 2 2,13 0.001 1 1 1,13 0.001 1 -1 1,14 0.001 -1 -1 4.0316 140 14,1 0.001 1 0 14,2 0.001 -1 0 13,2 0.001 1 1 17.025 200 14,14 0.001 1 0 13,14 0.001 0 -1 14,13 0.001 1 0 15.0201 215 ::f,0,3 f,0,15 f,13,13 f,15,3 
124:1,2 0.002 -1 0 2,2 0.001 1 -1 3,0 0.001 1 0 6.0114 2 2,13 0.001 0 1 1,13 0.001 1 0 1,14 0.001 0 -1 4.0316 140 14,1 0.001 1 1 14,2 0.001 -1 0 13,2 0.001 0 1 17.025 200 14,14 0.001 1 1 13,14 0.001 0 -1 14,13 0.001 1 1 18.0202 230 ::f,0,3 f,0,15 f,13,15 f,15,3 
125:1,2 0.002 -1 0 2,2 0.001 1 0 3,0 0.001 1 0 6.0114 2 2,14 0.001 0 1 2,13 0.001 1 0 1,13 0.001 0 -1 4.0346 140 14,1 0.001 1 1 14,2 0.001 -1 0 13,2 0.001 0 1 17.025 200 14,14 0.001 1 1 13,14 0.001 1 -1 14,13 0.001 1 1 18.0202 230 ::f,0,3 f,0,15 f,13,15 f,15,3 
126:1,2 0.002 -1 0 2,2 0.001 1 0 3,0 0.001 1 0 6.0114 2 2,14 0.001 0 1 2,13 0.001 1 0 1,13 0.001 0 -1 4.0346 140 14,1 0.001 0 1 14,2 0.001 -1 -1 13,2 0.001 -1 1 17.025 200 14,14 0.001 0 1 13,14 0.001 1 -1 14,13 0.001 0 1 18.0202 230 ::f,0,3 f,0,15 f,13,15 f,15,3 
127:1,2 0.002 -1 0 2,2 0.001 1 1 3,0 0.001 1 0 6.0114 2 2,14 0.001 -1 1 2,13 0.001 1 1 1,13 0.001 1 -1 4.0346 140 14,1 0.001 0 1 14,2 0.001 -1 -1 13,2 0.001 -1 1 17.025 200 14,14 0.001 0 1 13,14 0.001 1 0 14,13 0.001 0 1 18.0202 230 ::f,0,3 f,0,15 f,13,15 f,15,3 
128:1,2 0.002 -1 0 2,2 0.001 1 1 3,0 0.001 1 0 6.0114 2 2,14 0.001 -1 1 2,13 0.001 1 1 1,13 0.001 1 -1 4.0346 140 14,1 0.001 0 1 14,2 0.001 0 -1 13,2 0.001 -1 0 17.025 200 14,14 0.001 -1 1 13,14 0.001 1 0 14,13 0.001 0 1 18.0202 230 ::f,0,3 f,0,15 f,13,15 f,15,3 
129:1,2 0.002 -1 0 2,2 0.001 0 1 3,0 0.001 1 0 6.0114 2 2,14 0.001 -1 0 2,13 0.001 0 1 1,13 0.001 1 0 4.0346 140 14,1 0.001 -1 1 14,2 0.001 0 -1 13,2 0.001 -1 0 17.025 200 14,14 0.001 -1 1 13,14 0.001 1 1 14,13 0.001 -1 1 22.0203 245 ::f,0,3 f,0,15 f,12,15 f,15,3 
130:1,2 0.002 -1 0 2,2 0.001 0 1 3,0 0.001 1 0 6.0114 2 1,14 0.001 -1 0 2,14 0.001 0 1 2,13 0.001 1 0 4.0376 140 14,1 0.001 -1 1 14,2 0.001 1 -1 13,2 0.001 -1 -1 17.025 200 14,14 0.001 -1 0 13,14 0.001 1 1 14,13 0.001 -1 1 22.0203 245 ::f,0,3 f,0,15 f,12,15 f,15,3 
131:1,2 0.002 -1 0 2,2 0.001 -1 1 3,0 0.001 1 0 6.0114 2 1,14 0.001 -1 0 2,14 0.001 0 1 2,13 0.001 1 0 4.0376 140 14,1 0.001 -1 0 14,2 0.001 1 -1 13,2 0.001 -1 -1 17.025 200 14,14 0.001 -1 0 13,14 0.001 0 1 14,13 0.001 -1 1 22.0203 245 ::f,0,3 f,0,15 f,12,15 f,15,3 
132:1,2 0.002 -1 0 2,2 0.001 -1 1 3,0 0.001 1 0 6.0114 2 1,14 0.001 -1 -1 2,14 0.001 -1 1 2,13 0.001 1 1 4.0376 140 14,1 0.001 -1 0 14,2 0.001 1 0 13,2 0.001 0 -1 17.025 200 14,14 0.001 -1 0 13,14 0.001 0 1 14,13 0.001 -1 0 22.0203 245 ::f,0,3 f,0,15 f,12,15 f,15,3 
133:1,2 0.002 -1 0 2,2 0.001 -1 0 3,0 0.001 1 0 6.0114 2 1,14 0.001 -1 -1 2,14 0.001 -1 1 2,13 0.001 1 1 4.0376 140 14,1 0.001 -1 -1 14,2 0.001 1 0 13,1 0.001 0 -1 17.026 200 14,14 0.001 -1 -1 13,14 0.001 -1 1 14,13 0.001 -1 0 22.0203 245 ::f,0,3 f,0,15 f,12,15 f,15,3 
134:1,2 0.002 -1 0 2,2 0.001 -1 0 3,0 0.001 1 0 6.0114 2 1,14 0.001 0 -1 2,14 0.001 -1 0 2,13 0.001 0 1 4.0376 140 14,1 0.001 -1 -1 14,2 0.001 1 1 13,1 0.001 0 -1 17.026 200 14,14 0.001 -1 -1 13,14 0.001 -1 1 14,13 0.001 -1 -1 26.0204 260 ::f,0,3 f,0,15 f,12,12 f,15,3 
135:1,2 0.002 -1 0 2,2 0.001 -1 0 3,0 0.001 1 0 6.0114 2 1,13 0.001 0 -1 1,14 0.001 -1 0 2,14 0.001 0 1 4.0406 140 14,1 0.001 0 -1 14,2 0.001 1 1 13,1 0.001 1 -1 23.0261 215 13,13 0.001 -1 -1 13,14 0.001 -1 0 14,13 0.001 -1 -1 26.0214 260 ::f,0,3 f,0,15 f,12,2 f,12,12 
136:1,2 0.002 -1 0 2,2 0.001 -1 -1 3,0 0.001 1 0 6.0114 2 1,13 0.001 0 -1 1,14 0.001 -1 0 2,14 0.001 0 1 4.0406 140 14,1 0.001 0 -1 14,2 0.001 0 1 13,1 0.001 1 -1 23.0261 215 13,13 0.001 -1 -1 13,14 0.001 -1 0 14,13 0.001 0 -1 31.0215 275 ::f,0,3 f,0,15 f,12,2 f,14,15 
137:1,2 0.002 -1 0 2,2 0.001 -1 -1 3,0 0.001 1 0 6.0114 2 1,13 0.001 1 -1 1,14 0.001 -1 -1 2,14 0.001 -1 1 4.0406 140 14,1 0.001 1 -1 14,2 0.001 0 1 13,1 0.001 1 0 23.0261 215 13,13 0.001 0 -1 13,14 0.001 -1 -1 14,13 0.001 0 -1 31.0215 275 ::f,0,3 f,0,15 f,12,2 f,14,15 
138:1,2 0.002 -1 0 2,2 0.001 0 -1 3,0 0.001 1 0 6.0114 2 1,13 0.001 1 -1 1,14 0.001 -1 -1 2,14 0.001 -1 1 4.0406 140 14,1 0.001 1 -1 14,2 0.001 -1 1 13,1 0.001 1 0 23.0261 215 13,13 0.001 0 -1 13,14 0.001 -1 -1 14,13 0.001 1 -1 31.0215 275 ::f,0,3 f,0,15 f,12,2 f,14,15 
139:1,2 0.002 -1 0 2,2 0.001 0 -1 3,0 0.001 1 0 6.0114 2 1,13 0.001 1 0 1,14 0.001 0 -1 2,14 0.001 -1 0 4.0406 140 14,1 0.001 1 0 14,2 0.001 -1 1 13,1 0.001 1 0 23.0261 215 13,13 0.001 1 -1 13,14 0.001 0 -1 14,13 0.001 1 -1 31.0215 275 ::f,0,3 f,0,15 f,12,2 f,14,15 
140:1,2 0.002 -1 0 2,2 0.001 1 -1 3,0 0.001 1 0 6.0114 2 2,13 0.001 1 0 1,13 0.001 0 -1 1,14 0.001 -1 0 4.0436 140 14,1 0.001 1 0 14,2 0.001 -1 0 13,1 0.001 1 1 23.0261 215 13,13 0.001 1 -1 13,14 0.001 0 -1 14,13 0.001 1 0 31.0215 275 ::f,0,3 f,0,15 f,12,2 f,14,15 
141:1,2 0.002 -1 0 2,2 0.001 1 -1 3,0 0.001 1 0 6.0114 2 2,13 0.001 1 0 1,13 0.001 0 -1 1,14 0.001 -1 0 4.0436 140 14,1 0.001 1 1 13,2 0.001 -1 0 13,1 0.001 1 1 23.0271 215 13,13 0.001 1 0 13,14 0.001 0 -1 14,13 0.001 1 0 31.0215 275 ::f,0,3 f,0,15 f,12,2 f,14,15 
142:1,2 0.002 -1 0 2,2 0.001 1 0 3,0 0.001 1 0 6.0114 2 2,13 0.001 1 1 1,13 0.001 1 -1 1,14 0.001 -1 -1 4.0436 140 14,1 0.001 1 1 13,2 0.001 -1 0 14,2 0.001 1 1 30.0282 230 13,13 0.001 1 0 13,14 0.001 1 -1 14,13 0.001 1 1 31.0215 275 ::f,0,3 f,0,15 f,14,15 f,15,3 
143:1,2 0.002 -1 0 2,2 0.001 1 0 3,0 0.001 1 0 6.0114 2 2,13 0.001 1 1 1,13 0.001 1 -1 1,14 0.001 -1 -1 4.0436 140 14,1 0.001 0 1 13,2 0.001 -1 -1 14,2 0.001 1 1 32.0283 245 13,13 0.001 1 0 13,14 0.001 1 -1 14,13 0.001 1 1 31.0215 275 ::f,0,3 f,0,15 f,12,1 f,14,15 
144:1,2 0.002 -1 0 2,2 0.001 1 1 3,0 0.001 1 0 6.0114 2 2,13 0.001 0 1 1,13 0.001 1 0 1,14 0.001 0 -1 4.0436 140 14,1 0.001 0 1 13,2 0.001 -1 -1 14,2 0.001 0 1 40.0284 260 13,13 0.001 1 1 13,14 0.001 1 0 14,13 0.001 0 1 31.0215 275 ::f,0,3 f,0,15 f,14,15 f,15,0 
145:1,2 0.002 -1 0 2,2 0.001 1 1 3,0 0.001 1 0 6.0114 2 2,14 0.001 0 1 2,13 0.001 1 0 1,13 0.001 0 -1 4.0466 140 14,1 0.001 0 1 13,2 0.001 0 -1 14,2 0.001 0 1 40.0284 260 13,13 0.001 1 1 13,14 0.001 1 0 14,14 0.001 0 1 31.0225 275 ::f,0,3 f,0,15 f,14,15 f,15,0 
146:1,2 0.002 -1 0 2,2 0.001 0 1 3,0 0.001 1 0 6.0114 2 2,14 0.001 0 1 2,13 0.001 1 0 1,13 0.001 0 -1 4.0466 140 14,1 0.001 -1 1 13,1 0.001 0 -1 14,2 0.001 -1 1 40.0294 260 13,13 0.001 0 1 13,14 0.001 1 1 14,14 0.001 0 1 35.0226 290 ::f,0,3 f,0,15 f,14,12 f,15,0 
147:1,2 0.002 -1 0 2,2 0.001 0 1 3,0 0.001 1 0 6.0114 2 2,14 0.001 -1 1 2,13 0.001 1 1 1,13 0.001 1 -1 4.0466 140 14,1 0.001 -1 1 13,1 0.001 0 -1 14,2 0.001 -1 1 40.0294 260 13,13 0.001 0 1 13,14 0.001 1 1 14,14 0.001 -1 1 35.0226 290 ::f,0,3 f,0,15 f,14,12 f,15,0 
148:1,2 0.002 -1 0 2,2 0.001 -1 1 3,0 0.001 1 0 6.0114 2 2,14 0.001 -1 1 2,13 0.001 1 1 1,13 0.001 1 -1 4.0466 140 14,1 0.001 -1 0 13,1 0.001 1 -1 14,2 0.001 -1 0 40.0294 260 13,13 0.001 -1 1 13,14 0.001 0 1 14,14 0.001 -1 1 35.0226 290 ::f,0,3 f,0,15 f,14,12 f,15,0 
149:1,2 0.002 -1 0 2,2 0.001 -1 1 3,0 0.001 1 0 6.0114 2 2,14 0.001 -1 0 2,13 0.001 0 1 1,13 0.001 1 0 4.0466 140 14,1 0.001 -1 0 13,1 0.001 1 -1 13,2 0.001 -1 0 40.0304 260 13,13 0.001 -1 1 13,14 0.001 0 1 14,14 0.001 -1 0 35.0226 290 ::f,0,3 f,0,15 f,14,12 f,15,0 
150:1,2 0.002 -1 0 2,2 0.001 -1 0 3,0 0.001 1 0 6.0114 2 1,14 0.001 -1 0 2,14 0.001 0 1 2,13 0.001 1 0 4.0496 140 14,1 0.001 -1 -1 13,1 0.001 1 0 13,2 0.001 -1 0 40.0304 260 13,13 0.001 -1 0 13,14 0.001 -1 1 14,14 0.001 -1 0 35.0226 290 ::f,0,3 f,0,15 f,14,12 f,15,0 
151:1,2 0.002 -1 0 2,2 0.001 -1 0 3,0 0.001 1 0 6.0114 2 1,14 0.001 -1 0 2,14 0.001 0 1 2,13 0.001 1 0 4.0496 140 14,1 0.001 -1 -1 13,1 0.001 1 0 13,2 0.001 -1 -1 40.0304 260 13,13 0.001 -1 0 13,14 0.001 -1 1 14,14 0.001 -1 0 35.0226 290 ::f,0,3 f,0,15 f,14,12 f,15,0 
152:1,2 0.002 -1 0 2,2 0.001 -1 0 3,0 0.001 1 0 6.0114 2 1,14 0.001 -1 -1 2,14 0.001 -1 1 2,13 0.001 1 1 4.0496 140 14,1 0.001 0 -1 13,1 0.001 1 0 13,2 0.001 -1 -1 40.0304 260 13,13 0.001 -1 -1 13,14 0.001 -1 0 14,14 0.001 -1 -1 35.0226 290 ::f,0,3 f,0,15 f,14,12 f,15,0 
153:1,2 0.002 -1 0 2,2 0.001 -1 -1 3,0 0.001 1 0 6.0114 2 1,14 0.001 -1 -1 2,14 0.001 -1 1 2,13 0.001 1 1 4.0496 140 14,1 0.001 0 -1 13,1 0.001 1 1 13,2 0.001 0 -1 40.0304 260 13,13 0.001 -1 -1 13,14 0.001 -1 0 14,14 0.001 -1 -1 35.0226 290 ::f,0,3 f,0,15 f,14,12 f,15,0 
154:1,2 0.002 -1 0 2,2 0.001 -1 -1 3,0 0.001 1 0 6.0114 2 1,14 0.001 0 -1 2,14 0.001 -1 0 2,13 0.001 0 1 4.0496 140 14,1 0.001 1 -1 13,1 0.001 1 1 13,2 0.001 0 -1 40.0304 260 13,13 0.001 0 -1 13,14 0.001 -1 -1 14,14 0.001 0 -1 35.0226 290 ::f,0,3 f,0,15 f,14,12 f,15,0 
155:1,2 0.002 -1 0 2,2 0.001 0 -1 3,0 0.001 1 0 6.0114 2 1,13 0.001 0 -1 1,14 0.001 -1 0 2,14 0.001 0 1 4.0526 140 14,1 0.001 1 -1 13,1 0.001 0 1 13,2 0.001 0 -1 42.0305 275 13,13 0.001 0 -1 13,14 0.001 -1 -1 14,13 0.001 0 -1 35.0236 290 ::f,0,3 f,0,15 f,14,0 f,14,12 
156:1,2 0.002 -1 0 2,2 0.001 0 -1 3,0 0.001 1 0 6.0114 2 1,13 0.001 0 -1 1,14 0.001 -1 0 2,14 0.001 0 1 4.0526 140 14,1 0.001 1 0 13,1 0.001 0 1 13,2 0.001 1 -1 42.0305 275 13,13 0.001 1 -1 13,14 0.001 0 -1 14,13 0.001 0 -1 40.0237 305 ::f,0,3 f,0,15 f,14,0 f,15,15 
157:1,2 0.002 -1 0 2,2 0.001 1 -1 3,0 0.001 1 0 6.0114 2 1,13 0.001 1 -1 1,14 0.001 -1 -1 2,14 0.001 -1 1 4.0526 140 14,1 0.001 1 0 13,1 0.001 -1 1 13,2 0.001 1 -1 42.0305 275 13,13 0.001 1 -1 13,14 0.001 0 -1 14,13 0.001 1 -1 40.0237 305 ::f,0,3 f,0,15 f,14,0 f,15,15 
158:1,2 0.002 -1 0 2,2 0.001 1 -1 3,0 0.001 1 0 6.0114 2 1,13 0.001 1 -1 1,14 0.001 -1 -1 2,14 0.001 -1 1 4.0526 140 14,1 0.001 1 1 13,1 0.001 -1 1 13,2 0.001 1 0 42.0305 275 13,13 0.001 1 0 13,14 0.001 0 -1 14,13 0.001 1 -1 40.0237 305 ::f,0,3 f,0,15 f,14,0 f,15,15 
159:1,2 0.002 -1 0 2,2 0.001 1 0 3,0 0.001 1 0 6.0114 2 1,13 0.001 1 0 1,14 0.001 0 -1 2,14 0.001 -1 0 4.0526 140 14,1 0.001 1 1 13,1 0.001 -1 0 13,2 0.001 1 0 42.0305 275 13,13 0.001 1 0 13,14 0.001 1 -1 14,13 0.001 1 0 40.0237 305 ::f,0,3 f,0,15 f,14,0 f,15,15 
160:1,2 0.002 -1 0 2,2 0.001 1 0 3,0 0.001 1 0 6.0114 2 2,13 0.001 1 0 1,13 0.001 0 -1 1,14 0.001 -1 0 4.0556 140 14,1 0.001 0 1 13,1 0.001 -1 0 13,2 0.001 1 1 42.0305 275 13,13 0.001 1 0 13,14 0.001 1 -1 14,13 0.001 1 0 40.0237 305 ::f,0,3 f,0,15 f,14,0 f,15,15 
161:1,2 0.002 -1 0 2,2 0.001 1 1 3,0 0.001 1 0 6.0114 2 2,13 0.001 1 0 1,13 0.001 0 -1 1,14 0.001 -1 0 4.0556 140 14,2 0.001 0 1 13,1 0.001 -1 -1 13,2 0.001 1 1 42.0315 275 13,13 0.001 1 1 13,14 0.001 1 0 14,13 0.001 1 1 40.0237 305 ::f,0,3 f,0,15 f,14,0 f,15,15 
162:1,2 0.002 -1 0 2,2 0.001 1 1 3,0 0.001 1 0 6.0114 2 2,13 0.001 1 1 1,13 0.001 1 -1 1,14 0.001 -1 -1 4.0556 140 14,2 0.001 0 1 13,1 0.001 -1 -1 13,2 0.001 0 1 42.0315 275 14,14 0.001 1 1 13,14 0.001 1 0 14,13 0.001 1 1 40.0247 305 ::f,0,3 f,0,15 f,14,0 f,15,15 
163:1,2 0.002 -1 0 2,2 0.001 0 1 3,0 0.001 1 0 6.0114 2 2,13 0.001 1 1 1,13 0.001 1 -1 1,14 0.001 -1 -1 4.0556 140 14,2 0.001 -1 1 13,1 0.001 0 -1 13,2 0.001 0 1 42.0315 275 14,14 0.001 1 1 13,14 0.001 1 1 14,13 0.001 0 1 46.0248 320 ::f,0,3 f,0,15 f,13,12 f,14,0 
164:1,2 0.002 -1 0 2,2 0.001 0 1 3,0 0.001 1 0 6.0114 2 2,13 0.001 0 1 1,13 0.001 1 0 1,14 0.001 0 -1 4.0556 140 14,2 0.001 -1 1 13,1 0.001 0 -1 13,2 0.001 -1 1 42.0315 275 14,14 0.001 0 1 13,14 0.001 1 1 14,13 0.001 0 1 46.0248 320 ::f,0,3 f,0,15 f,13,12 f,14,0 
165:1,2 0.002 -1 0 2,2 0.001 -1 1 3,0 0.001 1 0 6.0114 2 2,14 0.001 0 1 2,13 0.001 1 0 1,13 0.001 0 -1 4.0586 140 14,2 0.001 -1 0 13,1 0.001 1 -1 13,2 0.001 -1 1 42.0315 275 14,14 0.001 0 1 13,14 0.001 0 1 14,13 0.001 0 1 46.0248 320 ::f,0,3 f,0,15 f,13,12 f,14,0 
166:1,2 0.002 -1 0 2,2 0.001 -1 1 3,0 0.001 1 0 6.0114 2 2,14 0.001 0 1 2,13 0.001 1 0 1,13 0.001 0 -1 4.0586 140 14,2 0.001 -1 0 13,1 0.001 1 -1 13,2 0.001 -1 0 51.0316 290 14,14 0.001 -1 1 13,14 0.001 0 1 14,13 0.001 -1 1 46.0248 320 ::f,0,3 f,0,15 f,12,2 f,13,12 
167:1,2 0.002 -1 0 2,2 0.001 -1 0 3,0 0.001 1 0 6.0114 2 2,14 0.001 -1 1 2,13 0.001 1 1 1,13 0.001 1 -1 4.0586 140 14,2 0.001 -1 0 13,1 0.001 1 0 13,2 0.001 -1 0 54.0317 305 14,14 0.001 -1 1 13,14 0.001 -1 1 14,13 0.001 -1 1 46.0248 320 ::f,0,3 f,0,15 f,13,12 f,15,1 
168:1,2 0.002 -1 0 2,2 0.001 -1 0 3,0 0.001 1 0 6.0114 2 2,14 0.001 -1 1 2,13 0.001 1 1 1,13 0.001 1 -1 4.0586 140 14,2 0.001 -1 0 14,1 0.001 1 0 13,2 0.001 -1 -1 54.0327 305 14,14 0.001 -1 0 13,14 0.001 -1 1 14,13 0.001 -1 0 46.0248 320 ::f,0,3 f,0,15 f,13,12 f,15,1 
169:1,2 0.002 -1 0 2,2 0.001 -1 0 3,0 0.001 1 0 6.0114 2 2,14 0.001 -1 0 2,13 0.001 0 1 1,13 0.001 1 0 4.0586 140 14,2 0.001 -1 -1 14,1 0.001 1 0 13,2 0.001 -1 -1 64.0328 320 14,14 0.001 -1 0 13,14 0.001 -1 0 14,13 0.001 -1 0 46.0248 320 ::f,0,3 f,0,15 f,13,1 f,13,12 
170:1,2 0.002 -1 0 2,2 0.001 -1 -1 3,0 0.001 1 0 6.0114 2 1,14 0.001 -1 0 2,14 0.001 0 1 2,13 0.001 1 0 4.0616 140 14,2 0.001 -1 -1 14,1 0.001 1 1 13,2 0.001 0 -1 67.0329 335 14,14 0.001 -1 0 13,14 0.001 -1 0 14,13 0.001 -1 -1 46.0248 320 ::f,0,3 f,0,15 f,12,0 f,13,12 
171:1,2 0.002 -1 0 2,2 0.001 -1 -1 3,0 0.001 1 0 6.0114 2 1,14 0.001 -1 0 2,14 0.001 0 1 2,13 0.001 1 0 4.0616 140 13,1 0.001 -1 -1 14,1 0.001 1 1 13,2 0.001 0 -1 67.0339 335 14,14 0.001 -1 -1 13,14 0.001 -1 -1 14,13 0.001 -1 -1 52.0249 335 ::f,0,3 f,0,15 f,12,0 f,12,13 
172:1,2 0.002 -1 0 2,2 0.001 0 -1 3,0 0.001 1 0 6.0114 2 1,14 0.001 -1 -1 2,14 0.001 -1 1 2,13 0.001 1 1 4.0616 140 13,1 0.001 -1 -1 14,1 0.001 0 1 13,2 0.001 0 -1 71.034 350 14,14 0.001 -1 -1 13,14 0.001 -1 -1 14,13 0.001 0 -1 57.025 350 ::f,0,3 f,0,15 f,13,3 f,15,15 
173:1,2 0.002 -1 0 2,2 0.001 0 -1 3,0 0.001 1 0 6.0114 2 1,14 0.001 -1 -1 2,14 0.001 -1 1 2,13 0.001 1 1 4.0616 140 13,1 0.001 0 -1 14,2 0.001 0 1 13,2 0.001 1 -1 71.035 350 14,14 0.001 0 -1 13,14 0.001 0 -1 14,13 0.001 0 -1 57.025 350 ::f,0,3 f,0,15 f,13,3 f,15,15 
174:1,2 0.002 -1 0 2,2 0.001 1 -1 3,0 0.001 1 0 6.0114 2 1,14 0.001 0 -1 2,14 0.001 -1 0 2,13 0.001 0 1 4.0616 140 13,1 0.001 0 -1 14,2 0.001 0 1 13,2 0.001 1 -1 71.035 350 14,14 0.001 0 -1 13,13 0.001 0 -1 14,13 0.001 1 -1 57.026 350 ::f,0,3 f,0,15 f,13,3 f,15,15 
175:1,2 0.002 -1 0 2,2 0.001 1 -1 3,0 0.001 1 0 6.0114 2 1,13 0.001 0 -1 1,14 0.001 -1 0 2,14 0.001 0 1 4.0646 140 13,1 0.001 1 -1 14,2 0.001 -1 1 13,2 0.001 1 0 71.035 350 14,14 0.001 1 -1 13,13 0.001 0 -1 14,13 0.001 1 -1 57.026 350 ::f,0,3 f,0,15 f,13,3 f,15,15 
176:1,2 0.002 -1 0 2,2 0.001 1 0 3,0 0.001 1 0 6.0114 2 1,13 0.001 0 -1 1,14 0.001 -1 0 2,14 0.001 0 1 4.0646 140 13,1 0.001 1 -1 14,2 0.001 -1 1 13,2 0.001 1 0 81.0351 365 14,14 0.001 1 -1 13,13 0.001 1 -1 14,13 0.001 1 0 57.026 350 ::f,0,3 f,0,15 f,12,0 f,15,15 
177:1,2 0.002 -1 0 2,2 0.001 1 0 3,0 0.001 1 0 6.0114 2 1,13 0.001 1 -1 1,14 0.001 -1 -1 2,14 0.001 -1 1 4.0646 140 13,1 0.001 1 0 14,2 0.001 -1 0 13,2 0.001 1 1 81.0351 365 14,14 0.001 1 0 13,13 0.001 1 -1 14,13 0.001 1 0 57.026 350 ::f,0,3 f,0,15 f,12,0 f,15,15 
178:1,2 0.002 -1 0 2,2 0.001 1 1 3,0 0.001 1 0 6.0114 2 1,13 0.001 1 -1 1,14 0.001 -1 -1 2,14 0.001 -1 1 4.0646 140 14,1 0.001 1 0 14,2 0.001 -1 0 13,2 0.001 1 1 81.0361 365 14,14 0.001 1 0 13,13 0.001 1 0 14,13 0.001 1 1 57.026 350 ::f,0,3 f,0,15 f,12,0 f,15,15 
179:1,2 0.002 -1 0 2,2 0.001 1 1 3,0 0.001 1 0 6.0114 2 1,13 0.001 1 0 1,14 0.001 0 -1 2,14 0.001 -1 0 4.0646 140 14,1 0.001 1 0 14,2 0.001 -1 0 13,2 0.001 0 1 81.0361 365 14,14 0.001 1 1 13,13 0.001 1 0 14,13 0.001 1 1 57.026 350 ::f,0,3 f,0,15 f,12,0 f,15,15 
180:1,2 0.002 -1 0 2,2 0.001 0 1 3,0 0.001 1 0 6.0114 2 2,13 0.001 1 0 1,13 0.001 0 -1 1,14 0.001 -1 0 4.0676 140 14,1 0.001 1 1 14,2 0.001 -1 -1 13,2 0.001 0 1 81.0361 365 14,14 0.001 1 1 13,13 0.001 1 0 14,13 0.001 0 1 64.0261 365 ::f,0,3 f,0,15 f,12,0 f,15,15 
181:1,2 0.002 -1 0 2,2 0.001 0 1 3,0 0.001 1 0 6.0114 2 2,13 0.001 1 0 1,13 0.001 0 -1 1,14 0.001 -1 0 4.0676 140 14,1 0.001 1 1 13,1 0.001 -1 -1 13,2 0.001 -1 1 81.0371 365 14,14 0.001 0 1 13,13 0.001 1 1 14,13 0.001 0 1 64.0261 365 ::f,0,3 f,0,15 f,12,0 f,15,15 
182:1,2 0.002 -1 0 2,2 0.001 -1 1 3,0 0.001 1 0 6.0114 2 2,13 0.001 1 1 1,13 0.001 1 -1 1,14 0.001 -1 -1 4.0676 140 14,1 0.001 0 1 13,1 0.001 -1 -1 13,2 0.001 -1 1 91.0372 380 14,14 0.001 0 1 13,13 0.001 1 1 14,13 0.001 0 1 64.0261 365 ::f,0,3 f,0,15 f,12,0 f,15,15 
183:1,2 0.002 -1 0 2,2 0.001 -1 1 3,0 0.001 1 0 6.0114 2 2,13 0.001 1 1 1,13 0.001 1 -1 1,14 0.001 -1 -1 4.0676 140 14,2 0.001 0 1 13,1 0.001 0 -1 13,2 0.001 -1 0 91.0382 380 14,14 0.001 -1 1 13,13 0.001 1 1 14,13 0.001 -1 1 64.0261 365 ::f,0,3 f,0,15 f,12,0 f,15,15 
184:1,2 0.002 -1 0 2,2 0.001 -1 0 3,0 0.001 1 0 6.0114 2 2,13 0.001 0 1 1,13 0.001 1 0 1,14 0.001 0 -1 4.0676 140 14,2 0.001 0 1 13,1 0.001 0 -1 13,2 0.001 -1 0 91.0382 380 14,14 0.001 -1 1 13,13 0.001 0 1 14,13 0.001 -1 1 64.0261 365 ::f,0,3 f,0,15 f,12,0 f,15,15 
185:1,2 0.002 -1 0 2,2 0.001 -1 0 3,0 0.001 1 0 6.0114 2 2,14 0.001 0 1 2,13 0.001 1 0 1,13 0.001 0 -1 4.0706 140 14,2 0.001 -1 1 13,1 0.001 1 -1 13,2 0.001 -1 -1 91.0382 380 14,14 0.001 -1 0 13,13 0.001 0 1 14,13 0.001 -1 0 64.0261 365 ::f,0,3 f,0,15 f,12,0 f,15,15 
186:1,2 0.002 -1 0 2,2 0.001 -1 0 3,0 0.001 1 0 6.0114 2 2,14 0.001 0 1 2,13 0.001 1 0 1,13 0.001 0 -1 4.0706 140 14,2 0.001 -1 1 13,1 0.001 1 -1 13,2 0.001 -1 -1 91.0382 380 13,14 0.001 -1 0 13,13 0.001 -1 1 14,13 0.001 -1 0 64.0271 365 ::f,0,3 f,0,15 f,12,0 f,15,15 
187:1,2 0.002 -1 0 2,2 0.001 -1 -1 3,0 0.001 1 0 6.0114 2 2,14 0.001 -1 1 2,13 0.001 1 1 1,13 0.001 1 -1 4.0706 140 14,2 0.001 -1 0 13,1 0.001 1 0 13,2 0.001 0 -1 91.0382 380 13,14 0.001 -1 0 13,13 0.001 -1 1 14,13 0.001 -1 -1 64.0271 365 ::f,0,3 f,0,15 f,12,0 f,15,15 
188:1,2 0.002 -1 0 2,2 0.001 -1 -1 3,0 0.001 1 0 6.0114 2 2,14 0.001 -1 1 2,13 0.001 1 1 1,13 0.001 1 -1 4.0706 140 14,2 0.001 -1 0 14,1 0.001 1 0 13,1 0.001 0 -1 91.0402 380 13,14 0.001 -1 -1 13,13 0.001 -1 0 14,13 0.001 -1 -1 64.0271 365 ::f,0,3 f,0,15 f,12,0 f,15,15 
189:1,2 0.002 -1 0 2,2 0.001 0 -1 3,0 0.001 1 0 6.0114 2 2,14 0.001 -1 0 2,13 0.001 0 1 1,13 0.001 1 0 4.0706 140 14,2 0.001 -1 0 14,1 0.001 1 0 13,1 0.001 0 -1 91.0402 380 13,14 0.001 -1 -1 13,13 0.001 -1 0 14,13 0.001 0 -1 64.0271 365 ::f,0,3 f,0,15 f,12,0 f,15,15 
190:1,2 0.002 -1 0 2,2 0.001 0 -1 3,0 0.001 1 0 6.0114 2 1,14 0.001 -1 0 2,14 0.001 0 1 2,13 0.001 1 0 4.0736 140 14,2 0.001 -1 -1 14,1 0.001 1 1 13,1 0.001 1 -1 91.0402 380 13,14 0.001 0 -1 13,13 0.001 -1 -1 14,13 0.001 0 -1 64.0271 365 ::f,0,3 f,0,15 f,12,0 f,15,15 
191:1,2 0.002 -1 0 2,2 0.001 1 -1 3,0 0.001 1 0 6.0114 2 1,14 0.001 -1 0 2,14 0.001 0 1 2,13 0.001 1 0 4.0736 140 14,2 0.001 -1 -1 14,1 0.001 1 1 13,1 0.001 1 -1 91.0402 380 13,14 0.001 0 -1 13,13 0.001 -1 -1 14,13 0.001 1 -1 64.0271 365 ::f,0,3 f,0,15 f,12,0 f,15,15 
192:1,2 0.002 -1 0 2,2 0.001 1 -1 3,0 0.001 1 0 6.0114 2 1,14 0.001 -1 -1 2,14 0.001 -1 1 2,13 0.001 1 1 4.0736 140 14,2 0.001 -1 -1 14,1 0.001 0 1 13,1 0.001 1 0 91.0402 380 13,14 0.001 0 -1 13,13 0.001 0 -1 14,13 0.001 1 -1 64.0271 365 ::f,0,3 f,0,15 f,12,0 f,15,15 
193:1,2 0.002 -1 0 2,2 0.001 1 0 3,0 0.001 1 0 6.0114 2 1,14 0.001 -1 -1 2,14 0.001 -1 1 2,13 0.001 1 1 4.0736 140 14,2 0.001 0 -1 14,1 0.001 0 1 13,1 0.001 1 0 91.0402 380 13,14 0.001 1 -1 13,13 0.001 0 -1 14,13 0.001 1 0 64.0271 365 ::f,0,3 f,0,15 f,12,0 f,15,15 
194:1,2 0.002 -1 0 2,2 0.001 1 0 3,0 0.001 1 0 6.0114 2 1,14 0.001 0 -1 2,14 0.001 -1 0 2,13 0.001 0 1 4.0736 140 14,2 0.001 0 -1 14,1 0.001 0 1 13,1 0.001 1 0 91.0402 380 13,14 0.001 1 -1 13,13 0.001 1 -1 14,13 0.001 1 0 64.0271 365 ::f,0,3 f,0,15 f,12,0 f,15,15 
195:1,2 0.002 -1 0 2,2 0.001 1 1 3,0 0.001 1 0 6.0114 2 1,13 0.001 0 -1 1,14 0.001 -1 0 2,14 0.001 0 1 4.0766 140 14,2 0.001 1 -1 14,1 0.001 -1 1 13,1 0.001 1 1 91.0402 380 13,14 0.001 1 0 13,13 0.001 1 -1 14,13 0.001 1 1 64.0271 365 ::f,0,3 f,0,15 f,12,0 f,15,15 
196:1,2 0.002 -1 0 2,2 0.001 1 1 3,0 0.001 1 0 6.0114 2 1,13 0.001 0 -1 1,14 0.001 -1 0 2,14 0.001 0 1 4.0766 140 14,2 0.001 1 -1 14,1 0.001 -1 1 13,1 0.001 1 1 91.0402 380 13,14 0.001 1 0 13,13 0.001 1 0 14,13 0.001 1 1 64.0271 365 ::f,0,3 f,0,15 f,12,0 f,15,15 
197:1,2 0.002 -1 0 2,2 0.001 0 1 3,0 0.001 1 0 6.0114 2 1,13 0.001 1 -1 1,14 0.001 -1 -1 2,14 0.001 -1 1 4.0766 140 14,2 0.001 1 0 14,1 0.001 -1 0 13,1 0.001 0 1 91.0402 380 13,14 0.001 1 1 13,13 0.001 1 0 14,13 0.001 0 1 64.0271 365 ::f,0,3 f,0,15 f,12,0 f,15,15 
198:1,2 0.002 -1 0 2,2 0.001 0 1 3,0 0.001 1 0 6.0114 2 1,13 0.001 1 -1 1,14 0.001 -1 -1 2,14 0.001 -1 1 4.0766 140 14,2 0.001 1 0 14,1 0.001 -1 0 13,1 0.001 0 1 91.0402 380 13,14 0.001 1 1 13,13 0.001 1 0 14,14 0.001 0 1 64.0281 365 ::f,0,3 f,0,15 f,12,0 f,15,15 
199:1,2 0.002 -1 0 2,2 0.001 -1 1 3,0 0.001 1 0 6.0114 2 1,13 0.001 1 0 1,14 0.001 0 -1 2,14 0.001 -1 0 4.0766 140 14,2 0.001 1 1 14,1 0.001 -1 -1 13,1 0.001 -1 1 91.0402 380 13,14 0.001 0 1 13,13 0.001 1 1 14,14 0.001 0 1 64.0281 365 ::f,0,3 f,0,15 f,12,0 f,15,15 
200:1,2 0.002 -1 0 2,2 0.001 -1 1 3,0 0.001 1 0 6.0114 2 2,13 0.001 1 0 1,13 0.001 0 -1 1,14 0.001 -1 0 4.0796 140 14,2 0.001 1 1 14,1 0.001 -1 -1 13,1 0.001 -1 1 91.0402 380 13,14 0.001 0 1 13,13 0.001 1 1 14,14 0.001 -1 1 64.0281 365 ::f,0,3 f,0,15 f,12,0 f,15,15 
201:1,2 0.002 -1 0 2,2 0.001 -1 0 3,0 0.001 1 0 6.0114 2 2,13 0.001 1 0 1,13 0.001 0 -1 1,14 0.001 -1 0 4.0796 140 14,2 0.001 0 1 14,1 0.001 0 -1 13,1 0.001 -1 0 91.0402 380 13,14 0.001 -1 1 13,13 0.001 1 1 14,14 0.001 -1 1 64.0281 365 ::f,0,3 f,0,15 f,12,0 f,15,15 
202:1,2 0.002 -1 0 2,2 0.001 -1 0 3,0 0.001 1 0 6.0114 2 2,13 0.001 1 1 1,13 0.001 1 -1 1,14 0.001 -1 -1 4.0796 140 14,2 0.001 0 1 14,1 0.001 0 -1 13,1 0.001 -1 0 91.0402 380 13,14 0.001 -1 1 13,13 0.001 0 1 14,14 0.001 -1 0 64.0281 365 ::f,0,3 f,0,15 f,12,0 f,15,15 
203:1,2 0.002 -1 0 2,2 0.001 -1 0 3,0 0.001 1 0 6.0114 2 2,13 0.001 1 1 1,13 0.001 1 -1 1,14 0.001 -1 -1 4.0796 140 14,2 0.001 -1 1 14,1 0.001 1 -1 13,1 0.001 -1 -1 91.0402 380 13,14 0.001 -1 0 13,13 0.001 0 1 14,14 0.001 -1 0 64.0281 365 ::f,0,3 f,0,15 f,12,0 f,15,15 
204:1,2 0.002 -1 0 2,2 0.001 -1 -1 3,0 0.001 1 0 6.0114 2 2,13 0.001 0 1 1,13 0.001 1 0 1,14 0.001 0 -1 4.0796 140 14,2 0.001 -1 1 14,1 0.001 1 -1 13,1 0.001 -1 -1 95.0403 395 13,14 0.001 -1 0 13,13 0.001 -1 1 14,14 0.001 -1 0 64.0281 365 ::f,0,3 f,0,15 f,12,3 f,15,15 
205:1,2 0.002 -1 0 2,2 0.001 -1 -1 3,0 0.001 1 0 6.0114 2 2,14 0.001 0 1 2,13 0.001 1 0 1,13 0.001 0 -1 4.0826 140 14,2 0.001 -1 0 14,1 0.001 1 0 13,1 0.001 0 -1 95.0403 395 13,14 0.001 -1 -1 13,13 0.001 -1 1 14,14 0.001 -1 -1 64.0281 365 ::f,0,3 f,0,15 f,12,3 f,15,15 
206:1,2 0.002 -1 0 2,2 0.001 0 -1 3,0 0.001 1 0 6.0114 2 2,14 0.001 0 1 2,13 0.001 1 0 1,13 0.001 0 -1 4.0826 140 13,2 0.001 -1 0 14,1 0.001 1 0 13,1 0.001 0 -1 95.0413 395 13,14 0.001 -1 -1 13,13 0.001 -1 0 14,14 0.001 -1 -1 64.0281 365 ::f,0,3 f,0,15 f,12,3 f,15,15 
207:1,2 0.002 -1 0 2,2 0.001 0 -1 3,0 0.001 1 0 6.0114 2 2,14 0.001 -1 1 2,13 0.001 1 1 1,13 0.001 1 -1 4.0826 140 13,2 0.001 -1 0 14,1 0.001 1 1 13,1 0.001 1 -1 95.0413 395 13,14 0.001 0 -1 13,13 0.001 -1 0 14,14 0.001 0 -1 64.0281 365 ::f,0,3 f,0,15 f,12,3 f,15,15 
208:1,2 0.002 -1 0 2,2 0.001 1 -1 3,0 0.001 1 0 6.0114 2 2,14 0.001 -1 1 2,13 0.001 1 1 1,13 0.001 1 -1 4.0826 140 13,2 0.001 -1 -1 14,1 0.001 1 1 13,1 0.001 1 -1 95.0413 395 13,14 0.001 0 -1 13,13 0.001 -1 -1 14,14 0.001 0 -1 64.0281 365 ::f,0,3 f,0,15 f,12,3 f,15,15 
209:1,2 0.002 -1 0 2,2 0.001 1 -1 3,0 0.001 1 0 6.0114 2 2,14 0.001 -1 0 2,13 0.001 0 1 1,13 0.001 1 0 4.0826 140 13,2 0.001 -1 -1 14,1 0.001 0 1 13,1 0.001 1 0 95.0413 395 13,14 0.001 0 -1 13,13 0.001 -1 -1 14,14 0.001 1 -1 64.0281 365 ::f,0,3 f,0,15 f,12,3 f,15,15 
210:1,2 0.002 -1 0 2,2 0.001 1 0 3,0 0.001 1 0 6.0114 2 1,14 0.001 -1 0 2,14 0.001 0 1 2,13 0.001 1 0 4.0856 140 13,2 0.001 0 -1 14,2 0.001 0 1 14,1 0.001 1 0 95.0433 395 13,14 0.001 1 -1 13,13 0.001 0 -1 14,14 0.001 1 -1 64.0281 365 ::f,0,3 f,0,15 f,12,3 f,15,15 
211:1,2 0.002 -1 0 2,2 0.001 1 0 3,0 0.001 1 0 6.0114 2 1,14 0.001 -1 0 2,14 0.001 0 1 2,13 0.001 1 0 4.0856 140 13,1 0.001 0 -1 14,2 0.001 0 1 14,1 0.001 1 0 95.0443 395 13,14 0.001 1 -1 13,13 0.001 0 -1 14,14 0.001 1 0 64.0281 365 ::f,0,3 f,0,15 f,12,3 f,15,15 
212:1,2 0.002 -1 0 2,2 0.001 1 1 3,0 0.001 1 0 6.0114 2 1,14 0.001 -1 -1 2,14 0.001 -1 1 2,13 0.001 1 1 4.0856 140 13,1 0.001 0 -1 14,2 0.001 -1 1 14,1 0.001 1 1 95.0443 395 13,14 0.001 1 0 13,13 0.001 1 -1 14,14 0.001 1 0 64.0281 365 ::f,0,3 f,0,15 f,12,3 f,15,15 
213:1,2 0.002 -1 0 2,2 0.001 1 1 3,0 0.001 1 0 6.0114 2 1,14 0.001 -1 -1 2,14 0.001 -1 1 2,13 0.001 1 1 4.0856 140 13,1 0.001 1 -1 14,2 0.001 -1 1 14,1 0.001 1 1 95.0443 395 13,14 0.001 1 0 13,13 0.001 1 -1 14,14 0.001 1 1 64.0281 365 ::f,0,3 f,0,15 f,12,3 f,15,15 
214:1,2 0.002 -1 0 2,2 0.001 0 1 3,0 0.001 1 0 6.0114 2 1,14 0.001 0 -1 2,14 0.001 -1 0 2,13 0.001 0 1 4.0856 140 13,1 0.001 1 -1 14,2 0.001 -1 0 14,1 0.001 0 1 95.0443 395 13,14 0.001 1 1 13,13 0.001 1 0 14,14 0.001 1 1 71.0282 380 ::f,0,3 f,0,15 f,12,3 f,14,12 
215:1,2 0.002 -1 0 2,2 0.001 0 1 3,0 0.001 1 0 6.0114 2 1,13 0.001 0 -1 1,14 0.001 -1 0 2,14 0.001 0 1 4.0886 140 13,1 0.001 1 0 13,2 0.001 -1 0 14,2 0.001 0 1 95.0463 395 13,14 0.001 1 1 14,13 0.001 1 0 14,14 0.001 0 1 71.0292 380 ::f,0,3 f,0,15 f,12,3 f,14,12 
216:1,2 0.002 -1 0 2,2 0.001 -1 1 3,0 0.001 1 0 6.0114 2 1,13 0.001 0 -1 1,14 0.001 -1 0 2,14 0.001 0 1 4.0886 140 14,1 0.001 1 0 13,2 0.001 -1 0 14,2 0.001 0 1 95.0473 395 13,14 0.001 0 1 14,13 0.001 1 0 14,14 0.001 0 1 71.0292 380 ::f,0,3 f,0,15 f,12,3 f,14,12 
217:1,2 0.002 -1 0 2,2 0.001 -1 1 3,0 0.001 1 0 6.0114 2 1,13 0.001 1 -1 1,14 0.001 -1 -1 2,14 0.001 -1 1 4.0886 140 14,1 0.001 1 0 13,2 0.001 -1 -1 14,2 0.001 -1 1 95.0473 395 13,14 0.001 0 1 14,13 0.001 1 1 14,14 0.001 -1 1 71.0292 380 ::f,0,3 f,0,15 f,12,3 f,14,12 
218:1,2 0.002 -1 0 2,2 0.001 -1 0 3,0 0.001 1 0 6.0114 2 1,13 0.001 1 -1 1,14 0.001 -1 -1 2,14 0.001 -1 1 4.0886 140 14,1 0.001 1 1 13,2 0.001 -1 -1 14,2 0.001 -1 1 95.0473 395 13,14 0.001 -1 1 14,13 0.001 1 1 14,14 0.001 -1 1 71.0292 380 ::f,0,3 f,0,15 f,12,3 f,14,12 
219:1,2 0.002 -1 0 2,2 0.001 -1 0 3,0 0.001 1 0 6.0114 2 1,13 0.001 1 0 1,14 0.001 0 -1 2,14 0.001 -1 0 4.0886 140 14,1 0.001 1 1 13,2 0.001 0 -1 14,2 0.001 -1 0 95.0473 395 13,14 0.001 -1 1 14,13 0.001 0 1 14,14 0.001 -1 0 71.0292 380 ::f,0,3 f,0,15 f,12,3 f,14,12 
220:1,2 0.002 -1 0 2,2 0.001 -1 0 3,0 0.001 1 0 6.0114 2 2,13 0.001 1 0 1,13 0.001 0 -1 1,14 0.001 -1 0 4.0916 140 14,1 0.001 0 1 13,1 0.001 0 -1 13,2 0.001 -1 0 95.0493 395 13,14 0.001 -1 0 14,13 0.001 0 1 14,14 0.001 -1 0 71.0292 380 ::f,0,3 f,0,15 f,12,3 f,14,12 
221:1,2 0.002 -1 0 2,2 0.001 -1 -1 3,0 0.001 1 0 6.0114 2 2,13 0.001 1 0 1,13 0.001 0 -1 1,14 0.001 -1 0 4.0916 140 14,2 0.001 0 1 13,1 0.001 0 -1 13,2 0.001 -1 0 95.0503 395 13,14 0.001 -1 0 14,13 0.001 0 1 14,14 0.001 -1 0 71.0292 380 ::f,0,3 f,0,15 f,12,3 f,14,12 
222:1,2 0.002 -1 0 2,2 0.001 -1 -1 3,0 0.001 1 0 6.0114 2 2,13 0.001 1 1 1,13 0.001 1 -1 1,14 0.001 -1 -1 4.0916 140 14,2 0.001 0 1 13,1 0.001 1 -1 13,2 0.001 -1 -1 95.0503 395 13,14 0.001 -1 -1 14,13 0.001 -1 1 14,14 0.001 -1 -1 71.0292 380 ::f,0,3 f,0,15 f,12,3 f,14,12 
223:1,2 0.002 -1 0 2,2 0.001 0 -1 3,0 0.001 1 0 6.0114 2 2,13 0.001 1 1 1,13 0.001 1 -1 1,14 0.001 -1 -1 4.0916 140 14,2 0.001 -1 1 13,1 0.001 1 -1 13,2 0.001 -1 -1 95.0503 395 13,14 0.001 -1 -1 14,13 0.001 -1 1 14,14 0.001 -1 -1 71.0292 380 ::f,0,3 f,0,15 f,12,3 f,14,12 
224:1,2 0.002 -1 0 2,2 0.001 0 -1 3,0 0.001 1 0 6.0114 2 2,13 0.001 0 1 1,13 0.001 1 0 1,14 0.001 0 -1 4.0916 140 14,2 0.001 -1 1 13,1 0.001 1 0 13,2 0.001 0 -1 95.0503 395 13,14 0.001 0 -1 14,13 0.001 -1 0 14,14 0.001 0 -1 71.0292 380 ::f,0,3 f,0,15 f,12,3 f,14,12 
225:1,2 0.002 -1 0 2,2 0.001 1 -1 3,0 0.001 1 0 6.0114 2 2,14 0.001 0 1 2,13 0.001 1 0 1,13 0.001 0 -1 4.0946 140 14,2 0.001 -1 0 14,1 0.001 1 0 13,1 0.001 0 -1 95.0523 395 13,13 0.001 0 -1 14,13 0.001 -1 0 14,14 0.001 0 -1 71.0302 380 ::f,0,3 f,0,15 f,12,3 f,14,12 
226:1,2 0.002 -1 0 2,2 0.001 1 -1 3,0 0.001 1 0 6.0114 2 2,14 0.001 0 1 2,13 0.001 1 0 1,13 0.001 0 -1 4.0946 140 13,2 0.001 -1 0 14,1 0.001 1 0 13,1 0.001 0 -1 95.0533 395 13,13 0.001 0 -1 14,13 0.001 -1 -1 14,14 0.001 0 -1 71.0302 380 ::f,0,3 f,0,15 f,12,3 f,14,12 
227:1,2 0.002 -1 0 2,2 0.001 1 0 3,0 0.001 1 0 6.0114 2 2,14 0.001 -1 1 2,13 0.001 1 1 1,13 0.001 1 -1 4.0946 140 13,2 0.001 -1 0 14,1 0.001 1 1 13,1 0.001 1 -1 95.0533 395 13,13 0.001 1 -1 14,13 0.001 -1 -1 14,14 0.001 1 -1 71.0302 380 ::f,0,3 f,0,15 f,12,3 f,14,12 
228:1,2 0.002 -1 0 2,2 0.001 1 0 3,0 0.001 1 0 6.0114 2 2,14 0.001 -1 1 2,13 0.001 1 1 1,13 0.001 1 -1 4.0946 140 13,2 0.001 -1 -1 14,1 0.001 1 1 13,1 0.001 1 -1 95.0533 395 13,13 0.001 1 -1 14,13 0.001 0 -1 14,14 0.001 1 -1 87.0304 410 ::f,0,3 f,0,15 f,12,3 f,12,14 
229:1,2 0.002 -1 0 2,2 0.001 1 1 3,0 0.001 1 0 6.0114 2 2,14 0.001 -1 0 2,13 0.001 0 1 1,13 0.001 1 0 4.0946 140 13,2 0.001 -1 -1 14,1 0.001 0 1 13,1 0.001 1 0 95.0533 395 13,13 0.001 1 0 14,13 0.001 0 -1 14,14 0.001 1 0 87.0304 410 ::f,0,3 f,0,15 f,12,3 f,12,14 
230:1,2 0.002 -1 0 2,2 0.001 1 1 3,0 0.001 1 0 6.0114 2 1,14 0.001 -1 0 2,14 0.001 0 1 2,13 0.001 1 0 4.0976 140 13,2 0.001 0 -1 14,2 0.001 0 1 14,1 0.001 1 0 95.0553 395 13,13 0.001 1 0 14,13 0.001 1 -1 14,14 0.001 1 0 87.0304 410 ::f,0,3 f,0,15 f,12,3 f,12,14 
231:1,2 0.002 -1 0 2,2 0.001 0 1 3,0 0.001 1 0 6.0114 2 1,14 0.001 -1 0 2,14 0.001 0 1 2,13 0.001 1 0 4.0976 140 13,1 0.001 0 -1 14,2 0.001 0 1 14,1 0.001 1 0 95.0563 395 13,13 0.001 1 0 14,13 0.001 1 -1 14,14 0.001 1 1 87.0304 410 ::f,0,3 f,0,15 f,12,3 f,12,14 
232:1,2 0.002 -1 0 2,2 0.001 0 1 3,0 0.001 1 0 6.0114 2 1,14 0.001 -1 -1 2,14 0.001 -1 1 2,13 0.001 1 1 4.0976 140 13,1 0.001 0 -1 14,2 0.001 -1 1 14,1 0.001 1 1 95.0563 395 13,13 0.001 1 1 14,13 0.001 1 0 14,14 0.001 1 1 87.0304 410 ::f,0,3 f,0,15 f,12,3 f,12,14 
233:1,2 0.002 -1 0 2,2 0.001 -1 1 3,0 0.001 1 0 6.0114 2 1,14 0.001 -1 -1 2,14 0.001 -1 1 2,13 0.001 1 1 4.0976 140 13,1 0.001 1 -1 14,2 0.001 -1 1 14,1 0.001 1 1 95.0563 395 13,13 0.001 1 1 14,13 0.001 1 0 14,14 0.001 0 1 87.0304 410 ::f,0,3 f,0,15 f,12,3 f,12,14 
234:1,2 0.002 -1 0 2,2 0.001 -1 1 3,0 0.001 1 0 6.0114 2 1,14 0.001 0 -1 2,14 0.001 -1 0 2,13 0.001 0 1 4.0976 140 13,1 0.001 1 -1 14,2 0.001 -1 0 14,1 0.001 0 1 95.0563 395 13,13 0.001 0 1 14,13 0.001 1 1 14,14 0.001 0 1 87.0304 410 ::f,0,3 f,0,15 f,12,3 f,12,14 
235:1,2 0.002 -1 0 2,2 0.001 -1 0 3,0 0.001 1 0 6.0114 2 1,13 0.001 0 -1 1,14 0.001 -1 0 2,14 0.001 0 1 4.1006 140 13,1 0.001 1 0 13,2 0.001 -1 0 14,2 0.001 0 1 95.0583 395 13,13 0.001 0 1 14,13 0.001 1 1 14,14 0.001 -1 1 87.0304 410 ::f,0,3 f,0,15 f,12,3 f,12,14 
236:1,2 0.002 -1 0 2,2 0.001 -1 0 3,0 0.001 1 0 6.0114 2 1,13 0.001 0 -1 1,14 0.001 -1 0 2,14 0.001 0 1 4.1006 140 14,1 0.001 1 0 13,2 0.001 -1 0 14,2 0.001 0 1 95.0593 395 13,13 0.001 -1 1 14,13 0.001 0 1 14,14 0.001 -1 1 87.0304 410 ::f,0,3 f,0,15 f,12,3 f,12,14 
237:1,2 0.002 -1 0 2,2 0.001 -1 0 3,0 0.001 1 0 6.0114 2 1,13 0.001 1 -1 1,14 0.001 -1 -1 2,14 0.001 -1 1 4.1006 140 14,1 0.001 1 0 13,2 0.001 -1 -1 14,2 0.001 -1 1 95.0593 395 13,13 0.001 -1 1 14,13 0.001 0 1 14,14 0.001 -1 0 96.0305 425 ::f,0,3 f,0,15 f,12,3 f,13,14 
238:1,2 0.002 -1 0 2,2 0.001 -1 -1 3,0 0.001 1 0 6.0114 2 1,13 0.001 1 -1 1,14 0.001 -1 -1 2,14 0.001 -1 1 4.1006 140 14,1 0.001 1 1 13,2 0.001 -1 -1 14,2 0.001 -1 1 95.0593 395 13,13 0.001 -1 0 14,13 0.001 0 1 14,14 0.001 -1 0 96.0305 425 ::f,0,3 f,0,15 f,12,3 f,13,14 
239:1,2 0.002 -1 0 2,2 0.001 -1 -1 3,0 0.001 1 0 6.0114 2 1,13 0.001 1 0 1,14 0.001 0 -1 2,14 0.001 -1 0 4.1006 140 14,1 0.001 1 1 13,2 0.001 0 -1 14,2 0.001 -1 0 95.0593 395 13,13 0.001 -1 0 14,13 0.001 -1 1 14,14 0.001 -1 0 105.031 440 ::f,0,3 f,0,15 f,12,3 f,15,12 
240:1,2 0.002 -1 0 2,2 0.001 0 -1 3,0 0.001 1 0 6.0114 2 2,13 0.001 1 0 1,13 0.001 0 -1 1,14 0.001 -1 0 4.1036 140 14,1 0.001 0 1 13,1 0.001 0 -1 13,2 0.001 -1 0 95.0613 395 13,13 0.001 -1 -1 14,13 0.001 -1 1 14,14 0.001 -1 -1 105.031 440 ::f,0,3 f,0,15 f,12,3 f,15,12 
241:1,2 0.002 -1 0 2,2 0.001 0 -1 3,0 0.001 1 0 6.0114 2 2,13 0.001 1 0 1,13 0.001 0 -1 1,14 0.001 -1 0 4.1036 140 14,2 0.001 0 1 13,1 0.001 0 -1 13,2 0.001 -1 0 95.0623 395 13,13 0.001 -1 -1 14,13 0.001 -1 0 14,14 0.001 -1 -1 105.031 440 ::f,0,3 f,0,15 f,12,3 f,15,12 
242:1,2 0.002 -1 0 2,2 0.001 1 -1 3,0 0.001 1 0 6.0114 2 2,13 0.001 1 1 1,13 0.001 1 -1 1,14 0.001 -1 -1 4.1036 140 14,2 0.001 0 1 13,1 0.001 1 -1 13,2 0.001 -1 -1 95.0623 395 13,13 0.001 0 -1 14,13 0.001 -1 0 14,14 0.001 0 -1 105.031 440 ::f,0,3 f,0,15 f,12,3 f,15,12 
243:1,2 0.002 -1 0 2,2 0.001 1 -1 3,0 0.001 1 0 6.0114 2 2,13 0.001 1 1 1,13 0.001 1 -1 1,14 0.001 -1 -1 4.1036 140 14,2 0.001 -1 1 13,1 0.001 1 -1 13,2 0.001 -1 -1 95.0623 395 13,13 0.001 0 -1 14,13 0.001 -1 -1 14,14 0.001 0 -1 105.031 440 ::f,0,3 f,0,15 f,12,3 f,15,12 
244:1,2 0.002 -1 0 2,2 0.001 1 0 3,0 0.001 1 0 6.0114 2 2,13 0.001 0 1 1,13 0.001 1 0 1,14 0.001 0 -1 4.1036 140 14,2 0.001 -1 1 13,1 0.001 1 0 13,2 0.001 0 -1 95.0623 395 13,13 0.001 1 -1 14,13 0.001 -1 -1 14,14 0.001 1 -1 105.031 440 ::f,0,3 f,0,15 f,12,3 f,15,12 
245:1,2 0.002 -1 0 2,2 0.001 1 0 3,0 0.001 1 0 6.0114 2 2,14 0.001 0 1 2,13 0.001 1 0 1,13 0.001 0 -1 4.1066 140 14,2 0.001 -1 0 14,1 0.001 1 0 13,1 0.001 0 -1 95.0643 395 13,13 0.001 1 -1 14,13 0.001 0 -1 14,14 0.001 1 -1 105.031 440 ::f,0,3 f,0,15 f,12,3 f,15,12 
246:1,2 0.002 -1 0 2,2 0.001 1 1 3,0 0.001 1 0 6.0114 2 2,14 0.001 0 1 2,13 0.001 1 0 1,13 0.001 0 -1 4.1066 140 13,2 0.001 -1 0 14,1 0.001 1 0 13,1 0.001 0 -1 95.0653 395 13,13 0.001 1 0 14,13 0.001 0 -1 14,14 0.001 1 0 105.031 440 ::f,0,3 f,0,15 f,12,3 f,15,12 
247:1,2 0.002 -1 0 2,2 0.001 1 1 3,0 0.001 1 0 6.0114 2 2,14 0.001 -1 1 2,13 0.001 1 1 1,13 0.001 1 -1 4.1066 140 13,2 0.001 -1 0 14,1 0.001 1 1 13,1 0.001 1 -1 95.0653 395 13,13 0.001 1 0 14,13 0.001 1 -1 14,14 0.001 1 0 105.031 440 ::f,0,3 f,0,15 f,12,3 f,15,12 
248:1,2 0.002 -1 0 2,2 0.001 0 1 3,0 0.001 1 0 6.0114 2 2,14 0.001 -1 1 2,13 0.001 1 1 1,13 0.001 1 -1 4.1066 140 13,2 0.001 -1 -1 14,1 0.001 1 1 13,1 0.001 1 -1 95.0653 395 13,13 0.001 1 0 14,13 0.001 1 -1 14,14 0.001 1 1 111.031 455 ::f,0,3 f,0,15 f,12,3 f,15,12 
249:1,2 0.002 -1 0 2,2 0.001 0 1 3,0 0.001 1 0 6.0114 2 2,14 0.001 -1 0 2,13 0.001 0 1 1,13 0.001 1 0 4.1066 140 13,2 0.001 -1 -1 14,1 0.001 0 1 13,1 0.001 1 0 95.0653 395 13,13 0.001 1 1 14,13 0.001 1 0 14,14 0.001 1 1 111.031 455 ::f,0,3 f,0,15 f,12,3 f,15,12 
250:1,2 0.002 -1 0 2,2 0.001 -1 1 3,0 0.001 1 0 6.0114 2 1,14 0.001 -1 0 2,14 0.001 0 1 2,13 0.001 1 0 4.1096 140 13,2 0.001 0 -1 14,2 0.001 0 1 14,1 0.001 1 0 95.0673 395 13,13 0.001 1 1 14,13 0.001 1 0 14,14 0.001 0 1 111.031 455 ::f,0,3 f,0,15 f,12,3 f,15,12 
251:1,2 0.002 -1 0 2,2 0.001 -1 1 3,0 0.001 1 0 6.0114 2 1,14 0.001 -1 0 2,14 0.001 0 1 2,13 0.001 1 0 4.1096 140 13,1 0.001 0 -1 14,2 0.001 0 1 14,1 0.001 1 0 95.0683 395 13,13 0.001 0 1 14,13 0.001 1 1 14,14 0.001 0 1 111.031 455 ::f,0,3 f,0,15 f,12,3 f,15,12 
252:1,2 0.002 -1 0 2,2 0.001 -1 0 3,0 0.001 1 0 6.0114 2 1,14 0.001 -1 -1 2,14 0.001 -1 1 2,13 0.001 1 1 4.1096 140 13,1 0.001 0 -1 14,2 0.001 -1 1 14,1 0.001 1 1 95.0683 395 13,13 0.001 0 1 14,13 0.001 1 1 14,14 0.001 -1 1 111.031 455 ::f,0,3 f,0,15 f,12,3 f,15,12 
253:1,2 0.002 -1 0 2,2 0.001 -1 0 3,0 0.001 1 0 6.0114 2 1,14 0.001 -1 -1 2,14 0.001 -1 1 2,13 0.001 1 1 4.1096 140 13,1 0.001 1 -1 14,2 0.001 -1 1 14,1 0.001 1 1 95.0683 395 13,13 0.001 -1 1 14,13 0.001 0 1 14,14 0.001 -1 1 111.031 455 ::f,0,3 f,0,15 f,12,3 f,15,12 
254:1,2 0.002 -1 0 2,2 0.001 -1 0 3,0 0.001 1 0 6.0114 2 1,14 0.001 0 -1 2,14 0.001 -1 0 2,13 0.001 0 1 4.1096 140 13,1 0.001 1 -1 14,2 0.001 -1 0 14,1 0.001 0 1 95.0683 395 13,13 0.001 -1 1 14,13 0.001 0 1 14,14 0.001 -1 0 111.031 455 ::f,0,3 f,0,15 f,12,3 f,15,12 
255:1,2 0.002 -1 0 2,2 0.001 -1 -1 3,0 0.001 1 0 6.0114 2 1,13 0.001 0 -1 1,14 0.001 -1 0 2,14 0.001 0 1 4.1126 140 13,1 0.001 1 0 13,2 0.001 -1 0 14,2 0.001 0 1 95.0703 395 13,13 0.001 -1 0 14,13 0.001 0 1 13,14 0.001 -1 0 111.032 455 ::f,0,3 f,0,15 f,12,3 f,15,12 
256:1,2 0.002 -1 0 2,2 0.001 -1 -1 3,0 0.001 1 0 6.0114 2 1,13 0.001 0 -1 1,14 0.001 -1 0 2,14 0.001 0 1 4.1126 140 14,1 0.001 1 0 13,2 0.001 -1 0 14,2 0.001 0 1 95.0713 395 13,13 0.001 -1 0 14,13 0.001 -1 1 13,14 0.001 -1 0 111.032 455 ::f,0,3 f,0,15 f,12,3 f,15,12 
257:1,2 0.002 -1 0 2,2 0.001 0 -1 3,0 0.001 1 0 6.0114 2 1,13 0.001 1 -1 1,14 0.001 -1 -1 2,14 0.001 -1 1 4.1126 140 14,1 0.001 1 0 13,2 0.001 -1 -1 14,2 0.001 -1 1 95.0713 395 13,13 0.001 -1 -1 14,13 0.001 -1 1 13,14 0.001 -1 -1 111.032 455 ::f,0,3 f,0,15 f,12,3 f,15,12 
258:1,2 0.002 -1 0 2,2 0.001 0 -1 3,0 0.001 1 0 6.0114 2 1,13 0.001 1 -1 1,14 0.001 -1 -1 2,14 0.001 -1 1 4.1126 140 14,1 0.001 1 1 13,2 0.001 -1 -1 14,2 0.001 -1 1 95.0713 395 13,13 0.001 -1 -1 14,13 0.001 -1 0 13,14 0.001 -1 -1 111.032 455 ::f,0,3 f,0,15 f,12,3 f,15,12 
259:1,2 0.002 -1 0 2,2 0.001 1 -1 3,0 0.001 1 0 6.0114 2 1,13 0.001 1 0 1,14 0.001 0 -1 2,14 0.001 -1 0 4.1126 140 14,1 0.001 1 1 13,2 0.001 0 -1 14,2 0.001 -1 0 95.0713 395 13,13 0.001 0 -1 14,13 0.001 -1 0 13,14 0.001 0 -1 111.032 455 ::f,0,3 f,0,15 f,12,3 f,15,12 
260:1,2 0.002 -1 0 2,2 0.001 1 -1 3,0 0.001 1 0 6.0114 2 2,13 0.001 1 0 1,13 0.001 0 -1 1,14 0.001 -1 0 4.1156 140 14,1 0.001 0 1 13,1 0.001 0 -1 13,2 0.001 -1 0 95.0733 395 13,13 0.001 0 -1 14,13 0.001 -1 -1 13,14 0.001 0 -1 111.032 455 ::f,0,3 f,0,15 f,12,3 f,15,12 
261:1,2 0.002 -1 0 2,2 0.001 1 0 3,0 0.001 1 0 6.0114 2 2,13 0.001 1 0 1,13 0.001 0 -1 1,14 0.001 -1 0 4.1156 140 14,2 0.001 0 1 13,1 0.001 0 -1 13,2 0.001 -1 0 95.0743 395 13,13 0.001 1 -1 14,13 0.001 -1 -1 13,14 0.001 0 -1 111.032 455 ::f,0,3 f,0,15 f,12,3 f,15,12 
262:1,2 0.002 -1 0 2,2 0.001 1 0 3,0 0.001 1 0 6.0114 2 2,13 0.001 1 1 1,13 0.001 1 -1 1,14 0.001 -1 -1 4.1156 140 14,2 0.001 0 1 13,1 0.001 1 -1 13,2 0.001 -1 -1 95.0743 395 13,13 0.001 1 -1 14,13 0.001 0 -1 13,14 0.001 1 -1 111.032 455 ::f,0,3 f,0,15 f,12,3 f,15,12 
263:1,2 0.002 -1 0 2,2 0.001 1 1 3,0 0.001 1 0 6.0114 2 2,13 0.001 1 1 1,13 0.001 1 -1 1,14 0.001 -1 -1 4.1156 140 14,2 0.001 -1 1 13,1 0.001 1 -1 13,2 0.001 -1 -1 95.0743 395 13,13 0.001 1 0 14,13 0.001 0 -1 13,14 0.001 1 -1 111.032 455 ::f,0,3 f,0,15 f,12,3 f,15,12 
264:1,2 0.002 -1 0 2,2 0.001 1 1 3,0 0.001 1 0 6.0114 2 2,13 0.001 0 1 1,13 0.001 1 0 1,14 0.001 0 -1 4.1156 140 14,2 0.001 -1 1 13,1 0.001 1 0 13,2 0.001 0 -1 95.0743 395 13,13 0.001 1 0 14,13 0.001 1 -1 13,14 0.001 1 -1 111.032 455 ::f,0,3 f,0,15 f,12,3 f,15,12 
265:1,2 0.002 -1 0 2,2 0.001 0 1 3,0 0.001 1 0 6.0114 2 2,14 0.001 0 1 2,13 0.001 1 0 1,13 0.001 0 -1 4.1186 140 14,2 0.001 -1 0 14,1 0.001 1 0 13,1 0.001 0 -1 95.0763 395 13,13 0.001 1 0 14,13 0.001 1 -1 13,14 0.001 1 0 118.032 470 ::f,0,3 f,0,15 f,12,3 f,13,15 
266:1,2 0.002 -1 0 2,2 0.001 0 1 3,0 0.001 1 0 6.0114 2 2,14 0.001 0 1 2,13 0.001 1 0 1,13 0.001 0 -1 4.1186 140 13,2 0.001 -1 0 14,1 0.001 1 0 13,1 0.001 0 -1 95.0773 395 13,13 0.001 1 1 14,13 0.001 1 0 13,14 0.001 1 1 118.032 470 ::f,0,3 f,0,15 f,12,3 f,13,15 
267:1,2 0.002 -1 0 2,2 0.001 -1 1 3,0 0.001 1 0 6.0114 2 2,14 0.001 -1 1 2,13 0.001 1 1 1,13 0.001 1 -1 4.1186 140 13,2 0.001 -1 0 14,1 0.001 1 1 13,1 0.001 1 -1 95.0773 395 13,13 0.001 1 1 14,13 0.001 1 0 13,14 0.001 1 1 118.032 470 ::f,0,3 f,0,15 f,12,3 f,13,15 
268:1,2 0.002 -1 0 2,2 0.001 -1 1 3,0 0.001 1 0 6.0114 2 2,14 0.001 -1 1 2,13 0.001 1 1 1,13 0.001 1 -1 4.1186 140 13,2 0.001 -1 -1 14,1 0.001 1 1 13,1 0.001 1 -1 95.0773 395 13,13 0.001 0 1 14,13 0.001 1 1 13,14 0.001 0 1 118.032 470 ::f,0,3 f,0,15 f,12,3 f,13,15 
269:1,2 0.002 -1 0 2,2 0.001 -1 0 3,0 0.001 1 0 6.0114 2 2,14 0.001 -1 0 2,13 0.001 0 1 1,13 0.001 1 0 4.1186 140 13,2 0.001 -1 -1 14,1 0.001 0 1 13,1 0.001 1 0 95.0773 395 13,13 0.001 0 1 14,13 0.001 1 1 13,14 0.001 0 1 128.032 485 ::f,0,3 f,0,15 f,12,3 f,15,13 
270:1,2 0.002 -1 0 2,2 0.001 -1 0 3,0 0.001 1 0 6.0114 2 1,14 0.001 -1 0 2,14 0.001 0 1 2,13 0.001 1 0 4.1216 140 13,2 0.001 0 -1 14,2 0.001 0 1 14,1 0.001 1 0 95.0793 395 13,13 0.001 0 1 14,13 0.001 0 1 13,14 0.001 -1 1 128.032 485 ::f,0,3 f,0,15 f,12,3 f,15,13 
271:1,2 0.002 -1 0 2,2 0.001 -1 0 3,0 0.001 1 0 6.0114 2 1,14 0.001 -1 0 2,14 0.001 0 1 2,13 0.001 1 0 4.1216 140 13,1 0.001 0 -1 14,2 0.001 0 1 14,1 0.001 1 0 95.0803 395 13,13 0.001 -1 1 14,14 0.001 0 1 13,14 0.001 -1 1 128.033 485 ::f,0,3 f,0,15 f,12,3 f,15,13 
272:1,2 0.002 -1 0 2,2 0.001 -1 -1 3,0 0.001 1 0 6.0114 2 1,14 0.001 -1 -1 2,14 0.001 -1 1 2,13 0.001 1 1 4.1216 140 13,1 0.001 0 -1 14,2 0.001 -1 1 14,1 0.001 1 1 95.0803 395 13,13 0.001 -1 1 14,14 0.001 0 1 13,14 0.001 -1 0 128.033 485 ::f,0,3 f,0,15 f,12,3 f,15,13 
273:1,2 0.002 -1 0 2,2 0.001 -1 -1 3,0 0.001 1 0 6.0114 2 1,14 0.001 -1 -1 2,14 0.001 -1 1 2,13 0.001 1 1 4.1216 140 13,1 0.001 1 -1 14,2 0.001 -1 1 14,1 0.001 1 1 95.0803 395 13,13 0.001 -1 0 14,14 0.001 -1 1 13,14 0.001 -1 0 128.033 485 ::f,0,3 f,0,15 f,12,3 f,15,13 
274:1,2 0.002 -1 0 2,2 0.001 0 -1 3,0 0.001 1 0 6.0114 2 1,14 0.001 0 -1 2,14 0.001 -1 0 2,13 0.001 0 1 4.1216 140 13,1 0.001 1 -1 14,2 0.001 -1 0 14,1 0.001 0 1 95.0803 395 13,13 0.001 -1 0 14,14 0.001 -1 1 13,14 0.001 -1 -1 128.033 485 ::f,0,3 f,0,15 f,12,3 f,15,13 
275:1,2 0.002 -1 0 2,2 0.001 0 -1 3,0 0.001 1 0 6.0114 2 1,13 0.001 0 -1 1,14 0.001 -1 0 2,14 0.001 0 1 4.1246 140 13,1 0.001 1 0 13,2 0.001 -1 0 14,2 0.001 0 1 95.0823 395 13,13 0.001 -1 -1 14,14 0.001 -1 0 13,14 0.001 -1 -1 128.033 485 ::f,0,3 f,0,15 f,12,3 f,15,13 
276:1,2 0.002 -1 0 2,2 0.001 1 -1 3,0 0.001 1 0 6.0114 2 1,13 0.001 0 -1 1,14 0.001 -1 0 2,14 0.001 0 1 4.1246 140 14,1 0.001 1 0 13,2 0.001 -1 0 14,2 0.001 0 1 95.0833 395 13,13 0.001 -1 -1 14,14 0.001 -1 0 13,14 0.001 0 -1 128.033 485 ::f,0,3 f,0,15 f,12,3 f,15,13 
277:1,2 0.002 -1 0 2,2 0.001 1 -1 3,0 0.001 1 0 6.0114 2 1,13 0.001 1 -1 1,14 0.001 -1 -1 2,14 0.001 -1 1 4.1246 140 14,1 0.001 1 0 13,2 0.001 -1 -1 14,2 0.001 -1 1 95.0833 395 13,13 0.001 0 -1 14,14 0.001 -1 0 13,14 0.001 0 -1 128.033 485 ::f,0,3 f,0,15 f,12,3 f,15,13 
278:1,2 0.002 -1 0 2,2 0.001 1 0 3,0 0.001 1 0 6.0114 2 1,13 0.001 1 -1 1,14 0.001 -1 -1 2,14 0.001 -1 1 4.1246 140 14,1 0.001 1 1 13,2 0.001 -1 -1 14,2 0.001 -1 1 95.0833 395 13,13 0.001 0 -1 14,14 0.001 -1 -1 13,14 0.001 0 -1 128.033 485 ::f,0,3 f,0,15 f,12,3 f,15,13 
279:1,2 0.002 -1 0 2,2 0.001 1 0 3,0 0.001 1 0 6.0114 2 1,13 0.001 1 0 1,14 0.001 0 -1 2,14 0.001 -1 0 4.1246 140 14,1 0.001 1 1 13,2 0.001 0 -1 14,2 0.001 -1 0 95.0833 395 13,13 0.001 1 -1 14,14 0.001 -1 -1 13,14 0.001 1 -1 128.033 485 ::f,0,3 f,0,15 f,12,3 f,15,13 
280:1,2 0.002 -1 0 2,2 0.001 1 1 3,0 0.001 1 0 6.0114 2 2,13 0.001 1 0 1,13 0.001 0 -1 1,14 0.001 -1 0 4.1276 140 14,1 0.001 0 1 13,1 0.001 0 -1 13,2 0.001 -1 0 95.0853 395 13,13 0.001 1 -1 14,14 0.001 0 -1 13,14 0.001 1 -1 128.033 485 ::f,0,3 f,0,15 f,12,3 f,15,13 
281:1,2 0.002 -1 0 2,2 0.001 1 1 3,0 0.001 1 0 6.0114 2 2,13 0.001 1 0 1,13 0.001 0 -1 1,14 0.001 -1 0 4.1276 140 14,2 0.001 0 1 13,1 0.001 0 -1 13,2 0.001 -1 0 95.0863 395 13,13 0.001 1 0 14,14 0.001 0 -1 13,14 0.001 1 0 128.033 485 ::f,0,3 f,0,15 f,12,3 f,15,13 
282:1,2 0.002 -1 0 2,2 0.001 0 1 3,0 0.001 1 0 6.0114 2 2,13 0.001 1 1 1,13 0.001 1 -1 1,14 0.001 -1 -1 4.1276 140 14,2 0.001 0 1 13,1 0.001 1 -1 13,2 0.001 -1 -1 95.0863 395 14,13 0.001 1 0 14,14 0.001 1 -1 13,14 0.001 1 0 128.034 485 ::f,0,3 f,0,15 f,12,3 f,15,13 
283:1,2 0.002 -1 0 2,2 0.001 0 1 3,0 0.001 1 0 6.0114 2 2,13 0.001 1 1 1,13 0.001 1 -1 1,14 0.001 -1 -1 4.1276 140 14,2 0.001 -1 1 13,1 0.001 1 -1 13,2 0.001 -1 -1 95.0863 395 14,13 0.001 1 0 14,14 0.001 1 -1 13,14 0.001 1 1 138.034 500 ::f,0,3 f,0,15 f,12,3 f,14,12 
284:1,2 0.002 -1 0 2,2 0.001 -1 1 3,0 0.001 1 0 6.0114 2 2,13 0.001 0 1 1,13 0.001 1 0 1,14 0.001 0 -1 4.1276 140 14,2 0.001 -1 1 13,1 0.001 1 0 13,2 0.001 0 -1 95.0863 395 14,13 0.001 1 1 14,14 0.001 1 0 13,14 0.001 1 1 138.034 500 ::f,0,3 f,0,15 f,12,3 f,14,12 
285:1,2 0.002 -1 0 2,2 0.001 -1 1 3,0 0.001 1 0 6.0114 2 2,14 0.001 0 1 2,13 0.001 1 0 1,13 0.001 0 -1 4.1306 140 14,2 0.001 -1 0 14,1 0.001 1 0 13,1 0.001 0 -1 95.0883 395 14,13 0.001 1 1 14,14 0.001 1 0 13,14 0.001 0 1 138.034 500 ::f,0,3 f,0,15 f,12,3 f,14,12 
286:1,2 0.002 -1 0 2,2 0.001 -1 0 3,0 0.001 1 0 6.0114 2 2,14 0.001 0 1 2,13 0.001 1 0 1,13 0.001 0 -1 4.1306 140 13,2 0.001 -1 0 14,1 0.001 1 0 13,1 0.001 0 -1 95.0893 395 14,13 0.001 0 1 14,14 0.001 1 1 13,14 0.001 0 1 138.034 500 ::f,0,3 f,0,15 f,12,3 f,14,12 
287:1,2 0.002 -1 0 2,2 0.001 -1 0 3,0 0.001 1 0 6.0114 2 2,14 0.001 -1 1 2,13 0.001 1 1 1,13 0.001 1 -1 4.1306 140 13,2 0.001 -1 0 14,1 0.001 1 1 13,1 0.001 1 -1 95.0893 395 14,13 0.001 0 1 14,14 0.001 1 1 13,14 0.001 -1 1 138.034 500 ::f,0,3 f,0,15 f,12,3 f,14,12 
288:1,2 0.002 -1 0 2,2 0.001 -1 0 3,0 0.001 1 0 6.0114 2 2,14 0.001 -1 1 2,13 0.001 1 1 1,13 0.001 1 -1 4.1306 140 13,2 0.001 -1 -1 14,1 0.001 1 1 13,1 0.001 1 -1 95.0893 395 14,13 0.001 0 1 14,14 0.001 0 1 13,14 0.001 -1 1 138.034 500 ::f,0,3 f,0,15 f,12,3 f,14,12 
289:1,2 0.002 -1 0 2,2 0.001 -1 -1 3,0 0.001 1 0 6.0114 2 2,14 0.001 -1 0 2,13 0.001 0 1 1,13 0.001 1 0 4.1306 140 13,2 0.001 -1 -1 14,1 0.001 0 1 13,1 0.001 1 0 95.0893 395 14,13 0.001 -1 1 14,14 0.001 0 1 13,14 0.001 -1 0 138.034 500 ::f,0,3 f,0,15 f,12,3 f,14,12 
290:1,2 0.002 -1 0 2,2 0.001 -1 -1 3,0 0.001 1 0 6.0114 2 1,14 0.001 -1 0 2,14 0.001 0 1 2,13 0.001 1 0 4.1336 140 13,2 0.001 0 -1 14,2 0.001 0 1 14,1 0.001 1 0 95.0913 395 14,13 0.001 -1 1 14,14 0.001 -1 1 13,14 0.001 -1 0 138.034 500 ::f,0,3 f,0,15 f,12,3 f,14,12 
291:1,2 0.002 -1 0 2,2 0.001 0 -1 3,0 0.001 1 0 6.0114 2 1,14 0.001 -1 0 2,14 0.001 0 1 2,13 0.001 1 0 4.1336 140 13,1 0.001 0 -1 14,2 0.001 0 1 14,1 0.001 1 0 95.0923 395 14,13 0.001 -1 0 14,14 0.001 -1 1 13,14 0.001 -1 -1 138.034 500 ::f,0,3 f,0,15 f,12,3 f,14,12 
292:1,2 0.002 -1 0 2,2 0.001 0 -1 3,0 0.001 1 0 6.0114 2 1,14 0.001 -1 -1 2,14 0.001 -1 1 2,13 0.001 1 1 4.1336 140 13,1 0.001 0 -1 14,2 0.001 -1 1 14,1 0.001 1 1 95.0923 395 14,13 0.001 -1 0 14,14 0.001 -1 0 13,14 0.001 -1 -1 138.034 500 ::f,0,3 f,0,15 f,12,3 f,14,12 
293:1,2 0.002 -1 0 2,2 0.001 1 -1 3,0 0.001 1 0 6.0114 2 1,14 0.001 -1 -1 2,14 0.001 -1 1 2,13 0.001 1 1 4.1336 140 13,1 0.001 1 -1 14,2 0.001 -1 1 14,1 0.001 1 1 95.0923 395 14,13 0.001 -1 -1 14,14 0.001 -1 0 13,14 0.001 0 -1 138.034 500 ::f,0,3 f,0,15 f,12,3 f,14,12 
294:1,2 0.002 -1 0 2,2 0.001 1 -1 3,0 0.001 1 0 6.0114 2 1,14 0.001 0 -1 2,14 0.001 -1 0 2,13 0.001 0 1 4.1336 140 13,1 0.001 1 -1 14,2 0.001 -1 0 14,1 0.001 0 1 95.0923 395 14,13 0.001 -1 -1 14,14 0.001 -1 0 13,13 0.001 0 -1 138.035 500 ::f,0,3 f,0,15 f,12,3 f,14,12 
295:1,2 0.002 -1 0 2,2 0.001 1 0 3,0 0.001 1 0 6.0114 2 1,13 0.001 0 -1 1,14 0.001 -1 0 2,14 0.001 0 1 4.1366 140 13,1 0.001 1 0 13,2 0.001 -1 0 14,2 0.001 0 1 95.0943 395 14,13 0.001 0 -1 14,14 0.001 -1 -1 13,13 0.001 0 -1 138.035 500 ::f,0,3 f,0,15 f,12,3 f,14,12 
296:1,2 0.002 -1 0 2,2 0.001 1 0 3,0 0.001 1 0 6.0114 2 1,13 0.001 0 -1 1,14 0.001 -1 0 2,14 0.001 0 1 4.1366 140 14,1 0.001 1 0 13,2 0.001 -1 0 14,2 0.001 0 1 95.0953 395 14,13 0.001 0 -1 14,14 0.001 -1 -1 13,13 0.001 1 -1 148.035 515 ::f,0,3 f,0,15 f,12,3 f,12,13 
297:1,2 0.002 -1 0 2,2 0.001 1 1 3,0 0.001 1 0 6.0114 2 1,13 0.001 1 -1 1,14 0.001 -1 -1 2,14 0.001 -1 1 4.1366 140 14,1 0.001 1 0 13,2 0.001 -1 -1 14,2 0.001 -1 1 95.0953 395 14,13 0.001 1 -1 14,14 0.001 0 -1 13,13 0.001 1 -1 148.035 515 ::f,0,3 f,0,15 f,12,3 f,12,13 
298:1,2 0.002 -1 0 2,2 0.001 1 1 3,0 0.001 1 0 6.0114 2 1,13 0.001 1 -1 1,14 0.001 -1 -1 2,14 0.001 -1 1 4.1366 140 14,1 0.001 1 1 13,2 0.001 -1 -1 14,2 0.001 -1 1 95.0953 395 14,13 0.001 1 -1 14,14 0.001 0 -1 13,13 0.001 1 0 148.035 515 ::f,0,3 f,0,15 f,12,3 f,12,13 
299:1,2 0.002 -1 0 2,2 0.001 0 1 3,0 0.001 1 0 6.0114 2 1,13 0.001 1 0 1,14 0.001 0 -1 2,14 0.001 -1 0 4.1366 140 14,1 0.001 1 1 13,2 0.001 0 -1 14,2 0.001 -1 0 95.0953 395 14,13 0.001 1 0 14,14 0.001 1 -1 13,13 0.001 1 0 148.035 515 ::f,0,3 f,0,15 f,12,3 f,12,13 
