16
0:0,3 0.001 -1 1 2,0 0.003 1 -1 1,0 0.002 1 -1 0.001 50 3,14 0.001 0 -1 2,15 0.002 1 0 0,12 0.002 0 -1 0.001 46 13,0 0.001 0 -1 14,2 0.003 -1 -1 12,3 0.002 -1 1 0.001 50 13,14 0.001 1 1 14,13 0.003 -1 1 12,12 0.002 -1 1 0.002 50 :3,15 :f,0,13 f,2,1 f,13,1 f,15,13 
1:0,3 0.001 -1 1 2,0 0.003 1 -1 1,0 0.002 1 -1 0.001 50 3,14 0.001 0 -1 2,15 0.002 1 0 0,12 0.002 0 -1 0.001 42 13,0 0.001 0 -1 14,2 0.001 -1 -1 12,3 0.001 -1 1 0.0011 65 13,14 0.001 1 1 14,13 0.001 -1 1 12,12 0.001 -1 1 0.002 50 :4,15 3,15 :f,0,13 f,2,1 f,14,1 f,15,13 
2:0,3 0.001 0 1 2,0 0.003 1 -1 1,0 0.002 1 -1 0.001 50 3,14 0.001 -1 -1 2,15 0.002 1 0 0,12 0.002 0 -1 0.001 38 13,0 0.001 -1 -1 14,2 0.001 -1 0 12,3 0.001 0 1 0.0011 65 13,14 0.001 1 0 14,13 0.001 0 1 12,12 0.001 0 1 0.002 50 :5,15 4,15 3,15 :f,0,13 f,2,1 f,14,1 f,15,13 
3:0,3 0.001 0 1 2,0 0.003 0 -1 1,0 0.001 1 -1 0.001 50 3,14 0.001 -1 -1 2,15 0.001 1 0 0,12 0.002 0 -1 0.001 38 13,0 0.001 -1 -1 14,2 0.003 -1 0 12,3 0.001 0 1 0.0011 60 13,14 0.001 1 0 14,13 0.001 0 1 12,12 0.001 0 1 0.002 50 :6,15 5,15 4,15 :f,0,13 f,2,1 s,13,2 f,14,1 f,15,13 
4:0,3 0.001 1 1 2,0 0.003 0 -1 1,0 0.001 1 0 0.001 50 3,14 0.001 -1 0 2,15 0.001 1 1 0,12 0.002 0 -1 0.001 38 13,0 0.001 -1 0 14,2 0.003 -1 0 12,3 0.001 1 1 0.0011 60 13,14 0.001 1 -1 14,13 0.001 1 1 12,12 0.001 1 1 0.002 50 :7,15 6,15 5,15 :f,0,13 f,2,1 s,13,2 f,14,1 f,15,13 
5:0,3 0.001 1 1 2,0 0.003 0 -1 1,0 0.001 1 0 0.001 50 3,14 0.001 -1 0 2,15 0.001 1 1 0,12 0.002 0 -1 0.001 38 13,0 0.001 -1 0 14,2 0.003 -1 0 12,3 0.001 1 1 0.0011 60 13,14 0.001 1 -1 14,13 0.001 1 1 12,12 0.001 1 1 0.002 50 :8,15 7,15 6,15 :f,0,13 f,2,1 s,13,2 f,14,1 f,15,13 
6:0,3 0.001 1 0 2,0 0.003 0 -1 1,0 0.001 1 1 0.001 50 3,14 0.001 -1 1 2,15 0.001 0 1 0,12 0.002 0 -1 0.001 38 13,0 0.001 -1 1 14,2 0.003 -1 0 12,3 0.001 1 0 0.0011 60 13,14 0.001 0 -1 14,13 0.001 1 0 12,12 0.001 1 0 0.002 50 :9,15 8,15 7,15 :f,0,13 f,2,1 s,13,2 f,14,1 f,15,13 
7:1,3 0.001 1 0 2,0 0.003 -1 -1 1,0 0.001 1 1 0.0021 65 3,14 0.001 -1 1 2,15 0.001 0 1 0,12 0.002 0 -1 0.001 38 13,0 0.001 -1 1 14,2 0.003 -1 0 13,3 0.001 1 0 0.0021 60 13,14 0.001 0 -1 14,13 0.001 1 0 12,12 0.001 1 0 0.0021 65 :10,15 9,15 8,15 :f,0,13 f,3,1 s,13,2 f,14,1 f,15,13 
8:1,3 0.001 1 0 2,0 0.003 -1 -1 1,0 0.001 0 1 0.0021 65 3,14 0.001 0 1 2,15 0.001 -1 1 0,12 0.002 0 -1 0.001 38 13,0 0.001 0 1 14,2 0.003 -1 0 13,3 0.001 1 0 0.0021 60 13,14 0.001 -1 -1 14,13 0.001 1 -1 12,12 0.001 1 -1 0.0021 65 :11,15 10,15 9,15 :f,0,13 f,3,1 s,13,2 f,14,1 f,15,13 
9:1,3 0.001 1 -1 2,0 0.001 -1 -1 1,0 0.001 0 1 0.0021 65 3,14 0.001 0 1 2,15 0.001 -1 1 0,12 0.002 0 -1 0.001 38 13,1 0.001 0 1 14,2 0.003 -1 0 13,3 0.001 1 -1 0.0031 60 13,14 0.001 -1 -1 14,13 0.001 1 -1 12,12 0.001 1 -1 0.0021 65 :12,15 11,15 10,15 :f,0,13 f,3,1 s,13,2 f,14,1 f,15,13 
10:2,2 0.001 1 -1 2,0 0.001 -1 -1 1,0 0.001 -1 1 0.0031 65 3,14 0.001 1 1 2,15 0.001 -1 0 0,12 0.002 0 -1 0.001 38 13,1 0.001 0 1 14,2 0.003 -1 0 13,3 0.001 1 -1 0.0031 60 13,14 0.001 -1 0 14,13 0.001 0 -1 12,12 0.001 0 -1 0.0021 65 :13,15 12,15 11,15 :f,0,13 f,3,1 s,13,2 f,14,1 f,15,13 
11:2,2 0.001 1 -1 2,0 0.001 -1 -1 1,0 0.001 -1 1 0.0032 80 3,14 0.001 1 1 1,15 0.001 -1 0 0,12 0.002 0 -1 0.002 38 13,1 0.001 1 1 14,2 0.003 -1 0 13,3 0.001 0 -1 0.0031 60 13,14 0.001 -1 0 14,13 0.001 0 -1 12,12 0.001 0 -1 0.0021 65 :14,15 13,15 12,15 :f,0,13 f,2,1 s,13,2 f,14,1 f,15,13 
12:2,2 0.001 0 -1 2,0 0.001 -1 -1 1,0 0.001 -1 0 0.0032 80 3,14 0.001 1 0 1,15 0.001 -1 0 0,12 0.002 0 -1 0.002 38 13,1 0.001 1 1 14,2 0.003 -1 0 13,3 0.001 0 -1 0.0031 60 13,14 0.001 -1 1 14,13 0.001 -1 -1 12,12 0.001 -1 -1 0.0021 65 :15,15 14,15 13,15 :f,0,13 f,2,1 s,13,2 f,14,1 f,15,13 
13:2,2 0.001 0 -1 2,0 0.001 -1 -1 1,0 0.001 -1 0 0.0032 80 3,14 0.001 1 0 1,15 0.001 -1 -1 0,12 0.002 0 -1 0.002 38 13,1 0.001 1 0 14,2 0.003 -1 0 13,3 0.001 0 -1 0.0031 60 13,14 0.001 -1 1 14,13 0.001 -1 -1 12,12 0.001 -1 -1 0.0021 65 :15,15 14,15 :f,0,13 f,2,1 s,13,2 f,14,1 f,15,13 
14:2,2 0.001 0 -1 2,0 0.001 -1 -1 1,0 0.001 -1 -1 1.0033 95 3,14 0.001 1 -1 1,15 0.001 -1 -1 0,12 0.002 0 -1 0.002 38 13,1 0.001 1 0 14,2 0.003 -1 0 13,3 0.001 -1 -1 0.0032 75 13,14 0.001 0 1 14,13 0.001 -1 0 12,12 0.001 -1 0 0.0021 65 :15,15 :f,0,13 f,1,2 s,13,2 f,15,1 f,15,13 
15:2,2 0.001 -1 -1 2,0 0.001 -1 -1 1,0 0.001 -1 -1 1.0033 95 3,14 0.001 1 -1 1,15 0.001 0 -1 0,12 0.002 0 -1 0.002 38 14,1 0.001 1 0 14,2 0.003 -1 0 13,3 0.001 -1 -1 0.0042 75 13,14 0.001 0 1 13,13 0.001 -1 0 12,12 0.001 -1 0 0.0031 65 ::f,0,13 f,1,2 s,13,2 f,15,1 f,15,13 
16:2,2 0.001 -1 -1 2,0 0.001 -1 -1 1,0 0.001 0 -1 1.0033 95 3,14 0.001 0 -1 1,14 0.001 0 -1 0,12 0.002 0 -1 0.003 38 14,1 0.001 1 0 14,2 0.003 -1 0 13,3 0.001 -1 0 1.0043 90 13,14 0.001 1 1 13,13 0.001 -1 0 12,12 0.001 -1 1 0.0031 65 ::f,0,13 f,1,2 f,12,0 s,13,2 f,15,13 
17:2,2 0.001 -1 0 2,0 0.001 -1 -1 1,0 0.001 0 -1 1.0033 95 3,13 0.001 0 -1 1,14 0.001 0 -1 0,12 0.002 0 -1 0.004 38 14,1 0.001 1 -1 14,2 0.003 -1 0 13,3 0.001 -1 0 1.0043 90 13,14 0.001 1 1 13,13 0.001 -1 1 12,12 0.001 -1 1 0.0031 65 ::f,0,13 f,1,2 f,12,0 s,13,2 f,15,13 
18:2,2 0.001 -1 0 2,0 0.001 -1 -1 1,0 0.001 1 -1 3.0034 110 3,13 0.001 0 -1 1,14 0.001 1 -1 0,12 0.002 0 -1 0.004 38 14,1 0.001 1 -1 14,2 0.003 -1 0 13,3 0.001 -1 1 1.0043 90 13,14 0.001 1 0 13,13 0.001 -1 1 12,12 0.001 0 1 0.0031 65 ::f,0,0 f,0,13 f,12,0 s,13,2 f,15,13 
19:2,2 0.001 -1 1 2,0 0.001 -1 -1 1,0 0.001 1 -1 3.0034 110 3,13 0.001 -1 -1 1,14 0.001 1 -1 0,12 0.002 0 -1 0.004 38 14,1 0.001 0 -1 14,2 0.003 -1 0 13,3 0.001 -1 1 1.0043 90 14,14 0.001 1 0 13,13 0.001 0 1 12,13 0.001 0 1 0.0051 65 ::f,0,0 f,0,13 f,12,0 s,13,2 f,15,13 
20:2,2 0.001 -1 1 2,0 0.001 -1 -1 1,0 0.001 1 0 3.0034 110 3,13 0.001 -1 -1 1,14 0.001 1 0 0,12 0.002 0 -1 0.004 38 14,1 0.001 0 -1 14,2 0.003 -1 0 13,3 0.001 0 1 1.0043 90 14,14 0.001 1 0 13,14 0.001 0 1 12,13 0.001 0 1 0.0061 65 ::f,0,0 f,0,13 f,12,0 s,13,2 f,15,13 
21:2,2 0.001 0 1 2,0 0.001 -1 -1 1,0 0.001 1 0 3.0034 110 3,13 0.001 -1 0 1,14 0.001 1 0 0,12 0.002 0 -1 0.004 38 14,1 0.001 -1 -1 14,2 0.003 -1 0 13,3 0.001 0 1 1.0043 90 14,14 0.001 1 -1 13,14 0.001 0 1 12,13 0.001 1 1 0.0061 65 ::f,0,0 f,0,13 f,12,0 s,13,2 f,15,13 
22:2,2 0.001 0 1 2,0 0.001 -1 -1 1,0 0.001 1 0 3.0034 110 2,13 0.001 -1 0 1,14 0.001 1 1 0,12 0.002 0 -1 0.005 38 14,1 0.001 -1 -1 14,2 0.003 -1 0 13,3 0.001 1 1 1.0043 90 14,14 0.001 1 -1 13,14 0.001 1 1 12,13 0.001 1 1 0.0062 80 ::f,0,0 f,0,13 f,12,0 s,13,2 f,13,12 
23:2,2 0.001 1 1 2,0 0.001 -1 -1 1,0 0.001 1 1 3.0034 110 1,13 0.001 -1 0 1,14 0.001 1 1 0,12 0.002 0 -1 0.006 38 14,1 0.001 -1 0 14,2 0.003 -1 0 13,3 0.001 1 1 1.0043 90 14,14 0.001 0 -1 13,14 0.001 1 1 12,13 0.001 1 0 0.0062 80 ::f,0,0 f,0,13 f,12,0 s,13,2 f,13,12 
24:2,2 0.001 1 1 2,0 0.001 -1 -1 1,0 0.001 1 1 3.0034 110 1,13 0.001 -1 0 1,14 0.001 0 1 0,12 0.002 0 -1 0.0061 53 13,1 0.001 -1 0 14,2 0.003 -1 0 13,3 0.001 1 0 1.0053 90 14,13 0.001 0 -1 13,14 0.001 1 0 13,13 0.001 1 0 0.0082 80 ::f,0,0 f,3,12 f,12,0 s,13,2 f,13,12 
25:2,2 0.001 1 0 2,0 0.001 -1 -1 1,0 0.001 0 1 3.0034 110 1,13 0.001 -1 1 1,14 0.001 0 1 0,12 0.002 0 -1 0.0061 53 13,1 0.001 -1 0 14,2 0.003 -1 0 14,3 0.001 1 0 1.0063 90 14,13 0.001 0 -1 14,14 0.001 1 0 13,13 0.001 1 0 0.0092 80 ::f,0,0 f,3,12 f,12,0 s,13,2 f,13,12 
26:2,2 0.001 1 0 2,0 0.001 -1 -1 1,0 0.001 0 1 3.0034 110 1,13 0.001 -1 1 1,14 0.001 -1 1 0,12 0.002 0 -1 0.0061 53 13,1 0.001 -1 1 14,2 0.003 -1 1 14,3 0.001 1 0 1.0063 90 14,13 0.001 -1 -1 14,14 0.001 1 0 13,13 0.001 1 -1 0.0092 80 ::f,0,0 f,3,12 f,12,0 s,13,2 f,13,12 
27:2,2 0.001 1 -1 2,0 0.001 -1 -1 1,0 0.001 -1 1 3.0034 110 1,13 0.001 0 1 1,14 0.001 -1 1 0,12 0.002 0 -1 0.0061 53 13,1 0.001 -1 1 13,3 0.003 -1 1 14,3 0.001 1 -1 1.0073 90 14,13 0.001 -1 -1 14,14 0.001 1 -1 13,13 0.001 1 -1 1.0093 95 ::f,0,0 f,3,12 f,12,0 s,13,2 f,13,14 
28:2,2 0.001 1 -1 2,0 0.001 -1 -1 1,0 0.001 -1 1 3.0034 110 1,13 0.001 0 1 1,14 0.001 -1 0 0,12 0.002 0 -1 0.0061 53 13,1 0.001 0 1 13,3 0.001 -1 1 14,3 0.001 1 -1 1.0073 90 14,13 0.001 -1 0 14,14 0.001 1 -1 13,13 0.001 0 -1 1.0093 95 ::f,0,0 f,3,12 f,12,0 s,13,2 f,13,14 
29:2,2 0.001 0 -1 2,0 0.001 -1 -1 1,0 0.001 -1 0 3.0034 110 1,13 0.001 0 1 1,14 0.001 -1 0 0,12 0.002 0 -1 0.0061 53 13,1 0.001 0 1 13,3 0.001 0 1 14,3 0.001 0 -1 1.0073 90 14,13 0.001 -1 0 14,14 0.001 0 -1 13,13 0.001 0 -1 1.0093 95 ::f,0,0 f,3,12 f,12,0 s,13,2 f,13,14 
30:2,1 0.001 0 -1 2,0 0.001 -1 -1 1,0 0.001 -1 0 4.0045 125 1,13 0.001 1 1 1,14 0.001 -1 -1 0,12 0.002 0 -1 0.0061 53 13,1 0.001 0 1 13,3 0.001 0 1 14,2 0.001 0 -1 1.0083 90 14,13 0.001 -1 0 14,14 0.001 0 -1 13,13 0.001 -1 -1 1.0093 95 ::f,0,0 f,3,12 f,12,0 s,13,2 f,13,14 
31:2,1 0.001 0 -1 2,0 0.001 -1 -1 1,0 0.001 -1 -1 4.0045 125 1,13 0.001 1 1 1,14 0.001 -1 -1 0,12 0.002 0 -1 0.0061 53 13,1 0.001 1 1 13,3 0.001 0 1 14,2 0.001 0 -1 1.0083 90 14,13 0.001 -1 1 14,14 0.001 0 -1 13,13 0.001 -1 -1 1.0093 95 ::f,0,0 f,3,12 f,12,0 s,13,2 f,13,14 
32:2,1 0.001 -1 -1 2,0 0.001 -1 -1 1,0 0.001 -1 -1 4.0045 125 1,13 0.001 1 0 1,14 0.001 0 -1 0,12 0.002 0 -1 0.0061 53 13,1 0.001 1 1 13,3 0.001 0 1 14,2 0.001 -1 -1 1.0083 90 14,13 0.001 -1 1 14,14 0.001 -1 -1 13,13 0.001 -1 0 3.0094 110 ::f,0,0 f,3,12 f,12,0 f,12,15 s,13,2 
33:2,1 0.001 -1 -1 2,0 0.001 -1 -1 1,0 0.001 0 -1 4.0045 125 1,13 0.001 1 0 1,14 0.001 0 -1 0,12 0.002 0 -1 0.0061 53 13,1 0.001 1 0 13,3 0.001 0 1 14,2 0.001 -1 -1 1.0083 90 13,14 0.001 -1 1 14,14 0.001 -1 -1 13,13 0.001 -1 0 3.0104 110 ::f,0,0 f,3,12 f,12,0 f,12,15 s,13,2 
34:2,1 0.001 -1 0 2,0 0.001 -1 -1 1,0 0.001 0 -1 4.0045 125 1,13 0.001 1 -1 1,14 0.001 0 -1 0,12 0.002 0 -1 0.0061 53 13,1 0.001 1 0 13,3 0.001 0 1 14,2 0.001 -1 -1 1.0083 90 13,14 0.001 -1 1 14,14 0.001 -1 0 13,13 0.001 -1 1 6.0105 125 ::f,0,0 f,3,12 f,12,0 s,13,2 f,15,12 
35:1,1 0.001 -1 0 2,0 0.001 -1 -1 1,0 0.001 1 -1 4.0055 125 1,13 0.001 1 -1 1,14 0.001 1 -1 0,12 0.002 0 -1 0.0061 53 13,1 0.001 1 -1 13,3 0.001 0 1 14,2 0.001 -1 0 1.0083 90 13,14 0.001 0 1 14,14 0.001 -1 0 13,13 0.001 -1 1 6.0105 125 ::f,0,0 f,3,12 f,12,0 s,13,2 f,15,12 
36:1,1 0.001 -1 0 2,0 0.001 -1 -1 1,0 0.001 1 -1 4.0055 125 1,13 0.001 0 -1 2,13 0.001 1 -1 0,12 0.002 0 -1 0.0071 53 13,1 0.001 1 -1 13,3 0.001 0 1 14,2 0.001 -1 0 1.0083 90 13,14 0.001 0 1 14,14 0.001 -1 1 13,13 0.001 0 1 6.0105 125 ::f,0,0 f,3,12 f,12,0 s,13,2 f,15,12 
37:1,1 0.001 -1 1 2,0 0.001 -1 -1 1,0 0.001 1 0 4.0055 125 1,13 0.001 0 -1 2,13 0.001 1 -1 0,12 0.002 0 -1 0.0072 68 13,1 0.001 0 -1 13,3 0.001 0 1 14,2 0.001 -1 1 1.0083 90 13,14 0.001 1 1 14,14 0.001 -1 1 13,13 0.001 0 1 6.0105 125 ::f,0,0 f,3,14 f,12,0 s,13,2 f,15,12 
38:1,1 0.001 -1 1 2,0 0.001 -1 -1 1,0 0.001 1 0 4.0055 125 1,13 0.001 -1 -1 2,13 0.001 1 0 0,12 0.002 0 -1 0.0072 68 13,1 0.001 0 -1 13,3 0.001 0 1 14,2 0.001 -1 1 1.0083 90 13,14 0.001 1 1 14,14 0.001 0 1 13,13 0.001 0 1 6.0105 125 ::f,0,0 f,3,14 f,12,0 s,13,2 f,15,12 
39:1,1 0.001 0 1 2,0 0.001 -1 -1 1,0 0.001 1 0 4.0055 125 1,13 0.001 -1 -1 2,13 0.001 1 0 0,12 0.002 0 -1 0.0072 68 13,1 0.001 -1 -1 13,3 0.001 0 1 14,2 0.001 0 1 1.0083 90 13,14 0.001 1 0 14,14 0.001 0 1 13,13 0.001 1 1 6.0105 125 ::f,0,0 f,3,14 f,12,0 s,13,2 f,15,12 
40:1,2 0.001 0 1 2,0 0.001 -1 -1 1,0 0.001 1 1 4.0065 125 1,13 0.001 -1 0 2,13 0.001 1 1 0,12 0.002 0 -1 0.0072 68 13,1 0.001 -1 -1 13,3 0.001 0 1 14,2 0.001 0 1 3.0084 105 13,14 0.001 1 0 14,14 0.001 1 1 13,13 0.001 1 1 6.0105 125 ::f,0,0 f,3,14 s,13,2 f,14,0 f,15,12 
41:1,2 0.001 0 1 2,0 0.001 -1 -1 1,0 0.001 1 1 4.0065 125 1,13 0.001 -1 0 2,13 0.001 1 1 0,12 0.002 0 -1 1.0073 83 13,1 0.001 -1 0 13,3 0.001 0 1 14,2 0.001 1 1 3.0084 105 13,14 0.001 1 0 14,14 0.001 1 1 13,13 0.001 1 0 6.0105 125 ::f,0,0 f,3,14 s,13,2 f,14,0 f,15,12 
42:1,2 0.001 1 1 2,0 0.001 -1 -1 1,0 0.001 0 1 4.0065 125 1,13 0.001 -1 1 2,13 0.001 0 1 0,12 0.002 0 -1 1.0073 83 13,1 0.001 -1 0 13,3 0.001 0 1 14,2 0.001 1 1 3.0084 105 13,14 0.001 1 -1 14,14 0.001 1 0 13,13 0.001 1 0 6.0105 125 ::f,0,0 f,3,14 s,13,2 f,14,0 f,15,12 
43:1,2 0.001 1 1 2,0 0.001 -1 -1 1,1 0.001 0 1 4.0075 125 1,13 0.001 -1 1 2,14 0.001 0 1 0,12 0.002 0 -1 1.0083 83 13,1 0.001 -1 1 13,3 0.001 0 1 14,2 0.001 1 0 3.0084 105 14,13 0.001 1 -1 14,14 0.001 1 0 13,13 0.001 1 -1 6.0115 125 ::f,0,0 f,3,14 s,13,2 f,14,0 f,15,12 
44:1,2 0.001 1 0 2,0 0.001 -1 -1 1,1 0.001 0 1 4.0075 125 1,13 0.001 0 1 2,14 0.001 0 1 0,12 0.002 0 -1 1.0083 83 13,1 0.001 -1 1 13,3 0.001 0 1 14,2 0.001 1 0 3.0084 105 14,13 0.001 1 -1 14,14 0.001 1 -1 13,13 0.001 1 -1 10.0116 140 ::f,0,0 f,3,14 f,12,12 s,13,2 f,14,0 
45:2,2 0.001 1 0 2,0 0.001 -1 -1 1,1 0.001 -1 1 4.0085 125 1,14 0.001 0 1 2,14 0.001 -1 1 0,12 0.002 0 -1 1.0093 83 13,1 0.001 0 1 13,3 0.001 0 1 14,2 0.001 1 -1 3.0084 105 14,13 0.001 0 -1 14,14 0.001 1 -1 13,13 0.001 0 -1 10.0116 140 ::f,0,0 f,3,14 f,12,12 s,13,2 f,14,0 
46:2,2 0.001 1 0 2,0 0.001 -1 -1 1,1 0.001 -1 1 4.0085 125 1,14 0.001 0 1 2,14 0.001 -1 1 0,12 0.002 0 -1 1.0093 83 13,1 0.001 0 1 13,3 0.001 0 1 14,2 0.001 1 -1 3.0084 105 14,13 0.001 0 -1 14,14 0.001 0 -1 13,13 0.001 0 -1 10.0116 140 ::f,0,0 f,3,14 f,12,12 s,13,2 f,14,0 
47:2,2 0.001 1 -1 2,0 0.001 -1 -1 1,1 0.001 -1 0 4.0085 125 1,14 0.001 1 1 2,14 0.001 -1 0 0,12 0.002 0 -1 1.0093 83 13,1 0.001 0 1 13,3 0.001 0 1 14,2 0.001 0 -1 3.0084 105 14,13 0.001 -1 -1 14,14 0.001 0 -1 13,13 0.001 -1 -1 10.0116 140 ::f,0,0 f,3,14 f,12,12 s,13,2 f,14,0 
48:2,2 0.001 1 -1 2,0 0.001 -1 -1 1,1 0.001 -1 0 4.0085 125 1,14 0.001 1 1 2,14 0.001 -1 0 0,12 0.002 0 -1 1.0093 83 13,1 0.001 1 1 13,3 0.001 0 1 14,1 0.001 0 -1 3.0094 105 14,13 0.001 -1 -1 14,14 0.001 0 -1 13,13 0.001 -1 -1 10.0117 155 ::f,0,0 f,3,14 f,12,13 s,13,2 f,14,0 
49:2,2 0.001 0 -1 2,0 0.001 -1 -1 1,1 0.001 -1 -1 4.0085 125 1,14 0.001 1 0 2,14 0.001 -1 0 0,12 0.002 0 -1 1.0093 83 13,1 0.001 1 1 13,3 0.001 0 1 14,1 0.001 0 -1 3.0095 120 14,13 0.001 -1 0 14,14 0.001 -1 -1 13,13 0.001 -1 0 10.0117 155 ::f,0,0 f,3,14 f,12,13 s,13,2 f,15,0 
50:2,1 0.001 0 -1 2,0 0.001 -1 -1 1,1 0.001 -1 -1 6.0096 140 1,14 0.001 1 0 2,14 0.001 -1 -1 0,12 0.002 0 -1 1.0093 83 13,1 0.001 1 0 13,3 0.001 0 1 14,1 0.001 -1 -1 3.0095 120 14,13 0.001 -1 0 14,14 0.001 -1 -1 13,13 0.001 -1 0 11.0118 170 ::f,0,2 f,3,14 f,12,12 s,13,2 f,15,0 
51:2,1 0.001 0 -1 2,0 0.001 -1 -1 1,1 0.001 0 -1 6.0096 140 1,14 0.001 1 0 1,13 0.001 -1 -1 0,12 0.002 0 -1 1.0103 83 13,1 0.001 1 0 13,3 0.001 0 1 14,1 0.001 -1 -1 3.0095 120 14,13 0.001 -1 0 14,14 0.001 -1 -1 13,13 0.001 -1 1 11.0118 170 ::f,0,2 f,3,14 f,12,12 s,13,2 f,15,0 
52:2,1 0.001 -1 -1 2,0 0.001 -1 -1 1,1 0.001 0 -1 6.0096 140 1,14 0.001 1 -1 1,13 0.001 -1 -1 0,12 0.002 0 -1 1.0103 83 13,1 0.001 1 -1 13,3 0.001 0 1 14,1 0.001 -1 0 3.0095 120 14,13 0.001 -1 1 14,14 0.001 -1 -1 13,13 0.001 -1 1 11.0118 170 ::f,0,2 f,3,14 f,12,12 s,13,2 f,15,0 
53:2,1 0.001 -1 -1 2,0 0.001 -1 -1 1,1 0.001 1 -1 6.0096 140 1,14 0.001 1 -1 1,13 0.001 0 -1 0,12 0.002 0 -1 1.0103 83 13,1 0.001 1 -1 13,3 0.001 0 1 14,1 0.001 -1 0 3.0095 120 14,13 0.001 -1 1 14,14 0.001 -1 0 13,13 0.001 0 1 11.0118 170 ::f,0,2 f,3,14 f,12,12 s,13,2 f,15,0 
54:2,1 0.001 -1 0 2,0 0.001 -1 -1 1,1 0.001 1 -1 6.0096 140 1,14 0.001 0 -1 1,13 0.001 0 -1 0,12 0.002 0 -1 1.0103 83 13,1 0.001 0 -1 13,3 0.001 0 1 14,1 0.001 -1 0 3.0095 120 14,13 0.001 0 1 14,14 0.001 -1 0 13,14 0.001 0 1 11.0128 170 ::f,0,2 f,3,14 f,12,12 s,13,2 f,15,0 
55:2,1 0.001 -1 0 2,0 0.001 -1 -1 1,1 0.001 1 0 6.0096 140 1,14 0.001 0 -1 1,13 0.001 1 -1 0,12 0.002 0 -1 1.0103 83 13,1 0.001 0 -1 13,3 0.001 0 1 14,1 0.001 -1 1 3.0095 120 14,13 0.001 0 1 14,14 0.001 -1 1 13,14 0.001 0 1 11.0128 170 ::f,0,2 f,3,14 f,12,12 s,13,2 f,15,0 
56:2,1 0.001 -1 0 2,0 0.001 -1 -1 1,1 0.001 1 0 6.0096 140 1,14 0.001 -1 -1 1,13 0.001 1 -1 0,12 0.002 0 -1 1.0103 83 13,1 0.001 -1 -1 13,3 0.001 0 1 14,1 0.001 -1 1 3.0095 120 14,13 0.001 1 1 14,14 0.001 -1 1 13,14 0.001 1 1 11.0128 170 ::f,0,2 f,3,14 f,12,12 s,13,2 f,15,0 
57:2,1 0.001 -1 1 2,0 0.001 -1 -1 1,1 0.001 1 0 6.0096 140 1,14 0.001 -1 -1 1,13 0.001 1 0 0,12 0.002 0 -1 1.0103 83 13,1 0.001 -1 -1 13,3 0.001 0 1 14,1 0.001 0 1 3.0095 120 14,13 0.001 1 1 14,14 0.001 0 1 13,14 0.001 1 1 11.0128 170 ::f,0,2 f,3,14 f,12,12 s,13,2 f,15,0 
58:2,1 0.001 -1 1 2,0 0.001 -1 -1 1,1 0.001 1 1 6.0096 140 1,14 0.001 -1 0 2,13 0.001 1 0 0,12 0.002 0 -1 1.0113 83 13,1 0.001 -1 0 13,3 0.001 0 1 14,1 0.001 0 1 3.0095 120 14,13 0.001 1 0 14,14 0.001 0 1 13,14 0.001 1 0 11.0128 170 ::f,0,2 f,3,14 f,12,12 s,13,2 f,15,0 
59:2,1 0.001 0 1 2,0 0.001 -1 -1 1,1 0.001 1 1 6.0096 140 1,14 0.001 -1 0 2,13 0.001 1 0 0,12 0.002 0 -1 1.0113 83 13,1 0.001 -1 0 13,3 0.001 0 1 14,1 0.001 1 1 3.0095 120 14,13 0.001 1 0 14,14 0.001 1 1 13,14 0.001 1 0 11.0128 170 ::f,0,2 f,3,14 f,12,12 s,13,2 f,15,0 
60:2,1 0.001 0 1 2,0 0.001 -1 -1 1,1 0.001 0 1 6.0096 140 1,14 0.001 -1 1 2,13 0.001 1 1 0,12 0.002 0 -1 1.0113 83 13,1 0.001 -1 1 13,3 0.001 0 1 14,1 0.001 1 1 3.0095 120 14,13 0.001 1 -1 14,14 0.001 1 1 13,14 0.001 1 0 11.0128 170 ::f,0,2 f,3,14 f,12,12 s,13,2 f,15,0 
61:2,1 0.001 1 1 2,0 0.001 -1 -1 1,1 0.001 0 1 6.0096 140 1,14 0.001 -1 1 2,13 0.001 1 1 0,12 0.002 0 -1 3.0114 98 13,1 0.001 -1 1 13,3 0.001 0 1 14,1 0.001 1 0 3.0095 120 14,13 0.001 1 -1 14,14 0.001 1 0 13,14 0.001 1 -1 11.0128 170 ::f,0,2 f,0,15 f,12,12 s,13,2 f,15,0 
62:2,1 0.001 1 1 2,0 0.001 -1 -1 1,1 0.001 -1 1 6.0096 140 1,14 0.001 0 1 2,13 0.001 0 1 0,12 0.002 0 -1 3.0114 98 13,1 0.001 0 1 13,3 0.001 0 1 14,1 0.001 1 0 3.0095 120 14,13 0.001 0 -1 14,14 0.001 1 0 13,14 0.001 1 -1 11.0128 170 ::f,0,2 f,0,15 f,12,12 s,13,2 f,15,0 
63:2,1 0.001 1 0 2,0 0.001 -1 -1 1,1 0.001 -1 1 9.0097 155 1,14 0.001 0 1 2,14 0.001 0 1 0,12 0.002 0 -1 3.0124 98 13,1 0.001 0 1 13,3 0.001 0 1 14,1 0.001 1 -1 3.0095 120 14,13 0.001 0 -1 14,14 0.001 1 -1 13,14 0.001 0 -1 11.0128 170 ::f,0,15 f,1,0 f,12,12 s,13,2 f,15,0 
64:2,1 0.001 1 0 2,0 0.001 -1 -1 1,1 0.001 -1 0 9.0097 155 1,14 0.001 1 1 2,14 0.001 0 1 0,12 0.002 0 -1 3.0124 98 13,1 0.001 0 1 13,3 0.001 0 1 14,1 0.001 1 -1 4.0096 135 14,13 0.001 -1 -1 14,14 0.001 1 -1 13,14 0.001 0 -1 11.0128 170 ::f,0,15 f,1,0 f,12,3 f,12,12 s,13,2 
65:2,1 0.001 1 -1 2,0 0.001 -1 -1 1,1 0.001 -1 0 9.0097 155 1,14 0.001 1 1 2,14 0.001 -1 1 0,12 0.002 0 -1 3.0124 98 13,1 0.001 1 1 13,3 0.001 0 1 14,1 0.001 0 -1 4.0096 135 14,13 0.001 -1 -1 14,14 0.001 0 -1 13,14 0.001 -1 -1 11.0128 170 ::f,0,15 f,1,0 f,12,3 f,12,12 s,13,2 
66:2,1 0.001 1 -1 2,0 0.001 -1 -1 1,1 0.001 -1 -1 9.0097 155 1,14 0.001 1 0 2,14 0.001 -1 1 0,12 0.002 0 -1 3.0124 98 13,1 0.001 1 1 13,3 0.001 0 1 14,1 0.001 0 -1 4.0096 135 14,13 0.001 -1 0 14,14 0.001 0 -1 13,14 0.001 -1 -1 11.0128 170 ::f,0,15 f,1,0 f,12,3 f,12,12 s,13,2 
67:2,1 0.001 0 -1 2,0 0.001 -1 -1 1,1 0.001 -1 -1 9.0097 155 1,14 0.001 1 0 2,14 0.001 -1 0 0,12 0.002 0 -1 3.0124 98 13,1 0.001 1 0 13,3 0.001 0 1 14,1 0.001 -1 -1 4.0096 135 13,13 0.001 -1 0 14,14 0.001 0 -1 13,14 0.001 -1 0 11.0138 170 ::f,0,15 f,1,0 f,12,3 f,12,12 s,13,2 
68:2,1 0.001 0 -1 2,0 0.001 -1 -1 1,1 0.001 0 -1 9.0097 155 1,14 0.001 1 0 2,14 0.001 -1 0 0,12 0.002 0 -1 3.0124 98 13,1 0.001 1 0 13,3 0.001 0 1 14,1 0.001 -1 -1 4.0096 135 13,13 0.001 -1 0 14,14 0.001 -1 -1 13,14 0.001 -1 0 11.0138 170 ::f,0,15 f,1,0 f,12,3 f,12,12 s,13,2 
69:2,1 0.001 -1 -1 2,0 0.001 -1 -1 1,1 0.001 0 -1 13.0098 170 1,14 0.001 1 -1 2,14 0.001 -1 0 0,12 0.002 0 -1 3.0124 98 13,1 0.001 1 -1 13,3 0.001 0 1 14,1 0.001 -1 0 4.0096 135 13,13 0.001 -1 1 14,14 0.001 -1 -1 13,14 0.001 -1 1 11.0138 170 ::f,0,15 f,1,0 f,12,3 f,12,12 s,13,2 
70:2,1 0.001 -1 -1 2,0 0.001 -1 -1 1,1 0.001 1 -1 16.0099 185 1,14 0.001 1 -1 2,14 0.001 -1 -1 0,12 0.002 0 -1 3.0124 98 13,1 0.001 1 -1 13,3 0.001 0 1 14,1 0.001 -1 0 4.0096 135 13,13 0.001 -1 1 14,14 0.001 -1 -1 13,14 0.001 -1 1 11.0138 170 ::f,0,15 f,2,2 f,12,3 f,12,12 s,13,2 
71:2,1 0.001 -1 0 2,0 0.001 -1 -1 1,1 0.001 1 -1 16.0099 185 1,14 0.001 0 -1 1,13 0.001 -1 -1 0,12 0.002 0 -1 3.0134 98 13,1 0.001 0 -1 13,3 0.001 0 1 14,1 0.001 -1 0 4.0096 135 13,13 0.001 0 1 14,14 0.001 -1 0 13,14 0.001 0 1 11.0138 170 ::f,0,15 f,2,2 f,12,3 f,12,12 s,13,2 
72:2,1 0.001 -1 0 2,0 0.001 -1 -1 1,1 0.001 1 0 16.0099 185 1,14 0.001 0 -1 1,13 0.001 -1 -1 0,12 0.002 0 -1 3.0134 98 13,1 0.001 0 -1 13,3 0.001 0 1 14,1 0.001 -1 1 4.0096 135 13,13 0.001 0 1 14,14 0.001 -1 0 13,14 0.001 0 1 11.0138 170 ::f,0,15 f,2,2 f,12,3 f,12,12 s,13,2 
73:2,1 0.001 -1 0 2,0 0.001 -1 -1 1,1 0.001 1 0 16.0099 185 1,14 0.001 -1 -1 1,13 0.001 0 -1 0,12 0.002 0 -1 3.0134 98 13,1 0.001 -1 -1 13,3 0.001 0 1 14,1 0.001 -1 1 4.0096 135 13,13 0.001 0 1 14,14 0.001 -1 1 13,14 0.001 1 1 11.0138 170 ::f,0,15 f,2,2 f,12,3 f,12,12 s,13,2 
74:2,1 0.001 -1 1 2,0 0.001 -1 -1 1,1 0.001 1 0 16.0099 185 1,14 0.001 -1 -1 1,13 0.001 0 -1 0,12 0.002 0 -1 3.0134 98 13,1 0.001 -1 -1 13,3 0.001 0 1 14,1 0.001 -1 1 4.0096 135 13,13 0.001 1 1 14,14 0.001 -1 1 13,14 0.001 1 1 11.0138 170 ::f,0,15 f,2,2 f,12,3 f,12,12 s,13,2 
75:2,1 0.001 -1 1 2,0 0.001 -1 -1 1,1 0.001 1 1 16.0099 185 1,14 0.001 -1 0 1,13 0.001 1 -1 0,12 0.002 0 -1 3.0134 98 13,1 0.001 -1 0 13,3 0.001 0 1 14,1 0.001 0 1 4.0096 135 13,13 0.001 1 1 14,14 0.001 0 1 13,14 0.001 1 0 11.0138 170 ::f,0,15 f,2,2 f,12,3 f,12,12 s,13,2 
76:2,1 0.001 0 1 2,0 0.001 -1 -1 1,1 0.001 1 1 21.01 200 1,14 0.001 -1 0 1,13 0.001 1 -1 0,12 0.002 0 -1 3.0134 98 13,1 0.001 -1 0 13,3 0.001 0 1 14,1 0.001 0 1 4.0096 135 13,13 0.001 1 0 14,14 0.001 0 1 13,14 0.001 1 0 11.0138 170 ::f,0,1 f,0,15 f,12,3 f,12,12 s,13,2 
77:2,1 0.001 0 1 2,0 0.001 -1 -1 1,1 0.001 0 1 21.01 200 1,14 0.001 -1 1 1,13 0.001 1 0 0,12 0.002 0 -1 3.0134 98 13,1 0.001 -1 1 13,3 0.001 0 1 14,1 0.001 1 1 4.0096 135 13,13 0.001 1 0 14,14 0.001 1 1 13,14 0.001 1 0 11.0138 170 ::f,0,1 f,0,15 f,12,3 f,12,12 s,13,2 
78:2,1 0.001 1 1 2,0 0.001 -1 -1 1,1 0.001 0 1 21.01 200 1,14 0.001 -1 1 2,13 0.001 1 0 0,12 0.002 0 -1 4.0145 113 13,1 0.001 -1 1 13,3 0.001 0 1 14,1 0.001 1 1 4.0096 135 13,13 0.001 1 -1 14,14 0.001 1 1 13,14 0.001 1 -1 11.0138 170 ::f,0,1 f,0,14 f,12,3 f,12,12 s,13,2 
79:2,1 0.001 1 1 2,0 0.001 -1 -1 1,1 0.001 -1 1 21.01 200 1,14 0.001 0 1 2,13 0.001 1 0 0,12 0.002 0 -1 4.0145 113 13,1 0.001 0 1 13,3 0.001 0 1 14,1 0.001 1 0 4.0096 135 13,13 0.001 1 -1 14,14 0.001 1 0 13,14 0.001 1 -1 11.0138 170 ::f,0,1 f,0,14 f,12,3 f,12,12 s,13,2 
80:2,1 0.001 1 0 2,0 0.001 -1 -1 1,1 0.001 -1 1 21.01 200 1,14 0.001 0 1 2,13 0.001 1 1 0,12 0.002 0 -1 4.0145 113 13,1 0.001 0 1 13,3 0.001 0 1 14,1 0.001 1 0 4.0096 135 13,13 0.001 0 -1 14,14 0.001 1 0 13,14 0.001 0 -1 11.0138 170 ::f,0,1 f,0,14 f,12,3 f,12,12 s,13,2 
81:2,1 0.001 1 0 2,0 0.001 -1 -1 1,1 0.001 -1 0 21.01 200 1,14 0.001 1 1 2,13 0.001 1 1 0,12 0.002 0 -1 4.0145 113 13,1 0.001 0 1 13,3 0.001 0 1 14,1 0.001 1 -1 4.0096 135 13,13 0.001 0 -1 14,14 0.001 1 -1 13,14 0.001 0 -1 11.0138 170 ::f,0,1 f,0,14 f,12,3 f,12,12 s,13,2 
82:2,1 0.001 1 -1 2,0 0.001 -1 -1 1,1 0.001 -1 0 27.0101 215 1,14 0.001 1 1 2,13 0.001 0 1 0,12 0.002 0 -1 4.0145 113 13,1 0.001 1 1 13,3 0.001 0 1 14,1 0.001 1 -1 4.0096 135 13,13 0.001 -1 -1 14,14 0.001 1 -1 13,14 0.001 -1 -1 11.0138 170 ::f,0,14 f,2,3 f,12,3 f,12,12 s,13,2 
83:2,1 0.001 1 -1 2,0 0.001 -1 -1 1,1 0.001 -1 -1 27.0101 215 1,14 0.001 1 0 2,14 0.001 0 1 0,12 0.002 0 -1 4.0155 113 13,1 0.001 1 1 13,3 0.001 0 1 14,1 0.001 0 -1 4.0096 135 13,13 0.001 -1 -1 14,14 0.001 0 -1 13,14 0.001 -1 -1 16.0139 185 ::f,0,14 f,2,3 f,12,3 f,12,12 s,13,2 
84:2,1 0.001 0 -1 2,0 0.001 -1 -1 1,1 0.001 -1 -1 27.0101 215 1,14 0.001 1 0 2,14 0.001 0 1 0,12 0.002 0 -1 4.0155 113 13,1 0.001 1 0 13,3 0.001 0 1 14,1 0.001 0 -1 4.0096 135 13,13 0.001 -1 0 14,13 0.001 0 -1 13,14 0.001 -1 0 16.0149 185 ::f,0,14 f,2,3 f,12,3 f,12,12 s,13,2 
85:2,1 0.001 0 -1 2,0 0.001 -1 -1 1,1 0.001 0 -1 27.0101 215 1,14 0.001 1 0 2,14 0.001 -1 1 0,12 0.002 0 -1 4.0155 113 13,1 0.001 1 0 13,3 0.001 0 1 14,1 0.001 -1 -1 4.0096 135 13,13 0.001 -1 0 14,13 0.001 0 -1 13,14 0.001 -1 0 16.0149 185 ::f,0,14 f,2,3 f,12,3 f,12,12 s,13,2 
86:2,1 0.001 -1 -1 2,0 0.001 -1 -1 1,1 0.001 0 -1 27.0101 215 1,14 0.001 1 -1 2,14 0.001 -1 1 0,12 0.002 0 -1 4.0155 113 13,1 0.001 1 -1 13,3 0.001 0 1 14,1 0.001 -1 -1 4.0096 135 13,13 0.001 -1 1 14,13 0.001 -1 -1 13,14 0.001 -1 1 16.0149 185 ::f,0,14 f,2,3 f,12,3 f,12,12 s,13,2 
87:2,1 0.001 -1 -1 2,0 0.001 -1 -1 1,1 0.001 1 -1 27.0101 215 1,14 0.001 1 -1 2,14 0.001 -1 0 0,12 0.002 0 -1 4.0155 113 13,1 0.001 1 -1 13,3 0.001 0 1 14,1 0.001 -1 0 4.0096 135 13,13 0.001 -1 1 14,13 0.001 -1 -1 13,14 0.001 -1 1 16.0149 185 ::f,0,14 f,2,3 f,12,3 f,12,12 s,13,2 
88:2,1 0.001 -1 0 2,0 0.001 -1 -1 1,1 0.001 1 -1 27.0101 215 1,14 0.001 0 -1 2,14 0.001 -1 0 0,12 0.002 0 -1 4.0155 113 13,1 0.001 0 -1 13,3 0.001 0 1 14,1 0.001 -1 0 4.0096 135 13,13 0.001 0 1 14,13 0.001 -1 0 13,14 0.001 0 1 16.0149 185 ::f,0,14 f,2,3 f,12,3 f,12,12 s,13,2 
89:2,1 0.001 -1 0 2,0 0.001 -1 -1 1,1 0.001 1 0 27.0101 215 1,14 0.001 0 -1 2,14 0.001 -1 0 0,12 0.002 0 -1 4.0155 113 13,1 0.001 0 -1 13,3 0.001 0 1 14,1 0.001 -1 0 4.0096 135 13,13 0.001 0 1 14,13 0.001 -1 0 13,14 0.001 0 1 16.0149 185 ::f,0,14 f,2,3 f,12,3 f,12,12 s,13,2 
90:2,1 0.001 -1 0 2,0 0.001 -1 -1 1,1 0.001 1 0 27.0101 215 1,14 0.001 -1 -1 2,14 0.001 -1 -1 0,12 0.002 0 -1 4.0155 113 13,1 0.001 -1 -1 13,3 0.001 0 1 14,1 0.001 -1 1 4.0096 135 13,13 0.001 0 1 14,13 0.001 -1 0 13,14 0.001 1 1 16.0149 185 ::f,0,14 f,2,3 f,12,3 f,12,12 s,13,2 
91:2,1 0.001 -1 1 2,0 0.001 -1 -1 1,1 0.001 1 0 27.0101 215 1,14 0.001 -1 -1 1,13 0.001 -1 -1 0,12 0.002 0 -1 4.0165 113 13,1 0.001 -1 -1 13,3 0.001 0 1 14,1 0.001 -1 1 4.0096 135 13,13 0.001 1 1 14,13 0.001 -1 1 13,14 0.001 1 1 16.0149 185 ::f,0,14 f,2,3 f,12,3 f,12,12 s,13,2 
92:2,1 0.001 -1 1 2,0 0.001 -1 -1 1,1 0.001 1 1 27.0101 215 1,14 0.001 -1 0 1,13 0.001 -1 -1 0,12 0.002 0 -1 4.0165 113 13,1 0.001 -1 0 13,3 0.001 0 1 14,1 0.001 -1 1 4.0096 135 13,13 0.001 1 1 14,13 0.001 -1 1 13,14 0.001 1 0 16.0149 185 ::f,0,14 f,2,3 f,12,3 f,12,12 s,13,2 
93:2,1 0.001 0 1 2,0 0.001 -1 -1 1,1 0.001 1 1 27.0101 215 1,14 0.001 -1 0 1,13 0.001 0 -1 0,12 0.002 0 -1 6.0166 128 13,1 0.001 -1 0 13,3 0.001 0 1 14,1 0.001 0 1 4.0096 135 13,13 0.001 1 0 14,13 0.001 0 1 14,14 0.001 1 0 16.0159 185 ::f,2,3 f,3,12 f,12,3 f,12,12 s,13,2 
94:2,2 0.001 0 1 2,0 0.001 -1 -1 1,1 0.001 0 1 27.0111 215 1,14 0.001 -1 1 1,13 0.001 0 -1 0,12 0.002 0 -1 6.0166 128 13,1 0.001 -1 1 13,3 0.001 0 1 14,1 0.001 0 1 4.0096 135 13,13 0.001 1 0 14,13 0.001 0 1 14,14 0.001 1 0 16.0159 185 ::f,2,3 f,3,12 f,12,3 f,12,12 s,13,2 
95:2,2 0.001 0 1 2,0 0.001 -1 -1 1,1 0.001 0 1 31.0112 230 1,14 0.001 -1 1 1,13 0.001 1 -1 0,12 0.002 0 -1 6.0166 128 13,1 0.001 -1 1 13,3 0.001 0 1 14,1 0.001 1 1 4.0096 135 13,13 0.001 1 -1 14,13 0.001 1 1 14,14 0.001 1 -1 16.0159 185 ::f,0,3 f,3,12 f,12,3 f,12,12 s,13,2 
96:2,2 0.001 1 1 2,0 0.001 -1 -1 1,1 0.001 -1 1 31.0112 230 1,14 0.001 0 1 1,13 0.001 1 -1 0,12 0.002 0 -1 6.0166 128 13,1 0.001 0 1 13,3 0.001 0 1 14,1 0.001 1 1 4.0096 135 13,13 0.001 1 -1 14,13 0.001 1 1 14,14 0.001 1 -1 16.0159 185 ::f,0,3 f,3,12 f,12,3 f,12,12 s,13,2 
97:2,2 0.001 1 1 2,0 0.001 -1 -1 1,1 0.001 -1 1 31.0112 230 1,14 0.001 0 1 1,13 0.001 1 0 0,12 0.002 0 -1 6.0166 128 13,1 0.001 0 1 13,3 0.001 0 1 14,1 0.001 1 0 4.0096 135 13,13 0.001 0 -1 14,13 0.001 1 0 14,14 0.001 0 -1 16.0159 185 ::f,0,3 f,3,12 f,12,3 f,12,12 s,13,2 
98:2,2 0.001 1 0 2,0 0.001 -1 -1 1,1 0.001 -1 0 31.0112 230 1,14 0.001 1 1 2,13 0.001 1 0 0,12 0.002 0 -1 6.0176 128 13,1 0.001 0 1 13,3 0.001 0 1 14,1 0.001 1 0 4.0096 135 13,13 0.001 0 -1 14,13 0.001 1 0 14,14 0.001 0 -1 16.0159 185 ::f,0,3 f,3,12 f,12,3 f,12,12 s,13,2 
99:2,2 0.001 1 0 2,0 0.001 -1 -1 1,1 0.001 -1 0 31.0112 230 1,14 0.001 1 1 2,13 0.001 1 0 0,12 0.002 0 -1 6.0176 128 13,1 0.001 1 1 13,3 0.001 0 1 14,1 0.001 1 -1 4.0096 135 13,13 0.001 -1 -1 14,13 0.001 1 -1 14,14 0.001 0 -1 16.0159 185 ::f,0,3 f,3,12 f,12,3 f,12,12 s,13,2 
100:2,2 0.001 1 -1 2,0 0.001 -1 -1 1,1 0.001 -1 -1 31.0112 230 1,14 0.001 1 0 2,13 0.001 1 1 0,12 0.002 0 -1 6.0176 128 13,1 0.001 1 1 13,3 0.001 0 1 14,1 0.001 1 -1 4.0096 135 13,13 0.001 -1 -1 14,13 0.001 1 -1 14,14 0.001 0 -1 23.0161 215 ::f,0,3 f,3,12 f,12,3 s,13,2 f,14,12 
101:2,2 0.001 1 -1 2,0 0.001 -1 -1 1,1 0.001 -1 -1 31.0112 230 2,14 0.001 1 0 2,13 0.001 1 1 0,12 0.002 0 -1 6.0186 128 13,1 0.001 1 0 13,3 0.001 0 1 14,1 0.001 0 -1 4.0096 135 13,13 0.001 -1 0 14,13 0.001 0 -1 14,14 0.001 0 -1 23.0161 215 ::f,0,3 f,3,12 f,12,3 s,13,2 f,14,12 
102:2,2 0.001 0 -1 2,0 0.001 -1 -1 1,1 0.001 0 -1 31.0112 230 2,14 0.001 1 0 2,13 0.001 0 1 0,12 0.002 0 -1 6.0186 128 13,1 0.001 1 0 13,3 0.001 0 1 14,1 0.001 0 -1 4.0096 135 13,13 0.001 -1 0 14,13 0.001 0 -1 14,14 0.001 -1 -1 25.0162 230 ::f,0,3 f,3,12 f,12,3 f,12,13 s,13,2 
103:2,1 0.001 0 -1 2,0 0.001 -1 -1 1,1 0.001 0 -1 31.0122 230 2,14 0.001 1 -1 2,13 0.001 0 1 0,12 0.002 0 -1 6.0186 128 13,1 0.001 1 -1 13,3 0.001 0 1 14,1 0.001 -1 -1 4.0096 135 13,13 0.001 -1 1 14,13 0.001 -1 -1 14,14 0.001 -1 0 25.0162 230 ::f,0,3 f,3,12 f,12,3 f,12,13 s,13,2 
104:2,1 0.001 0 -1 2,0 0.001 -1 -1 1,1 0.001 1 -1 31.0122 230 2,14 0.001 1 -1 2,13 0.001 0 1 0,12 0.002 0 -1 6.0186 128 13,1 0.001 1 -1 13,3 0.001 0 1 14,1 0.001 -1 -1 4.0096 135 13,13 0.001 -1 1 14,13 0.001 -1 -1 14,14 0.001 -1 0 25.0162 230 ::f,0,3 f,3,12 f,12,3 f,12,13 s,13,2 
105:2,1 0.001 -1 -1 2,0 0.001 -1 -1 1,1 0.001 1 -1 31.0122 230 2,14 0.001 0 -1 2,13 0.001 -1 1 0,12 0.002 0 -1 6.0186 128 13,1 0.001 0 -1 13,3 0.001 0 1 14,1 0.001 -1 0 4.0096 135 13,13 0.001 0 1 14,13 0.001 -1 0 14,14 0.001 -1 1 25.0162 230 ::f,0,3 f,3,12 f,12,3 f,12,13 s,13,2 
106:2,1 0.001 -1 -1 2,0 0.001 -1 -1 1,1 0.001 1 0 31.0122 230 2,14 0.001 0 -1 2,13 0.001 -1 1 0,12 0.002 0 -1 6.0186 128 13,1 0.001 0 -1 13,3 0.001 0 1 14,1 0.001 -1 0 4.0096 135 13,14 0.001 0 1 13,13 0.001 -1 0 14,14 0.001 -1 1 25.0182 230 ::f,0,3 f,3,12 f,12,3 f,12,13 s,13,2 
107:2,1 0.001 -1 0 2,0 0.001 -1 -1 1,1 0.001 1 0 31.0122 230 2,14 0.001 0 -1 2,13 0.001 -1 0 0,12 0.002 0 -1 6.0186 128 13,1 0.001 -1 -1 13,3 0.001 0 1 14,1 0.001 -1 0 4.0096 135 13,14 0.001 0 1 13,13 0.001 -1 0 14,14 0.001 0 1 28.0183 245 ::f,0,3 f,3,12 f,12,3 s,13,2 f,14,15 
108:2,1 0.001 -1 0 2,0 0.001 -1 -1 1,1 0.001 1 0 31.0122 230 2,14 0.001 -1 -1 2,13 0.001 -1 0 0,12 0.002 0 -1 6.0186 128 13,1 0.001 -1 -1 13,3 0.001 0 1 14,1 0.001 -1 1 4.0096 135 13,14 0.001 1 1 13,13 0.001 -1 1 14,14 0.001 0 1 30.0184 260 ::f,0,3 f,3,12 f,12,3 s,13,2 f,14,13 
109:2,1 0.001 -1 0 2,0 0.001 -1 -1 1,1 0.001 1 1 31.0122 230 1,13 0.001 -1 -1 2,13 0.001 -1 -1 0,12 0.002 0 -1 6.0196 128 13,1 0.001 -1 0 13,3 0.001 0 1 14,1 0.001 -1 1 4.0096 135 13,14 0.001 1 1 13,13 0.001 -1 1 14,14 0.001 1 1 30.0184 260 ::f,0,3 f,3,12 f,12,3 s,13,2 f,14,13 
110:2,1 0.001 -1 1 2,0 0.001 -1 -1 1,1 0.001 1 1 31.0122 230 1,13 0.001 -1 -1 2,13 0.001 -1 -1 0,12 0.002 0 -1 6.0196 128 13,1 0.001 -1 0 13,3 0.001 0 1 14,1 0.001 -1 1 4.0096 135 13,14 0.001 1 0 13,13 0.001 0 1 14,14 0.001 1 1 30.0184 260 ::f,0,3 f,3,12 f,12,3 s,13,2 f,14,13 
111:1,2 0.001 -1 1 2,0 0.001 -1 -1 1,1 0.001 0 1 31.0132 230 1,13 0.001 -1 0 2,13 0.001 0 -1 0,12 0.002 0 -1 6.0196 128 13,1 0.001 -1 1 13,3 0.001 0 1 14,1 0.001 0 1 4.0096 135 13,14 0.001 1 0 13,13 0.001 0 1 14,14 0.001 1 0 30.0184 260 ::f,0,3 f,3,12 f,12,3 s,13,2 f,14,13 
112:1,2 0.001 -1 1 2,0 0.001 -1 -1 1,1 0.001 0 1 36.0133 245 1,13 0.001 -1 0 2,13 0.001 0 -1 0,12 0.002 0 -1 6.0196 128 13,1 0.001 -1 1 13,3 0.001 0 1 14,1 0.001 0 1 4.0096 135 13,14 0.001 1 0 13,13 0.001 0 1 14,14 0.001 1 0 30.0184 260 ::f,3,3 f,3,12 f,12,3 s,13,2 f,14,13 
113:1,2 0.001 0 1 2,0 0.001 -1 -1 1,1 0.001 -1 1 36.0133 245 1,13 0.001 -1 1 2,13 0.001 1 -1 0,12 0.002 0 -1 6.0196 128 13,1 0.001 0 1 13,3 0.001 0 1 14,1 0.001 1 1 4.0096 135 13,14 0.001 1 -1 13,13 0.001 1 1 14,14 0.001 1 -1 30.0184 260 ::f,3,3 f,3,12 f,12,3 s,13,2 f,14,13 
114:1,2 0.001 0 1 2,0 0.001 -1 -1 1,1 0.001 -1 1 36.0133 245 1,13 0.001 -1 1 2,13 0.001 1 -1 0,12 0.002 0 -1 9.0197 143 13,1 0.001 0 1 13,3 0.001 0 1 14,1 0.001 1 1 4.0096 135 13,14 0.001 1 -1 13,13 0.001 1 1 14,14 0.001 1 -1 37.0185 275 ::f,1,15 f,3,3 f,12,3 s,13,2 f,13,15 
115:1,2 0.001 1 1 2,0 0.001 -1 -1 1,1 0.001 -1 0 36.0133 245 1,13 0.001 0 1 2,13 0.001 1 0 0,12 0.002 0 -1 9.0197 143 13,1 0.001 0 1 13,3 0.001 0 1 14,1 0.001 1 0 4.0096 135 13,14 0.001 0 -1 13,13 0.001 1 0 14,14 0.001 0 -1 37.0185 275 ::f,1,15 f,3,3 f,12,3 s,13,2 f,13,15 
116:1,2 0.001 1 1 2,0 0.001 -1 -1 1,1 0.001 -1 0 36.0133 245 1,14 0.001 0 1 2,13 0.001 1 0 0,12 0.002 0 -1 9.0207 143 13,1 0.001 1 1 13,3 0.001 0 1 14,1 0.001 1 0 4.0096 135 13,14 0.001 0 -1 13,13 0.001 1 0 14,13 0.001 0 -1 37.0195 275 ::f,1,15 f,3,3 f,12,3 s,13,2 f,13,15 
117:1,2 0.001 1 0 2,0 0.001 -1 -1 1,1 0.001 -1 -1 36.0133 245 1,14 0.001 0 1 2,13 0.001 1 1 0,12 0.002 0 -1 12.0208 158 13,1 0.001 1 1 13,3 0.001 0 1 14,1 0.001 1 -1 4.0096 135 13,14 0.001 -1 -1 13,13 0.001 1 -1 14,13 0.001 0 -1 37.0195 275 ::f,1,12 f,3,3 f,12,3 s,13,2 f,13,15 
118:2,2 0.001 1 0 2,0 0.001 -1 -1 1,1 0.001 -1 -1 36.0143 245 1,14 0.001 1 1 2,13 0.001 1 1 0,12 0.002 0 -1 12.0208 158 13,1 0.001 1 0 13,3 0.001 0 1 14,1 0.001 1 -1 4.0096 135 13,14 0.001 -1 -1 13,13 0.001 1 -1 14,13 0.001 -1 -1 37.0195 275 ::f,1,12 f,3,3 f,12,3 s,13,2 f,13,15 
119:2,2 0.001 1 0 2,0 0.001 -1 -1 1,1 0.001 0 -1 36.0143 245 1,14 0.001 1 1 2,13 0.001 0 1 0,12 0.002 0 -1 12.0208 158 13,1 0.001 1 0 13,3 0.001 0 1 14,1 0.001 0 -1 4.0096 135 13,14 0.001 -1 0 13,13 0.001 0 -1 14,13 0.001 -1 -1 37.0195 275 ::f,1,12 f,3,3 f,12,3 s,13,2 f,13,15 
120:2,2 0.001 1 -1 2,0 0.001 -1 -1 1,1 0.001 0 -1 36.0143 245 1,14 0.001 1 0 2,14 0.001 0 1 0,12 0.002 0 -1 12.0218 158 13,1 0.001 1 -1 13,3 0.001 0 1 14,1 0.001 0 -1 4.0096 135 13,14 0.001 -1 0 13,13 0.001 0 -1 14,13 0.001 -1 0 37.0195 275 ::f,1,12 f,3,3 f,12,3 s,13,2 f,13,15 
121:2,2 0.001 1 -1 2,0 0.001 -1 -1 1,1 0.001 1 -1 36.0143 245 1,14 0.001 1 0 2,14 0.001 0 1 0,12 0.002 0 -1 12.0218 158 13,1 0.001 1 -1 13,3 0.001 0 1 14,1 0.001 -1 -1 4.0096 135 13,14 0.001 -1 1 13,13 0.001 -1 -1 14,13 0.001 -1 0 37.0195 275 ::f,1,12 f,3,3 f,12,3 s,13,2 f,13,15 
122:2,2 0.001 0 -1 2,0 0.001 -1 -1 1,1 0.001 1 -1 36.0143 245 1,14 0.001 1 0 2,14 0.001 -1 1 0,12 0.002 0 -1 12.0218 158 13,1 0.001 0 -1 13,3 0.001 0 1 14,1 0.001 -1 -1 4.0096 135 13,14 0.001 -1 1 13,13 0.001 -1 -1 14,13 0.001 -1 0 37.0195 275 ::f,1,12 f,3,3 f,12,3 s,13,2 f,13,15 
123:2,1 0.001 0 -1 2,0 0.001 -1 -1 1,1 0.001 1 0 36.0153 245 1,14 0.001 1 -1 2,14 0.001 -1 1 0,12 0.002 0 -1 12.0218 158 13,1 0.001 0 -1 13,3 0.001 0 1 14,1 0.001 -1 0 4.0096 135 13,14 0.001 0 1 13,13 0.001 -1 0 14,13 0.001 -1 1 37.0195 275 ::f,1,12 f,3,3 f,12,3 s,13,2 f,13,15 
124:2,1 0.001 0 -1 2,0 0.001 -1 -1 1,1 0.001 1 0 36.0153 245 1,14 0.001 1 -1 2,14 0.001 -1 0 0,12 0.002 0 -1 12.0218 158 13,1 0.001 -1 -1 13,3 0.001 0 1 14,1 0.001 -1 0 4.0096 135 13,14 0.001 0 1 13,13 0.001 -1 0 14,13 0.001 -1 1 45.0196 290 ::f,1,12 f,3,3 f,12,3 f,12,15 s,13,2 
125:2,1 0.001 -1 -1 2,0 0.001 -1 -1 1,1 0.001 1 0 36.0153 245 1,14 0.001 0 -1 2,14 0.001 -1 0 0,12 0.002 0 -1 12.0218 158 13,1 0.001 -1 -1 13,3 0.001 0 1 14,1 0.001 -1 0 4.0096 135 13,14 0.001 1 1 13,13 0.001 -1 1 14,13 0.001 -1 1 45.0196 290 ::f,1,12 f,3,3 f,12,3 f,12,15 s,13,2 
126:2,1 0.001 -1 -1 2,0 0.001 -1 -1 1,1 0.001 1 1 36.0153 245 1,13 0.001 0 -1 2,14 0.001 -1 0 0,12 0.002 0 -1 12.0228 158 13,1 0.001 -1 0 13,3 0.001 0 1 14,1 0.001 -1 1 4.0096 135 13,14 0.001 1 1 13,13 0.001 -1 1 14,13 0.001 0 1 45.0196 290 ::f,1,12 f,3,3 f,12,3 f,12,15 s,13,2 
127:2,1 0.001 -1 0 2,0 0.001 -1 -1 2,2 0.001 1 1 36.0163 245 1,13 0.001 0 -1 2,14 0.001 -1 -1 0,12 0.002 0 -1 16.0229 173 13,1 0.001 -1 0 13,3 0.001 0 1 14,1 0.001 -1 1 4.0096 135 13,14 0.001 1 0 13,13 0.001 0 1 14,13 0.001 0 1 45.0196 290 ::f,2,15 f,3,3 f,12,3 f,12,15 s,13,2 
128:1,1 0.001 -1 0 2,0 0.001 -1 -1 2,2 0.001 1 1 43.0174 260 1,13 0.001 -1 -1 2,14 0.001 -1 -1 0,12 0.002 0 -1 16.0229 173 13,1 0.001 -1 1 13,3 0.001 0 1 14,1 0.001 -1 1 4.0096 135 14,14 0.001 1 0 13,14 0.001 0 1 14,13 0.001 1 1 45.0216 290 ::f,2,3 f,2,15 f,12,3 f,12,15 s,13,2 
129:1,1 0.001 -1 0 2,0 0.001 -1 -1 2,2 0.001 0 1 43.0174 260 1,13 0.001 -1 -1 2,14 0.001 -1 -1 0,12 0.002 0 -1 16.0229 173 13,1 0.001 -1 1 13,3 0.001 0 1 14,1 0.001 0 1 4.0096 135 14,14 0.001 1 0 13,14 0.001 0 1 14,13 0.001 1 1 45.0216 290 ::f,2,3 f,2,15 f,12,3 f,12,15 s,13,2 
130:1,1 0.001 -1 1 2,0 0.001 -1 -1 2,2 0.001 0 1 51.0175 275 1,13 0.001 -1 0 2,14 0.001 0 -1 0,12 0.002 0 -1 16.0229 173 13,1 0.001 0 1 13,3 0.001 0 1 14,1 0.001 0 1 4.0096 135 14,14 0.001 1 -1 13,14 0.001 1 1 14,13 0.001 1 0 45.0216 290 ::f,2,1 f,2,15 f,12,3 f,12,15 s,13,2 
131:1,1 0.001 -1 1 2,0 0.001 -1 -1 2,2 0.001 -1 1 51.0175 275 1,13 0.001 -1 0 2,14 0.001 0 -1 0,12 0.002 0 -1 16.0229 173 13,1 0.001 0 1 13,3 0.001 0 1 14,1 0.001 1 1 4.0096 135 14,14 0.001 1 -1 13,14 0.001 1 1 14,13 0.001 1 0 45.0216 290 ::f,2,1 f,2,15 f,12,3 f,12,15 s,13,2 
132:1,1 0.001 0 1 2,0 0.001 -1 -1 2,2 0.001 -1 1 51.0175 275 1,13 0.001 -1 1 2,14 0.001 1 -1 0,12 0.002 0 -1 16.0229 173 13,1 0.001 0 1 13,3 0.001 0 1 14,1 0.001 1 1 4.0096 135 14,14 0.001 0 -1 13,14 0.001 1 0 14,13 0.001 1 -1 45.0216 290 ::f,2,1 f,2,15 f,12,3 f,12,15 s,13,2 
133:1,2 0.001 0 1 2,0 0.001 -1 -1 2,2 0.001 -1 0 51.0185 275 1,13 0.001 -1 1 2,14 0.001 1 -1 0,12 0.002 0 -1 16.0229 173 13,1 0.001 1 1 13,3 0.001 0 1 14,1 0.001 1 0 4.0096 135 14,14 0.001 0 -1 13,14 0.001 1 0 14,13 0.001 1 -1 45.0216 290 ::f,2,1 f,2,15 f,12,3 f,12,15 s,13,2 
134:1,2 0.001 0 1 2,0 0.001 -1 -1 2,2 0.001 -1 0 51.0185 275 1,13 0.001 0 1 2,14 0.001 1 0 0,12 0.002 0 -1 16.0229 173 13,1 0.001 1 1 13,3 0.001 0 1 14,1 0.001 1 0 4.0096 135 14,14 0.001 0 -1 13,14 0.001 1 0 14,13 0.001 0 -1 45.0216 290 ::f,2,1 f,2,15 f,12,3 f,12,15 s,13,2 
135:1,2 0.001 1 1 2,0 0.001 -1 -1 2,2 0.001 -1 0 51.0185 275 1,14 0.001 0 1 2,14 0.001 1 0 0,12 0.002 0 -1 16.0239 173 13,1 0.001 1 0 13,3 0.001 0 1 14,1 0.001 1 -1 4.0096 135 14,14 0.001 -1 -1 13,14 0.001 1 -1 14,13 0.001 0 -1 45.0216 290 ::f,2,1 f,2,15 f,12,3 f,12,15 s,13,2 
136:1,2 0.001 1 1 2,0 0.001 -1 -1 2,2 0.001 -1 -1 51.0185 275 1,14 0.001 0 1 2,14 0.001 1 1 0,12 0.002 0 -1 16.0239 173 13,1 0.001 1 0 13,3 0.001 0 1 14,1 0.001 1 -1 4.0096 135 14,14 0.001 -1 -1 13,14 0.001 1 -1 14,13 0.001 -1 -1 45.0216 290 ::f,2,1 f,2,15 f,12,3 f,12,15 s,13,2 
137:1,2 0.001 1 0 2,0 0.001 -1 -1 2,2 0.001 -1 -1 51.0185 275 1,14 0.001 1 1 2,14 0.001 1 1 0,12 0.002 0 -1 16.0239 173 13,1 0.001 1 -1 13,3 0.001 0 1 14,1 0.001 0 -1 4.0096 135 14,14 0.001 -1 0 13,14 0.001 0 -1 14,13 0.001 -1 -1 45.0216 290 ::f,2,1 f,2,15 f,12,3 f,12,15 s,13,2 
138:1,2 0.001 1 0 2,0 0.001 -1 -1 2,2 0.001 0 -1 51.0185 275 1,14 0.001 1 1 2,14 0.001 0 1 0,12 0.002 0 -1 21.024 188 13,1 0.001 1 -1 13,3 0.001 0 1 14,1 0.001 0 -1 4.0096 135 14,14 0.001 -1 0 13,14 0.001 0 -1 14,13 0.001 -1 0 45.0216 290 ::f,1,15 f,2,1 f,12,3 f,12,15 s,13,2 
139:1,2 0.001 1 0 2,0 0.001 -1 -1 2,2 0.001 0 -1 51.0185 275 1,14 0.001 1 0 2,14 0.001 0 1 0,12 0.002 0 -1 21.024 188 13,1 0.001 0 -1 13,3 0.001 0 1 14,1 0.001 -1 -1 4.0096 135 14,14 0.001 -1 1 13,14 0.001 -1 -1 13,13 0.001 -1 0 45.0226 290 ::f,1,15 f,2,1 f,12,3 f,12,15 s,13,2 
140:1,2 0.001 1 -1 2,0 0.001 -1 -1 2,2 0.001 0 -1 60.0186 290 1,14 0.001 1 0 2,14 0.001 -1 1 0,12 0.002 0 -1 21.024 188 13,1 0.001 0 -1 13,3 0.001 0 1 14,1 0.001 -1 -1 4.0096 135 14,14 0.001 -1 1 13,14 0.001 -1 -1 13,13 0.001 -1 0 45.0226 290 ::f,1,15 f,3,3 f,12,3 f,12,15 s,13,2 
141:1,2 0.001 1 -1 2,0 0.001 -1 -1 2,2 0.001 1 -1 60.0186 290 1,14 0.001 1 0 2,14 0.001 -1 1 0,12 0.002 0 -1 25.0241 203 13,1 0.001 -1 -1 13,3 0.001 0 1 14,1 0.001 -1 0 4.0096 135 14,14 0.001 0 1 13,14 0.001 -1 0 13,13 0.001 -1 1 45.0226 290 ::f,2,15 f,3,3 f,12,3 f,12,15 s,13,2 
142:1,2 0.001 0 -1 2,0 0.001 -1 -1 2,2 0.001 1 -1 60.0186 290 1,14 0.001 1 -1 2,14 0.001 -1 0 0,12 0.002 0 -1 25.0241 203 13,1 0.001 -1 -1 13,3 0.001 0 1 14,1 0.001 -1 0 4.0096 135 14,14 0.001 0 1 13,14 0.001 -1 0 13,13 0.001 -1 1 45.0226 290 ::f,2,15 f,3,3 f,12,3 f,12,15 s,13,2 
143:1,2 0.001 0 -1 2,0 0.001 -1 -1 2,2 0.001 1 0 60.0186 290 1,14 0.001 1 -1 2,14 0.001 -1 0 0,12 0.002 0 -1 25.0241 203 13,1 0.001 -1 0 13,3 0.001 0 1 14,1 0.001 -1 0 4.0096 135 14,14 0.001 1 1 13,14 0.001 -1 1 13,13 0.001 0 1 45.0226 290 ::f,2,15 f,3,3 f,12,3 f,12,15 s,13,2 
144:1,2 0.001 -1 -1 2,0 0.001 -1 -1 2,2 0.001 1 0 60.0186 290 1,14 0.001 0 -1 2,14 0.001 -1 0 0,12 0.002 0 -1 25.0241 203 13,1 0.001 -1 0 13,3 0.001 0 1 14,1 0.001 -1 1 4.0096 135 14,14 0.001 1 1 13,14 0.001 -1 1 13,13 0.001 0 1 49.0227 305 ::f,2,15 f,3,3 f,12,3 s,13,2 f,15,15 
145:1,2 0.001 -1 -1 2,0 0.001 -1 -1 2,2 0.001 1 1 60.0186 290 1,14 0.001 0 -1 2,14 0.001 -1 -1 0,12 0.002 0 -1 25.0241 203 13,1 0.001 -1 1 13,3 0.001 0 1 14,1 0.001 -1 1 4.0096 135 14,14 0.001 1 0 13,14 0.001 0 1 13,13 0.001 0 1 49.0227 305 ::f,2,15 f,3,3 f,12,3 s,13,2 f,15,15 
146:1,2 0.001 -1 0 2,0 0.001 -1 -1 2,2 0.001 1 1 70.0187 305 1,14 0.001 -1 -1 1,13 0.001 -1 -1 0,12 0.002 0 -1 25.0251 203 13,1 0.001 -1 1 13,3 0.001 0 1 14,1 0.001 -1 1 4.0096 135 14,14 0.001 1 0 13,14 0.001 0 1 13,13 0.001 1 1 49.0227 305 ::f,0,2 f,2,15 f,12,3 s,13,2 f,15,15 
147:1,2 0.001 -1 0 2,0 0.001 -1 -1 2,2 0.001 0 1 76.0188 320 1,14 0.001 -1 -1 1,13 0.001 -1 -1 0,12 0.002 0 -1 25.0251 203 13,1 0.001 0 1 13,3 0.001 0 1 14,1 0.001 0 1 4.0096 135 14,14 0.001 1 -1 13,14 0.001 1 1 13,13 0.001 1 1 49.0227 305 ::f,1,0 f,2,15 f,12,3 s,13,2 f,15,15 
148:1,2 0.001 -1 1 2,0 0.001 -1 -1 2,2 0.001 0 1 76.0188 320 1,14 0.001 -1 0 1,13 0.001 0 -1 0,12 0.002 0 -1 25.0251 203 13,1 0.001 0 1 13,3 0.001 0 1 14,1 0.001 0 1 4.0096 135 14,14 0.001 1 -1 13,14 0.001 1 1 13,13 0.001 1 1 49.0227 305 ::f,1,0 f,2,15 f,12,3 s,13,2 f,15,15 
149:1,2 0.001 -1 1 2,0 0.001 -1 -1 2,2 0.001 -1 1 76.0188 320 1,14 0.001 -1 0 1,13 0.001 0 -1 0,12 0.002 0 -1 25.0251 203 13,1 0.001 0 1 13,3 0.001 0 1 14,1 0.001 1 1 4.0096 135 14,14 0.001 0 -1 13,14 0.001 1 0 13,13 0.001 1 0 49.0227 305 ::f,1,0 f,2,15 f,12,3 s,13,2 f,15,15 
150:1,2 0.001 0 1 2,0 0.001 -1 -1 2,2 0.001 -1 1 76.0188 320 1,14 0.001 -1 1 1,13 0.001 1 -1 0,12 0.002 0 -1 25.0251 203 13,1 0.001 1 1 13,3 0.001 0 1 14,1 0.001 1 1 4.0096 135 14,13 0.001 0 -1 14,14 0.001 1 0 13,13 0.001 1 0 49.0247 305 ::f,1,0 f,2,15 f,12,3 s,13,2 f,15,15 
151:1,2 0.001 0 1 2,0 0.001 -1 -1 2,2 0.001 -1 0 76.0188 320 1,14 0.001 -1 1 1,13 0.001 1 -1 0,12 0.002 0 -1 25.0251 203 13,1 0.001 1 1 13,3 0.001 0 1 14,1 0.001 1 0 4.0096 135 14,13 0.001 0 -1 14,14 0.001 1 0 13,13 0.001 1 -1 49.0247 305 ::f,1,0 f,2,15 f,12,3 s,13,2 f,15,15 
152:1,2 0.001 1 1 2,0 0.001 -1 -1 2,2 0.001 -1 0 76.0188 320 1,14 0.001 0 1 1,13 0.001 1 0 0,12 0.002 0 -1 25.0251 203 13,1 0.001 1 0 13,3 0.001 0 1 14,1 0.001 1 0 4.0096 135 14,13 0.001 -1 -1 14,14 0.001 1 -1 13,13 0.001 1 -1 49.0247 305 ::f,1,0 f,2,15 f,12,3 s,13,2 f,15,15 
153:1,2 0.001 1 1 2,0 0.001 -1 -1 2,2 0.001 -1 0 76.0188 320 1,14 0.001 0 1 2,13 0.001 1 0 0,12 0.002 0 -1 25.0261 203 13,1 0.001 1 0 13,3 0.001 0 1 14,1 0.001 1 -1 4.0096 135 14,13 0.001 -1 -1 14,14 0.001 1 -1 13,13 0.001 0 -1 49.0247 305 ::f,1,0 f,2,15 f,12,3 s,13,2 f,15,15 
154:1,2 0.001 1 0 2,0 0.001 -1 -1 2,2 0.001 -1 -1 76.0188 320 1,14 0.001 1 1 2,13 0.001 1 0 0,12 0.002 0 -1 25.0261 203 13,1 0.001 1 -1 13,3 0.001 0 1 14,1 0.001 1 -1 4.0096 135 14,13 0.001 -1 0 14,14 0.001 0 -1 13,13 0.001 0 -1 49.0247 305 ::f,1,0 f,2,15 f,12,3 s,13,2 f,15,15 
155:1,2 0.001 1 0 2,0 0.001 -1 -1 2,2 0.001 -1 -1 76.0188 320 1,14 0.001 1 1 2,13 0.001 1 1 0,12 0.002 0 -1 31.0262 218 13,1 0.001 1 -1 13,3 0.001 0 1 14,1 0.001 0 -1 4.0096 135 14,13 0.001 -1 0 14,14 0.001 0 -1 13,13 0.001 -1 -1 49.0247 305 ::f,1,0 f,1,15 f,12,3 s,13,2 f,15,15 
156:1,2 0.001 1 0 2,0 0.001 -1 -1 2,2 0.001 0 -1 76.0188 320 1,14 0.001 1 0 2,13 0.001 1 1 0,12 0.002 0 -1 31.0262 218 13,1 0.001 0 -1 13,3 0.001 0 1 14,1 0.001 0 -1 4.0096 135 14,13 0.001 -1 0 14,14 0.001 0 -1 13,13 0.001 -1 -1 49.0247 305 ::f,1,0 f,1,15 f,12,3 s,13,2 f,15,15 
157:1,2 0.001 1 -1 2,0 0.001 -1 -1 2,1 0.001 0 -1 76.0198 320 2,14 0.001 1 0 2,13 0.001 0 1 0,12 0.002 0 -1 31.0272 218 13,1 0.001 0 -1 13,3 0.001 0 1 14,1 0.001 -1 -1 4.0096 135 14,13 0.001 -1 1 14,14 0.001 -1 -1 13,13 0.001 -1 0 49.0247 305 ::f,1,0 f,1,15 f,12,3 s,13,2 f,15,15 
158:1,2 0.001 1 -1 2,0 0.001 -1 -1 2,1 0.001 0 -1 76.0198 320 2,14 0.001 1 0 2,13 0.001 0 1 0,12 0.002 0 -1 31.0272 218 13,1 0.001 -1 -1 13,3 0.001 0 1 14,1 0.001 -1 -1 4.0096 135 14,13 0.001 -1 1 14,14 0.001 -1 -1 13,13 0.001 -1 0 49.0247 305 ::f,1,0 f,1,15 f,12,3 s,13,2 f,15,15 
159:1,2 0.001 0 -1 2,0 0.001 -1 -1 2,1 0.001 1 -1 76.0198 320 2,14 0.001 1 -1 2,13 0.001 0 1 0,12 0.002 0 -1 31.0272 218 13,1 0.001 -1 -1 13,3 0.001 0 1 14,1 0.001 -1 0 4.0096 135 14,13 0.001 0 1 14,14 0.001 -1 0 13,13 0.001 -1 1 49.0247 305 ::f,1,0 f,1,15 f,12,3 s,13,2 f,15,15 
160:1,1 0.001 0 -1 2,0 0.001 -1 -1 2,1 0.001 1 -1 76.0208 320 2,14 0.001 1 -1 2,13 0.001 -1 1 0,12 0.002 0 -1 31.0272 218 13,1 0.001 -1 0 13,3 0.001 0 1 14,1 0.001 -1 0 4.0096 135 14,13 0.001 0 1 14,14 0.001 -1 0 13,13 0.001 -1 1 49.0247 305 ::f,1,0 f,1,15 f,12,3 s,13,2 f,15,15 
161:1,1 0.001 0 -1 2,0 0.001 -1 -1 2,1 0.001 1 0 83.0209 335 2,14 0.001 0 -1 2,13 0.001 -1 1 0,12 0.002 0 -1 31.0272 218 13,1 0.001 -1 0 13,3 0.001 0 1 14,1 0.001 -1 0 4.0096 135 14,13 0.001 1 1 14,14 0.001 -1 1 13,13 0.001 0 1 49.0247 305 ::f,1,0 f,1,15 f,12,3 s,13,2 f,15,15 
162:1,1 0.001 -1 -1 2,0 0.001 -1 -1 2,1 0.001 1 0 83.0209 335 2,14 0.001 0 -1 2,13 0.001 -1 0 0,12 0.002 0 -1 31.0272 218 13,1 0.001 -1 1 13,3 0.001 0 1 14,1 0.001 -1 1 4.0096 135 14,13 0.001 1 1 14,14 0.001 -1 1 13,14 0.001 0 1 49.0257 305 ::f,1,0 f,1,15 f,12,3 s,13,2 f,15,15 
163:1,1 0.001 -1 -1 2,0 0.001 -1 -1 2,1 0.001 1 1 83.0209 335 2,14 0.001 0 -1 2,13 0.001 -1 0 0,12 0.002 0 -1 31.0272 218 13,1 0.001 -1 1 13,3 0.001 0 1 14,1 0.001 -1 1 4.0096 135 14,13 0.001 1 0 14,14 0.001 0 1 13,14 0.001 0 1 49.0257 305 ::f,1,0 f,1,15 f,12,3 s,13,2 f,15,15 
164:1,1 0.001 -1 0 2,0 0.001 -1 -1 2,1 0.001 1 1 83.0209 335 2,14 0.001 -1 -1 2,13 0.001 -1 -1 0,12 0.002 0 -1 31.0272 218 13,1 0.001 0 1 13,3 0.001 0 1 14,1 0.001 -1 1 4.0096 135 14,13 0.001 1 0 14,14 0.001 0 1 13,14 0.001 1 1 49.0257 305 ::f,1,0 f,1,15 f,12,3 s,13,2 f,15,15 
165:1,1 0.001 -1 0 2,0 0.001 -1 -1 2,1 0.001 0 1 83.0209 335 1,13 0.001 -1 -1 2,13 0.001 -1 -1 0,12 0.002 0 -1 31.0282 218 13,1 0.001 0 1 13,3 0.001 0 1 14,1 0.001 0 1 4.0096 135 14,13 0.001 1 -1 14,14 0.001 1 1 13,14 0.001 1 1 49.0257 305 ::f,1,0 f,1,15 f,12,3 s,13,2 f,15,15 
166:1,1 0.001 -1 1 2,0 0.001 -1 -1 2,2 0.001 0 1 83.0219 335 1,13 0.001 -1 -1 2,13 0.001 0 -1 0,12 0.002 0 -1 31.0282 218 13,1 0.001 0 1 13,3 0.001 0 1 14,1 0.001 0 1 4.0096 135 14,13 0.001 1 -1 14,14 0.001 1 1 13,14 0.001 1 0 54.0258 320 ::f,1,0 f,1,15 f,12,3 f,12,15 s,13,2 
167:1,1 0.001 -1 1 2,0 0.001 -1 -1 2,2 0.001 0 1 83.0219 335 1,13 0.001 -1 0 2,13 0.001 0 -1 0,12 0.002 0 -1 31.0282 218 13,1 0.001 1 1 13,3 0.001 0 1 14,1 0.001 1 1 4.0096 135 14,13 0.001 0 -1 14,14 0.001 1 0 13,14 0.001 1 0 54.0258 320 ::f,1,0 f,1,15 f,12,3 f,12,15 s,13,2 
168:1,1 0.001 0 1 2,0 0.001 -1 -1 2,2 0.001 -1 1 83.0219 335 1,13 0.001 -1 0 2,13 0.001 1 -1 0,12 0.002 0 -1 31.0282 218 13,1 0.001 1 1 13,3 0.001 0 1 14,1 0.001 1 1 4.0096 135 14,13 0.001 0 -1 14,14 0.001 1 0 13,14 0.001 1 0 54.0258 320 ::f,1,0 f,1,15 f,12,3 f,12,15 s,13,2 
169:1,2 0.001 0 1 2,0 0.001 -1 -1 2,2 0.001 -1 1 83.0229 335 1,13 0.001 -1 1 2,13 0.001 1 -1 0,12 0.002 0 -1 31.0282 218 13,1 0.001 1 0 13,3 0.001 0 1 14,1 0.001 1 0 4.0096 135 14,13 0.001 -1 -1 14,14 0.001 1 -1 13,14 0.001 1 -1 54.0258 320 ::f,1,0 f,1,15 f,12,3 f,12,15 s,13,2 
170:1,2 0.001 0 1 2,0 0.001 -1 -1 2,2 0.001 -1 0 83.0229 335 1,13 0.001 -1 1 2,13 0.001 1 0 0,12 0.002 0 -1 31.0282 218 13,1 0.001 1 0 13,3 0.001 0 1 14,1 0.001 1 0 4.0096 135 14,13 0.001 -1 -1 14,14 0.001 1 -1 13,14 0.001 1 -1 54.0258 320 ::f,1,0 f,1,15 f,12,3 f,12,15 s,13,2 
171:1,2 0.001 1 1 2,0 0.001 -1 -1 2,2 0.001 -1 0 83.0229 335 1,13 0.001 0 1 2,13 0.001 1 0 0,12 0.002 0 -1 31.0282 218 13,1 0.001 1 -1 13,3 0.001 0 1 14,1 0.001 1 -1 4.0096 135 14,13 0.001 -1 0 14,14 0.001 0 -1 13,14 0.001 0 -1 54.0258 320 ::f,1,0 f,1,15 f,12,3 f,12,15 s,13,2 
172:1,2 0.001 1 1 2,0 0.001 -1 -1 2,2 0.001 -1 0 83.0229 335 1,14 0.001 0 1 2,13 0.001 1 1 0,12 0.002 0 -1 31.0292 218 13,1 0.001 1 -1 13,3 0.001 0 1 14,1 0.001 1 -1 4.0096 135 13,13 0.001 -1 0 14,13 0.001 0 -1 13,14 0.001 0 -1 54.0278 320 ::f,1,0 f,1,15 f,12,3 f,12,15 s,13,2 
173:1,2 0.001 1 0 2,0 0.001 -1 -1 2,2 0.001 -1 -1 83.0229 335 1,14 0.001 0 1 2,13 0.001 1 1 0,12 0.002 0 -1 38.0293 233 13,1 0.001 0 -1 13,3 0.001 0 1 14,1 0.001 0 -1 4.0096 135 13,13 0.001 -1 0 14,13 0.001 0 -1 13,14 0.001 -1 -1 54.0278 320 ::f,1,0 f,2,15 f,12,3 f,12,15 s,13,2 
174:1,2 0.001 1 0 2,0 0.001 -1 -1 2,2 0.001 -1 -1 83.0229 335 1,14 0.001 1 1 2,13 0.001 0 1 0,12 0.002 0 -1 38.0293 233 13,1 0.001 0 -1 13,3 0.001 0 1 14,1 0.001 0 -1 4.0096 135 13,13 0.001 -1 1 14,13 0.001 -1 -1 13,14 0.001 -1 -1 54.0278 320 ::f,1,0 f,2,15 f,12,3 f,12,15 s,13,2 
175:1,2 0.001 1 0 2,0 0.001 -1 -1 2,2 0.001 0 -1 83.0229 335 1,14 0.001 1 1 2,13 0.001 0 1 0,12 0.002 0 -1 46.0294 248 13,1 0.001 -1 -1 13,3 0.001 0 1 14,1 0.001 -1 -1 4.0096 135 13,13 0.001 -1 1 14,13 0.001 -1 -1 13,14 0.001 -1 0 54.0278 320 ::f,1,0 f,2,14 f,12,3 f,12,15 s,13,2 
176:1,2 0.001 1 -1 2,0 0.001 -1 -1 2,1 0.001 0 -1 83.0239 335 1,14 0.001 1 0 2,13 0.001 0 1 0,12 0.002 0 -1 51.0295 263 13,1 0.001 -1 -1 13,3 0.001 0 1 14,1 0.001 -1 -1 4.0096 135 13,13 0.001 0 1 14,13 0.001 -1 0 13,14 0.001 -1 0 54.0278 320 ::f,1,0 f,3,12 f,12,3 f,12,15 s,13,2 
177:1,2 0.001 1 -1 2,0 0.001 -1 -1 2,1 0.001 0 -1 83.0239 335 2,14 0.001 1 0 2,13 0.001 -1 1 0,12 0.002 0 -1 51.0305 263 13,1 0.001 -1 0 13,3 0.001 0 1 14,1 0.001 -1 0 4.0096 135 13,13 0.001 0 1 14,13 0.001 -1 0 13,14 0.001 -1 1 54.0278 320 ::f,1,0 f,3,12 f,12,3 f,12,15 s,13,2 
178:1,2 0.001 0 -1 2,0 0.001 -1 -1 2,1 0.001 1 -1 83.0239 335 2,14 0.001 1 0 2,13 0.001 -1 1 0,12 0.002 0 -1 51.0305 263 13,1 0.001 -1 0 13,3 0.001 0 1 14,1 0.001 -1 0 4.0096 135 13,13 0.001 0 1 14,13 0.001 -1 0 13,14 0.001 -1 1 57.0279 335 ::f,1,0 f,3,12 f,12,3 s,13,2 f,15,12 
179:1,1 0.001 0 -1 2,0 0.001 -1 -1 2,1 0.001 1 -1 83.0249 335 2,14 0.001 1 -1 2,13 0.001 -1 0 0,12 0.002 0 -1 51.0305 263 13,1 0.001 -1 1 13,3 0.001 0 1 14,1 0.001 -1 0 4.0096 135 13,13 0.001 1 1 14,13 0.001 -1 1 13,14 0.001 0 1 57.0279 335 ::f,1,0 f,3,12 f,12,3 s,13,2 f,15,12 
180:1,1 0.001 0 -1 2,0 0.001 -1 -1 2,1 0.001 1 0 91.025 350 2,14 0.001 1 -1 2,13 0.001 -1 0 0,12 0.002 0 -1 51.0305 263 13,1 0.001 -1 1 13,3 0.001 0 1 14,1 0.001 -1 1 4.0096 135 13,13 0.001 1 1 14,13 0.001 -1 1 13,14 0.001 0 1 57.0279 335 ::f,0,1 f,3,12 f,12,3 s,13,2 f,15,12 
181:1,1 0.001 -1 -1 2,0 0.001 -1 -1 2,1 0.001 1 0 91.025 350 2,14 0.001 0 -1 2,13 0.001 -1 -1 0,12 0.002 0 -1 51.0305 263 13,1 0.001 0 1 13,3 0.001 0 1 14,1 0.001 -1 1 4.0096 135 13,13 0.001 1 0 14,13 0.001 0 1 13,14 0.001 1 1 57.0279 335 ::f,0,1 f,3,12 f,12,3 s,13,2 f,15,12 
182:1,1 0.001 -1 -1 2,0 0.001 -1 -1 2,1 0.001 1 1 91.025 350 2,14 0.001 0 -1 2,13 0.001 -1 -1 0,12 0.002 0 -1 51.0305 263 13,1 0.001 0 1 13,3 0.001 0 1 14,1 0.001 -1 1 4.0096 135 13,13 0.001 1 0 14,13 0.001 0 1 13,14 0.001 1 1 57.0279 335 ::f,0,1 f,3,12 f,12,3 s,13,2 f,15,12 
183:1,1 0.001 -1 0 2,0 0.001 -1 -1 2,1 0.001 1 1 91.025 350 2,14 0.001 0 -1 2,13 0.001 0 -1 0,12 0.002 0 -1 51.0305 263 13,1 0.001 0 1 13,3 0.001 0 1 14,1 0.001 0 1 4.0096 135 13,13 0.001 1 -1 14,13 0.001 1 1 13,14 0.001 1 0 57.0279 335 ::f,0,1 f,3,12 f,12,3 s,13,2 f,15,12 
184:1,1 0.001 -1 0 2,0 0.001 -1 -1 2,1 0.001 0 1 100.025 365 2,14 0.001 -1 -1 2,13 0.001 0 -1 0,12 0.002 0 -1 51.0305 263 13,1 0.001 1 1 13,3 0.001 0 1 14,1 0.001 0 1 4.0096 135 13,13 0.001 1 -1 14,13 0.001 1 1 14,14 0.001 1 0 57.0289 335 ::f,0,0 f,3,12 f,12,3 s,13,2 f,15,12 
185:1,1 0.001 -1 1 2,0 0.001 -1 -1 2,2 0.001 0 1 100.026 365 1,13 0.001 -1 -1 2,13 0.001 1 -1 0,12 0.002 0 -1 51.0315 263 13,1 0.001 1 1 13,3 0.001 0 1 14,1 0.001 1 1 4.0096 135 13,13 0.001 0 -1 14,13 0.001 1 0 14,14 0.001 1 0 57.0289 335 ::f,0,0 f,3,12 f,12,3 s,13,2 f,15,12 
186:1,1 0.001 -1 1 2,0 0.001 -1 -1 2,2 0.001 0 1 100.026 365 1,13 0.001 -1 -1 2,13 0.001 1 -1 0,12 0.002 0 -1 57.0316 278 13,1 0.001 1 0 13,3 0.001 0 1 14,1 0.001 1 1 4.0096 135 13,13 0.001 0 -1 14,13 0.001 1 0 14,14 0.001 1 -1 57.0289 335 ::f,0,0 f,2,12 f,12,3 s,13,2 f,15,12 
187:1,1 0.001 0 1 2,0 0.001 -1 -1 2,2 0.001 -1 1 100.026 365 1,13 0.001 -1 0 2,13 0.001 1 0 0,12 0.002 0 -1 57.0316 278 13,1 0.001 1 0 13,3 0.001 0 1 14,1 0.001 1 0 4.0096 135 13,13 0.001 -1 -1 14,13 0.001 1 -1 14,14 0.001 1 -1 57.0289 335 ::f,0,0 f,2,12 f,12,3 s,13,2 f,15,12 
188:1,2 0.001 0 1 2,0 0.001 -1 -1 2,2 0.001 -1 1 100.027 365 1,13 0.001 -1 0 2,13 0.001 1 0 0,12 0.002 0 -1 57.0316 278 13,1 0.001 1 -1 13,3 0.001 0 1 14,1 0.001 1 0 4.0096 135 13,13 0.001 -1 -1 14,13 0.001 1 -1 14,14 0.001 0 -1 63.029 350 ::f,0,0 f,2,12 f,12,3 s,13,2 f,15,12 
189:1,2 0.001 0 1 2,0 0.001 -1 -1 2,2 0.001 -1 0 100.027 365 1,13 0.001 -1 1 2,13 0.001 1 1 0,12 0.002 0 -1 57.0316 278 13,1 0.001 1 -1 13,3 0.001 0 1 14,1 0.001 1 -1 4.0096 135 13,13 0.001 -1 0 14,13 0.001 0 -1 14,14 0.001 0 -1 63.029 350 ::f,0,0 f,2,12 f,12,3 s,13,2 f,15,12 
190:1,2 0.001 1 1 2,0 0.001 -1 -1 2,2 0.001 -1 0 100.027 365 1,13 0.001 -1 1 2,13 0.001 1 1 0,12 0.002 0 -1 57.0316 278 13,1 0.001 0 -1 13,3 0.001 0 1 14,1 0.001 1 -1 4.0096 135 13,13 0.001 -1 0 14,13 0.001 0 -1 14,14 0.001 0 -1 63.029 350 ::f,0,0 f,2,12 f,12,3 s,13,2 f,15,12 
191:1,2 0.001 1 1 2,0 0.001 -1 -1 2,2 0.001 -1 0 100.027 365 1,13 0.001 0 1 2,13 0.001 0 1 0,12 0.002 0 -1 57.0316 278 13,1 0.001 0 -1 13,3 0.001 0 1 14,1 0.001 0 -1 4.0096 135 13,13 0.001 -1 1 14,13 0.001 -1 -1 14,14 0.001 -1 -1 63.029 350 ::f,0,0 f,2,12 f,12,3 s,13,2 f,15,12 
192:1,2 0.001 1 0 2,0 0.001 -1 -1 2,2 0.001 -1 -1 100.027 365 1,14 0.001 0 1 2,14 0.001 0 1 0,12 0.002 0 -1 57.0336 278 13,1 0.001 -1 -1 13,3 0.001 0 1 14,1 0.001 0 -1 4.0096 135 13,13 0.001 -1 1 14,13 0.001 -1 -1 14,14 0.001 -1 -1 63.029 350 ::f,0,0 f,2,12 f,12,3 s,13,2 f,15,12 
193:1,2 0.001 1 0 2,0 0.001 -1 -1 1,1 0.001 -1 -1 100.028 365 1,14 0.001 0 1 2,14 0.001 0 1 0,12 0.002 0 -1 57.0336 278 13,1 0.001 -1 -1 13,3 0.001 0 1 14,1 0.001 -1 -1 4.0096 135 13,13 0.001 0 1 14,13 0.001 -1 0 14,14 0.001 -1 0 63.029 350 ::f,0,0 f,2,12 f,12,3 s,13,2 f,15,12 
194:1,2 0.001 1 0 2,0 0.001 -1 -1 1,1 0.001 -1 -1 110.028 380 1,14 0.001 1 1 2,14 0.001 -1 1 0,12 0.002 0 -1 57.0336 278 13,1 0.001 -1 0 13,3 0.001 0 1 14,1 0.001 -1 -1 4.0096 135 13,14 0.001 0 1 13,13 0.001 -1 0 14,14 0.001 -1 0 63.031 350 ::f,1,3 f,2,12 f,12,3 s,13,2 f,15,12 
195:1,2 0.001 1 -1 2,0 0.001 -1 -1 1,1 0.001 0 -1 110.028 380 1,14 0.001 1 1 2,14 0.001 -1 1 0,12 0.002 0 -1 57.0336 278 13,1 0.001 -1 0 13,3 0.001 0 1 14,1 0.001 -1 0 4.0096 135 13,14 0.001 0 1 13,13 0.001 -1 0 14,14 0.001 -1 1 63.031 350 ::f,1,3 f,2,12 f,12,3 s,13,2 f,15,12 
196:1,2 0.001 1 -1 2,0 0.001 -1 -1 1,1 0.001 0 -1 110.028 380 1,14 0.001 1 0 2,14 0.001 -1 0 0,12 0.002 0 -1 57.0336 278 13,1 0.001 -1 1 13,3 0.001 0 1 14,1 0.001 -1 0 4.0096 135 13,14 0.001 1 1 13,13 0.001 -1 1 14,14 0.001 -1 1 63.031 350 ::f,1,3 f,2,12 f,12,3 s,13,2 f,15,12 
197:1,2 0.001 0 -1 2,0 0.001 -1 -1 1,1 0.001 1 -1 110.028 380 1,14 0.001 1 0 2,14 0.001 -1 0 0,12 0.002 0 -1 57.0336 278 13,1 0.001 -1 1 13,3 0.001 0 1 14,1 0.001 -1 0 4.0096 135 13,14 0.001 1 1 13,13 0.001 -1 1 14,14 0.001 0 1 63.031 350 ::f,1,3 f,2,12 f,12,3 s,13,2 f,15,12 
198:1,2 0.001 0 -1 2,0 0.001 -1 -1 1,1 0.001 1 -1 110.028 380 1,14 0.001 1 0 2,14 0.001 -1 0 0,12 0.002 0 -1 57.0336 278 13,1 0.001 0 1 13,3 0.001 0 1 14,1 0.001 -1 1 4.0096 135 13,14 0.001 1 0 13,13 0.001 0 1 14,14 0.001 0 1 63.031 350 ::f,1,3 f,2,12 f,12,3 s,13,2 f,15,12 
199:1,2 0.001 -1 -1 2,0 0.001 -1 -1 1,1 0.001 1 0 110.028 380 1,14 0.001 1 -1 2,14 0.001 -1 -1 0,12 0.002 0 -1 57.0336 278 13,1 0.001 0 1 13,3 0.001 0 1 14,1 0.001 -1 1 4.0096 135 13,14 0.001 1 0 13,13 0.001 0 1 14,14 0.001 1 1 63.031 350 ::f,1,3 f,2,12 f,12,3 s,13,2 f,15,12 
200:1,2 0.001 -1 -1 2,0 0.001 -1 -1 2,1 0.001 1 0 110.029 380 1,14 0.001 1 -1 1,13 0.001 -1 -1 0,12 0.002 0 -1 57.0346 278 13,1 0.001 0 1 13,3 0.001 0 1 14,1 0.001 -1 1 4.0096 135 13,14 0.001 1 0 13,13 0.001 0 1 14,14 0.001 1 1 63.031 350 ::f,1,3 f,2,12 f,12,3 s,13,2 f,15,12 
201:1,2 0.001 -1 0 2,0 0.001 -1 -1 2,1 0.001 1 0 110.029 380 1,14 0.001 0 -1 1,13 0.001 -1 -1 0,12 0.002 0 -1 57.0346 278 13,1 0.001 1 1 13,3 0.001 0 1 14,1 0.001 0 1 4.0096 135 13,14 0.001 1 -1 13,13 0.001 1 1 14,14 0.001 1 0 63.031 350 ::f,1,3 f,2,12 f,12,3 s,13,2 f,15,12 
202:1,2 0.001 -1 0 2,0 0.001 -1 -1 2,1 0.001 1 1 110.029 380 1,14 0.001 0 -1 1,13 0.001 0 -1 0,12 0.002 0 -1 57.0346 278 13,1 0.001 1 1 13,3 0.001 0 1 14,1 0.001 0 1 4.0096 135 14,13 0.001 1 -1 13,13 0.001 1 1 14,14 0.001 1 0 63.032 350 ::f,1,3 f,2,12 f,12,3 s,13,2 f,15,12 
203:1,2 0.001 -1 1 2,0 0.001 -1 -1 2,1 0.001 1 1 110.029 380 1,14 0.001 -1 -1 1,13 0.001 0 -1 0,12 0.002 0 -1 57.0346 278 13,1 0.001 1 0 13,3 0.001 0 1 14,1 0.001 1 1 4.0096 135 14,13 0.001 1 -1 13,13 0.001 1 0 14,14 0.001 1 -1 72.0321 365 ::f,1,3 f,2,12 f,12,3 f,12,12 s,13,2 
204:1,2 0.001 -1 1 2,0 0.001 -1 -1 2,1 0.001 0 1 110.029 380 1,14 0.001 -1 -1 1,13 0.001 1 -1 0,12 0.002 0 -1 57.0346 278 13,1 0.001 1 0 13,3 0.001 0 1 14,1 0.001 1 1 4.0096 135 14,13 0.001 0 -1 13,13 0.001 1 0 14,14 0.001 1 -1 72.0321 365 ::f,1,3 f,2,12 f,12,3 f,12,12 s,13,2 
205:1,2 0.001 0 1 2,0 0.001 -1 -1 2,2 0.001 0 1 110.03 380 1,14 0.001 -1 0 1,13 0.001 1 -1 0,12 0.002 0 -1 64.0347 293 13,1 0.001 1 -1 13,3 0.001 0 1 14,1 0.001 1 0 4.0096 135 14,13 0.001 0 -1 13,13 0.001 1 -1 14,14 0.001 0 -1 72.0321 365 ::f,1,3 f,2,12 f,12,3 f,12,12 s,13,2 
206:1,2 0.001 0 1 2,0 0.001 -1 -1 2,2 0.001 0 1 120.03 395 1,14 0.001 -1 0 1,13 0.001 1 0 0,12 0.002 0 -1 64.0347 293 13,1 0.001 1 -1 13,3 0.001 0 1 14,1 0.001 1 0 4.0096 135 14,13 0.001 -1 -1 13,13 0.001 1 -1 14,14 0.001 0 -1 72.0321 365 ::f,0,1 f,2,12 f,12,3 f,12,12 s,13,2 
207:1,2 0.001 1 1 2,0 0.001 -1 -1 2,2 0.001 -1 1 120.03 395 1,14 0.001 -1 1 2,13 0.001 1 0 0,12 0.002 0 -1 64.0357 293 13,1 0.001 0 -1 13,3 0.001 0 1 14,1 0.001 1 -1 4.0096 135 14,13 0.001 -1 -1 13,13 0.001 0 -1 14,14 0.001 0 -1 72.0321 365 ::f,0,1 f,2,12 f,12,3 f,12,12 s,13,2 
208:1,2 0.001 1 1 2,0 0.001 -1 -1 2,2 0.001 -1 1 120.03 395 1,14 0.001 -1 1 2,13 0.001 1 0 0,12 0.002 0 -1 64.0357 293 13,1 0.001 0 -1 13,3 0.001 0 1 14,1 0.001 1 -1 4.0096 135 14,13 0.001 -1 0 13,13 0.001 0 -1 14,14 0.001 -1 -1 72.0321 365 ::f,0,1 f,2,12 f,12,3 f,12,12 s,13,2 
209:1,2 0.001 1 0 2,0 0.001 -1 -1 2,2 0.001 -1 0 120.03 395 1,14 0.001 0 1 2,13 0.001 1 1 0,12 0.002 0 -1 64.0357 293 13,1 0.001 -1 -1 13,3 0.001 0 1 14,1 0.001 0 -1 4.0096 135 14,13 0.001 -1 0 13,13 0.001 -1 -1 14,14 0.001 -1 -1 72.0321 365 ::f,0,1 f,2,12 f,12,3 f,12,12 s,13,2 
210:1,2 0.001 1 0 2,0 0.001 -1 -1 2,2 0.001 -1 0 120.03 395 1,14 0.001 0 1 2,13 0.001 1 1 0,12 0.002 0 -1 64.0357 293 13,1 0.001 -1 -1 13,3 0.001 0 1 14,1 0.001 0 -1 4.0096 135 14,13 0.001 -1 0 13,13 0.001 -1 -1 14,14 0.001 -1 -1 79.0322 380 ::f,0,1 f,2,12 f,12,3 s,13,2 f,15,13 
211:1,2 0.001 1 0 2,0 0.001 -1 -1 2,2 0.001 -1 0 120.03 395 1,14 0.001 1 1 2,13 0.001 0 1 0,12 0.002 0 -1 64.0357 293 13,1 0.001 -1 0 13,3 0.001 0 1 14,1 0.001 -1 -1 4.0096 135 14,13 0.001 -1 1 13,13 0.001 -1 0 14,14 0.001 -1 0 79.0322 380 ::f,0,1 f,2,12 f,12,3 s,13,2 f,15,13 
212:1,2 0.001 1 -1 2,0 0.001 -1 -1 2,2 0.001 -1 -1 120.03 395 1,14 0.001 1 1 2,14 0.001 0 1 0,12 0.002 0 -1 64.0367 293 13,1 0.001 -1 0 13,3 0.001 0 1 14,1 0.001 -1 -1 4.0096 135 14,13 0.001 -1 1 13,13 0.001 -1 0 14,14 0.001 -1 0 79.0322 380 ::f,0,1 f,2,12 f,12,3 s,13,2 f,15,13 
213:1,2 0.001 1 -1 2,0 0.001 -1 -1 2,2 0.001 -1 -1 120.03 395 1,14 0.001 1 0 2,14 0.001 0 1 0,12 0.002 0 -1 64.0367 293 13,1 0.001 -1 1 13,3 0.001 0 1 14,1 0.001 -1 0 4.0096 135 14,13 0.001 0 1 13,13 0.001 -1 1 14,14 0.001 -1 1 79.0322 380 ::f,0,1 f,2,12 f,12,3 s,13,2 f,15,13 
214:1,2 0.001 0 -1 2,0 0.001 -1 -1 2,2 0.001 0 -1 120.03 395 1,14 0.001 1 0 2,14 0.001 -1 1 0,12 0.002 0 -1 64.0367 293 13,1 0.001 -1 1 13,3 0.001 0 1 14,1 0.001 -1 0 4.0096 135 14,13 0.001 0 1 13,13 0.001 -1 1 14,14 0.001 -1 1 79.0322 380 ::f,0,1 f,2,12 f,12,3 s,13,2 f,15,13 
215:1,2 0.001 0 -1 2,0 0.001 -1 -1 2,1 0.001 0 -1 120.031 395 1,14 0.001 1 0 2,14 0.001 -1 1 0,12 0.002 0 -1 64.0367 293 13,1 0.001 0 1 13,3 0.001 0 1 14,1 0.001 -1 0 4.0096 135 14,13 0.001 1 1 13,13 0.001 0 1 14,14 0.001 0 1 79.0322 380 ::f,0,1 f,2,12 f,12,3 s,13,2 f,15,13 
216:1,2 0.001 -1 -1 2,0 0.001 -1 -1 2,1 0.001 0 -1 120.031 395 1,14 0.001 1 -1 2,14 0.001 -1 0 0,12 0.002 0 -1 64.0367 293 13,1 0.001 0 1 13,3 0.001 0 1 14,1 0.001 -1 1 4.0096 135 14,13 0.001 1 1 13,14 0.001 0 1 14,14 0.001 0 1 79.0332 380 ::f,0,1 f,2,12 f,12,3 s,13,2 f,15,13 
217:1,2 0.001 -1 -1 2,0 0.001 -1 -1 2,1 0.001 1 -1 130.031 410 1,14 0.001 1 -1 2,14 0.001 -1 0 0,12 0.002 0 -1 64.0367 293 13,1 0.001 0 1 13,3 0.001 0 1 14,1 0.001 -1 1 4.0096 135 14,13 0.001 1 0 13,14 0.001 0 1 14,14 0.001 1 1 79.0332 380 ::f,0,3 f,2,12 f,12,3 s,13,2 f,15,13 
218:1,2 0.001 -1 0 2,0 0.001 -1 -1 2,1 0.001 1 -1 130.031 410 1,14 0.001 0 -1 2,14 0.001 -1 0 0,12 0.002 0 -1 64.0367 293 13,1 0.001 1 1 13,3 0.001 0 1 14,1 0.001 -1 1 4.0096 135 14,13 0.001 1 0 13,14 0.001 1 1 14,14 0.001 1 1 89.0333 395 ::f,0,3 f,2,12 f,12,3 f,12,12 s,13,2 
219:1,2 0.001 -1 0 2,0 0.001 -1 -1 2,1 0.001 1 0 130.031 410 1,14 0.001 0 -1 2,14 0.001 -1 -1 0,12 0.002 0 -1 64.0367 293 13,1 0.001 1 1 13,3 0.001 0 1 14,1 0.001 0 1 4.0096 135 14,13 0.001 1 -1 13,14 0.001 1 1 14,14 0.001 1 0 89.0333 395 ::f,0,3 f,2,12 f,12,3 f,12,12 s,13,2 
220:1,2 0.001 -1 1 2,0 0.001 -1 -1 2,1 0.001 1 0 130.031 410 1,14 0.001 -1 -1 1,13 0.001 -1 -1 0,12 0.002 0 -1 64.0377 293 13,1 0.001 1 0 13,3 0.001 0 1 14,1 0.001 0 1 4.0096 135 14,13 0.001 1 -1 13,14 0.001 1 0 14,14 0.001 1 0 89.0333 395 ::f,0,3 f,2,12 f,12,3 f,12,12 s,13,2 
221:1,2 0.001 -1 1 2,0 0.001 -1 -1 2,1 0.001 1 1 140.032 425 1,14 0.001 -1 -1 1,13 0.001 -1 -1 0,12 0.002 0 -1 64.0377 293 13,1 0.001 1 0 13,3 0.001 0 1 14,1 0.001 1 1 4.0096 135 14,13 0.001 0 -1 13,14 0.001 1 0 14,14 0.001 1 -1 89.0333 395 ::f,1,0 f,2,12 f,12,3 f,12,12 s,13,2 
222:1,2 0.001 0 1 2,0 0.001 -1 -1 2,1 0.001 1 1 140.032 425 1,14 0.001 -1 0 1,13 0.001 0 -1 0,12 0.002 0 -1 64.0377 293 13,1 0.001 1 -1 13,3 0.001 0 1 14,1 0.001 1 1 4.0096 135 14,13 0.001 0 -1 13,14 0.001 1 0 14,14 0.001 1 -1 89.0333 395 ::f,1,0 f,2,12 f,12,3 f,12,12 s,13,2 
223:1,2 0.001 0 1 2,0 0.001 -1 -1 2,1 0.001 0 1 140.032 425 1,14 0.001 -1 0 1,13 0.001 0 -1 0,12 0.002 0 -1 64.0377 293 13,1 0.001 1 -1 13,3 0.001 0 1 14,1 0.001 1 0 4.0096 135 14,13 0.001 -1 -1 13,14 0.001 1 -1 14,14 0.001 0 -1 89.0333 395 ::f,1,0 f,2,12 f,12,3 f,12,12 s,13,2 
224:1,2 0.001 1 1 2,0 0.001 -1 -1 2,2 0.001 0 1 140.033 425 1,14 0.001 -1 1 1,13 0.001 1 -1 0,12 0.002 0 -1 64.0377 293 13,1 0.001 0 -1 13,3 0.001 0 1 14,1 0.001 1 0 4.0096 135 14,13 0.001 -1 -1 13,14 0.001 1 -1 14,14 0.001 0 -1 89.0333 395 ::f,1,0 f,2,12 f,12,3 f,12,12 s,13,2 
225:1,2 0.001 1 1 2,0 0.001 -1 -1 2,2 0.001 0 1 140.033 425 1,14 0.001 -1 1 1,13 0.001 1 -1 0,12 0.002 0 -1 72.0378 308 13,1 0.001 0 -1 13,3 0.001 0 1 14,1 0.001 1 -1 4.0096 135 14,13 0.001 -1 0 13,14 0.001 0 -1 14,14 0.001 0 -1 89.0333 395 ::f,1,0 f,2,14 f,12,3 f,12,12 s,13,2 
226:1,2 0.001 1 0 2,0 0.001 -1 -1 2,2 0.001 -1 1 140.033 425 1,14 0.001 0 1 1,13 0.001 1 0 0,12 0.002 0 -1 72.0378 308 13,1 0.001 -1 -1 13,3 0.001 0 1 14,1 0.001 1 -1 4.0096 135 13,13 0.001 -1 0 13,14 0.001 0 -1 14,14 0.001 -1 -1 89.0343 395 ::f,1,0 f,2,14 f,12,3 f,12,12 s,13,2 
227:1,2 0.001 1 0 2,0 0.001 -1 -1 2,2 0.001 -1 1 140.033 425 1,14 0.001 0 1 2,13 0.001 1 0 0,12 0.002 0 -1 72.0388 308 13,1 0.001 -1 -1 13,3 0.001 0 1 14,1 0.001 0 -1 4.0096 135 13,13 0.001 -1 0 13,14 0.001 -1 -1 14,14 0.001 -1 -1 89.0343 395 ::f,1,0 f,2,14 f,12,3 f,12,12 s,13,2 
228:1,2 0.001 1 0 2,0 0.001 -1 -1 2,2 0.001 -1 0 140.033 425 1,14 0.001 1 1 2,13 0.001 1 0 0,12 0.002 0 -1 72.0388 308 13,1 0.001 -1 0 13,3 0.001 0 1 14,1 0.001 0 -1 4.0096 135 13,13 0.001 -1 1 13,14 0.001 -1 -1 14,14 0.001 -1 -1 89.0343 395 ::f,1,0 f,2,14 f,12,3 f,12,12 s,13,2 
229:1,2 0.001 1 -1 2,0 0.001 -1 -1 2,2 0.001 -1 0 140.033 425 1,14 0.001 1 1 2,13 0.001 1 1 0,12 0.002 0 -1 72.0388 308 13,1 0.001 -1 0 13,3 0.001 0 1 14,1 0.001 -1 -1 4.0096 135 13,13 0.001 -1 1 13,14 0.001 -1 0 14,14 0.001 -1 0 89.0343 395 ::f,1,0 f,2,14 f,12,3 f,12,12 s,13,2 
230:1,2 0.001 1 -1 2,0 0.001 -1 -1 2,2 0.001 -1 0 140.033 425 1,14 0.001 1 0 2,13 0.001 1 1 0,12 0.002 0 -1 72.0388 308 13,1 0.001 -1 1 13,3 0.001 0 1 14,1 0.001 -1 -1 4.0096 135 13,13 0.001 0 1 13,14 0.001 -1 0 14,14 0.001 -1 0 89.0343 395 ::f,1,0 f,2,14 f,12,3 f,12,12 s,13,2 
231:1,2 0.001 0 -1 2,0 0.001 -1 -1 2,2 0.001 -1 -1 140.033 425 1,14 0.001 1 0 2,13 0.001 0 1 0,12 0.002 0 -1 72.0388 308 13,1 0.001 -1 1 13,3 0.001 0 1 14,1 0.001 -1 0 4.0096 135 13,13 0.001 0 1 13,14 0.001 -1 1 14,14 0.001 -1 1 89.0343 395 ::f,1,0 f,2,14 f,12,3 f,12,12 s,13,2 
232:1,1 0.001 0 -1 2,0 0.001 -1 -1 2,2 0.001 -1 -1 140.034 425 1,14 0.001 1 0 2,14 0.001 0 1 0,12 0.002 0 -1 81.0399 323 13,1 0.001 0 1 13,3 0.001 0 1 14,1 0.001 -1 0 4.0096 135 13,13 0.001 0 1 13,14 0.001 -1 1 14,14 0.001 -1 1 89.0343 395 ::f,1,0 f,3,15 f,12,3 f,12,12 s,13,2 
233:1,1 0.001 0 -1 2,0 0.001 -1 -1 2,2 0.001 0 -1 150.034 440 1,14 0.001 1 -1 2,14 0.001 0 1 0,12 0.002 0 -1 81.0399 323 13,1 0.001 0 1 13,3 0.001 0 1 14,1 0.001 -1 0 4.0096 135 13,13 0.001 1 1 13,14 0.001 0 1 14,14 0.001 0 1 89.0343 395 ::f,2,3 f,3,15 f,12,3 f,12,12 s,13,2 
234:1,1 0.001 -1 -1 2,0 0.001 -1 -1 2,1 0.001 0 -1 150.035 440 1,14 0.001 1 -1 2,14 0.001 -1 1 0,12 0.002 0 -1 81.0399 323 13,1 0.001 0 1 13,3 0.001 0 1 14,1 0.001 -1 1 4.0096 135 13,13 0.001 1 1 13,14 0.001 0 1 14,14 0.001 0 1 89.0343 395 ::f,2,3 f,3,15 f,12,3 f,12,12 s,13,2 
235:1,1 0.001 -1 -1 2,0 0.001 -1 -1 2,1 0.001 0 -1 150.035 440 1,14 0.001 0 -1 2,14 0.001 -1 1 0,12 0.002 0 -1 81.0399 323 13,1 0.001 1 1 13,3 0.001 0 1 14,1 0.001 -1 1 4.0096 135 13,13 0.001 1 0 13,14 0.001 1 1 14,14 0.001 1 1 89.0343 395 ::f,2,3 f,3,15 f,12,3 f,12,12 s,13,2 
236:1,1 0.001 -1 0 2,0 0.001 -1 -1 2,1 0.001 1 -1 150.035 440 1,14 0.001 0 -1 2,14 0.001 -1 0 0,12 0.002 0 -1 81.0399 323 13,1 0.001 1 1 13,3 0.001 0 1 14,1 0.001 -1 1 4.0096 135 13,13 0.001 1 0 13,14 0.001 1 1 14,14 0.001 1 1 89.0343 395 ::f,2,3 f,3,15 f,12,3 f,12,12 s,13,2 
237:1,1 0.001 -1 0 2,0 0.001 -1 -1 2,1 0.001 1 -1 150.035 440 1,14 0.001 -1 -1 2,14 0.001 -1 0 0,12 0.002 0 -1 81.0399 323 13,1 0.001 1 0 13,3 0.001 0 1 14,1 0.001 0 1 4.0096 135 13,13 0.001 1 -1 13,14 0.001 1 0 14,14 0.001 1 0 89.0343 395 ::f,2,3 f,3,15 f,12,3 f,12,12 s,13,2 
238:1,1 0.001 -1 1 2,0 0.001 -1 -1 2,1 0.001 1 0 150.035 440 1,14 0.001 -1 -1 2,14 0.001 -1 0 0,12 0.002 0 -1 81.0399 323 13,1 0.001 1 0 13,3 0.001 0 1 14,1 0.001 0 1 4.0096 135 13,13 0.001 1 -1 13,14 0.001 1 0 14,14 0.001 1 0 89.0343 395 ::f,2,3 f,3,15 f,12,3 f,12,12 s,13,2 
239:1,1 0.001 -1 1 2,0 0.001 -1 -1 2,1 0.001 1 0 150.035 440 1,14 0.001 -1 0 2,14 0.001 -1 -1 0,12 0.002 0 -1 81.0399 323 13,1 0.001 1 -1 13,3 0.001 0 1 14,1 0.001 1 1 4.0096 135 13,13 0.001 0 -1 13,14 0.001 1 0 14,14 0.001 1 -1 89.0343 395 ::f,2,3 f,3,15 f,12,3 f,12,12 s,13,2 
240:1,1 0.001 0 1 2,0 0.001 -1 -1 2,1 0.001 1 1 150.035 440 1,14 0.001 -1 0 1,13 0.001 -1 -1 0,12 0.002 0 -1 81.0409 323 13,1 0.001 1 -1 13,3 0.001 0 1 14,1 0.001 1 1 4.0096 135 13,13 0.001 0 -1 13,14 0.001 1 -1 14,14 0.001 1 -1 89.0343 395 ::f,2,3 f,3,15 f,12,3 f,12,12 s,13,2 
241:1,2 0.001 0 1 2,0 0.001 -1 -1 2,1 0.001 1 1 150.036 440 1,14 0.001 -1 1 1,13 0.001 -1 -1 0,12 0.002 0 -1 81.0409 323 13,1 0.001 0 -1 13,3 0.001 0 1 14,1 0.001 1 0 4.0096 135 13,13 0.001 -1 -1 13,14 0.001 1 -1 14,14 0.001 0 -1 89.0343 395 ::f,2,3 f,3,15 f,12,3 f,12,12 s,13,2 
242:1,2 0.001 0 1 2,0 0.001 -1 -1 2,1 0.001 0 1 150.036 440 1,14 0.001 -1 1 1,13 0.001 0 -1 0,12 0.002 0 -1 81.0409 323 13,1 0.001 0 -1 13,3 0.001 0 1 14,1 0.001 1 0 4.0096 135 13,13 0.001 -1 -1 13,14 0.001 0 -1 14,13 0.001 0 -1 99.0354 410 ::f,2,3 f,3,15 f,12,3 f,12,13 s,13,2 
243:1,2 0.001 1 1 2,0 0.001 -1 -1 2,2 0.001 0 1 150.037 440 1,14 0.001 0 1 1,13 0.001 0 -1 0,12 0.002 0 -1 81.0409 323 13,1 0.001 -1 -1 13,3 0.001 0 1 14,1 0.001 1 -1 4.0096 135 13,13 0.001 -1 0 13,14 0.001 0 -1 14,13 0.001 0 -1 99.0354 410 ::f,2,3 f,3,15 f,12,3 f,12,13 s,13,2 
244:1,2 0.001 1 1 2,0 0.001 -1 -1 2,2 0.001 0 1 170.037 470 1,14 0.001 0 1 1,13 0.001 1 -1 0,12 0.002 0 -1 81.0409 323 13,1 0.001 -1 -1 13,3 0.001 0 1 14,1 0.001 1 -1 4.0096 135 13,13 0.001 -1 0 13,14 0.001 -1 -1 14,13 0.001 -1 -1 109.035 425 ::f,3,2 f,3,15 f,12,3 s,13,2 f,15,15 
245:1,2 0.001 1 0 2,0 0.001 -1 -1 2,2 0.001 -1 1 170.037 470 1,14 0.001 1 1 1,13 0.001 1 -1 0,12 0.002 0 -1 81.0409 323 13,1 0.001 -1 0 13,3 0.001 0 1 14,1 0.001 0 -1 4.0096 135 13,13 0.001 -1 1 13,14 0.001 -1 -1 14,13 0.001 -1 -1 109.035 425 ::f,3,2 f,3,15 f,12,3 s,13,2 f,15,15 
246:1,2 0.001 1 0 2,0 0.001 -1 -1 2,2 0.001 -1 1 170.037 470 1,14 0.001 1 1 1,13 0.001 1 0 0,12 0.002 0 -1 81.0409 323 13,1 0.001 -1 0 13,3 0.001 0 1 14,1 0.001 0 -1 4.0096 135 13,13 0.001 -1 1 13,14 0.001 -1 0 14,13 0.001 -1 0 109.035 425 ::f,3,2 f,3,15 f,12,3 s,13,2 f,15,15 
247:1,2 0.001 1 0 2,0 0.001 -1 -1 2,2 0.001 -1 0 170.037 470 1,14 0.001 1 0 2,13 0.001 1 0 0,12 0.002 0 -1 81.0419 323 13,1 0.001 -1 1 13,3 0.001 0 1 14,1 0.001 -1 -1 4.0096 135 13,13 0.001 0 1 13,14 0.001 -1 0 14,13 0.001 -1 0 109.035 425 ::f,3,2 f,3,15 f,12,3 s,13,2 f,15,15 
248:1,2 0.001 1 -1 2,0 0.001 -1 -1 2,2 0.001 -1 0 170.037 470 2,14 0.001 1 0 2,13 0.001 1 0 0,12 0.002 0 -1 81.0429 323 13,1 0.001 -1 1 13,3 0.001 0 1 14,1 0.001 -1 -1 4.0096 135 13,13 0.001 0 1 13,14 0.001 -1 1 14,13 0.001 -1 0 109.035 425 ::f,3,2 f,3,15 f,12,3 s,13,2 f,15,15 
249:1,2 0.001 1 -1 2,0 0.001 -1 -1 2,2 0.001 -1 0 170.037 470 2,14 0.001 1 0 2,13 0.001 1 1 0,12 0.002 0 -1 81.0429 323 13,1 0.001 0 1 13,3 0.001 0 1 14,1 0.001 -1 0 4.0096 135 13,13 0.001 0 1 13,14 0.001 -1 1 14,13 0.001 -1 1 109.035 425 ::f,3,2 f,3,15 f,12,3 s,13,2 f,15,15 
250:1,2 0.001 0 -1 2,0 0.001 -1 -1 2,2 0.001 -1 -1 170.037 470 2,14 0.001 1 -1 2,13 0.001 1 1 0,12 0.002 0 -1 81.0429 323 13,1 0.001 0 1 13,3 0.001 0 1 14,1 0.001 -1 0 4.0096 135 13,13 0.001 1 1 13,14 0.001 0 1 14,13 0.001 -1 1 109.035 425 ::f,3,2 f,3,15 f,12,3 s,13,2 f,15,15 
251:1,2 0.001 0 -1 2,0 0.001 -1 -1 2,2 0.001 -1 -1 170.037 470 2,14 0.001 1 -1 2,13 0.001 0 1 0,12 0.002 0 -1 81.0429 323 13,1 0.001 0 1 13,3 0.001 0 1 14,1 0.001 -1 0 4.0096 135 14,14 0.001 1 1 13,14 0.001 0 1 14,13 0.001 0 1 109.036 425 ::f,3,2 f,3,15 f,12,3 s,13,2 f,15,15 
252:1,2 0.001 -1 -1 2,0 0.001 -1 -1 2,2 0.001 0 -1 170.037 470 2,14 0.001 0 -1 2,13 0.001 0 1 0,12 0.002 0 -1 81.0429 323 13,1 0.001 1 1 13,3 0.001 0 1 14,1 0.001 -1 1 4.0096 135 14,14 0.001 1 1 13,14 0.001 1 1 14,13 0.001 0 1 119.037 440 ::f,3,2 f,3,15 f,12,3 s,13,2 f,13,12 
253:1,2 0.001 -1 -1 2,0 0.001 -1 -1 2,1 0.001 0 -1 170.038 470 2,14 0.001 0 -1 2,13 0.001 0 1 0,12 0.002 0 -1 81.0429 323 13,1 0.001 1 1 13,3 0.001 0 1 14,1 0.001 -1 1 4.0096 135 14,14 0.001 1 0 13,14 0.001 1 1 14,13 0.001 1 1 119.037 440 ::f,3,2 f,3,15 f,12,3 s,13,2 f,13,12 
254:1,2 0.001 -1 0 2,0 0.001 -1 -1 2,1 0.001 0 -1 170.038 470 2,14 0.001 0 -1 2,13 0.001 -1 1 0,12 0.002 0 -1 81.0429 323 13,1 0.001 1 0 13,3 0.001 0 1 14,1 0.001 -1 1 4.0096 135 14,14 0.001 1 0 13,14 0.001 1 0 14,13 0.001 1 1 119.037 440 ::f,3,2 f,3,15 f,12,3 s,13,2 f,13,12 
255:1,2 0.001 -1 0 2,0 0.001 -1 -1 2,1 0.001 1 -1 170.038 470 2,14 0.001 -1 -1 2,13 0.001 -1 1 0,12 0.002 0 -1 81.0429 323 13,1 0.001 1 0 13,3 0.001 0 1 14,1 0.001 0 1 4.0096 135 14,14 0.001 1 -1 13,14 0.001 1 0 14,13 0.001 1 0 119.037 440 ::f,3,2 f,3,15 f,12,3 s,13,2 f,13,12 
256:1,2 0.001 -1 1 2,0 0.001 -1 -1 2,1 0.001 1 -1 170.038 470 1,13 0.001 -1 -1 2,13 0.001 -1 0 0,12 0.002 0 -1 81.0439 323 13,1 0.001 1 -1 13,3 0.001 0 1 14,1 0.001 0 1 4.0096 135 14,14 0.001 1 -1 13,14 0.001 1 0 14,13 0.001 1 0 119.037 440 ::f,3,2 f,3,15 f,12,3 s,13,2 f,13,12 
257:1,2 0.001 -1 1 2,0 0.001 -1 -1 2,1 0.001 1 0 170.038 470 1,13 0.001 -1 -1 2,13 0.001 -1 0 0,12 0.002 0 -1 81.0439 323 13,1 0.001 1 -1 13,3 0.001 0 1 14,1 0.001 1 1 4.0096 135 14,14 0.001 0 -1 13,14 0.001 1 -1 14,13 0.001 1 -1 119.037 440 ::f,3,2 f,3,15 f,12,3 s,13,2 f,13,12 
258:1,2 0.001 0 1 2,0 0.001 -1 -1 2,1 0.001 1 0 170.038 470 1,13 0.001 -1 0 2,13 0.001 -1 -1 0,12 0.002 0 -1 81.0439 323 13,1 0.001 0 -1 13,3 0.001 0 1 14,1 0.001 1 1 4.0096 135 14,14 0.001 0 -1 13,14 0.001 1 -1 14,13 0.001 1 -1 119.037 440 ::f,3,2 f,3,15 f,12,3 s,13,2 f,13,12 
259:1,2 0.001 0 1 2,0 0.001 -1 -1 2,1 0.001 1 1 170.038 470 1,13 0.001 -1 0 2,13 0.001 -1 -1 0,12 0.002 0 -1 81.0439 323 13,1 0.001 0 -1 13,3 0.001 0 1 14,1 0.001 1 0 4.0096 135 14,14 0.001 0 -1 13,14 0.001 0 -1 14,13 0.001 0 -1 119.037 440 ::f,3,2 f,3,15 f,12,3 s,13,2 f,13,12 
260:1,2 0.001 1 1 2,0 0.001 -1 -1 2,1 0.001 1 1 180.038 485 1,13 0.001 -1 1 2,13 0.001 0 -1 0,12 0.002 0 -1 81.0439 323 13,1 0.001 -1 -1 13,3 0.001 0 1 14,1 0.001 1 0 4.0096 135 14,14 0.001 -1 -1 13,13 0.001 0 -1 14,13 0.001 0 -1 119.038 440 ::f,3,0 f,3,15 f,12,3 s,13,2 f,13,12 
261:1,2 0.001 1 1 2,0 0.001 -1 -1 2,1 0.001 0 1 180.038 485 1,13 0.001 -1 1 2,13 0.001 0 -1 0,12 0.002 0 -1 81.0439 323 13,1 0.001 -1 -1 13,3 0.001 0 1 14,1 0.001 1 -1 4.0096 135 14,14 0.001 -1 -1 13,13 0.001 0 -1 14,13 0.001 -1 -1 127.038 455 ::f,3,0 f,3,15 f,12,3 s,13,2 f,14,15 
262:1,2 0.001 1 0 2,0 0.001 -1 -1 2,2 0.001 0 1 180.039 485 1,13 0.001 0 1 2,13 0.001 1 -1 0,12 0.002 0 -1 81.0439 323 13,1 0.001 -1 0 13,3 0.001 0 1 14,1 0.001 1 -1 4.0096 135 14,14 0.001 -1 0 13,13 0.001 -1 -1 14,13 0.001 -1 -1 127.038 455 ::f,3,0 f,3,15 f,12,3 s,13,2 f,14,15 
263:1,2 0.001 1 0 2,0 0.001 -1 -1 2,2 0.001 0 1 180.039 485 1,14 0.001 0 1 2,13 0.001 1 -1 0,12 0.002 0 -1 81.0449 323 13,1 0.001 -1 0 13,3 0.001 0 1 14,1 0.001 0 -1 4.0096 135 14,14 0.001 -1 0 13,13 0.001 -1 -1 14,13 0.001 -1 0 127.038 455 ::f,3,0 f,3,15 f,12,3 s,13,2 f,14,15 
264:1,2 0.001 1 0 2,0 0.001 -1 -1 2,2 0.001 -1 1 180.039 485 1,14 0.001 0 1 2,13 0.001 1 0 0,12 0.002 0 -1 81.0449 323 13,1 0.001 -1 1 13,3 0.001 0 1 14,1 0.001 0 -1 4.0096 135 14,14 0.001 -1 1 13,13 0.001 -1 0 14,13 0.001 -1 0 127.038 455 ::f,3,0 f,3,15 f,12,3 s,13,2 f,14,15 
265:1,2 0.001 1 -1 2,0 0.001 -1 -1 2,2 0.001 -1 1 180.039 485 1,14 0.001 1 1 2,13 0.001 1 0 0,12 0.002 0 -1 81.0449 323 13,1 0.001 -1 1 13,3 0.001 0 1 14,1 0.001 -1 -1 4.0096 135 14,14 0.001 -1 1 13,13 0.001 -1 0 14,13 0.001 -1 0 127.038 455 ::f,3,0 f,3,15 f,12,3 s,13,2 f,14,15 
266:2,1 0.001 1 -1 2,0 0.001 -1 -1 2,2 0.001 -1 0 180.04 485 1,14 0.001 1 1 2,13 0.001 1 1 0,12 0.002 0 -1 81.0449 323 13,1 0.001 0 1 13,3 0.001 0 1 14,1 0.001 -1 -1 4.0096 135 14,14 0.001 0 1 13,13 0.001 -1 1 14,13 0.001 -1 1 127.038 455 ::f,3,0 f,3,15 f,12,3 s,13,2 f,14,15 
267:2,1 0.001 1 -1 2,0 0.001 -1 -1 1,2 0.001 -1 0 190.041 500 1,14 0.001 1 0 2,13 0.001 1 1 0,12 0.002 0 -1 81.0449 323 13,1 0.001 0 1 13,3 0.001 0 1 14,1 0.001 -1 0 4.0096 135 14,14 0.001 0 1 13,13 0.001 -1 1 14,13 0.001 -1 1 137.038 470 ::f,3,2 f,3,15 f,12,3 s,13,2 f,14,12 
268:2,1 0.001 0 -1 2,0 0.001 -1 -1 1,2 0.001 -1 0 190.041 500 2,14 0.001 1 0 2,13 0.001 0 1 0,12 0.002 0 -1 81.0459 323 13,1 0.001 0 1 13,3 0.001 0 1 14,1 0.001 -1 0 4.0096 135 14,14 0.001 1 1 13,13 0.001 0 1 14,13 0.001 0 1 137.038 470 ::f,3,2 f,3,15 f,12,3 s,13,2 f,14,12 
269:2,1 0.001 0 -1 2,0 0.001 -1 -1 1,2 0.001 -1 -1 190.041 500 2,14 0.001 1 0 2,13 0.001 0 1 0,12 0.002 0 -1 81.0459 323 13,1 0.001 1 1 13,3 0.001 0 1 14,1 0.001 -1 0 4.0096 135 14,14 0.001 1 1 13,14 0.001 0 1 14,13 0.001 0 1 137.039 470 ::f,3,2 f,3,15 f,12,3 s,13,2 f,14,12 
270:2,1 0.001 -1 -1 2,0 0.001 -1 -1 1,2 0.001 -1 -1 190.041 500 2,14 0.001 1 -1 2,13 0.001 0 1 0,12 0.002 0 -1 81.0459 323 13,1 0.001 1 1 13,3 0.001 0 1 14,1 0.001 -1 1 4.0096 135 14,14 0.001 1 0 13,14 0.001 0 1 14,13 0.001 1 1 137.039 470 ::f,3,2 f,3,15 f,12,3 s,13,2 f,14,12 
271:2,1 0.001 -1 -1 2,0 0.001 -1 -1 1,2 0.001 0 -1 190.041 500 2,14 0.001 1 -1 2,13 0.001 -1 1 0,12 0.002 0 -1 81.0459 323 13,1 0.001 1 0 13,3 0.001 0 1 14,1 0.001 -1 1 4.0096 135 14,14 0.001 1 0 13,14 0.001 1 1 14,13 0.001 1 1 137.039 470 ::f,3,2 f,3,15 f,12,3 s,13,2 f,14,12 
272:2,1 0.001 -1 0 2,0 0.001 -1 -1 1,1 0.001 0 -1 190.042 500 2,14 0.001 0 -1 2,13 0.001 -1 1 0,12 0.002 0 -1 81.0459 323 13,1 0.001 1 0 13,3 0.001 0 1 14,1 0.001 -1 1 4.0096 135 14,14 0.001 1 -1 13,14 0.001 1 1 14,13 0.001 1 0 137.039 470 ::f,3,2 f,3,15 f,12,3 s,13,2 f,14,12 
273:2,1 0.001 -1 0 2,0 0.001 -1 -1 1,1 0.001 0 -1 190.042 500 2,14 0.001 0 -1 2,13 0.001 -1 0 0,12 0.002 0 -1 81.0459 323 13,1 0.001 1 -1 13,3 0.001 0 1 14,1 0.001 0 1 4.0096 135 14,14 0.001 1 -1 13,14 0.001 1 0 14,13 0.001 1 0 137.039 470 ::f,3,2 f,3,15 f,12,3 s,13,2 f,14,12 
274:2,1 0.001 -1 0 2,0 0.001 -1 -1 1,1 0.001 1 -1 190.042 500 2,14 0.001 0 -1 2,13 0.001 -1 0 0,12 0.002 0 -1 81.0459 323 13,1 0.001 1 -1 13,3 0.001 0 1 14,1 0.001 0 1 4.0096 135 14,14 0.001 0 -1 13,14 0.001 1 0 14,13 0.001 1 -1 137.039 470 ::f,3,2 f,3,15 f,12,3 s,13,2 f,14,12 
275:2,1 0.001 -1 1 2,0 0.001 -1 -1 1,1 0.001 1 -1 190.042 500 2,14 0.001 -1 -1 2,13 0.001 -1 -1 0,12 0.002 0 -1 81.0459 323 13,1 0.001 0 -1 13,3 0.001 0 1 14,1 0.001 1 1 4.0096 135 14,14 0.001 0 -1 13,14 0.001 1 0 14,13 0.001 1 -1 137.039 470 ::f,3,2 f,3,15 f,12,3 s,13,2 f,14,12 
276:2,1 0.001 -1 1 2,0 0.001 -1 -1 1,1 0.001 1 0 190.042 500 1,13 0.001 -1 -1 2,13 0.001 -1 -1 0,12 0.002 0 -1 81.0469 323 13,1 0.001 0 -1 13,3 0.001 0 1 14,1 0.001 1 1 4.0096 135 14,14 0.001 0 -1 13,14 0.001 1 -1 14,13 0.001 0 -1 137.039 470 ::f,3,2 f,3,15 f,12,3 s,13,2 f,14,12 
277:2,1 0.001 0 1 2,0 0.001 -1 -1 1,1 0.001 1 0 190.042 500 1,13 0.001 -1 -1 2,13 0.001 0 -1 0,12 0.002 0 -1 81.0469 323 13,1 0.001 -1 -1 13,3 0.001 0 1 14,1 0.001 1 0 4.0096 135 14,14 0.001 -1 -1 13,14 0.001 1 -1 14,13 0.001 0 -1 141.039 485 ::f,3,2 f,3,15 f,12,3 f,12,14 s,13,2 
278:2,1 0.001 0 1 2,0 0.001 -1 -1 1,1 0.001 1 0 190.042 500 1,13 0.001 -1 0 2,13 0.001 0 -1 0,12 0.002 0 -1 81.0469 323 13,1 0.001 -1 -1 13,3 0.001 0 1 14,1 0.001 1 0 4.0096 135 14,14 0.001 -1 -1 13,14 0.001 0 -1 14,13 0.001 -1 -1 141.039 485 ::f,3,2 f,3,15 f,12,3 f,12,14 s,13,2 
279:2,1 0.001 1 1 2,0 0.001 -1 -1 1,1 0.001 1 1 190.042 500 1,13 0.001 -1 0 2,13 0.001 1 -1 0,12 0.002 0 -1 81.0469 323 13,1 0.001 -1 0 13,3 0.001 0 1 14,1 0.001 1 -1 4.0096 135 14,14 0.001 -1 0 13,14 0.001 0 -1 14,13 0.001 -1 -1 141.039 485 ::f,3,2 f,3,15 f,12,3 f,12,14 s,13,2 
280:2,1 0.001 1 1 2,0 0.001 -1 -1 1,1 0.001 1 1 200.042 515 1,13 0.001 -1 1 2,13 0.001 1 -1 0,12 0.002 0 -1 81.0469 323 13,1 0.001 -1 0 13,3 0.001 0 1 14,1 0.001 1 -1 4.0096 135 14,14 0.001 -1 0 13,14 0.001 -1 -1 14,13 0.001 -1 0 141.039 485 ::f,3,1 f,3,15 f,12,3 f,12,14 s,13,2 
281:2,1 0.001 1 0 2,0 0.001 -1 -1 1,1 0.001 0 1 200.042 515 1,13 0.001 -1 1 2,13 0.001 1 0 0,12 0.002 0 -1 81.0469 323 13,1 0.001 -1 1 13,3 0.001 0 1 14,1 0.001 0 -1 4.0096 135 14,14 0.001 -1 0 13,14 0.001 -1 -1 13,13 0.001 -1 0 141.04 485 ::f,3,1 f,3,15 f,12,3 f,12,14 s,13,2 
282:2,1 0.001 1 0 2,0 0.001 -1 -1 1,1 0.001 0 1 210.042 530 1,13 0.001 0 1 2,13 0.001 1 0 0,12 0.002 0 -1 81.0469 323 13,1 0.001 -1 1 13,3 0.001 0 1 14,1 0.001 0 -1 4.0096 135 14,14 0.001 -1 1 13,14 0.001 -1 0 13,13 0.001 -1 0 141.04 485 ::f,0,1 f,3,15 f,12,3 f,12,14 s,13,2 
283:2,1 0.001 1 -1 2,0 0.001 -1 -1 1,1 0.001 -1 1 210.042 530 1,14 0.001 0 1 2,13 0.001 1 1 0,12 0.002 0 -1 81.0479 323 13,1 0.001 0 1 13,3 0.001 0 1 14,1 0.001 -1 -1 4.0096 135 14,14 0.001 -1 1 13,14 0.001 -1 0 13,13 0.001 -1 1 150.04 500 ::f,0,1 f,3,15 f,12,3 s,13,2 f,15,13 
284:2,1 0.001 1 -1 2,0 0.001 -1 -1 1,1 0.001 -1 1 210.042 530 1,14 0.001 0 1 2,13 0.001 1 1 0,12 0.002 0 -1 81.0479 323 13,1 0.001 0 1 13,3 0.001 0 1 14,1 0.001 -1 -1 4.0096 135 14,14 0.001 0 1 13,14 0.001 -1 1 13,13 0.001 -1 1 150.04 500 ::f,0,1 f,3,15 f,12,3 s,13,2 f,15,13 
285:2,1 0.001 0 -1 2,0 0.001 -1 -1 1,1 0.001 -1 0 210.042 530 1,14 0.001 1 1 2,13 0.001 0 1 0,12 0.002 0 -1 81.0479 323 13,1 0.001 0 1 13,3 0.001 0 1 14,1 0.001 -1 0 4.0096 135 14,14 0.001 0 1 13,14 0.001 -1 1 13,13 0.001 0 1 150.04 500 ::f,0,1 f,3,15 f,12,3 s,13,2 f,15,13 
286:2,1 0.001 0 -1 2,0 0.001 -1 -1 1,1 0.001 -1 0 220.042 545 1,14 0.001 1 1 2,14 0.001 0 1 0,12 0.002 0 -1 81.0489 323 13,1 0.001 1 1 13,3 0.001 0 1 14,1 0.001 -1 0 4.0096 135 14,14 0.001 1 1 13,14 0.001 0 1 13,13 0.001 0 1 150.04 500 ::f,2,2 f,3,15 f,12,3 s,13,2 f,15,13 
287:2,1 0.001 -1 -1 2,0 0.001 -1 -1 1,1 0.001 -1 -1 220.042 545 1,14 0.001 1 0 2,14 0.001 0 1 0,12 0.002 0 -1 81.0489 323 13,1 0.001 1 1 13,3 0.001 0 1 14,1 0.001 -1 0 4.0096 135 14,14 0.001 1 1 13,14 0.001 0 1 13,13 0.001 0 1 150.04 500 ::f,2,2 f,3,15 f,12,3 s,13,2 f,15,13 
288:2,1 0.001 -1 -1 2,0 0.001 -1 -1 1,1 0.001 -1 -1 220.042 545 1,14 0.001 1 0 2,14 0.001 -1 1 0,12 0.002 0 -1 81.0489 323 13,1 0.001 1 0 13,3 0.001 0 1 14,1 0.001 -1 1 4.0096 135 14,14 0.001 1 0 13,14 0.001 1 1 13,13 0.001 1 1 150.04 500 ::f,2,2 f,3,15 f,12,3 s,13,2 f,15,13 
289:2,1 0.001 -1 0 2,0 0.001 -1 -1 1,1 0.001 0 -1 220.042 545 1,14 0.001 1 0 2,14 0.001 -1 1 0,12 0.002 0 -1 81.0489 323 13,1 0.001 1 0 13,3 0.001 0 1 14,1 0.001 -1 1 4.0096 135 14,14 0.001 1 0 13,14 0.001 1 1 13,13 0.001 1 1 150.04 500 ::f,2,2 f,3,15 f,12,3 s,13,2 f,15,13 
290:2,1 0.001 -1 0 2,0 0.001 -1 -1 1,1 0.001 0 -1 220.042 545 1,14 0.001 1 -1 2,14 0.001 -1 0 0,12 0.002 0 -1 81.0489 323 13,1 0.001 1 -1 13,3 0.001 0 1 14,1 0.001 -1 1 4.0096 135 14,14 0.001 1 -1 13,14 0.001 1 0 13,13 0.001 1 0 150.04 500 ::f,2,2 f,3,15 f,12,3 s,13,2 f,15,13 
291:2,1 0.001 -1 0 2,0 0.001 -1 -1 1,1 0.001 1 -1 220.042 545 1,14 0.001 1 -1 2,14 0.001 -1 0 0,12 0.002 0 -1 81.0489 323 13,1 0.001 1 -1 13,3 0.001 0 1 14,1 0.001 0 1 4.0096 135 14,14 0.001 1 -1 13,14 0.001 1 0 13,13 0.001 1 0 160.04 515 ::f,2,2 f,3,15 f,12,3 s,13,2 f,15,12 
292:2,1 0.001 -1 1 2,0 0.001 -1 -1 1,1 0.001 1 -1 220.042 545 1,14 0.001 0 -1 2,14 0.001 -1 0 0,12 0.002 0 -1 81.0489 323 13,1 0.001 0 -1 13,3 0.001 0 1 14,1 0.001 0 1 4.0096 135 14,14 0.001 0 -1 13,14 0.001 1 0 13,13 0.001 1 -1 160.04 515 ::f,2,2 f,3,15 f,12,3 s,13,2 f,15,12 
293:2,1 0.001 -1 1 2,0 0.001 -1 -1 1,1 0.001 1 0 220.042 545 1,14 0.001 0 -1 2,14 0.001 -1 -1 0,12 0.002 0 -1 81.0489 323 13,1 0.001 0 -1 13,3 0.001 0 1 14,1 0.001 1 1 4.0096 135 14,13 0.001 0 -1 13,14 0.001 1 -1 13,13 0.001 1 -1 160.041 515 ::f,2,2 f,3,15 f,12,3 s,13,2 f,15,12 
294:2,1 0.001 0 1 2,0 0.001 -1 -1 1,1 0.001 1 0 220.042 545 1,14 0.001 -1 -1 1,13 0.001 -1 -1 0,12 0.002 0 -1 81.0499 323 13,1 0.001 -1 -1 13,3 0.001 0 1 14,1 0.001 1 1 4.0096 135 14,13 0.001 0 -1 13,14 0.001 1 -1 13,13 0.001 0 -1 160.041 515 ::f,2,2 f,3,15 f,12,3 s,13,2 f,15,12 
295:2,1 0.001 0 1 2,0 0.001 -1 -1 1,1 0.001 1 0 230.042 560 1,14 0.001 -1 -1 1,13 0.001 -1 -1 0,12 0.002 0 -1 81.0499 323 13,1 0.001 -1 -1 13,3 0.001 0 1 14,1 0.001 1 0 4.0096 135 14,13 0.001 -1 -1 13,14 0.001 1 -1 13,13 0.001 0 -1 160.041 515 ::f,1,3 f,3,15 f,12,3 s,13,2 f,15,12 
296:2,1 0.001 1 1 2,0 0.001 -1 -1 1,1 0.001 1 1 230.042 560 1,14 0.001 -1 0 1,13 0.001 0 -1 0,12 0.002 0 -1 81.0499 323 13,1 0.001 -1 0 13,3 0.001 0 1 14,1 0.001 1 0 4.0096 135 14,13 0.001 -1 -1 13,14 0.001 0 -1 13,13 0.001 -1 -1 160.041 515 ::f,1,3 f,3,15 f,12,3 s,13,2 f,15,12 
297:2,1 0.001 1 1 2,0 0.001 -1 -1 1,1 0.001 1 1 230.042 560 1,14 0.001 -1 0 1,13 0.001 0 -1 0,12 0.002 0 -1 81.0499 323 13,1 0.001 -1 0 13,3 0.001 0 1 14,1 0.001 1 -1 4.0096 135 14,13 0.001 -1 0 13,14 0.001 0 -1 13,13 0.001 -1 -1 160.041 515 ::f,1,3 f,3,15 f,12,3 s,13,2 f,15,12 
298:2,1 0.001 1 0 2,0 0.001 -1 -1 1,1 0.001 0 1 230.042 560 1,14 0.001 -1 1 1,13 0.001 1 -1 0,12 0.002 0 -1 81.0499 323 13,1 0.001 -1 1 13,3 0.001 0 1 14,1 0.001 1 -1 4.0096 135 14,13 0.001 -1 0 13,14 0.001 -1 -1 13,13 0.001 -1 0 160.041 515 ::f,1,3 f,3,15 f,12,3 s,13,2 f,15,12 
299:2,1 0.001 1 0 2,0 0.001 -1 -1 1,2 0.001 0 1 230.043 560 1,14 0.001 -1 1 1,13 0.001 1 -1 0,12 0.002 0 -1 81.0499 323 13,1 0.001 -1 1 13,3 0.001 0 1 14,1 0.001 0 -1 4.0096 135 14,13 0.001 -1 0 13,14 0.001 -1 -1 13,13 0.001 -1 0 160.041 515 ::f,1,3 f,3,15 f,12,3 s,13,2 f,15,12 
