16
0:1,2 0.001 0 -1 1,1 0.003 -1 0 3,2 0.002 1 0 0.002 50 3,13 0.001 0 -1 0,15 0.003 1 1 1,12 0.002 1 -1 0.001 50 12,3 0.001 1 1 15,3 0.003 0 -1 12,2 0.002 -1 0 0 50 15,12 0.001 0 1 13,13 0.003 -1 -1 15,13 0.002 0 -1 0.001 50 ::f,0,3 f,2,14 f,14,15 f,15,2 
1:1,2 0.001 0 -1 1,1 0.001 -1 0 3,2 0.001 1 0 0.002 50 3,13 0.001 0 -1 0,15 0.001 1 1 1,12 0.001 1 -1 0.001 50 12,3 0.001 1 1 15,3 0.001 0 -1 12,2 0.001 -1 0 0.0001 65 15,12 0.001 0 1 13,13 0.001 -1 -1 15,13 0.001 0 -1 0.001 50 ::f,0,3 f,2,14 f,14,1 f,14,15 
2:1,2 0.001 1 -1 1,1 0.001 -1 -1 3,2 0.001 1 -1 0.002 50 3,13 0.001 1 -1 0,15 0.001 1 0 1,12 0.001 0 -1 0.001 50 12,3 0.001 1 0 15,3 0.001 -1 -1 12,2 0.001 -1 1 0.0001 65 15,12 0.001 1 1 13,13 0.001 -1 0 15,13 0.001 1 -1 0.001 50 ::f,0,3 f,2,14 f,14,1 f,14,15 
3:1,2 0.001 1 -1 1,1 0.001 -1 -1 3,2 0.001 1 -1 0.002 50 3,13 0.001 1 -1 0,15 0.001 1 0 1,12 0.001 0 -1 0.001 50 12,3 0.001 1 0 15,3 0.001 -1 -1 12,2 0.001 -1 1 0.0001 65 15,12 0.001 1 1 13,13 0.001 -1 0 15,13 0.001 1 -1 0.001 50 ::f,0,3 f,2,14 f,14,1 f,14,15 
4:1,2 0.001 1 0 1,1 0.001 0 -1 3,2 0.001 0 -1 0.002 50 3,13 0.001 1 0 0,15 0.001 1 -1 1,12 0.001 -1 -1 0.001 50 12,3 0.001 1 -1 15,3 0.001 -1 0 12,2 0.001 0 1 0.0001 65 15,12 0.001 1 0 13,13 0.001 -1 1 15,13 0.001 1 0 0.001 50 ::f,0,3 f,2,14 f,14,1 f,14,15 
5:1,2 0.001 1 0 1,1 0.001 0 -1 3,2 0.001 0 -1 0.002 50 3,13 0.001 1 0 0,15 0.001 1 -1 1,12 0.001 -1 -1 0.001 50 12,3 0.001 1 -1 15,3 0.001 -1 0 12,2 0.001 0 1 0.0001 65 15,12 0.001 1 0 13,13 0.001 -1 1 15,13 0.001 1 0 0.001 50 ::f,0,3 f,2,14 f,14,1 f,14,15 
6:1,2 0.001 1 1 1,1 0.001 1 -1 3,2 0.001 -1 -1 0.002 50 3,13 0.001 1 1 0,15 0.001 0 -1 1,12 0.001 -1 0 0.001 50 12,3 0.001 0 -1 15,3 0.001 -1 1 12,2 0.001 1 1 0.0001 65 15,12 0.001 1 -1 13,13 0.001 0 1 15,13 0.001 1 1 0.001 50 ::f,0,3 f,2,14 f,14,1 f,14,15 
7:1,2 0.001 1 1 1,1 0.001 1 -1 3,2 0.001 -1 -1 0.002 50 3,13 0.001 1 1 0,15 0.001 0 -1 1,12 0.001 -1 0 0.001 50 12,3 0.001 0 -1 15,3 0.001 -1 1 12,2 0.001 1 1 0.0001 65 15,12 0.001 1 -1 13,14 0.001 0 1 15,13 0.001 1 1 0.002 50 ::f,0,3 f,2,14 f,14,1 f,14,15 
8:1,2 0.001 0 1 1,1 0.001 1 0 3,2 0.001 -1 0 0.002 50 3,13 0.001 0 1 0,15 0.001 -1 -1 1,12 0.001 -1 1 0.001 50 12,3 0.001 -1 -1 15,3 0.001 0 1 12,2 0.001 1 0 0.0001 65 15,12 0.001 0 -1 13,14 0.001 0 1 15,13 0.001 0 1 0.002 50 ::f,0,3 f,2,14 f,14,1 f,14,15 
9:1,2 0.001 0 1 2,1 0.001 1 0 2,2 0.001 -1 0 0.004 50 3,14 0.001 0 1 0,15 0.001 -1 -1 1,12 0.001 -1 1 0.002 50 12,3 0.001 -1 -1 15,3 0.001 0 1 13,2 0.001 1 0 0.0011 65 15,12 0.001 0 -1 13,14 0.001 1 1 15,14 0.001 0 1 0.003 50 ::f,0,3 f,2,14 f,14,1 f,14,15 
10:1,2 0.001 -1 1 2,1 0.001 1 0 2,2 0.001 -1 0 0.004 50 3,14 0.001 0 1 0,15 0.001 -1 0 1,12 0.001 0 1 0.002 50 12,3 0.001 -1 0 15,3 0.001 1 1 13,2 0.001 1 0 0.0011 65 15,12 0.001 -1 -1 13,14 0.001 1 1 15,14 0.001 0 1 0.0031 65 ::f,0,3 f,2,14 f,14,1 f,14,15 
11:1,2 0.001 -1 1 2,1 0.001 1 1 2,2 0.001 -1 1 0.0041 65 3,14 0.001 -1 1 0,15 0.001 -1 0 1,13 0.001 0 1 0.003 50 12,3 0.001 -1 0 15,3 0.001 1 1 13,2 0.001 1 -1 0.0011 65 15,12 0.001 -1 -1 13,14 0.001 1 0 15,14 0.001 -1 1 0.0031 65 ::f,2,14 f,3,2 f,14,1 f,14,15 
12:1,2 0.001 -1 0 2,1 0.001 1 1 2,2 0.001 -1 1 0.0043 95 3,14 0.001 -1 1 0,15 0.001 -1 1 1,13 0.001 0 1 0.003 50 12,3 0.001 -1 1 15,3 0.001 1 0 13,2 0.001 1 -1 0.0012 80 15,12 0.001 -1 0 14,14 0.001 1 0 15,14 0.001 -1 1 0.0042 80 ::f,1,0 f,2,14 f,13,0 f,14,15 
13:1,2 0.001 -1 0 2,1 0.001 0 1 2,2 0.001 0 1 0.0043 95 3,14 0.001 -1 0 0,15 0.001 -1 1 1,13 0.001 1 1 0.003 50 12,3 0.001 -1 1 15,3 0.001 1 0 13,2 0.001 0 -1 0.0012 80 14,12 0.001 -1 0 14,14 0.001 1 0 15,14 0.001 -1 0 0.0052 80 ::f,1,0 f,2,14 f,13,0 f,14,15 
14:1,2 0.001 -1 -1 2,1 0.001 0 1 2,2 0.001 0 1 0.0043 95 3,14 0.001 -1 0 0,15 0.001 0 1 1,13 0.001 1 1 0.0031 65 12,3 0.001 0 1 15,3 0.001 1 -1 13,1 0.001 0 -1 0.0022 80 14,12 0.001 -1 0 14,14 0.001 1 -1 15,14 0.001 -1 0 0.0052 80 ::f,1,0 f,3,13 f,13,0 f,14,15 
15:1,2 0.001 -1 -1 2,1 0.001 0 1 2,2 0.001 1 1 0.0043 95 3,14 0.001 -1 0 0,15 0.001 0 1 1,13 0.001 1 0 0.0031 65 12,3 0.001 0 1 15,3 0.001 1 -1 13,1 0.001 0 -1 1.0023 95 14,12 0.001 -1 1 14,14 0.001 1 -1 15,14 0.001 -1 0 0.0052 80 ::f,1,0 f,3,13 f,12,1 f,14,15 
16:1,2 0.001 0 -1 2,1 0.001 -1 1 2,2 0.001 1 1 0.0043 95 3,14 0.001 -1 -1 0,15 0.001 1 1 2,13 0.001 1 0 0.0041 65 12,3 0.001 1 1 15,3 0.001 0 -1 13,1 0.001 -1 -1 1.0023 95 14,12 0.001 -1 1 14,14 0.001 0 -1 15,14 0.001 -1 -1 0.0052 80 ::f,1,0 f,3,13 f,12,1 f,14,15 
17:1,1 0.001 0 -1 2,1 0.001 -1 1 2,2 0.001 1 0 0.0053 95 3,14 0.001 -1 -1 0,15 0.001 1 1 2,13 0.001 1 0 1.0042 80 12,3 0.001 1 1 15,2 0.001 0 -1 13,1 0.001 -1 -1 1.0033 95 14,12 0.001 0 1 14,13 0.001 0 -1 15,14 0.001 -1 -1 0.0062 80 ::f,0,12 f,1,0 f,12,1 f,14,15 
18:1,1 0.001 0 -1 2,1 0.001 -1 0 2,2 0.001 1 0 1.0054 110 3,14 0.001 0 -1 0,15 0.001 1 0 2,13 0.001 1 -1 1.0042 80 12,3 0.001 1 0 15,2 0.001 0 -1 13,1 0.001 -1 0 1.0033 95 14,12 0.001 0 1 14,13 0.001 0 -1 15,14 0.001 0 -1 0.0062 80 ::f,0,1 f,0,12 f,12,1 f,14,15 
19:1,1 0.001 1 -1 2,1 0.001 -1 0 2,2 0.001 1 -1 1.0054 110 3,14 0.001 0 -1 1,15 0.001 1 0 2,13 0.001 1 -1 1.0052 80 13,3 0.001 1 0 15,2 0.001 -1 -1 13,1 0.001 -1 0 3.0044 110 14,12 0.001 1 1 14,13 0.001 -1 -1 15,14 0.001 0 -1 0.0062 80 ::f,0,1 f,0,12 f,14,15 f,15,1 
20:1,1 0.001 1 -1 2,1 0.001 -1 0 2,2 0.001 1 -1 1.0054 110 3,14 0.001 1 -1 1,15 0.001 1 0 2,13 0.001 0 -1 1.0052 80 13,3 0.001 1 0 15,2 0.001 -1 -1 13,1 0.001 -1 1 3.0044 110 14,12 0.001 1 1 14,13 0.001 -1 -1 15,14 0.001 1 -1 0.0062 80 ::f,0,1 f,0,12 f,14,15 f,15,1 
21:1,1 0.001 1 0 2,1 0.001 -1 -1 2,2 0.001 0 -1 1.0054 110 3,14 0.001 1 -1 1,15 0.001 1 -1 2,13 0.001 0 -1 1.0052 80 13,3 0.001 1 -1 15,2 0.001 -1 0 13,1 0.001 -1 1 3.0044 110 14,12 0.001 1 0 14,13 0.001 -1 0 15,14 0.001 1 -1 0.0062 80 ::f,0,1 f,0,12 f,14,15 f,15,1 
22:1,1 0.001 1 0 2,1 0.001 -1 -1 2,2 0.001 0 -1 1.0054 110 3,14 0.001 1 0 1,15 0.001 1 -1 2,13 0.001 -1 -1 1.0052 80 14,2 0.001 1 -1 15,2 0.001 -1 0 13,1 0.001 0 1 3.0054 110 14,12 0.001 1 0 13,13 0.001 -1 0 15,14 0.001 1 0 0.0072 80 ::f,0,1 f,0,12 f,14,15 f,15,1 
23:1,1 0.001 1 0 2,1 0.001 0 -1 2,2 0.001 0 -1 1.0054 110 3,14 0.001 1 0 1,15 0.001 0 -1 2,13 0.001 -1 -1 1.0052 80 14,2 0.001 1 -1 15,2 0.001 -1 0 13,1 0.001 0 1 3.0055 125 14,12 0.001 1 -1 13,13 0.001 -1 0 15,14 0.001 1 0 0.0072 80 ::f,0,1 f,0,12 f,13,2 f,14,15 
24:1,1 0.001 1 1 2,1 0.001 0 -1 2,2 0.001 -1 -1 1.0054 110 3,14 0.001 1 1 1,15 0.001 0 -1 2,13 0.001 -1 0 1.0052 80 14,2 0.001 0 -1 15,2 0.001 -1 0 13,1 0.001 0 1 6.0056 140 14,12 0.001 1 -1 13,13 0.001 -1 1 15,14 0.001 1 1 0.0072 80 ::f,0,1 f,0,12 f,12,0 f,14,15 
25:1,1 0.001 1 1 2,1 0.001 1 -1 2,2 0.001 -1 -1 1.0054 110 3,14 0.001 1 1 1,15 0.001 -1 -1 1,13 0.001 -1 0 1.0062 80 14,1 0.001 0 -1 15,2 0.001 -1 1 13,1 0.001 1 1 6.0066 140 14,12 0.001 0 -1 13,13 0.001 -1 1 15,14 0.001 1 1 0.0072 80 ::f,0,1 f,0,12 f,12,0 f,14,15 
26:1,1 0.001 0 1 2,1 0.001 1 -1 2,2 0.001 -1 0 1.0054 110 3,14 0.001 0 1 1,15 0.001 -1 -1 1,13 0.001 -1 0 1.0062 80 14,1 0.001 0 -1 15,2 0.001 0 1 13,1 0.001 1 1 6.0066 140 14,12 0.001 0 -1 13,13 0.001 0 1 15,14 0.001 0 1 0.0072 80 ::f,0,1 f,0,12 f,12,0 f,14,15 
27:1,1 0.001 0 1 2,1 0.001 1 0 2,2 0.001 -1 0 1.0054 110 3,14 0.001 0 1 1,15 0.001 -1 0 1,13 0.001 -1 1 1.0062 80 14,1 0.001 -1 -1 15,2 0.001 1 1 13,1 0.001 1 0 6.0066 140 14,12 0.001 -1 -1 13,14 0.001 0 1 15,14 0.001 0 1 0.0082 80 ::f,0,1 f,0,12 f,12,0 f,14,15 
28:1,1 0.001 -1 1 2,1 0.001 1 0 2,2 0.001 -1 1 1.0054 110 3,14 0.001 -1 1 1,15 0.001 -1 0 1,13 0.001 -1 1 1.0062 80 14,1 0.001 -1 -1 15,2 0.001 1 1 13,1 0.001 1 0 6.0066 140 14,12 0.001 -1 -1 13,14 0.001 0 1 15,14 0.001 -1 1 0.0082 80 ::f,0,1 f,0,12 f,12,0 f,14,15 
29:1,1 0.001 -1 1 2,1 0.001 1 1 2,2 0.001 -1 1 1.0054 110 3,14 0.001 -1 1 1,15 0.001 -1 1 1,13 0.001 0 1 1.0062 80 14,1 0.001 -1 0 15,2 0.001 1 0 13,1 0.001 1 -1 6.0066 140 14,12 0.001 -1 0 13,14 0.001 1 1 15,14 0.001 -1 1 1.0083 95 ::f,0,1 f,0,12 f,12,0 f,14,13 
30:1,1 0.001 -1 0 2,1 0.001 1 1 2,2 0.001 0 1 1.0054 110 3,14 0.001 -1 0 1,15 0.001 -1 1 1,14 0.001 0 1 1.0072 80 14,1 0.001 -1 0 15,2 0.001 1 0 13,1 0.001 1 -1 6.0066 140 13,12 0.001 -1 0 13,14 0.001 1 1 15,14 0.001 -1 0 1.0093 95 ::f,0,1 f,0,12 f,12,0 f,14,13 
31:1,1 0.001 -1 0 2,1 0.001 0 1 2,2 0.001 0 1 3.0055 125 2,14 0.001 -1 0 1,15 0.001 0 1 1,14 0.001 0 1 1.0082 80 14,1 0.001 -1 0 15,2 0.001 1 -1 13,1 0.001 0 -1 6.0066 140 13,12 0.001 -1 0 13,14 0.001 1 0 14,14 0.001 -1 0 1.0103 95 ::f,0,12 f,1,3 f,12,0 f,14,13 
32:1,1 0.001 -1 -1 2,1 0.001 0 1 2,2 0.001 1 1 3.0055 125 2,14 0.001 -1 0 1,15 0.001 0 1 1,14 0.001 1 1 1.0082 80 14,1 0.001 -1 1 15,2 0.001 1 -1 13,1 0.001 0 -1 6.0066 140 13,12 0.001 -1 1 13,14 0.001 1 0 14,14 0.001 -1 0 1.0103 95 ::f,0,12 f,1,3 f,12,0 f,14,13 
33:1,1 0.001 -1 -1 2,1 0.001 0 1 2,2 0.001 1 1 3.0055 125 2,14 0.001 -1 -1 1,15 0.001 1 1 1,14 0.001 1 1 1.0082 80 14,1 0.001 -1 1 15,2 0.001 0 -1 13,1 0.001 -1 -1 6.0066 140 13,12 0.001 -1 1 13,14 0.001 1 0 14,14 0.001 -1 -1 1.0103 95 ::f,0,12 f,1,3 f,12,0 f,14,13 
34:1,1 0.001 0 -1 2,1 0.001 -1 1 2,2 0.001 1 0 3.0055 125 1,13 0.001 -1 -1 1,15 0.001 1 1 1,14 0.001 1 0 1.0092 80 14,1 0.001 0 1 15,1 0.001 0 -1 13,1 0.001 -1 -1 10.0077 155 13,12 0.001 0 1 13,14 0.001 1 -1 14,14 0.001 -1 -1 1.0103 95 ::f,0,12 f,1,3 f,14,3 f,14,13 
35:1,1 0.001 0 -1 2,1 0.001 -1 1 2,2 0.001 1 0 3.0055 125 1,13 0.001 -1 -1 1,15 0.001 1 0 2,14 0.001 1 0 1.0103 95 14,2 0.001 0 1 15,1 0.001 0 -1 13,1 0.001 -1 0 10.0087 155 13,13 0.001 0 1 13,14 0.001 1 -1 14,14 0.001 0 -1 2.0114 110 ::f,0,15 f,1,3 f,13,12 f,14,3 
36:1,1 0.001 1 -1 2,1 0.001 -1 0 2,2 0.001 1 -1 3.0055 125 1,13 0.001 0 -1 2,15 0.001 1 0 2,14 0.001 1 0 1.0113 95 14,2 0.001 0 1 15,1 0.001 -1 -1 13,1 0.001 -1 0 16.0089 185 13,13 0.001 0 1 13,14 0.001 0 -1 14,14 0.001 0 -1 2.0114 110 ::f,0,15 f,1,3 f,13,12 f,15,2 
37:1,1 0.001 1 -1 2,1 0.001 -1 0 2,2 0.001 1 -1 3.0055 125 1,13 0.001 0 -1 2,15 0.001 1 0 2,14 0.001 1 -1 1.0113 95 14,2 0.001 1 1 15,1 0.001 -1 -1 13,1 0.001 -1 1 16.0089 185 13,13 0.001 1 1 13,14 0.001 0 -1 14,14 0.001 1 -1 2.0114 110 ::f,0,15 f,1,3 f,13,12 f,15,2 
38:1,1 0.001 1 0 2,1 0.001 -1 -1 2,2 0.001 0 -1 3.0055 125 1,13 0.001 1 -1 2,15 0.001 1 -1 2,14 0.001 1 -1 1.0113 95 14,2 0.001 1 1 15,1 0.001 -1 0 13,1 0.001 -1 1 16.0089 185 13,13 0.001 1 1 13,14 0.001 0 -1 14,14 0.001 1 -1 2.0114 110 ::f,0,15 f,1,3 f,13,12 f,15,2 
39:1,1 0.001 1 0 2,1 0.001 -1 -1 2,2 0.001 0 -1 3.0055 125 1,13 0.001 1 -1 2,15 0.001 1 -1 2,14 0.001 0 -1 1.0113 95 14,2 0.001 1 0 14,1 0.001 -1 0 13,1 0.001 0 1 16.0099 185 13,13 0.001 1 0 13,14 0.001 -1 -1 14,14 0.001 1 0 2.0114 110 ::f,0,15 f,1,3 f,13,12 f,15,2 
40:1,1 0.001 1 0 2,1 0.001 0 -1 2,2 0.001 0 -1 3.0055 125 1,13 0.001 1 0 2,15 0.001 0 -1 2,13 0.001 0 -1 1.0123 95 14,2 0.001 1 0 14,1 0.001 -1 0 13,2 0.001 0 1 18.011 200 13,13 0.001 1 0 13,14 0.001 -1 -1 14,14 0.001 1 0 2.0114 110 ::f,0,15 f,1,3 f,13,12 f,14,0 
41:1,1 0.001 1 1 2,1 0.001 0 -1 2,2 0.001 -1 -1 3.0055 125 1,13 0.001 1 0 2,14 0.001 0 -1 2,13 0.001 0 -1 1.0133 95 14,2 0.001 1 -1 14,1 0.001 -1 1 13,2 0.001 0 1 18.011 200 13,13 0.001 1 -1 13,14 0.001 -1 0 14,14 0.001 1 1 2.0114 110 ::f,0,15 f,1,3 f,13,12 f,14,0 
42:1,1 0.001 1 1 2,1 0.001 1 -1 2,2 0.001 -1 -1 3.0055 125 1,13 0.001 1 0 2,14 0.001 0 -1 2,13 0.001 -1 -1 1.0133 95 14,2 0.001 1 -1 14,1 0.001 -1 1 13,2 0.001 1 1 18.011 200 13,13 0.001 1 -1 13,14 0.001 -1 0 14,14 0.001 1 1 2.0114 110 ::f,0,15 f,1,3 f,13,12 f,14,0 
43:1,1 0.001 0 1 2,1 0.001 1 -1 2,2 0.001 -1 0 3.0055 125 1,13 0.001 1 1 2,14 0.001 -1 -1 2,13 0.001 -1 -1 1.0133 95 14,2 0.001 0 -1 14,1 0.001 0 1 13,2 0.001 1 1 18.011 200 13,13 0.001 0 -1 13,14 0.001 -1 1 14,14 0.001 0 1 2.0114 110 ::f,0,15 f,1,3 f,13,12 f,14,0 
44:1,2 0.001 0 1 2,1 0.001 1 0 2,2 0.001 -1 0 3.0065 125 1,13 0.001 1 1 2,14 0.001 -1 -1 2,13 0.001 -1 0 1.0133 95 14,2 0.001 0 -1 14,1 0.001 0 1 13,2 0.001 1 0 18.011 200 13,13 0.001 0 -1 13,14 0.001 -1 1 14,14 0.001 0 1 2.0115 125 ::f,0,15 f,1,3 f,12,12 f,14,0 
45:1,2 0.001 0 1 2,1 0.001 1 0 2,2 0.001 -1 1 6.0066 140 1,13 0.001 0 1 2,14 0.001 -1 0 2,13 0.001 -1 0 1.0133 95 14,2 0.001 0 -1 14,1 0.001 1 1 13,2 0.001 1 0 18.011 200 13,13 0.001 -1 -1 13,14 0.001 0 1 14,14 0.001 -1 1 2.0115 125 ::f,0,0 f,0,15 f,12,12 f,14,0 
46:1,2 0.001 -1 1 2,1 0.001 1 1 2,2 0.001 -1 1 6.0066 140 1,13 0.001 0 1 2,14 0.001 -1 0 2,13 0.001 -1 0 1.0133 95 14,2 0.001 -1 -1 14,1 0.001 1 1 13,2 0.001 1 0 18.011 200 13,13 0.001 -1 -1 13,14 0.001 0 1 14,14 0.001 -1 1 3.0116 140 ::f,0,0 f,0,15 f,12,12 f,14,0 
47:1,2 0.001 -1 1 2,1 0.001 1 1 2,2 0.001 0 1 6.0066 140 1,13 0.001 -1 1 2,14 0.001 -1 1 2,13 0.001 -1 1 1.0133 95 14,2 0.001 -1 -1 14,1 0.001 1 0 13,2 0.001 1 -1 18.011 200 13,13 0.001 -1 0 13,14 0.001 1 1 14,14 0.001 -1 0 3.0116 140 ::f,0,0 f,0,15 f,12,12 f,14,0 
48:1,2 0.001 -1 0 2,1 0.001 0 1 2,2 0.001 0 1 6.0066 140 1,13 0.001 -1 1 2,14 0.001 -1 1 1,14 0.001 -1 1 1.0143 95 14,2 0.001 -1 0 14,1 0.001 1 0 13,2 0.001 1 -1 18.011 200 13,13 0.001 -1 0 13,14 0.001 1 1 14,14 0.001 -1 0 3.0116 140 ::f,0,0 f,0,15 f,12,12 f,14,0 
49:1,2 0.001 -1 0 2,1 0.001 0 1 2,2 0.001 1 1 6.0066 140 1,13 0.001 -1 0 2,14 0.001 0 1 1,14 0.001 -1 1 3.0144 110 14,2 0.001 -1 0 14,1 0.001 1 -1 13,2 0.001 0 -1 18.011 200 13,13 0.001 -1 1 13,14 0.001 1 0 14,14 0.001 -1 0 3.0116 140 ::f,0,0 f,0,14 f,12,12 f,14,0 
50:1,2 0.001 -1 -1 2,1 0.001 0 1 2,2 0.001 1 1 6.0066 140 1,13 0.001 -1 0 2,14 0.001 0 1 1,14 0.001 0 1 3.0144 110 14,2 0.001 -1 1 14,1 0.001 1 -1 13,2 0.001 0 -1 18.011 200 13,13 0.001 -1 1 13,14 0.001 1 0 14,14 0.001 -1 -1 3.0116 140 ::f,0,0 f,0,14 f,12,12 f,14,0 
51:1,2 0.001 -1 -1 2,1 0.001 -1 1 2,2 0.001 1 0 6.0066 140 1,13 0.001 -1 -1 2,14 0.001 1 1 1,14 0.001 0 1 3.0144 110 14,2 0.001 -1 1 14,1 0.001 0 -1 13,2 0.001 -1 -1 18.011 200 13,13 0.001 0 1 13,14 0.001 1 0 14,14 0.001 -1 -1 3.0116 140 ::f,0,0 f,0,14 f,12,12 f,14,0 
52:1,2 0.001 0 -1 2,1 0.001 -1 1 2,2 0.001 1 0 6.0066 140 1,13 0.001 -1 -1 2,14 0.001 1 1 1,14 0.001 1 1 3.0144 110 14,2 0.001 0 1 14,1 0.001 0 -1 13,2 0.001 -1 -1 19.0111 215 13,13 0.001 0 1 13,14 0.001 1 -1 14,14 0.001 -1 -1 3.0116 140 ::f,0,0 f,0,14 f,12,12 f,15,2 
53:1,1 0.001 0 -1 2,1 0.001 -1 0 2,2 0.001 1 -1 6.0076 140 1,13 0.001 0 -1 2,14 0.001 1 0 1,14 0.001 1 1 3.0144 110 14,2 0.001 0 1 14,1 0.001 -1 -1 13,2 0.001 -1 0 19.0111 215 13,13 0.001 0 1 13,14 0.001 1 -1 14,14 0.001 0 -1 3.0116 140 ::f,0,0 f,0,14 f,12,12 f,15,2 
54:1,1 0.001 0 -1 2,1 0.001 -1 0 2,2 0.001 1 -1 6.0076 140 1,13 0.001 0 -1 2,14 0.001 1 0 1,14 0.001 1 0 3.0144 110 14,2 0.001 1 1 14,1 0.001 -1 -1 13,2 0.001 -1 0 19.0111 215 13,13 0.001 1 1 13,14 0.001 0 -1 14,14 0.001 0 -1 3.0116 140 ::f,0,0 f,0,14 f,12,12 f,15,2 
55:1,1 0.001 1 -1 2,1 0.001 -1 -1 2,2 0.001 0 -1 6.0076 140 1,13 0.001 1 -1 2,14 0.001 1 -1 1,14 0.001 1 0 3.0144 110 14,2 0.001 1 1 14,1 0.001 -1 0 13,2 0.001 -1 1 19.0111 215 13,13 0.001 1 1 13,14 0.001 0 -1 14,14 0.001 1 -1 3.0116 140 ::f,0,0 f,0,14 f,12,12 f,15,2 
56:1,1 0.001 1 -1 2,1 0.001 -1 -1 2,2 0.001 0 -1 6.0076 140 1,13 0.001 1 -1 2,14 0.001 1 -1 1,14 0.001 1 0 3.0144 110 14,2 0.001 1 0 13,1 0.001 -1 0 13,2 0.001 -1 1 19.0121 215 13,13 0.001 1 0 13,14 0.001 -1 -1 14,14 0.001 1 -1 3.0116 140 ::f,0,0 f,0,14 f,12,12 f,15,2 
57:1,1 0.001 1 0 2,1 0.001 0 -1 2,2 0.001 0 -1 6.0076 140 1,13 0.001 1 0 2,14 0.001 0 -1 1,14 0.001 1 -1 3.0144 110 14,2 0.001 1 0 13,1 0.001 -1 0 13,2 0.001 0 1 22.0122 230 13,13 0.001 1 0 13,14 0.001 -1 -1 14,14 0.001 1 0 3.0116 140 ::f,0,0 f,0,14 f,12,12 f,14,0 
58:1,1 0.001 1 0 2,1 0.001 0 -1 2,2 0.001 -1 -1 6.0076 140 2,13 0.001 1 0 2,14 0.001 0 -1 1,14 0.001 1 -1 3.0154 110 14,2 0.001 1 -1 13,1 0.001 -1 1 13,2 0.001 0 1 22.0122 230 13,13 0.001 1 -1 13,14 0.001 -1 0 14,14 0.001 1 0 3.0116 140 ::f,0,0 f,0,14 f,12,12 f,14,0 
59:1,1 0.001 1 0 2,1 0.001 1 -1 2,2 0.001 -1 -1 6.0076 140 2,13 0.001 1 0 2,14 0.001 0 -1 1,14 0.001 0 -1 3.0154 110 14,2 0.001 1 -1 13,1 0.001 -1 1 13,2 0.001 1 1 22.0122 230 13,13 0.001 1 -1 13,14 0.001 -1 0 14,14 0.001 1 1 3.0116 140 ::f,0,0 f,0,14 f,12,12 f,14,0 
60:1,1 0.001 1 1 2,1 0.001 1 -1 2,2 0.001 -1 -1 6.0076 140 2,13 0.001 1 1 2,14 0.001 -1 -1 1,14 0.001 0 -1 3.0154 110 14,2 0.001 0 -1 13,1 0.001 0 1 13,2 0.001 1 1 22.0122 230 13,13 0.001 0 -1 13,14 0.001 -1 1 14,14 0.001 1 1 3.0116 140 ::f,0,0 f,0,14 f,12,12 f,14,0 
61:1,1 0.001 1 1 2,1 0.001 1 0 2,2 0.001 -1 0 6.0076 140 2,13 0.001 1 1 2,14 0.001 -1 -1 1,14 0.001 -1 -1 3.0154 110 14,1 0.001 0 -1 13,1 0.001 0 1 13,2 0.001 1 0 22.0132 230 13,13 0.001 0 -1 13,14 0.001 -1 1 14,14 0.001 0 1 3.0116 140 ::f,0,0 f,0,14 f,12,12 f,14,0 
62:1,1 0.001 0 1 2,1 0.001 1 0 2,2 0.001 -1 0 6.0076 140 2,13 0.001 0 1 2,14 0.001 -1 0 1,14 0.001 -1 -1 3.0154 110 14,1 0.001 0 -1 13,1 0.001 0 1 14,2 0.001 1 0 26.0143 245 13,13 0.001 -1 -1 13,14 0.001 0 1 14,14 0.001 0 1 3.0116 140 ::f,0,0 f,0,14 f,12,12 f,15,2 
63:1,1 0.001 0 1 2,1 0.001 1 1 2,2 0.001 -1 1 6.0076 140 2,13 0.001 0 1 2,14 0.001 -1 0 1,14 0.001 -1 0 3.0154 110 14,1 0.001 -1 -1 13,1 0.001 1 1 14,2 0.001 1 0 32.0144 260 13,13 0.001 -1 -1 13,14 0.001 0 1 14,14 0.001 -1 1 5.0117 155 ::f,0,0 f,0,14 f,14,3 f,14,15 
64:1,1 0.001 -1 1 2,1 0.001 1 1 2,2 0.001 -1 1 6.0076 140 2,13 0.001 0 1 2,14 0.001 -1 0 1,14 0.001 -1 0 6.0155 125 14,1 0.001 -1 -1 13,1 0.001 1 1 14,2 0.001 1 -1 32.0144 260 13,13 0.001 -1 0 13,14 0.001 1 1 14,14 0.001 -1 1 5.0117 155 ::f,0,0 f,3,15 f,14,3 f,14,15 
65:1,1 0.001 -1 1 2,1 0.001 0 1 2,2 0.001 0 1 6.0076 140 2,13 0.001 -1 1 2,14 0.001 -1 1 1,14 0.001 -1 1 6.0155 125 14,1 0.001 -1 0 13,1 0.001 1 0 14,2 0.001 1 -1 32.0144 260 13,13 0.001 -1 0 13,14 0.001 1 1 14,14 0.001 -1 0 7.0118 170 ::f,0,0 f,3,15 f,14,3 f,15,13 
66:1,1 0.001 -1 0 2,1 0.001 0 1 2,2 0.001 0 1 6.0076 140 2,13 0.001 -1 1 2,14 0.001 0 1 1,14 0.001 -1 1 6.0155 125 14,1 0.001 -1 0 13,1 0.001 1 0 14,2 0.001 0 -1 32.0144 260 13,13 0.001 -1 1 13,14 0.001 1 0 14,14 0.001 -1 0 7.0118 170 ::f,0,0 f,3,15 f,14,3 f,15,13 
67:1,1 0.001 -1 0 2,1 0.001 0 1 2,2 0.001 1 1 6.0076 140 2,13 0.001 -1 0 2,14 0.001 1 1 1,14 0.001 0 1 6.0155 125 14,1 0.001 -1 0 13,1 0.001 1 -1 14,2 0.001 0 -1 32.0144 260 13,13 0.001 -1 1 13,14 0.001 1 0 14,14 0.001 -1 0 7.0118 170 ::f,0,0 f,3,15 f,14,3 f,15,13 
68:1,1 0.001 -1 -1 2,1 0.001 -1 1 2,2 0.001 1 1 6.0076 140 2,13 0.001 -1 0 2,14 0.001 1 1 1,14 0.001 0 1 6.0156 140 14,1 0.001 -1 1 13,1 0.001 1 -1 14,2 0.001 0 -1 32.0144 260 13,13 0.001 0 1 13,14 0.001 1 0 14,14 0.001 -1 -1 7.0118 170 ::f,0,0 f,3,15 f,14,3 f,15,13 
69:1,1 0.001 -1 -1 1,2 0.001 -1 1 2,2 0.001 1 0 10.0087 155 2,13 0.001 -1 -1 2,14 0.001 1 0 1,14 0.001 1 1 6.0156 140 14,1 0.001 -1 1 13,1 0.001 0 -1 14,2 0.001 -1 -1 32.0144 260 13,13 0.001 0 1 13,14 0.001 1 -1 14,14 0.001 -1 -1 7.0118 170 ::f,0,3 f,3,15 f,14,3 f,15,13 
70:1,1 0.001 0 -1 1,2 0.001 -1 1 2,2 0.001 1 0 11.0088 170 2,13 0.001 -1 -1 2,14 0.001 1 0 1,14 0.001 1 1 6.0156 140 14,1 0.001 0 1 13,1 0.001 0 -1 14,2 0.001 -1 -1 32.0144 260 13,13 0.001 0 1 13,14 0.001 1 -1 14,14 0.001 0 -1 7.0118 170 ::f,1,0 f,3,15 f,14,3 f,15,13 
71:1,1 0.001 0 -1 1,2 0.001 -1 0 2,2 0.001 1 -1 16.0089 185 2,13 0.001 0 -1 2,14 0.001 1 -1 1,14 0.001 1 0 6.0156 140 14,1 0.001 0 1 13,1 0.001 -1 -1 14,2 0.001 -1 0 32.0144 260 13,13 0.001 1 1 13,14 0.001 0 -1 14,14 0.001 0 -1 7.0118 170 ::f,2,1 f,3,15 f,14,3 f,15,13 
72:1,1 0.001 1 -1 1,2 0.001 -1 0 2,2 0.001 1 -1 16.0089 185 2,13 0.001 0 -1 2,14 0.001 1 -1 1,14 0.001 1 0 6.0156 140 14,1 0.001 0 1 13,1 0.001 -1 -1 14,2 0.001 -1 0 32.0144 260 13,13 0.001 1 1 13,14 0.001 0 -1 14,14 0.001 1 -1 7.0118 170 ::f,2,1 f,3,15 f,14,3 f,15,13 
73:1,1 0.001 1 -1 1,2 0.001 -1 -1 2,2 0.001 0 -1 16.0089 185 2,13 0.001 1 -1 2,14 0.001 0 -1 1,14 0.001 1 0 6.0156 140 14,1 0.001 1 1 13,1 0.001 -1 0 14,2 0.001 -1 1 32.0144 260 13,13 0.001 1 0 13,14 0.001 -1 -1 14,14 0.001 1 -1 9.0119 185 ::f,2,1 f,3,15 f,14,3 f,14,13 
74:1,1 0.001 1 0 1,2 0.001 -1 -1 2,2 0.001 0 -1 16.0089 185 2,13 0.001 1 -1 2,14 0.001 0 -1 1,14 0.001 1 -1 6.0156 140 14,1 0.001 1 1 13,1 0.001 -1 0 14,2 0.001 -1 1 32.0144 260 13,13 0.001 1 0 13,14 0.001 -1 -1 14,14 0.001 1 0 12.012 200 ::f,2,1 f,3,15 f,14,3 f,15,12 
75:1,1 0.001 1 0 1,2 0.001 0 -1 2,2 0.001 0 -1 17.009 200 2,13 0.001 1 0 2,14 0.001 0 -1 1,14 0.001 1 -1 6.0156 140 14,1 0.001 1 0 13,1 0.001 -1 1 14,2 0.001 0 1 32.0144 260 13,13 0.001 1 -1 13,14 0.001 -1 0 14,14 0.001 1 0 12.012 200 ::f,3,0 f,3,15 f,14,3 f,15,12 
76:1,1 0.001 1 0 1,2 0.001 0 -1 2,2 0.001 -1 -1 17.009 200 2,13 0.001 1 0 2,14 0.001 -1 -1 1,14 0.001 0 -1 6.0156 140 14,1 0.001 1 0 13,1 0.001 -1 1 14,2 0.001 0 1 39.0145 275 13,13 0.001 1 -1 13,14 0.001 -1 0 14,14 0.001 1 1 12.012 200 ::f,3,0 f,3,15 f,12,0 f,15,12 
77:1,1 0.001 1 1 1,2 0.001 0 -1 2,2 0.001 -1 -1 17.009 200 2,13 0.001 1 1 2,14 0.001 -1 -1 1,14 0.001 0 -1 6.0156 140 14,1 0.001 1 -1 13,1 0.001 0 1 14,2 0.001 1 1 39.0145 275 13,13 0.001 0 -1 13,14 0.001 -1 1 14,14 0.001 1 1 12.012 200 ::f,3,0 f,3,15 f,12,0 f,15,12 
78:1,1 0.001 1 1 1,2 0.001 1 -1 2,2 0.001 -1 0 17.009 200 2,13 0.001 1 1 2,14 0.001 -1 0 1,14 0.001 -1 -1 6.0156 140 14,1 0.001 1 -1 13,2 0.001 0 1 14,2 0.001 1 1 39.0155 275 13,13 0.001 0 -1 13,14 0.001 -1 1 14,14 0.001 0 1 12.012 200 ::f,3,0 f,3,15 f,12,0 f,15,12 
79:1,1 0.001 0 1 2,1 0.001 1 -1 2,2 0.001 -1 0 17.01 200 2,13 0.001 0 1 2,14 0.001 -1 0 1,14 0.001 -1 -1 6.0156 140 14,1 0.001 0 -1 13,2 0.001 0 1 14,2 0.001 1 0 39.0155 275 13,13 0.001 -1 -1 13,14 0.001 0 1 14,14 0.001 0 1 12.012 200 ::f,3,0 f,3,15 f,12,0 f,15,12 
80:1,1 0.001 0 1 2,1 0.001 1 -1 2,2 0.001 -1 1 19.0101 215 2,13 0.001 0 1 2,14 0.001 -1 1 1,14 0.001 -1 0 6.0156 140 14,1 0.001 0 -1 13,2 0.001 1 1 14,2 0.001 1 0 39.0155 275 13,13 0.001 -1 -1 13,14 0.001 0 1 14,14 0.001 -1 1 12.012 200 ::f,3,1 f,3,15 f,12,0 f,15,12 
81:1,1 0.001 -1 1 2,1 0.001 1 0 2,2 0.001 -1 1 19.0101 215 2,13 0.001 0 1 2,14 0.001 -1 1 1,14 0.001 -1 0 6.0156 140 14,1 0.001 -1 -1 13,2 0.001 1 1 14,2 0.001 1 -1 39.0155 275 13,13 0.001 -1 0 13,14 0.001 1 1 14,14 0.001 -1 1 12.012 200 ::f,3,1 f,3,15 f,12,0 f,15,12 
82:1,1 0.001 -1 1 2,1 0.001 1 0 2,2 0.001 0 1 22.0102 230 2,13 0.001 -1 1 2,14 0.001 0 1 1,14 0.001 -1 1 6.0156 140 14,1 0.001 -1 -1 13,2 0.001 1 0 14,2 0.001 1 -1 39.0155 275 13,13 0.001 -1 0 13,14 0.001 1 1 14,14 0.001 -1 0 12.012 200 ::f,0,3 f,3,15 f,12,0 f,15,12 
83:1,1 0.001 -1 0 2,1 0.001 1 1 2,2 0.001 0 1 22.0102 230 2,13 0.001 -1 1 2,14 0.001 0 1 1,14 0.001 -1 1 6.0156 140 14,1 0.001 -1 0 13,2 0.001 1 0 14,2 0.001 0 -1 39.0155 275 13,13 0.001 -1 1 13,14 0.001 1 0 14,14 0.001 -1 0 12.012 200 ::f,0,3 f,3,15 f,12,0 f,15,12 
84:1,1 0.001 -1 0 2,1 0.001 1 1 2,2 0.001 1 1 22.0102 230 2,13 0.001 -1 0 2,14 0.001 1 1 1,14 0.001 0 1 6.0156 140 13,1 0.001 -1 0 13,2 0.001 1 0 14,1 0.001 0 -1 39.0175 275 13,13 0.001 -1 1 13,14 0.001 1 0 14,14 0.001 -1 0 12.012 200 ::f,0,3 f,3,15 f,12,0 f,15,12 
85:1,1 0.001 -1 -1 2,1 0.001 0 1 2,2 0.001 1 1 22.0102 230 2,13 0.001 -1 0 2,14 0.001 1 1 1,14 0.001 0 1 7.0157 155 13,1 0.001 -1 0 13,2 0.001 1 -1 14,1 0.001 0 -1 39.0175 275 13,13 0.001 0 1 13,14 0.001 1 0 14,14 0.001 -1 -1 12.012 200 ::f,0,3 f,2,15 f,12,0 f,15,12 
86:1,1 0.001 -1 -1 2,1 0.001 0 1 2,2 0.001 1 0 22.0102 230 2,13 0.001 -1 -1 2,14 0.001 1 0 1,14 0.001 1 1 7.0157 155 13,1 0.001 -1 1 13,2 0.001 1 -1 14,1 0.001 -1 -1 39.0175 275 13,13 0.001 0 1 13,14 0.001 1 -1 14,14 0.001 -1 -1 12.012 200 ::f,0,3 f,2,15 f,12,0 f,15,12 
87:1,1 0.001 0 -1 2,1 0.001 0 1 2,2 0.001 1 0 22.0102 230 2,13 0.001 -1 -1 2,14 0.001 1 0 1,14 0.001 1 1 11.0158 170 13,1 0.001 -1 1 13,2 0.001 0 -1 14,1 0.001 -1 -1 39.0175 275 13,13 0.001 0 1 14,13 0.001 1 -1 14,14 0.001 0 -1 12.013 200 ::f,0,3 f,3,14 f,12,0 f,15,12 
88:1,1 0.001 0 -1 2,1 0.001 -1 1 2,2 0.001 1 -1 22.0102 230 2,13 0.001 0 -1 2,14 0.001 1 -1 1,14 0.001 1 0 11.0158 170 13,1 0.001 0 1 13,2 0.001 0 -1 14,1 0.001 -1 0 39.0175 275 13,13 0.001 1 1 14,13 0.001 1 -1 14,14 0.001 0 -1 15.0131 215 ::f,0,3 f,3,14 f,12,0 f,12,14 
89:1,1 0.001 1 -1 1,2 0.001 -1 1 2,2 0.001 1 -1 22.0112 230 2,13 0.001 0 -1 2,14 0.001 1 -1 1,14 0.001 1 0 11.0158 170 13,1 0.001 0 1 13,2 0.001 -1 -1 14,1 0.001 -1 0 39.0175 275 13,13 0.001 1 1 14,13 0.001 0 -1 14,14 0.001 1 -1 15.0131 215 ::f,0,3 f,3,14 f,12,0 f,12,14 
90:1,1 0.001 1 -1 1,2 0.001 -1 1 2,2 0.001 0 -1 26.0113 245 2,13 0.001 1 -1 2,14 0.001 0 -1 1,14 0.001 1 0 11.0158 170 13,1 0.001 0 1 13,2 0.001 -1 -1 14,1 0.001 -1 0 39.0175 275 13,13 0.001 1 0 14,13 0.001 0 -1 14,14 0.001 1 -1 15.0131 215 ::f,1,3 f,3,14 f,12,0 f,12,14 
91:1,1 0.001 1 0 1,2 0.001 -1 0 2,1 0.001 0 -1 26.0123 245 2,13 0.001 1 -1 2,14 0.001 0 -1 1,14 0.001 1 -1 11.0158 170 13,1 0.001 1 1 13,2 0.001 -1 0 14,1 0.001 -1 1 39.0175 275 13,13 0.001 1 0 14,13 0.001 -1 -1 14,14 0.001 1 0 15.0131 215 ::f,1,3 f,3,14 f,12,0 f,12,14 
92:1,1 0.001 1 0 1,2 0.001 -1 0 2,1 0.001 0 -1 26.0123 245 2,13 0.001 1 0 2,14 0.001 0 -1 1,14 0.001 1 -1 11.0158 170 13,1 0.001 1 1 13,2 0.001 -1 0 14,1 0.001 -1 1 39.0175 275 13,13 0.001 1 -1 14,13 0.001 -1 -1 14,14 0.001 1 0 15.0131 215 ::f,1,3 f,3,14 f,12,0 f,12,14 
93:1,1 0.001 1 0 1,2 0.001 -1 -1 2,1 0.001 -1 -1 26.0123 245 2,13 0.001 1 0 2,14 0.001 -1 -1 1,14 0.001 0 -1 11.0158 170 13,1 0.001 1 0 13,2 0.001 -1 1 14,1 0.001 0 1 39.0175 275 13,13 0.001 1 -1 14,13 0.001 -1 0 14,14 0.001 1 1 15.0131 215 ::f,1,3 f,3,14 f,12,0 f,12,14 
94:1,1 0.001 1 1 1,2 0.001 -1 -1 2,1 0.001 -1 -1 26.0123 245 2,13 0.001 1 1 2,14 0.001 -1 -1 1,14 0.001 0 -1 11.0158 170 13,1 0.001 1 0 13,2 0.001 -1 1 14,1 0.001 0 1 39.0175 275 13,13 0.001 0 -1 14,13 0.001 -1 0 14,14 0.001 1 1 15.0131 215 ::f,1,3 f,3,14 f,12,0 f,12,14 
95:1,1 0.001 1 1 1,2 0.001 0 -1 2,1 0.001 -1 0 26.0123 245 2,13 0.001 1 1 2,14 0.001 -1 0 1,14 0.001 -1 -1 12.0159 185 13,1 0.001 1 -1 13,2 0.001 0 1 14,1 0.001 1 1 39.0175 275 13,13 0.001 0 -1 14,13 0.001 -1 0 14,14 0.001 0 1 15.0131 215 ::f,0,15 f,1,3 f,12,0 f,12,14 
96:1,1 0.001 0 1 1,2 0.001 0 -1 2,1 0.001 -1 0 26.0123 245 2,13 0.001 0 1 2,14 0.001 -1 0 1,14 0.001 -1 -1 12.0159 185 13,1 0.001 1 -1 13,2 0.001 0 1 14,1 0.001 1 1 39.0175 275 13,13 0.001 -1 -1 14,13 0.001 -1 1 14,14 0.001 0 1 15.0131 215 ::f,0,15 f,1,3 f,12,0 f,12,14 
97:1,1 0.001 0 1 1,2 0.001 0 -1 2,1 0.001 -1 0 26.0123 245 2,13 0.001 0 1 2,14 0.001 -1 1 1,14 0.001 -1 0 12.0159 185 13,1 0.001 0 -1 13,2 0.001 1 1 14,1 0.001 1 0 39.0175 275 13,13 0.001 -1 -1 14,13 0.001 -1 1 14,14 0.001 -1 1 15.0131 215 ::f,0,15 f,1,3 f,12,0 f,12,14 
98:1,1 0.001 0 1 1,2 0.001 1 -1 2,1 0.001 -1 1 26.0123 245 2,13 0.001 0 1 2,14 0.001 -1 1 1,14 0.001 -1 0 12.0159 185 13,1 0.001 0 -1 13,2 0.001 1 1 14,1 0.001 1 0 39.0175 275 13,13 0.001 -1 0 14,13 0.001 0 1 14,14 0.001 -1 1 15.0131 215 ::f,0,15 f,1,3 f,12,0 f,12,14 
99:1,1 0.001 -1 1 1,2 0.001 1 -1 2,1 0.001 -1 1 26.0123 245 2,13 0.001 -1 1 2,14 0.001 0 1 1,14 0.001 -1 1 12.0159 185 13,1 0.001 -1 -1 13,2 0.001 1 0 14,1 0.001 1 -1 39.0175 275 13,13 0.001 -1 0 14,13 0.001 0 1 14,14 0.001 -1 0 15.0131 215 ::f,0,15 f,1,3 f,12,0 f,12,14 
100:1,1 0.001 -1 1 1,2 0.001 1 0 2,1 0.001 0 1 26.0123 245 2,13 0.001 -1 1 2,14 0.001 0 1 1,14 0.001 -1 1 17.016 200 13,1 0.001 -1 -1 14,2 0.001 1 0 14,1 0.001 1 -1 44.0186 290 13,13 0.001 -1 1 14,13 0.001 1 1 13,14 0.001 -1 0 15.0141 215 ::f,0,14 f,1,3 f,12,14 f,15,1 
101:1,1 0.001 -1 0 1,2 0.001 1 0 2,1 0.001 0 1 26.0123 245 2,13 0.001 -1 1 2,14 0.001 1 1 1,14 0.001 0 1 17.016 200 13,1 0.001 -1 0 14,2 0.001 1 0 14,1 0.001 0 -1 44.0186 290 13,13 0.001 -1 1 14,13 0.001 1 1 13,14 0.001 -1 0 19.0142 230 ::f,0,14 f,1,3 f,14,15 f,15,1 
102:1,1 0.001 -1 0 1,2 0.001 1 1 2,1 0.001 1 1 26.0123 245 2,13 0.001 -1 0 2,14 0.001 1 1 1,14 0.001 0 1 17.016 200 13,1 0.001 -1 0 14,2 0.001 1 -1 14,1 0.001 0 -1 44.0186 290 13,13 0.001 0 1 14,13 0.001 1 0 13,14 0.001 -1 -1 19.0142 230 ::f,0,14 f,1,3 f,14,15 f,15,1 
103:1,1 0.001 -1 -1 1,2 0.001 1 1 2,1 0.001 1 1 26.0123 245 2,13 0.001 -1 0 2,14 0.001 1 0 1,14 0.001 1 1 17.016 200 13,1 0.001 -1 1 14,2 0.001 1 -1 14,1 0.001 -1 -1 46.0187 305 13,13 0.001 0 1 14,13 0.001 1 0 13,14 0.001 -1 -1 19.0142 230 ::f,0,14 f,1,3 f,12,3 f,14,15 
104:1,1 0.001 -1 -1 1,2 0.001 0 1 2,1 0.001 1 0 26.0123 245 2,13 0.001 -1 -1 2,14 0.001 1 0 1,14 0.001 1 1 17.016 200 13,1 0.001 -1 1 14,2 0.001 0 -1 14,1 0.001 -1 -1 46.0187 305 13,13 0.001 0 1 14,13 0.001 1 -1 13,14 0.001 0 -1 19.0142 230 ::f,0,14 f,1,3 f,12,3 f,14,15 
105:1,1 0.001 0 -1 1,2 0.001 0 1 2,1 0.001 1 0 31.0124 260 2,13 0.001 -1 -1 2,14 0.001 1 -1 1,14 0.001 1 0 17.016 200 13,1 0.001 0 1 14,2 0.001 0 -1 14,1 0.001 -1 0 46.0187 305 13,13 0.001 1 1 14,13 0.001 1 -1 13,14 0.001 0 -1 19.0142 230 ::f,0,14 f,2,3 f,12,3 f,14,15 
106:1,1 0.001 0 -1 1,2 0.001 -1 1 2,1 0.001 1 -1 31.0124 260 2,13 0.001 0 -1 2,14 0.001 1 -1 1,14 0.001 1 0 17.016 200 13,2 0.001 0 1 14,2 0.001 0 -1 13,1 0.001 -1 0 46.0207 305 13,13 0.001 1 1 14,13 0.001 0 -1 13,14 0.001 0 -1 19.0142 230 ::f,0,14 f,2,3 f,12,3 f,14,15 
107:1,1 0.001 1 -1 1,2 0.001 -1 1 2,1 0.001 1 -1 31.0124 260 2,13 0.001 0 -1 2,14 0.001 0 -1 1,14 0.001 1 0 17.016 200 13,2 0.001 0 1 14,2 0.001 -1 -1 13,1 0.001 -1 0 46.0207 305 13,13 0.001 1 0 14,13 0.001 0 -1 13,14 0.001 1 -1 19.0142 230 ::f,0,14 f,2,3 f,12,3 f,14,15 
108:1,1 0.001 1 -1 1,2 0.001 -1 0 2,1 0.001 0 -1 31.0124 260 2,13 0.001 1 -1 2,14 0.001 0 -1 1,14 0.001 1 -1 17.016 200 13,2 0.001 1 1 14,2 0.001 -1 -1 13,1 0.001 -1 1 46.0207 305 13,13 0.001 1 0 14,13 0.001 -1 -1 13,14 0.001 1 -1 19.0142 230 ::f,0,14 f,2,3 f,12,3 f,14,15 
109:1,1 0.001 1 0 1,2 0.001 -1 0 2,1 0.001 0 -1 31.0124 260 2,13 0.001 1 -1 2,14 0.001 0 -1 1,14 0.001 1 -1 17.016 200 13,2 0.001 1 1 14,2 0.001 -1 0 13,1 0.001 -1 1 46.0207 305 13,13 0.001 1 -1 14,13 0.001 -1 -1 13,14 0.001 1 0 19.0142 230 ::f,0,14 f,2,3 f,12,3 f,14,15 
110:1,1 0.001 1 0 1,2 0.001 -1 -1 2,1 0.001 -1 -1 31.0124 260 2,13 0.001 1 0 2,14 0.001 -1 -1 1,14 0.001 0 -1 17.016 200 13,2 0.001 1 0 14,2 0.001 -1 0 13,1 0.001 0 1 46.0207 305 13,13 0.001 1 -1 14,13 0.001 -1 0 13,14 0.001 1 0 19.0142 230 ::f,0,14 f,2,3 f,12,3 f,14,15 
111:1,1 0.001 1 0 1,2 0.001 -1 -1 2,1 0.001 -1 -1 31.0124 260 2,13 0.001 1 0 2,14 0.001 -1 -1 1,14 0.001 0 -1 17.016 200 13,2 0.001 1 0 14,2 0.001 -1 1 13,1 0.001 0 1 46.0207 305 13,13 0.001 0 -1 14,13 0.001 -1 0 13,14 0.001 1 1 19.0142 230 ::f,0,14 f,2,3 f,12,3 f,14,15 
112:1,1 0.001 1 1 1,2 0.001 0 -1 2,1 0.001 -1 0 31.0124 260 2,13 0.001 1 1 2,14 0.001 -1 0 1,14 0.001 -1 -1 17.016 200 13,2 0.001 1 0 14,2 0.001 -1 1 13,1 0.001 0 1 46.0207 305 13,13 0.001 0 -1 14,13 0.001 -1 0 13,14 0.001 1 1 22.0143 245 ::f,0,14 f,2,3 f,12,3 f,12,14 
113:1,1 0.001 1 1 1,2 0.001 0 -1 2,1 0.001 -1 0 31.0124 260 2,13 0.001 1 1 2,14 0.001 -1 0 1,14 0.001 -1 -1 17.016 200 13,2 0.001 1 -1 14,2 0.001 0 1 13,1 0.001 1 1 46.0207 305 13,13 0.001 -1 -1 14,13 0.001 -1 1 13,14 0.001 0 1 22.0143 245 ::f,0,14 f,2,3 f,12,3 f,12,14 
114:1,1 0.001 0 1 1,2 0.001 0 -1 2,1 0.001 -1 0 31.0124 260 2,13 0.001 0 1 2,14 0.001 -1 0 1,14 0.001 -1 0 17.016 200 13,2 0.001 1 -1 14,2 0.001 0 1 13,1 0.001 1 1 46.0207 305 13,13 0.001 -1 -1 14,13 0.001 -1 1 13,14 0.001 0 1 22.0143 245 ::f,0,14 f,2,3 f,12,3 f,12,14 
115:1,1 0.001 0 1 1,2 0.001 1 -1 2,1 0.001 -1 1 31.0124 260 2,13 0.001 0 1 2,14 0.001 -1 1 1,14 0.001 -1 0 23.0161 215 13,2 0.001 0 -1 14,2 0.001 1 1 13,1 0.001 1 0 46.0207 305 13,13 0.001 -1 0 14,13 0.001 0 1 13,14 0.001 -1 1 22.0143 245 ::f,2,3 f,3,14 f,12,3 f,12,14 
116:1,1 0.001 -1 1 1,2 0.001 1 -1 2,1 0.001 -1 1 31.0124 260 2,13 0.001 0 1 2,14 0.001 -1 1 1,14 0.001 -1 1 23.0161 215 13,2 0.001 0 -1 14,2 0.001 1 1 13,1 0.001 1 0 46.0207 305 13,13 0.001 -1 0 14,13 0.001 0 1 13,14 0.001 -1 1 22.0143 245 ::f,2,3 f,3,14 f,12,3 f,12,14 
117:1,1 0.001 -1 1 1,2 0.001 1 0 2,1 0.001 0 1 31.0124 260 2,13 0.001 -1 1 2,14 0.001 0 1 1,14 0.001 -1 1 23.0161 215 13,2 0.001 -1 -1 14,2 0.001 1 0 13,1 0.001 1 -1 46.0207 305 13,13 0.001 -1 1 14,13 0.001 1 1 13,14 0.001 -1 0 22.0143 245 ::f,2,3 f,3,14 f,12,3 f,12,14 
118:1,1 0.001 -1 0 1,2 0.001 1 0 2,2 0.001 0 1 31.0134 260 2,13 0.001 -1 1 2,14 0.001 0 1 1,14 0.001 0 1 23.0161 215 13,2 0.001 -1 -1 14,2 0.001 1 0 13,1 0.001 1 -1 46.0207 305 13,13 0.001 -1 1 14,13 0.001 1 1 13,14 0.001 -1 0 27.0144 260 ::f,2,3 f,3,14 f,12,3 f,14,14 
119:1,1 0.001 -1 0 1,2 0.001 1 1 2,2 0.001 0 1 33.0135 275 2,13 0.001 -1 0 2,14 0.001 1 1 1,14 0.001 0 1 23.0161 215 13,2 0.001 -1 0 14,2 0.001 1 -1 13,1 0.001 0 -1 46.0207 305 13,13 0.001 0 1 14,13 0.001 1 0 13,14 0.001 -1 -1 27.0144 260 ::f,2,0 f,3,14 f,12,3 f,14,14 
120:1,1 0.001 -1 -1 1,2 0.001 1 1 2,2 0.001 1 1 33.0135 275 2,13 0.001 -1 0 2,14 0.001 1 1 1,14 0.001 1 1 23.0161 215 13,2 0.001 -1 0 14,2 0.001 1 -1 13,1 0.001 0 -1 46.0207 305 13,13 0.001 0 1 14,13 0.001 1 0 13,14 0.001 -1 -1 27.0144 260 ::f,2,0 f,3,14 f,12,3 f,14,14 
121:1,1 0.001 -1 -1 1,2 0.001 0 1 2,2 0.001 1 1 33.0135 275 2,13 0.001 -1 -1 2,14 0.001 1 0 1,14 0.001 1 1 23.0161 215 13,2 0.001 -1 1 14,2 0.001 0 -1 13,1 0.001 -1 -1 46.0207 305 13,13 0.001 0 1 14,13 0.001 1 -1 13,14 0.001 0 -1 27.0144 260 ::f,2,0 f,3,14 f,12,3 f,14,14 
122:1,1 0.001 0 -1 1,2 0.001 0 1 2,2 0.001 1 0 33.0135 275 2,13 0.001 -1 -1 2,14 0.001 1 0 1,14 0.001 1 0 25.0162 230 13,2 0.001 -1 1 14,1 0.001 0 -1 13,1 0.001 -1 -1 52.0218 320 13,13 0.001 1 1 14,13 0.001 1 -1 13,14 0.001 0 -1 27.0144 260 ::f,0,14 f,2,0 f,14,14 f,15,0 
123:1,1 0.001 0 -1 1,2 0.001 -1 1 2,2 0.001 1 0 33.0135 275 2,13 0.001 0 -1 2,14 0.001 1 -1 1,14 0.001 1 0 25.0162 230 13,2 0.001 0 1 14,1 0.001 0 -1 13,1 0.001 -1 0 52.0218 320 13,13 0.001 1 1 14,13 0.001 0 -1 13,14 0.001 0 -1 33.0145 275 ::f,0,14 f,2,0 f,15,0 f,15,13 
124:1,1 0.001 1 -1 1,2 0.001 -1 1 2,2 0.001 1 -1 33.0135 275 2,13 0.001 0 -1 2,14 0.001 1 -1 1,14 0.001 1 0 25.0162 230 13,2 0.001 0 1 14,1 0.001 -1 -1 13,1 0.001 -1 0 52.0218 320 13,13 0.001 1 0 14,13 0.001 0 -1 13,14 0.001 1 -1 33.0145 275 ::f,0,14 f,2,0 f,15,0 f,15,13 
125:1,1 0.001 1 -1 1,2 0.001 -1 0 2,2 0.001 1 -1 39.0136 290 2,13 0.001 1 -1 2,14 0.001 0 -1 1,14 0.001 1 -1 25.0162 230 13,2 0.001 1 1 14,1 0.001 -1 -1 13,1 0.001 -1 1 52.0218 320 13,13 0.001 1 0 14,13 0.001 -1 -1 13,14 0.001 1 -1 33.0145 275 ::f,0,1 f,0,14 f,15,0 f,15,13 
126:1,1 0.001 1 0 1,2 0.001 -1 0 2,2 0.001 0 -1 39.0136 290 2,13 0.001 1 -1 2,14 0.001 0 -1 1,14 0.001 1 -1 25.0162 230 13,2 0.001 1 1 14,1 0.001 -1 0 13,1 0.001 -1 1 52.0218 320 13,13 0.001 1 0 14,13 0.001 -1 -1 13,14 0.001 1 0 33.0145 275 ::f,0,1 f,0,14 f,15,0 f,15,13 
127:2,1 0.001 1 0 1,2 0.001 -1 -1 2,2 0.001 0 -1 39.0146 290 2,13 0.001 1 0 2,14 0.001 0 -1 1,14 0.001 0 -1 25.0162 230 13,2 0.001 1 0 14,1 0.001 -1 0 13,1 0.001 0 1 52.0218 320 13,13 0.001 1 -1 14,13 0.001 -1 0 13,14 0.001 1 0 33.0145 275 ::f,0,1 f,0,14 f,15,0 f,15,13 
128:2,1 0.001 1 0 1,2 0.001 -1 -1 2,2 0.001 0 -1 45.0147 305 2,13 0.001 1 0 2,14 0.001 -1 -1 1,14 0.001 0 -1 25.0162 230 14,2 0.001 1 0 14,1 0.001 -1 0 13,2 0.001 0 1 52.0238 320 13,13 0.001 1 -1 14,13 0.001 -1 0 13,14 0.001 1 1 33.0145 275 ::f,0,14 f,1,3 f,15,0 f,15,13 
129:2,1 0.001 1 1 1,2 0.001 0 -1 2,2 0.001 -1 -1 45.0147 305 2,13 0.001 1 1 2,14 0.001 -1 -1 1,14 0.001 -1 -1 25.0162 230 14,2 0.001 1 0 14,1 0.001 -1 1 13,2 0.001 0 1 52.0238 320 13,13 0.001 0 -1 14,13 0.001 -1 0 13,14 0.001 1 1 33.0145 275 ::f,0,14 f,1,3 f,15,0 f,15,13 
130:2,1 0.001 1 1 1,1 0.001 0 -1 2,2 0.001 -1 -1 45.0157 305 2,13 0.001 1 1 2,14 0.001 -1 0 1,14 0.001 -1 -1 25.0162 230 14,2 0.001 1 -1 14,1 0.001 -1 1 13,2 0.001 1 1 52.0238 320 13,13 0.001 0 -1 14,13 0.001 -1 1 13,14 0.001 0 1 33.0145 275 ::f,0,14 f,1,3 f,15,0 f,15,13 
131:2,1 0.001 0 1 1,1 0.001 0 -1 2,2 0.001 -1 0 45.0157 305 2,13 0.001 0 1 2,14 0.001 -1 0 1,14 0.001 -1 0 25.0162 230 14,2 0.001 1 -1 14,1 0.001 0 1 13,2 0.001 1 1 52.0238 320 13,13 0.001 -1 -1 14,13 0.001 -1 1 13,14 0.001 0 1 33.0145 275 ::f,0,14 f,1,3 f,15,0 f,15,13 
132:2,1 0.001 0 1 1,1 0.001 1 -1 2,2 0.001 -1 0 45.0157 305 2,13 0.001 0 1 2,14 0.001 -1 0 1,14 0.001 -1 0 32.0163 245 14,2 0.001 0 -1 14,1 0.001 0 1 13,2 0.001 1 0 52.0238 320 13,13 0.001 -1 -1 14,13 0.001 0 1 13,14 0.001 -1 1 33.0145 275 ::f,1,3 f,3,13 f,15,0 f,15,13 
133:2,1 0.001 0 1 1,1 0.001 1 -1 2,2 0.001 -1 1 45.0157 305 2,13 0.001 0 1 2,14 0.001 -1 1 1,14 0.001 -1 1 32.0163 245 14,2 0.001 0 -1 14,1 0.001 1 1 13,2 0.001 1 0 52.0238 320 13,13 0.001 -1 0 14,13 0.001 0 1 13,14 0.001 -1 1 33.0145 275 ::f,1,3 f,3,13 f,15,0 f,15,13 
134:2,1 0.001 -1 1 1,1 0.001 1 0 2,2 0.001 -1 1 48.0158 320 2,13 0.001 -1 1 2,14 0.001 0 1 1,14 0.001 -1 1 32.0163 245 14,2 0.001 0 -1 14,1 0.001 1 1 13,2 0.001 1 0 52.0238 320 13,13 0.001 -1 0 14,13 0.001 1 1 13,14 0.001 -1 0 33.0145 275 ::f,1,3 f,3,13 f,15,0 f,15,13 
135:2,1 0.001 -1 1 1,1 0.001 1 0 2,2 0.001 0 1 48.0158 320 2,13 0.001 -1 1 2,14 0.001 1 1 1,14 0.001 0 1 32.0163 245 14,2 0.001 -1 -1 14,1 0.001 1 0 13,2 0.001 1 -1 52.0238 320 13,13 0.001 -1 1 14,13 0.001 1 1 13,14 0.001 -1 0 33.0145 275 ::f,1,3 f,3,13 f,15,0 f,15,13 
136:2,1 0.001 -1 0 1,1 0.001 1 0 2,2 0.001 0 1 48.0158 320 2,13 0.001 -1 0 2,14 0.001 1 1 1,14 0.001 0 1 32.0163 245 14,2 0.001 -1 -1 14,1 0.001 1 0 13,2 0.001 1 -1 52.0238 320 13,13 0.001 -1 1 14,13 0.001 1 0 13,14 0.001 -1 -1 33.0145 275 ::f,1,3 f,3,13 f,15,0 f,15,13 
137:2,1 0.001 -1 0 1,1 0.001 1 1 2,2 0.001 1 1 48.0158 320 2,13 0.001 -1 0 2,14 0.001 1 0 1,14 0.001 1 1 32.0163 245 14,2 0.001 -1 0 14,1 0.001 1 -1 13,2 0.001 1 -1 52.0238 320 13,13 0.001 0 1 14,13 0.001 1 0 13,14 0.001 -1 -1 37.0146 290 ::f,1,3 f,3,13 f,15,0 f,15,14 
138:2,1 0.001 -1 -1 1,1 0.001 1 1 2,2 0.001 1 1 48.0158 320 2,13 0.001 -1 -1 2,14 0.001 1 0 1,14 0.001 1 1 32.0163 245 14,2 0.001 -1 0 14,1 0.001 1 -1 13,2 0.001 0 -1 55.0239 335 13,13 0.001 0 1 14,13 0.001 1 -1 13,14 0.001 0 -1 37.0146 290 ::f,1,3 f,3,13 f,12,1 f,15,14 
139:2,1 0.001 -1 -1 1,1 0.001 0 1 2,2 0.001 1 0 48.0158 320 2,13 0.001 -1 -1 2,14 0.001 1 -1 1,14 0.001 1 0 32.0163 245 14,2 0.001 -1 1 14,1 0.001 0 -1 13,2 0.001 -1 -1 55.0239 335 13,13 0.001 0 1 14,13 0.001 1 -1 13,14 0.001 0 -1 37.0146 290 ::f,1,3 f,3,13 f,12,1 f,15,14 
140:2,1 0.001 0 -1 1,2 0.001 0 1 2,2 0.001 1 0 48.0168 320 2,13 0.001 0 -1 2,14 0.001 1 -1 1,14 0.001 1 0 35.0164 260 14,2 0.001 -1 1 14,1 0.001 0 -1 13,2 0.001 -1 -1 63.024 350 13,13 0.001 1 1 14,13 0.001 0 -1 13,14 0.001 0 -1 37.0146 290 ::f,1,3 f,1,12 f,15,1 f,15,14 
141:2,1 0.001 0 -1 1,2 0.001 0 1 2,2 0.001 1 -1 55.0169 335 2,13 0.001 0 -1 2,14 0.001 0 -1 1,14 0.001 1 0 35.0164 260 14,2 0.001 0 1 14,1 0.001 -1 -1 13,2 0.001 -1 0 63.024 350 13,13 0.001 1 1 14,13 0.001 0 -1 13,14 0.001 1 -1 37.0146 290 ::f,1,12 f,2,3 f,15,1 f,15,14 
142:2,1 0.001 1 -1 1,2 0.001 -1 1 2,2 0.001 1 -1 55.0169 335 2,13 0.001 1 -1 2,14 0.001 0 -1 1,14 0.001 1 -1 35.0164 260 14,2 0.001 0 1 14,1 0.001 -1 -1 13,2 0.001 -1 0 63.024 350 13,13 0.001 1 0 14,13 0.001 -1 -1 13,14 0.001 1 -1 37.0146 290 ::f,1,12 f,2,3 f,15,1 f,15,14 
143:2,1 0.001 1 -1 1,2 0.001 -1 1 2,2 0.001 0 -1 55.0169 335 2,13 0.001 1 -1 2,14 0.001 0 -1 1,14 0.001 1 -1 35.0164 260 14,2 0.001 1 1 14,1 0.001 -1 0 13,2 0.001 -1 1 63.024 350 13,13 0.001 1 0 14,13 0.001 -1 -1 13,14 0.001 1 0 37.0146 290 ::f,1,12 f,2,3 f,15,1 f,15,14 
144:2,1 0.001 1 0 1,2 0.001 -1 0 2,2 0.001 0 -1 55.0169 335 2,13 0.001 1 0 2,14 0.001 -1 -1 1,14 0.001 0 -1 35.0164 260 14,2 0.001 1 1 13,1 0.001 -1 0 13,2 0.001 -1 1 63.025 350 13,13 0.001 1 -1 14,13 0.001 -1 0 14,14 0.001 1 0 37.0156 290 ::f,1,12 f,2,3 f,15,1 f,15,14 
145:2,1 0.001 1 0 1,2 0.001 -1 0 2,2 0.001 0 -1 55.0169 335 2,13 0.001 1 0 2,14 0.001 -1 -1 1,13 0.001 0 -1 35.0174 260 14,2 0.001 1 0 13,1 0.001 -1 0 13,2 0.001 0 1 63.025 350 13,13 0.001 1 -1 14,13 0.001 -1 0 14,14 0.001 1 0 41.0157 305 ::f,1,12 f,2,3 f,12,12 f,15,1 
146:2,1 0.001 1 1 1,2 0.001 -1 -1 2,2 0.001 -1 -1 55.0169 335 2,13 0.001 1 1 2,14 0.001 -1 0 1,13 0.001 0 -1 43.0175 275 14,2 0.001 1 0 13,1 0.001 -1 1 13,2 0.001 0 1 63.025 350 13,13 0.001 0 -1 14,13 0.001 -1 0 14,14 0.001 1 1 41.0157 305 ::f,2,3 f,3,15 f,12,12 f,15,1 
147:2,1 0.001 1 1 1,2 0.001 -1 -1 2,2 0.001 -1 -1 55.0169 335 2,13 0.001 1 1 2,14 0.001 -1 0 1,13 0.001 -1 -1 43.0175 275 14,2 0.001 1 -1 13,1 0.001 -1 1 13,2 0.001 1 1 63.025 350 13,13 0.001 0 -1 14,13 0.001 -1 1 14,14 0.001 1 1 41.0157 305 ::f,2,3 f,3,15 f,12,12 f,15,1 
148:2,1 0.001 0 1 1,2 0.001 0 -1 2,2 0.001 -1 0 55.0169 335 2,13 0.001 0 1 2,14 0.001 -1 1 1,13 0.001 -1 -1 43.0175 275 14,2 0.001 1 -1 13,1 0.001 0 1 13,2 0.001 1 1 70.0251 365 13,13 0.001 -1 -1 14,13 0.001 -1 1 14,14 0.001 0 1 41.0157 305 ::f,2,3 f,3,15 f,12,12 f,14,0 
149:2,1 0.001 0 1 1,1 0.001 0 -1 2,2 0.001 -1 0 55.0179 335 2,13 0.001 0 1 2,14 0.001 -1 1 1,13 0.001 -1 0 43.0175 275 14,2 0.001 0 -1 13,1 0.001 0 1 13,2 0.001 1 0 70.0251 365 13,13 0.001 -1 -1 14,13 0.001 0 1 14,14 0.001 0 1 48.0158 320 ::f,2,3 f,3,15 f,14,0 f,15,15 
150:2,1 0.001 0 1 1,1 0.001 0 -1 2,2 0.001 -1 1 55.0179 335 2,13 0.001 0 1 2,14 0.001 0 1 1,13 0.001 -1 0 43.0175 275 14,1 0.001 0 -1 13,1 0.001 0 1 14,2 0.001 1 0 70.0271 365 13,13 0.001 -1 0 14,13 0.001 0 1 14,14 0.001 -1 1 48.0158 320 ::f,2,3 f,3,15 f,14,0 f,15,15 
151:2,1 0.001 -1 1 1,1 0.001 1 -1 2,2 0.001 -1 1 55.0179 335 2,13 0.001 -1 1 2,14 0.001 0 1 1,13 0.001 -1 1 43.0175 275 14,1 0.001 0 -1 13,1 0.001 1 1 14,2 0.001 1 0 78.0272 380 13,13 0.001 -1 0 14,13 0.001 1 1 14,14 0.001 -1 1 48.0158 320 ::f,2,3 f,3,15 f,13,0 f,15,15 
152:2,1 0.001 -1 1 1,1 0.001 1 -1 2,2 0.001 0 1 55.0179 335 2,13 0.001 -1 1 2,14 0.001 1 1 1,13 0.001 -1 1 43.0175 275 14,1 0.001 -1 -1 13,1 0.001 1 1 14,2 0.001 1 -1 78.0272 380 13,13 0.001 -1 1 14,13 0.001 1 1 14,14 0.001 -1 0 48.0158 320 ::f,2,3 f,3,15 f,13,0 f,15,15 
153:2,1 0.001 -1 0 1,1 0.001 1 0 2,2 0.001 0 1 59.018 350 2,13 0.001 -1 0 2,14 0.001 1 1 1,13 0.001 0 1 47.0176 290 14,1 0.001 -1 -1 13,1 0.001 1 0 14,2 0.001 1 -1 87.0273 395 13,13 0.001 -1 1 14,13 0.001 1 0 13,14 0.001 -1 0 48.0168 320 ::f,0,12 f,2,0 f,15,2 f,15,15 
154:2,1 0.001 -1 0 1,1 0.001 1 0 2,2 0.001 1 1 59.018 350 2,13 0.001 -1 0 2,14 0.001 1 0 1,14 0.001 0 1 47.0186 290 14,1 0.001 -1 0 13,1 0.001 1 0 14,2 0.001 0 -1 87.0273 395 13,13 0.001 0 1 14,13 0.001 1 0 13,14 0.001 -1 0 48.0168 320 ::f,0,12 f,2,0 f,15,2 f,15,15 
155:2,1 0.001 -1 -1 1,1 0.001 1 0 2,2 0.001 1 1 59.018 350 2,13 0.001 -1 -1 2,14 0.001 1 0 1,14 0.001 0 1 47.0186 290 14,1 0.001 -1 0 13,1 0.001 1 -1 14,2 0.001 0 -1 87.0273 395 13,13 0.001 0 1 14,13 0.001 1 -1 13,14 0.001 -1 -1 48.0168 320 ::f,0,12 f,2,0 f,15,2 f,15,15 
156:2,1 0.001 -1 -1 1,1 0.001 1 1 2,2 0.001 1 0 59.018 350 2,13 0.001 -1 -1 2,14 0.001 1 -1 1,14 0.001 1 1 47.0186 290 14,1 0.001 -1 0 13,1 0.001 1 -1 14,2 0.001 0 -1 87.0273 395 13,13 0.001 0 1 14,13 0.001 1 -1 13,14 0.001 -1 -1 48.0168 320 ::f,0,12 f,2,0 f,15,2 f,15,15 
157:2,1 0.001 0 -1 1,1 0.001 1 1 2,2 0.001 1 0 59.018 350 2,13 0.001 0 -1 2,14 0.001 1 -1 1,14 0.001 1 1 47.0186 290 14,1 0.001 -1 1 13,1 0.001 0 -1 14,2 0.001 -1 -1 87.0273 395 13,13 0.001 1 1 14,13 0.001 0 -1 13,14 0.001 0 -1 48.0168 320 ::f,0,12 f,2,0 f,15,2 f,15,15 
158:2,1 0.001 0 -1 1,1 0.001 0 1 2,2 0.001 1 -1 66.0181 365 2,13 0.001 0 -1 2,14 0.001 0 -1 1,14 0.001 1 0 47.0186 290 14,1 0.001 -1 1 13,1 0.001 0 -1 14,2 0.001 -1 -1 87.0273 395 14,14 0.001 1 1 14,13 0.001 0 -1 13,13 0.001 0 -1 48.0188 320 ::f,0,12 f,1,0 f,15,2 f,15,15 
159:2,1 0.001 1 -1 1,1 0.001 0 1 2,2 0.001 1 -1 66.0181 365 2,13 0.001 1 -1 2,14 0.001 0 -1 1,14 0.001 1 0 47.0186 290 14,1 0.001 0 1 13,1 0.001 -1 -1 14,2 0.001 -1 0 87.0273 395 14,14 0.001 1 1 14,13 0.001 -1 -1 13,13 0.001 0 -1 56.0189 335 ::f,0,12 f,1,0 f,12,13 f,15,2 
160:2,1 0.001 1 -1 1,1 0.001 -1 1 2,2 0.001 0 -1 66.0181 365 2,13 0.001 1 -1 2,14 0.001 0 -1 1,14 0.001 1 0 47.0186 290 14,1 0.001 0 1 13,1 0.001 -1 -1 14,2 0.001 -1 0 87.0273 395 14,14 0.001 1 0 14,13 0.001 -1 -1 13,13 0.001 1 -1 56.0189 335 ::f,0,12 f,1,0 f,12,13 f,15,2 
161:2,1 0.001 1 0 1,1 0.001 -1 1 2,2 0.001 0 -1 66.0181 365 2,13 0.001 1 0 2,14 0.001 -1 -1 1,14 0.001 1 -1 47.0186 290 14,1 0.001 1 1 13,1 0.001 -1 0 14,2 0.001 -1 1 87.0273 395 14,14 0.001 1 0 14,13 0.001 -1 0 13,13 0.001 1 -1 56.0189 335 ::f,0,12 f,1,0 f,12,13 f,15,2 
162:2,1 0.001 1 0 1,1 0.001 -1 0 2,2 0.001 0 -1 66.0181 365 2,13 0.001 1 0 1,13 0.001 -1 -1 1,14 0.001 1 -1 47.0196 290 14,1 0.001 1 1 13,1 0.001 -1 0 14,2 0.001 -1 1 97.0274 410 14,14 0.001 1 -1 14,13 0.001 -1 0 13,13 0.001 1 0 56.0189 335 ::f,0,12 f,1,0 f,12,13 f,15,1 
163:2,1 0.001 1 1 1,1 0.001 -1 0 2,2 0.001 -1 -1 66.0181 365 2,13 0.001 1 1 1,13 0.001 -1 -1 1,14 0.001 0 -1 52.0197 305 14,1 0.001 1 0 13,1 0.001 -1 1 14,2 0.001 0 1 97.0274 410 14,14 0.001 1 -1 14,13 0.001 -1 0 13,13 0.001 1 0 56.0189 335 ::f,1,0 f,1,15 f,12,13 f,15,1 
164:2,1 0.001 1 1 1,1 0.001 -1 -1 2,2 0.001 -1 -1 66.0181 365 2,13 0.001 1 1 1,13 0.001 -1 0 1,14 0.001 0 -1 52.0197 305 14,1 0.001 1 0 13,1 0.001 -1 1 14,2 0.001 0 1 111.028 440 14,14 0.001 0 -1 14,13 0.001 -1 1 13,13 0.001 1 0 56.0189 335 ::f,1,0 f,1,15 f,12,13 f,13,0 
165:2,1 0.001 0 1 1,1 0.001 -1 -1 2,2 0.001 -1 0 66.0181 365 2,13 0.001 0 1 1,13 0.001 -1 0 1,14 0.001 -1 -1 52.0197 305 14,1 0.001 1 -1 13,1 0.001 0 1 14,2 0.001 1 1 111.028 440 14,14 0.001 0 -1 14,13 0.001 -1 1 13,13 0.001 1 1 56.0189 335 ::f,1,0 f,1,15 f,12,13 f,13,0 
166:2,1 0.001 0 1 1,1 0.001 0 -1 2,2 0.001 -1 0 66.0181 365 2,14 0.001 0 1 1,13 0.001 -1 1 1,14 0.001 -1 -1 52.0207 305 14,1 0.001 1 -1 13,2 0.001 0 1 14,2 0.001 1 1 111.029 440 14,14 0.001 0 -1 14,13 0.001 0 1 13,13 0.001 1 1 56.0189 335 ::f,1,0 f,1,15 f,12,13 f,13,0 
167:2,1 0.001 0 1 1,1 0.001 0 -1 2,2 0.001 -1 1 74.0182 380 2,14 0.001 0 1 1,13 0.001 -1 1 1,14 0.001 -1 0 52.0207 305 14,1 0.001 0 -1 13,2 0.001 0 1 14,2 0.001 1 0 111.029 440 14,14 0.001 -1 -1 14,13 0.001 0 1 13,13 0.001 0 1 56.0189 335 ::f,1,15 f,3,3 f,12,13 f,13,0 
168:2,1 0.001 -1 1 1,1 0.001 1 -1 2,2 0.001 -1 1 74.0182 380 2,14 0.001 -1 1 1,13 0.001 0 1 1,14 0.001 -1 0 52.0207 305 14,1 0.001 0 -1 13,2 0.001 1 1 14,2 0.001 1 0 111.029 440 14,14 0.001 -1 -1 14,13 0.001 1 1 13,13 0.001 0 1 56.0189 335 ::f,1,15 f,3,3 f,12,13 f,13,0 
169:2,1 0.001 -1 1 1,1 0.001 1 -1 2,2 0.001 0 1 74.0182 380 2,14 0.001 -1 1 1,13 0.001 0 1 1,14 0.001 -1 1 54.0208 320 14,1 0.001 -1 -1 13,2 0.001 1 1 14,2 0.001 1 -1 111.029 440 14,14 0.001 -1 0 14,13 0.001 1 1 13,13 0.001 -1 1 56.0189 335 ::f,1,15 f,3,3 f,12,13 f,13,0 
170:2,1 0.001 -1 0 1,1 0.001 1 0 2,2 0.001 0 1 74.0182 380 2,14 0.001 -1 0 1,13 0.001 0 1 1,14 0.001 -1 1 54.0208 320 14,1 0.001 -1 -1 13,2 0.001 1 0 14,2 0.001 1 -1 121.029 455 14,14 0.001 -1 0 14,13 0.001 1 0 13,13 0.001 -1 1 56.0189 335 ::f,1,15 f,3,3 f,12,0 f,12,13 
171:2,1 0.001 -1 0 1,1 0.001 1 0 2,2 0.001 1 1 74.0182 380 2,14 0.001 -1 0 1,13 0.001 1 1 1,14 0.001 0 1 54.0208 320 14,1 0.001 -1 0 13,2 0.001 1 0 14,2 0.001 0 -1 121.029 455 14,14 0.001 -1 1 14,13 0.001 1 0 13,13 0.001 -1 0 56.0189 335 ::f,1,15 f,3,3 f,12,0 f,12,13 
172:2,1 0.001 -1 -1 1,1 0.001 1 0 2,2 0.001 1 1 79.0183 395 2,14 0.001 -1 0 1,13 0.001 1 1 1,14 0.001 0 1 63.0209 335 13,1 0.001 -1 0 13,2 0.001 1 0 14,1 0.001 0 -1 121.031 455 14,14 0.001 -1 1 14,13 0.001 1 -1 13,13 0.001 -1 0 61.019 350 ::f,1,2 f,2,12 f,12,0 f,15,14 
173:2,1 0.001 -1 -1 1,1 0.001 1 1 2,2 0.001 1 0 79.0183 395 2,14 0.001 -1 -1 1,13 0.001 1 0 1,14 0.001 1 1 63.0209 335 13,1 0.001 -1 0 13,2 0.001 1 -1 14,1 0.001 0 -1 121.031 455 14,14 0.001 0 1 14,13 0.001 1 -1 13,13 0.001 -1 -1 61.019 350 ::f,1,2 f,2,12 f,12,0 f,15,14 
174:2,1 0.001 0 -1 1,1 0.001 1 1 2,2 0.001 1 0 79.0183 395 2,14 0.001 -1 -1 1,13 0.001 1 0 1,14 0.001 1 1 63.0209 335 13,1 0.001 -1 1 13,2 0.001 1 -1 14,1 0.001 -1 -1 121.031 455 14,14 0.001 0 1 14,13 0.001 0 -1 13,13 0.001 -1 -1 61.019 350 ::f,1,2 f,2,12 f,12,0 f,15,14 
175:2,1 0.001 0 -1 1,1 0.001 0 1 2,2 0.001 1 -1 79.0183 395 2,14 0.001 0 -1 1,13 0.001 1 -1 1,14 0.001 1 0 63.0209 335 13,1 0.001 -1 1 13,2 0.001 0 -1 14,1 0.001 -1 -1 121.031 455 14,14 0.001 1 1 14,13 0.001 0 -1 13,13 0.001 0 -1 61.019 350 ::f,1,2 f,2,12 f,12,0 f,15,14 
176:2,1 0.001 1 -1 1,1 0.001 0 1 2,2 0.001 1 -1 88.0184 410 2,13 0.001 0 -1 1,13 0.001 1 -1 2,14 0.001 1 0 69.023 350 13,1 0.001 0 1 13,2 0.001 0 -1 14,1 0.001 -1 0 121.031 455 14,14 0.001 1 1 14,13 0.001 -1 -1 13,13 0.001 0 -1 61.019 350 ::f,2,0 f,3,13 f,12,0 f,15,14 
177:2,1 0.001 1 -1 1,1 0.001 -1 1 2,2 0.001 0 -1 88.0184 410 2,13 0.001 0 -1 1,13 0.001 0 -1 2,14 0.001 1 0 69.023 350 13,1 0.001 0 1 13,2 0.001 -1 -1 14,1 0.001 -1 0 121.031 455 14,14 0.001 1 0 14,13 0.001 -1 -1 13,13 0.001 1 -1 61.019 350 ::f,2,0 f,3,13 f,12,0 f,15,14 
178:2,1 0.001 1 0 1,1 0.001 -1 1 2,2 0.001 0 -1 88.0184 410 2,13 0.001 1 -1 1,13 0.001 0 -1 2,14 0.001 1 -1 69.023 350 13,1 0.001 0 1 13,2 0.001 -1 -1 14,1 0.001 -1 0 121.031 455 14,14 0.001 1 0 14,13 0.001 -1 0 13,13 0.001 1 -1 70.0191 365 ::f,2,0 f,3,13 f,12,0 f,12,12 
179:2,1 0.001 1 0 1,1 0.001 -1 0 2,2 0.001 0 -1 88.0184 410 2,13 0.001 1 -1 1,13 0.001 -1 -1 2,14 0.001 1 -1 79.0231 365 13,1 0.001 1 1 13,2 0.001 -1 0 14,1 0.001 -1 1 121.031 455 14,14 0.001 1 -1 14,13 0.001 -1 0 13,13 0.001 1 0 70.0191 365 ::f,2,0 f,3,15 f,12,0 f,12,12 
180:2,1 0.001 1 1 1,1 0.001 -1 0 2,2 0.001 -1 -1 88.0184 410 2,13 0.001 1 0 1,13 0.001 -1 -1 2,14 0.001 0 -1 79.0231 365 13,1 0.001 1 1 13,2 0.001 -1 0 14,1 0.001 -1 1 121.031 455 14,14 0.001 1 -1 14,13 0.001 -1 0 13,13 0.001 1 0 70.0191 365 ::f,2,0 f,3,15 f,12,0 f,12,12 
181:2,1 0.001 1 1 1,1 0.001 -1 -1 2,2 0.001 -1 -1 88.0184 410 2,13 0.001 1 0 1,13 0.001 -1 0 2,14 0.001 0 -1 79.0231 365 13,1 0.001 1 0 13,2 0.001 -1 1 14,1 0.001 0 1 121.031 455 14,14 0.001 0 -1 14,13 0.001 -1 1 13,13 0.001 1 0 70.0191 365 ::f,2,0 f,3,15 f,12,0 f,12,12 
182:2,1 0.001 0 1 1,1 0.001 -1 -1 2,2 0.001 -1 0 88.0184 410 2,13 0.001 1 1 1,13 0.001 -1 0 2,14 0.001 0 -1 79.0231 365 13,1 0.001 1 0 13,2 0.001 -1 1 14,1 0.001 0 1 121.031 455 14,14 0.001 0 -1 14,13 0.001 -1 1 13,13 0.001 1 1 70.0191 365 ::f,2,0 f,3,15 f,12,0 f,12,12 
183:2,1 0.001 0 1 1,1 0.001 0 -1 2,2 0.001 -1 0 88.0184 410 2,13 0.001 1 1 1,13 0.001 -1 1 2,14 0.001 -1 -1 79.0231 365 13,1 0.001 1 -1 13,2 0.001 0 1 14,1 0.001 1 1 121.031 455 14,14 0.001 0 -1 14,13 0.001 0 1 13,13 0.001 1 1 70.0191 365 ::f,2,0 f,3,15 f,12,0 f,12,12 
184:2,1 0.001 0 1 1,1 0.001 0 -1 2,2 0.001 -1 1 88.0184 410 2,13 0.001 0 1 1,13 0.001 -1 1 2,14 0.001 -1 -1 79.0231 365 13,1 0.001 1 -1 13,2 0.001 0 1 14,1 0.001 1 1 121.031 455 14,14 0.001 -1 -1 14,13 0.001 0 1 13,13 0.001 0 1 70.0191 365 ::f,2,0 f,3,15 f,12,0 f,12,12 
185:2,1 0.001 -1 1 1,1 0.001 1 -1 2,2 0.001 -1 1 88.0184 410 2,13 0.001 0 1 1,13 0.001 0 1 2,14 0.001 -1 0 79.0231 365 13,1 0.001 0 -1 13,2 0.001 1 1 14,1 0.001 1 0 121.031 455 14,14 0.001 -1 -1 14,13 0.001 1 1 13,13 0.001 0 1 70.0191 365 ::f,2,0 f,3,15 f,12,0 f,12,12 
186:2,1 0.001 -1 1 1,1 0.001 1 -1 2,2 0.001 0 1 98.0185 425 2,13 0.001 0 1 1,14 0.001 0 1 2,14 0.001 -1 0 79.0241 365 13,1 0.001 0 -1 13,2 0.001 1 1 14,1 0.001 1 0 121.031 455 14,14 0.001 -1 -1 14,13 0.001 1 1 13,13 0.001 -1 1 70.0191 365 ::f,3,3 f,3,15 f,12,0 f,12,12 
187:2,1 0.001 -1 0 1,1 0.001 1 0 2,2 0.001 0 1 98.0185 425 2,13 0.001 -1 1 1,14 0.001 0 1 2,14 0.001 -1 1 79.0241 365 13,1 0.001 -1 -1 13,2 0.001 1 0 14,1 0.001 1 -1 121.031 455 14,14 0.001 -1 0 14,13 0.001 1 0 13,13 0.001 -1 1 70.0191 365 ::f,3,3 f,3,15 f,12,0 f,12,12 
188:2,1 0.001 -1 0 1,1 0.001 1 0 2,2 0.001 1 1 98.0185 425 2,13 0.001 -1 1 1,14 0.001 1 1 2,14 0.001 -1 1 79.0241 365 13,1 0.001 -1 -1 14,2 0.001 1 0 14,1 0.001 1 -1 131.032 470 14,14 0.001 -1 0 14,13 0.001 1 0 13,13 0.001 -1 0 70.0191 365 ::f,3,3 f,3,15 f,12,12 f,15,3 
189:2,1 0.001 -1 -1 1,1 0.001 1 0 2,2 0.001 1 1 104.019 440 2,13 0.001 -1 0 1,14 0.001 1 1 2,14 0.001 0 1 79.0241 365 13,1 0.001 -1 0 14,2 0.001 1 0 14,1 0.001 0 -1 131.032 470 14,14 0.001 -1 1 14,13 0.001 1 -1 13,13 0.001 -1 0 70.0191 365 ::f,0,0 f,3,15 f,12,12 f,15,3 
190:2,1 0.001 -1 -1 1,1 0.001 1 1 2,2 0.001 1 0 104.019 440 2,13 0.001 -1 0 1,14 0.001 1 0 2,14 0.001 0 1 79.0241 365 13,1 0.001 -1 0 14,2 0.001 1 -1 14,1 0.001 0 -1 131.032 470 14,14 0.001 -1 1 14,13 0.001 1 -1 13,13 0.001 -1 -1 70.0191 365 ::f,0,0 f,3,15 f,12,12 f,15,3 
191:2,1 0.001 0 -1 1,1 0.001 1 1 2,2 0.001 1 0 104.019 440 2,13 0.001 -1 -1 1,14 0.001 1 0 2,14 0.001 1 1 79.0241 365 13,1 0.001 -1 1 14,2 0.001 1 -1 14,1 0.001 -1 -1 131.032 470 14,14 0.001 0 1 14,13 0.001 0 -1 13,13 0.001 -1 -1 76.0192 380 ::f,0,0 f,3,15 f,14,12 f,15,3 
192:2,1 0.001 0 -1 1,1 0.001 0 1 2,2 0.001 1 -1 104.019 440 2,13 0.001 -1 -1 1,14 0.001 1 0 2,14 0.001 1 1 89.0242 380 13,1 0.001 -1 1 14,2 0.001 0 -1 14,1 0.001 -1 -1 131.032 470 14,14 0.001 0 1 14,13 0.001 0 -1 13,13 0.001 0 -1 81.0193 395 ::f,0,0 f,3,15 f,12,12 f,15,3 
193:2,1 0.001 1 -1 1,1 0.001 0 1 2,2 0.001 1 -1 104.019 440 2,13 0.001 0 -1 1,14 0.001 1 -1 2,14 0.001 1 0 89.0242 380 13,1 0.001 0 1 14,2 0.001 0 -1 14,1 0.001 -1 0 131.032 470 14,14 0.001 1 1 14,13 0.001 -1 -1 13,13 0.001 0 -1 81.0193 395 ::f,0,0 f,3,15 f,12,12 f,15,3 
194:2,1 0.001 1 -1 1,1 0.001 -1 1 2,2 0.001 0 -1 104.019 440 2,13 0.001 0 -1 1,14 0.001 1 -1 2,14 0.001 1 0 89.0242 380 13,2 0.001 0 1 14,2 0.001 0 -1 13,1 0.001 -1 0 131.034 470 14,14 0.001 1 1 14,13 0.001 -1 -1 13,13 0.001 1 -1 81.0193 395 ::f,0,0 f,3,15 f,12,12 f,15,3 
195:2,1 0.001 1 0 1,1 0.001 -1 1 2,2 0.001 0 -1 104.019 440 2,13 0.001 1 -1 1,14 0.001 0 -1 2,14 0.001 1 -1 89.0242 380 13,2 0.001 0 1 14,2 0.001 -1 -1 13,1 0.001 -1 0 131.034 470 14,14 0.001 1 0 14,13 0.001 -1 0 13,13 0.001 1 -1 81.0193 395 ::f,0,0 f,3,15 f,12,12 f,15,3 
196:2,1 0.001 1 0 1,1 0.001 -1 0 2,2 0.001 0 -1 104.019 440 2,13 0.001 1 -1 1,14 0.001 0 -1 2,14 0.001 1 -1 89.0242 380 13,2 0.001 1 1 14,2 0.001 -1 -1 13,1 0.001 -1 1 131.034 470 14,14 0.001 1 0 14,13 0.001 -1 0 13,13 0.001 1 0 81.0193 395 ::f,0,0 f,3,15 f,12,12 f,15,3 
197:2,1 0.001 1 1 1,1 0.001 -1 0 2,2 0.001 -1 -1 104.019 440 2,13 0.001 1 0 1,14 0.001 -1 -1 2,14 0.001 0 -1 89.0242 380 13,2 0.001 1 1 14,2 0.001 -1 0 13,1 0.001 -1 1 131.034 470 14,14 0.001 1 -1 14,13 0.001 -1 0 13,13 0.001 1 0 81.0193 395 ::f,0,0 f,3,15 f,12,12 f,15,3 
198:2,1 0.001 1 1 1,1 0.001 -1 -1 2,2 0.001 -1 -1 104.019 440 2,13 0.001 1 0 1,14 0.001 -1 -1 2,14 0.001 0 -1 89.0242 380 13,2 0.001 1 0 14,2 0.001 -1 0 13,1 0.001 0 1 131.034 470 14,14 0.001 1 -1 14,13 0.001 -1 1 13,13 0.001 1 0 81.0193 395 ::f,0,0 f,3,15 f,12,12 f,15,3 
199:2,1 0.001 0 1 1,1 0.001 -1 -1 2,2 0.001 -1 -1 114.019 455 2,13 0.001 1 1 1,14 0.001 -1 0 2,14 0.001 0 -1 89.0242 380 13,2 0.001 1 0 14,2 0.001 -1 1 13,1 0.001 0 1 131.034 470 14,14 0.001 0 -1 14,13 0.001 -1 1 13,13 0.001 1 1 81.0193 395 ::f,3,0 f,3,15 f,12,12 f,15,3 
200:2,1 0.001 0 1 1,1 0.001 0 -1 2,2 0.001 -1 0 114.019 455 2,13 0.001 1 1 1,14 0.001 -1 0 2,14 0.001 -1 -1 89.0242 380 13,2 0.001 1 0 14,2 0.001 -1 1 13,1 0.001 0 1 131.034 470 14,14 0.001 0 -1 14,13 0.001 0 1 13,13 0.001 1 1 81.0193 395 ::f,3,0 f,3,15 f,12,12 f,15,3 
201:2,1 0.001 0 1 1,1 0.001 0 -1 2,2 0.001 -1 0 114.019 455 2,13 0.001 0 1 1,14 0.001 -1 1 2,14 0.001 -1 -1 89.0242 380 13,2 0.001 1 -1 14,2 0.001 0 1 13,1 0.001 1 1 131.034 470 14,14 0.001 0 -1 14,13 0.001 0 1 13,13 0.001 0 1 81.0193 395 ::f,3,0 f,3,15 f,12,12 f,15,3 
202:2,1 0.001 -1 1 1,1 0.001 1 -1 2,2 0.001 -1 1 114.019 455 2,13 0.001 0 1 1,14 0.001 -1 1 2,14 0.001 -1 0 89.0242 380 13,2 0.001 1 -1 14,2 0.001 0 1 13,1 0.001 1 1 131.034 470 14,14 0.001 -1 -1 14,13 0.001 1 1 13,13 0.001 0 1 81.0193 395 ::f,3,0 f,3,15 f,12,12 f,15,3 
203:2,1 0.001 -1 1 1,1 0.001 1 -1 2,2 0.001 -1 1 114.019 455 2,13 0.001 0 1 1,14 0.001 0 1 2,14 0.001 -1 0 89.0242 380 13,2 0.001 0 -1 14,2 0.001 1 1 13,1 0.001 1 1 131.034 470 14,14 0.001 -1 -1 14,13 0.001 1 1 13,13 0.001 -1 1 81.0193 395 ::f,3,0 f,3,15 f,12,12 f,15,3 
204:2,1 0.001 -1 0 1,1 0.001 1 0 2,2 0.001 0 1 114.019 455 2,13 0.001 -1 1 1,14 0.001 0 1 2,14 0.001 -1 1 89.0242 380 13,2 0.001 0 -1 14,2 0.001 1 1 13,1 0.001 1 0 136.034 485 14,14 0.001 -1 -1 14,13 0.001 1 0 13,13 0.001 -1 1 81.0193 395 ::f,3,0 f,3,15 f,12,12 f,15,3 
205:2,1 0.001 -1 0 1,1 0.001 1 0 2,2 0.001 0 1 114.019 455 2,13 0.001 -1 1 1,14 0.001 1 1 2,14 0.001 -1 1 89.0242 380 13,2 0.001 -1 -1 14,2 0.001 1 0 13,1 0.001 1 0 136.034 485 14,14 0.001 -1 0 14,13 0.001 1 0 13,13 0.001 -1 0 81.0193 395 ::f,3,0 f,3,15 f,12,12 f,15,3 
206:2,1 0.001 -1 -1 1,1 0.001 1 0 2,2 0.001 1 1 114.019 455 2,13 0.001 -1 0 1,14 0.001 1 1 2,14 0.001 0 1 89.0242 380 13,2 0.001 -1 -1 14,2 0.001 1 0 13,1 0.001 1 -1 136.034 485 14,14 0.001 -1 0 14,13 0.001 1 -1 13,13 0.001 -1 0 81.0193 395 ::f,3,0 f,3,15 f,12,12 f,15,3 
207:2,1 0.001 -1 -1 1,1 0.001 1 1 2,2 0.001 1 1 114.019 455 2,13 0.001 -1 0 1,14 0.001 1 0 2,14 0.001 0 1 89.0242 380 13,2 0.001 -1 0 14,2 0.001 1 -1 13,1 0.001 1 -1 136.034 485 14,14 0.001 -1 1 14,13 0.001 1 -1 13,13 0.001 -1 -1 81.0193 395 ::f,3,0 f,3,15 f,12,12 f,15,3 
208:2,1 0.001 0 -1 1,1 0.001 1 1 2,2 0.001 1 0 114.019 455 2,13 0.001 -1 -1 1,14 0.001 1 0 2,14 0.001 1 1 89.0242 380 13,2 0.001 -1 0 14,2 0.001 1 -1 13,1 0.001 0 -1 136.034 485 14,14 0.001 -1 1 14,13 0.001 0 -1 13,13 0.001 -1 -1 88.0194 410 ::f,3,0 f,3,15 f,13,15 f,15,3 
209:2,1 0.001 0 -1 1,1 0.001 0 1 2,2 0.001 1 0 114.019 455 2,13 0.001 -1 -1 1,14 0.001 1 0 2,14 0.001 1 1 99.0243 395 13,2 0.001 -1 1 14,2 0.001 0 -1 13,1 0.001 0 -1 136.034 485 14,14 0.001 0 1 14,13 0.001 0 -1 13,13 0.001 0 -1 88.0194 410 ::f,3,0 f,3,12 f,13,15 f,15,3 
210:2,1 0.001 1 -1 1,1 0.001 0 1 2,2 0.001 1 -1 114.019 455 2,13 0.001 0 -1 1,14 0.001 1 -1 2,14 0.001 1 0 99.0243 395 13,2 0.001 -1 1 14,1 0.001 0 -1 13,1 0.001 -1 -1 136.035 485 14,14 0.001 0 1 14,13 0.001 -1 -1 13,13 0.001 0 -1 88.0194 410 ::f,3,0 f,3,12 f,13,15 f,15,3 
211:2,1 0.001 1 -1 1,1 0.001 -1 1 2,2 0.001 1 -1 122.019 470 2,13 0.001 0 -1 1,14 0.001 1 -1 2,14 0.001 1 0 99.0243 395 13,2 0.001 0 1 14,1 0.001 0 -1 13,1 0.001 -1 -1 136.035 485 14,14 0.001 1 1 14,13 0.001 -1 -1 13,13 0.001 1 -1 88.0194 410 ::f,0,0 f,3,12 f,13,15 f,15,3 
212:2,1 0.001 1 0 1,1 0.001 -1 1 2,2 0.001 0 -1 122.019 470 2,13 0.001 1 -1 1,14 0.001 1 -1 2,14 0.001 1 -1 99.0243 395 13,2 0.001 0 1 14,1 0.001 -1 -1 13,1 0.001 -1 0 136.035 485 14,14 0.001 1 1 14,13 0.001 -1 0 13,13 0.001 1 -1 88.0194 410 ::f,0,0 f,3,12 f,13,15 f,15,3 
213:2,1 0.001 1 0 1,1 0.001 -1 0 2,2 0.001 0 -1 122.019 470 2,13 0.001 1 -1 1,14 0.001 0 -1 2,14 0.001 1 -1 102.024 410 13,2 0.001 1 1 14,1 0.001 -1 -1 13,1 0.001 -1 0 136.035 485 14,14 0.001 1 0 14,13 0.001 -1 0 13,13 0.001 1 0 88.0194 410 ::f,0,0 f,1,15 f,13,15 f,15,3 
214:2,1 0.001 1 1 1,1 0.001 -1 0 2,2 0.001 0 -1 122.019 470 2,13 0.001 1 0 1,14 0.001 -1 -1 2,14 0.001 0 -1 102.024 410 13,2 0.001 1 1 14,1 0.001 -1 0 13,1 0.001 -1 1 136.035 485 14,14 0.001 1 0 14,13 0.001 -1 0 13,13 0.001 1 0 88.0194 410 ::f,0,0 f,1,15 f,13,15 f,15,3 
215:2,1 0.001 1 1 1,1 0.001 -1 -1 2,2 0.001 -1 -1 122.019 470 2,13 0.001 1 0 1,14 0.001 -1 -1 2,14 0.001 0 -1 102.024 410 13,2 0.001 1 0 14,1 0.001 -1 0 13,1 0.001 -1 1 136.035 485 14,14 0.001 1 -1 14,13 0.001 -1 1 13,13 0.001 1 0 88.0194 410 ::f,0,0 f,1,15 f,13,15 f,15,3 
216:2,1 0.001 0 1 1,1 0.001 -1 -1 2,2 0.001 -1 -1 132.019 485 2,13 0.001 1 1 1,14 0.001 -1 0 2,14 0.001 0 -1 102.024 410 14,2 0.001 1 0 14,1 0.001 -1 0 13,1 0.001 0 1 136.036 485 14,14 0.001 1 -1 14,13 0.001 -1 1 13,13 0.001 1 1 88.0194 410 ::f,0,0 f,1,15 f,13,15 f,15,3 
217:2,1 0.001 0 1 1,1 0.001 0 -1 2,2 0.001 -1 -1 132.019 485 2,13 0.001 1 1 1,14 0.001 -1 0 2,14 0.001 -1 -1 102.024 410 14,2 0.001 1 0 14,1 0.001 -1 1 13,2 0.001 0 1 136.037 485 14,14 0.001 0 -1 14,13 0.001 0 1 13,13 0.001 1 1 88.0194 410 ::f,0,0 f,1,15 f,13,15 f,15,3 
218:2,1 0.001 0 1 1,1 0.001 0 -1 2,2 0.001 -1 0 132.019 485 2,13 0.001 0 1 1,14 0.001 -1 1 2,14 0.001 -1 -1 102.024 410 14,2 0.001 1 -1 14,1 0.001 -1 1 13,2 0.001 0 1 136.037 485 14,14 0.001 0 -1 14,13 0.001 0 1 13,13 0.001 0 1 88.0194 410 ::f,0,0 f,1,15 f,13,15 f,15,3 
219:2,1 0.001 -1 1 1,1 0.001 1 -1 2,2 0.001 -1 0 132.019 485 2,13 0.001 0 1 1,14 0.001 -1 1 2,14 0.001 -1 0 102.024 410 14,2 0.001 1 -1 14,1 0.001 0 1 13,2 0.001 1 1 136.037 485 14,14 0.001 0 -1 14,13 0.001 1 1 13,14 0.001 0 1 88.0204 410 ::f,0,0 f,1,15 f,13,15 f,15,3 
220:2,1 0.001 -1 1 1,1 0.001 1 -1 2,2 0.001 -1 1 132.019 485 2,13 0.001 0 1 1,14 0.001 0 1 2,14 0.001 -1 0 102.024 410 14,2 0.001 0 -1 14,1 0.001 0 1 13,2 0.001 1 1 136.037 485 14,14 0.001 -1 -1 14,13 0.001 1 1 13,14 0.001 0 1 96.0205 425 ::f,0,0 f,1,15 f,15,3 f,15,12 
221:2,1 0.001 -1 0 1,1 0.001 1 0 2,2 0.001 -1 1 132.019 485 2,13 0.001 -1 1 1,14 0.001 0 1 2,14 0.001 -1 1 109.025 425 14,2 0.001 0 -1 14,1 0.001 1 1 13,2 0.001 1 0 136.037 485 14,14 0.001 -1 -1 14,13 0.001 1 0 13,14 0.001 -1 1 96.0205 425 ::f,0,0 f,0,15 f,15,3 f,15,12 
222:2,1 0.001 -1 0 1,1 0.001 1 0 2,2 0.001 0 1 132.019 485 2,13 0.001 -1 1 1,14 0.001 1 1 2,14 0.001 -1 1 109.025 425 14,2 0.001 0 -1 14,1 0.001 1 1 13,2 0.001 1 0 136.037 485 14,14 0.001 -1 0 14,13 0.001 1 0 13,14 0.001 -1 1 96.0205 425 ::f,0,0 f,0,15 f,15,3 f,15,12 
223:2,1 0.001 -1 -1 1,1 0.001 1 0 2,2 0.001 0 1 132.019 485 2,13 0.001 -1 1 1,14 0.001 1 1 2,14 0.001 0 1 109.025 425 14,2 0.001 -1 -1 14,1 0.001 1 0 13,2 0.001 1 0 136.037 485 14,14 0.001 -1 0 14,13 0.001 1 -1 13,14 0.001 -1 0 96.0205 425 ::f,0,0 f,0,15 f,15,3 f,15,12 
224:2,1 0.001 -1 -1 1,1 0.001 1 1 2,2 0.001 1 1 132.019 485 2,13 0.001 -1 0 1,14 0.001 1 0 2,14 0.001 0 1 109.025 425 14,2 0.001 -1 -1 14,1 0.001 1 0 13,2 0.001 1 -1 136.037 485 14,14 0.001 -1 1 14,13 0.001 1 -1 13,14 0.001 -1 0 102.021 440 ::f,0,0 f,0,15 f,15,3 f,15,13 
225:2,1 0.001 0 -1 1,1 0.001 1 1 2,2 0.001 1 1 132.019 485 2,13 0.001 -1 0 1,14 0.001 1 0 2,14 0.001 1 1 109.025 425 14,2 0.001 -1 0 14,1 0.001 1 -1 13,2 0.001 1 -1 136.037 485 14,14 0.001 -1 1 14,13 0.001 0 -1 13,14 0.001 -1 -1 102.021 440 ::f,0,0 f,0,15 f,15,3 f,15,13 
226:2,1 0.001 0 -1 1,1 0.001 0 1 2,2 0.001 1 0 132.019 485 2,13 0.001 -1 -1 1,14 0.001 1 0 2,14 0.001 1 1 109.025 425 14,2 0.001 -1 0 14,1 0.001 1 -1 13,2 0.001 0 -1 136.037 485 14,14 0.001 0 1 14,13 0.001 0 -1 13,14 0.001 -1 -1 102.021 440 ::f,0,0 f,0,15 f,15,3 f,15,13 
227:2,1 0.001 1 -1 1,1 0.001 0 1 2,2 0.001 1 0 132.019 485 2,13 0.001 -1 -1 1,14 0.001 1 -1 2,14 0.001 1 0 109.025 425 14,2 0.001 -1 1 14,1 0.001 0 -1 13,2 0.001 0 -1 136.037 485 14,14 0.001 0 1 14,13 0.001 -1 -1 13,14 0.001 0 -1 102.021 440 ::f,0,0 f,0,15 f,15,3 f,15,13 
228:2,1 0.001 1 -1 1,1 0.001 -1 1 2,2 0.001 1 -1 132.019 485 2,13 0.001 0 -1 1,14 0.001 1 -1 2,14 0.001 1 0 109.025 425 14,2 0.001 -1 1 14,1 0.001 0 -1 13,2 0.001 -1 -1 136.037 485 14,14 0.001 1 1 14,13 0.001 -1 -1 13,13 0.001 0 -1 102.022 440 ::f,0,0 f,0,15 f,15,3 f,15,13 
229:2,1 0.001 1 0 1,1 0.001 -1 1 2,2 0.001 1 -1 132.019 485 2,13 0.001 0 -1 1,14 0.001 0 -1 2,14 0.001 1 -1 109.025 425 14,2 0.001 0 1 14,1 0.001 -1 -1 13,2 0.001 -1 -1 136.037 485 14,14 0.001 1 1 14,13 0.001 -1 0 13,13 0.001 0 -1 102.022 440 ::f,0,0 f,0,15 f,15,3 f,15,13 
230:2,1 0.001 1 0 1,1 0.001 -1 0 2,2 0.001 0 -1 132.019 485 2,13 0.001 1 -1 1,14 0.001 0 -1 2,14 0.001 1 -1 109.025 425 14,2 0.001 0 1 14,1 0.001 -1 -1 13,2 0.001 -1 0 136.037 485 14,14 0.001 1 0 14,13 0.001 -1 0 13,13 0.001 1 -1 102.022 440 ::f,0,0 f,0,15 f,15,3 f,15,13 
231:2,1 0.001 1 1 1,1 0.001 -1 0 2,2 0.001 0 -1 132.019 485 2,13 0.001 1 -1 1,14 0.001 -1 -1 2,14 0.001 0 -1 109.025 425 14,2 0.001 1 1 14,1 0.001 -1 0 13,2 0.001 -1 0 136.037 485 14,14 0.001 1 0 14,13 0.001 -1 0 13,13 0.001 1 -1 102.022 440 ::f,0,0 f,0,15 f,15,3 f,15,13 
232:2,1 0.001 1 1 1,1 0.001 -1 -1 2,2 0.001 0 -1 132.019 485 2,13 0.001 1 0 1,14 0.001 -1 -1 2,14 0.001 0 -1 109.025 425 14,2 0.001 1 1 13,1 0.001 -1 0 13,2 0.001 -1 1 146.038 500 14,14 0.001 1 -1 14,13 0.001 -1 1 13,13 0.001 1 0 102.022 440 ::f,0,0 f,0,15 f,15,2 f,15,13 
233:2,1 0.001 0 1 1,1 0.001 -1 -1 2,2 0.001 -1 -1 142.019 500 2,13 0.001 1 0 1,14 0.001 -1 0 2,14 0.001 0 -1 109.025 425 14,2 0.001 1 0 13,1 0.001 -1 0 13,2 0.001 -1 1 146.038 500 14,14 0.001 1 -1 14,13 0.001 -1 1 13,13 0.001 1 0 119.022 470 ::f,0,15 f,3,3 f,13,14 f,15,2 
234:2,1 0.001 0 1 1,1 0.001 0 -1 2,2 0.001 -1 -1 142.019 500 2,13 0.001 1 1 1,14 0.001 -1 0 2,14 0.001 -1 -1 109.025 425 14,2 0.001 1 0 13,1 0.001 -1 1 13,2 0.001 0 1 156.038 515 14,14 0.001 0 -1 14,13 0.001 0 1 13,13 0.001 1 0 119.022 470 ::f,0,15 f,3,3 f,13,0 f,13,14 
235:2,1 0.001 0 1 1,1 0.001 0 -1 2,2 0.001 -1 0 142.019 500 2,13 0.001 1 1 1,14 0.001 -1 1 2,14 0.001 -1 -1 109.025 425 14,2 0.001 1 -1 13,1 0.001 -1 1 13,2 0.001 0 1 156.038 515 14,14 0.001 0 -1 14,13 0.001 0 1 13,13 0.001 1 1 119.022 470 ::f,0,15 f,3,3 f,13,0 f,13,14 
236:2,1 0.001 -1 1 1,1 0.001 1 -1 2,2 0.001 -1 0 142.019 500 2,13 0.001 0 1 1,14 0.001 -1 1 2,14 0.001 -1 0 117.025 440 14,2 0.001 1 -1 13,1 0.001 0 1 13,2 0.001 1 1 156.038 515 14,14 0.001 0 -1 14,13 0.001 1 1 13,13 0.001 1 1 119.022 470 ::f,1,15 f,3,3 f,13,0 f,13,14 
237:2,1 0.001 -1 1 1,1 0.001 1 -1 2,2 0.001 -1 1 142.019 500 2,13 0.001 0 1 1,14 0.001 0 1 2,14 0.001 -1 0 117.025 440 14,2 0.001 0 -1 13,1 0.001 0 1 13,2 0.001 1 1 156.038 515 14,14 0.001 -1 -1 14,13 0.001 1 1 13,13 0.001 0 1 119.022 470 ::f,1,15 f,3,3 f,13,0 f,13,14 
238:2,1 0.001 -1 0 1,1 0.001 1 0 2,2 0.001 -1 1 142.019 500 2,13 0.001 0 1 1,14 0.001 0 1 2,14 0.001 -1 1 126.025 455 14,1 0.001 0 -1 13,1 0.001 0 1 13,2 0.001 1 0 156.039 515 14,14 0.001 -1 -1 14,13 0.001 1 0 13,13 0.001 0 1 128.022 485 ::f,0,13 f,3,3 f,13,0 f,15,14 
239:2,1 0.001 -1 0 1,1 0.001 1 0 2,2 0.001 0 1 142.019 500 2,13 0.001 -1 1 1,14 0.001 1 1 2,14 0.001 -1 1 126.025 455 14,1 0.001 0 -1 13,1 0.001 1 1 14,2 0.001 1 0 156.04 515 14,14 0.001 -1 0 14,13 0.001 1 0 13,13 0.001 -1 1 128.022 485 ::f,0,13 f,3,3 f,13,0 f,15,14 
240:2,1 0.001 -1 -1 1,1 0.001 1 0 2,2 0.001 0 1 142.019 500 2,13 0.001 -1 1 1,14 0.001 1 1 2,14 0.001 0 1 126.025 455 14,1 0.001 -1 -1 13,1 0.001 1 1 14,2 0.001 1 0 156.04 515 14,14 0.001 -1 0 14,13 0.001 1 -1 13,13 0.001 -1 1 128.022 485 ::f,0,13 f,3,3 f,13,0 f,15,14 
241:2,1 0.001 -1 -1 1,1 0.001 1 1 2,2 0.001 1 1 142.019 500 2,13 0.001 -1 0 1,14 0.001 1 0 2,14 0.001 0 1 126.025 455 14,1 0.001 -1 -1 13,1 0.001 1 0 14,2 0.001 1 -1 166.04 530 14,14 0.001 -1 1 14,13 0.001 1 -1 13,13 0.001 -1 0 128.022 485 ::f,0,13 f,3,3 f,13,3 f,15,14 
242:2,1 0.001 0 -1 1,1 0.001 1 1 2,2 0.001 1 1 149.019 515 1,13 0.001 -1 0 1,14 0.001 1 0 2,14 0.001 1 1 126.026 455 14,1 0.001 -1 0 13,1 0.001 1 0 14,2 0.001 1 -1 166.04 530 14,14 0.001 -1 1 14,13 0.001 0 -1 13,13 0.001 -1 0 128.022 485 ::f,0,2 f,0,13 f,13,3 f,15,14 
243:2,1 0.001 0 -1 1,1 0.001 1 1 2,2 0.001 1 0 149.019 515 1,13 0.001 -1 0 1,14 0.001 1 0 2,14 0.001 1 1 130.026 470 14,1 0.001 -1 0 13,1 0.001 1 -1 14,2 0.001 0 -1 166.04 530 14,14 0.001 0 1 14,13 0.001 0 -1 13,13 0.001 -1 -1 128.022 485 ::f,0,2 f,1,12 f,13,3 f,15,14 
244:2,1 0.001 1 -1 1,1 0.001 0 1 2,2 0.001 1 0 149.019 515 1,13 0.001 -1 -1 1,14 0.001 1 -1 2,14 0.001 1 0 130.026 470 14,1 0.001 -1 0 13,1 0.001 1 -1 14,2 0.001 0 -1 166.04 530 14,14 0.001 0 1 14,13 0.001 -1 -1 13,13 0.001 -1 -1 128.022 485 ::f,0,2 f,1,12 f,13,3 f,15,14 
245:2,1 0.001 1 -1 1,1 0.001 0 1 2,2 0.001 1 -1 149.019 515 1,13 0.001 -1 -1 1,14 0.001 1 -1 2,14 0.001 1 0 130.026 470 14,1 0.001 -1 1 13,1 0.001 0 -1 14,2 0.001 0 -1 166.04 530 14,14 0.001 1 1 14,13 0.001 -1 -1 13,13 0.001 0 -1 128.022 485 ::f,0,2 f,1,12 f,13,3 f,15,14 
246:2,1 0.001 1 0 1,1 0.001 -1 1 2,2 0.001 1 -1 149.019 515 1,13 0.001 0 -1 1,14 0.001 0 -1 2,14 0.001 1 -1 130.026 470 14,1 0.001 -1 1 13,1 0.001 0 -1 14,2 0.001 -1 -1 166.04 530 14,14 0.001 1 1 14,13 0.001 -1 0 13,13 0.001 0 -1 128.022 485 ::f,0,2 f,1,12 f,13,3 f,15,14 
247:2,1 0.001 1 0 1,1 0.001 -1 1 2,2 0.001 0 -1 159.019 530 1,13 0.001 0 -1 1,14 0.001 0 -1 2,14 0.001 1 -1 135.026 485 14,1 0.001 0 1 13,1 0.001 -1 -1 14,2 0.001 -1 -1 166.04 530 14,14 0.001 1 0 14,13 0.001 -1 0 13,13 0.001 1 -1 128.022 485 ::f,0,1 f,1,15 f,13,3 f,15,14 
248:2,1 0.001 1 1 1,1 0.001 -1 0 2,2 0.001 0 -1 159.019 530 1,13 0.001 1 -1 1,14 0.001 -1 -1 2,14 0.001 0 -1 135.026 485 14,1 0.001 0 1 13,1 0.001 -1 -1 14,2 0.001 -1 0 166.04 530 14,14 0.001 1 0 14,13 0.001 -1 0 13,13 0.001 1 -1 138.022 500 ::f,0,1 f,1,15 f,13,3 f,15,13 
249:2,1 0.001 1 1 1,1 0.001 -1 0 2,2 0.001 0 -1 169.019 545 1,13 0.001 1 -1 1,14 0.001 -1 -1 2,13 0.001 0 -1 135.027 485 14,1 0.001 1 1 13,1 0.001 -1 0 14,2 0.001 -1 0 166.04 530 14,14 0.001 1 -1 14,13 0.001 -1 1 13,13 0.001 1 0 138.022 500 ::f,1,15 f,3,0 f,13,3 f,15,13 
250:2,1 0.001 0 1 1,1 0.001 -1 -1 2,2 0.001 -1 -1 169.019 545 1,13 0.001 1 0 1,14 0.001 -1 0 2,13 0.001 0 -1 135.027 485 14,1 0.001 1 1 13,1 0.001 -1 0 14,2 0.001 -1 1 166.04 530 14,14 0.001 1 -1 14,13 0.001 -1 1 13,13 0.001 1 0 148.022 515 ::f,1,15 f,3,0 f,13,3 f,15,13 
251:2,1 0.001 0 1 1,1 0.001 -1 -1 2,2 0.001 -1 -1 169.019 545 1,13 0.001 1 0 1,14 0.001 -1 0 2,13 0.001 -1 -1 135.027 485 14,1 0.001 1 0 13,1 0.001 -1 1 14,2 0.001 -1 1 175.04 545 14,14 0.001 0 -1 14,13 0.001 0 1 13,13 0.001 1 0 148.022 515 ::f,1,15 f,3,0 f,12,3 f,15,13 
252:2,1 0.001 0 1 1,1 0.001 0 -1 2,2 0.001 -1 0 169.019 545 1,13 0.001 1 0 1,14 0.001 -1 1 2,13 0.001 -1 -1 135.027 485 14,1 0.001 1 0 13,1 0.001 -1 1 14,2 0.001 0 1 175.04 545 14,14 0.001 0 -1 14,13 0.001 0 1 13,13 0.001 1 1 148.022 515 ::f,1,15 f,3,0 f,12,3 f,15,13 
253:2,1 0.001 -1 1 1,1 0.001 0 -1 2,2 0.001 -1 0 169.019 545 1,13 0.001 1 1 1,14 0.001 -1 1 2,13 0.001 -1 0 135.027 485 14,1 0.001 1 -1 13,1 0.001 0 1 14,2 0.001 0 1 175.04 545 14,14 0.001 0 -1 14,13 0.001 1 1 13,13 0.001 1 1 148.022 515 ::f,1,15 f,3,0 f,12,3 f,15,13 
254:2,1 0.001 -1 1 1,1 0.001 1 -1 2,2 0.001 -1 1 169.019 545 1,13 0.001 1 1 1,14 0.001 0 1 2,13 0.001 -1 0 135.027 485 14,1 0.001 1 -1 13,2 0.001 0 1 14,2 0.001 1 1 175.041 545 14,14 0.001 -1 -1 14,13 0.001 1 1 13,13 0.001 0 1 148.022 515 ::f,1,15 f,3,0 f,12,3 f,15,13 
255:2,1 0.001 -1 0 1,1 0.001 1 -1 2,2 0.001 -1 1 169.019 545 1,13 0.001 0 1 1,14 0.001 0 1 2,13 0.001 -1 0 145.027 500 14,1 0.001 0 -1 13,2 0.001 0 1 14,2 0.001 1 1 175.041 545 14,14 0.001 -1 -1 14,13 0.001 1 0 13,13 0.001 0 1 148.022 515 ::f,0,13 f,3,0 f,12,3 f,15,13 
256:2,1 0.001 -1 0 1,1 0.001 1 0 2,2 0.001 0 1 169.019 545 1,13 0.001 0 1 1,14 0.001 1 1 2,13 0.001 -1 0 145.027 500 14,1 0.001 0 -1 13,2 0.001 1 1 14,2 0.001 1 0 175.041 545 14,14 0.001 -1 0 14,13 0.001 1 0 13,13 0.001 -1 1 156.022 530 ::f,0,13 f,3,0 f,12,3 f,14,12 
257:2,1 0.001 -1 -1 1,1 0.001 1 0 2,2 0.001 0 1 169.019 545 1,13 0.001 -1 1 1,14 0.001 1 1 2,13 0.001 -1 1 145.027 500 14,1 0.001 -1 -1 13,2 0.001 1 1 14,2 0.001 1 0 175.041 545 14,14 0.001 -1 0 14,13 0.001 1 -1 13,13 0.001 -1 1 156.022 530 ::f,0,13 f,3,0 f,12,3 f,14,12 
258:2,1 0.001 -1 -1 1,1 0.001 1 0 2,2 0.001 1 1 169.019 545 1,13 0.001 -1 1 1,14 0.001 1 0 2,13 0.001 -1 1 145.027 500 14,1 0.001 -1 -1 13,2 0.001 1 0 14,2 0.001 1 -1 175.041 545 14,14 0.001 -1 1 14,13 0.001 1 -1 13,13 0.001 -1 0 156.022 530 ::f,0,13 f,3,0 f,12,3 f,14,12 
259:2,1 0.001 0 -1 1,1 0.001 1 1 2,2 0.001 1 1 169.019 545 1,13 0.001 -1 0 2,14 0.001 1 0 2,13 0.001 0 1 145.028 500 14,1 0.001 -1 0 13,2 0.001 1 0 14,2 0.001 1 -1 175.041 545 14,14 0.001 -1 1 14,13 0.001 0 -1 13,13 0.001 -1 0 156.022 530 ::f,0,13 f,3,0 f,12,3 f,14,12 
260:2,1 0.001 0 -1 1,1 0.001 1 1 2,2 0.001 1 0 169.019 545 1,13 0.001 -1 0 2,14 0.001 1 0 2,13 0.001 0 1 151.028 515 13,1 0.001 -1 0 13,2 0.001 1 0 14,2 0.001 0 -1 175.042 545 14,14 0.001 0 1 14,13 0.001 0 -1 13,13 0.001 -1 -1 165.022 545 ::f,0,14 f,3,0 f,12,3 f,12,14 
261:2,1 0.001 1 -1 1,1 0.001 0 1 2,2 0.001 1 0 169.019 545 1,13 0.001 -1 -1 2,14 0.001 1 -1 2,13 0.001 1 1 151.028 515 13,1 0.001 -1 0 13,2 0.001 1 -1 14,1 0.001 0 -1 175.043 545 14,14 0.001 0 1 14,13 0.001 -1 -1 13,13 0.001 -1 -1 165.022 545 ::f,0,14 f,3,0 f,12,3 f,12,14 
262:2,1 0.001 1 -1 1,1 0.001 0 1 2,2 0.001 1 -1 178.019 560 1,13 0.001 -1 -1 2,14 0.001 1 -1 2,13 0.001 1 1 151.028 515 13,1 0.001 -1 1 13,2 0.001 1 -1 14,1 0.001 0 -1 175.043 545 14,14 0.001 1 1 14,13 0.001 -1 -1 13,13 0.001 0 -1 165.022 545 ::f,0,3 f,0,14 f,12,3 f,12,14 
263:2,1 0.001 1 0 1,1 0.001 -1 1 2,2 0.001 1 -1 178.019 560 1,13 0.001 0 -1 2,14 0.001 0 -1 2,13 0.001 1 0 151.028 515 13,1 0.001 -1 1 13,2 0.001 0 -1 14,1 0.001 -1 -1 175.043 545 14,14 0.001 1 1 14,13 0.001 -1 0 13,13 0.001 0 -1 165.022 545 ::f,0,3 f,0,14 f,12,3 f,12,14 
264:2,1 0.001 1 0 1,1 0.001 -1 1 2,2 0.001 0 -1 178.019 560 1,13 0.001 0 -1 2,14 0.001 0 -1 2,13 0.001 1 0 151.028 515 13,1 0.001 0 1 13,2 0.001 0 -1 14,1 0.001 -1 -1 175.043 545 14,14 0.001 1 0 14,13 0.001 -1 0 13,13 0.001 1 -1 165.022 545 ::f,0,3 f,0,14 f,12,3 f,12,14 
265:2,1 0.001 1 1 1,1 0.001 -1 0 2,2 0.001 0 -1 178.019 560 1,13 0.001 1 -1 2,14 0.001 0 -1 2,13 0.001 1 -1 151.028 515 13,1 0.001 0 1 13,2 0.001 -1 -1 14,1 0.001 -1 0 175.043 545 14,14 0.001 1 0 14,13 0.001 -1 0 13,13 0.001 1 -1 165.022 545 ::f,0,3 f,0,14 f,12,3 f,12,14 
266:2,1 0.001 1 1 1,1 0.001 -1 0 2,2 0.001 0 -1 178.019 560 1,13 0.001 1 -1 2,14 0.001 -1 -1 2,13 0.001 1 -1 151.028 515 13,1 0.001 0 1 13,2 0.001 -1 -1 14,1 0.001 -1 0 175.043 545 14,14 0.001 1 -1 14,13 0.001 -1 1 13,13 0.001 1 0 165.022 545 ::f,0,3 f,0,14 f,12,3 f,12,14 
267:2,1 0.001 0 1 1,1 0.001 -1 -1 2,2 0.001 -1 -1 178.019 560 1,13 0.001 1 0 2,14 0.001 -1 -1 2,13 0.001 0 -1 151.028 515 13,1 0.001 1 1 13,2 0.001 -1 0 14,1 0.001 -1 0 175.043 545 14,14 0.001 1 -1 14,13 0.001 -1 1 13,13 0.001 1 0 165.022 545 ::f,0,3 f,0,14 f,12,3 f,12,14 
268:2,1 0.001 0 1 1,1 0.001 -1 -1 2,2 0.001 -1 -1 178.019 560 1,13 0.001 1 0 2,14 0.001 -1 0 2,13 0.001 0 -1 151.028 515 13,1 0.001 1 1 13,2 0.001 -1 0 14,1 0.001 -1 1 175.043 545 14,14 0.001 0 -1 14,13 0.001 0 1 13,13 0.001 1 0 165.022 545 ::f,0,3 f,0,14 f,12,3 f,12,14 
269:2,1 0.001 0 1 1,1 0.001 0 -1 2,2 0.001 -1 0 178.019 560 1,13 0.001 1 0 1,14 0.001 -1 0 2,13 0.001 -1 -1 151.029 515 13,1 0.001 1 0 13,2 0.001 -1 1 14,1 0.001 -1 1 175.043 545 14,14 0.001 0 -1 14,13 0.001 0 1 13,13 0.001 1 1 165.022 545 ::f,0,3 f,0,14 f,12,3 f,12,14 
270:2,1 0.001 -1 1 1,1 0.001 0 -1 2,2 0.001 -1 0 178.019 560 1,13 0.001 1 1 1,14 0.001 -1 0 2,13 0.001 -1 -1 161.029 530 13,1 0.001 1 0 13,2 0.001 -1 1 14,1 0.001 -1 1 181.043 560 14,14 0.001 0 -1 14,13 0.001 1 1 13,13 0.001 1 1 165.022 545 ::f,0,3 f,3,12 f,12,14 f,15,0 
271:1,2 0.001 -1 1 1,1 0.001 1 -1 2,2 0.001 -1 1 178.02 560 1,13 0.001 1 1 1,14 0.001 -1 1 2,13 0.001 -1 0 161.029 530 13,1 0.001 1 -1 13,2 0.001 0 1 14,1 0.001 0 1 181.043 560 14,14 0.001 -1 -1 14,13 0.001 1 1 13,13 0.001 0 1 165.022 545 ::f,0,3 f,3,12 f,12,14 f,15,0 
272:1,2 0.001 -1 1 1,1 0.001 1 -1 2,2 0.001 -1 1 188.021 575 1,13 0.001 0 1 1,14 0.001 -1 1 2,13 0.001 -1 0 161.029 530 13,1 0.001 1 -1 13,2 0.001 0 1 14,1 0.001 0 1 181.043 560 14,14 0.001 -1 -1 14,13 0.001 1 0 13,13 0.001 0 1 165.022 545 ::f,2,3 f,3,12 f,12,14 f,15,0 
273:1,2 0.001 -1 0 1,1 0.001 1 0 2,2 0.001 0 1 188.021 575 1,13 0.001 0 1 1,14 0.001 0 1 2,13 0.001 -1 0 161.029 530 13,1 0.001 0 -1 13,2 0.001 1 1 14,1 0.001 1 1 181.043 560 14,14 0.001 -1 0 14,13 0.001 1 0 13,13 0.001 -1 1 165.022 545 ::f,2,3 f,3,12 f,12,14 f,15,0 
274:1,2 0.001 -1 0 2,1 0.001 1 0 2,2 0.001 0 1 196.022 590 1,13 0.001 -1 1 1,14 0.001 0 1 2,13 0.001 -1 1 161.029 530 13,1 0.001 0 -1 13,2 0.001 1 1 14,1 0.001 1 1 181.043 560 13,14 0.001 -1 0 14,13 0.001 1 -1 13,13 0.001 -1 1 175.023 560 ::f,3,1 f,3,12 f,14,12 f,15,0 
275:1,2 0.001 -1 -1 2,1 0.001 1 0 2,2 0.001 1 1 206.022 605 1,13 0.001 -1 1 1,14 0.001 1 1 2,13 0.001 -1 1 161.029 530 13,1 0.001 -1 -1 13,2 0.001 1 0 14,1 0.001 1 0 181.043 560 13,14 0.001 -1 0 14,13 0.001 1 -1 13,13 0.001 -1 0 175.023 560 ::f,1,3 f,3,12 f,14,12 f,15,0 
276:1,2 0.001 -1 -1 2,1 0.001 1 1 2,2 0.001 1 1 206.022 605 1,13 0.001 -1 0 1,14 0.001 1 1 2,13 0.001 0 1 161.029 530 13,1 0.001 -1 -1 14,2 0.001 1 0 14,1 0.001 1 0 181.044 560 13,14 0.001 -1 1 14,13 0.001 0 -1 13,13 0.001 -1 0 175.023 560 ::f,1,3 f,3,12 f,14,12 f,15,0 
277:1,2 0.001 0 -1 2,1 0.001 1 1 2,2 0.001 1 0 206.022 605 1,13 0.001 -1 0 1,14 0.001 1 0 2,13 0.001 0 1 161.029 530 13,1 0.001 -1 0 14,2 0.001 1 0 14,1 0.001 1 -1 181.044 560 13,14 0.001 -1 1 14,13 0.001 0 -1 13,13 0.001 -1 -1 185.024 575 ::f,1,3 f,3,12 f,12,12 f,15,0 
278:1,1 0.001 0 -1 2,1 0.001 0 1 2,2 0.001 1 0 206.023 605 1,13 0.001 -1 -1 2,14 0.001 1 0 2,13 0.001 1 1 161.03 530 13,1 0.001 -1 0 14,2 0.001 1 -1 14,1 0.001 1 -1 191.045 575 13,14 0.001 0 1 14,13 0.001 -1 -1 13,13 0.001 -1 -1 195.024 590 ::f,1,3 f,3,12 f,12,12 f,15,2 
279:1,1 0.001 0 -1 2,1 0.001 0 1 2,2 0.001 1 -1 206.023 605 1,13 0.001 -1 -1 2,14 0.001 1 0 2,13 0.001 1 1 161.03 530 13,1 0.001 -1 1 14,2 0.001 1 -1 14,1 0.001 0 -1 191.045 575 13,14 0.001 0 1 14,13 0.001 -1 -1 13,13 0.001 0 -1 195.024 590 ::f,1,3 f,3,12 f,12,12 f,15,2 
280:1,1 0.001 1 -1 2,1 0.001 0 1 2,2 0.001 1 -1 206.023 605 1,13 0.001 0 -1 2,14 0.001 1 -1 2,13 0.001 1 0 161.03 530 13,1 0.001 -1 1 14,2 0.001 0 -1 14,1 0.001 0 -1 191.045 575 13,14 0.001 1 1 14,13 0.001 -1 0 13,13 0.001 0 -1 195.024 590 ::f,1,3 f,3,12 f,12,12 f,15,2 
281:1,1 0.001 1 -1 2,1 0.001 -1 1 2,2 0.001 0 -1 206.023 605 1,13 0.001 0 -1 2,14 0.001 1 -1 2,13 0.001 1 0 161.03 530 13,1 0.001 0 1 14,2 0.001 0 -1 14,1 0.001 -1 -1 191.045 575 13,14 0.001 1 1 14,13 0.001 -1 0 13,13 0.001 1 -1 195.024 590 ::f,1,3 f,3,12 f,12,12 f,15,2 
282:1,1 0.001 1 0 2,1 0.001 -1 1 2,2 0.001 0 -1 206.023 605 1,13 0.001 1 -1 2,14 0.001 0 -1 2,13 0.001 1 -1 161.03 530 13,2 0.001 0 1 14,2 0.001 0 -1 14,1 0.001 -1 -1 191.046 575 13,14 0.001 1 0 14,13 0.001 -1 0 13,13 0.001 1 -1 195.024 590 ::f,1,3 f,3,12 f,12,12 f,15,2 
283:1,1 0.001 1 0 2,1 0.001 -1 0 2,2 0.001 0 -1 206.023 605 1,13 0.001 1 -1 2,14 0.001 0 -1 2,13 0.001 1 -1 171.03 545 13,2 0.001 0 1 14,2 0.001 -1 -1 14,1 0.001 -1 0 191.046 575 14,14 0.001 1 0 14,13 0.001 -1 1 13,13 0.001 1 0 195.025 590 ::f,1,3 f,2,12 f,12,12 f,15,2 
284:1,1 0.001 1 0 2,1 0.001 -1 0 2,2 0.001 -1 -1 206.023 605 1,13 0.001 1 0 2,14 0.001 0 -1 2,13 0.001 0 -1 171.03 545 13,2 0.001 1 1 14,2 0.001 -1 -1 13,1 0.001 -1 0 191.047 575 14,14 0.001 1 0 14,13 0.001 -1 1 13,13 0.001 1 0 195.025 590 ::f,1,3 f,2,12 f,12,12 f,15,2 
285:1,1 0.001 1 1 2,1 0.001 -1 -1 2,2 0.001 -1 -1 206.023 605 1,13 0.001 1 0 2,14 0.001 0 -1 2,13 0.001 0 -1 181.03 560 13,2 0.001 1 1 14,2 0.001 -1 0 13,1 0.001 -1 0 191.047 575 14,14 0.001 1 -1 14,13 0.001 0 1 13,13 0.001 1 0 195.025 590 ::f,0,14 f,1,3 f,12,12 f,15,2 
286:1,1 0.001 1 1 2,1 0.001 -1 -1 2,2 0.001 -1 0 206.023 605 1,13 0.001 1 0 2,14 0.001 -1 -1 2,13 0.001 -1 -1 181.03 560 13,2 0.001 1 0 14,2 0.001 -1 0 13,1 0.001 -1 1 191.047 575 14,14 0.001 1 -1 14,13 0.001 0 1 13,13 0.001 1 1 195.025 590 ::f,0,14 f,1,3 f,12,12 f,15,2 
287:1,1 0.001 0 1 2,1 0.001 0 -1 2,2 0.001 -1 0 206.023 605 1,13 0.001 1 1 2,14 0.001 -1 0 2,13 0.001 -1 -1 181.03 560 13,2 0.001 1 0 14,2 0.001 -1 1 13,1 0.001 -1 1 191.047 575 14,14 0.001 0 -1 14,13 0.001 1 1 13,13 0.001 1 1 195.025 590 ::f,0,14 f,1,3 f,12,12 f,15,2 
288:1,2 0.001 0 1 2,1 0.001 0 -1 2,2 0.001 -1 1 206.024 605 1,13 0.001 1 1 1,14 0.001 -1 0 2,13 0.001 -1 0 181.031 560 13,2 0.001 1 0 14,2 0.001 -1 1 13,1 0.001 0 1 191.047 575 14,14 0.001 0 -1 14,13 0.001 1 1 13,13 0.001 0 1 195.025 590 ::f,0,14 f,1,3 f,12,12 f,15,2 
289:1,2 0.001 0 1 2,1 0.001 1 -1 2,2 0.001 -1 1 216.024 620 1,13 0.001 0 1 1,14 0.001 -1 0 2,13 0.001 -1 0 191.032 575 13,2 0.001 1 -1 14,2 0.001 0 1 13,1 0.001 0 1 191.047 575 14,14 0.001 0 -1 14,13 0.001 1 0 13,13 0.001 0 1 195.025 590 ::f,0,12 f,3,2 f,12,12 f,15,2 
290:1,2 0.001 -1 1 2,1 0.001 1 -1 2,2 0.001 0 1 216.024 620 1,13 0.001 0 1 1,14 0.001 -1 1 2,13 0.001 -1 0 191.032 575 13,2 0.001 1 -1 14,2 0.001 0 1 13,1 0.001 0 1 191.047 575 14,14 0.001 -1 -1 14,13 0.001 1 0 13,13 0.001 -1 1 195.025 590 ::f,0,12 f,3,2 f,12,12 f,15,2 
291:1,2 0.001 -1 1 2,1 0.001 1 0 2,2 0.001 0 1 216.024 620 1,13 0.001 -1 1 1,14 0.001 -1 1 2,13 0.001 -1 1 191.032 575 13,2 0.001 0 -1 14,2 0.001 1 1 13,1 0.001 1 1 191.047 575 14,14 0.001 -1 -1 14,13 0.001 1 -1 13,13 0.001 -1 1 195.025 590 ::f,0,12 f,3,2 f,12,12 f,15,2 
292:1,2 0.001 -1 0 2,1 0.001 1 0 2,2 0.001 1 1 216.024 620 1,13 0.001 -1 1 1,14 0.001 0 1 2,13 0.001 -1 1 191.032 575 13,2 0.001 0 -1 14,2 0.001 1 1 13,1 0.001 1 1 191.047 575 14,14 0.001 -1 -1 14,13 0.001 1 -1 13,13 0.001 -1 0 195.025 590 ::f,0,12 f,3,2 f,12,12 f,15,2 
293:1,2 0.001 -1 0 2,1 0.001 1 1 2,2 0.001 1 1 216.024 620 1,13 0.001 -1 0 1,14 0.001 0 1 2,13 0.001 0 1 191.032 575 13,2 0.001 -1 -1 14,2 0.001 1 0 13,1 0.001 1 0 191.047 575 14,14 0.001 -1 0 14,13 0.001 0 -1 13,13 0.001 -1 0 195.025 590 ::f,0,12 f,3,2 f,12,12 f,15,2 
294:1,2 0.001 -1 -1 2,1 0.001 1 1 2,2 0.001 1 0 226.024 635 1,13 0.001 -1 0 1,14 0.001 1 1 2,13 0.001 0 1 191.032 575 13,2 0.001 -1 -1 14,2 0.001 1 0 14,1 0.001 1 0 198.048 590 14,14 0.001 -1 0 14,13 0.001 0 -1 13,13 0.001 -1 -1 195.025 590 ::f,0,1 f,0,12 f,12,12 f,15,1 
295:1,2 0.001 -1 -1 2,1 0.001 0 1 2,2 0.001 1 0 236.024 650 1,13 0.001 -1 -1 1,14 0.001 1 1 2,13 0.001 1 1 191.032 575 13,2 0.001 -1 0 14,2 0.001 1 -1 14,1 0.001 1 0 208.048 605 14,14 0.001 -1 1 14,13 0.001 -1 -1 13,13 0.001 -1 -1 205.025 605 ::f,0,12 f,3,3 f,12,15 f,15,1 
296:1,2 0.001 0 -1 2,1 0.001 0 1 2,2 0.001 1 -1 236.024 650 1,13 0.001 -1 -1 1,14 0.001 1 0 2,13 0.001 1 1 198.032 590 13,2 0.001 -1 0 14,2 0.001 1 -1 14,1 0.001 1 -1 216.048 620 14,14 0.001 -1 1 14,13 0.001 -1 -1 13,13 0.001 0 -1 205.025 605 ::f,2,14 f,3,3 f,12,15 f,15,0 
297:1,1 0.001 0 -1 2,1 0.001 0 1 2,2 0.001 1 -1 236.025 650 1,13 0.001 0 -1 1,14 0.001 1 0 2,13 0.001 1 0 198.032 590 13,2 0.001 -1 1 14,2 0.001 0 -1 14,1 0.001 1 -1 226.048 635 14,14 0.001 0 1 14,13 0.001 -1 0 13,13 0.001 0 -1 205.025 605 ::f,2,14 f,3,3 f,12,15 f,15,1 
298:1,1 0.001 0 -1 2,1 0.001 -1 1 2,2 0.001 0 -1 236.025 650 1,13 0.001 0 -1 1,14 0.001 1 0 2,13 0.001 1 0 208.032 605 13,2 0.001 -1 1 14,2 0.001 0 -1 14,1 0.001 0 -1 226.048 635 14,14 0.001 0 1 14,13 0.001 -1 0 13,13 0.001 1 -1 205.025 605 ::f,2,12 f,3,3 f,12,15 f,15,1 
299:1,1 0.001 1 -1 2,1 0.001 -1 1 2,2 0.001 0 -1 236.025 650 1,13 0.001 1 -1 1,14 0.001 1 -1 2,13 0.001 1 -1 208.032 605 13,2 0.001 0 1 14,2 0.001 0 -1 14,1 0.001 0 -1 226.048 635 14,14 0.001 1 1 14,13 0.001 -1 0 13,13 0.001 1 -1 205.025 605 ::f,2,12 f,3,3 f,12,15 f,15,1 
