16
0:0,3 0.001 -1 0 3,0 0.003 1 -1 1,3 0.002 1 1 0.002 50 3,12 0.001 1 1 3,13 0.003 1 0 0,12 0.002 1 -1 0 50 12,0 0.001 -1 -1 12,1 0.003 -1 1 13,3 0.002 -1 0 0.001 50 13,14 0.001 1 0 12,15 0.003 -1 0 13,12 0.002 0 -1 0.003 50 ::f,0,1 f,1,14 f,14,15 f,15,1 
1:0,3 0.001 -1 0 3,0 0.001 1 -1 1,3 0.001 1 1 0.002 50 3,12 0.001 1 1 3,13 0.001 1 0 0,12 0.001 1 -1 0 50 12,0 0.001 -1 -1 12,1 0.001 -1 1 13,3 0.001 -1 0 0.001 50 13,14 0.001 1 0 12,15 0.001 -1 0 13,12 0.001 0 -1 0.003 50 ::f,0,1 f,1,14 f,14,15 f,15,1 
2:0,3 0.001 -1 -1 3,0 0.001 1 0 1,3 0.001 0 1 0.002 50 3,12 0.001 0 1 3,13 0.001 1 1 0,12 0.001 0 -1 0 50 12,0 0.001 0 -1 12,1 0.001 0 1 13,3 0.001 -1 -1 0.001 50 13,14 0.001 1 -1 12,15 0.001 -1 -1 13,12 0.001 -1 -1 0.003 50 ::f,0,1 f,1,14 f,14,15 f,15,1 
3:0,3 0.001 -1 -1 3,0 0.001 1 0 1,3 0.001 0 1 0.002 50 3,12 0.001 0 1 3,13 0.001 1 1 0,12 0.001 0 -1 0 50 12,0 0.001 0 -1 12,1 0.001 0 1 13,3 0.001 -1 -1 0.001 50 13,14 0.001 1 -1 12,15 0.001 -1 -1 13,12 0.001 -1 -1 0.003 50 ::f,0,1 f,1,14 f,14,15 f,15,1 
4:0,3 0.001 0 -1 3,0 0.001 1 1 1,3 0.001 -1 1 0.002 50 3,12 0.001 -1 1 3,13 0.001 0 1 0,12 0.001 -1 -1 0 50 12,0 0.001 1 -1 12,1 0.001 1 1 13,3 0.001 0 -1 0.001 50 13,14 0.001 0 -1 12,15 0.001 0 -1 13,12 0.001 -1 0 0.003 50 ::f,0,1 f,1,14 f,14,15 f,15,1 
5:0,3 0.001 0 -1 3,0 0.001 1 1 1,3 0.001 -1 1 0.002 50 3,12 0.001 -1 1 3,13 0.001 0 1 0,12 0.001 -1 -1 0 50 12,0 0.001 1 -1 12,1 0.001 1 1 13,3 0.001 0 -1 0.001 50 13,14 0.001 0 -1 12,15 0.001 0 -1 13,12 0.001 -1 0 0.003 50 ::f,0,1 f,1,14 f,14,15 f,15,1 
6:0,3 0.001 1 -1 3,0 0.001 0 1 1,3 0.001 -1 0 0.002 50 3,12 0.001 -1 0 3,13 0.001 -1 1 0,12 0.001 -1 0 0 50 12,0 0.001 1 0 12,1 0.001 1 0 13,3 0.001 1 -1 0.001 50 13,14 0.001 -1 -1 12,15 0.001 1 -1 13,12 0.001 -1 1 0.003 50 ::f,0,1 f,1,14 f,14,15 f,15,1 
7:0,3 0.001 1 -1 3,1 0.001 0 1 1,3 0.001 -1 0 0.003 50 3,12 0.001 -1 0 3,13 0.001 -1 1 0,12 0.001 -1 0 0 50 13,0 0.001 1 0 12,1 0.001 1 0 13,3 0.001 1 -1 0.002 50 13,14 0.001 -1 -1 12,15 0.001 1 -1 13,12 0.001 -1 1 0.003 50 ::f,0,1 f,1,14 f,14,15 f,15,1 
8:0,3 0.001 1 0 3,1 0.001 0 1 1,3 0.001 -1 -1 0.003 50 3,12 0.001 -1 -1 3,13 0.001 -1 0 0,12 0.001 -1 1 0 50 13,0 0.001 1 0 12,1 0.001 1 -1 13,3 0.001 1 0 0.002 50 13,14 0.001 -1 0 12,15 0.001 1 0 13,12 0.001 0 1 0.003 50 ::f,0,1 f,1,14 f,14,15 f,15,1 
9:0,3 0.001 1 0 3,1 0.001 -1 1 1,3 0.001 -1 -1 0.003 50 3,12 0.001 -1 -1 3,13 0.001 -1 0 0,12 0.001 -1 1 0 50 13,0 0.001 1 1 12,1 0.001 1 -1 13,3 0.001 1 0 0.002 50 13,14 0.001 -1 0 12,15 0.001 1 0 13,13 0.001 0 1 0.004 50 ::f,0,1 f,1,14 f,14,15 f,15,1 
10:0,3 0.001 1 1 2,2 0.001 -1 1 1,3 0.001 0 -1 0.004 50 3,12 0.001 0 -1 3,13 0.001 -1 -1 0,12 0.001 0 1 0 50 13,0 0.001 1 1 12,1 0.001 0 -1 13,3 0.001 1 1 0.002 50 13,14 0.001 -1 1 12,15 0.001 1 1 13,13 0.001 0 1 0.004 50 ::f,0,1 f,1,14 f,14,15 f,15,1 
11:0,3 0.001 1 1 2,2 0.001 -1 1 1,2 0.001 0 -1 0.005 50 3,12 0.001 0 -1 3,13 0.001 -1 -1 0,13 0.001 0 1 0.001 50 13,0 0.001 0 1 12,1 0.001 0 -1 13,3 0.001 1 1 0.002 50 13,14 0.001 -1 1 12,15 0.001 1 1 13,13 0.001 1 1 0.004 50 ::f,0,1 f,1,14 f,14,15 f,15,1 
12:0,3 0.001 0 1 2,2 0.001 -1 0 1,2 0.001 0 -1 0.005 50 3,12 0.001 1 -1 3,13 0.001 0 -1 0,13 0.001 0 1 0.001 50 13,0 0.001 0 1 12,1 0.001 -1 -1 13,3 0.001 0 1 0.002 50 13,14 0.001 0 1 12,15 0.001 0 1 13,13 0.001 1 1 0.004 50 ::f,0,1 f,1,14 f,14,15 f,15,1 
13:0,3 0.001 0 1 2,2 0.001 -1 0 1,2 0.001 1 -1 0.005 50 3,12 0.001 1 -1 3,13 0.001 0 -1 0,13 0.001 1 1 0.001 50 13,0 0.001 -1 1 12,1 0.001 -1 -1 13,3 0.001 0 1 0.002 50 13,14 0.001 0 1 12,15 0.001 0 1 13,13 0.001 1 0 0.004 50 ::f,0,1 f,1,14 f,14,15 f,15,1 
14:0,3 0.001 -1 1 2,2 0.001 -1 0 1,2 0.001 1 -1 0.005 50 3,12 0.001 1 0 3,13 0.001 1 -1 0,13 0.001 1 1 0.0011 65 13,0 0.001 -1 1 12,1 0.001 -1 0 13,3 0.001 -1 1 0.002 50 13,14 0.001 1 1 12,15 0.001 -1 1 13,13 0.001 1 0 0.004 50 ::f,0,1 f,2,14 f,14,15 f,15,1 
15:0,3 0.001 -1 1 2,2 0.001 -1 -1 1,2 0.001 1 0 0.005 50 3,12 0.001 1 0 3,13 0.001 1 -1 0,13 0.001 1 0 0.0011 65 13,0 0.001 -1 0 12,1 0.001 -1 0 13,3 0.001 -1 1 0.002 50 13,14 0.001 1 1 12,15 0.001 -1 1 13,13 0.001 1 -1 0.0041 65 ::f,0,1 f,2,14 f,12,12 f,15,1 
16:0,3 0.001 -1 0 2,2 0.001 -1 -1 1,2 0.001 1 0 0.005 50 3,12 0.001 1 1 3,13 0.001 1 0 0,13 0.001 1 0 0.0011 65 13,0 0.001 -1 0 12,1 0.001 -1 1 13,3 0.001 -1 0 0.002 50 13,14 0.001 1 0 12,15 0.001 -1 0 13,13 0.001 1 -1 0.0041 65 ::f,0,1 f,2,14 f,12,12 f,15,1 
17:0,3 0.001 -1 0 2,2 0.001 0 -1 1,2 0.001 1 1 0.005 50 3,12 0.001 1 1 3,13 0.001 1 0 0,13 0.001 1 -1 0.0011 65 13,0 0.001 -1 -1 12,1 0.001 -1 1 13,3 0.001 -1 0 0.002 50 14,14 0.001 1 0 12,15 0.001 -1 0 13,13 0.001 0 -1 0.0051 65 ::f,0,1 f,2,14 f,12,12 f,15,1 
18:0,3 0.001 -1 -1 2,2 0.001 0 -1 1,2 0.001 1 1 0.005 50 3,12 0.001 0 1 3,13 0.001 1 1 0,13 0.001 1 -1 0.0011 65 13,0 0.001 -1 -1 12,1 0.001 0 1 13,3 0.001 -1 -1 0.002 50 14,14 0.001 1 0 12,15 0.001 -1 -1 13,13 0.001 0 -1 0.0051 65 ::f,0,1 f,2,14 f,12,12 f,15,1 
19:0,3 0.001 -1 -1 2,2 0.001 1 -1 1,2 0.001 0 1 0.005 50 3,12 0.001 0 1 3,13 0.001 1 1 0,13 0.001 0 -1 0.0011 65 13,0 0.001 0 -1 12,2 0.001 0 1 13,3 0.001 -1 -1 0.003 50 14,14 0.001 1 -1 12,15 0.001 -1 -1 13,13 0.001 -1 -1 0.0051 65 ::f,0,1 f,2,14 f,12,12 f,15,1 
20:0,3 0.001 0 -1 2,2 0.001 1 -1 1,2 0.001 0 1 0.005 50 3,12 0.001 0 1 3,13 0.001 0 1 0,13 0.001 0 -1 0.0011 65 13,0 0.001 0 -1 12,2 0.001 0 1 13,3 0.001 -1 -1 0.003 50 14,14 0.001 1 -1 12,15 0.001 0 -1 13,13 0.001 -1 -1 0.0052 80 ::f,0,1 f,2,14 f,15,1 f,15,12 
21:0,2 0.001 0 -1 2,2 0.001 1 0 1,2 0.001 -1 1 0.006 50 3,12 0.001 -1 1 3,14 0.001 0 1 0,13 0.001 -1 -1 0.0021 65 13,0 0.001 1 -1 12,2 0.001 1 1 13,3 0.001 0 -1 0.003 50 14,14 0.001 0 -1 12,14 0.001 0 -1 13,13 0.001 -1 0 0.0062 80 ::f,0,1 f,2,14 f,15,1 f,15,12 
22:0,2 0.001 0 -1 2,2 0.001 1 0 1,2 0.001 -1 1 0.0061 65 3,12 0.001 -1 1 3,14 0.001 0 1 0,13 0.001 -1 -1 0.0021 65 13,0 0.001 1 -1 12,2 0.001 1 1 13,3 0.001 0 -1 0.003 50 14,13 0.001 0 -1 12,14 0.001 0 -1 13,13 0.001 -1 0 0.0072 80 ::f,2,3 f,2,14 f,15,1 f,15,12 
23:0,2 0.001 1 -1 2,2 0.001 1 1 1,2 0.001 -1 0 0.0061 65 3,12 0.001 -1 0 3,14 0.001 -1 1 0,13 0.001 -1 0 0.0021 65 13,0 0.001 1 0 12,2 0.001 1 0 13,3 0.001 1 -1 0.003 50 14,13 0.001 0 -1 12,14 0.001 1 -1 13,13 0.001 -1 1 0.0072 80 ::f,2,3 f,2,14 f,15,1 f,15,12 
24:0,2 0.001 1 -1 2,2 0.001 1 1 1,2 0.001 -1 0 0.0061 65 3,12 0.001 -1 0 3,14 0.001 -1 1 0,13 0.001 -1 0 0.0021 65 14,0 0.001 1 0 13,2 0.001 1 0 13,3 0.001 1 -1 0.005 50 14,13 0.001 -1 -1 12,14 0.001 1 -1 13,13 0.001 -1 1 0.0072 80 ::f,2,3 f,2,14 f,15,1 f,15,12 
25:0,2 0.001 1 0 2,2 0.001 0 1 1,2 0.001 -1 -1 0.0061 65 3,12 0.001 -1 -1 3,14 0.001 -1 0 0,13 0.001 -1 1 0.0021 65 14,0 0.001 1 0 13,2 0.001 1 0 13,3 0.001 1 0 0.005 50 14,13 0.001 -1 -1 12,14 0.001 1 -1 13,13 0.001 0 1 0.0072 80 ::f,2,3 f,2,14 f,15,1 f,15,12 
26:0,2 0.001 1 0 2,2 0.001 0 1 1,2 0.001 -1 -1 0.0062 80 3,12 0.001 -1 -1 3,14 0.001 -1 0 0,13 0.001 -1 1 0.0021 65 14,0 0.001 1 1 13,2 0.001 1 -1 13,3 0.001 1 0 0.005 50 14,13 0.001 -1 0 12,14 0.001 1 0 13,14 0.001 0 1 0.0082 80 ::f,0,0 f,2,14 f,15,1 f,15,12 
27:0,2 0.001 1 0 2,2 0.001 -1 1 1,2 0.001 0 -1 0.0062 80 3,12 0.001 0 -1 3,14 0.001 -1 0 0,13 0.001 0 1 0.0022 80 14,0 0.001 1 1 14,1 0.001 1 -1 13,3 0.001 1 1 0.0061 65 13,13 0.001 -1 0 12,14 0.001 1 0 13,14 0.001 0 1 0.0092 80 ::f,0,0 f,3,13 f,15,0 f,15,12 
28:0,2 0.001 1 1 2,2 0.001 -1 1 1,1 0.001 0 -1 0.0072 80 3,12 0.001 0 -1 3,14 0.001 -1 -1 0,14 0.001 0 1 0.0032 80 14,0 0.001 0 1 14,1 0.001 1 -1 13,3 0.001 1 1 0.0062 80 13,13 0.001 -1 0 12,14 0.001 1 1 13,14 0.001 1 1 0.0092 80 ::f,0,0 f,3,13 f,13,2 f,15,12 
29:0,2 0.001 1 1 2,2 0.001 -1 0 1,1 0.001 0 -1 0.0072 80 3,12 0.001 1 -1 3,14 0.001 -1 -1 0,14 0.001 0 1 0.0032 80 14,0 0.001 0 1 14,1 0.001 0 -1 13,3 0.001 0 1 0.0062 80 13,13 0.001 -1 1 12,14 0.001 1 1 13,14 0.001 1 1 0.0092 80 ::f,0,0 f,3,13 f,13,2 f,15,12 
30:0,2 0.001 0 1 1,2 0.001 -1 0 1,1 0.001 1 -1 0.0082 80 3,12 0.001 1 -1 3,14 0.001 0 -1 0,14 0.001 1 1 0.0032 80 14,0 0.001 0 1 14,1 0.001 0 -1 13,3 0.001 0 1 0.0062 80 13,13 0.001 -1 1 12,14 0.001 0 1 13,14 0.001 1 0 0.0092 80 ::f,0,0 f,3,13 f,13,2 f,15,12 
31:0,2 0.001 0 1 1,2 0.001 -1 0 1,1 0.001 1 -1 0.0082 80 3,12 0.001 1 0 3,14 0.001 0 -1 0,14 0.001 1 1 0.0032 80 14,0 0.001 -1 1 14,1 0.001 -1 -1 13,3 0.001 -1 1 0.0062 80 13,13 0.001 0 1 12,14 0.001 0 1 14,14 0.001 1 0 0.0102 80 ::f,0,0 f,3,13 f,13,2 f,15,12 
32:0,2 0.001 -1 1 1,2 0.001 -1 -1 1,1 0.001 1 0 0.0082 80 3,12 0.001 1 0 3,14 0.001 0 -1 0,14 0.001 1 0 1.0033 95 14,0 0.001 -1 1 14,1 0.001 -1 -1 13,3 0.001 -1 1 0.0062 80 13,14 0.001 0 1 12,14 0.001 -1 1 14,14 0.001 1 0 0.0112 80 ::f,0,0 f,2,12 f,13,2 f,15,12 
33:0,2 0.001 -1 1 1,2 0.001 -1 -1 2,1 0.001 1 0 0.0092 80 3,12 0.001 1 1 3,14 0.001 1 -1 1,14 0.001 1 0 1.0043 95 14,0 0.001 -1 0 14,1 0.001 -1 0 13,3 0.001 -1 0 0.0062 80 13,14 0.001 0 1 12,14 0.001 -1 1 14,14 0.001 1 -1 0.0112 80 ::f,0,0 f,2,12 f,13,2 f,15,12 
34:0,2 0.001 -1 0 1,2 0.001 0 -1 2,1 0.001 1 0 0.0092 80 3,12 0.001 1 1 3,14 0.001 1 -1 2,14 0.001 1 0 1.0053 95 14,0 0.001 -1 0 13,1 0.001 -1 0 13,3 0.001 -1 0 0.0072 80 13,14 0.001 1 1 12,14 0.001 -1 0 14,14 0.001 1 -1 0.0112 80 ::f,0,0 f,2,12 f,13,2 f,15,12 
35:0,2 0.001 -1 0 1,1 0.001 0 -1 2,1 0.001 1 1 0.0102 80 3,12 0.001 0 1 3,14 0.001 1 0 2,14 0.001 1 0 1.0053 95 14,0 0.001 -1 -1 13,1 0.001 -1 0 13,3 0.001 -1 -1 0.0072 80 13,14 0.001 1 1 12,14 0.001 -1 0 14,14 0.001 0 -1 0.0112 80 ::f,0,0 f,2,12 f,13,2 f,15,12 
36:0,2 0.001 -1 -1 1,1 0.001 0 -1 2,1 0.001 1 1 0.0102 80 3,13 0.001 0 1 3,14 0.001 1 0 2,14 0.001 1 -1 1.0063 95 14,0 0.001 -1 -1 13,1 0.001 -1 1 12,2 0.001 -1 -1 0.0082 80 13,14 0.001 1 0 12,14 0.001 -1 -1 14,13 0.001 0 -1 0.0122 80 ::f,0,0 f,2,12 f,13,2 f,15,12 
37:0,2 0.001 -1 -1 1,1 0.001 1 -1 2,1 0.001 0 1 0.0102 80 3,13 0.001 0 1 3,14 0.001 1 1 2,14 0.001 1 -1 1.0063 95 14,0 0.001 0 -1 13,1 0.001 -1 1 12,2 0.001 -1 -1 0.0082 80 14,14 0.001 1 0 12,14 0.001 -1 -1 14,13 0.001 0 -1 0.0132 80 ::f,0,0 f,2,12 f,13,2 f,15,12 
38:0,2 0.001 0 -1 1,1 0.001 1 -1 2,2 0.001 0 1 0.0112 80 3,13 0.001 -1 1 3,14 0.001 1 1 2,14 0.001 0 -1 1.0063 95 14,0 0.001 0 -1 13,1 0.001 0 1 12,2 0.001 0 -1 0.0082 80 14,14 0.001 1 0 12,14 0.001 0 -1 14,13 0.001 -1 -1 0.0132 80 ::f,0,0 f,2,12 f,13,2 f,15,12 
39:0,1 0.001 0 -1 1,1 0.001 1 0 2,2 0.001 0 1 0.0122 80 3,13 0.001 -1 1 3,14 0.001 0 1 2,13 0.001 0 -1 1.0073 95 14,0 0.001 1 -1 13,1 0.001 0 1 12,1 0.001 0 -1 0.0092 80 14,14 0.001 1 -1 12,13 0.001 0 -1 14,13 0.001 -1 -1 0.0142 80 ::f,0,0 f,2,12 f,13,2 f,15,12 
40:0,1 0.001 0 -1 2,1 0.001 1 0 2,2 0.001 -1 1 1.0133 95 3,13 0.001 -1 0 3,14 0.001 0 1 2,13 0.001 0 -1 2.0074 110 14,0 0.001 1 -1 13,1 0.001 0 1 12,1 0.001 0 -1 1.0093 95 14,14 0.001 1 -1 12,13 0.001 0 -1 14,13 0.001 -1 0 0.0142 80 ::f,1,12 f,2,0 f,12,2 f,15,12 
41:0,1 0.001 1 -1 2,1 0.001 1 0 2,2 0.001 -1 1 1.0133 95 3,13 0.001 -1 0 3,14 0.001 -1 1 2,13 0.001 -1 -1 2.0074 110 14,0 0.001 1 0 13,1 0.001 1 1 12,1 0.001 1 -1 1.0093 95 14,14 0.001 0 -1 12,13 0.001 1 -1 13,13 0.001 -1 0 0.0152 80 ::f,1,12 f,2,0 f,12,2 f,15,12 
42:0,1 0.001 1 -1 2,1 0.001 1 1 2,2 0.001 -1 0 1.0133 95 3,13 0.001 -1 -1 3,14 0.001 -1 1 2,13 0.001 -1 -1 4.0075 125 14,0 0.001 1 0 13,1 0.001 1 1 13,0 0.001 1 -1 1.0103 95 14,13 0.001 0 -1 13,12 0.001 1 -1 13,13 0.001 -1 0 0.0172 80 ::f,0,14 f,2,0 f,12,2 f,15,12 
43:0,1 0.001 1 0 2,1 0.001 1 1 1,2 0.001 -1 0 1.0143 95 3,13 0.001 -1 -1 3,14 0.001 -1 0 2,13 0.001 -1 0 4.0075 125 14,0 0.001 1 1 13,1 0.001 1 0 13,0 0.001 1 -1 1.0103 95 14,13 0.001 0 -1 13,12 0.001 1 -1 13,13 0.001 -1 1 0.0172 80 ::f,0,14 f,2,0 f,12,2 f,15,12 
44:1,1 0.001 1 0 2,1 0.001 0 1 1,2 0.001 -1 0 1.0153 95 3,13 0.001 0 -1 2,14 0.001 -1 0 1,13 0.001 -1 0 4.0095 125 14,0 0.001 1 1 13,1 0.001 1 0 13,0 0.001 1 0 1.0103 95 14,13 0.001 -1 -1 13,12 0.001 1 0 13,13 0.001 -1 1 0.0172 80 ::f,0,14 f,2,0 f,12,2 f,15,12 
45:1,1 0.001 1 0 2,2 0.001 0 1 1,2 0.001 -1 -1 1.0163 95 3,13 0.001 0 -1 1,14 0.001 -1 0 1,13 0.001 -1 0 4.0105 125 14,0 0.001 0 1 13,1 0.001 1 -1 13,0 0.001 1 0 1.0103 95 14,13 0.001 -1 -1 14,12 0.001 1 0 13,13 0.001 0 1 0.0182 80 ::f,0,14 f,2,0 f,12,2 f,15,12 
46:1,1 0.001 1 1 2,2 0.001 0 1 1,2 0.001 -1 -1 1.0163 95 3,13 0.001 1 -1 1,14 0.001 -1 0 1,13 0.001 -1 1 6.0106 140 14,1 0.001 0 1 13,1 0.001 1 -1 13,0 0.001 1 0 1.0113 95 14,13 0.001 -1 0 14,12 0.001 1 0 13,14 0.001 0 1 0.0193 95 ::f,2,0 f,2,12 f,12,2 f,14,15 
47:1,1 0.001 1 1 2,2 0.001 -1 1 1,2 0.001 0 -1 1.0163 95 3,13 0.001 1 -1 1,14 0.001 -1 -1 1,13 0.001 -1 1 6.0106 140 14,1 0.001 0 1 13,1 0.001 0 -1 13,0 0.001 1 1 1.0113 95 13,13 0.001 -1 0 14,12 0.001 1 1 13,14 0.001 0 1 0.0203 95 ::f,2,0 f,2,12 f,12,2 f,14,15 
48:1,1 0.001 0 1 2,2 0.001 -1 1 1,2 0.001 0 -1 1.0163 95 3,13 0.001 1 0 1,14 0.001 -1 -1 1,13 0.001 0 1 6.0106 140 14,1 0.001 -1 1 13,1 0.001 0 -1 13,0 0.001 1 1 1.0113 95 13,13 0.001 -1 0 15,13 0.001 1 1 13,14 0.001 1 1 0.0213 95 ::f,2,0 f,2,12 f,12,2 f,14,15 
49:1,1 0.001 0 1 2,2 0.001 -1 0 1,2 0.001 0 -1 1.0163 95 3,13 0.001 1 0 1,14 0.001 0 -1 1,13 0.001 0 1 6.0106 140 14,1 0.001 -1 1 13,1 0.001 -1 -1 13,0 0.001 0 1 1.0113 95 13,13 0.001 -1 1 15,13 0.001 1 1 13,14 0.001 1 1 1.0214 110 ::f,2,0 f,2,12 f,12,2 f,14,13 
50:1,1 0.001 -1 1 2,2 0.001 -1 0 1,2 0.001 1 -1 1.0163 95 3,13 0.001 1 1 1,14 0.001 0 -1 1,13 0.001 0 1 6.0106 140 14,1 0.001 -1 0 13,1 0.001 -1 -1 13,0 0.001 0 1 1.0113 95 13,13 0.001 -1 1 15,13 0.001 0 1 13,14 0.001 1 0 1.0214 110 ::f,2,0 f,2,12 f,12,2 f,14,13 
51:1,1 0.001 -1 1 2,2 0.001 -1 0 1,2 0.001 1 -1 1.0163 95 3,13 0.001 1 1 1,14 0.001 0 -1 1,13 0.001 1 1 6.0106 140 14,1 0.001 -1 0 13,1 0.001 -1 0 13,0 0.001 0 1 1.0113 95 13,13 0.001 0 1 15,14 0.001 0 1 14,14 0.001 1 0 1.0234 110 ::f,2,0 f,2,12 f,12,2 f,14,13 
52:1,1 0.001 -1 0 2,2 0.001 -1 -1 1,2 0.001 1 0 1.0163 95 3,13 0.001 0 1 1,14 0.001 1 -1 1,13 0.001 1 1 6.0106 140 14,1 0.001 -1 -1 13,1 0.001 -1 0 13,0 0.001 -1 1 1.0113 95 13,14 0.001 0 1 15,14 0.001 0 1 14,14 0.001 1 0 1.0244 110 ::f,2,0 f,2,12 f,12,2 f,14,13 
53:1,1 0.001 -1 0 2,2 0.001 -1 -1 1,2 0.001 1 0 1.0163 95 3,14 0.001 0 1 1,14 0.001 1 -1 1,13 0.001 1 0 6.0116 140 14,1 0.001 -1 -1 13,1 0.001 -1 1 13,0 0.001 -1 1 1.0113 95 13,14 0.001 0 1 15,14 0.001 -1 1 14,14 0.001 1 -1 1.0244 110 ::f,2,0 f,2,12 f,12,2 f,14,13 
54:1,1 0.001 -1 -1 2,2 0.001 0 -1 1,2 0.001 1 1 1.0163 95 3,14 0.001 0 1 1,14 0.001 1 0 1,13 0.001 1 0 6.0116 140 14,1 0.001 0 -1 13,1 0.001 -1 1 13,0 0.001 -1 0 3.0114 110 13,14 0.001 1 1 14,15 0.001 -1 1 14,14 0.001 1 -1 1.0254 110 ::f,2,0 f,2,12 f,14,13 f,15,2 
55:1,1 0.001 -1 -1 2,1 0.001 0 -1 1,2 0.001 1 1 1.0173 95 3,14 0.001 -1 1 2,14 0.001 1 0 1,13 0.001 1 -1 6.0126 140 14,1 0.001 0 -1 13,1 0.001 0 1 13,0 0.001 -1 0 3.0114 110 13,14 0.001 1 1 14,15 0.001 -1 1 14,14 0.001 0 -1 1.0254 110 ::f,2,0 f,2,12 f,14,13 f,15,2 
56:1,1 0.001 0 -1 2,1 0.001 0 -1 1,2 0.001 0 1 2.0174 110 3,14 0.001 -1 1 2,14 0.001 1 0 1,13 0.001 1 -1 9.0127 155 14,1 0.001 1 -1 13,2 0.001 0 1 13,0 0.001 -1 -1 3.0124 110 13,14 0.001 1 0 14,15 0.001 -1 0 14,14 0.001 0 -1 1.0254 110 ::f,0,3 f,2,12 f,14,13 f,15,2 
57:1,1 0.001 0 -1 2,1 0.001 1 -1 1,2 0.001 0 1 2.0174 110 3,14 0.001 -1 0 2,14 0.001 1 1 1,13 0.001 0 -1 9.0127 155 14,1 0.001 1 -1 13,2 0.001 0 1 13,0 0.001 -1 -1 3.0124 110 13,14 0.001 1 0 13,15 0.001 -1 0 14,14 0.001 0 -1 3.0265 125 ::f,0,3 f,2,12 f,12,13 f,15,2 
58:1,1 0.001 1 -1 2,1 0.001 1 -1 1,2 0.001 -1 1 2.0174 110 3,14 0.001 -1 0 2,14 0.001 1 1 1,13 0.001 0 -1 9.0127 155 14,1 0.001 1 0 13,2 0.001 1 1 13,0 0.001 0 -1 3.0124 110 13,14 0.001 1 0 13,15 0.001 -1 0 14,14 0.001 -1 -1 3.0265 125 ::f,0,3 f,2,12 f,12,13 f,15,2 
59:1,1 0.001 1 -1 2,1 0.001 1 0 1,2 0.001 -1 1 2.0175 125 3,14 0.001 -1 0 2,14 0.001 0 1 1,13 0.001 -1 -1 9.0127 155 14,1 0.001 1 0 13,2 0.001 1 1 13,0 0.001 0 -1 3.0124 110 13,14 0.001 1 -1 13,15 0.001 -1 -1 14,14 0.001 -1 -1 3.0265 125 ::f,0,1 f,2,12 f,12,13 f,15,2 
60:1,1 0.001 1 0 2,1 0.001 1 0 1,2 0.001 -1 0 2.0175 125 3,14 0.001 -1 -1 2,14 0.001 0 1 1,13 0.001 -1 -1 9.0127 155 14,1 0.001 1 1 13,2 0.001 1 0 13,0 0.001 1 -1 3.0124 110 13,14 0.001 1 -1 12,14 0.001 -1 -1 14,14 0.001 -1 0 3.0275 125 ::f,0,1 f,2,12 f,12,13 f,15,2 
61:1,1 0.001 1 0 2,1 0.001 1 1 1,2 0.001 -1 0 2.0175 125 3,14 0.001 -1 -1 2,14 0.001 -1 1 1,13 0.001 -1 0 9.0127 155 14,1 0.001 1 1 14,2 0.001 1 0 13,0 0.001 1 -1 4.0135 125 13,14 0.001 0 -1 12,14 0.001 -1 -1 14,14 0.001 -1 0 3.0275 125 ::f,0,1 f,2,12 f,12,13 f,15,2 
62:1,1 0.001 1 0 2,1 0.001 1 1 1,2 0.001 -1 -1 2.0175 125 3,14 0.001 0 -1 2,14 0.001 -1 1 1,13 0.001 -1 0 9.0127 155 14,1 0.001 0 1 14,2 0.001 1 0 13,0 0.001 1 0 7.0136 140 13,14 0.001 0 -1 12,14 0.001 0 -1 14,14 0.001 -1 0 3.0275 125 ::f,0,1 f,2,12 f,12,13 f,13,3 
63:1,1 0.001 1 1 2,1 0.001 0 1 1,2 0.001 -1 -1 3.0176 140 3,14 0.001 0 -1 2,14 0.001 -1 0 1,13 0.001 -1 1 9.0127 155 14,1 0.001 0 1 14,2 0.001 1 -1 14,0 0.001 1 0 7.0146 140 13,14 0.001 -1 -1 12,14 0.001 0 -1 14,14 0.001 -1 1 3.0275 125 ::f,0,2 f,2,12 f,12,13 f,13,3 
64:1,1 0.001 1 1 2,2 0.001 0 1 1,2 0.001 0 -1 3.0186 140 3,14 0.001 1 -1 1,14 0.001 -1 0 1,13 0.001 -1 1 9.0137 155 14,1 0.001 0 1 14,2 0.001 1 -1 14,0 0.001 1 0 7.0146 140 13,14 0.001 -1 -1 12,14 0.001 0 -1 14,14 0.001 -1 1 4.0276 140 ::f,0,2 f,2,12 f,13,3 f,13,13 
65:1,1 0.001 0 1 2,2 0.001 0 1 1,2 0.001 0 -1 3.0186 140 3,14 0.001 1 -1 1,14 0.001 -1 0 1,13 0.001 0 1 9.0137 155 14,1 0.001 -1 1 14,2 0.001 0 -1 14,0 0.001 1 1 7.0146 140 13,14 0.001 -1 0 12,14 0.001 1 -1 14,14 0.001 0 1 4.0276 140 ::f,0,2 f,2,12 f,13,3 f,13,13 
66:1,1 0.001 0 1 2,2 0.001 -1 1 1,2 0.001 0 -1 3.0186 140 3,14 0.001 1 0 1,14 0.001 -1 -1 1,13 0.001 0 1 9.0137 155 14,1 0.001 -1 1 14,2 0.001 0 -1 15,1 0.001 1 1 7.0156 140 13,14 0.001 -1 0 12,14 0.001 1 -1 14,14 0.001 0 1 5.0277 155 ::f,0,2 f,2,12 f,12,15 f,13,3 
67:1,1 0.001 -1 1 2,2 0.001 -1 1 1,2 0.001 1 -1 3.0186 140 3,14 0.001 1 0 1,14 0.001 -1 -1 1,13 0.001 0 1 9.0137 155 14,1 0.001 -1 0 14,2 0.001 0 -1 15,1 0.001 1 1 7.0156 140 13,14 0.001 -1 1 12,14 0.001 1 0 14,14 0.001 1 1 5.0277 155 ::f,0,2 f,2,12 f,12,15 f,13,3 
68:1,1 0.001 -1 1 2,2 0.001 -1 0 1,2 0.001 1 -1 7.0188 170 3,14 0.001 1 1 1,14 0.001 0 -1 1,13 0.001 1 1 9.0137 155 14,1 0.001 -1 0 14,2 0.001 -1 -1 15,1 0.001 0 1 7.0156 140 13,14 0.001 -1 1 12,14 0.001 1 0 14,14 0.001 1 1 7.0278 170 ::f,0,1 f,2,12 f,13,3 f,14,15 
69:1,1 0.001 -1 0 2,2 0.001 -1 0 1,2 0.001 1 0 7.0188 170 3,14 0.001 1 1 1,14 0.001 0 -1 1,13 0.001 1 1 9.0137 155 14,1 0.001 -1 -1 14,2 0.001 -1 -1 15,2 0.001 0 1 7.0166 140 13,14 0.001 0 1 12,14 0.001 1 0 14,14 0.001 1 0 7.0278 170 ::f,0,1 f,2,12 f,13,3 f,14,15 
70:1,1 0.001 -1 0 2,2 0.001 -1 0 1,2 0.001 1 0 10.0189 185 3,14 0.001 0 1 1,14 0.001 0 -1 1,13 0.001 1 0 9.0137 155 14,1 0.001 -1 -1 14,2 0.001 -1 0 15,2 0.001 0 1 7.0166 140 13,14 0.001 0 1 12,14 0.001 1 1 14,14 0.001 1 0 7.0278 170 ::f,0,1 f,2,12 f,13,3 f,14,15 
71:1,1 0.001 -1 -1 2,2 0.001 -1 -1 1,2 0.001 1 1 10.0189 185 3,14 0.001 0 1 1,14 0.001 1 -1 1,13 0.001 1 0 9.0137 155 14,1 0.001 0 -1 14,2 0.001 -1 0 15,2 0.001 -1 1 7.0166 140 13,14 0.001 1 1 12,14 0.001 1 1 14,14 0.001 1 -1 7.0278 170 ::f,0,1 f,2,12 f,13,3 f,14,15 
72:1,1 0.001 -1 -1 2,2 0.001 -1 -1 1,2 0.001 1 1 10.0189 185 3,14 0.001 -1 1 1,14 0.001 1 -1 1,13 0.001 1 -1 9.0137 155 14,1 0.001 0 -1 14,2 0.001 -1 1 14,3 0.001 -1 1 7.0176 140 13,14 0.001 1 1 12,14 0.001 0 1 14,14 0.001 1 -1 10.0279 185 ::f,0,1 f,2,12 f,13,3 f,14,12 
73:1,1 0.001 0 -1 2,2 0.001 0 -1 1,2 0.001 0 1 10.0189 185 3,14 0.001 -1 1 1,14 0.001 1 0 1,13 0.001 1 -1 13.0138 170 14,1 0.001 1 -1 14,2 0.001 -1 1 14,3 0.001 -1 1 11.0177 155 13,14 0.001 1 0 12,14 0.001 0 1 14,14 0.001 0 -1 10.0279 185 ::f,0,1 f,1,15 f,13,3 f,14,12 
74:1,1 0.001 0 -1 2,2 0.001 0 -1 1,2 0.001 0 1 10.0189 185 3,14 0.001 -1 0 2,14 0.001 1 0 1,13 0.001 0 -1 13.0148 170 14,1 0.001 1 -1 14,2 0.001 0 1 14,3 0.001 -1 0 11.0177 155 13,14 0.001 1 0 12,14 0.001 -1 1 14,13 0.001 0 -1 10.0289 185 ::f,0,1 f,1,15 f,13,3 f,14,12 
75:1,1 0.001 1 -1 2,2 0.001 1 -1 1,2 0.001 -1 1 10.0189 185 3,14 0.001 -1 0 2,14 0.001 1 0 1,13 0.001 0 -1 13.0148 170 14,1 0.001 1 0 14,2 0.001 0 1 14,3 0.001 -1 0 11.0177 155 13,14 0.001 1 0 12,14 0.001 -1 1 14,13 0.001 0 -1 13.029 200 ::f,0,1 f,1,15 f,13,3 f,13,15 
76:1,1 0.001 1 -1 2,2 0.001 1 -1 1,2 0.001 -1 1 10.0189 185 3,14 0.001 -1 0 2,14 0.001 1 1 1,13 0.001 -1 -1 13.0148 170 14,1 0.001 1 0 14,2 0.001 1 1 14,3 0.001 -1 0 11.0178 170 13,14 0.001 1 -1 12,14 0.001 -1 0 14,13 0.001 -1 -1 13.029 200 ::f,0,1 f,1,15 f,13,3 f,13,15 
77:1,1 0.001 1 0 2,2 0.001 1 0 1,2 0.001 -1 0 10.0189 185 3,14 0.001 -1 -1 2,14 0.001 1 1 1,13 0.001 -1 -1 13.0148 170 14,1 0.001 1 1 14,2 0.001 1 1 14,3 0.001 -1 -1 11.0178 170 13,14 0.001 1 -1 12,14 0.001 -1 0 14,13 0.001 -1 -1 13.029 200 ::f,0,1 f,1,15 f,13,3 f,13,15 
78:2,1 0.001 1 0 2,2 0.001 1 0 1,2 0.001 -1 0 10.0199 185 3,14 0.001 -1 -1 2,14 0.001 0 1 1,13 0.001 -1 0 13.0148 170 14,1 0.001 1 1 14,2 0.001 1 0 14,3 0.001 -1 -1 11.0178 170 13,14 0.001 0 -1 12,14 0.001 -1 -1 14,13 0.001 -1 0 13.029 200 ::f,0,1 f,1,15 f,13,3 f,13,15 
79:2,1 0.001 1 0 2,2 0.001 1 1 1,2 0.001 -1 -1 10.0199 185 3,14 0.001 0 -1 2,14 0.001 0 1 1,13 0.001 -1 0 13.0148 170 14,1 0.001 0 1 14,2 0.001 1 0 14,3 0.001 0 -1 11.0178 170 13,14 0.001 0 -1 12,14 0.001 -1 -1 13,13 0.001 -1 0 13.03 200 ::f,0,1 f,1,15 f,13,3 f,13,15 
80:2,1 0.001 1 1 2,2 0.001 1 1 1,2 0.001 -1 -1 13.02 200 3,14 0.001 0 -1 2,14 0.001 -1 1 1,13 0.001 -1 1 13.0148 170 14,1 0.001 0 1 14,2 0.001 1 -1 14,3 0.001 0 -1 11.0178 170 13,14 0.001 -1 -1 12,14 0.001 0 -1 13,13 0.001 -1 0 13.03 200 ::f,1,0 f,1,15 f,13,3 f,13,15 
81:2,1 0.001 1 1 2,2 0.001 0 1 1,2 0.001 0 -1 13.02 200 3,14 0.001 1 -1 2,14 0.001 -1 1 1,13 0.001 -1 1 16.0149 185 14,1 0.001 0 1 14,2 0.001 1 -1 14,3 0.001 1 -1 11.0178 170 13,14 0.001 -1 -1 12,13 0.001 0 -1 13,13 0.001 -1 1 13.031 200 ::f,1,0 f,3,12 f,13,3 f,13,15 
82:2,1 0.001 0 1 2,2 0.001 0 1 1,1 0.001 0 -1 13.021 200 3,14 0.001 1 -1 2,14 0.001 -1 0 1,13 0.001 0 1 16.0149 185 14,1 0.001 -1 1 14,2 0.001 0 -1 14,3 0.001 1 -1 11.0178 170 13,14 0.001 -1 0 12,13 0.001 0 -1 13,13 0.001 -1 1 13.031 200 ::f,1,0 f,3,12 f,13,3 f,13,15 
83:2,1 0.001 0 1 2,2 0.001 -1 1 1,1 0.001 0 -1 17.0211 215 3,14 0.001 1 0 1,14 0.001 -1 0 1,13 0.001 0 1 16.0159 185 14,1 0.001 -1 1 14,2 0.001 0 -1 14,3 0.001 1 0 11.0178 170 13,14 0.001 -1 0 12,13 0.001 1 -1 13,13 0.001 0 1 13.031 200 ::f,2,0 f,3,12 f,13,3 f,13,15 
84:2,1 0.001 0 1 2,2 0.001 -1 1 1,1 0.001 1 -1 17.0211 215 3,14 0.001 1 0 1,14 0.001 -1 0 1,13 0.001 0 1 16.0159 185 14,1 0.001 -1 0 14,2 0.001 0 -1 14,3 0.001 1 0 11.0178 170 13,14 0.001 -1 1 13,12 0.001 1 -1 13,13 0.001 0 1 13.032 200 ::f,2,0 f,3,12 f,13,3 f,13,15 
85:2,1 0.001 -1 1 2,2 0.001 -1 0 1,1 0.001 1 -1 22.0212 230 3,14 0.001 1 1 1,14 0.001 -1 -1 1,13 0.001 1 1 16.0159 185 14,1 0.001 -1 0 14,2 0.001 -1 -1 14,3 0.001 1 1 11.0178 170 13,14 0.001 -1 1 13,12 0.001 1 -1 13,13 0.001 0 1 13.032 200 ::f,3,2 f,3,12 f,13,3 f,13,15 
86:2,1 0.001 -1 1 1,2 0.001 -1 0 1,1 0.001 1 0 22.0222 230 3,14 0.001 1 1 1,14 0.001 -1 -1 1,13 0.001 1 1 16.0159 185 14,1 0.001 -1 -1 14,2 0.001 -1 -1 14,3 0.001 1 1 11.0178 170 13,14 0.001 0 1 13,12 0.001 1 0 13,13 0.001 1 1 13.032 200 ::f,3,2 f,3,12 f,13,3 f,13,15 
87:2,1 0.001 -1 0 1,2 0.001 -1 0 1,1 0.001 1 0 22.0222 230 3,14 0.001 0 1 1,14 0.001 0 -1 1,13 0.001 1 0 16.0159 185 14,1 0.001 -1 -1 14,2 0.001 -1 0 14,3 0.001 0 1 11.0178 170 13,14 0.001 0 1 14,12 0.001 1 0 13,13 0.001 1 1 21.0332 230 ::f,3,2 f,3,12 f,13,3 f,15,13 
88:2,1 0.001 -1 0 1,2 0.001 -1 -1 1,1 0.001 1 0 22.0222 230 3,14 0.001 0 1 1,14 0.001 0 -1 1,13 0.001 1 0 16.0159 185 14,1 0.001 0 -1 14,2 0.001 -1 0 14,3 0.001 0 1 11.0178 170 13,14 0.001 1 1 14,12 0.001 1 0 13,13 0.001 1 0 21.0332 230 ::f,3,2 f,3,12 f,13,3 f,15,13 
89:2,1 0.001 -1 -1 1,2 0.001 -1 -1 1,1 0.001 1 1 22.0222 230 3,14 0.001 -1 1 1,14 0.001 0 -1 1,13 0.001 1 -1 16.0159 185 14,1 0.001 0 -1 14,2 0.001 -1 1 14,3 0.001 -1 1 11.0178 170 13,14 0.001 1 1 14,12 0.001 1 1 14,13 0.001 1 0 21.0342 230 ::f,3,2 f,3,12 f,13,3 f,15,13 
90:2,1 0.001 -1 -1 1,2 0.001 0 -1 1,1 0.001 1 1 22.0222 230 3,14 0.001 -1 1 1,14 0.001 1 -1 1,13 0.001 1 -1 16.0159 185 14,1 0.001 1 -1 14,2 0.001 -1 1 14,3 0.001 -1 1 16.0179 185 13,14 0.001 1 0 14,12 0.001 1 1 14,13 0.001 1 0 26.0343 245 ::f,3,2 f,3,12 f,13,0 f,14,14 
91:2,1 0.001 0 -1 1,2 0.001 0 -1 1,1 0.001 0 1 22.0222 230 3,14 0.001 -1 0 2,13 0.001 1 -1 1,13 0.001 0 -1 16.0169 185 14,1 0.001 1 -1 14,2 0.001 0 1 14,3 0.001 -1 0 16.0179 185 13,14 0.001 1 0 14,12 0.001 1 1 14,13 0.001 1 -1 26.0343 245 ::f,3,2 f,3,12 f,13,0 f,14,14 
92:2,1 0.001 0 -1 1,2 0.001 0 -1 1,1 0.001 0 1 22.0222 230 2,14 0.001 -1 0 2,13 0.001 1 -1 1,13 0.001 0 -1 20.018 200 14,1 0.001 1 0 14,2 0.001 0 1 13,3 0.001 -1 0 16.0189 185 13,14 0.001 1 0 14,12 0.001 0 1 14,13 0.001 1 -1 31.0344 260 ::f,1,14 f,3,2 f,13,0 f,13,13 
93:2,1 0.001 1 -1 1,2 0.001 1 -1 1,1 0.001 -1 1 22.0222 230 2,14 0.001 -1 0 2,13 0.001 1 0 1,13 0.001 -1 -1 20.0181 215 14,1 0.001 1 0 14,2 0.001 1 1 13,3 0.001 -1 0 16.0189 185 13,14 0.001 1 -1 14,12 0.001 0 1 14,13 0.001 0 -1 31.0344 260 ::f,3,2 f,3,14 f,13,0 f,13,13 
94:2,1 0.001 1 -1 1,2 0.001 1 -1 1,1 0.001 -1 1 22.0222 230 2,14 0.001 -1 -1 2,13 0.001 1 0 1,13 0.001 -1 -1 20.0181 215 14,1 0.001 1 1 14,2 0.001 1 1 13,3 0.001 -1 -1 16.0189 185 13,14 0.001 1 -1 14,12 0.001 0 1 14,13 0.001 0 -1 31.0344 260 ::f,3,2 f,3,14 f,13,0 f,13,13 
95:2,1 0.001 1 0 1,2 0.001 1 0 1,1 0.001 -1 0 22.0222 230 2,14 0.001 -1 -1 2,13 0.001 1 1 1,13 0.001 -1 0 20.0181 215 14,1 0.001 1 1 14,2 0.001 1 0 12,2 0.001 -1 -1 16.0199 185 13,14 0.001 0 -1 14,12 0.001 -1 1 14,13 0.001 -1 -1 31.0344 260 ::f,3,2 f,3,14 f,13,0 f,13,13 
96:2,1 0.001 1 0 2,2 0.001 1 0 1,1 0.001 -1 0 22.0232 230 2,14 0.001 0 -1 2,13 0.001 1 1 1,13 0.001 -1 0 25.0182 230 14,1 0.001 0 1 14,2 0.001 1 0 12,2 0.001 -1 -1 16.0199 185 13,14 0.001 0 -1 14,12 0.001 -1 1 14,13 0.001 -1 -1 37.0345 275 ::f,0,15 f,3,2 f,13,0 f,15,15 
97:2,1 0.001 1 1 2,2 0.001 1 0 1,1 0.001 -1 -1 24.0233 245 2,14 0.001 0 -1 2,13 0.001 0 1 1,13 0.001 -1 1 25.0182 230 14,1 0.001 0 1 14,2 0.001 1 -1 12,2 0.001 0 -1 16.0199 185 13,14 0.001 -1 -1 14,12 0.001 -1 0 14,13 0.001 -1 0 37.0345 275 ::f,0,15 f,1,0 f,13,0 f,15,15 
98:2,1 0.001 1 1 2,2 0.001 1 1 1,1 0.001 -1 -1 24.0233 245 2,14 0.001 1 -1 2,13 0.001 0 1 1,13 0.001 -1 1 25.0182 230 14,1 0.001 0 1 14,2 0.001 1 -1 12,1 0.001 0 -1 16.0209 185 13,14 0.001 -1 -1 14,12 0.001 -1 0 13,13 0.001 -1 0 37.0355 275 ::f,0,15 f,1,0 f,13,0 f,15,15 
99:2,1 0.001 0 1 2,2 0.001 1 1 1,1 0.001 0 -1 24.0233 245 2,14 0.001 1 -1 2,13 0.001 0 1 1,13 0.001 0 1 25.0182 230 14,1 0.001 -1 1 14,2 0.001 0 -1 12,1 0.001 0 -1 16.0209 185 13,14 0.001 -1 0 14,12 0.001 -1 -1 13,13 0.001 -1 0 37.0355 275 ::f,0,15 f,1,0 f,13,0 f,15,15 
100:2,1 0.001 0 1 2,2 0.001 0 1 1,1 0.001 0 -1 30.0234 260 2,14 0.001 1 0 2,13 0.001 -1 1 1,14 0.001 0 1 25.0192 230 14,1 0.001 -1 1 14,2 0.001 0 -1 12,1 0.001 1 -1 16.0209 185 13,14 0.001 -1 0 14,12 0.001 -1 -1 13,13 0.001 -1 1 37.0355 275 ::f,0,15 f,2,0 f,13,0 f,15,15 
101:2,1 0.001 0 1 2,2 0.001 0 1 1,1 0.001 1 -1 30.0234 260 2,14 0.001 1 0 2,13 0.001 -1 1 1,14 0.001 0 1 25.0192 230 14,1 0.001 -1 0 14,2 0.001 0 -1 12,1 0.001 1 -1 16.0209 185 13,14 0.001 -1 1 14,12 0.001 0 -1 13,13 0.001 -1 1 37.0355 275 ::f,0,15 f,2,0 f,13,0 f,15,15 
102:2,1 0.001 -1 1 2,2 0.001 -1 1 1,1 0.001 1 -1 37.0235 275 2,14 0.001 1 1 2,13 0.001 -1 1 1,14 0.001 1 1 25.0192 230 13,1 0.001 -1 0 14,2 0.001 -1 -1 12,1 0.001 1 -1 17.022 200 13,14 0.001 -1 1 14,12 0.001 0 -1 13,13 0.001 0 1 37.0355 275 ::f,0,15 f,1,0 f,14,0 f,15,15 
103:2,1 0.001 -1 1 2,2 0.001 -1 1 1,1 0.001 1 0 37.0235 275 2,14 0.001 1 1 2,13 0.001 -1 0 1,14 0.001 1 1 25.0192 230 13,1 0.001 -1 0 14,2 0.001 -1 -1 13,0 0.001 1 -1 17.023 200 13,14 0.001 0 1 14,12 0.001 1 -1 13,13 0.001 0 1 37.0355 275 ::f,0,15 f,1,0 f,14,0 f,15,15 
104:2,1 0.001 -1 0 2,2 0.001 -1 0 1,1 0.001 1 0 37.0235 275 2,14 0.001 0 1 2,13 0.001 -1 0 1,14 0.001 1 0 25.0192 230 13,1 0.001 -1 -1 14,2 0.001 -1 0 13,0 0.001 1 -1 17.023 200 13,14 0.001 0 1 14,12 0.001 1 -1 13,13 0.001 0 1 37.0355 275 ::f,0,15 f,1,0 f,14,0 f,15,15 
105:2,1 0.001 -1 0 1,2 0.001 -1 0 1,1 0.001 1 0 37.0245 275 2,14 0.001 0 1 2,13 0.001 -1 -1 1,14 0.001 1 0 25.0192 230 13,1 0.001 -1 -1 14,2 0.001 -1 0 13,0 0.001 1 0 17.023 200 13,14 0.001 1 1 14,12 0.001 1 0 13,13 0.001 1 1 37.0355 275 ::f,0,15 f,1,0 f,14,0 f,15,15 
106:2,1 0.001 -1 -1 1,2 0.001 -1 0 1,1 0.001 1 1 37.0245 275 2,14 0.001 -1 1 2,13 0.001 -1 -1 1,14 0.001 1 0 25.0192 230 13,1 0.001 0 -1 14,2 0.001 -1 1 13,0 0.001 1 0 17.023 200 13,14 0.001 1 1 14,12 0.001 1 0 14,14 0.001 1 1 37.0365 275 ::f,0,15 f,1,0 f,14,0 f,15,15 
107:2,1 0.001 -1 -1 1,2 0.001 -1 -1 1,1 0.001 1 1 41.0246 290 2,14 0.001 -1 1 2,13 0.001 0 -1 1,14 0.001 1 -1 25.0192 230 13,1 0.001 0 -1 14,2 0.001 -1 1 13,0 0.001 1 0 19.0231 215 13,14 0.001 1 0 14,12 0.001 1 1 14,14 0.001 1 1 43.0366 290 ::f,0,15 f,1,0 f,13,15 f,15,1 
108:2,1 0.001 0 -1 1,2 0.001 -1 -1 1,1 0.001 0 1 41.0246 290 2,14 0.001 -1 0 2,13 0.001 0 -1 1,14 0.001 1 -1 25.0192 230 13,1 0.001 1 -1 14,2 0.001 0 1 14,0 0.001 1 0 19.0241 215 13,14 0.001 1 0 15,13 0.001 1 1 14,14 0.001 1 0 43.0376 290 ::f,0,15 f,1,0 f,13,15 f,15,1 
109:2,1 0.001 0 -1 1,2 0.001 0 -1 1,1 0.001 0 1 41.0246 290 2,14 0.001 -1 0 2,13 0.001 1 -1 1,14 0.001 0 -1 25.0192 230 13,1 0.001 1 -1 14,2 0.001 0 1 14,0 0.001 1 0 19.0241 215 13,14 0.001 1 0 15,13 0.001 1 1 14,14 0.001 1 0 43.0376 290 ::f,0,15 f,1,0 f,13,15 f,15,1 
110:2,1 0.001 1 -1 1,2 0.001 0 -1 1,1 0.001 -1 1 41.0246 290 2,14 0.001 -1 0 2,13 0.001 1 -1 1,14 0.001 0 -1 25.0192 230 13,1 0.001 1 0 14,2 0.001 1 1 14,0 0.001 1 1 19.0241 215 13,14 0.001 1 -1 15,13 0.001 0 1 14,14 0.001 1 -1 43.0376 290 ::f,0,15 f,1,0 f,13,15 f,15,1 
111:2,1 0.001 1 -1 1,2 0.001 0 -1 1,1 0.001 -1 1 41.0246 290 2,14 0.001 -1 -1 2,13 0.001 1 0 1,14 0.001 -1 -1 25.0192 230 14,1 0.001 1 0 14,2 0.001 1 1 14,0 0.001 1 1 19.0251 215 13,14 0.001 1 -1 15,14 0.001 0 1 14,14 0.001 1 -1 43.0386 290 ::f,0,15 f,1,0 f,13,15 f,15,1 
112:2,1 0.001 1 0 1,2 0.001 1 -1 1,1 0.001 -1 0 41.0246 290 2,14 0.001 -1 -1 2,13 0.001 1 0 1,14 0.001 -1 -1 25.0192 230 14,1 0.001 1 0 14,2 0.001 1 0 14,0 0.001 1 1 21.0252 230 13,14 0.001 0 -1 15,14 0.001 0 1 14,14 0.001 0 -1 43.0386 290 ::f,0,15 f,1,0 f,12,3 f,13,15 
113:2,1 0.001 1 0 1,2 0.001 1 -1 1,1 0.001 -1 0 41.0246 290 2,14 0.001 0 -1 2,13 0.001 1 1 1,14 0.001 -1 0 25.0192 230 14,1 0.001 1 1 14,2 0.001 1 0 14,0 0.001 0 1 21.0252 230 13,14 0.001 0 -1 15,14 0.001 -1 1 14,13 0.001 0 -1 43.0396 290 ::f,0,15 f,1,0 f,12,3 f,13,15 
114:2,1 0.001 1 1 1,2 0.001 1 0 1,1 0.001 -1 -1 41.0246 290 2,14 0.001 0 -1 2,13 0.001 1 1 1,14 0.001 -1 0 25.0192 230 14,1 0.001 1 1 14,2 0.001 1 -1 14,0 0.001 0 1 21.0252 230 13,14 0.001 -1 -1 14,15 0.001 -1 1 14,13 0.001 0 -1 43.0406 290 ::f,0,15 f,1,0 f,12,3 f,13,15 
115:2,1 0.001 1 1 1,2 0.001 1 0 1,1 0.001 -1 -1 41.0246 290 2,14 0.001 1 -1 2,13 0.001 0 1 1,14 0.001 -1 1 25.0192 230 14,1 0.001 0 1 14,2 0.001 1 -1 14,0 0.001 -1 1 21.0252 230 13,14 0.001 -1 -1 14,15 0.001 -1 1 14,13 0.001 -1 -1 43.0406 290 ::f,0,15 f,1,0 f,12,3 f,13,15 
116:2,1 0.001 0 1 1,2 0.001 1 1 1,1 0.001 0 -1 41.0246 290 2,14 0.001 1 -1 2,13 0.001 0 1 1,14 0.001 -1 1 30.0193 245 14,1 0.001 0 1 14,2 0.001 0 -1 14,0 0.001 -1 1 21.0252 230 13,14 0.001 -1 0 14,15 0.001 -1 0 14,13 0.001 -1 -1 43.0406 290 ::f,1,0 f,2,12 f,12,3 f,13,15 
117:2,2 0.001 0 1 1,2 0.001 1 1 1,1 0.001 0 -1 49.0257 305 2,14 0.001 1 0 2,13 0.001 0 1 1,14 0.001 0 1 30.0193 245 14,1 0.001 0 1 14,2 0.001 0 -1 14,0 0.001 -1 0 21.0252 230 13,14 0.001 -1 0 14,15 0.001 -1 0 14,13 0.001 -1 0 43.0406 290 ::f,0,3 f,2,12 f,12,3 f,13,15 
118:2,2 0.001 0 1 1,2 0.001 0 1 1,1 0.001 1 -1 49.0257 305 2,14 0.001 1 0 2,13 0.001 -1 1 1,14 0.001 0 1 30.0193 245 14,1 0.001 -1 1 14,2 0.001 0 -1 14,0 0.001 -1 0 21.0252 230 13,14 0.001 -1 1 14,15 0.001 -1 0 13,13 0.001 -1 0 45.0417 305 ::f,0,3 f,2,12 f,12,3 f,15,12 
119:2,2 0.001 -1 1 1,2 0.001 0 1 1,1 0.001 1 -1 49.0257 305 2,14 0.001 1 1 2,13 0.001 -1 1 1,14 0.001 1 1 30.0193 245 13,2 0.001 -1 1 14,2 0.001 -1 -1 14,0 0.001 -1 -1 21.0262 230 13,14 0.001 -1 1 14,15 0.001 -1 -1 13,13 0.001 -1 0 45.0417 305 ::f,0,3 f,2,12 f,12,3 f,15,12 
120:2,2 0.001 -1 1 1,2 0.001 -1 1 1,1 0.001 1 0 49.0257 305 2,14 0.001 1 1 2,13 0.001 -1 0 1,14 0.001 1 1 30.0193 245 13,2 0.001 -1 1 14,2 0.001 -1 -1 14,0 0.001 -1 -1 24.0263 245 13,14 0.001 0 1 14,15 0.001 -1 -1 13,13 0.001 -1 1 45.0417 305 ::f,0,3 f,2,12 f,12,3 f,15,12 
121:2,2 0.001 -1 0 1,2 0.001 -1 1 2,1 0.001 1 0 52.0268 320 2,14 0.001 0 1 2,13 0.001 -1 0 1,14 0.001 1 0 30.0193 245 13,2 0.001 -1 0 14,2 0.001 -1 0 14,0 0.001 0 -1 24.0263 245 13,14 0.001 0 1 14,15 0.001 -1 -1 13,13 0.001 -1 1 45.0417 305 ::f,0,2 f,2,12 f,12,3 f,15,12 
122:2,2 0.001 -1 0 1,2 0.001 -1 0 2,1 0.001 1 0 52.0268 320 2,14 0.001 0 1 2,13 0.001 -1 -1 1,14 0.001 1 0 30.0193 245 13,2 0.001 -1 0 14,2 0.001 -1 0 14,0 0.001 0 -1 24.0263 245 13,14 0.001 1 1 14,15 0.001 0 -1 13,13 0.001 0 1 45.0417 305 ::f,0,2 f,2,12 f,12,3 f,15,12 
123:2,2 0.001 -1 0 1,2 0.001 -1 0 2,1 0.001 1 1 56.0269 335 2,14 0.001 -1 1 2,13 0.001 -1 -1 1,14 0.001 1 0 30.0193 245 13,2 0.001 -1 -1 14,2 0.001 -1 1 14,0 0.001 1 -1 24.0263 245 13,14 0.001 1 1 14,15 0.001 0 -1 13,13 0.001 0 1 45.0417 305 ::f,2,3 f,2,12 f,12,3 f,15,12 
124:2,2 0.001 -1 -1 1,2 0.001 -1 -1 2,1 0.001 1 1 56.0269 335 2,14 0.001 -1 1 2,13 0.001 0 -1 1,14 0.001 1 -1 30.0193 245 13,2 0.001 -1 -1 14,2 0.001 -1 1 14,0 0.001 1 -1 24.0263 245 13,14 0.001 1 0 14,15 0.001 1 -1 13,13 0.001 0 1 45.0417 305 ::f,2,3 f,2,12 f,12,3 f,15,12 
125:2,2 0.001 0 -1 1,2 0.001 -1 -1 2,1 0.001 0 1 56.0269 335 2,14 0.001 -1 0 2,13 0.001 0 -1 1,14 0.001 1 -1 36.0194 260 13,2 0.001 0 -1 14,2 0.001 0 1 14,0 0.001 1 0 24.0263 245 14,14 0.001 1 0 14,15 0.001 1 -1 13,13 0.001 1 1 45.0427 305 ::f,2,3 f,2,15 f,12,3 f,15,12 
126:2,2 0.001 0 -1 1,2 0.001 0 -1 2,1 0.001 0 1 56.0269 335 2,14 0.001 -1 0 2,13 0.001 1 -1 1,14 0.001 0 -1 36.0194 260 13,1 0.001 0 -1 14,2 0.001 0 1 14,0 0.001 1 0 24.0273 245 14,14 0.001 1 0 14,15 0.001 1 0 13,13 0.001 1 1 45.0427 305 ::f,2,3 f,2,15 f,12,3 f,15,12 
127:2,2 0.001 1 -1 1,1 0.001 0 -1 2,1 0.001 0 1 56.0279 335 2,14 0.001 -1 0 2,13 0.001 1 -1 1,14 0.001 0 -1 36.0194 260 13,1 0.001 0 -1 14,2 0.001 1 1 14,0 0.001 1 1 24.0273 245 14,14 0.001 1 -1 14,15 0.001 1 0 13,13 0.001 1 0 45.0427 305 ::f,2,3 f,2,15 f,12,3 f,15,12 
128:2,2 0.001 1 -1 1,1 0.001 0 -1 2,1 0.001 -1 1 56.0279 335 2,14 0.001 -1 -1 2,13 0.001 1 0 1,14 0.001 -1 -1 36.0194 260 13,1 0.001 1 -1 14,2 0.001 1 1 15,1 0.001 1 1 24.0283 245 14,14 0.001 1 -1 14,15 0.001 1 1 13,13 0.001 1 0 45.0427 305 ::f,2,3 f,2,15 f,12,3 f,15,12 
129:2,2 0.001 1 0 1,1 0.001 1 -1 2,1 0.001 -1 1 56.0279 335 2,14 0.001 -1 -1 2,13 0.001 1 0 1,14 0.001 -1 -1 36.0194 260 13,1 0.001 1 -1 14,2 0.001 1 0 15,1 0.001 1 1 24.0283 245 14,14 0.001 0 -1 14,15 0.001 1 1 13,13 0.001 1 -1 45.0427 305 ::f,2,3 f,2,15 f,12,3 f,15,12 
130:2,2 0.001 1 0 1,1 0.001 1 -1 2,1 0.001 -1 0 56.0279 335 2,14 0.001 0 -1 2,13 0.001 1 1 1,14 0.001 -1 0 36.0194 260 13,1 0.001 1 0 14,2 0.001 1 0 15,1 0.001 0 1 24.0283 245 14,13 0.001 0 -1 14,15 0.001 0 1 13,13 0.001 1 -1 45.0437 305 ::f,2,3 f,2,15 f,12,3 f,15,12 
131:2,2 0.001 1 1 1,1 0.001 1 0 2,1 0.001 -1 0 56.0279 335 2,14 0.001 0 -1 2,13 0.001 1 1 1,14 0.001 -1 0 36.0194 260 14,1 0.001 1 0 14,2 0.001 1 -1 15,2 0.001 0 1 24.0303 245 14,13 0.001 0 -1 14,15 0.001 0 1 13,13 0.001 0 -1 45.0437 305 ::f,2,3 f,2,15 f,12,3 f,15,12 
132:2,2 0.001 1 1 1,1 0.001 1 0 2,1 0.001 -1 -1 56.0279 335 2,14 0.001 1 -1 2,13 0.001 0 1 1,14 0.001 -1 1 36.0194 260 14,1 0.001 1 0 14,2 0.001 1 -1 15,2 0.001 0 1 24.0303 245 14,13 0.001 -1 -1 14,15 0.001 -1 1 13,13 0.001 0 -1 45.0437 305 ::f,2,3 f,2,15 f,12,3 f,15,12 
133:2,2 0.001 0 1 1,1 0.001 1 0 2,1 0.001 -1 -1 56.0279 335 2,14 0.001 1 -1 2,13 0.001 0 1 1,14 0.001 -1 1 36.0194 260 14,1 0.001 1 1 14,2 0.001 0 -1 15,2 0.001 -1 1 24.0303 245 14,13 0.001 -1 -1 14,15 0.001 -1 1 13,13 0.001 -1 -1 45.0437 305 ::f,2,3 f,2,15 f,12,3 f,15,12 
134:2,2 0.001 0 1 1,1 0.001 1 0 2,1 0.001 0 -1 61.028 350 2,14 0.001 1 0 2,13 0.001 0 1 1,14 0.001 0 1 36.0194 260 14,1 0.001 1 1 14,2 0.001 0 -1 14,3 0.001 -1 1 24.0313 245 14,13 0.001 -1 0 14,15 0.001 -1 0 13,13 0.001 -1 -1 45.0437 305 ::f,2,15 f,3,1 f,12,3 f,15,12 
135:2,2 0.001 -1 1 1,1 0.001 1 0 2,1 0.001 0 -1 61.028 350 2,14 0.001 1 0 2,13 0.001 -1 1 1,14 0.001 0 1 36.0194 260 14,1 0.001 0 1 14,2 0.001 0 -1 14,3 0.001 -1 1 24.0313 245 14,13 0.001 -1 0 13,15 0.001 -1 0 13,13 0.001 -1 0 45.0447 305 ::f,2,15 f,3,1 f,12,3 f,15,12 
136:2,2 0.001 -1 1 1,1 0.001 1 1 2,1 0.001 1 -1 61.028 350 2,14 0.001 1 1 2,13 0.001 -1 1 1,14 0.001 1 1 36.0194 260 14,1 0.001 0 1 14,2 0.001 -1 -1 14,3 0.001 -1 0 24.0313 245 14,13 0.001 -1 0 13,15 0.001 -1 0 13,13 0.001 -1 0 45.0447 305 ::f,2,15 f,3,1 f,12,3 f,15,12 
137:2,2 0.001 -1 0 1,1 0.001 1 1 2,1 0.001 1 -1 61.028 350 2,14 0.001 1 1 2,13 0.001 -1 0 1,14 0.001 1 1 42.0195 275 14,1 0.001 0 1 14,2 0.001 -1 -1 13,3 0.001 -1 0 24.0323 245 14,13 0.001 -1 1 13,15 0.001 -1 -1 13,13 0.001 -1 1 45.0447 305 ::f,1,15 f,3,1 f,12,3 f,15,12 
138:1,2 0.001 -1 0 1,1 0.001 0 1 2,1 0.001 1 0 61.029 350 2,14 0.001 0 1 2,13 0.001 -1 0 1,14 0.001 1 0 42.0195 275 14,1 0.001 -1 1 14,2 0.001 -1 0 13,3 0.001 -1 0 27.0324 260 14,13 0.001 -1 1 12,14 0.001 -1 -1 13,13 0.001 -1 1 45.0457 305 ::f,1,15 f,3,1 f,15,2 f,15,12 
139:1,2 0.001 -1 0 1,1 0.001 0 1 2,1 0.001 1 0 70.0291 365 2,14 0.001 0 1 2,13 0.001 -1 -1 1,14 0.001 1 0 42.0195 275 14,1 0.001 -1 0 14,2 0.001 -1 0 13,3 0.001 -1 -1 27.0324 260 14,13 0.001 0 1 12,14 0.001 -1 -1 13,13 0.001 0 1 45.0457 305 ::f,0,3 f,1,15 f,15,2 f,15,12 
140:1,2 0.001 -1 -1 1,1 0.001 -1 1 2,1 0.001 1 1 70.0291 365 2,14 0.001 -1 1 2,13 0.001 -1 -1 1,14 0.001 1 0 42.0195 275 14,1 0.001 -1 0 14,2 0.001 -1 1 12,2 0.001 -1 -1 27.0334 260 14,13 0.001 0 1 12,14 0.001 0 -1 13,14 0.001 0 1 45.0467 305 ::f,0,3 f,1,15 f,15,2 f,15,12 
141:1,2 0.001 -1 -1 1,1 0.001 -1 1 2,1 0.001 1 1 70.0291 365 2,14 0.001 -1 1 2,13 0.001 0 -1 1,14 0.001 1 -1 43.0196 290 14,1 0.001 -1 -1 14,2 0.001 -1 1 12,2 0.001 -1 -1 27.0334 260 14,13 0.001 1 1 12,13 0.001 0 -1 13,14 0.001 0 1 45.0477 305 ::f,0,3 f,0,12 f,15,2 f,15,12 
142:1,2 0.001 0 -1 1,1 0.001 -1 0 2,1 0.001 0 1 70.0291 365 2,14 0.001 -1 0 2,13 0.001 0 -1 1,14 0.001 1 -1 43.0196 290 14,1 0.001 -1 -1 14,2 0.001 0 1 12,2 0.001 0 -1 27.0334 260 14,13 0.001 1 1 12,13 0.001 0 -1 13,14 0.001 1 1 45.0477 305 ::f,0,3 f,0,12 f,15,2 f,15,12 
143:1,2 0.001 0 -1 1,1 0.001 -1 0 2,2 0.001 0 1 70.0301 365 2,14 0.001 -1 0 2,13 0.001 1 -1 1,14 0.001 0 -1 43.0196 290 14,1 0.001 0 -1 14,2 0.001 0 1 12,1 0.001 0 -1 27.0344 260 14,13 0.001 1 0 12,13 0.001 1 -1 13,14 0.001 1 1 45.0477 305 ::f,0,3 f,0,12 f,15,2 f,15,12 
144:1,2 0.001 0 -1 1,1 0.001 -1 -1 2,2 0.001 0 1 70.0301 365 2,14 0.001 -1 0 2,13 0.001 1 -1 1,14 0.001 0 -1 43.0196 290 14,1 0.001 0 -1 14,2 0.001 1 1 12,1 0.001 0 -1 27.0344 260 14,13 0.001 1 0 13,12 0.001 1 -1 13,14 0.001 1 0 45.0487 305 ::f,0,3 f,0,12 f,15,2 f,15,12 
145:1,2 0.001 1 -1 1,1 0.001 -1 -1 2,2 0.001 -1 1 70.0301 365 2,14 0.001 -1 -1 2,13 0.001 1 0 1,14 0.001 -1 -1 43.0196 290 14,1 0.001 1 -1 14,2 0.001 1 1 12,1 0.001 1 -1 27.0344 260 14,13 0.001 1 -1 13,12 0.001 1 -1 14,14 0.001 1 0 45.0497 305 ::f,0,3 f,0,12 f,15,2 f,15,12 
146:1,2 0.001 1 -1 1,1 0.001 0 -1 2,2 0.001 -1 1 70.0301 365 1,13 0.001 -1 -1 2,13 0.001 1 0 1,14 0.001 -1 -1 43.0206 290 14,1 0.001 1 -1 14,2 0.001 1 0 13,0 0.001 1 -1 27.0354 260 14,13 0.001 1 -1 13,12 0.001 1 0 14,14 0.001 1 0 52.0498 320 ::f,0,3 f,0,12 f,15,2 f,15,13 
147:1,2 0.001 1 0 1,1 0.001 0 -1 2,2 0.001 -1 0 70.0301 365 1,13 0.001 -1 -1 2,13 0.001 1 1 1,14 0.001 -1 0 45.0207 305 14,1 0.001 1 0 14,2 0.001 1 0 13,0 0.001 1 -1 33.0355 275 14,13 0.001 0 -1 14,12 0.001 1 0 14,14 0.001 1 -1 52.0508 320 ::f,0,3 f,1,12 f,14,0 f,15,13 
148:1,2 0.001 1 0 1,1 0.001 1 -1 2,2 0.001 -1 0 70.0301 365 1,13 0.001 0 -1 2,13 0.001 1 1 1,14 0.001 -1 0 45.0207 305 14,1 0.001 1 0 14,2 0.001 1 -1 13,0 0.001 1 0 33.0355 275 14,13 0.001 0 -1 14,12 0.001 1 0 14,14 0.001 1 -1 59.0509 335 ::f,0,3 f,1,12 f,13,14 f,14,0 
149:1,2 0.001 1 1 1,1 0.001 1 -1 2,2 0.001 -1 0 70.0301 365 1,13 0.001 0 -1 2,13 0.001 0 1 1,14 0.001 -1 1 48.0208 320 14,1 0.001 1 1 14,2 0.001 1 -1 13,0 0.001 1 0 33.0355 275 14,13 0.001 -1 -1 14,12 0.001 1 1 14,14 0.001 0 -1 59.0509 335 ::f,0,3 f,1,15 f,13,14 f,14,0 
150:1,2 0.001 1 1 1,1 0.001 1 0 2,2 0.001 -1 -1 70.0301 365 1,13 0.001 1 -1 2,14 0.001 0 1 1,14 0.001 -1 1 48.0218 320 14,1 0.001 1 1 14,2 0.001 0 -1 13,0 0.001 1 0 37.0356 290 14,13 0.001 -1 -1 15,13 0.001 1 1 14,14 0.001 0 -1 59.0519 335 ::f,0,3 f,1,15 f,13,14 f,15,0 
151:1,2 0.001 0 1 2,1 0.001 1 0 2,2 0.001 -1 -1 70.0311 365 1,13 0.001 1 -1 2,14 0.001 0 1 1,14 0.001 0 1 48.0218 320 14,1 0.001 0 1 14,2 0.001 0 -1 13,0 0.001 1 1 37.0356 290 14,13 0.001 -1 0 15,13 0.001 1 1 14,14 0.001 0 -1 59.0519 335 ::f,0,3 f,1,15 f,13,14 f,15,0 
152:1,2 0.001 0 1 2,1 0.001 1 0 2,2 0.001 0 -1 70.0311 365 1,13 0.001 1 0 2,14 0.001 -1 1 1,14 0.001 0 1 55.0219 335 14,1 0.001 0 1 14,2 0.001 0 -1 13,0 0.001 1 1 37.0356 290 13,13 0.001 -1 0 15,13 0.001 0 1 14,14 0.001 -1 -1 59.0529 335 ::f,0,3 f,3,15 f,13,14 f,15,0 
153:1,2 0.001 -1 1 2,1 0.001 1 1 2,2 0.001 0 -1 70.0311 365 2,13 0.001 1 0 2,14 0.001 -1 1 1,14 0.001 1 1 55.0229 335 14,1 0.001 0 1 14,2 0.001 -1 -1 13,0 0.001 1 1 37.0356 290 13,13 0.001 -1 0 15,14 0.001 0 1 14,14 0.001 -1 -1 59.0539 335 ::f,0,3 f,3,15 f,13,14 f,15,0 
154:1,2 0.001 -1 1 2,1 0.001 1 1 2,2 0.001 1 -1 76.0312 380 2,13 0.001 1 0 2,14 0.001 -1 0 1,14 0.001 1 1 55.0229 335 14,1 0.001 -1 1 14,2 0.001 -1 -1 13,0 0.001 0 1 37.0356 290 13,13 0.001 -1 1 15,14 0.001 0 1 14,14 0.001 -1 0 59.0539 335 ::f,3,1 f,3,15 f,13,14 f,15,0 
155:1,2 0.001 -1 0 2,1 0.001 0 1 2,2 0.001 1 -1 86.0313 395 2,13 0.001 1 1 2,14 0.001 -1 0 1,14 0.001 1 0 55.0229 335 14,1 0.001 -1 1 14,2 0.001 -1 0 13,0 0.001 0 1 37.0356 290 13,13 0.001 -1 1 15,14 0.001 -1 1 14,14 0.001 -1 0 67.054 350 ::f,0,3 f,3,15 f,13,15 f,15,0 
156:1,2 0.001 -1 0 2,1 0.001 0 1 2,2 0.001 1 0 86.0313 395 2,13 0.001 1 1 2,14 0.001 -1 0 1,14 0.001 1 0 55.0229 335 14,1 0.001 -1 0 14,2 0.001 -1 0 13,0 0.001 -1 1 37.0356 290 13,13 0.001 0 1 14,15 0.001 -1 1 14,14 0.001 -1 1 67.055 350 ::f,0,3 f,3,15 f,13,15 f,15,0 
157:1,2 0.001 -1 -1 2,1 0.001 0 1 2,2 0.001 1 0 86.0313 395 2,13 0.001 0 1 2,14 0.001 -1 -1 1,14 0.001 1 0 55.0229 335 14,1 0.001 -1 0 14,2 0.001 -1 1 13,0 0.001 -1 1 37.0356 290 13,14 0.001 0 1 14,15 0.001 -1 1 14,14 0.001 -1 1 76.0561 365 ::f,0,3 f,3,15 f,12,14 f,15,0 
158:1,2 0.001 -1 -1 2,1 0.001 -1 1 2,2 0.001 1 1 86.0313 395 2,13 0.001 0 1 2,14 0.001 -1 -1 1,14 0.001 1 -1 55.0229 335 14,1 0.001 -1 -1 14,2 0.001 -1 1 13,0 0.001 -1 0 37.0356 290 13,14 0.001 0 1 14,15 0.001 -1 0 14,14 0.001 0 1 76.0561 365 ::f,0,3 f,3,15 f,12,14 f,15,0 
159:1,2 0.001 0 -1 2,1 0.001 -1 1 2,2 0.001 1 1 86.0313 395 2,13 0.001 0 1 2,14 0.001 0 -1 1,14 0.001 1 -1 55.0229 335 14,1 0.001 -1 -1 14,2 0.001 0 1 13,0 0.001 -1 0 37.0356 290 13,14 0.001 1 1 13,15 0.001 -1 0 14,14 0.001 0 1 76.0571 365 ::f,0,3 f,3,15 f,12,14 f,15,0 
160:1,1 0.001 0 -1 2,1 0.001 -1 1 2,2 0.001 0 1 86.0323 395 2,13 0.001 -1 1 2,14 0.001 0 -1 1,14 0.001 0 -1 55.0229 335 14,1 0.001 0 -1 14,2 0.001 0 1 13,0 0.001 -1 -1 37.0356 290 13,14 0.001 1 1 13,15 0.001 -1 0 14,14 0.001 1 1 76.0571 365 ::f,0,3 f,3,15 f,12,14 f,15,0 
161:1,1 0.001 0 -1 2,1 0.001 -1 0 2,2 0.001 0 1 86.0323 395 2,13 0.001 -1 1 2,14 0.001 1 -1 1,14 0.001 0 -1 55.0229 335 14,1 0.001 0 -1 14,2 0.001 1 1 13,0 0.001 -1 -1 37.0356 290 13,14 0.001 1 0 13,15 0.001 -1 -1 14,14 0.001 1 1 76.0571 365 ::f,0,3 f,3,15 f,12,14 f,15,0 
162:1,1 0.001 1 -1 2,1 0.001 -1 0 2,2 0.001 -1 1 86.0323 395 2,13 0.001 -1 0 2,14 0.001 1 -1 1,14 0.001 -1 -1 55.0229 335 14,1 0.001 1 -1 14,2 0.001 1 1 13,0 0.001 0 -1 37.0356 290 13,14 0.001 1 0 13,15 0.001 -1 -1 14,14 0.001 1 0 76.0571 365 ::f,0,3 f,3,15 f,12,14 f,15,0 
163:1,1 0.001 1 -1 2,1 0.001 -1 -1 2,2 0.001 -1 1 86.0323 395 2,13 0.001 -1 0 2,14 0.001 1 0 1,14 0.001 -1 -1 55.0229 335 14,1 0.001 1 -1 14,2 0.001 1 0 13,0 0.001 0 -1 41.0357 305 13,14 0.001 1 0 13,15 0.001 -1 -1 14,14 0.001 1 0 79.0572 380 ::f,0,3 f,3,15 f,13,12 f,15,1 
164:1,1 0.001 1 0 2,1 0.001 -1 -1 2,2 0.001 -1 0 86.0323 395 2,13 0.001 -1 -1 2,14 0.001 1 0 1,14 0.001 -1 0 55.0229 335 14,1 0.001 1 0 14,2 0.001 1 0 13,0 0.001 1 -1 41.0357 305 13,14 0.001 1 -1 13,15 0.001 0 -1 14,14 0.001 1 -1 79.0572 380 ::f,0,3 f,3,15 f,13,12 f,15,1 
165:1,1 0.001 1 0 2,1 0.001 0 -1 1,2 0.001 -1 0 86.0333 395 2,13 0.001 -1 -1 2,14 0.001 1 1 1,14 0.001 -1 0 55.0229 335 14,1 0.001 1 0 14,2 0.001 1 -1 13,0 0.001 1 -1 46.0358 320 13,14 0.001 1 -1 13,15 0.001 0 -1 14,14 0.001 1 -1 79.0572 380 ::f,0,3 f,3,15 f,13,12 f,15,1 
166:1,1 0.001 1 0 2,1 0.001 0 -1 1,2 0.001 -1 0 86.0333 395 2,13 0.001 0 -1 2,14 0.001 1 1 1,14 0.001 -1 1 62.023 350 14,1 0.001 1 1 14,2 0.001 1 -1 13,0 0.001 1 0 53.0359 335 13,14 0.001 0 -1 13,15 0.001 1 -1 14,14 0.001 0 -1 79.0572 380 ::f,0,3 f,3,13 f,13,12 f,15,3 
167:1,1 0.001 1 1 2,1 0.001 1 -1 1,2 0.001 -1 -1 86.0333 395 2,13 0.001 0 -1 2,14 0.001 0 1 1,14 0.001 -1 1 62.023 350 14,1 0.001 1 1 14,2 0.001 0 -1 14,0 0.001 1 0 53.0369 335 13,13 0.001 0 -1 13,15 0.001 1 -1 14,13 0.001 0 -1 79.0592 380 ::f,0,3 f,3,13 f,13,12 f,15,3 
168:1,1 0.001 1 1 2,1 0.001 1 -1 1,2 0.001 -1 -1 86.0333 395 2,13 0.001 1 -1 2,14 0.001 0 1 1,14 0.001 0 1 62.023 350 14,1 0.001 0 1 14,2 0.001 0 -1 14,0 0.001 1 0 53.0369 335 13,13 0.001 0 -1 13,15 0.001 1 0 14,13 0.001 0 -1 87.0593 395 ::f,0,3 f,3,13 f,12,12 f,15,3 
169:1,1 0.001 0 1 2,1 0.001 1 0 1,2 0.001 0 -1 86.0333 395 2,13 0.001 1 -1 2,14 0.001 -1 1 1,14 0.001 0 1 62.023 350 14,1 0.001 0 1 14,2 0.001 0 -1 14,0 0.001 1 1 53.0369 335 13,13 0.001 -1 -1 13,15 0.001 1 0 14,13 0.001 -1 -1 87.0593 395 ::f,0,3 f,3,13 f,12,12 f,15,3 
170:1,1 0.001 0 1 2,1 0.001 1 0 1,2 0.001 0 -1 86.0333 395 2,13 0.001 1 0 2,14 0.001 -1 1 1,14 0.001 1 1 62.023 350 14,1 0.001 0 1 14,2 0.001 -1 -1 15,1 0.001 1 1 53.0379 335 13,13 0.001 -1 -1 13,15 0.001 1 1 14,13 0.001 -1 -1 96.0594 410 ::f,0,3 f,3,13 f,12,12 f,15,3 
171:1,1 0.001 -1 1 2,1 0.001 1 1 1,2 0.001 0 -1 86.0333 395 2,13 0.001 1 0 2,14 0.001 -1 0 1,14 0.001 1 1 66.0231 365 14,1 0.001 -1 1 14,2 0.001 -1 -1 15,1 0.001 1 1 53.0379 335 13,13 0.001 -1 0 13,15 0.001 1 1 14,13 0.001 -1 0 96.0594 410 ::f,0,3 f,3,12 f,12,12 f,15,3 
172:1,1 0.001 -1 1 2,1 0.001 1 1 1,2 0.001 1 -1 86.0333 395 2,13 0.001 1 1 2,14 0.001 -1 0 1,14 0.001 1 0 66.0231 365 14,1 0.001 -1 1 14,2 0.001 -1 0 15,1 0.001 0 1 53.0379 335 13,13 0.001 -1 0 13,15 0.001 0 1 14,13 0.001 -1 0 96.0594 410 ::f,0,3 f,3,12 f,12,12 f,15,3 
173:1,1 0.001 -1 0 2,1 0.001 0 1 1,2 0.001 1 -1 86.0333 395 2,13 0.001 1 1 2,14 0.001 -1 0 1,14 0.001 1 0 66.0231 365 14,1 0.001 -1 0 14,2 0.001 -1 0 15,2 0.001 0 1 53.0389 335 13,13 0.001 -1 1 13,15 0.001 0 1 14,13 0.001 -1 0 96.0594 410 ::f,0,3 f,3,12 f,12,12 f,15,3 
174:1,1 0.001 -1 0 2,2 0.001 0 1 1,2 0.001 1 0 86.0343 395 2,13 0.001 0 1 2,14 0.001 -1 -1 1,14 0.001 1 0 66.0231 365 14,1 0.001 -1 0 14,2 0.001 -1 1 15,2 0.001 0 1 58.039 350 13,13 0.001 -1 1 13,15 0.001 -1 1 14,13 0.001 -1 1 96.0594 410 ::f,0,3 f,3,12 f,12,12 f,15,1 
175:1,1 0.001 -1 -1 2,2 0.001 0 1 1,2 0.001 1 0 86.0343 395 2,13 0.001 0 1 2,14 0.001 -1 -1 1,14 0.001 1 -1 66.0231 365 14,1 0.001 -1 -1 14,2 0.001 -1 1 15,2 0.001 -1 1 58.039 350 13,13 0.001 0 1 13,15 0.001 -1 1 14,13 0.001 -1 1 96.0594 410 ::f,0,3 f,3,12 f,12,12 f,15,1 
176:1,1 0.001 -1 -1 2,2 0.001 -1 1 1,2 0.001 1 1 86.0343 395 2,13 0.001 0 1 2,14 0.001 0 -1 1,14 0.001 1 -1 66.0231 365 14,1 0.001 -1 -1 14,2 0.001 0 1 14,3 0.001 -1 1 58.04 350 13,14 0.001 0 1 13,15 0.001 -1 0 14,13 0.001 0 1 96.0604 410 ::f,0,3 f,3,12 f,12,12 f,15,1 
177:1,1 0.001 0 -1 2,2 0.001 -1 1 1,2 0.001 1 1 86.0343 395 2,13 0.001 -1 1 2,14 0.001 0 -1 1,14 0.001 1 -1 66.0231 365 14,1 0.001 0 -1 14,2 0.001 0 1 14,3 0.001 -1 1 58.04 350 13,14 0.001 0 1 13,15 0.001 -1 0 14,13 0.001 0 1 96.0604 410 ::f,0,3 f,3,12 f,12,12 f,15,1 
178:1,1 0.001 0 -1 2,2 0.001 -1 0 1,2 0.001 0 1 86.0343 395 2,13 0.001 -1 1 2,14 0.001 1 -1 1,14 0.001 0 -1 66.0231 365 14,1 0.001 0 -1 14,2 0.001 1 1 14,3 0.001 -1 0 58.04 350 13,14 0.001 1 1 13,15 0.001 -1 -1 14,13 0.001 1 1 96.0604 410 ::f,0,3 f,3,12 f,12,12 f,15,1 
179:1,1 0.001 1 -1 2,2 0.001 -1 0 1,2 0.001 0 1 86.0343 395 2,13 0.001 -1 0 2,14 0.001 1 -1 1,14 0.001 0 -1 66.0231 365 14,1 0.001 1 -1 14,2 0.001 1 1 13,3 0.001 -1 0 58.041 350 13,14 0.001 1 1 12,14 0.001 -1 -1 14,13 0.001 1 1 96.0614 410 ::f,0,3 f,3,12 f,12,12 f,15,1 
180:1,1 0.001 1 -1 2,2 0.001 -1 0 1,2 0.001 -1 1 86.0343 395 2,13 0.001 -1 0 2,14 0.001 1 0 1,14 0.001 -1 -1 66.0231 365 14,1 0.001 1 -1 14,2 0.001 1 0 13,3 0.001 -1 0 58.041 350 13,14 0.001 1 0 12,14 0.001 -1 -1 14,13 0.001 1 0 96.0614 410 ::f,0,3 f,3,12 f,12,12 f,15,1 
181:1,1 0.001 1 0 2,2 0.001 -1 -1 1,2 0.001 -1 1 96.0344 410 2,13 0.001 -1 -1 2,14 0.001 1 0 1,14 0.001 -1 -1 66.0231 365 14,1 0.001 1 0 14,2 0.001 1 0 13,3 0.001 -1 -1 58.041 350 14,14 0.001 1 0 12,14 0.001 0 -1 14,13 0.001 1 0 96.0624 410 ::f,3,0 f,3,12 f,12,12 f,15,1 
182:2,1 0.001 1 0 2,2 0.001 -1 -1 1,2 0.001 -1 0 96.0354 410 2,13 0.001 -1 -1 2,14 0.001 1 1 1,14 0.001 -1 0 66.0231 365 14,1 0.001 1 0 14,2 0.001 1 -1 12,2 0.001 -1 -1 64.0421 365 14,14 0.001 1 0 12,13 0.001 0 -1 14,13 0.001 1 -1 96.0634 410 ::f,3,0 f,3,12 f,12,12 f,14,0 
183:2,1 0.001 1 0 2,2 0.001 0 -1 1,2 0.001 -1 0 96.0354 410 2,13 0.001 0 -1 2,14 0.001 1 1 1,14 0.001 -1 0 66.0231 365 14,1 0.001 1 1 14,2 0.001 1 -1 12,2 0.001 -1 -1 64.0421 365 14,14 0.001 1 -1 12,13 0.001 0 -1 14,13 0.001 1 -1 100.064 425 ::f,3,0 f,3,12 f,14,0 f,14,15 
184:2,1 0.001 1 1 2,2 0.001 0 -1 1,2 0.001 -1 -1 96.0354 410 2,13 0.001 0 -1 2,14 0.001 0 1 1,14 0.001 -1 1 66.0231 365 14,1 0.001 1 1 14,2 0.001 0 -1 12,2 0.001 0 -1 64.0421 365 14,14 0.001 1 -1 12,13 0.001 1 -1 14,13 0.001 0 -1 100.064 425 ::f,3,0 f,3,12 f,14,0 f,14,15 
185:2,1 0.001 1 1 2,2 0.001 1 -1 1,2 0.001 -1 -1 96.0354 410 2,13 0.001 1 -1 2,14 0.001 0 1 1,14 0.001 -1 1 66.0231 365 14,1 0.001 0 1 14,2 0.001 0 -1 12,1 0.001 0 -1 64.0431 365 14,14 0.001 0 -1 13,12 0.001 1 -1 14,13 0.001 0 -1 100.065 425 ::f,3,0 f,3,12 f,14,0 f,14,15 
186:2,1 0.001 0 1 2,2 0.001 1 -1 1,2 0.001 0 -1 96.0354 410 2,13 0.001 1 -1 2,14 0.001 -1 1 1,14 0.001 0 1 71.0232 380 14,1 0.001 0 1 14,2 0.001 0 -1 12,1 0.001 0 -1 64.0431 365 14,14 0.001 0 -1 13,12 0.001 1 -1 14,13 0.001 -1 -1 100.065 425 ::f,2,15 f,3,0 f,14,0 f,14,15 
187:2,1 0.001 0 1 2,2 0.001 1 0 1,1 0.001 0 -1 96.0364 410 2,13 0.001 1 0 2,14 0.001 -1 1 1,14 0.001 0 1 71.0232 380 14,1 0.001 0 1 14,2 0.001 -1 -1 12,1 0.001 1 -1 64.0431 365 14,14 0.001 0 -1 13,12 0.001 1 0 14,13 0.001 -1 -1 100.065 425 ::f,2,15 f,3,0 f,14,0 f,14,15 
188:2,1 0.001 0 1 2,2 0.001 1 0 1,1 0.001 0 -1 96.0364 410 2,13 0.001 1 0 2,14 0.001 -1 0 1,14 0.001 1 1 71.0232 380 14,1 0.001 -1 1 14,2 0.001 -1 -1 13,0 0.001 1 -1 64.0441 365 14,14 0.001 -1 -1 14,12 0.001 1 0 14,13 0.001 -1 0 100.066 425 ::f,2,15 f,3,0 f,14,0 f,14,15 
189:2,1 0.001 -1 1 2,2 0.001 1 1 1,1 0.001 1 -1 96.0364 410 2,13 0.001 1 1 2,14 0.001 -1 0 1,14 0.001 1 1 79.0233 395 14,1 0.001 -1 1 14,2 0.001 -1 0 13,0 0.001 1 -1 64.0441 365 14,14 0.001 -1 -1 14,12 0.001 1 0 13,13 0.001 -1 0 100.067 425 ::f,3,0 f,3,14 f,14,0 f,14,15 
190:2,1 0.001 -1 1 2,2 0.001 1 1 1,1 0.001 1 -1 96.0364 410 2,13 0.001 1 1 2,14 0.001 -1 0 1,14 0.001 1 0 85.0234 410 14,1 0.001 -1 0 14,2 0.001 -1 0 13,0 0.001 1 0 64.0441 365 14,14 0.001 -1 0 14,12 0.001 1 1 13,13 0.001 -1 0 100.067 425 ::f,1,15 f,3,0 f,14,0 f,14,15 
191:2,1 0.001 -1 0 2,2 0.001 0 1 1,1 0.001 1 0 96.0364 410 2,13 0.001 0 1 2,14 0.001 -1 -1 1,14 0.001 1 0 85.0234 410 14,1 0.001 -1 0 14,2 0.001 -1 1 13,0 0.001 1 0 64.0441 365 14,14 0.001 -1 0 15,13 0.001 1 1 13,13 0.001 -1 1 100.068 425 ::f,1,15 f,3,0 f,14,0 f,14,15 
192:2,1 0.001 -1 0 2,2 0.001 0 1 1,1 0.001 1 0 96.0364 410 2,13 0.001 0 1 2,14 0.001 -1 -1 1,14 0.001 1 0 85.0234 410 14,1 0.001 -1 -1 14,2 0.001 -1 1 13,0 0.001 1 0 70.0442 380 14,14 0.001 -1 1 15,13 0.001 1 1 13,13 0.001 -1 1 100.068 425 ::f,1,15 f,3,0 f,14,15 f,15,2 
193:2,1 0.001 -1 -1 2,2 0.001 -1 1 1,1 0.001 1 0 96.0364 410 2,13 0.001 0 1 2,14 0.001 0 -1 1,14 0.001 1 -1 85.0234 410 14,1 0.001 -1 -1 14,2 0.001 0 1 13,0 0.001 1 1 70.0442 380 14,14 0.001 -1 1 15,13 0.001 0 1 13,13 0.001 0 1 100.068 425 ::f,1,15 f,3,0 f,14,15 f,15,2 
194:2,1 0.001 -1 -1 2,2 0.001 -1 1 1,1 0.001 1 1 96.0364 410 2,13 0.001 -1 1 2,14 0.001 0 -1 1,14 0.001 1 -1 85.0234 410 14,1 0.001 0 -1 14,2 0.001 0 1 13,0 0.001 1 1 70.0442 380 14,14 0.001 0 1 15,14 0.001 0 1 13,14 0.001 0 1 100.07 425 ::f,1,15 f,3,0 f,14,15 f,15,2 
195:2,1 0.001 0 -1 2,2 0.001 -1 0 1,1 0.001 1 1 96.0364 410 2,13 0.001 -1 1 2,14 0.001 1 -1 1,14 0.001 0 -1 85.0234 410 14,1 0.001 0 -1 14,2 0.001 1 1 13,0 0.001 1 1 70.0442 380 14,14 0.001 0 1 15,14 0.001 0 1 13,14 0.001 0 1 110.07 440 ::f,1,15 f,3,0 f,13,12 f,15,2 
196:2,1 0.001 0 -1 1,2 0.001 -1 0 1,1 0.001 0 1 96.0374 410 2,13 0.001 -1 0 2,14 0.001 1 -1 1,14 0.001 0 -1 85.0234 410 14,1 0.001 1 -1 14,2 0.001 1 1 13,0 0.001 0 1 70.0442 380 14,14 0.001 1 1 15,14 0.001 -1 1 13,14 0.001 1 1 110.07 440 ::f,1,15 f,3,0 f,13,12 f,15,2 
197:2,1 0.001 1 -1 1,2 0.001 -1 0 1,1 0.001 0 1 96.0374 410 2,13 0.001 -1 0 2,14 0.001 1 0 1,14 0.001 -1 -1 85.0234 410 14,1 0.001 1 -1 14,2 0.001 1 0 13,0 0.001 0 1 70.0442 380 14,14 0.001 1 1 14,15 0.001 -1 1 13,14 0.001 1 1 110.071 440 ::f,1,15 f,3,0 f,13,12 f,15,2 
198:2,1 0.001 1 -1 1,2 0.001 -1 -1 1,1 0.001 -1 1 103.038 425 2,13 0.001 -1 -1 2,14 0.001 1 0 1,14 0.001 -1 -1 85.0234 410 14,1 0.001 1 0 14,2 0.001 1 0 13,0 0.001 -1 1 78.0443 395 14,14 0.001 1 0 14,15 0.001 -1 1 13,14 0.001 1 0 110.071 440 ::f,1,15 f,2,3 f,13,12 f,15,0 
199:2,1 0.001 1 0 1,2 0.001 -1 -1 1,1 0.001 -1 1 103.038 425 2,13 0.001 -1 -1 2,14 0.001 1 1 1,14 0.001 -1 0 85.0234 410 14,1 0.001 1 0 14,2 0.001 1 -1 13,0 0.001 -1 1 78.0443 395 14,14 0.001 1 0 14,15 0.001 -1 0 13,14 0.001 1 0 110.071 440 ::f,1,15 f,2,3 f,13,12 f,15,0 
200:2,1 0.001 1 0 1,2 0.001 0 -1 1,1 0.001 -1 0 103.038 425 2,13 0.001 0 -1 2,14 0.001 1 1 1,14 0.001 -1 0 85.0234 410 14,1 0.001 1 1 14,2 0.001 1 -1 13,0 0.001 -1 0 78.0443 395 14,14 0.001 1 -1 13,15 0.001 -1 0 13,14 0.001 1 0 110.072 440 ::f,1,15 f,2,3 f,13,12 f,15,0 
201:2,1 0.001 1 1 1,2 0.001 0 -1 1,1 0.001 -1 0 103.038 425 2,13 0.001 0 -1 2,14 0.001 0 1 1,14 0.001 -1 1 85.0234 410 14,1 0.001 1 1 14,2 0.001 0 -1 13,0 0.001 -1 0 78.0443 395 14,14 0.001 1 -1 13,15 0.001 -1 0 13,14 0.001 1 -1 110.072 440 ::f,1,15 f,2,3 f,13,12 f,15,0 
202:2,1 0.001 1 1 1,2 0.001 0 -1 1,1 0.001 -1 -1 103.038 425 2,13 0.001 1 -1 2,14 0.001 0 1 1,14 0.001 -1 1 85.0234 410 14,1 0.001 0 1 14,2 0.001 0 -1 13,0 0.001 -1 -1 78.0443 395 14,14 0.001 0 -1 13,15 0.001 -1 -1 13,14 0.001 1 -1 110.072 440 ::f,1,15 f,2,3 f,13,12 f,15,0 
203:2,1 0.001 0 1 1,2 0.001 1 -1 1,1 0.001 -1 -1 103.038 425 2,13 0.001 1 -1 2,14 0.001 -1 1 1,14 0.001 0 1 85.0234 410 14,1 0.001 0 1 14,2 0.001 0 -1 13,0 0.001 -1 -1 78.0443 395 14,13 0.001 0 -1 12,14 0.001 -1 -1 13,14 0.001 0 -1 110.074 440 ::f,1,15 f,2,3 f,13,12 f,15,0 
204:2,2 0.001 0 1 1,2 0.001 1 -1 1,1 0.001 0 -1 103.039 425 2,13 0.001 1 0 2,14 0.001 -1 1 1,14 0.001 0 1 93.0235 425 14,1 0.001 0 1 14,2 0.001 -1 -1 13,0 0.001 0 -1 78.0443 395 14,13 0.001 0 -1 12,14 0.001 -1 -1 13,13 0.001 0 -1 110.075 440 ::f,1,13 f,2,3 f,13,12 f,15,0 
205:2,2 0.001 0 1 1,2 0.001 1 0 1,1 0.001 0 -1 111.039 440 2,13 0.001 1 0 2,14 0.001 -1 0 1,14 0.001 1 1 93.0235 425 14,1 0.001 -1 1 14,2 0.001 -1 -1 13,0 0.001 0 -1 78.0443 395 14,13 0.001 -1 -1 12,14 0.001 0 -1 13,13 0.001 0 -1 120.075 455 ::f,1,3 f,1,13 f,12,13 f,15,0 
206:2,2 0.001 -1 1 1,2 0.001 1 0 1,1 0.001 1 -1 111.039 440 2,13 0.001 1 1 2,14 0.001 -1 0 1,14 0.001 1 1 93.0235 425 14,1 0.001 -1 1 14,2 0.001 -1 0 13,0 0.001 1 -1 78.0443 395 14,13 0.001 -1 -1 12,14 0.001 0 -1 13,13 0.001 -1 -1 120.075 455 ::f,1,3 f,1,13 f,12,13 f,15,0 
207:2,2 0.001 -1 1 1,2 0.001 1 1 1,1 0.001 1 -1 120.039 455 2,13 0.001 1 1 2,14 0.001 -1 0 1,14 0.001 1 0 93.0235 425 14,1 0.001 -1 0 14,2 0.001 -1 0 13,0 0.001 1 -1 78.0443 395 14,13 0.001 -1 0 12,14 0.001 0 -1 13,13 0.001 -1 -1 125.075 470 ::f,0,1 f,1,13 f,13,14 f,15,0 
208:2,2 0.001 -1 0 1,2 0.001 1 1 1,1 0.001 1 0 120.039 455 2,13 0.001 0 1 2,14 0.001 -1 -1 1,14 0.001 1 0 93.0235 425 14,1 0.001 -1 0 14,2 0.001 -1 1 13,0 0.001 1 0 78.0443 395 14,13 0.001 -1 0 12,14 0.001 1 -1 13,13 0.001 -1 0 125.075 470 ::f,0,1 f,1,13 f,13,14 f,15,0 
209:2,2 0.001 -1 0 1,2 0.001 0 1 2,1 0.001 1 0 120.04 455 2,13 0.001 0 1 2,14 0.001 -1 -1 1,14 0.001 1 0 102.024 440 14,1 0.001 -1 -1 14,2 0.001 -1 1 14,0 0.001 1 0 78.0453 395 14,13 0.001 -1 0 12,14 0.001 1 -1 13,13 0.001 -1 0 125.075 470 ::f,0,1 f,0,15 f,13,14 f,15,0 
210:2,2 0.001 -1 0 1,2 0.001 0 1 2,1 0.001 1 0 120.04 455 2,13 0.001 0 1 2,14 0.001 0 -1 1,14 0.001 1 -1 102.024 440 14,1 0.001 -1 -1 14,2 0.001 0 1 14,0 0.001 1 0 85.0454 410 14,13 0.001 -1 1 12,14 0.001 1 -1 13,13 0.001 -1 1 125.075 470 ::f,0,1 f,0,15 f,13,14 f,15,1 
211:2,2 0.001 -1 -1 1,2 0.001 -1 1 2,1 0.001 1 1 120.04 455 2,13 0.001 -1 1 2,14 0.001 0 -1 1,14 0.001 1 -1 102.024 440 14,1 0.001 0 -1 14,2 0.001 0 1 14,0 0.001 1 1 85.0454 410 14,13 0.001 -1 1 12,14 0.001 1 0 13,13 0.001 -1 1 135.075 485 ::f,0,1 f,0,15 f,13,14 f,15,1 
212:2,2 0.001 -1 -1 1,2 0.001 -1 1 2,1 0.001 1 1 120.04 455 2,13 0.001 -1 1 2,14 0.001 1 -1 1,14 0.001 0 -1 102.024 440 14,1 0.001 0 -1 14,2 0.001 1 1 14,0 0.001 1 1 85.0454 410 14,13 0.001 0 1 12,14 0.001 1 0 13,13 0.001 0 1 141.075 500 ::f,0,1 f,0,15 f,15,1 f,15,12 
213:2,2 0.001 0 -1 1,2 0.001 -1 0 2,1 0.001 0 1 120.04 455 2,13 0.001 -1 1 2,14 0.001 1 -1 1,14 0.001 0 -1 102.024 440 14,1 0.001 1 -1 14,2 0.001 1 1 14,0 0.001 1 1 93.0455 425 14,13 0.001 0 1 12,14 0.001 1 1 13,14 0.001 0 1 141.076 500 ::f,0,1 f,0,15 f,14,3 f,15,12 
214:2,2 0.001 0 -1 1,2 0.001 -1 0 2,1 0.001 0 1 120.04 455 2,13 0.001 -1 0 2,14 0.001 1 0 1,14 0.001 -1 -1 102.024 440 14,1 0.001 1 -1 14,2 0.001 1 0 14,0 0.001 0 1 93.0455 425 14,13 0.001 1 1 12,14 0.001 1 1 13,14 0.001 0 1 141.076 500 ::f,0,1 f,0,15 f,14,3 f,15,12 
215:2,2 0.001 1 -1 1,2 0.001 -1 -1 2,1 0.001 0 1 120.04 455 2,13 0.001 -1 0 2,14 0.001 1 0 1,14 0.001 -1 -1 102.024 440 14,1 0.001 1 0 14,2 0.001 1 0 14,0 0.001 0 1 93.0455 425 14,13 0.001 1 1 12,14 0.001 0 1 13,14 0.001 1 1 141.076 500 ::f,0,1 f,0,15 f,14,3 f,15,12 
216:2,2 0.001 1 -1 1,2 0.001 -1 -1 2,1 0.001 -1 1 125.04 470 2,13 0.001 -1 -1 2,14 0.001 1 1 1,14 0.001 -1 0 102.024 440 14,1 0.001 1 0 14,2 0.001 1 -1 14,0 0.001 -1 1 93.0455 425 14,13 0.001 1 0 12,14 0.001 0 1 13,14 0.001 1 1 141.076 500 ::f,0,15 f,1,3 f,14,3 f,15,12 
217:2,2 0.001 1 0 1,2 0.001 0 -1 2,1 0.001 -1 1 125.04 470 2,13 0.001 -1 -1 2,14 0.001 1 1 1,14 0.001 -1 0 102.024 440 14,1 0.001 1 1 14,2 0.001 1 -1 14,0 0.001 -1 1 93.0455 425 14,13 0.001 1 0 12,14 0.001 -1 1 13,14 0.001 1 0 141.076 500 ::f,0,15 f,1,3 f,14,3 f,15,12 
218:2,2 0.001 1 0 1,1 0.001 0 -1 2,1 0.001 -1 0 125.041 470 2,13 0.001 0 -1 2,14 0.001 0 1 1,14 0.001 -1 1 102.024 440 14,1 0.001 1 1 14,2 0.001 0 -1 14,0 0.001 -1 0 93.0455 425 14,13 0.001 1 -1 12,14 0.001 -1 1 14,14 0.001 1 0 141.077 500 ::f,0,15 f,1,3 f,14,3 f,15,12 
219:2,2 0.001 1 1 1,1 0.001 0 -1 2,1 0.001 -1 0 125.041 470 2,13 0.001 0 -1 2,14 0.001 0 1 1,14 0.001 -1 1 111.024 455 14,1 0.001 0 1 14,2 0.001 0 -1 14,0 0.001 -1 0 93.0455 425 14,13 0.001 1 -1 12,14 0.001 -1 0 14,14 0.001 1 0 151.077 515 ::f,1,3 f,3,13 f,13,14 f,14,3 
220:2,2 0.001 1 1 1,1 0.001 1 -1 2,1 0.001 -1 -1 125.041 470 2,13 0.001 1 -1 2,14 0.001 -1 1 1,14 0.001 0 1 111.024 455 14,1 0.001 0 1 14,2 0.001 0 -1 14,0 0.001 -1 -1 93.0455 425 14,13 0.001 0 -1 12,14 0.001 -1 0 14,14 0.001 1 -1 151.077 515 ::f,1,3 f,3,13 f,13,14 f,14,3 
221:2,2 0.001 0 1 1,1 0.001 1 -1 2,1 0.001 -1 -1 125.041 470 2,13 0.001 1 -1 2,14 0.001 -1 1 1,14 0.001 0 1 111.024 455 14,1 0.001 0 1 14,2 0.001 -1 -1 14,0 0.001 -1 -1 93.0455 425 14,13 0.001 0 -1 12,14 0.001 -1 -1 14,14 0.001 1 -1 151.077 515 ::f,1,3 f,3,13 f,13,14 f,14,3 
222:2,2 0.001 0 1 1,1 0.001 1 0 2,1 0.001 0 -1 125.041 470 2,13 0.001 1 0 2,14 0.001 -1 0 1,14 0.001 1 1 111.024 455 14,1 0.001 -1 1 14,2 0.001 -1 -1 14,0 0.001 0 -1 93.0455 425 14,13 0.001 -1 -1 12,14 0.001 -1 -1 14,14 0.001 0 -1 151.077 515 ::f,1,3 f,3,13 f,13,14 f,14,3 
223:2,2 0.001 -1 1 1,1 0.001 1 0 2,1 0.001 0 -1 125.041 470 2,13 0.001 1 0 2,14 0.001 -1 0 1,14 0.001 1 1 118.024 470 14,1 0.001 -1 1 14,2 0.001 -1 0 14,0 0.001 0 -1 93.0455 425 14,13 0.001 -1 -1 12,14 0.001 0 -1 14,14 0.001 0 -1 151.077 515 ::f,1,3 f,3,13 f,13,14 f,14,3 
224:2,2 0.001 -1 1 1,1 0.001 1 0 2,1 0.001 1 -1 135.041 485 2,13 0.001 1 1 2,14 0.001 -1 0 1,14 0.001 1 0 118.024 470 14,1 0.001 -1 0 14,2 0.001 -1 0 14,0 0.001 1 -1 93.0455 425 14,13 0.001 -1 0 12,13 0.001 0 -1 14,14 0.001 0 -1 151.078 515 ::f,0,0 f,3,13 f,13,14 f,14,3 
225:2,2 0.001 -1 0 1,1 0.001 1 1 2,1 0.001 1 -1 135.041 485 2,13 0.001 1 1 2,14 0.001 -1 -1 1,14 0.001 1 0 118.024 470 14,1 0.001 -1 0 14,2 0.001 -1 1 14,0 0.001 1 -1 93.0455 425 13,13 0.001 -1 0 12,13 0.001 0 -1 14,14 0.001 -1 -1 151.079 515 ::f,0,0 f,3,13 f,13,14 f,14,3 
226:1,2 0.001 -1 0 1,1 0.001 1 1 2,1 0.001 1 0 135.042 485 2,13 0.001 0 1 2,14 0.001 -1 -1 1,14 0.001 1 0 118.024 470 14,1 0.001 -1 -1 14,2 0.001 -1 1 14,0 0.001 1 0 93.0455 425 13,13 0.001 -1 0 12,13 0.001 1 -1 14,14 0.001 -1 -1 151.079 515 ::f,0,0 f,3,13 f,13,14 f,14,3 
227:1,2 0.001 -1 0 1,1 0.001 0 1 2,1 0.001 1 0 135.042 485 2,13 0.001 0 1 2,14 0.001 0 -1 1,14 0.001 1 -1 118.024 470 14,1 0.001 -1 -1 14,2 0.001 0 1 14,0 0.001 1 0 93.0455 425 13,13 0.001 -1 1 13,12 0.001 1 -1 14,14 0.001 -1 0 151.08 515 ::f,0,0 f,3,13 f,13,14 f,14,3 
228:1,2 0.001 -1 -1 1,1 0.001 0 1 2,1 0.001 1 1 135.042 485 2,13 0.001 0 1 2,14 0.001 0 -1 1,14 0.001 1 -1 118.024 470 14,1 0.001 0 -1 14,2 0.001 0 1 14,0 0.001 1 1 102.046 440 13,13 0.001 -1 1 13,12 0.001 1 -1 14,14 0.001 -1 0 161.08 530 ::f,0,0 f,3,13 f,12,0 f,15,14 
229:1,2 0.001 -1 -1 1,1 0.001 -1 1 2,1 0.001 1 1 135.042 485 2,13 0.001 -1 1 2,14 0.001 1 -1 1,14 0.001 0 -1 118.024 470 14,1 0.001 0 -1 14,2 0.001 1 1 15,1 0.001 1 1 102.047 440 13,13 0.001 0 1 13,12 0.001 1 0 14,14 0.001 -1 1 161.08 530 ::f,0,0 f,3,13 f,12,0 f,15,14 
230:1,2 0.001 0 -1 1,1 0.001 -1 1 2,1 0.001 0 1 135.042 485 2,13 0.001 -1 1 2,14 0.001 1 -1 1,14 0.001 0 -1 128.024 485 14,1 0.001 1 -1 14,2 0.001 1 1 15,1 0.001 1 1 102.047 440 13,14 0.001 0 1 14,12 0.001 1 0 14,14 0.001 -1 1 161.082 530 ::f,0,0 f,0,14 f,12,0 f,15,14 
231:1,2 0.001 0 -1 1,1 0.001 -1 0 2,2 0.001 0 1 135.043 485 2,13 0.001 -1 0 2,14 0.001 1 0 1,14 0.001 -1 -1 128.024 485 14,1 0.001 1 -1 14,2 0.001 1 0 15,1 0.001 0 1 102.047 440 13,14 0.001 0 1 14,12 0.001 1 0 14,14 0.001 0 1 161.082 530 ::f,0,0 f,0,14 f,12,0 f,15,14 
232:1,2 0.001 0 -1 1,1 0.001 -1 0 2,2 0.001 0 1 135.043 485 2,13 0.001 -1 0 2,14 0.001 1 0 1,14 0.001 -1 -1 128.024 485 14,1 0.001 1 0 14,2 0.001 1 0 15,2 0.001 0 1 102.048 440 13,14 0.001 1 1 14,12 0.001 1 1 14,14 0.001 0 1 161.082 530 ::f,0,0 f,0,14 f,12,0 f,15,14 
233:1,2 0.001 1 -1 1,1 0.001 -1 -1 2,2 0.001 -1 1 135.043 485 2,13 0.001 -1 -1 2,14 0.001 1 1 1,14 0.001 -1 0 128.024 485 14,1 0.001 1 0 14,2 0.001 1 -1 15,2 0.001 0 1 102.048 440 13,14 0.001 1 1 15,13 0.001 1 1 14,14 0.001 1 1 161.083 530 ::f,0,0 f,0,14 f,12,0 f,15,14 
234:1,2 0.001 1 -1 1,1 0.001 -1 -1 2,2 0.001 -1 1 141.043 500 2,13 0.001 -1 -1 2,14 0.001 1 1 1,14 0.001 -1 0 138.024 500 14,1 0.001 1 1 14,2 0.001 1 -1 15,2 0.001 -1 1 102.048 440 13,14 0.001 1 0 15,13 0.001 1 1 14,14 0.001 1 1 161.083 530 ::f,0,13 f,3,3 f,12,0 f,15,14 
235:1,2 0.001 1 0 1,1 0.001 0 -1 2,2 0.001 -1 0 141.043 500 2,13 0.001 0 -1 2,14 0.001 0 1 1,14 0.001 -1 1 138.024 500 14,1 0.001 1 1 14,2 0.001 0 -1 14,3 0.001 -1 1 102.049 440 13,14 0.001 1 0 15,13 0.001 0 1 14,14 0.001 1 0 161.083 530 ::f,0,13 f,3,3 f,12,0 f,15,14 
236:1,2 0.001 1 0 1,1 0.001 0 -1 2,2 0.001 -1 0 141.043 500 2,13 0.001 0 -1 2,14 0.001 0 1 1,14 0.001 -1 1 138.024 500 14,1 0.001 0 1 14,2 0.001 0 -1 14,3 0.001 -1 1 102.049 440 13,14 0.001 1 0 15,13 0.001 0 1 14,14 0.001 1 0 171.083 545 ::f,0,13 f,3,3 f,12,0 f,15,15 
237:1,2 0.001 1 1 1,1 0.001 1 -1 2,2 0.001 -1 0 141.043 500 2,13 0.001 1 -1 2,14 0.001 -1 1 1,14 0.001 0 1 138.024 500 14,1 0.001 0 1 14,2 0.001 0 -1 14,3 0.001 -1 0 102.049 440 13,14 0.001 1 -1 15,13 0.001 0 1 14,14 0.001 1 -1 171.083 545 ::f,0,13 f,3,3 f,12,0 f,15,15 
238:1,2 0.001 1 1 1,1 0.001 1 -1 2,2 0.001 -1 -1 141.043 500 2,13 0.001 1 -1 2,14 0.001 -1 1 1,14 0.001 0 1 138.024 500 14,1 0.001 0 1 14,2 0.001 -1 -1 13,3 0.001 -1 0 102.05 440 13,14 0.001 0 -1 15,13 0.001 -1 1 14,14 0.001 1 -1 171.083 545 ::f,0,13 f,3,3 f,12,0 f,15,15 
239:1,2 0.001 0 1 1,1 0.001 1 0 2,2 0.001 -1 -1 141.043 500 2,13 0.001 1 0 2,14 0.001 -1 0 1,14 0.001 1 1 138.024 500 14,1 0.001 -1 1 13,1 0.001 -1 -1 13,3 0.001 -1 0 102.051 440 13,14 0.001 0 -1 15,13 0.001 -1 1 14,14 0.001 0 -1 171.083 545 ::f,0,13 f,3,3 f,12,0 f,15,15 
240:1,2 0.001 0 1 2,1 0.001 1 0 2,2 0.001 0 -1 141.044 500 2,13 0.001 1 0 2,14 0.001 -1 0 1,14 0.001 1 1 138.024 500 14,1 0.001 -1 0 13,1 0.001 -1 -1 13,3 0.001 -1 -1 112.051 455 13,14 0.001 -1 -1 15,13 0.001 -1 1 14,13 0.001 0 -1 171.084 545 ::f,0,13 f,3,3 f,13,0 f,15,15 
241:1,2 0.001 -1 1 2,1 0.001 1 0 2,2 0.001 0 -1 141.044 500 2,13 0.001 1 1 2,14 0.001 -1 0 1,14 0.001 1 0 138.024 500 14,1 0.001 -1 0 13,1 0.001 -1 0 12,2 0.001 -1 -1 112.052 455 13,14 0.001 -1 -1 15,13 0.001 -1 0 14,13 0.001 0 -1 171.084 545 ::f,0,13 f,3,3 f,13,0 f,15,15 
242:1,2 0.001 -1 1 2,1 0.001 1 1 2,2 0.001 1 -1 141.044 500 2,13 0.001 1 1 2,14 0.001 -1 -1 1,14 0.001 1 0 138.024 500 14,1 0.001 -1 -1 13,1 0.001 -1 0 12,2 0.001 -1 -1 112.052 455 13,14 0.001 -1 0 15,13 0.001 -1 0 14,13 0.001 -1 -1 171.084 545 ::f,0,13 f,3,3 f,13,0 f,15,15 
243:1,2 0.001 -1 0 2,1 0.001 1 1 2,2 0.001 1 -1 141.044 500 2,13 0.001 0 1 2,14 0.001 -1 -1 1,14 0.001 1 0 138.024 500 14,1 0.001 -1 -1 13,1 0.001 -1 1 12,2 0.001 0 -1 119.052 470 13,14 0.001 -1 0 15,13 0.001 -1 -1 14,13 0.001 -1 -1 171.084 545 ::f,0,13 f,3,3 f,13,2 f,15,15 
244:1,2 0.001 -1 0 2,1 0.001 0 1 2,2 0.001 1 0 141.044 500 2,13 0.001 0 1 2,14 0.001 0 -1 1,14 0.001 1 -1 138.024 500 14,1 0.001 0 -1 13,1 0.001 -1 1 12,1 0.001 0 -1 119.053 470 13,14 0.001 -1 1 15,13 0.001 -1 -1 14,13 0.001 -1 0 171.084 545 ::f,0,13 f,3,3 f,13,2 f,15,15 
245:1,2 0.001 -1 -1 2,1 0.001 0 1 2,2 0.001 1 0 141.044 500 2,13 0.001 0 1 2,14 0.001 0 -1 1,14 0.001 1 -1 138.024 500 14,1 0.001 0 -1 13,1 0.001 0 1 12,1 0.001 0 -1 119.053 470 13,14 0.001 -1 1 15,13 0.001 0 -1 13,13 0.001 -1 0 171.085 545 ::f,0,13 f,3,3 f,13,2 f,15,15 
246:1,2 0.001 -1 -1 2,1 0.001 0 1 2,2 0.001 1 1 141.044 500 2,13 0.001 -1 1 2,14 0.001 1 -1 1,14 0.001 0 -1 138.024 500 14,1 0.001 1 -1 13,1 0.001 0 1 12,1 0.001 1 -1 119.053 470 13,14 0.001 0 1 15,13 0.001 0 -1 13,13 0.001 -1 0 171.085 545 ::f,0,13 f,3,3 f,13,2 f,15,15 
247:1,2 0.001 0 -1 2,1 0.001 -1 1 2,2 0.001 1 1 151.044 515 2,13 0.001 -1 1 2,14 0.001 1 -1 1,14 0.001 0 -1 138.024 500 14,1 0.001 1 -1 13,1 0.001 0 1 13,0 0.001 1 -1 129.054 485 13,14 0.001 0 1 15,13 0.001 1 -1 13,13 0.001 -1 1 171.085 545 ::f,0,13 f,1,3 f,15,2 f,15,15 
248:1,1 0.001 0 -1 2,1 0.001 -1 1 2,2 0.001 0 1 151.045 515 2,13 0.001 -1 0 2,14 0.001 1 0 1,14 0.001 -1 -1 138.024 500 14,1 0.001 1 0 13,1 0.001 1 1 13,0 0.001 1 -1 129.054 485 13,14 0.001 1 1 15,13 0.001 1 -1 13,13 0.001 -1 1 171.085 545 ::f,0,13 f,1,3 f,15,2 f,15,15 
249:1,1 0.001 0 -1 2,1 0.001 -1 0 2,2 0.001 0 1 151.045 515 1,13 0.001 -1 0 2,14 0.001 1 0 1,14 0.001 -1 -1 148.025 515 14,1 0.001 1 0 13,1 0.001 1 1 13,0 0.001 1 0 129.054 485 13,14 0.001 1 1 15,13 0.001 1 0 13,13 0.001 0 1 171.085 545 ::f,1,3 f,3,13 f,15,2 f,15,15 
250:1,1 0.001 1 -1 2,1 0.001 -1 0 2,2 0.001 -1 1 151.045 515 1,13 0.001 -1 0 2,14 0.001 1 1 1,14 0.001 -1 0 148.025 515 14,1 0.001 1 1 13,1 0.001 1 0 14,0 0.001 1 0 129.055 485 13,14 0.001 1 0 15,13 0.001 1 0 13,13 0.001 0 1 171.085 545 ::f,1,3 f,3,13 f,15,2 f,15,15 
251:1,1 0.001 1 -1 2,1 0.001 -1 -1 2,2 0.001 -1 1 161.045 530 1,13 0.001 -1 -1 2,14 0.001 1 1 1,14 0.001 -1 0 148.025 515 14,1 0.001 1 1 13,1 0.001 1 0 14,0 0.001 1 0 137.055 500 14,14 0.001 1 0 15,13 0.001 1 1 13,13 0.001 0 1 171.086 545 ::f,0,2 f,3,13 f,14,2 f,15,15 
252:1,1 0.001 1 0 2,1 0.001 -1 -1 2,2 0.001 -1 0 161.045 530 1,13 0.001 -1 -1 2,14 0.001 0 1 1,14 0.001 -1 1 148.025 515 14,1 0.001 0 1 13,1 0.001 1 -1 14,0 0.001 1 1 137.055 500 14,14 0.001 1 0 15,13 0.001 1 1 13,13 0.001 1 1 171.086 545 ::f,0,2 f,3,13 f,14,2 f,15,15 
253:1,1 0.001 1 0 2,1 0.001 0 -1 1,2 0.001 -1 0 161.046 530 1,13 0.001 0 -1 2,14 0.001 0 1 1,14 0.001 -1 1 148.025 515 14,1 0.001 0 1 13,1 0.001 1 -1 15,1 0.001 1 1 137.056 500 14,14 0.001 1 -1 15,13 0.001 0 1 13,13 0.001 1 1 171.086 545 ::f,0,2 f,3,13 f,14,2 f,15,15 
254:1,1 0.001 1 0 2,1 0.001 0 -1 1,2 0.001 -1 0 171.046 545 1,13 0.001 0 -1 2,14 0.001 -1 1 1,14 0.001 0 1 148.025 515 14,1 0.001 0 1 13,1 0.001 0 -1 15,1 0.001 1 1 146.056 515 14,14 0.001 1 -1 15,14 0.001 0 1 13,13 0.001 1 1 171.087 545 ::f,0,3 f,3,13 f,14,3 f,15,15 
255:1,1 0.001 1 1 2,1 0.001 1 -1 1,2 0.001 -1 -1 171.046 545 1,13 0.001 1 -1 2,14 0.001 -1 1 1,14 0.001 0 1 148.025 515 14,2 0.001 0 1 13,1 0.001 0 -1 15,1 0.001 0 1 146.057 515 14,14 0.001 0 -1 15,14 0.001 0 1 13,13 0.001 1 0 178.087 560 ::f,0,3 f,3,13 f,12,15 f,14,3 
256:1,1 0.001 1 1 2,1 0.001 1 -1 1,2 0.001 -1 -1 171.046 545 1,13 0.001 1 -1 2,14 0.001 -1 0 1,14 0.001 1 1 148.025 515 14,2 0.001 0 1 13,1 0.001 -1 -1 15,2 0.001 0 1 156.058 530 14,13 0.001 0 -1 15,14 0.001 -1 1 13,13 0.001 1 -1 178.088 560 ::f,0,3 f,3,13 f,12,15 f,15,3 
257:1,1 0.001 0 1 2,1 0.001 1 0 1,2 0.001 0 -1 171.046 545 1,13 0.001 1 0 2,14 0.001 -1 0 1,14 0.001 1 1 148.025 515 14,2 0.001 -1 1 13,1 0.001 -1 -1 15,2 0.001 0 1 165.058 545 14,13 0.001 0 -1 14,15 0.001 -1 1 13,13 0.001 1 -1 178.089 560 ::f,0,3 f,3,13 f,12,15 f,15,1 
258:1,1 0.001 0 1 2,1 0.001 1 0 1,2 0.001 0 -1 171.046 545 2,13 0.001 1 0 2,14 0.001 -1 0 1,14 0.001 1 0 148.026 515 14,2 0.001 -1 1 13,1 0.001 -1 0 15,2 0.001 -1 1 165.058 545 14,13 0.001 -1 -1 14,15 0.001 -1 1 13,13 0.001 0 -1 178.089 560 ::f,0,3 f,3,13 f,12,15 f,15,1 
259:1,1 0.001 -1 1 2,1 0.001 1 1 1,2 0.001 0 -1 171.046 545 2,13 0.001 1 0 2,14 0.001 -1 -1 1,14 0.001 1 0 156.026 530 14,2 0.001 -1 0 13,1 0.001 -1 0 14,3 0.001 -1 1 165.059 545 14,13 0.001 -1 -1 14,15 0.001 -1 0 13,13 0.001 0 -1 178.089 560 ::f,0,3 f,1,15 f,12,15 f,15,1 
260:1,1 0.001 -1 1 2,1 0.001 1 1 1,2 0.001 1 -1 171.046 545 2,13 0.001 1 1 2,14 0.001 -1 -1 1,14 0.001 1 0 156.026 530 13,2 0.001 -1 0 13,1 0.001 -1 1 14,3 0.001 -1 1 165.06 545 14,13 0.001 -1 0 13,15 0.001 -1 0 13,13 0.001 -1 -1 178.09 560 ::f,0,3 f,1,15 f,12,15 f,15,1 
261:1,1 0.001 -1 0 2,1 0.001 0 1 1,2 0.001 1 -1 171.046 545 2,13 0.001 1 1 2,14 0.001 0 -1 1,14 0.001 1 -1 156.026 530 13,2 0.001 -1 0 13,1 0.001 -1 1 14,3 0.001 -1 0 165.06 545 14,13 0.001 -1 0 13,15 0.001 -1 0 13,13 0.001 -1 -1 186.091 575 ::f,0,3 f,1,15 f,15,1 f,15,14 
262:1,1 0.001 -1 0 2,2 0.001 0 1 1,2 0.001 1 0 171.047 545 2,13 0.001 0 1 2,14 0.001 0 -1 1,14 0.001 1 -1 156.026 530 13,2 0.001 -1 -1 13,1 0.001 0 1 13,3 0.001 -1 0 165.061 545 14,13 0.001 -1 0 13,15 0.001 -1 -1 13,13 0.001 -1 0 186.091 575 ::f,0,3 f,1,15 f,15,1 f,15,14 
263:1,1 0.001 -1 -1 2,2 0.001 0 1 1,2 0.001 1 0 171.047 545 2,13 0.001 0 1 2,14 0.001 1 -1 1,14 0.001 0 -1 156.026 530 13,2 0.001 -1 -1 13,1 0.001 0 1 13,3 0.001 -1 0 165.061 545 14,13 0.001 -1 1 12,14 0.001 -1 -1 13,13 0.001 -1 0 186.092 575 ::f,0,3 f,1,15 f,15,1 f,15,14 
264:1,1 0.001 -1 -1 2,2 0.001 -1 1 1,2 0.001 1 1 171.047 545 2,13 0.001 0 1 2,14 0.001 1 -1 1,14 0.001 0 -1 156.026 530 13,2 0.001 0 -1 13,1 0.001 0 1 13,3 0.001 -1 -1 165.061 545 14,13 0.001 -1 1 12,14 0.001 -1 -1 13,13 0.001 -1 1 186.092 575 ::f,0,3 f,1,15 f,15,1 f,15,14 
265:1,1 0.001 0 -1 2,2 0.001 -1 1 1,2 0.001 1 1 171.047 545 2,13 0.001 -1 1 2,14 0.001 1 0 1,14 0.001 -1 -1 156.026 530 13,2 0.001 0 -1 13,1 0.001 1 1 12,2 0.001 -1 -1 165.062 545 14,13 0.001 0 1 12,14 0.001 0 -1 13,13 0.001 -1 1 186.092 575 ::f,0,3 f,1,15 f,15,1 f,15,14 
266:1,1 0.001 0 -1 2,2 0.001 -1 0 1,2 0.001 0 1 171.047 545 2,13 0.001 -1 1 2,14 0.001 1 0 1,14 0.001 -1 -1 156.026 530 13,2 0.001 0 -1 13,1 0.001 1 1 12,2 0.001 -1 -1 165.062 545 14,13 0.001 0 1 12,13 0.001 0 -1 13,13 0.001 0 1 186.093 575 ::f,0,3 f,1,15 f,15,1 f,15,14 
267:1,1 0.001 1 -1 2,2 0.001 -1 0 1,2 0.001 0 1 171.047 545 2,13 0.001 -1 0 2,14 0.001 1 1 1,14 0.001 -1 0 156.026 530 13,2 0.001 1 -1 13,1 0.001 1 0 12,2 0.001 0 -1 165.062 545 14,13 0.001 1 1 12,13 0.001 0 -1 13,14 0.001 0 1 186.094 575 ::f,0,3 f,1,15 f,15,1 f,15,14 
268:1,1 0.001 1 -1 2,2 0.001 -1 0 1,2 0.001 -1 1 171.047 545 2,13 0.001 -1 0 2,14 0.001 1 1 1,14 0.001 -1 0 156.026 530 13,2 0.001 1 -1 14,1 0.001 1 0 12,1 0.001 0 -1 165.064 545 14,13 0.001 1 1 12,13 0.001 1 -1 13,14 0.001 0 1 196.094 590 ::f,0,3 f,1,15 f,13,13 f,15,1 
269:1,1 0.001 1 0 2,2 0.001 -1 -1 1,2 0.001 -1 1 181.047 560 2,13 0.001 -1 -1 2,14 0.001 0 1 1,14 0.001 -1 1 156.026 530 13,2 0.001 1 0 14,1 0.001 1 0 12,1 0.001 0 -1 175.064 560 14,13 0.001 1 0 13,12 0.001 1 -1 13,14 0.001 1 1 196.095 590 ::f,1,15 f,3,2 f,13,13 f,14,3 
270:2,1 0.001 1 0 2,2 0.001 -1 -1 1,2 0.001 -1 0 181.048 560 2,13 0.001 -1 -1 2,14 0.001 0 1 1,14 0.001 -1 1 156.026 530 13,2 0.001 1 0 14,1 0.001 1 -1 12,1 0.001 1 -1 175.064 560 14,13 0.001 1 0 13,12 0.001 1 -1 13,14 0.001 1 1 196.095 590 ::f,1,15 f,3,2 f,13,13 f,14,3 
271:2,1 0.001 1 0 2,2 0.001 0 -1 1,2 0.001 -1 0 181.048 560 2,13 0.001 0 -1 2,14 0.001 -1 1 1,14 0.001 0 1 156.026 530 13,2 0.001 1 1 14,1 0.001 1 -1 13,0 0.001 1 -1 175.065 560 14,13 0.001 1 -1 13,12 0.001 1 0 13,14 0.001 1 0 196.095 590 ::f,1,15 f,3,2 f,13,13 f,14,3 
272:2,1 0.001 1 1 2,2 0.001 0 -1 1,2 0.001 -1 -1 181.048 560 2,13 0.001 0 -1 2,14 0.001 -1 1 1,14 0.001 0 1 166.026 545 13,2 0.001 1 1 14,1 0.001 0 -1 13,0 0.001 1 -1 185.066 575 14,13 0.001 1 -1 14,12 0.001 1 0 14,14 0.001 1 0 196.097 590 ::f,0,14 f,3,2 f,13,13 f,14,3 
273:2,1 0.001 1 1 2,2 0.001 1 -1 1,2 0.001 -1 -1 191.049 575 2,13 0.001 1 -1 2,14 0.001 -1 0 1,14 0.001 1 1 166.026 545 13,2 0.001 0 1 14,1 0.001 0 -1 13,0 0.001 1 0 185.066 575 14,13 0.001 0 -1 14,12 0.001 1 0 14,14 0.001 1 0 196.097 590 ::f,0,2 f,0,14 f,13,13 f,14,3 
274:2,1 0.001 0 1 2,2 0.001 1 -1 1,2 0.001 0 -1 191.049 575 2,13 0.001 1 -1 2,14 0.001 -1 0 1,14 0.001 1 1 166.026 545 13,2 0.001 0 1 14,1 0.001 -1 -1 14,0 0.001 1 0 185.067 575 14,13 0.001 0 -1 14,12 0.001 1 1 14,14 0.001 1 -1 196.097 590 ::f,0,2 f,0,14 f,13,13 f,14,3 
275:2,1 0.001 0 1 2,2 0.001 1 0 1,1 0.001 0 -1 191.05 575 2,13 0.001 1 0 2,14 0.001 -1 0 1,14 0.001 1 0 166.026 545 13,2 0.001 -1 1 14,1 0.001 -1 -1 14,0 0.001 1 0 185.067 575 14,13 0.001 -1 -1 15,13 0.001 1 1 14,14 0.001 1 -1 196.098 590 ::f,0,2 f,0,14 f,13,13 f,14,3 
276:2,1 0.001 0 1 2,2 0.001 1 0 1,1 0.001 0 -1 191.05 575 2,13 0.001 1 0 2,14 0.001 -1 -1 1,14 0.001 1 0 166.026 545 13,2 0.001 -1 1 14,1 0.001 -1 0 14,0 0.001 1 1 185.067 575 14,13 0.001 -1 -1 15,13 0.001 1 1 14,14 0.001 0 -1 196.098 590 ::f,0,2 f,0,14 f,13,13 f,14,3 
277:2,1 0.001 -1 1 2,2 0.001 1 1 1,1 0.001 1 -1 191.05 575 2,13 0.001 1 1 2,14 0.001 -1 -1 1,14 0.001 1 0 166.026 545 13,2 0.001 -1 0 13,1 0.001 -1 0 15,1 0.001 1 1 185.069 575 14,13 0.001 -1 0 15,13 0.001 0 1 14,14 0.001 0 -1 196.098 590 ::f,0,2 f,0,14 f,13,13 f,14,3 
278:2,1 0.001 -1 1 2,2 0.001 1 1 1,1 0.001 1 -1 191.05 575 2,13 0.001 1 1 2,14 0.001 0 -1 1,14 0.001 1 -1 166.026 545 13,2 0.001 -1 0 13,1 0.001 -1 0 15,1 0.001 1 1 185.069 575 14,13 0.001 -1 0 15,14 0.001 0 1 14,14 0.001 0 -1 196.099 590 ::f,0,2 f,0,14 f,13,13 f,14,3 
279:2,1 0.001 -1 0 2,2 0.001 0 1 1,1 0.001 1 0 191.05 575 2,13 0.001 0 1 2,14 0.001 0 -1 1,14 0.001 1 -1 166.026 545 13,2 0.001 -1 -1 13,1 0.001 -1 1 15,1 0.001 0 1 185.069 575 14,13 0.001 -1 0 15,14 0.001 0 1 14,14 0.001 -1 -1 206.099 605 ::f,0,2 f,0,14 f,12,14 f,14,3 
280:2,1 0.001 -1 0 2,2 0.001 0 1 1,1 0.001 1 0 191.05 575 2,13 0.001 0 1 2,14 0.001 1 -1 1,14 0.001 0 -1 166.026 545 13,2 0.001 -1 -1 13,1 0.001 -1 1 15,2 0.001 0 1 185.07 575 14,13 0.001 -1 1 15,14 0.001 -1 1 14,14 0.001 -1 -1 206.099 605 ::f,0,2 f,0,14 f,12,14 f,14,3 
281:2,1 0.001 -1 -1 2,2 0.001 -1 1 1,1 0.001 1 0 191.05 575 2,13 0.001 0 1 2,14 0.001 1 -1 1,14 0.001 0 -1 166.026 545 13,2 0.001 0 -1 13,1 0.001 0 1 15,2 0.001 0 1 185.07 575 14,13 0.001 -1 1 14,15 0.001 -1 1 14,14 0.001 -1 0 206.1 605 ::f,0,2 f,0,14 f,12,14 f,14,3 
282:2,1 0.001 -1 -1 2,2 0.001 -1 1 1,1 0.001 1 1 191.05 575 2,13 0.001 -1 1 2,14 0.001 1 0 1,14 0.001 -1 -1 166.026 545 13,2 0.001 0 -1 13,1 0.001 0 1 15,2 0.001 -1 1 185.07 575 14,13 0.001 0 1 14,15 0.001 -1 1 13,14 0.001 -1 0 206.101 605 ::f,0,2 f,0,14 f,12,14 f,14,3 
283:2,1 0.001 0 -1 2,2 0.001 -1 0 1,1 0.001 1 1 191.05 575 2,13 0.001 -1 1 2,14 0.001 1 0 1,14 0.001 -1 -1 166.026 545 13,2 0.001 0 -1 13,1 0.001 0 1 15,2 0.001 -1 1 185.07 575 14,14 0.001 0 1 14,15 0.001 -1 0 13,14 0.001 -1 0 216.102 620 ::f,0,2 f,0,14 f,14,3 f,15,12 
284:2,1 0.001 0 -1 1,2 0.001 -1 0 1,1 0.001 0 1 191.051 575 2,13 0.001 -1 0 2,14 0.001 1 1 1,14 0.001 -1 0 166.026 545 13,2 0.001 1 -1 13,1 0.001 1 1 15,2 0.001 -1 1 195.07 590 14,14 0.001 0 1 13,15 0.001 -1 0 13,14 0.001 -1 1 216.103 620 ::f,0,2 f,0,14 f,14,0 f,15,12 
285:2,1 0.001 1 -1 1,2 0.001 -1 0 1,1 0.001 0 1 198.051 590 2,13 0.001 -1 0 2,14 0.001 1 1 1,14 0.001 -1 0 176.026 560 13,2 0.001 1 -1 13,1 0.001 1 1 15,2 0.001 -1 0 195.07 590 14,14 0.001 1 1 13,15 0.001 -1 0 13,14 0.001 -1 1 216.103 620 ::f,0,12 f,1,0 f,14,0 f,15,12 
286:2,1 0.001 1 -1 1,2 0.001 -1 -1 1,1 0.001 -1 1 198.051 590 2,13 0.001 -1 -1 2,14 0.001 0 1 1,14 0.001 -1 1 176.026 560 13,2 0.001 1 0 13,1 0.001 1 0 14,2 0.001 -1 0 195.071 590 14,14 0.001 1 1 13,15 0.001 -1 -1 13,14 0.001 0 1 216.103 620 ::f,0,12 f,1,0 f,14,0 f,15,12 
287:2,1 0.001 1 0 1,2 0.001 -1 -1 1,1 0.001 -1 1 198.051 590 2,13 0.001 -1 -1 2,14 0.001 0 1 1,14 0.001 -1 1 176.026 560 13,2 0.001 1 0 13,1 0.001 1 0 14,2 0.001 -1 0 195.071 590 14,14 0.001 1 0 12,14 0.001 -1 -1 13,14 0.001 0 1 216.104 620 ::f,0,12 f,1,0 f,14,0 f,15,12 
288:2,1 0.001 1 0 1,2 0.001 0 -1 1,1 0.001 -1 0 198.051 590 2,13 0.001 0 -1 2,14 0.001 -1 1 1,14 0.001 0 1 176.026 560 13,2 0.001 1 1 13,1 0.001 1 -1 14,2 0.001 -1 -1 195.071 590 14,14 0.001 1 0 12,14 0.001 -1 -1 13,14 0.001 1 1 216.104 620 ::f,0,12 f,1,0 f,14,0 f,15,12 
289:2,1 0.001 1 1 1,2 0.001 0 -1 1,1 0.001 -1 0 198.051 590 2,13 0.001 0 -1 2,14 0.001 -1 1 1,14 0.001 0 1 176.026 560 13,2 0.001 1 1 13,1 0.001 1 -1 14,2 0.001 -1 -1 205.071 605 14,14 0.001 1 -1 12,14 0.001 0 -1 13,14 0.001 1 1 216.104 620 ::f,0,12 f,1,0 f,14,3 f,15,12 
290:2,1 0.001 1 1 1,2 0.001 0 -1 1,1 0.001 -1 -1 198.051 590 2,13 0.001 1 -1 2,14 0.001 -1 0 1,14 0.001 1 1 176.026 560 13,2 0.001 0 1 13,1 0.001 0 -1 14,2 0.001 0 -1 205.071 605 14,14 0.001 1 -1 12,13 0.001 0 -1 13,14 0.001 1 0 216.105 620 ::f,0,12 f,1,0 f,14,3 f,15,12 
291:2,1 0.001 0 1 1,2 0.001 1 -1 1,1 0.001 -1 -1 198.051 590 2,13 0.001 1 -1 2,14 0.001 -1 0 1,14 0.001 1 1 176.026 560 13,2 0.001 0 1 13,1 0.001 0 -1 14,2 0.001 0 -1 205.071 605 14,14 0.001 0 -1 12,13 0.001 0 -1 13,14 0.001 1 0 216.105 620 ::f,0,12 f,1,0 f,14,3 f,15,12 
292:2,2 0.001 0 1 1,2 0.001 1 -1 1,1 0.001 0 -1 198.052 590 2,13 0.001 1 0 2,14 0.001 -1 0 1,14 0.001 1 0 176.026 560 13,2 0.001 -1 1 13,1 0.001 -1 -1 14,2 0.001 1 -1 205.071 605 14,13 0.001 0 -1 12,13 0.001 1 -1 13,14 0.001 1 0 216.106 620 ::f,0,12 f,1,0 f,14,3 f,15,12 
293:2,2 0.001 0 1 1,2 0.001 1 0 1,1 0.001 0 -1 208.052 605 2,13 0.001 1 0 2,14 0.001 -1 -1 1,14 0.001 1 0 176.026 560 13,2 0.001 -1 1 13,1 0.001 -1 -1 14,2 0.001 1 -1 205.071 605 14,13 0.001 0 -1 13,12 0.001 1 -1 13,14 0.001 1 -1 216.107 620 ::f,0,12 f,3,1 f,14,3 f,15,12 
294:2,2 0.001 -1 1 1,2 0.001 1 0 1,1 0.001 1 -1 208.052 605 2,13 0.001 1 1 1,13 0.001 -1 -1 1,14 0.001 1 0 176.027 560 13,2 0.001 -1 0 13,1 0.001 -1 0 14,2 0.001 1 0 205.071 605 14,13 0.001 -1 -1 13,12 0.001 1 -1 13,14 0.001 1 -1 216.107 620 ::f,0,12 f,3,1 f,14,3 f,15,12 
295:2,2 0.001 -1 1 1,2 0.001 1 1 1,1 0.001 1 -1 208.052 605 2,13 0.001 1 1 1,13 0.001 -1 -1 1,14 0.001 1 -1 186.028 575 13,2 0.001 -1 0 13,1 0.001 -1 0 14,2 0.001 1 0 205.071 605 14,13 0.001 -1 -1 13,12 0.001 1 0 13,14 0.001 1 -1 216.107 620 ::f,0,12 f,3,1 f,14,3 f,15,12 
296:2,2 0.001 -1 0 1,2 0.001 1 1 1,1 0.001 1 0 208.052 605 2,13 0.001 0 1 1,13 0.001 0 -1 1,14 0.001 1 -1 186.028 575 13,2 0.001 -1 -1 13,1 0.001 -1 1 14,2 0.001 1 1 205.071 605 14,13 0.001 -1 0 14,12 0.001 1 0 13,14 0.001 0 -1 216.108 620 ::f,0,12 f,3,1 f,14,3 f,15,12 
297:2,2 0.001 -1 0 1,2 0.001 0 1 2,1 0.001 1 0 208.053 605 2,14 0.001 0 1 1,13 0.001 0 -1 1,14 0.001 0 -1 186.029 575 13,2 0.001 -1 -1 13,1 0.001 -1 1 14,2 0.001 1 1 205.071 605 13,13 0.001 -1 0 14,12 0.001 1 0 13,14 0.001 0 -1 225.109 635 ::f,0,12 f,3,1 f,13,12 f,14,3 
298:2,2 0.001 -1 0 1,2 0.001 0 1 2,1 0.001 1 0 218.053 620 2,14 0.001 0 1 1,13 0.001 1 -1 1,14 0.001 0 -1 186.029 575 13,2 0.001 0 -1 13,1 0.001 0 1 14,2 0.001 0 1 205.071 605 13,13 0.001 -1 0 14,12 0.001 1 1 13,14 0.001 -1 -1 225.109 635 ::f,0,2 f,0,12 f,13,12 f,14,3 
299:2,2 0.001 -1 0 1,2 0.001 -1 1 2,1 0.001 1 1 218.053 620 2,14 0.001 -1 1 1,13 0.001 1 -1 1,14 0.001 -1 -1 186.029 575 13,2 0.001 0 -1 13,1 0.001 0 1 14,2 0.001 0 1 215.071 620 13,13 0.001 -1 1 15,13 0.001 1 1 13,14 0.001 -1 -1 225.11 635 ::f,0,2 f,0,12 f,13,12 f,15,1 
