16
0:2,1 0.001 -1 -1 0,3 0.003 1 1 3,1 0.002 1 1 0.001 50 0,15 0.001 1 1 2,13 0.003 -1 -1 1,15 0.002 0 1 0.002 50 13,2 0.001 -1 -1 14,2 0.003 -1 0 15,1 0.002 0 1 0.002 50 14,12 0.001 0 1 15,13 0.003 -1 0 13,14 0.002 -1 1 0.001 50 ::f,0,2 f,1,12 f,12,3 f,15,15 
1:2,1 0.001 -1 -1 0,3 0.001 1 1 3,1 0.001 1 1 0.001 50 0,15 0.001 1 1 2,13 0.001 -1 -1 1,15 0.001 0 1 0.0021 65 13,2 0.001 -1 -1 14,2 0.001 -1 0 15,1 0.001 0 1 0.002 50 14,12 0.001 0 1 15,13 0.001 -1 0 13,14 0.001 -1 1 0.001 50 ::f,0,2 f,2,12 f,12,3 f,15,15 
2:2,1 0.001 0 -1 0,3 0.001 0 1 3,1 0.001 0 1 0.001 50 0,15 0.001 1 0 2,13 0.001 0 -1 1,15 0.001 -1 1 0.0021 65 13,2 0.001 -1 0 14,2 0.001 -1 -1 15,1 0.001 1 1 0.002 50 14,12 0.001 1 1 15,13 0.001 -1 1 13,14 0.001 0 1 0.001 50 ::f,0,2 f,2,12 f,12,3 f,15,15 
3:2,1 0.001 0 -1 0,3 0.001 0 1 3,1 0.001 0 1 0.001 50 0,15 0.001 1 0 2,13 0.001 0 -1 1,15 0.001 -1 1 1.0022 80 13,2 0.001 -1 0 14,2 0.001 -1 -1 15,1 0.001 1 1 0.002 50 14,12 0.001 1 1 15,13 0.001 -1 1 13,14 0.001 0 1 0.001 50 ::f,0,2 f,3,15 f,12,3 f,15,15 
4:2,1 0.001 1 -1 0,3 0.001 -1 1 3,1 0.001 -1 1 0.001 50 0,15 0.001 1 -1 2,13 0.001 1 -1 1,15 0.001 -1 0 1.0022 80 13,2 0.001 -1 1 14,2 0.001 0 -1 15,1 0.001 1 0 0.002 50 14,12 0.001 1 0 15,13 0.001 0 1 13,14 0.001 1 1 0.001 50 ::f,0,2 f,3,15 f,12,3 f,15,15 
5:2,1 0.001 1 -1 0,3 0.001 -1 1 3,1 0.001 -1 1 0.001 50 0,15 0.001 1 -1 2,13 0.001 1 -1 1,15 0.001 -1 0 1.0022 80 13,2 0.001 -1 1 14,2 0.001 0 -1 15,1 0.001 1 0 0.0021 65 14,12 0.001 1 0 15,13 0.001 0 1 13,14 0.001 1 1 0.001 50 ::f,0,2 f,3,15 f,14,3 f,15,15 
6:2,1 0.001 1 0 0,3 0.001 -1 0 3,1 0.001 -1 0 0.001 50 0,15 0.001 0 -1 2,13 0.001 1 0 1,15 0.001 -1 -1 1.0022 80 13,2 0.001 0 1 14,2 0.001 1 -1 15,1 0.001 1 -1 0.0021 65 14,12 0.001 1 -1 15,13 0.001 1 1 13,14 0.001 1 0 0.001 50 ::f,0,2 f,3,15 f,14,3 f,15,15 
7:2,1 0.001 1 0 0,3 0.001 -1 0 3,1 0.001 -1 0 0.001 50 0,15 0.001 0 -1 2,13 0.001 1 0 1,15 0.001 -1 -1 1.0022 80 13,2 0.001 0 1 14,2 0.001 1 -1 15,1 0.001 1 -1 0.0021 65 14,12 0.001 1 -1 15,13 0.001 1 1 14,14 0.001 1 0 0.002 50 ::f,0,2 f,3,15 f,14,3 f,15,15 
8:2,1 0.001 1 1 0,3 0.001 -1 -1 3,1 0.001 -1 -1 0.001 50 0,15 0.001 -1 -1 2,13 0.001 1 1 1,15 0.001 0 -1 1.0022 80 13,2 0.001 1 1 14,2 0.001 1 0 15,1 0.001 0 -1 0.0021 65 14,12 0.001 0 -1 15,13 0.001 1 0 14,14 0.001 1 0 0.002 50 ::f,0,2 f,3,15 f,14,3 f,15,15 
9:2,1 0.001 1 1 0,3 0.001 -1 -1 3,1 0.001 -1 -1 0.001 50 0,15 0.001 -1 -1 2,13 0.001 1 1 1,14 0.001 0 -1 1.0032 80 13,2 0.001 1 1 14,2 0.001 1 0 15,1 0.001 0 -1 1.0022 80 14,12 0.001 0 -1 15,13 0.001 1 0 14,14 0.001 1 -1 0.002 50 ::f,0,2 f,3,15 f,12,1 f,15,15 
10:2,1 0.001 0 1 0,3 0.001 0 -1 3,1 0.001 0 -1 0.001 50 0,15 0.001 -1 0 2,13 0.001 0 1 1,14 0.001 0 -1 1.0032 80 13,2 0.001 1 0 14,2 0.001 1 1 15,1 0.001 -1 -1 1.0022 80 14,12 0.001 -1 -1 15,13 0.001 1 -1 14,14 0.001 1 -1 0.002 50 ::f,0,2 f,3,15 f,12,1 f,15,15 
11:2,2 0.001 0 1 0,3 0.001 0 -1 3,1 0.001 0 -1 0.002 50 0,15 0.001 -1 0 2,14 0.001 0 1 1,14 0.001 1 -1 1.0042 80 13,2 0.001 1 0 14,2 0.001 1 1 15,1 0.001 -1 -1 1.0022 80 14,12 0.001 -1 -1 15,13 0.001 1 -1 14,14 0.001 0 -1 0.002 50 ::f,0,2 f,3,15 f,12,1 f,15,15 
12:2,2 0.001 0 1 0,3 0.001 0 -1 3,1 0.001 1 -1 0.0021 65 0,15 0.001 -1 1 2,14 0.001 0 1 1,14 0.001 1 -1 1.0042 80 13,2 0.001 1 0 14,2 0.001 0 1 15,1 0.001 -1 0 1.0022 80 14,12 0.001 -1 0 15,13 0.001 0 -1 14,13 0.001 0 -1 0.003 50 ::f,0,0 f,3,15 f,12,1 f,15,15 
13:2,2 0.001 -1 1 0,3 0.001 1 -1 3,1 0.001 1 -1 0.0021 65 0,15 0.001 -1 1 2,14 0.001 -1 1 1,14 0.001 1 0 1.0042 80 13,2 0.001 1 -1 14,2 0.001 0 1 14,1 0.001 -1 0 1.0032 80 13,12 0.001 -1 0 15,13 0.001 0 -1 14,13 0.001 0 -1 0.004 50 ::f,0,0 f,3,15 f,12,1 f,15,15 
14:2,2 0.001 -1 1 0,3 0.001 1 -1 3,1 0.001 1 0 0.0021 65 0,15 0.001 0 1 2,14 0.001 -1 1 1,14 0.001 1 0 1.0042 80 13,2 0.001 1 -1 14,2 0.001 -1 1 13,1 0.001 -1 0 1.0042 80 13,12 0.001 -1 0 15,13 0.001 -1 -1 14,13 0.001 -1 -1 0.004 50 ::f,0,0 f,3,15 f,12,1 f,15,15 
15:2,2 0.001 -1 0 0,3 0.001 1 0 3,1 0.001 1 0 0.0021 65 0,15 0.001 0 1 2,14 0.001 -1 0 1,14 0.001 1 1 1.0042 80 13,2 0.001 0 -1 14,2 0.001 -1 1 13,1 0.001 -1 0 1.0043 95 13,12 0.001 -1 1 15,13 0.001 -1 -1 14,13 0.001 -1 -1 0.004 50 ::f,0,0 f,3,15 f,14,0 f,15,15 
16:1,2 0.001 -1 0 0,3 0.001 1 0 3,1 0.001 1 1 0.0031 65 0,15 0.001 1 1 2,14 0.001 -1 0 1,14 0.001 1 1 1.0042 80 13,2 0.001 0 -1 14,2 0.001 -1 0 13,1 0.001 -1 1 1.0043 95 13,12 0.001 -1 1 15,13 0.001 -1 0 14,13 0.001 -1 0 0.004 50 ::f,0,0 f,3,15 f,14,0 f,15,15 
17:1,2 0.001 -1 0 0,3 0.001 1 1 3,1 0.001 1 1 0.0031 65 0,15 0.001 1 1 2,14 0.001 -1 0 1,14 0.001 0 1 1.0042 80 13,2 0.001 -1 -1 14,2 0.001 -1 0 13,1 0.001 -1 1 1.0043 95 13,12 0.001 0 1 15,13 0.001 -1 0 13,13 0.001 -1 0 0.005 50 ::f,0,0 f,3,15 f,14,0 f,15,15 
18:1,2 0.001 -1 -1 0,3 0.001 1 1 3,1 0.001 0 1 0.0031 65 0,15 0.001 1 0 2,14 0.001 -1 -1 1,14 0.001 0 1 1.0042 80 13,2 0.001 -1 -1 14,2 0.001 -1 0 13,1 0.001 0 1 1.0043 95 13,12 0.001 0 1 14,13 0.001 -1 0 13,13 0.001 -1 0 0.006 50 ::f,0,0 f,3,15 f,14,0 f,15,15 
19:1,2 0.001 -1 -1 0,3 0.001 0 1 3,2 0.001 0 1 0.0041 65 1,15 0.001 1 0 2,14 0.001 -1 -1 1,14 0.001 -1 1 1.0052 80 13,2 0.001 -1 0 14,2 0.001 -1 -1 13,1 0.001 0 1 1.0043 95 13,12 0.001 0 1 14,13 0.001 -1 0 13,13 0.001 -1 1 0.006 50 ::f,0,0 f,3,15 f,14,0 f,15,15 
20:1,2 0.001 0 -1 0,3 0.001 0 1 3,2 0.001 0 1 0.0041 65 2,15 0.001 1 0 2,14 0.001 0 -1 1,14 0.001 -1 1 1.0062 80 13,2 0.001 -1 0 14,2 0.001 -1 -1 13,1 0.001 0 1 1.0043 95 13,12 0.001 1 1 14,13 0.001 -1 1 13,13 0.001 -1 1 0.006 50 ::f,0,0 f,3,15 f,14,0 f,15,15 
21:1,1 0.001 0 -1 0,3 0.001 -1 1 3,2 0.001 -1 1 0.0051 65 2,15 0.001 1 0 2,14 0.001 0 -1 1,14 0.001 -1 0 1.0063 95 13,2 0.001 -1 1 14,2 0.001 0 -1 13,1 0.001 1 1 1.0043 95 13,12 0.001 1 1 14,13 0.001 -1 1 13,13 0.001 0 1 0.006 50 ::f,0,0 f,1,13 f,14,0 f,15,15 
22:1,1 0.001 0 -1 0,3 0.001 -1 1 3,2 0.001 -1 1 0.0051 65 2,15 0.001 1 -1 2,14 0.001 1 -1 1,14 0.001 -1 0 1.0063 95 13,2 0.001 -1 1 14,1 0.001 0 -1 13,1 0.001 1 1 1.0053 95 13,12 0.001 1 0 14,13 0.001 0 1 13,14 0.001 0 1 0.007 50 ::f,0,0 f,1,13 f,14,0 f,15,15 
23:1,1 0.001 1 -1 0,3 0.001 -1 0 3,2 0.001 -1 0 0.0051 65 2,15 0.001 1 -1 2,14 0.001 1 -1 1,14 0.001 -1 -1 1.0063 95 13,2 0.001 0 1 14,1 0.001 0 -1 13,1 0.001 1 0 1.0054 110 13,12 0.001 1 0 14,13 0.001 0 1 13,14 0.001 0 1 0.007 50 ::f,0,0 f,1,13 f,15,2 f,15,15 
24:1,1 0.001 1 -1 0,3 0.001 -1 0 2,2 0.001 -1 0 0.0061 65 2,15 0.001 0 -1 2,14 0.001 1 0 1,14 0.001 -1 -1 1.0063 95 13,2 0.001 0 1 14,1 0.001 1 -1 13,1 0.001 1 0 1.0054 110 13,12 0.001 1 -1 14,13 0.001 1 1 13,14 0.001 1 1 0.007 50 ::f,0,0 f,1,13 f,15,2 f,15,15 
25:1,1 0.001 1 0 0,3 0.001 -1 -1 2,2 0.001 -1 0 0.0061 65 2,15 0.001 0 -1 2,14 0.001 1 0 1,14 0.001 0 -1 1.0063 95 13,2 0.001 1 1 14,1 0.001 1 -1 13,1 0.001 1 -1 1.0054 110 13,12 0.001 1 -1 14,13 0.001 1 1 13,14 0.001 1 1 0.007 50 ::f,0,0 f,1,13 f,15,2 f,15,15 
26:2,1 0.001 1 0 0,3 0.001 -1 -1 2,2 0.001 -1 -1 0.0071 65 2,15 0.001 0 -1 2,14 0.001 1 1 1,14 0.001 0 -1 1.0063 95 13,2 0.001 1 1 14,1 0.001 1 0 13,1 0.001 1 -1 1.0054 110 13,12 0.001 0 -1 14,13 0.001 1 0 13,14 0.001 1 0 0.007 50 ::f,0,0 f,1,13 f,15,2 f,15,15 
27:2,1 0.001 1 0 0,3 0.001 0 -1 1,1 0.001 -1 -1 0.0081 65 2,15 0.001 -1 -1 2,14 0.001 1 1 1,14 0.001 0 -1 1.0064 110 13,2 0.001 1 0 14,1 0.001 1 0 13,1 0.001 0 -1 1.0054 110 13,12 0.001 0 -1 14,13 0.001 1 0 14,14 0.001 1 0 0.008 50 ::f,0,0 f,3,15 f,15,2 f,15,15 
28:2,1 0.001 1 1 0,2 0.001 0 -1 1,1 0.001 -1 -1 0.0092 80 2,15 0.001 -1 -1 2,14 0.001 0 1 1,14 0.001 1 -1 1.0064 110 14,2 0.001 1 0 14,1 0.001 1 1 13,1 0.001 0 -1 1.0064 110 13,12 0.001 -1 -1 14,13 0.001 1 -1 14,14 0.001 1 0 0.008 50 ::f,0,3 f,3,15 f,15,2 f,15,15 
29:2,1 0.001 1 1 0,2 0.001 0 -1 1,1 0.001 0 -1 0.0092 80 2,15 0.001 -1 0 2,14 0.001 0 1 1,14 0.001 1 -1 1.0064 110 14,2 0.001 1 0 14,1 0.001 1 1 13,1 0.001 -1 -1 3.0065 125 13,12 0.001 -1 -1 14,13 0.001 1 -1 14,14 0.001 1 -1 0.008 50 ::f,0,3 f,3,15 f,15,1 f,15,15 
30:2,1 0.001 0 1 0,2 0.001 1 -1 1,1 0.001 0 -1 0.0092 80 2,15 0.001 -1 0 2,14 0.001 -1 1 1,14 0.001 1 0 1.0064 110 14,2 0.001 1 -1 14,1 0.001 0 1 13,1 0.001 -1 -1 3.0065 125 13,12 0.001 -1 0 14,13 0.001 0 -1 14,14 0.001 1 -1 0.008 50 ::f,0,3 f,3,15 f,15,1 f,15,15 
31:2,2 0.001 0 1 0,2 0.001 1 -1 1,1 0.001 1 -1 0.0102 80 2,15 0.001 -1 1 2,14 0.001 -1 1 1,14 0.001 1 0 1.0064 110 14,2 0.001 1 -1 14,1 0.001 0 1 13,1 0.001 -1 0 6.0066 140 13,12 0.001 -1 0 14,13 0.001 0 -1 14,14 0.001 0 -1 0.008 50 ::f,0,3 f,3,15 f,12,2 f,15,15 
32:2,2 0.001 0 1 0,2 0.001 1 0 1,1 0.001 1 -1 0.0102 80 2,15 0.001 -1 1 2,14 0.001 -1 0 1,14 0.001 1 1 1.0064 110 14,2 0.001 0 -1 14,1 0.001 0 1 13,1 0.001 -1 0 6.0066 140 13,12 0.001 -1 1 14,13 0.001 -1 -1 14,14 0.001 0 -1 0.008 50 ::f,0,3 f,3,15 f,12,2 f,15,15 
33:2,2 0.001 -1 1 1,2 0.001 1 0 1,1 0.001 1 0 0.0112 80 2,15 0.001 0 1 2,14 0.001 -1 0 1,14 0.001 1 1 1.0064 110 14,2 0.001 0 -1 14,1 0.001 -1 1 13,1 0.001 -1 1 6.0066 140 13,12 0.001 -1 1 14,13 0.001 -1 -1 14,14 0.001 0 -1 0.008 50 ::f,0,3 f,3,15 f,12,2 f,15,15 
34:2,2 0.001 -1 1 1,2 0.001 1 0 2,1 0.001 1 0 0.0122 80 2,15 0.001 0 1 2,14 0.001 -1 0 1,14 0.001 0 1 1.0064 110 14,2 0.001 0 -1 14,1 0.001 -1 1 13,1 0.001 -1 1 7.0067 155 13,12 0.001 0 1 14,13 0.001 -1 0 14,14 0.001 -1 -1 0.008 50 ::f,0,3 f,3,15 f,12,0 f,15,15 
35:2,2 0.001 -1 0 1,2 0.001 1 1 2,1 0.001 1 0 0.0122 80 2,15 0.001 1 1 2,14 0.001 -1 -1 1,14 0.001 0 1 1.0064 110 14,2 0.001 -1 -1 14,1 0.001 -1 0 13,1 0.001 0 1 7.0067 155 13,13 0.001 0 1 14,13 0.001 -1 0 14,14 0.001 -1 -1 0.009 50 ::f,0,3 f,3,15 f,12,0 f,15,15 
36:2,2 0.001 -1 0 1,2 0.001 1 1 2,1 0.001 1 1 0.0122 80 2,15 0.001 1 1 2,14 0.001 -1 -1 1,14 0.001 -1 1 1.0064 110 14,2 0.001 -1 -1 14,1 0.001 -1 0 13,2 0.001 0 1 7.0077 155 13,13 0.001 0 1 14,13 0.001 -1 0 14,14 0.001 -1 0 0.009 50 ::f,0,3 f,3,15 f,12,0 f,15,15 
37:2,2 0.001 -1 0 1,2 0.001 0 1 2,1 0.001 1 1 0.0122 80 2,15 0.001 1 0 2,14 0.001 0 -1 1,14 0.001 -1 1 1.0064 110 14,2 0.001 -1 -1 14,1 0.001 -1 -1 13,2 0.001 0 1 7.0077 155 13,13 0.001 1 1 14,13 0.001 -1 1 14,14 0.001 -1 0 0.009 50 ::f,0,3 f,3,15 f,12,0 f,15,15 
38:2,2 0.001 -1 -1 1,2 0.001 0 1 2,1 0.001 0 1 0.0122 80 2,15 0.001 1 0 2,14 0.001 0 -1 1,14 0.001 -1 0 2.0065 125 14,2 0.001 -1 0 14,1 0.001 -1 -1 13,2 0.001 1 1 7.0077 155 13,13 0.001 1 1 14,13 0.001 -1 1 14,14 0.001 -1 1 0.009 50 ::f,0,3 f,1,15 f,12,0 f,15,15 
39:2,2 0.001 -1 -1 1,2 0.001 -1 1 2,1 0.001 0 1 0.0122 80 2,15 0.001 1 -1 2,14 0.001 1 -1 1,14 0.001 -1 0 2.0065 125 14,2 0.001 -1 0 14,1 0.001 0 -1 13,2 0.001 1 1 7.0077 155 13,13 0.001 1 1 14,13 0.001 0 1 14,14 0.001 -1 1 0.009 50 ::f,0,3 f,1,15 f,12,0 f,15,15 
40:2,2 0.001 0 -1 1,2 0.001 -1 1 2,1 0.001 0 1 1.0123 95 2,15 0.001 1 -1 2,14 0.001 1 -1 1,14 0.001 -1 -1 2.0065 125 14,2 0.001 -1 1 14,1 0.001 0 -1 13,2 0.001 1 0 7.0077 155 13,13 0.001 1 0 14,13 0.001 0 1 14,14 0.001 0 1 0.009 50 ::f,1,15 f,3,1 f,12,0 f,15,15 
41:2,2 0.001 0 -1 1,2 0.001 -1 0 2,1 0.001 -1 1 1.0123 95 2,15 0.001 0 -1 2,14 0.001 1 0 1,14 0.001 -1 -1 2.0065 125 14,2 0.001 -1 1 14,1 0.001 1 -1 13,2 0.001 1 0 7.0077 155 13,13 0.001 1 0 14,13 0.001 1 1 14,14 0.001 0 1 0.009 50 ::f,1,15 f,3,1 f,12,0 f,15,15 
42:2,2 0.001 1 -1 1,2 0.001 -1 0 2,1 0.001 -1 1 1.0123 95 2,15 0.001 0 -1 2,14 0.001 1 0 1,14 0.001 0 -1 2.0065 125 14,2 0.001 0 1 14,1 0.001 1 -1 13,2 0.001 1 0 7.0077 155 13,13 0.001 1 -1 14,13 0.001 1 1 14,14 0.001 1 1 0.009 50 ::f,1,15 f,3,1 f,12,0 f,15,15 
43:2,2 0.001 1 -1 1,2 0.001 -1 -1 2,1 0.001 -1 0 1.0124 110 2,15 0.001 0 -1 2,14 0.001 1 1 1,13 0.001 0 -1 2.0075 125 14,2 0.001 0 1 14,1 0.001 1 0 13,2 0.001 1 -1 7.0077 155 13,13 0.001 1 -1 14,13 0.001 1 0 14,14 0.001 1 1 0.0091 65 ::f,1,3 f,1,15 f,12,0 f,15,15 
44:2,2 0.001 1 0 1,2 0.001 -1 -1 2,1 0.001 -1 0 1.0124 110 2,15 0.001 -1 -1 2,14 0.001 1 1 1,13 0.001 0 -1 2.0075 125 14,2 0.001 1 1 14,1 0.001 1 0 13,2 0.001 1 -1 7.0077 155 13,13 0.001 0 -1 14,13 0.001 1 0 14,14 0.001 1 0 0.0091 65 ::f,1,3 f,1,15 f,12,0 f,15,15 
45:2,2 0.001 1 0 1,2 0.001 0 -1 2,1 0.001 -1 -1 1.0124 110 2,15 0.001 -1 -1 2,14 0.001 0 1 1,13 0.001 1 -1 2.0075 125 14,2 0.001 1 1 14,1 0.001 1 1 13,2 0.001 0 -1 7.0077 155 13,13 0.001 0 -1 14,13 0.001 1 -1 14,14 0.001 1 0 0.0091 65 ::f,1,3 f,1,15 f,12,0 f,15,15 
46:2,2 0.001 1 1 1,1 0.001 0 -1 2,1 0.001 -1 -1 1.0134 110 2,15 0.001 -1 0 2,14 0.001 0 1 1,13 0.001 1 -1 2.0075 125 14,2 0.001 1 0 14,1 0.001 1 1 13,2 0.001 0 -1 7.0077 155 13,13 0.001 -1 -1 14,13 0.001 1 -1 14,14 0.001 1 -1 0.0091 65 ::f,1,3 f,1,15 f,12,0 f,15,15 
47:2,2 0.001 1 1 1,1 0.001 0 -1 2,1 0.001 0 -1 1.0134 110 2,15 0.001 -1 0 2,14 0.001 -1 1 1,13 0.001 1 0 4.0076 140 14,2 0.001 1 0 14,1 0.001 0 1 13,2 0.001 -1 -1 7.0077 155 13,13 0.001 -1 -1 14,13 0.001 0 -1 14,14 0.001 1 -1 0.0091 65 ::f,1,3 f,3,13 f,12,0 f,15,15 
48:2,2 0.001 0 1 1,1 0.001 1 -1 2,1 0.001 0 -1 1.0134 110 2,15 0.001 -1 1 2,14 0.001 -1 1 2,13 0.001 1 0 4.0086 140 14,2 0.001 1 -1 14,1 0.001 0 1 13,2 0.001 -1 -1 7.0077 155 13,13 0.001 -1 0 14,13 0.001 0 -1 14,14 0.001 0 -1 0.0091 65 ::f,1,3 f,3,13 f,12,0 f,15,15 
49:2,2 0.001 0 1 1,1 0.001 1 -1 2,1 0.001 1 -1 1.0134 110 2,15 0.001 -1 1 2,14 0.001 -1 0 2,13 0.001 1 0 5.0087 155 14,2 0.001 1 -1 14,1 0.001 0 1 13,2 0.001 -1 0 7.0077 155 13,13 0.001 -1 0 14,13 0.001 -1 -1 14,14 0.001 0 -1 0.0091 65 ::f,1,3 f,1,15 f,12,0 f,15,15 
50:2,2 0.001 -1 1 1,1 0.001 1 0 2,1 0.001 1 -1 1.0134 110 2,15 0.001 0 1 1,14 0.001 -1 0 2,13 0.001 1 1 5.0097 155 14,2 0.001 0 -1 14,1 0.001 -1 1 13,2 0.001 -1 0 7.0077 155 13,13 0.001 -1 1 14,13 0.001 -1 -1 14,14 0.001 0 -1 0.0091 65 ::f,1,3 f,1,15 f,12,0 f,15,15 
51:2,2 0.001 -1 1 1,1 0.001 1 0 2,1 0.001 1 0 2.0135 125 2,15 0.001 0 1 1,14 0.001 -1 0 2,13 0.001 1 1 5.0097 155 14,2 0.001 0 -1 14,1 0.001 -1 1 13,2 0.001 -1 1 7.0077 155 13,13 0.001 -1 1 14,13 0.001 -1 0 14,14 0.001 -1 -1 0.0091 65 ::f,1,15 f,3,3 f,12,0 f,15,15 
52:2,2 0.001 -1 0 1,1 0.001 1 0 2,1 0.001 1 0 2.0135 125 2,15 0.001 1 1 1,14 0.001 -1 -1 2,13 0.001 0 1 5.0097 155 14,2 0.001 0 -1 14,1 0.001 -1 0 13,2 0.001 -1 1 7.0077 155 13,13 0.001 0 1 14,13 0.001 -1 0 14,14 0.001 -1 -1 0.0091 65 ::f,1,15 f,3,3 f,12,0 f,15,15 
53:1,2 0.001 -1 0 1,1 0.001 1 1 2,1 0.001 1 1 2.0145 125 2,15 0.001 1 1 1,14 0.001 -1 -1 2,14 0.001 0 1 5.0107 155 14,2 0.001 -1 -1 14,1 0.001 -1 0 13,2 0.001 0 1 7.0077 155 13,14 0.001 0 1 14,13 0.001 -1 0 14,14 0.001 -1 0 0.0101 65 ::f,1,15 f,3,3 f,12,0 f,15,15 
54:1,2 0.001 -1 0 2,2 0.001 1 1 2,1 0.001 1 1 2.0155 125 2,15 0.001 1 0 1,14 0.001 0 -1 2,14 0.001 0 1 5.0107 155 13,1 0.001 -1 -1 14,1 0.001 -1 -1 13,2 0.001 0 1 7.0087 155 13,14 0.001 0 1 14,13 0.001 -1 1 14,14 0.001 -1 0 0.0101 65 ::f,1,15 f,3,3 f,12,0 f,15,15 
55:1,2 0.001 -1 -1 2,2 0.001 1 1 2,1 0.001 0 1 4.0156 140 2,15 0.001 1 0 1,13 0.001 0 -1 2,14 0.001 -1 1 5.0117 155 13,1 0.001 -1 -1 14,1 0.001 -1 -1 13,2 0.001 1 1 11.0088 170 13,14 0.001 1 1 14,13 0.001 -1 1 14,14 0.001 -1 1 0.0101 65 ::f,1,15 f,3,0 f,12,3 f,15,15 
56:1,2 0.001 -1 -1 2,2 0.001 0 1 2,1 0.001 0 1 4.0156 140 2,15 0.001 1 -1 1,13 0.001 0 -1 2,14 0.001 -1 1 7.0118 170 13,1 0.001 -1 0 14,1 0.001 0 -1 13,2 0.001 1 1 11.0088 170 13,14 0.001 1 1 14,13 0.001 0 1 14,14 0.001 -1 1 0.0101 65 ::f,3,0 f,3,13 f,12,3 f,15,15 
57:1,2 0.001 0 -1 2,2 0.001 0 1 2,1 0.001 0 1 4.0156 140 2,15 0.001 1 -1 1,13 0.001 1 -1 2,14 0.001 -1 0 7.0118 170 13,1 0.001 -1 0 14,1 0.001 0 -1 13,2 0.001 1 0 11.0088 170 13,14 0.001 1 0 14,13 0.001 0 1 14,14 0.001 0 1 0.0101 65 ::f,3,0 f,3,13 f,12,3 f,15,15 
58:1,1 0.001 0 -1 2,2 0.001 -1 1 2,1 0.001 -1 1 4.0166 140 2,15 0.001 0 -1 1,13 0.001 1 -1 1,14 0.001 -1 0 7.0128 170 13,1 0.001 -1 1 14,1 0.001 1 -1 14,2 0.001 1 0 11.0098 170 13,14 0.001 1 0 14,13 0.001 1 1 14,14 0.001 0 1 0.0101 65 ::f,3,0 f,3,13 f,12,3 f,15,15 
59:1,1 0.001 0 -1 2,2 0.001 -1 1 2,1 0.001 -1 1 4.0166 140 2,14 0.001 0 -1 1,13 0.001 1 0 1,14 0.001 -1 0 7.0138 170 13,1 0.001 -1 1 14,1 0.001 1 -1 14,2 0.001 1 0 11.0098 170 13,14 0.001 1 0 14,13 0.001 1 1 14,14 0.001 1 1 0.0101 65 ::f,3,0 f,3,13 f,12,3 f,15,15 
60:1,1 0.001 1 -1 2,2 0.001 -1 0 2,1 0.001 -1 0 4.0166 140 2,14 0.001 0 -1 2,13 0.001 1 0 1,14 0.001 -1 -1 7.0148 170 13,1 0.001 0 1 14,1 0.001 1 0 14,2 0.001 1 -1 11.0098 170 13,14 0.001 1 -1 14,13 0.001 1 0 14,14 0.001 1 1 1.0102 80 ::f,3,0 f,3,13 f,12,3 f,12,12 
61:1,1 0.001 1 -1 1,2 0.001 -1 0 2,1 0.001 -1 0 4.0176 140 2,14 0.001 -1 -1 2,13 0.001 1 0 1,14 0.001 -1 -1 9.0149 185 13,2 0.001 0 1 14,1 0.001 1 0 14,2 0.001 1 -1 11.0108 170 13,14 0.001 1 -1 14,13 0.001 1 0 14,14 0.001 1 0 1.0102 80 ::f,1,12 f,3,0 f,12,3 f,12,12 
62:1,1 0.001 1 0 1,2 0.001 -1 0 2,1 0.001 -1 -1 4.0176 140 2,14 0.001 -1 -1 2,13 0.001 1 1 1,14 0.001 0 -1 9.0149 185 13,2 0.001 0 1 14,1 0.001 1 1 14,2 0.001 0 -1 11.0108 170 13,14 0.001 0 -1 14,13 0.001 1 -1 14,14 0.001 1 0 1.0102 80 ::f,1,12 f,3,0 f,12,3 f,12,12 
63:1,1 0.001 1 0 1,2 0.001 -1 -1 2,1 0.001 -1 -1 4.0176 140 2,14 0.001 -1 0 2,13 0.001 1 1 1,13 0.001 0 -1 9.0159 185 13,2 0.001 1 1 14,1 0.001 1 1 14,2 0.001 0 -1 11.0108 170 13,14 0.001 0 -1 14,13 0.001 1 -1 14,14 0.001 1 -1 1.0102 80 ::f,1,12 f,3,0 f,12,3 f,12,12 
64:1,1 0.001 1 0 1,2 0.001 -1 -1 2,1 0.001 0 -1 4.0176 140 2,14 0.001 -1 0 2,13 0.001 0 1 1,13 0.001 0 -1 12.016 200 13,2 0.001 1 1 14,1 0.001 0 1 14,2 0.001 0 -1 11.0108 170 13,14 0.001 -1 -1 14,13 0.001 0 -1 14,14 0.001 1 -1 1.0102 80 ::f,2,15 f,3,0 f,12,3 f,12,12 
65:1,1 0.001 1 1 1,2 0.001 0 -1 2,1 0.001 0 -1 4.0176 140 2,14 0.001 -1 1 2,13 0.001 0 1 1,13 0.001 1 -1 12.016 200 13,2 0.001 1 0 14,1 0.001 0 1 14,2 0.001 -1 -1 11.0108 170 13,14 0.001 -1 -1 14,13 0.001 0 -1 14,14 0.001 0 -1 1.0102 80 ::f,2,15 f,3,0 f,12,3 f,12,12 
66:1,1 0.001 1 1 1,2 0.001 0 -1 2,1 0.001 1 -1 4.0176 140 2,14 0.001 -1 1 2,13 0.001 0 1 1,13 0.001 1 -1 12.016 200 13,2 0.001 1 0 14,1 0.001 0 1 14,2 0.001 -1 -1 11.0108 170 13,14 0.001 -1 0 14,13 0.001 -1 -1 14,14 0.001 0 -1 1.0102 80 ::f,2,15 f,3,0 f,12,3 f,12,12 
67:1,1 0.001 0 1 1,2 0.001 0 -1 2,1 0.001 1 -1 5.0177 155 2,14 0.001 0 1 2,13 0.001 -1 1 1,13 0.001 1 0 12.016 200 13,2 0.001 1 0 14,1 0.001 -1 1 14,2 0.001 -1 0 11.0108 170 13,14 0.001 -1 0 14,13 0.001 -1 -1 14,14 0.001 0 -1 1.0102 80 ::f,2,0 f,2,15 f,12,3 f,12,12 
68:1,1 0.001 0 1 1,2 0.001 1 -1 2,1 0.001 1 0 5.0177 155 2,14 0.001 0 1 2,13 0.001 -1 1 1,13 0.001 1 0 15.0161 215 13,2 0.001 1 -1 14,1 0.001 -1 1 14,2 0.001 -1 0 11.0108 170 13,14 0.001 -1 1 14,13 0.001 -1 0 14,14 0.001 -1 -1 1.0102 80 ::f,0,13 f,2,0 f,12,3 f,12,12 
69:1,1 0.001 -1 1 1,2 0.001 1 -1 2,1 0.001 1 0 5.0177 155 2,14 0.001 1 1 2,13 0.001 -1 0 1,13 0.001 1 0 15.0161 215 13,2 0.001 1 -1 14,1 0.001 -1 1 14,2 0.001 -1 1 11.0108 170 13,14 0.001 -1 1 13,13 0.001 -1 0 14,14 0.001 -1 -1 1.0112 80 ::f,0,13 f,2,0 f,12,3 f,12,12 
70:1,1 0.001 -1 1 1,2 0.001 1 0 2,1 0.001 1 1 5.0177 155 2,14 0.001 1 1 2,13 0.001 -1 0 1,13 0.001 1 1 15.0161 215 13,2 0.001 0 -1 14,1 0.001 -1 0 14,2 0.001 -1 1 11.0108 170 13,14 0.001 0 1 13,13 0.001 -1 0 14,14 0.001 -1 -1 1.0112 80 ::f,0,13 f,2,0 f,12,3 f,12,12 
71:1,1 0.001 -1 0 1,2 0.001 1 0 2,1 0.001 1 1 5.0177 155 2,14 0.001 1 0 2,13 0.001 -1 0 1,13 0.001 1 1 15.0161 215 13,2 0.001 0 -1 14,1 0.001 -1 0 14,2 0.001 0 1 11.0108 170 13,14 0.001 0 1 13,13 0.001 -1 1 14,14 0.001 -1 0 1.0112 80 ::f,0,13 f,2,0 f,12,3 f,12,12 
72:1,1 0.001 -1 0 1,2 0.001 1 1 2,1 0.001 0 1 5.0177 155 2,14 0.001 1 0 2,13 0.001 -1 -1 1,13 0.001 0 1 15.0161 215 13,2 0.001 -1 -1 14,1 0.001 -1 -1 14,2 0.001 0 1 11.0108 170 13,14 0.001 1 1 13,13 0.001 -1 1 14,14 0.001 -1 0 1.0112 80 ::f,0,13 f,2,0 f,12,3 f,12,12 
73:1,1 0.001 -1 -1 1,2 0.001 1 1 2,2 0.001 0 1 5.0187 155 2,14 0.001 1 -1 2,13 0.001 -1 -1 1,13 0.001 0 1 15.0161 215 13,2 0.001 -1 -1 14,1 0.001 -1 -1 14,2 0.001 1 1 11.0108 170 13,14 0.001 1 1 13,13 0.001 0 1 14,14 0.001 -1 1 1.0112 80 ::f,0,13 f,2,0 f,12,3 f,12,12 
74:1,1 0.001 -1 -1 1,2 0.001 0 1 2,2 0.001 0 1 5.0187 155 2,14 0.001 1 -1 2,13 0.001 0 -1 1,13 0.001 -1 1 15.0161 215 13,2 0.001 -1 0 14,1 0.001 0 -1 14,2 0.001 1 1 11.0108 170 13,14 0.001 1 0 13,13 0.001 0 1 14,14 0.001 -1 1 1.0112 80 ::f,0,13 f,2,0 f,12,3 f,12,12 
75:1,1 0.001 0 -1 1,2 0.001 0 1 2,2 0.001 -1 1 5.0187 155 2,14 0.001 0 -1 2,13 0.001 0 -1 1,13 0.001 -1 1 15.0161 215 13,2 0.001 -1 0 14,1 0.001 0 -1 14,2 0.001 1 0 11.0108 170 13,14 0.001 1 0 13,13 0.001 0 1 14,14 0.001 0 1 1.0112 80 ::f,0,13 f,2,0 f,12,3 f,12,12 
76:1,1 0.001 0 -1 1,2 0.001 -1 1 2,2 0.001 -1 1 5.0187 155 2,14 0.001 0 -1 2,13 0.001 1 -1 1,13 0.001 -1 0 15.0161 215 13,2 0.001 -1 1 14,1 0.001 1 -1 14,2 0.001 1 0 11.0108 170 13,14 0.001 1 0 13,13 0.001 1 1 14,14 0.001 0 1 1.0112 80 ::f,0,13 f,2,0 f,12,3 f,12,12 
77:1,1 0.001 1 -1 1,2 0.001 -1 1 2,2 0.001 -1 0 5.0187 155 2,14 0.001 0 -1 2,13 0.001 1 -1 1,13 0.001 -1 0 19.0162 230 13,2 0.001 -1 1 14,1 0.001 1 -1 14,2 0.001 1 -1 17.011 200 13,14 0.001 1 -1 13,13 0.001 1 1 14,14 0.001 1 1 1.0112 80 ::f,1,15 f,2,0 f,12,12 f,13,0 
78:1,1 0.001 1 -1 1,2 0.001 -1 0 2,2 0.001 -1 0 7.0188 170 2,14 0.001 -1 -1 2,13 0.001 1 0 1,13 0.001 -1 -1 19.0162 230 13,2 0.001 0 1 14,1 0.001 1 0 14,2 0.001 1 -1 17.011 200 13,14 0.001 1 -1 13,13 0.001 1 0 14,14 0.001 1 1 1.0112 80 ::f,0,1 f,1,15 f,12,12 f,13,0 
79:1,1 0.001 1 0 1,2 0.001 -1 0 2,2 0.001 -1 0 7.0188 170 2,14 0.001 -1 -1 2,13 0.001 1 0 1,13 0.001 -1 -1 19.0162 230 13,2 0.001 0 1 14,1 0.001 1 0 14,2 0.001 0 -1 17.011 200 13,14 0.001 0 -1 13,13 0.001 1 0 14,14 0.001 1 0 1.0112 80 ::f,0,1 f,1,15 f,12,12 f,13,0 
80:2,1 0.001 1 0 1,2 0.001 -1 -1 2,2 0.001 -1 -1 7.0198 170 2,14 0.001 -1 0 2,13 0.001 1 1 1,13 0.001 0 -1 19.0162 230 13,2 0.001 1 1 14,1 0.001 1 1 14,2 0.001 0 -1 17.011 200 13,14 0.001 0 -1 13,13 0.001 1 -1 14,14 0.001 1 0 1.0112 80 ::f,0,1 f,1,15 f,12,12 f,13,0 
81:2,1 0.001 1 0 1,2 0.001 -1 -1 2,2 0.001 -1 -1 10.0199 185 2,14 0.001 -1 0 2,13 0.001 1 1 1,13 0.001 0 -1 19.0162 230 13,2 0.001 1 1 14,1 0.001 1 1 14,2 0.001 0 -1 17.011 200 13,14 0.001 -1 -1 13,13 0.001 1 -1 14,14 0.001 1 -1 1.0112 80 ::f,1,3 f,1,15 f,12,12 f,13,0 
82:2,1 0.001 1 1 1,2 0.001 0 -1 2,2 0.001 0 -1 10.0199 185 2,14 0.001 -1 1 2,13 0.001 0 1 1,13 0.001 1 -1 19.0162 230 13,2 0.001 1 0 14,1 0.001 0 1 14,2 0.001 -1 -1 17.011 200 13,14 0.001 -1 -1 13,13 0.001 0 -1 14,14 0.001 1 -1 1.0112 80 ::f,1,3 f,1,15 f,12,12 f,13,0 
83:2,1 0.001 1 1 1,1 0.001 0 -1 2,2 0.001 0 -1 10.0209 185 2,14 0.001 -1 1 2,13 0.001 0 1 1,13 0.001 1 -1 23.0163 245 13,2 0.001 1 0 14,1 0.001 0 1 14,2 0.001 -1 -1 17.011 200 13,14 0.001 -1 0 13,13 0.001 0 -1 14,14 0.001 0 -1 1.0112 80 ::f,1,3 f,2,15 f,12,12 f,13,0 
84:2,1 0.001 0 1 1,1 0.001 0 -1 2,2 0.001 1 -1 10.0209 185 2,14 0.001 0 1 2,13 0.001 0 1 1,13 0.001 1 0 23.0163 245 13,2 0.001 1 0 14,1 0.001 0 1 14,2 0.001 -1 0 17.011 200 13,14 0.001 -1 0 13,13 0.001 -1 -1 14,13 0.001 0 -1 1.0122 80 ::f,1,3 f,2,15 f,12,12 f,13,0 
85:2,1 0.001 0 1 1,1 0.001 1 -1 2,2 0.001 1 -1 10.0209 185 2,14 0.001 0 1 2,13 0.001 -1 1 1,13 0.001 1 0 28.0164 260 13,2 0.001 1 -1 14,1 0.001 -1 1 14,2 0.001 -1 0 17.011 200 13,14 0.001 -1 1 13,13 0.001 -1 -1 14,13 0.001 0 -1 1.0123 95 ::f,0,14 f,1,3 f,12,15 f,13,0 
86:2,1 0.001 0 1 1,1 0.001 1 -1 2,2 0.001 1 0 10.0209 185 2,14 0.001 1 1 2,13 0.001 -1 0 1,13 0.001 1 0 28.0164 260 13,2 0.001 1 -1 14,1 0.001 -1 1 14,2 0.001 -1 1 17.011 200 13,14 0.001 -1 1 13,13 0.001 -1 0 14,13 0.001 -1 -1 1.0124 110 ::f,0,14 f,1,3 f,13,0 f,14,14 
87:2,1 0.001 -1 1 1,1 0.001 1 0 2,2 0.001 1 0 10.0209 185 2,14 0.001 1 1 2,13 0.001 -1 0 1,13 0.001 1 1 28.0164 260 13,2 0.001 0 -1 14,1 0.001 -1 0 14,2 0.001 -1 1 17.011 200 13,14 0.001 0 1 13,13 0.001 -1 0 14,13 0.001 -1 -1 1.0124 110 ::f,0,14 f,1,3 f,13,0 f,14,14 
88:2,1 0.001 -1 1 1,1 0.001 1 0 2,2 0.001 1 1 10.0209 185 2,14 0.001 1 0 2,13 0.001 -1 -1 1,13 0.001 1 1 28.0164 260 13,1 0.001 0 -1 14,1 0.001 -1 0 14,2 0.001 0 1 17.012 200 13,14 0.001 0 1 13,13 0.001 -1 1 14,13 0.001 -1 0 1.0124 110 ::f,0,14 f,1,3 f,13,0 f,14,14 
89:2,1 0.001 -1 0 1,1 0.001 1 0 2,2 0.001 1 1 10.0209 185 2,14 0.001 1 0 2,13 0.001 -1 -1 1,13 0.001 0 1 28.0164 260 13,1 0.001 0 -1 14,1 0.001 -1 -1 14,2 0.001 0 1 23.0121 215 13,14 0.001 1 1 13,13 0.001 -1 1 14,13 0.001 -1 0 1.0124 110 ::f,0,14 f,1,3 f,14,0 f,14,14 
90:2,1 0.001 -1 0 1,1 0.001 1 1 2,2 0.001 0 1 10.0209 185 2,14 0.001 1 -1 2,13 0.001 0 -1 1,13 0.001 0 1 28.0164 260 13,1 0.001 -1 -1 14,1 0.001 -1 -1 14,2 0.001 1 1 23.0121 215 13,14 0.001 1 1 13,13 0.001 0 1 14,13 0.001 -1 0 1.0124 110 ::f,0,14 f,1,3 f,14,0 f,14,14 
91:2,1 0.001 -1 -1 1,1 0.001 1 1 2,2 0.001 0 1 10.0209 185 2,14 0.001 1 -1 2,13 0.001 0 -1 1,13 0.001 -1 1 28.0164 260 13,1 0.001 -1 -1 14,1 0.001 0 -1 14,2 0.001 1 1 23.0121 215 13,14 0.001 1 0 13,13 0.001 0 1 14,13 0.001 -1 1 1.0124 110 ::f,0,14 f,1,3 f,14,0 f,14,14 
92:2,1 0.001 -1 -1 1,1 0.001 0 1 2,2 0.001 -1 1 10.0209 185 2,14 0.001 0 -1 2,13 0.001 1 -1 1,13 0.001 -1 1 33.0165 275 13,1 0.001 -1 0 14,1 0.001 0 -1 14,2 0.001 1 0 25.0122 230 13,14 0.001 1 0 13,13 0.001 0 1 14,13 0.001 -1 1 1.0124 110 ::f,1,3 f,3,14 f,14,14 f,15,3 
93:2,1 0.001 0 -1 1,2 0.001 0 1 2,2 0.001 -1 1 12.022 200 2,14 0.001 0 -1 2,13 0.001 1 -1 1,13 0.001 -1 0 33.0165 275 13,1 0.001 -1 0 14,1 0.001 1 -1 14,2 0.001 1 0 25.0122 230 13,14 0.001 1 0 13,13 0.001 1 1 14,13 0.001 -1 1 2.0125 125 ::f,0,0 f,3,14 f,12,15 f,15,3 
94:2,1 0.001 0 -1 1,2 0.001 0 1 2,2 0.001 -1 0 12.022 200 2,14 0.001 0 -1 2,13 0.001 1 0 1,13 0.001 -1 0 33.0165 275 13,1 0.001 -1 1 14,1 0.001 1 -1 14,2 0.001 1 -1 25.0122 230 13,14 0.001 1 -1 13,13 0.001 1 1 14,13 0.001 -1 1 2.0125 125 ::f,0,0 f,3,14 f,12,15 f,15,3 
95:2,1 0.001 1 -1 1,2 0.001 -1 1 2,2 0.001 -1 0 12.022 200 2,14 0.001 -1 -1 2,13 0.001 1 0 1,13 0.001 -1 -1 33.0165 275 13,1 0.001 -1 1 14,1 0.001 1 0 14,2 0.001 1 -1 25.0122 230 13,14 0.001 1 -1 13,13 0.001 1 0 14,13 0.001 0 1 2.0125 125 ::f,0,0 f,3,14 f,12,15 f,15,3 
96:2,1 0.001 1 -1 1,2 0.001 -1 1 2,2 0.001 -1 0 12.022 200 2,14 0.001 -1 -1 2,13 0.001 1 1 1,13 0.001 -1 -1 33.0165 275 13,1 0.001 0 1 14,1 0.001 1 0 14,2 0.001 0 -1 25.0122 230 13,14 0.001 0 -1 13,13 0.001 1 0 14,13 0.001 0 1 2.0125 125 ::f,0,0 f,3,14 f,12,15 f,15,3 
97:2,1 0.001 1 0 1,2 0.001 -1 0 2,2 0.001 -1 -1 12.022 200 2,14 0.001 -1 0 2,13 0.001 1 1 1,13 0.001 0 -1 36.0166 290 13,2 0.001 0 1 14,1 0.001 1 1 14,2 0.001 0 -1 25.0132 230 13,14 0.001 0 -1 13,13 0.001 1 -1 14,13 0.001 1 1 2.0125 125 ::f,0,0 f,3,14 f,12,15 f,15,3 
98:2,1 0.001 1 0 1,2 0.001 -1 0 1,1 0.001 -1 -1 12.023 200 2,14 0.001 -1 0 2,13 0.001 0 1 1,13 0.001 0 -1 36.0166 290 13,2 0.001 0 1 14,1 0.001 1 1 14,2 0.001 0 -1 25.0132 230 13,14 0.001 -1 -1 13,13 0.001 1 -1 14,13 0.001 1 1 2.0125 125 ::f,0,0 f,3,14 f,12,15 f,15,3 
99:2,1 0.001 1 1 1,2 0.001 -1 -1 1,1 0.001 -1 -1 15.0231 215 2,14 0.001 -1 1 2,13 0.001 0 1 1,13 0.001 1 -1 36.0166 290 13,2 0.001 1 1 14,1 0.001 0 1 14,2 0.001 -1 -1 25.0132 230 13,14 0.001 -1 -1 13,13 0.001 0 -1 14,13 0.001 1 0 2.0125 125 ::f,2,2 f,3,14 f,12,15 f,15,3 
100:2,1 0.001 1 1 1,2 0.001 -1 -1 1,1 0.001 0 -1 15.0231 215 2,14 0.001 -1 1 2,13 0.001 0 1 1,13 0.001 1 -1 36.0166 290 13,2 0.001 1 1 14,1 0.001 0 1 14,2 0.001 -1 -1 25.0132 230 13,14 0.001 -1 0 13,13 0.001 0 -1 14,13 0.001 1 0 2.0125 125 ::f,2,2 f,3,14 f,12,15 f,15,3 
101:2,1 0.001 0 1 1,2 0.001 0 -1 1,1 0.001 0 -1 15.0231 215 2,14 0.001 0 1 2,13 0.001 -1 1 1,13 0.001 1 0 36.0166 290 13,2 0.001 1 0 14,1 0.001 0 1 14,2 0.001 -1 0 25.0132 230 13,14 0.001 -1 0 13,13 0.001 -1 -1 14,13 0.001 1 -1 2.0125 125 ::f,2,2 f,3,14 f,12,15 f,15,3 
102:2,1 0.001 0 1 1,2 0.001 0 -1 1,1 0.001 1 -1 15.0231 215 2,14 0.001 0 1 2,13 0.001 -1 1 1,13 0.001 1 0 36.0166 290 13,2 0.001 1 0 14,1 0.001 -1 1 14,2 0.001 -1 0 25.0132 230 13,14 0.001 -1 1 13,13 0.001 -1 -1 14,13 0.001 1 -1 2.0125 125 ::f,2,2 f,3,14 f,12,15 f,15,3 
103:2,1 0.001 0 1 1,2 0.001 0 -1 1,1 0.001 1 -1 18.0232 230 2,14 0.001 1 1 2,13 0.001 -1 0 1,13 0.001 1 0 36.0166 290 13,2 0.001 1 0 14,1 0.001 -1 1 14,2 0.001 -1 1 25.0132 230 13,14 0.001 -1 1 13,13 0.001 -1 0 14,13 0.001 0 -1 4.0126 140 ::f,3,2 f,3,14 f,15,3 f,15,15 
104:2,1 0.001 -1 1 1,2 0.001 1 -1 1,1 0.001 1 0 18.0232 230 2,14 0.001 1 1 2,13 0.001 -1 0 1,13 0.001 1 1 36.0166 290 13,2 0.001 1 -1 14,1 0.001 -1 0 14,2 0.001 -1 1 25.0132 230 13,14 0.001 0 1 13,13 0.001 -1 0 14,13 0.001 0 -1 4.0126 140 ::f,3,2 f,3,14 f,15,3 f,15,15 
105:2,1 0.001 -1 1 1,2 0.001 1 -1 1,1 0.001 1 0 18.0232 230 2,14 0.001 1 0 2,13 0.001 -1 -1 1,13 0.001 1 1 36.0166 290 13,2 0.001 1 -1 14,1 0.001 -1 0 14,2 0.001 0 1 25.0132 230 13,14 0.001 0 1 13,13 0.001 -1 1 14,13 0.001 -1 -1 4.0126 140 ::f,3,2 f,3,14 f,15,3 f,15,15 
106:2,1 0.001 -1 0 1,2 0.001 1 0 1,1 0.001 1 0 18.0232 230 2,14 0.001 1 0 2,13 0.001 -1 -1 1,13 0.001 0 1 42.0167 305 13,2 0.001 0 -1 14,1 0.001 -1 -1 14,2 0.001 0 1 25.0132 230 13,14 0.001 1 1 13,13 0.001 -1 1 14,13 0.001 -1 -1 4.0126 140 ::f,0,13 f,3,2 f,15,3 f,15,15 
107:2,1 0.001 -1 0 2,2 0.001 1 0 1,1 0.001 1 1 18.0242 230 2,14 0.001 1 -1 2,13 0.001 0 -1 1,13 0.001 0 1 42.0167 305 13,2 0.001 0 -1 14,1 0.001 -1 -1 14,2 0.001 1 1 25.0132 230 13,14 0.001 1 1 13,13 0.001 0 1 14,13 0.001 -1 0 4.0126 140 ::f,0,13 f,3,2 f,15,3 f,15,15 
108:2,1 0.001 -1 -1 2,2 0.001 1 0 1,1 0.001 1 1 22.0243 245 2,14 0.001 1 -1 2,13 0.001 0 -1 1,13 0.001 -1 1 42.0167 305 13,2 0.001 -1 -1 14,1 0.001 0 -1 14,2 0.001 1 1 27.0133 245 13,14 0.001 1 0 13,13 0.001 0 1 14,13 0.001 -1 0 4.0126 140 ::f,0,2 f,0,13 f,12,3 f,15,15 
109:2,1 0.001 -1 -1 2,2 0.001 1 1 1,1 0.001 0 1 22.0243 245 2,14 0.001 0 -1 2,13 0.001 1 -1 1,13 0.001 -1 1 42.0167 305 13,2 0.001 -1 -1 14,1 0.001 0 -1 14,2 0.001 1 0 27.0133 245 14,14 0.001 1 0 13,13 0.001 0 1 14,13 0.001 -1 0 4.0136 140 ::f,0,2 f,0,13 f,12,3 f,15,15 
110:2,1 0.001 0 -1 2,2 0.001 1 1 1,1 0.001 0 1 22.0243 245 2,14 0.001 0 -1 2,13 0.001 1 -1 1,13 0.001 -1 0 42.0167 305 13,2 0.001 -1 0 14,1 0.001 1 -1 14,2 0.001 1 0 27.0133 245 14,14 0.001 1 0 13,13 0.001 1 1 14,13 0.001 -1 1 4.0136 140 ::f,0,2 f,0,13 f,12,3 f,15,15 
111:2,1 0.001 0 -1 2,2 0.001 0 1 1,1 0.001 -1 1 22.0243 245 2,14 0.001 0 -1 2,13 0.001 1 0 1,13 0.001 -1 0 48.0168 320 13,2 0.001 -1 0 14,1 0.001 1 -1 14,2 0.001 1 -1 27.0133 245 14,14 0.001 1 -1 13,13 0.001 1 1 14,13 0.001 -1 1 4.0136 140 ::f,0,2 f,3,14 f,12,3 f,15,15 
112:2,1 0.001 1 -1 2,2 0.001 0 1 1,1 0.001 -1 1 26.0244 260 2,14 0.001 -1 -1 2,13 0.001 1 0 1,13 0.001 -1 -1 48.0168 320 13,2 0.001 -1 1 14,1 0.001 1 0 14,2 0.001 1 -1 27.0133 245 14,14 0.001 1 -1 13,13 0.001 1 1 14,13 0.001 0 1 4.0136 140 ::f,0,0 f,3,14 f,12,3 f,15,15 
113:2,1 0.001 1 -1 2,2 0.001 -1 1 1,1 0.001 -1 0 26.0244 260 2,14 0.001 -1 -1 2,13 0.001 1 1 1,13 0.001 -1 -1 48.0168 320 13,2 0.001 -1 1 14,1 0.001 1 0 14,2 0.001 0 -1 34.0134 260 14,14 0.001 0 -1 13,13 0.001 1 0 14,13 0.001 0 1 4.0136 140 ::f,0,0 f,3,14 f,13,1 f,15,15 
114:2,1 0.001 1 0 2,2 0.001 -1 1 1,1 0.001 -1 0 26.0244 260 2,14 0.001 -1 0 2,13 0.001 1 1 1,13 0.001 0 -1 52.0169 335 13,2 0.001 0 1 14,1 0.001 1 1 14,2 0.001 0 -1 34.0134 260 14,14 0.001 0 -1 13,13 0.001 1 0 14,13 0.001 1 1 4.0136 140 ::f,0,0 f,3,13 f,13,1 f,15,15 
115:2,1 0.001 1 0 2,2 0.001 -1 0 1,1 0.001 -1 -1 26.0244 260 2,14 0.001 -1 0 2,13 0.001 0 1 1,13 0.001 0 -1 52.0169 335 13,2 0.001 0 1 14,1 0.001 1 1 14,2 0.001 0 -1 34.0134 260 14,14 0.001 0 -1 13,13 0.001 1 -1 14,13 0.001 1 1 4.0136 140 ::f,0,0 f,3,13 f,13,1 f,15,15 
116:2,1 0.001 1 1 1,2 0.001 -1 0 1,1 0.001 -1 -1 31.0255 275 2,14 0.001 -1 1 2,13 0.001 0 1 1,13 0.001 1 -1 52.0169 335 13,2 0.001 1 1 14,1 0.001 0 1 14,2 0.001 -1 -1 34.0134 260 14,14 0.001 -1 -1 13,13 0.001 1 -1 14,13 0.001 1 0 4.0136 140 ::f,1,3 f,3,13 f,13,1 f,15,15 
117:2,1 0.001 1 1 1,2 0.001 -1 0 1,1 0.001 0 -1 31.0255 275 2,14 0.001 -1 1 2,13 0.001 0 1 1,13 0.001 1 -1 52.0169 335 13,2 0.001 1 1 14,1 0.001 0 1 14,2 0.001 -1 -1 37.0135 275 14,14 0.001 -1 -1 13,13 0.001 0 -1 14,13 0.001 1 0 4.0136 140 ::f,1,3 f,3,13 f,12,2 f,15,15 
118:2,1 0.001 0 1 1,2 0.001 -1 -1 1,1 0.001 0 -1 31.0255 275 2,14 0.001 0 1 2,13 0.001 -1 1 1,13 0.001 1 0 52.0169 335 13,2 0.001 1 0 14,1 0.001 0 1 14,2 0.001 -1 0 37.0135 275 14,14 0.001 -1 0 13,13 0.001 0 -1 14,13 0.001 1 -1 4.0136 140 ::f,1,3 f,3,13 f,12,2 f,15,15 
119:2,2 0.001 0 1 1,2 0.001 -1 -1 1,1 0.001 1 -1 31.0265 275 2,14 0.001 0 1 2,13 0.001 -1 1 1,13 0.001 1 0 52.0169 335 13,2 0.001 1 0 14,1 0.001 -1 1 14,2 0.001 -1 0 37.0135 275 14,14 0.001 -1 0 13,13 0.001 -1 -1 14,13 0.001 1 -1 4.0136 140 ::f,1,3 f,3,13 f,12,2 f,15,15 
120:2,2 0.001 0 1 1,2 0.001 0 -1 1,1 0.001 1 -1 31.0265 275 2,14 0.001 1 1 2,13 0.001 -1 0 1,13 0.001 1 0 52.0169 335 13,2 0.001 1 0 14,1 0.001 -1 1 14,2 0.001 -1 0 37.0135 275 14,14 0.001 -1 1 13,13 0.001 -1 -1 14,13 0.001 0 -1 4.0136 140 ::f,1,3 f,3,13 f,12,2 f,15,15 
121:2,2 0.001 -1 1 1,2 0.001 0 -1 1,1 0.001 1 0 31.0265 275 2,14 0.001 1 1 2,13 0.001 -1 0 1,13 0.001 1 1 52.0169 335 13,2 0.001 1 -1 14,1 0.001 -1 0 14,2 0.001 -1 1 37.0135 275 14,14 0.001 -1 1 13,13 0.001 -1 0 14,13 0.001 0 -1 4.0136 140 ::f,1,3 f,3,13 f,12,2 f,15,15 
122:2,2 0.001 -1 1 1,2 0.001 0 -1 2,1 0.001 1 0 35.0276 290 2,14 0.001 1 0 2,13 0.001 -1 -1 1,13 0.001 1 1 52.0169 335 13,2 0.001 1 -1 14,1 0.001 -1 0 14,2 0.001 -1 1 37.0135 275 14,14 0.001 0 1 13,13 0.001 -1 0 14,13 0.001 -1 -1 4.0136 140 ::f,1,3 f,3,13 f,12,2 f,15,15 
123:2,2 0.001 -1 0 1,2 0.001 1 -1 2,1 0.001 1 0 35.0276 290 2,14 0.001 1 0 2,13 0.001 -1 -1 1,13 0.001 0 1 52.0169 335 13,2 0.001 0 -1 14,1 0.001 -1 -1 14,2 0.001 0 1 37.0135 275 14,14 0.001 0 1 13,13 0.001 -1 1 14,13 0.001 -1 -1 4.0136 140 ::f,1,3 f,3,13 f,12,2 f,15,15 
124:2,2 0.001 -1 0 1,2 0.001 1 -1 2,1 0.001 1 1 35.0276 290 2,14 0.001 1 -1 2,13 0.001 0 -1 1,13 0.001 0 1 52.0169 335 13,2 0.001 0 -1 14,1 0.001 -1 -1 14,2 0.001 0 1 37.0135 275 14,14 0.001 1 1 13,13 0.001 -1 1 14,13 0.001 -1 0 4.0136 140 ::f,1,3 f,3,13 f,12,2 f,15,15 
125:2,2 0.001 -1 0 1,2 0.001 1 0 2,1 0.001 1 1 35.0276 290 2,14 0.001 1 -1 2,13 0.001 0 -1 1,13 0.001 -1 1 59.017 350 13,2 0.001 -1 -1 14,1 0.001 0 -1 14,2 0.001 1 1 37.0135 275 14,14 0.001 1 1 13,13 0.001 0 1 14,13 0.001 -1 0 7.0137 155 ::f,1,3 f,1,12 f,12,2 f,14,12 
126:2,2 0.001 -1 -1 1,2 0.001 1 0 2,1 0.001 0 1 35.0276 290 2,14 0.001 0 -1 2,13 0.001 1 -1 1,13 0.001 -1 1 59.017 350 13,2 0.001 -1 -1 14,1 0.001 0 -1 14,2 0.001 1 1 37.0135 275 14,14 0.001 1 0 13,14 0.001 0 1 14,13 0.001 -1 0 7.0147 155 ::f,1,3 f,1,12 f,12,2 f,14,12 
127:2,2 0.001 -1 -1 1,2 0.001 1 1 2,1 0.001 0 1 35.0276 290 2,14 0.001 0 -1 2,13 0.001 1 -1 1,13 0.001 -1 0 59.017 350 13,2 0.001 -1 0 14,1 0.001 1 -1 14,2 0.001 1 0 37.0135 275 14,14 0.001 1 0 13,14 0.001 0 1 14,13 0.001 -1 1 7.0147 155 ::f,1,3 f,1,12 f,12,2 f,14,12 
128:2,2 0.001 0 -1 1,2 0.001 1 1 2,1 0.001 0 1 35.0276 290 2,14 0.001 0 -1 2,13 0.001 1 0 1,13 0.001 -1 0 59.017 350 13,2 0.001 -1 0 14,1 0.001 1 -1 14,2 0.001 1 0 45.0136 290 14,14 0.001 1 -1 13,14 0.001 1 1 14,13 0.001 -1 1 7.0147 155 ::f,1,3 f,1,12 f,12,2 f,14,12 
129:2,2 0.001 0 -1 1,2 0.001 0 1 2,1 0.001 -1 1 35.0276 290 2,14 0.001 -1 -1 2,13 0.001 1 0 1,13 0.001 -1 -1 59.017 350 13,2 0.001 -1 1 14,1 0.001 1 0 14,2 0.001 1 -1 45.0136 290 14,14 0.001 1 -1 13,14 0.001 1 1 14,13 0.001 0 1 7.0147 155 ::f,1,3 f,1,12 f,12,2 f,14,12 
130:2,2 0.001 1 -1 1,2 0.001 0 1 2,1 0.001 -1 1 40.0277 305 2,14 0.001 -1 -1 2,13 0.001 1 1 1,13 0.001 -1 -1 59.017 350 13,2 0.001 -1 1 14,1 0.001 1 0 14,2 0.001 1 -1 45.0136 290 14,14 0.001 0 -1 13,14 0.001 1 0 14,13 0.001 0 1 7.0147 155 ::f,1,12 f,3,1 f,12,2 f,14,12 
131:2,2 0.001 1 -1 1,2 0.001 -1 1 2,1 0.001 -1 0 45.0278 320 2,14 0.001 -1 0 2,13 0.001 1 1 1,13 0.001 0 -1 59.017 350 13,2 0.001 0 1 14,1 0.001 1 1 14,2 0.001 0 -1 45.0136 290 14,14 0.001 0 -1 13,14 0.001 1 0 14,13 0.001 1 1 7.0147 155 ::f,0,1 f,1,12 f,12,2 f,14,12 
132:2,2 0.001 1 0 1,2 0.001 -1 1 1,1 0.001 -1 0 45.0288 320 2,14 0.001 -1 0 2,13 0.001 0 1 1,13 0.001 0 -1 66.0171 365 13,2 0.001 0 1 14,1 0.001 1 1 14,2 0.001 0 -1 45.0136 290 14,14 0.001 0 -1 13,14 0.001 1 0 14,13 0.001 1 1 7.0147 155 ::f,0,1 f,3,14 f,12,2 f,14,12 
133:2,2 0.001 1 0 1,2 0.001 -1 0 1,1 0.001 -1 0 51.0289 335 2,14 0.001 -1 1 2,13 0.001 0 1 1,13 0.001 1 -1 66.0171 365 13,2 0.001 1 1 14,1 0.001 0 1 14,2 0.001 0 -1 45.0136 290 14,14 0.001 -1 -1 13,14 0.001 1 -1 14,13 0.001 1 0 7.0147 155 ::f,1,0 f,3,14 f,12,2 f,14,12 
134:2,2 0.001 1 1 1,2 0.001 -1 0 1,1 0.001 -1 -1 51.0289 335 2,14 0.001 -1 1 2,13 0.001 0 1 1,13 0.001 1 -1 66.0171 365 13,2 0.001 1 1 14,1 0.001 0 1 14,2 0.001 -1 -1 45.0136 290 14,14 0.001 -1 -1 13,14 0.001 1 -1 14,13 0.001 1 0 7.0147 155 ::f,1,0 f,3,14 f,12,2 f,14,12 
135:2,2 0.001 1 1 1,2 0.001 -1 -1 1,1 0.001 -1 -1 51.0289 335 2,14 0.001 0 1 2,13 0.001 -1 1 1,13 0.001 1 0 66.0171 365 13,2 0.001 1 0 14,1 0.001 0 1 14,2 0.001 -1 -1 45.0136 290 14,14 0.001 -1 0 13,14 0.001 0 -1 14,13 0.001 1 -1 7.0147 155 ::f,1,0 f,3,14 f,12,2 f,14,12 
136:2,2 0.001 0 1 1,2 0.001 -1 -1 1,1 0.001 0 -1 51.0289 335 2,14 0.001 0 1 2,13 0.001 -1 1 1,13 0.001 1 0 66.0171 365 13,2 0.001 1 0 14,1 0.001 -1 1 14,2 0.001 -1 0 45.0136 290 14,14 0.001 -1 0 13,14 0.001 0 -1 14,13 0.001 1 -1 7.0147 155 ::f,1,0 f,3,14 f,12,2 f,14,12 
137:2,2 0.001 0 1 1,2 0.001 0 -1 1,1 0.001 0 -1 58.029 350 2,14 0.001 1 1 2,13 0.001 -1 0 1,13 0.001 1 0 66.0171 365 13,2 0.001 1 0 14,1 0.001 -1 1 14,2 0.001 -1 0 45.0136 290 14,14 0.001 -1 1 13,14 0.001 -1 -1 14,13 0.001 0 -1 7.0147 155 ::f,3,0 f,3,14 f,12,2 f,14,12 
138:2,2 0.001 -1 1 1,2 0.001 0 -1 1,1 0.001 1 -1 58.029 350 2,14 0.001 1 1 2,13 0.001 -1 0 1,13 0.001 1 1 66.0171 365 13,2 0.001 1 -1 14,1 0.001 -1 0 14,2 0.001 -1 0 45.0136 290 14,14 0.001 -1 1 13,14 0.001 -1 -1 14,13 0.001 0 -1 9.0148 170 ::f,3,0 f,3,14 f,12,2 f,15,14 
139:2,2 0.001 -1 1 1,2 0.001 0 -1 1,1 0.001 1 -1 58.029 350 2,14 0.001 1 0 2,13 0.001 -1 -1 1,13 0.001 1 1 66.0171 365 13,2 0.001 1 -1 14,1 0.001 -1 0 14,2 0.001 -1 1 45.0136 290 14,14 0.001 0 1 13,14 0.001 -1 0 14,13 0.001 -1 -1 9.0148 170 ::f,3,0 f,3,14 f,12,2 f,15,14 
140:2,2 0.001 -1 0 1,2 0.001 1 -1 1,1 0.001 1 0 58.029 350 2,14 0.001 1 0 2,13 0.001 -1 -1 1,13 0.001 0 1 74.0172 380 13,2 0.001 0 -1 14,1 0.001 -1 -1 14,2 0.001 -1 1 45.0136 290 14,14 0.001 0 1 13,14 0.001 -1 0 14,13 0.001 -1 -1 9.0148 170 ::f,1,14 f,3,0 f,12,2 f,15,14 
141:2,2 0.001 -1 0 2,1 0.001 1 -1 1,1 0.001 1 0 58.03 350 2,14 0.001 1 -1 2,13 0.001 0 -1 1,13 0.001 0 1 82.0173 395 13,2 0.001 0 -1 14,1 0.001 -1 -1 14,2 0.001 0 1 45.0136 290 14,14 0.001 1 1 13,14 0.001 -1 1 14,13 0.001 -1 0 9.0148 170 ::f,1,12 f,3,0 f,12,2 f,15,14 
142:2,2 0.001 -1 0 2,1 0.001 1 -1 1,1 0.001 1 0 64.0301 365 2,14 0.001 1 -1 2,13 0.001 0 -1 1,13 0.001 -1 1 82.0173 395 13,2 0.001 -1 -1 14,1 0.001 0 -1 14,2 0.001 0 1 45.0136 290 14,14 0.001 1 1 13,14 0.001 -1 1 13,13 0.001 -1 0 9.0158 170 ::f,1,3 f,1,12 f,12,2 f,15,14 
143:2,2 0.001 -1 -1 2,1 0.001 1 0 1,1 0.001 1 1 64.0301 365 2,14 0.001 0 -1 2,13 0.001 1 -1 1,13 0.001 -1 1 82.0173 395 13,2 0.001 -1 -1 14,1 0.001 0 -1 14,2 0.001 1 1 45.0136 290 14,14 0.001 1 0 13,14 0.001 0 1 13,13 0.001 -1 0 9.0158 170 ::f,1,3 f,1,12 f,12,2 f,15,14 
144:2,2 0.001 -1 -1 2,1 0.001 1 0 1,1 0.001 1 1 64.0301 365 2,14 0.001 0 -1 2,13 0.001 1 -1 1,13 0.001 -1 0 82.0173 395 13,2 0.001 -1 0 14,1 0.001 1 -1 14,2 0.001 1 1 45.0136 290 14,14 0.001 1 0 13,14 0.001 0 1 13,13 0.001 -1 1 13.0159 185 ::f,1,3 f,1,12 f,12,2 f,12,12 
145:2,2 0.001 0 -1 2,1 0.001 1 1 1,1 0.001 0 1 64.0301 365 2,14 0.001 0 -1 2,13 0.001 1 0 1,13 0.001 -1 0 82.0173 395 13,2 0.001 -1 0 14,1 0.001 1 -1 14,2 0.001 1 0 54.0137 305 14,14 0.001 1 -1 13,14 0.001 1 1 13,13 0.001 -1 1 13.0159 185 ::f,1,3 f,1,12 f,12,12 f,13,1 
146:2,2 0.001 0 -1 2,1 0.001 1 1 1,2 0.001 0 1 64.0311 365 2,14 0.001 -1 -1 2,13 0.001 1 0 1,13 0.001 -1 -1 82.0173 395 13,2 0.001 -1 1 14,1 0.001 1 0 14,2 0.001 1 0 54.0137 305 14,14 0.001 1 -1 13,14 0.001 1 1 13,13 0.001 0 1 13.0159 185 ::f,1,3 f,1,12 f,12,12 f,13,1 
147:2,2 0.001 1 -1 2,1 0.001 0 1 1,2 0.001 0 1 72.0312 380 2,14 0.001 -1 -1 2,13 0.001 1 1 1,13 0.001 -1 -1 82.0173 395 13,2 0.001 -1 1 14,1 0.001 1 0 14,2 0.001 1 -1 54.0137 305 14,14 0.001 0 -1 13,14 0.001 1 0 13,13 0.001 0 1 13.0159 185 ::f,1,12 f,3,2 f,12,12 f,13,1 
148:2,2 0.001 1 -1 2,1 0.001 0 1 1,2 0.001 -1 1 72.0312 380 2,14 0.001 -1 0 2,13 0.001 1 1 1,13 0.001 0 -1 82.0173 395 13,2 0.001 0 1 14,1 0.001 1 1 14,2 0.001 1 -1 54.0137 305 14,13 0.001 0 -1 14,14 0.001 1 0 13,13 0.001 0 1 13.0179 185 ::f,1,12 f,3,2 f,12,12 f,13,1 
149:2,2 0.001 1 0 2,1 0.001 0 1 1,2 0.001 -1 1 72.0312 380 2,14 0.001 -1 0 2,13 0.001 0 1 1,13 0.001 0 -1 91.0174 410 13,2 0.001 0 1 14,1 0.001 1 1 14,2 0.001 0 -1 54.0137 305 14,13 0.001 0 -1 14,14 0.001 1 0 13,13 0.001 1 1 13.0179 185 ::f,0,15 f,3,2 f,12,12 f,13,1 
150:2,2 0.001 1 0 2,1 0.001 -1 1 1,2 0.001 -1 0 78.0313 395 2,14 0.001 -1 1 2,13 0.001 0 1 1,13 0.001 1 -1 91.0174 410 13,2 0.001 1 1 14,1 0.001 0 1 14,2 0.001 0 -1 54.0137 305 14,13 0.001 -1 -1 14,14 0.001 1 -1 13,13 0.001 1 1 13.0179 185 ::f,0,0 f,0,15 f,12,12 f,13,1 
151:2,2 0.001 1 1 2,1 0.001 -1 1 1,2 0.001 -1 0 78.0313 395 2,14 0.001 -1 1 2,13 0.001 0 1 1,13 0.001 1 -1 91.0174 410 13,2 0.001 1 1 14,1 0.001 0 1 14,2 0.001 0 -1 54.0137 305 14,13 0.001 -1 -1 14,14 0.001 1 -1 13,13 0.001 1 0 13.0179 185 ::f,0,0 f,0,15 f,12,12 f,13,1 
152:2,2 0.001 1 1 2,1 0.001 -1 0 1,2 0.001 -1 -1 78.0313 395 2,14 0.001 0 1 2,13 0.001 -1 1 1,13 0.001 1 0 91.0174 410 13,2 0.001 1 0 14,1 0.001 0 1 14,2 0.001 -1 -1 54.0137 305 14,13 0.001 -1 0 14,14 0.001 0 -1 13,13 0.001 1 0 13.0179 185 ::f,0,0 f,0,15 f,12,12 f,13,1 
153:2,2 0.001 0 1 2,1 0.001 -1 0 1,2 0.001 -1 -1 78.0313 395 2,14 0.001 0 1 1,14 0.001 -1 1 2,13 0.001 1 0 91.0194 410 13,2 0.001 1 0 14,1 0.001 -1 1 14,2 0.001 -1 -1 58.0138 320 14,13 0.001 -1 0 14,14 0.001 0 -1 13,13 0.001 1 -1 13.0179 185 ::f,0,0 f,0,15 f,12,0 f,12,12 
154:2,2 0.001 0 1 2,1 0.001 -1 -1 1,2 0.001 0 -1 78.0313 395 2,14 0.001 1 1 1,14 0.001 -1 1 2,13 0.001 1 0 96.0195 425 13,2 0.001 1 0 14,1 0.001 -1 1 13,1 0.001 -1 -1 58.0148 320 14,13 0.001 -1 0 14,14 0.001 0 -1 13,13 0.001 1 -1 13.0179 185 ::f,0,0 f,0,13 f,12,0 f,12,12 
155:2,2 0.001 -1 1 2,1 0.001 -1 -1 1,1 0.001 0 -1 78.0323 395 2,14 0.001 1 1 1,14 0.001 -1 0 2,13 0.001 1 1 96.0195 425 13,2 0.001 1 -1 14,1 0.001 -1 0 13,1 0.001 -1 -1 63.0149 335 14,13 0.001 -1 1 14,14 0.001 -1 -1 13,13 0.001 0 -1 13.0179 185 ::f,0,0 f,0,13 f,12,12 f,14,0 
156:2,2 0.001 -1 1 2,1 0.001 0 -1 1,1 0.001 0 -1 78.0323 395 2,14 0.001 1 0 1,14 0.001 -1 0 2,13 0.001 1 1 96.0195 425 13,2 0.001 1 -1 14,1 0.001 -1 0 13,1 0.001 -1 0 63.0149 335 14,13 0.001 -1 1 14,14 0.001 -1 -1 13,13 0.001 0 -1 13.0179 185 ::f,0,0 f,0,13 f,12,12 f,14,0 
157:2,2 0.001 -1 0 2,1 0.001 0 -1 1,1 0.001 1 -1 78.0323 395 2,14 0.001 1 0 1,14 0.001 -1 -1 2,13 0.001 0 1 96.0195 425 13,2 0.001 0 -1 14,1 0.001 -1 -1 13,1 0.001 -1 0 63.0149 335 14,13 0.001 0 1 14,14 0.001 -1 -1 13,13 0.001 -1 -1 13.0179 185 ::f,0,0 f,0,13 f,12,12 f,14,0 
158:1,2 0.001 -1 0 2,1 0.001 1 -1 1,1 0.001 1 -1 78.0333 395 2,14 0.001 1 -1 1,14 0.001 -1 -1 2,13 0.001 0 1 102.02 440 13,2 0.001 0 -1 14,1 0.001 -1 -1 13,1 0.001 -1 1 63.0149 335 14,13 0.001 0 1 14,14 0.001 -1 0 13,13 0.001 -1 -1 16.018 200 ::f,0,0 f,2,12 f,14,0 f,15,12 
159:1,2 0.001 -1 0 2,1 0.001 1 -1 1,1 0.001 1 0 78.0333 395 2,14 0.001 1 -1 1,14 0.001 0 -1 2,13 0.001 0 1 102.02 440 13,2 0.001 -1 -1 14,1 0.001 0 -1 13,1 0.001 -1 1 63.0149 335 14,13 0.001 1 1 14,14 0.001 -1 0 13,13 0.001 -1 0 16.018 200 ::f,0,0 f,2,12 f,14,0 f,15,12 
160:1,2 0.001 -1 -1 2,1 0.001 1 0 1,1 0.001 1 0 78.0333 395 2,14 0.001 0 -1 1,13 0.001 0 -1 2,13 0.001 -1 1 102.021 440 13,2 0.001 -1 -1 14,1 0.001 0 -1 13,1 0.001 0 1 66.015 350 14,13 0.001 1 1 14,14 0.001 -1 1 13,13 0.001 -1 0 16.018 200 ::f,0,0 f,2,12 f,14,2 f,15,12 
161:1,2 0.001 -1 -1 2,1 0.001 1 0 1,1 0.001 1 0 78.0333 395 2,14 0.001 0 -1 1,13 0.001 0 -1 2,13 0.001 -1 1 102.021 440 13,2 0.001 -1 0 14,1 0.001 1 -1 13,1 0.001 0 1 66.015 350 14,13 0.001 1 0 14,14 0.001 -1 1 13,13 0.001 -1 1 16.018 200 ::f,0,0 f,2,12 f,14,2 f,15,12 
162:1,2 0.001 0 -1 2,1 0.001 1 1 1,1 0.001 1 1 78.0333 395 2,14 0.001 0 -1 1,13 0.001 1 -1 2,13 0.001 -1 0 102.021 440 13,2 0.001 -1 0 14,1 0.001 1 -1 13,1 0.001 0 1 66.015 350 14,13 0.001 1 0 14,14 0.001 0 1 13,13 0.001 -1 1 16.018 200 ::f,0,0 f,2,12 f,14,2 f,15,12 
163:1,2 0.001 0 -1 2,1 0.001 1 1 1,1 0.001 1 1 78.0333 395 2,14 0.001 -1 -1 1,13 0.001 1 -1 2,13 0.001 -1 0 109.021 455 13,2 0.001 -1 1 14,1 0.001 1 0 13,1 0.001 1 1 66.015 350 14,13 0.001 1 -1 14,14 0.001 0 1 13,13 0.001 0 1 16.018 200 ::f,0,0 f,0,15 f,14,2 f,15,12 
164:1,2 0.001 0 -1 2,1 0.001 0 1 1,1 0.001 0 1 78.0333 395 2,14 0.001 -1 -1 1,13 0.001 1 0 2,13 0.001 -1 -1 109.021 455 13,2 0.001 -1 1 14,1 0.001 1 0 13,1 0.001 1 1 72.0151 365 14,13 0.001 1 -1 14,14 0.001 1 1 13,14 0.001 0 1 21.0191 215 ::f,0,0 f,0,15 f,12,13 f,14,0 
165:1,2 0.001 1 -1 2,2 0.001 0 1 1,1 0.001 0 1 78.0343 395 2,14 0.001 -1 0 1,13 0.001 1 0 2,13 0.001 -1 -1 109.021 455 13,2 0.001 0 1 14,1 0.001 1 1 13,1 0.001 1 0 72.0151 365 14,13 0.001 0 -1 14,14 0.001 1 1 13,14 0.001 0 1 21.0191 215 ::f,0,0 f,0,15 f,12,13 f,14,0 
166:1,2 0.001 1 -1 2,2 0.001 0 1 1,1 0.001 -1 1 78.0343 395 2,14 0.001 -1 0 1,13 0.001 1 0 2,13 0.001 0 -1 109.021 455 13,2 0.001 0 1 14,1 0.001 1 1 13,1 0.001 1 0 72.0151 365 14,13 0.001 0 -1 14,14 0.001 1 0 13,14 0.001 1 1 21.0191 215 ::f,0,0 f,0,15 f,12,13 f,14,0 
167:1,2 0.001 1 0 2,2 0.001 -1 1 1,1 0.001 -1 1 78.0343 395 2,14 0.001 -1 1 1,13 0.001 1 1 2,13 0.001 0 -1 109.021 455 13,2 0.001 1 1 14,1 0.001 0 1 13,1 0.001 1 -1 72.0151 365 14,13 0.001 -1 -1 14,14 0.001 1 0 13,14 0.001 1 1 21.0191 215 ::f,0,0 f,0,15 f,12,13 f,14,0 
168:1,2 0.001 1 0 2,2 0.001 -1 1 1,1 0.001 -1 0 78.0343 395 2,14 0.001 -1 1 1,13 0.001 1 1 2,13 0.001 1 -1 109.021 455 13,2 0.001 1 1 14,2 0.001 0 1 13,1 0.001 1 -1 79.0162 380 14,13 0.001 -1 -1 14,14 0.001 1 -1 13,14 0.001 1 0 21.0191 215 ::f,0,0 f,0,15 f,12,1 f,12,13 
169:1,2 0.001 1 1 2,2 0.001 -1 0 1,1 0.001 -1 0 78.0343 395 2,14 0.001 0 1 1,13 0.001 0 1 2,13 0.001 1 -1 109.021 455 13,2 0.001 1 0 14,2 0.001 0 1 13,1 0.001 0 -1 79.0162 380 14,13 0.001 -1 0 14,14 0.001 1 -1 13,14 0.001 1 0 21.0191 215 ::f,0,0 f,0,15 f,12,1 f,12,13 
170:1,2 0.001 1 1 2,2 0.001 -1 0 1,1 0.001 -1 -1 78.0343 395 2,14 0.001 0 1 1,13 0.001 0 1 2,13 0.001 1 0 109.021 455 13,2 0.001 1 0 14,2 0.001 -1 1 13,1 0.001 0 -1 79.0162 380 13,13 0.001 -1 0 14,14 0.001 0 -1 13,14 0.001 1 0 21.0201 215 ::f,0,0 f,0,15 f,12,1 f,12,13 
171:1,2 0.001 0 1 2,2 0.001 -1 0 1,1 0.001 -1 -1 87.0344 410 2,14 0.001 1 1 1,13 0.001 -1 1 2,13 0.001 1 0 109.021 455 13,2 0.001 1 0 14,2 0.001 -1 1 13,1 0.001 -1 -1 79.0162 380 13,13 0.001 -1 0 14,13 0.001 0 -1 14,14 0.001 1 0 27.0222 230 ::f,0,1 f,0,15 f,12,1 f,15,14 
172:1,2 0.001 0 1 2,2 0.001 -1 -1 1,1 0.001 0 -1 87.0344 410 2,14 0.001 1 1 1,13 0.001 -1 1 2,13 0.001 1 1 109.021 455 13,2 0.001 1 -1 14,2 0.001 -1 0 13,1 0.001 -1 -1 79.0162 380 13,13 0.001 -1 1 14,13 0.001 0 -1 14,14 0.001 1 0 31.0223 245 ::f,0,1 f,0,15 f,12,1 f,14,12 
173:1,2 0.001 -1 1 2,2 0.001 -1 -1 1,1 0.001 0 -1 87.0344 410 2,14 0.001 1 0 1,13 0.001 -1 0 2,13 0.001 1 1 109.021 455 13,2 0.001 1 -1 14,2 0.001 -1 0 13,1 0.001 -1 0 79.0162 380 13,13 0.001 -1 1 14,13 0.001 -1 -1 14,14 0.001 1 -1 31.0223 245 ::f,0,1 f,0,15 f,12,1 f,14,12 
174:1,2 0.001 -1 1 2,2 0.001 0 -1 1,1 0.001 1 -1 87.0344 410 2,14 0.001 1 0 1,13 0.001 -1 0 2,13 0.001 0 1 109.021 455 13,2 0.001 0 -1 14,2 0.001 -1 0 13,1 0.001 -1 0 87.0163 395 13,13 0.001 0 1 14,13 0.001 -1 -1 14,14 0.001 1 -1 31.0223 245 ::f,0,1 f,0,15 f,14,3 f,14,12 
175:1,2 0.001 -1 0 2,2 0.001 0 -1 1,1 0.001 1 -1 87.0344 410 2,14 0.001 1 -1 1,13 0.001 -1 -1 2,13 0.001 0 1 109.021 455 13,2 0.001 0 -1 14,2 0.001 -1 -1 13,1 0.001 -1 1 87.0163 395 13,14 0.001 0 1 14,13 0.001 -1 0 14,14 0.001 0 -1 31.0233 245 ::f,0,1 f,0,15 f,14,3 f,14,12 
176:1,2 0.001 -1 0 2,2 0.001 1 -1 1,1 0.001 1 0 87.0344 410 2,14 0.001 1 -1 1,13 0.001 -1 -1 2,13 0.001 0 1 109.021 455 13,2 0.001 -1 -1 14,2 0.001 -1 -1 13,1 0.001 -1 1 87.0163 395 13,14 0.001 0 1 13,13 0.001 -1 0 14,13 0.001 0 -1 31.0253 245 ::f,0,1 f,0,15 f,14,3 f,14,12 
177:1,2 0.001 -1 -1 2,2 0.001 1 -1 2,1 0.001 1 0 87.0354 410 2,14 0.001 0 -1 1,13 0.001 0 -1 2,13 0.001 -1 1 109.021 455 13,2 0.001 -1 -1 14,2 0.001 0 -1 13,1 0.001 0 1 87.0163 395 13,14 0.001 1 1 13,13 0.001 -1 0 14,13 0.001 0 -1 36.0254 260 ::f,0,1 f,0,15 f,13,12 f,14,3 
178:1,2 0.001 -1 -1 2,2 0.001 1 0 2,1 0.001 1 0 94.0355 425 2,14 0.001 0 -1 1,13 0.001 0 -1 1,14 0.001 -1 1 109.022 455 13,2 0.001 -1 0 14,2 0.001 0 -1 13,1 0.001 0 1 87.0163 395 13,14 0.001 1 1 13,13 0.001 -1 1 14,13 0.001 -1 -1 36.0254 260 ::f,0,1 f,0,15 f,13,12 f,14,3 
179:1,2 0.001 0 -1 2,2 0.001 1 0 2,1 0.001 1 1 94.0355 425 2,14 0.001 0 -1 1,13 0.001 1 -1 1,14 0.001 -1 1 119.022 470 13,2 0.001 -1 0 14,2 0.001 1 -1 13,1 0.001 0 1 87.0163 395 13,14 0.001 1 0 13,13 0.001 -1 1 14,13 0.001 -1 -1 42.0255 275 ::f,0,1 f,3,15 f,13,15 f,14,3 
180:1,1 0.001 0 -1 2,2 0.001 1 1 2,1 0.001 1 1 94.0365 425 2,14 0.001 -1 -1 1,13 0.001 1 -1 1,14 0.001 -1 0 119.022 470 13,2 0.001 -1 1 14,2 0.001 1 -1 13,1 0.001 1 1 87.0163 395 14,14 0.001 1 0 13,13 0.001 0 1 14,13 0.001 -1 0 42.0265 275 ::f,0,1 f,3,15 f,13,15 f,14,3 
181:1,1 0.001 0 -1 2,2 0.001 1 1 2,1 0.001 0 1 94.0365 425 2,14 0.001 -1 -1 1,13 0.001 1 0 1,14 0.001 -1 0 119.022 470 13,2 0.001 -1 1 14,2 0.001 1 0 13,1 0.001 1 1 87.0163 395 14,14 0.001 1 0 13,14 0.001 0 1 13,13 0.001 -1 0 42.0285 275 ::f,0,1 f,3,15 f,13,15 f,14,3 
182:1,1 0.001 1 -1 2,2 0.001 0 1 2,1 0.001 0 1 94.0365 425 2,14 0.001 -1 0 2,13 0.001 1 0 1,14 0.001 -1 -1 119.023 470 13,2 0.001 0 1 14,2 0.001 1 0 13,1 0.001 1 0 87.0163 395 14,14 0.001 1 -1 13,14 0.001 0 1 13,13 0.001 -1 0 43.0286 290 ::f,0,1 f,3,15 f,14,3 f,15,13 
183:1,1 0.001 1 -1 2,2 0.001 0 1 2,1 0.001 0 1 94.0365 425 2,14 0.001 -1 0 2,13 0.001 1 0 1,14 0.001 -1 -1 119.023 470 13,2 0.001 0 1 14,2 0.001 1 1 13,1 0.001 1 0 87.0163 395 14,14 0.001 1 -1 13,14 0.001 1 1 13,13 0.001 -1 1 50.0287 305 ::f,0,1 f,3,15 f,13,12 f,14,3 
184:1,1 0.001 1 0 2,2 0.001 -1 1 2,1 0.001 -1 1 94.0365 425 2,14 0.001 -1 1 2,13 0.001 1 1 1,14 0.001 0 -1 119.023 470 13,2 0.001 1 1 14,2 0.001 1 1 13,1 0.001 1 -1 87.0163 395 14,14 0.001 0 -1 13,14 0.001 1 1 13,13 0.001 -1 1 50.0287 305 ::f,0,1 f,3,15 f,13,12 f,14,3 
185:1,1 0.001 1 0 2,2 0.001 -1 1 2,1 0.001 -1 1 94.0365 425 2,14 0.001 -1 1 2,13 0.001 1 1 1,13 0.001 0 -1 119.024 470 13,2 0.001 1 1 14,2 0.001 0 1 13,1 0.001 1 -1 97.0164 410 14,13 0.001 0 -1 13,14 0.001 1 0 13,13 0.001 0 1 50.0297 305 ::f,0,1 f,3,15 f,12,1 f,13,12 
186:1,1 0.001 1 0 2,2 0.001 -1 0 2,1 0.001 -1 0 94.0365 425 2,14 0.001 0 1 2,13 0.001 0 1 1,13 0.001 0 -1 119.024 470 13,2 0.001 1 0 14,2 0.001 0 1 13,1 0.001 0 -1 97.0164 410 14,13 0.001 0 -1 14,14 0.001 1 0 13,14 0.001 0 1 50.0317 305 ::f,0,1 f,3,15 f,12,1 f,13,12 
187:1,1 0.001 1 1 1,2 0.001 -1 0 2,1 0.001 -1 0 94.0375 425 2,14 0.001 0 1 2,13 0.001 0 1 1,13 0.001 1 -1 119.024 470 13,2 0.001 1 0 14,2 0.001 -1 1 13,1 0.001 0 -1 97.0164 410 14,13 0.001 -1 -1 14,14 0.001 1 0 13,14 0.001 0 1 50.0317 305 ::f,0,1 f,3,15 f,12,1 f,13,12 
188:1,1 0.001 1 1 1,2 0.001 -1 0 2,1 0.001 -1 0 94.0375 425 2,14 0.001 1 1 2,13 0.001 0 1 1,13 0.001 1 -1 119.024 470 13,2 0.001 1 0 14,2 0.001 -1 1 13,1 0.001 -1 -1 97.0164 410 14,13 0.001 -1 -1 14,14 0.001 1 -1 13,14 0.001 1 1 58.0318 320 ::f,0,1 f,3,15 f,12,1 f,12,12 
189:1,1 0.001 0 1 1,2 0.001 -1 -1 2,1 0.001 -1 -1 94.0375 425 2,14 0.001 1 1 2,13 0.001 -1 1 1,13 0.001 1 0 128.024 485 13,2 0.001 1 -1 14,2 0.001 -1 0 13,1 0.001 -1 -1 97.0164 410 14,13 0.001 -1 0 14,14 0.001 1 -1 13,14 0.001 1 1 58.0318 320 ::f,0,1 f,2,12 f,12,1 f,12,12 
190:1,1 0.001 0 1 1,2 0.001 -1 -1 2,1 0.001 -1 -1 111.038 455 2,14 0.001 1 0 2,13 0.001 -1 1 1,13 0.001 1 0 128.024 485 13,2 0.001 1 -1 14,2 0.001 -1 0 13,1 0.001 -1 0 97.0164 410 13,13 0.001 -1 0 14,14 0.001 0 -1 13,14 0.001 1 0 58.0328 320 ::f,2,2 f,2,12 f,12,1 f,12,12 
191:1,1 0.001 -1 1 1,2 0.001 0 -1 2,1 0.001 0 -1 111.038 455 2,14 0.001 1 0 2,13 0.001 -1 0 1,13 0.001 1 0 128.024 485 13,2 0.001 0 -1 14,2 0.001 -1 0 13,1 0.001 -1 0 106.017 425 13,13 0.001 -1 0 14,13 0.001 0 -1 14,14 0.001 1 0 58.0348 320 ::f,2,2 f,2,12 f,12,2 f,12,12 
192:1,1 0.001 -1 1 1,2 0.001 0 -1 2,1 0.001 0 -1 111.038 455 2,14 0.001 1 -1 2,13 0.001 -1 0 1,13 0.001 1 1 128.024 485 13,2 0.001 0 -1 14,2 0.001 -1 0 13,1 0.001 -1 1 106.017 425 13,13 0.001 -1 1 14,13 0.001 0 -1 14,14 0.001 1 0 58.0348 320 ::f,2,2 f,2,12 f,12,2 f,12,12 
193:1,1 0.001 -1 0 1,2 0.001 0 -1 2,1 0.001 1 -1 111.038 455 2,14 0.001 1 -1 2,13 0.001 -1 -1 1,13 0.001 1 1 128.024 485 13,2 0.001 -1 -1 14,2 0.001 -1 0 13,1 0.001 -1 1 116.017 440 13,13 0.001 -1 1 14,13 0.001 -1 -1 14,14 0.001 1 -1 58.0348 320 ::f,2,2 f,2,12 f,12,2 f,12,12 
194:1,1 0.001 -1 0 1,2 0.001 1 -1 2,1 0.001 1 -1 111.038 455 2,14 0.001 0 -1 2,13 0.001 -1 -1 1,13 0.001 0 1 128.024 485 13,2 0.001 -1 -1 14,2 0.001 -1 -1 13,1 0.001 0 1 116.017 440 13,13 0.001 0 1 14,13 0.001 -1 -1 14,14 0.001 1 -1 58.0348 320 ::f,2,2 f,2,12 f,12,2 f,12,12 
195:1,1 0.001 -1 -1 1,2 0.001 1 -1 2,1 0.001 1 0 111.038 455 2,14 0.001 0 -1 2,13 0.001 0 -1 1,13 0.001 0 1 128.024 485 13,2 0.001 -1 0 14,2 0.001 -1 -1 13,1 0.001 0 1 116.017 440 13,14 0.001 0 1 14,13 0.001 -1 0 14,14 0.001 0 -1 58.0358 320 ::f,2,2 f,2,12 f,12,2 f,12,12 
196:1,1 0.001 -1 -1 1,2 0.001 1 0 2,1 0.001 1 0 111.038 455 2,14 0.001 0 -1 2,13 0.001 0 -1 1,13 0.001 -1 1 136.024 500 13,2 0.001 -1 0 14,2 0.001 0 -1 13,1 0.001 0 1 126.017 455 13,14 0.001 0 1 13,13 0.001 -1 0 14,13 0.001 0 -1 58.0378 320 ::f,2,2 f,3,15 f,12,12 f,13,3 
197:1,1 0.001 0 -1 1,2 0.001 1 0 2,1 0.001 1 1 119.038 470 2,14 0.001 -1 -1 2,13 0.001 1 -1 1,13 0.001 -1 1 136.024 500 13,2 0.001 -1 1 14,2 0.001 0 -1 13,1 0.001 0 1 126.017 455 13,14 0.001 1 1 13,13 0.001 -1 0 14,13 0.001 0 -1 58.0378 320 ::f,1,3 f,3,15 f,12,12 f,13,3 
198:1,1 0.001 0 -1 1,2 0.001 1 1 2,1 0.001 1 1 119.038 470 2,14 0.001 -1 0 2,13 0.001 1 -1 1,13 0.001 -1 0 136.024 500 13,2 0.001 -1 1 14,2 0.001 1 -1 13,1 0.001 1 1 126.017 455 13,14 0.001 1 1 13,13 0.001 -1 1 14,13 0.001 -1 -1 58.0378 320 ::f,1,3 f,3,15 f,12,12 f,13,3 
199:1,1 0.001 1 -1 1,2 0.001 1 1 2,1 0.001 0 1 119.038 470 2,14 0.001 -1 0 2,13 0.001 1 0 1,13 0.001 -1 0 136.024 500 13,2 0.001 0 1 14,2 0.001 1 -1 13,1 0.001 1 1 126.017 455 13,14 0.001 1 0 13,13 0.001 -1 1 14,13 0.001 -1 -1 58.0378 320 ::f,1,3 f,3,15 f,12,12 f,13,3 
200:1,1 0.001 1 -1 1,2 0.001 0 1 2,2 0.001 0 1 119.039 470 2,14 0.001 -1 1 2,13 0.001 1 0 1,13 0.001 -1 -1 136.024 500 13,2 0.001 0 1 14,2 0.001 1 0 13,1 0.001 1 0 136.017 470 14,14 0.001 1 0 13,13 0.001 0 1 14,13 0.001 -1 0 58.0388 320 ::f,1,3 f,3,15 f,12,12 f,13,0 
201:1,1 0.001 1 0 1,2 0.001 0 1 2,2 0.001 0 1 128.039 485 2,14 0.001 -1 1 2,13 0.001 1 1 1,13 0.001 -1 -1 136.024 500 13,2 0.001 1 1 14,2 0.001 1 0 13,1 0.001 1 0 136.017 470 14,14 0.001 1 0 13,14 0.001 0 1 13,13 0.001 -1 0 58.0408 320 ::f,1,0 f,3,15 f,12,12 f,13,0 
202:2,1 0.001 1 0 1,2 0.001 -1 1 2,2 0.001 -1 1 128.04 485 2,14 0.001 0 1 2,13 0.001 1 1 1,13 0.001 0 -1 136.024 500 13,2 0.001 1 1 14,2 0.001 1 1 13,1 0.001 1 -1 136.017 470 14,14 0.001 1 -1 13,14 0.001 0 1 13,13 0.001 -1 0 58.0408 320 ::f,1,0 f,3,15 f,12,12 f,13,0 
203:2,1 0.001 1 0 1,2 0.001 -1 1 2,2 0.001 -1 1 128.04 485 2,14 0.001 0 1 2,13 0.001 0 1 1,13 0.001 0 -1 136.024 500 13,2 0.001 1 0 14,2 0.001 1 1 13,1 0.001 1 -1 136.017 470 14,14 0.001 1 -1 13,14 0.001 1 1 13,13 0.001 -1 1 58.0408 320 ::f,1,0 f,3,15 f,12,12 f,13,0 
204:2,1 0.001 1 1 1,2 0.001 -1 0 2,2 0.001 -1 0 128.04 485 2,14 0.001 1 1 2,13 0.001 0 1 1,13 0.001 1 -1 136.024 500 13,2 0.001 1 0 14,2 0.001 0 1 13,1 0.001 0 -1 136.017 470 14,14 0.001 0 -1 13,14 0.001 1 1 13,13 0.001 -1 1 58.0408 320 ::f,1,0 f,3,15 f,12,12 f,13,0 
205:2,1 0.001 1 1 1,2 0.001 -1 0 2,2 0.001 -1 0 128.04 485 2,14 0.001 1 1 2,13 0.001 0 1 1,13 0.001 1 -1 146.024 515 13,2 0.001 1 0 14,2 0.001 0 1 13,1 0.001 0 -1 146.017 485 14,13 0.001 0 -1 13,14 0.001 1 0 13,13 0.001 0 1 58.0418 320 ::f,0,14 f,1,0 f,12,12 f,15,0 
206:2,1 0.001 0 1 1,2 0.001 -1 -1 2,2 0.001 -1 0 128.04 485 2,14 0.001 1 0 2,13 0.001 -1 1 1,13 0.001 1 0 146.024 515 13,2 0.001 1 -1 14,2 0.001 -1 1 13,1 0.001 -1 -1 146.017 485 14,13 0.001 0 -1 14,14 0.001 1 0 13,14 0.001 0 1 58.0438 320 ::f,0,14 f,1,0 f,12,12 f,15,0 
207:2,1 0.001 0 1 1,2 0.001 -1 -1 2,2 0.001 -1 -1 128.04 485 2,14 0.001 1 0 2,13 0.001 -1 1 1,13 0.001 1 0 146.024 515 14,1 0.001 1 -1 14,2 0.001 -1 1 13,1 0.001 -1 -1 146.018 485 14,13 0.001 -1 -1 14,14 0.001 1 0 13,14 0.001 0 1 58.0438 320 ::f,0,14 f,1,0 f,12,12 f,15,0 
208:2,1 0.001 0 1 1,2 0.001 0 -1 2,2 0.001 -1 -1 128.04 485 2,14 0.001 1 -1 2,13 0.001 -1 0 1,13 0.001 1 0 146.024 515 14,1 0.001 1 -1 14,2 0.001 -1 0 13,1 0.001 -1 0 156.018 500 14,13 0.001 -1 -1 14,14 0.001 1 -1 13,14 0.001 1 1 58.0438 320 ::f,0,14 f,1,0 f,12,12 f,14,0 
209:2,1 0.001 -1 1 1,1 0.001 0 -1 2,2 0.001 0 -1 128.041 485 2,14 0.001 1 -1 2,13 0.001 -1 0 1,13 0.001 1 1 146.024 515 14,1 0.001 0 -1 13,2 0.001 -1 0 13,1 0.001 -1 0 156.019 500 14,13 0.001 -1 0 14,14 0.001 1 -1 13,14 0.001 1 1 58.0438 320 ::f,0,14 f,1,0 f,12,12 f,14,0 
210:2,1 0.001 -1 1 1,1 0.001 0 -1 2,2 0.001 0 -1 138.041 500 2,14 0.001 0 -1 2,13 0.001 -1 -1 1,13 0.001 1 1 146.024 515 14,1 0.001 0 -1 13,2 0.001 -1 0 13,1 0.001 -1 1 166.019 515 13,13 0.001 -1 0 14,14 0.001 0 -1 13,14 0.001 1 0 58.0448 320 ::f,0,14 f,2,3 f,12,12 f,14,0 
211:2,1 0.001 -1 0 1,1 0.001 1 -1 2,2 0.001 1 -1 138.041 500 2,14 0.001 0 -1 2,13 0.001 -1 -1 1,13 0.001 0 1 146.024 515 14,1 0.001 -1 -1 13,2 0.001 -1 -1 13,1 0.001 -1 1 166.019 515 13,13 0.001 -1 0 14,13 0.001 0 -1 14,14 0.001 1 0 58.0468 320 ::f,0,14 f,2,3 f,12,12 f,14,0 
212:2,1 0.001 -1 0 1,1 0.001 1 -1 2,2 0.001 1 -1 138.041 500 2,14 0.001 0 -1 2,13 0.001 0 -1 1,13 0.001 0 1 146.024 515 14,1 0.001 -1 -1 13,2 0.001 -1 -1 13,1 0.001 0 1 166.019 515 13,13 0.001 -1 1 14,13 0.001 0 -1 14,14 0.001 1 0 58.0468 320 ::f,0,14 f,2,3 f,12,12 f,14,0 
213:2,1 0.001 -1 -1 1,1 0.001 1 0 2,2 0.001 1 0 138.041 500 2,14 0.001 -1 -1 2,13 0.001 0 -1 1,13 0.001 -1 1 146.024 515 14,1 0.001 -1 0 13,2 0.001 0 -1 13,1 0.001 0 1 166.019 515 13,13 0.001 -1 1 14,13 0.001 -1 -1 14,14 0.001 1 -1 58.0468 320 ::f,0,14 f,2,3 f,12,12 f,14,0 
214:2,1 0.001 -1 -1 1,1 0.001 1 0 2,2 0.001 1 0 138.041 500 2,14 0.001 -1 -1 2,13 0.001 1 -1 1,13 0.001 -1 1 156.024 530 14,1 0.001 -1 0 13,2 0.001 0 -1 13,1 0.001 0 1 166.019 515 13,13 0.001 0 1 14,13 0.001 -1 -1 14,14 0.001 1 -1 58.0468 320 ::f,2,3 f,2,15 f,12,12 f,14,0 
215:2,1 0.001 0 -1 1,1 0.001 1 0 2,2 0.001 1 1 138.041 500 2,14 0.001 -1 0 2,13 0.001 1 -1 1,13 0.001 -1 0 156.024 530 14,1 0.001 -1 0 13,2 0.001 0 -1 13,1 0.001 1 1 166.019 515 13,14 0.001 0 1 14,13 0.001 -1 0 14,14 0.001 0 -1 58.0478 320 ::f,2,3 f,2,15 f,12,12 f,14,0 
216:2,1 0.001 0 -1 1,1 0.001 1 1 2,2 0.001 1 1 138.041 500 2,14 0.001 -1 0 2,13 0.001 1 0 1,13 0.001 -1 0 156.024 530 14,1 0.001 -1 1 13,2 0.001 1 -1 13,1 0.001 1 1 166.019 515 13,14 0.001 0 1 13,13 0.001 -1 0 14,13 0.001 0 -1 58.0498 320 ::f,2,3 f,2,15 f,12,12 f,14,0 
217:2,1 0.001 1 -1 1,1 0.001 1 1 2,2 0.001 0 1 138.041 500 2,14 0.001 -1 1 2,13 0.001 1 0 1,13 0.001 -1 -1 156.024 530 14,1 0.001 -1 1 13,2 0.001 1 -1 13,1 0.001 1 0 166.019 515 13,14 0.001 1 1 13,13 0.001 -1 0 14,13 0.001 0 -1 58.0498 320 ::f,2,3 f,2,15 f,12,12 f,14,0 
218:2,1 0.001 1 -1 1,1 0.001 0 1 2,2 0.001 0 1 148.041 515 2,14 0.001 -1 1 2,13 0.001 1 1 1,13 0.001 -1 -1 156.024 530 14,1 0.001 0 1 13,2 0.001 1 0 13,1 0.001 1 0 166.019 515 13,14 0.001 1 1 13,13 0.001 -1 1 14,13 0.001 -1 -1 58.0498 320 ::f,0,2 f,2,15 f,12,12 f,14,0 
219:2,1 0.001 1 0 1,1 0.001 0 1 2,2 0.001 -1 1 148.041 515 2,14 0.001 0 1 2,13 0.001 1 1 1,13 0.001 0 -1 156.024 530 14,1 0.001 0 1 13,2 0.001 1 0 13,1 0.001 1 -1 166.019 515 13,14 0.001 1 0 13,13 0.001 -1 1 14,13 0.001 -1 -1 58.0498 320 ::f,0,2 f,2,15 f,12,12 f,14,0 
220:2,1 0.001 1 0 1,1 0.001 -1 1 2,2 0.001 -1 1 148.041 515 2,14 0.001 0 1 2,13 0.001 0 1 1,13 0.001 0 -1 166.024 545 14,1 0.001 1 1 13,2 0.001 1 1 13,1 0.001 1 -1 176.019 530 14,14 0.001 1 0 13,13 0.001 0 1 14,13 0.001 -1 0 58.0508 320 ::f,0,2 f,0,13 f,12,12 f,14,2 
221:2,1 0.001 1 1 1,1 0.001 -1 1 2,2 0.001 -1 0 158.041 530 2,14 0.001 1 1 2,13 0.001 0 1 1,13 0.001 1 -1 166.024 545 14,1 0.001 1 1 13,2 0.001 1 1 13,1 0.001 0 -1 176.019 530 14,14 0.001 1 0 13,14 0.001 0 1 13,13 0.001 -1 0 58.0528 320 ::f,0,13 f,1,0 f,12,12 f,14,2 
222:2,1 0.001 1 1 1,1 0.001 -1 0 1,2 0.001 -1 0 158.042 530 2,14 0.001 1 1 2,13 0.001 0 1 1,13 0.001 1 -1 166.024 545 14,1 0.001 1 0 13,2 0.001 0 1 13,1 0.001 0 -1 176.019 530 14,14 0.001 1 -1 13,14 0.001 0 1 13,13 0.001 -1 0 58.0528 320 ::f,0,13 f,1,0 f,12,12 f,14,2 
223:2,1 0.001 0 1 1,1 0.001 -1 0 1,2 0.001 -1 0 158.042 530 2,14 0.001 1 0 2,13 0.001 -1 1 1,13 0.001 1 0 166.024 545 14,1 0.001 1 0 13,2 0.001 0 1 13,1 0.001 -1 -1 176.019 530 14,14 0.001 1 -1 13,14 0.001 1 1 13,13 0.001 -1 1 58.0528 320 ::f,0,13 f,1,0 f,12,12 f,14,2 
224:2,2 0.001 0 1 1,1 0.001 -1 -1 1,2 0.001 -1 -1 158.043 530 2,14 0.001 1 0 2,13 0.001 -1 1 1,13 0.001 1 0 166.024 545 14,1 0.001 1 -1 13,2 0.001 -1 1 13,1 0.001 -1 -1 176.019 530 14,14 0.001 0 -1 13,14 0.001 1 1 13,13 0.001 -1 1 58.0528 320 ::f,0,13 f,1,0 f,12,12 f,14,2 
225:2,2 0.001 0 1 1,1 0.001 -1 -1 1,2 0.001 -1 -1 158.043 530 2,14 0.001 1 -1 2,13 0.001 -1 0 1,13 0.001 1 0 166.024 545 14,1 0.001 1 -1 13,2 0.001 -1 1 13,1 0.001 -1 0 176.019 530 14,13 0.001 0 -1 13,14 0.001 1 0 13,13 0.001 0 1 58.0538 320 ::f,0,13 f,1,0 f,12,12 f,14,2 
226:2,2 0.001 -1 1 1,1 0.001 0 -1 1,2 0.001 0 -1 158.043 530 2,14 0.001 1 -1 2,13 0.001 -1 0 1,13 0.001 1 1 166.024 545 14,1 0.001 0 -1 13,2 0.001 -1 0 13,1 0.001 -1 0 176.019 530 14,13 0.001 0 -1 14,14 0.001 1 0 13,14 0.001 0 1 58.0558 320 ::f,0,13 f,1,0 f,12,12 f,14,2 
227:2,2 0.001 -1 1 1,1 0.001 0 -1 1,2 0.001 0 -1 168.043 545 2,14 0.001 0 -1 2,13 0.001 -1 0 1,13 0.001 1 1 166.024 545 14,1 0.001 0 -1 13,2 0.001 -1 0 13,1 0.001 -1 1 176.019 530 14,13 0.001 -1 -1 14,14 0.001 1 0 13,14 0.001 0 1 58.0558 320 ::f,0,13 f,2,1 f,12,12 f,14,2 
228:2,2 0.001 -1 0 1,1 0.001 1 -1 1,2 0.001 0 -1 168.043 545 2,14 0.001 0 -1 2,13 0.001 -1 -1 1,13 0.001 0 1 166.024 545 14,1 0.001 -1 -1 13,2 0.001 -1 -1 13,1 0.001 -1 1 176.019 530 14,13 0.001 -1 -1 14,14 0.001 1 -1 13,14 0.001 1 1 58.0558 320 ::f,0,13 f,2,1 f,12,12 f,14,2 
229:2,2 0.001 -1 0 1,1 0.001 1 -1 1,2 0.001 1 -1 168.043 545 2,14 0.001 0 -1 2,13 0.001 -1 -1 1,13 0.001 0 1 166.024 545 14,1 0.001 -1 -1 13,2 0.001 -1 -1 13,1 0.001 0 1 176.019 530 14,13 0.001 -1 0 14,14 0.001 1 -1 13,14 0.001 1 1 58.0558 320 ::f,0,13 f,2,1 f,12,12 f,14,2 
230:2,2 0.001 -1 0 1,1 0.001 1 0 1,2 0.001 1 -1 178.043 560 2,14 0.001 -1 -1 2,13 0.001 0 -1 1,13 0.001 -1 1 166.024 545 14,1 0.001 -1 0 13,2 0.001 0 -1 13,1 0.001 0 1 176.019 530 13,13 0.001 -1 0 14,14 0.001 0 -1 13,14 0.001 1 0 58.0568 320 ::f,0,3 f,0,13 f,12,12 f,14,2 
231:2,2 0.001 -1 -1 2,1 0.001 1 0 1,2 0.001 1 0 178.044 560 2,14 0.001 -1 -1 2,13 0.001 0 -1 1,13 0.001 -1 1 166.024 545 14,1 0.001 -1 0 13,2 0.001 0 -1 13,1 0.001 0 1 176.019 530 13,13 0.001 -1 0 14,13 0.001 0 -1 14,14 0.001 1 0 58.0588 320 ::f,0,3 f,0,13 f,12,12 f,14,2 
232:2,2 0.001 -1 -1 2,1 0.001 1 0 1,2 0.001 1 0 178.044 560 2,14 0.001 -1 0 2,13 0.001 1 -1 1,13 0.001 -1 0 166.024 545 14,1 0.001 -1 0 13,2 0.001 0 -1 13,1 0.001 1 1 176.019 530 13,13 0.001 -1 1 14,13 0.001 0 -1 14,14 0.001 1 0 58.0588 320 ::f,0,3 f,0,13 f,12,12 f,14,2 
233:2,2 0.001 0 -1 2,1 0.001 1 1 1,2 0.001 1 1 178.044 560 2,14 0.001 -1 0 2,13 0.001 1 -1 1,13 0.001 -1 0 176.024 560 14,1 0.001 -1 1 13,2 0.001 1 -1 13,1 0.001 1 1 186.019 545 13,13 0.001 -1 1 14,13 0.001 -1 -1 14,14 0.001 1 -1 58.0588 320 ::f,0,3 f,3,12 f,12,2 f,12,12 
234:2,2 0.001 0 -1 2,1 0.001 1 1 1,2 0.001 1 1 178.044 560 2,14 0.001 -1 1 2,13 0.001 1 0 1,13 0.001 -1 -1 176.024 560 14,1 0.001 -1 1 13,2 0.001 1 -1 13,1 0.001 1 0 186.019 545 13,13 0.001 0 1 14,13 0.001 -1 -1 14,14 0.001 1 -1 58.0588 320 ::f,0,3 f,3,12 f,12,2 f,12,12 
235:2,2 0.001 1 -1 2,1 0.001 0 1 1,2 0.001 0 1 178.044 560 2,14 0.001 -1 1 2,13 0.001 1 0 1,13 0.001 -1 -1 176.024 560 14,1 0.001 0 1 13,2 0.001 1 0 13,1 0.001 1 0 186.019 545 13,14 0.001 0 1 14,13 0.001 -1 0 14,14 0.001 0 -1 58.0598 320 ::f,0,3 f,3,12 f,12,2 f,12,12 
236:2,2 0.001 1 -1 2,1 0.001 0 1 1,2 0.001 0 1 178.044 560 2,14 0.001 0 1 2,13 0.001 1 1 1,13 0.001 0 -1 176.024 560 14,1 0.001 0 1 13,2 0.001 1 0 13,1 0.001 1 -1 186.019 545 13,14 0.001 0 1 13,13 0.001 -1 0 14,13 0.001 0 -1 58.0618 320 ::f,0,3 f,3,12 f,12,2 f,12,12 
237:2,2 0.001 1 0 2,1 0.001 0 1 1,2 0.001 -1 1 178.044 560 2,14 0.001 0 1 2,13 0.001 1 1 1,13 0.001 0 -1 176.024 560 14,1 0.001 1 1 13,2 0.001 1 1 13,1 0.001 1 -1 186.019 545 13,14 0.001 1 1 13,13 0.001 -1 0 14,13 0.001 0 -1 58.0618 320 ::f,0,3 f,3,12 f,12,2 f,12,12 
238:2,2 0.001 1 0 2,1 0.001 -1 1 1,2 0.001 -1 1 188.045 575 2,14 0.001 1 1 2,13 0.001 0 1 1,13 0.001 1 -1 176.024 560 14,1 0.001 1 1 13,2 0.001 1 1 13,1 0.001 0 -1 186.019 545 13,14 0.001 1 1 13,13 0.001 -1 1 14,13 0.001 -1 -1 58.0618 320 ::f,3,3 f,3,12 f,12,2 f,12,12 
239:2,2 0.001 1 1 2,1 0.001 -1 1 1,2 0.001 -1 0 188.045 575 2,14 0.001 1 1 2,13 0.001 0 1 1,13 0.001 1 -1 176.024 560 14,1 0.001 1 0 13,2 0.001 0 1 13,1 0.001 0 -1 186.019 545 13,14 0.001 1 0 13,13 0.001 -1 1 14,13 0.001 -1 -1 58.0618 320 ::f,3,3 f,3,12 f,12,2 f,12,12 
240:2,2 0.001 1 1 2,1 0.001 -1 0 1,2 0.001 -1 0 196.045 590 2,14 0.001 1 0 2,13 0.001 0 1 1,13 0.001 1 0 176.024 560 14,1 0.001 1 0 13,2 0.001 0 1 13,1 0.001 -1 -1 186.019 545 14,14 0.001 1 0 13,13 0.001 0 1 14,13 0.001 -1 0 58.0628 320 ::f,2,3 f,3,12 f,12,2 f,12,12 
241:2,2 0.001 0 1 2,1 0.001 -1 0 1,2 0.001 -1 -1 196.045 590 2,14 0.001 1 0 2,13 0.001 -1 1 1,13 0.001 1 0 176.024 560 14,1 0.001 1 -1 13,2 0.001 -1 1 13,1 0.001 -1 -1 186.019 545 14,14 0.001 1 0 13,14 0.001 0 1 13,13 0.001 -1 0 58.0648 320 ::f,2,3 f,3,12 f,12,2 f,12,12 
242:2,2 0.001 0 1 2,1 0.001 -1 -1 1,2 0.001 -1 -1 205.045 605 2,14 0.001 1 -1 2,13 0.001 -1 1 1,13 0.001 1 0 176.024 560 14,1 0.001 1 -1 13,2 0.001 -1 1 13,1 0.001 -1 0 186.019 545 14,14 0.001 1 -1 13,14 0.001 0 1 13,13 0.001 -1 0 58.0648 320 ::f,3,3 f,3,12 f,12,2 f,12,12 
243:2,2 0.001 -1 1 2,1 0.001 -1 -1 1,2 0.001 0 -1 205.045 605 2,14 0.001 1 -1 2,13 0.001 -1 0 1,13 0.001 1 1 176.024 560 14,1 0.001 0 -1 13,2 0.001 -1 0 13,1 0.001 -1 0 186.019 545 14,14 0.001 1 -1 13,14 0.001 1 1 13,13 0.001 -1 1 58.0648 320 ::f,3,3 f,3,12 f,12,2 f,12,12 
244:2,2 0.001 -1 1 2,1 0.001 0 -1 1,1 0.001 0 -1 205.046 605 2,14 0.001 0 -1 2,13 0.001 -1 0 1,13 0.001 1 1 176.024 560 14,1 0.001 0 -1 13,2 0.001 -1 0 13,1 0.001 -1 1 190.019 560 14,14 0.001 0 -1 13,14 0.001 1 1 13,13 0.001 -1 1 58.0648 320 ::f,3,3 f,3,12 f,12,12 f,13,3 
245:2,2 0.001 -1 0 2,1 0.001 0 -1 1,1 0.001 0 -1 205.046 605 2,14 0.001 0 -1 2,13 0.001 -1 -1 1,13 0.001 0 1 176.024 560 14,1 0.001 -1 -1 13,2 0.001 -1 -1 13,1 0.001 -1 1 190.019 560 14,13 0.001 0 -1 13,14 0.001 1 0 13,13 0.001 0 1 58.0658 320 ::f,3,3 f,3,12 f,12,12 f,13,3 
246:1,2 0.001 -1 0 2,1 0.001 1 -1 1,1 0.001 1 -1 205.047 605 2,14 0.001 0 -1 2,13 0.001 -1 -1 1,13 0.001 0 1 176.024 560 14,1 0.001 -1 -1 13,2 0.001 -1 -1 13,1 0.001 0 1 190.019 560 14,13 0.001 0 -1 14,14 0.001 1 0 13,14 0.001 0 1 58.0678 320 ::f,3,3 f,3,12 f,12,12 f,13,3 
247:1,2 0.001 -1 0 2,1 0.001 1 -1 1,1 0.001 1 -1 205.047 605 2,14 0.001 -1 -1 2,13 0.001 0 -1 1,13 0.001 -1 1 176.024 560 14,1 0.001 -1 0 13,2 0.001 0 -1 13,1 0.001 0 1 190.019 560 14,13 0.001 -1 -1 14,14 0.001 1 0 13,14 0.001 0 1 58.0678 320 ::f,3,3 f,3,12 f,12,12 f,13,3 
248:1,2 0.001 -1 -1 2,1 0.001 1 0 1,1 0.001 1 0 205.047 605 2,14 0.001 -1 -1 2,13 0.001 0 -1 1,13 0.001 -1 1 176.024 560 14,1 0.001 -1 0 13,2 0.001 0 -1 13,1 0.001 0 1 190.019 560 14,13 0.001 -1 -1 14,14 0.001 1 -1 13,14 0.001 1 1 58.0678 320 ::f,3,3 f,3,12 f,12,12 f,13,3 
249:1,2 0.001 -1 -1 2,1 0.001 1 0 1,1 0.001 1 0 205.047 605 2,14 0.001 -1 0 2,13 0.001 1 -1 1,13 0.001 -1 0 176.024 560 14,1 0.001 -1 0 13,2 0.001 0 -1 13,1 0.001 1 1 190.019 560 14,13 0.001 -1 0 14,14 0.001 1 -1 13,14 0.001 1 1 58.0678 320 ::f,3,3 f,3,12 f,12,12 f,13,3 
250:1,2 0.001 0 -1 2,1 0.001 1 1 1,1 0.001 1 0 205.047 605 2,14 0.001 -1 0 2,13 0.001 1 -1 1,13 0.001 -1 0 185.025 575 14,1 0.001 -1 1 13,2 0.001 1 -1 13,1 0.001 1 1 190.019 560 13,13 0.001 -1 0 14,14 0.001 0 -1 13,14 0.001 1 0 58.0688 320 ::f,3,3 f,3,14 f,12,12 f,13,3 
251:1,2 0.001 0 -1 2,1 0.001 1 1 1,1 0.001 1 1 205.047 605 2,14 0.001 -1 1 2,13 0.001 1 0 1,13 0.001 -1 -1 185.025 575 14,1 0.001 -1 1 13,2 0.001 1 -1 13,1 0.001 1 0 190.019 560 13,13 0.001 -1 0 14,13 0.001 0 -1 14,14 0.001 1 0 58.0708 320 ::f,3,3 f,3,14 f,12,12 f,13,3 
252:1,2 0.001 0 -1 2,1 0.001 0 1 2,2 0.001 1 1 205.048 605 2,14 0.001 -1 1 2,13 0.001 1 0 1,13 0.001 -1 -1 185.025 575 14,1 0.001 0 1 13,2 0.001 1 0 13,1 0.001 1 0 190.019 560 13,13 0.001 -1 1 14,13 0.001 0 -1 14,14 0.001 1 0 58.0708 320 ::f,3,3 f,3,14 f,12,12 f,13,3 
253:1,2 0.001 1 -1 2,1 0.001 0 1 2,2 0.001 1 1 215.048 620 2,14 0.001 0 1 2,13 0.001 1 1 1,13 0.001 0 -1 185.025 575 14,1 0.001 0 1 13,2 0.001 1 0 13,1 0.001 1 -1 190.019 560 13,13 0.001 -1 1 14,13 0.001 -1 -1 14,14 0.001 1 -1 58.0708 320 ::f,1,3 f,3,14 f,12,12 f,13,3 
254:1,2 0.001 1 -1 2,1 0.001 0 1 2,2 0.001 0 1 215.048 620 2,14 0.001 0 1 2,13 0.001 1 1 1,13 0.001 0 -1 195.025 590 14,1 0.001 1 1 13,2 0.001 1 1 13,1 0.001 1 -1 190.019 560 13,13 0.001 0 1 14,13 0.001 -1 -1 14,14 0.001 1 -1 58.0708 320 ::f,1,3 f,2,15 f,12,12 f,13,3 
255:1,2 0.001 1 0 2,1 0.001 -1 1 2,2 0.001 0 1 215.048 620 2,14 0.001 1 1 2,13 0.001 0 1 1,13 0.001 1 -1 195.025 590 14,1 0.001 1 1 13,2 0.001 1 1 13,1 0.001 0 -1 190.019 560 13,14 0.001 0 1 14,13 0.001 -1 0 14,14 0.001 0 -1 58.0718 320 ::f,1,3 f,2,15 f,12,12 f,13,3 
256:1,2 0.001 1 0 2,1 0.001 -1 1 2,2 0.001 -1 1 215.048 620 2,14 0.001 1 1 2,13 0.001 0 1 1,13 0.001 1 -1 195.025 590 14,1 0.001 1 0 13,2 0.001 0 1 13,1 0.001 0 -1 190.019 560 13,14 0.001 0 1 13,13 0.001 -1 0 14,13 0.001 0 -1 58.0738 320 ::f,1,3 f,2,15 f,12,12 f,13,3 
257:1,2 0.001 1 1 2,1 0.001 -1 0 2,2 0.001 -1 1 225.048 635 2,14 0.001 1 0 2,13 0.001 0 1 1,13 0.001 1 0 195.025 590 14,1 0.001 1 0 13,2 0.001 0 1 13,1 0.001 -1 -1 195.02 575 13,14 0.001 1 1 13,13 0.001 -1 0 14,13 0.001 0 -1 58.0738 320 ::f,2,15 f,3,1 f,12,0 f,12,12 
258:1,2 0.001 1 1 2,1 0.001 -1 0 2,2 0.001 -1 0 225.048 635 2,14 0.001 1 0 2,13 0.001 -1 1 1,13 0.001 1 0 195.025 590 14,1 0.001 1 -1 13,2 0.001 -1 1 13,1 0.001 -1 -1 205.02 590 13,14 0.001 1 1 13,13 0.001 -1 1 14,13 0.001 -1 -1 58.0738 320 ::f,2,15 f,3,1 f,12,2 f,12,12 
259:1,2 0.001 0 1 2,1 0.001 -1 -1 2,2 0.001 -1 0 225.048 635 2,14 0.001 1 -1 2,13 0.001 -1 1 1,13 0.001 1 0 195.025 590 14,1 0.001 1 -1 13,2 0.001 -1 1 13,1 0.001 -1 0 205.02 590 13,14 0.001 1 0 13,13 0.001 -1 1 14,13 0.001 -1 -1 58.0738 320 ::f,2,15 f,3,1 f,12,2 f,12,12 
260:1,2 0.001 0 1 2,1 0.001 -1 -1 2,2 0.001 -1 0 225.048 635 2,14 0.001 1 -1 2,13 0.001 -1 0 1,13 0.001 1 1 195.025 590 14,1 0.001 0 -1 13,2 0.001 -1 0 13,1 0.001 -1 0 205.02 590 14,14 0.001 1 0 13,13 0.001 0 1 14,13 0.001 -1 0 58.0748 320 ::f,2,15 f,3,1 f,12,2 f,12,12 
261:1,2 0.001 -1 1 2,1 0.001 0 -1 2,2 0.001 -1 -1 225.048 635 2,14 0.001 0 -1 2,13 0.001 -1 0 1,13 0.001 1 1 195.025 590 14,1 0.001 0 -1 13,2 0.001 -1 0 13,1 0.001 -1 1 211.02 605 14,14 0.001 1 0 13,14 0.001 0 1 13,13 0.001 -1 0 58.0768 320 ::f,2,15 f,3,1 f,12,1 f,12,12 
262:1,2 0.001 -1 1 2,1 0.001 0 -1 2,2 0.001 -1 -1 225.048 635 2,14 0.001 0 -1 2,13 0.001 -1 -1 1,13 0.001 0 1 195.025 590 14,1 0.001 -1 -1 13,2 0.001 -1 -1 13,1 0.001 -1 1 211.02 605 14,14 0.001 1 -1 13,14 0.001 0 1 13,13 0.001 -1 0 58.0768 320 ::f,2,15 f,3,1 f,12,1 f,12,12 
263:1,2 0.001 -1 0 2,1 0.001 1 -1 2,2 0.001 0 -1 225.048 635 2,14 0.001 0 -1 2,13 0.001 -1 -1 1,13 0.001 0 1 195.025 590 14,1 0.001 -1 -1 13,2 0.001 -1 -1 13,1 0.001 0 1 218.02 620 14,14 0.001 1 -1 13,14 0.001 1 1 13,13 0.001 -1 1 58.0768 320 ::f,2,15 f,3,1 f,12,12 f,14,2 
264:1,2 0.001 -1 0 2,1 0.001 1 -1 2,2 0.001 0 -1 225.048 635 2,14 0.001 -1 -1 2,13 0.001 0 -1 1,13 0.001 -1 1 195.025 590 14,1 0.001 -1 0 13,2 0.001 0 -1 13,1 0.001 0 1 218.02 620 14,14 0.001 0 -1 13,14 0.001 1 1 13,13 0.001 -1 1 58.0768 320 ::f,2,15 f,3,1 f,12,12 f,14,2 
265:1,2 0.001 -1 -1 2,1 0.001 1 0 2,2 0.001 1 -1 225.048 635 2,14 0.001 -1 -1 2,13 0.001 0 -1 1,13 0.001 -1 1 195.025 590 14,1 0.001 -1 0 13,2 0.001 0 -1 13,1 0.001 0 1 218.02 620 14,13 0.001 0 -1 13,14 0.001 1 0 13,13 0.001 0 1 58.0778 320 ::f,2,15 f,3,1 f,12,12 f,14,2 
266:1,2 0.001 -1 -1 2,1 0.001 1 0 2,2 0.001 1 -1 235.048 650 2,14 0.001 -1 0 2,13 0.001 1 -1 1,13 0.001 -1 0 195.025 590 14,1 0.001 -1 0 13,2 0.001 0 -1 13,1 0.001 1 1 218.02 620 14,13 0.001 0 -1 14,14 0.001 1 0 13,14 0.001 0 1 58.0798 320 ::f,0,2 f,2,15 f,12,12 f,14,2 
267:1,2 0.001 0 -1 2,1 0.001 1 1 2,2 0.001 1 0 235.048 650 2,14 0.001 -1 0 2,13 0.001 1 -1 1,13 0.001 -1 0 195.025 590 14,1 0.001 -1 1 13,2 0.001 1 -1 13,1 0.001 1 1 228.02 635 14,13 0.001 -1 -1 14,14 0.001 1 0 13,14 0.001 0 1 58.0798 320 ::f,0,2 f,2,15 f,12,12 f,14,3 
268:1,1 0.001 0 -1 2,1 0.001 1 1 2,2 0.001 1 0 235.049 650 2,14 0.001 -1 1 2,13 0.001 1 0 1,13 0.001 -1 -1 195.025 590 14,1 0.001 -1 1 13,2 0.001 1 -1 13,1 0.001 1 0 228.02 635 14,13 0.001 -1 -1 14,14 0.001 1 -1 13,14 0.001 1 1 58.0798 320 ::f,0,2 f,2,15 f,12,12 f,14,3 
269:1,1 0.001 0 -1 2,1 0.001 0 1 2,2 0.001 1 1 235.049 650 2,14 0.001 -1 1 2,13 0.001 1 0 1,13 0.001 -1 -1 195.025 590 14,1 0.001 0 1 13,2 0.001 1 0 13,1 0.001 1 0 228.02 635 14,13 0.001 -1 0 14,14 0.001 1 -1 13,14 0.001 1 1 58.0798 320 ::f,0,2 f,2,15 f,12,12 f,14,3 
270:1,1 0.001 1 -1 2,1 0.001 0 1 2,2 0.001 1 1 235.049 650 2,14 0.001 0 1 2,13 0.001 1 1 1,13 0.001 0 -1 195.025 590 14,2 0.001 0 1 13,2 0.001 1 0 13,1 0.001 1 -1 228.021 635 13,13 0.001 -1 0 14,14 0.001 0 -1 13,14 0.001 1 0 58.0808 320 ::f,0,2 f,2,15 f,12,12 f,14,3 
271:1,1 0.001 1 -1 2,1 0.001 0 1 2,2 0.001 0 1 235.049 650 2,14 0.001 0 1 2,13 0.001 1 1 1,13 0.001 0 -1 205.025 605 14,2 0.001 0 1 13,2 0.001 1 1 13,1 0.001 1 -1 248.021 665 13,13 0.001 -1 0 14,13 0.001 0 -1 14,14 0.001 1 0 58.0828 320 ::f,0,2 f,2,12 f,12,12 f,15,3 
272:1,1 0.001 1 0 2,1 0.001 -1 1 2,2 0.001 0 1 235.049 650 2,14 0.001 1 1 2,13 0.001 0 1 1,13 0.001 1 -1 205.025 605 14,2 0.001 1 1 13,2 0.001 1 1 13,1 0.001 0 -1 248.021 665 13,13 0.001 -1 1 14,13 0.001 0 -1 14,14 0.001 1 0 58.0828 320 ::f,0,2 f,2,12 f,12,12 f,15,3 
273:1,1 0.001 1 0 2,1 0.001 -1 1 2,2 0.001 -1 1 235.049 650 2,14 0.001 1 1 2,13 0.001 0 1 1,13 0.001 1 -1 215.025 620 14,2 0.001 1 1 13,2 0.001 0 1 13,1 0.001 0 -1 258.021 680 13,13 0.001 -1 1 14,13 0.001 -1 -1 14,14 0.001 1 -1 58.0828 320 ::f,0,2 f,0,13 f,12,12 f,15,0 
274:1,1 0.001 1 0 2,1 0.001 -1 0 2,2 0.001 -1 1 235.049 650 2,14 0.001 1 0 2,13 0.001 0 1 1,13 0.001 1 0 215.025 620 14,2 0.001 1 0 13,2 0.001 0 1 13,1 0.001 -1 -1 258.021 680 13,13 0.001 0 1 14,13 0.001 -1 -1 14,14 0.001 1 -1 58.0828 320 ::f,0,2 f,0,13 f,12,12 f,15,0 
275:1,1 0.001 1 1 2,1 0.001 -1 0 2,2 0.001 -1 0 235.049 650 2,14 0.001 1 0 2,13 0.001 -1 1 1,13 0.001 1 0 215.025 620 14,2 0.001 1 0 13,2 0.001 -1 1 13,1 0.001 -1 -1 258.021 680 13,14 0.001 0 1 14,13 0.001 -1 0 14,14 0.001 0 -1 58.0838 320 ::f,0,2 f,0,13 f,12,12 f,15,0 
276:1,1 0.001 1 1 2,1 0.001 -1 -1 1,2 0.001 -1 0 235.05 650 2,14 0.001 1 -1 2,13 0.001 -1 1 1,13 0.001 1 0 215.025 620 14,2 0.001 1 -1 13,2 0.001 -1 1 13,1 0.001 -1 0 258.021 680 13,14 0.001 0 1 13,13 0.001 -1 0 14,13 0.001 0 -1 58.0858 320 ::f,0,2 f,0,13 f,12,12 f,15,0 
277:1,1 0.001 0 1 2,1 0.001 -1 -1 1,2 0.001 -1 0 245.05 665 2,14 0.001 1 -1 2,13 0.001 -1 0 1,13 0.001 1 1 215.025 620 14,2 0.001 1 -1 13,2 0.001 -1 0 13,1 0.001 -1 0 258.021 680 13,14 0.001 1 1 13,13 0.001 -1 0 14,13 0.001 0 -1 58.0858 320 ::f,0,13 f,3,0 f,12,12 f,15,0 
278:1,1 0.001 0 1 2,1 0.001 0 -1 1,2 0.001 -1 -1 245.05 665 2,14 0.001 0 -1 2,13 0.001 -1 0 1,13 0.001 1 1 215.025 620 14,2 0.001 0 -1 13,2 0.001 -1 0 13,1 0.001 -1 1 258.021 680 13,14 0.001 1 1 13,13 0.001 -1 1 14,13 0.001 -1 -1 58.0858 320 ::f,0,13 f,3,0 f,12,12 f,15,0 
279:1,1 0.001 -1 1 2,1 0.001 0 -1 1,2 0.001 -1 -1 245.05 665 2,14 0.001 0 -1 2,13 0.001 -1 0 1,13 0.001 0 1 215.025 620 14,1 0.001 0 -1 13,2 0.001 -1 -1 13,1 0.001 -1 1 258.022 680 13,14 0.001 1 0 13,13 0.001 -1 1 14,13 0.001 -1 -1 58.0858 320 ::f,0,13 f,3,0 f,12,12 f,15,0 
280:1,1 0.001 -1 1 2,1 0.001 1 -1 1,2 0.001 0 -1 245.05 665 2,14 0.001 0 -1 2,13 0.001 -1 -1 1,13 0.001 0 1 215.025 620 14,1 0.001 0 -1 13,2 0.001 -1 -1 13,1 0.001 0 1 258.022 680 14,14 0.001 1 0 13,13 0.001 0 1 14,13 0.001 -1 0 58.0868 320 ::f,0,13 f,3,0 f,12,12 f,15,0 
281:1,1 0.001 -1 0 2,1 0.001 1 -1 1,2 0.001 0 -1 255.05 680 2,14 0.001 -1 -1 2,13 0.001 -1 -1 1,13 0.001 -1 1 215.025 620 14,1 0.001 -1 -1 13,2 0.001 0 -1 13,1 0.001 0 1 258.022 680 14,14 0.001 1 0 13,14 0.001 0 1 13,13 0.001 -1 0 58.0888 320 ::f,0,3 f,0,13 f,12,12 f,15,0 
282:1,1 0.001 -1 0 2,1 0.001 1 0 1,2 0.001 0 -1 255.05 680 2,14 0.001 -1 -1 2,13 0.001 0 -1 1,13 0.001 -1 1 215.025 620 14,1 0.001 -1 -1 13,2 0.001 0 -1 13,1 0.001 0 1 258.022 680 14,14 0.001 1 -1 13,14 0.001 0 1 13,13 0.001 -1 0 58.0888 320 ::f,0,3 f,0,13 f,12,12 f,15,0 
283:1,1 0.001 -1 -1 2,1 0.001 1 0 1,2 0.001 1 -1 255.05 680 2,14 0.001 -1 0 2,13 0.001 0 -1 1,13 0.001 -1 0 215.025 620 14,1 0.001 -1 0 13,2 0.001 0 -1 13,1 0.001 1 1 258.022 680 14,14 0.001 1 -1 13,14 0.001 1 1 13,13 0.001 -1 1 58.0888 320 ::f,0,3 f,0,13 f,12,12 f,15,0 
284:1,1 0.001 -1 -1 2,1 0.001 1 1 1,2 0.001 1 -1 255.05 680 2,14 0.001 -1 0 2,13 0.001 1 -1 1,13 0.001 -1 0 225.025 635 14,1 0.001 -1 0 13,2 0.001 1 -1 13,1 0.001 1 1 258.022 680 14,14 0.001 0 -1 13,14 0.001 1 1 13,13 0.001 -1 1 58.0888 320 ::f,0,3 f,3,15 f,12,12 f,15,0 
285:1,1 0.001 0 -1 2,1 0.001 1 1 1,2 0.001 1 0 255.05 680 2,14 0.001 -1 1 2,13 0.001 1 -1 1,13 0.001 -1 -1 225.025 635 14,1 0.001 -1 0 13,2 0.001 1 -1 13,1 0.001 1 0 258.022 680 14,13 0.001 0 -1 13,14 0.001 1 0 13,13 0.001 0 1 58.0898 320 ::f,0,3 f,3,15 f,12,12 f,15,0 
286:1,1 0.001 0 -1 2,1 0.001 0 1 1,2 0.001 1 0 255.05 680 2,14 0.001 -1 1 2,13 0.001 1 0 1,13 0.001 -1 -1 225.025 635 14,1 0.001 -1 1 13,2 0.001 1 -1 13,1 0.001 1 0 258.022 680 14,13 0.001 0 -1 14,14 0.001 1 0 13,14 0.001 0 1 58.0918 320 ::f,0,3 f,3,15 f,12,12 f,15,0 
287:1,1 0.001 1 -1 2,2 0.001 0 1 1,2 0.001 1 1 255.051 680 2,14 0.001 0 1 2,13 0.001 1 0 1,13 0.001 0 -1 225.025 635 14,1 0.001 -1 1 13,2 0.001 1 0 13,1 0.001 1 -1 258.022 680 14,13 0.001 -1 -1 14,14 0.001 1 0 13,14 0.001 0 1 58.0918 320 ::f,0,3 f,3,15 f,12,12 f,15,0 
288:1,1 0.001 1 -1 2,2 0.001 0 1 1,2 0.001 1 1 255.051 680 2,14 0.001 0 1 2,13 0.001 1 1 1,13 0.001 0 -1 225.025 635 14,1 0.001 0 1 13,2 0.001 1 0 13,1 0.001 1 -1 258.022 680 14,13 0.001 -1 -1 14,14 0.001 1 -1 13,14 0.001 1 1 58.0918 320 ::f,0,3 f,3,15 f,12,12 f,15,0 
289:1,1 0.001 1 0 2,2 0.001 -1 1 1,2 0.001 0 1 255.051 680 2,14 0.001 1 1 2,13 0.001 1 1 1,13 0.001 1 -1 225.025 635 14,1 0.001 0 1 13,2 0.001 1 1 13,1 0.001 0 -1 258.022 680 14,13 0.001 -1 0 14,14 0.001 1 -1 13,14 0.001 1 1 58.0918 320 ::f,0,3 f,3,15 f,12,12 f,15,0 
290:2,1 0.001 1 0 2,2 0.001 -1 1 1,2 0.001 0 1 255.052 680 2,14 0.001 1 1 2,13 0.001 0 1 1,13 0.001 1 -1 245.025 665 14,1 0.001 1 1 13,2 0.001 1 1 13,1 0.001 0 -1 258.022 680 13,13 0.001 -1 0 14,14 0.001 0 -1 13,14 0.001 1 0 58.0928 320 ::f,0,3 f,1,12 f,12,12 f,15,0 
291:2,1 0.001 1 0 2,2 0.001 -1 0 1,2 0.001 -1 1 255.052 680 2,14 0.001 1 0 2,13 0.001 0 1 1,13 0.001 1 0 245.025 665 14,1 0.001 1 1 13,2 0.001 0 1 13,1 0.001 -1 -1 258.022 680 13,13 0.001 -1 0 14,13 0.001 0 -1 14,14 0.001 1 0 58.0948 320 ::f,0,3 f,1,12 f,12,12 f,15,0 
292:2,1 0.001 1 1 2,2 0.001 -1 0 1,2 0.001 -1 1 265.052 695 2,14 0.001 1 0 2,13 0.001 0 1 1,13 0.001 1 0 245.025 665 14,1 0.001 1 0 13,2 0.001 0 1 13,1 0.001 -1 -1 258.022 680 13,13 0.001 -1 1 14,13 0.001 0 -1 14,14 0.001 1 0 58.0948 320 ::f,0,1 f,1,12 f,12,12 f,15,0 
293:2,1 0.001 1 1 2,2 0.001 -1 0 1,2 0.001 -1 0 265.052 695 2,14 0.001 1 -1 2,13 0.001 -1 1 1,13 0.001 1 0 245.025 665 14,1 0.001 1 0 13,2 0.001 -1 1 13,1 0.001 -1 0 258.022 680 13,13 0.001 -1 1 14,13 0.001 -1 -1 14,14 0.001 1 -1 58.0948 320 ::f,0,1 f,1,12 f,12,12 f,15,0 
294:2,1 0.001 0 1 2,2 0.001 -1 -1 1,2 0.001 -1 0 265.052 695 2,14 0.001 1 -1 2,13 0.001 -1 1 1,13 0.001 1 1 245.025 665 14,1 0.001 1 -1 13,2 0.001 -1 1 13,1 0.001 -1 0 258.022 680 13,13 0.001 0 1 14,13 0.001 -1 -1 14,14 0.001 1 -1 58.0948 320 ::f,0,1 f,1,12 f,12,12 f,15,0 
295:2,1 0.001 0 1 2,2 0.001 -1 -1 1,2 0.001 -1 -1 265.052 695 2,14 0.001 0 -1 2,13 0.001 -1 0 1,13 0.001 1 1 245.025 665 14,1 0.001 1 -1 13,2 0.001 -1 0 13,1 0.001 -1 1 268.022 695 13,14 0.001 0 1 14,13 0.001 -1 0 14,14 0.001 0 -1 58.0958 320 ::f,0,1 f,1,12 f,12,1 f,12,12 
296:2,1 0.001 0 1 2,2 0.001 0 -1 1,2 0.001 -1 -1 275.052 710 2,14 0.001 0 -1 2,13 0.001 -1 0 1,13 0.001 0 1 245.025 665 14,1 0.001 0 -1 13,2 0.001 -1 0 13,1 0.001 -1 1 268.022 695 13,14 0.001 0 1 13,13 0.001 -1 0 14,13 0.001 0 -1 58.0978 320 ::f,1,12 f,3,0 f,12,1 f,12,12 
297:2,1 0.001 -1 1 2,2 0.001 0 -1 1,2 0.001 0 -1 275.052 710 2,14 0.001 0 -1 2,13 0.001 -1 -1 1,13 0.001 0 1 245.025 665 14,1 0.001 0 -1 13,2 0.001 -1 -1 13,1 0.001 0 1 268.022 695 13,14 0.001 1 1 13,13 0.001 -1 0 14,13 0.001 0 -1 58.0978 320 ::f,1,12 f,3,0 f,12,1 f,12,12 
298:2,1 0.001 -1 1 2,2 0.001 1 -1 1,1 0.001 0 -1 275.053 710 2,14 0.001 -1 -1 2,13 0.001 -1 -1 1,13 0.001 -1 1 255.025 680 14,1 0.001 -1 -1 13,2 0.001 -1 -1 13,1 0.001 0 1 276.022 710 13,14 0.001 1 1 13,13 0.001 -1 1 14,13 0.001 -1 -1 58.0978 320 ::f,2,12 f,3,0 f,12,12 f,14,3 
299:2,1 0.001 -1 0 2,2 0.001 1 -1 1,1 0.001 0 -1 275.053 710 2,14 0.001 -1 -1 2,13 0.001 0 -1 1,13 0.001 -1 1 255.025 680 14,1 0.001 -1 -1 13,2 0.001 0 -1 13,1 0.001 0 1 276.022 710 13,14 0.001 1 0 13,13 0.001 -1 1 14,13 0.001 -1 -1 58.0978 320 ::f,2,12 f,3,0 f,12,12 f,14,3 
