16
0:0,2 0.001 0 -1 3,0 0.003 1 -1 3,2 0.002 1 0 0.001 50 2,14 0.001 1 -1 0,15 0.003 1 -1 0,14 0.002 -1 1 0.002 50 12,2 0.001 -1 1 13,2 0.003 -1 0 13,3 0.002 1 1 0.001 50 13,12 0.001 1 -1 15,14 0.003 0 -1 14,14 0.002 1 0 0.001 50 ::f,1,14 f,2,2 f,12,14 f,15,2 
1:0,2 0.001 0 -1 3,0 0.001 1 -1 3,2 0.002 1 0 0.001 50 2,14 0.001 1 -1 0,15 0.001 1 -1 0,14 0.001 -1 1 0.0021 65 12,2 0.001 -1 1 13,2 0.001 -1 0 13,3 0.001 1 1 0.001 50 13,12 0.001 1 -1 15,14 0.001 0 -1 14,14 0.001 1 0 0.001 50 ::f,2,2 f,3,15 f,12,14 f,15,2 
2:0,2 0.001 -1 -1 3,0 0.001 0 -1 3,2 0.002 1 0 0.001 50 2,14 0.001 0 -1 0,15 0.001 0 -1 0,14 0.001 0 1 0.0021 65 12,2 0.001 0 1 13,2 0.001 -1 1 13,3 0.001 1 1 0.001 50 13,12 0.001 1 0 15,13 0.001 0 -1 14,14 0.001 1 -1 0.002 50 ::f,2,2 f,3,15 f,12,14 f,15,2 
3:0,2 0.001 -1 -1 3,0 0.001 0 -1 3,2 0.002 1 0 0.001 50 2,14 0.001 0 -1 0,15 0.001 0 -1 0,14 0.001 0 1 0.0021 65 12,2 0.001 0 1 13,2 0.001 -1 1 13,3 0.001 1 1 0.001 50 13,12 0.001 1 0 15,13 0.001 0 -1 14,14 0.001 1 -1 0.002 50 ::f,2,2 f,3,15 f,12,14 f,15,2 
4:0,2 0.001 -1 0 3,0 0.001 -1 -1 3,2 0.002 1 0 0.001 50 2,14 0.001 -1 -1 0,15 0.001 -1 -1 0,14 0.001 1 1 0.0021 65 12,2 0.003 0 1 13,2 0.001 0 1 13,3 0.001 1 1 0.001 45 13,12 0.001 1 1 15,12 0.001 0 -1 14,14 0.001 0 -1 0.003 50 ::f,2,2 f,3,15 s,12,3 f,12,14 f,15,2 
5:0,2 0.001 -1 0 3,0 0.001 -1 -1 3,2 0.002 1 0 0.001 50 2,14 0.001 -1 -1 0,15 0.001 -1 -1 0,14 0.001 1 1 0.0021 65 12,2 0.001 0 1 13,2 0.001 0 1 13,3 0.001 1 1 0.001 45 13,12 0.001 1 1 15,12 0.001 0 -1 14,14 0.001 0 -1 0.003 50 ::f,2,2 f,3,15 s,12,3 f,12,14 f,15,2 
6:0,2 0.001 -1 1 3,0 0.001 -1 0 3,2 0.002 1 0 0.001 50 2,14 0.001 -1 0 0,15 0.001 -1 -1 0,14 0.001 1 0 0.0021 65 12,2 0.001 1 1 13,2 0.001 1 1 13,3 0.001 1 1 0.001 45 13,12 0.001 0 1 15,12 0.001 0 -1 14,14 0.001 -1 -1 0.003 50 ::f,2,2 f,3,15 s,12,3 f,12,14 f,15,2 
7:0,2 0.001 -1 1 2,0 0.001 -1 0 3,2 0.002 1 0 0.002 50 1,14 0.001 -1 0 0,15 0.001 -1 -1 0,14 0.001 1 0 0.0031 65 12,2 0.001 1 1 13,2 0.001 1 1 13,3 0.001 1 1 0.001 45 13,12 0.001 0 1 15,12 0.001 0 -1 14,14 0.001 -1 -1 0.003 50 ::f,2,2 f,3,15 s,12,3 f,12,14 f,15,2 
8:0,2 0.001 0 1 2,0 0.001 -1 0 3,2 0.002 1 0 0.002 50 1,14 0.001 -1 0 0,15 0.001 -1 -1 0,14 0.001 1 0 0.0031 65 12,2 0.001 1 0 13,2 0.001 1 0 13,3 0.001 1 1 0.001 45 13,12 0.001 -1 1 15,12 0.001 0 -1 14,14 0.001 -1 0 0.003 50 ::f,2,2 f,3,15 s,12,3 f,12,14 f,15,2 
9:0,2 0.001 0 1 2,0 0.001 -1 1 3,2 0.002 1 0 0.002 50 1,14 0.001 -1 1 0,15 0.001 -1 -1 0,14 0.001 1 -1 0.0031 65 12,2 0.001 1 0 14,2 0.001 1 0 13,3 0.001 1 1 0.002 45 13,12 0.001 -1 1 15,12 0.001 0 -1 13,14 0.001 -1 0 0.004 50 ::f,2,2 f,3,15 s,12,3 f,12,14 f,15,2 
10:0,2 0.001 1 1 1,1 0.001 -1 1 3,2 0.002 1 0 0.003 50 1,14 0.001 -1 1 0,15 0.001 -1 -1 0,14 0.001 1 -1 0.0031 65 13,2 0.001 1 0 14,2 0.001 1 0 13,3 0.001 1 1 0.0031 60 13,12 0.001 -1 0 15,12 0.001 0 -1 13,14 0.001 -1 0 0.0041 65 ::f,2,2 f,3,15 s,12,3 f,12,14 f,15,2 
11:0,2 0.001 1 1 1,1 0.001 -1 1 3,2 0.002 1 0 0.003 50 1,14 0.001 0 1 0,15 0.001 -1 -1 0,14 0.001 0 -1 0.0031 65 13,2 0.001 1 0 14,2 0.001 1 -1 13,3 0.001 1 1 0.0031 60 13,12 0.001 -1 0 15,12 0.001 0 -1 13,14 0.001 -1 1 0.0041 65 ::f,2,2 f,3,15 s,12,3 f,12,14 f,15,2 
12:0,2 0.001 1 0 1,1 0.001 0 1 3,2 0.002 1 0 0.003 50 1,14 0.001 0 1 0,15 0.001 -1 -1 0,14 0.001 0 -1 0.0031 65 13,2 0.001 1 -1 14,2 0.001 1 -1 13,3 0.001 1 1 0.0031 60 13,12 0.001 -1 -1 15,12 0.001 0 -1 13,14 0.001 -1 1 0.0041 65 ::f,2,2 f,3,15 s,12,3 f,12,14 f,15,2 
13:1,2 0.001 1 0 1,1 0.001 0 1 3,2 0.002 1 0 0.004 50 1,14 0.001 1 1 0,15 0.001 -1 -1 0,14 0.001 -1 -1 0.0031 65 13,2 0.001 1 -1 14,2 0.001 0 -1 13,3 0.001 1 1 0.0031 60 13,12 0.001 -1 -1 15,12 0.001 0 -1 13,14 0.001 0 1 0.0041 65 ::f,2,2 f,3,15 s,12,3 f,12,14 f,15,2 
14:1,2 0.001 1 0 1,1 0.001 0 1 3,2 0.002 1 0 0.004 50 1,14 0.001 1 1 0,15 0.001 -1 -1 0,14 0.001 -1 -1 0.0031 65 13,2 0.001 0 -1 14,1 0.001 0 -1 13,3 0.001 1 1 0.0041 60 13,12 0.001 0 -1 15,12 0.001 0 -1 13,14 0.001 0 1 0.0041 65 ::f,2,2 f,3,15 s,12,3 f,12,14 f,15,2 
15:1,2 0.001 1 0 1,1 0.001 1 1 3,2 0.002 1 0 0.0041 65 1,14 0.001 1 0 0,15 0.001 -1 -1 0,14 0.001 -1 0 0.0031 65 13,2 0.001 0 -1 14,1 0.001 0 -1 13,3 0.001 1 1 0.0041 60 13,12 0.001 0 -1 15,12 0.001 0 -1 13,14 0.001 1 1 0.0041 65 ::f,2,0 f,3,15 s,12,3 f,12,14 f,15,2 
16:1,2 0.001 1 -1 1,1 0.001 1 1 3,2 0.002 1 0 0.0041 65 2,14 0.001 1 0 0,15 0.001 -1 -1 0,14 0.001 -1 0 0.0041 65 13,2 0.001 -1 -1 14,1 0.001 -1 -1 13,3 0.001 1 1 0.0041 60 13,12 0.001 1 -1 15,12 0.001 0 -1 13,14 0.001 1 1 0.0041 65 ::f,2,0 f,3,15 s,12,3 f,12,14 f,15,2 
17:1,2 0.001 1 -1 1,1 0.001 1 0 3,2 0.002 1 0 0.0041 65 2,14 0.001 1 0 0,15 0.001 -1 -1 0,14 0.001 -1 1 0.0041 65 13,2 0.001 -1 -1 14,1 0.001 -1 -1 13,3 0.001 1 1 0.0041 60 13,12 0.001 1 -1 15,12 0.001 0 -1 13,14 0.001 1 0 0.0041 65 ::f,2,0 f,3,15 s,12,3 f,12,14 f,15,2 
18:1,2 0.001 0 -1 1,1 0.001 1 0 3,2 0.002 1 0 0.0041 65 2,14 0.001 1 -1 0,15 0.001 -1 -1 0,14 0.001 -1 1 0.0041 65 13,2 0.001 -1 0 14,1 0.001 -1 0 13,3 0.001 1 1 0.0041 60 13,12 0.001 1 0 15,12 0.001 0 -1 14,14 0.001 1 0 0.0051 65 ::f,2,0 f,3,15 s,12,3 f,12,14 f,15,2 
19:1,2 0.001 0 -1 1,1 0.001 1 -1 3,2 0.002 1 0 0.0041 65 2,14 0.001 1 -1 0,15 0.001 -1 -1 0,14 0.001 0 1 0.0041 65 13,2 0.001 -1 0 13,1 0.001 -1 0 13,3 0.001 1 1 0.0051 60 14,12 0.001 1 0 15,12 0.001 0 -1 14,14 0.001 1 0 0.0061 65 ::f,2,0 f,3,15 s,12,3 f,12,14 f,15,2 
20:1,2 0.001 -1 -1 1,1 0.001 1 -1 3,2 0.002 1 0 0.0042 80 2,14 0.001 0 -1 0,15 0.001 -1 -1 0,14 0.001 0 1 0.0041 65 13,2 0.001 -1 1 13,1 0.001 -1 0 13,3 0.001 1 1 0.0051 60 14,12 0.001 1 0 15,12 0.001 0 -1 14,14 0.001 1 -1 0.0061 65 ::f,1,0 f,3,15 s,12,3 f,12,14 f,15,2 
21:1,2 0.001 -1 -1 1,1 0.001 0 -1 3,2 0.002 1 0 0.0042 80 2,13 0.001 0 -1 0,15 0.001 -1 -1 0,14 0.001 1 1 0.0051 65 13,2 0.001 -1 1 13,1 0.001 -1 1 13,3 0.001 1 1 0.0051 60 14,12 0.001 1 1 15,12 0.001 0 -1 14,14 0.001 1 -1 0.0061 65 ::f,1,0 f,3,15 s,12,3 f,12,14 f,15,2 
22:1,2 0.001 -1 0 1,1 0.001 0 -1 3,2 0.002 1 0 1.0043 95 2,13 0.001 0 -1 0,15 0.001 -1 -1 0,14 0.001 1 1 0.0051 65 13,2 0.001 0 1 13,1 0.001 -1 1 13,3 0.001 1 1 0.0051 60 14,12 0.001 1 1 15,12 0.001 0 -1 14,14 0.001 0 -1 0.0061 65 ::f,2,3 f,3,15 s,12,3 f,12,14 f,15,2 
23:1,2 0.001 -1 0 1,1 0.001 -1 -1 3,2 0.002 1 0 1.0043 95 2,13 0.001 -1 -1 0,15 0.001 -1 -1 0,14 0.001 1 0 0.0051 65 13,2 0.001 0 1 13,1 0.001 0 1 13,3 0.001 1 1 0.0051 60 14,12 0.001 0 1 15,12 0.001 0 -1 14,13 0.001 0 -1 0.0071 65 ::f,2,3 f,3,15 s,12,3 f,12,14 f,15,2 
24:1,2 0.001 -1 1 1,1 0.001 -1 -1 3,2 0.002 1 0 1.0043 95 2,13 0.001 -1 -1 0,15 0.001 -1 -1 1,14 0.001 1 0 0.0061 65 13,2 0.001 1 1 13,1 0.001 0 1 13,3 0.001 1 1 0.0051 60 14,12 0.001 0 1 15,12 0.001 0 -1 14,13 0.001 0 -1 0.0071 65 ::f,2,3 f,3,15 s,12,3 f,12,14 f,15,2 
25:1,2 0.001 -1 1 1,1 0.001 -1 0 3,2 0.002 1 0 1.0043 95 2,13 0.001 -1 0 0,15 0.001 -1 -1 1,14 0.001 1 0 0.0061 65 13,2 0.001 1 1 13,1 0.001 0 1 13,3 0.001 1 1 0.0051 60 14,12 0.001 0 1 15,12 0.001 0 -1 14,13 0.001 -1 -1 0.0071 65 ::f,2,3 f,3,15 s,12,3 f,12,14 f,15,2 
26:1,2 0.001 0 1 1,1 0.001 -1 0 3,2 0.002 1 0 1.0043 95 1,13 0.001 -1 0 0,15 0.001 -1 -1 1,14 0.001 1 -1 0.0071 65 13,2 0.001 1 0 13,1 0.001 1 1 13,3 0.001 1 1 0.0051 60 14,12 0.001 -1 1 15,12 0.001 0 -1 14,13 0.001 -1 -1 0.0071 65 ::f,2,3 f,3,15 s,12,3 f,12,14 f,15,2 
27:1,2 0.001 0 1 1,1 0.001 -1 1 3,2 0.002 1 0 1.0043 95 1,13 0.001 -1 0 0,15 0.001 -1 -1 1,14 0.001 1 -1 0.0071 65 14,2 0.001 1 0 13,1 0.001 1 1 13,3 0.001 1 1 0.0061 60 13,13 0.001 -1 1 15,12 0.001 0 -1 14,13 0.001 -1 0 0.0081 65 ::f,2,3 f,3,15 s,12,3 f,12,14 f,15,2 
28:1,2 0.001 1 1 1,1 0.001 -1 1 3,2 0.002 1 0 1.0043 95 1,13 0.001 -1 1 0,15 0.001 -1 -1 1,14 0.001 0 -1 0.0071 65 14,2 0.001 1 0 13,1 0.001 1 0 13,3 0.001 1 1 0.0062 75 13,13 0.001 -1 1 15,12 0.001 0 -1 14,13 0.001 -1 0 0.0082 80 ::f,2,3 f,3,15 s,12,3 f,12,14 f,15,3 
29:1,2 0.001 1 1 1,1 0.001 0 1 3,2 0.002 1 0 2.0044 110 1,13 0.001 -1 1 0,15 0.001 -1 -1 1,14 0.001 0 -1 0.0071 65 14,2 0.001 1 -1 13,1 0.001 1 0 13,3 0.001 1 1 0.0062 75 13,13 0.001 -1 0 15,12 0.001 0 -1 14,13 0.001 -1 0 0.0082 80 ::f,0,3 f,3,15 s,12,3 f,12,14 f,15,3 
30:1,2 0.001 1 0 1,1 0.001 0 1 3,2 0.002 1 0 2.0044 110 1,13 0.001 0 1 0,15 0.001 -1 -1 1,14 0.001 -1 -1 0.0071 65 14,2 0.001 1 -1 13,1 0.001 1 -1 13,3 0.001 1 1 0.0062 75 13,13 0.001 -1 0 15,12 0.001 0 -1 14,13 0.001 -1 1 0.0082 80 ::f,0,3 f,3,15 s,12,3 f,12,14 f,15,3 
31:2,2 0.001 1 0 1,1 0.001 0 1 3,2 0.002 1 0 2.0054 110 1,13 0.001 0 1 0,15 0.001 -1 -1 1,14 0.001 -1 -1 0.0071 65 14,2 0.001 0 -1 13,1 0.001 1 -1 13,3 0.001 1 1 0.0062 75 13,13 0.001 -1 -1 15,12 0.001 0 -1 14,13 0.001 -1 1 0.0082 80 ::f,0,3 f,3,15 s,12,3 f,12,14 f,15,3 
32:2,2 0.001 1 0 1,1 0.001 1 1 3,2 0.002 1 0 2.0054 110 1,13 0.001 0 1 0,15 0.001 -1 -1 1,14 0.001 -1 0 0.0071 65 14,1 0.001 0 -1 13,1 0.001 0 -1 13,3 0.001 1 1 0.0072 75 13,13 0.001 -1 -1 15,12 0.001 0 -1 14,13 0.001 0 1 0.0082 80 ::f,0,3 f,3,15 s,12,3 f,12,14 f,15,3 
33:2,2 0.001 1 -1 1,1 0.001 1 1 3,2 0.002 1 0 2.0054 110 1,13 0.001 1 1 0,15 0.001 -1 -1 1,14 0.001 -1 0 0.0071 65 14,1 0.001 0 -1 13,1 0.001 0 -1 13,3 0.001 1 1 0.0072 75 13,13 0.001 0 -1 15,12 0.001 0 -1 14,13 0.001 0 1 0.0082 80 ::f,0,3 f,3,15 s,12,3 f,12,14 f,15,3 
34:2,2 0.001 1 -1 1,1 0.001 1 0 3,2 0.002 1 0 2.0054 110 2,14 0.001 1 1 0,15 0.001 -1 -1 1,14 0.001 -1 1 0.0081 65 14,1 0.001 -1 -1 13,1 0.001 -1 -1 13,3 0.001 1 1 0.0072 75 13,13 0.001 0 -1 15,12 0.001 0 -1 14,13 0.001 1 1 0.0082 80 ::f,0,3 f,3,15 s,12,3 f,12,14 f,15,3 
35:2,2 0.001 0 -1 1,1 0.001 1 0 3,2 0.002 1 0 2.0054 110 2,14 0.001 1 1 0,15 0.001 -1 -1 1,14 0.001 -1 1 0.0082 80 14,1 0.001 -1 -1 13,1 0.001 -1 -1 13,3 0.001 1 1 0.0072 75 13,13 0.001 1 -1 15,12 0.001 0 -1 14,13 0.001 1 1 0.0082 80 ::f,0,3 f,1,15 s,12,3 f,12,14 f,15,3 
36:2,1 0.001 0 -1 1,1 0.001 1 -1 3,2 0.002 1 0 2.0064 110 2,14 0.001 1 0 0,15 0.001 -1 -1 1,14 0.001 0 1 0.0082 80 14,1 0.001 -1 0 13,1 0.001 -1 0 13,3 0.001 1 1 0.0072 75 13,13 0.001 1 -1 15,12 0.001 0 -1 14,13 0.001 1 0 0.0082 80 ::f,0,3 f,1,15 s,12,3 f,12,14 f,15,3 
37:2,1 0.001 0 -1 1,1 0.001 1 -1 3,2 0.002 1 0 2.0064 110 2,14 0.001 1 0 0,15 0.001 -1 -1 1,14 0.001 0 1 0.0083 95 14,1 0.001 -1 0 13,1 0.001 -1 0 13,3 0.001 1 1 0.0072 75 13,13 0.001 1 0 15,12 0.001 0 -1 14,13 0.001 1 0 0.0082 80 ::f,0,3 f,1,15 s,12,3 f,12,14 f,15,3 
38:2,1 0.001 -1 -1 1,1 0.001 0 -1 3,2 0.002 1 0 2.0064 110 2,14 0.001 1 -1 0,15 0.001 -1 -1 1,14 0.001 1 1 0.0083 95 14,1 0.001 -1 0 13,1 0.001 -1 1 13,3 0.001 1 1 0.0072 75 13,13 0.001 1 0 15,12 0.001 0 -1 14,13 0.001 1 -1 0.0082 80 ::f,0,3 f,1,15 s,12,3 f,12,14 f,15,3 
39:2,1 0.001 -1 -1 1,1 0.001 0 -1 3,2 0.002 1 0 2.0064 110 2,14 0.001 1 -1 0,15 0.001 -1 -1 1,14 0.001 1 1 0.0083 95 14,1 0.001 -1 1 13,1 0.001 -1 1 13,3 0.001 1 1 0.0072 75 13,13 0.001 1 0 15,12 0.001 0 -1 14,13 0.001 1 -1 0.0082 80 ::f,0,3 f,1,15 s,12,3 f,12,14 f,15,3 
40:2,1 0.001 -1 0 1,1 0.001 -1 -1 3,2 0.002 1 0 2.0064 110 2,14 0.001 0 -1 0,15 0.001 -1 -1 1,14 0.001 1 0 0.0083 95 13,2 0.001 -1 1 13,1 0.001 0 1 13,3 0.001 1 1 0.0082 75 13,13 0.001 1 1 15,12 0.001 0 -1 14,13 0.001 0 -1 0.0082 80 ::f,0,3 f,1,15 s,12,3 f,12,14 f,15,3 
41:2,1 0.001 -1 0 1,1 0.001 -1 -1 3,2 0.002 1 0 2.0064 110 2,13 0.001 0 -1 0,15 0.001 -1 -1 2,14 0.001 1 0 0.0103 95 13,2 0.001 -1 1 13,1 0.001 0 1 13,3 0.001 1 1 0.0082 75 13,13 0.001 1 1 15,12 0.001 0 -1 14,13 0.001 0 -1 0.0082 80 ::f,0,3 f,1,15 s,12,3 f,12,14 f,15,3 
42:2,1 0.001 -1 0 1,1 0.001 -1 0 3,2 0.002 1 0 2.0064 110 2,13 0.001 0 -1 0,15 0.001 -1 -1 2,14 0.001 1 0 0.0103 95 13,2 0.001 0 1 13,1 0.001 0 1 13,3 0.001 1 1 0.0082 75 13,13 0.001 0 1 15,12 0.001 0 -1 14,13 0.001 -1 -1 0.0082 80 ::f,0,3 f,1,15 s,12,3 f,12,14 f,15,3 
43:2,1 0.001 -1 1 1,1 0.001 -1 0 3,2 0.002 1 0 2.0064 110 2,13 0.001 -1 -1 0,15 0.001 -1 -1 2,14 0.001 1 -1 0.0103 95 13,2 0.001 0 1 13,1 0.001 1 1 13,3 0.001 1 1 0.0082 75 13,13 0.001 0 1 15,12 0.001 0 -1 14,13 0.001 -1 -1 0.0082 80 ::f,0,3 f,1,15 s,12,3 f,12,14 f,15,3 
44:1,2 0.001 -1 1 1,1 0.001 -1 1 3,2 0.002 1 0 2.0074 110 2,13 0.001 -1 -1 0,15 0.001 -1 -1 2,14 0.001 1 -1 0.0103 95 13,2 0.001 1 1 13,1 0.001 1 1 13,3 0.001 1 1 0.0082 75 13,13 0.001 -1 1 15,12 0.001 0 -1 14,13 0.001 -1 0 0.0082 80 ::f,0,3 f,1,15 s,12,3 f,12,14 f,15,3 
45:1,2 0.001 -1 1 1,1 0.001 -1 1 3,2 0.002 1 0 4.0075 125 2,13 0.001 -1 0 0,15 0.001 -1 -1 2,14 0.001 0 -1 0.0103 95 13,2 0.001 1 1 13,1 0.001 1 0 13,3 0.001 1 1 0.0082 75 13,13 0.001 -1 1 15,12 0.001 0 -1 14,13 0.001 -1 0 1.0083 95 ::f,0,3 f,1,15 s,12,3 f,15,3 f,15,14 
46:1,2 0.001 0 1 1,1 0.001 0 1 3,2 0.002 1 0 4.0075 125 1,13 0.001 -1 0 0,15 0.001 -1 -1 2,13 0.001 0 -1 0.0123 95 13,2 0.001 1 0 13,1 0.001 1 0 13,3 0.001 1 1 0.0082 75 13,13 0.001 -1 0 15,12 0.001 0 -1 14,13 0.001 -1 0 1.0083 95 ::f,0,3 f,1,15 s,12,3 f,15,3 f,15,14 
47:1,2 0.001 0 1 1,1 0.001 0 1 3,2 0.002 1 0 4.0075 125 1,13 0.001 -1 0 0,15 0.001 -1 -1 2,13 0.001 0 -1 0.0123 95 14,2 0.001 1 0 13,1 0.001 1 -1 13,3 0.001 1 1 0.0092 75 13,13 0.001 -1 0 15,12 0.001 0 -1 14,13 0.001 -1 1 1.0083 95 ::f,0,3 f,1,15 s,12,3 f,15,3 f,15,14 
48:1,2 0.001 1 1 1,1 0.001 0 1 3,2 0.002 1 0 4.0075 125 1,13 0.001 -1 1 0,15 0.001 -1 -1 2,13 0.001 -1 -1 0.0123 95 14,2 0.001 1 0 13,1 0.001 1 -1 13,3 0.001 1 1 0.0092 75 13,13 0.001 -1 -1 15,12 0.001 0 -1 14,13 0.001 -1 1 1.0083 95 ::f,0,3 f,1,15 s,12,3 f,15,3 f,15,14 
49:1,2 0.001 1 1 1,1 0.001 1 1 3,2 0.002 1 0 4.0075 125 1,13 0.001 -1 1 0,15 0.001 -1 -1 2,13 0.001 -1 -1 0.0123 95 14,2 0.001 1 -1 13,1 0.001 0 -1 13,3 0.001 1 1 0.0092 75 13,13 0.001 -1 -1 15,12 0.001 0 -1 14,13 0.001 0 1 1.0083 95 ::f,0,3 f,1,15 s,12,3 f,15,3 f,15,14 
50:1,2 0.001 1 0 1,1 0.001 1 1 3,2 0.002 1 0 4.0075 125 1,13 0.001 0 1 0,15 0.001 -1 -1 2,13 0.001 -1 0 0.0123 95 14,2 0.001 1 -1 13,1 0.001 0 -1 13,3 0.001 1 1 0.0092 75 13,13 0.001 0 -1 15,12 0.001 0 -1 14,13 0.001 0 1 1.0083 95 ::f,0,3 f,1,15 s,12,3 f,15,3 f,15,14 
51:2,2 0.001 1 0 1,1 0.001 1 0 3,2 0.002 1 0 4.0085 125 1,14 0.001 0 1 0,15 0.001 -1 -1 1,13 0.001 -1 0 0.0143 95 14,2 0.001 0 -1 13,1 0.001 -1 -1 13,3 0.001 1 1 0.0092 75 13,13 0.001 0 -1 15,12 0.001 0 -1 14,13 0.001 1 1 1.0083 95 ::f,0,3 f,1,15 s,12,3 f,15,3 f,15,14 
52:2,2 0.001 1 0 1,1 0.001 1 0 3,2 0.002 1 0 4.0085 125 1,14 0.001 0 1 0,15 0.001 -1 -1 1,13 0.001 -1 0 1.0144 110 14,1 0.001 0 -1 13,1 0.001 -1 -1 13,3 0.001 1 1 0.0102 75 13,13 0.001 1 -1 15,12 0.001 0 -1 14,13 0.001 1 1 2.0084 110 ::f,0,3 f,2,12 s,12,3 f,13,12 f,15,3 
53:2,2 0.001 1 -1 1,1 0.001 1 -1 3,2 0.002 1 0 4.0085 125 1,14 0.001 1 1 0,15 0.001 -1 -1 1,13 0.001 -1 1 1.0144 110 14,1 0.001 0 -1 13,1 0.001 -1 0 13,3 0.001 1 1 0.0102 75 13,13 0.001 1 -1 15,12 0.001 0 -1 14,13 0.001 1 0 2.0084 110 ::f,0,3 f,2,12 s,12,3 f,13,12 f,15,3 
54:2,2 0.001 1 -1 1,1 0.001 1 -1 3,2 0.002 1 0 4.0085 125 1,14 0.001 1 1 0,15 0.001 -1 -1 1,13 0.001 -1 1 1.0144 110 14,1 0.001 -1 -1 13,1 0.001 -1 0 13,3 0.001 1 1 0.0102 75 13,13 0.001 1 0 15,12 0.001 0 -1 14,13 0.001 1 0 2.0084 110 ::f,0,3 f,2,12 s,12,3 f,13,12 f,15,3 
55:2,2 0.001 0 -1 1,1 0.001 0 -1 3,2 0.002 1 0 4.0085 125 1,14 0.001 1 0 0,15 0.001 -1 -1 1,13 0.001 0 1 1.0144 110 14,1 0.001 -1 -1 13,1 0.001 -1 1 13,3 0.001 1 1 0.0102 75 13,13 0.001 1 0 15,12 0.001 0 -1 14,13 0.001 1 -1 2.0084 110 ::f,0,3 f,2,12 s,12,3 f,13,12 f,15,3 
56:2,1 0.001 0 -1 1,1 0.001 0 -1 3,2 0.002 1 0 4.0095 125 2,14 0.001 1 0 0,15 0.001 -1 -1 1,14 0.001 0 1 1.0164 110 14,1 0.001 -1 0 13,1 0.001 -1 1 13,3 0.001 1 1 0.0102 75 13,13 0.001 1 0 15,12 0.001 0 -1 14,13 0.001 1 -1 2.0084 110 ::f,0,3 f,2,12 s,12,3 f,13,12 f,15,3 
57:2,1 0.001 0 -1 1,1 0.001 -1 -1 3,2 0.002 1 0 4.0095 125 2,14 0.001 1 0 0,15 0.001 -1 -1 1,14 0.001 0 1 1.0164 110 14,1 0.001 -1 0 13,1 0.001 0 1 13,3 0.001 1 1 0.0102 75 13,13 0.001 1 1 15,12 0.001 0 -1 14,13 0.001 0 -1 2.0084 110 ::f,0,3 f,2,12 s,12,3 f,13,12 f,15,3 
58:2,1 0.001 -1 -1 1,1 0.001 -1 -1 3,2 0.002 1 0 4.0095 125 2,14 0.001 1 -1 0,15 0.001 -1 -1 1,14 0.001 1 1 1.0164 110 14,1 0.001 -1 0 13,2 0.001 0 1 13,3 0.001 1 1 0.0112 75 13,13 0.001 1 1 15,12 0.001 0 -1 14,13 0.001 0 -1 2.0084 110 ::f,0,3 f,2,12 s,12,3 f,13,12 f,15,3 
59:2,1 0.001 -1 -1 1,1 0.001 -1 0 3,2 0.002 1 0 4.0095 125 2,14 0.001 1 -1 0,15 0.001 -1 -1 1,14 0.001 1 1 1.0164 110 14,1 0.001 -1 1 13,2 0.001 0 1 13,3 0.001 1 1 0.0112 75 13,13 0.001 0 1 15,12 0.001 0 -1 14,13 0.001 -1 -1 2.0084 110 ::f,0,3 f,2,12 s,12,3 f,13,12 f,15,3 
60:2,1 0.001 -1 0 1,1 0.001 -1 0 3,2 0.002 1 0 4.0095 125 2,14 0.001 0 -1 0,15 0.001 -1 -1 1,14 0.001 1 0 1.0164 110 14,1 0.001 -1 1 13,2 0.001 1 1 13,3 0.001 1 1 0.0112 75 13,13 0.001 0 1 15,12 0.001 0 -1 14,13 0.001 -1 -1 4.0085 125 ::f,0,3 f,2,12 s,12,3 f,12,12 f,15,3 
61:2,1 0.001 -1 0 1,1 0.001 -1 1 3,2 0.002 1 0 4.0095 125 2,13 0.001 0 -1 0,15 0.001 -1 -1 2,14 0.001 1 0 1.0184 110 14,1 0.001 -1 1 13,2 0.001 1 1 13,3 0.001 1 1 0.0112 75 13,13 0.001 -1 1 15,12 0.001 0 -1 14,13 0.001 -1 0 4.0085 125 ::f,0,3 f,2,12 s,12,3 f,12,12 f,15,3 
62:2,1 0.001 -1 0 1,1 0.001 -1 1 3,2 0.002 1 0 4.0095 125 2,13 0.001 0 -1 0,15 0.001 -1 -1 2,14 0.001 1 0 3.0185 125 14,1 0.001 0 1 13,2 0.001 1 0 13,3 0.001 1 1 0.0112 75 13,13 0.001 -1 1 15,12 0.001 0 -1 14,13 0.001 -1 0 4.0085 125 ::f,0,3 f,0,14 s,12,3 f,12,12 f,15,3 
63:2,1 0.001 -1 1 1,1 0.001 0 1 3,2 0.002 1 0 4.0095 125 2,13 0.001 -1 -1 0,15 0.001 -1 -1 2,14 0.001 1 -1 3.0185 125 14,1 0.001 0 1 14,2 0.001 1 0 13,3 0.001 1 1 0.0122 75 13,13 0.001 -1 0 15,12 0.001 0 -1 14,13 0.001 -1 0 4.0085 125 ::f,0,3 f,0,14 s,12,3 f,12,12 f,15,3 
64:1,2 0.001 -1 1 1,1 0.001 0 1 3,2 0.002 1 0 4.0105 125 2,13 0.001 -1 -1 0,15 0.001 -1 -1 2,14 0.001 1 -1 3.0185 125 14,1 0.001 1 1 14,2 0.001 1 0 13,3 0.001 1 1 0.0122 75 13,13 0.001 -1 0 15,12 0.001 0 -1 14,13 0.001 -1 1 4.0085 125 ::f,0,3 f,0,14 s,12,3 f,12,12 f,15,3 
65:1,2 0.001 -1 1 1,1 0.001 0 1 3,2 0.002 1 0 7.0106 140 2,13 0.001 -1 0 0,15 0.001 -1 -1 2,14 0.001 0 -1 3.0185 125 14,1 0.001 1 1 14,2 0.001 1 -1 13,3 0.001 1 1 0.0122 75 13,13 0.001 -1 -1 15,12 0.001 0 -1 14,13 0.001 -1 1 4.0085 125 ::f,0,14 f,3,1 s,12,3 f,12,12 f,15,3 
66:1,2 0.001 0 1 1,1 0.001 1 1 3,2 0.002 1 0 7.0106 140 1,13 0.001 -1 0 0,15 0.001 -1 -1 2,13 0.001 0 -1 3.0205 125 14,1 0.001 1 0 14,2 0.001 1 -1 13,3 0.001 1 1 0.0122 75 13,13 0.001 -1 -1 15,12 0.001 0 -1 14,13 0.001 0 1 6.0086 140 ::f,0,14 f,3,1 s,12,3 f,13,14 f,15,3 
67:1,2 0.001 0 1 1,1 0.001 1 1 3,2 0.002 1 0 7.0106 140 1,13 0.001 -1 0 0,15 0.001 -1 -1 2,13 0.001 0 -1 3.0205 125 14,1 0.001 1 0 14,2 0.001 0 -1 13,3 0.001 1 1 0.0122 75 13,13 0.001 0 -1 15,12 0.001 0 -1 14,13 0.001 0 1 6.0086 140 ::f,0,14 f,3,1 s,12,3 f,13,14 f,15,3 
68:1,2 0.001 1 1 1,1 0.001 1 0 3,2 0.002 1 0 7.0106 140 1,13 0.001 -1 1 0,15 0.001 -1 -1 2,13 0.001 -1 -1 3.0205 125 14,1 0.001 1 -1 14,2 0.001 0 -1 13,3 0.001 1 1 0.0122 75 13,13 0.001 0 -1 15,12 0.001 0 -1 14,13 0.001 1 1 6.0086 140 ::f,0,14 f,3,1 s,12,3 f,13,14 f,15,3 
69:1,2 0.001 1 1 2,1 0.001 1 0 3,2 0.002 1 0 7.0116 140 1,13 0.001 -1 1 0,15 0.001 -1 -1 2,13 0.001 -1 -1 6.0206 140 14,1 0.001 1 -1 14,2 0.001 0 -1 13,3 0.001 1 1 0.0122 75 13,13 0.001 1 -1 15,12 0.001 0 -1 14,13 0.001 1 1 6.0086 140 ::f,2,12 f,3,1 s,12,3 f,13,14 f,15,3 
70:1,2 0.001 1 0 2,1 0.001 1 0 3,2 0.002 1 0 9.0117 155 1,13 0.001 0 1 0,15 0.001 -1 -1 2,13 0.001 -1 0 6.0206 140 14,1 0.001 0 -1 14,2 0.001 -1 -1 13,3 0.001 1 1 0.0122 75 13,13 0.001 1 -1 15,12 0.001 0 -1 14,13 0.001 1 0 6.0086 140 ::f,1,0 f,2,12 s,12,3 f,13,14 f,15,3 
71:2,2 0.001 1 0 2,1 0.001 1 -1 3,2 0.002 1 0 9.0127 155 1,14 0.001 0 1 0,15 0.001 -1 -1 1,13 0.001 -1 0 6.0226 140 14,1 0.001 0 -1 14,2 0.001 -1 -1 13,3 0.001 1 1 0.0122 75 13,13 0.001 1 0 15,12 0.001 0 -1 14,13 0.001 1 0 6.0086 140 ::f,1,0 f,2,12 s,12,3 f,13,14 f,15,3 
72:2,2 0.001 1 0 2,1 0.001 1 -1 3,2 0.002 1 0 9.0127 155 1,14 0.001 0 1 0,15 0.001 -1 -1 1,13 0.001 -1 0 6.0226 140 14,1 0.001 -1 -1 14,2 0.001 -1 0 13,3 0.001 1 1 0.0122 75 13,13 0.001 1 0 15,12 0.001 0 -1 14,13 0.001 1 -1 6.0086 140 ::f,1,0 f,2,12 s,12,3 f,13,14 f,15,3 
73:2,2 0.001 1 -1 2,1 0.001 0 -1 3,2 0.002 1 0 9.0127 155 1,14 0.001 1 1 0,15 0.001 -1 -1 1,13 0.001 -1 1 6.0226 140 14,1 0.001 -1 -1 14,2 0.001 -1 0 13,3 0.001 1 1 0.0122 75 13,13 0.001 1 0 15,12 0.001 0 -1 14,13 0.001 1 -1 6.0086 140 ::f,1,0 f,2,12 s,12,3 f,13,14 f,15,3 
74:2,2 0.001 1 -1 2,1 0.001 0 -1 3,2 0.002 1 0 9.0127 155 1,14 0.001 1 1 0,15 0.001 -1 -1 1,13 0.001 -1 1 6.0226 140 14,1 0.001 -1 0 14,2 0.001 -1 1 13,3 0.001 1 1 0.0122 75 13,13 0.001 1 1 15,12 0.001 0 -1 14,13 0.001 0 -1 6.0086 140 ::f,1,0 f,2,12 s,12,3 f,13,14 f,15,3 
75:2,2 0.001 0 -1 2,1 0.001 -1 -1 3,2 0.002 1 0 9.0127 155 1,14 0.001 1 0 0,15 0.001 -1 -1 1,13 0.001 0 1 6.0226 140 13,1 0.001 -1 0 14,2 0.001 -1 1 13,3 0.001 1 1 0.0132 75 13,13 0.001 1 1 15,12 0.001 0 -1 14,13 0.001 0 -1 6.0086 140 ::f,1,0 f,2,12 s,12,3 f,13,14 f,15,3 
76:2,2 0.001 0 -1 2,1 0.001 -1 -1 3,2 0.002 1 0 12.0128 170 2,14 0.001 1 0 0,15 0.001 -1 -1 1,14 0.001 0 1 6.0246 140 13,1 0.001 -1 0 14,2 0.001 0 1 13,3 0.001 1 1 0.0132 75 13,13 0.001 0 1 15,12 0.001 0 -1 14,13 0.001 -1 -1 6.0086 140 ::f,1,0 f,2,12 s,12,3 f,13,14 f,15,3 
77:2,2 0.001 0 -1 2,1 0.001 -1 0 3,2 0.002 1 0 12.0128 170 2,14 0.001 1 0 0,15 0.001 -1 -1 1,14 0.001 0 1 6.0246 140 13,1 0.001 -1 1 14,2 0.001 0 1 13,3 0.001 1 1 0.0132 75 13,13 0.001 0 1 15,12 0.001 0 -1 14,13 0.001 -1 -1 9.0087 155 ::f,1,0 f,2,12 s,12,3 f,13,15 f,15,3 
78:2,2 0.001 -1 -1 1,1 0.001 -1 0 3,2 0.002 1 0 12.0138 170 2,14 0.001 1 -1 0,15 0.001 -1 -1 1,14 0.001 1 1 6.0246 140 13,1 0.001 -1 1 14,2 0.001 1 1 13,3 0.001 1 1 0.0132 75 13,14 0.001 0 1 15,12 0.001 0 -1 14,13 0.001 -1 0 9.0097 155 ::f,1,0 f,2,12 s,12,3 f,13,15 f,15,3 
79:2,2 0.001 -1 -1 1,1 0.001 -1 0 3,2 0.002 1 0 12.0138 170 2,14 0.001 1 -1 0,15 0.001 -1 -1 1,14 0.001 1 1 6.0246 140 13,1 0.001 0 1 14,2 0.001 1 1 13,3 0.001 1 1 1.0133 90 13,14 0.001 0 1 15,12 0.001 0 -1 13,13 0.001 -1 0 13.0108 170 ::f,1,0 f,2,12 s,12,3 f,15,2 f,15,14 
80:2,2 0.001 -1 0 1,1 0.001 -1 1 3,2 0.002 1 0 12.0138 170 2,14 0.001 0 -1 0,15 0.001 -1 -1 1,14 0.001 1 0 6.0246 140 13,2 0.001 0 1 14,2 0.001 1 0 13,3 0.001 1 1 1.0143 90 13,14 0.001 -1 1 15,12 0.001 0 -1 13,13 0.001 -1 0 13.0108 170 ::f,1,0 f,2,12 s,12,3 f,15,2 f,15,14 
81:2,2 0.001 -1 0 1,1 0.001 -1 1 3,2 0.002 1 0 12.0138 170 2,13 0.001 0 -1 0,15 0.001 -1 -1 2,14 0.001 1 0 6.0266 140 13,2 0.001 0 1 14,2 0.001 1 0 13,3 0.001 1 1 3.0144 105 13,14 0.001 -1 1 15,12 0.001 0 -1 13,13 0.001 -1 1 13.0108 170 ::f,1,0 f,2,12 f,12,2 s,12,3 f,15,14 
82:2,2 0.001 -1 1 1,1 0.001 0 1 3,2 0.002 1 0 12.0138 170 2,13 0.001 0 -1 0,15 0.001 -1 -1 2,14 0.001 1 0 10.0267 155 13,2 0.001 1 1 14,2 0.001 1 -1 13,3 0.001 1 1 3.0144 105 13,14 0.001 -1 0 15,12 0.001 0 -1 13,13 0.001 -1 1 13.0108 170 ::f,1,0 f,3,12 f,12,2 s,12,3 f,15,14 
83:2,2 0.001 -1 1 1,2 0.001 0 1 3,2 0.002 1 0 12.0148 170 2,13 0.001 -1 -1 0,15 0.001 -1 -1 2,14 0.001 1 -1 10.0267 155 13,2 0.001 1 1 14,2 0.001 1 -1 13,3 0.001 1 1 3.0144 105 13,14 0.001 -1 0 15,12 0.001 0 -1 13,13 0.001 0 1 13.0108 170 ::f,1,0 f,3,12 f,12,2 s,12,3 f,15,14 
84:2,2 0.001 0 1 1,2 0.001 0 1 3,2 0.002 1 0 12.0148 170 2,13 0.001 -1 -1 0,15 0.001 -1 -1 2,14 0.001 1 -1 10.0267 155 13,2 0.001 1 0 14,2 0.001 0 -1 13,3 0.001 1 1 3.0144 105 13,14 0.001 -1 -1 15,12 0.001 0 -1 13,13 0.001 0 1 13.0108 170 ::f,1,0 f,3,12 f,12,2 s,12,3 f,15,14 
85:2,2 0.001 0 1 1,2 0.001 1 1 3,2 0.002 1 0 12.0148 170 2,13 0.001 -1 0 0,15 0.001 -1 -1 2,14 0.001 0 -1 10.0267 155 13,2 0.001 1 0 14,1 0.001 0 -1 13,3 0.001 1 1 3.0154 105 13,14 0.001 -1 -1 15,12 0.001 0 -1 13,13 0.001 0 1 13.0108 170 ::f,1,0 f,3,12 f,12,2 s,12,3 f,15,14 
86:2,2 0.001 1 1 1,2 0.001 1 1 3,2 0.002 1 0 12.0148 170 1,13 0.001 -1 0 0,15 0.001 -1 -1 2,13 0.001 0 -1 10.0287 155 13,2 0.001 1 0 14,1 0.001 0 -1 13,3 0.001 1 1 3.0154 105 13,14 0.001 0 -1 15,12 0.001 0 -1 13,13 0.001 1 1 13.0108 170 ::f,1,0 f,3,12 f,12,2 s,12,3 f,15,14 
87:2,2 0.001 1 1 1,2 0.001 1 0 3,2 0.002 1 0 12.0148 170 1,13 0.001 -1 0 0,15 0.001 -1 -1 2,13 0.001 0 -1 10.0287 155 13,2 0.001 1 -1 14,1 0.001 -1 -1 13,3 0.001 1 1 3.0154 105 13,14 0.001 0 -1 15,12 0.001 0 -1 13,13 0.001 1 1 13.0108 170 ::f,1,0 f,3,12 f,12,2 s,12,3 f,15,14 
88:2,2 0.001 1 0 1,2 0.001 1 0 3,2 0.002 1 0 12.0148 170 1,13 0.001 -1 1 0,15 0.001 -1 -1 2,13 0.001 -1 -1 10.0287 155 13,2 0.001 1 -1 14,1 0.001 -1 -1 13,3 0.001 1 1 3.0154 105 13,14 0.001 0 -1 15,12 0.001 0 -1 13,13 0.001 1 0 13.0108 170 ::f,1,0 f,3,12 f,12,2 s,12,3 f,15,14 
89:2,2 0.001 1 0 1,2 0.001 1 0 3,2 0.002 1 0 12.0148 170 1,13 0.001 -1 1 0,15 0.001 -1 -1 2,13 0.001 -1 -1 10.0287 155 13,2 0.001 0 -1 14,1 0.001 -1 0 13,3 0.001 1 1 3.0154 105 13,14 0.001 1 -1 15,12 0.001 0 -1 13,13 0.001 1 0 13.0108 170 ::f,1,0 f,3,12 f,12,2 s,12,3 f,15,14 
90:2,2 0.001 1 -1 1,2 0.001 1 -1 3,2 0.002 1 0 12.0148 170 1,13 0.001 0 1 0,15 0.001 -1 -1 2,13 0.001 -1 0 10.0287 155 13,2 0.001 0 -1 13,1 0.001 -1 0 13,3 0.001 1 1 3.0164 105 14,13 0.001 1 -1 15,12 0.001 0 -1 13,13 0.001 1 -1 13.0118 170 ::f,1,0 f,3,12 f,12,2 s,12,3 f,15,14 
91:2,2 0.001 1 -1 1,2 0.001 1 -1 3,2 0.002 1 0 12.0148 170 1,14 0.001 0 1 0,15 0.001 -1 -1 1,13 0.001 -1 0 10.0307 155 13,2 0.001 -1 -1 13,1 0.001 -1 0 13,3 0.001 1 1 3.0164 105 14,13 0.001 1 -1 15,12 0.001 0 -1 13,13 0.001 1 -1 13.0118 170 ::f,1,0 f,3,12 f,12,2 s,12,3 f,15,14 
92:2,2 0.001 0 -1 1,2 0.001 0 -1 3,2 0.002 1 0 12.0148 170 1,14 0.001 0 1 0,15 0.001 -1 -1 1,13 0.001 -1 0 10.0307 155 13,2 0.001 -1 -1 13,1 0.001 -1 1 13,3 0.001 1 1 3.0164 105 14,13 0.001 1 0 15,12 0.001 0 -1 13,13 0.001 0 -1 13.0118 170 ::f,1,0 f,3,12 f,12,2 s,12,3 f,15,14 
93:2,1 0.001 0 -1 1,1 0.001 0 -1 3,2 0.002 1 0 12.0168 170 1,14 0.001 1 1 0,15 0.001 -1 -1 1,13 0.001 -1 1 10.0307 155 13,2 0.001 -1 0 13,1 0.001 -1 1 13,3 0.001 1 1 6.0165 120 14,13 0.001 1 0 15,12 0.001 0 -1 13,13 0.001 0 -1 13.0118 170 ::f,1,0 f,3,12 f,12,0 s,12,3 f,15,14 
94:2,1 0.001 0 -1 1,1 0.001 0 -1 3,2 0.002 1 0 16.0169 185 1,14 0.001 1 1 0,15 0.001 -1 -1 1,13 0.001 -1 1 10.0307 155 13,2 0.001 -1 0 13,1 0.001 0 1 13,3 0.001 1 1 6.0165 120 14,13 0.001 1 1 15,12 0.001 0 -1 13,13 0.001 -1 -1 13.0118 170 ::f,3,1 f,3,12 f,12,0 s,12,3 f,15,14 
95:2,1 0.001 -1 -1 1,1 0.001 -1 -1 3,2 0.002 1 0 16.0169 185 1,14 0.001 1 0 0,15 0.001 -1 -1 1,13 0.001 0 1 10.0307 155 13,2 0.001 -1 1 13,1 0.001 0 1 13,3 0.001 1 1 6.0165 120 14,13 0.001 1 1 15,12 0.001 0 -1 13,13 0.001 -1 -1 18.0119 185 ::f,3,1 f,3,12 f,12,0 s,12,3 f,14,14 
96:2,1 0.001 -1 -1 1,1 0.001 -1 -1 3,2 0.002 1 0 16.0169 185 2,14 0.001 1 0 0,15 0.001 -1 -1 1,14 0.001 0 1 10.0327 155 13,2 0.001 -1 1 13,1 0.001 0 1 13,3 0.001 1 1 6.0165 120 14,13 0.001 0 1 15,12 0.001 0 -1 13,13 0.001 -1 0 18.0119 185 ::f,3,1 f,3,12 f,12,0 s,12,3 f,14,14 
97:2,1 0.001 -1 0 1,1 0.001 -1 0 3,2 0.002 1 0 16.0169 185 2,14 0.001 1 0 0,15 0.001 -1 -1 1,14 0.001 0 1 10.0327 155 13,2 0.001 0 1 13,1 0.001 1 1 13,3 0.001 1 1 6.0165 120 14,13 0.001 0 1 15,12 0.001 0 -1 13,13 0.001 -1 0 18.0119 185 ::f,3,1 f,3,12 f,12,0 s,12,3 f,14,14 
98:2,1 0.001 -1 0 1,1 0.001 -1 0 3,2 0.002 1 0 16.0169 185 2,14 0.001 1 -1 0,15 0.001 -1 -1 1,14 0.001 1 1 10.0327 155 13,2 0.001 0 1 13,1 0.001 1 1 13,3 0.001 1 1 6.0165 120 14,13 0.001 0 1 15,12 0.001 0 -1 13,13 0.001 -1 1 24.012 200 ::f,3,1 f,3,12 f,12,0 s,12,3 f,12,15 
99:2,1 0.001 -1 0 1,1 0.001 -1 1 3,2 0.002 1 0 16.0169 185 2,14 0.001 1 -1 0,15 0.001 -1 -1 1,14 0.001 1 1 10.0327 155 13,2 0.001 1 1 13,1 0.001 1 0 13,3 0.001 1 1 6.0165 120 14,13 0.001 -1 1 15,12 0.001 0 -1 13,13 0.001 -1 1 24.012 200 ::f,3,1 f,3,12 f,12,0 s,12,3 f,12,15 
100:2,1 0.001 -1 1 1,1 0.001 -1 1 3,2 0.002 1 0 16.0169 185 2,14 0.001 0 -1 0,15 0.001 -1 -1 1,14 0.001 1 0 10.0327 155 13,2 0.001 1 1 13,1 0.001 1 0 13,3 0.001 1 1 6.0165 120 13,14 0.001 -1 1 15,12 0.001 0 -1 13,13 0.001 0 1 24.013 200 ::f,3,1 f,3,12 f,12,0 s,12,3 f,12,15 
101:2,1 0.001 -1 1 1,1 0.001 0 1 3,2 0.002 1 0 16.0169 185 2,13 0.001 0 -1 0,15 0.001 -1 -1 2,14 0.001 1 0 10.0347 155 13,2 0.001 1 0 13,1 0.001 1 -1 13,3 0.001 1 1 6.0165 120 13,14 0.001 -1 1 15,12 0.001 0 -1 13,13 0.001 0 1 31.0131 215 ::f,3,1 f,3,12 f,12,0 s,12,3 f,12,15 
102:2,1 0.001 0 1 1,2 0.001 0 1 3,2 0.002 1 0 16.0179 185 2,13 0.001 0 -1 0,15 0.001 -1 -1 2,14 0.001 1 0 10.0347 155 14,2 0.001 1 0 13,1 0.001 1 -1 13,3 0.001 1 1 6.0175 120 13,14 0.001 -1 0 15,12 0.001 0 -1 13,13 0.001 0 1 31.0131 215 ::f,3,1 f,3,12 f,12,0 s,12,3 f,12,15 
103:2,1 0.001 0 1 1,2 0.001 0 1 3,2 0.002 1 0 16.0179 185 2,13 0.001 -1 -1 0,15 0.001 -1 -1 2,14 0.001 1 -1 10.0347 155 14,2 0.001 1 0 13,1 0.001 0 -1 13,3 0.001 1 1 6.0175 120 13,14 0.001 -1 0 15,12 0.001 0 -1 13,13 0.001 1 1 31.0131 215 ::f,3,1 f,3,12 f,12,0 s,12,3 f,12,15 
104:2,1 0.001 1 1 1,2 0.001 1 1 3,2 0.002 1 0 16.0179 185 2,13 0.001 -1 -1 0,15 0.001 -1 -1 2,14 0.001 1 -1 10.0347 155 14,2 0.001 1 -1 13,1 0.001 0 -1 13,3 0.001 1 1 6.0175 120 13,14 0.001 -1 -1 15,12 0.001 0 -1 13,13 0.001 1 1 31.0131 215 ::f,3,1 f,3,12 f,12,0 s,12,3 f,12,15 
105:2,1 0.001 1 1 1,2 0.001 1 1 3,2 0.002 1 0 16.0179 185 2,13 0.001 -1 0 0,15 0.001 -1 -1 2,14 0.001 0 -1 10.0347 155 14,2 0.001 1 -1 13,1 0.001 -1 -1 13,3 0.001 1 1 6.0175 120 13,14 0.001 -1 -1 15,12 0.001 0 -1 13,13 0.001 1 0 31.0131 215 ::f,3,1 f,3,12 f,12,0 s,12,3 f,12,15 
106:2,1 0.001 1 0 1,2 0.001 1 0 3,2 0.002 1 0 16.0179 185 1,13 0.001 -1 0 0,15 0.001 -1 -1 2,13 0.001 0 -1 10.0367 155 14,2 0.001 0 -1 13,1 0.001 -1 -1 13,3 0.001 1 1 10.0176 135 13,14 0.001 0 -1 15,12 0.001 0 -1 13,13 0.001 1 0 31.0131 215 ::f,3,1 f,3,12 f,12,0 s,12,3 f,12,15 
107:2,1 0.001 1 0 2,2 0.001 1 0 3,2 0.002 1 0 20.019 200 1,13 0.001 -1 0 0,15 0.001 -1 -1 2,13 0.001 0 -1 10.0367 155 14,1 0.001 0 -1 13,1 0.001 -1 0 13,3 0.001 1 1 10.0186 135 13,14 0.001 0 -1 15,12 0.001 0 -1 13,13 0.001 1 -1 31.0131 215 ::f,2,3 f,3,12 f,12,0 s,12,3 f,12,15 
108:2,1 0.001 1 -1 2,2 0.001 1 0 3,2 0.002 1 0 20.019 200 1,13 0.001 -1 1 0,15 0.001 -1 -1 2,13 0.001 -1 -1 10.0367 155 14,1 0.001 0 -1 13,1 0.001 -1 0 13,3 0.001 1 1 10.0186 135 13,14 0.001 0 -1 15,12 0.001 0 -1 13,13 0.001 1 -1 31.0131 215 ::f,2,3 f,3,12 f,12,0 s,12,3 f,12,15 
109:2,1 0.001 1 -1 2,2 0.001 1 -1 3,2 0.002 1 0 20.019 200 1,13 0.001 -1 1 0,15 0.001 -1 -1 2,13 0.001 -1 -1 10.0367 155 14,1 0.001 -1 -1 13,1 0.001 -1 1 13,3 0.001 1 1 10.0186 135 13,14 0.001 1 -1 15,12 0.001 0 -1 13,13 0.001 0 -1 31.0131 215 ::f,2,3 f,3,12 f,12,0 s,12,3 f,12,15 
110:2,1 0.001 0 -1 2,2 0.001 1 -1 3,2 0.002 1 0 20.019 200 1,13 0.001 0 1 0,15 0.001 -1 -1 2,13 0.001 -1 0 10.0367 155 14,1 0.001 -1 -1 13,1 0.001 -1 1 13,3 0.001 1 1 10.0186 135 14,13 0.001 1 -1 15,12 0.001 0 -1 13,13 0.001 0 -1 31.0141 215 ::f,2,3 f,3,12 f,12,0 s,12,3 f,12,15 
111:2,1 0.001 0 -1 2,2 0.001 0 -1 3,2 0.002 1 0 20.019 200 1,14 0.001 0 1 0,15 0.001 -1 -1 1,13 0.001 -1 0 10.0387 155 14,1 0.001 -1 0 13,1 0.001 0 1 13,3 0.001 1 1 10.0186 135 14,13 0.001 1 -1 15,12 0.001 0 -1 13,13 0.001 -1 -1 31.0141 215 ::f,2,3 f,3,12 f,12,0 s,12,3 f,12,15 
112:2,1 0.001 -1 -1 2,2 0.001 0 -1 3,2 0.002 1 0 20.019 200 1,14 0.001 0 1 0,15 0.001 -1 -1 1,13 0.001 -1 0 10.0387 155 14,1 0.001 -1 0 13,2 0.001 0 1 13,3 0.001 1 1 10.0196 135 14,13 0.001 1 0 15,12 0.001 0 -1 13,13 0.001 -1 -1 31.0141 215 ::f,2,3 f,3,12 f,12,0 s,12,3 f,12,15 
113:2,1 0.001 -1 -1 2,2 0.001 0 -1 3,2 0.002 1 0 20.019 200 1,14 0.001 1 1 0,15 0.001 -1 -1 1,13 0.001 -1 1 10.0387 155 14,1 0.001 -1 0 13,2 0.001 0 1 13,3 0.001 1 1 10.0196 135 14,13 0.001 1 0 15,12 0.001 0 -1 13,13 0.001 -1 0 31.0141 215 ::f,2,3 f,3,12 f,12,0 s,12,3 f,12,15 
114:2,1 0.001 -1 0 2,2 0.001 -1 -1 3,2 0.002 1 0 20.019 200 1,14 0.001 1 1 0,15 0.001 -1 -1 1,13 0.001 -1 1 10.0387 155 14,1 0.001 -1 1 13,2 0.001 1 1 13,3 0.001 1 1 10.0196 135 14,13 0.001 1 1 15,12 0.001 0 -1 13,13 0.001 -1 0 31.0141 215 ::f,2,3 f,3,12 f,12,0 s,12,3 f,12,15 
115:1,1 0.001 -1 0 2,2 0.001 -1 -1 3,2 0.002 1 0 20.02 200 1,14 0.001 1 0 0,15 0.001 -1 -1 1,13 0.001 0 1 10.0387 155 14,1 0.001 -1 1 13,2 0.001 1 1 13,3 0.001 1 1 10.0196 135 14,13 0.001 1 1 15,12 0.001 0 -1 13,13 0.001 -1 1 31.0141 215 ::f,2,3 f,3,12 f,12,0 s,12,3 f,12,15 
116:1,1 0.001 -1 0 2,2 0.001 -1 0 3,2 0.002 1 0 20.02 200 2,14 0.001 1 0 0,15 0.001 -1 -1 1,14 0.001 0 1 10.0407 155 14,1 0.001 -1 1 13,2 0.001 1 0 13,3 0.001 1 1 10.0196 135 14,13 0.001 0 1 15,12 0.001 0 -1 13,13 0.001 -1 1 31.0141 215 ::f,2,3 f,3,12 f,12,0 s,12,3 f,12,15 
117:1,1 0.001 -1 1 2,2 0.001 -1 0 3,2 0.002 1 0 20.02 200 2,14 0.001 1 0 0,15 0.001 -1 -1 1,14 0.001 0 1 10.0407 155 14,1 0.001 0 1 14,2 0.001 1 0 13,3 0.001 1 1 10.0206 135 14,14 0.001 0 1 15,12 0.001 0 -1 13,13 0.001 0 1 31.0151 215 ::f,2,3 f,3,12 f,12,0 s,12,3 f,12,15 
118:1,1 0.001 -1 1 2,2 0.001 -1 1 3,2 0.002 1 0 20.02 200 2,14 0.001 1 -1 0,15 0.001 -1 -1 1,14 0.001 1 1 10.0407 155 14,1 0.001 0 1 14,2 0.001 1 0 13,3 0.001 1 1 10.0206 135 14,14 0.001 0 1 15,12 0.001 0 -1 13,14 0.001 0 1 31.0161 215 ::f,2,3 f,3,12 f,12,0 s,12,3 f,12,15 
119:1,1 0.001 0 1 2,2 0.001 -1 1 3,2 0.002 1 0 20.02 200 2,14 0.001 1 -1 0,15 0.001 -1 -1 1,14 0.001 1 1 10.0407 155 14,1 0.001 1 1 14,2 0.001 1 -1 13,3 0.001 1 1 10.0206 135 14,14 0.001 -1 1 15,12 0.001 0 -1 13,14 0.001 0 1 31.0161 215 ::f,2,3 f,3,12 f,12,0 s,12,3 f,12,15 
120:1,2 0.001 0 1 2,2 0.001 0 1 3,2 0.002 1 0 20.021 200 2,14 0.001 0 -1 0,15 0.001 -1 -1 1,14 0.001 1 0 10.0407 155 14,1 0.001 1 1 14,2 0.001 1 -1 13,3 0.001 1 1 10.0206 135 14,14 0.001 -1 1 15,12 0.001 0 -1 13,14 0.001 1 1 31.0161 215 ::f,2,3 f,3,12 f,12,0 s,12,3 f,12,15 
121:1,2 0.001 0 1 2,2 0.001 0 1 3,2 0.002 1 0 25.0211 215 2,13 0.001 0 -1 0,15 0.001 -1 -1 2,14 0.001 1 0 10.0427 155 14,1 0.001 1 0 14,2 0.001 0 -1 13,3 0.001 1 1 10.0206 135 14,14 0.001 -1 0 15,12 0.001 0 -1 13,14 0.001 1 1 31.0161 215 ::f,0,1 f,3,12 f,12,0 s,12,3 f,12,15 
122:1,2 0.001 1 1 2,2 0.001 1 1 3,2 0.002 1 0 25.0211 215 2,13 0.001 0 -1 0,15 0.001 -1 -1 2,14 0.001 1 0 10.0427 155 14,1 0.001 1 0 14,2 0.001 0 -1 13,3 0.001 1 1 10.0206 135 14,14 0.001 -1 0 15,12 0.001 0 -1 13,14 0.001 1 0 31.0161 215 ::f,0,1 f,3,12 f,12,0 s,12,3 f,12,15 
123:1,2 0.001 1 1 2,2 0.001 1 1 3,2 0.002 1 0 25.0211 215 2,13 0.001 -1 -1 0,15 0.001 -1 -1 2,14 0.001 1 -1 10.0427 155 14,1 0.001 1 -1 14,2 0.001 0 -1 13,3 0.001 1 1 10.0206 135 14,14 0.001 -1 0 15,12 0.001 0 -1 13,14 0.001 1 0 31.0161 215 ::f,0,1 f,3,12 f,12,0 s,12,3 f,12,15 
124:1,2 0.001 1 0 2,2 0.001 1 0 3,2 0.002 1 0 25.0211 215 2,13 0.001 -1 -1 0,15 0.001 -1 -1 2,14 0.001 1 -1 10.0427 155 14,1 0.001 1 -1 14,2 0.001 -1 -1 13,3 0.001 1 1 10.0206 135 14,14 0.001 -1 -1 15,12 0.001 0 -1 13,14 0.001 1 0 31.0161 215 ::f,0,1 f,3,12 f,12,0 s,12,3 f,12,15 
125:1,2 0.001 1 0 2,2 0.001 1 0 3,2 0.002 1 0 25.0211 215 2,13 0.001 -1 0 0,15 0.001 -1 -1 2,14 0.001 0 -1 10.0427 155 14,1 0.001 0 -1 13,1 0.001 -1 -1 13,3 0.001 1 1 10.0216 135 14,14 0.001 -1 -1 15,12 0.001 0 -1 13,14 0.001 1 -1 31.0161 215 ::f,0,1 f,3,12 f,12,0 s,12,3 f,12,15 
126:1,2 0.001 1 0 2,2 0.001 1 -1 3,2 0.002 1 0 25.0211 215 1,13 0.001 -1 0 0,15 0.001 -1 -1 2,13 0.001 0 -1 10.0447 155 14,1 0.001 0 -1 13,1 0.001 -1 -1 13,3 0.001 1 1 15.0217 150 14,14 0.001 0 -1 15,12 0.001 0 -1 14,13 0.001 1 -1 31.0171 215 ::f,0,1 f,3,12 s,12,3 f,12,15 f,15,1 
127:1,2 0.001 1 -1 2,2 0.001 1 -1 3,2 0.002 1 0 25.0211 215 1,13 0.001 -1 0 0,15 0.001 -1 -1 2,13 0.001 0 -1 10.0447 155 14,1 0.001 -1 -1 13,1 0.001 -1 0 13,3 0.001 1 1 15.0217 150 14,14 0.001 0 -1 15,12 0.001 0 -1 14,13 0.001 1 -1 31.0171 215 ::f,0,1 f,3,12 s,12,3 f,12,15 f,15,1 
128:1,2 0.001 1 -1 2,2 0.001 0 -1 3,2 0.002 1 0 25.0211 215 1,13 0.001 -1 1 0,15 0.001 -1 -1 2,13 0.001 -1 -1 10.0447 155 14,1 0.001 -1 -1 13,1 0.001 -1 0 13,3 0.001 1 1 15.0217 150 14,14 0.001 1 -1 15,12 0.001 0 -1 14,13 0.001 0 -1 31.0171 215 ::f,0,1 f,3,12 s,12,3 f,12,15 f,15,1 
129:1,2 0.001 0 -1 2,1 0.001 0 -1 3,2 0.002 1 0 25.0221 215 1,13 0.001 -1 1 0,15 0.001 -1 -1 2,13 0.001 -1 -1 10.0447 155 14,1 0.001 -1 0 13,1 0.001 -1 1 13,3 0.001 1 1 15.0217 150 14,14 0.001 1 -1 15,12 0.001 0 -1 14,13 0.001 0 -1 31.0171 215 ::f,0,1 f,3,12 s,12,3 f,12,15 f,15,1 
130:1,2 0.001 0 -1 2,1 0.001 0 -1 3,2 0.002 1 0 25.0221 215 1,13 0.001 0 1 0,15 0.001 -1 -1 2,13 0.001 -1 0 10.0447 155 14,1 0.001 -1 0 13,1 0.001 -1 1 13,3 0.001 1 1 15.0217 150 14,14 0.001 1 0 15,12 0.001 0 -1 14,13 0.001 -1 -1 31.0171 215 ::f,0,1 f,3,12 s,12,3 f,12,15 f,15,1 
131:1,2 0.001 -1 -1 2,1 0.001 -1 -1 3,2 0.002 1 0 25.0221 215 1,14 0.001 0 1 0,15 0.001 -1 -1 1,13 0.001 -1 0 10.0467 155 14,1 0.001 -1 0 13,1 0.001 0 1 13,3 0.001 1 1 15.0217 150 14,14 0.001 1 0 15,12 0.001 0 -1 14,13 0.001 -1 -1 31.0171 215 ::f,0,1 f,3,12 s,12,3 f,12,15 f,15,1 
132:1,2 0.001 -1 -1 2,1 0.001 -1 -1 3,2 0.002 1 0 30.0222 230 1,14 0.001 0 1 0,15 0.001 -1 -1 1,13 0.001 -1 0 10.0467 155 14,1 0.001 -1 1 13,2 0.001 0 1 13,3 0.001 1 1 15.0227 150 14,14 0.001 1 1 15,12 0.001 0 -1 14,13 0.001 -1 0 31.0171 215 ::f,0,2 f,3,12 s,12,3 f,12,15 f,15,1 
133:1,2 0.001 -1 0 2,1 0.001 -1 0 3,2 0.002 1 0 30.0222 230 1,14 0.001 1 1 0,15 0.001 -1 -1 1,13 0.001 -1 1 10.0467 155 14,1 0.001 -1 1 13,2 0.001 0 1 13,3 0.001 1 1 15.0227 150 14,14 0.001 1 1 15,12 0.001 0 -1 13,13 0.001 -1 0 31.0181 215 ::f,0,2 f,3,12 s,12,3 f,12,15 f,15,1 
134:1,2 0.001 -1 0 1,1 0.001 -1 0 3,2 0.002 1 0 36.0233 245 1,14 0.001 1 1 0,15 0.001 -1 -1 1,13 0.001 -1 1 10.0467 155 14,1 0.001 -1 1 13,2 0.001 1 1 13,3 0.001 1 1 15.0227 150 14,14 0.001 0 1 15,12 0.001 0 -1 13,13 0.001 -1 0 31.0181 215 ::f,3,0 f,3,12 s,12,3 f,12,15 f,15,1 
135:1,2 0.001 -1 1 1,1 0.001 -1 0 3,2 0.002 1 0 36.0233 245 1,14 0.001 1 0 0,15 0.001 -1 -1 1,13 0.001 0 1 10.0467 155 14,1 0.001 0 1 13,2 0.001 1 1 13,3 0.001 1 1 15.0227 150 14,14 0.001 0 1 15,12 0.001 0 -1 13,13 0.001 -1 1 31.0181 215 ::f,3,0 f,3,12 s,12,3 f,12,15 f,15,1 
136:1,2 0.001 -1 1 1,1 0.001 -1 1 3,2 0.002 1 0 36.0233 245 2,14 0.001 1 0 0,15 0.001 -1 -1 1,14 0.001 0 1 10.0487 155 14,1 0.001 0 1 13,2 0.001 1 0 13,3 0.001 1 1 15.0227 150 14,14 0.001 -1 1 15,12 0.001 0 -1 13,13 0.001 -1 1 31.0181 215 ::f,3,0 f,3,12 s,12,3 f,12,15 f,15,1 
137:1,2 0.001 0 1 1,1 0.001 -1 1 3,2 0.002 1 0 36.0233 245 2,14 0.001 1 0 0,15 0.001 -1 -1 1,14 0.001 0 1 10.0487 155 14,1 0.001 1 1 14,2 0.001 1 0 13,3 0.001 1 1 15.0237 150 14,14 0.001 -1 1 15,12 0.001 0 -1 13,13 0.001 0 1 31.0181 215 ::f,3,0 f,3,12 s,12,3 f,12,15 f,15,1 
138:1,2 0.001 0 1 1,1 0.001 0 1 3,2 0.002 1 0 36.0233 245 2,14 0.001 1 -1 0,15 0.001 -1 -1 1,14 0.001 1 1 10.0487 155 14,1 0.001 1 1 14,2 0.001 1 0 13,3 0.001 1 1 15.0237 150 14,14 0.001 -1 0 15,12 0.001 0 -1 13,14 0.001 0 1 31.0191 215 ::f,3,0 f,3,12 s,12,3 f,12,15 f,15,1 
139:1,2 0.001 1 1 1,1 0.001 0 1 3,2 0.002 1 0 36.0233 245 2,14 0.001 1 -1 0,15 0.001 -1 -1 1,14 0.001 1 1 10.0487 155 14,1 0.001 1 0 14,2 0.001 1 -1 13,3 0.001 1 1 15.0237 150 14,14 0.001 -1 0 15,12 0.001 0 -1 13,14 0.001 0 1 31.0191 215 ::f,3,0 f,3,12 s,12,3 f,12,15 f,15,1 
140:1,2 0.001 1 1 1,1 0.001 0 1 3,2 0.002 1 0 36.0233 245 2,14 0.001 0 -1 0,15 0.001 -1 -1 1,14 0.001 1 0 10.0487 155 14,1 0.001 1 0 14,2 0.001 1 -1 13,3 0.001 1 1 16.0238 165 14,14 0.001 -1 0 15,12 0.001 0 -1 13,14 0.001 1 1 31.0191 215 ::f,3,0 f,3,12 s,12,3 f,12,15 f,13,2 
141:1,2 0.001 1 0 1,1 0.001 1 1 3,2 0.002 1 0 36.0233 245 2,13 0.001 0 -1 0,15 0.001 -1 -1 2,14 0.001 1 0 10.0507 155 14,1 0.001 1 -1 14,2 0.001 0 -1 13,3 0.001 1 1 16.0238 165 14,14 0.001 -1 -1 15,12 0.001 0 -1 13,14 0.001 1 1 31.0191 215 ::f,3,0 f,3,12 s,12,3 f,12,15 f,13,2 
142:2,2 0.001 1 0 1,1 0.001 1 1 3,2 0.002 1 0 36.0243 245 2,13 0.001 0 -1 0,15 0.001 -1 -1 2,14 0.001 1 0 10.0507 155 14,1 0.001 1 -1 14,2 0.001 0 -1 13,3 0.001 1 1 16.0238 165 14,14 0.001 -1 -1 15,12 0.001 0 -1 13,14 0.001 1 0 31.0191 215 ::f,3,0 f,3,12 s,12,3 f,12,15 f,13,2 
143:2,2 0.001 1 0 1,1 0.001 1 0 3,2 0.002 1 0 36.0243 245 2,13 0.001 -1 -1 0,15 0.001 -1 -1 2,14 0.001 1 -1 10.0507 155 14,1 0.001 0 -1 14,2 0.001 0 -1 13,3 0.001 1 1 16.0238 165 14,14 0.001 0 -1 15,12 0.001 0 -1 13,14 0.001 1 0 31.0191 215 ::f,3,0 f,3,12 s,12,3 f,12,15 f,13,2 
144:2,2 0.001 1 -1 1,1 0.001 1 0 3,2 0.002 1 0 36.0243 245 2,13 0.001 -1 -1 0,15 0.001 -1 -1 2,14 0.001 1 -1 10.0507 155 14,1 0.001 0 -1 14,2 0.001 -1 -1 13,3 0.001 1 1 16.0238 165 14,14 0.001 0 -1 15,12 0.001 0 -1 13,14 0.001 1 0 31.0191 215 ::f,3,0 f,3,12 s,12,3 f,12,15 f,13,2 
145:2,2 0.001 1 -1 1,1 0.001 1 -1 3,2 0.002 1 0 36.0243 245 2,13 0.001 -1 0 0,15 0.001 -1 -1 2,14 0.001 0 -1 10.0507 155 14,1 0.001 -1 -1 14,2 0.001 -1 -1 13,3 0.001 1 1 16.0238 165 14,14 0.001 1 -1 15,12 0.001 0 -1 13,14 0.001 1 -1 31.0191 215 ::f,3,0 f,3,12 s,12,3 f,12,15 f,13,2 
146:2,2 0.001 0 -1 1,1 0.001 1 -1 3,2 0.002 1 0 36.0243 245 1,13 0.001 -1 0 0,15 0.001 -1 -1 2,13 0.001 0 -1 10.0527 155 14,1 0.001 -1 -1 14,2 0.001 -1 0 13,3 0.001 1 1 16.0238 165 14,14 0.001 1 -1 15,12 0.001 0 -1 14,13 0.001 1 -1 31.0201 215 ::f,3,0 f,3,12 s,12,3 f,12,15 f,13,2 
147:2,1 0.001 0 -1 1,1 0.001 0 -1 3,2 0.002 1 0 36.0253 245 1,13 0.001 -1 0 0,15 0.001 -1 -1 2,13 0.001 0 -1 10.0527 155 14,1 0.001 -1 0 14,2 0.001 -1 0 13,3 0.001 1 1 22.0239 180 14,14 0.001 1 0 15,12 0.001 0 -1 14,13 0.001 1 -1 31.0201 215 ::f,3,0 f,3,12 s,12,3 f,12,15 f,14,3 
148:2,1 0.001 0 -1 1,1 0.001 0 -1 3,2 0.002 1 0 36.0253 245 1,13 0.001 -1 1 0,15 0.001 -1 -1 2,13 0.001 -1 -1 10.0527 155 13,1 0.001 -1 0 14,2 0.001 -1 1 13,3 0.001 1 1 22.0249 180 14,14 0.001 1 0 15,12 0.001 0 -1 14,13 0.001 0 -1 31.0201 215 ::f,3,0 f,3,12 s,12,3 f,12,15 f,14,3 
149:2,1 0.001 -1 -1 1,1 0.001 -1 -1 3,2 0.002 1 0 36.0253 245 1,13 0.001 -1 1 0,15 0.001 -1 -1 2,13 0.001 -1 -1 10.0527 155 13,1 0.001 -1 0 14,2 0.001 -1 1 13,3 0.001 1 1 22.0249 180 14,14 0.001 1 1 15,12 0.001 0 -1 14,13 0.001 0 -1 31.0201 215 ::f,3,0 f,3,12 s,12,3 f,12,15 f,14,3 
150:2,1 0.001 -1 -1 1,1 0.001 -1 -1 3,2 0.002 1 0 36.0253 245 1,13 0.001 0 1 0,15 0.001 -1 -1 2,13 0.001 -1 0 10.0527 155 13,1 0.001 -1 1 14,2 0.001 0 1 13,3 0.001 1 1 22.0249 180 14,14 0.001 1 1 15,12 0.001 0 -1 14,13 0.001 -1 -1 31.0201 215 ::f,3,0 f,3,12 s,12,3 f,12,15 f,14,3 
151:2,1 0.001 -1 0 1,1 0.001 -1 0 3,2 0.002 1 0 36.0253 245 1,14 0.001 0 1 0,15 0.001 -1 -1 1,13 0.001 -1 0 10.0547 155 13,1 0.001 -1 1 14,2 0.001 0 1 13,3 0.001 1 1 29.025 195 14,14 0.001 0 1 15,12 0.001 0 -1 14,13 0.001 -1 -1 31.0201 215 ::f,3,0 f,3,12 s,12,3 f,12,15 f,14,0 
152:2,1 0.001 -1 0 1,1 0.001 -1 0 3,2 0.002 1 0 36.0253 245 1,14 0.001 0 1 0,15 0.001 -1 -1 1,13 0.001 -1 0 10.0547 155 13,1 0.001 0 1 14,2 0.001 1 1 13,3 0.001 1 1 29.025 195 14,14 0.001 0 1 15,12 0.001 0 -1 14,13 0.001 -1 0 31.0201 215 ::f,3,0 f,3,12 s,12,3 f,12,15 f,14,0 
153:2,1 0.001 -1 0 1,1 0.001 -1 1 3,2 0.002 1 0 36.0253 245 1,14 0.001 1 1 0,15 0.001 -1 -1 1,13 0.001 -1 1 10.0547 155 13,2 0.001 0 1 14,2 0.001 1 1 13,3 0.001 1 1 29.026 195 14,14 0.001 -1 1 15,12 0.001 0 -1 13,13 0.001 -1 0 31.0211 215 ::f,3,0 f,3,12 s,12,3 f,12,15 f,14,0 
154:2,1 0.001 -1 1 1,1 0.001 -1 1 3,2 0.002 1 0 36.0253 245 1,14 0.001 1 1 0,15 0.001 -1 -1 1,13 0.001 -1 1 10.0547 155 13,2 0.001 0 1 14,2 0.001 1 0 13,3 0.001 1 1 29.026 195 14,14 0.001 -1 1 15,12 0.001 0 -1 13,13 0.001 -1 0 31.0211 215 ::f,3,0 f,3,12 s,12,3 f,12,15 f,14,0 
155:2,1 0.001 -1 1 1,1 0.001 0 1 3,2 0.002 1 0 36.0253 245 1,14 0.001 1 0 0,15 0.001 -1 -1 1,13 0.001 0 1 10.0547 155 13,2 0.001 1 1 14,2 0.001 1 0 13,3 0.001 1 1 29.026 195 14,14 0.001 -1 0 15,12 0.001 0 -1 13,13 0.001 -1 1 31.0211 215 ::f,3,0 f,3,12 s,12,3 f,12,15 f,14,0 
156:2,1 0.001 0 1 1,2 0.001 0 1 3,2 0.002 1 0 36.0263 245 2,14 0.001 1 0 0,15 0.001 -1 -1 1,14 0.001 0 1 10.0567 155 13,2 0.001 1 1 14,2 0.001 1 -1 13,3 0.001 1 1 29.026 195 13,14 0.001 -1 0 15,12 0.001 0 -1 13,13 0.001 -1 1 31.0221 215 ::f,3,0 f,3,12 s,12,3 f,12,15 f,14,0 
157:2,1 0.001 0 1 1,2 0.001 0 1 3,2 0.002 1 0 36.0263 245 2,14 0.001 1 0 0,15 0.001 -1 -1 1,14 0.001 0 1 10.0567 155 13,2 0.001 1 0 14,2 0.001 1 -1 13,3 0.001 1 1 29.026 195 13,14 0.001 -1 0 15,12 0.001 0 -1 13,13 0.001 0 1 31.0221 215 ::f,3,0 f,3,12 s,12,3 f,12,15 f,14,0 
158:2,1 0.001 1 1 1,2 0.001 1 1 3,2 0.002 1 0 36.0263 245 2,14 0.001 1 -1 0,15 0.001 -1 -1 1,14 0.001 1 1 10.0567 155 13,2 0.001 1 0 14,2 0.001 0 -1 13,3 0.001 1 1 29.026 195 13,14 0.001 -1 -1 15,12 0.001 0 -1 13,13 0.001 0 1 31.0221 215 ::f,3,0 f,3,12 s,12,3 f,12,15 f,14,0 
159:2,1 0.001 1 1 1,2 0.001 1 1 3,2 0.002 1 0 36.0263 245 2,14 0.001 1 -1 0,15 0.001 -1 -1 1,14 0.001 1 1 10.0567 155 13,2 0.001 1 0 14,1 0.001 0 -1 13,3 0.001 1 1 29.027 195 13,14 0.001 -1 -1 15,12 0.001 0 -1 13,13 0.001 0 1 31.0221 215 ::f,3,0 f,3,12 s,12,3 f,12,15 f,14,0 
160:2,1 0.001 1 0 1,2 0.001 1 0 3,2 0.002 1 0 36.0263 245 2,14 0.001 0 -1 0,15 0.001 -1 -1 1,14 0.001 1 0 10.0567 155 13,2 0.001 1 -1 14,1 0.001 0 -1 13,3 0.001 1 1 37.0271 210 13,14 0.001 0 -1 15,12 0.001 0 -1 13,13 0.001 1 1 31.0221 215 ::f,3,0 f,3,12 s,12,3 f,12,15 f,15,2 
161:2,1 0.001 1 0 2,2 0.001 1 0 3,2 0.002 1 0 36.0273 245 2,13 0.001 0 -1 0,15 0.001 -1 -1 2,14 0.001 1 0 10.0587 155 13,2 0.001 1 -1 14,1 0.001 -1 -1 13,3 0.001 1 1 37.0271 210 13,14 0.001 0 -1 15,12 0.001 0 -1 13,13 0.001 1 1 31.0221 215 ::f,3,0 f,3,12 s,12,3 f,12,15 f,15,2 
162:2,1 0.001 1 -1 2,2 0.001 1 0 3,2 0.002 1 0 36.0273 245 2,13 0.001 0 -1 0,15 0.001 -1 -1 2,14 0.001 1 0 10.0587 155 13,2 0.001 0 -1 14,1 0.001 -1 -1 13,3 0.001 1 1 37.0271 210 13,14 0.001 0 -1 15,12 0.001 0 -1 13,13 0.001 1 0 31.0221 215 ::f,3,0 f,3,12 s,12,3 f,12,15 f,15,2 
163:2,1 0.001 1 -1 2,2 0.001 1 -1 3,2 0.002 1 0 43.0274 260 2,13 0.001 -1 -1 0,15 0.001 -1 -1 2,14 0.001 1 -1 10.0587 155 13,2 0.001 0 -1 14,1 0.001 -1 0 13,3 0.001 1 1 37.0271 210 13,14 0.001 1 -1 15,12 0.001 0 -1 13,13 0.001 1 0 31.0221 215 ::f,1,1 f,3,12 s,12,3 f,12,15 f,15,2 
164:2,1 0.001 0 -1 2,2 0.001 1 -1 3,2 0.002 1 0 43.0274 260 2,13 0.001 -1 -1 0,15 0.001 -1 -1 2,14 0.001 1 -1 10.0587 155 13,2 0.001 -1 -1 13,1 0.001 -1 0 13,3 0.001 1 1 37.0281 210 14,13 0.001 1 -1 15,12 0.001 0 -1 13,13 0.001 1 -1 31.0231 215 ::f,1,1 f,3,12 s,12,3 f,12,15 f,15,2 
165:2,1 0.001 0 -1 2,2 0.001 0 -1 3,2 0.002 1 0 43.0274 260 2,13 0.001 -1 0 0,15 0.001 -1 -1 2,14 0.001 0 -1 10.0587 155 13,2 0.001 -1 -1 13,1 0.001 -1 0 13,3 0.001 1 1 37.0281 210 14,13 0.001 1 -1 15,12 0.001 0 -1 13,13 0.001 1 -1 31.0231 215 ::f,1,1 f,3,12 s,12,3 f,12,15 f,15,2 
166:2,1 0.001 -1 -1 2,2 0.001 0 -1 3,2 0.002 1 0 43.0274 260 1,13 0.001 -1 0 0,15 0.001 -1 -1 2,13 0.001 0 -1 10.0607 155 13,2 0.001 -1 0 13,1 0.001 -1 1 13,3 0.001 1 1 37.0281 210 14,13 0.001 1 0 15,12 0.001 0 -1 13,13 0.001 0 -1 31.0231 215 ::f,1,1 f,3,12 s,12,3 f,12,15 f,15,2 
167:2,1 0.001 -1 -1 2,2 0.001 0 -1 3,2 0.002 1 0 43.0274 260 1,13 0.001 -1 0 0,15 0.001 -1 -1 2,13 0.001 0 -1 10.0607 155 13,2 0.001 -1 0 13,1 0.001 -1 1 13,3 0.001 1 1 37.0281 210 14,13 0.001 1 0 15,12 0.001 0 -1 13,13 0.001 0 -1 31.0231 215 ::f,1,1 f,3,12 s,12,3 f,12,15 f,15,2 
168:2,1 0.001 -1 0 2,2 0.001 -1 -1 3,2 0.002 1 0 43.0274 260 1,13 0.001 -1 1 0,15 0.001 -1 -1 2,13 0.001 -1 -1 10.0607 155 13,2 0.001 -1 1 13,1 0.001 0 1 13,3 0.001 1 1 37.0281 210 14,13 0.001 1 1 15,12 0.001 0 -1 13,13 0.001 -1 -1 31.0231 215 ::f,1,1 f,3,12 s,12,3 f,12,15 f,15,2 
169:2,1 0.001 -1 0 2,2 0.001 -1 -1 3,2 0.002 1 0 49.0275 275 1,13 0.001 -1 1 0,15 0.001 -1 -1 2,13 0.001 -1 -1 10.0607 155 13,2 0.001 -1 1 13,1 0.001 0 1 13,3 0.001 1 1 37.0281 210 14,13 0.001 1 1 15,12 0.001 0 -1 13,13 0.001 -1 -1 31.0231 215 ::f,1,3 f,3,12 s,12,3 f,12,15 f,15,2 
170:2,1 0.001 -1 0 2,2 0.001 -1 0 3,2 0.002 1 0 49.0275 275 1,13 0.001 0 1 0,15 0.001 -1 -1 2,13 0.001 -1 0 10.0607 155 13,2 0.001 0 1 13,1 0.001 0 1 13,3 0.001 1 1 37.0281 210 14,13 0.001 0 1 15,12 0.001 0 -1 13,13 0.001 -1 0 31.0231 215 ::f,1,3 f,3,12 s,12,3 f,12,15 f,15,2 
171:2,1 0.001 -1 1 2,2 0.001 -1 0 3,2 0.002 1 0 49.0275 275 1,14 0.001 0 1 0,15 0.001 -1 -1 1,13 0.001 -1 0 10.0627 155 13,2 0.001 0 1 13,1 0.001 1 1 13,3 0.001 1 1 37.0281 210 14,14 0.001 0 1 15,12 0.001 0 -1 13,13 0.001 -1 0 31.0241 215 ::f,1,3 f,3,12 s,12,3 f,12,15 f,15,2 
172:2,1 0.001 -1 1 2,2 0.001 -1 1 3,2 0.002 1 0 49.0275 275 1,14 0.001 0 1 0,15 0.001 -1 -1 1,13 0.001 -1 0 10.0627 155 13,2 0.001 1 1 13,1 0.001 1 1 13,3 0.001 1 1 37.0281 210 14,14 0.001 0 1 15,12 0.001 0 -1 13,13 0.001 -1 1 31.0241 215 ::f,1,3 f,3,12 s,12,3 f,12,15 f,15,2 
173:2,1 0.001 0 1 2,2 0.001 -1 1 3,2 0.002 1 0 56.0276 290 1,14 0.001 1 1 0,15 0.001 -1 -1 1,13 0.001 -1 1 10.0627 155 13,2 0.001 1 1 13,1 0.001 1 0 13,3 0.001 1 1 37.0281 210 14,14 0.001 -1 1 15,12 0.001 0 -1 13,13 0.001 -1 1 31.0241 215 ::f,0,3 f,3,12 s,12,3 f,12,15 f,15,2 
174:2,1 0.001 0 1 2,2 0.001 0 1 3,2 0.002 1 0 56.0276 290 1,14 0.001 1 1 0,15 0.001 -1 -1 1,13 0.001 -1 1 10.0627 155 13,2 0.001 1 0 13,1 0.001 1 0 13,3 0.001 1 1 37.0281 210 14,14 0.001 -1 1 15,12 0.001 0 -1 13,13 0.001 0 1 31.0241 215 ::f,0,3 f,3,12 s,12,3 f,12,15 f,15,2 
175:2,1 0.001 1 1 2,2 0.001 0 1 3,2 0.002 1 0 56.0276 290 1,14 0.001 1 0 0,15 0.001 -1 -1 1,13 0.001 0 1 10.0627 155 14,2 0.001 1 0 13,1 0.001 1 -1 13,3 0.001 1 1 37.0291 210 14,14 0.001 -1 0 15,12 0.001 0 -1 13,14 0.001 0 1 31.0251 215 ::f,0,3 f,3,12 s,12,3 f,12,15 f,15,2 
176:2,1 0.001 1 1 2,2 0.001 1 1 3,2 0.002 1 0 56.0276 290 2,14 0.001 1 0 0,15 0.001 -1 -1 1,14 0.001 0 1 10.0647 155 14,2 0.001 1 0 13,1 0.001 1 -1 13,3 0.001 1 1 39.0292 225 14,14 0.001 -1 0 15,12 0.001 0 -1 13,14 0.001 0 1 31.0251 215 ::f,0,3 f,3,12 s,12,3 f,12,15 f,13,2 
177:2,1 0.001 1 0 2,2 0.001 1 1 3,2 0.002 1 0 56.0276 290 2,14 0.001 1 0 0,15 0.001 -1 -1 1,14 0.001 0 1 10.0647 155 14,2 0.001 1 -1 13,1 0.001 0 -1 13,3 0.001 1 1 39.0292 225 14,14 0.001 -1 0 15,12 0.001 0 -1 13,14 0.001 1 1 31.0251 215 ::f,0,3 f,3,12 s,12,3 f,12,15 f,13,2 
178:2,1 0.001 1 0 2,2 0.001 1 0 3,2 0.002 1 0 56.0276 290 2,14 0.001 1 -1 0,15 0.001 -1 -1 1,14 0.001 1 1 10.0647 155 14,2 0.001 1 -1 13,1 0.001 0 -1 13,3 0.001 1 1 39.0292 225 14,14 0.001 -1 -1 15,12 0.001 0 -1 13,14 0.001 1 1 31.0251 215 ::f,0,3 f,3,12 s,12,3 f,12,15 f,13,2 
179:2,1 0.001 1 -1 2,2 0.001 1 0 3,2 0.002 1 0 56.0276 290 2,14 0.001 1 -1 0,15 0.001 -1 -1 1,14 0.001 1 1 10.0647 155 14,2 0.001 0 -1 13,1 0.001 -1 -1 13,3 0.001 1 1 39.0292 225 14,14 0.001 -1 -1 15,12 0.001 0 -1 13,14 0.001 1 0 31.0251 215 ::f,0,3 f,3,12 s,12,3 f,12,15 f,13,2 
180:2,1 0.001 1 -1 2,2 0.001 1 -1 3,2 0.002 1 0 56.0276 290 2,14 0.001 0 -1 0,15 0.001 -1 -1 1,14 0.001 1 0 10.0647 155 14,1 0.001 0 -1 13,1 0.001 -1 -1 13,3 0.001 1 1 39.0302 225 14,14 0.001 0 -1 15,12 0.001 0 -1 13,14 0.001 1 0 31.0251 215 ::f,0,3 f,3,12 s,12,3 f,12,15 f,13,2 
181:2,1 0.001 0 -1 2,2 0.001 1 -1 3,2 0.002 1 0 56.0276 290 2,13 0.001 0 -1 0,15 0.001 -1 -1 2,14 0.001 1 0 10.0667 155 14,1 0.001 0 -1 13,1 0.001 -1 0 13,3 0.001 1 1 39.0302 225 14,14 0.001 0 -1 15,12 0.001 0 -1 13,14 0.001 1 0 31.0251 215 ::f,0,3 f,3,12 s,12,3 f,12,15 f,13,2 
182:2,1 0.001 0 -1 2,2 0.001 0 -1 3,2 0.002 1 0 56.0276 290 2,13 0.001 0 -1 0,15 0.001 -1 -1 2,14 0.001 1 0 10.0667 155 14,1 0.001 -1 -1 13,1 0.001 -1 0 13,3 0.001 1 1 39.0302 225 14,14 0.001 1 -1 15,12 0.001 0 -1 13,14 0.001 1 -1 31.0251 215 ::f,0,3 f,3,12 s,12,3 f,12,15 f,13,2 
183:2,1 0.001 -1 -1 2,2 0.001 0 -1 3,2 0.002 1 0 56.0276 290 2,13 0.001 -1 -1 0,15 0.001 -1 -1 2,14 0.001 1 -1 10.0667 155 14,1 0.001 -1 -1 13,1 0.001 -1 1 13,3 0.001 1 1 39.0302 225 14,14 0.001 1 -1 15,12 0.001 0 -1 14,13 0.001 1 -1 31.0261 215 ::f,0,3 f,3,12 s,12,3 f,12,15 f,13,2 
184:2,1 0.001 -1 -1 2,2 0.001 0 -1 3,2 0.002 1 0 56.0276 290 2,13 0.001 -1 -1 0,15 0.001 -1 -1 2,14 0.001 1 -1 10.0667 155 14,1 0.001 -1 0 13,1 0.001 -1 1 13,3 0.001 1 1 39.0302 225 14,14 0.001 1 0 15,12 0.001 0 -1 14,13 0.001 1 -1 31.0261 215 ::f,0,3 f,3,12 s,12,3 f,12,15 f,13,2 
185:2,1 0.001 -1 0 2,2 0.001 -1 -1 3,2 0.002 1 0 56.0276 290 2,13 0.001 -1 0 0,15 0.001 -1 -1 2,14 0.001 0 -1 10.0667 155 14,1 0.001 -1 0 13,1 0.001 0 1 13,3 0.001 1 1 39.0302 225 14,14 0.001 1 0 15,12 0.001 0 -1 14,13 0.001 0 -1 31.0261 215 ::f,0,3 f,3,12 s,12,3 f,12,15 f,13,2 
186:1,1 0.001 -1 0 2,2 0.001 -1 -1 3,2 0.002 1 0 56.0286 290 1,13 0.001 -1 0 0,15 0.001 -1 -1 2,13 0.001 0 -1 10.0687 155 14,1 0.001 -1 0 13,1 0.001 0 1 13,3 0.001 1 1 39.0302 225 14,14 0.001 1 1 15,12 0.001 0 -1 14,13 0.001 0 -1 31.0261 215 ::f,0,3 f,3,12 s,12,3 f,12,15 f,13,2 
187:1,1 0.001 -1 0 2,2 0.001 -1 0 3,2 0.002 1 0 56.0286 290 1,13 0.001 -1 0 0,15 0.001 -1 -1 2,13 0.001 0 -1 10.0687 155 14,1 0.001 -1 1 13,1 0.001 0 1 13,3 0.001 1 1 48.0303 240 14,14 0.001 1 1 15,12 0.001 0 -1 14,13 0.001 -1 -1 31.0261 215 ::f,0,3 f,3,12 s,12,3 f,12,15 f,15,1 
188:1,1 0.001 -1 1 2,2 0.001 -1 0 3,2 0.002 1 0 56.0286 290 1,13 0.001 -1 1 0,15 0.001 -1 -1 2,13 0.001 -1 -1 10.0687 155 13,2 0.001 -1 1 13,1 0.001 1 1 13,3 0.001 1 1 48.0313 240 14,14 0.001 0 1 15,12 0.001 0 -1 14,13 0.001 -1 -1 31.0261 215 ::f,0,3 f,3,12 s,12,3 f,12,15 f,15,1 
189:1,1 0.001 -1 1 2,2 0.001 -1 1 3,2 0.002 1 0 56.0286 290 1,13 0.001 -1 1 0,15 0.001 -1 -1 2,13 0.001 -1 -1 10.0687 155 13,2 0.001 -1 1 13,1 0.001 1 1 13,3 0.001 1 1 48.0313 240 14,14 0.001 0 1 15,12 0.001 0 -1 14,13 0.001 -1 0 31.0261 215 ::f,0,3 f,3,12 s,12,3 f,12,15 f,15,1 
190:1,1 0.001 0 1 2,2 0.001 -1 1 3,2 0.002 1 0 56.0286 290 1,13 0.001 0 1 0,15 0.001 -1 -1 2,13 0.001 -1 0 10.0687 155 13,2 0.001 0 1 13,1 0.001 1 0 13,3 0.001 1 1 48.0313 240 14,14 0.001 -1 1 15,12 0.001 0 -1 13,13 0.001 -1 0 31.0271 215 ::f,0,3 f,3,12 s,12,3 f,12,15 f,15,1 
191:1,2 0.001 0 1 2,2 0.001 0 1 3,2 0.002 1 0 56.0296 290 1,14 0.001 0 1 0,15 0.001 -1 -1 1,13 0.001 -1 0 10.0707 155 13,2 0.001 0 1 14,1 0.001 1 0 13,3 0.001 1 1 48.0323 240 14,14 0.001 -1 1 15,12 0.001 0 -1 13,13 0.001 -1 0 31.0271 215 ::f,0,3 f,3,12 s,12,3 f,12,15 f,15,1 
192:1,2 0.001 0 1 2,2 0.001 0 1 3,2 0.002 1 0 56.0296 290 1,14 0.001 0 1 0,15 0.001 -1 -1 1,13 0.001 -1 0 10.0707 155 13,2 0.001 1 1 14,1 0.001 1 0 13,3 0.001 1 1 58.0324 255 14,14 0.001 -1 0 15,12 0.001 0 -1 13,13 0.001 -1 1 31.0271 215 ::f,0,3 f,3,12 s,12,3 f,12,15 f,15,3 
193:1,2 0.001 1 1 2,2 0.001 1 1 3,2 0.002 1 0 56.0296 290 1,14 0.001 1 1 0,15 0.001 -1 -1 1,13 0.001 -1 1 10.0707 155 13,2 0.001 1 1 14,1 0.001 1 -1 13,3 0.001 1 1 58.0324 255 13,14 0.001 -1 0 15,12 0.001 0 -1 13,13 0.001 -1 1 31.0281 215 ::f,0,3 f,3,12 s,12,3 f,12,15 f,15,3 
194:1,2 0.001 1 1 2,2 0.001 1 1 3,2 0.002 1 0 56.0296 290 1,14 0.001 1 1 0,15 0.001 -1 -1 1,13 0.001 -1 1 10.0707 155 13,2 0.001 1 0 14,1 0.001 1 -1 13,3 0.001 1 1 58.0324 255 13,14 0.001 -1 0 15,12 0.001 0 -1 13,13 0.001 0 1 31.0281 215 ::f,0,3 f,3,12 s,12,3 f,12,15 f,15,3 
195:1,2 0.001 1 0 2,2 0.001 1 0 3,2 0.002 1 0 56.0296 290 1,14 0.001 1 0 0,15 0.001 -1 -1 1,13 0.001 0 1 10.0707 155 14,2 0.001 1 0 14,1 0.001 0 -1 13,3 0.001 1 1 58.0334 255 13,14 0.001 -1 -1 15,12 0.001 0 -1 13,13 0.001 0 1 31.0281 215 ::f,0,3 f,3,12 s,12,3 f,12,15 f,15,3 
196:1,2 0.001 1 0 2,2 0.001 1 0 3,2 0.002 1 0 56.0296 290 2,14 0.001 1 0 0,15 0.001 -1 -1 1,14 0.001 0 1 10.0727 155 14,2 0.001 1 0 14,1 0.001 0 -1 13,3 0.001 1 1 58.0334 255 13,14 0.001 -1 -1 15,12 0.001 0 -1 13,13 0.001 0 1 31.0281 215 ::f,0,3 f,3,12 s,12,3 f,12,15 f,15,3 
197:1,2 0.001 1 0 2,2 0.001 1 -1 3,2 0.002 1 0 56.0296 290 2,14 0.001 1 0 0,15 0.001 -1 -1 1,14 0.001 0 1 10.0727 155 14,2 0.001 1 -1 14,1 0.001 -1 -1 13,3 0.001 1 1 58.0334 255 13,14 0.001 0 -1 15,12 0.001 0 -1 13,13 0.001 1 1 31.0281 215 ::f,0,3 f,3,12 s,12,3 f,12,15 f,15,3 
198:1,2 0.001 1 -1 2,2 0.001 1 -1 3,2 0.002 1 0 56.0296 290 2,14 0.001 1 -1 0,15 0.001 -1 -1 1,14 0.001 1 1 10.0727 155 14,2 0.001 1 -1 14,1 0.001 -1 -1 13,3 0.001 1 1 58.0334 255 13,14 0.001 0 -1 15,12 0.001 0 -1 13,13 0.001 1 1 31.0281 215 ::f,0,3 f,3,12 s,12,3 f,12,15 f,15,3 
199:1,2 0.001 1 -1 2,2 0.001 0 -1 3,2 0.002 1 0 56.0296 290 2,14 0.001 1 -1 0,15 0.001 -1 -1 1,14 0.001 1 1 10.0727 155 14,2 0.001 0 -1 14,1 0.001 -1 0 13,3 0.001 1 1 58.0334 255 13,14 0.001 0 -1 15,12 0.001 0 -1 13,13 0.001 1 0 31.0281 215 ::f,0,3 f,3,12 s,12,3 f,12,15 f,15,3 
200:1,2 0.001 0 -1 2,1 0.001 0 -1 3,2 0.002 1 0 56.0306 290 2,14 0.001 0 -1 0,15 0.001 -1 -1 1,14 0.001 1 0 10.0727 155 14,2 0.001 0 -1 13,1 0.001 -1 0 13,3 0.001 1 1 58.0344 255 13,14 0.001 1 -1 15,12 0.001 0 -1 13,13 0.001 1 0 31.0281 215 ::f,0,3 f,3,12 s,12,3 f,12,15 f,15,3 
201:1,2 0.001 0 -1 2,1 0.001 0 -1 3,2 0.002 1 0 56.0306 290 2,13 0.001 0 -1 0,15 0.001 -1 -1 2,14 0.001 1 0 10.0747 155 14,2 0.001 0 -1 13,1 0.001 -1 0 13,3 0.001 1 1 58.0344 255 14,13 0.001 1 -1 15,12 0.001 0 -1 13,13 0.001 1 -1 31.0291 215 ::f,0,3 f,3,12 s,12,3 f,12,15 f,15,3 
202:1,2 0.001 -1 -1 2,1 0.001 -1 -1 3,2 0.002 1 0 56.0306 290 2,13 0.001 0 -1 0,15 0.001 -1 -1 2,14 0.001 1 0 10.0747 155 14,2 0.001 -1 -1 13,1 0.001 -1 1 13,3 0.001 1 1 58.0344 255 14,13 0.001 1 -1 15,12 0.001 0 -1 13,13 0.001 1 -1 31.0291 215 ::f,0,3 f,3,12 s,12,3 f,12,15 f,15,3 
203:1,2 0.001 -1 -1 2,1 0.001 -1 -1 3,2 0.002 1 0 56.0306 290 2,13 0.001 -1 -1 0,15 0.001 -1 -1 2,14 0.001 1 -1 10.0747 155 14,2 0.001 -1 -1 13,1 0.001 -1 1 13,3 0.001 1 1 58.0344 255 14,13 0.001 1 0 15,12 0.001 0 -1 13,13 0.001 0 -1 31.0291 215 ::f,0,3 f,3,12 s,12,3 f,12,15 f,15,3 
204:1,2 0.001 -1 0 2,1 0.001 -1 0 3,2 0.002 1 0 56.0306 290 2,13 0.001 -1 -1 0,15 0.001 -1 -1 2,14 0.001 1 -1 10.0747 155 14,2 0.001 -1 0 13,1 0.001 0 1 13,3 0.001 1 1 58.0344 255 14,13 0.001 1 0 15,12 0.001 0 -1 13,13 0.001 0 -1 31.0291 215 ::f,0,3 f,3,12 s,12,3 f,12,15 f,15,3 
205:1,2 0.001 -1 0 1,1 0.001 -1 0 3,2 0.002 1 0 56.0316 290 2,13 0.001 -1 0 0,15 0.001 -1 -1 2,14 0.001 0 -1 10.0747 155 14,2 0.001 -1 0 13,2 0.001 0 1 13,3 0.001 1 1 58.0354 255 14,13 0.001 1 1 15,12 0.001 0 -1 13,13 0.001 -1 -1 31.0291 215 ::f,0,3 f,3,12 s,12,3 f,12,15 f,15,3 
206:1,2 0.001 -1 1 1,1 0.001 -1 0 3,2 0.002 1 0 56.0316 290 1,13 0.001 -1 0 0,15 0.001 -1 -1 2,13 0.001 0 -1 10.0767 155 14,2 0.001 -1 1 13,2 0.001 0 1 13,3 0.001 1 1 58.0354 255 14,13 0.001 1 1 15,12 0.001 0 -1 13,13 0.001 -1 -1 31.0291 215 ::f,0,3 f,3,12 s,12,3 f,12,15 f,15,3 
207:1,2 0.001 -1 1 1,1 0.001 -1 1 3,2 0.002 1 0 64.0317 305 1,13 0.001 -1 0 0,15 0.001 -1 -1 2,13 0.001 0 -1 10.0767 155 14,2 0.001 -1 1 13,2 0.001 1 1 13,3 0.001 1 1 58.0354 255 14,13 0.001 0 1 15,12 0.001 0 -1 13,13 0.001 -1 0 31.0291 215 ::f,2,3 f,3,12 s,12,3 f,12,15 f,15,3 
208:1,2 0.001 0 1 1,1 0.001 -1 1 3,2 0.002 1 0 64.0317 305 1,13 0.001 -1 1 0,15 0.001 -1 -1 2,13 0.001 -1 -1 10.0767 155 14,2 0.001 0 1 13,2 0.001 1 1 13,3 0.001 1 1 58.0354 255 14,14 0.001 0 1 15,12 0.001 0 -1 13,13 0.001 -1 0 31.0301 215 ::f,2,3 f,3,12 s,12,3 f,12,15 f,15,3 
209:1,2 0.001 0 1 1,1 0.001 0 1 3,2 0.002 1 0 64.0317 305 1,13 0.001 -1 1 0,15 0.001 -1 -1 2,13 0.001 -1 -1 10.0767 155 14,2 0.001 0 1 13,2 0.001 1 0 13,3 0.001 1 1 58.0354 255 14,14 0.001 0 1 15,12 0.001 0 -1 13,13 0.001 -1 1 31.0301 215 ::f,2,3 f,3,12 s,12,3 f,12,15 f,15,3 
210:1,2 0.001 1 1 1,1 0.001 0 1 3,2 0.002 1 0 64.0317 305 1,13 0.001 0 1 0,15 0.001 -1 -1 2,13 0.001 -1 0 10.0767 155 14,2 0.001 1 1 13,2 0.001 1 0 13,3 0.001 1 1 58.0354 255 14,14 0.001 -1 1 15,12 0.001 0 -1 13,13 0.001 -1 1 31.0301 215 ::f,2,3 f,3,12 s,12,3 f,12,15 f,15,3 
211:1,2 0.001 1 1 1,1 0.001 0 1 3,2 0.002 1 0 73.0318 320 1,14 0.001 0 1 0,15 0.001 -1 -1 1,13 0.001 -1 0 10.0787 155 14,2 0.001 1 1 13,2 0.001 1 0 13,3 0.001 1 1 61.0355 270 14,14 0.001 -1 1 15,12 0.001 0 -1 13,13 0.001 0 1 31.0301 215 ::f,2,2 f,3,12 s,12,3 f,12,15 f,14,3 
212:1,2 0.001 1 0 1,1 0.001 1 1 3,2 0.002 1 0 73.0318 320 1,14 0.001 0 1 0,15 0.001 -1 -1 1,13 0.001 -1 0 10.0787 155 14,2 0.001 1 0 13,2 0.001 1 -1 13,3 0.001 1 1 61.0355 270 14,14 0.001 -1 0 15,12 0.001 0 -1 13,14 0.001 0 1 31.0311 215 ::f,2,2 f,3,12 s,12,3 f,12,15 f,14,3 
213:1,2 0.001 1 0 1,1 0.001 1 1 3,2 0.002 1 0 81.0319 335 1,14 0.001 1 1 0,15 0.001 -1 -1 1,13 0.001 -1 1 10.0787 155 14,2 0.001 1 0 13,2 0.001 1 -1 13,3 0.001 1 1 61.0355 270 14,14 0.001 -1 0 15,12 0.001 0 -1 13,14 0.001 0 1 31.0311 215 ::f,3,1 f,3,12 s,12,3 f,12,15 f,14,3 
214:1,2 0.001 1 0 1,1 0.001 1 0 3,2 0.002 1 0 81.0319 335 1,14 0.001 1 1 0,15 0.001 -1 -1 1,13 0.001 -1 1 10.0787 155 14,2 0.001 1 -1 13,2 0.001 0 -1 13,3 0.001 1 1 61.0355 270 14,14 0.001 -1 0 15,12 0.001 0 -1 13,14 0.001 1 1 31.0311 215 ::f,3,1 f,3,12 s,12,3 f,12,15 f,14,3 
215:1,2 0.001 1 -1 2,1 0.001 1 0 3,2 0.002 1 0 81.0329 335 1,14 0.001 1 0 0,15 0.001 -1 -1 1,13 0.001 0 1 10.0787 155 14,2 0.001 1 -1 13,2 0.001 0 -1 13,3 0.001 1 1 61.0355 270 14,14 0.001 -1 -1 15,12 0.001 0 -1 13,14 0.001 1 1 31.0311 215 ::f,3,1 f,3,12 s,12,3 f,12,15 f,14,3 
216:1,2 0.001 1 -1 2,1 0.001 1 0 3,2 0.002 1 0 90.033 350 2,14 0.001 1 0 0,15 0.001 -1 -1 1,14 0.001 0 1 10.0807 155 14,2 0.001 0 -1 13,2 0.001 -1 -1 13,3 0.001 1 1 61.0355 270 14,14 0.001 -1 -1 15,12 0.001 0 -1 13,14 0.001 1 0 31.0311 215 ::f,1,1 f,3,12 s,12,3 f,12,15 f,14,3 
217:1,2 0.001 0 -1 2,1 0.001 1 -1 3,2 0.002 1 0 90.033 350 2,14 0.001 1 0 0,15 0.001 -1 -1 1,14 0.001 0 1 10.0807 155 14,1 0.001 0 -1 13,2 0.001 -1 -1 13,3 0.001 1 1 61.0365 270 14,14 0.001 0 -1 15,12 0.001 0 -1 13,14 0.001 1 0 31.0311 215 ::f,1,1 f,3,12 s,12,3 f,12,15 f,14,3 
218:1,2 0.001 0 -1 2,1 0.001 1 -1 3,2 0.002 1 0 100.033 365 2,14 0.001 1 -1 0,15 0.001 -1 -1 1,14 0.001 1 1 10.0807 155 14,1 0.001 0 -1 13,2 0.001 -1 0 13,3 0.001 1 1 61.0365 270 14,14 0.001 0 -1 15,12 0.001 0 -1 13,14 0.001 1 0 31.0311 215 ::f,3,1 f,3,12 s,12,3 f,12,15 f,14,3 
219:1,2 0.001 -1 -1 2,1 0.001 0 -1 3,2 0.002 1 0 100.033 365 2,14 0.001 1 -1 0,15 0.001 -1 -1 1,14 0.001 1 1 10.0807 155 14,1 0.001 -1 -1 13,2 0.001 -1 0 13,3 0.001 1 1 61.0365 270 14,14 0.001 1 -1 15,12 0.001 0 -1 13,14 0.001 1 -1 31.0311 215 ::f,3,1 f,3,12 s,12,3 f,12,15 f,14,3 
220:1,2 0.001 -1 -1 2,1 0.001 0 -1 3,2 0.002 1 0 100.033 365 2,14 0.001 0 -1 0,15 0.001 -1 -1 1,14 0.001 1 0 10.0807 155 14,1 0.001 -1 -1 13,2 0.001 -1 1 13,3 0.001 1 1 61.0365 270 14,14 0.001 1 -1 15,12 0.001 0 -1 14,13 0.001 1 -1 31.0321 215 ::f,3,1 f,3,12 s,12,3 f,12,15 f,14,3 
221:1,2 0.001 -1 0 2,1 0.001 -1 -1 3,2 0.002 1 0 100.033 365 2,13 0.001 0 -1 0,15 0.001 -1 -1 2,14 0.001 1 0 10.0827 155 14,1 0.001 -1 0 13,2 0.001 -1 1 13,3 0.001 1 1 61.0365 270 14,14 0.001 1 0 15,12 0.001 0 -1 14,13 0.001 1 -1 31.0321 215 ::f,3,1 f,3,12 s,12,3 f,12,15 f,14,3 
222:1,2 0.001 -1 0 2,1 0.001 -1 -1 3,2 0.002 1 0 100.033 365 2,13 0.001 0 -1 0,15 0.001 -1 -1 2,14 0.001 1 0 10.0827 155 13,1 0.001 -1 0 13,2 0.001 0 1 13,3 0.001 1 1 61.0375 270 14,14 0.001 1 0 15,12 0.001 0 -1 14,13 0.001 0 -1 31.0321 215 ::f,3,1 f,3,12 s,12,3 f,12,15 f,14,3 
223:1,2 0.001 -1 1 2,1 0.001 -1 0 3,2 0.002 1 0 100.033 365 2,13 0.001 -1 -1 0,15 0.001 -1 -1 2,14 0.001 1 -1 10.0827 155 13,1 0.001 -1 0 13,2 0.001 0 1 13,3 0.001 1 1 61.0375 270 14,14 0.001 1 1 15,12 0.001 0 -1 14,13 0.001 0 -1 31.0321 215 ::f,3,1 f,3,12 s,12,3 f,12,15 f,14,3 
224:1,2 0.001 -1 1 1,1 0.001 -1 0 3,2 0.002 1 0 100.034 365 2,13 0.001 -1 -1 0,15 0.001 -1 -1 2,14 0.001 1 -1 10.0827 155 13,1 0.001 -1 1 13,2 0.001 1 1 13,3 0.001 1 1 61.0375 270 14,14 0.001 1 1 15,12 0.001 0 -1 14,13 0.001 -1 -1 31.0321 215 ::f,3,1 f,3,12 s,12,3 f,12,15 f,14,3 
225:1,2 0.001 0 1 1,1 0.001 -1 0 3,2 0.002 1 0 100.034 365 2,13 0.001 -1 0 0,15 0.001 -1 -1 2,14 0.001 0 -1 10.0827 155 13,1 0.001 -1 1 13,2 0.001 1 1 13,3 0.001 1 1 71.0376 285 14,14 0.001 0 1 15,12 0.001 0 -1 14,13 0.001 -1 -1 31.0321 215 ::f,3,1 f,3,12 f,12,2 s,12,3 f,12,15 
226:1,2 0.001 0 1 1,1 0.001 -1 1 3,2 0.002 1 0 100.034 365 1,13 0.001 -1 0 0,15 0.001 -1 -1 2,13 0.001 0 -1 10.0847 155 13,1 0.001 0 1 13,2 0.001 1 0 13,3 0.001 1 1 71.0376 285 14,14 0.001 0 1 15,12 0.001 0 -1 14,13 0.001 -1 0 31.0321 215 ::f,3,1 f,3,12 f,12,2 s,12,3 f,12,15 
227:1,2 0.001 1 1 1,1 0.001 -1 1 3,2 0.002 1 0 100.034 365 1,13 0.001 -1 0 0,15 0.001 -1 -1 2,13 0.001 0 -1 10.0847 155 13,1 0.001 0 1 14,2 0.001 1 0 13,3 0.001 1 1 71.0386 285 14,14 0.001 -1 1 15,12 0.001 0 -1 13,13 0.001 -1 0 31.0331 215 ::f,3,1 f,3,12 f,12,2 s,12,3 f,12,15 
228:1,2 0.001 1 1 1,1 0.001 0 1 3,2 0.002 1 0 100.034 365 1,13 0.001 -1 1 0,15 0.001 -1 -1 2,13 0.001 -1 -1 10.0847 155 13,1 0.001 0 1 14,2 0.001 1 0 13,3 0.001 1 1 71.0386 285 14,14 0.001 -1 1 15,12 0.001 0 -1 13,13 0.001 -1 0 31.0331 215 ::f,3,1 f,3,12 f,12,2 s,12,3 f,12,15 
229:1,2 0.001 1 0 1,1 0.001 0 1 3,2 0.002 1 0 100.034 365 1,13 0.001 -1 1 0,15 0.001 -1 -1 2,13 0.001 -1 -1 10.0847 155 13,1 0.001 1 1 14,2 0.001 1 -1 13,3 0.001 1 1 71.0386 285 14,14 0.001 -1 0 15,12 0.001 0 -1 13,13 0.001 -1 1 31.0331 215 ::f,3,1 f,3,12 f,12,2 s,12,3 f,12,15 
230:2,2 0.001 1 0 1,1 0.001 0 1 3,2 0.002 1 0 100.035 365 1,13 0.001 0 1 0,15 0.001 -1 -1 2,13 0.001 -1 0 10.0847 155 13,1 0.001 1 1 14,2 0.001 1 -1 13,3 0.001 1 1 71.0386 285 13,14 0.001 -1 0 15,12 0.001 0 -1 13,13 0.001 -1 1 31.0341 215 ::f,3,1 f,3,12 f,12,2 s,12,3 f,12,15 
231:2,2 0.001 1 0 1,1 0.001 1 1 3,2 0.002 1 0 100.035 365 1,14 0.001 0 1 0,15 0.001 -1 -1 1,13 0.001 -1 0 10.0867 155 13,1 0.001 1 0 14,2 0.001 0 -1 13,3 0.001 1 1 71.0386 285 13,14 0.001 -1 0 15,12 0.001 0 -1 13,13 0.001 0 1 31.0341 215 ::f,3,1 f,3,12 f,12,2 s,12,3 f,12,15 
232:2,2 0.001 1 -1 1,1 0.001 1 1 3,2 0.002 1 0 100.035 365 1,14 0.001 0 1 0,15 0.001 -1 -1 1,13 0.001 -1 0 10.0867 155 13,1 0.001 1 0 14,1 0.001 0 -1 13,3 0.001 1 1 71.0396 285 13,14 0.001 -1 -1 15,12 0.001 0 -1 13,13 0.001 0 1 31.0341 215 ::f,3,1 f,3,12 f,12,2 s,12,3 f,12,15 
233:2,2 0.001 1 -1 1,1 0.001 1 0 3,2 0.002 1 0 110.035 380 1,14 0.001 1 1 0,15 0.001 -1 -1 1,13 0.001 -1 1 10.0867 155 13,1 0.001 1 -1 14,1 0.001 0 -1 13,3 0.001 1 1 71.0396 285 13,14 0.001 -1 -1 15,12 0.001 0 -1 13,13 0.001 0 1 31.0341 215 ::f,1,0 f,3,12 f,12,2 s,12,3 f,12,15 
234:2,2 0.001 0 -1 1,1 0.001 1 0 3,2 0.002 1 0 110.035 380 1,14 0.001 1 1 0,15 0.001 -1 -1 1,13 0.001 -1 1 10.0867 155 13,1 0.001 1 -1 14,1 0.001 -1 -1 13,3 0.001 1 1 71.0396 285 13,14 0.001 0 -1 15,12 0.001 0 -1 13,13 0.001 1 1 31.0341 215 ::f,1,0 f,3,12 f,12,2 s,12,3 f,12,15 
235:2,1 0.001 0 -1 1,1 0.001 1 -1 3,2 0.002 1 0 110.036 380 1,14 0.001 1 0 0,15 0.001 -1 -1 1,13 0.001 0 1 10.0867 155 13,1 0.001 0 -1 14,1 0.001 -1 -1 13,3 0.001 1 1 71.0396 285 13,14 0.001 0 -1 15,12 0.001 0 -1 13,13 0.001 1 1 31.0341 215 ::f,1,0 f,3,12 f,12,2 s,12,3 f,12,15 
236:2,1 0.001 0 -1 1,1 0.001 1 -1 3,2 0.002 1 0 110.036 380 2,14 0.001 1 0 0,15 0.001 -1 -1 1,14 0.001 0 1 10.0887 155 13,1 0.001 0 -1 14,1 0.001 -1 0 13,3 0.001 1 1 71.0396 285 13,14 0.001 0 -1 15,12 0.001 0 -1 13,13 0.001 1 0 31.0341 215 ::f,1,0 f,3,12 f,12,2 s,12,3 f,12,15 
237:2,1 0.001 -1 -1 1,1 0.001 0 -1 3,2 0.002 1 0 110.036 380 2,14 0.001 1 0 0,15 0.001 -1 -1 1,14 0.001 0 1 10.0887 155 13,1 0.001 -1 -1 14,1 0.001 -1 0 13,3 0.001 1 1 71.0396 285 13,14 0.001 1 -1 15,12 0.001 0 -1 13,13 0.001 1 0 31.0341 215 ::f,1,0 f,3,12 f,12,2 s,12,3 f,12,15 
238:2,1 0.001 -1 -1 1,1 0.001 0 -1 3,2 0.002 1 0 120.036 395 2,14 0.001 1 -1 0,15 0.001 -1 -1 1,14 0.001 1 1 10.0887 155 13,1 0.001 -1 -1 14,1 0.001 -1 0 13,3 0.001 1 1 71.0396 285 14,13 0.001 1 -1 15,12 0.001 0 -1 13,13 0.001 1 -1 31.0351 215 ::f,2,2 f,3,12 f,12,2 s,12,3 f,12,15 
239:2,1 0.001 -1 0 1,1 0.001 -1 -1 3,2 0.002 1 0 120.036 395 2,14 0.001 1 -1 0,15 0.001 -1 -1 1,14 0.001 1 1 10.0887 155 13,1 0.001 -1 0 14,1 0.001 -1 1 13,3 0.001 1 1 71.0396 285 14,13 0.001 1 -1 15,12 0.001 0 -1 13,13 0.001 1 -1 31.0351 215 ::f,2,2 f,3,12 f,12,2 s,12,3 f,12,15 
240:2,1 0.001 -1 0 1,1 0.001 -1 -1 3,2 0.002 1 0 120.036 395 2,14 0.001 0 -1 0,15 0.001 -1 -1 1,14 0.001 1 0 10.0887 155 13,1 0.001 -1 0 13,2 0.001 -1 1 13,3 0.001 1 1 71.0406 285 14,13 0.001 1 0 15,12 0.001 0 -1 13,13 0.001 0 -1 31.0351 215 ::f,2,2 f,3,12 f,12,2 s,12,3 f,12,15 
241:2,1 0.001 -1 0 1,1 0.001 -1 0 3,2 0.002 1 0 120.036 395 2,13 0.001 0 -1 0,15 0.001 -1 -1 2,14 0.001 1 0 10.0907 155 13,1 0.001 -1 1 13,2 0.001 -1 1 13,3 0.001 1 1 71.0406 285 14,13 0.001 1 0 15,12 0.001 0 -1 13,13 0.001 0 -1 31.0351 215 ::f,2,2 f,3,12 f,12,2 s,12,3 f,12,15 
242:2,1 0.001 -1 1 1,1 0.001 -1 0 3,2 0.002 1 0 120.036 395 2,13 0.001 0 -1 0,15 0.001 -1 -1 2,14 0.001 1 0 10.0907 155 13,1 0.001 -1 1 13,2 0.001 0 1 13,3 0.001 1 1 75.0407 300 14,13 0.001 1 1 15,12 0.001 0 -1 13,13 0.001 -1 -1 31.0351 215 ::f,2,2 f,3,12 s,12,3 f,12,15 f,14,0 
243:2,1 0.001 -1 1 1,1 0.001 -1 1 3,2 0.002 1 0 120.036 395 2,13 0.001 -1 -1 0,15 0.001 -1 -1 2,14 0.001 1 -1 10.0907 155 13,1 0.001 0 1 13,2 0.001 0 1 13,3 0.001 1 1 75.0407 300 14,13 0.001 1 1 15,12 0.001 0 -1 13,13 0.001 -1 -1 31.0351 215 ::f,2,2 f,3,12 s,12,3 f,12,15 f,14,0 
244:2,1 0.001 0 1 1,1 0.001 -1 1 3,2 0.002 1 0 120.036 395 2,13 0.001 -1 -1 0,15 0.001 -1 -1 2,14 0.001 1 -1 10.0907 155 13,1 0.001 0 1 13,2 0.001 1 1 13,3 0.001 1 1 75.0407 300 14,13 0.001 0 1 15,12 0.001 0 -1 13,13 0.001 -1 0 31.0351 215 ::f,2,2 f,3,12 s,12,3 f,12,15 f,14,0 
245:2,1 0.001 0 1 1,1 0.001 0 1 3,2 0.002 1 0 130.036 410 2,13 0.001 -1 0 0,15 0.001 -1 -1 2,14 0.001 0 -1 10.0907 155 13,1 0.001 0 1 13,2 0.001 1 1 13,3 0.001 1 1 75.0407 300 14,14 0.001 0 1 15,12 0.001 0 -1 13,13 0.001 -1 0 31.0361 215 ::f,3,0 f,3,12 s,12,3 f,12,15 f,14,0 
246:2,1 0.001 1 1 1,2 0.001 0 1 3,2 0.002 1 0 130.037 410 1,13 0.001 -1 0 0,15 0.001 -1 -1 2,13 0.001 0 -1 10.0927 155 13,1 0.001 1 1 13,2 0.001 1 0 13,3 0.001 1 1 75.0407 300 14,14 0.001 0 1 15,12 0.001 0 -1 13,13 0.001 -1 1 31.0361 215 ::f,3,0 f,3,12 s,12,3 f,12,15 f,14,0 
247:2,1 0.001 1 1 1,2 0.001 0 1 3,2 0.002 1 0 130.037 410 1,13 0.001 -1 0 0,15 0.001 -1 -1 2,13 0.001 0 -1 10.0927 155 13,1 0.001 1 1 14,2 0.001 1 0 13,3 0.001 1 1 75.0417 300 14,14 0.001 -1 1 15,12 0.001 0 -1 13,13 0.001 -1 1 31.0361 215 ::f,3,0 f,3,12 s,12,3 f,12,15 f,14,0 
248:2,1 0.001 1 0 1,2 0.001 1 1 3,2 0.002 1 0 130.037 410 1,13 0.001 -1 1 0,15 0.001 -1 -1 2,13 0.001 -1 -1 10.0927 155 13,1 0.001 1 0 14,2 0.001 1 0 13,3 0.001 1 1 75.0417 300 14,14 0.001 -1 1 15,12 0.001 0 -1 13,13 0.001 0 1 31.0361 215 ::f,3,0 f,3,12 s,12,3 f,12,15 f,14,0 
249:2,1 0.001 1 0 1,2 0.001 1 1 3,2 0.002 1 0 130.037 410 1,13 0.001 -1 1 0,15 0.001 -1 -1 2,13 0.001 -1 -1 10.0927 155 13,1 0.001 1 0 14,2 0.001 1 -1 13,3 0.001 1 1 75.0417 300 14,14 0.001 -1 0 15,12 0.001 0 -1 13,14 0.001 0 1 31.0371 215 ::f,3,0 f,3,12 s,12,3 f,12,15 f,14,0 
250:2,1 0.001 1 -1 1,2 0.001 1 0 3,2 0.002 1 0 130.037 410 1,13 0.001 0 1 0,15 0.001 -1 -1 2,13 0.001 -1 0 10.0927 155 13,1 0.001 1 -1 14,2 0.001 1 -1 13,3 0.001 1 1 75.0417 300 14,14 0.001 -1 0 15,12 0.001 0 -1 13,14 0.001 0 1 31.0371 215 ::f,3,0 f,3,12 s,12,3 f,12,15 f,14,0 
251:2,1 0.001 1 -1 2,2 0.001 1 0 3,2 0.002 1 0 140.039 425 1,14 0.001 0 1 0,15 0.001 -1 -1 1,13 0.001 -1 0 10.0947 155 13,1 0.001 1 -1 14,2 0.001 0 -1 13,3 0.001 1 1 80.0418 315 14,14 0.001 -1 0 15,12 0.001 0 -1 13,14 0.001 1 1 31.0371 215 ::f,0,0 f,3,12 f,12,0 s,12,3 f,12,15 
252:2,1 0.001 0 -1 2,2 0.001 1 0 3,2 0.002 1 0 140.039 425 1,14 0.001 0 1 0,15 0.001 -1 -1 1,13 0.001 -1 0 10.0947 155 13,1 0.001 0 -1 14,1 0.001 0 -1 13,3 0.001 1 1 80.0428 315 14,14 0.001 -1 -1 15,12 0.001 0 -1 13,14 0.001 1 1 31.0371 215 ::f,0,0 f,3,12 f,12,0 s,12,3 f,12,15 
253:2,1 0.001 0 -1 2,2 0.001 1 -1 3,2 0.002 1 0 140.039 425 1,14 0.001 1 1 0,15 0.001 -1 -1 1,13 0.001 -1 1 10.0947 155 13,1 0.001 0 -1 14,1 0.001 0 -1 13,3 0.001 1 1 80.0428 315 14,14 0.001 -1 -1 15,12 0.001 0 -1 13,14 0.001 1 0 31.0371 215 ::f,0,0 f,3,12 f,12,0 s,12,3 f,12,15 
254:2,1 0.001 -1 -1 2,2 0.001 1 -1 3,2 0.002 1 0 140.039 425 1,14 0.001 1 1 0,15 0.001 -1 -1 1,13 0.001 -1 1 10.0947 155 13,1 0.001 -1 -1 14,1 0.001 -1 -1 13,3 0.001 1 1 80.0428 315 14,14 0.001 0 -1 15,12 0.001 0 -1 13,14 0.001 1 0 31.0371 215 ::f,0,0 f,3,12 f,12,0 s,12,3 f,12,15 
255:2,1 0.001 -1 -1 2,2 0.001 0 -1 3,2 0.002 1 0 140.039 425 1,14 0.001 1 0 0,15 0.001 -1 -1 1,13 0.001 0 1 10.0947 155 13,1 0.001 -1 -1 14,1 0.001 -1 -1 13,3 0.001 1 1 86.0429 330 14,14 0.001 0 -1 15,12 0.001 0 -1 13,14 0.001 1 0 31.0371 215 ::f,0,0 f,3,12 s,12,3 f,12,15 f,13,2 
256:2,1 0.001 -1 0 2,2 0.001 0 -1 3,2 0.002 1 0 140.039 425 2,14 0.001 1 0 0,15 0.001 -1 -1 1,14 0.001 0 1 10.0967 155 13,1 0.001 -1 0 14,1 0.001 -1 0 13,3 0.001 1 1 86.0429 330 14,14 0.001 1 -1 15,12 0.001 0 -1 13,14 0.001 1 -1 31.0371 215 ::f,0,0 f,3,12 s,12,3 f,12,15 f,13,2 
257:1,1 0.001 -1 0 2,2 0.001 0 -1 3,2 0.002 1 0 140.04 425 2,14 0.001 1 0 0,15 0.001 -1 -1 1,14 0.001 0 1 10.0967 155 13,1 0.001 -1 0 14,1 0.001 -1 0 13,3 0.001 1 1 86.0429 330 14,14 0.001 1 -1 15,12 0.001 0 -1 14,13 0.001 1 -1 31.0381 215 ::f,0,0 f,3,12 s,12,3 f,12,15 f,13,2 
258:1,1 0.001 -1 0 2,2 0.001 -1 -1 3,2 0.002 1 0 140.04 425 2,14 0.001 1 -1 0,15 0.001 -1 -1 1,14 0.001 1 1 10.0967 155 13,1 0.001 -1 1 14,1 0.001 -1 0 13,3 0.001 1 1 86.0429 330 14,14 0.001 1 0 15,12 0.001 0 -1 14,13 0.001 1 -1 31.0381 215 ::f,0,0 f,3,12 s,12,3 f,12,15 f,13,2 
259:1,1 0.001 -1 1 2,2 0.001 -1 -1 3,2 0.002 1 0 140.04 425 2,14 0.001 1 -1 0,15 0.001 -1 -1 1,14 0.001 1 1 10.0967 155 13,1 0.001 -1 1 14,1 0.001 -1 1 13,3 0.001 1 1 86.0429 330 14,14 0.001 1 0 15,12 0.001 0 -1 14,13 0.001 0 -1 31.0381 215 ::f,0,0 f,3,12 s,12,3 f,12,15 f,13,2 
260:1,1 0.001 -1 1 2,2 0.001 -1 -1 3,2 0.002 1 0 140.04 425 2,14 0.001 0 -1 0,15 0.001 -1 -1 1,14 0.001 1 0 10.0967 155 13,1 0.001 0 1 14,1 0.001 -1 1 13,3 0.001 1 1 86.0429 330 14,14 0.001 1 1 15,12 0.001 0 -1 14,13 0.001 0 -1 31.0381 215 ::f,0,0 f,3,12 s,12,3 f,12,15 f,13,2 
261:1,1 0.001 0 1 2,2 0.001 -1 0 3,2 0.002 1 0 140.04 425 2,13 0.001 0 -1 0,15 0.001 -1 -1 2,14 0.001 1 0 10.0987 155 13,1 0.001 0 1 14,1 0.001 -1 1 13,3 0.001 1 1 96.043 345 14,14 0.001 1 1 15,12 0.001 0 -1 14,13 0.001 -1 -1 31.0381 215 ::f,0,0 f,3,12 s,12,3 f,12,15 f,15,2 
262:1,2 0.001 0 1 2,2 0.001 -1 0 3,2 0.002 1 0 140.041 425 2,13 0.001 0 -1 0,15 0.001 -1 -1 2,14 0.001 1 0 10.0987 155 13,1 0.001 0 1 14,1 0.001 0 1 13,3 0.001 1 1 96.043 345 14,14 0.001 0 1 15,12 0.001 0 -1 14,13 0.001 -1 -1 31.0381 215 ::f,0,0 f,3,12 s,12,3 f,12,15 f,15,2 
263:1,2 0.001 0 1 2,2 0.001 -1 1 3,2 0.002 1 0 140.041 425 2,13 0.001 -1 -1 0,15 0.001 -1 -1 2,14 0.001 1 -1 10.0987 155 13,1 0.001 1 1 14,1 0.001 0 1 13,3 0.001 1 1 96.043 345 14,14 0.001 0 1 15,12 0.001 0 -1 14,13 0.001 -1 0 31.0381 215 ::f,0,0 f,3,12 s,12,3 f,12,15 f,15,2 
264:1,2 0.001 1 1 2,2 0.001 -1 1 3,2 0.002 1 0 140.041 425 2,13 0.001 -1 -1 0,15 0.001 -1 -1 2,14 0.001 1 -1 10.0987 155 13,1 0.001 1 1 14,1 0.001 1 1 13,3 0.001 1 1 96.043 345 14,14 0.001 -1 1 15,12 0.001 0 -1 13,13 0.001 -1 0 31.0391 215 ::f,0,0 f,3,12 s,12,3 f,12,15 f,15,2 
265:1,2 0.001 1 1 2,2 0.001 0 1 3,2 0.002 1 0 140.041 425 2,13 0.001 -1 0 0,15 0.001 -1 -1 2,14 0.001 0 -1 10.0987 155 13,1 0.001 1 0 14,1 0.001 1 1 13,3 0.001 1 1 106.043 360 14,14 0.001 -1 1 15,12 0.001 0 -1 13,13 0.001 -1 0 31.0391 215 ::f,0,0 f,3,12 s,12,3 f,12,15 f,15,0 
266:1,2 0.001 1 0 2,2 0.001 0 1 3,2 0.002 1 0 140.041 425 1,13 0.001 -1 0 0,15 0.001 -1 -1 2,13 0.001 0 -1 10.1007 155 13,1 0.001 1 0 14,1 0.001 1 0 13,3 0.001 1 1 106.043 360 14,14 0.001 -1 0 15,12 0.001 0 -1 13,13 0.001 -1 1 31.0391 215 ::f,0,0 f,3,12 s,12,3 f,12,15 f,15,0 
267:1,2 0.001 1 0 2,2 0.001 1 1 3,2 0.002 1 0 140.041 425 1,13 0.001 -1 0 0,15 0.001 -1 -1 2,13 0.001 0 -1 10.1007 155 13,1 0.001 1 -1 14,1 0.001 1 0 13,3 0.001 1 1 106.043 360 13,14 0.001 -1 0 15,12 0.001 0 -1 13,13 0.001 -1 1 31.0401 215 ::f,0,0 f,3,12 s,12,3 f,12,15 f,15,0 
268:1,2 0.001 1 0 2,2 0.001 1 1 3,2 0.002 1 0 140.041 425 1,13 0.001 -1 1 0,15 0.001 -1 -1 2,13 0.001 -1 -1 10.1007 155 13,1 0.001 1 -1 14,1 0.001 1 -1 13,3 0.001 1 1 106.043 360 13,14 0.001 -1 0 15,12 0.001 0 -1 13,13 0.001 0 1 31.0401 215 ::f,0,0 f,3,12 s,12,3 f,12,15 f,15,0 
269:1,2 0.001 1 -1 2,2 0.001 1 0 3,2 0.002 1 0 140.041 425 1,13 0.001 -1 1 0,15 0.001 -1 -1 2,13 0.001 -1 -1 10.1007 155 13,1 0.001 0 -1 14,1 0.001 1 -1 13,3 0.001 1 1 116.043 375 13,14 0.001 -1 -1 15,12 0.001 0 -1 13,13 0.001 0 1 31.0401 215 ::f,0,0 f,3,12 f,12,1 s,12,3 f,12,15 
270:1,2 0.001 1 -1 2,2 0.001 1 0 3,2 0.002 1 0 140.041 425 1,13 0.001 0 1 0,15 0.001 -1 -1 2,13 0.001 -1 0 10.1007 155 13,1 0.001 0 -1 14,1 0.001 0 -1 13,3 0.001 1 1 116.043 375 13,14 0.001 -1 -1 15,12 0.001 0 -1 13,13 0.001 0 1 31.0401 215 ::f,0,0 f,3,12 f,12,1 s,12,3 f,12,15 
271:1,2 0.001 0 -1 2,2 0.001 1 -1 3,2 0.002 1 0 140.041 425 1,14 0.001 0 1 0,15 0.001 -1 -1 1,13 0.001 -1 0 10.1027 155 13,1 0.001 -1 -1 14,1 0.001 0 -1 13,3 0.001 1 1 116.043 375 13,14 0.001 0 -1 15,12 0.001 0 -1 13,13 0.001 1 1 31.0401 215 ::f,0,0 f,3,12 f,12,1 s,12,3 f,12,15 
272:1,2 0.001 0 -1 2,2 0.001 1 -1 3,2 0.002 1 0 140.041 425 1,14 0.001 0 1 0,15 0.001 -1 -1 1,13 0.001 -1 0 10.1027 155 13,1 0.001 -1 -1 14,1 0.001 -1 -1 13,3 0.001 1 1 116.043 375 13,14 0.001 0 -1 15,12 0.001 0 -1 13,13 0.001 1 1 31.0401 215 ::f,0,0 f,3,12 f,12,1 s,12,3 f,12,15 
273:1,2 0.001 -1 -1 2,2 0.001 0 -1 3,2 0.002 1 0 140.041 425 1,14 0.001 1 1 0,15 0.001 -1 -1 1,13 0.001 -1 1 10.1027 155 13,1 0.001 -1 0 14,1 0.001 -1 -1 13,3 0.001 1 1 116.043 375 13,14 0.001 0 -1 15,12 0.001 0 -1 13,13 0.001 1 0 31.0401 215 ::f,0,0 f,3,12 f,12,1 s,12,3 f,12,15 
274:1,2 0.001 -1 -1 2,1 0.001 0 -1 3,2 0.002 1 0 140.042 425 1,14 0.001 1 1 0,15 0.001 -1 -1 1,13 0.001 -1 1 10.1027 155 13,1 0.001 -1 0 14,1 0.001 -1 0 13,3 0.001 1 1 123.043 390 13,14 0.001 1 -1 15,12 0.001 0 -1 13,13 0.001 1 0 31.0401 215 ::f,0,0 f,3,12 s,12,3 f,12,15 f,15,2 
275:1,2 0.001 -1 0 2,1 0.001 0 -1 3,2 0.002 1 0 140.042 425 1,14 0.001 1 0 0,15 0.001 -1 -1 1,13 0.001 0 1 10.1027 155 13,1 0.001 -1 1 14,1 0.001 -1 0 13,3 0.001 1 1 123.043 390 14,13 0.001 1 -1 15,12 0.001 0 -1 13,13 0.001 1 -1 31.0411 215 ::f,0,0 f,3,12 s,12,3 f,12,15 f,15,2 
276:1,2 0.001 -1 0 2,1 0.001 -1 -1 3,2 0.002 1 0 140.042 425 2,14 0.001 1 0 0,15 0.001 -1 -1 1,14 0.001 0 1 10.1047 155 13,1 0.001 -1 1 14,1 0.001 -1 0 13,3 0.001 1 1 123.043 390 14,13 0.001 1 -1 15,12 0.001 0 -1 13,13 0.001 1 -1 31.0411 215 ::f,0,0 f,3,12 s,12,3 f,12,15 f,15,2 
277:1,2 0.001 -1 1 2,1 0.001 -1 -1 3,2 0.002 1 0 140.042 425 2,14 0.001 1 0 0,15 0.001 -1 -1 1,14 0.001 0 1 10.1047 155 13,1 0.001 0 1 14,1 0.001 -1 1 13,3 0.001 1 1 123.043 390 14,13 0.001 1 0 15,12 0.001 0 -1 13,13 0.001 0 -1 31.0411 215 ::f,0,0 f,3,12 s,12,3 f,12,15 f,15,2 
278:1,2 0.001 -1 1 2,1 0.001 -1 0 3,2 0.002 1 0 140.042 425 2,14 0.001 1 -1 0,15 0.001 -1 -1 1,14 0.001 1 1 10.1047 155 13,2 0.001 0 1 14,1 0.001 -1 1 13,3 0.001 1 1 123.044 390 14,13 0.001 1 0 15,12 0.001 0 -1 13,13 0.001 0 -1 31.0411 215 ::f,0,0 f,3,12 s,12,3 f,12,15 f,15,2 
279:1,2 0.001 0 1 1,1 0.001 -1 0 3,2 0.002 1 0 140.043 425 2,14 0.001 1 -1 0,15 0.001 -1 -1 1,14 0.001 1 1 10.1047 155 13,2 0.001 0 1 14,1 0.001 -1 1 13,3 0.001 1 1 123.044 390 14,13 0.001 1 1 15,12 0.001 0 -1 13,13 0.001 -1 -1 31.0411 215 ::f,0,0 f,3,12 s,12,3 f,12,15 f,15,2 
280:1,2 0.001 0 1 1,1 0.001 -1 0 3,2 0.002 1 0 140.043 425 2,14 0.001 0 -1 0,15 0.001 -1 -1 1,14 0.001 1 0 10.1047 155 13,2 0.001 1 1 14,1 0.001 0 1 13,3 0.001 1 1 123.044 390 14,13 0.001 1 1 15,12 0.001 0 -1 13,13 0.001 -1 -1 31.0411 215 ::f,0,0 f,3,12 s,12,3 f,12,15 f,15,2 
281:1,2 0.001 1 1 1,1 0.001 -1 1 3,2 0.002 1 0 140.043 425 2,13 0.001 0 -1 0,15 0.001 -1 -1 2,14 0.001 1 0 10.1067 155 13,2 0.001 1 1 14,1 0.001 0 1 13,3 0.001 1 1 123.044 390 14,13 0.001 0 1 15,12 0.001 0 -1 13,13 0.001 -1 0 31.0411 215 ::f,0,0 f,3,12 s,12,3 f,12,15 f,15,2 
282:1,2 0.001 1 1 1,1 0.001 -1 1 3,2 0.002 1 0 140.043 425 2,13 0.001 0 -1 0,15 0.001 -1 -1 2,14 0.001 1 0 10.1067 155 13,2 0.001 1 0 14,1 0.001 1 1 13,3 0.001 1 1 123.044 390 14,14 0.001 0 1 15,12 0.001 0 -1 13,13 0.001 -1 0 31.0421 215 ::f,0,0 f,3,12 s,12,3 f,12,15 f,15,2 
283:1,2 0.001 1 0 1,1 0.001 0 1 3,2 0.002 1 0 140.043 425 2,13 0.001 -1 -1 0,15 0.001 -1 -1 2,14 0.001 1 -1 10.1067 155 14,2 0.001 1 0 14,1 0.001 1 1 13,3 0.001 1 1 133.045 405 14,14 0.001 0 1 15,12 0.001 0 -1 13,13 0.001 -1 1 31.0421 215 ::f,0,0 f,3,12 s,12,3 f,12,15 f,15,3 
284:2,2 0.001 1 0 1,2 0.001 0 1 3,2 0.002 1 0 140.045 425 2,13 0.001 -1 -1 0,15 0.001 -1 -1 2,14 0.001 1 -1 10.1067 155 14,2 0.001 1 0 14,1 0.001 1 0 13,3 0.001 1 1 133.045 405 14,14 0.001 -1 1 15,12 0.001 0 -1 13,13 0.001 -1 1 31.0421 215 ::f,0,0 f,3,12 s,12,3 f,12,15 f,15,3 
285:2,2 0.001 1 0 1,2 0.001 0 1 3,2 0.002 1 0 140.045 425 2,13 0.001 -1 0 0,15 0.001 -1 -1 2,14 0.001 0 -1 10.1067 155 14,2 0.001 1 -1 14,1 0.001 1 0 13,3 0.001 1 1 133.045 405 14,14 0.001 -1 1 15,12 0.001 0 -1 13,13 0.001 0 1 31.0421 215 ::f,0,0 f,3,12 s,12,3 f,12,15 f,15,3 
286:2,2 0.001 1 -1 1,2 0.001 1 1 3,2 0.002 1 0 140.045 425 1,13 0.001 -1 0 0,15 0.001 -1 -1 2,13 0.001 0 -1 10.1087 155 14,2 0.001 1 -1 14,1 0.001 1 -1 13,3 0.001 1 1 133.045 405 14,14 0.001 -1 0 15,12 0.001 0 -1 13,14 0.001 0 1 31.0431 215 ::f,0,0 f,3,12 s,12,3 f,12,15 f,15,3 
287:2,2 0.001 1 -1 1,2 0.001 1 1 3,2 0.002 1 0 140.045 425 1,13 0.001 -1 0 0,15 0.001 -1 -1 2,13 0.001 0 -1 10.1087 155 14,2 0.001 0 -1 14,1 0.001 1 -1 13,3 0.001 1 1 133.045 405 14,14 0.001 -1 0 15,12 0.001 0 -1 13,14 0.001 0 1 31.0431 215 ::f,0,0 f,3,12 s,12,3 f,12,15 f,15,3 
288:2,2 0.001 0 -1 1,2 0.001 1 0 3,2 0.002 1 0 140.045 425 1,13 0.001 -1 1 0,15 0.001 -1 -1 2,13 0.001 -1 -1 10.1087 155 14,2 0.001 0 -1 14,1 0.001 0 -1 13,3 0.001 1 1 133.045 405 14,14 0.001 -1 0 15,12 0.001 0 -1 13,14 0.001 1 1 31.0431 215 ::f,0,0 f,3,12 s,12,3 f,12,15 f,15,3 
289:2,1 0.001 0 -1 2,2 0.001 1 0 3,2 0.002 1 0 140.047 425 1,13 0.001 -1 1 0,15 0.001 -1 -1 2,13 0.001 -1 -1 10.1087 155 14,2 0.001 0 -1 14,1 0.001 0 -1 13,3 0.001 1 1 133.045 405 14,14 0.001 -1 -1 15,12 0.001 0 -1 13,14 0.001 1 1 31.0431 215 ::f,0,0 f,3,12 s,12,3 f,12,15 f,15,3 
290:2,1 0.001 0 -1 2,2 0.001 1 0 3,2 0.002 1 0 140.047 425 1,13 0.001 0 1 0,15 0.001 -1 -1 2,13 0.001 -1 0 10.1087 155 14,2 0.001 -1 -1 14,1 0.001 -1 -1 13,3 0.001 1 1 133.045 405 14,14 0.001 -1 -1 15,12 0.001 0 -1 13,14 0.001 1 0 31.0431 215 ::f,0,0 f,3,12 s,12,3 f,12,15 f,15,3 
291:2,1 0.001 -1 -1 2,2 0.001 1 -1 3,2 0.002 1 0 140.047 425 1,14 0.001 0 1 0,15 0.001 -1 -1 1,13 0.001 -1 0 10.1107 155 14,2 0.001 -1 -1 14,1 0.001 -1 -1 13,3 0.001 1 1 133.045 405 14,14 0.001 0 -1 15,12 0.001 0 -1 13,14 0.001 1 0 31.0431 215 ::f,0,0 f,3,12 s,12,3 f,12,15 f,15,3 
292:2,1 0.001 -1 -1 2,2 0.001 1 -1 3,2 0.002 1 0 140.047 425 1,14 0.001 0 1 0,15 0.001 -1 -1 1,13 0.001 -1 0 10.1107 155 14,2 0.001 -1 0 14,1 0.001 -1 0 13,3 0.001 1 1 133.045 405 14,14 0.001 0 -1 15,12 0.001 0 -1 13,14 0.001 1 0 31.0431 215 ::f,0,0 f,3,12 s,12,3 f,12,15 f,15,3 
293:2,1 0.001 -1 0 2,2 0.001 0 -1 3,2 0.002 1 0 140.047 425 1,14 0.001 1 1 0,15 0.001 -1 -1 1,13 0.001 -1 1 10.1107 155 14,2 0.001 -1 0 13,1 0.001 -1 0 13,3 0.001 1 1 133.046 405 14,14 0.001 1 -1 15,12 0.001 0 -1 13,14 0.001 1 -1 31.0431 215 ::f,0,0 f,3,12 s,12,3 f,12,15 f,15,3 
294:1,1 0.001 -1 0 2,1 0.001 0 -1 3,2 0.002 1 0 140.049 425 1,14 0.001 1 1 0,15 0.001 -1 -1 1,13 0.001 -1 1 10.1107 155 14,2 0.001 -1 1 13,1 0.001 -1 0 13,3 0.001 1 1 133.046 405 14,14 0.001 1 -1 15,12 0.001 0 -1 14,13 0.001 1 -1 31.0441 215 ::f,0,0 f,3,12 s,12,3 f,12,15 f,15,3 
295:1,1 0.001 -1 0 2,1 0.001 0 -1 3,2 0.002 1 0 140.049 425 1,14 0.001 1 0 0,15 0.001 -1 -1 1,13 0.001 0 1 10.1107 155 14,2 0.001 -1 1 13,1 0.001 -1 1 13,3 0.001 1 1 133.046 405 14,14 0.001 1 0 15,12 0.001 0 -1 14,13 0.001 1 -1 31.0441 215 ::f,0,0 f,3,12 s,12,3 f,12,15 f,15,3 
296:1,1 0.001 -1 1 2,1 0.001 -1 -1 3,2 0.002 1 0 140.049 425 2,14 0.001 1 0 0,15 0.001 -1 -1 1,14 0.001 0 1 10.1127 155 14,2 0.001 0 1 13,1 0.001 -1 1 13,3 0.001 1 1 133.046 405 14,14 0.001 1 0 15,12 0.001 0 -1 14,13 0.001 0 -1 31.0441 215 ::f,0,0 f,3,12 s,12,3 f,12,15 f,15,3 
297:1,1 0.001 -1 1 2,1 0.001 -1 -1 3,2 0.002 1 0 140.049 425 2,14 0.001 1 0 0,15 0.001 -1 -1 1,14 0.001 0 1 10.1127 155 14,2 0.001 0 1 13,1 0.001 0 1 13,3 0.001 1 1 133.046 405 14,14 0.001 1 1 15,12 0.001 0 -1 14,13 0.001 0 -1 31.0441 215 ::f,0,0 f,3,12 s,12,3 f,12,15 f,15,3 
298:1,1 0.001 0 1 2,1 0.001 -1 0 3,2 0.002 1 0 140.049 425 2,14 0.001 1 -1 0,15 0.001 -1 -1 1,14 0.001 1 1 10.1127 155 14,2 0.001 1 1 13,2 0.001 0 1 13,3 0.001 1 1 133.047 405 14,14 0.001 1 1 15,12 0.001 0 -1 14,13 0.001 -1 -1 31.0441 215 ::f,0,0 f,3,12 s,12,3 f,12,15 f,15,3 
299:1,2 0.001 0 1 1,1 0.001 -1 0 3,2 0.002 1 0 140.051 425 2,14 0.001 1 -1 0,15 0.001 -1 -1 1,14 0.001 1 1 10.1127 155 14,2 0.001 1 1 13,2 0.001 0 1 13,3 0.001 1 1 141.048 420 14,14 0.001 0 1 15,12 0.001 0 -1 14,13 0.001 -1 -1 31.0441 215 ::f,0,0 f,3,12 s,12,3 f,12,15 f,15,1 
