16
0:1,2 0.001 1 0 2,3 0.003 -1 1 1,3 0.002 -1 1 0.001 50 2,14 0.001 0 -1 2,12 0.003 1 -1 2,15 0.002 -1 0 0.002 50 15,2 0.001 1 1 15,1 0.003 1 0 14,0 0.002 0 -1 0.001 50 12,14 0.001 -1 0 15,12 0.003 1 1 14,13 0.002 0 -1 0.002 50 ::f,1,13 f,2,1 f,12,1 f,12,15 
1:1,2 0.001 1 0 2,3 0.001 -1 1 1,3 0.001 -1 1 0.001 50 2,14 0.001 0 -1 2,12 0.001 1 -1 2,15 0.001 -1 0 0.002 50 15,2 0.001 1 1 15,1 0.001 1 0 14,0 0.001 0 -1 0.001 50 12,14 0.001 -1 0 15,12 0.001 1 1 14,13 0.001 0 -1 0.002 50 ::f,1,13 f,2,1 f,12,1 f,12,15 
2:1,2 0.001 1 -1 2,3 0.001 0 1 1,3 0.001 0 1 0.001 50 2,14 0.001 -1 -1 2,12 0.001 0 -1 2,15 0.001 -1 1 0.002 50 15,2 0.001 1 0 15,1 0.001 1 -1 14,0 0.001 -1 -1 0.001 50 12,14 0.001 -1 1 15,12 0.001 1 0 14,13 0.001 -1 -1 0.002 50 ::f,1,13 f,2,1 f,12,1 f,12,15 
3:1,2 0.001 1 -1 2,3 0.001 0 1 1,3 0.001 0 1 0.0011 65 2,14 0.001 -1 -1 2,12 0.001 0 -1 2,15 0.001 -1 1 0.0021 65 15,2 0.001 1 0 15,1 0.001 1 -1 14,0 0.001 -1 -1 0.001 50 12,14 0.001 -1 1 15,12 0.001 1 0 14,13 0.001 -1 -1 0.002 50 ::f,0,0 f,1,12 f,12,1 f,12,15 
4:1,2 0.001 0 -1 2,3 0.001 1 1 1,3 0.001 1 1 0.0011 65 2,14 0.001 -1 0 2,12 0.001 -1 -1 2,15 0.001 0 1 0.0021 65 15,2 0.001 1 -1 15,1 0.001 0 -1 14,0 0.001 -1 0 0.001 50 12,14 0.001 0 1 15,12 0.001 1 -1 14,13 0.001 -1 0 0.002 50 ::f,0,0 f,1,12 f,12,1 f,12,15 
5:1,2 0.001 0 -1 2,3 0.001 1 1 1,3 0.001 1 1 0.0011 65 2,14 0.001 -1 0 2,12 0.001 -1 -1 2,15 0.001 0 1 0.0021 65 15,2 0.001 1 -1 15,1 0.001 0 -1 14,0 0.001 -1 0 0.001 50 12,14 0.001 0 1 15,12 0.001 1 -1 14,13 0.001 -1 0 0.0021 65 ::f,0,0 f,1,12 f,12,1 f,14,15 
6:1,2 0.001 -1 -1 2,3 0.001 1 0 1,3 0.001 1 0 0.0011 65 2,14 0.001 -1 1 2,12 0.001 -1 0 2,15 0.001 1 1 0.0021 65 15,2 0.001 0 -1 15,1 0.001 -1 -1 14,0 0.001 -1 1 0.001 50 12,14 0.001 1 1 15,12 0.001 0 -1 14,13 0.001 -1 1 0.0021 65 ::f,0,0 f,1,12 f,12,1 f,14,15 
7:1,2 0.001 -1 -1 2,3 0.001 1 0 1,3 0.001 1 0 0.0011 65 2,14 0.001 -1 1 2,12 0.001 -1 0 2,15 0.001 1 1 0.0021 65 15,2 0.001 0 -1 15,1 0.001 -1 -1 14,0 0.001 -1 1 0.001 50 12,14 0.001 1 1 15,12 0.001 0 -1 14,13 0.001 -1 1 0.0021 65 ::f,0,0 f,1,12 f,12,1 f,14,15 
8:1,2 0.001 -1 0 2,3 0.001 1 -1 1,3 0.001 1 0 0.0011 65 2,14 0.001 0 1 2,12 0.001 -1 0 2,15 0.001 1 0 0.0022 80 15,2 0.001 0 -1 15,1 0.001 -1 0 14,0 0.001 0 1 0.001 50 12,14 0.001 1 0 15,12 0.001 -1 -1 14,13 0.001 0 1 0.0021 65 ::f,0,0 f,1,13 f,12,1 f,14,15 
9:1,2 0.001 -1 0 2,3 0.001 1 -1 1,3 0.001 1 -1 0.0011 65 2,14 0.001 0 1 2,12 0.001 -1 1 2,15 0.001 1 0 0.0022 80 15,2 0.001 -1 -1 14,1 0.001 -1 0 14,0 0.001 0 1 0.002 50 13,14 0.001 1 0 15,12 0.001 -1 -1 14,14 0.001 0 1 0.0041 65 ::f,0,0 f,1,13 f,12,1 f,14,15 
10:1,2 0.001 -1 1 2,3 0.001 0 -1 1,3 0.001 1 -1 0.0011 65 2,14 0.001 1 1 2,12 0.001 -1 1 2,15 0.001 1 -1 1.0023 95 15,2 0.001 -1 -1 13,1 0.001 -1 0 14,0 0.001 1 1 0.003 50 13,14 0.001 1 0 15,12 0.001 -1 0 14,14 0.001 0 1 0.0042 80 ::f,0,0 f,3,13 f,12,1 f,12,12 
11:1,2 0.001 -1 1 2,2 0.001 0 -1 1,3 0.001 0 -1 0.0021 65 2,14 0.001 1 1 2,12 0.001 0 1 2,15 0.001 1 -1 1.0023 95 15,2 0.001 -1 0 13,1 0.001 -1 0 14,0 0.001 1 1 0.0031 65 13,14 0.001 1 -1 14,12 0.001 -1 0 14,14 0.001 1 1 0.0052 80 ::f,0,0 f,3,13 f,12,12 f,15,0 
12:1,2 0.001 0 1 2,2 0.001 0 -1 1,3 0.001 0 -1 0.0021 65 2,14 0.001 1 0 2,13 0.001 0 1 2,15 0.001 0 -1 1.0033 95 15,2 0.001 -1 0 13,1 0.001 -1 1 14,0 0.001 1 0 0.0031 65 13,14 0.001 1 -1 13,12 0.001 -1 0 14,14 0.001 1 1 0.0062 80 ::f,0,0 f,3,13 f,12,12 f,15,0 
13:1,2 0.001 0 1 2,2 0.001 -1 -1 1,3 0.001 -1 -1 0.0021 65 2,14 0.001 1 0 2,13 0.001 0 1 2,15 0.001 0 -1 1.0033 95 15,2 0.001 -1 1 13,1 0.001 -1 1 14,0 0.001 1 0 0.0032 80 13,14 0.001 0 -1 13,12 0.001 -1 0 14,14 0.001 1 0 0.0063 95 ::f,0,0 f,3,13 f,12,12 f,13,3 
14:1,2 0.001 1 1 1,1 0.001 -1 -1 1,3 0.001 -1 -1 0.0031 65 2,14 0.001 1 -1 2,13 0.001 1 1 2,15 0.001 0 -1 1.0033 95 15,2 0.001 -1 1 13,1 0.001 0 1 14,0 0.001 1 -1 0.0032 80 13,13 0.001 0 -1 13,12 0.001 -1 1 14,14 0.001 1 0 0.0073 95 ::f,0,0 f,3,13 f,12,12 f,13,3 
15:2,3 0.001 1 1 1,1 0.001 -1 -1 1,3 0.001 -1 0 0.0042 80 2,14 0.001 1 -1 2,13 0.001 1 1 2,15 0.001 -1 -1 2.0034 110 15,2 0.001 0 1 13,2 0.001 0 1 14,0 0.001 1 -1 0.0042 80 13,13 0.001 0 -1 13,12 0.001 -1 1 14,14 0.001 1 -1 0.0073 95 ::f,0,3 f,1,13 f,12,12 f,13,3 
16:2,3 0.001 1 1 1,1 0.001 -1 0 1,3 0.001 -1 0 0.0043 95 2,14 0.001 0 -1 2,13 0.001 1 0 2,15 0.001 -1 -1 2.0034 110 15,2 0.001 0 1 13,2 0.001 0 1 14,0 0.001 0 -1 1.0043 95 13,13 0.001 -1 -1 13,12 0.001 0 1 14,14 0.001 1 -1 0.0073 95 ::f,1,0 f,1,13 f,12,0 f,12,12 
17:2,3 0.001 1 0 1,1 0.001 -1 0 1,3 0.001 -1 1 0.0043 95 2,14 0.001 0 -1 2,13 0.001 1 0 2,15 0.001 -1 0 2.0034 110 15,2 0.001 1 1 13,2 0.001 1 1 14,0 0.001 0 -1 1.0043 95 13,13 0.001 -1 -1 13,12 0.001 0 1 14,14 0.001 0 -1 1.0074 110 ::f,1,0 f,1,13 f,12,0 f,12,12 
18:2,3 0.001 1 0 1,1 0.001 -1 1 1,3 0.001 -1 1 0.0043 95 2,14 0.001 0 -1 2,13 0.001 1 -1 2,15 0.001 -1 0 2.0034 110 15,2 0.001 1 1 13,2 0.001 1 1 14,0 0.001 -1 -1 1.0043 95 13,13 0.001 -1 0 13,12 0.001 0 1 14,13 0.001 0 -1 1.0084 110 ::f,1,0 f,1,13 f,12,0 f,12,12 
19:2,3 0.001 1 -1 1,1 0.001 -1 1 1,3 0.001 0 1 0.0043 95 2,14 0.001 -1 -1 2,13 0.001 1 -1 2,15 0.001 -1 1 2.0034 110 15,2 0.001 1 0 13,2 0.001 1 0 14,0 0.001 -1 -1 1.0043 95 13,13 0.001 -1 0 13,12 0.001 1 1 14,13 0.001 0 -1 1.0084 110 ::f,1,0 f,1,13 f,12,0 f,12,12 
20:3,2 0.001 1 -1 1,1 0.001 0 1 1,3 0.001 0 1 0.0053 95 2,14 0.001 -1 -1 2,13 0.001 0 -1 2,15 0.001 -1 1 4.0035 125 15,2 0.001 1 0 14,2 0.001 1 0 14,0 0.001 -1 0 1.0053 95 13,13 0.001 -1 1 13,12 0.001 1 1 14,13 0.001 -1 -1 1.0084 110 ::f,1,0 f,3,15 f,12,0 f,12,12 
21:3,2 0.001 1 -1 1,2 0.001 0 1 1,3 0.001 1 1 0.0063 95 2,14 0.001 -1 0 2,13 0.001 0 -1 2,15 0.001 0 1 4.0035 125 15,2 0.001 1 -1 14,2 0.001 1 0 13,0 0.001 -1 0 1.0063 95 13,13 0.001 -1 1 13,12 0.001 1 0 14,13 0.001 -1 -1 1.0084 110 ::f,1,0 f,3,15 f,12,0 f,12,12 
22:3,2 0.001 0 -1 1,2 0.001 0 1 1,3 0.001 1 1 0.0063 95 2,14 0.001 -1 0 2,13 0.001 -1 -1 2,15 0.001 0 1 4.0035 125 15,2 0.001 1 -1 14,2 0.001 1 -1 13,0 0.001 -1 0 2.0064 110 13,13 0.001 0 1 13,12 0.001 1 0 14,13 0.001 -1 0 1.0084 110 ::f,1,0 f,3,15 f,12,12 f,14,1 
23:3,1 0.001 0 -1 1,2 0.001 1 1 1,3 0.001 1 0 0.0073 95 2,14 0.001 -1 1 2,13 0.001 -1 -1 2,15 0.001 1 1 4.0035 125 15,2 0.001 0 -1 14,2 0.001 1 -1 13,0 0.001 -1 1 2.0064 110 13,14 0.001 0 1 13,12 0.001 1 -1 13,13 0.001 -1 0 1.0104 110 ::f,1,0 f,3,15 f,12,12 f,14,1 
24:3,1 0.001 0 -1 1,2 0.001 1 1 2,3 0.001 1 0 0.0083 95 2,14 0.001 -1 1 2,13 0.001 -1 0 2,15 0.001 1 1 4.0035 125 15,1 0.001 0 -1 14,2 0.001 0 -1 13,0 0.001 -1 1 2.0074 110 13,14 0.001 0 1 13,12 0.001 1 -1 13,13 0.001 -1 0 1.0104 110 ::f,1,0 f,3,15 f,12,12 f,14,1 
25:3,1 0.001 -1 -1 1,2 0.001 1 0 2,3 0.001 1 0 0.0083 95 2,14 0.001 0 1 1,13 0.001 -1 0 2,15 0.001 1 0 4.0045 125 15,1 0.001 0 -1 14,2 0.001 0 -1 13,0 0.001 0 1 2.0074 110 13,14 0.001 1 1 13,12 0.001 0 -1 13,13 0.001 -1 1 1.0104 110 ::f,1,0 f,3,15 f,12,12 f,14,1 
26:2,0 0.001 -1 -1 2,2 0.001 1 0 2,3 0.001 1 -1 0.0103 95 2,14 0.001 0 1 1,13 0.001 -1 0 2,15 0.001 1 0 4.0046 140 15,1 0.001 -1 -1 14,2 0.001 0 -1 13,1 0.001 0 1 4.0085 125 13,14 0.001 1 1 13,12 0.001 0 -1 13,13 0.001 -1 1 1.0104 110 ::f,1,0 f,2,12 f,12,12 f,15,0 
27:2,0 0.001 -1 -1 2,2 0.001 1 0 2,3 0.001 1 -1 0.0103 95 2,14 0.001 1 1 1,13 0.001 -1 1 2,15 0.001 1 -1 4.0046 140 15,1 0.001 -1 -1 14,2 0.001 -1 -1 13,1 0.001 0 1 4.0085 125 13,14 0.001 1 0 13,12 0.001 -1 -1 13,13 0.001 0 1 1.0104 110 ::f,1,0 f,2,12 f,12,12 f,15,0 
28:2,0 0.001 -1 0 2,2 0.001 1 -1 2,3 0.001 0 -1 0.0103 95 2,14 0.001 1 1 1,13 0.001 -1 1 2,15 0.001 1 -1 4.0046 140 15,1 0.001 -1 0 14,2 0.001 -1 -1 13,1 0.001 1 1 4.0085 125 14,14 0.001 1 0 13,12 0.001 -1 -1 13,14 0.001 0 1 1.0124 110 ::f,1,0 f,2,12 f,12,12 f,15,0 
29:2,0 0.001 -1 0 2,2 0.001 1 -1 2,3 0.001 0 -1 0.0103 95 2,14 0.001 1 0 1,13 0.001 0 1 2,15 0.001 0 -1 4.0046 140 14,1 0.001 -1 0 14,2 0.001 -1 0 13,1 0.001 1 1 4.0095 125 14,14 0.001 1 0 13,12 0.001 -1 0 13,14 0.001 0 1 1.0124 110 ::f,1,0 f,2,12 f,12,12 f,15,0 
30:2,0 0.001 -1 0 2,2 0.001 0 -1 2,3 0.001 0 -1 1.0104 110 2,14 0.001 1 0 1,14 0.001 0 1 2,15 0.001 0 -1 4.0056 140 14,1 0.001 -1 0 14,2 0.001 -1 0 13,1 0.001 1 0 4.0095 125 14,14 0.001 1 -1 13,12 0.001 -1 0 13,14 0.001 1 1 2.0125 125 ::f,0,3 f,2,12 f,15,0 f,15,14 
31:2,0 0.001 -1 1 2,1 0.001 0 -1 2,2 0.001 0 -1 1.0124 110 2,14 0.001 1 -1 1,14 0.001 0 1 2,15 0.001 0 -1 4.0056 140 14,1 0.001 -1 1 14,2 0.001 -1 1 13,1 0.001 1 0 4.0095 125 14,14 0.001 1 -1 13,12 0.001 -1 1 13,14 0.001 1 1 2.0125 125 ::f,0,3 f,2,12 f,15,0 f,15,14 
32:2,0 0.001 -1 1 2,1 0.001 0 -1 2,2 0.001 0 -1 1.0124 110 2,14 0.001 1 -1 1,14 0.001 1 1 2,15 0.001 -1 -1 4.0056 140 14,1 0.001 -1 1 14,2 0.001 -1 1 13,1 0.001 1 -1 4.0095 125 14,14 0.001 0 -1 13,12 0.001 -1 1 13,14 0.001 1 0 2.0125 125 ::f,0,3 f,2,12 f,15,0 f,15,14 
33:2,0 0.001 0 1 2,1 0.001 -1 -1 2,2 0.001 -1 -1 1.0124 110 2,14 0.001 0 -1 1,14 0.001 1 1 2,15 0.001 -1 -1 4.0056 140 14,1 0.001 0 1 14,2 0.001 0 1 13,1 0.001 1 -1 4.0095 125 14,13 0.001 0 -1 13,12 0.001 0 1 14,14 0.001 1 0 2.0145 125 ::f,0,3 f,2,12 f,15,0 f,15,14 
34:2,0 0.001 0 1 2,1 0.001 -1 -1 2,2 0.001 -1 -1 1.0124 110 2,13 0.001 0 -1 1,14 0.001 1 0 2,15 0.001 -1 0 4.0066 140 14,1 0.001 0 1 14,2 0.001 0 1 13,1 0.001 0 -1 4.0095 125 14,13 0.001 0 -1 13,13 0.001 0 1 14,14 0.001 1 0 3.0156 140 ::f,0,3 f,2,12 f,15,0 f,15,12 
35:2,0 0.001 1 1 2,1 0.001 -1 0 2,2 0.001 -1 0 1.0124 110 2,13 0.001 0 -1 2,14 0.001 1 0 2,15 0.001 -1 0 7.0077 155 14,1 0.001 1 1 14,2 0.001 1 1 13,1 0.001 0 -1 4.0095 125 14,13 0.001 -1 -1 13,13 0.001 0 1 14,14 0.001 1 -1 3.0156 140 ::f,0,3 f,3,14 f,15,0 f,15,12 
36:2,0 0.001 1 1 1,1 0.001 -1 0 2,2 0.001 -1 0 1.0134 110 2,13 0.001 -1 -1 2,14 0.001 1 0 2,15 0.001 -1 1 9.0078 170 14,1 0.001 1 1 14,2 0.001 1 1 13,1 0.001 -1 -1 4.0095 125 14,13 0.001 -1 -1 13,13 0.001 1 1 14,14 0.001 1 -1 3.0156 140 ::f,0,3 f,0,12 f,15,0 f,15,12 
37:2,0 0.001 1 0 1,1 0.001 -1 0 2,2 0.001 -1 1 1.0134 110 2,13 0.001 -1 -1 2,14 0.001 1 -1 2,15 0.001 -1 1 9.0078 170 14,1 0.001 1 0 14,2 0.001 1 0 13,1 0.001 -1 -1 4.0095 125 14,13 0.001 -1 0 13,13 0.001 1 1 14,14 0.001 0 -1 3.0156 140 ::f,0,3 f,0,12 f,15,0 f,15,12 
38:2,0 0.001 1 0 1,1 0.001 -1 1 2,2 0.001 -1 1 1.0134 110 2,13 0.001 -1 0 2,14 0.001 1 -1 2,15 0.001 0 1 9.0078 170 14,1 0.001 1 0 14,2 0.001 1 0 13,1 0.001 -1 0 4.0095 125 14,13 0.001 -1 0 13,13 0.001 1 0 14,14 0.001 0 -1 3.0156 140 ::f,0,3 f,0,12 f,15,0 f,15,12 
39:2,0 0.001 1 -1 1,1 0.001 -1 1 2,2 0.001 0 1 1.0134 110 1,13 0.001 -1 0 2,14 0.001 0 -1 2,15 0.001 0 1 9.0088 170 14,1 0.001 1 -1 14,2 0.001 1 -1 13,1 0.001 -1 0 4.0095 125 14,13 0.001 -1 0 13,13 0.001 1 0 14,14 0.001 0 -1 3.0156 140 ::f,0,3 f,0,12 f,15,0 f,15,12 
40:2,0 0.001 1 -1 1,1 0.001 0 1 2,2 0.001 0 1 1.0134 110 1,13 0.001 -1 0 2,13 0.001 0 -1 2,15 0.001 1 1 9.0098 170 14,1 0.001 1 -1 14,2 0.001 1 -1 13,1 0.001 -1 1 4.0096 140 14,13 0.001 -1 1 13,13 0.001 1 -1 14,14 0.001 -1 -1 3.0156 140 ::f,0,3 f,0,12 f,12,1 f,15,12 
41:2,0 0.001 0 -1 1,2 0.001 0 1 2,2 0.001 1 1 1.0144 110 1,13 0.001 -1 1 2,13 0.001 0 -1 2,15 0.001 1 1 9.0098 170 14,1 0.001 0 -1 14,2 0.001 0 -1 13,1 0.001 -1 1 4.0096 140 14,13 0.001 -1 1 13,13 0.001 1 -1 14,14 0.001 -1 -1 3.0156 140 ::f,0,3 f,0,12 f,12,1 f,15,12 
42:2,0 0.001 0 -1 1,2 0.001 0 1 2,2 0.001 1 1 1.0144 110 1,13 0.001 -1 1 2,13 0.001 -1 -1 2,15 0.001 1 0 9.0098 170 14,1 0.001 0 -1 14,2 0.001 0 -1 13,1 0.001 0 1 4.0096 140 14,13 0.001 0 1 13,13 0.001 0 -1 14,14 0.001 -1 0 3.0156 140 ::f,0,3 f,0,12 f,12,1 f,15,12 
43:2,0 0.001 -1 -1 1,2 0.001 1 1 2,2 0.001 1 0 1.0144 110 1,13 0.001 0 1 2,13 0.001 -1 -1 2,15 0.001 1 0 9.0098 170 14,1 0.001 -1 -1 14,2 0.001 0 -1 13,2 0.001 0 1 4.0106 140 14,13 0.001 0 1 13,13 0.001 0 -1 14,14 0.001 -1 0 3.0156 140 ::f,0,3 f,0,12 f,12,1 f,15,12 
44:2,0 0.001 -1 -1 1,2 0.001 1 1 2,2 0.001 1 0 1.0144 110 1,14 0.001 0 1 2,13 0.001 -1 0 2,15 0.001 1 -1 9.0108 170 14,1 0.001 -1 -1 14,2 0.001 -1 -1 13,2 0.001 0 1 4.0106 140 14,13 0.001 1 1 13,13 0.001 -1 -1 14,14 0.001 -1 1 3.0156 140 ::f,0,3 f,0,12 f,12,1 f,15,12 
45:2,0 0.001 -1 0 1,2 0.001 1 0 2,2 0.001 1 -1 1.0144 110 1,14 0.001 0 1 1,13 0.001 -1 0 2,15 0.001 1 -1 9.0118 170 14,1 0.001 -1 0 14,2 0.001 -1 -1 13,2 0.001 1 1 4.0106 140 14,13 0.001 1 1 13,13 0.001 -1 -1 14,14 0.001 -1 1 3.0156 140 ::f,0,3 f,0,12 f,12,1 f,15,12 
46:1,0 0.001 -1 0 1,2 0.001 1 0 2,2 0.001 1 -1 1.0154 110 1,14 0.001 1 1 1,13 0.001 -1 0 2,15 0.001 0 -1 9.0118 170 13,1 0.001 -1 0 14,2 0.001 -1 0 13,2 0.001 1 1 4.0116 140 14,13 0.001 1 0 13,13 0.001 -1 0 14,14 0.001 0 1 3.0156 140 ::f,0,3 f,0,12 f,12,1 f,15,12 
47:1,0 0.001 -1 0 1,2 0.001 1 0 2,2 0.001 0 -1 1.0154 110 1,14 0.001 1 1 1,13 0.001 -1 1 2,14 0.001 0 -1 9.0128 170 13,1 0.001 -1 0 14,2 0.001 -1 0 13,2 0.001 1 0 5.0117 155 14,13 0.001 1 0 13,13 0.001 -1 0 14,14 0.001 0 1 3.0156 140 ::f,0,3 f,0,12 f,15,3 f,15,12 
48:1,0 0.001 -1 1 1,2 0.001 1 -1 2,1 0.001 0 -1 1.0164 110 1,14 0.001 1 0 1,13 0.001 -1 1 2,14 0.001 0 -1 9.0128 170 13,1 0.001 -1 1 14,2 0.001 -1 1 13,2 0.001 1 0 5.0117 155 14,13 0.001 1 -1 13,13 0.001 -1 1 14,14 0.001 1 1 3.0156 140 ::f,0,3 f,0,12 f,15,3 f,15,12 
49:0,1 0.001 -1 1 1,2 0.001 1 -1 2,1 0.001 0 -1 1.0174 110 1,14 0.001 1 0 1,13 0.001 0 1 2,14 0.001 -1 -1 9.0128 170 13,1 0.001 -1 1 14,2 0.001 -1 1 13,2 0.001 1 0 5.0117 155 14,13 0.001 1 -1 13,13 0.001 -1 1 14,14 0.001 1 1 5.0157 155 ::f,0,3 f,0,12 f,12,13 f,15,3 
50:0,1 0.001 -1 1 1,2 0.001 0 -1 2,1 0.001 -1 -1 1.0174 110 1,14 0.001 1 0 1,13 0.001 0 1 2,14 0.001 -1 -1 9.0128 170 13,1 0.001 0 1 14,2 0.001 0 1 13,2 0.001 1 -1 5.0117 155 14,13 0.001 0 -1 13,13 0.001 0 1 14,14 0.001 1 0 5.0157 155 ::f,0,3 f,0,12 f,12,13 f,15,3 
51:0,1 0.001 0 1 1,2 0.001 0 -1 2,1 0.001 -1 -1 1.0174 110 1,14 0.001 1 -1 1,13 0.001 0 1 2,14 0.001 -1 -1 9.0128 170 13,1 0.001 0 1 14,2 0.001 0 1 13,2 0.001 1 -1 5.0117 155 14,13 0.001 0 -1 13,14 0.001 0 1 14,14 0.001 1 0 5.0167 155 ::f,0,3 f,0,12 f,12,13 f,15,3 
52:0,2 0.001 0 1 1,2 0.001 -1 -1 2,1 0.001 -1 0 1.0184 110 1,14 0.001 1 -1 1,13 0.001 1 1 2,14 0.001 -1 0 9.0128 170 13,1 0.001 0 1 14,2 0.001 1 1 13,2 0.001 0 -1 5.0117 155 14,13 0.001 -1 -1 13,14 0.001 0 1 14,14 0.001 1 -1 5.0167 155 ::f,0,3 f,0,12 f,12,13 f,15,3 
53:0,2 0.001 0 1 1,2 0.001 -1 -1 1,1 0.001 -1 0 3.0195 125 1,14 0.001 0 -1 1,13 0.001 1 1 2,14 0.001 -1 0 9.0128 170 13,1 0.001 1 1 14,2 0.001 1 1 13,2 0.001 0 -1 8.0118 170 14,13 0.001 -1 -1 13,14 0.001 1 1 14,14 0.001 1 -1 5.0167 155 ::f,0,12 f,2,2 f,12,13 f,15,2 
54:0,2 0.001 1 1 1,2 0.001 -1 0 1,1 0.001 -1 0 3.0195 125 1,14 0.001 0 -1 1,13 0.001 1 0 2,14 0.001 -1 1 9.0128 170 13,1 0.001 1 1 14,2 0.001 1 0 13,2 0.001 -1 -1 8.0118 170 14,13 0.001 -1 0 13,14 0.001 1 1 14,14 0.001 0 -1 5.0167 155 ::f,0,12 f,2,2 f,12,13 f,15,2 
55:1,3 0.001 1 1 1,2 0.001 -1 0 1,1 0.001 -1 1 3.0205 125 1,14 0.001 -1 -1 1,13 0.001 1 0 2,14 0.001 -1 1 9.0128 170 13,1 0.001 1 0 14,2 0.001 1 0 13,2 0.001 -1 -1 12.0119 185 13,13 0.001 -1 0 13,14 0.001 1 0 14,13 0.001 0 -1 5.0187 155 ::f,0,12 f,2,2 f,12,2 f,12,13 
56:1,3 0.001 1 1 1,2 0.001 -1 1 1,1 0.001 -1 1 3.0205 125 1,14 0.001 -1 -1 1,13 0.001 1 -1 2,14 0.001 0 1 9.0128 170 13,1 0.001 1 0 14,2 0.001 1 -1 13,2 0.001 -1 0 12.0119 185 13,13 0.001 -1 0 14,14 0.001 1 0 14,13 0.001 0 -1 8.0198 170 ::f,0,12 f,2,2 f,12,2 f,14,15 
57:1,3 0.001 1 0 1,2 0.001 -1 1 1,1 0.001 0 1 3.0205 125 1,14 0.001 -1 0 1,13 0.001 1 -1 2,14 0.001 0 1 9.0128 170 13,1 0.001 1 -1 14,2 0.001 1 -1 13,2 0.001 -1 0 14.012 200 13,13 0.001 -1 1 14,14 0.001 1 0 14,13 0.001 -1 -1 8.0198 170 ::f,0,12 f,2,2 f,13,0 f,14,15 
58:2,3 0.001 1 0 1,2 0.001 0 1 1,1 0.001 0 1 3.0215 125 1,14 0.001 -1 0 1,13 0.001 0 -1 2,14 0.001 1 1 9.0128 170 13,1 0.001 1 -1 14,2 0.001 0 -1 13,2 0.001 -1 1 14.012 200 13,13 0.001 -1 1 14,14 0.001 1 -1 14,13 0.001 -1 -1 8.0198 170 ::f,0,12 f,2,2 f,13,0 f,14,15 
59:2,3 0.001 1 0 1,2 0.001 0 1 1,1 0.001 0 1 3.0215 125 1,14 0.001 -1 1 1,13 0.001 0 -1 2,14 0.001 1 1 9.0128 170 13,1 0.001 0 -1 14,1 0.001 0 -1 13,2 0.001 -1 1 14.013 200 13,13 0.001 0 1 14,14 0.001 1 -1 14,13 0.001 -1 0 8.0198 170 ::f,0,12 f,2,2 f,13,0 f,14,15 
60:2,3 0.001 1 -1 1,2 0.001 1 1 1,1 0.001 1 1 3.0215 125 1,14 0.001 -1 1 1,13 0.001 -1 -1 2,14 0.001 1 0 9.0128 170 13,1 0.001 0 -1 14,1 0.001 0 -1 13,2 0.001 0 1 16.0131 215 13,14 0.001 0 1 14,14 0.001 0 -1 13,13 0.001 -1 0 8.0218 170 ::f,0,12 f,2,2 f,13,3 f,14,15 
61:3,2 0.001 1 -1 1,2 0.001 1 1 1,1 0.001 1 1 4.0226 140 1,14 0.001 0 1 1,13 0.001 -1 -1 2,14 0.001 1 0 12.0129 185 13,1 0.001 -1 -1 14,1 0.001 -1 -1 13,2 0.001 0 1 19.0132 230 13,14 0.001 0 1 14,13 0.001 0 -1 13,13 0.001 -1 0 8.0228 170 ::f,0,2 f,2,15 f,14,3 f,14,15 
62:3,2 0.001 1 -1 1,2 0.001 1 0 1,1 0.001 1 0 4.0226 140 1,14 0.001 0 1 1,13 0.001 -1 0 2,14 0.001 1 -1 12.0129 185 13,1 0.001 -1 -1 14,1 0.001 -1 -1 13,2 0.001 1 1 19.0132 230 13,14 0.001 1 1 14,13 0.001 0 -1 13,13 0.001 -1 1 8.0228 170 ::f,0,2 f,2,15 f,14,3 f,14,15 
63:3,2 0.001 0 -1 2,2 0.001 1 0 1,1 0.001 1 0 4.0236 140 1,14 0.001 1 1 1,13 0.001 -1 0 2,14 0.001 1 -1 12.0129 185 13,1 0.001 -1 0 14,1 0.001 -1 0 13,2 0.001 1 1 23.0133 245 13,14 0.001 1 1 14,13 0.001 -1 -1 13,13 0.001 -1 1 12.0229 185 ::f,0,2 f,2,15 f,12,15 f,14,3 
64:3,1 0.001 0 -1 2,2 0.001 1 0 2,1 0.001 1 0 4.0256 140 1,14 0.001 1 1 1,13 0.001 -1 1 2,14 0.001 0 -1 16.013 200 13,1 0.001 -1 0 14,1 0.001 -1 0 13,2 0.001 1 0 23.0133 245 13,14 0.001 1 0 14,13 0.001 -1 -1 13,13 0.001 0 1 12.0229 185 ::f,0,2 f,2,12 f,12,15 f,14,3 
65:3,1 0.001 0 -1 2,2 0.001 1 -1 2,1 0.001 1 0 4.0256 140 1,14 0.001 1 0 1,13 0.001 -1 1 2,13 0.001 0 -1 16.014 200 13,1 0.001 -1 1 14,1 0.001 -1 0 14,2 0.001 1 0 23.0143 245 14,14 0.001 1 0 14,13 0.001 -1 0 13,14 0.001 0 1 12.0249 185 ::f,0,2 f,2,12 f,12,15 f,14,3 
66:3,1 0.001 -1 -1 2,2 0.001 1 -1 2,1 0.001 1 -1 4.0256 140 2,14 0.001 1 0 1,13 0.001 0 1 2,13 0.001 0 -1 17.0151 215 13,1 0.001 -1 1 14,1 0.001 -1 1 14,2 0.001 1 0 23.0143 245 14,14 0.001 1 0 13,13 0.001 -1 0 13,14 0.001 0 1 12.0259 185 ::f,0,2 f,0,12 f,12,15 f,14,3 
67:2,0 0.001 -1 -1 2,2 0.001 0 -1 2,1 0.001 1 -1 4.0266 140 2,14 0.001 1 0 1,14 0.001 0 1 2,13 0.001 -1 -1 17.0161 215 13,1 0.001 0 1 14,1 0.001 -1 1 14,2 0.001 1 -1 23.0143 245 14,14 0.001 1 -1 13,13 0.001 -1 0 13,14 0.001 1 1 12.0259 185 ::f,0,2 f,0,12 f,12,15 f,14,3 
68:2,0 0.001 -1 -1 2,2 0.001 0 -1 2,1 0.001 0 -1 4.0266 140 2,14 0.001 1 -1 1,14 0.001 0 1 2,13 0.001 -1 -1 17.0161 215 13,2 0.001 0 1 14,1 0.001 0 1 14,2 0.001 1 -1 23.0153 245 14,14 0.001 1 -1 13,13 0.001 -1 1 13,14 0.001 1 1 12.0259 185 ::f,0,2 f,0,12 f,12,15 f,14,3 
69:2,0 0.001 -1 0 2,2 0.001 0 -1 2,1 0.001 0 -1 4.0266 140 2,14 0.001 1 -1 1,14 0.001 1 1 2,13 0.001 -1 0 17.0161 215 13,2 0.001 0 1 14,1 0.001 0 1 14,2 0.001 0 -1 23.0153 245 14,14 0.001 0 -1 13,13 0.001 -1 1 13,14 0.001 1 0 12.0259 185 ::f,0,2 f,0,12 f,12,15 f,14,3 
70:1,0 0.001 -1 0 2,2 0.001 -1 -1 2,1 0.001 -1 -1 4.0276 140 2,14 0.001 0 -1 1,14 0.001 1 1 1,13 0.001 -1 0 17.0171 215 13,2 0.001 1 1 14,1 0.001 0 1 14,2 0.001 0 -1 23.0153 245 14,13 0.001 0 -1 13,13 0.001 0 1 14,14 0.001 1 0 12.0279 185 ::f,0,2 f,0,12 f,12,15 f,14,3 
71:1,0 0.001 -1 0 2,2 0.001 -1 0 2,1 0.001 -1 -1 4.0276 140 2,13 0.001 0 -1 1,14 0.001 1 0 1,13 0.001 -1 0 17.0181 215 13,2 0.001 1 1 14,1 0.001 1 1 14,2 0.001 0 -1 26.0154 260 14,13 0.001 0 -1 13,14 0.001 0 1 14,14 0.001 1 0 12.0289 185 ::f,0,2 f,0,12 f,12,15 f,15,2 
72:1,0 0.001 -1 1 1,2 0.001 -1 0 2,1 0.001 -1 0 4.0286 140 2,13 0.001 0 -1 2,14 0.001 1 0 1,13 0.001 -1 1 17.0191 215 13,2 0.001 1 0 14,1 0.001 1 0 14,2 0.001 -1 -1 26.0154 260 14,13 0.001 -1 -1 13,14 0.001 0 1 14,14 0.001 1 -1 12.0289 185 ::f,0,2 f,0,12 f,12,15 f,15,2 
73:0,1 0.001 -1 1 1,2 0.001 -1 0 1,1 0.001 -1 0 5.0307 155 2,13 0.001 -1 -1 2,14 0.001 1 0 1,13 0.001 -1 1 17.0191 215 13,2 0.001 1 0 14,1 0.001 1 -1 14,2 0.001 -1 -1 26.0154 260 14,13 0.001 -1 -1 13,14 0.001 1 1 14,14 0.001 1 -1 12.0289 185 ::f,0,12 f,1,0 f,12,15 f,15,2 
74:0,1 0.001 -1 1 1,2 0.001 -1 1 1,1 0.001 -1 0 5.0307 155 2,13 0.001 -1 -1 2,14 0.001 1 -1 1,13 0.001 0 1 17.0191 215 13,2 0.001 1 0 14,1 0.001 1 -1 14,2 0.001 -1 0 26.0154 260 14,13 0.001 -1 0 13,14 0.001 1 1 14,14 0.001 0 -1 12.0289 185 ::f,0,12 f,1,0 f,12,15 f,15,2 
75:0,1 0.001 0 1 1,2 0.001 -1 1 1,1 0.001 -1 1 5.0307 155 2,13 0.001 -1 0 2,14 0.001 1 -1 1,14 0.001 0 1 17.0201 215 13,2 0.001 1 -1 14,1 0.001 0 -1 14,2 0.001 -1 0 26.0154 260 13,13 0.001 -1 0 13,14 0.001 1 0 14,13 0.001 0 -1 12.0309 185 ::f,0,12 f,1,0 f,12,15 f,15,2 
76:0,2 0.001 0 1 1,2 0.001 0 1 1,1 0.001 -1 1 5.0317 155 1,13 0.001 -1 0 2,14 0.001 0 -1 1,14 0.001 0 1 17.0211 215 13,2 0.001 1 -1 14,1 0.001 0 -1 14,2 0.001 -1 1 26.0154 260 13,13 0.001 -1 0 14,14 0.001 1 0 14,13 0.001 0 -1 12.0319 185 ::f,0,12 f,1,0 f,12,15 f,15,2 
77:0,2 0.001 0 1 1,2 0.001 0 1 1,1 0.001 0 1 5.0317 155 1,13 0.001 -1 0 2,13 0.001 0 -1 1,14 0.001 1 1 17.0221 215 13,2 0.001 0 -1 14,1 0.001 -1 -1 14,2 0.001 -1 1 26.0154 260 13,13 0.001 -1 1 14,14 0.001 1 0 14,13 0.001 -1 -1 12.0319 185 ::f,0,12 f,1,0 f,12,15 f,15,2 
78:0,2 0.001 1 1 1,2 0.001 1 1 1,1 0.001 0 1 5.0317 155 1,13 0.001 -1 1 2,13 0.001 0 -1 1,14 0.001 1 1 17.0221 215 13,2 0.001 0 -1 14,1 0.001 -1 -1 14,2 0.001 0 1 26.0154 260 13,13 0.001 -1 1 14,14 0.001 1 -1 14,13 0.001 -1 -1 12.0319 185 ::f,0,12 f,1,0 f,12,15 f,15,2 
79:1,3 0.001 1 1 1,2 0.001 1 1 1,1 0.001 0 1 5.0327 155 1,13 0.001 -1 1 2,13 0.001 -1 -1 1,14 0.001 1 0 17.0221 215 13,2 0.001 -1 -1 14,1 0.001 -1 0 14,2 0.001 0 1 26.0154 260 13,13 0.001 0 1 14,14 0.001 1 -1 14,13 0.001 -1 0 12.0319 185 ::f,0,12 f,1,0 f,12,15 f,15,2 
80:1,3 0.001 1 1 1,2 0.001 1 0 1,1 0.001 0 1 5.0327 155 1,13 0.001 0 1 2,13 0.001 -1 -1 2,14 0.001 1 0 17.0231 215 13,2 0.001 -1 -1 13,1 0.001 -1 0 14,2 0.001 1 1 26.0164 260 13,14 0.001 0 1 14,14 0.001 0 -1 13,13 0.001 -1 0 12.0339 185 ::f,0,12 f,1,0 f,12,15 f,15,2 
81:1,3 0.001 1 0 2,2 0.001 1 0 1,1 0.001 1 1 5.0337 155 1,14 0.001 0 1 2,13 0.001 -1 0 2,14 0.001 1 0 17.0241 215 13,2 0.001 -1 0 13,1 0.001 -1 0 14,2 0.001 1 1 26.0164 260 13,14 0.001 0 1 14,13 0.001 0 -1 13,13 0.001 -1 0 12.0349 185 ::f,0,12 f,1,0 f,12,15 f,15,2 
82:2,3 0.001 1 0 2,2 0.001 1 0 1,1 0.001 1 1 5.0347 155 1,14 0.001 0 1 1,13 0.001 -1 0 2,14 0.001 1 -1 17.0251 215 13,2 0.001 -1 0 13,1 0.001 -1 1 14,2 0.001 1 0 26.0164 260 13,14 0.001 1 1 14,13 0.001 0 -1 13,13 0.001 -1 1 12.0349 185 ::f,0,12 f,1,0 f,12,15 f,15,2 
83:2,3 0.001 1 0 2,2 0.001 1 -1 1,1 0.001 1 0 5.0347 155 1,14 0.001 1 1 1,13 0.001 -1 0 2,14 0.001 1 -1 17.0251 215 13,2 0.001 -1 1 13,1 0.001 -1 1 14,2 0.001 1 0 31.0165 275 13,14 0.001 1 1 14,13 0.001 -1 -1 13,13 0.001 -1 1 12.0349 185 ::f,0,12 f,1,0 f,12,15 f,14,0 
84:2,3 0.001 1 -1 2,2 0.001 1 -1 1,1 0.001 1 0 5.0347 155 1,14 0.001 1 1 1,13 0.001 -1 1 2,14 0.001 0 -1 17.0251 215 13,2 0.001 -1 1 13,1 0.001 0 1 14,2 0.001 1 -1 31.0165 275 13,14 0.001 1 0 14,13 0.001 -1 -1 13,13 0.001 0 1 12.0349 185 ::f,0,12 f,1,0 f,12,15 f,14,0 
85:3,2 0.001 1 -1 2,2 0.001 0 -1 1,1 0.001 1 -1 5.0357 155 1,14 0.001 1 0 1,13 0.001 -1 1 2,13 0.001 0 -1 17.0261 215 13,2 0.001 0 1 13,1 0.001 0 1 14,2 0.001 1 -1 31.0165 275 14,14 0.001 1 0 14,13 0.001 -1 0 13,14 0.001 0 1 12.0369 185 ::f,0,12 f,1,0 f,12,15 f,14,0 
86:3,2 0.001 1 -1 2,1 0.001 0 -1 1,1 0.001 1 -1 5.0367 155 2,14 0.001 1 0 1,13 0.001 0 1 2,13 0.001 0 -1 17.0271 215 13,2 0.001 0 1 13,1 0.001 0 1 14,2 0.001 0 -1 31.0165 275 14,14 0.001 1 0 13,13 0.001 -1 0 13,14 0.001 0 1 12.0379 185 ::f,0,12 f,1,0 f,12,15 f,14,0 
87:3,2 0.001 0 -1 2,1 0.001 0 -1 1,1 0.001 0 -1 5.0367 155 2,14 0.001 1 0 1,14 0.001 0 1 2,13 0.001 -1 -1 17.0281 215 13,2 0.001 1 1 13,1 0.001 1 1 14,1 0.001 0 -1 31.0175 275 14,14 0.001 1 -1 13,13 0.001 -1 0 13,14 0.001 1 1 12.0379 185 ::f,0,12 f,1,0 f,12,15 f,14,0 
88:3,1 0.001 0 -1 2,1 0.001 -1 -1 1,1 0.001 0 -1 7.0378 170 2,14 0.001 1 -1 1,14 0.001 0 1 2,13 0.001 -1 -1 17.0281 215 13,2 0.001 1 1 13,1 0.001 1 1 14,1 0.001 0 -1 37.0176 290 14,14 0.001 1 -1 13,13 0.001 -1 1 13,14 0.001 1 1 12.0379 185 ::f,0,12 f,2,2 f,12,15 f,15,0 
89:3,1 0.001 0 -1 2,1 0.001 -1 -1 1,1 0.001 -1 -1 7.0378 170 2,14 0.001 1 -1 1,14 0.001 1 1 2,13 0.001 -1 0 17.0281 215 13,2 0.001 1 0 13,1 0.001 1 0 14,1 0.001 -1 -1 37.0176 290 14,14 0.001 0 -1 13,13 0.001 -1 1 13,14 0.001 1 0 12.0379 185 ::f,0,12 f,2,2 f,12,15 f,15,0 
90:3,1 0.001 -1 -1 2,1 0.001 -1 0 1,1 0.001 -1 -1 7.0378 170 2,14 0.001 0 -1 1,14 0.001 1 1 1,13 0.001 -1 0 17.0291 215 14,2 0.001 1 0 13,1 0.001 1 0 14,1 0.001 -1 -1 37.0186 290 14,13 0.001 0 -1 13,13 0.001 0 1 14,14 0.001 1 0 12.0399 185 ::f,0,12 f,2,2 f,12,15 f,15,0 
91:2,0 0.001 -1 -1 2,1 0.001 -1 0 1,1 0.001 -1 0 7.0388 170 2,13 0.001 0 -1 1,14 0.001 1 0 1,13 0.001 -1 0 17.0301 215 14,2 0.001 1 0 13,1 0.001 1 -1 14,1 0.001 -1 0 37.0186 290 14,13 0.001 0 -1 13,14 0.001 0 1 14,14 0.001 1 0 12.0409 185 ::f,0,12 f,2,2 f,12,15 f,15,0 
92:2,0 0.001 -1 -1 2,1 0.001 -1 0 1,1 0.001 -1 0 7.0388 170 2,13 0.001 0 -1 2,14 0.001 1 0 1,13 0.001 -1 1 17.0311 215 14,2 0.001 1 -1 13,1 0.001 1 -1 14,1 0.001 -1 0 37.0186 290 14,13 0.001 -1 -1 13,14 0.001 0 1 14,14 0.001 1 -1 12.0409 185 ::f,0,12 f,2,2 f,12,15 f,15,0 
93:2,0 0.001 -1 0 2,1 0.001 -1 1 1,1 0.001 -1 1 7.0388 170 2,13 0.001 -1 -1 2,14 0.001 1 0 1,13 0.001 -1 1 17.0311 215 14,2 0.001 1 -1 13,1 0.001 0 -1 14,1 0.001 -1 0 37.0186 290 14,13 0.001 -1 -1 13,14 0.001 1 1 14,14 0.001 1 -1 12.0409 185 ::f,0,12 f,2,2 f,12,15 f,15,0 
94:1,0 0.001 -1 0 2,1 0.001 -1 1 1,1 0.001 -1 1 7.0398 170 2,13 0.001 -1 -1 2,14 0.001 1 -1 1,13 0.001 0 1 17.0311 215 14,2 0.001 0 -1 13,1 0.001 0 -1 14,1 0.001 -1 1 37.0186 290 14,13 0.001 -1 0 13,14 0.001 1 1 14,14 0.001 0 -1 12.0409 185 ::f,0,12 f,2,2 f,12,15 f,15,0 
95:1,0 0.001 -1 0 2,1 0.001 0 1 1,1 0.001 0 1 7.0398 170 2,13 0.001 -1 0 2,14 0.001 1 -1 1,14 0.001 0 1 17.0321 215 14,2 0.001 0 -1 13,1 0.001 -1 -1 14,1 0.001 -1 1 37.0186 290 13,13 0.001 -1 0 13,14 0.001 1 0 14,13 0.001 0 -1 12.0429 185 ::f,0,12 f,2,2 f,12,15 f,15,0 
96:1,0 0.001 -1 1 2,1 0.001 0 1 1,2 0.001 0 1 9.0409 185 1,13 0.001 -1 0 2,14 0.001 0 -1 1,14 0.001 0 1 17.0331 215 14,2 0.001 0 -1 13,1 0.001 -1 -1 14,1 0.001 0 1 37.0186 290 13,13 0.001 -1 0 14,14 0.001 1 0 14,13 0.001 0 -1 12.0439 185 ::f,0,12 f,3,2 f,12,15 f,15,0 
97:0,1 0.001 -1 1 2,1 0.001 1 1 1,2 0.001 0 1 9.0419 185 1,13 0.001 -1 0 2,13 0.001 0 -1 1,14 0.001 1 1 17.0341 215 14,2 0.001 -1 -1 13,1 0.001 -1 0 14,1 0.001 0 1 37.0186 290 13,13 0.001 -1 1 14,14 0.001 1 0 14,13 0.001 -1 -1 12.0439 185 ::f,0,12 f,3,2 f,12,15 f,15,0 
98:0,1 0.001 -1 1 2,1 0.001 1 1 1,2 0.001 1 1 12.042 200 1,13 0.001 -1 1 2,13 0.001 0 -1 1,14 0.001 1 1 17.0341 215 14,2 0.001 -1 -1 13,1 0.001 -1 0 14,1 0.001 1 1 37.0186 290 13,13 0.001 -1 1 14,14 0.001 1 -1 14,13 0.001 -1 -1 12.0439 185 ::f,0,2 f,0,12 f,12,15 f,15,0 
99:0,1 0.001 0 1 2,1 0.001 1 0 1,2 0.001 1 1 12.042 200 1,13 0.001 -1 1 2,13 0.001 -1 -1 1,14 0.001 1 0 17.0341 215 14,2 0.001 -1 0 13,1 0.001 -1 1 14,1 0.001 1 1 37.0186 290 13,13 0.001 0 1 14,14 0.001 1 -1 14,13 0.001 -1 0 12.0439 185 ::f,0,2 f,0,12 f,12,15 f,15,0 
100:0,1 0.001 0 1 2,1 0.001 1 0 1,2 0.001 1 0 12.042 200 1,13 0.001 0 1 2,13 0.001 -1 -1 2,14 0.001 1 0 17.0351 215 14,2 0.001 -1 0 13,1 0.001 -1 1 14,1 0.001 1 0 37.0186 290 13,14 0.001 0 1 14,14 0.001 0 -1 13,13 0.001 -1 0 12.0459 185 ::f,0,2 f,0,12 f,12,15 f,15,0 
101:0,1 0.001 0 1 2,1 0.001 1 -1 2,2 0.001 1 0 15.0431 215 1,14 0.001 0 1 2,13 0.001 -1 0 2,14 0.001 1 0 17.0361 215 14,2 0.001 -1 1 13,1 0.001 0 1 14,1 0.001 1 0 37.0186 290 13,14 0.001 0 1 14,13 0.001 0 -1 13,13 0.001 -1 0 12.0469 185 ::f,0,0 f,0,12 f,12,15 f,15,0 
102:0,1 0.001 1 1 2,1 0.001 1 -1 2,2 0.001 1 0 15.0431 215 1,14 0.001 0 1 1,13 0.001 -1 0 2,14 0.001 1 -1 17.0371 215 14,2 0.001 -1 1 13,2 0.001 0 1 14,1 0.001 1 -1 37.0196 290 13,14 0.001 1 1 14,13 0.001 0 -1 13,13 0.001 -1 1 12.0469 185 ::f,0,0 f,0,12 f,12,15 f,15,0 
103:1,2 0.001 1 1 2,1 0.001 0 -1 2,2 0.001 1 -1 15.0441 215 1,14 0.001 1 1 1,13 0.001 -1 0 2,14 0.001 1 -1 17.0371 215 14,2 0.001 0 1 13,2 0.001 0 1 14,1 0.001 1 -1 44.0197 305 13,14 0.001 1 1 14,13 0.001 -1 -1 13,13 0.001 -1 1 12.0469 185 ::f,0,0 f,0,12 f,12,15 f,13,0 
104:1,2 0.001 1 1 2,1 0.001 0 -1 2,2 0.001 1 -1 15.0441 215 1,14 0.001 1 1 1,13 0.001 -1 1 2,14 0.001 0 -1 17.0371 215 14,2 0.001 0 1 13,2 0.001 1 1 14,1 0.001 0 -1 44.0197 305 13,14 0.001 1 0 14,13 0.001 -1 -1 13,13 0.001 0 1 12.0469 185 ::f,0,0 f,0,12 f,12,15 f,13,0 
105:1,2 0.001 1 0 2,1 0.001 -1 -1 2,2 0.001 0 -1 15.0441 215 1,14 0.001 1 0 1,13 0.001 -1 1 2,13 0.001 0 -1 17.0381 215 14,2 0.001 1 1 13,2 0.001 1 1 14,1 0.001 0 -1 44.0197 305 14,14 0.001 1 0 14,13 0.001 -1 0 13,14 0.001 0 1 12.0489 185 ::f,0,0 f,0,12 f,12,15 f,13,0 
106:1,2 0.001 1 0 2,1 0.001 -1 -1 2,2 0.001 0 -1 15.0441 215 2,14 0.001 1 0 1,13 0.001 0 1 2,13 0.001 0 -1 17.0391 215 14,2 0.001 1 1 13,2 0.001 1 0 14,1 0.001 -1 -1 44.0197 305 14,14 0.001 1 0 13,13 0.001 -1 0 13,14 0.001 0 1 12.0499 185 ::f,0,0 f,0,12 f,12,15 f,13,0 
107:1,2 0.001 1 -1 2,1 0.001 -1 0 2,2 0.001 0 -1 15.0441 215 2,14 0.001 1 0 1,14 0.001 0 1 2,13 0.001 -1 -1 17.0401 215 14,2 0.001 1 0 13,2 0.001 1 0 14,1 0.001 -1 -1 52.0198 320 14,14 0.001 1 -1 13,13 0.001 -1 0 13,14 0.001 1 1 12.0499 185 ::f,0,0 f,0,12 f,12,15 f,15,3 
108:1,2 0.001 1 -1 1,1 0.001 -1 0 2,2 0.001 -1 -1 15.0451 215 2,14 0.001 1 -1 1,14 0.001 0 1 2,13 0.001 -1 -1 17.0401 215 14,2 0.001 1 0 13,2 0.001 1 0 14,1 0.001 -1 0 52.0198 320 14,14 0.001 1 -1 13,13 0.001 -1 1 13,14 0.001 1 1 12.0499 185 ::f,0,0 f,0,12 f,12,15 f,15,3 
109:1,2 0.001 0 -1 1,1 0.001 -1 0 2,2 0.001 -1 -1 15.0451 215 2,14 0.001 1 -1 1,14 0.001 1 1 2,13 0.001 -1 0 17.0401 215 14,2 0.001 1 -1 13,2 0.001 1 -1 13,1 0.001 -1 0 52.0208 320 14,14 0.001 0 -1 13,13 0.001 -1 1 13,14 0.001 1 0 12.0499 185 ::f,0,0 f,0,12 f,12,15 f,15,3 
110:1,2 0.001 0 -1 1,1 0.001 -1 1 2,2 0.001 -1 -1 15.0451 215 2,14 0.001 0 -1 1,14 0.001 1 1 1,13 0.001 -1 0 17.0411 215 14,2 0.001 1 -1 13,2 0.001 1 -1 13,1 0.001 -1 0 52.0208 320 14,13 0.001 0 -1 13,13 0.001 0 1 14,14 0.001 1 0 12.0519 185 ::f,0,0 f,0,12 f,12,15 f,15,3 
111:1,2 0.001 0 -1 1,1 0.001 -1 1 2,2 0.001 -1 0 15.0451 215 2,13 0.001 0 -1 1,14 0.001 1 0 1,13 0.001 -1 0 17.0421 215 14,2 0.001 0 -1 13,2 0.001 0 -1 13,1 0.001 -1 1 52.0208 320 14,13 0.001 0 -1 13,14 0.001 0 1 14,14 0.001 1 0 12.0529 185 ::f,0,0 f,0,12 f,12,15 f,15,3 
112:1,2 0.001 -1 -1 1,1 0.001 0 1 2,2 0.001 -1 0 15.0451 215 2,13 0.001 0 -1 2,14 0.001 1 0 1,13 0.001 -1 1 17.0431 215 14,1 0.001 0 -1 13,2 0.001 0 -1 13,1 0.001 -1 1 52.0218 320 14,13 0.001 -1 -1 13,14 0.001 0 1 14,14 0.001 1 -1 12.0529 185 ::f,0,0 f,0,12 f,12,15 f,15,3 
113:1,2 0.001 -1 -1 1,1 0.001 0 1 2,2 0.001 -1 1 15.0451 215 2,13 0.001 -1 -1 2,14 0.001 1 0 1,13 0.001 -1 1 17.0431 215 14,1 0.001 0 -1 13,2 0.001 -1 -1 13,1 0.001 0 1 52.0218 320 14,13 0.001 -1 -1 13,14 0.001 1 1 14,14 0.001 1 -1 12.0529 185 ::f,0,0 f,0,12 f,12,15 f,15,3 
114:1,2 0.001 -1 0 1,1 0.001 0 1 2,2 0.001 -1 1 15.0451 215 2,13 0.001 -1 -1 2,14 0.001 1 -1 1,13 0.001 0 1 17.0431 215 14,1 0.001 -1 -1 13,2 0.001 -1 -1 13,1 0.001 0 1 52.0218 320 14,13 0.001 -1 0 13,14 0.001 1 1 14,14 0.001 0 -1 12.0529 185 ::f,0,0 f,0,12 f,12,15 f,15,3 
115:1,2 0.001 -1 0 1,1 0.001 1 1 2,2 0.001 0 1 15.0451 215 2,13 0.001 -1 0 2,14 0.001 1 -1 1,14 0.001 0 1 17.0441 215 14,1 0.001 -1 -1 13,2 0.001 -1 0 13,1 0.001 0 1 52.0218 320 13,13 0.001 -1 0 13,14 0.001 1 0 14,13 0.001 0 -1 12.0549 185 ::f,0,0 f,0,12 f,12,15 f,15,3 
116:1,2 0.001 -1 1 1,1 0.001 1 1 2,2 0.001 0 1 15.0451 215 1,13 0.001 -1 0 2,14 0.001 0 -1 1,14 0.001 0 1 17.0451 215 14,1 0.001 -1 0 13,2 0.001 -1 0 13,1 0.001 1 1 52.0218 320 13,13 0.001 -1 0 14,14 0.001 1 0 14,13 0.001 0 -1 12.0559 185 ::f,0,0 f,0,12 f,12,15 f,15,3 
117:1,2 0.001 -1 1 1,1 0.001 1 0 2,2 0.001 1 1 15.0451 215 1,13 0.001 -1 0 2,13 0.001 0 -1 1,14 0.001 1 1 17.0461 215 14,1 0.001 -1 0 13,2 0.001 -1 1 14,2 0.001 1 1 52.0228 320 13,13 0.001 -1 1 14,14 0.001 1 0 14,13 0.001 -1 -1 12.0559 185 ::f,0,0 f,0,12 f,12,15 f,15,3 
118:1,2 0.001 0 1 1,1 0.001 1 0 2,2 0.001 1 1 15.0451 215 1,13 0.001 -1 1 2,13 0.001 0 -1 1,14 0.001 1 1 17.0461 215 14,1 0.001 -1 0 13,2 0.001 -1 1 14,2 0.001 1 1 61.0229 335 13,13 0.001 -1 1 14,14 0.001 1 -1 14,13 0.001 -1 -1 12.0559 185 ::f,0,0 f,0,12 f,12,15 f,13,0 
119:1,2 0.001 0 1 1,1 0.001 1 -1 2,2 0.001 1 0 15.0451 215 1,13 0.001 -1 1 2,13 0.001 -1 -1 1,14 0.001 1 0 17.0461 215 14,1 0.001 -1 1 13,2 0.001 0 1 14,2 0.001 1 0 61.0229 335 13,13 0.001 0 1 14,14 0.001 1 -1 14,13 0.001 -1 0 12.0559 185 ::f,0,0 f,0,12 f,12,15 f,13,0 
120:1,2 0.001 1 1 1,1 0.001 1 -1 2,2 0.001 1 0 15.0451 215 1,13 0.001 0 1 2,13 0.001 -1 -1 2,14 0.001 1 0 17.0471 215 14,1 0.001 -1 1 13,2 0.001 0 1 14,2 0.001 1 0 61.0229 335 13,14 0.001 0 1 14,14 0.001 0 -1 13,13 0.001 -1 0 12.0579 185 ::f,0,0 f,0,12 f,12,15 f,13,0 
121:2,3 0.001 1 1 1,1 0.001 0 -1 2,2 0.001 1 -1 15.0461 215 1,14 0.001 0 1 2,13 0.001 -1 0 2,14 0.001 1 0 17.0481 215 14,1 0.001 0 1 13,2 0.001 1 1 14,2 0.001 1 -1 61.0229 335 13,14 0.001 0 1 14,13 0.001 0 -1 13,13 0.001 -1 0 12.0589 185 ::f,0,0 f,0,12 f,12,15 f,13,0 
122:2,3 0.001 1 1 1,1 0.001 0 -1 2,2 0.001 1 -1 15.0461 215 1,14 0.001 0 1 1,13 0.001 -1 0 2,14 0.001 1 -1 17.0491 215 14,1 0.001 0 1 13,2 0.001 1 1 14,2 0.001 1 -1 61.0229 335 13,14 0.001 1 1 14,13 0.001 0 -1 13,13 0.001 -1 1 12.0589 185 ::f,0,0 f,0,12 f,12,15 f,13,0 
123:2,3 0.001 1 0 1,1 0.001 -1 -1 2,2 0.001 0 -1 15.0461 215 1,14 0.001 1 1 1,13 0.001 -1 0 2,14 0.001 1 -1 17.0491 215 14,1 0.001 1 1 13,2 0.001 1 0 14,2 0.001 0 -1 61.0229 335 13,14 0.001 1 1 14,13 0.001 -1 -1 13,13 0.001 -1 1 12.0589 185 ::f,0,0 f,0,12 f,12,15 f,13,0 
124:2,3 0.001 1 0 1,1 0.001 -1 -1 2,1 0.001 0 -1 19.0472 230 1,14 0.001 1 1 1,13 0.001 -1 1 2,14 0.001 0 -1 17.0491 215 14,1 0.001 1 1 13,2 0.001 1 0 14,2 0.001 0 -1 61.0229 335 13,14 0.001 1 0 14,13 0.001 -1 -1 13,13 0.001 0 1 12.0589 185 ::f,0,12 f,1,3 f,12,15 f,13,0 
125:2,3 0.001 1 -1 1,1 0.001 -1 0 2,1 0.001 0 -1 19.0472 230 1,14 0.001 1 0 1,13 0.001 -1 1 2,13 0.001 0 -1 17.0501 215 14,1 0.001 1 0 13,2 0.001 1 0 14,2 0.001 0 -1 61.0229 335 14,14 0.001 1 0 14,13 0.001 -1 0 13,14 0.001 0 1 12.0609 185 ::f,0,12 f,1,3 f,12,15 f,13,0 
126:3,2 0.001 1 -1 1,1 0.001 -1 0 2,1 0.001 -1 -1 19.0482 230 2,14 0.001 1 0 1,13 0.001 0 1 2,13 0.001 0 -1 17.0511 215 14,1 0.001 1 0 13,2 0.001 1 -1 14,2 0.001 -1 -1 61.0229 335 14,14 0.001 1 0 13,13 0.001 -1 0 13,14 0.001 0 1 12.0619 185 ::f,0,12 f,1,3 f,12,15 f,13,0 
127:3,2 0.001 1 -1 1,1 0.001 -1 1 2,1 0.001 -1 -1 19.0482 230 2,14 0.001 1 0 1,14 0.001 0 1 2,13 0.001 -1 -1 17.0521 215 14,1 0.001 1 -1 13,2 0.001 1 -1 14,2 0.001 -1 -1 61.0229 335 14,14 0.001 1 -1 13,13 0.001 -1 0 13,14 0.001 1 1 12.0619 185 ::f,0,12 f,1,3 f,12,15 f,13,0 
128:3,2 0.001 0 -1 1,1 0.001 -1 1 2,1 0.001 -1 0 19.0482 230 2,14 0.001 1 -1 1,14 0.001 0 1 2,13 0.001 -1 -1 17.0521 215 14,1 0.001 1 -1 13,2 0.001 0 -1 14,2 0.001 -1 0 61.0229 335 14,14 0.001 1 -1 13,13 0.001 -1 1 13,14 0.001 1 1 12.0619 185 ::f,0,12 f,1,3 f,12,15 f,13,0 
129:3,1 0.001 0 -1 1,1 0.001 0 1 2,1 0.001 -1 0 19.0492 230 2,14 0.001 1 -1 1,14 0.001 1 1 2,13 0.001 -1 0 17.0521 215 14,1 0.001 0 -1 13,1 0.001 0 -1 14,2 0.001 -1 0 61.0239 335 14,14 0.001 0 -1 13,13 0.001 -1 1 13,14 0.001 1 0 12.0619 185 ::f,0,12 f,1,3 f,12,15 f,13,0 
130:3,1 0.001 0 -1 1,2 0.001 0 1 2,1 0.001 -1 0 19.0502 230 2,14 0.001 0 -1 1,14 0.001 1 1 1,13 0.001 -1 0 17.0531 215 14,1 0.001 0 -1 13,1 0.001 0 -1 14,2 0.001 -1 1 66.024 350 14,13 0.001 0 -1 13,13 0.001 0 1 14,14 0.001 1 0 12.0639 185 ::f,0,12 f,1,3 f,12,15 f,13,2 
131:3,1 0.001 -1 -1 1,2 0.001 0 1 2,1 0.001 -1 1 24.0503 245 2,13 0.001 0 -1 1,14 0.001 1 0 1,13 0.001 -1 0 17.0541 215 14,1 0.001 -1 -1 13,1 0.001 -1 -1 14,2 0.001 -1 1 66.024 350 14,13 0.001 0 -1 13,14 0.001 0 1 14,14 0.001 1 0 12.0649 185 ::f,0,12 f,1,0 f,12,15 f,13,2 
132:2,0 0.001 -1 -1 1,2 0.001 1 1 2,1 0.001 -1 1 24.0513 245 2,13 0.001 0 -1 2,14 0.001 1 0 1,13 0.001 -1 1 17.0551 215 14,1 0.001 -1 -1 13,1 0.001 -1 -1 14,2 0.001 0 1 66.024 350 14,13 0.001 -1 -1 13,14 0.001 0 1 14,14 0.001 1 -1 12.0649 185 ::f,0,12 f,1,0 f,12,15 f,13,2 
133:2,0 0.001 -1 -1 1,2 0.001 1 1 2,1 0.001 0 1 24.0513 245 2,13 0.001 -1 -1 2,14 0.001 1 0 1,13 0.001 -1 1 17.0551 215 14,1 0.001 -1 0 13,1 0.001 -1 0 14,2 0.001 0 1 66.024 350 14,13 0.001 -1 -1 13,14 0.001 1 1 14,14 0.001 1 -1 12.0649 185 ::f,0,12 f,1,0 f,12,15 f,13,2 
134:2,0 0.001 -1 0 1,2 0.001 1 0 2,1 0.001 0 1 24.0513 245 2,13 0.001 -1 -1 2,14 0.001 1 -1 1,13 0.001 0 1 17.0551 215 14,1 0.001 -1 0 13,1 0.001 -1 0 14,2 0.001 1 1 66.024 350 14,13 0.001 -1 0 13,14 0.001 1 1 14,14 0.001 0 -1 12.0649 185 ::f,0,12 f,1,0 f,12,15 f,13,2 
135:2,0 0.001 -1 0 2,2 0.001 1 0 2,1 0.001 1 1 24.0523 245 2,13 0.001 -1 0 2,14 0.001 1 -1 1,14 0.001 0 1 17.0561 215 14,1 0.001 -1 0 13,1 0.001 -1 1 14,2 0.001 1 1 66.024 350 13,13 0.001 -1 0 13,14 0.001 1 0 14,13 0.001 0 -1 12.0669 185 ::f,0,12 f,1,0 f,12,15 f,13,2 
136:2,0 0.001 -1 0 2,2 0.001 1 0 2,1 0.001 1 1 28.0524 260 1,13 0.001 -1 0 2,14 0.001 0 -1 1,14 0.001 0 1 17.0571 215 14,1 0.001 -1 1 13,1 0.001 -1 1 14,2 0.001 1 0 66.024 350 13,13 0.001 -1 0 14,14 0.001 1 0 14,13 0.001 0 -1 12.0679 185 ::f,0,12 f,3,3 f,12,15 f,13,2 
137:2,0 0.001 -1 1 2,2 0.001 1 -1 2,1 0.001 1 0 28.0524 260 1,13 0.001 -1 0 2,13 0.001 0 -1 1,14 0.001 1 1 17.0581 215 14,1 0.001 -1 1 13,1 0.001 0 1 14,2 0.001 1 0 70.0241 365 13,13 0.001 -1 1 14,14 0.001 1 0 14,13 0.001 -1 -1 12.0679 185 ::f,0,12 f,3,3 f,12,15 f,15,1 
138:2,0 0.001 -1 1 2,2 0.001 1 -1 2,1 0.001 1 0 28.0524 260 1,13 0.001 -1 1 2,13 0.001 0 -1 1,14 0.001 1 1 17.0581 215 14,1 0.001 0 1 13,2 0.001 0 1 14,2 0.001 1 -1 70.0251 365 13,13 0.001 -1 1 14,14 0.001 1 -1 14,13 0.001 -1 -1 12.0679 185 ::f,0,12 f,3,3 f,12,15 f,15,1 
139:2,0 0.001 0 1 2,2 0.001 0 -1 2,1 0.001 1 -1 28.0524 260 1,13 0.001 -1 1 2,13 0.001 -1 -1 1,14 0.001 1 0 17.0581 215 14,1 0.001 0 1 13,2 0.001 0 1 14,2 0.001 1 -1 80.0252 380 13,13 0.001 0 1 14,14 0.001 1 -1 14,13 0.001 -1 0 12.0679 185 ::f,0,12 f,3,3 f,12,15 f,15,1 
140:2,0 0.001 0 1 2,2 0.001 0 -1 2,1 0.001 1 -1 28.0524 260 1,13 0.001 0 1 2,13 0.001 -1 -1 2,14 0.001 1 0 17.0591 215 14,1 0.001 1 1 13,2 0.001 1 1 14,2 0.001 0 -1 80.0252 380 13,14 0.001 0 1 14,14 0.001 0 -1 13,13 0.001 -1 0 12.0699 185 ::f,0,12 f,3,3 f,12,15 f,15,1 
141:2,0 0.001 1 1 2,2 0.001 0 -1 2,1 0.001 0 -1 28.0524 260 1,14 0.001 0 1 2,13 0.001 -1 0 2,14 0.001 1 0 17.0601 215 14,1 0.001 1 1 13,2 0.001 1 1 14,2 0.001 0 -1 80.0252 380 13,14 0.001 0 1 14,13 0.001 0 -1 13,13 0.001 -1 0 12.0709 185 ::f,0,12 f,3,3 f,12,15 f,15,1 
142:2,0 0.001 1 1 2,2 0.001 -1 -1 2,1 0.001 0 -1 28.0524 260 1,14 0.001 0 1 1,13 0.001 -1 0 2,14 0.001 1 -1 17.0611 215 14,1 0.001 1 0 13,2 0.001 1 0 14,2 0.001 0 -1 80.0252 380 13,14 0.001 1 1 14,13 0.001 0 -1 13,13 0.001 -1 1 12.0709 185 ::f,0,12 f,3,3 f,12,15 f,15,1 
143:2,0 0.001 1 0 2,2 0.001 -1 -1 2,1 0.001 -1 -1 28.0524 260 1,14 0.001 1 1 1,13 0.001 -1 0 2,14 0.001 1 -1 17.0611 215 14,1 0.001 1 0 13,2 0.001 1 0 14,2 0.001 -1 -1 85.0253 395 13,14 0.001 1 1 14,13 0.001 -1 -1 13,13 0.001 -1 1 12.0709 185 ::f,0,12 f,3,3 f,12,0 f,12,15 
144:2,0 0.001 1 0 2,2 0.001 -1 0 2,1 0.001 -1 -1 28.0524 260 1,14 0.001 1 1 1,13 0.001 -1 1 2,14 0.001 0 -1 17.0611 215 14,1 0.001 1 -1 13,2 0.001 1 0 13,1 0.001 -1 -1 85.0263 395 13,14 0.001 1 0 14,13 0.001 -1 -1 13,13 0.001 0 1 12.0709 185 ::f,0,12 f,3,3 f,12,0 f,12,15 
145:2,0 0.001 1 -1 2,2 0.001 -1 0 2,1 0.001 -1 0 28.0524 260 1,14 0.001 1 0 1,13 0.001 -1 1 2,13 0.001 0 -1 17.0621 215 14,1 0.001 1 -1 13,2 0.001 1 -1 13,1 0.001 -1 -1 95.0264 410 14,14 0.001 1 0 14,13 0.001 -1 0 13,14 0.001 0 1 12.0729 185 ::f,0,12 f,3,3 f,12,15 f,14,3 
146:2,0 0.001 1 -1 2,2 0.001 -1 1 1,1 0.001 -1 0 28.0534 260 2,14 0.001 1 0 1,13 0.001 0 1 2,13 0.001 0 -1 17.0631 215 14,1 0.001 0 -1 13,2 0.001 1 -1 13,1 0.001 -1 0 95.0264 410 14,14 0.001 1 0 13,13 0.001 -1 0 13,14 0.001 0 1 12.0739 185 ::f,0,12 f,3,3 f,12,15 f,14,3 
147:2,0 0.001 0 -1 2,2 0.001 -1 1 1,1 0.001 -1 0 28.0534 260 2,14 0.001 1 0 1,14 0.001 0 1 2,13 0.001 -1 -1 17.0641 215 14,1 0.001 0 -1 13,2 0.001 0 -1 13,1 0.001 -1 0 95.0264 410 14,14 0.001 1 -1 13,13 0.001 -1 0 13,14 0.001 1 1 12.0739 185 ::f,0,12 f,3,3 f,12,15 f,14,3 
148:2,0 0.001 0 -1 2,2 0.001 0 1 1,1 0.001 -1 1 28.0534 260 2,14 0.001 1 -1 1,14 0.001 0 1 2,13 0.001 -1 -1 17.0641 215 14,1 0.001 -1 -1 13,2 0.001 0 -1 13,1 0.001 -1 1 95.0264 410 14,14 0.001 1 -1 13,13 0.001 -1 1 13,14 0.001 1 1 12.0739 185 ::f,0,12 f,3,3 f,12,15 f,14,3 
149:2,0 0.001 -1 -1 2,2 0.001 0 1 1,1 0.001 -1 1 28.0534 260 2,14 0.001 1 -1 1,14 0.001 1 1 2,13 0.001 -1 0 17.0641 215 14,1 0.001 -1 -1 13,2 0.001 -1 -1 13,1 0.001 -1 1 95.0264 410 14,14 0.001 0 -1 13,13 0.001 -1 1 13,14 0.001 1 0 12.0739 185 ::f,0,12 f,3,3 f,12,15 f,14,3 
150:2,0 0.001 -1 -1 2,2 0.001 1 1 1,1 0.001 0 1 28.0534 260 2,14 0.001 0 -1 1,14 0.001 1 1 1,13 0.001 -1 0 17.0651 215 14,1 0.001 -1 0 13,2 0.001 -1 -1 13,1 0.001 0 1 95.0264 410 14,13 0.001 0 -1 13,13 0.001 0 1 14,14 0.001 1 0 12.0759 185 ::f,0,12 f,3,3 f,12,15 f,14,3 
151:2,0 0.001 -1 0 2,2 0.001 1 1 1,2 0.001 0 1 34.0545 275 2,13 0.001 0 -1 1,14 0.001 1 0 1,13 0.001 -1 0 17.0661 215 14,1 0.001 -1 0 13,2 0.001 -1 0 13,1 0.001 0 1 95.0264 410 14,13 0.001 0 -1 13,14 0.001 0 1 14,14 0.001 1 0 12.0769 185 ::f,0,12 f,2,3 f,12,15 f,14,3 
152:1,0 0.001 -1 0 2,2 0.001 1 0 1,2 0.001 0 1 34.0555 275 2,13 0.001 0 -1 2,14 0.001 1 0 1,13 0.001 -1 1 17.0671 215 14,1 0.001 -1 0 13,2 0.001 -1 0 13,1 0.001 0 1 95.0264 410 14,13 0.001 -1 -1 13,14 0.001 0 1 14,14 0.001 1 -1 12.0769 185 ::f,0,12 f,2,3 f,12,15 f,14,3 
153:1,0 0.001 -1 0 2,2 0.001 1 0 1,2 0.001 1 1 34.0555 275 2,13 0.001 -1 -1 2,14 0.001 1 0 1,13 0.001 -1 1 17.0671 215 14,1 0.001 -1 1 13,2 0.001 -1 1 13,1 0.001 1 1 95.0264 410 14,13 0.001 -1 -1 13,14 0.001 1 1 14,14 0.001 1 -1 12.0769 185 ::f,0,12 f,2,3 f,12,15 f,14,3 
154:1,0 0.001 -1 1 2,2 0.001 1 -1 1,2 0.001 1 1 37.0556 290 2,13 0.001 -1 -1 2,14 0.001 1 -1 1,13 0.001 0 1 17.0671 215 14,1 0.001 -1 1 13,2 0.001 -1 1 13,1 0.001 1 1 95.0264 410 14,13 0.001 -1 0 13,14 0.001 1 1 14,14 0.001 0 -1 12.0769 185 ::f,0,1 f,0,12 f,12,15 f,14,3 
155:1,0 0.001 -1 1 2,2 0.001 1 -1 1,2 0.001 1 0 37.0556 290 2,13 0.001 -1 0 2,14 0.001 1 -1 1,14 0.001 0 1 17.0681 215 14,1 0.001 0 1 13,2 0.001 0 1 13,1 0.001 1 0 95.0264 410 13,13 0.001 -1 0 13,14 0.001 1 0 14,13 0.001 0 -1 12.0789 185 ::f,0,1 f,0,12 f,12,15 f,14,3 
156:1,0 0.001 -1 1 2,2 0.001 0 -1 1,2 0.001 1 0 42.0557 305 1,13 0.001 -1 0 2,14 0.001 0 -1 1,14 0.001 0 1 17.0691 215 14,2 0.001 0 1 13,2 0.001 0 1 13,1 0.001 1 0 95.0274 410 13,13 0.001 -1 0 14,14 0.001 1 0 14,13 0.001 0 -1 12.0799 185 ::f,0,3 f,0,12 f,12,15 f,14,3 
157:1,0 0.001 0 1 2,1 0.001 0 -1 1,2 0.001 1 0 42.0567 305 1,13 0.001 -1 0 2,13 0.001 0 -1 1,14 0.001 1 1 17.0701 215 14,2 0.001 0 1 13,2 0.001 1 1 13,1 0.001 1 -1 101.028 425 13,13 0.001 -1 1 14,14 0.001 1 0 14,13 0.001 -1 -1 12.0799 185 ::f,0,3 f,0,12 f,12,3 f,12,15 
158:1,0 0.001 0 1 2,1 0.001 0 -1 1,2 0.001 1 -1 42.0567 305 1,13 0.001 -1 1 2,13 0.001 0 -1 1,14 0.001 1 1 17.0701 215 14,2 0.001 1 1 13,2 0.001 1 1 13,1 0.001 1 -1 101.028 425 13,13 0.001 -1 1 14,14 0.001 1 -1 14,13 0.001 -1 -1 12.0799 185 ::f,0,3 f,0,12 f,12,3 f,12,15 
159:1,0 0.001 1 1 2,1 0.001 -1 -1 1,2 0.001 1 -1 42.0567 305 1,13 0.001 -1 1 2,13 0.001 -1 -1 1,14 0.001 1 0 17.0701 215 14,2 0.001 1 1 13,2 0.001 1 0 13,1 0.001 0 -1 101.028 425 13,13 0.001 0 1 14,14 0.001 1 -1 14,13 0.001 -1 0 12.0799 185 ::f,0,3 f,0,12 f,12,3 f,12,15 
160:1,0 0.001 1 1 2,1 0.001 -1 -1 1,2 0.001 0 -1 42.0567 305 1,13 0.001 0 1 2,13 0.001 -1 -1 2,14 0.001 1 0 17.0711 215 14,2 0.001 1 0 13,2 0.001 1 0 13,1 0.001 0 -1 101.028 425 13,14 0.001 0 1 14,14 0.001 0 -1 13,13 0.001 -1 0 12.0819 185 ::f,0,3 f,0,12 f,12,3 f,12,15 
161:1,0 0.001 1 0 2,1 0.001 -1 0 1,1 0.001 0 -1 42.0577 305 1,14 0.001 0 1 2,13 0.001 -1 0 2,14 0.001 1 0 17.0721 215 14,2 0.001 1 0 13,2 0.001 1 0 13,1 0.001 -1 -1 101.028 425 13,14 0.001 0 1 14,13 0.001 0 -1 13,13 0.001 -1 0 12.0829 185 ::f,0,3 f,0,12 f,12,3 f,12,15 
162:1,0 0.001 1 0 2,1 0.001 -1 0 1,1 0.001 0 -1 42.0577 305 1,14 0.001 0 1 1,13 0.001 -1 0 2,14 0.001 1 -1 17.0731 215 14,2 0.001 1 -1 13,2 0.001 1 -1 13,1 0.001 -1 -1 101.028 425 13,14 0.001 1 1 14,13 0.001 0 -1 13,13 0.001 -1 1 12.0829 185 ::f,0,3 f,0,12 f,12,3 f,12,15 
163:1,0 0.001 1 -1 2,1 0.001 -1 0 1,1 0.001 -1 -1 42.0577 305 1,14 0.001 1 1 1,13 0.001 -1 0 2,14 0.001 1 -1 17.0731 215 14,2 0.001 1 -1 13,2 0.001 1 -1 13,1 0.001 -1 0 101.028 425 13,14 0.001 1 1 14,13 0.001 -1 -1 13,13 0.001 -1 1 12.0829 185 ::f,0,3 f,0,12 f,12,3 f,12,15 
164:1,0 0.001 1 -1 2,1 0.001 -1 1 1,1 0.001 -1 -1 42.0577 305 1,14 0.001 1 1 1,13 0.001 -1 1 2,14 0.001 0 -1 17.0731 215 14,2 0.001 0 -1 13,2 0.001 0 -1 13,1 0.001 -1 0 101.028 425 13,14 0.001 1 0 14,13 0.001 -1 -1 13,13 0.001 0 1 12.0829 185 ::f,0,3 f,0,12 f,12,3 f,12,15 
165:1,0 0.001 0 -1 1,2 0.001 -1 1 1,1 0.001 -1 0 42.0587 305 1,14 0.001 1 0 1,13 0.001 -1 1 2,13 0.001 0 -1 17.0741 215 14,1 0.001 0 -1 13,2 0.001 0 -1 13,1 0.001 -1 1 101.029 425 14,14 0.001 1 0 14,13 0.001 -1 0 13,14 0.001 0 1 12.0849 185 ::f,0,3 f,0,12 f,12,3 f,12,15 
166:1,0 0.001 0 -1 1,2 0.001 -1 1 1,1 0.001 -1 0 49.0588 320 2,14 0.001 1 0 1,13 0.001 0 1 2,13 0.001 0 -1 17.0751 215 14,1 0.001 0 -1 13,2 0.001 -1 -1 13,1 0.001 -1 1 101.029 425 14,14 0.001 1 0 13,13 0.001 -1 0 13,14 0.001 0 1 12.0859 185 ::f,0,12 f,2,0 f,12,3 f,12,15 
167:1,0 0.001 -1 -1 1,2 0.001 0 1 1,1 0.001 -1 1 49.0588 320 2,14 0.001 1 0 1,14 0.001 0 1 2,13 0.001 -1 -1 17.0761 215 14,1 0.001 -1 -1 13,2 0.001 -1 -1 13,1 0.001 0 1 101.029 425 14,14 0.001 1 -1 13,13 0.001 -1 0 13,14 0.001 1 1 12.0859 185 ::f,0,12 f,2,0 f,12,3 f,12,15 
168:1,0 0.001 -1 -1 1,2 0.001 0 1 1,1 0.001 -1 1 49.0588 320 2,14 0.001 1 -1 1,14 0.001 0 1 2,13 0.001 -1 -1 17.0761 215 14,1 0.001 -1 -1 13,2 0.001 -1 0 13,1 0.001 0 1 101.029 425 14,14 0.001 1 -1 13,13 0.001 -1 1 13,14 0.001 1 1 12.0859 185 ::f,0,12 f,2,0 f,12,3 f,12,15 
169:1,0 0.001 -1 0 1,2 0.001 1 1 1,1 0.001 0 1 49.0588 320 2,14 0.001 1 -1 1,14 0.001 1 1 2,13 0.001 -1 0 17.0761 215 14,1 0.001 -1 0 13,2 0.001 -1 0 13,1 0.001 0 1 101.029 425 14,14 0.001 0 -1 13,13 0.001 -1 1 13,14 0.001 1 0 12.0859 185 ::f,0,12 f,2,0 f,12,3 f,12,15 
170:1,0 0.001 -1 0 1,2 0.001 1 1 1,1 0.001 0 1 49.0588 320 2,14 0.001 0 -1 1,14 0.001 1 1 1,13 0.001 -1 0 17.0771 215 14,1 0.001 -1 0 13,2 0.001 -1 1 13,1 0.001 1 1 101.029 425 14,13 0.001 0 -1 13,13 0.001 0 1 14,14 0.001 1 0 12.0879 185 ::f,0,12 f,2,0 f,12,3 f,12,15 
171:1,0 0.001 -1 1 1,2 0.001 1 0 1,1 0.001 0 1 49.0588 320 2,13 0.001 0 -1 1,14 0.001 1 0 1,13 0.001 -1 0 17.0781 215 14,1 0.001 -1 0 13,2 0.001 -1 1 14,2 0.001 1 1 107.03 440 14,13 0.001 0 -1 13,14 0.001 0 1 14,14 0.001 1 0 12.0889 185 ::f,0,12 f,2,0 f,12,15 f,15,3 
172:0,1 0.001 -1 1 2,2 0.001 1 0 1,1 0.001 1 1 49.0608 320 2,13 0.001 0 -1 2,14 0.001 1 0 1,13 0.001 -1 1 17.0791 215 14,1 0.001 -1 1 13,2 0.001 0 1 14,2 0.001 1 1 117.03 455 14,13 0.001 -1 -1 13,14 0.001 0 1 14,14 0.001 1 -1 12.0889 185 ::f,0,12 f,2,0 f,12,15 f,13,0 
173:0,1 0.001 -1 1 2,2 0.001 1 0 1,1 0.001 1 1 49.0608 320 2,13 0.001 -1 -1 2,14 0.001 1 0 1,13 0.001 -1 1 17.0791 215 14,1 0.001 -1 1 13,2 0.001 0 1 14,2 0.001 1 0 117.03 455 14,13 0.001 -1 -1 13,14 0.001 1 1 14,14 0.001 1 -1 12.0889 185 ::f,0,12 f,2,0 f,12,15 f,13,0 
174:0,1 0.001 0 1 2,2 0.001 1 -1 1,1 0.001 1 0 49.0608 320 2,13 0.001 -1 -1 2,14 0.001 1 -1 1,13 0.001 0 1 17.0791 215 14,1 0.001 0 1 13,2 0.001 1 1 14,2 0.001 1 0 117.03 455 14,13 0.001 -1 0 13,14 0.001 1 1 14,14 0.001 0 -1 12.0889 185 ::f,0,12 f,2,0 f,12,15 f,13,0 
175:0,2 0.001 0 1 2,2 0.001 1 -1 1,1 0.001 1 0 49.0618 320 2,13 0.001 -1 0 2,14 0.001 1 -1 1,14 0.001 0 1 17.0801 215 14,1 0.001 0 1 13,2 0.001 1 1 14,2 0.001 1 -1 117.03 455 13,13 0.001 -1 0 13,14 0.001 1 0 14,13 0.001 0 -1 12.0909 185 ::f,0,12 f,2,0 f,12,15 f,13,0 
176:0,2 0.001 0 1 2,2 0.001 0 -1 1,1 0.001 1 -1 49.0618 320 1,13 0.001 -1 0 2,14 0.001 0 -1 1,14 0.001 0 1 17.0811 215 14,1 0.001 1 1 13,2 0.001 1 0 14,2 0.001 1 -1 117.03 455 13,13 0.001 -1 0 14,14 0.001 1 0 14,13 0.001 0 -1 12.0919 185 ::f,0,12 f,2,0 f,12,15 f,13,0 
177:0,2 0.001 1 1 2,1 0.001 0 -1 1,1 0.001 1 -1 53.0629 335 1,13 0.001 -1 0 2,13 0.001 0 -1 1,14 0.001 1 1 17.0821 215 14,1 0.001 1 1 13,2 0.001 1 0 14,2 0.001 0 -1 117.03 455 13,13 0.001 -1 1 14,14 0.001 1 0 14,13 0.001 -1 -1 12.0919 185 ::f,0,12 f,1,3 f,12,15 f,13,0 
178:0,2 0.001 1 1 2,1 0.001 0 -1 1,1 0.001 0 -1 53.0629 335 1,13 0.001 -1 1 2,13 0.001 0 -1 1,14 0.001 1 1 17.0821 215 14,1 0.001 1 0 13,2 0.001 1 0 14,2 0.001 0 -1 117.03 455 13,13 0.001 -1 1 14,14 0.001 1 -1 14,13 0.001 -1 -1 12.0919 185 ::f,0,12 f,1,3 f,12,15 f,13,0 
179:0,2 0.001 1 1 2,1 0.001 -1 -1 1,1 0.001 0 -1 59.063 350 1,13 0.001 -1 1 2,13 0.001 -1 -1 1,14 0.001 1 0 17.0821 215 14,1 0.001 1 0 13,2 0.001 1 -1 14,2 0.001 0 -1 117.03 455 13,13 0.001 0 1 14,14 0.001 1 -1 14,13 0.001 -1 0 12.0919 185 ::f,0,3 f,0,12 f,12,15 f,13,0 
180:0,2 0.001 1 0 2,1 0.001 -1 -1 1,1 0.001 -1 -1 59.063 350 1,13 0.001 0 1 2,13 0.001 -1 -1 2,14 0.001 1 0 17.0831 215 14,1 0.001 1 -1 13,2 0.001 1 -1 14,2 0.001 -1 -1 117.03 455 13,14 0.001 0 1 14,14 0.001 0 -1 13,13 0.001 -1 0 12.0939 185 ::f,0,3 f,0,12 f,12,15 f,13,0 
181:1,2 0.001 1 0 2,1 0.001 -1 0 1,1 0.001 -1 -1 59.064 350 1,14 0.001 0 1 2,13 0.001 -1 0 2,14 0.001 1 0 17.0841 215 14,1 0.001 1 -1 13,2 0.001 0 -1 14,2 0.001 -1 -1 117.03 455 13,14 0.001 0 1 14,13 0.001 0 -1 13,13 0.001 -1 0 12.0949 185 ::f,0,3 f,0,12 f,12,15 f,13,0 
182:1,2 0.001 1 0 2,1 0.001 -1 0 1,1 0.001 -1 0 59.064 350 1,14 0.001 0 1 1,13 0.001 -1 0 2,14 0.001 1 -1 17.0851 215 14,1 0.001 0 -1 13,1 0.001 0 -1 14,2 0.001 -1 0 117.031 455 13,14 0.001 1 1 14,13 0.001 0 -1 13,13 0.001 -1 1 12.0949 185 ::f,0,3 f,0,12 f,12,15 f,13,0 
183:1,2 0.001 1 -1 2,1 0.001 -1 0 1,1 0.001 -1 0 59.064 350 1,14 0.001 1 1 1,13 0.001 -1 0 2,14 0.001 1 -1 17.0851 215 14,1 0.001 0 -1 13,1 0.001 0 -1 14,2 0.001 -1 0 134.031 485 13,14 0.001 1 1 14,13 0.001 -1 -1 13,13 0.001 -1 1 12.0949 185 ::f,0,3 f,0,12 f,12,15 f,13,0 
184:1,2 0.001 1 -1 2,1 0.001 -1 1 1,1 0.001 -1 1 59.064 350 1,14 0.001 1 1 1,13 0.001 -1 1 2,14 0.001 0 -1 17.0851 215 14,1 0.001 -1 -1 13,1 0.001 -1 -1 14,2 0.001 -1 1 134.031 485 13,14 0.001 1 0 14,13 0.001 -1 -1 13,13 0.001 0 1 12.0949 185 ::f,0,3 f,0,12 f,12,15 f,13,0 
185:1,2 0.001 0 -1 2,1 0.001 -1 1 1,1 0.001 -1 1 59.064 350 1,14 0.001 1 0 1,13 0.001 -1 1 2,13 0.001 0 -1 17.0861 215 14,1 0.001 -1 -1 13,1 0.001 -1 -1 14,2 0.001 -1 1 149.031 515 14,14 0.001 1 0 14,13 0.001 -1 0 13,14 0.001 0 1 12.0969 185 ::f,0,3 f,0,12 f,12,15 f,15,0 
186:1,2 0.001 0 -1 2,1 0.001 -1 1 1,1 0.001 0 1 59.064 350 2,14 0.001 1 0 1,13 0.001 0 1 2,13 0.001 0 -1 17.0871 215 14,1 0.001 -1 0 13,1 0.001 -1 0 14,2 0.001 0 1 149.031 515 14,14 0.001 1 0 13,13 0.001 -1 0 13,14 0.001 0 1 12.0979 185 ::f,0,3 f,0,12 f,12,15 f,15,0 
187:1,2 0.001 -1 -1 2,1 0.001 0 1 1,1 0.001 0 1 59.064 350 2,14 0.001 1 0 1,14 0.001 0 1 2,13 0.001 -1 -1 17.0881 215 14,1 0.001 -1 0 13,1 0.001 -1 0 14,2 0.001 0 1 149.031 515 14,14 0.001 1 -1 13,13 0.001 -1 0 13,14 0.001 1 1 12.0979 185 ::f,0,3 f,0,12 f,12,15 f,15,0 
188:1,2 0.001 -1 -1 2,1 0.001 0 1 1,1 0.001 0 1 59.064 350 2,14 0.001 1 -1 1,14 0.001 0 1 2,13 0.001 -1 -1 17.0881 215 14,1 0.001 -1 0 13,1 0.001 -1 1 14,2 0.001 1 1 149.031 515 14,14 0.001 1 -1 13,13 0.001 -1 1 13,14 0.001 1 1 12.0979 185 ::f,0,3 f,0,12 f,12,15 f,15,0 
189:1,2 0.001 -1 0 2,1 0.001 1 1 1,1 0.001 1 1 59.064 350 2,14 0.001 1 -1 1,14 0.001 1 1 2,13 0.001 -1 0 17.0881 215 14,1 0.001 -1 1 13,1 0.001 -1 1 14,2 0.001 1 1 149.031 515 14,14 0.001 0 -1 13,13 0.001 -1 1 13,14 0.001 1 0 12.0979 185 ::f,0,3 f,0,12 f,12,15 f,15,0 
190:1,2 0.001 -1 0 2,1 0.001 1 1 1,1 0.001 1 1 59.064 350 2,14 0.001 0 -1 1,14 0.001 1 1 1,13 0.001 -1 0 17.0891 215 14,1 0.001 -1 1 13,1 0.001 0 1 14,2 0.001 1 0 149.031 515 14,13 0.001 0 -1 13,13 0.001 0 1 14,14 0.001 1 0 12.0999 185 ::f,0,3 f,0,12 f,12,15 f,15,0 
191:1,2 0.001 -1 1 2,1 0.001 1 0 1,1 0.001 1 0 59.064 350 2,13 0.001 0 -1 1,14 0.001 1 0 1,13 0.001 -1 0 17.0901 215 14,1 0.001 0 1 13,2 0.001 0 1 14,2 0.001 1 0 149.032 515 14,13 0.001 0 -1 13,14 0.001 0 1 14,14 0.001 1 0 12.1009 185 ::f,0,3 f,0,12 f,12,15 f,15,0 
192:1,2 0.001 -1 1 2,1 0.001 1 0 1,1 0.001 1 0 66.0641 365 2,13 0.001 0 -1 2,14 0.001 1 0 1,13 0.001 -1 1 17.0911 215 14,1 0.001 0 1 13,2 0.001 0 1 14,2 0.001 1 -1 149.032 515 14,13 0.001 -1 -1 13,14 0.001 0 1 14,14 0.001 1 -1 12.1009 185 ::f,0,12 f,3,0 f,12,15 f,15,0 
193:1,2 0.001 0 1 2,1 0.001 1 -1 1,1 0.001 1 -1 66.0641 365 2,13 0.001 -1 -1 2,14 0.001 1 0 1,13 0.001 -1 1 17.0911 215 14,1 0.001 1 1 13,2 0.001 1 1 14,2 0.001 1 -1 149.032 515 14,13 0.001 -1 -1 13,14 0.001 1 1 14,14 0.001 1 -1 12.1009 185 ::f,0,12 f,3,0 f,12,15 f,15,0 
194:1,2 0.001 0 1 2,1 0.001 1 -1 1,1 0.001 1 -1 74.0642 380 2,13 0.001 -1 -1 2,14 0.001 1 -1 1,13 0.001 0 1 17.0911 215 14,1 0.001 1 1 13,2 0.001 1 1 14,2 0.001 0 -1 149.032 515 14,13 0.001 -1 0 13,14 0.001 1 1 14,14 0.001 0 -1 12.1009 185 ::f,0,12 f,3,1 f,12,15 f,15,0 
195:1,2 0.001 1 1 2,1 0.001 0 -1 1,1 0.001 0 -1 74.0642 380 2,13 0.001 -1 0 2,14 0.001 1 -1 1,14 0.001 0 1 17.0921 215 14,1 0.001 1 0 13,2 0.001 1 0 14,2 0.001 0 -1 149.032 515 13,13 0.001 -1 0 13,14 0.001 1 0 14,13 0.001 0 -1 12.1029 185 ::f,0,12 f,3,1 f,12,15 f,15,0 
196:2,3 0.001 1 1 2,1 0.001 0 -1 1,1 0.001 0 -1 74.0652 380 1,13 0.001 -1 0 2,14 0.001 0 -1 1,14 0.001 0 1 17.0931 215 14,1 0.001 1 0 13,2 0.001 1 0 14,2 0.001 0 -1 149.032 515 13,13 0.001 -1 0 14,14 0.001 1 0 14,13 0.001 0 -1 12.1039 185 ::f,0,12 f,3,1 f,12,15 f,15,0 
197:2,3 0.001 1 1 2,1 0.001 -1 -1 1,1 0.001 -1 -1 74.0652 380 1,13 0.001 -1 0 2,13 0.001 0 -1 1,14 0.001 1 1 17.0941 215 14,1 0.001 1 -1 13,2 0.001 1 0 14,2 0.001 -1 -1 149.032 515 13,13 0.001 -1 1 14,14 0.001 1 0 14,13 0.001 -1 -1 12.1039 185 ::f,0,12 f,3,1 f,12,15 f,15,0 
198:2,3 0.001 1 0 2,1 0.001 -1 -1 1,1 0.001 -1 -1 74.0652 380 1,13 0.001 -1 1 2,13 0.001 0 -1 1,14 0.001 1 1 17.0941 215 14,1 0.001 1 -1 13,2 0.001 1 -1 14,2 0.001 -1 -1 157.032 530 13,13 0.001 -1 1 14,14 0.001 1 -1 14,13 0.001 -1 -1 12.1039 185 ::f,0,12 f,3,1 f,12,15 f,14,3 
199:2,3 0.001 1 0 2,1 0.001 -1 0 1,1 0.001 -1 0 74.0652 380 1,13 0.001 -1 1 2,13 0.001 -1 -1 1,14 0.001 1 0 17.0941 215 14,1 0.001 0 -1 13,2 0.001 1 -1 14,2 0.001 -1 0 157.032 530 13,13 0.001 0 1 14,14 0.001 1 -1 14,13 0.001 -1 0 12.1039 185 ::f,0,12 f,3,1 f,12,15 f,14,3 
200:2,3 0.001 1 -1 2,1 0.001 -1 0 1,1 0.001 -1 0 74.0652 380 1,13 0.001 0 1 2,13 0.001 -1 -1 2,14 0.001 1 0 17.0951 215 14,1 0.001 0 -1 13,2 0.001 0 -1 14,2 0.001 -1 0 157.032 530 13,14 0.001 0 1 14,14 0.001 0 -1 13,13 0.001 -1 0 12.1059 185 ::f,0,12 f,3,1 f,12,15 f,14,3 
201:3,2 0.001 1 -1 2,1 0.001 -1 0 1,1 0.001 -1 1 74.0662 380 1,14 0.001 0 1 2,13 0.001 -1 0 2,14 0.001 1 0 17.0961 215 14,1 0.001 -1 -1 13,2 0.001 0 -1 14,2 0.001 -1 1 157.032 530 13,14 0.001 0 1 14,13 0.001 0 -1 13,13 0.001 -1 0 12.1069 185 ::f,0,12 f,3,1 f,12,15 f,14,3 
202:3,2 0.001 1 -1 2,1 0.001 -1 1 1,1 0.001 -1 1 74.0662 380 1,14 0.001 0 1 1,13 0.001 -1 0 2,14 0.001 1 -1 17.0971 215 14,1 0.001 -1 -1 13,2 0.001 -1 -1 14,2 0.001 -1 1 157.032 530 13,14 0.001 1 1 14,13 0.001 0 -1 13,13 0.001 -1 1 12.1069 185 ::f,0,12 f,3,1 f,12,15 f,14,3 
203:3,2 0.001 0 -1 2,1 0.001 -1 1 1,1 0.001 0 1 74.0662 380 1,14 0.001 1 1 1,13 0.001 -1 0 2,14 0.001 1 -1 17.0971 215 14,1 0.001 -1 0 13,2 0.001 -1 -1 14,2 0.001 0 1 157.032 530 13,14 0.001 1 1 14,13 0.001 -1 -1 13,13 0.001 -1 1 12.1069 185 ::f,0,12 f,3,1 f,12,15 f,14,3 
204:3,2 0.001 0 -1 2,1 0.001 0 1 1,2 0.001 0 1 74.0672 380 1,14 0.001 1 1 1,13 0.001 -1 1 2,14 0.001 0 -1 17.0971 215 13,1 0.001 -1 0 13,2 0.001 -1 0 14,2 0.001 0 1 167.033 545 13,14 0.001 1 0 14,13 0.001 -1 -1 13,13 0.001 0 1 12.1069 185 ::f,0,12 f,3,1 f,12,15 f,13,3 
205:3,2 0.001 0 -1 2,2 0.001 0 1 1,2 0.001 0 1 82.0683 395 1,14 0.001 1 0 1,13 0.001 -1 1 2,13 0.001 0 -1 17.0981 215 13,1 0.001 -1 0 13,2 0.001 -1 0 14,2 0.001 1 1 167.033 545 14,14 0.001 1 0 14,13 0.001 -1 0 13,14 0.001 0 1 12.1089 185 ::f,0,12 f,2,3 f,12,15 f,13,3 
206:3,2 0.001 -1 -1 2,2 0.001 0 1 1,2 0.001 1 1 91.0684 410 2,14 0.001 1 0 1,13 0.001 0 1 2,13 0.001 0 -1 17.0991 215 13,1 0.001 -1 1 13,2 0.001 -1 1 14,2 0.001 1 1 167.033 545 14,14 0.001 1 0 13,13 0.001 -1 0 13,14 0.001 0 1 12.1099 185 ::f,0,0 f,0,12 f,12,15 f,13,3 
207:3,2 0.001 -1 -1 2,2 0.001 1 1 1,2 0.001 1 1 91.0684 410 2,14 0.001 1 0 1,14 0.001 0 1 2,13 0.001 -1 -1 17.1001 215 13,1 0.001 -1 1 13,2 0.001 -1 1 14,2 0.001 1 0 167.033 545 14,14 0.001 1 -1 13,13 0.001 -1 0 13,14 0.001 1 1 12.1099 185 ::f,0,0 f,0,12 f,12,15 f,13,3 
208:3,2 0.001 -1 0 2,2 0.001 1 1 1,2 0.001 1 0 91.0684 410 2,14 0.001 1 -1 1,14 0.001 0 1 2,13 0.001 -1 -1 17.1001 215 13,1 0.001 0 1 13,2 0.001 0 1 14,2 0.001 1 0 167.033 545 14,14 0.001 1 -1 13,13 0.001 -1 1 13,14 0.001 1 1 12.1099 185 ::f,0,0 f,0,12 f,12,15 f,13,3 
209:3,2 0.001 -1 0 2,2 0.001 1 0 1,2 0.001 1 0 91.0684 410 2,14 0.001 1 -1 1,14 0.001 1 1 2,13 0.001 -1 0 17.1001 215 13,1 0.001 0 1 13,2 0.001 0 1 14,2 0.001 1 -1 176.033 560 14,14 0.001 0 -1 13,13 0.001 -1 1 13,14 0.001 1 0 12.1099 185 ::f,0,0 f,0,12 f,12,15 f,15,1 
210:3,2 0.001 -1 1 2,2 0.001 1 0 1,2 0.001 1 0 91.0684 410 2,14 0.001 0 -1 1,14 0.001 1 1 1,13 0.001 -1 0 17.1011 215 13,1 0.001 0 1 13,2 0.001 1 1 14,2 0.001 1 -1 186.034 575 14,13 0.001 0 -1 13,13 0.001 0 1 14,14 0.001 1 0 12.1119 185 ::f,0,0 f,0,12 f,12,1 f,12,15 
211:3,2 0.001 -1 1 2,2 0.001 1 -1 1,2 0.001 1 -1 91.0684 410 2,13 0.001 0 -1 1,14 0.001 1 0 1,13 0.001 -1 0 17.1021 215 13,1 0.001 1 1 13,2 0.001 1 1 14,2 0.001 0 -1 186.034 575 14,13 0.001 0 -1 13,14 0.001 0 1 14,14 0.001 1 0 12.1129 185 ::f,0,0 f,0,12 f,12,1 f,12,15 
212:3,2 0.001 0 1 2,2 0.001 1 -1 1,2 0.001 1 -1 91.0684 410 2,13 0.001 0 -1 2,14 0.001 1 0 1,13 0.001 -1 1 17.1031 215 13,1 0.001 1 1 13,2 0.001 1 0 14,1 0.001 0 -1 186.035 575 14,13 0.001 -1 -1 13,14 0.001 0 1 14,14 0.001 1 -1 12.1129 185 ::f,0,0 f,0,12 f,12,1 f,12,15 
213:3,2 0.001 0 1 2,2 0.001 0 -1 1,2 0.001 0 -1 91.0684 410 2,13 0.001 -1 -1 2,14 0.001 1 0 1,13 0.001 -1 1 17.1031 215 13,1 0.001 1 0 14,2 0.001 1 0 14,1 0.001 0 -1 186.036 575 14,13 0.001 -1 -1 13,14 0.001 1 1 14,14 0.001 1 -1 12.1129 185 ::f,0,0 f,0,12 f,12,1 f,12,15 
214:3,2 0.001 1 1 2,1 0.001 0 -1 1,2 0.001 0 -1 91.0694 410 2,13 0.001 -1 -1 2,14 0.001 1 -1 1,13 0.001 0 1 17.1031 215 13,1 0.001 1 0 14,2 0.001 1 0 14,1 0.001 -1 -1 186.036 575 14,13 0.001 -1 0 13,14 0.001 1 1 14,14 0.001 0 -1 12.1129 185 ::f,0,0 f,0,12 f,12,1 f,12,15 
215:3,2 0.001 1 1 2,1 0.001 0 -1 1,2 0.001 -1 -1 91.0694 410 2,13 0.001 -1 0 2,14 0.001 1 -1 1,14 0.001 0 1 17.1041 215 13,1 0.001 1 -1 14,2 0.001 1 -1 14,1 0.001 -1 -1 186.036 575 13,13 0.001 -1 0 13,14 0.001 1 0 14,13 0.001 0 -1 12.1149 185 ::f,0,0 f,0,12 f,12,1 f,12,15 
216:3,2 0.001 1 0 2,1 0.001 -1 -1 1,2 0.001 -1 -1 91.0694 410 1,13 0.001 -1 0 2,14 0.001 0 -1 1,14 0.001 0 1 17.1051 215 13,1 0.001 1 -1 14,2 0.001 1 -1 14,1 0.001 -1 0 186.036 575 13,13 0.001 -1 0 14,14 0.001 1 0 14,13 0.001 0 -1 12.1159 185 ::f,0,0 f,0,12 f,12,1 f,12,15 
217:3,2 0.001 1 0 2,1 0.001 -1 -1 1,2 0.001 -1 0 91.0694 410 1,13 0.001 -1 0 2,13 0.001 0 -1 1,14 0.001 1 1 17.1061 215 13,1 0.001 0 -1 14,2 0.001 0 -1 14,1 0.001 -1 0 186.036 575 13,13 0.001 -1 1 14,14 0.001 1 0 14,13 0.001 -1 -1 12.1159 185 ::f,0,0 f,0,12 f,12,1 f,12,15 
218:3,2 0.001 1 -1 2,1 0.001 -1 0 1,2 0.001 -1 0 91.0694 410 1,13 0.001 -1 1 2,13 0.001 0 -1 1,14 0.001 1 1 17.1061 215 13,1 0.001 0 -1 14,2 0.001 0 -1 14,1 0.001 -1 0 186.036 575 13,13 0.001 -1 1 14,14 0.001 1 -1 14,13 0.001 -1 -1 12.1159 185 ::f,0,0 f,0,12 f,12,1 f,12,15 
219:3,2 0.001 1 -1 1,1 0.001 -1 0 1,2 0.001 -1 1 91.0704 410 1,13 0.001 -1 1 2,13 0.001 -1 -1 1,14 0.001 1 0 17.1061 215 13,1 0.001 -1 -1 14,2 0.001 0 -1 14,1 0.001 -1 1 186.036 575 13,13 0.001 0 1 14,14 0.001 1 -1 14,13 0.001 -1 0 12.1159 185 ::f,0,0 f,0,12 f,12,1 f,12,15 
220:3,2 0.001 0 -1 1,1 0.001 -1 0 1,2 0.001 -1 1 91.0704 410 1,13 0.001 0 1 2,13 0.001 -1 -1 2,14 0.001 1 0 17.1071 215 13,1 0.001 -1 -1 14,2 0.001 -1 -1 14,1 0.001 -1 1 186.036 575 13,14 0.001 0 1 14,14 0.001 0 -1 13,13 0.001 -1 0 12.1179 185 ::f,0,0 f,0,12 f,12,1 f,12,15 
221:3,1 0.001 0 -1 1,1 0.001 -1 1 1,2 0.001 0 1 91.0714 410 1,14 0.001 0 1 2,13 0.001 -1 0 2,14 0.001 1 0 17.1081 215 13,1 0.001 -1 0 14,2 0.001 -1 -1 14,1 0.001 0 1 186.036 575 13,14 0.001 0 1 14,13 0.001 0 -1 13,13 0.001 -1 0 12.1189 185 ::f,0,0 f,0,12 f,12,1 f,12,15 
222:3,1 0.001 0 -1 1,1 0.001 -1 1 1,2 0.001 0 1 91.0714 410 1,14 0.001 0 1 1,13 0.001 -1 0 2,14 0.001 1 -1 17.1091 215 13,1 0.001 -1 0 14,2 0.001 -1 0 14,1 0.001 0 1 195.036 590 13,14 0.001 1 1 14,13 0.001 0 -1 13,13 0.001 -1 1 12.1189 185 ::f,0,0 f,0,12 f,12,2 f,12,15 
223:3,1 0.001 -1 -1 1,1 0.001 0 1 1,2 0.001 1 1 91.0714 410 1,14 0.001 1 1 1,13 0.001 -1 0 2,14 0.001 1 -1 17.1091 215 13,1 0.001 -1 1 13,2 0.001 -1 0 14,1 0.001 1 1 195.037 590 13,14 0.001 1 1 14,13 0.001 -1 -1 13,13 0.001 -1 1 12.1189 185 ::f,0,0 f,0,12 f,12,2 f,12,15 
224:2,0 0.001 -1 -1 1,1 0.001 0 1 1,2 0.001 1 1 91.0724 410 1,14 0.001 1 1 1,13 0.001 -1 1 2,14 0.001 0 -1 17.1091 215 13,1 0.001 -1 1 13,2 0.001 -1 0 14,1 0.001 1 1 215.037 620 13,14 0.001 1 0 14,13 0.001 -1 -1 13,13 0.001 0 1 12.1189 185 ::f,0,0 f,0,12 f,12,15 f,15,1 
225:2,0 0.001 -1 -1 1,1 0.001 0 1 1,2 0.001 1 0 91.0724 410 1,14 0.001 1 0 1,13 0.001 -1 1 2,13 0.001 0 -1 17.1101 215 13,1 0.001 0 1 13,2 0.001 -1 1 14,1 0.001 1 0 215.037 620 14,14 0.001 1 0 14,13 0.001 -1 0 13,14 0.001 0 1 12.1209 185 ::f,0,0 f,0,12 f,12,15 f,15,1 
226:2,0 0.001 -1 0 1,1 0.001 1 1 2,2 0.001 1 0 91.0734 410 2,14 0.001 1 0 1,13 0.001 0 1 2,13 0.001 0 -1 17.1111 215 13,1 0.001 0 1 13,2 0.001 -1 1 14,1 0.001 1 0 225.037 635 14,14 0.001 1 0 13,13 0.001 -1 0 13,14 0.001 0 1 12.1219 185 ::f,0,0 f,0,12 f,12,2 f,12,15 
227:1,0 0.001 -1 0 1,1 0.001 1 1 2,2 0.001 1 0 91.0744 410 2,14 0.001 1 0 1,14 0.001 0 1 2,13 0.001 -1 -1 17.1121 215 13,1 0.001 0 1 13,2 0.001 0 1 14,1 0.001 1 -1 225.037 635 14,14 0.001 1 -1 13,13 0.001 -1 0 13,14 0.001 1 1 12.1219 185 ::f,0,0 f,0,12 f,12,2 f,12,15 
228:1,0 0.001 -1 0 1,1 0.001 1 1 2,2 0.001 1 -1 100.075 425 2,14 0.001 1 -1 1,14 0.001 0 1 2,13 0.001 -1 -1 17.1121 215 13,1 0.001 1 1 13,2 0.001 0 1 14,1 0.001 1 -1 225.037 635 14,14 0.001 1 -1 13,13 0.001 -1 1 13,14 0.001 1 1 12.1219 185 ::f,0,12 f,3,3 f,12,2 f,12,15 
229:1,0 0.001 -1 1 1,1 0.001 1 1 2,2 0.001 1 -1 100.075 425 2,14 0.001 1 -1 1,14 0.001 1 1 2,13 0.001 -1 0 17.1121 215 13,1 0.001 1 1 13,2 0.001 1 1 14,1 0.001 0 -1 225.037 635 14,14 0.001 0 -1 13,13 0.001 -1 1 13,14 0.001 1 0 12.1219 185 ::f,0,12 f,3,3 f,12,2 f,12,15 
230:0,1 0.001 -1 1 1,1 0.001 1 0 2,2 0.001 0 -1 100.076 425 2,14 0.001 0 -1 1,14 0.001 1 1 1,13 0.001 -1 0 17.1131 215 13,1 0.001 1 0 13,2 0.001 1 1 14,1 0.001 0 -1 225.037 635 14,13 0.001 0 -1 13,13 0.001 0 1 14,14 0.001 1 0 12.1239 185 ::f,0,12 f,3,3 f,12,2 f,12,15 
231:0,1 0.001 -1 1 1,1 0.001 1 0 2,1 0.001 0 -1 100.077 425 2,13 0.001 0 -1 1,14 0.001 1 0 1,13 0.001 -1 0 17.1141 215 13,1 0.001 1 0 13,2 0.001 1 0 14,1 0.001 -1 -1 225.037 635 14,13 0.001 0 -1 13,14 0.001 0 1 14,14 0.001 1 0 12.1249 185 ::f,0,12 f,3,3 f,12,2 f,12,15 
232:0,1 0.001 0 1 1,1 0.001 1 -1 2,1 0.001 0 -1 100.077 425 2,13 0.001 0 -1 2,14 0.001 1 0 1,13 0.001 -1 1 17.1151 215 13,1 0.001 1 -1 14,2 0.001 1 0 14,1 0.001 -1 -1 225.038 635 14,13 0.001 -1 -1 13,14 0.001 0 1 14,14 0.001 1 -1 12.1249 185 ::f,0,12 f,3,3 f,12,2 f,12,15 
233:0,2 0.001 0 1 1,1 0.001 1 -1 2,1 0.001 -1 -1 100.078 425 2,13 0.001 -1 -1 2,14 0.001 1 0 1,13 0.001 -1 1 17.1151 215 13,1 0.001 1 -1 14,2 0.001 1 0 14,1 0.001 -1 0 225.038 635 14,13 0.001 -1 -1 13,14 0.001 1 1 14,14 0.001 1 -1 12.1249 185 ::f,0,12 f,3,3 f,12,2 f,12,15 
234:0,2 0.001 0 1 1,1 0.001 0 -1 2,1 0.001 -1 -1 100.078 425 2,13 0.001 -1 -1 2,14 0.001 1 -1 1,13 0.001 0 1 17.1151 215 13,1 0.001 0 -1 14,2 0.001 1 -1 14,1 0.001 -1 0 225.038 635 14,13 0.001 -1 0 13,14 0.001 1 1 14,14 0.001 0 -1 12.1249 185 ::f,0,12 f,3,3 f,12,2 f,12,15 
235:0,2 0.001 1 1 1,1 0.001 0 -1 2,1 0.001 -1 0 100.078 425 2,13 0.001 -1 0 2,14 0.001 1 -1 1,14 0.001 0 1 17.1161 215 13,1 0.001 0 -1 14,2 0.001 1 -1 14,1 0.001 -1 0 225.038 635 13,13 0.001 -1 0 13,14 0.001 1 0 14,13 0.001 0 -1 12.1269 185 ::f,0,12 f,3,3 f,12,2 f,12,15 
236:1,3 0.001 1 1 1,1 0.001 -1 -1 2,1 0.001 -1 0 100.079 425 1,13 0.001 -1 0 2,14 0.001 0 -1 1,14 0.001 0 1 17.1171 215 13,1 0.001 -1 -1 14,2 0.001 0 -1 14,1 0.001 -1 1 225.038 635 13,13 0.001 -1 0 14,14 0.001 1 0 14,13 0.001 0 -1 12.1279 185 ::f,0,12 f,3,3 f,12,2 f,12,15 
237:1,3 0.001 1 1 1,1 0.001 -1 -1 2,1 0.001 -1 0 100.079 425 1,13 0.001 -1 0 2,13 0.001 0 -1 1,14 0.001 1 1 17.1181 215 13,1 0.001 -1 -1 14,2 0.001 0 -1 14,1 0.001 -1 1 225.038 635 13,13 0.001 -1 1 14,14 0.001 1 0 14,13 0.001 -1 -1 12.1279 185 ::f,0,12 f,3,3 f,12,2 f,12,15 
238:1,3 0.001 1 0 1,1 0.001 -1 0 2,1 0.001 -1 1 100.079 425 1,13 0.001 -1 1 2,13 0.001 0 -1 1,14 0.001 1 1 17.1181 215 13,1 0.001 -1 0 14,2 0.001 0 -1 14,1 0.001 0 1 225.038 635 13,13 0.001 -1 1 14,14 0.001 1 -1 14,13 0.001 -1 -1 12.1279 185 ::f,0,12 f,3,3 f,12,2 f,12,15 
239:2,3 0.001 1 0 1,1 0.001 -1 0 2,1 0.001 -1 1 100.08 425 1,13 0.001 -1 1 2,13 0.001 -1 -1 1,14 0.001 1 0 17.1181 215 13,1 0.001 -1 0 14,2 0.001 -1 -1 14,1 0.001 0 1 225.038 635 13,13 0.001 0 1 14,14 0.001 1 -1 14,13 0.001 -1 0 12.1279 185 ::f,0,12 f,3,3 f,12,2 f,12,15 
240:2,3 0.001 1 0 1,1 0.001 -1 1 2,1 0.001 0 1 110.08 440 1,13 0.001 0 1 2,13 0.001 -1 -1 2,14 0.001 1 0 17.1191 215 13,1 0.001 -1 1 14,2 0.001 -1 -1 14,1 0.001 1 1 225.038 635 13,14 0.001 0 1 14,14 0.001 0 -1 13,13 0.001 -1 0 12.1299 185 ::f,0,12 f,3,3 f,12,2 f,12,15 
241:2,3 0.001 1 -1 1,1 0.001 -1 1 2,2 0.001 0 1 110.081 440 1,14 0.001 0 1 2,13 0.001 -1 0 2,14 0.001 1 0 17.1201 215 13,1 0.001 -1 1 14,2 0.001 -1 -1 14,1 0.001 1 1 235.038 650 13,14 0.001 0 1 14,13 0.001 0 -1 13,13 0.001 -1 0 12.1309 185 ::f,0,12 f,3,3 f,12,0 f,12,15 
242:3,2 0.001 1 -1 1,1 0.001 0 1 2,2 0.001 0 1 110.082 440 1,14 0.001 0 1 1,13 0.001 -1 0 2,14 0.001 1 -1 17.1211 215 13,1 0.001 0 1 14,2 0.001 -1 -1 14,1 0.001 1 0 235.038 650 13,14 0.001 1 1 14,13 0.001 0 -1 13,13 0.001 -1 1 12.1309 185 ::f,0,12 f,3,3 f,12,0 f,12,15 
243:3,2 0.001 1 -1 1,2 0.001 0 1 2,2 0.001 1 1 110.083 440 1,14 0.001 1 1 1,13 0.001 -1 0 2,14 0.001 1 -1 17.1211 215 13,2 0.001 0 1 14,2 0.001 -1 0 14,1 0.001 1 0 235.039 650 13,14 0.001 1 1 14,13 0.001 -1 -1 13,13 0.001 -1 1 12.1309 185 ::f,0,12 f,3,3 f,12,0 f,12,15 
244:3,2 0.001 0 -1 1,2 0.001 0 1 2,2 0.001 1 1 115.083 455 1,14 0.001 1 1 1,13 0.001 -1 1 2,14 0.001 0 -1 17.1211 215 13,2 0.001 0 1 14,2 0.001 -1 0 14,1 0.001 1 -1 235.039 650 13,14 0.001 1 0 14,13 0.001 -1 -1 13,13 0.001 0 1 12.1309 185 ::f,0,2 f,0,12 f,12,0 f,12,15 
245:3,1 0.001 0 -1 1,2 0.001 1 1 2,2 0.001 1 0 115.084 455 1,14 0.001 1 0 1,13 0.001 -1 1 2,13 0.001 0 -1 17.1221 215 13,2 0.001 1 1 14,2 0.001 -1 1 14,1 0.001 1 -1 235.039 650 14,14 0.001 1 0 14,13 0.001 -1 0 13,14 0.001 0 1 12.1329 185 ::f,0,2 f,0,12 f,12,0 f,12,15 
246:3,1 0.001 0 -1 1,2 0.001 1 1 2,2 0.001 1 0 115.084 455 2,14 0.001 1 0 1,13 0.001 0 1 2,13 0.001 0 -1 17.1231 215 13,2 0.001 1 1 14,2 0.001 -1 1 14,1 0.001 0 -1 235.039 650 14,14 0.001 1 0 13,13 0.001 -1 0 13,14 0.001 0 1 12.1339 185 ::f,0,2 f,0,12 f,12,0 f,12,15 
247:3,1 0.001 -1 -1 1,2 0.001 1 0 2,2 0.001 1 -1 115.084 455 2,14 0.001 1 0 1,14 0.001 0 1 2,13 0.001 -1 -1 17.1241 215 13,2 0.001 1 0 14,2 0.001 0 1 14,1 0.001 0 -1 235.039 650 14,14 0.001 1 -1 13,13 0.001 -1 0 13,14 0.001 1 1 12.1339 185 ::f,0,2 f,0,12 f,12,0 f,12,15 
248:2,0 0.001 -1 -1 1,2 0.001 1 0 2,2 0.001 1 -1 115.085 455 2,14 0.001 1 -1 1,14 0.001 0 1 2,13 0.001 -1 -1 17.1241 215 13,2 0.001 1 0 14,2 0.001 0 1 14,1 0.001 -1 -1 235.039 650 14,14 0.001 1 -1 13,13 0.001 -1 1 13,14 0.001 1 1 12.1339 185 ::f,0,2 f,0,12 f,12,0 f,12,15 
249:2,0 0.001 -1 -1 1,2 0.001 1 0 2,2 0.001 0 -1 115.085 455 2,14 0.001 1 -1 1,14 0.001 1 1 2,13 0.001 -1 0 17.1241 215 13,2 0.001 1 0 14,2 0.001 1 1 14,1 0.001 -1 -1 235.039 650 14,14 0.001 0 -1 13,13 0.001 -1 1 13,14 0.001 1 0 12.1339 185 ::f,0,2 f,0,12 f,12,0 f,12,15 
250:2,0 0.001 -1 0 1,2 0.001 1 -1 2,1 0.001 0 -1 115.086 455 2,14 0.001 0 -1 1,14 0.001 1 1 1,13 0.001 -1 0 17.1251 215 13,2 0.001 1 -1 14,2 0.001 1 1 14,1 0.001 -1 0 235.039 650 14,13 0.001 0 -1 13,13 0.001 0 1 14,14 0.001 1 0 12.1359 185 ::f,0,2 f,0,12 f,12,0 f,12,15 
251:1,0 0.001 -1 0 1,2 0.001 1 -1 2,1 0.001 0 -1 115.087 455 2,13 0.001 0 -1 1,14 0.001 1 0 1,13 0.001 -1 0 17.1261 215 13,2 0.001 1 -1 14,2 0.001 1 0 13,1 0.001 -1 0 235.04 650 14,13 0.001 0 -1 13,14 0.001 0 1 14,14 0.001 1 0 12.1369 185 ::f,0,2 f,0,12 f,12,0 f,12,15 
252:1,0 0.001 -1 0 1,2 0.001 0 -1 2,1 0.001 -1 -1 115.087 455 2,13 0.001 0 -1 2,14 0.001 1 0 1,13 0.001 -1 1 17.1271 215 13,2 0.001 0 -1 14,2 0.001 1 0 13,1 0.001 -1 0 235.04 650 14,13 0.001 -1 -1 13,14 0.001 0 1 14,14 0.001 1 -1 12.1369 185 ::f,0,2 f,0,12 f,12,0 f,12,15 
253:1,0 0.001 -1 1 1,1 0.001 0 -1 2,1 0.001 -1 -1 115.088 455 2,13 0.001 -1 -1 2,14 0.001 1 0 1,13 0.001 -1 1 17.1271 215 13,2 0.001 0 -1 14,2 0.001 1 -1 13,1 0.001 -1 1 235.04 650 14,13 0.001 -1 -1 13,14 0.001 1 1 14,14 0.001 1 -1 12.1369 185 ::f,0,2 f,0,12 f,12,0 f,12,15 
254:0,1 0.001 -1 1 1,1 0.001 0 -1 2,1 0.001 -1 0 115.089 455 2,13 0.001 -1 -1 2,14 0.001 1 -1 1,13 0.001 0 1 17.1271 215 13,2 0.001 -1 -1 14,2 0.001 1 -1 13,1 0.001 -1 1 235.04 650 14,13 0.001 -1 0 13,14 0.001 1 1 14,14 0.001 0 -1 12.1369 185 ::f,0,2 f,0,12 f,12,0 f,12,15 
255:0,1 0.001 -1 1 1,1 0.001 -1 -1 2,1 0.001 -1 0 115.089 455 2,13 0.001 -1 0 2,14 0.001 1 -1 1,14 0.001 0 1 17.1281 215 13,2 0.001 -1 -1 14,2 0.001 0 -1 13,1 0.001 0 1 235.04 650 13,13 0.001 -1 0 13,14 0.001 1 0 14,13 0.001 0 -1 12.1389 185 ::f,0,2 f,0,12 f,12,0 f,12,15 
256:0,1 0.001 0 1 1,1 0.001 -1 -1 2,1 0.001 -1 0 115.089 455 1,13 0.001 -1 0 2,14 0.001 0 -1 1,14 0.001 0 1 17.1291 215 13,2 0.001 -1 0 14,1 0.001 0 -1 13,1 0.001 0 1 235.041 650 13,13 0.001 -1 0 14,14 0.001 1 0 14,13 0.001 0 -1 12.1399 185 ::f,0,2 f,0,12 f,12,0 f,12,15 
257:0,1 0.001 0 1 1,1 0.001 -1 0 2,1 0.001 -1 1 115.089 455 1,13 0.001 -1 0 2,13 0.001 0 -1 1,14 0.001 1 1 17.1301 215 13,2 0.001 -1 0 14,1 0.001 0 -1 13,1 0.001 0 1 235.041 650 13,13 0.001 -1 1 14,14 0.001 1 0 14,13 0.001 -1 -1 12.1399 185 ::f,0,2 f,0,12 f,12,0 f,12,15 
258:0,1 0.001 0 1 1,1 0.001 -1 0 2,1 0.001 -1 1 125.089 470 1,13 0.001 -1 1 2,13 0.001 0 -1 1,14 0.001 1 1 17.1301 215 13,2 0.001 -1 1 14,1 0.001 -1 -1 13,1 0.001 1 1 235.041 650 13,13 0.001 -1 1 14,14 0.001 1 -1 14,13 0.001 -1 -1 12.1399 185 ::f,0,12 f,2,0 f,12,0 f,12,15 
259:0,1 0.001 1 1 1,1 0.001 -1 1 2,1 0.001 0 1 125.089 470 1,13 0.001 -1 1 2,13 0.001 -1 -1 1,14 0.001 1 0 17.1301 215 13,2 0.001 -1 1 14,1 0.001 -1 -1 13,1 0.001 1 1 235.041 650 13,13 0.001 0 1 14,14 0.001 1 -1 14,13 0.001 -1 0 12.1399 185 ::f,0,12 f,2,0 f,12,0 f,12,15 
260:0,1 0.001 1 1 1,1 0.001 -1 1 2,1 0.001 0 1 125.089 470 1,13 0.001 0 1 2,13 0.001 -1 -1 2,14 0.001 1 0 17.1311 215 13,2 0.001 0 1 14,1 0.001 -1 0 13,1 0.001 1 0 235.041 650 13,14 0.001 0 1 14,14 0.001 0 -1 13,13 0.001 -1 0 12.1419 185 ::f,0,12 f,2,0 f,12,0 f,12,15 
261:0,1 0.001 1 0 1,1 0.001 0 1 2,1 0.001 1 1 125.089 470 1,14 0.001 0 1 2,13 0.001 -1 0 2,14 0.001 1 0 17.1321 215 13,2 0.001 0 1 14,1 0.001 -1 0 13,1 0.001 1 0 235.041 650 13,14 0.001 0 1 14,13 0.001 0 -1 13,13 0.001 -1 0 12.1429 185 ::f,0,12 f,2,0 f,12,0 f,12,15 
262:0,1 0.001 1 0 1,2 0.001 0 1 2,1 0.001 1 1 125.09 470 1,14 0.001 0 1 1,13 0.001 -1 0 2,14 0.001 1 -1 17.1331 215 13,2 0.001 1 1 14,1 0.001 -1 0 13,1 0.001 1 -1 235.041 650 13,14 0.001 1 1 14,13 0.001 0 -1 13,13 0.001 -1 1 12.1429 185 ::f,0,12 f,2,0 f,12,0 f,12,15 
263:0,1 0.001 1 0 1,2 0.001 0 1 2,1 0.001 1 0 125.09 470 1,14 0.001 1 1 1,13 0.001 -1 0 2,14 0.001 1 -1 17.1331 215 13,2 0.001 1 1 14,1 0.001 -1 1 13,1 0.001 1 -1 235.041 650 13,14 0.001 1 1 14,13 0.001 -1 -1 13,13 0.001 -1 1 12.1429 185 ::f,0,12 f,2,0 f,12,0 f,12,15 
264:0,1 0.001 1 -1 1,2 0.001 1 1 2,1 0.001 1 0 125.09 470 1,14 0.001 1 1 1,13 0.001 -1 1 2,14 0.001 0 -1 17.1331 215 13,2 0.001 1 0 14,1 0.001 -1 1 13,1 0.001 0 -1 235.041 650 13,14 0.001 1 0 14,13 0.001 -1 -1 13,13 0.001 0 1 12.1429 185 ::f,0,12 f,2,0 f,12,0 f,12,15 
265:0,1 0.001 1 -1 1,2 0.001 1 1 2,1 0.001 1 -1 125.09 470 1,14 0.001 1 0 1,13 0.001 -1 1 2,13 0.001 0 -1 17.1341 215 14,2 0.001 1 0 14,1 0.001 0 1 13,1 0.001 0 -1 235.042 650 14,14 0.001 1 0 14,13 0.001 -1 0 13,14 0.001 0 1 12.1449 185 ::f,0,12 f,2,0 f,12,0 f,12,15 
266:0,1 0.001 0 -1 1,2 0.001 1 0 2,1 0.001 1 -1 125.09 470 2,14 0.001 1 0 1,13 0.001 0 1 2,13 0.001 0 -1 17.1351 215 14,2 0.001 1 0 14,1 0.001 0 1 13,1 0.001 -1 -1 235.042 650 14,14 0.001 1 0 13,13 0.001 -1 0 13,14 0.001 0 1 12.1459 185 ::f,0,12 f,2,0 f,12,0 f,12,15 
267:0,1 0.001 0 -1 2,2 0.001 1 0 2,1 0.001 0 -1 125.091 470 2,14 0.001 1 0 1,14 0.001 0 1 2,13 0.001 -1 -1 17.1361 215 14,2 0.001 1 -1 14,1 0.001 1 1 13,1 0.001 -1 -1 245.042 665 14,14 0.001 1 -1 13,13 0.001 -1 0 13,14 0.001 1 1 12.1459 185 ::f,0,12 f,2,0 f,12,15 f,15,1 
268:0,1 0.001 -1 -1 2,2 0.001 1 0 2,1 0.001 0 -1 131.091 485 2,14 0.001 1 -1 1,14 0.001 0 1 2,13 0.001 -1 -1 17.1361 215 14,2 0.001 1 -1 14,1 0.001 1 1 13,1 0.001 -1 0 255.042 680 14,14 0.001 1 -1 13,13 0.001 -1 1 13,14 0.001 1 1 12.1459 185 ::f,0,12 f,3,2 f,12,1 f,12,15 
269:0,1 0.001 -1 -1 2,2 0.001 1 -1 2,1 0.001 -1 -1 131.091 485 2,14 0.001 1 -1 1,14 0.001 1 1 2,13 0.001 -1 0 17.1361 215 14,2 0.001 0 -1 14,1 0.001 1 0 13,1 0.001 -1 0 265.042 695 14,14 0.001 0 -1 13,13 0.001 -1 1 13,14 0.001 1 0 12.1459 185 ::f,0,12 f,3,2 f,12,15 f,15,2 
270:0,1 0.001 -1 0 2,2 0.001 1 -1 2,1 0.001 -1 -1 131.091 485 2,14 0.001 0 -1 1,14 0.001 1 1 1,13 0.001 -1 0 17.1371 215 14,2 0.001 0 -1 14,1 0.001 1 0 13,1 0.001 -1 1 265.042 695 14,13 0.001 0 -1 13,13 0.001 0 1 14,14 0.001 1 0 12.1479 185 ::f,0,12 f,3,2 f,12,15 f,15,2 
271:0,1 0.001 -1 0 2,2 0.001 0 -1 2,1 0.001 -1 0 131.091 485 2,13 0.001 0 -1 1,14 0.001 1 0 1,13 0.001 -1 0 17.1381 215 14,2 0.001 0 -1 14,1 0.001 1 -1 13,1 0.001 -1 1 265.042 695 14,13 0.001 0 -1 13,14 0.001 0 1 14,14 0.001 1 0 12.1489 185 ::f,0,12 f,3,2 f,12,15 f,15,2 
272:0,1 0.001 -1 1 2,2 0.001 0 -1 1,1 0.001 -1 0 131.092 485 2,13 0.001 0 -1 2,14 0.001 1 0 1,13 0.001 -1 1 17.1391 215 14,2 0.001 -1 -1 14,1 0.001 1 -1 13,1 0.001 0 1 265.042 695 14,13 0.001 -1 -1 13,14 0.001 0 1 14,14 0.001 1 -1 12.1489 185 ::f,0,12 f,3,2 f,12,15 f,15,2 
273:0,1 0.001 -1 1 2,2 0.001 0 -1 1,1 0.001 -1 0 131.092 485 2,13 0.001 -1 -1 2,14 0.001 1 0 1,13 0.001 -1 1 17.1391 215 14,2 0.001 -1 -1 14,1 0.001 0 -1 13,2 0.001 0 1 265.043 695 14,13 0.001 -1 -1 13,14 0.001 1 1 14,14 0.001 1 -1 12.1489 185 ::f,0,12 f,3,2 f,12,15 f,15,2 
274:0,1 0.001 0 1 2,2 0.001 -1 -1 1,1 0.001 -1 1 131.092 485 2,13 0.001 -1 -1 2,14 0.001 1 -1 1,13 0.001 0 1 17.1391 215 14,2 0.001 -1 0 14,1 0.001 0 -1 13,2 0.001 0 1 265.043 695 14,13 0.001 -1 0 13,14 0.001 1 1 14,14 0.001 0 -1 12.1489 185 ::f,0,12 f,3,2 f,12,15 f,15,2 
275:0,2 0.001 0 1 2,2 0.001 -1 -1 1,1 0.001 -1 1 131.093 485 2,13 0.001 -1 0 2,14 0.001 1 -1 1,14 0.001 0 1 17.1401 215 14,2 0.001 -1 0 14,1 0.001 -1 -1 13,2 0.001 1 1 265.043 695 13,13 0.001 -1 0 13,14 0.001 1 0 14,13 0.001 0 -1 12.1509 185 ::f,0,12 f,3,2 f,12,15 f,15,2 
276:0,2 0.001 0 1 2,2 0.001 -1 0 1,1 0.001 0 1 131.093 485 1,13 0.001 -1 0 2,14 0.001 0 -1 1,14 0.001 0 1 17.1411 215 14,2 0.001 -1 1 14,1 0.001 -1 -1 13,2 0.001 1 1 265.043 695 13,13 0.001 -1 0 14,14 0.001 1 0 14,13 0.001 0 -1 12.1519 185 ::f,0,12 f,3,2 f,12,15 f,15,2 
277:0,2 0.001 1 1 1,2 0.001 -1 0 1,1 0.001 0 1 131.094 485 1,13 0.001 -1 0 2,13 0.001 0 -1 1,14 0.001 1 1 17.1421 215 14,2 0.001 -1 1 14,1 0.001 -1 0 13,2 0.001 1 0 265.043 695 13,13 0.001 -1 1 14,14 0.001 1 0 14,13 0.001 -1 -1 12.1519 185 ::f,0,12 f,3,2 f,12,15 f,15,2 
278:1,3 0.001 1 1 1,2 0.001 -1 0 1,1 0.001 0 1 131.095 485 1,13 0.001 -1 1 2,13 0.001 0 -1 1,14 0.001 1 1 17.1421 215 14,2 0.001 0 1 13,1 0.001 -1 0 13,2 0.001 1 0 265.044 695 13,13 0.001 -1 1 14,14 0.001 1 -1 14,13 0.001 -1 -1 12.1519 185 ::f,0,12 f,3,2 f,12,15 f,15,2 
279:1,3 0.001 1 1 1,2 0.001 -1 1 1,1 0.001 0 1 131.095 485 1,13 0.001 -1 1 2,13 0.001 -1 -1 1,14 0.001 1 0 17.1421 215 14,2 0.001 0 1 13,1 0.001 -1 0 13,2 0.001 1 0 265.044 695 13,13 0.001 0 1 14,14 0.001 1 -1 14,13 0.001 -1 0 12.1519 185 ::f,0,12 f,3,2 f,12,15 f,15,2 
280:1,3 0.001 1 0 1,2 0.001 -1 1 1,1 0.001 1 1 131.095 485 1,13 0.001 0 1 2,13 0.001 -1 -1 2,14 0.001 1 0 17.1431 215 14,2 0.001 1 1 13,1 0.001 -1 1 13,2 0.001 1 -1 265.044 695 13,14 0.001 0 1 14,14 0.001 0 -1 13,13 0.001 -1 0 12.1539 185 ::f,0,12 f,3,2 f,12,15 f,15,2 
281:2,3 0.001 1 0 1,2 0.001 0 1 1,1 0.001 1 1 131.096 485 1,14 0.001 0 1 2,13 0.001 -1 0 2,14 0.001 1 0 17.1441 215 14,2 0.001 1 1 13,1 0.001 -1 1 13,2 0.001 1 -1 265.044 695 13,14 0.001 0 1 14,13 0.001 0 -1 13,13 0.001 -1 0 12.1549 185 ::f,0,12 f,3,2 f,12,15 f,15,2 
282:2,3 0.001 1 0 1,2 0.001 0 1 1,1 0.001 1 0 131.096 485 1,14 0.001 0 1 1,13 0.001 -1 0 2,14 0.001 1 -1 17.1451 215 14,2 0.001 1 0 13,1 0.001 0 1 13,2 0.001 0 -1 265.044 695 13,14 0.001 1 1 14,13 0.001 0 -1 13,13 0.001 -1 1 12.1549 185 ::f,0,12 f,3,2 f,12,15 f,15,2 
283:2,3 0.001 1 -1 1,2 0.001 1 1 1,1 0.001 1 0 131.096 485 1,14 0.001 1 1 1,13 0.001 -1 0 2,14 0.001 1 -1 17.1451 215 14,2 0.001 1 0 13,1 0.001 0 1 13,2 0.001 0 -1 275.044 710 13,14 0.001 1 1 14,13 0.001 -1 -1 13,13 0.001 -1 1 12.1549 185 ::f,0,12 f,3,2 f,12,2 f,12,15 
284:2,3 0.001 1 -1 1,2 0.001 1 1 1,1 0.001 1 -1 131.096 485 1,14 0.001 1 1 1,13 0.001 -1 1 2,14 0.001 0 -1 17.1451 215 14,2 0.001 1 -1 13,1 0.001 0 1 13,2 0.001 -1 -1 275.044 710 13,14 0.001 1 0 14,13 0.001 -1 -1 13,13 0.001 0 1 12.1549 185 ::f,0,12 f,3,2 f,12,2 f,12,15 
285:2,3 0.001 1 -1 1,2 0.001 1 0 1,1 0.001 1 -1 141.096 500 1,14 0.001 1 0 1,13 0.001 -1 1 2,13 0.001 0 -1 17.1461 215 14,2 0.001 1 -1 13,1 0.001 1 1 13,2 0.001 -1 -1 275.044 710 14,14 0.001 1 0 14,13 0.001 -1 0 13,14 0.001 0 1 12.1569 185 ::f,0,12 f,2,1 f,12,2 f,12,15 
286:2,3 0.001 0 -1 2,2 0.001 1 0 1,1 0.001 0 -1 141.097 500 2,14 0.001 1 0 1,13 0.001 0 1 2,13 0.001 0 -1 17.1471 215 14,2 0.001 0 -1 13,1 0.001 1 1 13,2 0.001 -1 0 275.044 710 14,14 0.001 1 0 13,13 0.001 -1 0 13,14 0.001 0 1 12.1579 185 ::f,0,12 f,2,1 f,12,2 f,12,15 
287:2,3 0.001 0 -1 2,2 0.001 1 0 1,1 0.001 0 -1 141.097 500 2,14 0.001 1 0 1,14 0.001 0 1 2,13 0.001 -1 -1 17.1481 215 14,1 0.001 0 -1 13,1 0.001 1 0 13,2 0.001 -1 0 285.046 725 14,14 0.001 1 -1 13,13 0.001 -1 0 13,14 0.001 1 1 12.1579 185 ::f,0,12 f,2,1 f,12,15 f,15,0 
288:2,3 0.001 0 -1 2,2 0.001 1 -1 1,1 0.001 -1 -1 141.097 500 2,14 0.001 1 -1 1,14 0.001 0 1 2,13 0.001 -1 -1 17.1481 215 14,1 0.001 0 -1 13,1 0.001 1 0 13,2 0.001 -1 1 285.046 725 14,14 0.001 1 -1 13,13 0.001 -1 1 13,14 0.001 1 1 12.1579 185 ::f,0,12 f,2,1 f,12,15 f,15,0 
289:2,3 0.001 -1 -1 2,2 0.001 1 -1 1,1 0.001 -1 -1 141.097 500 2,14 0.001 1 -1 1,14 0.001 1 1 2,13 0.001 -1 0 17.1481 215 14,1 0.001 -1 -1 13,1 0.001 1 -1 13,2 0.001 -1 1 285.046 725 14,14 0.001 0 -1 13,13 0.001 -1 1 13,14 0.001 1 0 12.1579 185 ::f,0,12 f,2,1 f,12,15 f,15,0 
290:2,3 0.001 -1 -1 2,2 0.001 0 -1 1,1 0.001 -1 0 141.097 500 2,14 0.001 0 -1 1,14 0.001 1 1 1,13 0.001 -1 0 17.1491 215 14,1 0.001 -1 -1 13,1 0.001 1 -1 13,2 0.001 0 1 285.046 725 14,13 0.001 0 -1 13,13 0.001 0 1 14,14 0.001 1 0 12.1599 185 ::f,0,12 f,2,1 f,12,15 f,15,0 
291:2,3 0.001 -1 0 2,2 0.001 0 -1 1,1 0.001 -1 0 141.097 500 2,13 0.001 0 -1 1,14 0.001 1 0 1,13 0.001 -1 0 17.1501 215 14,1 0.001 -1 0 13,1 0.001 0 -1 13,2 0.001 0 1 285.046 725 14,13 0.001 0 -1 13,14 0.001 0 1 14,14 0.001 1 0 12.1609 185 ::f,0,12 f,2,1 f,12,15 f,15,0 
292:2,3 0.001 -1 0 2,2 0.001 0 -1 1,1 0.001 -1 1 151.097 515 2,13 0.001 0 -1 2,14 0.001 1 0 1,13 0.001 -1 1 17.1511 215 14,1 0.001 -1 0 13,1 0.001 0 -1 13,2 0.001 1 1 285.046 725 14,13 0.001 -1 -1 13,14 0.001 0 1 14,14 0.001 1 -1 12.1609 185 ::f,0,3 f,0,12 f,12,15 f,15,0 
293:2,3 0.001 -1 1 2,2 0.001 -1 -1 1,1 0.001 -1 1 151.097 515 2,13 0.001 -1 -1 2,14 0.001 1 0 1,13 0.001 -1 1 17.1511 215 14,1 0.001 -1 0 13,1 0.001 -1 -1 13,2 0.001 1 1 285.046 725 14,13 0.001 -1 -1 13,14 0.001 1 1 14,14 0.001 1 -1 12.1609 185 ::f,0,3 f,0,12 f,12,15 f,15,0 
294:2,3 0.001 -1 1 2,2 0.001 -1 -1 1,1 0.001 0 1 151.097 515 2,13 0.001 -1 -1 2,14 0.001 1 -1 1,13 0.001 0 1 17.1511 215 14,1 0.001 -1 1 13,1 0.001 -1 -1 13,2 0.001 1 0 285.046 725 14,13 0.001 -1 0 13,14 0.001 1 1 14,14 0.001 0 -1 12.1609 185 ::f,0,3 f,0,12 f,12,15 f,15,0 
295:2,3 0.001 0 1 2,2 0.001 -1 0 1,2 0.001 0 1 151.098 515 2,13 0.001 -1 0 2,14 0.001 1 -1 1,14 0.001 0 1 17.1521 215 14,1 0.001 -1 1 13,1 0.001 -1 0 14,2 0.001 1 0 285.046 725 13,13 0.001 -1 0 13,14 0.001 1 0 14,13 0.001 0 -1 12.1629 185 ::f,0,3 f,0,12 f,12,15 f,15,0 
296:2,3 0.001 0 1 2,2 0.001 -1 0 1,2 0.001 0 1 151.098 515 1,13 0.001 -1 0 2,14 0.001 0 -1 1,14 0.001 0 1 17.1531 215 14,1 0.001 0 1 13,1 0.001 -1 0 14,2 0.001 1 0 285.046 725 13,13 0.001 -1 0 14,14 0.001 1 0 14,13 0.001 0 -1 12.1639 185 ::f,0,3 f,0,12 f,12,15 f,15,0 
297:2,3 0.001 1 1 2,2 0.001 -1 1 1,2 0.001 1 1 151.098 515 1,13 0.001 -1 0 2,13 0.001 0 -1 1,14 0.001 1 1 17.1541 215 14,1 0.001 0 1 13,1 0.001 -1 1 14,2 0.001 1 -1 285.046 725 13,13 0.001 -1 1 14,14 0.001 1 0 14,13 0.001 -1 -1 12.1639 185 ::f,0,3 f,0,12 f,12,15 f,15,0 
298:2,3 0.001 1 1 2,2 0.001 -1 1 1,2 0.001 1 1 151.098 515 1,13 0.001 -1 1 2,13 0.001 0 -1 1,14 0.001 1 1 17.1541 215 14,1 0.001 1 1 13,1 0.001 -1 1 14,2 0.001 1 -1 285.046 725 13,13 0.001 -1 1 14,14 0.001 1 -1 14,13 0.001 -1 -1 12.1639 185 ::f,0,3 f,0,12 f,12,15 f,15,0 
299:2,3 0.001 1 0 2,2 0.001 0 1 1,2 0.001 1 0 151.098 515 1,13 0.001 -1 1 2,13 0.001 -1 -1 1,14 0.001 1 0 17.1541 215 14,1 0.001 1 1 13,1 0.001 0 1 14,2 0.001 0 -1 285.046 725 13,13 0.001 0 1 14,14 0.001 1 -1 14,13 0.001 -1 0 12.1639 185 ::f,0,3 f,0,12 f,12,15 f,15,0 
