16
0:1,0 0.001 -1 -1 3,3 0.003 0 1 3,1 0.002 0 -1 0.001 50 0,15 0.001 -1 1 0,14 0.003 -1 0 3,13 0.002 1 -1 0.001 50 13,2 0.001 1 -1 12,0 0.003 0 -1 15,2 0.002 1 -1 0.002 50 12,14 0.001 -1 1 13,14 0.003 -1 0 14,13 0.002 1 1 0.002 50 ::f,0,0 f,2,14 f,14,0 f,14,12 
1:1,0 0.001 -1 0 3,3 0.001 0 1 3,1 0.002 -1 -1 0.001 50 0,15 0.001 0 1 0,14 0.003 -1 1 3,13 0.002 0 -1 0.001 50 13,2 0.001 0 -1 12,0 0.003 -1 -1 15,2 0.002 0 -1 0.002 50 12,14 0.001 0 1 13,14 0.003 -1 1 14,13 0.002 1 0 0.002 50 ::f,0,0 f,2,14 f,14,0 f,14,12 
2:1,0 0.001 -1 1 3,3 0.001 1 1 3,1 0.002 -1 0 0.001 50 0,15 0.001 1 1 0,14 0.003 0 1 3,13 0.002 -1 -1 0.001 50 13,2 0.001 -1 -1 12,0 0.003 -1 0 15,2 0.002 -1 -1 0.002 50 12,14 0.001 1 1 13,14 0.003 0 1 14,13 0.002 1 -1 0.002 50 ::f,0,0 f,2,14 f,14,0 f,14,12 
3:1,0 0.001 0 1 3,3 0.001 1 0 2,1 0.002 -1 0 0.002 50 0,15 0.001 1 0 0,14 0.003 0 1 2,12 0.002 -1 -1 0.002 50 12,1 0.001 -1 -1 12,0 0.003 -1 1 14,1 0.002 -1 -1 0.004 50 13,15 0.001 1 1 13,14 0.003 0 1 15,12 0.002 1 -1 0.004 50 ::f,0,0 f,2,14 f,14,0 f,14,12 
4:1,0 0.001 1 1 3,3 0.001 1 -1 1,1 0.002 -1 0 0.003 50 1,15 0.001 1 0 0,15 0.003 0 1 2,12 0.001 -1 -1 0.004 50 12,1 0.001 -1 -1 12,0 0.003 0 1 13,0 0.002 -1 -1 0.005 50 13,15 0.001 1 1 13,14 0.001 0 1 15,12 0.001 1 -1 0.004 50 ::f,0,0 f,2,14 f,14,0 f,14,12 
5:2,1 0.001 1 1 3,3 0.001 0 -1 0,1 0.002 -1 0 0.005 50 2,15 0.001 1 0 0,15 0.001 0 1 2,12 0.001 -1 0 0.005 50 12,1 0.001 -1 0 12,0 0.003 0 1 13,0 0.001 -1 -1 0.005 50 13,15 0.001 1 0 13,14 0.001 1 1 15,12 0.001 0 -1 0.004 50 ::f,0,0 f,2,14 f,14,0 f,14,12 
6:3,2 0.001 1 1 3,3 0.001 0 -1 0,1 0.001 -1 0 0.006 50 3,15 0.001 1 0 0,15 0.001 1 1 1,12 0.001 -1 0 0.007 50 12,1 0.001 -1 1 12,0 0.001 0 1 13,0 0.001 -1 0 0.005 50 14,15 0.001 1 0 13,14 0.001 1 0 15,12 0.001 -1 -1 0.005 50 ::f,0,0 f,2,14 f,14,0 f,14,12 
7:3,2 0.001 1 1 3,3 0.001 0 -1 0,1 0.001 -1 1 0.006 50 3,15 0.001 1 0 0,15 0.001 1 0 0,12 0.001 -1 0 0.008 50 12,1 0.001 0 1 12,0 0.001 1 1 13,0 0.001 -1 0 0.005 50 15,15 0.001 1 0 14,14 0.001 1 0 15,12 0.001 -1 0 0.007 50 ::f,0,0 f,2,14 f,14,0 f,14,12 
8:3,2 0.001 1 0 3,3 0.001 0 -1 0,1 0.001 0 1 0.006 50 3,15 0.001 1 -1 1,15 0.001 1 0 0,12 0.001 -1 0 0.009 50 12,2 0.001 0 1 13,1 0.001 1 1 12,0 0.001 -1 0 0.008 50 15,15 0.001 1 0 15,14 0.001 1 0 15,12 0.001 -1 0 0.008 50 ::f,0,0 f,2,14 f,14,0 f,14,12 
9:3,2 0.001 1 -1 3,3 0.001 0 -1 0,2 0.001 0 1 0.007 50 3,15 0.001 0 -1 2,15 0.001 1 0 0,12 0.001 -1 1 0.01 50 12,3 0.001 0 1 14,2 0.001 1 1 12,0 0.001 -1 0 0.01 50 15,15 0.001 1 -1 15,14 0.001 1 0 15,12 0.001 -1 0 0.0081 65 ::f,0,0 f,2,14 f,12,15 f,14,0 
10:3,2 0.001 0 -1 3,3 0.001 0 -1 0,3 0.001 0 1 0.008 50 3,14 0.001 0 -1 3,15 0.001 1 0 0,12 0.001 0 1 0.012 50 12,3 0.001 0 1 15,3 0.001 1 1 12,0 0.001 -1 1 0.011 50 15,15 0.001 0 -1 15,14 0.001 1 -1 14,12 0.001 -1 0 0.0091 65 ::f,0,0 f,2,14 f,12,15 f,14,0 
11:3,2 0.001 -1 -1 3,3 0.001 0 -1 0,3 0.001 0 1 0.008 50 3,13 0.001 0 -1 3,15 0.001 1 0 0,13 0.001 0 1 0.014 50 12,3 0.001 1 1 15,3 0.001 1 1 12,0 0.001 0 1 0.011 50 15,15 0.001 0 -1 15,14 0.001 0 -1 13,12 0.001 -1 0 0.0101 65 ::f,0,0 f,2,14 f,12,15 f,14,0 
12:2,1 0.001 -1 -1 3,2 0.001 0 -1 0,3 0.001 1 1 0.01 50 3,12 0.001 0 -1 3,15 0.001 1 -1 0,14 0.001 0 1 0.016 50 12,3 0.001 1 0 15,3 0.001 1 0 12,1 0.001 0 1 0.012 50 15,15 0.001 0 -1 15,13 0.001 0 -1 12,12 0.001 -1 0 0.0121 65 ::f,0,0 f,2,14 f,12,15 f,14,0 
13:2,1 0.001 -1 -1 3,1 0.001 0 -1 0,3 0.001 1 0 0.011 50 3,12 0.001 0 -1 3,15 0.001 0 -1 0,15 0.001 0 1 0.017 50 13,3 0.001 1 0 15,3 0.001 1 -1 12,2 0.001 0 1 0.014 50 15,14 0.001 0 -1 15,12 0.001 0 -1 12,12 0.001 -1 0 0.0141 65 ::f,0,0 f,2,14 f,12,15 f,14,0 
14:2,1 0.001 -1 0 3,0 0.001 0 -1 1,3 0.001 1 0 0.013 50 3,12 0.001 -1 -1 3,14 0.001 0 -1 0,15 0.001 0 1 0.018 50 14,3 0.001 1 0 15,3 0.001 0 -1 12,3 0.001 0 1 0.016 50 15,13 0.001 0 -1 15,12 0.001 0 -1 12,12 0.001 -1 1 0.0151 65 ::f,0,0 f,2,14 f,12,15 f,14,0 
15:1,1 0.001 -1 0 3,0 0.001 0 -1 2,3 0.001 1 0 0.015 50 3,12 0.001 -1 0 3,13 0.001 0 -1 0,15 0.001 1 1 0.019 50 14,3 0.001 1 0 15,2 0.001 0 -1 12,3 0.001 0 1 0.017 50 15,13 0.001 0 -1 15,12 0.001 -1 -1 12,12 0.001 0 1 0.0151 65 ::f,0,0 f,2,14 f,12,15 f,14,0 
16:1,1 0.001 -1 0 3,0 0.001 -1 -1 3,3 0.001 1 0 0.016 50 2,12 0.001 -1 0 3,12 0.001 0 -1 0,15 0.001 1 0 0.021 50 15,3 0.001 1 0 15,1 0.001 0 -1 12,3 0.001 1 1 0.019 50 15,13 0.001 0 -1 15,12 0.001 -1 0 12,13 0.001 0 1 0.0161 65 ::f,0,0 f,2,14 f,12,15 f,14,0 
17:1,1 0.001 -1 1 3,0 0.001 -1 0 3,3 0.001 1 0 0.016 50 1,12 0.001 -1 0 3,12 0.001 0 -1 1,15 0.001 1 0 0.023 50 15,3 0.001 1 0 15,0 0.001 0 -1 12,3 0.001 1 0 0.02 50 15,13 0.001 -1 -1 14,12 0.001 -1 0 12,14 0.001 0 1 0.0181 65 ::f,0,0 f,2,14 f,12,15 f,14,0 
18:1,1 0.001 0 1 2,0 0.001 -1 0 3,3 0.001 1 -1 0.017 50 0,12 0.001 -1 0 3,12 0.001 -1 -1 2,15 0.001 1 0 0.025 50 15,3 0.001 1 -1 15,0 0.001 0 -1 13,3 0.001 1 0 0.021 50 15,13 0.001 -1 0 13,12 0.001 -1 0 12,14 0.001 0 1 1.0192 80 ::f,0,0 f,2,14 f,14,0 f,14,14 
19:1,2 0.001 0 1 1,0 0.001 -1 0 3,3 0.001 0 -1 0.019 50 0,12 0.001 -1 0 3,12 0.001 -1 0 3,15 0.001 1 0 0.026 50 15,3 0.001 0 -1 15,0 0.001 -1 -1 14,3 0.001 1 0 0.022 50 14,13 0.001 -1 0 12,12 0.001 -1 0 12,15 0.001 0 1 1.0222 80 ::f,0,0 f,2,14 f,14,0 f,14,14 
20:1,2 0.001 0 1 1,0 0.001 -1 0 3,2 0.001 0 -1 0.0201 65 0,12 0.001 -1 1 2,12 0.001 -1 0 3,15 0.001 1 0 0.027 50 15,2 0.001 0 -1 15,0 0.001 -1 0 15,3 0.001 1 0 0.024 50 13,13 0.001 -1 0 12,12 0.001 -1 0 12,15 0.001 0 1 1.0232 80 ::f,2,0 f,2,14 f,14,0 f,14,14 
21:1,2 0.001 0 1 0,0 0.001 -1 0 3,1 0.001 0 -1 0.0221 65 0,12 0.001 0 1 1,12 0.001 -1 0 3,15 0.001 1 -1 0.028 50 15,1 0.001 0 -1 15,0 0.001 -1 0 15,3 0.001 1 0 0.025 50 12,13 0.001 -1 0 12,12 0.001 -1 1 12,15 0.001 1 1 1.0242 80 ::f,2,0 f,2,14 f,14,0 f,14,14 
22:1,2 0.001 1 1 0,0 0.001 -1 0 3,0 0.001 0 -1 0.0231 65 0,13 0.001 0 1 0,12 0.001 -1 0 3,15 0.001 0 -1 0.03 50 15,1 0.001 0 -1 15,0 0.001 -1 0 15,3 0.001 1 -1 0.0251 65 12,13 0.001 -1 0 12,12 0.001 0 1 12,15 0.001 1 0 1.0242 80 ::f,2,0 f,2,14 f,14,0 f,14,14 
23:1,2 0.001 1 0 0,0 0.001 -1 1 3,0 0.001 0 -1 0.0231 65 0,14 0.001 0 1 0,12 0.001 -1 0 3,14 0.001 0 -1 0.032 50 15,1 0.001 0 -1 15,0 0.001 -1 0 15,3 0.001 0 -1 1.0252 80 12,13 0.001 -1 1 12,12 0.001 0 1 13,15 0.001 1 0 1.0252 80 ::f,2,0 f,2,14 f,12,3 f,14,14 
24:2,2 0.001 1 0 0,0 0.001 0 1 3,0 0.001 -1 -1 0.0241 65 0,15 0.001 0 1 0,12 0.001 -1 1 3,13 0.001 0 -1 0.034 50 15,1 0.001 -1 -1 14,0 0.001 -1 0 15,2 0.001 0 -1 1.0272 80 12,13 0.001 0 1 12,12 0.001 0 1 14,15 0.001 1 0 1.0262 80 ::f,2,0 f,2,14 f,12,3 f,14,14 
25:2,2 0.001 1 0 0,1 0.001 0 1 3,0 0.001 -1 0 0.0251 65 0,15 0.001 0 1 0,12 0.001 0 1 3,12 0.001 0 -1 0.035 50 15,1 0.001 -1 0 13,0 0.001 -1 0 15,2 0.001 0 -1 1.0282 80 12,14 0.001 0 1 12,13 0.001 0 1 15,15 0.001 1 0 1.0292 80 ::f,2,0 f,2,14 f,12,3 f,14,14 
26:2,2 0.001 1 0 0,2 0.001 0 1 3,0 0.001 -1 0 0.0261 65 0,15 0.001 1 1 0,13 0.001 0 1 3,12 0.001 0 -1 0.036 50 14,1 0.001 -1 0 12,0 0.001 -1 0 15,1 0.001 0 -1 1.0312 80 12,15 0.001 0 1 12,14 0.001 0 1 15,15 0.001 1 0 1.0312 80 ::f,2,0 f,2,14 f,12,3 f,14,14 
27:2,2 0.001 1 -1 0,3 0.001 0 1 3,0 0.001 -1 0 0.0272 80 0,15 0.001 1 0 0,14 0.001 0 1 3,12 0.001 -1 -1 0.037 50 13,1 0.001 -1 0 12,0 0.001 -1 0 15,0 0.001 0 -1 1.0332 80 12,15 0.001 0 1 12,14 0.001 0 1 15,15 0.001 1 -1 1.0312 80 ::f,2,3 f,2,14 f,12,3 f,14,14 
28:2,2 0.001 0 -1 0,3 0.001 0 1 2,0 0.001 -1 0 0.0282 80 1,15 0.001 1 0 0,15 0.001 0 1 3,12 0.001 -1 0 0.039 50 12,1 0.001 -1 0 12,0 0.001 -1 1 15,0 0.001 0 -1 1.0342 80 12,15 0.001 1 1 12,14 0.001 0 1 15,15 0.001 0 -1 1.0312 80 ::f,2,3 f,2,14 f,12,3 f,14,14 
29:2,1 0.001 0 -1 0,3 0.001 1 1 1,0 0.001 -1 0 0.0302 80 2,15 0.001 1 0 0,15 0.001 0 1 2,12 0.001 -1 0 0.041 50 12,1 0.001 -1 0 12,0 0.001 0 1 15,0 0.001 -1 -1 1.0342 80 12,15 0.001 1 0 12,14 0.001 1 1 15,14 0.001 0 -1 1.0322 80 ::f,2,3 f,2,14 f,12,3 f,14,14 
30:2,1 0.001 0 -1 0,3 0.001 1 0 0,0 0.001 -1 0 0.0312 80 3,15 0.001 1 0 0,15 0.001 1 1 1,12 0.001 -1 0 0.043 50 12,1 0.001 -1 1 12,0 0.001 0 1 15,0 0.001 -1 0 1.0342 80 13,15 0.001 1 0 12,14 0.001 1 0 15,13 0.001 0 -1 1.0342 80 ::f,2,3 f,2,14 f,12,3 f,14,14 
31:2,1 0.001 0 -1 1,3 0.001 1 0 0,0 0.001 -1 0 0.0322 80 3,15 0.001 1 0 0,15 0.001 1 0 0,12 0.001 -1 0 0.044 50 12,1 0.001 0 1 12,0 0.001 0 1 14,0 0.001 -1 0 1.0352 80 14,15 0.001 1 0 13,14 0.001 1 0 15,12 0.001 0 -1 1.0372 80 ::f,2,3 f,2,14 f,12,3 f,14,14 
32:2,1 0.001 -1 -1 1,3 0.001 1 0 0,0 0.001 -1 1 1.0323 95 3,15 0.001 1 -1 1,15 0.001 1 0 0,12 0.001 -1 0 0.045 50 12,2 0.001 0 1 12,1 0.001 0 1 13,0 0.001 -1 0 1.0382 80 15,15 0.001 1 0 13,14 0.001 1 0 15,12 0.001 0 -1 1.0383 95 ::f,1,0 f,2,14 f,12,3 f,15,13 
33:2,1 0.001 -1 0 2,3 0.001 1 0 0,0 0.001 0 1 1.0333 95 3,15 0.001 0 -1 2,15 0.001 1 0 0,12 0.001 -1 1 0.046 50 12,2 0.001 0 1 12,1 0.001 0 1 12,0 0.001 -1 0 1.0393 95 15,15 0.001 1 0 14,14 0.001 1 0 15,12 0.001 -1 -1 1.0393 95 ::f,1,0 f,2,14 f,13,2 f,15,13 
34:1,1 0.001 -1 0 3,3 0.001 1 0 0,1 0.001 0 1 1.0363 95 3,14 0.001 0 -1 3,15 0.001 1 0 0,12 0.001 0 1 0.048 50 12,3 0.001 0 1 12,2 0.001 0 1 12,0 0.001 -1 0 1.0413 95 15,15 0.001 1 -1 15,14 0.001 1 0 15,12 0.001 -1 0 1.0403 95 ::f,1,0 f,2,14 f,13,2 f,15,13 
35:1,1 0.001 -1 0 3,3 0.001 1 0 0,2 0.001 0 1 1.0373 95 3,13 0.001 0 -1 3,15 0.001 1 0 0,13 0.001 0 1 0.05 50 12,3 0.001 0 1 12,2 0.001 0 1 12,0 0.001 -1 1 1.0413 95 15,15 0.001 0 -1 15,14 0.001 1 0 14,12 0.001 -1 0 1.0413 95 ::f,1,0 f,2,14 f,13,2 f,15,13 
36:1,1 0.001 -1 1 3,3 0.001 1 -1 0,3 0.001 0 1 1.0383 95 3,12 0.001 0 -1 3,15 0.001 1 -1 0,14 0.001 0 1 0.052 50 12,3 0.001 1 1 12,2 0.001 1 1 12,0 0.001 0 1 1.0413 95 15,15 0.001 0 -1 15,14 0.001 1 -1 13,12 0.001 -1 0 1.0423 95 ::f,1,0 f,2,14 f,13,2 f,15,13 
37:1,1 0.001 0 1 3,3 0.001 0 -1 0,3 0.001 0 1 1.0383 95 3,12 0.001 0 -1 3,15 0.001 0 -1 0,15 0.001 0 1 0.053 50 12,3 0.001 1 0 13,3 0.001 1 1 12,1 0.001 0 1 1.0433 95 15,15 0.001 0 -1 15,14 0.001 0 -1 12,12 0.001 -1 0 1.0433 95 ::f,1,0 f,2,14 f,13,2 f,15,13 
38:1,2 0.001 0 1 3,2 0.001 0 -1 0,3 0.001 1 1 1.0403 95 3,12 0.001 -1 -1 3,14 0.001 0 -1 0,15 0.001 0 1 0.054 50 12,3 0.001 1 0 13,3 0.001 1 1 12,2 0.001 0 1 1.0443 95 15,15 0.001 -1 -1 15,14 0.001 0 -1 12,12 0.001 -1 0 1.0433 95 ::f,1,0 f,2,14 f,13,2 f,15,13 
39:1,2 0.001 0 1 3,1 0.001 0 -1 0,3 0.001 1 0 1.0413 95 3,12 0.001 -1 0 3,13 0.001 0 -1 0,15 0.001 1 1 0.055 50 12,3 0.001 1 0 13,3 0.001 1 0 12,2 0.001 0 1 1.0443 95 14,14 0.001 -1 -1 15,14 0.001 0 -1 12,12 0.001 -1 1 2.0444 110 ::f,1,0 f,2,14 f,12,13 f,13,2 
40:1,2 0.001 1 1 3,0 0.001 0 -1 1,3 0.001 1 0 1.0433 95 2,12 0.001 -1 0 3,12 0.001 0 -1 0,15 0.001 1 0 0.057 50 12,3 0.001 1 -1 14,3 0.001 1 0 12,2 0.001 0 1 1.0453 95 13,13 0.001 -1 -1 15,13 0.001 0 -1 12,12 0.001 0 1 2.0464 110 ::f,1,0 f,2,14 f,12,13 f,13,2 
41:1,2 0.001 1 0 3,0 0.001 0 -1 2,3 0.001 1 0 1.0443 95 1,12 0.001 -1 0 3,12 0.001 0 -1 1,15 0.001 1 0 0.059 50 12,3 0.001 1 -1 15,3 0.001 1 0 12,2 0.001 1 1 1.0463 95 13,13 0.001 -1 -1 15,12 0.001 0 -1 12,12 0.001 0 1 2.0474 110 ::f,1,0 f,2,14 f,12,13 f,13,2 
42:2,2 0.001 1 0 3,0 0.001 -1 -1 3,3 0.001 1 0 1.0463 95 0,12 0.001 -1 0 3,12 0.001 -1 -1 2,15 0.001 1 0 0.061 50 12,3 0.001 1 -1 15,3 0.001 1 0 13,3 0.001 1 1 2.0474 110 13,13 0.001 -1 -1 15,12 0.001 0 -1 12,12 0.001 0 1 4.0475 125 ::f,1,0 f,2,14 f,15,1 f,15,13 
43:2,2 0.001 1 0 3,0 0.001 -1 0 3,3 0.001 1 0 1.0463 95 0,12 0.001 -1 0 3,12 0.001 -1 0 3,15 0.001 1 0 0.062 50 13,2 0.001 1 -1 15,3 0.001 1 -1 13,3 0.001 1 1 2.0484 110 13,13 0.001 -1 0 15,12 0.001 -1 -1 12,13 0.001 0 1 4.0485 125 ::f,1,0 f,2,14 f,15,1 f,15,13 
44:2,2 0.001 1 -1 2,0 0.001 -1 0 3,3 0.001 1 -1 1.0473 95 0,12 0.001 -1 1 2,12 0.001 -1 0 3,15 0.001 1 0 0.063 50 14,1 0.001 1 -1 15,3 0.001 0 -1 13,3 0.001 1 0 2.0494 110 13,13 0.001 -1 1 15,12 0.001 -1 0 12,14 0.001 0 1 4.0495 125 ::f,1,0 f,2,14 f,15,1 f,15,13 
45:2,2 0.001 0 -1 2,0 0.001 -1 0 3,3 0.001 0 -1 3.0474 110 0,12 0.001 0 1 1,12 0.001 -1 0 3,15 0.001 1 -1 0.064 50 15,0 0.001 1 -1 15,2 0.001 0 -1 14,3 0.001 1 0 2.0524 110 13,13 0.001 0 1 14,12 0.001 -1 0 12,15 0.001 0 1 4.0515 125 ::f,0,2 f,2,14 f,15,1 f,15,13 
46:2,1 0.001 0 -1 1,0 0.001 -1 0 3,2 0.001 0 -1 3.0504 110 0,13 0.001 0 1 0,12 0.001 -1 0 3,15 0.001 0 -1 0.066 50 15,0 0.001 1 -1 15,2 0.001 0 -1 15,3 0.001 1 0 4.0535 125 13,14 0.001 0 1 13,12 0.001 -1 0 12,15 0.001 0 1 4.0535 125 ::f,0,2 f,2,14 f,15,1 f,15,13 
47:2,1 0.001 0 -1 0,0 0.001 -1 0 3,1 0.001 0 -1 3.0524 110 0,14 0.001 0 1 0,12 0.001 -1 0 3,14 0.001 0 -1 0.068 50 15,0 0.001 0 -1 15,2 0.001 0 -1 15,3 0.001 1 0 7.0536 140 13,15 0.001 0 1 12,12 0.001 -1 0 12,15 0.001 1 1 4.0555 125 ::f,0,2 f,2,14 f,14,1 f,15,13 
48:2,1 0.001 0 -1 0,0 0.001 -1 0 3,0 0.001 0 -1 3.0534 110 0,15 0.001 0 1 0,12 0.001 -1 1 3,13 0.001 0 -1 0.07 50 15,0 0.001 -1 -1 15,1 0.001 0 -1 15,3 0.001 1 -1 7.0546 140 13,15 0.001 0 1 12,12 0.001 -1 0 12,15 0.001 1 0 4.0555 125 ::f,0,2 f,2,14 f,14,1 f,15,13 
49:2,1 0.001 -1 -1 0,0 0.001 -1 1 3,0 0.001 0 -1 3.0534 110 0,15 0.001 0 1 0,12 0.001 0 1 3,12 0.001 0 -1 0.071 50 15,0 0.001 -1 0 15,1 0.001 0 -1 15,3 0.001 0 -1 7.0546 140 13,15 0.001 1 1 12,12 0.001 -1 1 12,15 0.001 1 0 4.0555 125 ::f,0,2 f,2,14 f,14,1 f,15,13 
50:2,1 0.001 -1 0 0,0 0.001 0 1 3,0 0.001 -1 -1 3.0534 110 0,15 0.001 1 1 0,13 0.001 0 1 3,12 0.001 0 -1 0.072 50 14,0 0.001 -1 0 15,0 0.001 0 -1 15,2 0.001 0 -1 7.0576 140 13,15 0.001 1 0 12,12 0.001 0 1 12,15 0.001 1 0 4.0555 125 ::f,0,2 f,2,14 f,14,1 f,15,13 
51:1,1 0.001 -1 0 0,1 0.001 0 1 3,0 0.001 -1 0 3.0554 110 0,15 0.001 1 0 0,14 0.001 0 1 3,12 0.001 -1 -1 0.073 50 13,0 0.001 -1 0 15,0 0.001 0 -1 15,1 0.001 0 -1 7.0596 140 14,15 0.001 1 0 12,13 0.001 0 1 13,15 0.001 1 0 4.0585 125 ::f,0,2 f,2,14 f,14,1 f,15,13 
52:1,1 0.001 -1 0 0,1 0.001 0 1 2,0 0.001 -1 0 6.0565 125 1,15 0.001 1 0 0,15 0.001 0 1 3,12 0.001 -1 0 0.075 50 12,0 0.001 -1 0 15,0 0.001 -1 -1 15,1 0.001 0 -1 7.0606 140 15,15 0.001 1 0 12,14 0.001 0 1 14,15 0.001 1 0 4.0615 125 ::f,2,14 f,3,3 f,14,1 f,15,13 
53:1,1 0.001 -1 1 0,2 0.001 0 1 1,0 0.001 -1 0 6.0585 125 2,15 0.001 1 0 0,15 0.001 0 1 2,12 0.001 -1 0 0.077 50 12,0 0.001 -1 0 15,0 0.001 -1 0 15,1 0.001 0 -1 7.0606 140 15,15 0.001 1 0 12,15 0.001 0 1 14,15 0.001 1 0 4.0625 125 ::f,2,14 f,3,3 f,14,1 f,15,13 
54:1,1 0.001 0 1 0,3 0.001 0 1 0,0 0.001 -1 0 6.0605 125 3,15 0.001 1 0 0,15 0.001 1 1 1,12 0.001 -1 0 0.079 50 12,0 0.001 -1 1 14,0 0.001 -1 0 15,0 0.001 0 -1 7.0626 140 15,15 0.001 1 -1 12,15 0.001 0 1 14,15 0.001 1 0 4.0625 125 ::f,2,14 f,3,3 f,14,1 f,15,13 
55:1,2 0.001 0 1 0,3 0.001 0 1 0,0 0.001 -1 0 6.0615 125 3,15 0.001 1 0 0,15 0.001 1 0 0,12 0.001 -1 0 0.08 50 12,0 0.001 0 1 13,0 0.001 -1 0 15,0 0.001 0 -1 7.0636 140 15,15 0.001 0 -1 12,15 0.001 1 1 14,15 0.001 1 -1 4.0625 125 ::f,2,14 f,3,3 f,14,1 f,15,13 
56:1,2 0.001 0 1 0,3 0.001 1 1 0,0 0.001 -1 1 6.0615 125 3,15 0.001 1 -1 1,15 0.001 1 0 0,12 0.001 -1 0 0.081 50 12,1 0.001 0 1 12,0 0.001 -1 0 15,0 0.001 -1 -1 7.0656 140 15,14 0.001 0 -1 12,15 0.001 1 0 14,15 0.001 0 -1 4.0635 125 ::f,2,14 f,3,3 f,14,1 f,15,13 
57:1,2 0.001 1 1 0,3 0.001 1 0 0,0 0.001 0 1 6.0615 125 3,15 0.001 0 -1 2,15 0.001 1 0 0,12 0.001 -1 1 0.082 50 12,2 0.001 0 1 12,0 0.001 -1 0 15,0 0.001 -1 0 7.0666 140 15,14 0.001 0 -1 13,15 0.001 1 0 14,15 0.001 0 -1 4.0646 140 ::f,2,14 f,3,3 f,14,1 f,14,14 
58:1,2 0.001 1 0 1,3 0.001 1 0 0,1 0.001 0 1 6.0635 125 3,14 0.001 0 -1 3,15 0.001 1 0 0,12 0.001 0 1 0.084 50 12,3 0.001 0 1 12,0 0.001 -1 1 14,0 0.001 -1 0 7.0686 140 15,13 0.001 0 -1 13,15 0.001 1 0 14,15 0.001 0 -1 7.0657 155 ::f,2,14 f,3,3 f,13,13 f,14,1 
59:2,2 0.001 1 0 2,3 0.001 1 0 0,2 0.001 0 1 6.0665 125 3,13 0.001 0 -1 3,15 0.001 1 0 0,13 0.001 0 1 0.086 50 12,3 0.001 0 1 12,0 0.001 0 1 13,0 0.001 -1 0 7.0696 140 15,12 0.001 0 -1 13,15 0.001 1 0 14,14 0.001 0 -1 7.0677 155 ::f,2,14 f,3,3 f,13,13 f,14,1 
60:2,2 0.001 1 0 2,3 0.001 1 0 0,2 0.001 0 1 11.0667 155 3,12 0.001 0 -1 3,15 0.001 1 -1 0,14 0.001 0 1 0.088 50 12,3 0.001 1 1 12,1 0.001 0 1 12,0 0.001 -1 0 7.0716 140 15,12 0.001 0 -1 14,15 0.001 1 0 14,13 0.001 0 -1 7.0697 155 ::f,2,14 f,3,1 f,13,13 f,14,1 
61:2,2 0.001 1 -1 3,3 0.001 1 0 0,3 0.001 0 1 11.0687 155 3,12 0.001 0 -1 3,15 0.001 0 -1 0,15 0.001 0 1 0.089 50 12,3 0.001 1 0 12,2 0.001 0 1 12,0 0.001 -1 0 7.0726 140 15,12 0.001 -1 -1 15,15 0.001 1 0 14,12 0.001 0 -1 7.0717 155 ::f,2,14 f,3,1 f,13,13 f,14,1 
62:2,2 0.001 0 -1 3,3 0.001 1 0 0,3 0.001 0 1 11.0687 155 3,12 0.001 -1 -1 3,14 0.001 0 -1 0,15 0.001 0 1 0.09 50 13,3 0.001 1 0 12,3 0.001 0 1 12,0 0.001 -1 1 7.0746 140 15,12 0.001 -1 0 15,15 0.001 1 0 14,12 0.001 0 -1 7.0717 155 ::f,2,14 f,3,1 f,13,13 f,14,1 
63:2,1 0.001 0 -1 3,3 0.001 1 -1 0,3 0.001 1 1 11.0697 155 3,12 0.001 -1 0 3,13 0.001 0 -1 0,15 0.001 1 1 0.091 50 14,3 0.001 1 0 12,3 0.001 0 1 12,0 0.001 0 1 7.0756 140 15,12 0.001 -1 0 15,15 0.001 1 -1 14,12 0.001 -1 -1 7.0717 155 ::f,2,14 f,3,1 f,13,13 f,14,1 
64:2,1 0.001 0 -1 3,3 0.001 0 -1 0,3 0.001 1 0 11.0697 155 2,12 0.001 -1 0 3,12 0.001 0 -1 0,15 0.001 1 0 0.093 50 15,3 0.001 1 0 12,3 0.001 1 1 12,1 0.001 0 1 7.0776 140 15,12 0.001 -1 0 15,15 0.001 0 -1 14,12 0.001 -1 0 7.0717 155 ::f,2,14 f,3,1 f,13,13 f,14,1 
65:2,1 0.001 0 -1 3,2 0.001 0 -1 1,3 0.001 1 0 11.0717 155 1,12 0.001 -1 0 3,12 0.001 0 -1 1,15 0.001 1 0 0.095 50 15,3 0.001 1 0 12,3 0.001 1 0 12,2 0.001 0 1 7.0786 140 15,12 0.001 -1 1 15,14 0.001 0 -1 13,12 0.001 -1 0 7.0737 155 ::f,2,14 f,3,1 f,13,13 f,14,1 
66:2,1 0.001 -1 -1 3,2 0.001 0 -1 1,3 0.001 1 0 18.0719 185 0,12 0.001 -1 0 3,12 0.001 -1 -1 2,15 0.001 1 0 0.097 50 15,3 0.001 1 -1 13,3 0.001 1 0 12,3 0.001 0 1 7.0806 140 14,13 0.001 -1 1 15,13 0.001 0 -1 12,12 0.001 -1 0 7.0767 155 ::f,1,1 f,2,14 f,13,13 f,14,1 
67:2,1 0.001 -1 0 3,1 0.001 0 -1 2,3 0.001 1 0 18.0739 185 0,12 0.001 -1 0 3,12 0.001 -1 0 3,15 0.001 1 0 0.098 50 15,3 0.001 0 -1 14,3 0.001 1 0 12,3 0.001 0 1 7.0816 140 13,14 0.001 -1 1 15,12 0.001 0 -1 12,12 0.001 -1 0 7.0787 155 ::f,1,1 f,2,14 f,13,13 f,14,1 
68:2,1 0.001 -1 0 3,0 0.001 0 -1 3,3 0.001 1 0 18.0759 185 0,12 0.001 -1 1 2,12 0.001 -1 0 3,15 0.001 1 0 0.099 50 15,2 0.001 0 -1 15,3 0.001 1 0 12,3 0.001 1 1 7.0836 140 12,15 0.001 -1 1 15,12 0.001 0 -1 12,12 0.001 -1 1 7.0797 155 ::f,1,1 f,2,14 f,13,13 f,14,1 
69:2,1 0.001 -1 0 3,0 0.001 0 -1 3,3 0.001 1 0 18.0759 185 0,12 0.001 0 1 1,12 0.001 -1 0 3,15 0.001 1 -1 0.1 50 15,1 0.001 0 -1 15,3 0.001 1 0 12,3 0.001 1 0 7.0846 140 12,15 0.001 -1 1 15,12 0.001 -1 -1 12,12 0.001 0 1 7.0797 155 ::f,1,1 f,2,14 f,13,13 f,14,1 
70:2,1 0.001 -1 0 3,0 0.001 -1 -1 3,3 0.001 1 -1 18.0759 185 0,13 0.001 0 1 0,12 0.001 -1 0 3,15 0.001 0 -1 0.102 50 15,0 0.001 0 -1 15,3 0.001 1 -1 13,3 0.001 1 0 7.0866 140 12,15 0.001 0 1 15,12 0.001 -1 0 12,13 0.001 0 1 7.0807 155 ::f,1,1 f,2,14 f,13,13 f,14,1 
71:2,1 0.001 -1 0 3,0 0.001 -1 0 3,3 0.001 0 -1 18.076 200 0,14 0.001 0 1 0,12 0.001 -1 0 3,14 0.001 0 -1 0.104 50 15,0 0.001 0 -1 15,3 0.001 0 -1 14,3 0.001 1 0 7.0876 140 12,15 0.001 1 1 14,12 0.001 -1 0 12,14 0.001 0 1 7.0827 155 ::f,1,3 f,2,14 f,13,13 f,14,1 
72:1,1 0.001 -1 0 2,0 0.001 -1 0 3,2 0.001 0 -1 18.079 200 0,15 0.001 0 1 0,12 0.001 -1 1 3,13 0.001 0 -1 0.106 50 15,0 0.001 -1 -1 15,2 0.001 0 -1 15,3 0.001 1 0 7.0896 140 12,15 0.001 1 0 13,12 0.001 -1 0 12,14 0.001 0 1 7.0837 155 ::f,1,3 f,2,14 f,13,13 f,14,1 
73:1,1 0.001 -1 0 1,0 0.001 -1 0 3,1 0.001 0 -1 18.081 200 0,15 0.001 0 1 0,12 0.001 0 1 3,12 0.001 0 -1 0.107 50 15,0 0.001 -1 0 15,1 0.001 0 -1 15,3 0.001 1 0 7.0906 140 13,15 0.001 1 0 12,12 0.001 -1 0 12,15 0.001 0 1 7.0867 155 ::f,1,3 f,2,14 f,13,13 f,14,1 
74:1,1 0.001 -1 1 0,0 0.001 -1 0 3,0 0.001 0 -1 18.083 200 0,15 0.001 1 1 0,13 0.001 0 1 3,12 0.001 0 -1 0.108 50 14,0 0.001 -1 0 15,0 0.001 0 -1 15,3 0.001 1 -1 7.0926 140 14,15 0.001 1 0 12,12 0.001 -1 0 12,15 0.001 0 1 7.0877 155 ::f,1,3 f,2,14 f,13,13 f,14,1 
75:1,1 0.001 0 1 0,0 0.001 -1 0 3,0 0.001 0 -1 18.083 200 0,15 0.001 1 0 0,14 0.001 0 1 3,12 0.001 -1 -1 0.109 50 13,0 0.001 -1 0 15,0 0.001 0 -1 15,3 0.001 0 -1 7.0936 140 15,15 0.001 1 0 12,12 0.001 -1 1 12,15 0.001 1 1 7.0887 155 ::f,1,3 f,2,14 f,13,13 f,14,1 
76:1,2 0.001 0 1 0,0 0.001 -1 1 3,0 0.001 -1 -1 18.084 200 1,15 0.001 1 0 0,15 0.001 0 1 3,12 0.001 -1 0 0.111 50 12,0 0.001 -1 0 15,0 0.001 -1 -1 15,2 0.001 0 -1 7.0956 140 15,15 0.001 1 0 12,12 0.001 0 1 12,15 0.001 1 0 7.0887 155 ::f,1,3 f,2,14 f,13,13 f,14,1 
77:1,2 0.001 0 1 0,0 0.001 0 1 3,0 0.001 -1 0 19.0841 215 2,15 0.001 1 0 0,15 0.001 0 1 2,12 0.001 -1 0 0.113 50 12,0 0.001 -1 0 15,0 0.001 -1 0 15,1 0.001 0 -1 7.0966 140 15,15 0.001 1 -1 12,13 0.001 0 1 13,15 0.001 1 0 7.0907 155 ::f,1,1 f,2,14 f,13,13 f,14,1 
78:1,2 0.001 0 1 0,1 0.001 0 1 2,0 0.001 -1 0 19.0861 215 3,15 0.001 1 0 0,15 0.001 1 1 1,12 0.001 -1 0 0.115 50 12,0 0.001 -1 1 14,0 0.001 -1 0 15,0 0.001 0 -1 7.0986 140 15,15 0.001 0 -1 12,14 0.001 0 1 14,15 0.001 1 0 7.0927 155 ::f,1,1 f,2,14 f,13,13 f,14,1 
79:1,2 0.001 1 1 0,2 0.001 0 1 1,0 0.001 -1 0 19.0881 215 3,15 0.001 1 0 0,15 0.001 1 0 0,12 0.001 -1 0 0.116 50 12,0 0.001 0 1 13,0 0.001 -1 0 15,0 0.001 0 -1 7.0996 140 15,14 0.001 0 -1 12,15 0.001 0 1 15,15 0.001 1 0 7.0957 155 ::f,1,1 f,2,14 f,13,13 f,14,1 
80:1,2 0.001 1 0 0,3 0.001 0 1 0,0 0.001 -1 0 19.0901 215 3,15 0.001 1 -1 1,15 0.001 1 0 0,12 0.001 -1 0 0.117 50 12,1 0.001 0 1 12,0 0.001 -1 0 15,0 0.001 -1 -1 7.1016 140 15,13 0.001 0 -1 12,15 0.001 0 1 15,15 0.001 1 0 7.0967 155 ::f,1,1 f,2,14 f,13,13 f,14,1 
81:2,2 0.001 1 0 0,3 0.001 0 1 0,0 0.001 -1 0 19.0911 215 3,15 0.001 0 -1 2,15 0.001 1 0 0,12 0.001 -1 1 0.118 50 12,2 0.001 0 1 12,0 0.001 -1 0 15,0 0.001 -1 0 7.1026 140 15,12 0.001 0 -1 12,15 0.001 1 1 15,15 0.001 1 -1 7.0977 155 ::f,1,1 f,2,14 f,13,13 f,14,1 
82:2,2 0.001 1 0 0,3 0.001 1 1 0,0 0.001 -1 1 19.0911 215 3,14 0.001 0 -1 3,15 0.001 1 0 0,12 0.001 0 1 0.12 50 12,3 0.001 0 1 12,0 0.001 -1 1 14,0 0.001 -1 0 7.1046 140 15,12 0.001 0 -1 12,15 0.001 1 0 15,15 0.001 0 -1 7.0977 155 ::f,1,1 f,2,14 f,13,13 f,14,1 
83:2,2 0.001 1 0 0,3 0.001 1 0 0,0 0.001 0 1 19.0911 215 3,13 0.001 0 -1 3,15 0.001 1 0 0,13 0.001 0 1 0.122 50 12,3 0.001 0 1 12,0 0.001 0 1 13,0 0.001 -1 0 7.1056 140 15,12 0.001 -1 -1 13,15 0.001 1 0 15,14 0.001 0 -1 7.0997 155 ::f,1,1 f,2,14 f,13,13 f,14,1 
84:2,2 0.001 1 -1 1,3 0.001 1 0 0,1 0.001 0 1 19.0931 215 3,12 0.001 0 -1 3,15 0.001 1 -1 0,14 0.001 0 1 0.124 50 12,3 0.001 1 1 12,1 0.001 0 1 12,0 0.001 -1 0 7.1076 140 15,12 0.001 -1 0 14,15 0.001 1 0 15,13 0.001 0 -1 7.1017 155 ::f,1,1 f,2,14 f,13,13 f,14,1 
85:2,2 0.001 0 -1 2,3 0.001 1 0 0,2 0.001 0 1 19.0951 215 3,12 0.001 0 -1 3,15 0.001 0 -1 0,15 0.001 0 1 0.125 50 12,3 0.001 1 0 12,2 0.001 0 1 12,0 0.001 -1 0 7.1086 140 14,12 0.001 -1 0 15,15 0.001 1 0 15,12 0.001 0 -1 7.1047 155 ::f,1,1 f,2,14 f,13,13 f,14,1 
86:2,1 0.001 0 -1 3,3 0.001 1 0 0,3 0.001 0 1 19.0981 215 3,12 0.001 -1 -1 3,14 0.001 0 -1 0,15 0.001 0 1 0.126 50 13,3 0.001 1 0 12,3 0.001 0 1 12,0 0.001 -1 1 7.1106 140 13,12 0.001 -1 0 15,15 0.001 1 0 15,12 0.001 0 -1 7.1057 155 ::f,1,1 f,2,14 f,13,13 f,14,1 
87:2,1 0.001 0 -1 3,3 0.001 1 0 0,3 0.001 0 1 19.0981 215 3,12 0.001 -1 0 3,13 0.001 0 -1 0,15 0.001 1 1 0.127 50 14,3 0.001 1 0 12,3 0.001 0 1 12,0 0.001 0 1 7.1116 140 12,12 0.001 -1 0 15,15 0.001 1 -1 15,12 0.001 -1 -1 7.1067 155 ::f,1,1 f,2,14 f,13,13 f,14,1 
88:2,1 0.001 0 -1 3,3 0.001 1 -1 0,3 0.001 1 1 19.0981 215 2,12 0.001 -1 0 3,12 0.001 0 -1 0,15 0.001 1 0 0.129 50 15,3 0.001 1 0 12,3 0.001 1 1 12,1 0.001 0 1 7.1136 140 12,12 0.001 -1 0 15,15 0.001 0 -1 15,12 0.001 -1 0 7.1067 155 ::f,1,1 f,2,14 f,13,13 f,14,1 
89:2,1 0.001 -1 -1 3,3 0.001 0 -1 0,3 0.001 1 0 19.0981 215 1,12 0.001 -1 0 3,12 0.001 0 -1 1,15 0.001 1 0 0.131 50 15,3 0.001 1 0 12,3 0.001 1 0 12,2 0.001 0 1 7.1146 140 12,12 0.001 -1 1 15,14 0.001 0 -1 14,12 0.001 -1 0 7.1087 155 ::f,1,1 f,2,14 f,13,13 f,14,1 
90:2,1 0.001 -1 0 3,2 0.001 0 -1 1,3 0.001 1 0 19.1001 215 0,12 0.001 -1 0 3,12 0.001 -1 -1 2,15 0.001 1 0 0.133 50 15,3 0.001 1 -1 13,3 0.001 1 0 12,3 0.001 0 1 7.1166 140 12,12 0.001 0 1 15,13 0.001 0 -1 13,12 0.001 -1 0 7.1107 155 ::f,1,1 f,2,14 f,13,13 f,14,1 
91:2,1 0.001 -1 0 3,1 0.001 0 -1 2,3 0.001 1 0 19.1021 215 0,12 0.001 -1 0 3,12 0.001 -1 0 3,15 0.001 1 0 0.134 50 15,3 0.001 0 -1 14,3 0.001 1 0 12,3 0.001 0 1 7.1176 140 12,13 0.001 0 1 15,12 0.001 0 -1 12,12 0.001 -1 0 7.1137 155 ::f,1,1 f,2,14 f,13,13 f,14,1 
92:2,1 0.001 -1 0 3,0 0.001 0 -1 3,3 0.001 1 0 19.1041 215 0,12 0.001 -1 1 2,12 0.001 -1 0 3,15 0.001 1 0 0.135 50 15,2 0.001 0 -1 15,3 0.001 1 0 12,3 0.001 1 1 7.1196 140 12,14 0.001 0 1 15,12 0.001 0 -1 12,12 0.001 -1 0 7.1147 155 ::f,1,1 f,2,14 f,13,13 f,14,1 
93:2,1 0.001 -1 0 3,0 0.001 0 -1 3,3 0.001 1 0 19.1041 215 0,12 0.001 0 1 1,12 0.001 -1 0 3,15 0.001 1 -1 0.136 50 15,1 0.001 0 -1 15,3 0.001 1 0 12,3 0.001 1 0 7.1206 140 12,15 0.001 0 1 15,12 0.001 -1 -1 12,12 0.001 -1 1 7.1157 155 ::f,1,1 f,2,14 f,13,13 f,14,1 
94:2,1 0.001 -1 0 3,0 0.001 -1 -1 3,3 0.001 1 -1 21.1042 230 0,13 0.001 0 1 0,12 0.001 -1 0 3,15 0.001 0 -1 0.138 50 15,0 0.001 0 -1 15,3 0.001 1 -1 13,3 0.001 1 0 7.1226 140 12,15 0.001 0 1 15,12 0.001 -1 0 12,12 0.001 0 1 7.1157 155 ::f,0,3 f,2,14 f,13,13 f,14,1 
95:1,1 0.001 -1 0 3,0 0.001 -1 0 3,3 0.001 0 -1 21.1052 230 0,14 0.001 0 1 0,12 0.001 -1 0 3,14 0.001 0 -1 0.14 50 15,0 0.001 0 -1 15,3 0.001 0 -1 14,3 0.001 1 0 7.1236 140 12,15 0.001 1 1 14,12 0.001 -1 0 12,13 0.001 0 1 7.1177 155 ::f,0,3 f,2,14 f,13,13 f,14,1 
96:1,1 0.001 -1 0 2,0 0.001 -1 0 3,2 0.001 0 -1 21.1072 230 0,15 0.001 0 1 0,12 0.001 -1 1 3,13 0.001 0 -1 0.142 50 15,0 0.001 -1 -1 15,2 0.001 0 -1 15,3 0.001 1 0 7.1256 140 12,15 0.001 1 0 13,12 0.001 -1 0 12,14 0.001 0 1 7.1197 155 ::f,0,3 f,2,14 f,13,13 f,14,1 
97:1,1 0.001 -1 1 1,0 0.001 -1 0 3,1 0.001 0 -1 21.1092 230 0,15 0.001 0 1 0,12 0.001 0 1 3,12 0.001 0 -1 0.143 50 15,0 0.001 -1 0 15,1 0.001 0 -1 15,3 0.001 1 0 7.1266 140 13,15 0.001 1 0 12,12 0.001 -1 0 12,15 0.001 0 1 7.1227 155 ::f,0,3 f,2,14 f,13,13 f,14,1 
98:1,1 0.001 0 1 0,0 0.001 -1 0 3,0 0.001 0 -1 21.1112 230 0,15 0.001 1 1 0,13 0.001 0 1 3,12 0.001 0 -1 0.144 50 14,0 0.001 -1 0 15,0 0.001 0 -1 15,3 0.001 1 -1 7.1286 140 14,15 0.001 1 0 12,12 0.001 -1 0 12,15 0.001 0 1 7.1237 155 ::f,0,3 f,2,14 f,13,13 f,14,1 
99:1,2 0.001 0 1 0,0 0.001 -1 0 3,0 0.001 0 -1 21.1122 230 0,15 0.001 1 0 0,14 0.001 0 1 3,12 0.001 -1 -1 0.145 50 13,0 0.001 -1 0 15,0 0.001 0 -1 15,3 0.001 0 -1 7.1296 140 15,15 0.001 1 0 12,12 0.001 -1 1 12,15 0.001 1 1 7.1247 155 ::f,0,3 f,2,14 f,13,13 f,14,1 
100:1,2 0.001 0 1 0,0 0.001 -1 1 3,0 0.001 -1 -1 21.1122 230 1,15 0.001 1 0 0,15 0.001 0 1 3,12 0.001 -1 0 0.147 50 12,0 0.001 -1 0 15,0 0.001 -1 -1 15,2 0.001 0 -1 7.1316 140 15,15 0.001 1 0 12,12 0.001 0 1 12,15 0.001 1 0 7.1247 155 ::f,0,3 f,2,14 f,13,13 f,14,1 
101:1,2 0.001 1 1 0,0 0.001 0 1 3,0 0.001 -1 0 21.1122 230 2,15 0.001 1 0 0,15 0.001 0 1 2,12 0.001 -1 0 0.149 50 12,0 0.001 -1 0 15,0 0.001 -1 0 15,1 0.001 0 -1 7.1326 140 15,15 0.001 1 -1 12,13 0.001 0 1 13,15 0.001 1 0 7.1267 155 ::f,0,3 f,2,14 f,13,13 f,14,1 
102:1,2 0.001 1 0 0,1 0.001 0 1 2,0 0.001 -1 0 21.1142 230 3,15 0.001 1 0 0,15 0.001 1 1 1,12 0.001 -1 0 0.151 50 12,0 0.001 -1 1 14,0 0.001 -1 0 15,0 0.001 0 -1 7.1346 140 15,15 0.001 0 -1 12,14 0.001 0 1 14,15 0.001 1 0 7.1287 155 ::f,0,3 f,2,14 f,13,13 f,14,1 
103:2,2 0.001 1 0 0,2 0.001 0 1 1,0 0.001 -1 0 21.1172 230 3,15 0.001 1 0 0,15 0.001 1 0 0,12 0.001 -1 0 0.152 50 12,0 0.001 0 1 13,0 0.001 -1 0 15,0 0.001 0 -1 7.1356 140 15,14 0.001 0 -1 12,15 0.001 0 1 15,15 0.001 1 0 7.1317 155 ::f,0,3 f,2,14 f,13,13 f,14,1 
104:2,2 0.001 1 0 0,2 0.001 0 1 1,0 0.001 -1 0 30.1174 260 3,15 0.001 1 -1 1,15 0.001 1 0 0,12 0.001 -1 0 0.153 50 12,1 0.001 0 1 12,0 0.001 -1 0 15,0 0.001 -1 -1 7.1376 140 15,13 0.001 0 -1 12,15 0.001 0 1 15,15 0.001 1 0 7.1327 155 ::f,0,0 f,2,14 f,13,13 f,14,1 
105:2,2 0.001 1 0 0,3 0.001 0 1 1,0 0.001 -1 0 34.1185 275 3,15 0.001 0 -1 2,15 0.001 1 0 0,12 0.001 -1 1 0.154 50 12,2 0.001 0 1 12,0 0.001 -1 0 15,0 0.001 -1 0 7.1386 140 15,12 0.001 0 -1 12,15 0.001 1 1 15,15 0.001 1 -1 7.1337 155 ::f,2,14 f,3,2 f,13,13 f,14,1 
106:2,2 0.001 1 -1 0,3 0.001 0 1 0,0 0.001 -1 0 34.1195 275 3,14 0.001 0 -1 3,15 0.001 1 0 0,12 0.001 0 1 0.156 50 12,3 0.001 0 1 12,0 0.001 -1 1 14,0 0.001 -1 0 7.1406 140 15,12 0.001 0 -1 12,15 0.001 1 0 15,15 0.001 0 -1 7.1337 155 ::f,2,14 f,3,2 f,13,13 f,14,1 
107:2,2 0.001 0 -1 0,3 0.001 1 1 0,0 0.001 -1 0 34.1195 275 3,13 0.001 0 -1 3,15 0.001 1 0 0,13 0.001 0 1 0.158 50 12,3 0.001 0 1 12,0 0.001 0 1 13,0 0.001 -1 0 7.1416 140 15,12 0.001 -1 -1 13,15 0.001 1 0 15,14 0.001 0 -1 7.1357 155 ::f,2,14 f,3,2 f,13,13 f,14,1 
108:2,1 0.001 0 -1 0,3 0.001 1 0 0,0 0.001 -1 1 34.1205 275 3,12 0.001 0 -1 3,15 0.001 1 -1 0,14 0.001 0 1 0.16 50 12,3 0.001 1 1 12,1 0.001 0 1 12,0 0.001 -1 0 7.1436 140 15,12 0.001 -1 0 14,15 0.001 1 0 15,13 0.001 0 -1 7.1377 155 ::f,2,14 f,3,2 f,13,13 f,14,1 
109:2,1 0.001 0 -1 1,3 0.001 1 0 0,0 0.001 0 1 34.1215 275 3,12 0.001 0 -1 3,15 0.001 0 -1 0,15 0.001 0 1 0.161 50 12,3 0.001 1 0 12,2 0.001 0 1 12,0 0.001 -1 0 7.1446 140 14,12 0.001 -1 0 15,15 0.001 1 0 15,12 0.001 0 -1 7.1407 155 ::f,2,14 f,3,2 f,13,13 f,14,1 
110:2,1 0.001 0 -1 2,3 0.001 1 0 0,1 0.001 0 1 34.1235 275 3,12 0.001 -1 -1 3,14 0.001 0 -1 0,15 0.001 0 1 0.162 50 13,3 0.001 1 0 12,3 0.001 0 1 12,0 0.001 -1 1 7.1466 140 13,12 0.001 -1 0 15,15 0.001 1 0 15,12 0.001 0 -1 7.1417 155 ::f,2,14 f,3,2 f,13,13 f,14,1 
111:2,1 0.001 -1 -1 3,3 0.001 1 0 0,2 0.001 0 1 34.1255 275 3,12 0.001 -1 0 3,13 0.001 0 -1 0,15 0.001 1 1 0.163 50 14,3 0.001 1 0 12,3 0.001 0 1 12,0 0.001 0 1 7.1476 140 12,12 0.001 -1 0 15,15 0.001 1 -1 15,12 0.001 -1 -1 7.1427 155 ::f,2,14 f,3,2 f,13,13 f,14,1 
112:2,1 0.001 -1 0 3,3 0.001 1 0 0,3 0.001 0 1 34.1265 275 2,12 0.001 -1 0 3,12 0.001 0 -1 0,15 0.001 1 0 0.165 50 15,3 0.001 1 0 12,3 0.001 1 1 12,1 0.001 0 1 7.1496 140 12,12 0.001 -1 0 15,15 0.001 0 -1 15,12 0.001 -1 0 7.1427 155 ::f,2,14 f,3,2 f,13,13 f,14,1 
113:1,1 0.001 -1 0 3,3 0.001 1 -1 0,3 0.001 0 1 34.1275 275 1,12 0.001 -1 0 3,12 0.001 0 -1 1,15 0.001 1 0 0.167 50 15,3 0.001 1 0 12,3 0.001 1 0 12,2 0.001 0 1 7.1506 140 12,12 0.001 -1 1 15,14 0.001 0 -1 14,12 0.001 -1 0 7.1447 155 ::f,2,14 f,3,2 f,13,13 f,14,1 
114:1,1 0.001 -1 0 3,3 0.001 0 -1 0,3 0.001 1 1 34.1275 275 0,12 0.001 -1 0 3,12 0.001 -1 -1 2,15 0.001 1 0 0.169 50 15,3 0.001 1 -1 13,3 0.001 1 0 12,3 0.001 0 1 7.1526 140 12,12 0.001 0 1 15,13 0.001 0 -1 13,12 0.001 -1 0 7.1467 155 ::f,2,14 f,3,2 f,13,13 f,14,1 
115:1,1 0.001 -1 0 3,3 0.001 0 -1 0,3 0.001 1 0 34.1275 275 0,12 0.001 -1 0 3,12 0.001 -1 0 3,15 0.001 1 0 0.17 50 15,3 0.001 0 -1 14,3 0.001 1 0 12,3 0.001 0 1 7.1536 140 12,13 0.001 0 1 15,12 0.001 0 -1 12,12 0.001 -1 0 7.1497 155 ::f,2,14 f,3,2 f,13,13 f,14,1 
116:1,1 0.001 -1 1 3,3 0.001 0 -1 1,3 0.001 1 0 41.1286 290 0,12 0.001 -1 1 2,12 0.001 -1 0 3,15 0.001 1 0 0.171 50 15,2 0.001 0 -1 15,3 0.001 1 0 12,3 0.001 1 1 7.1556 140 12,14 0.001 0 1 15,12 0.001 0 -1 12,12 0.001 -1 0 7.1507 155 ::f,2,2 f,2,14 f,13,13 f,14,1 
117:1,1 0.001 0 1 3,2 0.001 0 -1 2,3 0.001 1 0 41.1306 290 0,12 0.001 0 1 1,12 0.001 -1 0 3,15 0.001 1 -1 0.172 50 15,1 0.001 0 -1 15,3 0.001 1 0 12,3 0.001 1 0 7.1566 140 12,15 0.001 0 1 15,12 0.001 -1 -1 12,12 0.001 -1 1 7.1517 155 ::f,2,2 f,2,14 f,13,13 f,14,1 
118:1,2 0.001 0 1 3,1 0.001 0 -1 3,3 0.001 1 0 41.1336 290 0,13 0.001 0 1 0,12 0.001 -1 0 3,15 0.001 0 -1 0.174 50 15,0 0.001 0 -1 15,3 0.001 1 -1 13,3 0.001 1 0 7.1586 140 12,15 0.001 0 1 15,12 0.001 -1 0 12,12 0.001 0 1 7.1517 155 ::f,2,2 f,2,14 f,13,13 f,14,1 
119:1,2 0.001 0 1 3,0 0.001 0 -1 3,3 0.001 1 0 41.1346 290 0,14 0.001 0 1 0,12 0.001 -1 0 3,14 0.001 0 -1 0.176 50 15,0 0.001 0 -1 15,3 0.001 0 -1 14,3 0.001 1 0 7.1596 140 12,15 0.001 1 1 14,12 0.001 -1 0 12,13 0.001 0 1 7.1537 155 ::f,2,2 f,2,14 f,13,13 f,14,1 
120:1,2 0.001 0 1 3,0 0.001 0 -1 3,3 0.001 1 -1 41.1346 290 0,15 0.001 0 1 0,12 0.001 -1 1 3,13 0.001 0 -1 0.178 50 15,0 0.001 -1 -1 15,2 0.001 0 -1 15,3 0.001 1 0 7.1616 140 12,15 0.001 1 0 13,12 0.001 -1 0 12,14 0.001 0 1 7.1557 155 ::f,2,2 f,2,14 f,13,13 f,14,1 
121:1,2 0.001 1 1 3,0 0.001 -1 -1 3,3 0.001 0 -1 41.1346 290 0,15 0.001 0 1 0,12 0.001 0 1 3,12 0.001 0 -1 0.179 50 15,0 0.001 -1 0 15,1 0.001 0 -1 15,3 0.001 1 0 7.1626 140 13,15 0.001 1 0 12,12 0.001 -1 0 12,15 0.001 0 1 7.1587 155 ::f,2,2 f,2,14 f,13,13 f,14,1 
122:1,2 0.001 1 0 3,0 0.001 -1 0 3,2 0.001 0 -1 41.1356 290 0,15 0.001 1 1 0,13 0.001 0 1 3,12 0.001 0 -1 0.18 50 14,0 0.001 -1 0 15,0 0.001 0 -1 15,3 0.001 1 -1 7.1646 140 14,15 0.001 1 0 12,12 0.001 -1 0 12,15 0.001 0 1 7.1597 155 ::f,2,2 f,2,14 f,13,13 f,14,1 
123:1,2 0.001 1 0 2,0 0.001 -1 0 3,1 0.001 0 -1 41.1376 290 0,15 0.001 1 0 0,14 0.001 0 1 3,12 0.001 -1 -1 0.181 50 13,0 0.001 -1 0 15,0 0.001 0 -1 15,3 0.001 0 -1 7.1656 140 15,15 0.001 1 0 12,12 0.001 -1 1 12,15 0.001 1 1 7.1607 155 ::f,2,2 f,2,14 f,13,13 f,14,1 
124:1,2 0.001 1 0 1,0 0.001 -1 0 3,0 0.001 0 -1 41.1396 290 1,15 0.001 1 0 0,15 0.001 0 1 3,12 0.001 -1 0 0.183 50 12,0 0.001 -1 0 15,0 0.001 -1 -1 15,2 0.001 0 -1 7.1676 140 15,15 0.001 1 0 12,12 0.001 0 1 12,15 0.001 1 0 7.1607 155 ::f,2,2 f,2,14 f,13,13 f,14,1 
125:1,2 0.001 1 0 0,0 0.001 -1 0 3,0 0.001 0 -1 41.1406 290 2,15 0.001 1 0 0,15 0.001 0 1 2,12 0.001 -1 0 0.185 50 12,0 0.001 -1 0 15,0 0.001 -1 0 15,1 0.001 0 -1 7.1686 140 15,15 0.001 1 -1 12,13 0.001 0 1 13,15 0.001 1 0 7.1627 155 ::f,2,2 f,2,14 f,13,13 f,14,1 
126:1,2 0.001 1 0 0,0 0.001 -1 0 3,0 0.001 -1 -1 44.1407 305 3,15 0.001 1 0 0,15 0.001 1 1 1,12 0.001 -1 0 0.187 50 12,0 0.001 -1 1 14,0 0.001 -1 0 15,0 0.001 0 -1 7.1706 140 15,15 0.001 0 -1 12,14 0.001 0 1 14,15 0.001 1 0 7.1647 155 ::f,0,2 f,2,14 f,13,13 f,14,1 
127:2,2 0.001 1 0 0,0 0.001 -1 1 3,0 0.001 -1 0 44.1417 305 3,15 0.001 1 0 0,15 0.001 1 0 0,12 0.001 -1 0 0.188 50 12,0 0.001 0 1 13,0 0.001 -1 0 15,0 0.001 0 -1 7.1716 140 15,14 0.001 0 -1 12,15 0.001 0 1 15,15 0.001 1 0 7.1677 155 ::f,0,2 f,2,14 f,13,13 f,14,1 
128:2,2 0.001 1 0 0,0 0.001 0 1 2,0 0.001 -1 0 44.1427 305 3,15 0.001 1 -1 1,15 0.001 1 0 0,12 0.001 -1 0 0.189 50 12,1 0.001 0 1 12,0 0.001 -1 0 15,0 0.001 -1 -1 7.1736 140 15,13 0.001 0 -1 12,15 0.001 0 1 15,15 0.001 1 0 7.1687 155 ::f,0,2 f,2,14 f,13,13 f,14,1 
129:2,2 0.001 1 -1 0,1 0.001 0 1 1,0 0.001 -1 0 44.1447 305 3,15 0.001 0 -1 2,15 0.001 1 0 0,12 0.001 -1 1 0.19 50 12,2 0.001 0 1 12,0 0.001 -1 0 15,0 0.001 -1 0 7.1746 140 15,12 0.001 0 -1 12,15 0.001 1 1 15,15 0.001 1 -1 7.1697 155 ::f,0,2 f,2,14 f,13,13 f,14,1 
130:2,2 0.001 0 -1 0,1 0.001 0 1 0,0 0.001 -1 0 52.1458 320 3,14 0.001 0 -1 3,15 0.001 1 0 0,12 0.001 0 1 0.192 50 12,3 0.001 0 1 12,0 0.001 -1 1 14,0 0.001 -1 0 7.1766 140 15,12 0.001 0 -1 12,15 0.001 1 0 15,15 0.001 0 -1 7.1697 155 ::f,0,3 f,2,14 f,13,13 f,14,1 
131:2,1 0.001 0 -1 0,2 0.001 0 1 0,0 0.001 -1 0 52.1478 320 3,13 0.001 0 -1 3,15 0.001 1 0 0,13 0.001 0 1 0.194 50 12,3 0.001 0 1 12,0 0.001 0 1 13,0 0.001 -1 0 7.1776 140 15,12 0.001 -1 -1 13,15 0.001 1 0 15,14 0.001 0 -1 7.1717 155 ::f,0,3 f,2,14 f,13,13 f,14,1 
132:2,1 0.001 0 -1 0,2 0.001 0 1 0,0 0.001 -1 1 61.1479 335 3,12 0.001 0 -1 3,15 0.001 1 -1 0,14 0.001 0 1 0.196 50 12,3 0.001 1 1 12,1 0.001 0 1 12,0 0.001 -1 0 7.1796 140 15,12 0.001 -1 0 14,15 0.001 1 0 15,13 0.001 0 -1 7.1737 155 ::f,0,3 f,2,14 f,13,13 f,14,1 
133:2,1 0.001 0 -1 0,2 0.001 0 1 0,0 0.001 0 1 71.148 350 3,12 0.001 0 -1 3,15 0.001 0 -1 0,15 0.001 0 1 0.197 50 12,3 0.001 1 0 12,2 0.001 0 1 12,0 0.001 -1 0 7.1806 140 14,12 0.001 -1 0 15,15 0.001 1 0 15,12 0.001 0 -1 7.1767 155 ::f,1,0 f,2,14 f,13,13 f,14,1 
134:2,1 0.001 -1 -1 0,3 0.001 0 1 0,1 0.001 0 1 71.15 350 3,12 0.001 -1 -1 3,14 0.001 0 -1 0,15 0.001 0 1 0.198 50 13,3 0.001 1 0 12,3 0.001 0 1 12,0 0.001 -1 1 7.1826 140 13,12 0.001 -1 0 15,15 0.001 1 0 15,12 0.001 0 -1 7.1777 155 ::f,1,0 f,2,14 f,13,13 f,14,1 
135:2,1 0.001 -1 0 0,3 0.001 0 1 0,2 0.001 0 1 71.151 350 3,12 0.001 -1 0 3,13 0.001 0 -1 0,15 0.001 1 1 0.199 50 14,3 0.001 1 0 12,3 0.001 0 1 12,0 0.001 0 1 7.1836 140 12,12 0.001 -1 0 15,15 0.001 1 -1 15,12 0.001 -1 -1 7.1787 155 ::f,1,0 f,2,14 f,13,13 f,14,1 
136:1,1 0.001 -1 0 0,3 0.001 1 1 0,2 0.001 0 1 71.152 350 2,12 0.001 -1 0 3,12 0.001 0 -1 0,15 0.001 1 0 0.201 50 15,3 0.001 1 0 12,3 0.001 1 1 12,1 0.001 0 1 7.1856 140 12,12 0.001 -1 0 15,15 0.001 0 -1 15,12 0.001 -1 0 7.1787 155 ::f,1,0 f,2,14 f,13,13 f,14,1 
137:1,1 0.001 -1 0 0,3 0.001 1 0 0,2 0.001 0 1 71.152 350 1,12 0.001 -1 0 3,12 0.001 0 -1 1,15 0.001 1 0 0.203 50 15,3 0.001 1 0 12,3 0.001 1 0 12,2 0.001 0 1 7.1866 140 12,12 0.001 -1 1 15,14 0.001 0 -1 14,12 0.001 -1 0 7.1807 155 ::f,1,0 f,2,14 f,13,13 f,14,1 
138:1,1 0.001 -1 0 1,3 0.001 1 0 0,3 0.001 0 1 71.154 350 0,12 0.001 -1 0 3,12 0.001 -1 -1 2,15 0.001 1 0 0.205 50 15,3 0.001 1 -1 13,3 0.001 1 0 12,3 0.001 0 1 7.1886 140 12,12 0.001 0 1 15,13 0.001 0 -1 13,12 0.001 -1 0 7.1827 155 ::f,1,0 f,2,14 f,13,13 f,14,1 
139:1,1 0.001 -1 1 2,3 0.001 1 0 0,3 0.001 0 1 71.155 350 0,12 0.001 -1 0 3,12 0.001 -1 0 3,15 0.001 1 0 0.206 50 15,3 0.001 0 -1 14,3 0.001 1 0 12,3 0.001 0 1 7.1896 140 12,13 0.001 0 1 15,12 0.001 0 -1 12,12 0.001 -1 0 7.1857 155 ::f,1,0 f,2,14 f,13,13 f,14,1 
140:1,1 0.001 0 1 3,3 0.001 1 0 0,3 0.001 1 1 71.156 350 0,12 0.001 -1 1 2,12 0.001 -1 0 3,15 0.001 1 0 0.207 50 15,2 0.001 0 -1 15,3 0.001 1 0 12,3 0.001 1 1 7.1916 140 12,14 0.001 0 1 15,12 0.001 0 -1 12,12 0.001 -1 0 7.1867 155 ::f,1,0 f,2,14 f,13,13 f,14,1 
141:1,2 0.001 0 1 3,3 0.001 1 0 0,3 0.001 1 0 71.157 350 0,12 0.001 0 1 1,12 0.001 -1 0 3,15 0.001 1 -1 0.208 50 15,1 0.001 0 -1 15,3 0.001 1 0 12,3 0.001 1 0 7.1926 140 12,15 0.001 0 1 15,12 0.001 -1 -1 12,12 0.001 -1 1 7.1877 155 ::f,1,0 f,2,14 f,13,13 f,14,1 
142:1,2 0.001 0 1 3,3 0.001 1 -1 1,3 0.001 1 0 71.158 350 0,13 0.001 0 1 0,12 0.001 -1 0 3,15 0.001 0 -1 0.21 50 15,0 0.001 0 -1 15,3 0.001 1 -1 13,3 0.001 1 0 7.1946 140 12,15 0.001 0 1 15,12 0.001 -1 0 12,12 0.001 0 1 7.1877 155 ::f,1,0 f,2,14 f,13,13 f,14,1 
143:1,2 0.001 1 1 3,3 0.001 0 -1 2,3 0.001 1 0 71.159 350 0,14 0.001 0 1 0,12 0.001 -1 0 3,14 0.001 0 -1 0.212 50 15,0 0.001 0 -1 15,3 0.001 0 -1 14,3 0.001 1 0 7.1956 140 12,15 0.001 1 1 14,12 0.001 -1 0 12,13 0.001 0 1 7.1897 155 ::f,1,0 f,2,14 f,13,13 f,14,1 
144:1,2 0.001 1 0 3,2 0.001 0 -1 3,3 0.001 1 0 71.161 350 0,15 0.001 0 1 0,12 0.001 -1 1 3,13 0.001 0 -1 0.214 50 15,0 0.001 -1 -1 15,2 0.001 0 -1 15,3 0.001 1 0 7.1976 140 12,15 0.001 1 0 13,12 0.001 -1 0 12,14 0.001 0 1 7.1917 155 ::f,1,0 f,2,14 f,13,13 f,14,1 
145:2,2 0.001 1 0 3,1 0.001 0 -1 3,3 0.001 1 0 71.163 350 0,15 0.001 0 1 0,12 0.001 0 1 3,12 0.001 0 -1 0.215 50 15,0 0.001 -1 0 15,1 0.001 0 -1 15,3 0.001 1 0 7.1986 140 13,15 0.001 1 0 12,12 0.001 -1 0 12,15 0.001 0 1 7.1947 155 ::f,1,0 f,2,14 f,13,13 f,14,1 
146:2,2 0.001 1 0 3,0 0.001 0 -1 3,3 0.001 1 -1 71.164 350 0,15 0.001 1 1 0,13 0.001 0 1 3,12 0.001 0 -1 0.216 50 14,0 0.001 -1 0 15,0 0.001 0 -1 15,3 0.001 1 -1 7.2006 140 14,15 0.001 1 0 12,12 0.001 -1 0 12,15 0.001 0 1 7.1957 155 ::f,1,0 f,2,14 f,13,13 f,14,1 
147:2,2 0.001 1 -1 3,0 0.001 0 -1 3,3 0.001 0 -1 71.164 350 0,15 0.001 1 0 0,14 0.001 0 1 3,12 0.001 -1 -1 0.217 50 13,0 0.001 -1 0 15,0 0.001 0 -1 15,3 0.001 0 -1 7.2016 140 15,15 0.001 1 0 12,12 0.001 -1 1 12,15 0.001 1 1 7.1967 155 ::f,1,0 f,2,14 f,13,13 f,14,1 
148:2,2 0.001 0 -1 3,0 0.001 -1 -1 3,2 0.001 0 -1 71.165 350 1,15 0.001 1 0 0,15 0.001 0 1 3,12 0.001 -1 0 0.219 50 12,0 0.001 -1 0 15,0 0.001 -1 -1 15,2 0.001 0 -1 7.2036 140 15,15 0.001 1 0 12,12 0.001 0 1 12,15 0.001 1 0 7.1967 155 ::f,1,0 f,2,14 f,13,13 f,14,1 
149:2,1 0.001 0 -1 3,0 0.001 -1 0 3,1 0.001 0 -1 71.167 350 2,15 0.001 1 0 0,15 0.001 0 1 2,12 0.001 -1 0 0.221 50 12,0 0.001 -1 0 15,0 0.001 -1 0 15,1 0.001 0 -1 7.2046 140 15,15 0.001 1 -1 12,13 0.001 0 1 13,15 0.001 1 0 7.1987 155 ::f,1,0 f,2,14 f,13,13 f,14,1 
150:2,1 0.001 0 -1 2,0 0.001 -1 0 3,0 0.001 0 -1 71.169 350 3,15 0.001 1 0 0,15 0.001 1 1 1,12 0.001 -1 0 0.223 50 12,0 0.001 -1 1 14,0 0.001 -1 0 15,0 0.001 0 -1 7.2066 140 15,15 0.001 0 -1 12,14 0.001 0 1 14,15 0.001 1 0 7.2007 155 ::f,1,0 f,2,14 f,13,13 f,14,1 
151:2,1 0.001 -1 -1 2,0 0.001 -1 0 3,0 0.001 0 -1 81.1691 365 3,15 0.001 1 0 0,15 0.001 1 0 0,12 0.001 -1 0 0.224 50 12,0 0.001 0 1 13,0 0.001 -1 0 15,0 0.001 0 -1 7.2076 140 15,14 0.001 0 -1 12,15 0.001 0 1 15,15 0.001 1 0 7.2037 155 ::f,1,0 f,2,14 f,13,13 f,14,1 
152:2,1 0.001 -1 0 2,0 0.001 -1 0 3,0 0.001 -1 -1 91.1692 380 3,15 0.001 1 -1 1,15 0.001 1 0 0,12 0.001 -1 0 0.225 50 12,1 0.001 0 1 12,0 0.001 -1 0 15,0 0.001 -1 -1 7.2096 140 15,13 0.001 0 -1 12,15 0.001 0 1 15,15 0.001 1 0 7.2047 155 ::f,1,2 f,2,14 f,13,13 f,14,1 
153:2,1 0.001 -1 1 1,0 0.001 -1 0 3,0 0.001 -1 0 91.1702 380 3,15 0.001 0 -1 2,15 0.001 1 0 0,12 0.001 -1 1 0.226 50 12,2 0.001 0 1 12,0 0.001 -1 0 15,0 0.001 -1 0 7.2106 140 15,12 0.001 0 -1 12,15 0.001 1 1 15,15 0.001 1 -1 7.2057 155 ::f,1,2 f,2,14 f,13,13 f,14,1 
154:2,1 0.001 -1 1 0,0 0.001 -1 0 2,0 0.001 -1 0 91.1722 380 3,14 0.001 0 -1 3,15 0.001 1 0 0,12 0.001 0 1 0.228 50 12,3 0.001 0 1 12,0 0.001 -1 1 14,0 0.001 -1 0 7.2126 140 15,12 0.001 0 -1 12,15 0.001 1 0 15,15 0.001 0 -1 7.2057 155 ::f,1,2 f,2,14 f,13,13 f,14,1 
155:2,1 0.001 -1 1 0,0 0.001 -1 0 1,0 0.001 -1 0 91.1732 380 3,13 0.001 0 -1 3,15 0.001 1 0 0,13 0.001 0 1 0.23 50 12,3 0.001 0 1 12,0 0.001 0 1 13,0 0.001 -1 0 7.2136 140 15,12 0.001 -1 -1 13,15 0.001 1 0 15,14 0.001 0 -1 7.2077 155 ::f,1,2 f,2,14 f,13,13 f,14,1 
156:2,1 0.001 -1 1 0,0 0.001 -1 1 1,0 0.001 -1 0 95.1733 395 3,12 0.001 0 -1 3,15 0.001 1 -1 0,14 0.001 0 1 0.232 50 12,3 0.001 1 1 12,1 0.001 0 1 12,0 0.001 -1 0 7.2156 140 15,12 0.001 -1 0 14,15 0.001 1 0 15,13 0.001 0 -1 7.2097 155 ::f,2,3 f,2,14 f,13,13 f,14,1 
157:1,2 0.001 -1 1 0,0 0.001 0 1 1,0 0.001 -1 0 95.1743 395 3,12 0.001 0 -1 3,15 0.001 0 -1 0,15 0.001 0 1 0.233 50 12,3 0.001 1 0 12,2 0.001 0 1 12,0 0.001 -1 0 7.2166 140 14,12 0.001 -1 0 15,15 0.001 1 0 15,12 0.001 0 -1 7.2127 155 ::f,2,3 f,2,14 f,13,13 f,14,1 
158:1,2 0.001 -1 1 0,1 0.001 0 1 0,0 0.001 -1 0 95.1763 395 3,12 0.001 -1 -1 3,14 0.001 0 -1 0,15 0.001 0 1 0.234 50 13,3 0.001 1 0 12,3 0.001 0 1 12,0 0.001 -1 1 7.2186 140 13,12 0.001 -1 0 15,15 0.001 1 0 15,12 0.001 0 -1 7.2137 155 ::f,2,3 f,2,14 f,13,13 f,14,1 
159:1,2 0.001 0 1 0,2 0.001 0 1 0,0 0.001 -1 0 95.1773 395 3,12 0.001 -1 0 3,13 0.001 0 -1 0,15 0.001 1 1 0.235 50 14,3 0.001 1 0 12,3 0.001 0 1 12,0 0.001 0 1 7.2196 140 12,12 0.001 -1 0 15,15 0.001 1 -1 15,12 0.001 -1 -1 7.2147 155 ::f,2,3 f,2,14 f,13,13 f,14,1 
160:1,2 0.001 1 1 0,3 0.001 0 1 0,0 0.001 -1 1 95.1783 395 2,12 0.001 -1 0 3,12 0.001 0 -1 0,15 0.001 1 0 0.237 50 15,3 0.001 1 0 12,3 0.001 1 1 12,1 0.001 0 1 7.2216 140 12,12 0.001 -1 0 15,15 0.001 0 -1 15,12 0.001 -1 0 7.2147 155 ::f,2,3 f,2,14 f,13,13 f,14,1 
161:1,2 0.001 1 0 0,3 0.001 0 1 0,0 0.001 0 1 95.1783 395 1,12 0.001 -1 0 3,12 0.001 0 -1 1,15 0.001 1 0 0.239 50 15,3 0.001 1 0 12,3 0.001 1 0 12,2 0.001 0 1 7.2226 140 12,12 0.001 -1 1 15,14 0.001 0 -1 14,12 0.001 -1 0 7.2167 155 ::f,2,3 f,2,14 f,13,13 f,14,1 
162:2,2 0.001 1 0 0,3 0.001 1 1 0,1 0.001 0 1 95.1803 395 0,12 0.001 -1 0 3,12 0.001 -1 -1 2,15 0.001 1 0 0.241 50 15,3 0.001 1 -1 13,3 0.001 1 0 12,3 0.001 0 1 7.2246 140 12,12 0.001 0 1 15,13 0.001 0 -1 13,12 0.001 -1 0 7.2187 155 ::f,2,3 f,2,14 f,13,13 f,14,1 
163:2,2 0.001 1 0 0,3 0.001 1 0 0,2 0.001 0 1 95.1813 395 0,12 0.001 -1 0 3,12 0.001 -1 0 3,15 0.001 1 0 0.242 50 15,3 0.001 0 -1 14,3 0.001 1 0 12,3 0.001 0 1 7.2256 140 12,13 0.001 0 1 15,12 0.001 0 -1 12,12 0.001 -1 0 7.2217 155 ::f,2,3 f,2,14 f,13,13 f,14,1 
164:2,2 0.001 1 0 1,3 0.001 1 0 0,3 0.001 0 1 95.1833 395 0,12 0.001 -1 1 2,12 0.001 -1 0 3,15 0.001 1 0 0.243 50 15,2 0.001 0 -1 15,3 0.001 1 0 12,3 0.001 1 1 7.2276 140 12,14 0.001 0 1 15,12 0.001 0 -1 12,12 0.001 -1 0 7.2227 155 ::f,2,3 f,2,14 f,13,13 f,14,1 
165:2,2 0.001 1 -1 1,3 0.001 1 0 0,3 0.001 0 1 105.183 410 0,12 0.001 0 1 1,12 0.001 -1 0 3,15 0.001 1 -1 0.244 50 15,1 0.001 0 -1 15,3 0.001 1 0 12,3 0.001 1 0 7.2286 140 12,15 0.001 0 1 15,12 0.001 -1 -1 12,12 0.001 -1 1 7.2237 155 ::f,2,0 f,2,14 f,13,13 f,14,1 
166:2,2 0.001 0 -1 2,3 0.001 1 0 0,3 0.001 1 1 105.184 410 0,13 0.001 0 1 0,12 0.001 -1 0 3,15 0.001 0 -1 0.246 50 15,0 0.001 0 -1 15,3 0.001 1 -1 13,3 0.001 1 0 7.2306 140 12,15 0.001 0 1 15,12 0.001 -1 0 12,12 0.001 0 1 7.2237 155 ::f,2,0 f,2,14 f,13,13 f,14,1 
167:2,1 0.001 0 -1 3,3 0.001 1 0 0,3 0.001 1 0 105.186 410 0,14 0.001 0 1 0,12 0.001 -1 0 3,14 0.001 0 -1 0.248 50 15,0 0.001 0 -1 15,3 0.001 0 -1 14,3 0.001 1 0 7.2316 140 12,15 0.001 1 1 14,12 0.001 -1 0 12,13 0.001 0 1 7.2257 155 ::f,2,0 f,2,14 f,13,13 f,14,1 
168:2,1 0.001 0 -1 3,3 0.001 1 0 1,3 0.001 1 0 110.188 425 0,15 0.001 0 1 0,12 0.001 -1 1 3,13 0.001 0 -1 0.25 50 15,0 0.001 -1 -1 15,2 0.001 0 -1 15,3 0.001 1 0 7.2336 140 12,15 0.001 1 0 13,12 0.001 -1 0 12,14 0.001 0 1 7.2277 155 ::f,2,3 f,2,14 f,13,13 f,14,1 
169:2,1 0.001 0 -1 3,3 0.001 1 -1 1,3 0.001 1 0 115.188 440 0,15 0.001 0 1 0,12 0.001 0 1 3,12 0.001 0 -1 0.251 50 15,0 0.001 -1 0 15,1 0.001 0 -1 15,3 0.001 1 0 7.2346 140 13,15 0.001 1 0 12,12 0.001 -1 0 12,15 0.001 0 1 7.2307 155 ::f,2,3 f,2,14 f,13,13 f,14,1 
170:2,1 0.001 -1 -1 3,3 0.001 0 -1 1,3 0.001 1 0 121.188 455 0,15 0.001 1 1 0,13 0.001 0 1 3,12 0.001 0 -1 0.252 50 14,0 0.001 -1 0 15,0 0.001 0 -1 15,3 0.001 1 -1 7.2366 140 14,15 0.001 1 0 12,12 0.001 -1 0 12,15 0.001 0 1 7.2317 155 ::f,0,1 f,2,14 f,13,13 f,14,1 
171:2,1 0.001 -1 0 3,2 0.001 0 -1 2,3 0.001 1 0 121.19 455 0,15 0.001 1 0 0,14 0.001 0 1 3,12 0.001 -1 -1 0.253 50 13,0 0.001 -1 0 15,0 0.001 0 -1 15,3 0.001 0 -1 7.2376 140 15,15 0.001 1 0 12,12 0.001 -1 1 12,15 0.001 1 1 7.2327 155 ::f,0,1 f,2,14 f,13,13 f,14,1 
172:1,1 0.001 -1 0 3,1 0.001 0 -1 3,3 0.001 1 0 121.193 455 1,15 0.001 1 0 0,15 0.001 0 1 3,12 0.001 -1 0 0.255 50 12,0 0.001 -1 0 15,0 0.001 -1 -1 15,2 0.001 0 -1 7.2396 140 15,15 0.001 1 0 12,12 0.001 0 1 12,15 0.001 1 0 7.2327 155 ::f,0,1 f,2,14 f,13,13 f,14,1 
173:1,1 0.001 -1 0 3,0 0.001 0 -1 3,3 0.001 1 0 127.194 470 2,15 0.001 1 0 0,15 0.001 0 1 2,12 0.001 -1 0 0.257 50 12,0 0.001 -1 0 15,0 0.001 -1 0 15,1 0.001 0 -1 7.2406 140 15,15 0.001 1 -1 12,13 0.001 0 1 13,15 0.001 1 0 7.2347 155 ::f,0,2 f,2,14 f,13,13 f,14,1 
174:1,1 0.001 -1 0 3,0 0.001 0 -1 3,3 0.001 1 -1 127.194 470 3,15 0.001 1 0 0,15 0.001 1 1 1,12 0.001 -1 0 0.259 50 12,0 0.001 -1 1 14,0 0.001 -1 0 15,0 0.001 0 -1 7.2426 140 15,15 0.001 0 -1 12,14 0.001 0 1 14,15 0.001 1 0 7.2367 155 ::f,0,2 f,2,14 f,13,13 f,14,1 
175:1,1 0.001 -1 1 3,0 0.001 -1 -1 3,3 0.001 0 -1 127.194 470 3,15 0.001 1 0 0,15 0.001 1 0 0,12 0.001 -1 0 0.26 50 12,0 0.001 0 1 13,0 0.001 -1 0 15,0 0.001 0 -1 7.2436 140 15,14 0.001 0 -1 12,15 0.001 0 1 15,15 0.001 1 0 7.2397 155 ::f,0,2 f,2,14 f,13,13 f,14,1 
176:1,1 0.001 0 1 3,0 0.001 -1 0 3,2 0.001 0 -1 127.195 470 3,15 0.001 1 -1 1,15 0.001 1 0 0,12 0.001 -1 0 0.261 50 12,1 0.001 0 1 12,0 0.001 -1 0 15,0 0.001 -1 -1 7.2456 140 15,13 0.001 0 -1 12,15 0.001 0 1 15,15 0.001 1 0 7.2407 155 ::f,0,2 f,2,14 f,13,13 f,14,1 
177:1,2 0.001 0 1 2,0 0.001 -1 0 3,1 0.001 0 -1 127.198 470 3,15 0.001 0 -1 2,15 0.001 1 0 0,12 0.001 -1 1 0.262 50 12,2 0.001 0 1 12,0 0.001 -1 0 15,0 0.001 -1 0 7.2466 140 15,12 0.001 0 -1 12,15 0.001 1 1 15,15 0.001 1 -1 7.2417 155 ::f,0,2 f,2,14 f,13,13 f,14,1 
178:1,2 0.001 0 1 1,0 0.001 -1 0 3,0 0.001 0 -1 127.2 470 3,14 0.001 0 -1 3,15 0.001 1 0 0,12 0.001 0 1 0.264 50 12,3 0.001 0 1 12,0 0.001 -1 1 14,0 0.001 -1 0 7.2486 140 15,12 0.001 0 -1 12,15 0.001 1 0 15,15 0.001 0 -1 7.2417 155 ::f,0,2 f,2,14 f,13,13 f,14,1 
179:1,2 0.001 0 1 0,0 0.001 -1 0 3,0 0.001 0 -1 127.201 470 3,13 0.001 0 -1 3,15 0.001 1 0 0,13 0.001 0 1 0.266 50 12,3 0.001 0 1 12,0 0.001 0 1 13,0 0.001 -1 0 7.2496 140 15,12 0.001 -1 -1 13,15 0.001 1 0 15,14 0.001 0 -1 7.2437 155 ::f,0,2 f,2,14 f,13,13 f,14,1 
180:1,2 0.001 1 1 0,0 0.001 -1 0 3,0 0.001 -1 -1 127.201 470 3,12 0.001 0 -1 3,15 0.001 1 -1 0,14 0.001 0 1 0.268 50 12,3 0.001 1 1 12,1 0.001 0 1 12,0 0.001 -1 0 7.2516 140 15,12 0.001 -1 0 14,15 0.001 1 0 15,13 0.001 0 -1 7.2457 155 ::f,0,2 f,2,14 f,13,13 f,14,1 
181:1,2 0.001 1 0 0,0 0.001 -1 1 3,0 0.001 -1 0 127.201 470 3,12 0.001 0 -1 3,15 0.001 0 -1 0,15 0.001 0 1 0.269 50 12,3 0.001 1 0 12,2 0.001 0 1 12,0 0.001 -1 0 7.2526 140 14,12 0.001 -1 0 15,15 0.001 1 0 15,12 0.001 0 -1 7.2487 155 ::f,0,2 f,2,14 f,13,13 f,14,1 
182:2,2 0.001 1 0 0,0 0.001 0 1 2,0 0.001 -1 0 127.203 470 3,12 0.001 -1 -1 3,14 0.001 0 -1 0,15 0.001 0 1 0.27 50 13,3 0.001 1 0 12,3 0.001 0 1 12,0 0.001 -1 1 7.2546 140 13,12 0.001 -1 0 15,15 0.001 1 0 15,12 0.001 0 -1 7.2497 155 ::f,0,2 f,2,14 f,13,13 f,14,1 
183:2,2 0.001 1 0 0,1 0.001 0 1 1,0 0.001 -1 0 127.205 470 3,12 0.001 -1 0 3,13 0.001 0 -1 0,15 0.001 1 1 0.271 50 14,3 0.001 1 0 12,3 0.001 0 1 12,0 0.001 0 1 7.2556 140 12,12 0.001 -1 0 15,15 0.001 1 -1 15,12 0.001 -1 -1 7.2507 155 ::f,0,2 f,2,14 f,13,13 f,14,1 
184:2,2 0.001 1 0 0,1 0.001 0 1 0,0 0.001 -1 0 137.206 485 2,12 0.001 -1 0 3,12 0.001 0 -1 0,15 0.001 1 0 0.273 50 15,3 0.001 1 0 12,3 0.001 1 1 12,1 0.001 0 1 7.2576 140 12,12 0.001 -1 0 15,15 0.001 0 -1 15,12 0.001 -1 0 7.2507 155 ::f,2,1 f,2,14 f,13,13 f,14,1 
185:2,2 0.001 1 -1 0,2 0.001 0 1 0,0 0.001 -1 0 137.207 485 1,12 0.001 -1 0 3,12 0.001 0 -1 1,15 0.001 1 0 0.275 50 15,3 0.001 1 0 12,3 0.001 1 0 12,2 0.001 0 1 7.2586 140 12,12 0.001 -1 1 15,14 0.001 0 -1 14,12 0.001 -1 0 7.2527 155 ::f,2,1 f,2,14 f,13,13 f,14,1 
186:2,2 0.001 0 -1 0,3 0.001 0 1 0,0 0.001 -1 1 137.208 485 0,12 0.001 -1 0 3,12 0.001 -1 -1 2,15 0.001 1 0 0.277 50 15,3 0.001 1 -1 13,3 0.001 1 0 12,3 0.001 0 1 7.2606 140 12,12 0.001 0 1 15,13 0.001 0 -1 13,12 0.001 -1 0 7.2547 155 ::f,2,1 f,2,14 f,13,13 f,14,1 
187:2,2 0.001 0 -1 0,3 0.001 0 1 0,0 0.001 0 1 137.208 485 0,12 0.001 -1 0 3,12 0.001 -1 0 3,15 0.001 1 0 0.278 50 15,3 0.001 0 -1 14,3 0.001 1 0 12,3 0.001 0 1 7.2616 140 12,13 0.001 0 1 15,12 0.001 0 -1 12,12 0.001 -1 0 7.2577 155 ::f,2,1 f,2,14 f,13,13 f,14,1 
188:2,2 0.001 0 -1 0,3 0.001 1 1 0,1 0.001 0 1 137.209 485 0,12 0.001 -1 1 2,12 0.001 -1 0 3,15 0.001 1 0 0.279 50 15,2 0.001 0 -1 15,3 0.001 1 0 12,3 0.001 1 1 7.2636 140 12,14 0.001 0 1 15,12 0.001 0 -1 12,12 0.001 -1 0 7.2587 155 ::f,2,1 f,2,14 f,13,13 f,14,1 
189:2,2 0.001 0 -1 0,3 0.001 1 0 0,2 0.001 0 1 137.21 485 0,12 0.001 0 1 1,12 0.001 -1 0 3,15 0.001 1 -1 0.28 50 15,1 0.001 0 -1 15,3 0.001 1 0 12,3 0.001 1 0 7.2646 140 12,15 0.001 0 1 15,12 0.001 -1 -1 12,12 0.001 -1 1 7.2597 155 ::f,2,1 f,2,14 f,13,13 f,14,1 
190:2,2 0.001 0 -1 1,3 0.001 1 0 0,3 0.001 0 1 144.212 500 0,13 0.001 0 1 0,12 0.001 -1 0 3,15 0.001 0 -1 0.282 50 15,0 0.001 0 -1 15,3 0.001 1 -1 13,3 0.001 1 0 7.2666 140 12,15 0.001 0 1 15,12 0.001 -1 0 12,12 0.001 0 1 7.2597 155 ::f,2,14 f,3,1 f,13,13 f,14,1 
191:2,1 0.001 0 -1 2,3 0.001 1 0 0,3 0.001 0 1 144.214 500 0,14 0.001 0 1 0,12 0.001 -1 0 3,14 0.001 0 -1 0.284 50 15,0 0.001 0 -1 15,3 0.001 0 -1 14,3 0.001 1 0 7.2676 140 12,15 0.001 1 1 14,12 0.001 -1 0 12,13 0.001 0 1 7.2617 155 ::f,2,14 f,3,1 f,13,13 f,14,1 
192:2,1 0.001 0 -1 3,3 0.001 1 0 0,3 0.001 1 1 144.215 500 0,15 0.001 0 1 0,12 0.001 -1 1 3,13 0.001 0 -1 0.286 50 15,0 0.001 -1 -1 15,2 0.001 0 -1 15,3 0.001 1 0 7.2696 140 12,15 0.001 1 0 13,12 0.001 -1 0 12,14 0.001 0 1 7.2637 155 ::f,2,14 f,3,1 f,13,13 f,14,1 
193:2,1 0.001 -1 -1 3,3 0.001 1 0 0,3 0.001 1 0 144.215 500 0,15 0.001 0 1 0,12 0.001 0 1 3,12 0.001 0 -1 0.287 50 15,0 0.001 -1 0 15,1 0.001 0 -1 15,3 0.001 1 0 7.2706 140 13,15 0.001 1 0 12,12 0.001 -1 0 12,15 0.001 0 1 7.2667 155 ::f,2,14 f,3,1 f,13,13 f,14,1 
194:2,1 0.001 -1 0 3,3 0.001 1 -1 1,3 0.001 1 0 144.216 500 0,15 0.001 1 1 0,13 0.001 0 1 3,12 0.001 0 -1 0.288 50 14,0 0.001 -1 0 15,0 0.001 0 -1 15,3 0.001 1 -1 7.2726 140 14,15 0.001 1 0 12,12 0.001 -1 0 12,15 0.001 0 1 7.2677 155 ::f,2,14 f,3,1 f,13,13 f,14,1 
195:1,1 0.001 -1 0 3,3 0.001 0 -1 2,3 0.001 1 0 144.218 500 0,15 0.001 1 0 0,14 0.001 0 1 3,12 0.001 -1 -1 0.289 50 13,0 0.001 -1 0 15,0 0.001 0 -1 15,3 0.001 0 -1 7.2736 140 15,15 0.001 1 0 12,12 0.001 -1 1 12,15 0.001 1 1 7.2687 155 ::f,2,14 f,3,1 f,13,13 f,14,1 
196:1,1 0.001 -1 0 3,2 0.001 0 -1 3,3 0.001 1 0 144.22 500 1,15 0.001 1 0 0,15 0.001 0 1 3,12 0.001 -1 0 0.291 50 12,0 0.001 -1 0 15,0 0.001 -1 -1 15,2 0.001 0 -1 7.2756 140 15,15 0.001 1 0 12,12 0.001 0 1 12,15 0.001 1 0 7.2687 155 ::f,2,14 f,3,1 f,13,13 f,14,1 
197:1,1 0.001 -1 0 3,2 0.001 0 -1 3,3 0.001 1 0 154.22 515 2,15 0.001 1 0 0,15 0.001 0 1 2,12 0.001 -1 0 0.293 50 12,0 0.001 -1 0 15,0 0.001 -1 0 15,1 0.001 0 -1 7.2766 140 15,15 0.001 1 -1 12,13 0.001 0 1 13,15 0.001 1 0 7.2707 155 ::f,2,3 f,2,14 f,13,13 f,14,1 
198:1,1 0.001 -1 1 3,1 0.001 0 -1 3,3 0.001 1 -1 154.221 515 3,15 0.001 1 0 0,15 0.001 1 1 1,12 0.001 -1 0 0.295 50 12,0 0.001 -1 1 14,0 0.001 -1 0 15,0 0.001 0 -1 7.2786 140 15,15 0.001 0 -1 12,14 0.001 0 1 14,15 0.001 1 0 7.2727 155 ::f,2,3 f,2,14 f,13,13 f,14,1 
199:1,1 0.001 0 1 3,0 0.001 0 -1 3,3 0.001 0 -1 154.222 515 3,15 0.001 1 0 0,15 0.001 1 0 0,12 0.001 -1 0 0.296 50 12,0 0.001 0 1 13,0 0.001 -1 0 15,0 0.001 0 -1 7.2796 140 15,14 0.001 0 -1 12,15 0.001 0 1 15,15 0.001 1 0 7.2757 155 ::f,2,3 f,2,14 f,13,13 f,14,1 
200:1,2 0.001 0 1 3,0 0.001 0 -1 3,2 0.001 0 -1 154.224 515 3,15 0.001 1 -1 1,15 0.001 1 0 0,12 0.001 -1 0 0.297 50 12,1 0.001 0 1 12,0 0.001 -1 0 15,0 0.001 -1 -1 7.2816 140 15,13 0.001 0 -1 12,15 0.001 0 1 15,15 0.001 1 0 7.2767 155 ::f,2,3 f,2,14 f,13,13 f,14,1 
201:1,2 0.001 0 1 3,0 0.001 -1 -1 3,1 0.001 0 -1 154.225 515 3,15 0.001 0 -1 2,15 0.001 1 0 0,12 0.001 -1 1 0.298 50 12,2 0.001 0 1 12,0 0.001 -1 0 15,0 0.001 -1 0 7.2826 140 15,12 0.001 0 -1 12,15 0.001 1 1 15,15 0.001 1 -1 7.2777 155 ::f,2,3 f,2,14 f,13,13 f,14,1 
202:1,2 0.001 0 1 3,0 0.001 -1 0 3,1 0.001 0 -1 154.225 515 3,14 0.001 0 -1 3,15 0.001 1 0 0,12 0.001 0 1 0.3 50 12,3 0.001 0 1 12,0 0.001 -1 1 14,0 0.001 -1 0 7.2846 140 15,12 0.001 0 -1 12,15 0.001 1 0 15,15 0.001 0 -1 7.2777 155 ::f,2,3 f,2,14 f,13,13 f,14,1 
203:1,2 0.001 1 1 2,0 0.001 -1 0 3,0 0.001 0 -1 154.227 515 3,13 0.001 0 -1 3,15 0.001 1 0 0,13 0.001 0 1 0.302 50 12,3 0.001 0 1 12,0 0.001 0 1 13,0 0.001 -1 0 7.2856 140 15,12 0.001 -1 -1 13,15 0.001 1 0 15,14 0.001 0 -1 7.2797 155 ::f,2,3 f,2,14 f,13,13 f,14,1 
204:1,2 0.001 1 0 1,0 0.001 -1 0 3,0 0.001 0 -1 154.228 515 3,12 0.001 0 -1 3,15 0.001 1 -1 0,14 0.001 0 1 0.304 50 12,3 0.001 1 1 12,1 0.001 0 1 12,0 0.001 -1 0 7.2876 140 15,12 0.001 -1 0 14,15 0.001 1 0 15,13 0.001 0 -1 7.2817 155 ::f,2,3 f,2,14 f,13,13 f,14,1 
205:2,2 0.001 1 0 0,0 0.001 -1 0 3,0 0.001 -1 -1 154.23 515 3,12 0.001 0 -1 3,15 0.001 0 -1 0,15 0.001 0 1 0.305 50 12,3 0.001 1 0 12,2 0.001 0 1 12,0 0.001 -1 0 7.2886 140 14,12 0.001 -1 0 15,15 0.001 1 0 15,12 0.001 0 -1 7.2847 155 ::f,2,3 f,2,14 f,13,13 f,14,1 
206:2,2 0.001 1 0 0,0 0.001 -1 0 3,0 0.001 -1 0 154.23 515 3,12 0.001 -1 -1 3,14 0.001 0 -1 0,15 0.001 0 1 0.306 50 13,3 0.001 1 0 12,3 0.001 0 1 12,0 0.001 -1 1 7.2906 140 13,12 0.001 -1 0 15,15 0.001 1 0 15,12 0.001 0 -1 7.2857 155 ::f,2,3 f,2,14 f,13,13 f,14,1 
207:2,2 0.001 1 0 0,0 0.001 -1 1 2,0 0.001 -1 0 154.231 515 3,12 0.001 -1 0 3,13 0.001 0 -1 0,15 0.001 1 1 0.307 50 14,3 0.001 1 0 12,3 0.001 0 1 12,0 0.001 0 1 7.2916 140 12,12 0.001 -1 0 15,15 0.001 1 -1 15,12 0.001 -1 -1 7.2867 155 ::f,2,3 f,2,14 f,13,13 f,14,1 
208:2,2 0.001 1 -1 0,0 0.001 0 1 1,0 0.001 -1 0 154.232 515 2,12 0.001 -1 0 3,12 0.001 0 -1 0,15 0.001 1 0 0.309 50 15,3 0.001 1 0 12,3 0.001 1 1 12,1 0.001 0 1 7.2936 140 12,12 0.001 -1 0 15,15 0.001 0 -1 15,12 0.001 -1 0 7.2867 155 ::f,2,3 f,2,14 f,13,13 f,14,1 
209:2,2 0.001 0 -1 0,1 0.001 0 1 0,0 0.001 -1 0 154.234 515 1,12 0.001 -1 0 3,12 0.001 0 -1 1,15 0.001 1 0 0.311 50 15,3 0.001 1 0 12,3 0.001 1 0 12,2 0.001 0 1 7.2946 140 12,12 0.001 -1 1 15,14 0.001 0 -1 14,12 0.001 -1 0 7.2887 155 ::f,2,3 f,2,14 f,13,13 f,14,1 
210:2,1 0.001 0 -1 0,2 0.001 0 1 0,0 0.001 -1 0 154.236 515 0,12 0.001 -1 0 3,12 0.001 -1 -1 2,15 0.001 1 0 0.313 50 15,3 0.001 1 -1 13,3 0.001 1 0 12,3 0.001 0 1 7.2966 140 12,12 0.001 0 1 15,13 0.001 0 -1 13,12 0.001 -1 0 7.2907 155 ::f,2,3 f,2,14 f,13,13 f,14,1 
211:2,1 0.001 0 -1 0,3 0.001 0 1 0,0 0.001 -1 1 154.237 515 0,12 0.001 -1 0 3,12 0.001 -1 0 3,15 0.001 1 0 0.314 50 15,3 0.001 0 -1 14,3 0.001 1 0 12,3 0.001 0 1 7.2976 140 12,13 0.001 0 1 15,12 0.001 0 -1 12,12 0.001 -1 0 7.2937 155 ::f,2,3 f,2,14 f,13,13 f,14,1 
212:2,1 0.001 0 -1 0,3 0.001 0 1 0,0 0.001 0 1 154.237 515 0,12 0.001 -1 1 2,12 0.001 -1 0 3,15 0.001 1 0 0.315 50 15,2 0.001 0 -1 15,3 0.001 1 0 12,3 0.001 1 1 7.2996 140 12,14 0.001 0 1 15,12 0.001 0 -1 12,12 0.001 -1 0 7.2947 155 ::f,2,3 f,2,14 f,13,13 f,14,1 
213:2,1 0.001 -1 -1 0,3 0.001 1 1 0,1 0.001 0 1 154.238 515 0,12 0.001 0 1 1,12 0.001 -1 0 3,15 0.001 1 -1 0.316 50 15,1 0.001 0 -1 15,3 0.001 1 0 12,3 0.001 1 0 7.3006 140 12,15 0.001 0 1 15,12 0.001 -1 -1 12,12 0.001 -1 1 7.2957 155 ::f,2,3 f,2,14 f,13,13 f,14,1 
214:2,1 0.001 -1 0 0,3 0.001 1 0 0,2 0.001 0 1 154.239 515 0,13 0.001 0 1 0,12 0.001 -1 0 3,15 0.001 0 -1 0.318 50 15,0 0.001 0 -1 15,3 0.001 1 -1 13,3 0.001 1 0 7.3026 140 12,15 0.001 0 1 15,12 0.001 -1 0 12,12 0.001 0 1 7.2957 155 ::f,2,3 f,2,14 f,13,13 f,14,1 
215:1,1 0.001 -1 0 1,3 0.001 1 0 0,3 0.001 0 1 154.242 515 0,14 0.001 0 1 0,12 0.001 -1 0 3,14 0.001 0 -1 0.32 50 15,0 0.001 0 -1 15,3 0.001 0 -1 14,3 0.001 1 0 7.3036 140 12,15 0.001 1 1 14,12 0.001 -1 0 12,13 0.001 0 1 7.2977 155 ::f,2,3 f,2,14 f,13,13 f,14,1 
216:1,1 0.001 -1 0 1,3 0.001 1 0 0,3 0.001 0 1 164.242 530 0,15 0.001 0 1 0,12 0.001 -1 1 3,13 0.001 0 -1 0.322 50 15,0 0.001 -1 -1 15,2 0.001 0 -1 15,3 0.001 1 0 7.3056 140 12,15 0.001 1 0 13,12 0.001 -1 0 12,14 0.001 0 1 7.2997 155 ::f,2,2 f,2,14 f,13,13 f,14,1 
217:1,1 0.001 -1 0 2,3 0.001 1 0 0,3 0.001 1 1 164.243 530 0,15 0.001 0 1 0,12 0.001 0 1 3,12 0.001 0 -1 0.323 50 15,0 0.001 -1 0 15,1 0.001 0 -1 15,3 0.001 1 0 7.3066 140 13,15 0.001 1 0 12,12 0.001 -1 0 12,15 0.001 0 1 7.3027 155 ::f,2,2 f,2,14 f,13,13 f,14,1 
218:1,1 0.001 -1 1 3,3 0.001 1 0 0,3 0.001 1 0 164.244 530 0,15 0.001 1 1 0,13 0.001 0 1 3,12 0.001 0 -1 0.324 50 14,0 0.001 -1 0 15,0 0.001 0 -1 15,3 0.001 1 -1 7.3086 140 14,15 0.001 1 0 12,12 0.001 -1 0 12,15 0.001 0 1 7.3037 155 ::f,2,2 f,2,14 f,13,13 f,14,1 
219:1,1 0.001 0 1 3,3 0.001 1 0 1,3 0.001 1 0 164.245 530 0,15 0.001 1 0 0,14 0.001 0 1 3,12 0.001 -1 -1 0.325 50 13,0 0.001 -1 0 15,0 0.001 0 -1 15,3 0.001 0 -1 7.3096 140 15,15 0.001 1 0 12,12 0.001 -1 1 12,15 0.001 1 1 7.3047 155 ::f,2,2 f,2,14 f,13,13 f,14,1 
220:1,2 0.001 0 1 3,3 0.001 1 -1 2,3 0.001 1 0 164.247 530 1,15 0.001 1 0 0,15 0.001 0 1 3,12 0.001 -1 0 0.327 50 12,0 0.001 -1 0 15,0 0.001 -1 -1 15,2 0.001 0 -1 7.3116 140 15,15 0.001 1 0 12,12 0.001 0 1 12,15 0.001 1 0 7.3047 155 ::f,2,2 f,2,14 f,13,13 f,14,1 
221:1,2 0.001 0 1 3,3 0.001 0 -1 2,3 0.001 1 0 164.247 530 2,15 0.001 1 0 0,15 0.001 0 1 2,12 0.001 -1 0 0.329 50 12,0 0.001 -1 0 15,0 0.001 -1 0 15,1 0.001 0 -1 7.3126 140 15,15 0.001 1 -1 12,13 0.001 0 1 13,15 0.001 1 0 7.3067 155 ::f,2,2 f,2,14 f,13,13 f,14,1 
222:1,2 0.001 0 1 3,2 0.001 0 -1 3,3 0.001 1 0 164.249 530 3,15 0.001 1 0 0,15 0.001 1 1 1,12 0.001 -1 0 0.331 50 12,0 0.001 -1 1 14,0 0.001 -1 0 15,0 0.001 0 -1 7.3146 140 15,15 0.001 0 -1 12,14 0.001 0 1 14,15 0.001 1 0 7.3087 155 ::f,2,2 f,2,14 f,13,13 f,14,1 
223:1,2 0.001 1 1 3,1 0.001 0 -1 3,3 0.001 1 0 164.25 530 3,15 0.001 1 0 0,15 0.001 1 0 0,12 0.001 -1 0 0.332 50 12,0 0.001 0 1 13,0 0.001 -1 0 15,0 0.001 0 -1 7.3156 140 15,14 0.001 0 -1 12,15 0.001 0 1 15,15 0.001 1 0 7.3117 155 ::f,2,2 f,2,14 f,13,13 f,14,1 
224:1,2 0.001 1 0 3,0 0.001 0 -1 3,3 0.001 1 -1 164.251 530 3,15 0.001 1 -1 1,15 0.001 1 0 0,12 0.001 -1 0 0.333 50 12,1 0.001 0 1 12,0 0.001 -1 0 15,0 0.001 -1 -1 7.3176 140 15,13 0.001 0 -1 12,15 0.001 0 1 15,15 0.001 1 0 7.3127 155 ::f,2,2 f,2,14 f,13,13 f,14,1 
225:1,2 0.001 1 0 3,0 0.001 0 -1 3,3 0.001 0 -1 164.251 530 3,15 0.001 0 -1 2,15 0.001 1 0 0,12 0.001 -1 1 0.334 50 12,2 0.001 0 1 12,0 0.001 -1 0 15,0 0.001 -1 0 7.3186 140 15,12 0.001 0 -1 12,15 0.001 1 1 15,15 0.001 1 -1 7.3137 155 ::f,2,2 f,2,14 f,13,13 f,14,1 
226:1,2 0.001 1 0 3,0 0.001 -1 -1 3,2 0.001 0 -1 164.252 530 3,14 0.001 0 -1 3,15 0.001 1 0 0,12 0.001 0 1 0.336 50 12,3 0.001 0 1 12,0 0.001 -1 1 14,0 0.001 -1 0 7.3206 140 15,12 0.001 0 -1 12,15 0.001 1 0 15,15 0.001 0 -1 7.3137 155 ::f,2,2 f,2,14 f,13,13 f,14,1 
227:1,2 0.001 1 0 3,0 0.001 -1 0 3,1 0.001 0 -1 172.253 545 3,13 0.001 0 -1 3,15 0.001 1 0 0,13 0.001 0 1 0.338 50 12,3 0.001 0 1 12,0 0.001 0 1 13,0 0.001 -1 0 7.3216 140 15,12 0.001 -1 -1 13,15 0.001 1 0 15,14 0.001 0 -1 7.3157 155 ::f,2,14 f,3,3 f,13,13 f,14,1 
228:2,2 0.001 1 0 2,0 0.001 -1 0 3,0 0.001 0 -1 172.256 545 3,12 0.001 0 -1 3,15 0.001 1 -1 0,14 0.001 0 1 0.34 50 12,3 0.001 1 1 12,1 0.001 0 1 12,0 0.001 -1 0 7.3236 140 15,12 0.001 -1 0 14,15 0.001 1 0 15,13 0.001 0 -1 7.3177 155 ::f,2,14 f,3,3 f,13,13 f,14,1 
229:2,2 0.001 1 0 1,0 0.001 -1 0 3,0 0.001 0 -1 172.257 545 3,12 0.001 0 -1 3,15 0.001 0 -1 0,15 0.001 0 1 0.341 50 12,3 0.001 1 0 12,2 0.001 0 1 12,0 0.001 -1 0 7.3246 140 14,12 0.001 -1 0 15,15 0.001 1 0 15,12 0.001 0 -1 7.3207 155 ::f,2,14 f,3,3 f,13,13 f,14,1 
230:2,2 0.001 1 -1 0,0 0.001 -1 0 3,0 0.001 -1 -1 172.258 545 3,12 0.001 -1 -1 3,14 0.001 0 -1 0,15 0.001 0 1 0.342 50 13,3 0.001 1 0 12,3 0.001 0 1 12,0 0.001 -1 1 7.3266 140 13,12 0.001 -1 0 15,15 0.001 1 0 15,12 0.001 0 -1 7.3217 155 ::f,2,14 f,3,3 f,13,13 f,14,1 
231:2,2 0.001 0 -1 0,0 0.001 -1 0 3,0 0.001 -1 0 172.258 545 3,12 0.001 -1 0 3,13 0.001 0 -1 0,15 0.001 1 1 0.343 50 14,3 0.001 1 0 12,3 0.001 0 1 12,0 0.001 0 1 7.3276 140 12,12 0.001 -1 0 15,15 0.001 1 -1 15,12 0.001 -1 -1 7.3227 155 ::f,2,14 f,3,3 f,13,13 f,14,1 
232:2,1 0.001 0 -1 0,0 0.001 -1 1 2,0 0.001 -1 0 172.26 545 2,12 0.001 -1 0 3,12 0.001 0 -1 0,15 0.001 1 0 0.345 50 15,3 0.001 1 0 12,3 0.001 1 1 12,1 0.001 0 1 7.3296 140 12,12 0.001 -1 0 15,15 0.001 0 -1 15,12 0.001 -1 0 7.3227 155 ::f,2,14 f,3,3 f,13,13 f,14,1 
233:2,1 0.001 0 -1 0,0 0.001 0 1 1,0 0.001 -1 0 172.261 545 1,12 0.001 -1 0 3,12 0.001 0 -1 1,15 0.001 1 0 0.347 50 15,3 0.001 1 0 12,3 0.001 1 0 12,2 0.001 0 1 7.3306 140 12,12 0.001 -1 1 15,14 0.001 0 -1 14,12 0.001 -1 0 7.3247 155 ::f,2,14 f,3,3 f,13,13 f,14,1 
234:2,1 0.001 -1 -1 0,1 0.001 0 1 0,0 0.001 -1 0 172.263 545 0,12 0.001 -1 0 3,12 0.001 -1 -1 2,15 0.001 1 0 0.349 50 15,3 0.001 1 -1 13,3 0.001 1 0 12,3 0.001 0 1 7.3326 140 12,12 0.001 0 1 15,13 0.001 0 -1 13,12 0.001 -1 0 7.3267 155 ::f,2,14 f,3,3 f,13,13 f,14,1 
235:2,1 0.001 -1 0 0,2 0.001 0 1 0,0 0.001 -1 0 172.264 545 0,12 0.001 -1 0 3,12 0.001 -1 0 3,15 0.001 1 0 0.35 50 15,3 0.001 0 -1 14,3 0.001 1 0 12,3 0.001 0 1 7.3336 140 12,13 0.001 0 1 15,12 0.001 0 -1 12,12 0.001 -1 0 7.3297 155 ::f,2,14 f,3,3 f,13,13 f,14,1 
236:1,1 0.001 -1 0 0,3 0.001 0 1 0,0 0.001 -1 1 172.266 545 0,12 0.001 -1 1 2,12 0.001 -1 0 3,15 0.001 1 0 0.351 50 15,2 0.001 0 -1 15,3 0.001 1 0 12,3 0.001 1 1 7.3356 140 12,14 0.001 0 1 15,12 0.001 0 -1 12,12 0.001 -1 0 7.3307 155 ::f,2,14 f,3,3 f,13,13 f,14,1 
237:1,1 0.001 -1 0 0,3 0.001 0 1 0,0 0.001 0 1 172.266 545 0,12 0.001 0 1 1,12 0.001 -1 0 3,15 0.001 1 -1 0.352 50 15,1 0.001 0 -1 15,3 0.001 1 0 12,3 0.001 1 0 7.3366 140 12,15 0.001 0 1 15,12 0.001 -1 -1 12,12 0.001 -1 1 7.3317 155 ::f,2,14 f,3,3 f,13,13 f,14,1 
238:1,1 0.001 -1 1 0,3 0.001 1 1 0,1 0.001 0 1 172.267 545 0,13 0.001 0 1 0,12 0.001 -1 0 3,15 0.001 0 -1 0.354 50 15,0 0.001 0 -1 15,3 0.001 1 -1 13,3 0.001 1 0 7.3386 140 12,15 0.001 0 1 15,12 0.001 -1 0 12,12 0.001 0 1 7.3317 155 ::f,2,14 f,3,3 f,13,13 f,14,1 
239:1,1 0.001 0 1 0,3 0.001 1 0 0,2 0.001 0 1 172.268 545 0,14 0.001 0 1 0,12 0.001 -1 0 3,14 0.001 0 -1 0.356 50 15,0 0.001 0 -1 15,3 0.001 0 -1 14,3 0.001 1 0 7.3396 140 12,15 0.001 1 1 14,12 0.001 -1 0 12,13 0.001 0 1 7.3337 155 ::f,2,14 f,3,3 f,13,13 f,14,1 
240:1,2 0.001 0 1 1,3 0.001 1 0 0,3 0.001 0 1 172.271 545 0,15 0.001 0 1 0,12 0.001 -1 1 3,13 0.001 0 -1 0.358 50 15,0 0.001 -1 -1 15,2 0.001 0 -1 15,3 0.001 1 0 7.3416 140 12,15 0.001 1 0 13,12 0.001 -1 0 12,14 0.001 0 1 7.3357 155 ::f,2,14 f,3,3 f,13,13 f,14,1 
241:1,2 0.001 0 1 2,3 0.001 1 0 0,3 0.001 0 1 172.272 545 0,15 0.001 0 1 0,12 0.001 0 1 3,12 0.001 0 -1 0.359 50 15,0 0.001 -1 0 15,1 0.001 0 -1 15,3 0.001 1 0 7.3426 140 13,15 0.001 1 0 12,12 0.001 -1 0 12,15 0.001 0 1 7.3387 155 ::f,2,14 f,3,3 f,13,13 f,14,1 
242:1,2 0.001 1 1 2,3 0.001 1 0 0,3 0.001 1 1 182.272 560 0,15 0.001 1 1 0,13 0.001 0 1 3,12 0.001 0 -1 0.36 50 14,0 0.001 -1 0 15,0 0.001 0 -1 15,3 0.001 1 -1 7.3446 140 14,15 0.001 1 0 12,12 0.001 -1 0 12,15 0.001 0 1 7.3397 155 ::f,1,0 f,2,14 f,13,13 f,14,1 
243:1,2 0.001 1 0 3,3 0.001 1 0 0,3 0.001 1 0 182.273 560 0,15 0.001 1 0 0,14 0.001 0 1 3,12 0.001 -1 -1 0.361 50 13,0 0.001 -1 0 15,0 0.001 0 -1 15,3 0.001 0 -1 7.3456 140 15,15 0.001 1 0 12,12 0.001 -1 1 12,15 0.001 1 1 7.3407 155 ::f,1,0 f,2,14 f,13,13 f,14,1 
244:2,2 0.001 1 0 3,3 0.001 1 0 1,3 0.001 1 0 182.275 560 1,15 0.001 1 0 0,15 0.001 0 1 3,12 0.001 -1 0 0.363 50 12,0 0.001 -1 0 15,0 0.001 -1 -1 15,2 0.001 0 -1 7.3476 140 15,15 0.001 1 0 12,12 0.001 0 1 12,15 0.001 1 0 7.3407 155 ::f,1,0 f,2,14 f,13,13 f,14,1 
245:2,2 0.001 1 0 3,3 0.001 1 -1 2,3 0.001 1 0 182.276 560 2,15 0.001 1 0 0,15 0.001 0 1 2,12 0.001 -1 0 0.365 50 12,0 0.001 -1 0 15,0 0.001 -1 0 15,1 0.001 0 -1 7.3486 140 15,15 0.001 1 -1 12,13 0.001 0 1 13,15 0.001 1 0 7.3427 155 ::f,1,0 f,2,14 f,13,13 f,14,1 
246:2,2 0.001 1 -1 3,3 0.001 0 -1 2,3 0.001 1 0 182.276 560 3,15 0.001 1 0 0,15 0.001 1 1 1,12 0.001 -1 0 0.367 50 12,0 0.001 -1 1 14,0 0.001 -1 0 15,0 0.001 0 -1 7.3506 140 15,15 0.001 0 -1 12,14 0.001 0 1 14,15 0.001 1 0 7.3447 155 ::f,1,0 f,2,14 f,13,13 f,14,1 
247:2,2 0.001 0 -1 3,2 0.001 0 -1 3,3 0.001 1 0 182.278 560 3,15 0.001 1 0 0,15 0.001 1 0 0,12 0.001 -1 0 0.368 50 12,0 0.001 0 1 13,0 0.001 -1 0 15,0 0.001 0 -1 7.3516 140 15,14 0.001 0 -1 12,15 0.001 0 1 15,15 0.001 1 0 7.3477 155 ::f,1,0 f,2,14 f,13,13 f,14,1 
248:2,1 0.001 0 -1 3,1 0.001 0 -1 3,3 0.001 1 0 182.28 560 3,15 0.001 1 -1 1,15 0.001 1 0 0,12 0.001 -1 0 0.369 50 12,1 0.001 0 1 12,0 0.001 -1 0 15,0 0.001 -1 -1 7.3536 140 15,13 0.001 0 -1 12,15 0.001 0 1 15,15 0.001 1 0 7.3487 155 ::f,1,0 f,2,14 f,13,13 f,14,1 
249:2,1 0.001 0 -1 3,0 0.001 0 -1 3,3 0.001 1 -1 182.281 560 3,15 0.001 0 -1 2,15 0.001 1 0 0,12 0.001 -1 1 0.37 50 12,2 0.001 0 1 12,0 0.001 -1 0 15,0 0.001 -1 0 7.3546 140 15,12 0.001 0 -1 12,15 0.001 1 1 15,15 0.001 1 -1 7.3497 155 ::f,1,0 f,2,14 f,13,13 f,14,1 
250:2,1 0.001 -1 -1 3,0 0.001 0 -1 3,3 0.001 0 -1 182.281 560 3,14 0.001 0 -1 3,15 0.001 1 0 0,12 0.001 0 1 0.372 50 12,3 0.001 0 1 12,0 0.001 -1 1 14,0 0.001 -1 0 7.3566 140 15,12 0.001 0 -1 12,15 0.001 1 0 15,15 0.001 0 -1 7.3497 155 ::f,1,0 f,2,14 f,13,13 f,14,1 
251:2,1 0.001 -1 0 3,0 0.001 -1 -1 3,2 0.001 0 -1 182.282 560 3,13 0.001 0 -1 3,15 0.001 1 0 0,13 0.001 0 1 0.374 50 12,3 0.001 0 1 12,0 0.001 0 1 13,0 0.001 -1 0 7.3576 140 15,12 0.001 -1 -1 13,15 0.001 1 0 15,14 0.001 0 -1 7.3517 155 ::f,1,0 f,2,14 f,13,13 f,14,1 
252:1,1 0.001 -1 0 3,0 0.001 -1 0 3,1 0.001 0 -1 182.284 560 3,12 0.001 0 -1 3,15 0.001 1 -1 0,14 0.001 0 1 0.376 50 12,3 0.001 1 1 12,1 0.001 0 1 12,0 0.001 -1 0 7.3596 140 15,12 0.001 -1 0 14,15 0.001 1 0 15,13 0.001 0 -1 7.3537 155 ::f,1,0 f,2,14 f,13,13 f,14,1 
253:1,1 0.001 -1 0 2,0 0.001 -1 0 3,0 0.001 0 -1 182.286 560 3,12 0.001 0 -1 3,15 0.001 0 -1 0,15 0.001 0 1 0.377 50 12,3 0.001 1 0 12,2 0.001 0 1 12,0 0.001 -1 0 7.3606 140 14,12 0.001 -1 0 15,15 0.001 1 0 15,12 0.001 0 -1 7.3567 155 ::f,1,0 f,2,14 f,13,13 f,14,1 
254:1,1 0.001 -1 0 2,0 0.001 -1 0 3,0 0.001 0 -1 192.287 575 3,12 0.001 -1 -1 3,14 0.001 0 -1 0,15 0.001 0 1 0.378 50 13,3 0.001 1 0 12,3 0.001 0 1 12,0 0.001 -1 1 7.3626 140 13,12 0.001 -1 0 15,15 0.001 1 0 15,12 0.001 0 -1 7.3577 155 ::f,0,2 f,2,14 f,13,13 f,14,1 
255:1,1 0.001 -1 1 1,0 0.001 -1 0 3,0 0.001 -1 -1 192.288 575 3,12 0.001 -1 0 3,13 0.001 0 -1 0,15 0.001 1 1 0.379 50 14,3 0.001 1 0 12,3 0.001 0 1 12,0 0.001 0 1 7.3636 140 12,12 0.001 -1 0 15,15 0.001 1 -1 15,12 0.001 -1 -1 7.3587 155 ::f,0,2 f,2,14 f,13,13 f,14,1 
256:1,1 0.001 0 1 0,0 0.001 -1 0 3,0 0.001 -1 0 192.289 575 2,12 0.001 -1 0 3,12 0.001 0 -1 0,15 0.001 1 0 0.381 50 15,3 0.001 1 0 12,3 0.001 1 1 12,1 0.001 0 1 7.3656 140 12,12 0.001 -1 0 15,15 0.001 0 -1 15,12 0.001 -1 0 7.3587 155 ::f,0,2 f,2,14 f,13,13 f,14,1 
257:1,2 0.001 0 1 0,0 0.001 -1 0 2,0 0.001 -1 0 192.291 575 1,12 0.001 -1 0 3,12 0.001 0 -1 1,15 0.001 1 0 0.383 50 15,3 0.001 1 0 12,3 0.001 1 0 12,2 0.001 0 1 7.3666 140 12,12 0.001 -1 1 15,14 0.001 0 -1 14,12 0.001 -1 0 7.3607 155 ::f,0,2 f,2,14 f,13,13 f,14,1 
258:1,2 0.001 0 1 0,0 0.001 -1 1 1,0 0.001 -1 0 192.292 575 0,12 0.001 -1 0 3,12 0.001 -1 -1 2,15 0.001 1 0 0.385 50 15,3 0.001 1 -1 13,3 0.001 1 0 12,3 0.001 0 1 7.3686 140 12,12 0.001 0 1 15,13 0.001 0 -1 13,12 0.001 -1 0 7.3627 155 ::f,0,2 f,2,14 f,13,13 f,14,1 
259:1,2 0.001 0 1 0,0 0.001 0 1 1,0 0.001 -1 0 192.292 575 0,12 0.001 -1 0 3,12 0.001 -1 0 3,15 0.001 1 0 0.386 50 15,3 0.001 0 -1 14,3 0.001 1 0 12,3 0.001 0 1 7.3696 140 12,13 0.001 0 1 15,12 0.001 0 -1 12,12 0.001 -1 0 7.3657 155 ::f,0,2 f,2,14 f,13,13 f,14,1 
260:1,2 0.001 1 1 0,1 0.001 0 1 0,0 0.001 -1 0 192.294 575 0,12 0.001 -1 1 2,12 0.001 -1 0 3,15 0.001 1 0 0.387 50 15,2 0.001 0 -1 15,3 0.001 1 0 12,3 0.001 1 1 7.3716 140 12,14 0.001 0 1 15,12 0.001 0 -1 12,12 0.001 -1 0 7.3667 155 ::f,0,2 f,2,14 f,13,13 f,14,1 
261:1,2 0.001 1 0 0,1 0.001 0 1 0,0 0.001 -1 0 202.294 590 0,12 0.001 0 1 1,12 0.001 -1 0 3,15 0.001 1 -1 0.388 50 15,1 0.001 0 -1 15,3 0.001 1 0 12,3 0.001 1 0 7.3726 140 12,15 0.001 0 1 15,12 0.001 -1 -1 12,12 0.001 -1 1 7.3677 155 ::f,0,3 f,2,14 f,13,13 f,14,1 
262:2,2 0.001 1 0 0,2 0.001 0 1 0,0 0.001 -1 1 202.296 590 0,13 0.001 0 1 0,12 0.001 -1 0 3,15 0.001 0 -1 0.39 50 15,0 0.001 0 -1 15,3 0.001 1 -1 13,3 0.001 1 0 7.3746 140 12,15 0.001 0 1 15,12 0.001 -1 0 12,12 0.001 0 1 7.3677 155 ::f,0,3 f,2,14 f,13,13 f,14,1 
263:2,2 0.001 1 0 0,2 0.001 0 1 0,0 0.001 0 1 212.296 605 0,14 0.001 0 1 0,12 0.001 -1 0 3,14 0.001 0 -1 0.392 50 15,0 0.001 0 -1 15,3 0.001 0 -1 14,3 0.001 1 0 7.3756 140 12,15 0.001 1 1 14,12 0.001 -1 0 12,13 0.001 0 1 7.3697 155 ::f,2,3 f,2,14 f,13,13 f,14,1 
264:2,2 0.001 1 0 0,3 0.001 0 1 0,1 0.001 0 1 212.298 605 0,15 0.001 0 1 0,12 0.001 -1 1 3,13 0.001 0 -1 0.394 50 15,0 0.001 -1 -1 15,2 0.001 0 -1 15,3 0.001 1 0 7.3776 140 12,15 0.001 1 0 13,12 0.001 -1 0 12,14 0.001 0 1 7.3717 155 ::f,2,3 f,2,14 f,13,13 f,14,1 
265:2,2 0.001 1 -1 0,3 0.001 0 1 0,2 0.001 0 1 212.299 605 0,15 0.001 0 1 0,12 0.001 0 1 3,12 0.001 0 -1 0.395 50 15,0 0.001 -1 0 15,1 0.001 0 -1 15,3 0.001 1 0 7.3786 140 13,15 0.001 1 0 12,12 0.001 -1 0 12,15 0.001 0 1 7.3747 155 ::f,2,3 f,2,14 f,13,13 f,14,1 
266:2,2 0.001 0 -1 0,3 0.001 1 1 0,2 0.001 0 1 212.299 605 0,15 0.001 1 1 0,13 0.001 0 1 3,12 0.001 0 -1 0.396 50 14,0 0.001 -1 0 15,0 0.001 0 -1 15,3 0.001 1 -1 7.3806 140 14,15 0.001 1 0 12,12 0.001 -1 0 12,15 0.001 0 1 7.3757 155 ::f,2,3 f,2,14 f,13,13 f,14,1 
267:2,1 0.001 0 -1 0,3 0.001 1 0 0,2 0.001 0 1 212.3 605 0,15 0.001 1 0 0,14 0.001 0 1 3,12 0.001 -1 -1 0.397 50 13,0 0.001 -1 0 15,0 0.001 0 -1 15,3 0.001 0 -1 7.3816 140 15,15 0.001 1 0 12,12 0.001 -1 1 12,15 0.001 1 1 7.3767 155 ::f,2,3 f,2,14 f,13,13 f,14,1 
268:2,1 0.001 0 -1 1,3 0.001 1 0 0,3 0.001 0 1 212.302 605 1,15 0.001 1 0 0,15 0.001 0 1 3,12 0.001 -1 0 0.399 50 12,0 0.001 -1 0 15,0 0.001 -1 -1 15,2 0.001 0 -1 7.3836 140 15,15 0.001 1 0 12,12 0.001 0 1 12,15 0.001 1 0 7.3767 155 ::f,2,3 f,2,14 f,13,13 f,14,1 
269:2,1 0.001 0 -1 1,3 0.001 1 0 0,3 0.001 0 1 222.302 620 2,15 0.001 1 0 0,15 0.001 0 1 2,12 0.001 -1 0 0.401 50 12,0 0.001 -1 0 15,0 0.001 -1 0 15,1 0.001 0 -1 7.3846 140 15,15 0.001 1 -1 12,13 0.001 0 1 13,15 0.001 1 0 7.3787 155 ::f,0,2 f,2,14 f,13,13 f,14,1 
270:2,1 0.001 -1 -1 2,3 0.001 1 0 0,3 0.001 1 1 222.303 620 3,15 0.001 1 0 0,15 0.001 1 1 1,12 0.001 -1 0 0.403 50 12,0 0.001 -1 1 14,0 0.001 -1 0 15,0 0.001 0 -1 7.3866 140 15,15 0.001 0 -1 12,14 0.001 0 1 14,15 0.001 1 0 7.3807 155 ::f,0,2 f,2,14 f,13,13 f,14,1 
271:2,1 0.001 -1 0 3,3 0.001 1 0 0,3 0.001 1 0 222.304 620 3,15 0.001 1 0 0,15 0.001 1 0 0,12 0.001 -1 0 0.404 50 12,0 0.001 0 1 13,0 0.001 -1 0 15,0 0.001 0 -1 7.3876 140 15,14 0.001 0 -1 12,15 0.001 0 1 15,15 0.001 1 0 7.3837 155 ::f,0,2 f,2,14 f,13,13 f,14,1 
272:1,1 0.001 -1 0 3,3 0.001 1 0 1,3 0.001 1 0 222.306 620 3,15 0.001 1 -1 1,15 0.001 1 0 0,12 0.001 -1 0 0.405 50 12,1 0.001 0 1 12,0 0.001 -1 0 15,0 0.001 -1 -1 7.3896 140 15,13 0.001 0 -1 12,15 0.001 0 1 15,15 0.001 1 0 7.3847 155 ::f,0,2 f,2,14 f,13,13 f,14,1 
273:1,1 0.001 -1 0 3,3 0.001 1 -1 2,3 0.001 1 0 222.307 620 3,15 0.001 0 -1 2,15 0.001 1 0 0,12 0.001 -1 1 0.406 50 12,2 0.001 0 1 12,0 0.001 -1 0 15,0 0.001 -1 0 7.3906 140 15,12 0.001 0 -1 12,15 0.001 1 1 15,15 0.001 1 -1 7.3857 155 ::f,0,2 f,2,14 f,13,13 f,14,1 
274:1,1 0.001 -1 0 3,3 0.001 0 -1 2,3 0.001 1 0 222.307 620 3,14 0.001 0 -1 3,15 0.001 1 0 0,12 0.001 0 1 0.408 50 12,3 0.001 0 1 12,0 0.001 -1 1 14,0 0.001 -1 0 7.3926 140 15,12 0.001 0 -1 12,15 0.001 1 0 15,15 0.001 0 -1 7.3857 155 ::f,0,2 f,2,14 f,13,13 f,14,1 
275:1,1 0.001 -1 1 3,2 0.001 0 -1 3,3 0.001 1 0 222.309 620 3,13 0.001 0 -1 3,15 0.001 1 0 0,13 0.001 0 1 0.41 50 12,3 0.001 0 1 12,0 0.001 0 1 13,0 0.001 -1 0 7.3936 140 15,12 0.001 -1 -1 13,15 0.001 1 0 15,14 0.001 0 -1 7.3877 155 ::f,0,2 f,2,14 f,13,13 f,14,1 
276:1,1 0.001 0 1 3,1 0.001 0 -1 3,3 0.001 1 0 222.31 620 3,12 0.001 0 -1 3,15 0.001 1 -1 0,14 0.001 0 1 0.412 50 12,3 0.001 1 1 12,1 0.001 0 1 12,0 0.001 -1 0 7.3956 140 15,12 0.001 -1 0 14,15 0.001 1 0 15,13 0.001 0 -1 7.3897 155 ::f,0,2 f,2,14 f,13,13 f,14,1 
277:1,2 0.001 0 1 3,0 0.001 0 -1 3,3 0.001 1 -1 222.312 620 3,12 0.001 0 -1 3,15 0.001 0 -1 0,15 0.001 0 1 0.413 50 12,3 0.001 1 0 12,2 0.001 0 1 12,0 0.001 -1 0 7.3966 140 14,12 0.001 -1 0 15,15 0.001 1 0 15,12 0.001 0 -1 7.3927 155 ::f,0,2 f,2,14 f,13,13 f,14,1 
278:1,2 0.001 0 1 3,0 0.001 0 -1 3,3 0.001 0 -1 222.312 620 3,12 0.001 -1 -1 3,14 0.001 0 -1 0,15 0.001 0 1 0.414 50 13,3 0.001 1 0 12,3 0.001 0 1 12,0 0.001 -1 1 7.3986 140 13,12 0.001 -1 0 15,15 0.001 1 0 15,12 0.001 0 -1 7.3937 155 ::f,0,2 f,2,14 f,13,13 f,14,1 
279:1,2 0.001 0 1 3,0 0.001 -1 -1 3,2 0.001 0 -1 222.313 620 3,12 0.001 -1 0 3,13 0.001 0 -1 0,15 0.001 1 1 0.415 50 14,3 0.001 1 0 12,3 0.001 0 1 12,0 0.001 0 1 7.3996 140 12,12 0.001 -1 0 15,15 0.001 1 -1 15,12 0.001 -1 -1 7.3947 155 ::f,0,2 f,2,14 f,13,13 f,14,1 
280:1,2 0.001 1 1 3,0 0.001 -1 0 3,1 0.001 0 -1 222.314 620 2,12 0.001 -1 0 3,12 0.001 0 -1 0,15 0.001 1 0 0.417 50 15,3 0.001 1 0 12,3 0.001 1 1 12,1 0.001 0 1 7.4016 140 12,12 0.001 -1 0 15,15 0.001 0 -1 15,12 0.001 -1 0 7.3947 155 ::f,0,2 f,2,14 f,13,13 f,14,1 
281:1,2 0.001 1 0 2,0 0.001 -1 0 3,0 0.001 0 -1 222.316 620 1,12 0.001 -1 0 3,12 0.001 0 -1 1,15 0.001 1 0 0.419 50 15,3 0.001 1 0 12,3 0.001 1 0 12,2 0.001 0 1 7.4026 140 12,12 0.001 -1 1 15,14 0.001 0 -1 14,12 0.001 -1 0 7.3967 155 ::f,0,2 f,2,14 f,13,13 f,14,1 
282:2,2 0.001 1 0 1,0 0.001 -1 0 3,0 0.001 0 -1 222.318 620 0,12 0.001 -1 0 3,12 0.001 -1 -1 2,15 0.001 1 0 0.421 50 15,3 0.001 1 -1 13,3 0.001 1 0 12,3 0.001 0 1 7.4046 140 12,12 0.001 0 1 15,13 0.001 0 -1 13,12 0.001 -1 0 7.3987 155 ::f,0,2 f,2,14 f,13,13 f,14,1 
283:2,2 0.001 1 0 0,0 0.001 -1 0 3,0 0.001 -1 -1 222.319 620 0,12 0.001 -1 0 3,12 0.001 -1 0 3,15 0.001 1 0 0.422 50 15,3 0.001 0 -1 14,3 0.001 1 0 12,3 0.001 0 1 7.4056 140 12,13 0.001 0 1 15,12 0.001 0 -1 12,12 0.001 -1 0 7.4017 155 ::f,0,2 f,2,14 f,13,13 f,14,1 
284:2,2 0.001 1 0 0,0 0.001 -1 0 3,0 0.001 -1 0 222.319 620 0,12 0.001 -1 1 2,12 0.001 -1 0 3,15 0.001 1 0 0.423 50 15,2 0.001 0 -1 15,3 0.001 1 0 12,3 0.001 1 1 7.4076 140 12,14 0.001 0 1 15,12 0.001 0 -1 12,12 0.001 -1 0 7.4027 155 ::f,0,2 f,2,14 f,13,13 f,14,1 
285:2,2 0.001 1 -1 0,0 0.001 -1 1 2,0 0.001 -1 0 222.32 620 0,12 0.001 0 1 1,12 0.001 -1 0 3,15 0.001 1 -1 0.424 50 15,1 0.001 0 -1 15,3 0.001 1 0 12,3 0.001 1 0 7.4086 140 12,15 0.001 0 1 15,12 0.001 -1 -1 12,12 0.001 -1 1 7.4037 155 ::f,0,2 f,2,14 f,13,13 f,14,1 
286:2,2 0.001 0 -1 0,0 0.001 0 1 1,0 0.001 -1 0 222.321 620 0,13 0.001 0 1 0,12 0.001 -1 0 3,15 0.001 0 -1 0.426 50 15,0 0.001 0 -1 15,3 0.001 1 -1 13,3 0.001 1 0 7.4106 140 12,15 0.001 0 1 15,12 0.001 -1 0 12,12 0.001 0 1 7.4037 155 ::f,0,2 f,2,14 f,13,13 f,14,1 
287:2,1 0.001 0 -1 0,1 0.001 0 1 0,0 0.001 -1 0 222.324 620 0,14 0.001 0 1 0,12 0.001 -1 0 3,14 0.001 0 -1 0.428 50 15,0 0.001 0 -1 15,3 0.001 0 -1 14,3 0.001 1 0 7.4116 140 12,15 0.001 1 1 14,12 0.001 -1 0 12,13 0.001 0 1 7.4057 155 ::f,0,2 f,2,14 f,13,13 f,14,1 
288:2,1 0.001 0 -1 0,1 0.001 0 1 0,0 0.001 -1 0 232.324 635 0,15 0.001 0 1 0,12 0.001 -1 1 3,13 0.001 0 -1 0.43 50 15,0 0.001 -1 -1 15,2 0.001 0 -1 15,3 0.001 1 0 7.4136 140 12,15 0.001 1 0 13,12 0.001 -1 0 12,14 0.001 0 1 7.4077 155 ::f,2,2 f,2,14 f,13,13 f,14,1 
289:2,1 0.001 0 -1 0,2 0.001 0 1 0,0 0.001 -1 1 232.325 635 0,15 0.001 0 1 0,12 0.001 0 1 3,12 0.001 0 -1 0.431 50 15,0 0.001 -1 0 15,1 0.001 0 -1 15,3 0.001 1 0 7.4146 140 13,15 0.001 1 0 12,12 0.001 -1 0 12,15 0.001 0 1 7.4107 155 ::f,2,2 f,2,14 f,13,13 f,14,1 
290:2,1 0.001 -1 -1 0,3 0.001 0 1 0,0 0.001 0 1 232.326 635 0,15 0.001 1 1 0,13 0.001 0 1 3,12 0.001 0 -1 0.432 50 14,0 0.001 -1 0 15,0 0.001 0 -1 15,3 0.001 1 -1 7.4166 140 14,15 0.001 1 0 12,12 0.001 -1 0 12,15 0.001 0 1 7.4117 155 ::f,2,2 f,2,14 f,13,13 f,14,1 
291:2,1 0.001 -1 0 0,3 0.001 0 1 0,1 0.001 0 1 232.327 635 0,15 0.001 1 0 0,14 0.001 0 1 3,12 0.001 -1 -1 0.433 50 13,0 0.001 -1 0 15,0 0.001 0 -1 15,3 0.001 0 -1 7.4176 140 15,15 0.001 1 0 12,12 0.001 -1 1 12,15 0.001 1 1 7.4127 155 ::f,2,2 f,2,14 f,13,13 f,14,1 
292:1,1 0.001 -1 0 0,3 0.001 1 1 0,2 0.001 0 1 232.329 635 1,15 0.001 1 0 0,15 0.001 0 1 3,12 0.001 -1 0 0.435 50 12,0 0.001 -1 0 15,0 0.001 -1 -1 15,2 0.001 0 -1 7.4196 140 15,15 0.001 1 0 12,12 0.001 0 1 12,15 0.001 1 0 7.4127 155 ::f,2,2 f,2,14 f,13,13 f,14,1 
293:1,1 0.001 -1 0 0,3 0.001 1 0 0,2 0.001 0 1 232.329 635 2,15 0.001 1 0 0,15 0.001 0 1 2,12 0.001 -1 0 0.437 50 12,0 0.001 -1 0 15,0 0.001 -1 0 15,1 0.001 0 -1 7.4206 140 15,15 0.001 1 -1 12,13 0.001 0 1 13,15 0.001 1 0 7.4147 155 ::f,2,2 f,2,14 f,13,13 f,14,1 
294:1,1 0.001 -1 0 1,3 0.001 1 0 0,3 0.001 0 1 232.331 635 3,15 0.001 1 0 0,15 0.001 1 1 1,12 0.001 -1 0 0.439 50 12,0 0.001 -1 1 14,0 0.001 -1 0 15,0 0.001 0 -1 7.4226 140 15,15 0.001 0 -1 12,14 0.001 0 1 14,15 0.001 1 0 7.4167 155 ::f,2,2 f,2,14 f,13,13 f,14,1 
295:1,1 0.001 -1 1 2,3 0.001 1 0 0,3 0.001 0 1 232.332 635 3,15 0.001 1 0 0,15 0.001 1 0 0,12 0.001 -1 0 0.44 50 12,0 0.001 0 1 13,0 0.001 -1 0 15,0 0.001 0 -1 7.4236 140 15,14 0.001 0 -1 12,15 0.001 0 1 15,15 0.001 1 0 7.4197 155 ::f,2,2 f,2,14 f,13,13 f,14,1 
296:1,1 0.001 0 1 3,3 0.001 1 0 0,3 0.001 1 1 232.333 635 3,15 0.001 1 -1 1,15 0.001 1 0 0,12 0.001 -1 0 0.441 50 12,1 0.001 0 1 12,0 0.001 -1 0 15,0 0.001 -1 -1 7.4256 140 15,13 0.001 0 -1 12,15 0.001 0 1 15,15 0.001 1 0 7.4207 155 ::f,2,2 f,2,14 f,13,13 f,14,1 
297:1,2 0.001 0 1 3,3 0.001 1 0 0,3 0.001 1 0 232.334 635 3,15 0.001 0 -1 2,15 0.001 1 0 0,12 0.001 -1 1 0.442 50 12,2 0.001 0 1 12,0 0.001 -1 0 15,0 0.001 -1 0 7.4266 140 15,12 0.001 0 -1 12,15 0.001 1 1 15,15 0.001 1 -1 7.4217 155 ::f,2,2 f,2,14 f,13,13 f,14,1 
298:1,2 0.001 0 1 3,3 0.001 1 -1 1,3 0.001 1 0 232.335 635 3,14 0.001 0 -1 3,15 0.001 1 0 0,12 0.001 0 1 0.444 50 12,3 0.001 0 1 12,0 0.001 -1 1 14,0 0.001 -1 0 7.4286 140 15,12 0.001 0 -1 12,15 0.001 1 0 15,15 0.001 0 -1 7.4217 155 ::f,2,2 f,2,14 f,13,13 f,14,1 
299:1,2 0.001 1 1 3,3 0.001 0 -1 2,3 0.001 1 0 232.336 635 3,13 0.001 0 -1 3,15 0.001 1 0 0,13 0.001 0 1 0.446 50 12,3 0.001 0 1 12,0 0.001 0 1 13,0 0.001 -1 0 7.4296 140 15,12 0.001 -1 -1 13,15 0.001 1 0 15,14 0.001 0 -1 7.4237 155 ::f,2,2 f,2,14 f,13,13 f,14,1 
