16
0:2,3 0.001 -1 0 1,2 0.003 1 -1 0,2 0.002 -1 -1 0.001 50 1,14 0.001 -1 -1 1,13 0.003 1 0 1,15 0.002 -1 1 0.001 50 14,2 0.001 0 -1 15,3 0.003 -1 -1 12,1 0.002 -1 -1 0.001 50 15,13 0.001 1 -1 15,14 0.003 1 1 12,15 0.002 -1 0 0.001 50 ::f,2,1 f,2,13 f,13,2 f,15,12 
1:2,3 0.001 -1 0 1,2 0.001 1 -1 0,2 0.001 -1 -1 0.0011 65 1,14 0.001 -1 -1 1,13 0.001 1 0 1,15 0.001 -1 1 0.0011 65 14,2 0.001 0 -1 15,3 0.001 -1 -1 12,1 0.001 -1 -1 0.001 50 15,13 0.001 1 -1 15,14 0.001 1 1 12,15 0.001 -1 0 0.001 50 ::f,0,12 f,2,0 f,13,2 f,15,12 
2:2,3 0.001 -1 1 1,2 0.001 0 -1 0,2 0.001 -1 0 0.0011 65 1,14 0.001 -1 0 1,13 0.001 1 -1 1,15 0.001 0 1 0.0011 65 14,2 0.001 -1 -1 15,3 0.001 -1 0 12,1 0.001 -1 0 0.001 50 15,13 0.001 0 -1 15,14 0.001 1 0 12,15 0.001 -1 1 0.001 50 ::f,0,12 f,2,0 f,13,2 f,15,12 
3:2,3 0.001 -1 1 1,2 0.001 0 -1 0,2 0.001 -1 0 0.0011 65 1,14 0.001 -1 0 1,13 0.001 1 -1 1,15 0.001 0 1 0.0011 65 14,2 0.001 -1 -1 15,3 0.001 -1 0 12,1 0.001 -1 0 0.001 50 15,13 0.001 0 -1 15,14 0.001 1 0 12,15 0.001 -1 1 0.0011 65 ::f,0,12 f,2,0 f,13,2 f,14,13 
4:2,3 0.001 0 1 1,2 0.001 -1 -1 0,2 0.001 -1 1 0.0011 65 1,14 0.001 -1 1 1,13 0.001 0 -1 1,15 0.001 1 1 0.0011 65 14,2 0.001 -1 0 15,3 0.001 -1 1 12,1 0.001 -1 1 0.001 50 15,13 0.001 -1 -1 15,14 0.001 1 -1 12,15 0.001 0 1 0.0011 65 ::f,0,12 f,2,0 f,13,2 f,14,13 
5:2,3 0.001 0 1 1,2 0.001 -1 -1 0,2 0.001 -1 1 0.0011 65 1,14 0.001 -1 1 1,13 0.001 0 -1 1,15 0.001 1 1 0.0011 65 14,2 0.001 -1 0 15,3 0.001 -1 1 12,1 0.001 -1 1 0.0011 65 15,13 0.001 -1 -1 15,14 0.001 1 -1 12,15 0.001 0 1 0.0011 65 ::f,0,12 f,2,0 f,12,0 f,14,13 
6:2,3 0.001 1 1 1,2 0.001 -1 0 0,2 0.001 0 1 0.0011 65 1,14 0.001 0 1 1,13 0.001 -1 -1 1,15 0.001 1 0 0.0011 65 14,2 0.001 -1 1 15,3 0.001 0 1 12,1 0.001 0 1 0.0011 65 15,13 0.001 -1 0 15,14 0.001 0 -1 12,15 0.001 1 1 0.0011 65 ::f,0,12 f,2,0 f,12,0 f,14,13 
7:2,3 0.001 1 1 1,2 0.001 -1 0 0,2 0.001 0 1 0.0011 65 1,14 0.001 0 1 1,13 0.001 -1 -1 2,15 0.001 1 0 1.0022 80 14,2 0.001 -1 1 15,3 0.001 0 1 12,2 0.001 0 1 0.0021 65 15,13 0.001 -1 0 15,14 0.001 0 -1 12,15 0.001 1 1 0.0011 65 ::f,2,0 f,3,15 f,12,0 f,14,13 
8:2,3 0.001 1 0 1,2 0.001 -1 1 0,2 0.001 1 1 0.0011 65 1,14 0.001 1 1 1,13 0.001 -1 0 2,15 0.001 1 0 1.0023 95 14,2 0.001 0 1 15,3 0.001 1 1 12,2 0.001 0 1 0.0021 65 15,13 0.001 -1 0 15,14 0.001 0 -1 12,15 0.001 1 0 1.0012 80 ::f,1,15 f,2,0 f,12,0 f,14,15 
9:2,3 0.001 1 0 1,2 0.001 -1 1 0,2 0.001 1 1 0.0011 65 1,14 0.001 1 1 1,13 0.001 -1 0 2,15 0.001 1 -1 1.0023 95 14,2 0.001 0 1 15,3 0.001 1 1 12,2 0.001 1 1 0.0021 65 15,13 0.001 -1 1 15,14 0.001 -1 -1 13,15 0.001 1 0 1.0022 80 ::f,1,15 f,2,0 f,12,0 f,14,15 
10:2,3 0.001 1 -1 1,2 0.001 0 1 0,2 0.001 1 0 0.0011 65 1,14 0.001 1 1 1,13 0.001 -1 1 2,15 0.001 1 -1 1.0023 95 14,2 0.001 1 1 15,3 0.001 1 0 12,2 0.001 1 1 0.0021 65 14,14 0.001 -1 1 15,14 0.001 -1 -1 13,15 0.001 1 0 1.0033 95 ::f,1,15 f,2,0 f,12,0 f,14,12 
11:3,2 0.001 1 -1 1,2 0.001 0 1 0,2 0.001 1 0 0.0021 65 1,14 0.001 1 0 1,13 0.001 -1 1 2,15 0.001 0 -1 1.0023 95 14,2 0.001 1 1 15,3 0.001 1 0 12,2 0.001 1 0 0.0021 65 14,14 0.001 -1 1 15,14 0.001 -1 0 13,15 0.001 1 -1 1.0033 95 ::f,1,15 f,2,0 f,12,0 f,14,12 
12:3,2 0.001 1 -1 1,2 0.001 1 1 0,2 0.001 1 0 0.0021 65 1,14 0.001 1 0 1,13 0.001 0 1 2,14 0.001 0 -1 1.0033 95 14,2 0.001 1 0 15,3 0.001 1 -1 13,2 0.001 1 0 0.0031 65 14,14 0.001 0 1 15,14 0.001 -1 0 13,15 0.001 1 -1 1.0033 95 ::f,1,15 f,2,0 f,12,0 f,14,12 
13:3,2 0.001 0 -1 1,2 0.001 1 1 0,2 0.001 1 -1 0.0021 65 1,14 0.001 1 -1 1,13 0.001 0 1 2,14 0.001 0 -1 1.0033 95 14,2 0.001 1 0 15,3 0.001 1 -1 13,2 0.001 1 0 0.0031 65 14,14 0.001 0 1 15,14 0.001 -1 1 13,15 0.001 0 -1 1.0033 95 ::f,1,15 f,2,0 f,12,0 f,14,12 
14:3,1 0.001 0 -1 1,2 0.001 1 0 1,1 0.001 1 -1 0.0041 65 1,14 0.001 1 -1 1,13 0.001 0 1 2,14 0.001 -1 -1 1.0033 95 14,2 0.001 1 -1 15,3 0.001 0 -1 13,2 0.001 1 -1 0.0031 65 14,14 0.001 1 1 15,14 0.001 -1 1 13,15 0.001 0 -1 1.0033 95 ::f,1,15 f,2,0 f,12,0 f,14,12 
15:3,1 0.001 0 -1 2,2 0.001 1 0 1,1 0.001 1 -1 0.0052 80 1,14 0.001 0 -1 1,13 0.001 1 1 2,14 0.001 -1 -1 1.0033 95 14,2 0.001 1 -1 15,2 0.001 0 -1 13,2 0.001 1 -1 0.0041 65 14,14 0.001 1 1 15,14 0.001 0 1 13,15 0.001 -1 -1 1.0033 95 ::f,1,3 f,1,15 f,12,0 f,14,12 
16:3,1 0.001 -1 -1 2,2 0.001 1 0 1,1 0.001 0 -1 0.0052 80 1,14 0.001 0 -1 1,13 0.001 1 1 2,14 0.001 -1 0 1.0033 95 14,2 0.001 0 -1 15,2 0.001 0 -1 13,2 0.001 0 -1 0.0041 65 14,14 0.001 1 0 15,14 0.001 0 1 13,15 0.001 -1 -1 1.0033 95 ::f,1,3 f,1,15 f,12,0 f,14,12 
17:2,0 0.001 -1 -1 2,2 0.001 1 -1 1,1 0.001 0 -1 0.0062 80 1,14 0.001 -1 -1 1,13 0.001 1 0 2,14 0.001 -1 0 1.0033 95 14,1 0.001 0 -1 15,2 0.001 -1 -1 13,2 0.001 0 -1 0.0051 65 14,14 0.001 1 0 15,14 0.001 1 1 13,15 0.001 -1 0 1.0033 95 ::f,1,3 f,1,15 f,12,0 f,14,12 
18:2,0 0.001 -1 -1 2,2 0.001 1 -1 1,1 0.001 -1 -1 0.0062 80 1,14 0.001 -1 -1 1,13 0.001 1 0 2,14 0.001 -1 1 1.0033 95 14,1 0.001 0 -1 15,2 0.001 -1 -1 13,2 0.001 -1 -1 0.0051 65 14,14 0.001 1 -1 15,14 0.001 1 1 13,15 0.001 -1 0 1.0033 95 ::f,1,3 f,1,15 f,12,0 f,14,12 
19:2,0 0.001 -1 0 2,2 0.001 0 -1 1,1 0.001 -1 -1 0.0062 80 1,14 0.001 -1 0 1,13 0.001 1 -1 2,14 0.001 -1 1 2.0034 110 14,1 0.001 -1 -1 15,2 0.001 -1 0 13,2 0.001 -1 -1 0.0051 65 14,14 0.001 1 -1 15,14 0.001 1 0 13,15 0.001 -1 1 1.0033 95 ::f,0,12 f,1,3 f,12,0 f,14,12 
20:1,0 0.001 -1 0 2,1 0.001 0 -1 1,1 0.001 -1 0 0.0082 80 1,14 0.001 -1 0 1,13 0.001 1 -1 2,14 0.001 0 1 2.0034 110 14,1 0.001 -1 -1 14,2 0.001 -1 0 13,2 0.001 -1 0 0.0061 65 14,14 0.001 0 -1 15,14 0.001 1 0 13,15 0.001 -1 1 1.0033 95 ::f,0,12 f,1,3 f,12,0 f,14,12 
21:1,0 0.001 -1 0 2,1 0.001 0 -1 1,1 0.001 -1 0 0.0082 80 1,14 0.001 -1 1 1,13 0.001 0 -1 2,14 0.001 0 1 2.0034 110 14,1 0.001 -1 0 14,2 0.001 -1 0 13,2 0.001 -1 0 0.0061 65 14,13 0.001 0 -1 15,14 0.001 1 -1 13,15 0.001 0 1 1.0043 95 ::f,0,12 f,1,3 f,12,0 f,14,12 
22:1,0 0.001 -1 1 2,1 0.001 -1 -1 1,1 0.001 -1 1 0.0082 80 1,14 0.001 -1 1 1,13 0.001 0 -1 2,14 0.001 1 1 2.0034 110 13,1 0.001 -1 0 14,2 0.001 -1 1 13,2 0.001 -1 1 0.0071 65 14,13 0.001 0 -1 15,14 0.001 1 -1 13,15 0.001 0 1 3.0044 110 ::f,0,12 f,1,3 f,12,0 f,15,12 
23:0,1 0.001 -1 1 2,1 0.001 -1 -1 1,1 0.001 -1 1 0.0092 80 1,14 0.001 0 1 1,13 0.001 -1 -1 2,14 0.001 1 1 2.0034 110 13,1 0.001 -1 0 14,2 0.001 -1 1 13,2 0.001 -1 1 0.0071 65 14,13 0.001 -1 -1 15,14 0.001 0 -1 13,15 0.001 1 1 3.0044 110 ::f,0,12 f,1,3 f,12,0 f,15,12 
24:0,1 0.001 -1 1 2,1 0.001 -1 0 1,1 0.001 0 1 0.0092 80 1,14 0.001 0 1 1,13 0.001 -1 -1 2,14 0.001 1 0 4.0035 125 13,1 0.001 -1 1 14,2 0.001 0 1 13,2 0.001 0 1 0.0071 65 14,13 0.001 -1 -1 15,13 0.001 0 -1 13,15 0.001 1 1 3.0054 110 ::f,0,14 f,1,3 f,12,0 f,15,12 
25:0,1 0.001 0 1 2,1 0.001 -1 0 1,2 0.001 0 1 0.0102 80 1,14 0.001 1 1 1,13 0.001 -1 0 2,14 0.001 1 0 4.0035 125 13,1 0.001 -1 1 14,2 0.001 0 1 13,2 0.001 0 1 0.0071 65 14,13 0.001 -1 0 15,13 0.001 0 -1 13,15 0.001 1 0 3.0055 125 ::f,0,14 f,1,3 f,12,0 f,14,14 
26:0,2 0.001 0 1 2,1 0.001 -1 0 1,2 0.001 0 1 1.0113 95 2,15 0.001 1 1 1,13 0.001 -1 0 2,14 0.001 1 -1 4.0045 125 13,1 0.001 0 1 14,2 0.001 1 1 13,2 0.001 1 1 0.0071 65 13,13 0.001 -1 0 15,13 0.001 -1 -1 14,15 0.001 1 0 3.0075 125 ::f,0,14 f,2,2 f,12,0 f,14,14 
27:0,2 0.001 0 1 2,1 0.001 -1 1 1,2 0.001 1 1 1.0113 95 2,15 0.001 1 1 1,13 0.001 -1 1 2,14 0.001 1 -1 4.0045 125 13,1 0.001 0 1 14,2 0.001 1 1 13,2 0.001 1 1 0.0071 65 13,13 0.001 -1 0 15,13 0.001 -1 -1 14,15 0.001 1 0 3.0075 125 ::f,0,14 f,2,2 f,12,0 f,14,14 
28:0,2 0.001 1 1 2,1 0.001 -1 1 1,2 0.001 1 1 1.0113 95 2,15 0.001 1 0 1,13 0.001 -1 1 2,14 0.001 0 -1 7.0046 140 13,1 0.001 0 1 14,2 0.001 1 0 13,2 0.001 1 0 0.0071 65 13,13 0.001 -1 1 15,13 0.001 -1 0 14,15 0.001 1 -1 3.0075 125 ::f,2,2 f,3,12 f,12,0 f,14,14 
29:1,3 0.001 1 1 2,1 0.001 0 1 1,2 0.001 1 0 1.0123 95 2,15 0.001 1 0 1,13 0.001 0 1 2,13 0.001 0 -1 7.0056 140 13,1 0.001 1 1 14,2 0.001 1 0 13,2 0.001 1 0 0.0071 65 13,13 0.001 -1 1 14,13 0.001 -1 0 14,15 0.001 1 -1 3.0085 125 ::f,2,2 f,3,12 f,12,0 f,14,14 
30:1,3 0.001 1 1 2,1 0.001 0 1 2,2 0.001 1 0 2.0134 110 2,15 0.001 1 -1 1,14 0.001 0 1 2,13 0.001 0 -1 7.0066 140 13,1 0.001 1 1 14,2 0.001 1 -1 13,2 0.001 1 0 0.0071 65 13,13 0.001 0 1 14,13 0.001 -1 0 14,15 0.001 0 -1 3.0085 125 ::f,3,0 f,3,12 f,12,0 f,14,14 
31:1,3 0.001 1 0 2,1 0.001 1 1 2,2 0.001 1 0 2.0134 110 3,14 0.001 1 -1 1,14 0.001 0 1 2,13 0.001 -1 -1 7.0076 140 13,1 0.001 1 0 14,2 0.001 1 -1 13,2 0.001 1 -1 0.0071 65 13,14 0.001 0 1 14,13 0.001 -1 1 14,15 0.001 0 -1 3.0095 125 ::f,3,0 f,3,12 f,12,0 f,14,14 
32:2,3 0.001 1 0 2,1 0.001 1 1 2,2 0.001 1 -1 2.0144 110 3,14 0.001 1 -1 1,14 0.001 1 1 2,13 0.001 -1 -1 7.0076 140 13,1 0.001 1 0 14,2 0.001 0 -1 13,2 0.001 1 -1 0.0071 65 13,14 0.001 0 1 14,13 0.001 -1 1 14,15 0.001 0 -1 4.0096 140 ::f,3,0 f,3,12 f,12,0 f,13,13 
33:2,3 0.001 1 0 2,1 0.001 1 0 2,2 0.001 1 -1 2.0144 110 3,14 0.001 0 -1 1,14 0.001 1 1 2,13 0.001 -1 0 7.0076 140 13,1 0.001 1 -1 14,1 0.001 0 -1 13,2 0.001 0 -1 0.0081 65 13,14 0.001 1 1 14,13 0.001 0 1 14,15 0.001 -1 -1 4.0096 140 ::f,3,0 f,3,12 f,12,0 f,13,13 
34:2,3 0.001 1 -1 2,1 0.001 1 0 2,2 0.001 0 -1 2.0144 110 3,13 0.001 0 -1 1,14 0.001 1 0 1,13 0.001 -1 0 7.0096 140 13,1 0.001 1 -1 14,1 0.001 0 -1 13,2 0.001 0 -1 0.0081 65 13,14 0.001 1 1 14,14 0.001 0 1 14,15 0.001 -1 -1 4.0106 140 ::f,3,0 f,3,12 f,12,0 f,13,13 
35:3,2 0.001 1 -1 2,1 0.001 1 -1 2,2 0.001 0 -1 2.0154 110 3,13 0.001 0 -1 1,14 0.001 1 0 1,13 0.001 -1 0 7.0097 155 13,1 0.001 0 -1 14,1 0.001 -1 -1 13,2 0.001 -1 -1 0.0081 65 13,14 0.001 1 0 14,14 0.001 0 1 14,15 0.001 -1 0 4.0106 140 ::f,2,14 f,3,0 f,12,0 f,13,13 
36:3,2 0.001 1 -1 2,1 0.001 1 -1 2,2 0.001 0 -1 4.0155 125 3,13 0.001 -1 -1 1,14 0.001 1 0 1,13 0.001 -1 1 11.0098 170 13,1 0.001 0 -1 14,1 0.001 -1 -1 13,2 0.001 -1 -1 0.0081 65 13,14 0.001 1 0 14,14 0.001 1 1 14,15 0.001 -1 0 4.0106 140 ::f,0,14 f,3,1 f,12,0 f,13,13 
37:3,2 0.001 0 -1 2,1 0.001 0 -1 2,2 0.001 -1 -1 4.0155 125 2,12 0.001 -1 -1 1,14 0.001 1 -1 1,13 0.001 -1 1 13.0109 185 13,1 0.001 -1 -1 14,1 0.001 -1 0 13,2 0.001 -1 0 0.0081 65 13,14 0.001 1 0 14,14 0.001 1 1 14,15 0.001 -1 1 4.0106 140 ::f,1,15 f,3,1 f,12,0 f,13,13 
38:3,2 0.001 0 -1 2,1 0.001 0 -1 2,2 0.001 -1 -1 4.0155 125 2,12 0.001 -1 -1 1,14 0.001 1 -1 1,13 0.001 0 1 13.0109 185 13,1 0.001 -1 -1 14,1 0.001 -1 0 13,2 0.001 -1 0 1.0082 80 13,14 0.001 1 -1 14,14 0.001 1 0 14,15 0.001 -1 1 4.0106 140 ::f,1,15 f,3,1 f,12,1 f,13,13 
39:3,2 0.001 0 -1 2,1 0.001 -1 -1 2,2 0.001 -1 0 4.0156 140 2,12 0.001 -1 0 1,14 0.001 0 -1 1,13 0.001 0 1 13.0109 185 13,1 0.001 -1 0 14,1 0.001 -1 0 13,2 0.001 -1 1 1.0082 80 13,14 0.001 1 -1 14,14 0.001 1 0 14,15 0.001 0 1 4.0106 140 ::f,1,3 f,1,15 f,12,1 f,13,13 
40:3,2 0.001 -1 -1 2,1 0.001 -1 -1 2,2 0.001 -1 0 4.0156 140 1,12 0.001 -1 0 1,14 0.001 0 -1 1,13 0.001 0 1 13.0119 185 13,1 0.001 -1 0 14,1 0.001 -1 1 13,2 0.001 -1 1 3.0083 95 13,14 0.001 0 -1 14,14 0.001 1 -1 14,15 0.001 0 1 4.0106 140 ::f,1,3 f,1,15 f,13,13 f,15,1 
41:3,2 0.001 -1 -1 2,1 0.001 -1 0 2,2 0.001 -1 1 4.0156 140 1,12 0.001 -1 0 1,14 0.001 0 -1 1,13 0.001 1 1 13.0119 185 13,1 0.001 -1 1 14,1 0.001 0 1 13,2 0.001 0 1 3.0083 95 13,14 0.001 0 -1 14,14 0.001 1 -1 14,15 0.001 1 1 7.0107 155 ::f,1,3 f,1,15 f,14,13 f,15,1 
42:3,2 0.001 -1 0 1,1 0.001 -1 0 2,2 0.001 -1 1 6.0167 155 1,12 0.001 -1 1 1,14 0.001 -1 -1 1,13 0.001 1 1 13.0119 185 13,1 0.001 -1 1 14,1 0.001 0 1 13,2 0.001 0 1 3.0083 95 13,14 0.001 -1 -1 14,14 0.001 0 -1 14,15 0.001 1 1 7.0107 155 ::f,1,15 f,3,3 f,14,13 f,15,1 
43:3,2 0.001 -1 0 1,1 0.001 -1 0 2,2 0.001 0 1 6.0167 155 0,13 0.001 -1 1 1,14 0.001 -1 -1 1,13 0.001 1 0 13.0129 185 13,1 0.001 0 1 14,1 0.001 1 1 13,2 0.001 1 1 3.0083 95 13,14 0.001 -1 -1 14,14 0.001 0 -1 14,15 0.001 1 0 7.0107 155 ::f,1,15 f,3,3 f,14,13 f,15,1 
44:3,2 0.001 -1 1 1,1 0.001 -1 1 2,2 0.001 0 1 6.0167 155 0,13 0.001 -1 1 1,14 0.001 -1 0 1,13 0.001 1 0 13.0129 185 13,1 0.001 0 1 14,1 0.001 1 1 13,2 0.001 1 1 3.0083 95 13,14 0.001 -1 0 14,14 0.001 0 -1 14,15 0.001 1 0 8.0108 170 ::f,1,15 f,3,3 f,15,1 f,15,12 
45:3,2 0.001 -1 1 1,1 0.001 -1 1 2,2 0.001 1 1 6.0167 155 0,13 0.001 0 1 1,14 0.001 -1 0 1,13 0.001 1 -1 13.0129 185 13,1 0.001 0 1 14,1 0.001 1 0 13,2 0.001 1 0 3.0083 95 13,14 0.001 -1 0 14,14 0.001 -1 -1 14,15 0.001 1 -1 8.0108 170 ::f,1,15 f,3,3 f,15,1 f,15,12 
46:3,2 0.001 0 1 1,1 0.001 0 1 2,2 0.001 1 1 9.0168 170 0,14 0.001 0 1 1,14 0.001 -1 1 1,13 0.001 1 -1 13.0139 185 13,1 0.001 1 1 14,1 0.001 1 0 14,2 0.001 1 0 3.0094 110 13,14 0.001 -1 1 14,14 0.001 -1 -1 14,15 0.001 1 -1 8.0108 170 ::f,1,15 f,3,3 f,14,3 f,15,12 
47:3,2 0.001 0 1 1,2 0.001 0 1 2,2 0.001 1 0 10.0179 185 0,14 0.001 0 1 1,14 0.001 -1 1 1,13 0.001 0 -1 13.0139 185 13,1 0.001 1 1 14,1 0.001 1 -1 14,2 0.001 1 0 3.0094 110 13,14 0.001 -1 1 14,14 0.001 -1 0 14,15 0.001 0 -1 8.0108 170 ::f,1,15 f,2,1 f,14,3 f,15,12 
48:3,2 0.001 1 1 1,2 0.001 0 1 2,2 0.001 1 0 10.0179 185 0,14 0.001 1 1 1,14 0.001 0 1 1,13 0.001 0 -1 13.0139 185 13,1 0.001 1 0 14,1 0.001 1 -1 14,2 0.001 1 -1 3.0094 110 13,14 0.001 0 1 14,14 0.001 -1 0 14,15 0.001 0 -1 8.0108 170 ::f,1,15 f,2,1 f,14,3 f,15,12 
49:3,2 0.001 1 1 1,2 0.001 1 1 2,2 0.001 1 -1 10.0179 185 0,14 0.001 1 1 1,14 0.001 0 1 1,13 0.001 -1 -1 18.014 200 13,1 0.001 1 0 14,1 0.001 0 -1 14,2 0.001 1 -1 3.0094 110 13,14 0.001 0 1 14,14 0.001 -1 1 14,15 0.001 0 -1 8.0108 170 ::f,2,1 f,3,12 f,14,3 f,15,12 
50:3,2 0.001 1 0 1,2 0.001 1 1 2,2 0.001 1 -1 10.0179 185 0,14 0.001 1 1 1,14 0.001 1 1 1,13 0.001 -1 -1 18.014 200 13,1 0.001 1 -1 14,1 0.001 0 -1 14,2 0.001 0 -1 3.0094 110 13,14 0.001 1 1 14,14 0.001 -1 1 14,15 0.001 -1 -1 8.0108 170 ::f,2,1 f,3,12 f,14,3 f,15,12 
51:3,2 0.001 1 0 1,2 0.001 1 0 2,2 0.001 0 -1 10.0179 185 0,14 0.001 1 0 1,14 0.001 1 1 1,13 0.001 -1 0 18.014 200 13,1 0.001 1 -1 14,1 0.001 -1 -1 14,2 0.001 0 -1 3.0094 110 13,14 0.001 1 1 14,14 0.001 0 1 14,15 0.001 -1 -1 8.0108 170 ::f,2,1 f,3,12 f,14,3 f,15,12 
52:3,2 0.001 1 -1 1,2 0.001 1 0 2,2 0.001 0 -1 10.0179 185 0,14 0.001 1 0 1,14 0.001 1 0 1,13 0.001 -1 0 18.014 200 13,1 0.001 0 -1 14,1 0.001 -1 -1 14,2 0.001 0 -1 3.0094 110 13,14 0.001 1 0 14,14 0.001 0 1 14,15 0.001 -1 0 8.0108 170 ::f,2,1 f,3,12 f,14,3 f,15,12 
53:3,2 0.001 1 -1 1,2 0.001 1 0 2,2 0.001 0 -1 14.018 200 0,14 0.001 1 -1 2,14 0.001 1 0 1,13 0.001 -1 1 18.015 200 13,1 0.001 0 -1 14,1 0.001 -1 0 14,2 0.001 -1 -1 3.0094 110 13,14 0.001 1 0 14,14 0.001 1 1 14,15 0.001 -1 0 8.0108 170 ::f,1,0 f,3,12 f,14,3 f,15,12 
54:3,2 0.001 0 -1 1,2 0.001 1 -1 2,2 0.001 -1 -1 14.018 200 0,14 0.001 1 -1 2,14 0.001 1 0 1,13 0.001 -1 1 18.015 200 13,1 0.001 -1 -1 14,1 0.001 -1 0 14,2 0.001 -1 -1 3.0094 110 13,14 0.001 1 0 14,14 0.001 1 1 14,15 0.001 -1 1 8.0108 170 ::f,1,0 f,3,12 f,14,3 f,15,12 
55:3,1 0.001 0 -1 1,2 0.001 1 -1 2,2 0.001 -1 -1 14.019 200 0,14 0.001 0 -1 2,14 0.001 1 -1 1,13 0.001 0 1 18.015 200 13,1 0.001 -1 -1 14,1 0.001 -1 0 14,2 0.001 -1 0 3.0094 110 13,14 0.001 1 -1 14,14 0.001 1 0 14,15 0.001 -1 1 8.0108 170 ::f,1,0 f,3,12 f,14,3 f,15,12 
56:3,1 0.001 0 -1 1,2 0.001 0 -1 2,2 0.001 -1 0 14.019 200 0,14 0.001 0 -1 2,14 0.001 1 -1 1,14 0.001 0 1 18.016 200 13,1 0.001 -1 0 14,1 0.001 -1 1 14,2 0.001 -1 0 3.0094 110 14,13 0.001 1 -1 14,14 0.001 1 0 14,15 0.001 0 1 8.0118 170 ::f,1,0 f,3,12 f,14,3 f,15,12 
57:3,1 0.001 -1 -1 1,1 0.001 0 -1 2,2 0.001 -1 0 14.02 200 0,14 0.001 -1 -1 2,14 0.001 0 -1 1,14 0.001 0 1 18.016 200 13,1 0.001 -1 0 14,1 0.001 -1 1 14,2 0.001 -1 1 3.0094 110 14,13 0.001 1 -1 14,14 0.001 1 -1 14,15 0.001 0 1 12.0119 185 ::f,1,0 f,3,12 f,13,12 f,14,3 
58:2,0 0.001 -1 -1 1,1 0.001 0 -1 2,2 0.001 -1 1 17.0211 215 0,14 0.001 -1 -1 2,13 0.001 0 -1 1,14 0.001 1 1 18.017 200 13,1 0.001 -1 1 14,1 0.001 0 1 14,2 0.001 -1 1 3.0094 110 14,13 0.001 0 -1 14,14 0.001 1 -1 14,15 0.001 1 1 12.0119 185 ::f,0,0 f,3,12 f,13,12 f,14,3 
59:2,0 0.001 -1 -1 1,1 0.001 -1 -1 2,2 0.001 -1 1 17.0211 215 0,14 0.001 -1 0 2,13 0.001 0 -1 1,14 0.001 1 1 18.017 200 13,1 0.001 -1 1 14,1 0.001 0 1 14,2 0.001 0 1 3.0094 110 14,13 0.001 0 -1 14,14 0.001 0 -1 14,15 0.001 1 1 12.0119 185 ::f,0,0 f,3,12 f,13,12 f,14,3 
60:2,0 0.001 -1 0 1,1 0.001 -1 -1 2,2 0.001 0 1 21.0212 230 0,14 0.001 -1 0 2,13 0.001 -1 -1 1,14 0.001 1 0 18.017 200 13,1 0.001 0 1 14,1 0.001 0 1 14,2 0.001 0 1 3.0095 125 14,13 0.001 -1 -1 14,14 0.001 0 -1 14,15 0.001 1 0 12.0119 185 ::f,2,3 f,3,12 f,13,12 f,15,0 
61:1,0 0.001 -1 0 1,1 0.001 -1 0 2,2 0.001 0 1 26.0223 245 0,14 0.001 -1 1 2,13 0.001 -1 -1 2,14 0.001 1 0 18.018 200 13,2 0.001 0 1 14,1 0.001 1 1 14,2 0.001 1 1 3.0105 125 14,13 0.001 -1 -1 14,14 0.001 0 -1 14,15 0.001 1 0 17.012 200 ::f,1,2 f,3,12 f,12,14 f,15,0 
62:1,0 0.001 -1 0 1,1 0.001 -1 0 2,2 0.001 1 1 26.0223 245 0,14 0.001 -1 1 2,13 0.001 -1 0 2,14 0.001 1 0 18.018 200 13,2 0.001 0 1 14,1 0.001 1 0 14,2 0.001 1 1 3.0105 125 14,13 0.001 -1 0 14,14 0.001 -1 -1 14,15 0.001 1 -1 17.012 200 ::f,1,2 f,3,12 f,12,14 f,15,0 
63:1,0 0.001 -1 1 1,1 0.001 -1 1 2,2 0.001 1 1 26.0223 245 0,14 0.001 0 1 1,13 0.001 -1 0 2,14 0.001 1 -1 18.019 200 13,2 0.001 1 1 14,1 0.001 1 -1 14,2 0.001 1 0 3.0105 125 13,13 0.001 -1 0 14,14 0.001 -1 -1 14,15 0.001 1 -1 17.013 200 ::f,1,2 f,3,12 f,12,14 f,15,0 
64:0,1 0.001 -1 1 1,1 0.001 -1 1 2,2 0.001 1 0 26.0233 245 0,14 0.001 0 1 1,13 0.001 -1 0 2,14 0.001 1 -1 18.019 200 13,2 0.001 1 1 14,1 0.001 1 -1 14,2 0.001 1 0 4.0106 140 13,13 0.001 -1 0 14,14 0.001 -1 0 14,15 0.001 0 -1 17.013 200 ::f,1,2 f,3,12 f,12,14 f,15,1 
65:0,1 0.001 -1 1 1,1 0.001 0 1 2,2 0.001 1 0 26.0233 245 0,14 0.001 1 1 1,13 0.001 -1 1 2,14 0.001 0 -1 18.019 200 13,2 0.001 1 0 14,1 0.001 0 -1 14,2 0.001 1 -1 4.0106 140 13,13 0.001 -1 1 13,14 0.001 -1 0 14,14 0.001 0 -1 17.015 200 ::f,1,2 f,3,12 f,12,14 f,15,1 
66:0,1 0.001 0 1 1,1 0.001 0 1 2,2 0.001 1 -1 26.0233 245 1,15 0.001 1 1 1,13 0.001 -1 1 2,13 0.001 0 -1 18.021 200 13,2 0.001 1 0 14,1 0.001 0 -1 14,2 0.001 1 -1 5.0107 155 13,13 0.001 -1 1 13,14 0.001 -1 0 14,13 0.001 0 -1 23.0161 215 ::f,1,2 f,3,12 f,12,2 f,14,12 
67:0,2 0.001 0 1 1,1 0.001 0 1 2,2 0.001 1 -1 31.0244 260 1,15 0.001 1 1 1,13 0.001 0 1 2,13 0.001 0 -1 18.021 200 13,2 0.001 1 0 14,1 0.001 -1 -1 14,2 0.001 0 -1 5.0107 155 13,13 0.001 0 1 13,14 0.001 -1 1 14,13 0.001 0 -1 25.0162 230 ::f,1,3 f,3,12 f,12,2 f,13,12 
68:0,2 0.001 0 1 1,2 0.001 0 1 2,2 0.001 0 -1 31.0254 260 1,15 0.001 1 0 1,14 0.001 0 1 2,13 0.001 -1 -1 18.022 200 13,2 0.001 1 -1 14,1 0.001 -1 -1 14,2 0.001 0 -1 5.0107 155 13,13 0.001 0 1 13,14 0.001 -1 1 14,13 0.001 -1 -1 25.0162 230 ::f,1,3 f,3,12 f,12,2 f,13,12 
69:0,2 0.001 1 1 1,2 0.001 0 1 2,1 0.001 0 -1 37.0265 275 2,15 0.001 1 0 1,14 0.001 0 1 2,13 0.001 -1 -1 18.023 200 13,2 0.001 1 -1 14,1 0.001 -1 0 14,2 0.001 0 -1 5.0107 155 13,13 0.001 0 1 13,14 0.001 0 1 14,13 0.001 -1 -1 28.0163 245 ::f,3,1 f,3,12 f,12,2 f,13,12 
70:1,3 0.001 1 1 1,2 0.001 1 1 2,1 0.001 0 -1 37.0275 275 2,15 0.001 1 0 1,14 0.001 1 1 2,13 0.001 -1 0 18.023 200 13,2 0.001 0 -1 13,1 0.001 -1 0 14,2 0.001 -1 -1 5.0117 155 13,13 0.001 1 1 13,14 0.001 0 1 14,13 0.001 -1 0 28.0163 245 ::f,3,1 f,3,12 f,12,2 f,13,12 
71:1,3 0.001 1 1 1,2 0.001 1 1 2,1 0.001 -1 -1 37.0275 275 2,15 0.001 1 -1 1,14 0.001 1 1 1,13 0.001 -1 0 18.024 200 13,2 0.001 0 -1 13,1 0.001 -1 0 14,2 0.001 -1 -1 5.0117 155 13,13 0.001 1 1 13,14 0.001 1 1 14,13 0.001 -1 0 28.0163 245 ::f,3,1 f,3,12 f,12,2 f,13,12 
72:1,3 0.001 1 0 1,2 0.001 1 0 2,1 0.001 -1 -1 37.0275 275 3,14 0.001 1 -1 1,14 0.001 1 0 1,13 0.001 -1 0 18.025 200 13,2 0.001 -1 -1 13,1 0.001 -1 1 14,2 0.001 -1 0 5.0117 155 13,13 0.001 1 0 13,14 0.001 1 1 14,13 0.001 -1 0 28.0163 245 ::f,3,1 f,3,12 f,12,2 f,13,12 
73:2,3 0.001 1 0 2,2 0.001 1 0 2,1 0.001 -1 0 37.0295 275 3,14 0.001 1 -1 2,14 0.001 1 0 1,13 0.001 -1 1 18.026 200 13,2 0.001 -1 -1 13,1 0.001 -1 1 14,2 0.001 -1 0 7.0118 170 13,13 0.001 1 0 13,14 0.001 1 0 14,13 0.001 -1 1 28.0163 245 ::f,3,1 f,3,12 f,12,0 f,13,12 
74:2,3 0.001 1 0 2,2 0.001 1 0 1,1 0.001 -1 0 37.0305 275 3,14 0.001 0 -1 2,14 0.001 1 0 1,13 0.001 -1 1 18.026 200 13,2 0.001 -1 0 13,1 0.001 0 1 14,2 0.001 -1 1 7.0118 170 13,13 0.001 1 -1 14,14 0.001 1 0 14,13 0.001 -1 1 28.0173 245 ::f,3,1 f,3,12 f,12,0 f,13,12 
75:2,3 0.001 1 -1 2,2 0.001 1 -1 1,1 0.001 -1 0 37.0305 275 3,13 0.001 0 -1 2,14 0.001 1 -1 1,13 0.001 0 1 18.027 200 13,2 0.001 -1 0 13,1 0.001 0 1 14,2 0.001 -1 1 7.0118 170 13,13 0.001 1 -1 14,14 0.001 1 0 14,13 0.001 0 1 28.0173 245 ::f,3,1 f,3,12 f,12,0 f,13,12 
76:3,2 0.001 1 -1 2,2 0.001 1 -1 1,1 0.001 -1 1 44.0316 290 3,13 0.001 0 -1 2,14 0.001 1 -1 1,14 0.001 0 1 19.0281 215 13,2 0.001 -1 1 13,1 0.001 0 1 14,2 0.001 0 1 7.0118 170 13,13 0.001 0 -1 14,14 0.001 1 -1 14,13 0.001 0 1 28.0173 245 ::f,0,14 f,1,0 f,12,0 f,13,12 
77:3,2 0.001 1 -1 2,2 0.001 0 -1 1,1 0.001 -1 1 44.0316 290 3,13 0.001 -1 -1 2,14 0.001 0 -1 1,14 0.001 0 1 19.0281 215 13,2 0.001 -1 1 13,1 0.001 1 1 14,2 0.001 0 1 7.0118 170 13,13 0.001 0 -1 14,14 0.001 1 -1 14,13 0.001 1 1 35.0174 260 ::f,0,14 f,1,0 f,12,0 f,12,15 
78:3,2 0.001 0 -1 2,1 0.001 0 -1 1,1 0.001 0 1 44.0326 290 2,12 0.001 -1 -1 2,13 0.001 0 -1 1,14 0.001 1 1 19.0301 215 13,2 0.001 0 1 13,1 0.001 1 1 14,2 0.001 1 1 7.0118 170 13,13 0.001 -1 -1 14,14 0.001 0 -1 14,13 0.001 1 1 35.0174 260 ::f,0,14 f,1,0 f,12,0 f,12,15 
79:3,1 0.001 0 -1 2,1 0.001 0 -1 1,2 0.001 0 1 44.0346 290 2,12 0.001 -1 -1 2,13 0.001 0 -1 1,14 0.001 1 1 19.0301 215 13,2 0.001 0 1 13,1 0.001 1 0 14,2 0.001 1 1 7.0118 170 13,13 0.001 -1 -1 14,14 0.001 0 -1 14,13 0.001 1 0 35.0174 260 ::f,0,14 f,1,0 f,12,0 f,12,15 
80:3,1 0.001 0 -1 2,1 0.001 -1 -1 1,2 0.001 0 1 44.0346 290 2,12 0.001 -1 0 2,13 0.001 -1 -1 1,14 0.001 1 0 19.0301 215 13,2 0.001 1 1 13,1 0.001 1 0 14,2 0.001 1 0 7.0118 170 13,13 0.001 -1 0 14,14 0.001 0 -1 14,13 0.001 1 0 35.0174 260 ::f,0,14 f,1,0 f,12,0 f,12,15 
81:3,1 0.001 -1 -1 2,1 0.001 -1 -1 1,2 0.001 1 1 52.0347 305 1,12 0.001 -1 0 2,13 0.001 -1 -1 2,14 0.001 1 0 19.0321 215 13,2 0.001 1 1 13,1 0.001 1 -1 14,2 0.001 1 0 7.0118 170 13,13 0.001 -1 0 14,14 0.001 -1 -1 14,13 0.001 1 -1 35.0174 260 ::f,0,14 f,3,0 f,12,0 f,12,15 
82:2,0 0.001 -1 -1 2,1 0.001 -1 0 1,2 0.001 1 1 52.0357 305 1,12 0.001 -1 0 2,13 0.001 -1 0 2,14 0.001 1 0 19.0321 215 13,2 0.001 1 0 13,1 0.001 1 -1 14,2 0.001 1 -1 7.0118 170 13,13 0.001 -1 1 14,14 0.001 -1 -1 14,13 0.001 1 -1 35.0174 260 ::f,0,14 f,3,0 f,12,0 f,12,15 
83:2,0 0.001 -1 -1 1,1 0.001 -1 0 1,2 0.001 1 0 52.0367 305 1,12 0.001 -1 1 1,13 0.001 -1 0 2,14 0.001 1 -1 19.0331 215 13,2 0.001 1 0 13,1 0.001 0 -1 14,2 0.001 1 -1 7.0118 170 13,13 0.001 -1 1 14,14 0.001 -1 0 14,13 0.001 0 -1 35.0174 260 ::f,0,14 f,3,0 f,12,0 f,12,15 
84:2,0 0.001 -1 0 1,1 0.001 -1 0 2,2 0.001 1 0 52.0377 305 0,13 0.001 -1 1 1,13 0.001 -1 0 2,14 0.001 1 -1 19.0341 215 13,2 0.001 1 0 13,1 0.001 0 -1 14,2 0.001 0 -1 7.0118 170 13,13 0.001 0 1 14,14 0.001 -1 0 14,13 0.001 0 -1 35.0174 260 ::f,0,14 f,3,0 f,12,0 f,12,15 
85:1,0 0.001 -1 0 1,1 0.001 -1 1 2,2 0.001 1 0 52.0387 305 0,13 0.001 -1 1 1,13 0.001 -1 1 2,14 0.001 0 -1 19.0341 215 13,2 0.001 1 -1 13,1 0.001 -1 -1 14,1 0.001 0 -1 7.0128 170 13,14 0.001 0 1 14,14 0.001 -1 1 14,13 0.001 -1 -1 35.0184 260 ::f,0,14 f,3,0 f,12,0 f,12,15 
86:1,0 0.001 -1 0 1,1 0.001 -1 1 2,2 0.001 1 -1 52.0387 305 0,13 0.001 0 1 1,13 0.001 -1 1 2,13 0.001 0 -1 25.0352 230 13,2 0.001 1 -1 13,1 0.001 -1 -1 14,1 0.001 0 -1 10.0129 185 13,14 0.001 0 1 14,14 0.001 -1 1 14,13 0.001 -1 -1 35.0184 260 ::f,3,0 f,3,12 f,12,15 f,14,3 
87:1,0 0.001 -1 1 1,1 0.001 0 1 2,2 0.001 1 -1 52.0387 305 0,14 0.001 0 1 1,13 0.001 0 1 2,13 0.001 0 -1 25.0362 230 13,2 0.001 0 -1 13,1 0.001 -1 0 14,1 0.001 -1 -1 10.0129 185 13,14 0.001 1 1 14,14 0.001 0 1 14,13 0.001 -1 0 35.0184 260 ::f,3,0 f,3,12 f,12,15 f,14,3 
88:0,1 0.001 -1 1 1,2 0.001 0 1 2,2 0.001 0 -1 52.0407 305 0,14 0.001 0 1 1,14 0.001 0 1 2,13 0.001 -1 -1 25.0372 230 13,2 0.001 0 -1 13,1 0.001 -1 0 14,1 0.001 -1 -1 10.0129 185 13,14 0.001 1 1 14,14 0.001 0 1 13,13 0.001 -1 0 35.0194 260 ::f,3,0 f,3,12 f,12,15 f,14,3 
89:0,1 0.001 -1 1 1,2 0.001 0 1 2,1 0.001 0 -1 52.0417 305 0,14 0.001 1 1 1,14 0.001 0 1 2,13 0.001 -1 -1 25.0372 230 13,2 0.001 -1 -1 13,1 0.001 -1 1 14,1 0.001 -1 0 10.0129 185 13,14 0.001 1 0 14,14 0.001 1 1 13,13 0.001 -1 0 35.0194 260 ::f,3,0 f,3,12 f,12,15 f,14,3 
90:0,1 0.001 0 1 1,2 0.001 1 1 2,1 0.001 0 -1 52.0417 305 1,15 0.001 1 1 1,14 0.001 1 1 2,13 0.001 -1 0 25.0382 230 13,2 0.001 -1 -1 13,1 0.001 -1 1 14,1 0.001 -1 0 10.0129 185 13,14 0.001 1 0 14,14 0.001 1 1 13,13 0.001 -1 1 35.0194 260 ::f,3,0 f,3,12 f,12,15 f,14,3 
91:0,2 0.001 0 1 1,2 0.001 1 1 2,1 0.001 -1 -1 52.0427 305 1,15 0.001 1 1 1,14 0.001 1 1 1,13 0.001 -1 0 25.0392 230 13,2 0.001 -1 0 13,1 0.001 0 1 14,1 0.001 -1 0 10.0129 185 13,14 0.001 1 0 14,14 0.001 1 0 13,13 0.001 -1 1 35.0194 260 ::f,3,0 f,3,12 f,12,15 f,14,3 
92:0,2 0.001 0 1 1,2 0.001 1 0 2,1 0.001 -1 -1 52.0427 305 1,15 0.001 1 0 1,14 0.001 1 0 1,13 0.001 -1 0 25.0392 230 13,2 0.001 -1 0 13,1 0.001 0 1 14,1 0.001 -1 1 10.0129 185 13,14 0.001 1 -1 14,14 0.001 1 0 13,13 0.001 0 1 35.0194 260 ::f,3,0 f,3,12 f,12,15 f,14,3 
93:0,2 0.001 1 1 2,2 0.001 1 0 2,1 0.001 -1 0 52.0437 305 2,15 0.001 1 0 2,14 0.001 1 0 1,13 0.001 -1 1 25.0412 230 13,2 0.001 -1 1 13,1 0.001 0 1 14,1 0.001 -1 1 10.0129 185 13,14 0.001 1 -1 14,14 0.001 1 -1 13,13 0.001 0 1 35.0194 260 ::f,3,0 f,3,12 f,12,15 f,14,3 
94:1,3 0.001 1 1 2,2 0.001 1 0 1,1 0.001 -1 0 52.0457 305 2,15 0.001 1 0 2,14 0.001 1 0 1,13 0.001 -1 1 25.0412 230 13,2 0.001 -1 1 13,1 0.001 1 1 14,1 0.001 0 1 10.0129 185 13,14 0.001 0 -1 14,14 0.001 1 -1 13,13 0.001 0 1 35.0194 260 ::f,3,0 f,3,12 f,12,15 f,14,3 
95:1,3 0.001 1 1 2,2 0.001 1 -1 1,1 0.001 -1 0 52.0457 305 2,15 0.001 1 -1 2,14 0.001 1 -1 1,13 0.001 0 1 25.0412 230 13,2 0.001 0 1 13,1 0.001 1 1 14,2 0.001 0 1 10.0139 185 13,14 0.001 0 -1 14,14 0.001 0 -1 13,13 0.001 1 1 35.0194 260 ::f,3,0 f,3,12 f,12,15 f,14,3 
96:1,3 0.001 1 0 2,2 0.001 1 -1 1,1 0.001 -1 1 52.0457 305 3,14 0.001 1 -1 2,14 0.001 1 -1 1,14 0.001 0 1 25.0432 230 13,2 0.001 0 1 13,1 0.001 1 0 14,2 0.001 0 1 12.014 200 13,14 0.001 -1 -1 14,13 0.001 0 -1 13,13 0.001 1 1 35.0204 260 ::f,3,0 f,3,12 f,12,15 f,15,2 
97:2,3 0.001 1 0 2,2 0.001 0 -1 1,1 0.001 -1 1 52.0467 305 3,14 0.001 1 -1 2,14 0.001 0 -1 1,14 0.001 0 1 25.0432 230 13,2 0.001 1 1 13,1 0.001 1 0 14,2 0.001 1 1 12.014 200 13,14 0.001 -1 -1 14,13 0.001 0 -1 13,13 0.001 1 0 35.0204 260 ::f,3,0 f,3,12 f,12,15 f,15,2 
98:2,3 0.001 1 0 2,1 0.001 0 -1 1,1 0.001 0 1 52.0477 305 3,14 0.001 0 -1 2,13 0.001 0 -1 1,14 0.001 1 1 25.0442 230 13,2 0.001 1 1 13,1 0.001 1 -1 14,2 0.001 1 1 12.014 200 13,14 0.001 -1 0 14,13 0.001 -1 -1 13,13 0.001 1 0 35.0204 260 ::f,3,0 f,3,12 f,12,15 f,15,2 
99:2,3 0.001 1 -1 2,1 0.001 0 -1 1,2 0.001 0 1 52.0487 305 3,13 0.001 0 -1 2,13 0.001 0 -1 1,14 0.001 1 1 25.0452 230 13,2 0.001 1 0 13,1 0.001 1 -1 14,2 0.001 1 0 12.014 200 13,14 0.001 -1 0 14,13 0.001 -1 -1 13,13 0.001 1 -1 35.0204 260 ::f,3,0 f,3,12 f,12,15 f,15,2 
100:3,2 0.001 1 -1 2,1 0.001 -1 -1 1,2 0.001 0 1 52.0497 305 3,13 0.001 0 -1 2,13 0.001 -1 -1 1,14 0.001 1 0 27.0453 245 13,2 0.001 1 0 13,1 0.001 0 -1 14,2 0.001 1 0 15.0141 215 13,14 0.001 -1 1 14,13 0.001 -1 0 13,13 0.001 1 -1 35.0204 260 ::f,2,14 f,3,0 f,12,15 f,14,1 
101:3,2 0.001 1 -1 2,1 0.001 -1 -1 1,2 0.001 1 1 52.0497 305 3,13 0.001 -1 -1 2,13 0.001 -1 -1 1,14 0.001 1 0 27.0453 245 13,2 0.001 1 0 13,1 0.001 0 -1 14,2 0.001 1 -1 15.0141 215 13,14 0.001 -1 1 14,13 0.001 -1 0 13,13 0.001 0 -1 43.0205 275 ::f,2,14 f,3,0 f,14,1 f,15,12 
102:3,2 0.001 0 -1 2,1 0.001 -1 0 1,2 0.001 1 1 52.0497 305 2,12 0.001 -1 -1 2,13 0.001 -1 0 1,14 0.001 1 0 30.0464 260 13,2 0.001 1 -1 13,1 0.001 -1 -1 14,2 0.001 1 -1 15.0141 215 13,14 0.001 0 1 14,13 0.001 -1 0 13,13 0.001 0 -1 43.0205 275 ::f,0,15 f,3,0 f,14,1 f,15,12 
103:3,1 0.001 0 -1 1,1 0.001 -1 0 1,2 0.001 1 0 52.0517 305 2,12 0.001 -1 -1 1,13 0.001 -1 0 1,14 0.001 1 -1 30.0474 260 13,2 0.001 1 -1 13,1 0.001 -1 -1 14,2 0.001 0 -1 18.0142 230 13,14 0.001 0 1 14,13 0.001 -1 1 13,13 0.001 -1 -1 43.0205 275 ::f,0,15 f,3,0 f,12,3 f,15,12 
104:3,1 0.001 0 -1 1,1 0.001 -1 0 2,2 0.001 1 0 54.0528 320 2,12 0.001 -1 0 1,13 0.001 -1 0 1,14 0.001 1 -1 30.0474 260 13,2 0.001 0 -1 13,1 0.001 -1 0 14,1 0.001 0 -1 18.0152 230 13,14 0.001 1 1 14,13 0.001 -1 1 13,13 0.001 -1 -1 43.0205 275 ::f,0,15 f,3,2 f,12,3 f,15,12 
105:3,1 0.001 -1 -1 1,1 0.001 -1 1 2,2 0.001 1 0 60.0529 335 1,12 0.001 -1 0 1,13 0.001 -1 1 1,14 0.001 0 -1 30.0484 260 13,2 0.001 0 -1 13,1 0.001 -1 0 14,1 0.001 0 -1 18.0152 230 13,14 0.001 1 1 14,13 0.001 0 1 13,13 0.001 -1 0 43.0205 275 ::f,0,15 f,2,1 f,12,3 f,15,12 
106:2,0 0.001 -1 -1 1,1 0.001 -1 1 2,2 0.001 1 -1 60.0539 335 1,12 0.001 -1 0 1,13 0.001 -1 1 1,14 0.001 0 -1 30.0484 260 13,2 0.001 -1 -1 13,1 0.001 -1 1 14,1 0.001 -1 -1 18.0152 230 13,14 0.001 1 0 14,13 0.001 0 1 13,13 0.001 -1 0 43.0205 275 ::f,0,15 f,2,1 f,12,3 f,15,12 
107:2,0 0.001 -1 -1 1,1 0.001 0 1 2,2 0.001 1 -1 60.0539 335 1,12 0.001 -1 1 1,13 0.001 0 1 1,14 0.001 0 -1 30.0484 260 13,2 0.001 -1 -1 13,1 0.001 -1 1 14,1 0.001 -1 -1 18.0152 230 14,14 0.001 1 0 14,13 0.001 1 1 13,13 0.001 -1 1 43.0215 275 ::f,0,15 f,2,1 f,12,3 f,15,12 
108:2,0 0.001 -1 0 1,2 0.001 0 1 2,2 0.001 0 -1 60.0549 335 0,13 0.001 -1 1 1,13 0.001 0 1 1,14 0.001 -1 -1 30.0494 260 13,2 0.001 -1 0 13,1 0.001 0 1 14,1 0.001 -1 0 18.0152 230 14,14 0.001 1 0 14,13 0.001 1 1 13,13 0.001 -1 1 43.0215 275 ::f,0,15 f,2,1 f,12,3 f,15,12 
109:1,0 0.001 -1 0 1,2 0.001 0 1 2,2 0.001 0 -1 60.0559 335 0,13 0.001 -1 1 1,13 0.001 0 1 1,14 0.001 -1 0 30.0494 260 13,2 0.001 -1 0 13,1 0.001 0 1 14,1 0.001 -1 0 18.0152 230 14,14 0.001 1 -1 14,13 0.001 1 0 13,13 0.001 0 1 43.0215 275 ::f,0,15 f,2,1 f,12,3 f,15,12 
110:1,0 0.001 -1 0 1,2 0.001 1 1 2,2 0.001 0 -1 67.056 350 0,13 0.001 0 1 1,13 0.001 1 1 1,14 0.001 -1 1 30.0494 260 13,2 0.001 -1 1 13,1 0.001 0 1 14,1 0.001 -1 0 18.0152 230 14,14 0.001 1 -1 14,13 0.001 1 0 13,14 0.001 0 1 43.0225 275 ::f,0,15 f,2,0 f,12,3 f,15,12 
111:1,0 0.001 -1 1 1,2 0.001 1 1 2,1 0.001 0 -1 67.057 350 0,14 0.001 0 1 1,13 0.001 1 1 1,14 0.001 -1 1 34.0505 275 13,2 0.001 -1 1 13,1 0.001 1 1 14,1 0.001 -1 1 22.0153 245 14,14 0.001 0 -1 14,13 0.001 1 -1 13,14 0.001 0 1 43.0225 275 ::f,2,0 f,3,13 f,14,0 f,15,12 
112:0,1 0.001 -1 1 1,2 0.001 1 0 2,1 0.001 0 -1 75.0581 365 0,14 0.001 0 1 1,13 0.001 1 0 1,14 0.001 0 1 34.0505 275 13,2 0.001 0 1 13,1 0.001 1 1 14,1 0.001 -1 1 22.0153 245 14,14 0.001 0 -1 14,13 0.001 1 -1 13,14 0.001 1 1 45.0226 290 ::f,3,0 f,3,13 f,14,0 f,15,13 
113:0,1 0.001 -1 1 2,2 0.001 1 0 2,1 0.001 -1 -1 75.0591 365 0,14 0.001 1 1 2,13 0.001 1 0 1,14 0.001 0 1 34.0515 275 13,2 0.001 0 1 13,1 0.001 1 0 14,1 0.001 0 1 22.0153 245 14,14 0.001 0 -1 14,13 0.001 0 -1 13,14 0.001 1 1 45.0226 290 ::f,3,0 f,3,13 f,14,0 f,15,13 
114:0,1 0.001 0 1 2,2 0.001 1 0 2,1 0.001 -1 -1 75.0591 365 1,15 0.001 1 1 2,13 0.001 1 0 1,14 0.001 1 1 41.0526 290 13,2 0.001 1 1 13,1 0.001 1 0 14,1 0.001 0 1 22.0153 245 14,14 0.001 -1 -1 14,13 0.001 0 -1 13,14 0.001 1 0 45.0226 290 ::f,2,12 f,3,0 f,14,0 f,15,13 
115:0,2 0.001 0 1 2,2 0.001 1 -1 2,1 0.001 -1 0 75.0601 365 1,15 0.001 1 1 2,13 0.001 1 -1 1,14 0.001 1 1 41.0526 290 13,2 0.001 1 1 13,1 0.001 1 -1 14,1 0.001 1 1 22.0153 245 14,14 0.001 -1 -1 14,13 0.001 -1 -1 13,14 0.001 1 0 45.0226 290 ::f,2,12 f,3,0 f,14,0 f,15,13 
116:0,2 0.001 0 1 2,2 0.001 1 -1 1,1 0.001 -1 0 75.0611 365 1,15 0.001 1 0 2,13 0.001 1 -1 1,14 0.001 1 0 41.0526 290 13,2 0.001 1 0 13,1 0.001 1 -1 14,1 0.001 1 1 26.0154 260 14,14 0.001 -1 0 14,13 0.001 -1 -1 13,14 0.001 1 0 45.0226 290 ::f,2,12 f,3,0 f,12,3 f,15,13 
117:0,2 0.001 1 1 2,2 0.001 0 -1 1,1 0.001 -1 0 75.0611 365 2,15 0.001 1 0 2,13 0.001 0 -1 2,14 0.001 1 0 41.0546 290 14,2 0.001 1 0 13,1 0.001 0 -1 14,1 0.001 1 0 26.0164 260 14,14 0.001 -1 0 14,13 0.001 -1 0 13,14 0.001 1 -1 45.0226 290 ::f,2,12 f,3,0 f,12,3 f,15,13 
118:1,3 0.001 1 1 2,1 0.001 0 -1 1,1 0.001 -1 1 75.0631 365 2,15 0.001 1 0 2,13 0.001 0 -1 2,14 0.001 1 0 49.0547 305 14,2 0.001 1 0 13,1 0.001 0 -1 14,1 0.001 1 0 26.0164 260 14,14 0.001 -1 1 13,13 0.001 -1 0 13,14 0.001 1 -1 45.0236 290 ::f,0,15 f,3,0 f,12,3 f,15,13 
119:1,3 0.001 1 1 2,1 0.001 0 -1 1,1 0.001 -1 1 75.0631 365 2,15 0.001 1 -1 2,13 0.001 -1 -1 2,14 0.001 1 -1 49.0547 305 14,2 0.001 1 -1 13,1 0.001 -1 -1 14,1 0.001 1 -1 26.0164 260 14,14 0.001 -1 1 13,13 0.001 -1 0 13,14 0.001 0 -1 45.0236 290 ::f,0,15 f,3,0 f,12,3 f,15,13 
120:1,3 0.001 1 0 2,1 0.001 -1 -1 1,1 0.001 0 1 75.0631 365 3,14 0.001 1 -1 2,13 0.001 -1 -1 2,14 0.001 1 -1 49.0557 305 14,2 0.001 1 -1 13,1 0.001 -1 -1 14,1 0.001 1 -1 26.0164 260 14,14 0.001 0 1 13,13 0.001 -1 1 13,14 0.001 0 -1 45.0236 290 ::f,0,15 f,3,0 f,12,3 f,15,13 
121:2,3 0.001 1 0 2,1 0.001 -1 -1 1,2 0.001 0 1 75.0651 365 3,14 0.001 1 -1 2,13 0.001 -1 0 2,14 0.001 0 -1 49.0557 305 14,2 0.001 0 -1 13,1 0.001 -1 0 14,1 0.001 0 -1 26.0164 260 14,14 0.001 0 1 13,13 0.001 -1 1 13,14 0.001 -1 -1 45.0236 290 ::f,0,15 f,3,0 f,12,3 f,15,13 
122:2,3 0.001 1 0 2,1 0.001 -1 0 1,2 0.001 0 1 75.0651 365 3,14 0.001 0 -1 1,13 0.001 -1 0 2,13 0.001 0 -1 49.0577 305 14,2 0.001 0 -1 13,1 0.001 -1 0 14,1 0.001 0 -1 26.0164 260 14,14 0.001 1 1 13,13 0.001 0 1 13,14 0.001 -1 -1 45.0236 290 ::f,0,15 f,3,0 f,12,3 f,15,13 
123:2,3 0.001 1 -1 1,1 0.001 -1 0 1,2 0.001 1 1 75.0661 365 3,13 0.001 0 -1 1,13 0.001 -1 0 2,13 0.001 0 -1 49.0587 305 14,2 0.001 0 -1 13,1 0.001 -1 1 14,1 0.001 -1 -1 26.0164 260 14,14 0.001 1 1 13,13 0.001 0 1 13,14 0.001 -1 0 45.0236 290 ::f,0,15 f,3,0 f,12,3 f,15,13 
124:3,2 0.001 1 -1 1,1 0.001 -1 0 1,2 0.001 1 1 75.0671 365 3,13 0.001 0 -1 1,13 0.001 -1 1 2,13 0.001 -1 -1 49.0587 305 14,2 0.001 -1 -1 13,1 0.001 -1 1 14,1 0.001 -1 -1 26.0164 260 14,14 0.001 1 0 13,13 0.001 0 1 13,14 0.001 -1 0 45.0236 290 ::f,0,15 f,3,0 f,12,3 f,15,13 
125:3,2 0.001 1 -1 1,1 0.001 -1 1 1,2 0.001 1 0 75.0671 365 3,13 0.001 -1 -1 1,13 0.001 -1 1 2,13 0.001 -1 -1 49.0587 305 14,2 0.001 -1 -1 13,1 0.001 0 1 14,1 0.001 -1 0 26.0164 260 14,14 0.001 1 0 13,13 0.001 1 1 13,14 0.001 -1 1 45.0236 290 ::f,0,15 f,3,0 f,12,3 f,15,13 
126:3,2 0.001 0 -1 1,1 0.001 -1 1 2,2 0.001 1 0 75.0681 365 2,12 0.001 -1 -1 1,13 0.001 0 1 2,13 0.001 -1 0 49.0597 305 14,2 0.001 -1 0 13,2 0.001 0 1 13,1 0.001 -1 0 26.0184 260 14,14 0.001 1 -1 13,13 0.001 1 1 13,14 0.001 -1 1 45.0236 290 ::f,0,15 f,3,0 f,12,3 f,15,13 
127:3,1 0.001 0 -1 1,1 0.001 0 1 2,2 0.001 1 0 75.0691 365 2,12 0.001 -1 -1 1,14 0.001 0 1 1,13 0.001 -1 0 49.0617 305 14,2 0.001 -1 0 13,2 0.001 0 1 13,1 0.001 -1 0 26.0184 260 14,14 0.001 1 -1 13,13 0.001 1 0 13,14 0.001 0 1 54.0237 305 ::f,0,15 f,3,0 f,12,3 f,15,14 
128:3,1 0.001 0 -1 1,1 0.001 0 1 2,2 0.001 1 -1 78.0692 380 2,12 0.001 -1 0 1,14 0.001 0 1 1,13 0.001 -1 0 49.0617 305 14,2 0.001 -1 1 13,2 0.001 1 1 13,1 0.001 -1 1 26.0184 260 14,14 0.001 0 -1 13,13 0.001 1 0 13,14 0.001 0 1 54.0237 305 ::f,0,15 f,1,2 f,12,3 f,15,14 
129:3,1 0.001 -1 -1 1,1 0.001 0 1 2,2 0.001 1 -1 87.0693 395 1,12 0.001 -1 0 1,14 0.001 1 1 1,13 0.001 -1 1 49.0627 305 14,2 0.001 -1 1 13,2 0.001 1 1 13,1 0.001 -1 1 26.0184 260 14,13 0.001 0 -1 13,13 0.001 1 -1 13,14 0.001 1 1 54.0247 305 ::f,0,15 f,1,0 f,12,3 f,15,14 
130:2,0 0.001 -1 -1 1,1 0.001 1 1 2,2 0.001 0 -1 87.0703 395 1,12 0.001 -1 0 1,14 0.001 1 1 1,13 0.001 -1 1 49.0627 305 14,2 0.001 0 1 13,2 0.001 1 0 13,1 0.001 0 1 26.0184 260 14,13 0.001 0 -1 13,13 0.001 1 -1 13,14 0.001 1 1 54.0247 305 ::f,0,15 f,1,0 f,12,3 f,15,14 
131:2,0 0.001 -1 -1 1,1 0.001 1 1 2,1 0.001 0 -1 87.0713 395 1,12 0.001 -1 1 1,14 0.001 1 0 1,13 0.001 0 1 49.0627 305 14,2 0.001 0 1 13,2 0.001 1 0 13,1 0.001 0 1 26.0184 260 14,13 0.001 -1 -1 13,13 0.001 0 -1 13,14 0.001 1 0 54.0247 305 ::f,0,15 f,1,0 f,12,3 f,15,14 
132:2,0 0.001 -1 0 1,1 0.001 1 0 2,1 0.001 0 -1 87.0713 395 0,13 0.001 -1 1 2,14 0.001 1 0 1,14 0.001 0 1 49.0657 305 14,2 0.001 1 1 13,2 0.001 1 0 13,1 0.001 0 1 26.0184 260 14,13 0.001 -1 -1 13,13 0.001 0 -1 14,14 0.001 1 0 54.0257 305 ::f,0,15 f,1,0 f,12,3 f,15,14 
133:2,0 0.001 -1 0 1,1 0.001 1 0 2,1 0.001 -1 -1 87.0713 395 0,13 0.001 -1 1 2,14 0.001 1 0 1,14 0.001 0 1 49.0657 305 14,2 0.001 1 1 13,2 0.001 1 -1 13,1 0.001 1 1 26.0184 260 14,13 0.001 -1 0 13,13 0.001 -1 -1 14,14 0.001 1 0 58.0258 320 ::f,0,15 f,1,0 f,12,3 f,12,13 
134:2,0 0.001 -1 0 1,1 0.001 1 -1 2,1 0.001 -1 -1 91.0714 410 0,13 0.001 0 1 2,14 0.001 1 -1 1,14 0.001 1 1 49.0657 305 14,2 0.001 1 0 13,2 0.001 1 -1 13,1 0.001 1 1 26.0184 260 14,13 0.001 -1 0 13,13 0.001 -1 -1 14,14 0.001 1 -1 58.0258 320 ::f,0,15 f,1,3 f,12,3 f,12,13 
135:2,0 0.001 -1 1 1,1 0.001 1 -1 2,1 0.001 -1 0 91.0714 410 0,14 0.001 0 1 2,14 0.001 1 -1 1,14 0.001 1 1 49.0667 305 14,2 0.001 1 0 13,2 0.001 0 -1 13,1 0.001 1 0 26.0184 260 14,13 0.001 -1 0 13,13 0.001 -1 0 14,14 0.001 1 -1 58.0258 320 ::f,0,15 f,1,3 f,12,3 f,12,13 
136:2,0 0.001 -1 1 1,1 0.001 0 -1 2,1 0.001 -1 0 91.0714 410 0,14 0.001 0 1 2,14 0.001 0 -1 1,14 0.001 1 0 52.0668 320 14,2 0.001 1 -1 13,2 0.001 0 -1 13,1 0.001 1 0 26.0184 260 14,13 0.001 -1 1 13,13 0.001 -1 0 14,14 0.001 0 -1 61.0259 335 ::f,1,3 f,3,13 f,12,3 f,14,12 
137:2,0 0.001 0 1 1,1 0.001 0 -1 2,1 0.001 -1 0 91.0714 410 0,14 0.001 1 1 2,13 0.001 0 -1 2,14 0.001 1 0 52.0688 320 14,2 0.001 1 -1 13,2 0.001 -1 -1 13,1 0.001 1 -1 26.0184 260 14,13 0.001 -1 1 13,13 0.001 -1 1 14,14 0.001 0 -1 61.0259 335 ::f,1,3 f,3,13 f,12,3 f,14,12 
138:2,0 0.001 0 1 1,1 0.001 -1 -1 2,1 0.001 -1 1 91.0714 410 1,15 0.001 1 1 2,13 0.001 0 -1 2,14 0.001 1 0 52.0698 320 14,2 0.001 0 -1 13,2 0.001 -1 -1 13,1 0.001 1 -1 26.0184 260 14,13 0.001 0 1 13,13 0.001 -1 1 14,14 0.001 0 -1 61.0259 335 ::f,1,3 f,3,13 f,12,3 f,14,12 
139:2,0 0.001 1 1 1,1 0.001 -1 -1 2,1 0.001 -1 1 91.0714 410 1,15 0.001 1 1 2,13 0.001 -1 -1 2,14 0.001 1 -1 52.0698 320 14,1 0.001 0 -1 13,2 0.001 -1 0 13,1 0.001 0 -1 26.0194 260 14,13 0.001 0 1 13,13 0.001 0 1 14,14 0.001 -1 -1 61.0259 335 ::f,1,3 f,3,13 f,12,3 f,14,12 
140:2,0 0.001 1 1 1,1 0.001 -1 0 2,1 0.001 0 1 91.0714 410 1,15 0.001 1 0 2,13 0.001 -1 -1 2,14 0.001 1 -1 57.0699 335 14,1 0.001 0 -1 13,2 0.001 -1 0 13,1 0.001 0 -1 26.0194 260 14,13 0.001 1 1 13,14 0.001 0 1 14,14 0.001 -1 -1 61.0269 335 ::f,1,3 f,2,12 f,12,3 f,14,12 
141:2,0 0.001 1 0 1,1 0.001 -1 0 2,1 0.001 0 1 91.0714 410 2,15 0.001 1 0 2,13 0.001 -1 0 2,14 0.001 0 -1 57.0709 335 14,1 0.001 -1 -1 13,2 0.001 -1 1 13,1 0.001 -1 -1 26.0194 260 14,13 0.001 1 1 13,14 0.001 0 1 14,14 0.001 -1 0 61.0269 335 ::f,1,3 f,2,12 f,12,3 f,14,12 
142:2,0 0.001 1 0 1,1 0.001 -1 1 2,1 0.001 1 1 91.0714 410 2,15 0.001 1 0 1,13 0.001 -1 0 2,13 0.001 0 -1 57.0729 335 14,1 0.001 -1 -1 13,2 0.001 -1 1 13,1 0.001 -1 -1 31.0195 275 14,13 0.001 1 0 13,14 0.001 1 1 14,14 0.001 -1 0 61.0269 335 ::f,1,3 f,2,12 f,14,12 f,15,2 
143:2,0 0.001 1 -1 1,1 0.001 -1 1 2,1 0.001 1 1 91.0714 410 2,15 0.001 1 -1 1,13 0.001 -1 0 2,13 0.001 0 -1 63.073 350 14,1 0.001 -1 0 13,2 0.001 0 1 13,1 0.001 -1 0 31.0195 275 14,13 0.001 1 0 13,14 0.001 1 1 14,14 0.001 -1 1 61.0269 335 ::f,1,3 f,2,14 f,14,12 f,15,2 
144:2,0 0.001 1 -1 1,1 0.001 0 1 2,1 0.001 1 0 91.0714 410 3,14 0.001 1 -1 1,13 0.001 -1 1 2,13 0.001 -1 -1 63.074 350 14,1 0.001 -1 0 13,2 0.001 0 1 13,1 0.001 -1 0 31.0195 275 14,13 0.001 1 -1 13,14 0.001 1 0 14,14 0.001 -1 1 61.0269 335 ::f,1,3 f,2,14 f,14,12 f,15,2 
145:2,0 0.001 0 -1 1,2 0.001 0 1 2,1 0.001 1 0 91.0724 410 3,14 0.001 1 -1 1,13 0.001 -1 1 2,13 0.001 -1 -1 63.074 350 14,1 0.001 -1 0 13,2 0.001 1 1 13,1 0.001 -1 1 31.0195 275 14,13 0.001 1 -1 13,14 0.001 1 0 14,14 0.001 0 1 61.0269 335 ::f,1,3 f,2,14 f,14,12 f,15,2 
146:2,0 0.001 0 -1 1,2 0.001 0 1 2,1 0.001 1 -1 101.073 425 3,14 0.001 0 -1 1,13 0.001 0 1 2,13 0.001 -1 0 63.074 350 14,1 0.001 -1 1 13,2 0.001 1 1 13,1 0.001 -1 1 31.0195 275 14,13 0.001 0 -1 13,14 0.001 1 0 14,14 0.001 0 1 61.0269 335 ::f,2,14 f,3,0 f,14,12 f,15,2 
147:2,0 0.001 -1 -1 1,2 0.001 1 1 2,1 0.001 1 -1 110.073 440 3,13 0.001 0 -1 1,14 0.001 0 1 1,13 0.001 -1 0 63.077 350 14,1 0.001 -1 1 13,2 0.001 1 0 13,1 0.001 0 1 31.0195 275 14,13 0.001 0 -1 13,14 0.001 1 -1 14,14 0.001 1 1 71.027 350 ::f,0,0 f,2,14 f,12,12 f,15,2 
148:2,0 0.001 -1 -1 1,2 0.001 1 1 2,1 0.001 0 -1 110.073 440 3,13 0.001 0 -1 1,14 0.001 0 1 1,13 0.001 -1 0 63.077 350 14,1 0.001 0 1 14,2 0.001 1 0 13,2 0.001 0 1 31.0215 275 14,13 0.001 -1 -1 13,14 0.001 1 -1 14,14 0.001 1 1 71.027 350 ::f,0,0 f,2,14 f,12,12 f,15,2 
149:2,0 0.001 -1 0 1,2 0.001 1 0 2,1 0.001 0 -1 110.073 440 3,13 0.001 -1 -1 1,14 0.001 1 1 1,13 0.001 -1 1 63.077 350 14,1 0.001 0 1 14,2 0.001 1 0 13,2 0.001 0 1 41.0217 305 14,13 0.001 -1 -1 13,14 0.001 0 -1 14,14 0.001 1 0 71.027 350 ::f,0,0 f,2,14 f,12,12 f,15,1 
150:1,0 0.001 -1 0 2,2 0.001 1 0 2,1 0.001 -1 -1 110.075 440 2,12 0.001 -1 -1 1,14 0.001 1 1 1,13 0.001 -1 1 63.078 350 14,1 0.001 1 1 14,2 0.001 1 -1 13,2 0.001 1 1 41.0217 305 14,13 0.001 -1 0 13,14 0.001 0 -1 14,14 0.001 1 0 71.027 350 ::f,0,0 f,2,14 f,12,12 f,15,1 
151:1,0 0.001 -1 0 2,2 0.001 1 0 2,1 0.001 -1 -1 115.075 455 2,12 0.001 -1 -1 1,14 0.001 1 0 1,13 0.001 0 1 63.078 350 14,1 0.001 1 1 14,2 0.001 1 -1 13,2 0.001 1 1 53.0219 335 13,13 0.001 -1 0 13,14 0.001 -1 -1 14,14 0.001 1 -1 71.028 350 ::f,2,14 f,3,0 f,12,12 f,15,0 
152:1,0 0.001 -1 1 2,2 0.001 1 -1 2,1 0.001 -1 0 115.075 455 2,12 0.001 -1 0 1,14 0.001 1 0 1,13 0.001 0 1 63.078 350 14,1 0.001 1 0 14,2 0.001 0 -1 13,2 0.001 1 0 53.0219 335 13,13 0.001 -1 0 13,14 0.001 -1 -1 14,14 0.001 1 -1 71.028 350 ::f,2,14 f,3,0 f,12,12 f,15,0 
153:0,1 0.001 -1 1 2,2 0.001 1 -1 1,1 0.001 -1 0 115.077 455 1,12 0.001 -1 0 1,14 0.001 1 0 1,13 0.001 0 1 72.0791 365 14,1 0.001 1 0 14,2 0.001 0 -1 13,2 0.001 1 0 53.0219 335 13,13 0.001 -1 1 13,14 0.001 -1 0 14,14 0.001 0 -1 71.028 350 ::f,1,15 f,3,0 f,12,12 f,15,0 
154:0,1 0.001 -1 1 2,2 0.001 0 -1 1,1 0.001 -1 0 115.077 455 1,12 0.001 -1 0 1,14 0.001 1 -1 1,13 0.001 0 1 72.0791 365 14,1 0.001 1 -1 14,2 0.001 0 -1 13,2 0.001 1 0 53.0219 335 13,13 0.001 -1 1 13,14 0.001 -1 0 14,13 0.001 0 -1 71.029 350 ::f,1,15 f,3,0 f,12,12 f,15,0 
155:0,1 0.001 0 1 2,1 0.001 0 -1 1,1 0.001 -1 1 115.078 455 1,12 0.001 -1 1 1,14 0.001 1 -1 1,13 0.001 1 1 72.0791 365 14,1 0.001 1 -1 14,2 0.001 -1 -1 13,2 0.001 1 -1 58.022 350 13,13 0.001 0 1 13,14 0.001 -1 1 14,13 0.001 0 -1 71.029 350 ::f,1,15 f,3,0 f,12,0 f,12,12 
156:0,2 0.001 0 1 2,1 0.001 0 -1 1,1 0.001 -1 1 115.079 455 0,13 0.001 -1 1 1,14 0.001 0 -1 1,13 0.001 1 1 72.0801 365 14,1 0.001 0 -1 13,1 0.001 -1 -1 13,2 0.001 1 -1 58.023 350 13,13 0.001 0 1 13,14 0.001 -1 1 14,13 0.001 -1 -1 71.029 350 ::f,1,15 f,3,0 f,12,0 f,12,12 
157:0,2 0.001 0 1 2,1 0.001 -1 -1 1,1 0.001 0 1 115.079 455 0,13 0.001 -1 1 1,14 0.001 0 -1 1,13 0.001 1 0 72.0801 365 14,1 0.001 0 -1 13,1 0.001 -1 -1 13,2 0.001 0 -1 66.0231 365 13,13 0.001 0 1 13,14 0.001 0 1 14,13 0.001 -1 -1 71.029 350 ::f,1,15 f,3,0 f,12,12 f,14,3 
158:0,2 0.001 1 1 2,1 0.001 -1 -1 1,2 0.001 0 1 115.08 455 0,13 0.001 0 1 1,14 0.001 -1 -1 1,13 0.001 1 0 72.0801 365 14,1 0.001 -1 -1 13,1 0.001 -1 0 13,2 0.001 0 -1 66.0231 365 13,13 0.001 1 1 13,14 0.001 0 1 14,13 0.001 -1 0 71.029 350 ::f,1,15 f,3,0 f,12,12 f,14,3 
159:1,3 0.001 1 1 2,1 0.001 -1 0 1,2 0.001 0 1 115.081 455 0,14 0.001 0 1 1,14 0.001 -1 -1 1,13 0.001 1 -1 72.0811 365 14,1 0.001 -1 -1 13,1 0.001 -1 0 13,2 0.001 -1 -1 66.0231 365 13,13 0.001 1 1 13,14 0.001 1 1 14,13 0.001 -1 0 71.029 350 ::f,1,15 f,3,0 f,12,12 f,14,3 
160:1,3 0.001 1 1 1,1 0.001 -1 0 1,2 0.001 1 1 115.082 455 0,14 0.001 0 1 1,14 0.001 -1 0 1,13 0.001 1 -1 72.0811 365 14,1 0.001 -1 0 13,1 0.001 -1 1 13,2 0.001 -1 -1 66.0231 365 13,13 0.001 1 0 13,14 0.001 1 1 14,13 0.001 -1 0 71.029 350 ::f,1,15 f,3,0 f,12,12 f,14,3 
161:1,3 0.001 1 0 1,1 0.001 -1 0 1,2 0.001 1 1 115.082 455 0,14 0.001 1 1 1,14 0.001 -1 0 1,13 0.001 0 -1 72.0811 365 14,1 0.001 -1 0 13,1 0.001 -1 1 13,2 0.001 -1 0 66.0231 365 13,13 0.001 1 0 13,14 0.001 1 0 14,13 0.001 -1 1 71.029 350 ::f,1,15 f,3,0 f,12,12 f,14,3 
162:2,3 0.001 1 0 1,1 0.001 -1 1 1,2 0.001 1 0 115.083 455 0,14 0.001 1 1 1,14 0.001 -1 1 1,13 0.001 0 -1 72.0811 365 14,1 0.001 -1 0 13,1 0.001 0 1 13,2 0.001 -1 0 66.0231 365 13,13 0.001 1 -1 14,14 0.001 1 0 14,13 0.001 -1 1 71.03 350 ::f,1,15 f,3,0 f,12,12 f,14,3 
163:2,3 0.001 1 0 1,1 0.001 -1 1 2,2 0.001 1 0 115.084 455 0,14 0.001 1 1 1,14 0.001 -1 1 1,13 0.001 -1 -1 76.0812 380 14,1 0.001 -1 1 13,1 0.001 0 1 13,2 0.001 -1 1 66.0231 365 13,13 0.001 1 -1 14,14 0.001 1 0 14,13 0.001 0 1 71.03 350 ::f,0,13 f,3,0 f,12,12 f,14,3 
164:2,3 0.001 1 -1 1,1 0.001 0 1 2,2 0.001 1 0 115.084 455 0,14 0.001 1 0 1,14 0.001 0 1 1,13 0.001 -1 -1 76.0812 380 14,1 0.001 -1 1 13,1 0.001 0 1 13,2 0.001 -1 1 66.0231 365 13,13 0.001 0 -1 14,14 0.001 1 -1 14,13 0.001 0 1 71.03 350 ::f,0,13 f,3,0 f,12,12 f,14,3 
165:3,2 0.001 1 -1 1,2 0.001 0 1 2,2 0.001 1 -1 115.086 455 0,14 0.001 1 0 1,14 0.001 0 1 1,13 0.001 -1 0 76.0812 380 14,1 0.001 0 1 13,1 0.001 1 1 13,2 0.001 0 1 66.0231 365 13,13 0.001 0 -1 14,14 0.001 1 -1 14,13 0.001 1 1 71.03 350 ::f,0,13 f,3,0 f,12,12 f,14,3 
166:3,2 0.001 1 -1 1,2 0.001 0 1 2,2 0.001 1 -1 115.086 455 0,14 0.001 1 -1 1,14 0.001 1 1 1,13 0.001 -1 0 83.0813 395 14,2 0.001 0 1 13,1 0.001 1 1 13,2 0.001 0 1 66.0241 365 13,13 0.001 -1 -1 14,14 0.001 0 -1 14,13 0.001 1 1 71.03 350 ::f,0,15 f,3,0 f,12,12 f,14,3 
167:3,2 0.001 0 -1 1,2 0.001 1 1 2,2 0.001 0 -1 115.086 455 0,14 0.001 1 -1 1,14 0.001 1 1 1,13 0.001 -1 1 83.0813 395 14,2 0.001 0 1 13,1 0.001 1 1 13,2 0.001 1 1 72.0242 380 13,13 0.001 -1 -1 14,14 0.001 0 -1 14,13 0.001 1 0 81.0301 365 ::f,0,15 f,3,0 f,13,15 f,15,3 
168:3,1 0.001 0 -1 1,2 0.001 1 1 2,1 0.001 0 -1 115.088 455 0,14 0.001 0 -1 1,14 0.001 1 0 1,13 0.001 -1 1 83.0813 395 14,2 0.001 1 1 13,1 0.001 1 1 13,2 0.001 1 1 72.0242 380 13,13 0.001 -1 0 14,14 0.001 0 -1 14,13 0.001 1 0 81.0301 365 ::f,0,15 f,3,0 f,13,15 f,15,3 
169:3,1 0.001 0 -1 1,2 0.001 1 0 2,1 0.001 0 -1 121.088 470 0,14 0.001 0 -1 2,14 0.001 1 0 1,13 0.001 0 1 83.0823 395 14,2 0.001 1 1 13,1 0.001 1 0 13,2 0.001 1 0 79.0243 395 13,13 0.001 -1 0 14,14 0.001 -1 -1 14,13 0.001 1 -1 81.0301 365 ::f,0,15 f,2,2 f,13,15 f,14,1 
170:3,1 0.001 -1 -1 1,2 0.001 1 0 2,1 0.001 -1 -1 121.088 470 0,14 0.001 -1 -1 2,14 0.001 1 0 1,14 0.001 0 1 83.0833 395 14,2 0.001 1 0 13,1 0.001 1 -1 13,2 0.001 1 0 79.0243 395 13,13 0.001 -1 1 14,14 0.001 -1 -1 14,13 0.001 1 -1 81.0301 365 ::f,0,15 f,2,2 f,13,15 f,14,1 
171:2,0 0.001 -1 -1 1,2 0.001 1 0 2,1 0.001 -1 -1 131.089 485 0,14 0.001 -1 -1 2,14 0.001 1 -1 1,14 0.001 0 1 83.0833 395 14,2 0.001 1 0 13,1 0.001 1 -1 13,2 0.001 1 0 79.0243 395 13,13 0.001 -1 1 14,14 0.001 -1 0 14,13 0.001 0 -1 81.0301 365 ::f,0,3 f,0,15 f,13,15 f,14,1 
172:2,0 0.001 -1 -1 1,2 0.001 1 -1 2,1 0.001 -1 0 131.089 485 0,14 0.001 -1 0 2,14 0.001 1 -1 1,14 0.001 1 1 83.0833 395 14,2 0.001 1 -1 13,1 0.001 0 -1 13,2 0.001 1 -1 79.0243 395 13,13 0.001 0 1 14,14 0.001 -1 0 14,13 0.001 0 -1 81.0301 365 ::f,0,3 f,0,15 f,13,15 f,14,1 
173:2,0 0.001 -1 0 1,2 0.001 1 -1 1,1 0.001 -1 0 131.09 485 0,14 0.001 -1 0 2,14 0.001 0 -1 1,14 0.001 1 1 83.0833 395 14,2 0.001 1 -1 13,1 0.001 0 -1 13,2 0.001 1 -1 85.0244 410 13,14 0.001 0 1 14,14 0.001 -1 1 14,13 0.001 -1 -1 81.0311 365 ::f,0,3 f,0,15 f,12,0 f,13,15 
174:1,0 0.001 -1 0 1,2 0.001 0 -1 1,1 0.001 -1 0 131.091 485 0,14 0.001 -1 1 2,13 0.001 0 -1 1,14 0.001 1 0 83.0843 395 14,2 0.001 0 -1 13,1 0.001 -1 -1 13,2 0.001 0 -1 85.0244 410 13,14 0.001 0 1 14,14 0.001 -1 1 14,13 0.001 -1 -1 91.0312 380 ::f,0,3 f,0,15 f,12,0 f,15,13 
175:1,0 0.001 -1 0 1,2 0.001 0 -1 1,1 0.001 -1 1 131.091 485 0,14 0.001 -1 1 2,13 0.001 0 -1 2,14 0.001 1 0 83.0853 395 14,1 0.001 0 -1 13,1 0.001 -1 -1 13,2 0.001 0 -1 94.0255 425 13,14 0.001 1 1 14,14 0.001 0 1 14,13 0.001 -1 0 91.0312 380 ::f,0,3 f,0,15 f,15,1 f,15,13 
176:1,0 0.001 -1 1 1,2 0.001 0 -1 1,1 0.001 -1 1 131.091 485 0,14 0.001 0 1 2,13 0.001 -1 -1 2,14 0.001 1 0 83.0853 395 14,1 0.001 0 -1 13,1 0.001 -1 0 13,2 0.001 -1 -1 94.0255 425 13,14 0.001 1 1 14,14 0.001 0 1 13,13 0.001 -1 0 91.0322 380 ::f,0,3 f,0,15 f,15,1 f,15,13 
177:0,1 0.001 -1 1 1,2 0.001 -1 -1 1,1 0.001 0 1 131.092 485 0,14 0.001 0 1 2,13 0.001 -1 -1 2,14 0.001 1 -1 88.0854 410 14,1 0.001 -1 -1 13,1 0.001 -1 0 13,2 0.001 -1 -1 94.0255 425 13,14 0.001 1 0 14,14 0.001 1 1 13,13 0.001 -1 0 91.0322 380 ::f,0,3 f,1,15 f,15,1 f,15,13 
178:0,1 0.001 -1 1 1,2 0.001 -1 0 1,1 0.001 0 1 131.092 485 0,14 0.001 1 1 2,13 0.001 -1 0 2,14 0.001 1 -1 88.0854 410 14,1 0.001 -1 -1 13,1 0.001 -1 1 13,2 0.001 -1 0 94.0255 425 13,14 0.001 1 0 14,14 0.001 1 1 13,13 0.001 -1 1 91.0322 380 ::f,0,3 f,1,15 f,15,1 f,15,13 
179:0,1 0.001 0 1 1,2 0.001 -1 1 1,1 0.001 0 1 131.092 485 0,14 0.001 1 1 1,13 0.001 -1 0 2,14 0.001 0 -1 88.0864 410 14,1 0.001 -1 0 13,1 0.001 -1 1 13,2 0.001 -1 0 94.0255 425 13,14 0.001 1 0 14,14 0.001 1 0 13,13 0.001 -1 1 91.0322 380 ::f,0,3 f,1,15 f,15,1 f,15,13 
180:0,2 0.001 0 1 1,2 0.001 -1 1 1,1 0.001 1 1 141.093 500 0,14 0.001 1 1 1,13 0.001 -1 0 2,13 0.001 0 -1 104.088 440 14,1 0.001 -1 0 13,1 0.001 0 1 13,2 0.001 -1 1 94.0255 425 13,14 0.001 1 -1 14,14 0.001 1 0 13,13 0.001 0 1 91.0322 380 ::f,0,12 f,3,3 f,15,1 f,15,13 
181:0,2 0.001 0 1 1,2 0.001 0 1 2,2 0.001 1 1 141.094 500 0,14 0.001 1 0 1,13 0.001 -1 1 2,13 0.001 0 -1 104.088 440 14,1 0.001 -1 0 13,1 0.001 0 1 13,2 0.001 -1 1 94.0255 425 13,14 0.001 1 -1 14,14 0.001 1 -1 13,13 0.001 0 1 91.0322 380 ::f,0,12 f,3,3 f,15,1 f,15,13 
182:0,2 0.001 1 1 1,2 0.001 0 1 2,2 0.001 1 1 151.094 515 1,14 0.001 1 0 1,13 0.001 -1 1 2,13 0.001 -1 -1 104.089 440 14,1 0.001 -1 1 13,1 0.001 0 1 13,2 0.001 0 1 94.0255 425 13,14 0.001 0 -1 14,14 0.001 1 -1 13,13 0.001 0 1 95.0323 395 ::f,0,12 f,3,1 f,12,15 f,15,1 
183:1,3 0.001 1 1 1,2 0.001 1 1 2,2 0.001 1 0 151.095 515 1,14 0.001 1 0 1,13 0.001 0 1 2,13 0.001 -1 -1 104.089 440 14,1 0.001 -1 1 13,1 0.001 1 1 13,2 0.001 0 1 94.0255 425 13,14 0.001 0 -1 14,14 0.001 0 -1 13,13 0.001 1 1 95.0323 395 ::f,0,12 f,3,1 f,12,15 f,15,1 
184:1,3 0.001 1 1 1,2 0.001 1 1 2,2 0.001 1 0 151.095 515 1,14 0.001 1 -1 1,13 0.001 0 1 2,13 0.001 -1 0 104.089 440 14,1 0.001 0 1 13,1 0.001 1 1 13,2 0.001 1 1 94.0255 425 13,14 0.001 -1 -1 14,13 0.001 0 -1 13,13 0.001 1 1 95.0333 395 ::f,0,12 f,3,1 f,12,15 f,15,1 
185:1,3 0.001 1 0 1,2 0.001 1 0 2,2 0.001 1 -1 151.095 515 1,14 0.001 1 -1 1,13 0.001 0 1 2,13 0.001 -1 0 104.089 440 14,1 0.001 0 1 13,1 0.001 1 0 13,2 0.001 1 1 94.0255 425 13,14 0.001 -1 -1 14,13 0.001 0 -1 13,13 0.001 1 0 95.0333 395 ::f,0,12 f,3,1 f,12,15 f,15,1 
186:2,3 0.001 1 0 1,2 0.001 1 0 2,2 0.001 1 -1 161.096 530 1,14 0.001 0 -1 1,13 0.001 1 1 2,13 0.001 -1 0 104.089 440 14,1 0.001 1 1 13,1 0.001 1 0 13,2 0.001 1 0 94.0255 425 13,14 0.001 -1 0 14,13 0.001 -1 -1 13,13 0.001 1 0 95.0333 395 ::f,0,12 f,1,0 f,12,15 f,15,1 
187:2,3 0.001 1 0 1,2 0.001 1 0 2,2 0.001 0 -1 161.096 530 1,14 0.001 0 -1 1,13 0.001 1 1 2,13 0.001 -1 1 104.089 440 14,1 0.001 1 1 13,1 0.001 1 0 14,2 0.001 1 0 94.0265 425 13,14 0.001 -1 0 14,13 0.001 -1 -1 13,13 0.001 1 -1 95.0333 395 ::f,0,12 f,1,0 f,12,15 f,15,1 
188:2,3 0.001 1 -1 1,2 0.001 1 -1 2,1 0.001 0 -1 161.097 530 1,14 0.001 0 -1 1,13 0.001 1 0 2,13 0.001 -1 1 104.089 440 14,1 0.001 1 0 13,1 0.001 1 -1 14,2 0.001 1 0 94.0265 425 13,14 0.001 -1 1 14,13 0.001 -1 0 13,13 0.001 1 -1 95.0333 395 ::f,0,12 f,1,0 f,12,15 f,15,1 
189:3,2 0.001 1 -1 1,2 0.001 1 -1 2,1 0.001 0 -1 161.098 530 1,14 0.001 -1 -1 1,13 0.001 1 0 2,13 0.001 0 1 104.089 440 14,1 0.001 1 0 13,1 0.001 1 -1 14,2 0.001 1 -1 102.027 440 13,14 0.001 -1 1 14,13 0.001 -1 0 13,13 0.001 0 -1 105.033 410 ::f,0,12 f,1,0 f,14,12 f,15,0 
190:3,2 0.001 1 -1 1,2 0.001 0 -1 2,1 0.001 -1 -1 161.098 530 1,14 0.001 -1 -1 1,13 0.001 1 -1 2,13 0.001 0 1 104.089 440 14,1 0.001 1 -1 13,1 0.001 0 -1 14,2 0.001 1 -1 102.027 440 13,14 0.001 0 1 14,13 0.001 -1 0 13,13 0.001 0 -1 105.033 410 ::f,0,12 f,1,0 f,14,12 f,15,0 
191:3,2 0.001 0 -1 1,1 0.001 0 -1 2,1 0.001 -1 -1 171.099 545 1,14 0.001 -1 0 1,13 0.001 1 -1 2,13 0.001 1 1 104.089 440 14,1 0.001 1 -1 13,1 0.001 0 -1 14,2 0.001 0 -1 111.027 455 13,14 0.001 0 1 14,13 0.001 -1 1 13,13 0.001 -1 -1 105.033 410 ::f,0,3 f,0,12 f,14,12 f,15,2 
192:3,1 0.001 0 -1 1,1 0.001 0 -1 2,1 0.001 -1 0 171.1 545 1,14 0.001 -1 0 1,13 0.001 0 -1 2,13 0.001 1 1 104.089 440 14,1 0.001 0 -1 13,1 0.001 -1 -1 14,2 0.001 0 -1 111.027 455 13,14 0.001 1 1 14,13 0.001 -1 1 13,13 0.001 -1 -1 105.033 410 ::f,0,3 f,0,12 f,14,12 f,15,2 
193:3,1 0.001 0 -1 1,1 0.001 -1 -1 2,1 0.001 -1 0 171.1 545 1,14 0.001 -1 1 1,13 0.001 0 -1 2,13 0.001 1 0 104.089 440 14,1 0.001 0 -1 13,1 0.001 -1 -1 14,2 0.001 0 -1 111.027 455 13,14 0.001 1 1 14,13 0.001 0 1 13,13 0.001 -1 0 105.033 410 ::f,0,3 f,0,12 f,14,12 f,15,2 
194:3,1 0.001 -1 -1 1,1 0.001 -1 -1 2,1 0.001 -1 0 171.1 545 1,14 0.001 -1 1 1,13 0.001 -1 -1 2,13 0.001 1 0 104.089 440 14,1 0.001 -1 -1 13,1 0.001 -1 0 14,2 0.001 -1 -1 111.027 455 13,14 0.001 1 0 14,13 0.001 0 1 13,13 0.001 -1 0 105.033 410 ::f,0,3 f,0,12 f,14,12 f,15,2 
195:2,0 0.001 -1 -1 1,1 0.001 -1 0 2,1 0.001 -1 1 171.101 545 1,14 0.001 0 1 1,13 0.001 -1 -1 2,13 0.001 1 -1 114.089 455 14,1 0.001 -1 -1 13,1 0.001 -1 0 14,2 0.001 -1 -1 111.027 455 14,14 0.001 1 0 14,13 0.001 1 1 13,13 0.001 -1 1 105.034 410 ::f,0,3 f,3,14 f,14,12 f,15,2 
196:2,0 0.001 -1 -1 1,1 0.001 -1 0 1,2 0.001 -1 1 171.102 545 1,14 0.001 0 1 1,13 0.001 -1 0 2,13 0.001 1 -1 114.089 455 14,1 0.001 -1 0 13,1 0.001 -1 1 14,2 0.001 -1 0 111.027 455 14,14 0.001 1 0 14,13 0.001 1 1 13,13 0.001 -1 1 105.034 410 ::f,0,3 f,3,14 f,14,12 f,15,2 
197:2,0 0.001 -1 0 1,1 0.001 -1 1 1,2 0.001 -1 1 181.102 560 1,14 0.001 1 1 1,13 0.001 -1 0 2,13 0.001 0 -1 114.089 455 14,1 0.001 -1 0 13,1 0.001 -1 1 14,2 0.001 -1 0 111.027 455 14,14 0.001 1 -1 14,13 0.001 1 0 13,13 0.001 0 1 105.034 410 ::f,0,3 f,3,14 f,14,12 f,15,2 
198:1,0 0.001 -1 0 1,1 0.001 -1 1 1,2 0.001 0 1 181.103 560 2,15 0.001 1 1 1,13 0.001 -1 1 2,13 0.001 0 -1 114.09 455 14,1 0.001 -1 0 13,1 0.001 0 1 14,2 0.001 -1 1 111.027 455 14,14 0.001 1 -1 14,13 0.001 1 0 13,14 0.001 0 1 105.035 410 ::f,0,3 f,3,14 f,14,12 f,15,2 
199:1,0 0.001 -1 0 1,1 0.001 0 1 1,2 0.001 0 1 181.103 560 2,15 0.001 1 1 1,13 0.001 -1 1 2,13 0.001 -1 -1 114.09 455 14,1 0.001 -1 1 13,2 0.001 0 1 14,2 0.001 -1 1 111.028 455 14,14 0.001 0 -1 14,13 0.001 1 -1 13,14 0.001 0 1 105.035 410 ::f,0,3 f,3,14 f,14,12 f,15,2 
200:1,0 0.001 -1 1 1,1 0.001 0 1 1,2 0.001 1 1 181.103 560 2,15 0.001 1 0 1,13 0.001 0 1 2,13 0.001 -1 -1 114.09 455 14,1 0.001 -1 1 13,2 0.001 0 1 14,2 0.001 0 1 111.028 455 14,14 0.001 0 -1 14,13 0.001 1 -1 13,14 0.001 1 1 105.035 410 ::f,0,3 f,3,14 f,14,12 f,15,2 
201:0,1 0.001 -1 1 1,1 0.001 0 1 1,2 0.001 1 1 181.104 560 2,15 0.001 1 0 1,14 0.001 0 1 2,13 0.001 -1 0 114.091 455 14,1 0.001 0 1 13,2 0.001 1 1 14,2 0.001 0 1 111.028 455 14,14 0.001 0 -1 14,13 0.001 0 -1 13,14 0.001 1 1 105.035 410 ::f,0,3 f,3,14 f,14,12 f,15,2 
202:0,1 0.001 -1 1 1,1 0.001 1 1 1,2 0.001 1 0 181.104 560 2,15 0.001 1 -1 1,14 0.001 0 1 1,13 0.001 -1 0 114.092 455 14,1 0.001 0 1 13,2 0.001 1 1 14,2 0.001 1 1 111.028 455 14,14 0.001 -1 -1 14,13 0.001 0 -1 13,14 0.001 1 0 110.036 425 ::f,0,3 f,3,14 f,12,15 f,15,2 
203:0,1 0.001 0 1 1,1 0.001 1 1 2,2 0.001 1 0 181.105 560 2,15 0.001 1 -1 1,14 0.001 1 1 1,13 0.001 -1 0 114.092 455 14,1 0.001 1 1 13,2 0.001 1 0 14,2 0.001 1 1 111.028 455 14,14 0.001 -1 -1 14,13 0.001 -1 -1 13,14 0.001 1 0 110.036 425 ::f,0,3 f,3,14 f,12,15 f,15,2 
204:0,2 0.001 0 1 1,1 0.001 1 0 2,2 0.001 1 0 181.106 560 2,15 0.001 1 -1 1,14 0.001 1 1 1,13 0.001 -1 1 121.092 470 14,1 0.001 1 1 13,2 0.001 1 0 14,2 0.001 1 0 121.028 470 14,14 0.001 -1 0 14,13 0.001 -1 -1 13,14 0.001 1 0 110.036 425 ::f,0,3 f,1,15 f,12,15 f,15,3 
205:0,2 0.001 0 1 2,1 0.001 1 0 2,2 0.001 1 -1 188.108 575 2,15 0.001 0 -1 1,14 0.001 1 0 1,13 0.001 -1 1 121.092 470 14,1 0.001 1 0 13,2 0.001 1 0 14,2 0.001 1 0 121.028 470 14,14 0.001 -1 0 14,13 0.001 -1 0 13,14 0.001 1 -1 110.036 425 ::f,1,15 f,3,1 f,12,15 f,15,3 
206:0,2 0.001 1 1 2,1 0.001 1 0 2,2 0.001 1 -1 198.108 590 2,14 0.001 0 -1 1,14 0.001 1 0 1,13 0.001 0 1 121.093 470 14,1 0.001 1 0 13,2 0.001 1 -1 14,2 0.001 1 -1 121.028 470 14,14 0.001 -1 1 13,13 0.001 -1 0 13,14 0.001 1 -1 110.037 425 ::f,1,15 f,2,3 f,12,15 f,15,3 
207:1,3 0.001 1 1 2,1 0.001 1 -1 2,2 0.001 0 -1 198.109 590 2,14 0.001 0 -1 1,14 0.001 1 0 1,13 0.001 0 1 121.093 470 14,1 0.001 1 -1 13,2 0.001 1 -1 14,2 0.001 1 -1 121.028 470 14,14 0.001 -1 1 13,13 0.001 -1 0 13,14 0.001 0 -1 110.037 425 ::f,1,15 f,2,3 f,12,15 f,15,3 
208:1,3 0.001 1 1 2,1 0.001 1 -1 2,2 0.001 0 -1 198.109 590 2,14 0.001 -1 -1 1,14 0.001 1 -1 1,13 0.001 0 1 121.093 470 14,1 0.001 1 -1 13,2 0.001 0 -1 14,2 0.001 0 -1 121.028 470 14,14 0.001 0 1 13,13 0.001 -1 1 13,14 0.001 0 -1 110.037 425 ::f,1,15 f,2,3 f,12,15 f,15,3 
209:1,3 0.001 1 0 2,1 0.001 0 -1 2,2 0.001 0 -1 198.109 590 2,14 0.001 -1 -1 1,14 0.001 1 -1 1,13 0.001 1 1 121.093 470 14,1 0.001 0 -1 13,2 0.001 0 -1 14,2 0.001 0 -1 121.028 470 14,14 0.001 0 1 13,13 0.001 -1 1 13,14 0.001 -1 -1 110.037 425 ::f,1,15 f,2,3 f,12,15 f,15,3 
210:1,3 0.001 1 0 2,1 0.001 0 -1 2,2 0.001 -1 -1 198.109 590 2,14 0.001 -1 0 1,14 0.001 0 -1 1,13 0.001 1 1 121.093 470 14,1 0.001 0 -1 13,2 0.001 -1 -1 14,2 0.001 0 -1 121.028 470 14,14 0.001 1 1 13,13 0.001 0 1 13,14 0.001 -1 -1 110.037 425 ::f,1,15 f,2,3 f,12,15 f,15,3 
211:1,3 0.001 1 0 2,1 0.001 -1 -1 1,1 0.001 -1 -1 206.11 605 2,14 0.001 -1 0 1,14 0.001 0 -1 1,13 0.001 1 0 121.093 470 14,1 0.001 -1 -1 13,2 0.001 -1 -1 14,2 0.001 -1 -1 121.028 470 14,14 0.001 1 1 13,13 0.001 0 1 13,14 0.001 -1 0 110.037 425 ::f,0,0 f,1,15 f,12,15 f,15,3 
212:1,3 0.001 1 -1 2,1 0.001 -1 -1 1,1 0.001 -1 -1 216.11 620 2,14 0.001 -1 1 1,14 0.001 -1 -1 1,13 0.001 1 0 121.093 470 14,1 0.001 -1 -1 13,2 0.001 -1 0 14,2 0.001 -1 -1 121.028 470 14,14 0.001 1 0 13,13 0.001 0 1 13,14 0.001 -1 0 110.037 425 ::f,1,15 f,3,1 f,12,15 f,15,3 
213:2,2 0.001 1 -1 2,1 0.001 -1 0 1,1 0.001 -1 0 216.111 620 2,14 0.001 -1 1 1,14 0.001 -1 -1 1,13 0.001 1 -1 129.093 485 14,1 0.001 -1 0 13,2 0.001 -1 0 14,2 0.001 -1 0 121.028 470 14,14 0.001 1 0 13,13 0.001 1 1 13,14 0.001 -1 1 110.037 425 ::f,0,15 f,3,1 f,12,15 f,15,3 
214:2,2 0.001 1 -1 2,1 0.001 -1 0 1,1 0.001 -1 0 225.111 635 2,14 0.001 0 1 1,14 0.001 -1 0 1,13 0.001 1 -1 129.093 485 13,1 0.001 -1 0 13,2 0.001 -1 1 14,2 0.001 -1 0 121.029 470 14,14 0.001 1 -1 13,13 0.001 1 1 13,14 0.001 -1 1 115.037 440 ::f,0,15 f,2,3 f,12,13 f,15,3 
215:2,2 0.001 0 -1 2,1 0.001 -1 0 1,1 0.001 -1 1 225.111 635 2,14 0.001 0 1 1,14 0.001 -1 0 1,13 0.001 0 -1 129.093 485 13,1 0.001 -1 0 13,2 0.001 -1 1 14,2 0.001 -1 1 121.029 470 14,14 0.001 1 -1 13,13 0.001 1 0 13,14 0.001 0 1 115.037 440 ::f,0,15 f,2,3 f,12,13 f,15,3 
216:2,2 0.001 0 -1 2,1 0.001 -1 1 1,1 0.001 -1 1 225.111 635 2,14 0.001 1 1 1,14 0.001 -1 1 1,13 0.001 0 -1 129.093 485 13,1 0.001 -1 1 13,2 0.001 0 1 14,2 0.001 -1 1 121.029 470 14,14 0.001 0 -1 13,13 0.001 1 0 13,14 0.001 0 1 115.037 440 ::f,0,15 f,2,3 f,12,13 f,15,3 
217:2,2 0.001 -1 -1 2,1 0.001 -1 1 1,1 0.001 0 1 225.111 635 2,14 0.001 1 1 1,14 0.001 -1 1 1,13 0.001 -1 -1 139.093 500 13,1 0.001 -1 1 13,2 0.001 0 1 14,2 0.001 0 1 121.029 470 14,13 0.001 0 -1 13,13 0.001 1 -1 13,14 0.001 1 1 115.038 440 ::f,2,3 f,2,12 f,12,13 f,15,3 
218:2,2 0.001 -1 -1 2,1 0.001 0 1 1,2 0.001 0 1 225.112 635 2,14 0.001 1 0 1,14 0.001 0 1 1,13 0.001 -1 -1 139.093 500 13,1 0.001 0 1 13,2 0.001 1 1 14,2 0.001 0 1 121.029 470 14,13 0.001 0 -1 13,13 0.001 1 -1 13,14 0.001 1 1 115.038 440 ::f,2,3 f,2,12 f,12,13 f,15,3 
219:2,2 0.001 -1 0 2,1 0.001 0 1 1,2 0.001 0 1 225.112 635 2,14 0.001 1 0 1,14 0.001 0 1 1,13 0.001 -1 0 139.093 500 13,1 0.001 0 1 13,2 0.001 1 1 14,2 0.001 1 1 121.029 470 14,13 0.001 -1 -1 13,13 0.001 0 -1 13,14 0.001 1 0 115.038 440 ::f,2,3 f,2,12 f,12,13 f,15,3 
220:2,2 0.001 -1 0 2,1 0.001 0 1 1,2 0.001 1 1 225.112 635 2,14 0.001 1 -1 1,14 0.001 1 1 1,13 0.001 -1 0 139.093 500 13,1 0.001 0 1 13,2 0.001 1 0 14,2 0.001 1 1 128.029 485 14,13 0.001 -1 -1 13,13 0.001 0 -1 14,14 0.001 1 0 115.039 440 ::f,2,3 f,2,12 f,12,13 f,14,3 
221:2,2 0.001 -1 1 2,1 0.001 1 1 1,2 0.001 1 1 235.112 650 3,13 0.001 1 -1 1,14 0.001 1 1 1,13 0.001 -1 1 139.094 500 13,1 0.001 1 1 13,2 0.001 1 0 14,2 0.001 1 0 128.029 485 14,13 0.001 -1 0 13,13 0.001 -1 -1 14,14 0.001 1 0 115.039 440 ::f,2,3 f,2,12 f,12,13 f,14,3 
222:2,2 0.001 -1 1 2,1 0.001 1 1 1,2 0.001 1 0 235.112 650 3,13 0.001 1 -1 1,14 0.001 1 0 1,13 0.001 -1 1 139.094 500 13,1 0.001 1 1 13,2 0.001 1 0 14,2 0.001 1 0 128.029 485 14,13 0.001 -1 0 13,13 0.001 -1 -1 14,14 0.001 1 -1 115.039 440 ::f,2,3 f,2,12 f,12,13 f,14,3 
223:2,2 0.001 0 1 2,1 0.001 1 0 1,2 0.001 1 0 235.112 650 3,13 0.001 0 -1 2,14 0.001 1 0 1,13 0.001 0 1 139.095 500 13,1 0.001 1 0 13,2 0.001 1 -1 14,2 0.001 1 -1 128.029 485 14,13 0.001 -1 0 13,13 0.001 -1 0 14,14 0.001 1 -1 115.039 440 ::f,2,3 f,2,12 f,12,13 f,14,3 
224:2,2 0.001 0 1 2,1 0.001 1 0 1,2 0.001 1 0 245.112 665 3,13 0.001 0 -1 2,14 0.001 1 0 1,14 0.001 0 1 139.096 500 13,1 0.001 1 0 13,2 0.001 1 -1 14,2 0.001 1 -1 128.029 485 14,13 0.001 -1 1 13,13 0.001 -1 0 14,14 0.001 0 -1 121.039 455 ::f,0,0 f,2,12 f,13,12 f,14,3 
225:2,2 0.001 1 1 2,1 0.001 1 -1 1,2 0.001 1 -1 245.112 665 3,13 0.001 -1 -1 2,14 0.001 1 -1 1,14 0.001 0 1 139.096 500 13,1 0.001 1 -1 13,2 0.001 0 -1 14,2 0.001 0 -1 128.029 485 14,13 0.001 -1 1 13,13 0.001 -1 1 14,14 0.001 0 -1 121.039 455 ::f,0,0 f,2,12 f,13,12 f,14,3 
226:2,2 0.001 1 1 2,1 0.001 1 -1 1,2 0.001 1 -1 245.112 665 3,13 0.001 -1 -1 2,14 0.001 1 -1 1,14 0.001 1 1 139.096 500 13,1 0.001 1 -1 13,2 0.001 0 -1 14,1 0.001 0 -1 128.03 485 14,13 0.001 0 1 13,13 0.001 -1 1 14,14 0.001 0 -1 121.039 455 ::f,0,0 f,2,12 f,13,12 f,14,3 
227:2,2 0.001 1 0 2,1 0.001 0 -1 1,2 0.001 0 -1 245.112 665 3,13 0.001 -1 -1 2,14 0.001 0 -1 1,14 0.001 1 1 148.096 515 13,1 0.001 0 -1 13,2 0.001 -1 -1 14,1 0.001 0 -1 128.03 485 14,13 0.001 0 1 13,13 0.001 0 1 14,14 0.001 -1 -1 121.039 455 ::f,0,0 f,3,14 f,13,12 f,14,3 
228:2,2 0.001 1 0 2,1 0.001 0 -1 1,2 0.001 0 -1 245.112 665 3,13 0.001 -1 0 2,13 0.001 0 -1 1,14 0.001 1 0 148.097 515 13,1 0.001 0 -1 13,2 0.001 -1 -1 14,1 0.001 -1 -1 128.03 485 14,13 0.001 1 1 13,14 0.001 0 1 14,14 0.001 -1 -1 121.04 455 ::f,0,0 f,3,14 f,13,12 f,14,3 
229:2,2 0.001 1 -1 2,1 0.001 -1 -1 1,2 0.001 -1 -1 245.112 665 3,13 0.001 -1 0 2,13 0.001 0 -1 2,14 0.001 1 0 148.098 515 13,1 0.001 -1 -1 13,2 0.001 -1 0 14,1 0.001 -1 -1 128.03 485 14,13 0.001 1 1 13,14 0.001 0 1 14,14 0.001 -1 0 121.04 455 ::f,0,0 f,3,14 f,13,12 f,14,3 
230:3,1 0.001 1 -1 2,1 0.001 -1 -1 1,2 0.001 -1 -1 245.113 665 3,13 0.001 -1 0 2,13 0.001 -1 -1 2,14 0.001 1 0 156.098 530 13,1 0.001 -1 -1 13,2 0.001 -1 0 14,1 0.001 -1 0 128.03 485 14,13 0.001 1 0 13,14 0.001 1 1 14,14 0.001 -1 0 121.04 455 ::f,0,0 f,0,15 f,13,12 f,14,3 
231:3,1 0.001 1 -1 2,1 0.001 -1 0 1,2 0.001 -1 0 245.113 665 3,13 0.001 -1 1 2,13 0.001 -1 -1 2,14 0.001 1 -1 156.098 530 13,1 0.001 -1 0 13,2 0.001 -1 1 14,1 0.001 -1 0 128.03 485 14,13 0.001 1 0 13,14 0.001 1 1 14,14 0.001 -1 1 121.04 455 ::f,0,0 f,0,15 f,13,12 f,14,3 
232:3,1 0.001 0 -1 1,1 0.001 -1 0 1,2 0.001 -1 0 245.114 665 3,13 0.001 -1 1 2,13 0.001 -1 0 2,14 0.001 1 -1 156.098 530 13,1 0.001 -1 0 13,2 0.001 -1 1 14,1 0.001 -1 0 128.03 485 14,13 0.001 1 -1 13,14 0.001 1 0 14,14 0.001 -1 1 121.04 455 ::f,0,0 f,0,15 f,13,12 f,14,3 
233:3,1 0.001 0 -1 1,1 0.001 -1 0 1,2 0.001 -1 1 245.114 665 3,13 0.001 0 1 1,13 0.001 -1 0 2,14 0.001 0 -1 156.099 530 13,1 0.001 -1 1 13,2 0.001 0 1 14,1 0.001 -1 1 128.03 485 14,13 0.001 1 -1 13,14 0.001 1 0 14,14 0.001 0 1 121.04 455 ::f,0,0 f,0,15 f,13,12 f,14,3 
234:3,1 0.001 -1 -1 1,1 0.001 -1 1 1,2 0.001 -1 1 245.114 665 3,13 0.001 0 1 1,13 0.001 -1 0 2,13 0.001 0 -1 156.1 530 13,1 0.001 -1 1 13,2 0.001 0 1 14,1 0.001 -1 1 128.03 485 14,13 0.001 0 -1 13,14 0.001 1 0 14,14 0.001 0 1 121.04 455 ::f,0,0 f,0,15 f,13,12 f,14,3 
235:2,0 0.001 -1 -1 1,1 0.001 -1 1 1,2 0.001 0 1 245.115 665 3,13 0.001 1 1 1,13 0.001 -1 1 2,13 0.001 0 -1 156.1 530 13,1 0.001 0 1 13,2 0.001 1 1 14,1 0.001 0 1 128.03 485 14,13 0.001 0 -1 13,14 0.001 1 -1 14,14 0.001 1 1 121.04 455 ::f,0,0 f,0,15 f,13,12 f,14,3 
236:2,0 0.001 -1 -1 1,1 0.001 0 1 1,2 0.001 0 1 245.115 665 3,13 0.001 1 1 1,13 0.001 -1 1 2,13 0.001 -1 -1 156.1 530 13,1 0.001 0 1 13,2 0.001 1 1 14,1 0.001 0 1 138.03 500 14,13 0.001 -1 -1 13,14 0.001 1 -1 14,14 0.001 1 1 121.04 455 ::f,0,0 f,0,15 f,13,12 f,15,3 
237:2,0 0.001 -1 0 1,1 0.001 0 1 1,2 0.001 1 1 245.115 665 3,13 0.001 1 0 1,13 0.001 0 1 2,13 0.001 -1 -1 156.1 530 13,1 0.001 0 1 13,2 0.001 1 0 14,1 0.001 1 1 138.03 500 14,13 0.001 -1 -1 13,14 0.001 0 -1 14,14 0.001 1 0 131.04 470 ::f,0,0 f,0,15 f,15,3 f,15,14 
238:1,0 0.001 -1 0 1,1 0.001 0 1 1,2 0.001 1 1 245.116 665 3,13 0.001 1 0 1,14 0.001 0 1 2,13 0.001 -1 0 156.101 530 13,1 0.001 1 1 14,2 0.001 1 0 14,1 0.001 1 1 138.031 500 14,13 0.001 -1 0 13,14 0.001 0 -1 14,14 0.001 1 0 137.04 485 ::f,0,0 f,0,15 f,12,15 f,15,3 
239:1,0 0.001 -1 0 1,1 0.001 1 1 1,2 0.001 1 0 255.116 680 3,13 0.001 1 -1 1,14 0.001 0 1 1,13 0.001 -1 0 156.102 530 13,1 0.001 1 1 14,2 0.001 1 0 14,1 0.001 1 0 138.031 500 13,13 0.001 -1 0 13,14 0.001 -1 -1 14,14 0.001 1 -1 137.041 485 ::f,0,15 f,3,2 f,12,15 f,15,3 
240:1,0 0.001 -1 1 1,1 0.001 1 1 2,2 0.001 1 0 255.117 680 3,13 0.001 1 -1 1,14 0.001 1 1 1,13 0.001 -1 0 156.102 530 13,1 0.001 1 1 14,2 0.001 1 -1 14,1 0.001 1 0 138.031 500 13,13 0.001 -1 0 13,14 0.001 -1 -1 14,14 0.001 1 -1 137.041 485 ::f,0,15 f,3,2 f,12,15 f,15,3 
241:0,1 0.001 -1 1 1,1 0.001 1 0 2,2 0.001 1 0 265.118 695 3,13 0.001 0 -1 1,14 0.001 1 1 1,13 0.001 -1 1 156.102 530 13,1 0.001 1 0 14,2 0.001 1 -1 14,1 0.001 1 -1 138.031 500 13,13 0.001 -1 1 13,14 0.001 -1 0 14,14 0.001 0 -1 137.041 485 ::f,0,15 f,2,3 f,12,15 f,15,3 
242:0,1 0.001 -1 1 1,1 0.001 1 0 2,2 0.001 1 -1 265.118 695 3,13 0.001 0 -1 1,14 0.001 1 0 1,13 0.001 -1 1 156.102 530 13,1 0.001 1 0 14,2 0.001 0 -1 14,1 0.001 1 -1 138.031 500 13,13 0.001 -1 1 13,14 0.001 -1 0 14,13 0.001 0 -1 137.042 485 ::f,0,15 f,2,3 f,12,15 f,15,3 
243:0,1 0.001 0 1 1,1 0.001 1 -1 2,2 0.001 1 -1 265.118 695 3,13 0.001 -1 -1 2,14 0.001 1 0 1,13 0.001 0 1 156.103 530 13,1 0.001 1 -1 14,2 0.001 0 -1 14,1 0.001 0 -1 138.031 500 13,13 0.001 0 1 13,14 0.001 -1 1 14,13 0.001 0 -1 137.042 485 ::f,0,15 f,2,3 f,12,15 f,15,3 
244:0,2 0.001 0 1 1,1 0.001 1 -1 2,2 0.001 0 -1 265.119 695 2,12 0.001 -1 -1 2,14 0.001 1 0 1,14 0.001 0 1 156.105 530 13,1 0.001 1 -1 14,2 0.001 0 -1 14,1 0.001 0 -1 138.031 500 13,13 0.001 0 1 13,14 0.001 -1 1 14,13 0.001 -1 -1 144.042 500 ::f,0,15 f,2,3 f,14,12 f,15,3 
245:0,2 0.001 0 1 1,1 0.001 0 -1 2,1 0.001 0 -1 265.12 695 2,12 0.001 -1 -1 2,14 0.001 1 -1 1,14 0.001 0 1 156.105 530 13,1 0.001 0 -1 14,2 0.001 -1 -1 14,1 0.001 -1 -1 138.031 500 13,13 0.001 0 1 13,14 0.001 0 1 14,13 0.001 -1 -1 144.042 500 ::f,0,15 f,2,3 f,14,12 f,15,3 
246:0,2 0.001 1 1 1,1 0.001 0 -1 2,1 0.001 0 -1 265.12 695 2,12 0.001 -1 0 2,14 0.001 1 -1 1,14 0.001 1 1 156.105 530 13,1 0.001 0 -1 14,2 0.001 -1 -1 14,1 0.001 -1 -1 138.031 500 13,13 0.001 1 1 13,14 0.001 0 1 14,13 0.001 -1 0 144.042 500 ::f,0,15 f,2,3 f,14,12 f,15,3 
247:1,3 0.001 1 1 1,1 0.001 -1 -1 2,1 0.001 -1 -1 265.121 695 1,12 0.001 -1 0 2,14 0.001 0 -1 1,14 0.001 1 1 156.106 530 13,1 0.001 -1 -1 14,2 0.001 -1 0 14,1 0.001 -1 0 138.031 500 13,13 0.001 1 1 13,14 0.001 1 1 14,13 0.001 -1 0 144.042 500 ::f,0,15 f,2,3 f,14,12 f,15,3 
248:1,3 0.001 1 1 1,1 0.001 -1 -1 2,1 0.001 -1 -1 265.121 695 1,12 0.001 -1 0 2,13 0.001 0 -1 1,14 0.001 1 0 156.107 530 13,1 0.001 -1 -1 14,2 0.001 -1 0 14,1 0.001 -1 0 138.031 500 13,13 0.001 1 0 13,14 0.001 1 1 14,13 0.001 -1 0 144.042 500 ::f,0,15 f,2,3 f,14,12 f,15,3 
249:1,3 0.001 1 0 1,1 0.001 -1 0 2,1 0.001 -1 0 265.121 695 1,12 0.001 -1 1 2,13 0.001 0 -1 2,14 0.001 1 0 156.108 530 13,1 0.001 -1 0 14,2 0.001 -1 1 14,1 0.001 -1 0 138.031 500 13,13 0.001 1 0 13,14 0.001 1 0 14,13 0.001 -1 1 144.042 500 ::f,0,15 f,2,3 f,14,12 f,15,3 
250:1,3 0.001 1 0 1,1 0.001 -1 0 2,1 0.001 -1 0 265.121 695 0,13 0.001 -1 1 2,13 0.001 -1 -1 2,14 0.001 1 0 156.109 530 13,1 0.001 -1 0 14,2 0.001 -1 1 14,1 0.001 -1 1 138.031 500 13,13 0.001 1 -1 14,14 0.001 1 0 14,13 0.001 -1 1 144.043 500 ::f,0,15 f,2,3 f,14,12 f,15,3 
251:1,3 0.001 1 0 1,1 0.001 -1 1 2,1 0.001 -1 0 275.121 710 0,13 0.001 -1 1 2,13 0.001 -1 -1 2,14 0.001 1 -1 156.109 530 13,1 0.001 -1 1 14,2 0.001 0 1 14,1 0.001 -1 1 138.031 500 13,13 0.001 1 -1 14,14 0.001 1 0 14,13 0.001 0 1 154.043 515 ::f,0,15 f,1,0 f,15,3 f,15,12 
252:1,3 0.001 1 -1 1,1 0.001 -1 1 2,1 0.001 -1 1 275.121 710 0,13 0.001 0 1 2,13 0.001 -1 0 2,14 0.001 1 -1 156.109 530 13,1 0.001 -1 1 14,2 0.001 0 1 14,1 0.001 0 1 138.031 500 13,13 0.001 0 -1 14,14 0.001 1 -1 14,13 0.001 0 1 154.043 515 ::f,0,15 f,1,0 f,15,3 f,15,12 
253:2,2 0.001 1 -1 1,1 0.001 0 1 2,1 0.001 -1 1 275.122 710 0,14 0.001 0 1 1,13 0.001 -1 0 2,14 0.001 0 -1 156.111 530 13,1 0.001 0 1 14,2 0.001 1 1 14,1 0.001 0 1 138.031 500 13,13 0.001 0 -1 14,14 0.001 1 -1 14,13 0.001 1 1 154.043 515 ::f,0,15 f,1,0 f,15,3 f,15,12 
254:2,2 0.001 1 -1 1,2 0.001 0 1 2,1 0.001 0 1 275.123 710 0,14 0.001 0 1 1,13 0.001 -1 0 2,13 0.001 0 -1 176.112 560 13,2 0.001 0 1 14,2 0.001 1 1 14,1 0.001 1 1 148.032 515 13,13 0.001 -1 -1 14,14 0.001 0 -1 14,13 0.001 1 1 154.043 515 ::f,1,0 f,2,15 f,15,1 f,15,12 
255:2,2 0.001 0 -1 1,2 0.001 0 1 2,1 0.001 0 1 275.123 710 0,14 0.001 1 1 1,13 0.001 -1 1 2,13 0.001 0 -1 176.112 560 13,2 0.001 0 1 14,2 0.001 1 0 14,1 0.001 1 1 148.032 515 13,13 0.001 -1 -1 14,14 0.001 0 -1 14,13 0.001 1 0 154.043 515 ::f,1,0 f,2,15 f,15,1 f,15,12 
256:2,2 0.001 0 -1 1,2 0.001 1 1 2,1 0.001 1 1 275.123 710 1,15 0.001 1 1 1,13 0.001 -1 1 2,13 0.001 -1 -1 176.113 560 13,2 0.001 1 1 14,2 0.001 1 0 14,1 0.001 1 0 148.032 515 13,13 0.001 -1 0 14,14 0.001 0 -1 14,13 0.001 1 0 154.043 515 ::f,1,0 f,2,15 f,15,1 f,15,12 
257:2,2 0.001 0 -1 1,2 0.001 1 1 2,1 0.001 1 1 275.123 710 1,15 0.001 1 1 1,13 0.001 0 1 2,13 0.001 -1 -1 176.113 560 13,2 0.001 1 1 14,2 0.001 1 -1 14,1 0.001 1 0 156.032 530 13,13 0.001 -1 0 14,14 0.001 -1 -1 14,13 0.001 1 -1 154.043 515 ::f,1,0 f,2,15 f,14,0 f,15,12 
258:2,2 0.001 -1 -1 1,2 0.001 1 0 2,1 0.001 1 0 275.123 710 1,15 0.001 1 0 1,14 0.001 0 1 2,13 0.001 -1 0 176.114 560 13,2 0.001 1 0 14,2 0.001 1 -1 14,1 0.001 1 -1 156.032 530 13,13 0.001 -1 1 14,14 0.001 -1 -1 14,13 0.001 1 -1 161.043 530 ::f,1,0 f,2,15 f,14,0 f,15,13 
259:2,2 0.001 -1 -1 1,2 0.001 1 0 2,1 0.001 1 0 275.123 710 1,15 0.001 1 0 1,14 0.001 0 1 1,13 0.001 -1 0 176.115 560 13,2 0.001 1 0 14,2 0.001 0 -1 14,1 0.001 1 -1 156.032 530 13,13 0.001 -1 1 14,14 0.001 -1 0 14,13 0.001 0 -1 161.043 530 ::f,1,0 f,2,15 f,14,0 f,15,13 
260:2,2 0.001 -1 0 1,2 0.001 1 0 2,1 0.001 1 -1 275.123 710 1,15 0.001 1 0 1,14 0.001 1 1 1,13 0.001 -1 0 186.116 575 13,2 0.001 1 0 14,2 0.001 0 -1 14,1 0.001 0 -1 156.032 530 13,13 0.001 0 1 14,14 0.001 -1 0 14,13 0.001 0 -1 161.043 530 ::f,1,0 f,2,12 f,14,0 f,15,13 
261:2,2 0.001 -1 0 1,2 0.001 1 -1 2,1 0.001 1 -1 275.123 710 1,15 0.001 1 -1 1,14 0.001 1 1 1,13 0.001 -1 1 186.116 575 13,2 0.001 1 -1 14,2 0.001 0 -1 14,1 0.001 0 -1 165.032 545 13,14 0.001 0 1 14,14 0.001 -1 1 14,13 0.001 -1 -1 161.044 530 ::f,1,0 f,2,12 f,13,0 f,15,13 
262:2,2 0.001 -1 1 1,2 0.001 1 -1 2,1 0.001 0 -1 275.123 710 1,15 0.001 1 -1 1,14 0.001 1 0 1,13 0.001 -1 1 186.116 575 13,2 0.001 1 -1 14,2 0.001 -1 -1 14,1 0.001 -1 -1 165.032 545 13,14 0.001 0 1 14,14 0.001 -1 1 14,13 0.001 -1 -1 161.044 530 ::f,1,0 f,2,12 f,13,0 f,15,13 
263:2,2 0.001 -1 1 1,2 0.001 0 -1 2,1 0.001 0 -1 275.123 710 1,15 0.001 0 -1 2,14 0.001 1 0 1,13 0.001 0 1 186.117 575 13,2 0.001 0 -1 14,2 0.001 -1 0 14,1 0.001 -1 -1 175.032 560 13,14 0.001 1 1 14,14 0.001 0 1 14,13 0.001 -1 0 161.044 530 ::f,1,0 f,2,12 f,13,1 f,15,13 
264:2,2 0.001 0 1 1,1 0.001 0 -1 2,1 0.001 -1 -1 275.124 710 1,15 0.001 0 -1 2,14 0.001 1 0 1,14 0.001 0 1 186.118 575 13,2 0.001 0 -1 14,2 0.001 -1 0 14,1 0.001 -1 0 185.033 575 13,14 0.001 1 1 14,14 0.001 0 1 13,13 0.001 -1 0 161.045 530 ::f,1,0 f,2,12 f,12,3 f,15,13 
265:2,2 0.001 0 1 1,1 0.001 0 -1 2,1 0.001 -1 -1 285.125 725 1,15 0.001 -1 -1 2,14 0.001 1 -1 1,14 0.001 0 1 186.118 575 13,2 0.001 -1 -1 14,2 0.001 -1 1 13,1 0.001 -1 0 185.034 575 13,14 0.001 1 0 14,14 0.001 1 1 13,13 0.001 -1 0 161.045 530 ::f,2,12 f,3,2 f,12,3 f,15,13 
266:2,2 0.001 1 1 1,1 0.001 -1 -1 2,1 0.001 -1 0 285.125 725 1,15 0.001 -1 -1 2,14 0.001 1 -1 1,14 0.001 1 1 186.118 575 13,2 0.001 -1 -1 14,2 0.001 -1 1 13,1 0.001 -1 0 185.034 575 13,14 0.001 1 0 14,14 0.001 1 1 13,13 0.001 -1 1 161.045 530 ::f,2,12 f,3,2 f,12,3 f,15,13 
267:2,2 0.001 1 1 1,1 0.001 -1 -1 2,1 0.001 -1 0 285.125 725 1,15 0.001 -1 0 2,14 0.001 0 -1 1,14 0.001 1 1 186.118 575 13,2 0.001 -1 0 14,2 0.001 0 1 13,1 0.001 -1 1 185.034 575 13,14 0.001 1 0 14,14 0.001 1 0 13,13 0.001 -1 1 161.045 530 ::f,2,12 f,3,2 f,12,3 f,15,13 
268:2,2 0.001 1 0 1,1 0.001 -1 0 2,1 0.001 -1 0 285.125 725 1,15 0.001 -1 0 2,13 0.001 0 -1 1,14 0.001 1 0 186.119 575 13,2 0.001 -1 0 14,2 0.001 0 1 13,1 0.001 -1 1 185.034 575 13,14 0.001 1 -1 14,14 0.001 1 0 13,13 0.001 0 1 161.045 530 ::f,2,12 f,3,2 f,12,3 f,15,13 
269:2,2 0.001 1 0 1,1 0.001 -1 0 2,1 0.001 -1 1 295.125 740 1,15 0.001 -1 1 2,13 0.001 0 -1 1,14 0.001 1 0 196.119 590 13,2 0.001 -1 1 14,2 0.001 1 1 13,1 0.001 0 1 185.034 575 13,14 0.001 1 -1 14,14 0.001 1 -1 13,13 0.001 0 1 161.045 530 ::f,0,0 f,2,14 f,12,3 f,15,13 
270:2,2 0.001 1 -1 1,1 0.001 -1 1 2,1 0.001 -1 1 295.125 740 1,15 0.001 -1 1 2,13 0.001 -1 -1 1,14 0.001 1 0 205.119 605 13,2 0.001 -1 1 14,2 0.001 1 1 13,1 0.001 0 1 195.034 590 13,14 0.001 0 -1 14,14 0.001 1 -1 13,13 0.001 0 1 169.045 545 ::f,0,0 f,1,13 f,12,1 f,13,12 
271:3,1 0.001 1 -1 1,1 0.001 -1 1 2,1 0.001 0 1 295.126 740 1,15 0.001 0 1 2,13 0.001 -1 -1 1,14 0.001 1 -1 205.119 605 13,2 0.001 0 1 14,2 0.001 1 0 13,1 0.001 0 1 195.034 590 13,14 0.001 0 -1 14,14 0.001 0 -1 13,13 0.001 1 1 169.045 545 ::f,0,0 f,1,13 f,12,1 f,13,12 
272:3,1 0.001 1 -1 1,1 0.001 0 1 2,1 0.001 0 1 295.126 740 1,15 0.001 0 1 2,13 0.001 -1 0 1,14 0.001 1 -1 205.119 605 13,2 0.001 0 1 14,2 0.001 1 0 13,1 0.001 1 1 195.034 590 13,14 0.001 0 -1 14,13 0.001 0 -1 13,13 0.001 1 1 169.046 545 ::f,0,0 f,1,13 f,12,1 f,13,12 
273:3,1 0.001 0 -1 1,2 0.001 0 1 2,1 0.001 1 1 295.127 740 1,15 0.001 1 1 2,13 0.001 -1 0 1,14 0.001 0 -1 205.119 605 13,2 0.001 1 1 14,2 0.001 1 -1 13,1 0.001 1 1 195.034 590 13,14 0.001 -1 -1 14,13 0.001 0 -1 13,13 0.001 1 0 169.046 545 ::f,0,0 f,1,13 f,12,1 f,13,12 
274:3,1 0.001 0 -1 1,2 0.001 0 1 2,1 0.001 1 1 295.127 740 1,15 0.001 1 1 2,13 0.001 -1 0 1,14 0.001 0 -1 215.119 620 13,2 0.001 1 1 14,2 0.001 1 -1 13,1 0.001 1 0 195.034 590 13,14 0.001 -1 -1 14,13 0.001 -1 -1 13,13 0.001 1 0 169.046 545 ::f,0,0 f,2,12 f,12,1 f,13,12 
275:3,1 0.001 -1 -1 1,2 0.001 1 1 2,1 0.001 1 0 295.127 740 1,15 0.001 1 0 2,13 0.001 -1 1 1,14 0.001 -1 -1 215.119 620 13,2 0.001 1 0 14,2 0.001 0 -1 13,1 0.001 1 0 195.034 590 13,14 0.001 -1 0 14,13 0.001 -1 -1 13,13 0.001 1 -1 178.046 560 ::f,0,0 f,2,12 f,12,1 f,15,14 
276:2,0 0.001 -1 -1 1,2 0.001 1 1 2,1 0.001 1 0 295.128 740 2,15 0.001 1 0 2,13 0.001 -1 1 1,14 0.001 -1 -1 215.12 620 13,2 0.001 1 0 14,1 0.001 0 -1 13,1 0.001 1 -1 195.035 590 13,14 0.001 -1 0 14,13 0.001 -1 0 13,13 0.001 1 -1 178.046 560 ::f,0,0 f,2,12 f,12,1 f,15,14 
277:2,0 0.001 -1 -1 1,2 0.001 1 0 2,1 0.001 1 -1 295.128 740 2,15 0.001 1 0 2,13 0.001 0 1 1,14 0.001 -1 0 215.12 620 13,2 0.001 1 0 14,1 0.001 0 -1 13,1 0.001 1 -1 195.035 590 13,14 0.001 -1 1 14,13 0.001 -1 0 13,13 0.001 0 -1 178.046 560 ::f,0,0 f,2,12 f,12,1 f,15,14 
278:2,0 0.001 -1 0 2,2 0.001 1 0 2,1 0.001 1 -1 295.129 740 2,15 0.001 1 -1 2,14 0.001 0 1 1,14 0.001 -1 0 215.121 620 13,2 0.001 1 -1 14,1 0.001 -1 -1 13,1 0.001 0 -1 195.035 590 13,14 0.001 -1 1 14,13 0.001 -1 0 13,13 0.001 0 -1 178.046 560 ::f,0,0 f,2,12 f,12,1 f,15,14 
279:1,0 0.001 -1 0 2,2 0.001 1 0 2,1 0.001 0 -1 295.13 740 3,14 0.001 1 -1 2,14 0.001 0 1 1,14 0.001 -1 1 215.122 620 13,2 0.001 1 -1 14,1 0.001 -1 -1 13,1 0.001 0 -1 195.035 590 13,14 0.001 0 1 14,13 0.001 -1 1 13,13 0.001 -1 -1 178.046 560 ::f,0,0 f,2,12 f,12,1 f,15,14 
280:1,0 0.001 -1 0 2,2 0.001 1 -1 2,1 0.001 0 -1 315.13 770 3,14 0.001 1 -1 2,14 0.001 1 1 1,14 0.001 -1 1 215.122 620 13,2 0.001 0 -1 14,1 0.001 -1 0 13,1 0.001 -1 -1 195.035 590 13,14 0.001 0 1 14,13 0.001 -1 1 13,13 0.001 -1 -1 178.046 560 ::f,1,3 f,2,12 f,12,1 f,15,14 
281:1,0 0.001 -1 1 2,2 0.001 1 -1 2,1 0.001 -1 -1 315.13 770 3,14 0.001 0 -1 2,14 0.001 1 1 1,14 0.001 0 1 215.122 620 13,2 0.001 0 -1 14,1 0.001 -1 0 13,1 0.001 -1 -1 195.035 590 13,14 0.001 1 1 14,13 0.001 0 1 13,13 0.001 -1 0 178.046 560 ::f,1,3 f,2,12 f,12,1 f,15,14 
282:0,1 0.001 -1 1 2,2 0.001 0 -1 2,1 0.001 -1 -1 315.131 770 3,13 0.001 0 -1 2,14 0.001 1 0 1,14 0.001 0 1 215.123 620 13,2 0.001 -1 -1 14,1 0.001 -1 0 13,1 0.001 -1 0 195.035 590 13,14 0.001 1 1 14,13 0.001 0 1 13,13 0.001 -1 0 178.046 560 ::f,1,3 f,2,12 f,12,1 f,15,14 
283:0,1 0.001 -1 1 2,2 0.001 0 -1 2,1 0.001 -1 0 315.131 770 3,13 0.001 0 -1 2,14 0.001 1 0 1,14 0.001 1 1 215.123 620 13,2 0.001 -1 -1 14,1 0.001 -1 1 13,1 0.001 -1 0 205.035 605 13,14 0.001 1 0 14,13 0.001 1 1 13,13 0.001 -1 1 178.046 560 ::f,1,3 f,2,12 f,14,2 f,15,14 
284:0,1 0.001 0 1 2,2 0.001 0 -1 1,1 0.001 -1 0 315.132 770 3,13 0.001 -1 -1 2,14 0.001 1 -1 1,14 0.001 1 1 215.123 620 13,2 0.001 -1 0 14,1 0.001 0 1 13,1 0.001 -1 1 205.035 605 14,14 0.001 1 0 14,13 0.001 1 1 13,13 0.001 -1 1 188.048 575 ::f,1,3 f,2,12 f,14,2 f,15,13 
285:0,2 0.001 0 1 2,2 0.001 -1 -1 1,1 0.001 -1 0 315.133 770 3,13 0.001 -1 -1 2,14 0.001 1 -1 1,14 0.001 1 0 215.123 620 13,2 0.001 -1 0 14,1 0.001 0 1 13,1 0.001 -1 1 215.035 620 14,14 0.001 1 0 14,13 0.001 1 0 13,13 0.001 0 1 188.048 575 ::f,1,3 f,2,12 f,15,1 f,15,13 
286:0,2 0.001 0 1 2,2 0.001 -1 -1 1,1 0.001 -1 1 315.133 770 3,13 0.001 -1 -1 2,14 0.001 0 -1 1,14 0.001 1 0 225.123 635 13,2 0.001 -1 1 14,1 0.001 1 1 13,1 0.001 0 1 215.035 620 14,14 0.001 1 -1 14,13 0.001 1 0 13,14 0.001 0 1 198.049 590 ::f,0,14 f,1,3 f,14,15 f,15,1 
287:0,2 0.001 1 1 2,2 0.001 -1 0 1,1 0.001 -1 1 315.133 770 3,13 0.001 -1 0 2,13 0.001 0 -1 1,14 0.001 1 0 225.124 635 13,2 0.001 -1 1 14,1 0.001 1 1 13,1 0.001 0 1 215.035 620 14,14 0.001 1 -1 14,13 0.001 1 -1 13,14 0.001 0 1 198.049 590 ::f,0,14 f,1,3 f,14,15 f,15,1 
288:0,2 0.001 1 1 1,2 0.001 -1 0 1,1 0.001 0 1 315.134 770 3,13 0.001 -1 0 2,13 0.001 0 -1 1,14 0.001 1 -1 225.124 635 13,2 0.001 0 1 14,1 0.001 1 0 13,1 0.001 0 1 215.035 620 14,14 0.001 0 -1 14,13 0.001 1 -1 13,14 0.001 1 1 198.049 590 ::f,0,14 f,1,3 f,14,15 f,15,1 
289:0,2 0.001 1 1 1,2 0.001 -1 0 1,1 0.001 0 1 325.134 785 3,13 0.001 -1 0 2,13 0.001 -1 -1 1,14 0.001 1 -1 225.124 635 13,2 0.001 0 1 14,1 0.001 1 0 13,1 0.001 1 1 225.035 635 14,14 0.001 0 -1 14,13 0.001 0 -1 13,14 0.001 1 1 206.049 605 ::f,0,0 f,0,14 f,12,14 f,13,0 
290:0,2 0.001 1 0 1,2 0.001 -1 1 1,1 0.001 0 1 325.134 785 3,13 0.001 -1 1 2,13 0.001 -1 -1 1,14 0.001 0 -1 225.124 635 13,2 0.001 1 1 14,1 0.001 1 -1 13,1 0.001 1 1 225.035 635 14,14 0.001 0 -1 14,13 0.001 0 -1 13,14 0.001 1 0 206.049 605 ::f,0,0 f,0,14 f,12,14 f,13,0 
291:0,2 0.001 1 0 1,2 0.001 -1 1 1,1 0.001 1 1 325.134 785 3,13 0.001 -1 1 2,13 0.001 -1 0 1,14 0.001 0 -1 225.124 635 13,2 0.001 1 1 14,1 0.001 1 -1 13,1 0.001 1 0 225.035 635 14,14 0.001 -1 -1 14,13 0.001 -1 -1 13,14 0.001 1 0 206.049 605 ::f,0,0 f,0,14 f,12,14 f,13,0 
292:0,2 0.001 1 -1 1,2 0.001 0 1 1,1 0.001 1 1 325.134 785 3,13 0.001 0 1 1,13 0.001 -1 0 1,14 0.001 -1 -1 225.125 635 13,2 0.001 1 0 14,1 0.001 0 -1 13,1 0.001 1 0 225.035 635 14,14 0.001 -1 -1 14,13 0.001 -1 -1 13,14 0.001 1 0 206.049 605 ::f,0,0 f,0,14 f,12,14 f,13,0 
293:0,2 0.001 1 -1 1,2 0.001 0 1 1,1 0.001 1 0 325.134 785 3,13 0.001 0 1 1,13 0.001 -1 0 1,14 0.001 -1 -1 225.125 635 14,2 0.001 1 0 14,1 0.001 0 -1 13,1 0.001 1 -1 225.036 635 14,14 0.001 -1 0 14,13 0.001 -1 0 13,14 0.001 1 -1 206.049 605 ::f,0,0 f,0,14 f,12,14 f,13,0 
294:0,2 0.001 0 -1 1,2 0.001 1 1 1,1 0.001 1 0 325.134 785 3,13 0.001 1 1 1,13 0.001 -1 1 1,14 0.001 -1 0 225.125 635 14,2 0.001 1 0 14,1 0.001 -1 -1 13,1 0.001 1 -1 225.036 635 14,14 0.001 -1 0 13,13 0.001 -1 0 13,14 0.001 1 -1 206.05 605 ::f,0,0 f,0,14 f,12,14 f,13,0 
295:0,2 0.001 0 -1 1,2 0.001 1 1 1,1 0.001 1 -1 325.134 785 3,13 0.001 1 1 1,13 0.001 -1 1 1,14 0.001 -1 0 235.125 650 14,2 0.001 1 -1 14,1 0.001 -1 -1 13,1 0.001 0 -1 235.036 650 14,14 0.001 -1 0 13,13 0.001 -1 0 13,14 0.001 0 -1 206.05 605 ::f,0,0 f,2,15 f,12,14 f,15,2 
296:0,2 0.001 -1 -1 1,2 0.001 1 0 1,1 0.001 1 -1 325.134 785 3,13 0.001 1 0 1,13 0.001 0 1 1,14 0.001 -1 1 235.125 650 14,2 0.001 1 -1 14,1 0.001 -1 0 13,1 0.001 0 -1 235.036 650 14,14 0.001 -1 1 13,13 0.001 -1 1 13,14 0.001 0 -1 206.05 605 ::f,0,0 f,2,15 f,12,14 f,15,2 
297:0,2 0.001 -1 -1 2,2 0.001 1 0 1,1 0.001 0 -1 325.135 785 3,13 0.001 1 0 1,13 0.001 0 1 1,14 0.001 -1 1 235.125 650 14,2 0.001 0 -1 14,1 0.001 -1 0 13,1 0.001 -1 -1 235.036 650 14,14 0.001 -1 1 13,13 0.001 -1 1 13,14 0.001 0 -1 216.05 620 ::f,0,0 f,2,15 f,13,12 f,15,2 
298:0,2 0.001 -1 0 2,2 0.001 1 0 1,1 0.001 0 -1 325.135 785 3,13 0.001 1 -1 1,13 0.001 0 1 1,14 0.001 0 1 235.125 650 14,2 0.001 0 -1 14,1 0.001 -1 0 13,1 0.001 -1 -1 235.036 650 14,14 0.001 0 1 13,13 0.001 0 1 13,14 0.001 0 -1 216.05 620 ::f,0,0 f,2,15 f,13,12 f,15,2 
299:0,2 0.001 -1 0 2,2 0.001 1 -1 1,1 0.001 -1 -1 325.135 785 3,13 0.001 1 -1 1,13 0.001 1 1 1,14 0.001 0 1 235.125 650 14,2 0.001 0 -1 14,1 0.001 -1 1 13,1 0.001 -1 0 235.036 650 14,14 0.001 0 1 13,13 0.001 0 1 13,14 0.001 -1 -1 216.05 620 ::f,0,0 f,2,15 f,13,12 f,15,2 
