16
0:2,2 0.001 0 -1 1,3 0.003 1 -1 2,0 0.002 1 -1 0.001 50 1,14 0.001 -1 1 1,12 0.003 0 -1 3,12 0.002 1 -1 0.001 50 15,1 0.001 0 -1 14,3 0.003 -1 1 12,1 0.002 -1 1 0.001 50 15,14 0.001 1 0 14,15 0.003 -1 1 13,13 0.002 0 1 0.001 50 ::f,0,15 f,2,1 f,12,12 f,13,0 
1:2,2 0.001 0 -1 1,3 0.001 1 -1 2,0 0.001 1 -1 0.0011 65 1,14 0.001 -1 1 1,12 0.001 0 -1 3,12 0.001 1 -1 0.0011 65 15,1 0.001 0 -1 14,3 0.001 -1 1 12,1 0.001 -1 1 0.001 50 15,14 0.001 1 0 14,15 0.001 -1 1 13,13 0.001 0 1 0.001 50 ::f,0,12 f,3,2 f,12,12 f,13,0 
2:2,2 0.001 -1 -1 1,3 0.001 0 -1 2,0 0.001 0 -1 0.0011 65 1,14 0.001 0 1 1,12 0.001 -1 -1 3,12 0.001 0 -1 0.0011 65 15,1 0.001 -1 -1 14,3 0.001 0 1 12,1 0.001 0 1 0.001 50 15,14 0.001 1 -1 14,15 0.001 0 1 13,13 0.001 1 1 0.001 50 ::f,0,12 f,3,2 f,12,12 f,13,0 
3:2,2 0.001 -1 -1 1,3 0.001 0 -1 2,0 0.001 0 -1 0.0011 65 1,14 0.001 0 1 1,12 0.001 -1 -1 3,12 0.001 0 -1 0.0011 65 15,1 0.001 -1 -1 14,3 0.001 0 1 12,1 0.001 0 1 0.001 50 15,14 0.001 1 -1 14,15 0.001 0 1 13,13 0.001 1 1 0.001 50 ::f,0,12 f,3,2 f,12,12 f,13,0 
4:2,2 0.001 -1 0 1,3 0.001 -1 -1 2,0 0.001 -1 -1 0.0011 65 1,14 0.001 1 1 1,12 0.001 -1 0 3,12 0.001 -1 -1 0.0011 65 15,1 0.001 -1 0 14,3 0.001 1 1 12,1 0.001 1 1 0.001 50 15,14 0.001 0 -1 14,15 0.001 1 1 13,13 0.001 1 0 0.001 50 ::f,0,12 f,3,2 f,12,12 f,13,0 
5:2,2 0.001 -1 0 1,3 0.001 -1 -1 2,0 0.001 -1 -1 0.0011 65 1,14 0.001 1 1 1,12 0.001 -1 0 3,12 0.001 -1 -1 0.0012 80 15,1 0.001 -1 0 14,3 0.001 1 1 12,1 0.001 1 1 0.001 50 15,14 0.001 0 -1 14,15 0.001 1 1 13,13 0.001 1 0 0.001 50 ::f,3,2 f,3,15 f,12,12 f,13,0 
6:2,2 0.001 -1 1 1,3 0.001 -1 0 2,0 0.001 -1 0 0.0011 65 1,14 0.001 1 0 1,12 0.001 -1 1 3,12 0.001 -1 0 0.0012 80 15,1 0.001 -1 1 14,3 0.001 1 0 12,1 0.001 1 0 0.001 50 15,14 0.001 -1 -1 14,15 0.001 1 0 13,13 0.001 1 -1 0.001 50 ::f,3,2 f,3,15 f,12,12 f,13,0 
7:2,2 0.001 -1 1 1,3 0.001 -1 0 1,0 0.001 -1 0 0.0021 65 2,14 0.001 1 0 1,12 0.001 -1 1 2,12 0.001 -1 0 0.0032 80 15,1 0.001 -1 1 14,3 0.001 1 0 12,1 0.001 1 0 0.001 50 15,14 0.001 -1 -1 14,15 0.001 1 0 13,13 0.001 1 -1 0.001 50 ::f,3,2 f,3,15 f,12,12 f,13,0 
8:2,2 0.001 0 1 1,3 0.001 -1 1 1,0 0.001 -1 0 0.0021 65 2,14 0.001 1 0 1,12 0.001 0 1 2,12 0.001 -1 0 0.0032 80 15,1 0.001 0 1 14,3 0.001 1 -1 12,1 0.001 1 -1 0.001 50 15,14 0.001 -1 0 14,15 0.001 1 -1 13,13 0.001 0 -1 0.001 50 ::f,3,2 f,3,15 f,12,12 f,13,0 
9:2,2 0.001 0 1 1,3 0.001 -1 1 1,0 0.001 -1 1 0.0021 65 2,14 0.001 1 -1 1,13 0.001 0 1 2,12 0.001 -1 1 0.0042 80 15,1 0.001 0 1 14,3 0.001 1 -1 12,1 0.001 1 -1 0.0011 65 15,14 0.001 -1 0 14,15 0.001 1 -1 13,13 0.001 0 -1 0.001 50 ::f,3,2 f,3,15 f,12,12 f,14,1 
10:2,2 0.001 1 1 1,3 0.001 0 1 1,0 0.001 -1 1 0.0021 65 2,14 0.001 1 -1 1,13 0.001 0 1 2,12 0.001 -1 1 0.0042 80 15,1 0.001 1 1 14,3 0.001 0 -1 12,1 0.001 0 -1 0.0011 65 15,14 0.001 -1 1 14,15 0.001 0 -1 13,13 0.001 -1 -1 0.001 50 ::f,3,2 f,3,15 f,12,12 f,14,1 
11:2,2 0.001 1 1 1,3 0.001 0 1 1,0 0.001 0 1 0.0021 65 2,14 0.001 0 -1 1,13 0.001 1 1 2,12 0.001 0 1 0.0042 80 15,1 0.001 1 1 14,2 0.001 0 -1 12,1 0.001 0 -1 0.0021 65 15,14 0.001 -1 1 14,14 0.001 0 -1 13,13 0.001 -1 -1 0.0021 65 ::f,3,2 f,3,15 f,14,1 f,14,12 
12:2,2 0.001 1 0 1,3 0.001 1 1 1,1 0.001 0 1 0.0031 65 2,13 0.001 0 -1 2,14 0.001 1 1 2,12 0.001 0 1 0.0062 80 15,1 0.001 1 0 14,2 0.001 0 -1 12,1 0.001 -1 -1 0.0022 80 15,14 0.001 0 1 14,13 0.001 0 -1 13,13 0.001 -1 0 0.0031 65 ::f,3,2 f,3,15 f,13,2 f,14,12 
13:2,2 0.001 1 0 1,3 0.001 1 1 1,1 0.001 0 1 1.0032 80 2,13 0.001 0 -1 2,14 0.001 1 1 2,12 0.001 0 1 1.0063 95 15,1 0.001 1 0 14,2 0.001 -1 -1 12,1 0.001 -1 -1 0.0022 80 15,14 0.001 0 1 14,13 0.001 0 -1 13,13 0.001 -1 0 0.0032 80 ::f,1,2 f,2,15 f,13,2 f,15,13 
14:2,2 0.001 1 -1 1,3 0.001 1 0 1,1 0.001 0 1 1.0033 95 2,13 0.001 -1 -1 2,14 0.001 1 0 2,12 0.001 1 1 1.0063 95 15,1 0.001 1 -1 14,2 0.001 -1 -1 12,1 0.001 -1 0 0.0022 80 15,14 0.001 1 1 14,13 0.001 -1 -1 13,13 0.001 -1 1 0.0032 80 ::f,2,15 f,3,2 f,13,2 f,15,13 
15:2,2 0.001 1 -1 2,3 0.001 1 0 1,1 0.001 1 1 1.0043 95 2,13 0.001 -1 -1 2,14 0.001 1 0 2,12 0.001 1 1 1.0063 95 15,1 0.001 1 -1 14,2 0.001 -1 0 12,1 0.001 -1 0 0.0022 80 15,14 0.001 1 1 14,13 0.001 -1 -1 13,13 0.001 -1 1 0.0032 80 ::f,2,15 f,3,2 f,13,2 f,15,13 
16:2,2 0.001 0 -1 2,3 0.001 1 0 1,1 0.001 1 0 1.0043 95 2,13 0.001 -1 0 2,14 0.001 1 -1 2,12 0.001 1 0 1.0063 95 15,1 0.001 0 -1 14,2 0.001 -1 0 12,1 0.001 -1 1 1.0023 95 15,14 0.001 1 0 14,13 0.001 -1 0 13,13 0.001 0 1 0.0032 80 ::f,2,15 f,3,2 f,13,3 f,15,13 
17:2,1 0.001 0 -1 2,3 0.001 1 -1 1,1 0.001 1 0 1.0053 95 1,13 0.001 -1 0 2,14 0.001 1 -1 2,12 0.001 1 0 1.0073 95 15,1 0.001 0 -1 14,2 0.001 -1 1 12,1 0.001 -1 1 1.0023 95 15,14 0.001 1 0 14,13 0.001 -1 0 13,14 0.001 0 1 0.0042 80 ::f,2,15 f,3,2 f,13,3 f,15,13 
18:2,1 0.001 0 -1 2,3 0.001 1 -1 1,1 0.001 1 -1 1.0054 110 1,13 0.001 -1 0 2,14 0.001 0 -1 2,12 0.001 1 -1 1.0073 95 15,1 0.001 -1 -1 14,2 0.001 -1 1 12,1 0.001 0 1 3.0024 110 15,14 0.001 1 -1 14,13 0.001 -1 0 13,14 0.001 0 1 0.0042 80 ::f,2,0 f,2,15 f,12,0 f,15,13 
19:2,1 0.001 -1 -1 2,3 0.001 0 -1 1,1 0.001 1 -1 2.0055 125 1,13 0.001 -1 1 2,13 0.001 0 -1 2,12 0.001 1 -1 1.0083 95 15,1 0.001 -1 -1 14,2 0.001 0 1 12,2 0.001 0 1 3.0034 110 15,14 0.001 1 -1 14,13 0.001 -1 1 13,14 0.001 1 1 0.0042 80 ::f,2,15 f,3,1 f,12,0 f,15,13 
20:2,1 0.001 -1 -1 2,2 0.001 0 -1 1,1 0.001 0 -1 2.0065 125 1,13 0.001 -1 1 2,13 0.001 0 -1 2,12 0.001 0 -1 1.0083 95 15,1 0.001 -1 0 14,2 0.001 0 1 12,2 0.001 0 1 3.0034 110 15,14 0.001 0 -1 14,13 0.001 -1 1 13,14 0.001 1 1 0.0042 80 ::f,2,15 f,3,1 f,12,0 f,15,13 
21:2,1 0.001 -1 0 2,2 0.001 0 -1 1,1 0.001 0 -1 2.0065 125 1,13 0.001 0 1 2,13 0.001 -1 -1 2,12 0.001 0 -1 1.0083 95 14,1 0.001 -1 0 14,2 0.001 1 1 12,2 0.001 1 1 3.0044 110 15,14 0.001 0 -1 14,13 0.001 0 1 13,14 0.001 1 0 0.0042 80 ::f,2,15 f,3,1 f,12,0 f,15,13 
22:2,1 0.001 -1 0 2,2 0.001 -1 -1 1,1 0.001 -1 -1 2.0065 125 1,14 0.001 0 1 2,13 0.001 -1 -1 2,12 0.001 -1 -1 1.0093 95 14,1 0.001 -1 0 14,2 0.001 1 1 12,2 0.001 1 1 3.0044 110 15,14 0.001 0 -1 14,13 0.001 0 1 14,14 0.001 1 0 0.0053 95 ::f,2,15 f,3,1 f,12,0 f,13,15 
23:2,1 0.001 -1 0 2,2 0.001 -1 -1 1,1 0.001 -1 -1 2.0065 125 1,14 0.001 0 1 2,13 0.001 -1 0 2,12 0.001 -1 -1 1.0093 95 14,1 0.001 -1 1 14,2 0.001 1 0 12,2 0.001 1 0 3.0044 110 15,14 0.001 -1 -1 14,13 0.001 1 1 14,14 0.001 1 0 0.0053 95 ::f,2,15 f,3,1 f,12,0 f,13,15 
24:2,1 0.001 -1 1 2,2 0.001 -1 0 1,1 0.001 -1 0 2.0065 125 1,14 0.001 1 1 1,13 0.001 -1 0 2,12 0.001 -1 0 1.0103 95 14,1 0.001 -1 1 14,2 0.001 1 0 13,2 0.001 1 0 3.0054 110 15,14 0.001 -1 -1 14,13 0.001 1 1 14,14 0.001 1 -1 0.0053 95 ::f,2,15 f,3,1 f,12,0 f,13,15 
25:2,1 0.001 -1 1 2,2 0.001 -1 0 1,1 0.001 -1 0 2.0065 125 1,14 0.001 1 1 1,13 0.001 -1 0 1,12 0.001 -1 0 2.0114 110 14,1 0.001 0 1 14,2 0.001 1 -1 13,2 0.001 1 0 3.0054 110 15,14 0.001 -1 0 14,13 0.001 1 0 14,14 0.001 1 -1 0.0053 95 ::f,0,12 f,3,1 f,12,0 f,13,15 
26:2,1 0.001 0 1 2,2 0.001 -1 1 1,1 0.001 -1 1 2.0065 125 1,14 0.001 1 0 1,13 0.001 -1 1 1,12 0.001 -1 0 2.0115 125 14,1 0.001 0 1 14,2 0.001 1 -1 13,2 0.001 1 -1 3.0054 110 15,14 0.001 -1 0 14,13 0.001 1 0 14,14 0.001 0 -1 0.0053 95 ::f,2,13 f,3,1 f,12,0 f,13,15 
27:2,1 0.001 0 1 2,2 0.001 -1 1 1,1 0.001 -1 1 2.0065 125 2,14 0.001 1 0 1,13 0.001 -1 1 1,12 0.001 -1 1 2.0125 125 14,1 0.001 1 1 14,2 0.001 0 -1 13,2 0.001 1 -1 3.0054 110 15,14 0.001 -1 1 14,13 0.001 1 -1 14,14 0.001 0 -1 0.0053 95 ::f,2,13 f,3,1 f,12,0 f,13,15 
28:2,1 0.001 1 1 2,2 0.001 0 1 1,1 0.001 0 1 2.0065 125 2,14 0.001 1 0 1,13 0.001 0 1 1,12 0.001 -1 1 2.0125 125 14,1 0.001 1 1 14,2 0.001 0 -1 13,2 0.001 0 -1 3.0054 110 15,14 0.001 -1 1 14,13 0.001 1 -1 14,14 0.001 0 -1 0.0053 95 ::f,2,13 f,3,1 f,12,0 f,13,15 
29:2,1 0.001 1 1 2,2 0.001 0 1 1,2 0.001 0 1 2.0075 125 2,14 0.001 1 -1 1,14 0.001 0 1 1,12 0.001 0 1 2.0135 125 14,1 0.001 1 0 14,2 0.001 0 -1 13,2 0.001 0 -1 3.0054 110 15,14 0.001 0 1 14,13 0.001 0 -1 14,14 0.001 -1 -1 0.0053 95 ::f,2,13 f,3,1 f,12,0 f,13,15 
30:2,1 0.001 1 0 2,2 0.001 1 1 1,2 0.001 0 1 2.0075 125 2,14 0.001 1 -1 1,14 0.001 0 1 1,13 0.001 0 1 2.0145 125 14,1 0.001 1 0 14,2 0.001 -1 -1 13,2 0.001 -1 -1 3.0054 110 15,14 0.001 0 1 14,13 0.001 0 -1 14,14 0.001 -1 -1 0.0053 95 ::f,2,13 f,3,1 f,12,0 f,13,15 
31:2,1 0.001 1 0 2,2 0.001 1 1 1,2 0.001 1 1 5.0077 155 2,14 0.001 0 -1 1,14 0.001 1 1 1,13 0.001 0 1 2.0145 125 14,1 0.001 1 -1 13,1 0.001 -1 -1 13,2 0.001 -1 -1 3.0064 110 15,14 0.001 1 1 14,13 0.001 -1 -1 14,14 0.001 -1 0 0.0053 95 ::f,1,1 f,2,13 f,12,0 f,13,15 
32:2,1 0.001 1 -1 2,2 0.001 1 0 1,2 0.001 1 1 5.0077 155 2,14 0.001 0 -1 1,14 0.001 1 1 1,13 0.001 1 1 2.0145 125 14,1 0.001 1 -1 13,1 0.001 -1 -1 13,2 0.001 -1 0 6.0065 125 15,14 0.001 1 1 14,13 0.001 -1 -1 14,14 0.001 -1 0 0.0053 95 ::f,1,1 f,2,13 f,12,1 f,13,15 
33:2,1 0.001 1 -1 2,2 0.001 1 0 1,2 0.001 1 0 5.0077 155 2,14 0.001 0 -1 1,14 0.001 1 0 1,13 0.001 1 1 4.0146 140 14,1 0.001 0 -1 13,1 0.001 -1 0 13,2 0.001 -1 0 6.0065 125 15,14 0.001 1 0 14,13 0.001 -1 0 14,14 0.001 -1 1 0.0053 95 ::f,1,1 f,3,15 f,12,1 f,13,15 
34:2,1 0.001 0 -1 2,2 0.001 1 -1 1,2 0.001 1 0 5.0077 155 2,14 0.001 -1 -1 1,14 0.001 1 0 1,13 0.001 1 1 4.0146 140 14,1 0.001 0 -1 13,1 0.001 -1 0 13,2 0.001 -1 1 10.0066 140 15,14 0.001 1 0 13,13 0.001 -1 0 14,14 0.001 -1 1 1.0064 110 ::f,1,1 f,3,15 f,12,13 f,15,3 
35:2,1 0.001 0 -1 2,2 0.001 1 -1 1,2 0.001 1 0 5.0077 155 2,14 0.001 -1 -1 1,14 0.001 1 0 1,13 0.001 1 0 4.0146 140 14,1 0.001 -1 -1 13,1 0.001 -1 1 13,2 0.001 -1 1 10.0066 140 15,14 0.001 1 -1 13,13 0.001 -1 0 14,14 0.001 0 1 2.0065 125 ::f,1,1 f,3,15 f,12,12 f,15,3 
36:2,1 0.001 -1 -1 2,2 0.001 0 -1 1,2 0.001 1 -1 5.0077 155 2,14 0.001 -1 0 1,14 0.001 1 -1 1,13 0.001 1 0 4.0146 140 14,1 0.001 -1 -1 13,1 0.001 -1 1 13,2 0.001 0 1 10.0066 140 15,14 0.001 1 -1 13,13 0.001 -1 1 14,14 0.001 0 1 2.0065 125 ::f,1,1 f,3,15 f,12,12 f,15,3 
37:2,1 0.001 -1 -1 2,2 0.001 0 -1 1,2 0.001 1 -1 5.0077 155 2,14 0.001 -1 0 1,14 0.001 1 -1 1,13 0.001 1 -1 4.0146 140 14,1 0.001 -1 0 13,1 0.001 0 1 13,2 0.001 0 1 10.0066 140 15,14 0.001 0 -1 13,13 0.001 -1 1 14,14 0.001 1 1 2.0065 125 ::f,1,1 f,3,15 f,12,12 f,15,3 
38:2,1 0.001 -1 0 2,2 0.001 0 -1 1,2 0.001 0 -1 5.0077 155 2,14 0.001 -1 1 1,14 0.001 0 -1 1,13 0.001 1 -1 4.0146 140 14,1 0.001 -1 0 13,1 0.001 0 1 13,2 0.001 1 1 10.0066 140 15,13 0.001 0 -1 13,13 0.001 0 1 14,14 0.001 1 1 2.0075 125 ::f,1,1 f,3,15 f,12,12 f,15,3 
39:2,1 0.001 -1 0 2,2 0.001 -1 -1 1,2 0.001 0 -1 7.0078 170 2,14 0.001 -1 1 1,14 0.001 0 -1 1,13 0.001 0 -1 4.0146 140 14,1 0.001 -1 0 13,1 0.001 0 1 13,2 0.001 1 1 10.0066 140 15,13 0.001 0 -1 13,14 0.001 0 1 14,14 0.001 1 0 2.0085 125 ::f,3,0 f,3,15 f,12,12 f,15,3 
40:2,1 0.001 -1 0 2,2 0.001 -1 -1 1,2 0.001 -1 -1 7.0078 170 2,14 0.001 0 1 1,14 0.001 -1 -1 1,13 0.001 0 -1 4.0146 140 14,1 0.001 -1 1 13,1 0.001 1 1 13,2 0.001 1 0 10.0066 140 15,13 0.001 -1 -1 13,14 0.001 0 1 14,14 0.001 1 0 2.0085 125 ::f,3,0 f,3,15 f,12,12 f,15,3 
41:2,1 0.001 -1 1 2,2 0.001 -1 0 1,2 0.001 -1 -1 7.0078 170 2,14 0.001 0 1 1,14 0.001 -1 -1 1,13 0.001 -1 -1 4.0146 140 14,1 0.001 -1 1 14,2 0.001 1 1 13,2 0.001 1 0 10.0076 140 15,13 0.001 -1 -1 13,14 0.001 1 1 14,14 0.001 1 -1 2.0085 125 ::f,3,0 f,3,15 f,12,12 f,15,3 
42:2,1 0.001 -1 1 2,2 0.001 -1 0 1,2 0.001 -1 0 7.0078 170 2,14 0.001 1 1 1,14 0.001 -1 0 1,13 0.001 -1 -1 4.0146 140 14,1 0.001 0 1 14,2 0.001 1 1 13,2 0.001 1 0 15.0077 155 15,13 0.001 -1 0 13,14 0.001 1 1 14,14 0.001 1 -1 2.0085 125 ::f,3,0 f,3,15 f,12,0 f,12,12 
43:2,1 0.001 0 1 2,2 0.001 -1 1 1,2 0.001 -1 0 7.0078 170 2,14 0.001 1 1 1,14 0.001 -1 0 1,13 0.001 -1 0 7.0147 155 14,1 0.001 0 1 14,2 0.001 1 0 13,2 0.001 1 -1 15.0077 155 14,13 0.001 -1 0 13,14 0.001 1 0 14,14 0.001 0 -1 2.0095 125 ::f,3,0 f,3,12 f,12,0 f,12,12 
44:2,1 0.001 0 1 2,2 0.001 -1 1 1,2 0.001 -1 1 7.0078 170 2,14 0.001 1 0 1,14 0.001 -1 1 1,13 0.001 -1 0 7.0147 155 14,1 0.001 1 1 14,2 0.001 1 0 13,2 0.001 1 -1 15.0077 155 14,13 0.001 -1 0 13,14 0.001 1 0 14,14 0.001 0 -1 2.0095 125 ::f,3,0 f,3,12 f,12,0 f,12,12 
45:2,1 0.001 1 1 2,2 0.001 0 1 1,2 0.001 -1 1 7.0078 170 2,14 0.001 1 0 1,14 0.001 -1 1 1,13 0.001 -1 1 7.0147 155 14,1 0.001 1 1 14,2 0.001 1 -1 13,2 0.001 0 -1 15.0077 155 14,13 0.001 -1 1 13,14 0.001 1 0 14,14 0.001 0 -1 2.0095 125 ::f,3,0 f,3,12 f,12,0 f,12,12 
46:2,1 0.001 1 1 2,2 0.001 0 1 1,2 0.001 0 1 7.0078 170 2,14 0.001 1 -1 1,14 0.001 0 1 1,13 0.001 -1 1 7.0147 155 14,1 0.001 1 0 14,2 0.001 1 -1 13,2 0.001 0 -1 15.0077 155 14,13 0.001 -1 1 13,14 0.001 1 -1 14,14 0.001 -1 -1 2.0095 125 ::f,3,0 f,3,12 f,12,0 f,12,12 
47:2,1 0.001 1 0 2,2 0.001 1 1 1,2 0.001 0 1 7.0078 170 2,14 0.001 1 -1 1,14 0.001 0 1 1,13 0.001 0 1 7.0147 155 14,1 0.001 1 0 14,2 0.001 0 -1 13,2 0.001 -1 -1 15.0077 155 14,13 0.001 0 1 13,14 0.001 1 -1 13,13 0.001 -1 -1 2.0105 125 ::f,3,0 f,3,12 f,12,0 f,12,12 
48:2,1 0.001 1 0 2,2 0.001 1 1 1,2 0.001 1 1 7.0078 170 2,14 0.001 0 -1 1,14 0.001 1 1 1,13 0.001 0 1 7.0147 155 14,1 0.001 1 -1 14,2 0.001 0 -1 13,2 0.001 -1 -1 15.0077 155 14,13 0.001 0 1 13,14 0.001 0 -1 13,13 0.001 -1 -1 4.0106 140 ::f,3,0 f,3,12 f,12,0 f,14,12 
49:2,1 0.001 1 -1 2,2 0.001 1 0 1,2 0.001 1 1 7.0078 170 2,13 0.001 0 -1 1,14 0.001 1 1 1,13 0.001 0 1 7.0157 155 14,1 0.001 1 -1 14,2 0.001 0 -1 13,2 0.001 -1 0 15.0077 155 14,13 0.001 1 1 13,14 0.001 0 -1 13,13 0.001 -1 0 4.0106 140 ::f,3,0 f,3,12 f,12,0 f,14,12 
50:2,1 0.001 1 -1 2,2 0.001 1 0 1,2 0.001 1 0 12.008 200 2,13 0.001 0 -1 1,14 0.001 1 0 1,13 0.001 1 1 7.0157 155 14,1 0.001 0 -1 14,2 0.001 -1 -1 13,2 0.001 -1 0 15.0077 155 14,13 0.001 1 1 13,14 0.001 -1 -1 13,13 0.001 -1 0 4.0106 140 ::f,3,3 f,3,12 f,12,0 f,14,12 
51:2,1 0.001 0 -1 2,2 0.001 1 -1 1,2 0.001 1 0 12.008 200 2,13 0.001 -1 -1 2,14 0.001 1 0 1,13 0.001 1 1 7.0167 155 14,1 0.001 0 -1 13,1 0.001 -1 -1 13,2 0.001 -1 1 15.0087 155 14,13 0.001 1 0 13,14 0.001 -1 -1 13,13 0.001 -1 1 4.0106 140 ::f,3,3 f,3,12 f,12,0 f,14,12 
52:2,1 0.001 0 -1 2,2 0.001 1 -1 1,2 0.001 1 0 12.008 200 2,13 0.001 -1 -1 2,14 0.001 1 0 1,13 0.001 1 0 7.0167 155 14,1 0.001 -1 -1 13,1 0.001 -1 -1 13,2 0.001 -1 1 21.0088 170 14,13 0.001 1 0 13,14 0.001 -1 0 13,13 0.001 -1 1 4.0106 140 ::f,3,3 f,3,12 f,13,3 f,14,12 
53:2,1 0.001 -1 -1 2,2 0.001 0 -1 1,2 0.001 1 -1 12.008 200 2,13 0.001 -1 0 2,14 0.001 1 -1 1,13 0.001 1 0 7.0167 155 14,1 0.001 -1 -1 13,1 0.001 -1 0 13,2 0.001 0 1 21.0088 170 14,13 0.001 1 -1 13,14 0.001 -1 0 13,13 0.001 0 1 4.0106 140 ::f,3,3 f,3,12 f,13,3 f,14,12 
54:2,1 0.001 -1 -1 2,2 0.001 0 -1 1,2 0.001 1 -1 12.008 200 2,13 0.001 -1 0 2,14 0.001 1 -1 1,13 0.001 1 -1 7.0167 155 14,1 0.001 -1 0 13,1 0.001 -1 0 13,2 0.001 0 1 22.0089 185 14,13 0.001 1 -1 13,14 0.001 -1 1 13,13 0.001 0 1 4.0106 140 ::f,3,3 f,3,12 f,14,2 f,14,12 
55:2,1 0.001 -1 0 2,2 0.001 0 -1 1,2 0.001 0 -1 12.008 200 2,13 0.001 -1 0 2,14 0.001 0 -1 1,13 0.001 1 -1 7.0167 155 14,1 0.001 -1 0 13,1 0.001 -1 1 13,2 0.001 1 1 22.0089 185 14,13 0.001 0 -1 13,14 0.001 -1 1 13,13 0.001 0 1 4.0106 140 ::f,3,3 f,3,12 f,14,2 f,14,12 
56:1,1 0.001 -1 0 2,2 0.001 -1 -1 1,2 0.001 0 -1 12.009 200 2,13 0.001 -1 1 2,14 0.001 0 -1 1,13 0.001 0 -1 7.0167 155 14,1 0.001 -1 0 13,1 0.001 -1 1 13,2 0.001 1 1 22.0089 185 14,13 0.001 0 -1 13,14 0.001 0 1 13,13 0.001 1 1 5.0107 155 ::f,3,3 f,3,12 f,14,2 f,14,14 
57:1,1 0.001 -1 0 2,2 0.001 -1 -1 1,2 0.001 -1 -1 12.009 200 2,13 0.001 -1 1 2,14 0.001 0 -1 1,13 0.001 0 -1 7.0167 155 14,1 0.001 -1 1 13,1 0.001 0 1 13,2 0.001 1 0 22.0089 185 14,13 0.001 -1 -1 13,14 0.001 0 1 13,13 0.001 1 1 8.0108 170 ::f,3,3 f,3,12 f,14,2 f,14,15 
58:1,1 0.001 -1 1 2,2 0.001 -1 0 1,2 0.001 -1 -1 12.009 200 2,13 0.001 0 1 2,14 0.001 -1 -1 1,13 0.001 -1 -1 7.0167 155 14,1 0.001 -1 1 13,1 0.001 0 1 13,2 0.001 1 0 22.0089 185 14,13 0.001 -1 -1 13,14 0.001 1 1 13,13 0.001 1 0 8.0108 170 ::f,3,3 f,3,12 f,14,2 f,14,15 
59:1,1 0.001 -1 1 2,2 0.001 -1 0 1,2 0.001 -1 0 12.009 200 2,13 0.001 0 1 2,14 0.001 -1 -1 1,13 0.001 -1 -1 7.0167 155 14,1 0.001 0 1 13,1 0.001 0 1 13,2 0.001 1 0 24.009 200 14,13 0.001 -1 0 13,14 0.001 1 1 13,13 0.001 1 0 10.0109 185 ::f,3,3 f,3,12 f,14,14 f,15,2 
60:1,1 0.001 0 1 2,2 0.001 -1 1 1,2 0.001 -1 0 12.009 200 2,13 0.001 1 1 2,14 0.001 -1 0 1,13 0.001 -1 0 7.0167 155 14,1 0.001 0 1 13,1 0.001 1 1 14,2 0.001 1 0 24.01 200 14,13 0.001 -1 0 13,14 0.001 1 0 13,13 0.001 1 -1 10.0109 185 ::f,3,3 f,3,12 f,14,14 f,15,2 
61:1,1 0.001 0 1 2,2 0.001 -1 1 1,2 0.001 -1 1 12.009 200 2,13 0.001 1 1 2,14 0.001 -1 0 1,13 0.001 -1 0 7.0167 155 14,1 0.001 1 1 13,1 0.001 1 1 14,2 0.001 1 0 27.0101 215 14,13 0.001 -1 0 13,14 0.001 1 0 13,13 0.001 1 -1 10.0109 185 ::f,3,3 f,3,12 f,13,2 f,14,14 
62:1,1 0.001 0 1 2,2 0.001 0 1 1,2 0.001 -1 1 12.009 200 2,13 0.001 1 0 2,14 0.001 -1 1 1,13 0.001 -1 1 7.0167 155 14,1 0.001 1 1 13,1 0.001 1 0 14,2 0.001 1 -1 27.0101 215 14,13 0.001 -1 1 13,14 0.001 1 0 13,13 0.001 0 -1 13.011 200 ::f,3,3 f,3,12 f,12,12 f,13,2 
63:1,1 0.001 1 1 2,2 0.001 0 1 1,2 0.001 0 1 12.009 200 2,13 0.001 1 0 2,14 0.001 -1 1 1,13 0.001 -1 1 7.0167 155 14,1 0.001 1 0 13,1 0.001 1 0 14,2 0.001 1 -1 27.0101 215 14,13 0.001 -1 1 13,14 0.001 1 -1 13,13 0.001 0 -1 13.011 200 ::f,3,3 f,3,12 f,12,12 f,13,2 
64:1,1 0.001 1 1 2,2 0.001 1 1 1,2 0.001 0 1 12.009 200 2,13 0.001 1 -1 2,14 0.001 0 1 1,13 0.001 0 1 7.0167 155 14,1 0.001 1 0 13,1 0.001 1 -1 14,2 0.001 0 -1 27.0101 215 14,13 0.001 0 1 13,14 0.001 1 -1 13,13 0.001 -1 -1 13.011 200 ::f,3,3 f,3,12 f,12,12 f,13,2 
65:1,1 0.001 1 1 2,2 0.001 1 1 1,2 0.001 1 1 15.0091 215 2,13 0.001 1 -1 2,14 0.001 0 1 1,14 0.001 0 1 11.0178 170 14,1 0.001 1 -1 13,1 0.001 1 -1 14,2 0.001 0 -1 27.0101 215 14,13 0.001 0 1 13,14 0.001 0 -1 13,13 0.001 -1 -1 17.0111 215 ::f,2,3 f,2,12 f,13,2 f,14,15 
66:1,1 0.001 1 0 2,2 0.001 1 0 1,2 0.001 1 1 18.0092 230 2,13 0.001 0 -1 2,14 0.001 1 1 1,14 0.001 0 1 11.0178 170 14,1 0.001 1 -1 13,1 0.001 0 -1 14,2 0.001 0 -1 27.0101 215 14,14 0.001 0 1 13,14 0.001 0 -1 13,13 0.001 -1 0 17.0121 215 ::f,0,3 f,2,12 f,13,2 f,14,15 
67:1,1 0.001 1 -1 2,2 0.001 1 0 1,2 0.001 1 0 18.0092 230 2,13 0.001 0 -1 2,14 0.001 1 1 1,14 0.001 1 1 16.0179 185 14,1 0.001 0 -1 13,1 0.001 0 -1 14,2 0.001 -1 -1 27.0101 215 14,14 0.001 0 1 13,14 0.001 -1 -1 13,13 0.001 -1 0 19.0122 230 ::f,0,3 f,3,14 f,13,2 f,14,13 
68:1,1 0.001 1 -1 2,2 0.001 1 -1 1,2 0.001 1 0 18.0092 230 2,13 0.001 -1 -1 2,14 0.001 1 0 1,14 0.001 1 1 16.0179 185 14,1 0.001 0 -1 13,1 0.001 -1 -1 14,2 0.001 -1 -1 27.0101 215 14,14 0.001 1 1 13,14 0.001 -1 -1 13,13 0.001 -1 1 19.0122 230 ::f,0,3 f,3,14 f,13,2 f,14,13 
69:1,1 0.001 0 -1 2,2 0.001 1 -1 1,2 0.001 1 0 18.0092 230 2,13 0.001 -1 -1 2,14 0.001 1 0 1,14 0.001 1 0 18.018 200 14,1 0.001 -1 -1 13,1 0.001 -1 -1 14,2 0.001 -1 0 27.0101 215 14,14 0.001 1 1 13,14 0.001 -1 0 13,13 0.001 -1 1 19.0122 230 ::f,0,3 f,1,15 f,13,2 f,14,13 
70:1,1 0.001 0 -1 2,2 0.001 0 -1 1,2 0.001 1 -1 18.0092 230 2,13 0.001 -1 0 2,14 0.001 1 -1 1,14 0.001 1 0 18.018 200 14,1 0.001 -1 -1 13,1 0.001 -1 0 14,2 0.001 -1 0 31.0102 230 14,14 0.001 1 0 13,14 0.001 -1 0 13,13 0.001 0 1 19.0122 230 ::f,0,3 f,1,15 f,13,0 f,14,13 
71:1,1 0.001 -1 -1 2,1 0.001 0 -1 1,2 0.001 1 -1 18.0102 230 1,13 0.001 -1 0 2,14 0.001 1 -1 1,14 0.001 1 0 18.019 200 14,1 0.001 -1 0 13,1 0.001 -1 0 14,2 0.001 -1 1 31.0102 230 14,14 0.001 1 0 13,14 0.001 -1 1 13,13 0.001 0 1 19.0122 230 ::f,0,3 f,1,15 f,13,0 f,14,13 
72:1,1 0.001 -1 -1 2,1 0.001 0 -1 1,2 0.001 0 -1 18.0102 230 1,13 0.001 -1 0 2,14 0.001 0 -1 1,14 0.001 1 -1 18.019 200 14,1 0.001 -1 0 13,1 0.001 -1 1 14,2 0.001 -1 1 31.0102 230 14,14 0.001 1 -1 13,14 0.001 -1 1 13,13 0.001 0 1 19.0122 230 ::f,0,3 f,1,15 f,13,0 f,14,13 
73:1,1 0.001 -1 0 2,1 0.001 -1 -1 1,2 0.001 0 -1 18.0102 230 1,13 0.001 -1 1 2,13 0.001 0 -1 1,14 0.001 1 -1 18.02 200 14,1 0.001 -1 0 13,1 0.001 -1 1 14,2 0.001 0 1 31.0102 230 14,14 0.001 1 -1 13,14 0.001 0 1 13,13 0.001 1 1 19.0122 230 ::f,0,3 f,1,15 f,13,0 f,14,13 
74:1,1 0.001 -1 0 2,1 0.001 -1 -1 1,2 0.001 -1 -1 18.0102 230 1,13 0.001 -1 1 2,13 0.001 0 -1 1,14 0.001 0 -1 18.02 200 14,1 0.001 -1 1 13,1 0.001 0 1 14,2 0.001 0 1 31.0102 230 14,14 0.001 0 -1 13,14 0.001 0 1 13,13 0.001 1 1 19.0122 230 ::f,0,3 f,1,15 f,13,0 f,14,13 
75:1,1 0.001 -1 1 2,1 0.001 -1 0 1,2 0.001 -1 -1 18.0102 230 1,13 0.001 0 1 2,13 0.001 -1 -1 1,14 0.001 0 -1 18.02 200 14,1 0.001 -1 1 13,2 0.001 0 1 14,2 0.001 1 1 31.0112 230 14,14 0.001 0 -1 13,14 0.001 1 1 13,13 0.001 1 0 19.0122 230 ::f,0,3 f,1,15 f,13,0 f,14,13 
76:1,1 0.001 -1 1 2,1 0.001 -1 0 1,2 0.001 -1 0 18.0102 230 1,13 0.001 0 1 2,13 0.001 -1 -1 1,14 0.001 -1 -1 18.02 200 14,1 0.001 0 1 13,2 0.001 0 1 14,2 0.001 1 1 31.0112 230 14,14 0.001 0 -1 13,14 0.001 1 1 14,13 0.001 1 0 22.0133 245 ::f,0,3 f,1,15 f,13,0 f,15,13 
77:1,1 0.001 0 1 2,1 0.001 -1 0 1,2 0.001 -1 0 18.0102 230 1,13 0.001 0 1 2,13 0.001 -1 0 1,14 0.001 -1 -1 18.02 200 14,1 0.001 0 1 13,2 0.001 1 1 14,2 0.001 1 0 31.0112 230 14,14 0.001 -1 -1 13,14 0.001 1 0 14,13 0.001 1 0 27.0134 260 ::f,0,3 f,1,15 f,13,0 f,13,13 
78:1,1 0.001 0 1 2,1 0.001 -1 1 1,2 0.001 -1 1 18.0102 230 1,13 0.001 1 1 2,13 0.001 -1 0 1,14 0.001 -1 0 18.02 200 14,1 0.001 1 1 13,2 0.001 1 1 14,2 0.001 1 0 31.0112 230 14,14 0.001 -1 -1 13,14 0.001 1 0 14,13 0.001 1 -1 31.0135 275 ::f,0,3 f,1,15 f,13,0 f,13,12 
79:1,1 0.001 0 1 2,1 0.001 -1 1 1,2 0.001 -1 1 22.0103 245 1,13 0.001 1 1 2,13 0.001 -1 0 1,14 0.001 -1 0 18.02 200 14,1 0.001 1 1 13,2 0.001 1 0 14,2 0.001 1 -1 31.0112 230 14,14 0.001 -1 0 13,14 0.001 1 0 14,13 0.001 1 -1 31.0135 275 ::f,1,15 f,2,0 f,13,0 f,13,12 
80:1,1 0.001 1 1 2,1 0.001 -1 1 1,2 0.001 0 1 22.0103 245 1,13 0.001 1 0 2,13 0.001 -1 1 1,14 0.001 -1 1 18.02 200 14,1 0.001 1 0 13,2 0.001 1 0 14,2 0.001 1 -1 31.0112 230 14,14 0.001 -1 0 13,14 0.001 1 -1 14,13 0.001 0 -1 31.0135 275 ::f,1,15 f,2,0 f,13,0 f,13,12 
81:1,1 0.001 1 1 2,1 0.001 0 1 1,2 0.001 0 1 22.0103 245 1,13 0.001 1 0 2,13 0.001 -1 1 1,14 0.001 -1 1 18.02 200 14,1 0.001 1 0 13,2 0.001 1 0 14,2 0.001 0 -1 31.0112 230 14,14 0.001 -1 1 13,14 0.001 1 -1 14,13 0.001 0 -1 31.0135 275 ::f,1,15 f,2,0 f,13,0 f,13,12 
82:1,1 0.001 1 0 2,1 0.001 0 1 1,2 0.001 1 1 22.0103 245 1,13 0.001 1 -1 2,13 0.001 0 1 1,14 0.001 0 1 18.02 200 14,1 0.001 1 -1 13,2 0.001 1 -1 14,2 0.001 0 -1 31.0112 230 14,14 0.001 -1 1 13,14 0.001 0 -1 14,13 0.001 -1 -1 31.0135 275 ::f,1,15 f,2,0 f,13,0 f,13,12 
83:1,1 0.001 1 0 2,1 0.001 1 1 1,2 0.001 1 1 22.0103 245 1,13 0.001 1 -1 2,13 0.001 0 1 1,14 0.001 0 1 19.0201 215 14,1 0.001 1 -1 13,2 0.001 1 -1 14,2 0.001 0 -1 31.0112 230 14,14 0.001 0 1 13,13 0.001 0 -1 14,13 0.001 -1 -1 37.0146 290 ::f,0,12 f,2,0 f,13,0 f,13,12 
84:1,1 0.001 1 -1 2,1 0.001 1 1 1,2 0.001 1 0 22.0103 245 1,13 0.001 0 -1 2,13 0.001 1 1 1,14 0.001 1 1 19.0201 215 14,1 0.001 0 -1 13,2 0.001 0 -1 14,2 0.001 -1 -1 31.0112 230 14,14 0.001 0 1 13,13 0.001 0 -1 14,13 0.001 -1 0 41.0147 305 ::f,0,12 f,2,0 f,13,0 f,15,14 
85:1,1 0.001 1 -1 2,1 0.001 1 0 2,2 0.001 1 0 26.0114 260 1,13 0.001 0 -1 2,13 0.001 1 1 1,14 0.001 1 1 19.0201 215 14,1 0.001 0 -1 13,1 0.001 0 -1 14,2 0.001 -1 -1 31.0122 230 14,14 0.001 1 1 13,13 0.001 -1 -1 14,13 0.001 -1 0 41.0147 305 ::f,0,12 f,3,3 f,13,0 f,15,14 
86:1,1 0.001 0 -1 2,1 0.001 1 0 2,2 0.001 1 0 26.0114 260 1,13 0.001 -1 -1 2,13 0.001 1 0 1,14 0.001 1 0 19.0201 215 14,1 0.001 -1 -1 13,1 0.001 0 -1 14,2 0.001 -1 0 38.0123 245 14,14 0.001 1 1 13,13 0.001 -1 -1 14,13 0.001 -1 0 41.0147 305 ::f,0,12 f,3,3 f,13,2 f,15,14 
87:1,1 0.001 0 -1 2,1 0.001 1 -1 2,2 0.001 1 -1 26.0114 260 1,13 0.001 -1 -1 2,13 0.001 1 0 2,14 0.001 1 0 28.0213 245 14,1 0.001 -1 -1 13,1 0.001 -1 -1 14,2 0.001 -1 0 43.0124 260 14,14 0.001 1 0 13,13 0.001 -1 0 14,13 0.001 -1 1 41.0147 305 ::f,2,15 f,3,3 f,13,2 f,15,14 
88:1,1 0.001 -1 -1 2,1 0.001 1 -1 2,2 0.001 1 -1 26.0114 260 1,13 0.001 -1 0 2,13 0.001 1 -1 2,14 0.001 1 0 28.0213 245 14,1 0.001 -1 0 13,1 0.001 -1 -1 14,2 0.001 -1 1 43.0124 260 14,14 0.001 1 0 13,13 0.001 -1 0 14,13 0.001 -1 1 53.0149 335 ::f,2,15 f,3,3 f,13,2 f,14,12 
89:1,1 0.001 -1 -1 2,1 0.001 0 -1 2,2 0.001 0 -1 26.0114 260 1,13 0.001 -1 0 2,13 0.001 1 -1 2,14 0.001 1 -1 28.0213 245 14,1 0.001 -1 0 13,1 0.001 -1 0 14,2 0.001 -1 1 43.0124 260 14,14 0.001 1 -1 13,13 0.001 -1 1 14,13 0.001 0 1 53.0149 335 ::f,2,15 f,3,3 f,13,2 f,14,12 
90:1,1 0.001 -1 0 2,1 0.001 0 -1 2,2 0.001 0 -1 26.0114 260 1,13 0.001 -1 1 2,13 0.001 0 -1 2,14 0.001 1 -1 28.0213 245 14,1 0.001 -1 0 13,1 0.001 -1 0 14,2 0.001 0 1 43.0124 260 14,14 0.001 1 -1 13,13 0.001 -1 1 14,13 0.001 0 1 53.0149 335 ::f,2,15 f,3,3 f,13,2 f,14,12 
91:1,1 0.001 -1 0 2,1 0.001 -1 -1 2,2 0.001 0 -1 26.0114 260 1,13 0.001 -1 1 2,13 0.001 0 -1 2,14 0.001 0 -1 28.0213 245 14,1 0.001 -1 1 13,1 0.001 -1 1 14,2 0.001 0 1 43.0124 260 14,14 0.001 0 -1 13,13 0.001 0 1 14,13 0.001 1 1 53.0149 335 ::f,2,15 f,3,3 f,13,2 f,14,12 
92:1,1 0.001 -1 1 2,1 0.001 -1 -1 2,2 0.001 -1 -1 26.0114 260 1,13 0.001 0 1 2,13 0.001 -1 -1 2,14 0.001 0 -1 28.0213 245 14,1 0.001 -1 1 13,1 0.001 -1 1 14,2 0.001 1 1 43.0125 275 14,14 0.001 0 -1 13,14 0.001 0 1 14,13 0.001 1 1 53.0159 335 ::f,2,15 f,3,3 f,13,0 f,14,12 
93:1,1 0.001 -1 1 2,1 0.001 -1 0 2,2 0.001 -1 -1 26.0114 260 1,14 0.001 0 1 2,13 0.001 -1 -1 2,14 0.001 0 -1 28.0223 245 14,1 0.001 0 1 13,1 0.001 0 1 14,2 0.001 1 1 43.0125 275 14,14 0.001 0 -1 13,14 0.001 0 1 14,13 0.001 1 0 53.0159 335 ::f,2,15 f,3,3 f,13,0 f,14,12 
94:1,1 0.001 0 1 2,1 0.001 -1 0 2,2 0.001 -1 0 26.0114 260 1,14 0.001 0 1 2,13 0.001 -1 0 2,14 0.001 -1 -1 28.0223 245 14,1 0.001 0 1 13,2 0.001 0 1 14,2 0.001 1 0 43.0135 275 14,14 0.001 -1 -1 13,14 0.001 1 1 14,13 0.001 1 0 53.0159 335 ::f,2,15 f,3,3 f,13,0 f,14,12 
95:1,2 0.001 0 1 2,1 0.001 -1 0 2,2 0.001 -1 0 26.0124 260 1,14 0.001 1 1 1,13 0.001 -1 0 2,14 0.001 -1 -1 28.0233 245 14,1 0.001 1 1 13,2 0.001 0 1 14,2 0.001 1 0 43.0135 275 14,14 0.001 -1 -1 13,14 0.001 1 1 14,13 0.001 1 -1 53.0159 335 ::f,2,15 f,3,3 f,13,0 f,14,12 
96:1,2 0.001 0 1 2,1 0.001 -1 1 2,2 0.001 -1 1 26.0124 260 1,14 0.001 1 1 1,13 0.001 -1 0 2,14 0.001 -1 0 35.0234 260 14,1 0.001 1 1 13,2 0.001 1 1 14,2 0.001 1 -1 43.0135 275 14,14 0.001 -1 0 13,14 0.001 1 0 14,13 0.001 1 -1 53.0159 335 ::f,0,14 f,3,3 f,13,0 f,14,12 
97:1,2 0.001 1 1 2,1 0.001 -1 1 2,2 0.001 -1 1 26.0124 260 1,14 0.001 1 0 1,13 0.001 -1 1 2,14 0.001 -1 0 35.0234 260 14,1 0.001 1 0 13,2 0.001 1 1 14,2 0.001 1 -1 43.0135 275 14,14 0.001 -1 0 13,14 0.001 1 0 14,13 0.001 0 -1 53.0159 335 ::f,0,14 f,3,3 f,13,0 f,14,12 
98:1,2 0.001 1 1 2,1 0.001 0 1 2,2 0.001 0 1 26.0124 260 1,14 0.001 1 0 1,13 0.001 -1 1 2,14 0.001 -1 0 39.0235 275 14,1 0.001 1 0 13,2 0.001 1 0 14,2 0.001 0 -1 43.0135 275 14,14 0.001 -1 1 13,14 0.001 1 0 14,13 0.001 0 -1 61.016 350 ::f,3,3 f,3,13 f,13,0 f,14,15 
99:1,2 0.001 1 0 2,1 0.001 0 1 2,2 0.001 0 1 26.0124 260 1,14 0.001 1 0 1,13 0.001 0 1 2,14 0.001 -1 1 39.0235 275 14,1 0.001 1 -1 13,2 0.001 1 0 14,2 0.001 0 -1 43.0135 275 14,14 0.001 -1 1 13,14 0.001 1 -1 14,13 0.001 -1 -1 61.016 350 ::f,3,3 f,3,13 f,13,0 f,14,15 
100:1,2 0.001 1 0 2,1 0.001 1 1 2,2 0.001 1 1 26.0124 260 1,14 0.001 1 -1 1,13 0.001 0 1 2,14 0.001 -1 1 39.0235 275 14,1 0.001 1 -1 13,2 0.001 1 0 14,2 0.001 0 -1 43.0135 275 14,14 0.001 0 1 13,14 0.001 1 -1 14,13 0.001 -1 -1 61.016 350 ::f,3,3 f,3,13 f,13,0 f,14,15 
101:1,2 0.001 1 0 2,1 0.001 1 1 2,2 0.001 1 1 31.0125 275 1,14 0.001 1 -1 1,13 0.001 0 1 2,14 0.001 0 1 39.0235 275 14,1 0.001 0 -1 13,2 0.001 1 -1 14,2 0.001 -1 -1 43.0135 275 14,14 0.001 0 1 13,14 0.001 0 -1 14,13 0.001 -1 0 67.0161 365 ::f,3,2 f,3,13 f,12,14 f,13,0 
102:1,2 0.001 1 0 2,1 0.001 1 0 2,2 0.001 1 0 31.0125 275 1,14 0.001 0 -1 1,13 0.001 1 1 2,14 0.001 0 1 39.0235 275 14,1 0.001 0 -1 13,2 0.001 1 -1 14,2 0.001 -1 -1 43.0135 275 14,14 0.001 1 1 13,14 0.001 0 -1 13,13 0.001 -1 0 67.0171 365 ::f,3,2 f,3,13 f,12,14 f,13,0 
103:1,2 0.001 1 0 2,1 0.001 1 0 2,2 0.001 1 0 37.0126 290 1,14 0.001 0 -1 1,13 0.001 1 1 2,14 0.001 1 1 39.0235 275 14,1 0.001 -1 -1 13,2 0.001 0 -1 14,2 0.001 -1 0 43.0135 275 14,14 0.001 1 1 13,14 0.001 -1 -1 13,13 0.001 -1 0 67.0171 365 ::f,0,3 f,3,13 f,12,14 f,13,0 
104:1,2 0.001 1 -1 2,1 0.001 1 -1 2,2 0.001 1 -1 37.0126 290 1,14 0.001 -1 -1 1,13 0.001 1 0 2,14 0.001 1 1 39.0235 275 14,1 0.001 -1 -1 13,1 0.001 0 -1 14,2 0.001 -1 0 44.0146 290 14,14 0.001 1 0 13,14 0.001 -1 -1 13,13 0.001 -1 1 67.0171 365 ::f,0,3 f,3,13 f,12,14 f,13,0 
105:1,2 0.001 0 -1 2,1 0.001 1 -1 2,2 0.001 1 -1 37.0126 290 1,14 0.001 -1 -1 2,13 0.001 1 0 2,14 0.001 1 0 39.0245 275 14,1 0.001 -1 0 13,1 0.001 0 -1 14,2 0.001 -1 1 52.0147 305 14,14 0.001 1 0 13,14 0.001 -1 0 13,13 0.001 -1 1 76.0172 380 ::f,0,3 f,3,13 f,15,3 f,15,14 
106:1,2 0.001 0 -1 2,1 0.001 0 -1 2,2 0.001 0 -1 37.0126 290 1,14 0.001 -1 0 2,13 0.001 1 0 2,14 0.001 1 0 44.0246 290 14,1 0.001 -1 0 13,1 0.001 -1 -1 14,2 0.001 -1 1 52.0147 305 14,14 0.001 1 -1 13,14 0.001 -1 0 13,13 0.001 0 1 76.0172 380 ::f,0,3 f,1,15 f,15,3 f,15,14 
107:1,2 0.001 -1 -1 2,1 0.001 0 -1 2,2 0.001 0 -1 37.0126 290 1,14 0.001 -1 0 2,13 0.001 1 -1 2,14 0.001 1 -1 44.0246 290 14,1 0.001 -1 0 13,1 0.001 -1 -1 14,2 0.001 0 1 52.0147 305 14,14 0.001 1 -1 13,14 0.001 -1 1 13,13 0.001 0 1 76.0172 380 ::f,0,3 f,1,15 f,15,3 f,15,14 
108:1,2 0.001 -1 -1 2,1 0.001 -1 -1 2,2 0.001 0 -1 37.0126 290 1,14 0.001 -1 1 2,13 0.001 1 -1 2,14 0.001 1 -1 44.0246 290 14,1 0.001 -1 1 13,1 0.001 -1 0 14,2 0.001 0 1 52.0147 305 14,14 0.001 0 -1 13,14 0.001 -1 1 13,13 0.001 0 1 76.0172 380 ::f,0,3 f,1,15 f,15,3 f,15,14 
109:1,2 0.001 -1 0 2,1 0.001 -1 -1 2,2 0.001 -1 -1 37.0126 290 1,14 0.001 -1 1 2,13 0.001 0 -1 2,14 0.001 0 -1 44.0246 290 14,1 0.001 -1 1 13,1 0.001 -1 0 14,2 0.001 1 1 52.0147 305 14,13 0.001 0 -1 13,14 0.001 0 1 13,13 0.001 1 1 76.0182 380 ::f,0,3 f,1,15 f,15,3 f,15,14 
110:1,2 0.001 -1 0 2,1 0.001 -1 0 2,2 0.001 -1 -1 37.0126 290 1,14 0.001 0 1 2,13 0.001 0 -1 2,14 0.001 0 -1 44.0246 290 14,1 0.001 0 1 13,1 0.001 -1 1 14,2 0.001 1 1 58.0148 320 14,13 0.001 0 -1 13,14 0.001 0 1 13,13 0.001 1 1 76.0182 380 ::f,0,3 f,1,15 f,13,3 f,15,14 
111:1,2 0.001 -1 1 1,1 0.001 -1 0 2,2 0.001 -1 0 37.0136 290 1,14 0.001 0 1 2,13 0.001 -1 -1 2,14 0.001 0 -1 52.0247 305 14,1 0.001 0 1 13,1 0.001 -1 1 14,2 0.001 1 0 58.0148 320 14,13 0.001 -1 -1 13,14 0.001 1 1 13,13 0.001 1 0 76.0182 380 ::f,0,3 f,0,13 f,13,3 f,15,14 
112:1,2 0.001 -1 1 1,1 0.001 -1 0 2,2 0.001 -1 0 42.0137 305 1,14 0.001 1 1 2,13 0.001 -1 -1 2,14 0.001 -1 -1 52.0247 305 14,1 0.001 1 1 13,1 0.001 0 1 14,2 0.001 1 0 58.0148 320 14,13 0.001 -1 -1 13,14 0.001 1 1 13,13 0.001 1 0 76.0182 380 ::f,0,13 f,2,0 f,13,3 f,15,14 
113:1,2 0.001 0 1 1,1 0.001 -1 1 2,2 0.001 -1 1 42.0137 305 1,14 0.001 1 1 2,13 0.001 -1 0 2,14 0.001 -1 -1 52.0247 305 14,1 0.001 1 1 13,2 0.001 0 1 14,2 0.001 1 -1 58.0158 320 14,13 0.001 -1 0 13,14 0.001 1 0 13,13 0.001 1 -1 76.0182 380 ::f,0,13 f,2,0 f,13,3 f,15,14 
114:1,2 0.001 0 1 1,1 0.001 -1 1 2,2 0.001 -1 1 42.0137 305 1,14 0.001 1 0 1,13 0.001 -1 0 2,14 0.001 -1 0 52.0257 305 14,1 0.001 1 0 13,2 0.001 0 1 14,2 0.001 1 -1 67.0159 335 14,13 0.001 -1 0 14,14 0.001 1 0 13,13 0.001 1 -1 76.0192 380 ::f,0,13 f,2,0 f,13,3 f,15,14 
115:1,2 0.001 1 1 1,1 0.001 0 1 2,2 0.001 0 1 42.0137 305 1,14 0.001 1 0 1,13 0.001 -1 0 2,14 0.001 -1 0 58.0258 320 14,1 0.001 1 0 13,2 0.001 1 1 14,2 0.001 0 -1 67.0159 335 14,13 0.001 -1 0 14,14 0.001 1 0 13,13 0.001 0 -1 81.0193 395 ::f,2,0 f,2,12 f,12,14 f,13,3 
116:1,2 0.001 1 1 1,1 0.001 0 1 2,2 0.001 0 1 42.0137 305 1,14 0.001 1 0 1,13 0.001 -1 1 2,14 0.001 -1 1 58.0258 320 14,1 0.001 1 -1 13,2 0.001 1 1 14,2 0.001 0 -1 67.0159 335 14,13 0.001 -1 1 14,14 0.001 1 -1 13,13 0.001 0 -1 81.0193 395 ::f,2,0 f,2,12 f,12,14 f,13,3 
117:1,2 0.001 1 0 1,1 0.001 0 1 2,2 0.001 1 1 42.0137 305 1,14 0.001 1 -1 1,13 0.001 -1 1 2,14 0.001 -1 1 58.0258 320 14,1 0.001 1 -1 13,2 0.001 1 0 14,2 0.001 0 -1 67.0159 335 14,13 0.001 -1 1 14,14 0.001 1 -1 13,13 0.001 -1 -1 81.0193 395 ::f,2,0 f,2,12 f,12,14 f,13,3 
118:1,2 0.001 1 0 1,1 0.001 1 1 2,2 0.001 1 1 42.0137 305 1,14 0.001 1 -1 1,13 0.001 0 1 2,14 0.001 0 1 58.0258 320 14,1 0.001 0 -1 13,2 0.001 1 0 14,2 0.001 -1 -1 67.0159 335 14,13 0.001 0 1 14,14 0.001 0 -1 13,13 0.001 -1 -1 81.0193 395 ::f,2,0 f,2,12 f,12,14 f,13,3 
119:1,2 0.001 1 0 1,1 0.001 1 1 2,2 0.001 1 0 42.0137 305 1,14 0.001 0 -1 1,13 0.001 0 1 2,14 0.001 0 1 58.0258 320 14,1 0.001 0 -1 13,2 0.001 1 0 14,2 0.001 -1 -1 67.0159 335 14,13 0.001 0 1 14,14 0.001 0 -1 13,13 0.001 -1 0 81.0193 395 ::f,2,0 f,2,12 f,12,14 f,13,3 
120:1,2 0.001 1 -1 1,1 0.001 1 0 2,2 0.001 1 0 42.0137 305 1,14 0.001 0 -1 1,13 0.001 0 1 2,14 0.001 1 1 58.0258 320 14,1 0.001 -1 -1 13,2 0.001 1 -1 14,2 0.001 -1 0 67.0159 335 14,13 0.001 1 1 14,14 0.001 0 -1 13,13 0.001 -1 0 81.0193 395 ::f,2,0 f,2,12 f,12,14 f,13,3 
121:1,2 0.001 1 -1 1,1 0.001 1 0 2,2 0.001 1 -1 42.0137 305 1,14 0.001 -1 -1 1,13 0.001 1 1 2,14 0.001 1 1 58.0258 320 14,1 0.001 -1 -1 13,2 0.001 1 -1 14,2 0.001 -1 0 67.0159 335 14,13 0.001 1 1 14,14 0.001 -1 -1 13,13 0.001 -1 1 81.0193 395 ::f,2,0 f,2,12 f,12,14 f,13,3 
122:1,2 0.001 0 -1 1,1 0.001 1 -1 2,2 0.001 1 -1 42.0137 305 1,14 0.001 -1 -1 1,13 0.001 1 1 2,14 0.001 1 0 58.0258 320 14,1 0.001 -1 0 13,2 0.001 0 -1 14,2 0.001 -1 1 67.0159 335 14,13 0.001 1 0 14,14 0.001 -1 -1 13,13 0.001 -1 1 91.0194 410 ::f,2,0 f,2,12 f,12,14 f,13,3 
123:1,2 0.001 0 -1 1,1 0.001 1 -1 2,2 0.001 0 -1 46.0138 320 1,14 0.001 -1 0 1,13 0.001 1 0 2,14 0.001 1 0 58.0258 320 13,1 0.001 -1 0 13,2 0.001 0 -1 14,2 0.001 -1 1 74.017 350 14,13 0.001 1 0 14,14 0.001 -1 0 13,13 0.001 0 1 91.0194 410 ::f,2,12 f,3,3 f,12,14 f,14,3 
124:1,2 0.001 -1 -1 1,1 0.001 0 -1 2,1 0.001 0 -1 46.0148 320 1,14 0.001 -1 0 1,13 0.001 1 0 2,14 0.001 1 -1 58.0258 320 13,1 0.001 -1 0 13,2 0.001 -1 -1 14,2 0.001 0 1 74.017 350 14,13 0.001 1 -1 13,14 0.001 -1 0 13,13 0.001 0 1 91.0204 410 ::f,2,12 f,3,3 f,12,14 f,14,3 
125:1,2 0.001 -1 -1 1,1 0.001 0 -1 2,1 0.001 0 -1 46.0148 320 1,14 0.001 -1 1 1,13 0.001 1 -1 2,14 0.001 1 -1 58.0258 320 13,1 0.001 -1 1 13,2 0.001 -1 -1 14,2 0.001 0 1 82.0171 365 14,13 0.001 1 -1 13,14 0.001 -1 0 13,13 0.001 0 1 97.0205 425 ::f,2,12 f,3,3 f,12,0 f,12,15 
126:1,2 0.001 -1 0 1,1 0.001 -1 -1 2,1 0.001 -1 -1 46.0148 320 1,14 0.001 -1 1 1,13 0.001 1 -1 2,14 0.001 0 -1 65.0259 335 13,1 0.001 -1 1 13,2 0.001 -1 0 14,2 0.001 1 1 82.0171 365 14,13 0.001 0 -1 13,14 0.001 -1 1 13,13 0.001 1 1 97.0205 425 ::f,1,15 f,3,3 f,12,0 f,12,15 
127:1,2 0.001 -1 0 1,1 0.001 -1 -1 2,1 0.001 -1 -1 46.0148 320 1,14 0.001 0 1 1,13 0.001 0 -1 2,13 0.001 0 -1 65.0269 335 13,1 0.001 0 1 13,2 0.001 -1 0 14,2 0.001 1 1 82.0171 365 14,13 0.001 0 -1 13,14 0.001 -1 1 13,13 0.001 1 1 104.021 440 ::f,1,15 f,3,3 f,12,0 f,15,13 
128:1,2 0.001 -1 1 1,1 0.001 -1 0 2,1 0.001 -1 0 46.0148 320 1,14 0.001 0 1 1,13 0.001 0 -1 2,13 0.001 0 -1 74.027 350 13,1 0.001 0 1 13,2 0.001 -1 1 14,2 0.001 1 0 82.0171 365 14,13 0.001 -1 -1 13,14 0.001 0 1 13,13 0.001 1 0 104.021 440 ::f,3,3 f,3,13 f,12,0 f,15,13 
129:1,2 0.001 -1 1 1,1 0.001 -1 0 2,1 0.001 -1 0 46.0148 320 1,14 0.001 1 1 1,13 0.001 -1 -1 2,13 0.001 -1 -1 74.027 350 13,1 0.001 0 1 13,2 0.001 -1 1 14,2 0.001 1 0 82.0171 365 14,13 0.001 -1 -1 13,14 0.001 0 1 13,13 0.001 1 0 104.021 440 ::f,3,3 f,3,13 f,12,0 f,15,13 
130:1,2 0.001 0 1 1,1 0.001 -1 1 2,1 0.001 -1 0 46.0148 320 1,14 0.001 1 1 1,13 0.001 -1 -1 2,13 0.001 -1 -1 74.027 350 13,1 0.001 1 1 13,2 0.001 0 1 14,2 0.001 1 -1 82.0171 365 14,13 0.001 -1 0 13,14 0.001 1 1 13,13 0.001 1 0 104.021 440 ::f,3,3 f,3,13 f,12,0 f,15,13 
131:1,2 0.001 0 1 1,1 0.001 -1 1 2,1 0.001 -1 1 46.0148 320 1,14 0.001 1 0 1,13 0.001 -1 0 2,13 0.001 -1 0 74.027 350 13,1 0.001 1 1 13,2 0.001 0 1 14,2 0.001 1 -1 82.0171 365 14,13 0.001 -1 0 13,14 0.001 1 1 13,13 0.001 1 -1 104.021 440 ::f,3,3 f,3,13 f,12,0 f,15,13 
132:1,2 0.001 1 1 1,1 0.001 0 1 2,1 0.001 -1 1 46.0148 320 2,14 0.001 1 0 1,13 0.001 -1 0 2,13 0.001 -1 0 74.028 350 13,1 0.001 1 0 13,2 0.001 1 1 14,2 0.001 0 -1 82.0171 365 14,13 0.001 -1 0 13,14 0.001 1 0 13,13 0.001 1 -1 104.021 440 ::f,3,3 f,3,13 f,12,0 f,15,13 
133:1,2 0.001 1 1 1,1 0.001 0 1 2,1 0.001 0 1 46.0148 320 2,14 0.001 1 0 1,13 0.001 -1 1 2,13 0.001 -1 0 74.028 350 13,1 0.001 1 0 13,2 0.001 1 1 14,1 0.001 0 -1 82.0181 365 14,13 0.001 -1 1 14,14 0.001 1 0 13,13 0.001 0 -1 104.022 440 ::f,3,3 f,3,13 f,12,0 f,15,13 
134:1,2 0.001 1 0 1,1 0.001 0 1 2,1 0.001 0 1 46.0148 320 2,14 0.001 1 -1 1,13 0.001 -1 1 2,13 0.001 -1 1 74.028 350 13,1 0.001 1 -1 13,2 0.001 1 0 14,1 0.001 0 -1 82.0181 365 14,13 0.001 -1 1 14,14 0.001 1 0 13,13 0.001 0 -1 104.022 440 ::f,3,3 f,3,13 f,12,0 f,15,13 
135:2,2 0.001 1 0 1,1 0.001 1 1 2,1 0.001 1 1 46.0158 320 2,14 0.001 1 -1 1,13 0.001 0 1 2,13 0.001 -1 1 84.0281 365 13,1 0.001 1 -1 14,2 0.001 1 0 14,1 0.001 -1 -1 82.0191 365 14,13 0.001 0 1 14,14 0.001 1 -1 13,13 0.001 -1 -1 104.022 440 ::f,2,12 f,3,3 f,12,0 f,15,13 
136:2,2 0.001 1 0 1,1 0.001 1 1 2,1 0.001 1 1 46.0158 320 2,14 0.001 0 -1 1,14 0.001 0 1 2,13 0.001 0 1 84.0291 365 13,1 0.001 0 -1 14,2 0.001 1 0 14,1 0.001 -1 -1 82.0191 365 14,13 0.001 0 1 14,14 0.001 1 -1 13,13 0.001 -1 -1 112.022 455 ::f,2,12 f,3,3 f,12,0 f,15,14 
137:2,2 0.001 1 -1 1,1 0.001 1 1 2,1 0.001 1 0 46.0158 320 2,14 0.001 0 -1 1,14 0.001 0 1 2,13 0.001 0 1 84.0291 365 13,1 0.001 0 -1 14,2 0.001 1 -1 14,1 0.001 -1 0 82.0191 365 14,13 0.001 1 1 14,14 0.001 0 -1 13,13 0.001 -1 0 112.022 455 ::f,2,12 f,3,3 f,12,0 f,15,14 
138:2,2 0.001 1 -1 1,1 0.001 1 0 2,1 0.001 1 0 46.0158 320 2,14 0.001 0 -1 1,14 0.001 1 1 2,13 0.001 1 1 84.0291 365 13,1 0.001 -1 -1 14,2 0.001 1 -1 14,1 0.001 -1 0 82.0191 365 14,13 0.001 1 1 14,14 0.001 0 -1 13,13 0.001 -1 0 119.022 470 ::f,2,12 f,3,3 f,12,0 f,14,15 
139:2,2 0.001 0 -1 1,1 0.001 1 0 2,1 0.001 1 -1 46.0158 320 2,14 0.001 -1 -1 1,14 0.001 1 1 2,13 0.001 1 1 84.0291 365 13,1 0.001 -1 -1 14,2 0.001 0 -1 14,1 0.001 -1 0 84.0192 380 14,13 0.001 1 0 14,14 0.001 0 -1 13,13 0.001 -1 1 119.022 470 ::f,2,12 f,3,3 f,13,0 f,14,15 
140:2,2 0.001 0 -1 1,1 0.001 1 -1 2,1 0.001 1 -1 46.0158 320 2,14 0.001 -1 -1 1,14 0.001 1 0 2,13 0.001 1 0 84.0291 365 13,1 0.001 -1 0 14,2 0.001 0 -1 14,1 0.001 -1 1 84.0192 380 14,13 0.001 1 0 14,14 0.001 -1 -1 13,13 0.001 -1 1 119.022 470 ::f,2,12 f,3,3 f,13,0 f,14,15 
141:2,2 0.001 0 -1 1,1 0.001 1 -1 2,1 0.001 0 -1 46.0158 320 2,14 0.001 -1 0 1,14 0.001 1 0 2,13 0.001 1 0 84.0291 365 13,1 0.001 -1 0 14,2 0.001 0 -1 14,1 0.001 -1 1 84.0192 380 14,13 0.001 1 -1 14,14 0.001 -1 -1 13,13 0.001 0 1 119.022 470 ::f,2,12 f,3,3 f,13,0 f,14,15 
142:2,2 0.001 -1 -1 1,1 0.001 0 -1 2,1 0.001 0 -1 46.0158 320 2,14 0.001 -1 0 1,14 0.001 1 0 2,13 0.001 1 -1 84.0291 365 13,1 0.001 -1 1 14,2 0.001 -1 -1 14,1 0.001 0 1 84.0192 380 14,13 0.001 1 -1 14,14 0.001 -1 0 13,14 0.001 0 1 119.023 470 ::f,2,12 f,3,3 f,13,0 f,14,15 
143:2,2 0.001 -1 -1 1,1 0.001 0 -1 2,1 0.001 -1 -1 46.0158 320 2,14 0.001 -1 1 1,14 0.001 1 -1 2,13 0.001 1 -1 84.0291 365 13,1 0.001 -1 1 14,2 0.001 -1 -1 14,1 0.001 0 1 84.0192 380 14,13 0.001 0 -1 14,14 0.001 -1 0 13,14 0.001 0 1 119.023 470 ::f,2,12 f,3,3 f,13,0 f,14,15 
144:2,2 0.001 -1 0 1,1 0.001 -1 -1 2,1 0.001 -1 -1 46.0158 320 2,14 0.001 -1 1 1,14 0.001 1 -1 2,13 0.001 0 -1 84.0291 365 13,1 0.001 0 1 14,2 0.001 -1 0 14,1 0.001 1 1 84.0192 380 14,13 0.001 0 -1 14,14 0.001 -1 1 13,14 0.001 1 1 119.023 470 ::f,2,12 f,3,3 f,13,0 f,14,15 
145:2,2 0.001 -1 0 1,1 0.001 -1 -1 2,1 0.001 -1 0 46.0158 320 2,14 0.001 0 1 1,14 0.001 0 -1 2,13 0.001 0 -1 86.0292 380 13,2 0.001 0 1 14,2 0.001 -1 0 14,1 0.001 1 1 84.0202 380 14,13 0.001 -1 -1 14,14 0.001 -1 1 13,14 0.001 1 1 129.023 485 ::f,3,3 f,3,12 f,13,0 f,13,12 
146:2,2 0.001 -1 1 1,1 0.001 -1 0 2,1 0.001 -1 0 46.0158 320 2,14 0.001 0 1 1,14 0.001 0 -1 2,13 0.001 -1 -1 86.0292 380 13,2 0.001 0 1 14,2 0.001 -1 1 14,1 0.001 1 0 84.0202 380 14,13 0.001 -1 -1 14,14 0.001 0 1 13,14 0.001 1 0 137.023 500 ::f,3,3 f,3,12 f,13,0 f,15,12 
147:2,2 0.001 -1 1 1,1 0.001 -1 0 2,1 0.001 -1 0 46.0158 320 2,14 0.001 1 1 1,14 0.001 -1 -1 2,13 0.001 -1 -1 86.0292 380 13,2 0.001 1 1 14,2 0.001 -1 1 14,1 0.001 1 0 84.0202 380 14,13 0.001 -1 0 14,14 0.001 0 1 13,14 0.001 1 0 137.023 500 ::f,3,3 f,3,12 f,13,0 f,15,12 
148:2,2 0.001 0 1 1,1 0.001 -1 1 2,1 0.001 -1 1 46.0158 320 2,14 0.001 1 1 1,14 0.001 -1 -1 2,13 0.001 -1 0 86.0292 380 13,2 0.001 1 1 14,2 0.001 0 1 14,1 0.001 1 -1 84.0202 380 13,13 0.001 -1 0 14,14 0.001 1 1 13,14 0.001 1 0 137.024 500 ::f,3,3 f,3,12 f,13,0 f,15,12 
149:2,2 0.001 0 1 1,1 0.001 -1 1 2,1 0.001 -1 1 46.0158 320 2,14 0.001 1 0 1,14 0.001 -1 0 1,13 0.001 -1 0 86.0302 380 13,2 0.001 1 0 14,2 0.001 0 1 14,1 0.001 1 -1 84.0202 380 13,13 0.001 -1 0 14,14 0.001 1 1 13,14 0.001 1 -1 137.024 500 ::f,3,3 f,3,12 f,13,0 f,15,12 
150:2,2 0.001 1 1 1,1 0.001 0 1 2,1 0.001 0 1 46.0158 320 2,14 0.001 1 0 1,14 0.001 -1 0 1,13 0.001 -1 0 86.0302 380 13,2 0.001 1 0 14,2 0.001 1 1 14,1 0.001 0 -1 84.0202 380 13,13 0.001 -1 1 14,14 0.001 1 0 14,13 0.001 1 -1 137.025 500 ::f,3,3 f,3,12 f,13,0 f,15,12 
151:2,2 0.001 1 1 1,2 0.001 0 1 2,1 0.001 0 1 52.0169 335 2,14 0.001 1 -1 1,14 0.001 -1 1 1,13 0.001 -1 1 86.0302 380 13,2 0.001 1 0 14,2 0.001 1 1 14,1 0.001 0 -1 84.0202 380 13,13 0.001 -1 1 14,14 0.001 1 0 14,13 0.001 1 -1 147.025 515 ::f,3,1 f,3,12 f,13,0 f,14,12 
152:2,2 0.001 1 0 1,2 0.001 0 1 2,1 0.001 1 1 52.0169 335 2,14 0.001 1 -1 1,14 0.001 -1 1 1,13 0.001 -1 1 86.0302 380 13,2 0.001 1 -1 14,2 0.001 1 0 14,1 0.001 -1 -1 84.0202 380 13,13 0.001 0 1 14,14 0.001 1 -1 14,13 0.001 0 -1 147.025 515 ::f,3,1 f,3,12 f,13,0 f,14,12 
153:2,2 0.001 1 0 1,2 0.001 1 1 2,1 0.001 1 1 52.0169 335 2,14 0.001 0 -1 1,14 0.001 0 1 1,13 0.001 0 1 86.0302 380 13,2 0.001 1 -1 14,2 0.001 1 0 14,1 0.001 -1 -1 93.0203 395 13,14 0.001 0 1 14,14 0.001 1 -1 14,13 0.001 0 -1 157.026 530 ::f,3,1 f,3,12 f,13,15 f,14,3 
154:2,2 0.001 1 -1 1,2 0.001 1 1 2,1 0.001 1 0 52.0169 335 2,13 0.001 0 -1 1,14 0.001 0 1 1,13 0.001 0 1 86.0312 380 13,2 0.001 0 -1 14,2 0.001 1 -1 14,1 0.001 -1 0 93.0203 395 13,14 0.001 0 1 14,14 0.001 0 -1 14,13 0.001 -1 -1 166.026 545 ::f,3,1 f,3,12 f,13,12 f,14,3 
155:2,2 0.001 1 -1 1,2 0.001 1 0 2,1 0.001 1 0 59.017 350 2,13 0.001 0 -1 1,14 0.001 1 1 1,13 0.001 0 1 86.0312 380 13,2 0.001 0 -1 14,2 0.001 1 -1 13,1 0.001 -1 0 93.0213 395 13,14 0.001 1 1 14,14 0.001 0 -1 14,13 0.001 -1 -1 176.026 560 ::f,3,0 f,3,12 f,13,15 f,14,3 
156:2,2 0.001 0 -1 1,2 0.001 1 0 2,1 0.001 1 -1 59.017 350 2,13 0.001 -1 -1 1,14 0.001 1 1 1,13 0.001 1 1 86.0312 380 13,2 0.001 -1 -1 14,2 0.001 0 -1 13,1 0.001 -1 0 93.0213 395 13,14 0.001 1 1 14,14 0.001 0 -1 14,13 0.001 -1 0 176.026 560 ::f,3,0 f,3,12 f,13,15 f,14,3 
157:2,2 0.001 0 -1 1,2 0.001 1 0 2,1 0.001 1 -1 66.0171 365 2,13 0.001 -1 -1 1,14 0.001 1 0 1,13 0.001 1 1 86.0312 380 13,2 0.001 -1 -1 14,1 0.001 0 -1 13,1 0.001 -1 1 93.0223 395 13,14 0.001 1 0 14,14 0.001 -1 -1 13,13 0.001 -1 0 176.027 560 ::f,0,1 f,3,12 f,13,15 f,14,3 
158:2,2 0.001 0 -1 1,2 0.001 1 -1 2,1 0.001 0 -1 66.0171 365 2,13 0.001 -1 0 2,14 0.001 1 0 1,13 0.001 1 0 86.0322 380 13,2 0.001 -1 0 14,1 0.001 0 -1 13,1 0.001 -1 1 93.0223 395 13,14 0.001 1 0 14,14 0.001 -1 -1 13,13 0.001 -1 0 176.027 560 ::f,0,1 f,3,12 f,13,15 f,14,3 
159:2,2 0.001 -1 -1 1,2 0.001 1 -1 2,1 0.001 0 -1 66.0171 365 2,13 0.001 -1 0 2,14 0.001 1 0 1,13 0.001 1 0 86.0322 380 13,2 0.001 -1 0 14,1 0.001 -1 -1 13,1 0.001 0 1 93.0223 395 13,14 0.001 1 0 14,14 0.001 -1 0 13,13 0.001 -1 1 176.027 560 ::f,0,1 f,3,12 f,13,15 f,14,3 
160:2,2 0.001 -1 -1 1,2 0.001 0 -1 2,1 0.001 -1 -1 66.0171 365 2,13 0.001 -1 0 2,14 0.001 1 -1 1,13 0.001 1 -1 86.0322 380 13,2 0.001 -1 1 14,1 0.001 -1 -1 13,1 0.001 0 1 93.0223 395 13,14 0.001 1 -1 14,14 0.001 -1 0 13,13 0.001 -1 1 176.027 560 ::f,0,1 f,3,12 f,13,15 f,14,3 
161:2,2 0.001 -1 0 1,2 0.001 0 -1 2,1 0.001 -1 -1 66.0171 365 2,13 0.001 -1 1 2,14 0.001 1 -1 1,13 0.001 1 -1 86.0322 380 13,2 0.001 -1 1 14,1 0.001 -1 0 13,1 0.001 0 1 93.0223 395 13,14 0.001 1 -1 14,14 0.001 -1 1 13,13 0.001 0 1 176.027 560 ::f,0,1 f,3,12 f,13,15 f,14,3 
162:2,2 0.001 -1 0 1,2 0.001 -1 -1 2,1 0.001 -1 0 66.0171 365 2,13 0.001 -1 1 2,14 0.001 0 -1 1,13 0.001 0 -1 86.0322 380 13,2 0.001 0 1 14,1 0.001 -1 0 13,1 0.001 1 1 93.0223 395 13,14 0.001 0 -1 14,14 0.001 -1 1 13,13 0.001 0 1 185.028 575 ::f,0,1 f,3,12 f,14,3 f,15,14 
163:2,2 0.001 -1 1 1,2 0.001 -1 -1 1,1 0.001 -1 0 71.0182 380 2,13 0.001 0 1 2,14 0.001 0 -1 1,13 0.001 0 -1 86.0322 380 13,2 0.001 0 1 14,1 0.001 -1 0 13,1 0.001 1 1 93.0223 395 13,14 0.001 0 -1 14,14 0.001 0 1 13,13 0.001 0 1 185.028 575 ::f,0,2 f,3,12 f,14,3 f,15,14 
164:2,2 0.001 -1 1 1,2 0.001 -1 0 1,1 0.001 -1 0 71.0182 380 2,13 0.001 0 1 2,14 0.001 0 -1 1,13 0.001 -1 -1 86.0322 380 13,2 0.001 1 1 14,1 0.001 -1 1 13,1 0.001 1 0 93.0223 395 13,14 0.001 -1 -1 14,14 0.001 0 1 13,13 0.001 1 1 185.028 575 ::f,0,2 f,3,12 f,14,3 f,15,14 
165:2,2 0.001 0 1 1,2 0.001 -1 0 1,1 0.001 -1 1 77.0183 395 2,13 0.001 1 1 2,14 0.001 -1 -1 1,13 0.001 -1 -1 86.0322 380 13,2 0.001 1 1 14,1 0.001 -1 1 13,1 0.001 1 0 96.0224 410 13,14 0.001 -1 -1 14,14 0.001 1 1 13,13 0.001 1 1 185.028 575 ::f,2,1 f,3,12 f,15,0 f,15,14 
166:2,2 0.001 0 1 1,2 0.001 -1 1 1,1 0.001 -1 1 77.0183 395 2,13 0.001 1 1 2,14 0.001 -1 -1 1,13 0.001 -1 0 86.0322 380 13,2 0.001 1 0 14,1 0.001 0 1 13,1 0.001 1 -1 96.0224 410 13,14 0.001 -1 0 14,14 0.001 1 1 13,13 0.001 1 0 185.028 575 ::f,2,1 f,3,12 f,15,0 f,15,14 
167:2,2 0.001 1 1 1,2 0.001 -1 1 1,1 0.001 0 1 77.0183 395 2,13 0.001 1 0 2,14 0.001 -1 0 1,13 0.001 -1 0 86.0322 380 14,2 0.001 1 0 14,1 0.001 0 1 13,1 0.001 1 -1 96.0234 410 13,14 0.001 -1 0 14,14 0.001 1 0 13,13 0.001 1 0 185.028 575 ::f,2,1 f,3,12 f,15,0 f,15,14 
168:2,2 0.001 1 1 1,2 0.001 0 1 1,1 0.001 0 1 77.0183 395 2,13 0.001 1 0 2,14 0.001 -1 0 1,13 0.001 -1 1 86.0322 380 14,2 0.001 1 0 14,1 0.001 1 1 13,1 0.001 0 -1 96.0234 410 13,14 0.001 -1 1 14,14 0.001 1 0 13,13 0.001 1 -1 195.028 590 ::f,2,1 f,3,12 f,15,0 f,15,15 
169:2,2 0.001 1 0 1,2 0.001 0 1 1,1 0.001 0 1 77.0183 395 2,13 0.001 1 -1 2,14 0.001 -1 1 1,13 0.001 -1 1 86.0322 380 14,2 0.001 1 -1 14,1 0.001 1 1 13,1 0.001 0 -1 96.0234 410 13,14 0.001 -1 1 14,14 0.001 1 -1 13,13 0.001 1 -1 195.028 590 ::f,2,1 f,3,12 f,15,0 f,15,15 
170:2,2 0.001 1 0 1,2 0.001 1 1 1,1 0.001 1 1 77.0183 395 2,13 0.001 1 -1 2,14 0.001 -1 1 1,13 0.001 0 1 96.0323 395 14,2 0.001 1 -1 14,1 0.001 1 0 13,1 0.001 -1 -1 96.0234 410 13,14 0.001 0 1 14,14 0.001 1 -1 13,13 0.001 0 -1 195.028 590 ::f,2,1 f,3,13 f,15,0 f,15,15 
171:2,2 0.001 1 -1 1,2 0.001 1 1 1,1 0.001 1 1 77.0183 395 2,13 0.001 0 -1 2,14 0.001 0 1 1,14 0.001 0 1 96.0333 395 14,2 0.001 0 -1 14,1 0.001 1 0 13,1 0.001 -1 -1 96.0234 410 13,14 0.001 0 1 14,14 0.001 0 -1 13,13 0.001 0 -1 195.028 590 ::f,2,1 f,3,13 f,15,0 f,15,15 
172:2,2 0.001 1 -1 1,2 0.001 1 0 1,1 0.001 1 0 77.0183 395 2,13 0.001 0 -1 2,14 0.001 0 1 1,14 0.001 0 1 96.0333 395 14,2 0.001 0 -1 14,1 0.001 1 -1 13,1 0.001 -1 0 96.0234 410 13,14 0.001 1 1 14,13 0.001 0 -1 13,13 0.001 -1 -1 195.029 590 ::f,2,1 f,3,13 f,15,0 f,15,15 
173:2,2 0.001 0 -1 1,2 0.001 1 0 1,1 0.001 1 0 85.0184 410 2,13 0.001 -1 -1 2,14 0.001 1 1 1,14 0.001 1 1 96.0333 395 14,2 0.001 0 -1 14,1 0.001 1 -1 13,1 0.001 -1 0 106.024 425 13,14 0.001 1 1 14,13 0.001 0 -1 13,13 0.001 -1 -1 195.029 590 ::f,1,3 f,3,13 f,12,3 f,15,15 
174:2,1 0.001 0 -1 1,2 0.001 1 0 1,1 0.001 1 -1 85.0194 410 2,13 0.001 -1 -1 2,14 0.001 1 1 1,14 0.001 1 1 96.0333 395 14,2 0.001 -1 -1 14,1 0.001 0 -1 13,1 0.001 -1 1 106.024 425 13,14 0.001 1 0 14,13 0.001 -1 -1 13,13 0.001 -1 0 195.029 590 ::f,1,3 f,3,13 f,12,3 f,15,15 
175:2,1 0.001 0 -1 1,2 0.001 1 -1 1,1 0.001 1 -1 85.0194 410 2,13 0.001 -1 0 2,14 0.001 1 0 1,14 0.001 1 0 96.0333 395 14,2 0.001 -1 -1 14,1 0.001 0 -1 13,1 0.001 -1 1 106.024 425 14,14 0.001 1 0 14,13 0.001 -1 -1 13,13 0.001 -1 0 195.03 590 ::f,1,3 f,3,13 f,12,3 f,15,15 
176:2,1 0.001 -1 -1 1,2 0.001 1 -1 1,1 0.001 0 -1 85.0194 410 1,13 0.001 -1 0 2,14 0.001 1 0 1,14 0.001 1 0 96.0343 395 14,2 0.001 -1 0 14,1 0.001 -1 -1 13,1 0.001 0 1 106.024 425 14,14 0.001 1 0 14,13 0.001 -1 0 13,13 0.001 -1 1 195.03 590 ::f,1,3 f,3,13 f,12,3 f,15,15 
177:2,1 0.001 -1 -1 1,2 0.001 0 -1 1,1 0.001 0 -1 85.0194 410 1,13 0.001 -1 0 2,14 0.001 1 -1 1,14 0.001 1 0 96.0343 395 14,2 0.001 -1 0 14,1 0.001 -1 -1 13,2 0.001 0 1 106.025 425 14,14 0.001 1 -1 14,13 0.001 -1 0 13,13 0.001 -1 1 195.03 590 ::f,1,3 f,3,13 f,12,3 f,15,15 
178:2,1 0.001 -1 0 1,2 0.001 0 -1 1,1 0.001 -1 -1 85.0194 410 1,13 0.001 -1 1 2,14 0.001 1 -1 1,14 0.001 1 -1 104.034 410 14,2 0.001 -1 1 14,1 0.001 -1 0 13,2 0.001 0 1 106.025 425 14,14 0.001 1 -1 14,13 0.001 -1 0 13,13 0.001 0 1 195.03 590 ::f,1,3 f,1,12 f,12,3 f,15,15 
179:2,1 0.001 -1 0 1,2 0.001 -1 -1 1,1 0.001 -1 -1 85.0194 410 1,13 0.001 -1 1 2,14 0.001 0 -1 1,14 0.001 1 -1 104.034 410 14,2 0.001 -1 1 13,1 0.001 -1 0 13,2 0.001 1 1 106.026 425 14,14 0.001 0 -1 14,13 0.001 -1 1 13,14 0.001 0 1 195.031 590 ::f,1,3 f,1,12 f,12,3 f,15,15 
180:2,1 0.001 -1 0 1,2 0.001 -1 -1 1,1 0.001 -1 0 85.0194 410 1,13 0.001 0 1 2,13 0.001 0 -1 1,14 0.001 0 -1 104.035 410 14,2 0.001 0 1 13,1 0.001 -1 0 13,2 0.001 1 1 106.026 425 14,14 0.001 0 -1 14,13 0.001 -1 1 13,14 0.001 0 1 195.031 590 ::f,1,3 f,1,12 f,12,3 f,15,15 
181:2,1 0.001 -1 1 1,2 0.001 -1 0 1,1 0.001 -1 0 85.0194 410 1,13 0.001 0 1 2,13 0.001 0 -1 1,14 0.001 0 -1 104.035 410 14,2 0.001 0 1 13,1 0.001 -1 1 13,2 0.001 1 0 106.026 425 14,14 0.001 0 -1 14,13 0.001 0 1 13,14 0.001 1 1 195.031 590 ::f,1,3 f,1,12 f,12,3 f,15,15 
182:2,1 0.001 -1 1 1,2 0.001 -1 0 1,1 0.001 -1 1 85.0194 410 1,13 0.001 0 1 2,13 0.001 -1 -1 1,14 0.001 0 -1 104.035 410 14,2 0.001 1 1 13,1 0.001 -1 1 13,2 0.001 1 0 106.026 425 14,14 0.001 -1 -1 14,13 0.001 0 1 13,14 0.001 1 1 195.031 590 ::f,1,3 f,1,12 f,12,3 f,15,15 
183:2,1 0.001 0 1 1,2 0.001 -1 1 1,1 0.001 -1 1 85.0194 410 1,13 0.001 1 1 2,13 0.001 -1 -1 1,14 0.001 -1 -1 113.036 425 14,2 0.001 1 1 13,1 0.001 0 1 13,2 0.001 1 0 106.026 425 14,14 0.001 -1 -1 14,13 0.001 1 1 13,14 0.001 1 0 195.031 590 ::f,1,3 f,3,12 f,12,3 f,15,15 
184:2,1 0.001 0 1 1,2 0.001 -1 1 1,1 0.001 0 1 85.0194 410 1,13 0.001 1 1 2,13 0.001 -1 0 1,14 0.001 -1 0 113.036 425 14,2 0.001 1 0 13,1 0.001 0 1 13,2 0.001 1 -1 106.026 425 14,14 0.001 -1 0 14,13 0.001 1 1 13,14 0.001 1 0 195.031 590 ::f,1,3 f,3,12 f,12,3 f,15,15 
185:2,1 0.001 1 1 1,2 0.001 0 1 1,1 0.001 0 1 85.0194 410 1,13 0.001 1 0 2,13 0.001 -1 0 1,14 0.001 -1 1 113.036 425 14,2 0.001 1 0 13,1 0.001 0 1 13,2 0.001 1 -1 106.026 425 14,14 0.001 -1 0 14,13 0.001 1 0 13,14 0.001 1 0 195.031 590 ::f,1,3 f,3,12 f,12,3 f,15,15 
186:2,1 0.001 1 1 1,2 0.001 0 1 1,1 0.001 0 1 92.0195 425 1,13 0.001 1 0 2,13 0.001 -1 0 1,14 0.001 -1 1 113.036 425 14,2 0.001 1 -1 13,1 0.001 1 1 13,2 0.001 0 -1 106.026 425 14,14 0.001 -1 1 14,13 0.001 1 0 13,14 0.001 1 -1 195.031 590 ::f,1,3 f,3,12 f,12,3 f,15,15 
187:2,1 0.001 1 0 1,2 0.001 1 1 1,1 0.001 1 1 92.0195 425 1,13 0.001 1 -1 2,13 0.001 -1 1 1,14 0.001 0 1 113.036 425 14,2 0.001 1 -1 13,1 0.001 1 1 13,2 0.001 0 -1 106.026 425 14,14 0.001 -1 1 14,13 0.001 1 -1 13,14 0.001 1 -1 195.031 590 ::f,1,3 f,3,12 f,12,3 f,15,15 
188:2,1 0.001 1 0 1,2 0.001 1 1 1,1 0.001 1 1 92.0195 425 1,13 0.001 1 -1 2,13 0.001 -1 1 1,14 0.001 0 1 113.036 425 14,2 0.001 0 -1 13,1 0.001 1 0 13,2 0.001 -1 -1 106.026 425 14,14 0.001 0 1 14,13 0.001 1 -1 13,14 0.001 0 -1 195.031 590 ::f,1,3 f,3,12 f,12,3 f,15,15 
189:2,1 0.001 1 -1 1,2 0.001 1 0 1,1 0.001 1 0 92.0195 425 1,13 0.001 0 -1 2,13 0.001 0 1 1,14 0.001 1 1 113.036 425 14,1 0.001 0 -1 13,1 0.001 1 0 13,2 0.001 -1 -1 106.027 425 14,14 0.001 0 1 14,13 0.001 0 -1 13,14 0.001 0 -1 195.031 590 ::f,1,3 f,3,12 f,12,3 f,15,15 
190:2,1 0.001 1 -1 2,2 0.001 1 0 1,1 0.001 1 0 92.0205 425 1,13 0.001 0 -1 2,13 0.001 0 1 1,14 0.001 1 1 113.036 425 14,1 0.001 0 -1 13,1 0.001 1 -1 13,2 0.001 -1 0 106.027 425 14,14 0.001 1 1 14,13 0.001 0 -1 13,14 0.001 -1 -1 195.031 590 ::f,1,3 f,3,12 f,12,3 f,15,15 
191:2,1 0.001 0 -1 2,2 0.001 1 0 1,1 0.001 1 -1 92.0205 425 1,13 0.001 -1 -1 2,13 0.001 1 1 1,14 0.001 1 0 113.036 425 14,1 0.001 -1 -1 13,1 0.001 1 -1 13,2 0.001 -1 0 106.027 425 14,14 0.001 1 1 14,13 0.001 -1 -1 13,14 0.001 -1 -1 205.031 605 ::f,1,3 f,3,12 f,12,3 f,12,14 
192:2,1 0.001 0 -1 2,2 0.001 1 -1 1,1 0.001 1 -1 92.0205 425 1,13 0.001 -1 -1 2,13 0.001 1 1 2,14 0.001 1 0 113.037 425 14,1 0.001 -1 -1 13,1 0.001 0 -1 13,2 0.001 -1 1 106.027 425 14,14 0.001 1 0 14,13 0.001 -1 -1 13,14 0.001 -1 0 205.031 605 ::f,1,3 f,3,12 f,12,3 f,12,14 
193:2,1 0.001 -1 -1 2,2 0.001 1 -1 1,1 0.001 0 -1 92.0205 425 1,13 0.001 -1 0 2,13 0.001 1 0 2,14 0.001 1 0 113.037 425 14,1 0.001 -1 0 13,1 0.001 0 -1 13,2 0.001 -1 1 116.027 440 14,14 0.001 1 0 14,13 0.001 -1 0 13,14 0.001 -1 0 215.031 620 ::f,1,3 f,3,12 f,13,3 f,14,12 
194:2,1 0.001 -1 -1 2,2 0.001 0 -1 1,1 0.001 0 -1 92.0205 425 1,13 0.001 -1 0 2,13 0.001 1 0 2,14 0.001 1 -1 113.037 425 14,1 0.001 -1 0 13,1 0.001 -1 -1 13,2 0.001 0 1 116.027 440 14,14 0.001 1 -1 13,13 0.001 -1 0 13,14 0.001 -1 1 215.032 620 ::f,1,3 f,3,12 f,13,3 f,14,12 
195:2,1 0.001 -1 0 2,2 0.001 0 -1 1,1 0.001 -1 -1 92.0205 425 1,13 0.001 -1 1 2,13 0.001 1 -1 2,14 0.001 1 -1 113.037 425 14,1 0.001 -1 0 13,1 0.001 -1 -1 13,2 0.001 0 1 126.027 455 14,14 0.001 1 -1 13,13 0.001 -1 0 13,14 0.001 -1 1 215.032 620 ::f,1,3 f,3,12 f,14,12 f,15,2 
196:2,1 0.001 -1 0 2,2 0.001 0 -1 1,1 0.001 -1 -1 92.0205 425 1,13 0.001 -1 1 2,13 0.001 1 -1 2,14 0.001 0 -1 123.037 440 14,1 0.001 -1 1 13,1 0.001 -1 0 13,2 0.001 1 1 126.027 455 14,14 0.001 0 -1 13,13 0.001 -1 1 13,14 0.001 0 1 215.032 620 ::f,0,14 f,1,3 f,14,12 f,15,2 
197:2,1 0.001 -1 0 2,2 0.001 -1 -1 1,1 0.001 -1 0 92.0205 425 1,13 0.001 0 1 2,13 0.001 0 -1 2,14 0.001 0 -1 123.037 440 14,1 0.001 -1 1 13,1 0.001 -1 0 13,2 0.001 1 1 126.027 455 14,13 0.001 0 -1 13,13 0.001 -1 1 13,14 0.001 0 1 215.033 620 ::f,0,14 f,1,3 f,14,12 f,15,2 
198:2,1 0.001 -1 1 2,2 0.001 -1 -1 1,1 0.001 -1 0 92.0205 425 1,14 0.001 0 1 2,13 0.001 0 -1 2,14 0.001 0 -1 123.038 440 14,1 0.001 0 1 13,1 0.001 -1 1 13,2 0.001 1 0 126.027 455 14,13 0.001 0 -1 13,13 0.001 0 1 13,14 0.001 1 1 225.033 635 ::f,0,14 f,1,3 f,14,12 f,15,2 
199:2,1 0.001 -1 1 2,2 0.001 -1 0 1,1 0.001 -1 1 92.0205 425 1,14 0.001 0 1 2,13 0.001 -1 -1 2,14 0.001 -1 -1 123.038 440 14,1 0.001 0 1 13,1 0.001 -1 1 14,2 0.001 1 0 126.028 455 14,13 0.001 -1 -1 13,13 0.001 0 1 13,14 0.001 1 1 225.033 635 ::f,0,14 f,1,3 f,14,12 f,15,2 
200:2,1 0.001 0 1 2,2 0.001 -1 0 1,1 0.001 -1 1 92.0205 425 1,14 0.001 1 1 2,13 0.001 -1 -1 2,14 0.001 -1 -1 123.038 440 14,1 0.001 1 1 13,1 0.001 0 1 14,2 0.001 1 0 136.028 470 14,13 0.001 -1 -1 13,13 0.001 0 1 13,14 0.001 1 0 225.033 635 ::f,0,14 f,1,3 f,14,3 f,14,12 
201:2,1 0.001 0 1 2,2 0.001 -1 1 1,1 0.001 0 1 92.0205 425 1,14 0.001 1 1 2,13 0.001 -1 0 2,14 0.001 -1 0 123.038 440 14,1 0.001 1 1 13,2 0.001 0 1 14,2 0.001 1 -1 136.029 470 14,13 0.001 -1 0 13,13 0.001 1 1 14,14 0.001 1 0 225.034 635 ::f,0,14 f,1,3 f,14,3 f,14,12 
202:2,1 0.001 1 1 2,2 0.001 -1 1 1,2 0.001 0 1 100.022 440 1,14 0.001 1 0 1,13 0.001 -1 0 2,14 0.001 -1 0 123.039 440 14,1 0.001 1 0 13,2 0.001 0 1 14,2 0.001 1 -1 136.029 470 14,13 0.001 -1 0 13,13 0.001 1 1 14,14 0.001 1 0 225.034 635 ::f,0,1 f,0,14 f,14,3 f,14,12 
203:2,1 0.001 1 1 2,2 0.001 0 1 1,2 0.001 0 1 100.022 440 1,14 0.001 1 0 1,13 0.001 -1 0 2,14 0.001 -1 0 123.039 440 14,1 0.001 1 0 13,2 0.001 1 1 14,2 0.001 0 -1 136.029 470 14,13 0.001 -1 0 13,13 0.001 1 0 14,14 0.001 1 -1 225.034 635 ::f,0,1 f,0,14 f,14,3 f,14,12 
204:2,1 0.001 1 0 2,2 0.001 0 1 1,2 0.001 1 1 100.022 440 1,14 0.001 1 0 1,13 0.001 -1 1 2,14 0.001 -1 1 123.039 440 14,1 0.001 1 -1 13,2 0.001 1 1 14,2 0.001 0 -1 146.029 485 14,13 0.001 -1 1 13,13 0.001 1 0 14,14 0.001 1 -1 225.034 635 ::f,0,1 f,0,14 f,13,0 f,14,12 
205:2,1 0.001 1 0 2,2 0.001 1 1 1,2 0.001 1 1 100.022 440 1,14 0.001 1 -1 1,13 0.001 -1 1 2,14 0.001 -1 1 133.039 455 14,1 0.001 1 -1 13,2 0.001 1 0 14,2 0.001 0 -1 146.029 485 14,13 0.001 -1 1 13,13 0.001 1 -1 14,14 0.001 0 -1 225.034 635 ::f,0,1 f,2,15 f,13,0 f,14,12 
206:2,1 0.001 1 -1 2,2 0.001 1 1 1,2 0.001 1 0 100.022 440 1,14 0.001 1 -1 1,13 0.001 0 1 2,14 0.001 0 1 133.039 455 14,1 0.001 0 -1 13,2 0.001 1 0 14,2 0.001 -1 -1 146.029 485 14,13 0.001 0 1 13,13 0.001 1 -1 14,14 0.001 0 -1 235.034 650 ::f,0,1 f,2,15 f,13,0 f,13,14 
207:2,1 0.001 1 -1 2,2 0.001 1 0 1,2 0.001 1 0 100.022 440 1,14 0.001 0 -1 1,13 0.001 0 1 2,14 0.001 0 1 136.039 470 14,1 0.001 0 -1 13,2 0.001 1 0 14,2 0.001 -1 -1 146.029 485 14,13 0.001 0 1 13,13 0.001 0 -1 14,14 0.001 0 -1 235.034 650 ::f,0,1 f,3,13 f,13,0 f,13,14 
208:2,1 0.001 0 -1 2,2 0.001 1 0 1,2 0.001 1 0 100.022 440 1,14 0.001 0 -1 1,13 0.001 0 1 2,14 0.001 1 1 136.039 470 14,1 0.001 -1 -1 13,2 0.001 1 -1 14,2 0.001 -1 0 146.029 485 14,13 0.001 1 1 13,13 0.001 0 -1 14,14 0.001 -1 -1 235.034 650 ::f,0,1 f,3,13 f,13,0 f,13,14 
209:2,1 0.001 0 -1 2,2 0.001 1 -1 1,2 0.001 1 -1 100.022 440 1,14 0.001 -1 -1 1,13 0.001 1 1 2,14 0.001 1 1 136.039 470 14,1 0.001 -1 -1 13,2 0.001 1 -1 14,2 0.001 -1 0 150.029 500 14,13 0.001 1 1 13,13 0.001 -1 -1 14,14 0.001 -1 -1 235.034 650 ::f,0,1 f,3,13 f,13,14 f,15,3 
210:2,1 0.001 -1 -1 2,2 0.001 1 -1 1,2 0.001 1 -1 100.022 440 1,14 0.001 -1 -1 1,13 0.001 1 1 2,14 0.001 1 0 136.039 470 14,1 0.001 -1 0 13,2 0.001 0 -1 14,2 0.001 -1 1 150.029 500 14,13 0.001 1 0 13,13 0.001 -1 -1 14,14 0.001 -1 0 235.034 650 ::f,0,1 f,3,13 f,13,14 f,15,3 
211:2,1 0.001 -1 -1 2,2 0.001 0 -1 1,2 0.001 0 -1 100.022 440 1,14 0.001 -1 0 1,13 0.001 1 0 2,14 0.001 1 0 136.039 470 13,1 0.001 -1 0 13,2 0.001 0 -1 14,2 0.001 -1 1 150.03 500 14,13 0.001 1 0 13,13 0.001 -1 0 14,14 0.001 -1 0 245.034 665 ::f,0,1 f,3,13 f,13,14 f,15,3 
212:2,1 0.001 -1 0 2,2 0.001 0 -1 1,2 0.001 0 -1 100.022 440 1,14 0.001 -1 0 2,13 0.001 1 0 2,14 0.001 1 -1 136.04 470 13,1 0.001 -1 0 13,2 0.001 -1 -1 14,2 0.001 0 1 150.03 500 14,13 0.001 1 -1 13,13 0.001 -1 0 14,14 0.001 -1 1 245.034 665 ::f,0,1 f,3,13 f,13,14 f,15,3 
213:1,1 0.001 -1 0 2,2 0.001 0 -1 1,2 0.001 -1 -1 100.023 440 1,14 0.001 -1 1 2,13 0.001 1 0 2,14 0.001 1 -1 146.04 485 13,1 0.001 -1 1 13,2 0.001 -1 -1 14,2 0.001 0 1 150.03 500 14,13 0.001 1 -1 13,13 0.001 -1 1 14,14 0.001 -1 1 245.034 665 ::f,0,1 f,0,13 f,13,14 f,15,3 
214:1,1 0.001 -1 0 2,2 0.001 -1 -1 1,2 0.001 -1 -1 117.023 470 1,14 0.001 -1 1 2,13 0.001 1 -1 2,14 0.001 0 -1 146.04 485 13,1 0.001 -1 1 13,2 0.001 -1 0 14,2 0.001 1 1 150.03 500 14,13 0.001 0 -1 13,13 0.001 -1 1 14,14 0.001 0 1 245.034 665 ::f,0,13 f,2,1 f,13,14 f,15,3 
215:1,1 0.001 -1 1 2,2 0.001 -1 -1 1,2 0.001 -1 0 117.023 470 1,14 0.001 0 1 2,13 0.001 1 -1 2,14 0.001 0 -1 146.04 485 13,1 0.001 0 1 13,2 0.001 -1 0 14,2 0.001 1 1 160.03 515 14,13 0.001 0 -1 13,13 0.001 0 1 14,14 0.001 0 1 245.034 665 ::f,0,13 f,2,1 f,12,0 f,13,14 
216:1,1 0.001 -1 1 2,2 0.001 -1 0 1,2 0.001 -1 0 117.023 470 1,14 0.001 0 1 2,13 0.001 0 -1 2,14 0.001 0 -1 146.04 485 13,1 0.001 0 1 13,2 0.001 -1 1 14,2 0.001 1 0 160.03 515 14,13 0.001 -1 -1 13,13 0.001 0 1 14,14 0.001 1 1 245.034 665 ::f,0,13 f,2,1 f,12,0 f,13,14 
217:1,1 0.001 0 1 2,2 0.001 -1 0 1,2 0.001 -1 1 117.023 470 1,14 0.001 1 1 2,13 0.001 0 -1 2,14 0.001 -1 -1 146.04 485 13,1 0.001 0 1 13,2 0.001 -1 1 14,2 0.001 1 0 160.03 515 14,13 0.001 -1 -1 13,13 0.001 0 1 14,14 0.001 1 1 255.034 680 ::f,0,13 f,2,1 f,12,0 f,15,14 
218:1,1 0.001 0 1 2,2 0.001 -1 1 1,2 0.001 -1 1 117.023 470 1,14 0.001 1 1 2,13 0.001 -1 -1 2,14 0.001 -1 -1 146.04 485 13,1 0.001 1 1 13,2 0.001 0 1 14,2 0.001 1 -1 160.03 515 14,13 0.001 -1 0 13,13 0.001 1 1 14,14 0.001 1 0 255.034 680 ::f,0,13 f,2,1 f,12,0 f,15,14 
219:1,1 0.001 0 1 2,2 0.001 -1 1 1,2 0.001 0 1 117.023 470 1,14 0.001 1 0 2,13 0.001 -1 -1 2,14 0.001 -1 0 146.04 485 13,1 0.001 1 1 13,2 0.001 0 1 14,2 0.001 1 -1 160.03 515 14,13 0.001 -1 0 13,13 0.001 1 1 14,14 0.001 1 0 265.034 695 ::f,0,13 f,2,1 f,12,0 f,12,13 
220:1,1 0.001 1 1 2,2 0.001 0 1 1,2 0.001 0 1 117.023 470 1,14 0.001 1 0 2,13 0.001 -1 0 2,14 0.001 -1 0 146.04 485 13,1 0.001 1 0 13,2 0.001 1 1 14,2 0.001 0 -1 160.03 515 14,13 0.001 -1 0 13,13 0.001 1 0 14,14 0.001 1 -1 265.034 695 ::f,0,13 f,2,1 f,12,0 f,12,13 
221:1,1 0.001 1 1 2,2 0.001 0 1 1,2 0.001 1 1 117.023 470 1,14 0.001 1 0 1,13 0.001 -1 0 2,14 0.001 -1 1 146.041 485 13,1 0.001 1 0 13,2 0.001 1 1 14,1 0.001 0 -1 160.031 515 14,13 0.001 -1 0 13,13 0.001 1 0 14,14 0.001 1 -1 265.034 695 ::f,0,13 f,2,1 f,12,0 f,12,13 
222:1,1 0.001 1 0 2,2 0.001 1 1 1,2 0.001 1 1 117.023 470 1,14 0.001 1 -1 1,13 0.001 -1 0 2,14 0.001 -1 1 160.041 515 13,1 0.001 1 -1 13,2 0.001 1 0 14,1 0.001 0 -1 160.031 515 14,13 0.001 -1 1 13,13 0.001 1 -1 14,14 0.001 0 -1 265.034 695 ::f,2,1 f,3,13 f,12,0 f,12,13 
223:1,1 0.001 1 0 2,2 0.001 1 1 1,2 0.001 1 0 126.023 485 1,14 0.001 1 -1 1,13 0.001 -1 1 2,14 0.001 0 1 160.041 515 13,1 0.001 1 -1 14,2 0.001 1 0 14,1 0.001 -1 -1 160.032 515 14,13 0.001 -1 1 13,13 0.001 1 -1 14,14 0.001 0 -1 265.034 695 ::f,0,1 f,3,13 f,12,0 f,12,13 
224:1,1 0.001 1 -1 2,2 0.001 1 0 1,2 0.001 1 0 126.023 485 1,14 0.001 0 -1 1,13 0.001 -1 1 2,14 0.001 0 1 160.041 515 13,1 0.001 0 -1 14,2 0.001 1 0 14,1 0.001 -1 -1 160.032 515 14,13 0.001 0 1 13,13 0.001 0 -1 14,14 0.001 0 -1 265.034 695 ::f,0,1 f,3,13 f,12,0 f,12,13 
225:1,1 0.001 1 -1 2,2 0.001 1 0 1,2 0.001 1 0 126.023 485 1,14 0.001 0 -1 1,13 0.001 0 1 2,14 0.001 1 1 160.041 515 13,1 0.001 0 -1 14,2 0.001 1 -1 14,1 0.001 -1 0 160.032 515 14,13 0.001 0 1 13,13 0.001 0 -1 14,14 0.001 -1 -1 265.034 695 ::f,0,1 f,3,13 f,12,0 f,12,13 
226:1,1 0.001 0 -1 2,2 0.001 1 -1 1,2 0.001 1 -1 126.023 485 1,14 0.001 -1 -1 1,13 0.001 0 1 2,14 0.001 1 1 160.041 515 13,1 0.001 -1 -1 14,2 0.001 1 -1 14,1 0.001 -1 0 160.032 515 14,13 0.001 1 1 13,13 0.001 -1 -1 14,14 0.001 -1 -1 265.034 695 ::f,0,1 f,3,13 f,12,0 f,12,13 
227:1,1 0.001 0 -1 2,2 0.001 1 -1 1,2 0.001 1 -1 126.023 485 1,14 0.001 -1 -1 1,13 0.001 0 1 2,14 0.001 1 0 160.041 515 13,1 0.001 -1 -1 14,2 0.001 0 -1 14,1 0.001 -1 0 165.032 530 14,13 0.001 1 1 13,13 0.001 -1 -1 14,14 0.001 -1 0 265.034 695 ::f,0,1 f,3,13 f,12,13 f,14,3 
228:1,1 0.001 -1 -1 2,2 0.001 0 -1 1,2 0.001 0 -1 126.023 485 1,14 0.001 -1 0 1,13 0.001 1 1 2,14 0.001 1 0 160.041 515 13,1 0.001 -1 0 14,2 0.001 0 -1 14,1 0.001 -1 1 165.032 530 14,13 0.001 1 0 13,13 0.001 -1 0 14,14 0.001 -1 0 265.034 695 ::f,0,1 f,3,13 f,12,13 f,14,3 
229:1,1 0.001 -1 -1 2,1 0.001 0 -1 1,2 0.001 0 -1 126.024 485 1,14 0.001 -1 0 1,13 0.001 1 1 2,14 0.001 1 -1 160.041 515 13,1 0.001 -1 0 14,2 0.001 0 -1 14,1 0.001 -1 1 165.032 530 14,13 0.001 1 0 13,13 0.001 -1 0 14,14 0.001 -1 1 275.034 710 ::f,0,1 f,3,13 f,14,3 f,15,15 
230:1,1 0.001 -1 0 2,1 0.001 0 -1 1,2 0.001 -1 -1 126.024 485 1,14 0.001 -1 1 1,13 0.001 1 0 2,14 0.001 1 -1 165.041 530 13,1 0.001 -1 1 14,2 0.001 -1 -1 14,1 0.001 0 1 165.032 530 14,13 0.001 1 -1 13,13 0.001 -1 1 14,14 0.001 -1 1 275.034 710 ::f,0,1 f,2,13 f,14,3 f,15,15 
231:1,1 0.001 -1 0 2,1 0.001 -1 -1 1,2 0.001 -1 -1 136.024 500 1,14 0.001 -1 1 1,13 0.001 1 0 2,14 0.001 0 -1 175.041 545 13,1 0.001 -1 1 14,2 0.001 -1 -1 14,1 0.001 0 1 165.032 530 14,13 0.001 1 -1 13,13 0.001 -1 1 14,14 0.001 0 1 275.034 710 ::f,1,0 f,3,14 f,14,3 f,15,15 
232:1,1 0.001 -1 1 2,1 0.001 -1 -1 1,2 0.001 -1 0 145.024 515 1,14 0.001 0 1 1,13 0.001 1 -1 2,13 0.001 0 -1 175.042 545 13,1 0.001 0 1 14,2 0.001 -1 0 14,1 0.001 0 1 165.032 530 14,13 0.001 0 -1 13,13 0.001 0 1 14,14 0.001 0 1 275.034 710 ::f,0,0 f,3,14 f,14,3 f,15,15 
233:1,1 0.001 -1 1 2,1 0.001 -1 0 1,2 0.001 -1 0 145.024 515 1,14 0.001 0 1 1,13 0.001 1 -1 2,13 0.001 0 -1 175.042 545 13,2 0.001 0 1 14,2 0.001 -1 0 14,1 0.001 1 1 165.033 530 14,13 0.001 0 -1 13,14 0.001 0 1 14,14 0.001 1 1 275.035 710 ::f,0,0 f,3,14 f,14,3 f,15,15 
234:1,1 0.001 0 1 2,1 0.001 -1 0 1,2 0.001 -1 1 145.024 515 1,14 0.001 1 1 1,13 0.001 0 -1 2,13 0.001 -1 -1 175.042 545 13,2 0.001 0 1 14,2 0.001 -1 1 14,1 0.001 1 1 165.033 530 14,13 0.001 -1 -1 13,14 0.001 0 1 14,14 0.001 1 1 285.036 725 ::f,0,0 f,3,14 f,13,12 f,14,3 
235:1,1 0.001 0 1 2,1 0.001 -1 0 1,2 0.001 -1 1 145.024 515 1,14 0.001 1 1 1,13 0.001 0 -1 2,13 0.001 -1 -1 175.042 545 13,2 0.001 1 1 14,2 0.001 -1 1 14,1 0.001 1 0 165.033 530 14,13 0.001 -1 -1 13,14 0.001 1 1 14,14 0.001 1 0 295.036 740 ::f,0,0 f,3,14 f,12,13 f,14,3 
236:1,1 0.001 0 1 2,1 0.001 -1 1 1,2 0.001 0 1 145.024 515 1,14 0.001 1 0 1,13 0.001 -1 -1 2,13 0.001 -1 0 175.042 545 13,2 0.001 1 1 14,2 0.001 0 1 14,1 0.001 1 0 171.033 545 14,13 0.001 -1 0 13,14 0.001 1 1 14,14 0.001 1 0 295.036 740 ::f,0,0 f,3,14 f,12,13 f,13,3 
237:1,1 0.001 1 1 2,1 0.001 -1 1 1,2 0.001 0 1 145.024 515 2,14 0.001 1 0 1,13 0.001 -1 -1 2,13 0.001 -1 0 175.043 545 13,2 0.001 1 0 14,2 0.001 0 1 14,1 0.001 1 -1 171.033 545 13,13 0.001 -1 0 13,14 0.001 1 0 14,14 0.001 1 -1 295.037 740 ::f,0,0 f,3,14 f,12,13 f,13,3 
238:1,1 0.001 1 1 2,1 0.001 0 1 1,2 0.001 1 1 145.024 515 2,14 0.001 1 0 1,13 0.001 -1 0 2,13 0.001 -1 0 185.043 560 13,2 0.001 1 0 14,2 0.001 1 1 14,1 0.001 1 -1 171.033 545 13,13 0.001 -1 0 13,14 0.001 1 0 14,14 0.001 1 -1 305.037 755 ::f,0,0 f,3,14 f,13,3 f,14,15 
239:1,1 0.001 1 0 2,1 0.001 0 1 1,2 0.001 1 1 145.024 515 2,14 0.001 1 -1 1,13 0.001 -1 0 2,13 0.001 -1 1 185.043 560 13,2 0.001 1 0 14,2 0.001 1 1 14,1 0.001 0 -1 171.033 545 13,13 0.001 -1 1 13,14 0.001 1 0 14,14 0.001 0 -1 305.037 755 ::f,0,0 f,3,14 f,13,3 f,14,15 
240:1,1 0.001 1 0 2,1 0.001 1 1 1,2 0.001 1 0 145.024 515 2,14 0.001 1 -1 1,13 0.001 -1 1 2,13 0.001 -1 1 185.043 560 13,2 0.001 1 -1 14,2 0.001 1 0 14,1 0.001 0 -1 171.033 545 13,13 0.001 -1 1 13,14 0.001 1 -1 14,13 0.001 0 -1 305.038 755 ::f,0,0 f,3,14 f,13,3 f,14,15 
241:1,1 0.001 1 -1 2,1 0.001 1 1 2,2 0.001 1 0 145.025 515 2,14 0.001 0 -1 1,13 0.001 -1 1 2,13 0.001 0 1 185.043 560 13,2 0.001 1 -1 14,2 0.001 1 0 14,1 0.001 -1 -1 171.033 545 13,13 0.001 0 1 13,14 0.001 1 -1 14,13 0.001 0 -1 305.038 755 ::f,0,0 f,3,14 f,13,3 f,14,15 
242:1,1 0.001 1 -1 2,1 0.001 1 0 2,2 0.001 1 0 145.025 515 2,14 0.001 0 -1 1,13 0.001 0 1 2,13 0.001 0 1 185.043 560 13,2 0.001 0 -1 14,2 0.001 1 -1 14,1 0.001 -1 -1 171.033 545 13,13 0.001 0 1 13,14 0.001 0 -1 14,13 0.001 -1 -1 305.038 755 ::f,0,0 f,3,14 f,13,3 f,14,15 
243:1,1 0.001 0 -1 2,1 0.001 1 0 2,2 0.001 1 -1 145.025 515 2,14 0.001 0 -1 1,14 0.001 0 1 2,13 0.001 1 1 185.044 560 13,2 0.001 0 -1 14,2 0.001 1 -1 14,1 0.001 -1 0 171.033 545 13,13 0.001 0 1 13,14 0.001 0 -1 14,13 0.001 -1 -1 305.038 755 ::f,0,0 f,3,14 f,13,3 f,14,15 
244:1,1 0.001 0 -1 2,1 0.001 1 -1 2,2 0.001 1 -1 145.025 515 2,14 0.001 -1 -1 1,14 0.001 0 1 2,13 0.001 1 1 191.045 575 13,2 0.001 -1 -1 14,2 0.001 0 -1 13,1 0.001 -1 0 171.034 545 13,13 0.001 1 1 13,14 0.001 -1 -1 14,13 0.001 -1 0 305.038 755 ::f,0,0 f,0,13 f,13,3 f,14,15 
245:1,1 0.001 -1 -1 2,1 0.001 1 -1 2,2 0.001 0 -1 145.025 515 2,14 0.001 -1 -1 1,14 0.001 1 1 2,13 0.001 1 0 191.045 575 13,2 0.001 -1 -1 14,1 0.001 0 -1 13,1 0.001 -1 0 171.035 545 13,13 0.001 1 1 13,14 0.001 -1 -1 14,13 0.001 -1 0 305.038 755 ::f,0,0 f,0,13 f,13,3 f,14,15 
246:1,1 0.001 -1 -1 2,1 0.001 0 -1 2,2 0.001 0 -1 155.025 530 2,14 0.001 -1 0 1,14 0.001 1 1 2,13 0.001 1 0 191.045 575 13,2 0.001 -1 0 14,1 0.001 0 -1 13,1 0.001 -1 1 171.035 545 13,13 0.001 1 0 13,14 0.001 -1 0 14,13 0.001 -1 0 305.038 755 ::f,0,13 f,1,2 f,13,3 f,14,15 
247:1,1 0.001 -1 0 2,1 0.001 0 -1 2,2 0.001 0 -1 155.025 530 2,14 0.001 -1 0 1,14 0.001 1 0 2,13 0.001 1 -1 191.045 575 13,2 0.001 -1 0 14,1 0.001 -1 -1 13,1 0.001 -1 1 171.035 545 13,13 0.001 1 0 13,14 0.001 -1 0 14,13 0.001 -1 1 305.038 755 ::f,0,13 f,1,2 f,13,3 f,14,15 
248:1,1 0.001 -1 0 2,1 0.001 -1 -1 2,2 0.001 -1 -1 155.025 530 2,14 0.001 -1 1 1,14 0.001 1 0 2,13 0.001 1 -1 191.045 575 13,2 0.001 -1 1 14,1 0.001 -1 -1 13,1 0.001 0 1 171.035 545 13,13 0.001 1 -1 13,14 0.001 -1 1 14,13 0.001 -1 1 305.038 755 ::f,0,13 f,1,2 f,13,3 f,14,15 
249:1,1 0.001 -1 1 2,1 0.001 -1 -1 2,2 0.001 -1 -1 155.025 530 2,14 0.001 -1 1 1,14 0.001 1 0 2,13 0.001 0 -1 191.045 575 13,2 0.001 -1 1 14,1 0.001 -1 0 13,1 0.001 0 1 171.035 545 13,13 0.001 1 -1 13,14 0.001 -1 1 14,13 0.001 0 1 305.038 755 ::f,0,13 f,1,2 f,13,3 f,14,15 
250:1,1 0.001 -1 1 2,1 0.001 -1 0 2,2 0.001 -1 0 155.025 530 2,14 0.001 0 1 1,14 0.001 1 -1 2,13 0.001 0 -1 191.045 575 13,2 0.001 0 1 14,1 0.001 -1 0 13,1 0.001 0 1 171.035 545 13,13 0.001 0 -1 13,14 0.001 0 1 14,14 0.001 0 1 305.039 755 ::f,0,13 f,1,2 f,13,3 f,14,15 
251:1,1 0.001 0 1 2,1 0.001 -1 0 2,2 0.001 -1 0 165.025 545 2,14 0.001 0 1 1,14 0.001 1 -1 2,13 0.001 -1 -1 191.045 575 13,2 0.001 0 1 14,1 0.001 -1 0 13,1 0.001 1 1 178.035 560 13,13 0.001 0 -1 13,14 0.001 0 1 14,14 0.001 0 1 315.039 770 ::f,0,13 f,3,3 f,12,0 f,12,13 
252:1,2 0.001 0 1 2,1 0.001 -1 0 2,2 0.001 -1 1 165.026 545 2,14 0.001 1 1 1,14 0.001 0 -1 2,13 0.001 -1 -1 191.045 575 13,2 0.001 1 1 14,1 0.001 -1 1 13,1 0.001 1 0 178.035 560 13,13 0.001 -1 -1 13,14 0.001 1 1 14,14 0.001 1 1 315.039 770 ::f,0,13 f,3,3 f,12,0 f,12,13 
253:1,2 0.001 0 1 2,1 0.001 -1 1 2,2 0.001 -1 1 165.026 545 2,14 0.001 1 1 1,14 0.001 0 -1 2,13 0.001 -1 0 191.045 575 13,2 0.001 1 1 14,1 0.001 -1 1 13,1 0.001 1 0 178.035 560 13,13 0.001 -1 -1 13,14 0.001 1 1 14,14 0.001 1 1 315.039 770 ::f,0,13 f,3,3 f,12,0 f,12,13 
254:1,2 0.001 1 1 2,1 0.001 -1 1 2,2 0.001 0 1 165.026 545 2,14 0.001 1 0 1,14 0.001 -1 -1 1,13 0.001 -1 0 191.046 575 13,2 0.001 1 0 14,1 0.001 0 1 13,1 0.001 1 -1 178.035 560 13,13 0.001 -1 0 13,14 0.001 1 0 14,14 0.001 1 0 315.039 770 ::f,0,13 f,3,3 f,12,0 f,12,13 
255:1,2 0.001 1 1 2,1 0.001 0 1 2,2 0.001 0 1 165.026 545 2,14 0.001 1 0 1,14 0.001 -1 -1 1,13 0.001 -1 0 201.046 590 14,2 0.001 1 0 14,1 0.001 0 1 13,1 0.001 1 -1 178.036 560 13,13 0.001 -1 0 13,14 0.001 1 0 14,14 0.001 1 0 325.039 785 ::f,2,13 f,3,3 f,12,0 f,14,15 
256:1,2 0.001 1 0 2,1 0.001 0 1 2,2 0.001 1 1 165.026 545 2,14 0.001 1 -1 1,14 0.001 -1 0 1,13 0.001 -1 1 201.046 590 14,2 0.001 1 0 14,1 0.001 1 1 13,1 0.001 0 -1 178.036 560 13,13 0.001 -1 1 13,14 0.001 1 0 14,14 0.001 1 -1 325.039 785 ::f,2,13 f,3,3 f,12,0 f,14,15 
257:1,2 0.001 1 0 2,1 0.001 1 1 2,2 0.001 1 1 175.026 560 2,14 0.001 1 -1 1,14 0.001 -1 0 1,13 0.001 -1 1 201.046 590 14,2 0.001 1 -1 14,1 0.001 1 1 13,1 0.001 0 -1 178.036 560 13,13 0.001 -1 1 13,14 0.001 1 -1 14,14 0.001 1 -1 325.039 785 ::f,2,13 f,3,3 f,12,0 f,14,15 
258:1,2 0.001 1 0 2,1 0.001 1 1 2,2 0.001 1 0 175.026 560 2,14 0.001 0 -1 1,14 0.001 -1 1 1,13 0.001 0 1 201.046 590 14,2 0.001 1 -1 14,1 0.001 1 0 13,1 0.001 -1 -1 178.036 560 13,13 0.001 0 1 13,14 0.001 1 -1 14,14 0.001 0 -1 325.039 785 ::f,2,13 f,3,3 f,12,0 f,14,15 
259:1,2 0.001 1 -1 2,1 0.001 1 0 2,2 0.001 1 0 175.026 560 2,14 0.001 0 -1 1,14 0.001 -1 1 1,13 0.001 0 1 201.046 590 14,2 0.001 0 -1 14,1 0.001 1 0 13,1 0.001 -1 -1 188.037 575 13,13 0.001 0 1 13,14 0.001 0 -1 14,13 0.001 0 -1 325.04 785 ::f,2,13 f,3,3 f,12,1 f,14,15 
260:1,2 0.001 1 -1 2,1 0.001 1 0 2,2 0.001 1 -1 175.026 560 2,14 0.001 0 -1 1,14 0.001 0 1 1,13 0.001 0 1 211.046 605 14,2 0.001 0 -1 14,1 0.001 1 -1 13,1 0.001 -1 0 188.037 575 13,13 0.001 0 1 13,14 0.001 0 -1 14,13 0.001 0 -1 325.04 785 ::f,3,3 f,3,15 f,12,1 f,14,15 
261:1,2 0.001 0 -1 2,1 0.001 1 -1 2,2 0.001 1 -1 175.026 560 2,14 0.001 -1 -1 1,14 0.001 0 1 1,13 0.001 1 1 211.046 605 14,2 0.001 0 -1 14,1 0.001 1 -1 13,1 0.001 -1 0 198.037 590 13,13 0.001 1 1 13,14 0.001 -1 -1 14,13 0.001 -1 -1 325.04 785 ::f,3,3 f,3,15 f,14,15 f,15,3 
262:1,2 0.001 0 -1 2,1 0.001 1 -1 2,2 0.001 0 -1 175.026 560 2,14 0.001 -1 -1 1,14 0.001 1 1 1,13 0.001 1 1 211.046 605 14,2 0.001 -1 -1 14,1 0.001 0 -1 13,1 0.001 -1 1 198.037 590 13,13 0.001 1 1 13,14 0.001 -1 -1 14,13 0.001 -1 -1 325.04 785 ::f,3,3 f,3,15 f,14,15 f,15,3 
263:1,2 0.001 -1 -1 2,1 0.001 0 -1 2,2 0.001 0 -1 175.026 560 2,14 0.001 -1 0 1,14 0.001 1 1 1,13 0.001 1 1 211.046 605 14,2 0.001 -1 -1 14,1 0.001 0 -1 13,1 0.001 -1 1 198.037 590 13,13 0.001 1 0 13,14 0.001 -1 0 14,13 0.001 -1 0 325.04 785 ::f,3,3 f,3,15 f,14,15 f,15,3 
264:1,2 0.001 -1 -1 2,1 0.001 0 -1 2,2 0.001 0 -1 175.026 560 2,14 0.001 -1 0 1,14 0.001 1 0 1,13 0.001 1 0 211.046 605 14,2 0.001 -1 0 14,1 0.001 -1 -1 13,1 0.001 0 1 198.037 590 13,13 0.001 1 0 13,14 0.001 -1 0 14,13 0.001 -1 0 325.04 785 ::f,3,3 f,3,15 f,14,15 f,15,3 
265:1,2 0.001 -1 0 2,1 0.001 -1 -1 2,2 0.001 -1 -1 175.026 560 2,14 0.001 -1 1 1,14 0.001 1 0 1,13 0.001 1 0 211.046 605 14,2 0.001 -1 0 14,1 0.001 -1 -1 13,2 0.001 0 1 198.038 590 13,13 0.001 1 -1 13,14 0.001 -1 1 14,13 0.001 -1 0 325.04 785 ::f,3,3 f,3,15 f,14,15 f,15,3 
266:1,2 0.001 -1 0 2,1 0.001 -1 -1 2,2 0.001 -1 -1 175.026 560 2,14 0.001 -1 1 1,14 0.001 1 0 1,13 0.001 1 -1 211.046 605 14,2 0.001 -1 1 14,1 0.001 -1 0 13,2 0.001 0 1 198.038 590 13,13 0.001 1 -1 13,14 0.001 -1 1 14,13 0.001 -1 1 325.04 785 ::f,3,3 f,3,15 f,14,15 f,15,3 
267:1,2 0.001 -1 1 2,1 0.001 -1 0 2,2 0.001 -1 0 175.026 560 2,14 0.001 0 1 1,14 0.001 1 -1 1,13 0.001 1 -1 211.046 605 14,2 0.001 -1 1 13,1 0.001 -1 0 13,2 0.001 1 1 198.039 590 13,13 0.001 0 -1 13,14 0.001 0 1 14,13 0.001 -1 1 325.04 785 ::f,3,3 f,3,15 f,14,15 f,15,3 
268:1,2 0.001 -1 1 1,1 0.001 -1 0 2,2 0.001 -1 0 175.027 560 2,14 0.001 0 1 1,14 0.001 1 -1 1,13 0.001 0 -1 211.046 605 14,2 0.001 0 1 13,1 0.001 -1 0 13,2 0.001 1 1 198.039 590 13,13 0.001 0 -1 13,14 0.001 0 1 14,13 0.001 0 1 325.04 785 ::f,3,3 f,3,15 f,14,15 f,15,3 
269:1,2 0.001 0 1 1,1 0.001 -1 0 2,2 0.001 -1 1 175.027 560 2,14 0.001 1 1 1,14 0.001 0 -1 1,13 0.001 0 -1 211.046 605 14,2 0.001 0 1 13,1 0.001 -1 1 13,2 0.001 1 0 198.039 590 13,13 0.001 -1 -1 13,14 0.001 1 1 14,14 0.001 0 1 325.041 785 ::f,3,3 f,3,15 f,14,15 f,15,3 
270:1,2 0.001 0 1 1,1 0.001 -1 1 2,2 0.001 -1 1 175.027 560 2,14 0.001 1 1 1,14 0.001 0 -1 1,13 0.001 -1 -1 221.046 620 14,2 0.001 1 1 13,1 0.001 -1 1 13,2 0.001 1 0 198.039 590 13,13 0.001 -1 -1 13,14 0.001 1 1 14,14 0.001 0 1 335.041 800 ::f,0,15 f,3,3 f,15,3 f,15,13 
271:1,2 0.001 1 1 1,1 0.001 -1 1 2,2 0.001 0 1 175.027 560 2,14 0.001 1 0 1,14 0.001 -1 -1 1,13 0.001 -1 -1 221.046 620 14,2 0.001 1 1 13,1 0.001 0 1 13,2 0.001 1 0 206.039 605 13,13 0.001 -1 0 13,14 0.001 1 0 14,14 0.001 1 1 335.041 800 ::f,0,15 f,3,3 f,12,1 f,15,13 
272:1,2 0.001 1 1 1,1 0.001 0 1 2,2 0.001 0 1 175.027 560 2,14 0.001 1 0 1,14 0.001 -1 -1 1,13 0.001 -1 0 221.046 620 14,2 0.001 1 0 13,1 0.001 0 1 13,2 0.001 1 -1 206.039 605 13,13 0.001 -1 0 13,14 0.001 1 0 14,14 0.001 1 1 335.041 800 ::f,0,15 f,3,3 f,12,1 f,15,13 
273:1,2 0.001 1 0 1,1 0.001 0 1 2,2 0.001 1 1 175.027 560 2,14 0.001 1 -1 1,14 0.001 -1 0 1,13 0.001 -1 0 221.046 620 14,2 0.001 1 0 13,1 0.001 0 1 13,2 0.001 1 -1 206.039 605 13,13 0.001 -1 1 13,14 0.001 1 0 14,14 0.001 1 0 335.041 800 ::f,0,15 f,3,3 f,12,1 f,15,13 
274:1,2 0.001 1 0 1,1 0.001 0 1 2,2 0.001 1 1 185.028 575 2,14 0.001 1 -1 1,14 0.001 -1 0 1,13 0.001 -1 1 221.046 620 14,2 0.001 1 -1 13,1 0.001 1 1 13,2 0.001 0 -1 206.039 605 13,13 0.001 -1 1 13,14 0.001 1 -1 14,14 0.001 1 0 335.041 800 ::f,0,15 f,2,1 f,12,1 f,15,13 
275:1,2 0.001 1 0 1,1 0.001 1 1 2,2 0.001 1 0 185.028 575 2,14 0.001 0 -1 1,14 0.001 -1 1 1,13 0.001 -1 1 221.046 620 14,2 0.001 1 -1 13,1 0.001 1 1 13,2 0.001 0 -1 206.039 605 13,13 0.001 0 1 13,14 0.001 1 -1 14,14 0.001 1 -1 335.041 800 ::f,0,15 f,2,1 f,12,1 f,15,13 
276:1,2 0.001 1 -1 1,1 0.001 1 1 2,2 0.001 1 0 185.028 575 2,13 0.001 0 -1 1,14 0.001 -1 1 1,13 0.001 0 1 231.047 635 14,2 0.001 0 -1 13,1 0.001 1 0 13,2 0.001 -1 -1 206.039 605 13,13 0.001 0 1 13,14 0.001 0 -1 14,14 0.001 1 -1 345.041 815 ::f,1,15 f,2,1 f,12,1 f,13,15 
277:1,2 0.001 1 -1 1,1 0.001 1 0 2,2 0.001 1 -1 195.028 590 2,13 0.001 0 -1 1,14 0.001 0 1 1,13 0.001 0 1 231.047 635 14,1 0.001 0 -1 13,1 0.001 1 0 13,2 0.001 -1 -1 216.04 620 13,13 0.001 0 1 13,14 0.001 0 -1 14,14 0.001 0 -1 345.041 815 ::f,0,0 f,1,15 f,12,3 f,13,15 
278:1,2 0.001 0 -1 1,1 0.001 1 0 2,2 0.001 1 -1 195.028 590 2,13 0.001 -1 -1 1,14 0.001 0 1 1,13 0.001 0 1 241.047 650 14,1 0.001 0 -1 13,1 0.001 1 -1 13,2 0.001 -1 0 216.04 620 13,13 0.001 0 1 13,14 0.001 -1 -1 14,13 0.001 0 -1 345.042 815 ::f,0,0 f,2,14 f,12,3 f,13,15 
279:1,2 0.001 0 -1 1,1 0.001 1 -1 2,2 0.001 0 -1 195.028 590 2,13 0.001 -1 -1 1,14 0.001 1 1 1,13 0.001 1 1 241.047 650 14,1 0.001 -1 -1 13,1 0.001 1 -1 13,2 0.001 -1 0 216.04 620 13,13 0.001 1 1 13,14 0.001 -1 -1 14,13 0.001 0 -1 345.042 815 ::f,0,0 f,2,14 f,12,3 f,13,15 
280:1,2 0.001 -1 -1 1,1 0.001 1 -1 2,1 0.001 0 -1 195.029 590 2,13 0.001 -1 0 1,14 0.001 1 1 1,13 0.001 1 1 248.047 665 14,1 0.001 -1 -1 13,1 0.001 0 -1 13,2 0.001 -1 1 216.04 620 13,13 0.001 1 1 13,14 0.001 -1 0 14,13 0.001 -1 -1 345.042 815 ::f,0,0 f,0,12 f,12,3 f,13,15 
281:1,2 0.001 -1 -1 1,1 0.001 0 -1 2,1 0.001 0 -1 195.029 590 2,13 0.001 -1 0 1,14 0.001 1 0 1,13 0.001 1 0 248.047 665 14,1 0.001 -1 0 13,1 0.001 0 -1 13,2 0.001 -1 1 226.04 635 13,13 0.001 1 0 13,14 0.001 -1 0 14,13 0.001 -1 -1 345.042 815 ::f,0,0 f,0,12 f,12,1 f,13,15 
282:1,2 0.001 -1 0 1,1 0.001 0 -1 2,1 0.001 -1 -1 195.029 590 2,13 0.001 -1 0 2,14 0.001 1 0 1,13 0.001 1 0 248.048 665 14,1 0.001 -1 0 13,1 0.001 -1 -1 13,2 0.001 0 1 226.04 635 13,13 0.001 1 0 13,14 0.001 -1 1 14,13 0.001 -1 0 345.042 815 ::f,0,0 f,0,12 f,12,1 f,13,15 
283:1,2 0.001 -1 0 1,1 0.001 -1 -1 2,1 0.001 -1 -1 195.029 590 2,13 0.001 -1 1 2,14 0.001 1 0 1,13 0.001 1 -1 248.048 665 14,1 0.001 -1 0 13,1 0.001 -1 -1 13,2 0.001 0 1 226.04 635 13,13 0.001 1 -1 13,14 0.001 -1 1 14,13 0.001 -1 0 345.042 815 ::f,0,0 f,0,12 f,12,1 f,13,15 
284:1,2 0.001 -1 1 1,1 0.001 -1 -1 2,1 0.001 -1 0 205.029 605 2,13 0.001 -1 1 2,14 0.001 1 -1 1,13 0.001 1 -1 248.048 665 14,1 0.001 -1 1 13,1 0.001 -1 0 13,2 0.001 1 1 226.04 635 13,13 0.001 1 -1 13,14 0.001 0 1 14,13 0.001 -1 0 345.042 815 ::f,0,12 f,3,0 f,12,1 f,13,15 
285:1,2 0.001 -1 1 1,1 0.001 -1 0 2,1 0.001 -1 0 205.029 605 2,13 0.001 0 1 2,14 0.001 1 -1 1,13 0.001 0 -1 248.048 665 14,1 0.001 -1 1 13,1 0.001 -1 0 13,2 0.001 1 1 236.04 650 13,13 0.001 0 -1 13,14 0.001 0 1 14,13 0.001 -1 1 355.042 830 ::f,0,12 f,3,0 f,14,0 f,15,14 
286:1,2 0.001 0 1 1,1 0.001 -1 0 2,1 0.001 -1 0 205.029 605 2,13 0.001 0 1 2,14 0.001 0 -1 1,13 0.001 0 -1 248.048 665 14,1 0.001 0 1 13,1 0.001 -1 1 13,2 0.001 1 0 236.04 650 13,13 0.001 0 -1 13,14 0.001 1 1 14,13 0.001 -1 1 355.042 830 ::f,0,12 f,3,0 f,14,0 f,15,14 
287:1,2 0.001 0 1 1,1 0.001 -1 1 2,1 0.001 -1 1 205.029 605 2,13 0.001 1 1 2,14 0.001 0 -1 1,13 0.001 -1 -1 248.048 665 14,1 0.001 0 1 13,1 0.001 -1 1 14,2 0.001 1 0 236.041 650 13,13 0.001 -1 -1 13,14 0.001 1 1 14,13 0.001 0 1 355.042 830 ::f,0,12 f,3,0 f,14,0 f,15,14 
288:1,2 0.001 1 1 1,1 0.001 -1 1 2,1 0.001 -1 1 205.029 605 2,13 0.001 1 1 2,14 0.001 0 -1 1,13 0.001 -1 -1 256.048 680 14,1 0.001 1 1 13,1 0.001 0 1 14,2 0.001 1 0 236.041 650 13,13 0.001 -1 -1 13,14 0.001 1 0 14,13 0.001 0 1 355.042 830 ::f,3,0 f,3,14 f,14,0 f,15,14 
289:1,2 0.001 1 1 1,1 0.001 0 1 2,1 0.001 0 1 205.029 605 2,13 0.001 1 0 2,14 0.001 -1 -1 1,13 0.001 -1 0 256.048 680 14,1 0.001 1 1 13,2 0.001 0 1 14,2 0.001 1 -1 236.042 650 13,13 0.001 -1 0 14,14 0.001 1 0 14,13 0.001 1 1 355.043 830 ::f,3,0 f,3,14 f,14,0 f,15,14 
290:1,2 0.001 1 0 1,1 0.001 0 1 2,1 0.001 0 1 205.029 605 2,13 0.001 1 0 2,14 0.001 -1 -1 1,13 0.001 -1 0 256.048 680 14,1 0.001 1 0 13,2 0.001 0 1 14,2 0.001 1 -1 236.042 650 13,13 0.001 -1 0 14,14 0.001 1 0 14,13 0.001 1 1 365.043 845 ::f,3,0 f,3,14 f,14,0 f,15,12 
291:2,2 0.001 1 0 1,1 0.001 0 1 2,1 0.001 1 1 205.03 605 2,13 0.001 1 -1 2,14 0.001 -1 0 1,13 0.001 -1 1 256.048 680 14,1 0.001 1 0 13,2 0.001 1 1 14,2 0.001 0 -1 236.042 650 13,13 0.001 -1 1 14,14 0.001 1 -1 14,13 0.001 1 0 365.043 845 ::f,3,0 f,3,14 f,14,0 f,15,12 
292:2,2 0.001 1 0 1,1 0.001 1 1 2,1 0.001 1 1 205.03 605 2,13 0.001 1 -1 2,14 0.001 -1 0 1,13 0.001 -1 1 256.048 680 14,1 0.001 1 -1 13,2 0.001 1 1 14,2 0.001 0 -1 236.042 650 13,13 0.001 -1 1 14,14 0.001 1 -1 14,13 0.001 1 0 365.043 845 ::f,3,0 f,3,14 f,14,0 f,15,12 
293:2,2 0.001 1 -1 1,1 0.001 1 1 2,1 0.001 1 0 205.03 605 2,13 0.001 0 -1 2,14 0.001 -1 1 1,13 0.001 0 1 256.048 680 14,1 0.001 1 -1 13,2 0.001 1 0 14,2 0.001 0 -1 236.042 650 13,13 0.001 0 1 14,14 0.001 0 -1 14,13 0.001 1 -1 365.043 845 ::f,3,0 f,3,14 f,14,0 f,15,12 
294:2,2 0.001 1 -1 1,1 0.001 1 0 2,1 0.001 1 0 205.03 605 2,13 0.001 0 -1 2,14 0.001 -1 1 1,14 0.001 0 1 256.049 680 14,1 0.001 0 -1 13,2 0.001 1 0 14,2 0.001 -1 -1 236.042 650 13,14 0.001 0 1 14,14 0.001 0 -1 14,13 0.001 1 -1 375.044 860 ::f,3,0 f,3,14 f,14,0 f,14,12 
295:2,2 0.001 0 -1 1,1 0.001 1 0 2,1 0.001 1 -1 205.03 605 2,13 0.001 -1 -1 2,14 0.001 0 1 1,14 0.001 0 1 256.049 680 14,1 0.001 0 -1 13,2 0.001 1 0 14,2 0.001 -1 -1 245.042 665 13,14 0.001 0 1 14,14 0.001 0 -1 14,13 0.001 0 -1 375.044 860 ::f,3,0 f,3,14 f,14,3 f,14,12 
296:2,2 0.001 0 -1 1,1 0.001 1 -1 2,1 0.001 1 -1 215.03 620 2,13 0.001 -1 -1 2,14 0.001 0 1 1,14 0.001 1 1 256.049 680 14,1 0.001 -1 -1 13,2 0.001 1 -1 14,2 0.001 -1 0 245.042 665 13,14 0.001 1 1 14,14 0.001 0 -1 14,13 0.001 0 -1 385.044 875 ::f,3,2 f,3,14 f,12,12 f,14,3 
297:2,2 0.001 0 -1 1,1 0.001 1 -1 2,1 0.001 0 -1 215.03 620 2,13 0.001 -1 0 2,14 0.001 1 1 1,14 0.001 1 1 256.049 680 14,1 0.001 -1 -1 13,2 0.001 1 -1 14,2 0.001 -1 0 245.042 665 13,14 0.001 1 1 14,14 0.001 -1 -1 14,13 0.001 -1 -1 385.044 875 ::f,3,2 f,3,14 f,12,12 f,14,3 
298:2,2 0.001 -1 -1 1,1 0.001 0 -1 2,1 0.001 0 -1 215.03 620 1,13 0.001 -1 0 2,14 0.001 1 1 1,14 0.001 1 0 256.05 680 14,1 0.001 -1 0 13,2 0.001 0 -1 14,2 0.001 -1 1 245.042 665 13,14 0.001 1 0 13,13 0.001 -1 -1 14,13 0.001 -1 -1 385.045 875 ::f,3,2 f,3,14 f,12,12 f,14,3 
299:2,2 0.001 -1 -1 1,1 0.001 0 -1 2,1 0.001 -1 -1 215.03 620 1,13 0.001 -1 0 2,14 0.001 1 0 1,14 0.001 1 0 256.05 680 13,1 0.001 -1 0 13,2 0.001 0 -1 14,2 0.001 -1 1 245.043 665 14,14 0.001 1 0 13,13 0.001 -1 -1 14,13 0.001 -1 0 395.047 890 ::f,3,2 f,3,14 f,14,3 f,15,15 
