16
0:2,3 0.001 0 1 2,1 0.003 -1 -1 0,3 0.002 -1 0 0.001 50 0,15 0.001 -1 1 0,12 0.003 1 -1 2,12 0.002 -1 0 0.001 50 14,2 0.001 -1 1 13,2 0.003 -1 1 12,1 0.002 1 1 0.002 50 15,13 0.001 -1 -1 14,12 0.003 -1 -1 13,15 0.002 0 1 0.001 50 ::f,1,2 f,3,15 f,12,0 f,12,14 
1:2,3 0.001 0 1 2,1 0.001 -1 -1 0,3 0.001 -1 0 0.001 50 0,15 0.001 -1 1 0,12 0.001 1 -1 2,12 0.001 -1 0 0.001 50 14,2 0.001 -1 1 13,2 0.001 -1 1 12,1 0.001 1 1 0.002 50 15,13 0.001 -1 -1 14,12 0.001 -1 -1 13,15 0.001 0 1 0.001 50 ::f,1,2 f,3,15 f,12,0 f,12,14 
2:2,3 0.001 1 1 2,1 0.001 -1 0 0,3 0.001 -1 1 0.001 50 0,15 0.001 0 1 0,12 0.001 0 -1 2,12 0.001 -1 1 0.001 50 14,2 0.001 0 1 13,2 0.001 0 1 12,1 0.001 1 0 0.002 50 15,13 0.001 -1 0 14,12 0.001 -1 0 13,15 0.001 1 1 0.001 50 ::f,1,2 f,3,15 f,12,0 f,12,14 
3:2,3 0.001 1 1 2,1 0.001 -1 0 0,3 0.001 -1 1 0.001 50 0,15 0.001 0 1 0,12 0.001 0 -1 2,12 0.001 -1 1 0.001 50 14,2 0.001 0 1 13,2 0.001 0 1 12,1 0.001 1 0 0.002 50 15,13 0.001 -1 0 14,12 0.001 -1 0 13,15 0.001 1 1 0.001 50 ::f,1,2 f,3,15 f,12,0 f,12,14 
4:2,3 0.001 1 0 2,1 0.001 -1 1 0,3 0.001 0 1 0.001 50 0,15 0.001 1 1 0,12 0.001 -1 -1 2,12 0.001 0 1 0.001 50 14,2 0.001 1 1 13,2 0.001 1 1 12,1 0.001 1 -1 0.002 50 15,13 0.001 -1 1 14,12 0.001 -1 1 13,15 0.001 1 0 0.001 50 ::f,1,2 f,3,15 f,12,0 f,12,14 
5:2,3 0.001 1 0 2,1 0.001 -1 1 0,3 0.001 0 1 0.0011 65 0,15 0.001 1 1 0,12 0.001 -1 -1 2,12 0.001 0 1 0.001 50 14,2 0.001 1 1 13,2 0.001 1 1 12,1 0.001 1 -1 0.002 50 15,13 0.001 -1 1 14,12 0.001 -1 1 13,15 0.001 1 0 0.001 50 ::f,3,2 f,3,15 f,12,0 f,12,14 
6:2,3 0.001 1 -1 2,1 0.001 0 1 0,3 0.001 1 1 0.0011 65 0,15 0.001 1 0 0,12 0.001 -1 0 2,12 0.001 1 1 0.001 50 14,2 0.001 1 0 13,2 0.001 1 0 12,1 0.001 0 -1 0.002 50 15,13 0.001 0 1 14,12 0.001 0 1 13,15 0.001 1 -1 0.001 50 ::f,3,2 f,3,15 f,12,0 f,12,14 
7:2,3 0.001 1 -1 2,1 0.001 0 1 0,3 0.001 1 1 0.0012 80 1,15 0.001 1 0 0,12 0.001 -1 0 2,12 0.001 1 1 0.002 50 14,2 0.001 1 0 13,2 0.001 1 0 12,1 0.001 0 -1 0.0021 65 15,13 0.001 0 1 14,12 0.001 0 1 14,14 0.001 1 -1 0.002 50 ::f,1,2 f,3,15 f,12,14 f,14,3 
8:2,3 0.001 0 -1 2,1 0.001 1 1 0,3 0.001 1 0 0.0012 80 2,15 0.001 1 0 0,12 0.001 -1 1 2,12 0.001 1 0 0.003 50 14,2 0.001 1 -1 13,2 0.001 1 0 12,1 0.001 -1 -1 0.0021 65 15,13 0.001 1 1 14,13 0.001 0 1 14,14 0.001 1 -1 0.003 50 ::f,1,2 f,3,15 f,12,14 f,14,3 
9:2,2 0.001 0 -1 2,1 0.001 1 1 1,3 0.001 1 0 0.0032 80 2,15 0.001 1 0 0,12 0.001 -1 1 2,12 0.001 1 0 0.0031 65 14,2 0.001 1 -1 13,2 0.001 1 -1 12,1 0.001 -1 -1 0.0021 65 15,13 0.001 1 1 14,13 0.001 0 1 14,14 0.001 0 -1 0.003 50 ::f,1,2 f,2,13 f,12,14 f,14,3 
10:2,2 0.001 0 -1 2,1 0.001 1 0 1,3 0.001 1 0 0.0032 80 2,15 0.001 1 -1 0,12 0.001 0 1 2,12 0.001 1 -1 0.0031 65 14,2 0.001 0 -1 13,2 0.001 1 -1 12,1 0.001 -1 0 0.0021 65 15,13 0.001 1 0 14,13 0.001 1 1 14,14 0.001 0 -1 0.003 50 ::f,1,2 f,2,13 f,12,14 f,14,3 
11:2,2 0.001 -1 -1 2,1 0.001 1 0 1,3 0.001 1 -1 0.0032 80 2,15 0.001 1 -1 0,13 0.001 0 1 2,12 0.001 1 -1 0.0041 65 14,1 0.001 0 -1 13,2 0.001 0 -1 12,1 0.001 -1 0 0.0031 65 15,13 0.001 1 0 14,13 0.001 1 1 14,14 0.001 0 -1 0.003 50 ::f,1,2 f,2,13 f,12,14 f,14,3 
12:2,2 0.001 -1 -1 2,1 0.001 1 -1 1,3 0.001 1 -1 0.0032 80 2,15 0.001 0 -1 0,13 0.001 0 1 2,12 0.001 0 -1 0.0041 65 14,1 0.001 0 -1 13,2 0.001 0 -1 12,1 0.001 -1 1 0.0031 65 15,13 0.001 1 -1 14,13 0.001 1 0 14,14 0.001 -1 -1 0.003 50 ::f,1,2 f,2,13 f,12,14 f,14,3 
13:2,2 0.001 -1 0 2,1 0.001 1 -1 1,3 0.001 0 -1 0.0032 80 2,14 0.001 0 -1 0,13 0.001 1 1 2,12 0.001 0 -1 0.0051 65 14,1 0.001 -1 -1 13,2 0.001 -1 -1 12,1 0.001 -1 1 0.0031 65 15,13 0.001 1 -1 14,13 0.001 1 0 14,14 0.001 -1 -1 0.003 50 ::f,1,2 f,2,13 f,12,14 f,14,3 
14:2,2 0.001 -1 0 2,1 0.001 0 -1 1,3 0.001 0 -1 1.0033 95 2,14 0.001 0 -1 0,13 0.001 1 1 2,12 0.001 -1 -1 0.0051 65 14,1 0.001 -1 -1 13,2 0.001 -1 -1 12,1 0.001 0 1 0.0031 65 15,13 0.001 0 -1 14,13 0.001 1 -1 14,14 0.001 -1 0 0.003 50 ::f,0,0 f,2,13 f,12,14 f,14,3 
15:2,2 0.001 -1 1 2,1 0.001 0 -1 1,3 0.001 -1 -1 1.0033 95 2,14 0.001 0 -1 0,13 0.001 1 0 2,12 0.001 -1 -1 1.0052 80 14,1 0.001 -1 0 13,2 0.001 -1 0 12,2 0.001 0 1 0.0041 65 15,13 0.001 0 -1 14,13 0.001 1 -1 13,14 0.001 -1 0 0.004 50 ::f,0,0 f,3,15 f,12,14 f,14,3 
16:2,2 0.001 -1 1 2,1 0.001 -1 -1 1,3 0.001 -1 -1 1.0033 95 2,14 0.001 -1 -1 0,13 0.001 1 0 2,12 0.001 -1 0 1.0052 80 13,1 0.001 -1 0 13,2 0.001 -1 0 12,2 0.001 0 1 0.0051 65 15,13 0.001 -1 -1 14,13 0.001 0 -1 13,14 0.001 -1 0 0.0041 65 ::f,0,0 f,3,15 f,13,12 f,14,3 
17:2,2 0.001 0 1 2,1 0.001 -1 -1 1,3 0.001 -1 0 1.0033 95 2,14 0.001 -1 -1 0,13 0.001 1 -1 1,12 0.001 -1 0 1.0062 80 13,1 0.001 -1 0 13,2 0.001 -1 1 12,2 0.001 1 1 0.0051 65 15,13 0.001 -1 -1 14,13 0.001 0 -1 13,14 0.001 -1 1 0.0041 65 ::f,0,0 f,3,15 f,13,12 f,14,3 
18:2,2 0.001 0 1 2,1 0.001 -1 0 1,3 0.001 -1 0 1.0033 95 2,14 0.001 -1 0 0,13 0.001 1 -1 1,12 0.001 -1 0 1.0062 80 13,1 0.001 -1 1 13,2 0.001 -1 1 12,2 0.001 1 1 0.0051 65 15,13 0.001 -1 0 14,13 0.001 -1 -1 13,14 0.001 -1 1 0.0041 65 ::f,0,0 f,3,15 f,13,12 f,14,3 
19:2,2 0.001 1 1 1,1 0.001 -1 0 1,3 0.001 -1 1 1.0043 95 2,14 0.001 -1 0 0,13 0.001 0 -1 1,12 0.001 -1 1 1.0062 80 13,1 0.001 -1 1 13,2 0.001 0 1 12,2 0.001 1 0 0.0051 65 15,13 0.001 -1 0 14,13 0.001 -1 -1 13,14 0.001 0 1 0.0042 80 ::f,0,0 f,3,15 f,12,15 f,14,3 
20:2,2 0.001 1 1 1,1 0.001 -1 0 1,3 0.001 -1 1 1.0043 95 2,14 0.001 -1 1 0,13 0.001 0 -1 1,12 0.001 -1 1 1.0062 80 13,1 0.001 0 1 13,2 0.001 0 1 12,2 0.001 1 0 0.0051 65 15,13 0.001 -1 0 14,13 0.001 -1 0 13,14 0.001 0 1 0.0042 80 ::f,0,0 f,3,15 f,12,15 f,14,3 
21:2,2 0.001 1 0 1,1 0.001 -1 1 1,3 0.001 0 1 1.0043 95 2,14 0.001 -1 1 0,13 0.001 -1 -1 1,12 0.001 0 1 1.0062 80 13,1 0.001 0 1 13,2 0.001 1 1 12,2 0.001 1 0 0.0051 65 15,13 0.001 -1 1 13,13 0.001 -1 0 13,14 0.001 1 1 0.0052 80 ::f,0,0 f,3,15 f,12,15 f,14,3 
22:2,2 0.001 1 0 1,1 0.001 -1 1 1,3 0.001 0 1 1.0043 95 2,14 0.001 0 1 0,13 0.001 -1 -1 1,13 0.001 0 1 1.0072 80 13,1 0.001 0 1 13,2 0.001 1 1 12,2 0.001 1 -1 0.0052 80 15,13 0.001 -1 1 13,13 0.001 -1 0 13,14 0.001 1 1 0.0052 80 ::f,0,0 f,3,15 f,12,15 f,15,2 
23:2,2 0.001 1 -1 1,1 0.001 0 1 1,3 0.001 1 1 1.0043 95 2,14 0.001 0 1 0,13 0.001 -1 0 1,13 0.001 0 1 1.0072 80 13,1 0.001 1 1 13,2 0.001 1 0 12,2 0.001 1 -1 0.0052 80 15,13 0.001 0 1 13,13 0.001 -1 1 13,14 0.001 1 0 0.0052 80 ::f,0,0 f,3,15 f,12,15 f,15,2 
24:2,2 0.001 1 -1 1,2 0.001 0 1 1,3 0.001 1 1 1.0053 95 2,14 0.001 1 1 0,13 0.001 -1 0 1,13 0.001 1 1 1.0072 80 13,1 0.001 1 1 14,2 0.001 1 0 12,2 0.001 0 -1 0.0062 80 15,13 0.001 0 1 13,13 0.001 -1 1 14,14 0.001 1 0 0.0062 80 ::f,0,0 f,3,15 f,12,15 f,15,2 
25:2,2 0.001 0 -1 1,2 0.001 0 1 1,3 0.001 1 0 1.0053 95 2,14 0.001 1 1 0,13 0.001 -1 1 1,13 0.001 1 1 3.0073 95 13,1 0.001 1 0 14,2 0.001 1 0 12,2 0.001 0 -1 1.0063 95 15,13 0.001 1 1 13,13 0.001 0 1 14,14 0.001 1 0 0.0062 80 ::f,0,0 f,2,15 f,12,15 f,13,3 
26:2,1 0.001 0 -1 1,2 0.001 1 1 2,3 0.001 1 0 1.0073 95 2,14 0.001 1 0 0,13 0.001 -1 1 1,13 0.001 1 0 3.0073 95 13,1 0.001 1 0 14,2 0.001 1 -1 12,2 0.001 -1 -1 1.0063 95 15,13 0.001 1 1 13,14 0.001 0 1 14,14 0.001 1 -1 0.0072 80 ::f,0,0 f,2,15 f,12,15 f,13,3 
27:2,1 0.001 0 -1 1,2 0.001 1 1 2,3 0.001 1 0 1.0073 95 2,14 0.001 1 0 0,13 0.001 0 1 1,13 0.001 1 0 3.0073 95 13,1 0.001 1 -1 14,2 0.001 1 -1 12,2 0.001 -1 -1 1.0063 95 15,13 0.001 1 0 13,14 0.001 0 1 14,14 0.001 1 -1 0.0072 80 ::f,0,0 f,2,15 f,12,15 f,13,3 
28:2,1 0.001 -1 -1 1,2 0.001 1 0 2,3 0.001 1 -1 1.0073 95 2,14 0.001 1 -1 0,14 0.001 0 1 1,13 0.001 1 -1 3.0083 95 13,1 0.001 1 -1 14,2 0.001 0 -1 12,2 0.001 -1 0 1.0063 95 15,13 0.001 1 0 13,14 0.001 1 1 14,14 0.001 0 -1 0.0072 80 ::f,0,0 f,2,15 f,12,15 f,13,3 
29:2,1 0.001 -1 -1 2,2 0.001 1 0 2,3 0.001 1 -1 1.0083 95 2,14 0.001 1 -1 0,14 0.001 0 1 1,13 0.001 1 -1 3.0083 95 13,1 0.001 0 -1 14,1 0.001 0 -1 12,2 0.001 -1 0 1.0073 95 15,13 0.001 1 -1 13,14 0.001 1 1 14,13 0.001 0 -1 0.0082 80 ::f,0,0 f,2,15 f,12,15 f,13,3 
30:2,1 0.001 -1 0 2,2 0.001 1 0 2,3 0.001 0 -1 1.0083 95 2,14 0.001 0 -1 0,14 0.001 1 1 1,13 0.001 0 -1 3.0083 95 13,1 0.001 0 -1 14,1 0.001 0 -1 12,2 0.001 -1 1 1.0073 95 15,13 0.001 1 -1 13,14 0.001 1 0 14,13 0.001 0 -1 0.0082 80 ::f,0,0 f,2,15 f,12,15 f,13,3 
31:1,1 0.001 -1 0 2,2 0.001 1 -1 2,3 0.001 0 -1 1.0093 95 2,13 0.001 0 -1 0,14 0.001 1 1 1,13 0.001 0 -1 3.0093 95 13,1 0.001 -1 -1 14,1 0.001 -1 -1 12,2 0.001 -1 1 1.0073 95 15,13 0.001 0 -1 14,14 0.001 1 0 14,13 0.001 -1 -1 0.0092 80 ::f,0,0 f,2,15 f,12,15 f,13,3 
32:1,1 0.001 -1 0 2,2 0.001 1 -1 2,3 0.001 0 -1 1.0093 95 2,13 0.001 0 -1 0,14 0.001 1 0 1,13 0.001 -1 -1 3.0093 95 13,1 0.001 -1 -1 14,1 0.001 -1 -1 12,2 0.001 0 1 1.0073 95 15,13 0.001 0 -1 14,14 0.001 1 0 14,13 0.001 -1 -1 0.0092 80 ::f,0,0 f,2,15 f,12,15 f,13,3 
33:1,1 0.001 -1 1 2,2 0.001 0 -1 2,3 0.001 -1 -1 1.0093 95 2,13 0.001 -1 -1 1,14 0.001 1 0 1,13 0.001 -1 -1 3.0103 95 13,1 0.001 -1 0 14,1 0.001 -1 0 12,2 0.001 0 1 1.0073 95 15,13 0.001 -1 -1 14,14 0.001 1 -1 14,13 0.001 -1 0 0.0092 80 ::f,0,0 f,2,15 f,12,15 f,13,3 
34:1,1 0.001 -1 1 2,1 0.001 0 -1 2,3 0.001 -1 -1 1.0103 95 2,13 0.001 -1 -1 1,14 0.001 1 0 1,13 0.001 -1 0 3.0103 95 13,1 0.001 -1 0 14,1 0.001 -1 0 12,2 0.001 1 1 1.0073 95 15,13 0.001 -1 -1 14,14 0.001 1 -1 13,13 0.001 -1 0 0.0102 80 ::f,0,0 f,2,15 f,12,15 f,13,3 
35:1,1 0.001 0 1 2,1 0.001 0 -1 2,3 0.001 -1 0 1.0103 95 2,13 0.001 -1 0 1,14 0.001 1 -1 1,13 0.001 -1 0 3.0103 95 13,1 0.001 -1 1 14,1 0.001 -1 0 12,2 0.001 1 1 2.0074 110 15,13 0.001 -1 0 14,14 0.001 0 -1 13,13 0.001 -1 0 0.0102 80 ::f,0,0 f,2,15 f,12,15 f,15,0 
36:1,2 0.001 0 1 2,1 0.001 -1 -1 2,3 0.001 -1 0 1.0113 95 2,13 0.001 -1 0 1,14 0.001 1 -1 1,13 0.001 -1 1 3.0103 95 13,1 0.001 -1 1 14,1 0.001 -1 1 12,2 0.001 1 0 2.0074 110 14,13 0.001 -1 0 14,14 0.001 0 -1 13,13 0.001 -1 1 0.0112 80 ::f,0,0 f,2,15 f,12,15 f,15,0 
37:1,2 0.001 0 1 2,1 0.001 -1 -1 2,3 0.001 -1 1 1.0113 95 2,13 0.001 -1 0 1,14 0.001 0 -1 1,13 0.001 -1 1 3.0103 95 13,1 0.001 0 1 14,1 0.001 -1 1 13,2 0.001 1 0 2.0084 110 14,13 0.001 -1 0 14,14 0.001 0 -1 13,13 0.001 -1 1 0.0112 80 ::f,0,0 f,2,15 f,12,15 f,15,0 
38:1,2 0.001 1 1 2,1 0.001 -1 0 2,3 0.001 -1 1 1.0113 95 2,13 0.001 -1 1 1,14 0.001 0 -1 1,13 0.001 0 1 3.0103 95 13,1 0.001 0 1 14,1 0.001 0 1 13,2 0.001 1 0 2.0084 110 14,13 0.001 -1 1 14,14 0.001 -1 -1 13,13 0.001 0 1 0.0112 80 ::f,0,0 f,2,15 f,12,15 f,15,0 
39:1,2 0.001 1 1 1,1 0.001 -1 0 2,3 0.001 0 1 1.0123 95 2,13 0.001 -1 1 1,14 0.001 -1 -1 1,13 0.001 0 1 3.0103 95 13,1 0.001 0 1 14,1 0.001 0 1 13,2 0.001 1 -1 2.0084 110 13,14 0.001 -1 1 14,14 0.001 -1 -1 13,13 0.001 0 1 0.0122 80 ::f,0,0 f,2,15 f,12,15 f,15,0 
40:1,2 0.001 1 0 1,1 0.001 -1 0 2,3 0.001 0 1 1.0123 95 2,13 0.001 0 1 1,14 0.001 -1 -1 1,13 0.001 0 1 3.0103 95 13,1 0.001 1 1 14,1 0.001 1 1 13,2 0.001 1 -1 2.0084 110 13,14 0.001 -1 1 14,14 0.001 -1 0 13,13 0.001 0 1 0.0123 95 ::f,0,0 f,2,15 f,14,13 f,15,0 
41:2,2 0.001 1 0 1,1 0.001 -1 1 2,3 0.001 1 1 1.0133 95 2,14 0.001 0 1 1,14 0.001 -1 0 1,13 0.001 1 1 3.0113 95 13,1 0.001 1 1 14,1 0.001 1 1 13,2 0.001 1 -1 2.0084 110 13,14 0.001 0 1 14,14 0.001 -1 0 13,13 0.001 1 1 0.0123 95 ::f,0,0 f,2,15 f,14,13 f,15,0 
42:2,2 0.001 1 0 1,1 0.001 -1 1 2,3 0.001 1 1 1.0133 95 2,14 0.001 0 1 1,14 0.001 -1 0 1,13 0.001 1 1 6.0114 110 13,1 0.001 1 0 14,1 0.001 1 0 13,2 0.001 0 -1 2.0084 110 13,14 0.001 0 1 14,14 0.001 -1 1 13,13 0.001 1 1 0.0123 95 ::f,0,0 f,1,12 f,14,13 f,15,0 
43:2,2 0.001 1 -1 1,1 0.001 0 1 2,3 0.001 1 0 1.0133 95 2,14 0.001 1 1 1,14 0.001 -1 1 1,13 0.001 1 0 6.0114 110 13,1 0.001 1 0 14,1 0.001 1 0 13,2 0.001 0 -1 2.0084 110 13,14 0.001 1 1 14,14 0.001 -1 1 13,13 0.001 1 0 0.0123 95 ::f,0,0 f,1,12 f,14,13 f,15,0 
44:2,2 0.001 1 -1 1,2 0.001 0 1 2,3 0.001 1 0 1.0143 95 2,14 0.001 1 1 1,14 0.001 -1 1 1,13 0.001 1 0 6.0114 110 13,1 0.001 1 -1 14,1 0.001 1 -1 13,2 0.001 -1 -1 2.0084 110 13,14 0.001 1 1 14,14 0.001 0 1 13,13 0.001 1 0 1.0124 110 ::f,0,0 f,1,12 f,12,13 f,15,0 
45:2,2 0.001 0 -1 1,2 0.001 0 1 2,3 0.001 1 -1 1.0143 95 2,14 0.001 1 0 1,14 0.001 0 1 1,13 0.001 1 -1 6.0114 110 13,1 0.001 1 -1 14,1 0.001 1 -1 13,2 0.001 -1 -1 4.0085 125 13,14 0.001 1 0 14,14 0.001 0 1 13,13 0.001 1 -1 1.0124 110 ::f,0,0 f,1,12 f,12,13 f,15,2 
46:2,1 0.001 0 -1 1,2 0.001 1 1 2,3 0.001 1 -1 1.0153 95 2,14 0.001 1 0 1,14 0.001 0 1 1,13 0.001 1 -1 6.0114 110 13,1 0.001 0 -1 14,1 0.001 0 -1 13,2 0.001 -1 0 4.0085 125 13,14 0.001 1 0 14,14 0.001 1 1 13,13 0.001 1 -1 1.0124 110 ::f,0,0 f,1,12 f,12,13 f,15,2 
47:2,1 0.001 0 -1 1,2 0.001 1 1 2,3 0.001 0 -1 1.0153 95 2,14 0.001 1 -1 1,14 0.001 1 1 1,13 0.001 0 -1 6.0114 110 13,1 0.001 0 -1 14,1 0.001 0 -1 13,2 0.001 -1 0 4.0085 125 13,14 0.001 1 0 14,14 0.001 1 1 13,13 0.001 0 -1 1.0124 110 ::f,0,0 f,1,12 f,12,13 f,15,2 
48:2,1 0.001 -1 -1 1,2 0.001 1 0 2,2 0.001 0 -1 1.0163 95 2,14 0.001 1 -1 1,14 0.001 1 1 1,13 0.001 0 -1 6.0115 125 13,1 0.001 -1 -1 14,1 0.001 -1 -1 13,2 0.001 -1 1 4.0085 125 13,14 0.001 1 -1 14,14 0.001 1 0 13,13 0.001 0 -1 1.0124 110 ::f,0,0 f,3,15 f,12,13 f,15,2 
49:2,1 0.001 -1 -1 1,2 0.001 1 0 2,2 0.001 0 -1 1.0163 95 2,14 0.001 0 -1 1,14 0.001 1 0 1,13 0.001 -1 -1 6.0115 125 13,1 0.001 -1 -1 14,1 0.001 -1 -1 13,2 0.001 -1 1 4.0085 125 13,14 0.001 1 -1 14,14 0.001 1 0 13,13 0.001 -1 -1 1.0124 110 ::f,0,0 f,3,15 f,12,13 f,15,2 
50:2,1 0.001 -1 0 1,2 0.001 1 0 2,2 0.001 -1 -1 1.0163 95 2,13 0.001 0 -1 2,14 0.001 1 0 1,13 0.001 -1 -1 6.0135 125 13,1 0.001 -1 0 14,1 0.001 -1 0 13,2 0.001 0 1 4.0085 125 13,14 0.001 0 -1 14,14 0.001 1 -1 13,13 0.001 -1 -1 1.0124 110 ::f,0,0 f,3,15 f,12,13 f,15,2 
51:1,1 0.001 -1 0 1,2 0.001 1 -1 2,2 0.001 -1 -1 1.0173 95 2,13 0.001 0 -1 2,14 0.001 1 0 1,13 0.001 -1 0 6.0135 125 13,1 0.001 -1 0 14,1 0.001 -1 0 13,2 0.001 0 1 4.0085 125 13,14 0.001 0 -1 14,14 0.001 1 -1 13,13 0.001 -1 0 1.0124 110 ::f,0,0 f,3,15 f,12,13 f,15,2 
52:1,1 0.001 -1 0 1,2 0.001 1 -1 2,2 0.001 -1 -1 1.0173 95 2,13 0.001 -1 -1 2,14 0.001 1 -1 1,13 0.001 -1 0 6.0135 125 13,1 0.001 -1 1 14,1 0.001 -1 0 13,2 0.001 1 1 4.0085 125 13,14 0.001 -1 -1 14,14 0.001 0 -1 13,13 0.001 -1 0 3.0125 125 ::f,0,0 f,3,15 f,12,12 f,15,2 
53:1,1 0.001 -1 1 1,2 0.001 0 -1 2,2 0.001 -1 0 1.0173 95 2,13 0.001 -1 -1 2,14 0.001 1 -1 1,13 0.001 -1 1 6.0135 125 13,1 0.001 -1 1 14,1 0.001 -1 1 13,2 0.001 1 1 4.0085 125 13,14 0.001 -1 -1 14,13 0.001 0 -1 13,13 0.001 -1 1 3.0135 125 ::f,0,0 f,3,15 f,12,12 f,15,2 
54:1,1 0.001 -1 1 1,2 0.001 0 -1 2,2 0.001 -1 0 1.0173 95 2,13 0.001 -1 0 2,14 0.001 0 -1 1,13 0.001 -1 1 6.0135 125 13,1 0.001 0 1 14,1 0.001 -1 1 13,2 0.001 1 0 4.0085 125 13,14 0.001 -1 0 14,13 0.001 0 -1 13,13 0.001 -1 1 3.0135 125 ::f,0,0 f,3,15 f,12,12 f,15,2 
55:1,1 0.001 0 1 1,2 0.001 -1 -1 2,2 0.001 -1 1 1.0173 95 2,13 0.001 -1 0 2,14 0.001 0 -1 1,13 0.001 0 1 6.0135 125 13,1 0.001 0 1 14,1 0.001 0 1 14,2 0.001 1 0 4.0095 125 13,14 0.001 -1 0 14,13 0.001 -1 -1 13,13 0.001 0 1 3.0135 125 ::f,0,0 f,3,15 f,12,12 f,15,2 
56:1,1 0.001 0 1 1,2 0.001 -1 -1 2,2 0.001 -1 1 1.0173 95 2,13 0.001 -1 0 2,14 0.001 0 -1 1,14 0.001 0 1 6.0145 125 13,1 0.001 0 1 14,1 0.001 0 1 14,2 0.001 1 0 6.0096 140 13,14 0.001 -1 1 14,13 0.001 -1 -1 13,13 0.001 0 1 3.0135 125 ::f,0,0 f,3,15 f,12,12 f,15,2 
57:1,1 0.001 0 1 1,2 0.001 -1 0 2,2 0.001 0 1 1.0173 95 2,13 0.001 -1 1 2,14 0.001 -1 -1 1,14 0.001 0 1 6.0145 125 13,1 0.001 1 1 14,1 0.001 1 1 14,2 0.001 1 -1 6.0096 140 13,14 0.001 -1 1 14,13 0.001 -1 0 13,13 0.001 0 1 3.0135 125 ::f,0,0 f,3,15 f,12,12 f,15,2 
58:1,1 0.001 1 1 1,2 0.001 -1 0 2,2 0.001 0 1 1.0173 95 2,13 0.001 -1 1 2,14 0.001 -1 -1 1,14 0.001 1 1 6.0145 125 13,1 0.001 1 1 14,1 0.001 1 1 14,2 0.001 1 -1 9.0097 155 13,14 0.001 0 1 14,13 0.001 -1 0 13,13 0.001 1 1 3.0135 125 ::f,0,0 f,3,15 f,12,12 f,14,3 
59:1,1 0.001 1 1 1,2 0.001 -1 1 2,2 0.001 1 1 1.0173 95 2,13 0.001 0 1 2,14 0.001 -1 0 1,14 0.001 1 1 6.0145 125 13,1 0.001 1 0 14,1 0.001 1 0 14,2 0.001 0 -1 9.0097 155 13,14 0.001 0 1 14,13 0.001 -1 0 13,13 0.001 1 1 3.0135 125 ::f,0,0 f,3,15 f,12,12 f,14,3 
60:1,1 0.001 1 0 1,2 0.001 -1 1 2,2 0.001 1 1 1.0173 95 2,13 0.001 0 1 2,14 0.001 -1 0 1,14 0.001 1 0 6.0145 125 13,1 0.001 1 0 14,1 0.001 1 0 14,2 0.001 0 -1 9.0097 155 13,14 0.001 1 1 14,13 0.001 -1 1 13,13 0.001 1 0 3.0135 125 ::f,0,0 f,3,15 f,12,12 f,14,3 
61:1,1 0.001 1 0 1,2 0.001 0 1 2,2 0.001 1 0 1.0173 95 2,13 0.001 1 1 2,14 0.001 -1 1 1,14 0.001 1 0 6.0145 125 13,1 0.001 1 -1 14,1 0.001 1 -1 14,2 0.001 0 -1 9.0097 155 13,14 0.001 1 1 14,13 0.001 -1 1 13,13 0.001 1 0 3.0135 125 ::f,0,0 f,3,15 f,12,12 f,14,3 
62:1,1 0.001 1 -1 1,2 0.001 0 1 2,2 0.001 1 0 1.0173 95 2,13 0.001 1 1 2,14 0.001 -1 1 1,14 0.001 1 0 6.0145 125 13,1 0.001 1 -1 14,1 0.001 1 -1 14,2 0.001 -1 -1 9.0097 155 13,14 0.001 1 0 14,13 0.001 0 1 13,13 0.001 1 -1 3.0135 125 ::f,0,0 f,3,15 f,12,12 f,14,3 
63:1,1 0.001 1 -1 1,2 0.001 1 1 2,2 0.001 1 -1 1.0173 95 2,13 0.001 1 0 2,14 0.001 0 1 1,14 0.001 1 -1 6.0145 125 13,1 0.001 0 -1 14,1 0.001 0 -1 14,2 0.001 -1 -1 9.0097 155 14,14 0.001 1 0 14,13 0.001 0 1 13,13 0.001 1 -1 3.0145 125 ::f,0,0 f,3,15 f,12,12 f,14,3 
64:1,1 0.001 0 -1 1,2 0.001 1 1 2,2 0.001 1 -1 1.0173 95 2,13 0.001 1 0 2,14 0.001 0 1 1,14 0.001 1 -1 6.0145 125 13,1 0.001 0 -1 14,1 0.001 0 -1 14,2 0.001 -1 0 9.0097 155 14,14 0.001 1 0 14,13 0.001 1 1 13,13 0.001 0 -1 3.0145 125 ::f,0,0 f,3,15 f,12,12 f,14,3 
65:1,1 0.001 0 -1 1,2 0.001 1 0 2,2 0.001 0 -1 1.0173 95 2,13 0.001 1 -1 2,14 0.001 1 1 1,14 0.001 0 -1 6.0145 125 13,1 0.001 -1 -1 14,1 0.001 -1 -1 14,2 0.001 -1 0 9.0097 155 14,14 0.001 1 -1 14,13 0.001 1 1 13,13 0.001 0 -1 3.0145 125 ::f,0,0 f,3,15 f,12,12 f,14,3 
66:1,1 0.001 -1 -1 1,2 0.001 1 0 2,1 0.001 0 -1 1.0183 95 2,13 0.001 1 -1 2,14 0.001 1 1 1,14 0.001 0 -1 7.0147 155 13,1 0.001 -1 -1 14,1 0.001 -1 -1 14,2 0.001 -1 1 9.0097 155 14,14 0.001 1 -1 14,13 0.001 1 0 13,13 0.001 -1 -1 3.0145 125 ::f,0,0 f,3,14 f,12,12 f,14,3 
67:1,1 0.001 -1 -1 1,2 0.001 1 0 2,1 0.001 0 -1 3.0184 110 2,13 0.001 0 -1 2,14 0.001 1 0 1,14 0.001 -1 -1 7.0147 155 13,1 0.001 -1 0 14,1 0.001 -1 0 14,2 0.001 -1 1 9.0097 155 14,14 0.001 0 -1 14,13 0.001 1 0 13,13 0.001 -1 -1 6.0146 140 ::f,3,1 f,3,14 f,14,3 f,14,15 
68:1,1 0.001 -1 0 1,2 0.001 1 -1 2,1 0.001 -1 -1 3.0184 110 2,13 0.001 0 -1 2,14 0.001 1 0 1,14 0.001 -1 -1 8.0148 170 13,1 0.001 -1 0 14,1 0.001 -1 0 14,2 0.001 0 1 9.0097 155 14,14 0.001 0 -1 14,13 0.001 1 -1 13,13 0.001 -1 0 6.0146 140 ::f,3,1 f,3,13 f,14,3 f,14,15 
69:1,1 0.001 -1 0 1,2 0.001 1 -1 2,1 0.001 -1 -1 3.0184 110 2,13 0.001 -1 -1 2,14 0.001 1 -1 1,14 0.001 -1 0 8.0148 170 13,1 0.001 -1 1 14,1 0.001 -1 0 14,2 0.001 0 1 12.0098 170 14,14 0.001 0 -1 14,13 0.001 1 -1 13,13 0.001 -1 0 6.0146 140 ::f,3,1 f,3,13 f,14,15 f,15,0 
70:1,1 0.001 -1 1 1,2 0.001 0 -1 2,1 0.001 -1 0 3.0184 110 2,13 0.001 -1 -1 2,14 0.001 1 -1 1,14 0.001 -1 0 10.0149 185 13,1 0.001 -1 1 14,1 0.001 -1 1 14,2 0.001 1 1 12.0098 170 14,14 0.001 -1 -1 14,13 0.001 0 -1 13,13 0.001 -1 1 6.0146 140 ::f,1,12 f,3,1 f,14,15 f,15,0 
71:1,1 0.001 -1 1 1,2 0.001 0 -1 2,1 0.001 -1 0 3.0184 110 2,13 0.001 -1 0 2,14 0.001 0 -1 1,14 0.001 -1 1 10.0149 185 13,1 0.001 0 1 14,1 0.001 -1 1 14,2 0.001 1 1 12.0098 170 14,14 0.001 -1 -1 14,13 0.001 0 -1 13,13 0.001 -1 1 6.0146 140 ::f,1,12 f,3,1 f,14,15 f,15,0 
72:1,1 0.001 0 1 1,2 0.001 -1 -1 2,1 0.001 -1 0 3.0184 110 1,13 0.001 -1 0 2,13 0.001 0 -1 1,14 0.001 -1 1 10.0169 185 13,2 0.001 0 1 14,1 0.001 0 1 14,2 0.001 1 0 12.0108 170 14,14 0.001 -1 0 14,13 0.001 -1 -1 13,13 0.001 0 1 6.0146 140 ::f,1,12 f,3,1 f,14,15 f,15,0 
73:1,1 0.001 0 1 1,2 0.001 -1 -1 2,1 0.001 -1 1 3.0184 110 1,13 0.001 -1 0 2,13 0.001 0 -1 1,14 0.001 0 1 10.0169 185 13,2 0.001 0 1 14,1 0.001 0 1 14,2 0.001 1 0 12.0108 170 14,14 0.001 -1 0 14,13 0.001 -1 -1 13,14 0.001 0 1 6.0156 140 ::f,1,12 f,3,1 f,14,15 f,15,0 
74:1,1 0.001 0 1 1,2 0.001 -1 0 2,1 0.001 -1 1 3.0184 110 1,13 0.001 -1 1 2,13 0.001 -1 -1 1,14 0.001 0 1 10.0169 185 13,2 0.001 1 1 14,1 0.001 1 1 14,2 0.001 1 -1 12.0108 170 14,14 0.001 -1 1 14,13 0.001 -1 0 13,14 0.001 0 1 6.0156 140 ::f,1,12 f,3,1 f,14,15 f,15,0 
75:1,1 0.001 1 1 1,2 0.001 -1 0 2,1 0.001 0 1 3.0184 110 1,13 0.001 -1 1 2,13 0.001 -1 -1 1,14 0.001 1 1 13.017 200 13,2 0.001 1 1 14,1 0.001 1 1 14,2 0.001 1 -1 12.0108 170 14,14 0.001 -1 1 13,13 0.001 -1 0 13,14 0.001 1 1 6.0166 140 ::f,0,12 f,3,1 f,14,15 f,15,0 
76:1,1 0.001 1 1 1,2 0.001 -1 1 2,1 0.001 0 1 3.0184 110 1,13 0.001 0 1 2,13 0.001 -1 0 1,14 0.001 1 1 13.017 200 13,2 0.001 1 0 14,1 0.001 1 0 14,2 0.001 0 -1 12.0108 170 14,14 0.001 0 1 13,13 0.001 -1 0 13,14 0.001 1 1 10.0167 155 ::f,0,12 f,3,1 f,12,15 f,15,0 
77:1,1 0.001 1 0 1,2 0.001 -1 1 2,1 0.001 1 1 3.0184 110 1,13 0.001 0 1 2,13 0.001 -1 0 1,14 0.001 1 0 13.017 200 13,2 0.001 1 0 14,1 0.001 1 0 14,2 0.001 0 -1 12.0108 170 14,14 0.001 0 1 13,13 0.001 -1 1 13,14 0.001 1 0 10.0167 155 ::f,0,12 f,3,1 f,12,15 f,15,0 
78:1,1 0.001 1 0 1,2 0.001 0 1 2,1 0.001 1 1 3.0184 110 1,13 0.001 0 1 2,13 0.001 -1 0 2,14 0.001 1 0 13.018 200 13,2 0.001 1 0 14,1 0.001 1 -1 14,2 0.001 0 -1 12.0108 170 14,14 0.001 1 1 13,13 0.001 -1 1 13,14 0.001 1 0 10.0167 155 ::f,0,12 f,3,1 f,12,15 f,15,0 
79:1,1 0.001 1 0 1,2 0.001 0 1 2,1 0.001 1 0 3.0184 110 1,13 0.001 1 1 2,13 0.001 -1 1 2,14 0.001 1 0 13.018 200 13,2 0.001 1 -1 14,1 0.001 1 -1 14,2 0.001 -1 -1 16.0109 185 14,14 0.001 1 1 13,13 0.001 0 1 13,14 0.001 1 0 10.0167 155 ::f,0,12 f,3,1 f,12,15 f,15,1 
80:1,1 0.001 1 -1 1,2 0.001 1 1 2,1 0.001 1 0 3.0185 125 1,13 0.001 1 1 2,13 0.001 -1 1 2,14 0.001 1 -1 13.018 200 13,2 0.001 1 -1 14,1 0.001 0 -1 14,2 0.001 -1 -1 16.0109 185 14,14 0.001 1 0 13,13 0.001 0 1 13,14 0.001 1 -1 10.0167 155 ::f,0,12 f,3,0 f,12,15 f,15,1 
81:1,1 0.001 1 -1 1,2 0.001 1 1 2,1 0.001 1 -1 3.0185 125 1,13 0.001 1 0 2,13 0.001 0 1 2,14 0.001 1 -1 13.018 200 13,2 0.001 0 -1 14,1 0.001 0 -1 14,2 0.001 -1 0 16.0109 185 14,14 0.001 1 0 13,13 0.001 0 1 13,14 0.001 1 -1 10.0167 155 ::f,0,12 f,3,0 f,12,15 f,15,1 
82:1,1 0.001 0 -1 1,2 0.001 1 0 2,1 0.001 1 -1 4.0186 140 1,13 0.001 1 0 2,13 0.001 0 1 2,14 0.001 0 -1 13.018 200 13,2 0.001 0 -1 14,1 0.001 -1 -1 14,2 0.001 -1 0 16.0109 185 14,14 0.001 1 -1 13,13 0.001 1 1 13,14 0.001 0 -1 10.0167 155 ::f,0,1 f,0,12 f,12,15 f,15,1 
83:1,1 0.001 0 -1 2,2 0.001 1 0 2,1 0.001 0 -1 4.0196 140 1,13 0.001 1 -1 2,13 0.001 1 1 2,14 0.001 0 -1 13.018 200 13,2 0.001 -1 -1 14,1 0.001 -1 -1 14,2 0.001 -1 1 16.0109 185 14,14 0.001 1 -1 13,13 0.001 1 1 13,14 0.001 0 -1 10.0167 155 ::f,0,1 f,0,12 f,12,15 f,15,1 
84:1,1 0.001 -1 -1 2,2 0.001 1 0 2,1 0.001 0 -1 4.0196 140 1,13 0.001 1 -1 2,13 0.001 1 1 2,14 0.001 0 -1 13.018 200 13,2 0.001 -1 -1 14,1 0.001 -1 0 14,2 0.001 -1 1 16.0109 185 14,14 0.001 0 -1 13,13 0.001 1 0 13,14 0.001 -1 -1 10.0167 155 ::f,0,1 f,0,12 f,12,15 f,15,1 
85:1,1 0.001 -1 -1 2,2 0.001 1 -1 2,1 0.001 -1 -1 4.0196 140 1,13 0.001 0 -1 2,13 0.001 1 0 2,14 0.001 -1 -1 13.018 200 13,2 0.001 -1 0 13,1 0.001 -1 0 14,2 0.001 0 1 16.0119 185 14,13 0.001 0 -1 13,13 0.001 1 0 13,14 0.001 -1 -1 10.0177 155 ::f,0,1 f,0,12 f,12,15 f,15,1 
86:1,1 0.001 -1 0 2,2 0.001 1 -1 2,1 0.001 -1 -1 4.0196 140 1,13 0.001 0 -1 2,13 0.001 1 0 2,14 0.001 -1 -1 13.018 200 13,2 0.001 -1 0 13,1 0.001 -1 0 14,2 0.001 0 1 16.0119 185 14,13 0.001 0 -1 13,13 0.001 1 -1 13,14 0.001 -1 0 10.0177 155 ::f,0,1 f,0,12 f,12,15 f,15,1 
87:1,1 0.001 -1 0 2,2 0.001 0 -1 2,1 0.001 -1 0 7.0197 155 1,13 0.001 -1 -1 2,13 0.001 1 -1 2,14 0.001 -1 -1 13.018 200 13,2 0.001 -1 1 13,1 0.001 -1 1 14,2 0.001 1 1 16.0119 185 14,13 0.001 -1 -1 13,13 0.001 1 -1 13,14 0.001 -1 0 10.0177 155 ::f,0,12 f,1,0 f,12,15 f,15,1 
88:1,1 0.001 -1 1 2,2 0.001 0 -1 2,1 0.001 -1 0 7.0197 155 1,13 0.001 -1 -1 2,13 0.001 1 -1 2,14 0.001 -1 0 17.0181 215 13,2 0.001 -1 1 13,1 0.001 -1 1 14,2 0.001 1 1 16.0119 185 14,13 0.001 -1 -1 13,13 0.001 0 -1 13,14 0.001 -1 1 10.0177 155 ::f,0,14 f,1,0 f,12,15 f,15,1 
89:1,1 0.001 -1 1 2,2 0.001 0 -1 2,1 0.001 -1 0 7.0197 155 1,13 0.001 -1 0 2,13 0.001 0 -1 1,14 0.001 -1 0 17.0191 215 13,2 0.001 0 1 13,1 0.001 0 1 14,2 0.001 1 0 16.0119 185 14,13 0.001 -1 0 13,13 0.001 0 -1 13,14 0.001 -1 1 15.0178 170 ::f,0,14 f,1,0 f,15,1 f,15,15 
90:1,1 0.001 0 1 2,2 0.001 -1 -1 2,1 0.001 -1 1 7.0197 155 1,13 0.001 -1 0 2,13 0.001 0 -1 1,14 0.001 -1 0 19.0192 230 13,2 0.001 0 1 13,1 0.001 0 1 14,2 0.001 1 0 16.0119 185 14,13 0.001 -1 0 13,13 0.001 -1 -1 13,14 0.001 0 1 15.0178 170 ::f,1,0 f,3,14 f,15,1 f,15,15 
91:1,2 0.001 0 1 2,2 0.001 -1 -1 2,1 0.001 -1 1 7.0207 155 1,13 0.001 -1 1 2,13 0.001 -1 -1 1,14 0.001 -1 1 19.0192 230 13,2 0.001 1 1 13,1 0.001 0 1 14,2 0.001 1 -1 16.0119 185 14,13 0.001 -1 0 13,13 0.001 -1 -1 13,14 0.001 0 1 15.0178 170 ::f,1,0 f,3,14 f,15,1 f,15,15 
92:1,2 0.001 0 1 2,2 0.001 -1 0 2,1 0.001 0 1 7.0207 155 1,13 0.001 -1 1 2,13 0.001 -1 -1 1,14 0.001 -1 1 19.0192 230 13,2 0.001 1 1 13,1 0.001 1 1 14,2 0.001 1 -1 20.012 200 14,13 0.001 -1 1 13,13 0.001 -1 0 13,14 0.001 1 1 15.0178 170 ::f,1,0 f,3,14 f,12,1 f,15,15 
93:1,2 0.001 1 1 2,2 0.001 -1 0 2,1 0.001 0 1 7.0207 155 1,13 0.001 0 1 2,13 0.001 -1 0 1,14 0.001 0 1 19.0192 230 13,2 0.001 1 0 13,1 0.001 1 1 14,2 0.001 0 -1 20.012 200 14,13 0.001 -1 1 13,13 0.001 -1 0 13,14 0.001 1 1 15.0178 170 ::f,1,0 f,3,14 f,12,1 f,15,15 
94:1,2 0.001 1 1 2,2 0.001 -1 1 2,1 0.001 1 1 7.0207 155 1,13 0.001 0 1 2,13 0.001 -1 0 1,14 0.001 0 1 19.0192 230 13,2 0.001 1 0 13,1 0.001 1 0 14,1 0.001 0 -1 20.013 200 14,13 0.001 0 1 13,13 0.001 -1 1 13,14 0.001 1 0 15.0178 170 ::f,1,0 f,3,14 f,12,1 f,15,15 
95:1,2 0.001 1 0 2,2 0.001 -1 1 2,1 0.001 1 1 7.0207 155 1,13 0.001 0 1 2,13 0.001 -1 0 1,14 0.001 1 1 19.0192 230 13,2 0.001 1 0 13,1 0.001 1 0 14,1 0.001 0 -1 20.013 200 14,13 0.001 0 1 13,13 0.001 -1 1 14,14 0.001 1 0 15.0188 170 ::f,1,0 f,3,14 f,12,1 f,15,15 
96:1,2 0.001 1 0 2,2 0.001 0 1 2,1 0.001 1 0 7.0207 155 1,13 0.001 1 1 2,13 0.001 -1 1 1,14 0.001 1 1 19.0192 230 13,2 0.001 1 -1 13,1 0.001 1 -1 14,1 0.001 -1 -1 20.013 200 14,13 0.001 1 1 13,13 0.001 0 1 14,14 0.001 1 0 15.0188 170 ::f,1,0 f,3,14 f,12,1 f,15,15 
97:1,2 0.001 1 0 2,2 0.001 0 1 2,1 0.001 1 0 7.0207 155 1,13 0.001 1 1 2,13 0.001 -1 1 1,14 0.001 1 0 19.0192 230 13,2 0.001 1 -1 13,1 0.001 1 -1 14,1 0.001 -1 -1 20.013 200 14,13 0.001 1 1 13,14 0.001 0 1 14,14 0.001 1 -1 15.0198 170 ::f,1,0 f,3,14 f,12,1 f,15,15 
98:1,2 0.001 1 -1 2,2 0.001 1 1 2,1 0.001 1 -1 7.0207 155 1,13 0.001 1 0 2,13 0.001 0 1 2,14 0.001 1 0 19.0202 230 13,2 0.001 0 -1 13,1 0.001 0 -1 14,1 0.001 -1 0 20.013 200 14,13 0.001 1 0 13,14 0.001 0 1 14,14 0.001 1 -1 15.0198 170 ::f,1,0 f,3,14 f,12,1 f,15,15 
99:1,2 0.001 1 -1 2,2 0.001 1 1 2,1 0.001 1 -1 7.0207 155 1,13 0.001 1 0 2,13 0.001 0 1 2,14 0.001 1 0 22.0203 245 13,2 0.001 0 -1 13,1 0.001 0 -1 14,1 0.001 -1 0 20.013 200 14,13 0.001 1 0 13,14 0.001 1 1 14,14 0.001 0 -1 15.0198 170 ::f,1,0 f,3,13 f,12,1 f,15,15 
100:1,2 0.001 0 -1 2,2 0.001 1 0 2,1 0.001 0 -1 7.0207 155 1,13 0.001 1 0 2,13 0.001 1 1 2,14 0.001 1 -1 22.0203 245 13,2 0.001 -1 -1 13,1 0.001 -1 -1 14,1 0.001 -1 0 20.013 200 14,13 0.001 1 -1 13,14 0.001 1 1 14,14 0.001 0 -1 15.0198 170 ::f,1,0 f,3,13 f,12,1 f,15,15 
101:1,1 0.001 0 -1 2,2 0.001 1 0 2,1 0.001 0 -1 7.0217 155 1,13 0.001 1 0 2,13 0.001 1 1 2,14 0.001 1 -1 26.0204 260 13,2 0.001 -1 -1 13,1 0.001 -1 -1 14,1 0.001 -1 1 20.0131 215 14,13 0.001 1 -1 13,14 0.001 1 0 14,14 0.001 0 -1 15.0198 170 ::f,1,0 f,1,15 f,14,2 f,15,15 
102:1,1 0.001 0 -1 2,2 0.001 1 -1 2,1 0.001 -1 -1 11.0218 170 1,13 0.001 1 -1 2,13 0.001 1 0 2,14 0.001 0 -1 26.0204 260 13,2 0.001 -1 0 13,1 0.001 -1 0 14,1 0.001 0 1 20.0131 215 14,13 0.001 0 -1 13,14 0.001 1 0 14,14 0.001 -1 -1 15.0198 170 ::f,1,0 f,1,15 f,14,2 f,15,15 
103:1,1 0.001 -1 -1 2,2 0.001 1 -1 2,1 0.001 -1 -1 13.0219 185 1,13 0.001 0 -1 2,13 0.001 1 0 2,14 0.001 0 -1 26.0204 260 13,2 0.001 -1 0 13,1 0.001 -1 0 14,1 0.001 0 1 25.0132 230 14,13 0.001 0 -1 13,14 0.001 1 0 14,14 0.001 -1 -1 15.0198 170 ::f,1,2 f,1,15 f,14,3 f,15,15 
104:1,1 0.001 -1 -1 2,2 0.001 0 -1 2,1 0.001 -1 0 13.0219 185 1,13 0.001 -1 -1 2,13 0.001 1 -1 2,14 0.001 0 -1 26.0204 260 13,2 0.001 -1 1 13,1 0.001 -1 1 14,2 0.001 0 1 25.0142 230 14,13 0.001 -1 -1 13,14 0.001 1 -1 14,14 0.001 -1 0 15.0198 170 ::f,1,2 f,1,15 f,14,3 f,15,15 
105:1,1 0.001 -1 0 2,2 0.001 0 -1 2,1 0.001 -1 0 13.0219 185 1,13 0.001 -1 -1 2,13 0.001 1 -1 2,14 0.001 -1 -1 26.0204 260 13,2 0.001 -1 1 13,1 0.001 -1 1 14,2 0.001 0 1 31.0143 245 14,13 0.001 -1 -1 13,14 0.001 1 -1 14,14 0.001 -1 0 15.0198 170 ::f,1,2 f,1,15 f,12,0 f,15,15 
106:1,1 0.001 -1 0 2,2 0.001 0 -1 2,1 0.001 -1 0 13.0219 185 1,13 0.001 -1 0 2,13 0.001 0 -1 2,14 0.001 -1 -1 26.0204 260 13,2 0.001 0 1 13,1 0.001 0 1 14,2 0.001 1 1 31.0143 245 14,13 0.001 -1 0 13,14 0.001 0 -1 14,14 0.001 -1 1 15.0198 170 ::f,1,2 f,1,15 f,12,0 f,15,15 
107:1,1 0.001 -1 1 2,2 0.001 -1 -1 2,1 0.001 -1 1 13.0219 185 1,13 0.001 -1 0 2,13 0.001 0 -1 2,14 0.001 -1 0 26.0204 260 13,2 0.001 0 1 13,1 0.001 0 1 14,2 0.001 1 1 31.0143 245 13,13 0.001 -1 0 13,14 0.001 0 -1 14,14 0.001 -1 1 15.0208 170 ::f,1,2 f,1,15 f,12,0 f,15,15 
108:1,1 0.001 -1 1 2,2 0.001 -1 -1 2,1 0.001 -1 1 16.022 200 1,13 0.001 -1 1 2,13 0.001 -1 -1 2,14 0.001 -1 0 26.0204 260 13,2 0.001 1 1 13,1 0.001 0 1 14,2 0.001 1 0 31.0143 245 13,13 0.001 -1 0 13,14 0.001 -1 -1 14,14 0.001 0 1 15.0208 170 ::f,1,3 f,1,15 f,12,0 f,15,15 
109:1,1 0.001 0 1 2,2 0.001 -1 0 2,1 0.001 0 1 16.022 200 1,13 0.001 -1 1 2,13 0.001 -1 -1 2,14 0.001 -1 1 26.0204 260 13,2 0.001 1 1 13,1 0.001 1 1 14,2 0.001 1 0 31.0143 245 13,13 0.001 -1 1 13,14 0.001 -1 -1 14,14 0.001 0 1 15.0208 170 ::f,1,3 f,1,15 f,12,0 f,15,15 
110:1,2 0.001 0 1 2,2 0.001 -1 0 2,1 0.001 0 1 16.023 200 1,13 0.001 0 1 2,13 0.001 -1 0 2,14 0.001 -1 1 31.0205 275 13,2 0.001 1 0 13,1 0.001 1 1 14,2 0.001 1 -1 31.0143 245 13,13 0.001 -1 1 13,14 0.001 -1 0 14,14 0.001 1 1 15.0208 170 ::f,1,3 f,3,15 f,12,0 f,15,15 
111:1,2 0.001 0 1 2,2 0.001 -1 1 2,1 0.001 1 1 21.0231 215 1,14 0.001 0 1 1,13 0.001 -1 0 2,14 0.001 0 1 31.0225 275 13,2 0.001 1 0 13,1 0.001 1 0 14,2 0.001 1 -1 31.0143 245 13,13 0.001 0 1 13,14 0.001 -1 0 14,14 0.001 1 1 21.0209 185 ::f,0,3 f,3,15 f,12,0 f,12,15 
112:1,2 0.001 1 1 2,2 0.001 -1 1 2,1 0.001 1 1 21.0231 215 1,14 0.001 0 1 1,13 0.001 -1 0 2,14 0.001 0 1 31.0225 275 13,2 0.001 1 0 13,1 0.001 1 0 14,2 0.001 0 -1 31.0143 245 13,13 0.001 0 1 13,14 0.001 -1 1 14,14 0.001 1 0 21.0209 185 ::f,0,3 f,3,15 f,12,0 f,12,15 
113:1,2 0.001 1 1 2,2 0.001 0 1 2,1 0.001 1 0 21.0231 215 1,14 0.001 1 1 1,13 0.001 -1 1 2,14 0.001 1 1 31.0225 275 13,2 0.001 1 -1 13,1 0.001 1 -1 14,1 0.001 0 -1 31.0153 245 13,13 0.001 0 1 13,14 0.001 -1 1 14,14 0.001 1 0 22.021 200 ::f,0,3 f,3,15 f,12,0 f,14,13 
114:1,2 0.001 1 0 2,2 0.001 0 1 2,1 0.001 1 0 21.0231 215 1,14 0.001 1 1 1,13 0.001 -1 1 2,14 0.001 1 1 37.0226 290 13,2 0.001 1 -1 13,1 0.001 1 -1 14,1 0.001 0 -1 31.0153 245 13,13 0.001 1 1 13,14 0.001 0 1 14,14 0.001 1 -1 22.021 200 ::f,0,3 f,3,14 f,12,0 f,14,13 
115:1,2 0.001 1 0 2,2 0.001 1 1 2,1 0.001 1 -1 21.0231 215 1,14 0.001 1 0 1,13 0.001 0 1 2,14 0.001 1 0 37.0226 290 13,2 0.001 0 -1 13,1 0.001 0 -1 14,1 0.001 -1 -1 31.0153 245 13,13 0.001 1 1 13,14 0.001 0 1 14,14 0.001 1 -1 22.021 200 ::f,0,3 f,3,14 f,12,0 f,14,13 
116:1,2 0.001 1 0 2,2 0.001 1 1 2,1 0.001 1 -1 21.0231 215 1,14 0.001 1 0 1,13 0.001 0 1 2,14 0.001 1 0 44.0227 305 13,2 0.001 0 -1 13,1 0.001 0 -1 14,1 0.001 -1 -1 31.0153 245 13,13 0.001 1 0 13,14 0.001 1 1 14,14 0.001 0 -1 22.021 200 ::f,0,3 f,2,13 f,12,0 f,14,13 
117:1,2 0.001 1 -1 2,2 0.001 1 0 2,1 0.001 0 -1 21.0231 215 1,14 0.001 1 0 1,13 0.001 0 1 2,14 0.001 1 -1 44.0227 305 13,2 0.001 -1 -1 13,1 0.001 -1 -1 14,1 0.001 -1 0 31.0153 245 13,13 0.001 1 0 13,14 0.001 1 1 14,13 0.001 0 -1 23.0221 215 ::f,0,3 f,2,13 f,12,0 f,15,14 
118:1,2 0.001 1 -1 2,2 0.001 1 0 2,1 0.001 0 -1 21.0231 215 1,14 0.001 1 -1 1,13 0.001 1 1 2,14 0.001 1 -1 44.0227 305 13,2 0.001 -1 -1 13,1 0.001 -1 -1 14,1 0.001 -1 0 36.0154 260 13,13 0.001 1 -1 13,14 0.001 1 0 14,13 0.001 0 -1 23.0221 215 ::f,0,3 f,2,13 f,15,2 f,15,14 
119:1,2 0.001 0 -1 2,2 0.001 1 -1 2,1 0.001 -1 -1 21.0231 215 1,14 0.001 1 -1 1,13 0.001 1 1 2,14 0.001 0 -1 49.0228 320 13,2 0.001 -1 0 13,1 0.001 -1 0 14,1 0.001 -1 0 36.0154 260 13,13 0.001 1 -1 14,14 0.001 1 0 14,13 0.001 -1 -1 23.0231 215 ::f,0,3 f,0,12 f,15,2 f,15,14 
120:1,2 0.001 0 -1 2,2 0.001 1 -1 2,1 0.001 -1 -1 21.0231 215 1,14 0.001 0 -1 1,13 0.001 1 0 2,13 0.001 0 -1 49.0238 320 13,2 0.001 -1 0 13,1 0.001 -1 0 14,1 0.001 -1 1 36.0154 260 13,13 0.001 0 -1 14,14 0.001 1 0 14,13 0.001 -1 -1 32.0233 245 ::f,0,3 f,0,12 f,14,15 f,15,2 
121:1,2 0.001 -1 -1 2,2 0.001 0 -1 2,1 0.001 -1 0 21.0231 215 1,14 0.001 0 -1 1,13 0.001 1 0 2,13 0.001 0 -1 49.0238 320 13,2 0.001 -1 1 13,1 0.001 -1 1 14,1 0.001 -1 1 36.0154 260 13,13 0.001 0 -1 14,14 0.001 1 -1 14,13 0.001 -1 0 32.0233 245 ::f,0,3 f,0,12 f,14,15 f,15,2 
122:1,2 0.001 -1 -1 2,2 0.001 0 -1 1,1 0.001 -1 0 21.0241 215 1,14 0.001 -1 -1 1,13 0.001 1 -1 2,13 0.001 -1 -1 49.0238 320 13,2 0.001 -1 1 13,1 0.001 -1 1 14,1 0.001 0 1 36.0154 260 13,13 0.001 -1 -1 14,14 0.001 1 -1 14,13 0.001 -1 0 32.0233 245 ::f,0,3 f,0,12 f,14,15 f,15,2 
123:1,2 0.001 -1 0 2,2 0.001 0 -1 1,1 0.001 -1 0 21.0241 215 1,14 0.001 -1 -1 1,13 0.001 1 -1 2,13 0.001 -1 -1 49.0238 320 13,2 0.001 0 1 13,1 0.001 0 1 14,1 0.001 0 1 36.0154 260 13,13 0.001 -1 -1 14,14 0.001 0 -1 14,13 0.001 -1 0 32.0233 245 ::f,0,3 f,0,12 f,14,15 f,15,2 
124:1,2 0.001 -1 0 2,2 0.001 -1 -1 1,1 0.001 -1 1 21.0241 215 1,14 0.001 -1 0 1,13 0.001 0 -1 2,13 0.001 -1 0 49.0238 320 13,2 0.001 0 1 13,1 0.001 0 1 14,1 0.001 1 1 36.0154 260 13,13 0.001 -1 0 14,14 0.001 0 -1 14,13 0.001 -1 1 32.0233 245 ::f,0,3 f,0,12 f,14,15 f,15,2 
125:1,2 0.001 -1 1 2,2 0.001 -1 -1 1,1 0.001 -1 1 21.0241 215 1,14 0.001 -1 0 1,13 0.001 0 -1 2,13 0.001 -1 0 49.0238 320 13,2 0.001 1 1 13,1 0.001 0 1 14,1 0.001 1 1 43.0155 275 13,13 0.001 -1 0 14,14 0.001 0 -1 14,13 0.001 -1 1 32.0233 245 ::f,0,3 f,0,12 f,14,2 f,14,15 
126:1,2 0.001 -1 1 2,2 0.001 -1 0 1,1 0.001 0 1 27.0242 230 1,14 0.001 -1 1 1,13 0.001 -1 -1 2,13 0.001 -1 0 49.0238 320 13,2 0.001 1 1 13,1 0.001 1 1 14,1 0.001 1 0 43.0155 275 13,13 0.001 -1 1 14,14 0.001 -1 -1 14,13 0.001 0 1 32.0233 245 ::f,0,12 f,1,3 f,14,2 f,14,15 
127:1,2 0.001 0 1 2,2 0.001 -1 0 1,1 0.001 0 1 27.0242 230 1,14 0.001 -1 1 1,13 0.001 -1 -1 2,13 0.001 -1 1 53.0239 335 13,2 0.001 1 0 13,1 0.001 1 1 14,1 0.001 1 0 49.0156 290 13,13 0.001 -1 1 14,14 0.001 -1 -1 14,13 0.001 0 1 32.0233 245 ::f,1,3 f,1,15 f,12,2 f,14,15 
128:1,2 0.001 0 1 2,2 0.001 -1 1 1,1 0.001 0 1 34.0243 245 1,14 0.001 0 1 1,13 0.001 -1 0 2,13 0.001 -1 1 53.0239 335 14,2 0.001 1 0 13,1 0.001 1 0 14,1 0.001 1 -1 49.0166 290 13,13 0.001 0 1 14,14 0.001 -1 0 14,13 0.001 0 1 32.0233 245 ::f,0,3 f,1,15 f,12,2 f,14,15 
129:1,2 0.001 1 1 2,2 0.001 -1 1 1,1 0.001 1 1 34.0243 245 1,14 0.001 0 1 1,13 0.001 -1 0 2,13 0.001 0 1 59.024 350 14,2 0.001 1 0 13,1 0.001 1 0 14,1 0.001 1 -1 49.0166 290 13,14 0.001 0 1 14,14 0.001 -1 0 14,13 0.001 1 1 32.0243 245 ::f,0,3 f,2,14 f,12,2 f,14,15 
130:1,2 0.001 1 1 2,2 0.001 0 1 1,1 0.001 1 1 34.0243 245 1,14 0.001 1 1 1,13 0.001 -1 1 2,13 0.001 0 1 67.0241 365 14,2 0.001 1 -1 13,1 0.001 1 -1 14,1 0.001 0 -1 49.0166 290 13,14 0.001 0 1 14,14 0.001 -1 1 14,13 0.001 1 1 32.0243 245 ::f,0,3 f,2,14 f,12,2 f,14,15 
131:1,2 0.001 1 0 2,2 0.001 0 1 1,1 0.001 1 0 34.0243 245 1,14 0.001 1 1 1,13 0.001 -1 1 2,13 0.001 1 1 67.0241 365 14,2 0.001 1 -1 13,1 0.001 1 -1 14,1 0.001 0 -1 49.0166 290 13,14 0.001 1 1 14,14 0.001 -1 1 14,13 0.001 1 0 32.0243 245 ::f,0,3 f,2,14 f,12,2 f,14,15 
132:1,2 0.001 1 0 2,2 0.001 1 1 1,1 0.001 1 0 34.0243 245 1,14 0.001 1 0 1,13 0.001 0 1 2,13 0.001 1 1 67.0241 365 14,2 0.001 0 -1 13,1 0.001 0 -1 14,1 0.001 -1 -1 49.0166 290 13,14 0.001 1 1 14,14 0.001 0 1 14,13 0.001 1 0 34.0244 260 ::f,0,3 f,2,14 f,12,2 f,12,12 
133:1,2 0.001 1 0 2,2 0.001 1 1 1,1 0.001 1 -1 34.0243 245 1,14 0.001 1 0 1,13 0.001 0 1 2,13 0.001 1 0 67.0241 365 14,2 0.001 0 -1 13,1 0.001 0 -1 14,1 0.001 -1 -1 49.0166 290 13,14 0.001 1 0 14,14 0.001 0 1 14,13 0.001 1 -1 34.0244 260 ::f,0,3 f,2,14 f,12,2 f,12,12 
134:1,2 0.001 1 -1 2,2 0.001 1 0 1,1 0.001 1 -1 34.0243 245 1,14 0.001 1 0 1,13 0.001 0 1 2,13 0.001 1 0 74.0242 380 14,2 0.001 0 -1 13,1 0.001 -1 -1 14,1 0.001 -1 0 49.0166 290 13,14 0.001 1 0 14,14 0.001 1 1 14,13 0.001 1 -1 34.0244 260 ::f,0,3 f,3,15 f,12,2 f,12,12 
135:1,2 0.001 1 -1 2,2 0.001 1 0 1,1 0.001 0 -1 34.0243 245 1,14 0.001 1 -1 1,13 0.001 1 1 2,13 0.001 1 -1 74.0242 380 14,2 0.001 -1 -1 13,1 0.001 -1 -1 14,1 0.001 -1 0 49.0166 290 13,14 0.001 1 0 14,14 0.001 1 1 14,13 0.001 0 -1 34.0244 260 ::f,0,3 f,3,15 f,12,2 f,12,12 
136:1,2 0.001 0 -1 2,2 0.001 1 -1 1,1 0.001 0 -1 34.0243 245 1,14 0.001 1 -1 2,14 0.001 1 1 2,13 0.001 1 -1 74.0252 380 14,2 0.001 -1 -1 13,1 0.001 -1 0 14,1 0.001 -1 0 49.0166 290 13,14 0.001 1 -1 14,14 0.001 1 0 14,13 0.001 0 -1 34.0244 260 ::f,0,3 f,3,15 f,12,2 f,12,12 
137:1,2 0.001 0 -1 2,2 0.001 1 -1 1,1 0.001 -1 -1 34.0243 245 1,14 0.001 0 -1 2,14 0.001 1 1 2,13 0.001 0 -1 79.0253 395 14,2 0.001 -1 0 13,1 0.001 -1 0 14,1 0.001 -1 1 49.0166 290 13,14 0.001 1 -1 14,14 0.001 1 0 14,13 0.001 -1 -1 34.0244 260 ::f,0,3 f,3,13 f,12,2 f,12,12 
138:1,2 0.001 -1 -1 2,2 0.001 0 -1 1,1 0.001 -1 -1 34.0243 245 1,14 0.001 0 -1 2,14 0.001 1 0 2,13 0.001 0 -1 79.0253 395 13,2 0.001 -1 0 13,1 0.001 -1 1 14,1 0.001 -1 1 49.0176 290 13,14 0.001 0 -1 14,14 0.001 1 -1 14,13 0.001 -1 -1 34.0244 260 ::f,0,3 f,3,13 f,12,2 f,12,12 
139:1,2 0.001 -1 -1 2,1 0.001 0 -1 1,1 0.001 -1 0 34.0253 245 1,14 0.001 -1 -1 2,14 0.001 1 0 2,13 0.001 -1 -1 79.0253 395 13,2 0.001 -1 0 13,1 0.001 -1 1 14,1 0.001 -1 1 50.0177 305 13,14 0.001 0 -1 14,14 0.001 1 -1 14,13 0.001 -1 0 34.0244 260 ::f,0,3 f,3,13 f,12,3 f,12,12 
140:1,2 0.001 -1 0 2,1 0.001 0 -1 1,1 0.001 -1 0 34.0253 245 1,14 0.001 -1 -1 2,14 0.001 1 -1 2,13 0.001 -1 -1 79.0253 395 13,2 0.001 -1 1 13,1 0.001 0 1 14,1 0.001 -1 1 50.0177 305 13,14 0.001 -1 -1 14,14 0.001 0 -1 13,13 0.001 -1 0 34.0254 260 ::f,0,3 f,3,13 f,12,3 f,12,12 
141:1,2 0.001 -1 0 2,1 0.001 -1 -1 1,1 0.001 -1 1 34.0253 245 1,14 0.001 -1 0 2,14 0.001 1 -1 2,13 0.001 -1 0 85.0254 410 13,2 0.001 -1 1 13,1 0.001 0 1 14,1 0.001 0 1 52.0178 320 13,14 0.001 -1 -1 14,13 0.001 0 -1 13,13 0.001 -1 0 34.0264 260 ::f,0,3 f,0,15 f,12,12 f,14,0 
142:1,2 0.001 -1 1 2,1 0.001 -1 -1 1,1 0.001 -1 1 34.0253 245 1,14 0.001 -1 0 2,14 0.001 0 -1 1,13 0.001 -1 0 85.0264 410 13,2 0.001 0 1 13,1 0.001 0 1 14,1 0.001 1 1 52.0178 320 13,14 0.001 -1 0 14,13 0.001 0 -1 13,13 0.001 -1 1 34.0264 260 ::f,0,3 f,0,15 f,12,12 f,14,0 
143:1,2 0.001 -1 1 2,1 0.001 -1 0 1,1 0.001 0 1 42.0254 260 1,14 0.001 -1 1 2,13 0.001 0 -1 1,13 0.001 -1 0 85.0274 410 13,2 0.001 0 1 13,1 0.001 1 1 14,1 0.001 1 1 52.0178 320 13,14 0.001 -1 0 14,13 0.001 -1 -1 13,13 0.001 -1 1 34.0264 260 ::f,0,15 f,3,1 f,12,12 f,14,0 
144:1,2 0.001 0 1 2,1 0.001 -1 0 1,1 0.001 0 1 42.0254 260 1,14 0.001 -1 1 2,13 0.001 0 -1 1,13 0.001 -1 1 93.0275 425 13,2 0.001 1 1 13,1 0.001 1 1 14,1 0.001 1 0 52.0178 320 13,14 0.001 -1 1 14,13 0.001 -1 -1 13,13 0.001 0 1 34.0264 260 ::f,3,1 f,3,14 f,12,12 f,14,0 
145:1,2 0.001 0 1 2,1 0.001 -1 0 1,1 0.001 0 1 42.0254 260 1,14 0.001 0 1 2,13 0.001 -1 -1 1,13 0.001 -1 1 93.0275 425 13,2 0.001 1 1 13,1 0.001 1 0 14,1 0.001 1 0 52.0178 320 13,14 0.001 -1 1 14,13 0.001 -1 0 13,13 0.001 0 1 34.0264 260 ::f,3,1 f,3,14 f,12,12 f,14,0 
146:1,2 0.001 1 1 2,1 0.001 -1 1 1,1 0.001 1 1 42.0254 260 1,14 0.001 0 1 2,13 0.001 -1 -1 1,13 0.001 0 1 93.0275 425 13,2 0.001 1 0 13,1 0.001 1 0 14,1 0.001 1 -1 52.0178 320 13,14 0.001 0 1 14,13 0.001 -1 0 13,13 0.001 0 1 34.0264 260 ::f,3,1 f,3,14 f,12,12 f,14,0 
147:1,2 0.001 1 1 2,1 0.001 -1 1 1,1 0.001 1 1 42.0254 260 1,14 0.001 1 1 2,13 0.001 -1 0 1,13 0.001 0 1 93.0275 425 14,2 0.001 1 0 13,1 0.001 1 -1 14,1 0.001 1 -1 52.0188 320 13,14 0.001 0 1 14,13 0.001 -1 0 13,13 0.001 1 1 34.0264 260 ::f,3,1 f,3,14 f,12,12 f,14,0 
148:1,2 0.001 1 0 2,1 0.001 0 1 1,1 0.001 1 0 42.0254 260 1,14 0.001 1 1 2,13 0.001 -1 0 1,13 0.001 0 1 93.0275 425 14,2 0.001 1 0 13,1 0.001 1 -1 14,1 0.001 0 -1 59.0189 335 13,14 0.001 1 1 14,13 0.001 -1 1 13,13 0.001 1 1 34.0264 260 ::f,3,1 f,3,14 f,12,12 f,14,0 
149:2,2 0.001 1 0 2,1 0.001 0 1 1,1 0.001 1 0 42.0264 260 1,14 0.001 1 0 2,13 0.001 -1 0 1,13 0.001 1 1 93.0275 425 14,2 0.001 1 -1 13,1 0.001 0 -1 14,1 0.001 0 -1 67.019 350 13,14 0.001 1 1 14,13 0.001 -1 1 13,13 0.001 1 0 34.0264 260 ::f,3,1 f,3,14 f,12,12 f,13,2 
150:2,2 0.001 1 0 2,1 0.001 1 1 1,1 0.001 1 0 42.0264 260 2,14 0.001 1 0 2,13 0.001 -1 1 1,13 0.001 1 1 93.0285 425 14,2 0.001 1 -1 13,1 0.001 0 -1 14,1 0.001 -1 -1 67.019 350 13,14 0.001 1 0 14,13 0.001 0 1 13,13 0.001 1 0 34.0264 260 ::f,3,1 f,3,14 f,12,12 f,13,2 
151:2,2 0.001 1 -1 2,1 0.001 1 1 1,1 0.001 1 -1 42.0264 260 2,14 0.001 1 0 2,13 0.001 -1 1 1,13 0.001 1 0 102.029 440 14,2 0.001 0 -1 13,1 0.001 -1 -1 14,1 0.001 -1 -1 67.019 350 14,14 0.001 1 0 14,13 0.001 0 1 13,13 0.001 1 -1 34.0274 260 ::f,2,15 f,3,1 f,12,12 f,13,2 
152:2,2 0.001 1 -1 2,1 0.001 1 0 1,1 0.001 1 -1 51.0265 275 2,14 0.001 1 -1 2,13 0.001 0 1 1,13 0.001 1 0 102.029 440 14,2 0.001 0 -1 13,1 0.001 -1 -1 14,1 0.001 -1 0 67.019 350 14,14 0.001 1 0 14,13 0.001 1 1 13,13 0.001 1 -1 34.0274 260 ::f,1,2 f,2,15 f,12,12 f,13,2 
153:2,2 0.001 0 -1 2,1 0.001 1 0 1,1 0.001 0 -1 51.0265 275 2,14 0.001 1 -1 2,13 0.001 0 1 1,13 0.001 1 -1 102.029 440 14,2 0.001 0 -1 13,1 0.001 -1 0 14,1 0.001 -1 0 67.019 350 14,14 0.001 1 -1 14,13 0.001 1 1 13,13 0.001 0 -1 34.0274 260 ::f,1,2 f,2,15 f,12,12 f,13,2 
154:2,2 0.001 0 -1 2,1 0.001 1 -1 1,1 0.001 0 -1 51.0265 275 2,14 0.001 0 -1 2,13 0.001 0 1 1,13 0.001 1 -1 102.029 440 14,2 0.001 -1 -1 13,1 0.001 -1 0 14,1 0.001 -1 0 67.019 350 14,14 0.001 1 -1 14,13 0.001 1 0 13,13 0.001 0 -1 34.0274 260 ::f,1,2 f,2,15 f,12,12 f,13,2 
155:2,2 0.001 0 -1 2,1 0.001 1 -1 1,1 0.001 -1 -1 51.0265 275 2,14 0.001 0 -1 2,13 0.001 1 1 1,13 0.001 0 -1 102.029 440 14,2 0.001 -1 -1 13,1 0.001 -1 1 14,1 0.001 -1 1 67.019 350 14,14 0.001 0 -1 14,13 0.001 1 0 13,13 0.001 -1 -1 34.0274 260 ::f,1,2 f,2,15 f,12,12 f,13,2 
156:2,2 0.001 -1 -1 2,1 0.001 0 -1 1,1 0.001 -1 -1 51.0265 275 2,14 0.001 0 -1 2,13 0.001 1 1 1,13 0.001 0 -1 102.029 440 14,2 0.001 -1 0 13,1 0.001 -1 1 14,1 0.001 -1 1 76.0191 365 14,14 0.001 0 -1 14,13 0.001 1 -1 13,13 0.001 -1 -1 42.0275 275 ::f,1,2 f,2,15 f,12,2 f,12,12 
157:2,2 0.001 -1 -1 2,1 0.001 0 -1 1,1 0.001 -1 0 51.0265 275 2,14 0.001 -1 -1 2,13 0.001 1 0 1,13 0.001 -1 -1 102.029 440 13,2 0.001 -1 0 13,1 0.001 0 1 14,1 0.001 0 1 76.0201 365 14,14 0.001 0 -1 14,13 0.001 1 -1 13,13 0.001 -1 0 42.0275 275 ::f,1,2 f,2,15 f,12,2 f,12,12 
158:2,2 0.001 -1 0 2,1 0.001 -1 -1 1,1 0.001 -1 0 51.0265 275 2,14 0.001 -1 -1 2,13 0.001 1 0 1,13 0.001 -1 -1 102.029 440 13,2 0.001 -1 0 13,1 0.001 0 1 14,1 0.001 0 1 79.0202 380 14,14 0.001 -1 -1 14,13 0.001 0 -1 13,13 0.001 -1 0 42.0275 275 ::f,1,2 f,2,15 f,12,1 f,12,12 
159:2,2 0.001 -1 0 2,1 0.001 -1 -1 1,1 0.001 -1 1 61.0266 290 2,14 0.001 -1 0 2,13 0.001 1 -1 1,13 0.001 -1 0 102.029 440 13,2 0.001 -1 1 13,1 0.001 0 1 14,1 0.001 1 1 79.0202 380 14,14 0.001 -1 -1 14,13 0.001 0 -1 13,13 0.001 -1 1 42.0275 275 ::f,2,15 f,3,2 f,12,1 f,12,12 
160:2,2 0.001 -1 1 2,1 0.001 -1 0 1,1 0.001 -1 1 61.0266 290 2,14 0.001 -1 0 2,13 0.001 1 -1 1,13 0.001 -1 0 102.029 440 13,2 0.001 -1 1 13,1 0.001 1 1 14,1 0.001 1 1 79.0202 380 14,14 0.001 -1 -1 14,13 0.001 -1 -1 13,13 0.001 -1 1 42.0275 275 ::f,2,15 f,3,2 f,12,1 f,12,12 
161:2,2 0.001 -1 1 2,1 0.001 -1 0 1,1 0.001 0 1 61.0266 290 2,14 0.001 -1 1 2,13 0.001 0 -1 1,13 0.001 -1 1 102.029 440 13,2 0.001 0 1 13,1 0.001 1 1 14,1 0.001 1 0 79.0202 380 14,14 0.001 -1 0 14,13 0.001 -1 -1 13,13 0.001 0 1 42.0275 275 ::f,2,15 f,3,2 f,12,1 f,12,12 
162:2,2 0.001 0 1 2,1 0.001 -1 0 1,2 0.001 0 1 61.0276 290 2,14 0.001 -1 1 2,13 0.001 0 -1 1,13 0.001 -1 1 102.029 440 13,2 0.001 0 1 13,1 0.001 1 0 14,1 0.001 1 0 79.0202 380 14,14 0.001 -1 0 14,13 0.001 -1 0 13,14 0.001 0 1 42.0285 275 ::f,2,15 f,3,2 f,12,1 f,12,12 
163:2,2 0.001 0 1 2,1 0.001 -1 1 1,2 0.001 0 1 61.0276 290 2,14 0.001 0 1 2,13 0.001 -1 -1 1,13 0.001 0 1 102.029 440 13,2 0.001 1 1 13,1 0.001 1 0 14,1 0.001 1 -1 79.0202 380 14,14 0.001 -1 1 13,13 0.001 -1 0 13,14 0.001 0 1 42.0295 275 ::f,2,15 f,3,2 f,12,1 f,12,12 
164:2,2 0.001 1 1 2,1 0.001 -1 1 1,2 0.001 1 1 61.0276 290 2,14 0.001 0 1 2,13 0.001 -1 -1 1,14 0.001 0 1 112.03 455 13,2 0.001 1 1 13,1 0.001 1 -1 14,1 0.001 1 -1 79.0202 380 14,14 0.001 -1 1 13,13 0.001 -1 0 13,14 0.001 1 1 42.0295 275 ::f,0,12 f,3,2 f,12,1 f,12,12 
165:2,2 0.001 1 1 2,1 0.001 0 1 1,2 0.001 1 1 61.0276 290 2,14 0.001 1 1 2,13 0.001 -1 0 1,14 0.001 0 1 112.03 455 13,2 0.001 1 0 13,1 0.001 1 -1 14,1 0.001 0 -1 79.0202 380 14,14 0.001 0 1 13,13 0.001 -1 1 13,14 0.001 1 1 42.0295 275 ::f,0,12 f,3,2 f,12,1 f,12,12 
166:2,2 0.001 1 0 2,1 0.001 0 1 1,2 0.001 1 0 61.0276 290 2,14 0.001 1 1 1,13 0.001 -1 0 1,14 0.001 1 1 112.031 455 14,2 0.001 1 0 13,1 0.001 0 -1 14,1 0.001 0 -1 79.0212 380 14,14 0.001 0 1 13,13 0.001 -1 1 13,14 0.001 1 0 42.0295 275 ::f,0,12 f,3,2 f,12,1 f,12,12 
167:2,2 0.001 1 0 2,1 0.001 1 1 1,2 0.001 1 0 71.0277 305 2,14 0.001 1 0 1,13 0.001 -1 0 1,14 0.001 1 1 112.031 455 14,2 0.001 1 0 13,1 0.001 0 -1 14,1 0.001 -1 -1 79.0212 380 14,14 0.001 1 1 13,13 0.001 0 1 13,14 0.001 1 0 42.0295 275 ::f,0,12 f,3,2 f,12,1 f,12,12 
168:2,2 0.001 1 -1 2,1 0.001 1 1 1,2 0.001 1 0 72.0278 320 2,14 0.001 1 0 1,13 0.001 -1 1 1,14 0.001 1 0 112.031 455 14,2 0.001 1 -1 13,1 0.001 -1 -1 14,1 0.001 -1 -1 79.0212 380 14,14 0.001 1 1 13,13 0.001 0 1 13,14 0.001 1 0 42.0295 275 ::f,0,12 f,1,0 f,12,1 f,12,12 
169:2,2 0.001 1 -1 2,1 0.001 1 0 1,2 0.001 1 -1 72.0278 320 2,14 0.001 1 -1 1,13 0.001 -1 1 1,14 0.001 1 0 112.031 455 14,2 0.001 1 -1 13,1 0.001 -1 -1 14,1 0.001 -1 0 79.0212 380 14,14 0.001 1 0 13,13 0.001 0 1 13,14 0.001 1 -1 42.0295 275 ::f,0,12 f,1,0 f,12,1 f,12,12 
170:2,2 0.001 0 -1 2,1 0.001 1 0 1,2 0.001 1 -1 72.0278 320 2,14 0.001 1 -1 1,13 0.001 0 1 1,14 0.001 1 0 112.031 455 14,2 0.001 0 -1 13,1 0.001 -1 0 14,1 0.001 -1 0 79.0212 380 14,14 0.001 1 0 13,13 0.001 1 1 13,14 0.001 1 -1 42.0295 275 ::f,0,12 f,1,0 f,12,1 f,12,12 
171:2,2 0.001 0 -1 2,1 0.001 1 -1 1,2 0.001 0 -1 72.0278 320 2,14 0.001 0 -1 1,13 0.001 0 1 1,14 0.001 1 -1 112.031 455 14,2 0.001 0 -1 13,1 0.001 -1 0 14,1 0.001 -1 0 87.0213 395 14,14 0.001 1 -1 13,13 0.001 1 1 13,14 0.001 0 -1 42.0295 275 ::f,0,12 f,1,0 f,12,3 f,12,12 
172:2,2 0.001 0 -1 2,1 0.001 1 -1 1,1 0.001 0 -1 72.0288 320 2,13 0.001 0 -1 1,13 0.001 0 1 1,14 0.001 1 -1 112.032 455 14,2 0.001 0 -1 13,1 0.001 -1 1 14,1 0.001 -1 1 87.0213 395 14,14 0.001 1 -1 13,13 0.001 1 0 13,14 0.001 0 -1 42.0295 275 ::f,0,12 f,1,0 f,12,3 f,12,12 
173:2,2 0.001 -1 -1 2,1 0.001 0 -1 1,1 0.001 0 -1 76.0289 335 2,13 0.001 0 -1 1,13 0.001 1 1 1,14 0.001 0 -1 112.032 455 14,2 0.001 -1 -1 13,1 0.001 -1 1 13,2 0.001 -1 1 87.0223 395 14,14 0.001 0 -1 13,13 0.001 1 0 13,14 0.001 -1 -1 42.0295 275 ::f,0,12 f,3,3 f,12,3 f,12,12 
174:2,2 0.001 -1 -1 2,1 0.001 0 -1 1,1 0.001 -1 -1 76.0289 335 2,13 0.001 -1 -1 1,13 0.001 1 1 1,14 0.001 0 -1 112.032 455 14,2 0.001 -1 -1 13,1 0.001 0 1 13,2 0.001 -1 1 97.0224 410 14,13 0.001 0 -1 13,13 0.001 1 -1 13,14 0.001 -1 -1 42.0305 275 ::f,0,12 f,3,3 f,12,3 f,12,12 
175:2,2 0.001 -1 0 2,1 0.001 -1 -1 1,1 0.001 -1 -1 76.0289 335 2,13 0.001 -1 -1 1,13 0.001 1 0 1,14 0.001 -1 -1 112.032 455 14,2 0.001 -1 0 13,1 0.001 0 1 13,2 0.001 0 1 97.0224 410 14,13 0.001 0 -1 13,13 0.001 1 -1 13,14 0.001 -1 0 42.0305 275 ::f,0,12 f,3,3 f,12,3 f,12,12 
176:2,2 0.001 -1 0 2,1 0.001 -1 -1 1,1 0.001 -1 0 76.0289 335 2,13 0.001 -1 0 1,13 0.001 1 0 1,14 0.001 -1 -1 112.032 455 14,2 0.001 -1 0 13,1 0.001 0 1 13,2 0.001 0 1 97.0224 410 14,13 0.001 -1 -1 13,13 0.001 0 -1 13,14 0.001 -1 0 42.0305 275 ::f,0,12 f,3,3 f,12,3 f,12,12 
177:2,2 0.001 -1 1 2,1 0.001 -1 0 1,1 0.001 -1 0 76.0289 335 2,13 0.001 -1 0 1,13 0.001 1 -1 1,14 0.001 -1 0 112.032 455 14,2 0.001 -1 1 13,1 0.001 1 1 13,2 0.001 1 1 97.0224 410 14,13 0.001 -1 -1 13,13 0.001 0 -1 13,14 0.001 -1 1 42.0305 275 ::f,0,12 f,3,3 f,12,3 f,12,12 
178:2,2 0.001 -1 1 2,1 0.001 -1 0 1,1 0.001 -1 1 76.0289 335 2,13 0.001 -1 0 1,13 0.001 1 -1 1,14 0.001 -1 0 112.032 455 14,2 0.001 -1 1 13,1 0.001 1 1 13,2 0.001 1 1 97.0224 410 14,13 0.001 -1 0 13,13 0.001 -1 -1 13,14 0.001 -1 1 42.0305 275 ::f,0,12 f,3,3 f,12,3 f,12,12 
179:2,2 0.001 0 1 2,1 0.001 -1 0 1,1 0.001 -1 1 76.0289 335 2,13 0.001 -1 1 1,13 0.001 0 -1 1,14 0.001 -1 1 112.032 455 14,2 0.001 0 1 13,1 0.001 1 0 13,2 0.001 1 0 97.0224 410 14,13 0.001 -1 0 13,13 0.001 -1 -1 13,14 0.001 0 1 45.0306 290 ::f,0,12 f,3,3 f,12,3 f,12,14 
180:2,2 0.001 0 1 2,1 0.001 -1 1 1,1 0.001 0 1 76.0289 335 2,13 0.001 -1 1 1,13 0.001 0 -1 1,14 0.001 -1 1 112.032 455 14,2 0.001 0 1 13,1 0.001 1 0 13,2 0.001 1 0 97.0224 410 14,13 0.001 -1 0 13,13 0.001 -1 0 13,14 0.001 0 1 45.0306 290 ::f,0,12 f,3,3 f,12,3 f,12,14 
181:2,2 0.001 1 1 2,1 0.001 -1 1 1,2 0.001 0 1 76.0299 335 2,13 0.001 0 1 1,13 0.001 -1 -1 1,14 0.001 0 1 112.032 455 14,2 0.001 1 1 13,1 0.001 1 -1 13,2 0.001 1 0 97.0224 410 14,13 0.001 -1 1 13,13 0.001 -1 0 13,14 0.001 1 1 45.0306 290 ::f,0,12 f,3,3 f,12,3 f,12,14 
182:2,2 0.001 1 1 2,1 0.001 0 1 1,2 0.001 0 1 86.03 350 2,13 0.001 0 1 1,13 0.001 -1 -1 1,14 0.001 0 1 119.032 470 14,2 0.001 1 1 13,1 0.001 1 -1 13,2 0.001 1 -1 97.0224 410 14,13 0.001 -1 1 13,13 0.001 -1 1 13,14 0.001 1 1 45.0306 290 ::f,1,1 f,2,14 f,12,3 f,12,14 
183:2,2 0.001 1 0 2,1 0.001 0 1 1,2 0.001 1 1 86.03 350 2,13 0.001 1 1 1,13 0.001 -1 0 1,14 0.001 1 1 119.032 470 14,2 0.001 1 0 13,1 0.001 0 -1 13,2 0.001 1 -1 97.0224 410 14,13 0.001 0 1 13,13 0.001 -1 1 13,14 0.001 1 0 49.0307 305 ::f,1,1 f,2,14 f,12,3 f,12,15 
184:2,2 0.001 1 0 2,1 0.001 1 1 1,2 0.001 1 1 86.03 350 2,13 0.001 1 1 1,13 0.001 -1 0 1,14 0.001 1 1 119.032 470 14,2 0.001 1 0 13,1 0.001 0 -1 13,2 0.001 0 -1 97.0224 410 14,13 0.001 0 1 13,13 0.001 0 1 14,14 0.001 1 0 49.0317 305 ::f,1,1 f,2,14 f,12,3 f,12,15 
185:2,2 0.001 1 -1 2,1 0.001 1 1 1,2 0.001 1 0 86.03 350 2,13 0.001 1 0 1,13 0.001 -1 1 1,14 0.001 1 0 119.032 470 14,2 0.001 1 -1 13,1 0.001 -1 -1 13,2 0.001 0 -1 97.0224 410 14,13 0.001 1 1 13,14 0.001 0 1 14,14 0.001 1 0 49.0327 305 ::f,1,1 f,2,14 f,12,3 f,12,15 
186:2,2 0.001 1 -1 2,1 0.001 1 0 1,2 0.001 1 0 86.03 350 2,13 0.001 1 0 1,13 0.001 -1 1 1,14 0.001 1 0 119.032 470 14,2 0.001 1 -1 13,1 0.001 -1 -1 13,2 0.001 -1 -1 97.0224 410 14,13 0.001 1 1 13,14 0.001 0 1 14,14 0.001 1 -1 49.0327 305 ::f,1,1 f,2,14 f,12,3 f,12,15 
187:2,2 0.001 0 -1 2,1 0.001 1 0 1,2 0.001 1 0 86.03 350 2,13 0.001 1 -1 1,13 0.001 0 1 1,14 0.001 1 0 128.032 485 14,2 0.001 0 -1 13,1 0.001 -1 0 13,2 0.001 -1 -1 97.0224 410 14,13 0.001 1 0 13,14 0.001 1 1 14,14 0.001 1 -1 49.0327 305 ::f,1,1 f,3,15 f,12,3 f,12,15 
188:2,2 0.001 0 -1 2,1 0.001 1 -1 1,2 0.001 1 -1 86.03 350 2,13 0.001 1 -1 1,13 0.001 0 1 1,14 0.001 1 -1 128.032 485 14,1 0.001 0 -1 13,1 0.001 -1 0 13,2 0.001 -1 0 97.0234 410 14,13 0.001 1 0 13,14 0.001 1 1 14,14 0.001 0 -1 49.0327 305 ::f,1,1 f,3,15 f,12,3 f,12,15 
189:2,2 0.001 0 -1 2,1 0.001 1 -1 1,2 0.001 1 -1 86.03 350 2,13 0.001 0 -1 1,13 0.001 0 1 1,14 0.001 1 -1 128.032 485 14,1 0.001 0 -1 13,1 0.001 -1 1 13,2 0.001 -1 0 97.0234 410 14,13 0.001 1 -1 13,14 0.001 1 0 14,14 0.001 0 -1 49.0327 305 ::f,1,1 f,3,15 f,12,3 f,12,15 
190:2,2 0.001 -1 -1 2,1 0.001 0 -1 1,2 0.001 0 -1 86.03 350 2,13 0.001 0 -1 1,13 0.001 1 1 1,14 0.001 0 -1 128.032 485 14,1 0.001 -1 -1 13,1 0.001 -1 1 13,2 0.001 -1 1 97.0234 410 14,13 0.001 1 -1 13,14 0.001 1 0 14,14 0.001 0 -1 49.0327 305 ::f,1,1 f,3,15 f,12,3 f,12,15 
191:2,2 0.001 -1 -1 2,1 0.001 0 -1 1,2 0.001 0 -1 96.0301 365 2,13 0.001 -1 -1 2,14 0.001 1 1 1,14 0.001 0 -1 128.033 485 14,1 0.001 -1 -1 13,1 0.001 0 1 13,2 0.001 -1 1 107.024 425 14,13 0.001 0 -1 13,14 0.001 1 0 14,14 0.001 -1 -1 49.0327 305 ::f,3,2 f,3,15 f,12,15 f,15,1 
192:2,2 0.001 -1 0 2,1 0.001 -1 -1 1,2 0.001 -1 -1 96.0301 365 2,13 0.001 -1 -1 2,14 0.001 1 1 1,14 0.001 -1 -1 136.033 500 14,1 0.001 -1 0 13,1 0.001 0 1 13,2 0.001 0 1 107.024 425 14,13 0.001 0 -1 13,14 0.001 1 -1 14,14 0.001 -1 -1 49.0327 305 ::f,2,15 f,3,2 f,12,15 f,15,1 
193:2,2 0.001 -1 0 2,1 0.001 -1 -1 1,2 0.001 -1 -1 96.0301 365 2,13 0.001 -1 0 2,14 0.001 1 0 1,14 0.001 -1 -1 136.033 500 14,1 0.001 -1 0 13,1 0.001 0 1 13,2 0.001 0 1 107.024 425 14,13 0.001 -1 -1 13,14 0.001 1 -1 14,14 0.001 -1 0 49.0327 305 ::f,2,15 f,3,2 f,12,15 f,15,1 
194:2,2 0.001 -1 1 2,1 0.001 -1 0 1,2 0.001 -1 0 96.0301 365 1,13 0.001 -1 0 2,14 0.001 1 0 1,14 0.001 -1 0 136.034 500 14,1 0.001 -1 0 13,1 0.001 1 1 13,2 0.001 1 1 107.024 425 14,13 0.001 -1 -1 13,14 0.001 0 -1 14,14 0.001 -1 0 49.0327 305 ::f,2,15 f,3,2 f,12,15 f,15,1 
195:2,2 0.001 -1 1 1,1 0.001 -1 0 1,2 0.001 -1 0 96.0311 365 1,13 0.001 -1 0 2,14 0.001 1 -1 1,14 0.001 -1 0 136.034 500 14,1 0.001 -1 1 13,1 0.001 1 1 13,2 0.001 1 1 107.024 425 14,13 0.001 -1 0 13,14 0.001 0 -1 14,14 0.001 -1 1 49.0327 305 ::f,2,15 f,3,2 f,12,15 f,15,1 
196:2,2 0.001 0 1 1,1 0.001 -1 0 1,2 0.001 -1 1 96.0311 365 1,13 0.001 -1 1 2,14 0.001 1 -1 1,14 0.001 -1 1 136.034 500 14,1 0.001 -1 1 13,1 0.001 1 0 13,2 0.001 1 0 107.024 425 13,13 0.001 -1 0 13,14 0.001 -1 -1 14,14 0.001 -1 1 49.0337 305 ::f,2,15 f,3,2 f,12,15 f,15,1 
197:2,2 0.001 0 1 1,1 0.001 -1 1 1,2 0.001 -1 1 96.0311 365 1,13 0.001 -1 1 2,14 0.001 0 -1 1,14 0.001 -1 1 136.034 500 14,1 0.001 0 1 13,1 0.001 1 0 14,2 0.001 1 0 107.025 425 13,13 0.001 -1 0 13,14 0.001 -1 -1 14,14 0.001 0 1 49.0337 305 ::f,2,15 f,3,2 f,12,15 f,15,1 
198:2,2 0.001 1 1 1,1 0.001 -1 1 1,2 0.001 0 1 96.0311 365 1,13 0.001 0 1 2,13 0.001 0 -1 1,14 0.001 0 1 136.035 500 14,1 0.001 0 1 13,1 0.001 1 0 14,2 0.001 1 0 107.025 425 13,13 0.001 -1 1 13,14 0.001 -1 0 14,14 0.001 0 1 49.0337 305 ::f,2,15 f,3,2 f,12,15 f,15,1 
199:2,2 0.001 1 1 1,1 0.001 0 1 1,2 0.001 0 1 96.0311 365 1,13 0.001 0 1 2,13 0.001 0 -1 1,14 0.001 0 1 136.035 500 14,1 0.001 1 1 13,1 0.001 1 -1 14,2 0.001 1 -1 107.025 425 13,13 0.001 -1 1 13,14 0.001 -1 0 14,14 0.001 1 1 49.0337 305 ::f,2,15 f,3,2 f,12,15 f,15,1 
200:2,2 0.001 1 0 1,1 0.001 0 1 1,2 0.001 1 1 96.0311 365 1,13 0.001 0 1 2,13 0.001 -1 -1 1,14 0.001 1 1 136.035 500 14,1 0.001 1 1 13,1 0.001 1 -1 14,2 0.001 1 -1 117.025 440 13,13 0.001 0 1 13,14 0.001 -1 1 14,14 0.001 1 1 49.0337 305 ::f,2,15 f,3,2 f,12,0 f,12,15 
201:2,2 0.001 1 0 1,1 0.001 0 1 1,2 0.001 1 1 106.031 380 1,13 0.001 1 1 2,13 0.001 -1 -1 1,14 0.001 1 1 146.035 515 14,1 0.001 1 0 13,1 0.001 0 -1 14,2 0.001 0 -1 117.025 440 13,13 0.001 0 1 13,14 0.001 -1 1 14,14 0.001 1 0 54.0338 320 ::f,1,15 f,3,0 f,12,0 f,15,15 
202:2,2 0.001 1 -1 1,1 0.001 1 1 1,2 0.001 1 0 106.031 380 1,13 0.001 1 1 2,13 0.001 -1 0 1,14 0.001 1 0 146.035 515 14,1 0.001 1 0 13,1 0.001 0 -1 14,2 0.001 0 -1 117.025 440 13,13 0.001 0 1 13,14 0.001 0 1 14,14 0.001 1 0 54.0338 320 ::f,1,15 f,3,0 f,12,0 f,15,15 
203:2,2 0.001 1 -1 1,1 0.001 1 1 1,2 0.001 1 0 106.031 380 1,13 0.001 1 0 2,13 0.001 -1 0 2,14 0.001 1 0 146.036 515 14,1 0.001 1 -1 13,1 0.001 -1 -1 14,2 0.001 0 -1 117.025 440 13,13 0.001 1 1 13,14 0.001 0 1 14,14 0.001 1 -1 54.0338 320 ::f,1,15 f,3,0 f,12,0 f,15,15 
204:2,2 0.001 0 -1 1,1 0.001 1 0 1,2 0.001 1 0 106.031 380 1,13 0.001 1 0 2,13 0.001 -1 0 2,14 0.001 1 0 146.036 515 14,1 0.001 1 -1 13,1 0.001 -1 -1 14,2 0.001 -1 -1 126.025 455 13,13 0.001 1 1 13,14 0.001 1 1 14,14 0.001 1 -1 54.0338 320 ::f,1,15 f,3,0 f,15,3 f,15,15 
205:2,1 0.001 0 -1 1,1 0.001 1 0 1,2 0.001 1 -1 106.032 380 1,13 0.001 1 -1 2,13 0.001 -1 1 2,14 0.001 1 -1 146.036 515 14,1 0.001 0 -1 13,1 0.001 -1 0 14,2 0.001 -1 -1 126.025 455 13,13 0.001 1 1 13,14 0.001 1 1 14,14 0.001 0 -1 54.0338 320 ::f,1,15 f,3,0 f,15,3 f,15,15 
206:2,1 0.001 0 -1 1,1 0.001 1 -1 1,2 0.001 1 -1 106.032 380 1,13 0.001 1 -1 2,13 0.001 -1 1 2,14 0.001 1 -1 146.036 515 14,1 0.001 0 -1 13,1 0.001 -1 0 14,2 0.001 -1 0 126.025 455 13,13 0.001 1 0 13,14 0.001 1 0 14,13 0.001 0 -1 54.0348 320 ::f,1,15 f,3,0 f,15,3 f,15,15 
207:2,1 0.001 -1 -1 1,1 0.001 1 -1 1,2 0.001 1 -1 106.032 380 1,13 0.001 0 -1 2,13 0.001 0 1 2,14 0.001 0 -1 146.036 515 14,1 0.001 -1 -1 13,1 0.001 -1 1 14,2 0.001 -1 0 126.025 455 13,13 0.001 1 0 14,14 0.001 1 0 14,13 0.001 0 -1 54.0358 320 ::f,1,15 f,3,0 f,15,3 f,15,15 
208:2,1 0.001 -1 -1 1,1 0.001 0 -1 1,2 0.001 0 -1 106.032 380 1,13 0.001 0 -1 2,13 0.001 0 1 2,14 0.001 0 -1 146.036 515 14,1 0.001 -1 -1 13,1 0.001 -1 1 14,2 0.001 -1 1 126.025 455 13,13 0.001 1 -1 14,14 0.001 1 0 14,13 0.001 -1 -1 54.0358 320 ::f,1,15 f,3,0 f,15,3 f,15,15 
209:2,1 0.001 -1 0 1,1 0.001 0 -1 1,2 0.001 0 -1 106.032 380 1,13 0.001 -1 -1 2,13 0.001 1 1 2,14 0.001 0 -1 146.036 515 14,1 0.001 -1 0 13,1 0.001 0 1 14,2 0.001 -1 1 126.025 455 13,13 0.001 1 -1 14,14 0.001 1 -1 14,13 0.001 -1 -1 54.0358 320 ::f,1,15 f,3,0 f,15,3 f,15,15 
210:2,1 0.001 -1 0 1,1 0.001 -1 -1 1,2 0.001 -1 -1 106.032 380 1,13 0.001 -1 -1 2,13 0.001 1 1 2,14 0.001 -1 -1 146.036 515 14,1 0.001 -1 0 13,2 0.001 0 1 14,2 0.001 0 1 126.026 455 13,13 0.001 0 -1 14,14 0.001 1 -1 14,13 0.001 -1 0 54.0358 320 ::f,1,15 f,3,0 f,15,3 f,15,15 
211:2,1 0.001 -1 0 1,1 0.001 -1 -1 1,2 0.001 -1 -1 106.032 380 1,13 0.001 -1 0 2,13 0.001 1 0 2,14 0.001 -1 -1 146.036 515 14,1 0.001 -1 0 13,2 0.001 0 1 14,2 0.001 0 1 126.026 455 13,13 0.001 0 -1 14,14 0.001 0 -1 14,13 0.001 -1 0 54.0358 320 ::f,1,15 f,3,0 f,15,3 f,15,15 
212:2,1 0.001 -1 1 1,1 0.001 -1 0 1,2 0.001 -1 0 106.032 380 1,13 0.001 -1 0 2,13 0.001 1 0 2,14 0.001 -1 0 146.036 515 14,1 0.001 -1 1 13,2 0.001 1 1 14,2 0.001 1 1 126.026 455 13,13 0.001 -1 -1 14,14 0.001 0 -1 14,13 0.001 -1 0 54.0358 320 ::f,1,15 f,3,0 f,15,3 f,15,15 
213:2,1 0.001 -1 1 1,1 0.001 -1 0 1,2 0.001 -1 0 106.032 380 1,13 0.001 -1 1 2,13 0.001 1 -1 2,14 0.001 -1 0 146.036 515 14,1 0.001 -1 1 13,2 0.001 1 1 14,2 0.001 1 1 136.026 470 13,13 0.001 -1 -1 14,14 0.001 0 -1 14,13 0.001 -1 1 54.0358 320 ::f,1,15 f,3,0 f,13,3 f,15,15 
214:2,1 0.001 0 1 1,1 0.001 -1 1 1,2 0.001 -1 1 106.032 380 1,13 0.001 -1 1 2,13 0.001 1 -1 2,14 0.001 -1 1 146.036 515 14,1 0.001 0 1 13,2 0.001 1 0 14,2 0.001 1 0 136.026 470 13,13 0.001 -1 0 14,14 0.001 -1 -1 14,13 0.001 -1 1 54.0358 320 ::f,1,15 f,3,0 f,13,3 f,15,15 
215:2,1 0.001 0 1 1,1 0.001 -1 1 1,2 0.001 -1 1 106.032 380 1,13 0.001 0 1 2,13 0.001 0 -1 2,14 0.001 -1 1 156.036 530 14,1 0.001 0 1 13,2 0.001 1 0 14,2 0.001 1 0 136.026 470 13,13 0.001 -1 0 14,14 0.001 -1 -1 14,13 0.001 0 1 54.0358 320 ::f,3,0 f,3,15 f,13,3 f,15,15 
216:2,1 0.001 1 1 1,1 0.001 0 1 1,2 0.001 0 1 106.032 380 1,14 0.001 0 1 2,13 0.001 0 -1 2,14 0.001 0 1 156.037 530 14,1 0.001 1 1 13,2 0.001 1 0 14,2 0.001 1 -1 136.026 470 13,13 0.001 -1 1 14,14 0.001 -1 0 14,13 0.001 0 1 54.0358 320 ::f,3,0 f,3,15 f,13,3 f,15,15 
217:2,1 0.001 1 1 1,1 0.001 0 1 1,2 0.001 0 1 106.032 380 1,14 0.001 0 1 2,13 0.001 -1 -1 2,14 0.001 0 1 156.037 530 14,1 0.001 1 1 13,2 0.001 1 -1 14,2 0.001 1 -1 136.026 470 13,13 0.001 -1 1 14,14 0.001 -1 0 14,13 0.001 1 1 54.0358 320 ::f,3,0 f,3,15 f,13,3 f,15,15 
218:2,1 0.001 1 0 1,1 0.001 0 1 1,2 0.001 1 1 106.032 380 1,14 0.001 1 1 2,13 0.001 -1 -1 2,14 0.001 1 1 156.037 530 14,1 0.001 1 0 13,2 0.001 1 -1 14,2 0.001 0 -1 136.026 470 13,13 0.001 0 1 14,14 0.001 -1 1 14,13 0.001 1 1 54.0358 320 ::f,3,0 f,3,15 f,13,3 f,15,15 
219:2,1 0.001 1 0 1,1 0.001 1 1 1,2 0.001 1 1 106.032 380 1,14 0.001 1 1 2,13 0.001 -1 0 2,14 0.001 1 1 166.037 545 14,1 0.001 1 0 13,2 0.001 0 -1 14,2 0.001 0 -1 136.026 470 13,14 0.001 0 1 14,14 0.001 -1 1 14,13 0.001 1 0 54.0368 320 ::f,0,12 f,3,0 f,13,3 f,15,15 
220:2,1 0.001 1 -1 1,1 0.001 1 1 1,2 0.001 1 0 106.032 380 1,14 0.001 1 0 1,13 0.001 -1 0 2,14 0.001 1 0 166.038 545 14,1 0.001 1 -1 13,2 0.001 0 -1 14,2 0.001 0 -1 136.026 470 13,14 0.001 0 1 14,14 0.001 0 1 14,13 0.001 1 0 54.0368 320 ::f,0,12 f,3,0 f,13,3 f,15,15 
221:2,1 0.001 1 -1 1,1 0.001 1 0 2,2 0.001 1 0 116.033 395 1,14 0.001 1 0 1,13 0.001 -1 0 2,14 0.001 1 0 166.038 545 14,1 0.001 1 -1 13,2 0.001 -1 -1 14,2 0.001 -1 -1 136.026 470 13,14 0.001 1 1 14,14 0.001 0 1 14,13 0.001 1 -1 54.0368 320 ::f,0,12 f,1,0 f,13,3 f,15,15 
222:2,1 0.001 0 -1 1,1 0.001 1 0 2,2 0.001 1 0 116.033 395 1,14 0.001 1 0 1,13 0.001 -1 1 2,14 0.001 1 -1 166.038 545 14,1 0.001 0 -1 13,2 0.001 -1 -1 14,2 0.001 -1 -1 136.026 470 13,14 0.001 1 1 14,14 0.001 1 1 14,13 0.001 1 -1 54.0368 320 ::f,0,12 f,1,0 f,13,3 f,15,15 
223:2,1 0.001 0 -1 1,1 0.001 1 -1 2,2 0.001 1 -1 116.033 395 1,14 0.001 1 -1 1,13 0.001 -1 1 2,14 0.001 1 -1 166.038 545 14,1 0.001 0 -1 13,2 0.001 -1 0 14,2 0.001 -1 0 136.026 470 13,14 0.001 1 0 14,14 0.001 1 1 14,13 0.001 0 -1 60.0369 335 ::f,0,12 f,1,0 f,13,3 f,15,13 
224:2,1 0.001 -1 -1 1,1 0.001 1 -1 2,2 0.001 1 -1 116.033 395 1,14 0.001 1 -1 1,13 0.001 0 1 2,14 0.001 0 -1 166.038 545 14,1 0.001 -1 -1 13,2 0.001 -1 0 14,2 0.001 -1 0 136.026 470 13,14 0.001 1 0 14,14 0.001 1 0 14,13 0.001 0 -1 60.0369 335 ::f,0,12 f,1,0 f,13,3 f,15,13 
225:2,1 0.001 -1 -1 1,1 0.001 0 -1 2,2 0.001 0 -1 126.033 410 1,14 0.001 0 -1 1,13 0.001 0 1 2,13 0.001 0 -1 166.039 545 14,1 0.001 -1 -1 13,2 0.001 -1 1 14,2 0.001 -1 1 136.026 470 13,14 0.001 1 0 14,14 0.001 1 0 14,13 0.001 -1 -1 60.0369 335 ::f,0,2 f,0,12 f,13,3 f,15,13 
226:2,1 0.001 -1 0 1,1 0.001 0 -1 2,2 0.001 0 -1 126.033 410 1,14 0.001 0 -1 1,13 0.001 0 1 2,13 0.001 0 -1 166.039 545 14,1 0.001 -1 0 13,2 0.001 -1 1 14,2 0.001 -1 1 146.026 485 13,14 0.001 1 -1 14,14 0.001 1 -1 14,13 0.001 -1 -1 60.0369 335 ::f,0,2 f,0,12 f,15,0 f,15,13 
227:2,1 0.001 -1 0 1,1 0.001 -1 -1 2,2 0.001 0 -1 126.033 410 1,14 0.001 -1 -1 1,13 0.001 1 1 2,13 0.001 -1 -1 166.039 545 13,1 0.001 -1 0 13,2 0.001 0 1 14,2 0.001 0 1 146.027 485 13,14 0.001 1 -1 14,14 0.001 1 -1 14,13 0.001 -1 0 67.037 350 ::f,0,2 f,0,12 f,13,12 f,15,0 
228:2,1 0.001 -1 0 1,1 0.001 -1 -1 2,2 0.001 -1 -1 126.033 410 1,14 0.001 -1 -1 1,13 0.001 1 1 2,13 0.001 -1 -1 166.039 545 13,1 0.001 -1 0 13,2 0.001 0 1 14,2 0.001 0 1 146.027 485 13,14 0.001 0 -1 14,14 0.001 0 -1 13,13 0.001 -1 0 67.038 350 ::f,0,2 f,0,12 f,13,12 f,15,0 
229:2,1 0.001 -1 1 1,1 0.001 -1 0 2,2 0.001 -1 -1 126.033 410 1,14 0.001 -1 0 1,13 0.001 1 0 2,13 0.001 -1 0 166.039 545 13,1 0.001 -1 1 13,2 0.001 1 1 14,2 0.001 1 1 146.027 485 13,14 0.001 0 -1 14,13 0.001 0 -1 13,13 0.001 -1 0 67.039 350 ::f,0,2 f,0,12 f,13,12 f,15,0 
230:2,1 0.001 -1 1 1,1 0.001 -1 0 2,2 0.001 -1 0 126.033 410 1,14 0.001 -1 0 1,13 0.001 1 0 2,13 0.001 -1 0 166.039 545 13,1 0.001 -1 1 13,2 0.001 1 1 14,2 0.001 1 1 146.027 485 13,14 0.001 0 -1 14,13 0.001 0 -1 13,13 0.001 -1 1 67.039 350 ::f,0,2 f,0,12 f,13,12 f,15,0 
231:2,1 0.001 0 1 1,1 0.001 -1 1 1,2 0.001 -1 0 126.034 410 1,14 0.001 -1 1 1,13 0.001 1 -1 2,13 0.001 -1 0 166.039 545 13,1 0.001 0 1 13,2 0.001 1 0 14,2 0.001 1 0 146.027 485 13,14 0.001 -1 -1 14,13 0.001 -1 -1 13,13 0.001 -1 1 67.039 350 ::f,0,2 f,0,12 f,13,12 f,15,0 
232:2,1 0.001 0 1 1,1 0.001 -1 1 1,2 0.001 -1 0 128.035 425 1,14 0.001 -1 1 1,13 0.001 1 -1 2,13 0.001 -1 1 166.039 545 13,1 0.001 0 1 13,2 0.001 1 0 14,2 0.001 1 0 146.027 485 13,14 0.001 -1 -1 14,13 0.001 -1 -1 13,13 0.001 0 1 75.0391 365 ::f,0,12 f,2,3 f,12,12 f,15,0 
233:2,2 0.001 0 1 1,1 0.001 0 1 1,2 0.001 -1 1 128.036 425 1,14 0.001 0 1 1,13 0.001 0 -1 2,13 0.001 -1 1 166.039 545 13,1 0.001 0 1 13,2 0.001 1 0 14,2 0.001 1 -1 146.027 485 13,14 0.001 -1 0 14,13 0.001 -1 0 13,13 0.001 0 1 75.0391 365 ::f,0,12 f,2,3 f,12,12 f,15,0 
234:2,2 0.001 0 1 1,1 0.001 0 1 1,2 0.001 -1 1 138.036 440 1,14 0.001 0 1 1,13 0.001 0 -1 2,13 0.001 0 1 166.039 545 13,1 0.001 1 1 13,2 0.001 1 -1 14,2 0.001 1 -1 146.027 485 13,14 0.001 -1 0 14,13 0.001 -1 0 13,13 0.001 0 1 75.0391 365 ::f,0,12 f,1,3 f,12,12 f,15,0 
235:2,2 0.001 1 1 1,1 0.001 0 1 1,2 0.001 0 1 138.036 440 1,14 0.001 1 1 1,13 0.001 -1 -1 2,13 0.001 0 1 166.039 545 13,1 0.001 1 1 14,1 0.001 1 -1 14,2 0.001 0 -1 146.028 485 13,14 0.001 -1 1 14,13 0.001 -1 0 13,13 0.001 1 1 75.0391 365 ::f,0,12 f,1,3 f,12,12 f,15,0 
236:2,2 0.001 1 1 1,1 0.001 1 1 1,2 0.001 0 1 143.036 455 1,14 0.001 1 1 1,13 0.001 -1 -1 2,13 0.001 1 1 175.039 560 13,1 0.001 1 0 14,1 0.001 1 -1 14,2 0.001 0 -1 156.028 500 13,14 0.001 -1 1 14,13 0.001 -1 1 13,13 0.001 1 1 75.0391 365 ::f,0,13 f,3,0 f,12,12 f,15,3 
237:2,2 0.001 1 0 1,1 0.001 1 1 1,2 0.001 1 1 143.036 455 1,14 0.001 1 0 1,13 0.001 -1 0 2,13 0.001 1 1 175.039 560 13,1 0.001 1 0 14,1 0.001 0 -1 14,2 0.001 0 -1 156.028 500 13,14 0.001 0 1 14,13 0.001 -1 1 13,13 0.001 1 0 75.0391 365 ::f,0,13 f,3,0 f,12,12 f,15,3 
238:2,2 0.001 1 0 1,1 0.001 1 0 1,2 0.001 1 1 143.036 455 2,14 0.001 1 0 1,13 0.001 -1 0 2,13 0.001 1 0 185.041 575 13,1 0.001 1 -1 14,1 0.001 0 -1 14,2 0.001 -1 -1 156.028 500 13,14 0.001 0 1 14,13 0.001 0 1 13,13 0.001 1 0 75.0391 365 ::f,2,15 f,3,0 f,12,12 f,15,3 
239:2,2 0.001 1 -1 1,1 0.001 1 0 1,2 0.001 1 0 143.036 455 2,14 0.001 1 0 1,13 0.001 -1 1 2,13 0.001 1 0 185.041 575 13,1 0.001 1 -1 14,1 0.001 -1 -1 14,2 0.001 -1 -1 156.028 500 13,14 0.001 1 1 14,13 0.001 0 1 13,13 0.001 1 -1 75.0391 365 ::f,2,15 f,3,0 f,12,12 f,15,3 
240:2,2 0.001 1 -1 1,1 0.001 1 -1 1,2 0.001 1 0 143.036 455 2,14 0.001 1 -1 1,13 0.001 -1 1 2,13 0.001 1 -1 185.041 575 13,1 0.001 0 -1 14,1 0.001 -1 -1 14,2 0.001 -1 0 156.028 500 13,14 0.001 1 1 14,13 0.001 1 1 13,13 0.001 1 -1 75.0391 365 ::f,2,15 f,3,0 f,12,12 f,15,3 
241:2,2 0.001 0 -1 1,1 0.001 1 -1 1,2 0.001 1 0 143.036 455 2,14 0.001 1 -1 1,13 0.001 0 1 2,13 0.001 1 -1 185.041 575 13,1 0.001 0 -1 14,1 0.001 -1 0 14,2 0.001 -1 0 156.028 500 13,14 0.001 1 0 14,13 0.001 1 1 13,13 0.001 0 -1 75.0391 365 ::f,2,15 f,3,0 f,12,12 f,15,3 
242:2,1 0.001 0 -1 1,1 0.001 0 -1 1,2 0.001 1 -1 143.037 455 2,14 0.001 0 -1 1,14 0.001 0 1 2,13 0.001 0 -1 185.042 575 13,1 0.001 -1 -1 14,1 0.001 -1 0 14,2 0.001 -1 1 156.028 500 14,14 0.001 1 0 14,13 0.001 1 0 13,13 0.001 0 -1 75.0401 365 ::f,2,15 f,3,0 f,12,12 f,15,3 
243:2,1 0.001 0 -1 1,1 0.001 0 -1 1,2 0.001 1 -1 143.037 455 2,14 0.001 0 -1 1,14 0.001 0 1 2,13 0.001 0 -1 185.042 575 13,1 0.001 -1 -1 14,1 0.001 -1 0 14,2 0.001 -1 1 156.028 500 14,14 0.001 1 0 14,13 0.001 1 0 13,13 0.001 -1 -1 75.0401 365 ::f,2,15 f,3,0 f,12,12 f,15,3 
244:2,1 0.001 -1 -1 1,1 0.001 -1 -1 1,2 0.001 1 -1 143.037 455 2,14 0.001 0 -1 1,14 0.001 1 1 2,13 0.001 -1 -1 185.042 575 13,1 0.001 -1 0 14,1 0.001 -1 1 14,2 0.001 0 1 156.028 500 14,14 0.001 1 -1 14,13 0.001 1 -1 13,13 0.001 -1 -1 84.0402 380 ::f,2,15 f,3,0 f,12,14 f,15,3 
245:2,1 0.001 -1 -1 1,1 0.001 -1 -1 1,2 0.001 0 -1 143.037 455 2,14 0.001 -1 -1 1,14 0.001 1 1 2,13 0.001 -1 -1 195.042 590 13,1 0.001 -1 0 14,1 0.001 -1 1 14,2 0.001 0 1 156.028 500 14,14 0.001 1 -1 14,13 0.001 1 -1 13,13 0.001 -1 0 84.0402 380 ::f,3,0 f,3,13 f,12,14 f,15,3 
246:2,1 0.001 -1 0 1,1 0.001 -1 0 1,2 0.001 0 -1 143.037 455 2,14 0.001 -1 -1 1,14 0.001 1 0 2,13 0.001 -1 0 195.042 590 13,1 0.001 -1 1 14,1 0.001 0 1 14,2 0.001 1 1 156.028 500 14,14 0.001 0 -1 14,13 0.001 0 -1 13,13 0.001 -1 0 84.0402 380 ::f,3,0 f,3,13 f,12,14 f,15,3 
247:2,1 0.001 -1 0 1,1 0.001 -1 0 1,2 0.001 -1 -1 143.037 455 2,14 0.001 -1 0 1,14 0.001 1 0 1,13 0.001 -1 0 195.043 590 13,1 0.001 -1 1 14,1 0.001 0 1 14,2 0.001 1 1 166.028 515 14,14 0.001 0 -1 14,13 0.001 0 -1 13,13 0.001 -1 1 84.0402 380 ::f,3,0 f,3,13 f,12,14 f,15,3 
248:2,1 0.001 -1 0 1,1 0.001 -1 1 1,2 0.001 -1 -1 143.037 455 2,14 0.001 -1 0 1,14 0.001 1 0 1,13 0.001 -1 0 195.043 590 13,1 0.001 0 1 14,1 0.001 1 1 14,2 0.001 1 0 166.028 515 14,14 0.001 0 -1 14,13 0.001 -1 -1 13,13 0.001 -1 1 94.0403 395 ::f,3,0 f,3,13 f,14,15 f,15,3 
249:2,1 0.001 -1 1 1,1 0.001 -1 1 1,2 0.001 -1 0 143.037 455 2,14 0.001 -1 1 1,14 0.001 1 -1 1,13 0.001 -1 1 195.043 590 13,2 0.001 0 1 14,1 0.001 1 1 14,2 0.001 1 0 166.029 515 14,14 0.001 -1 -1 14,13 0.001 -1 -1 13,13 0.001 0 1 94.0403 395 ::f,3,0 f,3,13 f,14,15 f,15,3 
250:2,1 0.001 -1 1 1,1 0.001 0 1 1,2 0.001 -1 0 143.037 455 2,14 0.001 -1 1 1,14 0.001 1 -1 1,13 0.001 -1 1 195.043 590 13,2 0.001 0 1 14,1 0.001 1 0 14,2 0.001 1 -1 166.029 515 14,14 0.001 -1 -1 14,13 0.001 -1 0 13,14 0.001 0 1 94.0413 395 ::f,3,0 f,3,13 f,14,15 f,15,3 
251:2,1 0.001 0 1 1,1 0.001 0 1 1,2 0.001 -1 1 143.037 455 2,14 0.001 0 1 1,14 0.001 0 -1 1,13 0.001 0 1 195.043 590 13,2 0.001 1 1 14,1 0.001 1 0 14,2 0.001 1 -1 166.029 515 14,14 0.001 -1 0 13,13 0.001 -1 0 13,14 0.001 0 1 94.0423 395 ::f,3,0 f,3,13 f,14,15 f,15,3 
252:2,1 0.001 0 1 1,1 0.001 0 1 1,2 0.001 -1 1 143.037 455 2,14 0.001 0 1 1,14 0.001 0 -1 1,13 0.001 0 1 195.043 590 13,2 0.001 1 1 14,1 0.001 1 -1 14,2 0.001 0 -1 166.029 515 14,14 0.001 -1 0 13,13 0.001 -1 0 13,14 0.001 1 1 94.0423 395 ::f,3,0 f,3,13 f,14,15 f,15,3 
253:2,1 0.001 1 1 1,1 0.001 1 1 1,2 0.001 0 1 143.037 455 2,14 0.001 1 1 1,14 0.001 -1 -1 1,13 0.001 0 1 195.043 590 13,2 0.001 1 0 14,1 0.001 1 -1 14,2 0.001 0 -1 166.029 515 14,14 0.001 -1 1 13,13 0.001 -1 1 13,14 0.001 1 1 104.042 410 ::f,3,0 f,3,13 f,13,15 f,15,3 
254:2,1 0.001 1 1 1,1 0.001 1 1 1,2 0.001 0 1 143.037 455 2,14 0.001 1 1 1,14 0.001 -1 -1 1,13 0.001 1 1 195.043 590 13,2 0.001 1 0 14,1 0.001 0 -1 14,2 0.001 0 -1 166.029 515 14,14 0.001 -1 1 13,13 0.001 -1 1 13,14 0.001 1 0 107.043 425 ::f,3,0 f,3,13 f,14,12 f,15,3 
255:2,1 0.001 1 0 1,1 0.001 1 0 1,2 0.001 1 1 143.037 455 2,14 0.001 1 0 1,14 0.001 -1 0 1,13 0.001 1 1 195.043 590 13,2 0.001 1 0 14,1 0.001 0 -1 14,2 0.001 -1 -1 166.029 515 14,14 0.001 0 1 13,13 0.001 0 1 13,14 0.001 1 0 107.043 425 ::f,3,0 f,3,13 f,14,12 f,15,3 
256:2,1 0.001 1 0 1,1 0.001 1 0 1,2 0.001 1 1 143.037 455 2,14 0.001 1 0 1,14 0.001 -1 0 1,13 0.001 1 0 195.043 590 13,2 0.001 1 -1 14,1 0.001 -1 -1 14,2 0.001 -1 -1 166.029 515 14,14 0.001 0 1 13,13 0.001 0 1 13,14 0.001 1 0 107.043 425 ::f,3,0 f,3,13 f,14,12 f,15,3 
257:2,1 0.001 1 -1 1,1 0.001 1 -1 1,2 0.001 1 0 143.037 455 2,14 0.001 1 -1 1,14 0.001 -1 1 2,13 0.001 1 0 195.044 590 13,2 0.001 1 -1 14,1 0.001 -1 -1 14,2 0.001 -1 0 166.029 515 14,14 0.001 1 1 13,13 0.001 0 1 13,14 0.001 1 -1 107.043 425 ::f,3,0 f,3,13 f,14,12 f,15,3 
258:2,1 0.001 1 -1 1,1 0.001 1 -1 1,2 0.001 1 0 153.037 470 2,14 0.001 1 -1 1,14 0.001 -1 1 2,13 0.001 1 0 205.044 605 13,2 0.001 0 -1 14,1 0.001 -1 0 14,2 0.001 -1 0 166.029 515 14,14 0.001 1 1 13,13 0.001 1 1 13,14 0.001 1 -1 107.043 425 ::f,2,2 f,3,15 f,14,12 f,15,3 
259:2,1 0.001 0 -1 1,1 0.001 0 -1 1,2 0.001 1 0 159.037 485 2,14 0.001 0 -1 1,14 0.001 0 1 2,13 0.001 1 -1 205.044 605 13,2 0.001 0 -1 13,1 0.001 -1 0 14,2 0.001 -1 1 166.03 515 14,14 0.001 1 0 13,13 0.001 1 1 13,14 0.001 0 -1 107.043 425 ::f,3,3 f,3,15 f,14,12 f,15,3 
260:2,1 0.001 0 -1 1,1 0.001 0 -1 1,2 0.001 1 -1 159.037 485 2,14 0.001 0 -1 1,14 0.001 0 1 2,13 0.001 1 -1 205.044 605 13,2 0.001 -1 -1 13,1 0.001 -1 0 14,2 0.001 -1 1 166.03 515 14,14 0.001 1 0 13,13 0.001 1 0 13,14 0.001 0 -1 107.043 425 ::f,3,3 f,3,15 f,14,12 f,15,3 
261:2,1 0.001 -1 -1 1,1 0.001 -1 -1 1,2 0.001 1 -1 159.037 485 2,14 0.001 0 -1 1,14 0.001 1 1 2,13 0.001 0 -1 205.044 605 13,2 0.001 -1 -1 13,1 0.001 -1 1 14,2 0.001 0 1 166.03 515 14,14 0.001 1 -1 13,13 0.001 1 0 13,14 0.001 -1 -1 107.043 425 ::f,3,3 f,3,15 f,14,12 f,15,3 
262:2,1 0.001 -1 -1 1,1 0.001 -1 -1 1,2 0.001 0 -1 159.037 485 2,14 0.001 -1 -1 1,14 0.001 1 1 2,13 0.001 0 -1 205.044 605 13,2 0.001 -1 0 13,1 0.001 -1 1 14,2 0.001 0 1 166.03 515 14,14 0.001 1 -1 13,13 0.001 1 -1 13,14 0.001 -1 -1 107.043 425 ::f,3,3 f,3,15 f,14,12 f,15,3 
263:2,1 0.001 -1 0 1,1 0.001 -1 0 1,2 0.001 0 -1 159.037 485 2,14 0.001 -1 -1 1,14 0.001 1 0 2,13 0.001 -1 -1 205.044 605 13,2 0.001 -1 0 13,1 0.001 0 1 14,2 0.001 1 1 166.03 515 14,14 0.001 0 -1 13,13 0.001 1 -1 13,14 0.001 -1 0 116.043 440 ::f,3,3 f,3,15 f,14,15 f,15,3 
264:2,1 0.001 -1 0 1,1 0.001 -1 0 1,2 0.001 -1 -1 159.037 485 2,14 0.001 -1 0 1,14 0.001 1 0 2,13 0.001 -1 -1 205.044 605 13,2 0.001 -1 1 13,1 0.001 0 1 14,2 0.001 1 1 176.03 530 14,13 0.001 0 -1 13,13 0.001 0 -1 13,14 0.001 -1 0 116.044 440 ::f,3,3 f,3,15 f,13,0 f,14,15 
265:2,1 0.001 -1 0 1,1 0.001 -1 1 1,2 0.001 -1 -1 159.037 485 2,14 0.001 -1 0 1,14 0.001 1 0 2,13 0.001 -1 0 205.044 605 13,2 0.001 -1 1 13,1 0.001 0 1 14,2 0.001 1 0 176.03 530 14,13 0.001 0 -1 13,13 0.001 0 -1 13,14 0.001 -1 1 116.044 440 ::f,3,3 f,3,15 f,13,0 f,14,15 
266:2,1 0.001 -1 1 1,1 0.001 -1 1 1,2 0.001 -1 0 159.037 485 2,14 0.001 -1 1 1,14 0.001 1 -1 1,13 0.001 -1 0 205.045 605 13,2 0.001 0 1 13,1 0.001 1 1 14,2 0.001 1 0 176.03 530 14,13 0.001 -1 -1 13,13 0.001 -1 -1 13,14 0.001 -1 1 116.044 440 ::f,3,3 f,3,15 f,13,0 f,14,15 
267:2,1 0.001 -1 1 1,1 0.001 0 1 1,2 0.001 -1 0 159.037 485 2,14 0.001 -1 1 1,14 0.001 1 -1 1,13 0.001 -1 0 205.045 605 13,2 0.001 0 1 13,1 0.001 1 1 14,2 0.001 1 -1 176.03 530 14,13 0.001 -1 -1 13,13 0.001 -1 -1 13,14 0.001 0 1 116.044 440 ::f,3,3 f,3,15 f,13,0 f,14,15 
268:2,1 0.001 0 1 1,1 0.001 0 1 1,2 0.001 -1 1 159.037 485 2,14 0.001 0 1 1,14 0.001 0 -1 1,13 0.001 -1 1 205.045 605 13,2 0.001 1 1 13,1 0.001 1 0 14,2 0.001 1 -1 176.03 530 14,13 0.001 -1 0 13,13 0.001 -1 0 13,14 0.001 0 1 116.044 440 ::f,3,3 f,3,15 f,13,0 f,14,15 
269:2,1 0.001 0 1 1,1 0.001 0 1 1,2 0.001 -1 1 159.037 485 2,14 0.001 0 1 1,14 0.001 0 -1 1,13 0.001 -1 1 205.045 605 13,2 0.001 1 1 13,1 0.001 1 0 14,2 0.001 0 -1 176.03 530 14,13 0.001 -1 0 13,13 0.001 -1 0 13,14 0.001 1 1 116.044 440 ::f,3,3 f,3,15 f,13,0 f,14,15 
270:2,1 0.001 1 1 1,1 0.001 1 1 1,2 0.001 0 1 159.037 485 2,14 0.001 1 1 1,14 0.001 -1 -1 1,13 0.001 0 1 205.045 605 13,2 0.001 1 0 13,1 0.001 1 -1 14,1 0.001 0 -1 176.031 530 14,13 0.001 -1 0 13,13 0.001 -1 1 13,14 0.001 1 1 126.044 455 ::f,3,3 f,3,15 f,12,13 f,13,0 
271:2,1 0.001 1 1 2,2 0.001 1 1 1,2 0.001 0 1 159.038 485 2,14 0.001 1 1 1,14 0.001 -1 -1 1,13 0.001 0 1 215.045 620 14,2 0.001 1 0 13,1 0.001 1 -1 14,1 0.001 0 -1 176.032 530 14,13 0.001 -1 0 13,13 0.001 -1 1 13,14 0.001 1 0 126.044 455 ::f,1,15 f,3,3 f,12,13 f,13,0 
272:2,1 0.001 1 0 2,2 0.001 1 1 1,2 0.001 1 1 162.038 500 2,14 0.001 1 0 1,14 0.001 -1 0 1,13 0.001 0 1 215.045 620 14,2 0.001 1 0 13,1 0.001 0 -1 14,1 0.001 -1 -1 176.032 530 14,13 0.001 -1 0 13,13 0.001 0 1 14,14 0.001 1 0 126.045 455 ::f,1,15 f,3,1 f,12,13 f,13,0 
273:2,1 0.001 1 0 2,2 0.001 1 0 1,2 0.001 1 1 172.038 515 2,14 0.001 1 0 1,14 0.001 -1 0 1,13 0.001 1 1 215.045 620 14,2 0.001 1 -1 13,1 0.001 0 -1 14,1 0.001 -1 -1 186.032 545 14,13 0.001 -1 1 13,14 0.001 0 1 14,14 0.001 1 0 126.046 455 ::f,1,15 f,2,0 f,12,13 f,15,1 
274:2,1 0.001 1 -1 2,2 0.001 1 0 1,2 0.001 1 0 172.038 515 2,14 0.001 1 -1 1,14 0.001 -1 1 1,13 0.001 1 1 215.045 620 14,2 0.001 1 -1 13,1 0.001 -1 -1 14,1 0.001 -1 0 190.032 560 14,13 0.001 -1 1 13,14 0.001 0 1 14,14 0.001 1 -1 126.046 455 ::f,1,15 f,2,0 f,12,13 f,13,2 
275:2,1 0.001 1 -1 2,2 0.001 1 -1 1,2 0.001 1 0 172.038 515 2,14 0.001 1 -1 1,14 0.001 -1 1 1,13 0.001 1 0 215.045 620 14,2 0.001 0 -1 13,1 0.001 -1 -1 14,1 0.001 -1 0 190.032 560 14,13 0.001 0 1 13,14 0.001 1 1 14,14 0.001 1 -1 126.046 455 ::f,1,15 f,2,0 f,12,13 f,13,2 
276:2,1 0.001 0 -1 2,2 0.001 1 -1 1,2 0.001 1 0 172.038 515 2,14 0.001 0 -1 1,14 0.001 0 1 1,13 0.001 1 0 215.045 620 14,2 0.001 0 -1 13,1 0.001 -1 0 14,1 0.001 -1 0 190.032 560 14,13 0.001 0 1 13,14 0.001 1 1 14,14 0.001 0 -1 126.046 455 ::f,1,15 f,2,0 f,12,13 f,13,2 
277:2,1 0.001 0 -1 2,2 0.001 0 -1 1,2 0.001 1 -1 182.038 530 2,13 0.001 0 -1 1,14 0.001 0 1 1,13 0.001 1 -1 225.046 635 14,2 0.001 0 -1 13,1 0.001 -1 0 14,1 0.001 -1 1 190.032 560 14,13 0.001 1 1 13,14 0.001 1 0 14,14 0.001 0 -1 126.046 455 ::f,0,3 f,0,14 f,12,13 f,13,2 
278:2,1 0.001 -1 -1 2,2 0.001 0 -1 1,2 0.001 1 -1 182.038 530 2,13 0.001 0 -1 1,14 0.001 1 1 1,13 0.001 1 -1 225.046 635 14,2 0.001 -1 -1 13,1 0.001 -1 1 14,1 0.001 -1 1 200.033 575 14,13 0.001 1 1 13,14 0.001 1 0 14,14 0.001 0 -1 126.046 455 ::f,0,3 f,0,14 f,12,13 f,15,0 
279:2,1 0.001 -1 -1 2,2 0.001 0 -1 1,2 0.001 0 -1 182.038 530 2,13 0.001 -1 -1 1,14 0.001 1 1 1,13 0.001 0 -1 225.046 635 14,2 0.001 -1 -1 13,1 0.001 -1 1 14,1 0.001 0 1 200.033 575 14,13 0.001 1 0 13,14 0.001 1 0 14,14 0.001 -1 -1 126.046 455 ::f,0,3 f,0,14 f,12,13 f,15,0 
280:2,1 0.001 -1 0 2,2 0.001 -1 -1 1,2 0.001 0 -1 182.038 530 2,13 0.001 -1 -1 1,14 0.001 1 0 1,13 0.001 0 -1 225.046 635 14,2 0.001 -1 0 13,1 0.001 0 1 14,1 0.001 0 1 200.033 575 14,13 0.001 1 0 13,14 0.001 1 -1 14,14 0.001 -1 -1 126.046 455 ::f,0,3 f,0,14 f,12,13 f,15,0 
281:1,1 0.001 -1 0 2,2 0.001 -1 -1 1,2 0.001 -1 -1 182.039 530 2,13 0.001 -1 0 2,14 0.001 1 0 1,13 0.001 -1 -1 225.047 635 14,2 0.001 -1 0 13,2 0.001 0 1 14,1 0.001 1 1 200.034 575 14,13 0.001 1 -1 13,14 0.001 1 -1 14,14 0.001 -1 0 126.046 455 ::f,0,3 f,0,14 f,12,13 f,15,0 
282:1,1 0.001 -1 0 2,2 0.001 -1 0 1,2 0.001 -1 -1 182.039 530 2,13 0.001 -1 0 2,14 0.001 1 0 1,13 0.001 -1 -1 225.047 635 14,2 0.001 -1 1 13,2 0.001 0 1 14,1 0.001 1 1 200.034 575 14,13 0.001 1 -1 13,14 0.001 0 -1 14,14 0.001 -1 0 126.046 455 ::f,0,3 f,0,14 f,12,13 f,15,0 
283:1,1 0.001 -1 1 2,2 0.001 -1 0 1,2 0.001 -1 0 182.039 530 2,13 0.001 -1 0 2,14 0.001 1 -1 1,13 0.001 -1 0 225.047 635 14,2 0.001 -1 1 13,2 0.001 1 1 14,1 0.001 1 0 200.034 575 14,13 0.001 0 -1 13,14 0.001 0 -1 14,14 0.001 -1 1 126.046 455 ::f,0,3 f,0,14 f,12,13 f,15,0 
284:1,1 0.001 -1 1 2,2 0.001 -1 1 1,2 0.001 -1 0 182.039 530 2,13 0.001 -1 1 2,14 0.001 1 -1 1,13 0.001 -1 0 225.047 635 14,2 0.001 0 1 13,2 0.001 1 1 14,1 0.001 1 0 200.034 575 14,13 0.001 0 -1 13,14 0.001 -1 -1 14,14 0.001 -1 1 126.046 455 ::f,0,3 f,0,14 f,12,13 f,15,0 
285:1,1 0.001 0 1 2,2 0.001 -1 1 1,2 0.001 -1 1 182.039 530 2,13 0.001 -1 1 2,14 0.001 0 -1 1,13 0.001 -1 1 225.047 635 14,2 0.001 0 1 13,2 0.001 1 0 14,1 0.001 1 -1 200.034 575 14,13 0.001 -1 -1 13,14 0.001 -1 -1 14,14 0.001 0 1 136.046 470 ::f,0,3 f,0,14 f,12,12 f,15,0 
286:1,1 0.001 0 1 2,2 0.001 0 1 1,2 0.001 -1 1 189.039 545 2,13 0.001 0 1 2,14 0.001 0 -1 1,13 0.001 -1 1 235.047 650 14,2 0.001 1 1 13,2 0.001 1 0 14,1 0.001 1 -1 210.034 590 14,13 0.001 -1 -1 13,14 0.001 -1 0 14,14 0.001 0 1 136.046 470 ::f,0,3 f,0,15 f,12,12 f,15,2 
287:1,1 0.001 0 1 2,2 0.001 0 1 1,2 0.001 0 1 189.039 545 2,13 0.001 0 1 2,14 0.001 0 -1 1,13 0.001 0 1 235.047 650 14,2 0.001 1 1 13,2 0.001 1 0 14,1 0.001 0 -1 210.034 590 14,13 0.001 -1 0 13,14 0.001 -1 0 14,14 0.001 1 1 136.046 470 ::f,0,3 f,0,15 f,12,12 f,15,2 
288:1,1 0.001 1 1 2,2 0.001 1 1 1,2 0.001 0 1 189.039 545 2,13 0.001 1 1 2,14 0.001 -1 -1 1,14 0.001 0 1 235.048 650 14,2 0.001 1 0 13,2 0.001 1 0 14,1 0.001 0 -1 210.034 590 13,13 0.001 -1 0 13,14 0.001 -1 1 14,14 0.001 1 1 136.047 470 ::f,0,3 f,0,15 f,12,12 f,15,2 
289:1,1 0.001 1 1 2,2 0.001 1 1 1,2 0.001 1 1 189.039 545 2,13 0.001 1 1 2,14 0.001 -1 -1 1,14 0.001 0 1 235.048 650 14,2 0.001 1 0 13,2 0.001 1 -1 14,1 0.001 -1 -1 215.034 605 13,13 0.001 -1 0 13,14 0.001 -1 1 14,14 0.001 1 0 136.047 470 ::f,0,3 f,0,15 f,12,12 f,14,3 
290:1,1 0.001 1 0 2,2 0.001 1 0 1,2 0.001 1 1 189.039 545 2,13 0.001 1 0 2,14 0.001 -1 0 1,14 0.001 1 1 235.048 650 14,2 0.001 1 -1 13,2 0.001 0 -1 14,1 0.001 -1 -1 215.034 605 13,13 0.001 -1 1 13,14 0.001 0 1 14,14 0.001 1 0 136.047 470 ::f,0,3 f,0,15 f,12,12 f,14,3 
291:1,1 0.001 1 0 2,2 0.001 1 0 1,2 0.001 1 0 189.039 545 2,13 0.001 1 0 2,14 0.001 -1 0 1,14 0.001 1 1 235.048 650 14,2 0.001 1 -1 13,2 0.001 0 -1 14,1 0.001 -1 0 215.034 605 13,13 0.001 -1 1 13,14 0.001 0 1 14,14 0.001 1 -1 136.047 470 ::f,0,3 f,0,15 f,12,12 f,14,3 
292:1,1 0.001 1 -1 2,2 0.001 1 -1 1,2 0.001 1 0 189.039 545 2,13 0.001 1 -1 2,14 0.001 -1 1 1,14 0.001 1 0 235.048 650 14,2 0.001 0 -1 13,2 0.001 -1 -1 13,1 0.001 -1 0 215.035 605 13,13 0.001 0 1 13,14 0.001 1 1 14,14 0.001 1 -1 136.047 470 ::f,0,3 f,0,15 f,12,12 f,14,3 
293:1,1 0.001 1 -1 2,2 0.001 1 -1 1,2 0.001 1 0 189.039 545 2,13 0.001 1 -1 2,14 0.001 -1 1 1,14 0.001 1 0 235.048 650 14,1 0.001 0 -1 13,2 0.001 -1 -1 13,1 0.001 -1 0 215.036 605 13,13 0.001 0 1 13,14 0.001 1 1 14,14 0.001 0 -1 136.047 470 ::f,0,3 f,0,15 f,12,12 f,14,3 
294:1,1 0.001 0 -1 2,2 0.001 0 -1 1,2 0.001 1 -1 189.039 545 2,13 0.001 0 -1 2,14 0.001 0 1 1,14 0.001 1 0 235.048 650 14,1 0.001 0 -1 13,2 0.001 -1 0 13,1 0.001 -1 1 215.036 605 13,13 0.001 0 1 13,14 0.001 1 0 14,13 0.001 0 -1 136.048 470 ::f,0,3 f,0,15 f,12,12 f,14,3 
295:1,1 0.001 0 -1 2,1 0.001 0 -1 1,2 0.001 1 -1 189.04 545 2,13 0.001 0 -1 2,14 0.001 0 1 1,14 0.001 1 -1 235.048 650 14,1 0.001 -1 -1 13,2 0.001 -1 0 13,1 0.001 -1 1 215.036 605 13,13 0.001 1 1 14,14 0.001 1 0 14,13 0.001 0 -1 136.049 470 ::f,0,3 f,0,15 f,12,12 f,14,3 
296:1,1 0.001 -1 -1 2,1 0.001 0 -1 1,2 0.001 0 -1 189.04 545 2,13 0.001 -1 -1 2,14 0.001 1 1 1,14 0.001 1 -1 235.048 650 14,1 0.001 -1 -1 13,2 0.001 -1 1 13,1 0.001 0 1 215.036 605 13,13 0.001 1 1 14,14 0.001 1 0 14,13 0.001 -1 -1 136.049 470 ::f,0,3 f,0,15 f,12,12 f,14,3 
297:1,1 0.001 -1 -1 2,1 0.001 -1 -1 1,2 0.001 0 -1 189.04 545 2,13 0.001 -1 -1 2,14 0.001 1 1 1,14 0.001 0 -1 235.048 650 14,1 0.001 -1 0 13,2 0.001 -1 1 13,1 0.001 0 1 215.036 605 13,13 0.001 1 0 14,14 0.001 1 -1 14,13 0.001 -1 -1 136.049 470 ::f,0,3 f,0,15 f,12,12 f,14,3 
298:1,1 0.001 -1 0 2,1 0.001 -1 -1 1,2 0.001 -1 -1 189.04 545 2,13 0.001 -1 0 2,14 0.001 1 0 1,14 0.001 0 -1 235.048 650 14,1 0.001 -1 0 13,2 0.001 0 1 13,1 0.001 0 1 215.036 605 13,13 0.001 1 0 14,14 0.001 1 -1 14,13 0.001 -1 0 136.049 470 ::f,0,3 f,0,15 f,12,12 f,14,3 
299:1,1 0.001 -1 0 2,1 0.001 -1 0 1,2 0.001 -1 -1 189.04 545 1,13 0.001 -1 0 2,14 0.001 1 0 1,14 0.001 -1 -1 235.049 650 14,1 0.001 -1 0 13,2 0.001 0 1 13,1 0.001 1 1 215.036 605 13,13 0.001 1 -1 14,14 0.001 0 -1 14,13 0.001 -1 0 136.049 470 ::f,0,3 f,0,15 f,12,12 f,14,3 
