16
0:1,1 0.001 0 1 3,1 0.003 1 -1 3,2 0.002 1 0 0.002 50 0,14 0.001 0 1 1,12 0.003 1 0 3,15 0.002 0 1 0.003 50 12,0 0.001 0 -1 13,2 0.003 0 -1 14,3 0.002 -1 1 0.002 50 15,13 0.001 1 0 13,15 0.003 1 0 12,12 0.002 -1 -1 0.001 50 ::f,0,3 f,1,15 f,12,3 f,14,15 
1:1,1 0.001 0 1 3,1 0.001 1 -1 3,2 0.002 1 0 0.002 50 0,14 0.001 0 1 1,12 0.001 1 0 3,15 0.001 0 1 0.003 50 12,0 0.001 0 -1 13,2 0.001 0 -1 14,3 0.001 -1 1 0.002 50 15,13 0.001 1 0 13,15 0.001 1 0 12,12 0.001 -1 -1 0.0011 65 ::f,0,3 f,1,15 f,12,3 f,14,14 
2:1,1 0.001 1 1 3,1 0.001 0 -1 3,2 0.002 1 0 0.002 50 0,14 0.001 1 1 1,12 0.001 1 -1 3,15 0.001 1 1 0.003 50 12,0 0.001 -1 -1 13,2 0.001 -1 -1 14,3 0.001 0 1 0.002 50 15,13 0.001 1 -1 13,15 0.001 1 -1 12,12 0.001 -1 0 0.0011 65 ::f,0,3 f,1,15 f,12,3 f,14,14 
3:1,1 0.001 1 1 3,1 0.001 -1 -1 3,2 0.002 1 0 0.002 50 0,14 0.001 1 1 1,12 0.001 1 -1 3,15 0.001 1 1 0.0031 65 12,0 0.001 -1 -1 13,2 0.001 -1 -1 14,3 0.001 0 1 0.002 50 15,13 0.001 1 -1 13,15 0.001 1 -1 12,12 0.001 -1 0 1.0012 80 ::f,0,3 f,0,15 f,12,3 f,12,13 
4:1,1 0.001 1 0 3,1 0.001 -1 0 3,2 0.002 1 0 0.002 50 0,14 0.001 1 0 1,12 0.001 1 -1 3,15 0.001 1 0 0.0031 65 12,0 0.001 -1 0 13,2 0.001 -1 0 14,3 0.001 1 1 0.002 50 15,13 0.001 0 -1 13,15 0.001 0 -1 12,12 0.001 -1 1 1.0012 80 ::f,0,3 f,0,15 f,12,3 f,12,13 
5:1,1 0.001 1 0 3,1 0.001 -1 1 3,2 0.002 1 0 0.002 50 0,14 0.001 1 0 1,12 0.001 1 -1 3,15 0.001 1 0 0.0031 65 12,0 0.001 -1 0 13,2 0.001 -1 0 14,3 0.001 1 1 0.002 50 15,13 0.001 0 -1 13,15 0.001 0 -1 12,12 0.001 -1 1 1.0012 80 ::f,0,3 f,0,15 f,12,3 f,12,13 
6:1,1 0.001 1 -1 3,1 0.001 0 1 3,2 0.002 1 0 0.002 50 0,14 0.001 1 -1 1,12 0.001 1 -1 3,15 0.001 1 -1 0.0031 65 12,0 0.001 -1 1 13,2 0.001 -1 1 14,3 0.001 1 0 0.002 50 15,13 0.001 -1 -1 13,15 0.001 -1 -1 12,12 0.001 0 1 1.0012 80 ::f,0,3 f,0,15 f,12,3 f,12,13 
7:1,1 0.001 1 -1 3,1 0.001 1 1 3,2 0.002 1 0 0.002 50 0,14 0.001 1 -1 1,12 0.001 1 -1 3,15 0.001 1 -1 0.0031 65 12,0 0.001 -1 1 13,2 0.001 -1 1 14,3 0.001 1 0 0.0021 65 15,13 0.001 -1 -1 13,15 0.001 -1 -1 12,12 0.001 0 1 1.0012 80 ::f,0,3 f,0,15 f,12,1 f,12,13 
8:1,1 0.001 0 -1 3,1 0.001 1 0 3,2 0.002 1 0 0.002 50 0,14 0.001 0 -1 1,12 0.001 1 -1 3,15 0.001 0 -1 0.0031 65 12,0 0.001 0 1 13,2 0.001 0 1 14,3 0.001 1 -1 0.0021 65 15,13 0.001 -1 0 13,15 0.001 -1 0 12,12 0.001 0 1 1.0013 95 ::f,0,3 f,0,15 f,12,1 f,12,13 
9:1,1 0.001 0 -1 3,1 0.001 1 -1 3,2 0.002 1 0 0.002 50 0,14 0.001 0 -1 1,12 0.001 1 -1 3,14 0.001 0 -1 0.0041 65 12,0 0.001 0 1 13,2 0.001 0 1 14,3 0.001 1 -1 0.0021 65 14,13 0.001 -1 0 13,15 0.001 -1 0 12,12 0.001 1 1 1.0023 95 ::f,0,3 f,0,15 f,12,1 f,12,13 
10:1,1 0.001 -1 -1 3,1 0.001 0 -1 3,2 0.002 1 0 0.002 50 0,14 0.001 -1 -1 1,12 0.001 1 -1 3,14 0.001 0 -1 0.0041 65 12,0 0.001 0 1 13,2 0.001 1 1 14,3 0.001 0 -1 0.0022 80 13,13 0.001 -1 0 13,15 0.001 -1 1 12,12 0.001 1 1 1.0033 95 ::f,0,3 f,0,15 f,12,2 f,12,13 
11:1,1 0.001 -1 -1 3,1 0.001 -1 -1 3,2 0.002 1 0 0.002 50 0,14 0.001 -1 -1 1,12 0.001 1 -1 3,14 0.001 -1 -1 0.0041 65 12,1 0.001 0 1 13,2 0.001 1 1 14,2 0.001 0 -1 0.0042 80 13,13 0.001 -1 0 13,15 0.001 -1 1 12,12 0.001 1 0 1.0034 110 ::f,0,3 f,0,15 f,12,2 f,13,12 
12:1,1 0.001 -1 0 3,1 0.001 -1 0 3,2 0.002 1 0 0.002 50 0,14 0.001 -1 0 1,12 0.001 1 -1 2,13 0.001 -1 -1 0.0051 65 12,1 0.001 0 1 13,2 0.001 1 0 14,2 0.001 0 -1 1.0043 95 13,13 0.001 -1 1 13,15 0.001 0 1 12,12 0.001 1 0 2.0035 125 ::f,0,3 f,0,15 f,15,1 f,15,12 
13:1,1 0.001 -1 0 3,1 0.001 -1 1 3,2 0.002 1 0 0.002 50 0,14 0.001 -1 0 1,12 0.001 1 -1 2,13 0.001 -1 -1 0.0051 65 12,1 0.001 1 1 13,2 0.001 1 0 14,2 0.001 -1 -1 1.0043 95 13,13 0.001 -1 1 13,15 0.001 0 1 12,12 0.001 1 -1 2.0035 125 ::f,0,3 f,0,15 f,15,1 f,15,12 
14:1,1 0.001 -1 1 3,1 0.001 0 1 3,2 0.002 1 0 0.002 50 0,14 0.001 -1 1 1,12 0.001 1 -1 2,13 0.001 -1 0 0.0051 65 12,1 0.001 1 1 13,2 0.001 1 0 14,2 0.001 -1 -1 1.0043 95 13,13 0.001 0 1 13,15 0.001 1 1 12,12 0.001 1 -1 2.0035 125 ::f,0,3 f,0,15 f,15,1 f,15,12 
15:1,1 0.001 -1 1 3,1 0.001 1 1 3,2 0.002 1 0 0.002 50 0,14 0.001 -1 1 1,12 0.001 1 -1 1,13 0.001 -1 0 0.0061 65 12,1 0.001 1 0 13,2 0.001 1 -1 14,2 0.001 -1 0 1.0043 95 13,14 0.001 0 1 13,15 0.001 1 1 12,12 0.001 0 -1 2.0045 125 ::f,0,3 f,0,15 f,15,1 f,15,12 
16:1,1 0.001 0 1 3,1 0.001 1 0 3,2 0.002 1 0 0.002 50 0,14 0.001 0 1 1,12 0.001 1 -1 1,13 0.001 -1 0 0.0061 65 12,1 0.001 1 0 13,2 0.001 1 -1 14,2 0.001 -1 0 1.0043 95 13,14 0.001 0 1 13,15 0.001 1 0 12,12 0.001 0 -1 2.0045 125 ::f,0,3 f,0,15 f,15,1 f,15,12 
17:1,2 0.001 0 1 3,1 0.001 1 -1 3,2 0.002 1 0 0.003 50 0,14 0.001 0 1 1,12 0.001 1 -1 1,13 0.001 -1 1 1.0062 80 12,1 0.001 1 -1 13,2 0.001 0 -1 14,2 0.001 -1 1 1.0043 95 13,14 0.001 1 1 14,15 0.001 1 0 12,12 0.001 -1 -1 2.0055 125 ::f,0,3 f,1,15 f,15,1 f,15,12 
18:1,2 0.001 0 1 3,1 0.001 0 -1 3,2 0.002 1 0 0.003 50 0,14 0.001 1 1 1,12 0.001 1 -1 1,13 0.001 -1 1 1.0062 80 12,1 0.001 1 -1 13,2 0.001 0 -1 14,2 0.001 -1 1 1.0043 95 13,14 0.001 1 1 14,15 0.001 1 0 12,12 0.001 -1 -1 2.0055 125 ::f,0,3 f,1,15 f,15,1 f,15,12 
19:1,2 0.001 1 1 3,1 0.001 -1 -1 3,2 0.002 1 0 0.003 50 0,14 0.001 1 1 1,12 0.001 1 -1 1,13 0.001 0 1 3.0063 95 12,1 0.001 0 -1 13,2 0.001 -1 -1 14,2 0.001 0 1 1.0043 95 13,14 0.001 1 0 14,15 0.001 1 -1 12,12 0.001 -1 0 2.0055 125 ::f,0,3 f,2,15 f,15,1 f,15,12 
20:1,2 0.001 1 1 3,1 0.001 -1 0 3,2 0.002 1 0 0.003 50 0,14 0.001 1 0 1,12 0.001 1 -1 1,14 0.001 0 1 3.0073 95 12,1 0.001 0 -1 13,2 0.001 -1 -1 14,2 0.001 0 1 1.0043 95 14,14 0.001 1 0 14,15 0.001 1 -1 12,12 0.001 -1 0 2.0065 125 ::f,0,3 f,2,15 f,15,1 f,15,12 
21:1,2 0.001 1 0 3,1 0.001 -1 1 3,2 0.002 1 0 0.003 50 0,14 0.001 1 0 1,12 0.001 1 -1 1,14 0.001 0 1 3.0073 95 12,1 0.001 -1 -1 13,2 0.001 -1 0 14,2 0.001 1 1 1.0043 95 14,14 0.001 1 0 14,15 0.001 0 -1 12,12 0.001 -1 1 2.0065 125 ::f,0,3 f,2,15 f,15,1 f,15,12 
22:2,2 0.001 1 0 3,1 0.001 0 1 3,2 0.002 1 0 0.004 50 0,14 0.001 1 0 1,12 0.001 1 -1 1,14 0.001 1 1 3.0073 95 12,1 0.001 -1 -1 13,2 0.001 -1 0 14,2 0.001 1 1 1.0043 95 14,14 0.001 1 -1 14,15 0.001 0 -1 12,12 0.001 -1 1 2.0065 125 ::f,0,3 f,2,15 f,15,1 f,15,12 
23:2,2 0.001 1 0 3,1 0.001 1 1 3,2 0.002 1 0 0.004 50 0,14 0.001 1 -1 1,12 0.001 1 -1 1,14 0.001 1 1 3.0074 110 12,1 0.001 -1 0 13,2 0.001 -1 1 14,2 0.001 1 0 1.0043 95 14,14 0.001 1 -1 14,15 0.001 0 -1 12,12 0.001 0 1 2.0065 125 ::f,0,3 f,2,14 f,15,1 f,15,12 
24:2,2 0.001 1 -1 3,1 0.001 1 0 3,2 0.002 1 0 0.004 50 0,14 0.001 1 -1 1,12 0.001 1 -1 1,14 0.001 1 0 3.0074 110 12,1 0.001 -1 0 13,2 0.001 -1 1 14,2 0.001 1 0 1.0043 95 14,14 0.001 0 -1 14,15 0.001 -1 -1 12,13 0.001 0 1 2.0075 125 ::f,0,3 f,2,14 f,15,1 f,15,12 
25:2,2 0.001 1 -1 3,1 0.001 1 -1 3,2 0.002 1 0 0.004 50 0,14 0.001 0 -1 1,12 0.001 1 -1 1,14 0.001 1 0 3.0074 110 12,1 0.001 -1 1 13,2 0.001 0 1 14,2 0.001 1 -1 1.0043 95 14,13 0.001 0 -1 13,14 0.001 -1 -1 12,13 0.001 0 1 2.0095 125 ::f,0,3 f,2,14 f,15,1 f,15,12 
26:2,2 0.001 0 -1 3,1 0.001 0 -1 3,2 0.002 1 0 0.004 50 0,14 0.001 0 -1 1,12 0.001 1 -1 1,14 0.001 1 0 4.0075 125 12,1 0.001 -1 1 13,2 0.001 0 1 14,2 0.001 1 -1 1.0044 110 14,13 0.001 0 -1 13,14 0.001 -1 -1 12,13 0.001 1 1 2.0095 125 ::f,0,3 f,2,12 f,12,2 f,15,12 
27:2,1 0.001 0 -1 3,1 0.001 -1 -1 3,2 0.002 1 0 0.005 50 0,14 0.001 -1 -1 1,12 0.001 1 -1 1,14 0.001 1 -1 4.0075 125 12,1 0.001 0 1 13,2 0.001 1 1 14,2 0.001 0 -1 1.0044 110 14,13 0.001 -1 -1 13,14 0.001 -1 0 12,13 0.001 1 1 2.0095 125 ::f,0,3 f,2,12 f,12,2 f,15,12 
28:2,1 0.001 0 -1 3,1 0.001 -1 0 3,2 0.002 1 0 0.005 50 0,14 0.001 -1 -1 1,12 0.001 1 -1 1,14 0.001 1 -1 4.0075 125 12,1 0.001 0 1 13,2 0.001 1 1 14,1 0.001 0 -1 1.0054 110 14,13 0.001 -1 -1 13,14 0.001 -1 0 12,13 0.001 1 0 2.0095 125 ::f,0,3 f,2,12 f,12,2 f,15,12 
29:2,1 0.001 -1 -1 3,1 0.001 -1 1 3,2 0.002 1 0 0.005 50 0,14 0.001 -1 0 1,12 0.001 1 -1 1,14 0.001 0 -1 4.0075 125 12,1 0.001 0 1 13,2 0.001 1 0 14,1 0.001 0 -1 3.0055 125 14,13 0.001 -1 0 13,14 0.001 -1 1 13,13 0.001 1 0 2.0105 125 ::f,0,3 f,2,12 f,15,1 f,15,12 
30:2,1 0.001 -1 -1 3,1 0.001 0 1 3,2 0.002 1 0 0.005 50 0,14 0.001 -1 0 1,12 0.001 1 -1 1,13 0.001 0 -1 4.0085 125 12,1 0.001 1 1 14,2 0.001 1 0 14,1 0.001 -1 -1 3.0065 125 14,13 0.001 -1 0 13,14 0.001 -1 1 13,13 0.001 1 0 2.0105 125 ::f,0,3 f,2,12 f,15,1 f,15,12 
31:2,1 0.001 -1 0 3,1 0.001 1 1 3,2 0.002 1 0 0.005 50 0,14 0.001 -1 1 1,12 0.001 1 -1 1,13 0.001 0 -1 4.0085 125 12,1 0.001 1 1 14,2 0.001 1 0 14,1 0.001 -1 -1 3.0065 125 14,13 0.001 -1 0 13,14 0.001 0 1 13,13 0.001 1 -1 2.0105 125 ::f,0,3 f,2,12 f,15,1 f,15,12 
32:1,1 0.001 -1 0 3,1 0.001 1 0 3,2 0.002 1 0 0.006 50 0,14 0.001 -1 1 1,12 0.001 1 -1 1,13 0.001 -1 -1 4.0085 125 12,1 0.001 1 0 14,2 0.001 1 -1 14,1 0.001 -1 0 3.0065 125 14,13 0.001 -1 1 13,14 0.001 0 1 13,13 0.001 1 -1 2.0105 125 ::f,0,3 f,2,12 f,15,1 f,15,12 
33:1,1 0.001 -1 0 3,1 0.001 1 -1 3,2 0.002 1 0 0.006 50 0,14 0.001 0 1 1,12 0.001 1 -1 1,13 0.001 -1 -1 4.0085 125 13,1 0.001 1 0 14,2 0.001 1 -1 14,1 0.001 -1 0 4.0076 140 14,13 0.001 -1 1 13,14 0.001 1 1 13,13 0.001 0 -1 2.0105 125 ::f,0,3 f,2,12 f,12,1 f,15,12 
34:1,1 0.001 -1 1 3,1 0.001 0 -1 3,2 0.002 1 0 0.006 50 0,14 0.001 0 1 1,12 0.001 1 -1 1,13 0.001 -1 0 4.0085 125 13,1 0.001 1 0 14,2 0.001 0 -1 14,1 0.001 -1 0 4.0076 140 14,13 0.001 0 1 13,14 0.001 1 1 13,13 0.001 0 -1 2.0105 125 ::f,0,3 f,2,12 f,12,1 f,15,12 
35:1,1 0.001 -1 1 3,1 0.001 -1 -1 3,2 0.002 1 0 0.006 50 0,14 0.001 1 1 1,12 0.001 1 -1 1,13 0.001 -1 0 4.0085 125 13,1 0.001 1 -1 14,2 0.001 0 -1 14,1 0.001 -1 1 4.0076 140 14,13 0.001 0 1 13,14 0.001 1 0 13,13 0.001 -1 -1 2.0105 125 ::f,0,3 f,2,12 f,12,1 f,15,12 
36:1,1 0.001 0 1 3,1 0.001 -1 0 3,2 0.002 1 0 0.006 50 0,14 0.001 1 1 1,12 0.001 1 -1 1,13 0.001 -1 1 4.0085 125 13,1 0.001 1 -1 14,2 0.001 0 -1 14,1 0.001 -1 1 4.0076 140 14,13 0.001 1 1 14,14 0.001 1 0 13,13 0.001 -1 -1 2.0115 125 ::f,0,3 f,2,12 f,12,1 f,15,12 
37:1,2 0.001 0 1 3,1 0.001 -1 1 3,2 0.002 1 0 0.007 50 0,14 0.001 1 0 1,12 0.001 1 -1 1,13 0.001 -1 1 4.0085 125 13,1 0.001 0 -1 14,2 0.001 -1 -1 14,1 0.001 0 1 4.0076 140 14,13 0.001 1 1 14,14 0.001 1 0 13,13 0.001 -1 0 2.0115 125 ::f,0,3 f,2,12 f,12,1 f,15,12 
38:1,2 0.001 0 1 3,1 0.001 0 1 3,2 0.002 1 0 0.007 50 1,14 0.001 1 0 1,12 0.001 1 -1 1,13 0.001 0 1 4.0095 125 13,1 0.001 0 -1 14,2 0.001 -1 -1 14,1 0.001 0 1 4.0076 140 14,13 0.001 1 0 14,14 0.001 1 -1 13,13 0.001 -1 0 2.0115 125 ::f,0,3 f,2,12 f,12,1 f,15,12 
39:1,2 0.001 1 1 3,1 0.001 1 1 3,2 0.002 1 0 0.007 50 1,14 0.001 1 0 1,12 0.001 1 -1 1,13 0.001 0 1 4.0095 125 13,1 0.001 -1 -1 14,2 0.001 -1 0 14,1 0.001 1 1 4.0076 140 14,13 0.001 1 0 14,14 0.001 1 -1 13,13 0.001 -1 1 2.0115 125 ::f,0,3 f,2,12 f,12,1 f,15,12 
40:1,2 0.001 1 1 3,1 0.001 1 0 3,2 0.002 1 0 0.007 50 1,14 0.001 1 -1 1,12 0.001 1 -1 1,13 0.001 0 1 4.0095 125 13,1 0.001 -1 -1 14,2 0.001 -1 0 14,1 0.001 1 1 4.0076 140 14,13 0.001 1 -1 14,14 0.001 0 -1 13,13 0.001 -1 1 2.0115 125 ::f,0,3 f,2,12 f,12,1 f,15,12 
41:1,2 0.001 1 0 3,1 0.001 1 -1 3,2 0.002 1 0 0.007 50 1,14 0.001 1 -1 1,12 0.001 1 -1 1,13 0.001 1 1 4.0095 125 13,1 0.001 -1 0 14,2 0.001 -1 1 14,1 0.001 1 0 4.0076 140 14,13 0.001 1 -1 14,14 0.001 0 -1 13,13 0.001 0 1 3.0116 140 ::f,0,3 f,2,12 f,12,1 f,14,15 
42:2,2 0.001 1 0 3,1 0.001 0 -1 3,2 0.002 1 0 0.008 50 1,14 0.001 0 -1 1,12 0.001 1 -1 1,13 0.001 1 1 4.0095 125 13,1 0.001 -1 0 14,2 0.001 -1 1 14,1 0.001 1 0 7.0077 155 14,13 0.001 0 -1 14,14 0.001 0 -1 13,14 0.001 0 1 3.0126 140 ::f,0,3 f,2,12 f,12,2 f,14,15 
43:2,2 0.001 1 0 3,1 0.001 -1 -1 3,2 0.002 1 0 0.008 50 1,14 0.001 0 -1 1,12 0.001 1 -1 1,13 0.001 1 0 4.0095 125 13,1 0.001 -1 1 14,2 0.001 0 1 14,1 0.001 1 -1 7.0077 155 14,13 0.001 0 -1 14,14 0.001 -1 -1 13,14 0.001 0 1 3.0126 140 ::f,0,3 f,2,12 f,12,2 f,14,15 
44:2,2 0.001 1 -1 3,1 0.001 -1 0 3,2 0.002 1 0 0.008 50 1,14 0.001 0 -1 1,12 0.001 1 -1 1,13 0.001 1 0 4.0095 125 13,1 0.001 -1 1 14,2 0.001 0 1 14,1 0.001 1 -1 11.0078 170 14,13 0.001 -1 -1 14,14 0.001 -1 -1 13,14 0.001 1 1 3.0126 140 ::f,0,3 f,2,12 f,14,15 f,15,3 
45:2,2 0.001 1 -1 3,1 0.001 -1 1 3,2 0.002 1 0 0.008 50 1,14 0.001 -1 -1 1,12 0.001 1 -1 1,13 0.001 1 -1 4.0095 125 13,1 0.001 0 1 14,2 0.001 1 1 14,1 0.001 0 -1 11.0078 170 14,13 0.001 -1 -1 14,14 0.001 -1 0 13,14 0.001 1 1 5.0127 155 ::f,0,3 f,2,12 f,13,15 f,15,3 
46:2,2 0.001 0 -1 3,1 0.001 0 1 3,2 0.002 1 0 0.008 50 1,14 0.001 -1 -1 1,12 0.001 1 -1 1,13 0.001 1 -1 6.0096 140 13,2 0.001 0 1 14,2 0.001 1 1 14,1 0.001 0 -1 13.0089 185 14,13 0.001 -1 0 14,14 0.001 -1 0 13,14 0.001 1 0 5.0127 155 ::f,0,3 f,0,14 f,13,15 f,15,1 
47:2,1 0.001 0 -1 3,1 0.001 1 1 3,2 0.002 1 0 0.009 50 1,14 0.001 -1 0 1,12 0.001 1 -1 1,13 0.001 0 -1 6.0096 140 13,2 0.001 0 1 14,2 0.001 1 0 14,1 0.001 -1 -1 13.0089 185 13,13 0.001 -1 0 14,14 0.001 -1 1 13,14 0.001 1 0 5.0137 155 ::f,0,3 f,0,14 f,13,15 f,15,1 
48:2,1 0.001 0 -1 3,1 0.001 1 0 3,2 0.002 1 0 0.009 50 1,14 0.001 -1 0 1,12 0.001 1 -1 1,13 0.001 0 -1 9.0097 155 13,2 0.001 1 1 14,2 0.001 1 0 14,1 0.001 -1 -1 13.0089 185 13,13 0.001 -1 0 14,14 0.001 -1 1 13,14 0.001 1 0 7.0138 170 ::f,0,3 f,2,13 f,15,1 f,15,12 
49:2,1 0.001 -1 -1 3,1 0.001 1 -1 3,2 0.002 1 0 0.009 50 1,14 0.001 -1 1 1,12 0.001 1 -1 1,13 0.001 -1 -1 9.0097 155 13,2 0.001 1 1 14,2 0.001 1 -1 14,1 0.001 -1 0 13.0089 185 13,13 0.001 -1 1 14,14 0.001 0 1 13,14 0.001 1 -1 7.0138 170 ::f,0,3 f,2,13 f,15,1 f,15,12 
50:2,1 0.001 -1 -1 3,1 0.001 0 -1 3,2 0.002 1 0 0.009 50 1,14 0.001 -1 1 1,12 0.001 1 -1 1,13 0.001 -1 -1 9.0097 155 13,2 0.001 1 0 14,2 0.001 1 -1 13,1 0.001 -1 0 16.01 200 13,13 0.001 -1 1 14,14 0.001 0 1 14,13 0.001 1 -1 7.0148 170 ::f,0,3 f,2,13 f,13,0 f,15,12 
51:2,1 0.001 -1 0 3,1 0.001 -1 -1 3,2 0.002 1 0 0.009 50 1,14 0.001 0 1 1,12 0.001 1 -1 1,13 0.001 -1 0 9.0097 155 13,2 0.001 1 0 14,2 0.001 0 -1 13,1 0.001 -1 0 16.01 200 13,13 0.001 0 1 14,14 0.001 1 1 14,13 0.001 1 -1 10.0149 185 ::f,0,3 f,2,13 f,13,0 f,15,12 
52:1,1 0.001 -1 0 3,1 0.001 -1 0 3,2 0.002 1 0 0.01 50 1,14 0.001 0 1 1,12 0.001 1 -1 1,13 0.001 -1 0 9.0097 155 13,2 0.001 1 0 14,1 0.001 0 -1 13,1 0.001 -1 1 16.011 200 13,14 0.001 0 1 14,14 0.001 1 1 14,13 0.001 0 -1 10.0159 185 ::f,0,3 f,2,13 f,13,0 f,15,12 
53:1,1 0.001 -1 0 3,1 0.001 -1 1 3,2 0.002 1 0 0.01 50 1,14 0.001 1 1 1,12 0.001 1 -1 1,13 0.001 -1 1 9.0097 155 13,2 0.001 1 -1 14,1 0.001 0 -1 13,1 0.001 -1 1 16.011 200 13,14 0.001 0 1 14,14 0.001 1 0 14,13 0.001 0 -1 10.0159 185 ::f,0,3 f,2,13 f,13,0 f,15,12 
54:1,1 0.001 -1 1 3,1 0.001 0 1 3,2 0.002 1 0 0.01 50 1,14 0.001 1 1 1,12 0.001 1 -1 1,13 0.001 -1 1 9.0097 155 13,2 0.001 1 -1 14,1 0.001 -1 -1 13,1 0.001 0 1 16.011 200 13,14 0.001 1 1 14,14 0.001 1 0 14,13 0.001 -1 -1 10.0159 185 ::f,0,3 f,2,13 f,13,0 f,15,12 
55:1,1 0.001 -1 1 3,1 0.001 1 1 3,2 0.002 1 0 0.01 50 1,14 0.001 1 0 1,12 0.001 1 -1 1,13 0.001 0 1 9.0097 155 13,2 0.001 0 -1 14,1 0.001 -1 -1 13,1 0.001 0 1 20.0111 215 13,14 0.001 1 1 14,14 0.001 1 -1 14,13 0.001 -1 -1 10.0159 185 ::f,0,3 f,2,13 f,14,3 f,15,12 
56:1,1 0.001 0 1 3,1 0.001 1 0 3,2 0.002 1 0 0.01 50 2,14 0.001 1 0 1,12 0.001 1 -1 1,14 0.001 0 1 9.0117 155 13,2 0.001 0 -1 14,1 0.001 -1 0 13,1 0.001 0 1 20.0111 215 13,14 0.001 1 0 14,14 0.001 1 -1 14,13 0.001 -1 0 10.0159 185 ::f,0,3 f,2,13 f,14,3 f,15,12 
57:1,2 0.001 0 1 3,1 0.001 1 -1 3,2 0.002 1 0 0.011 50 2,14 0.001 1 0 1,12 0.001 1 -1 1,14 0.001 0 1 9.0117 155 13,2 0.001 -1 -1 14,1 0.001 -1 0 13,1 0.001 1 1 20.0111 215 13,14 0.001 1 0 14,14 0.001 0 -1 13,13 0.001 -1 0 10.0169 185 ::f,0,3 f,2,13 f,14,3 f,15,12 
58:1,2 0.001 0 1 3,1 0.001 0 -1 3,2 0.002 1 0 0.011 50 2,14 0.001 1 -1 1,12 0.001 1 -1 1,14 0.001 1 1 9.0117 155 13,2 0.001 -1 -1 14,1 0.001 -1 0 13,1 0.001 1 1 20.0111 215 13,14 0.001 1 0 14,13 0.001 0 -1 13,13 0.001 -1 0 10.0179 185 ::f,0,3 f,2,13 f,14,3 f,15,12 
59:1,2 0.001 1 1 3,1 0.001 -1 -1 3,2 0.002 1 0 0.011 50 2,14 0.001 1 -1 1,12 0.001 1 -1 1,14 0.001 1 1 9.0117 155 13,2 0.001 -1 0 14,1 0.001 -1 1 13,1 0.001 1 0 20.0111 215 13,14 0.001 1 -1 14,13 0.001 0 -1 13,13 0.001 -1 1 10.0179 185 ::f,0,3 f,2,13 f,14,3 f,15,12 
60:1,2 0.001 1 1 3,1 0.001 -1 0 3,2 0.002 1 0 0.011 50 2,14 0.001 0 -1 1,12 0.001 1 -1 1,14 0.001 1 0 9.0117 155 13,2 0.001 -1 0 14,1 0.001 -1 1 13,1 0.001 1 0 20.0111 215 13,14 0.001 1 -1 14,13 0.001 -1 -1 13,13 0.001 -1 1 10.0179 185 ::f,0,3 f,2,13 f,14,3 f,15,12 
61:1,2 0.001 1 0 3,1 0.001 -1 1 3,2 0.002 1 0 0.011 50 2,14 0.001 0 -1 1,12 0.001 1 -1 1,14 0.001 1 0 9.0117 155 13,2 0.001 -1 1 14,1 0.001 0 1 13,1 0.001 1 -1 20.0111 215 13,14 0.001 1 -1 14,13 0.001 -1 -1 13,13 0.001 0 1 10.0179 185 ::f,0,3 f,2,13 f,14,3 f,15,12 
62:2,2 0.001 1 0 3,1 0.001 0 1 3,2 0.002 1 0 0.012 50 2,14 0.001 0 -1 1,12 0.001 1 -1 1,14 0.001 1 0 13.0118 170 13,2 0.001 -1 1 14,2 0.001 0 1 13,1 0.001 1 -1 20.0121 215 13,14 0.001 0 -1 14,13 0.001 -1 0 13,13 0.001 0 1 10.0179 185 ::f,0,3 f,2,12 f,14,3 f,15,12 
63:2,2 0.001 1 0 3,1 0.001 1 1 3,2 0.002 1 0 0.012 50 2,13 0.001 0 -1 1,12 0.001 1 -1 1,14 0.001 1 -1 13.0128 170 13,2 0.001 0 1 14,2 0.001 0 1 13,1 0.001 0 -1 25.0122 230 13,14 0.001 0 -1 14,13 0.001 -1 0 13,13 0.001 0 1 10.0179 185 ::f,0,3 f,2,12 f,12,2 f,15,12 
64:2,2 0.001 1 -1 3,1 0.001 1 0 3,2 0.002 1 0 0.012 50 2,13 0.001 0 -1 1,12 0.001 1 -1 1,14 0.001 1 -1 18.0129 185 13,2 0.001 0 1 14,2 0.001 1 1 13,1 0.001 0 -1 25.0122 230 13,14 0.001 -1 -1 14,13 0.001 -1 0 13,13 0.001 1 1 10.0179 185 ::f,0,3 f,2,12 f,12,2 f,15,12 
65:2,2 0.001 1 -1 3,1 0.001 1 -1 3,2 0.002 1 0 0.012 50 2,13 0.001 -1 -1 1,12 0.001 1 -1 1,14 0.001 0 -1 18.0129 185 13,2 0.001 1 1 14,2 0.001 1 1 13,1 0.001 -1 -1 25.0122 230 13,14 0.001 -1 -1 14,13 0.001 -1 1 13,13 0.001 1 1 10.0179 185 ::f,0,3 f,2,12 f,12,2 f,15,12 
66:2,2 0.001 0 -1 3,1 0.001 0 -1 3,2 0.002 1 0 0.012 50 2,13 0.001 -1 -1 1,12 0.001 1 -1 1,13 0.001 0 -1 18.0139 185 13,2 0.001 1 1 14,2 0.001 1 0 13,1 0.001 -1 -1 25.0122 230 13,14 0.001 -1 0 14,13 0.001 -1 1 13,13 0.001 1 0 10.0179 185 ::f,0,3 f,2,12 f,12,2 f,15,12 
67:2,1 0.001 0 -1 3,1 0.001 -1 -1 3,2 0.002 1 0 0.013 50 2,13 0.001 -1 0 1,12 0.001 1 -1 1,13 0.001 0 -1 18.0139 185 13,2 0.001 1 0 14,2 0.001 1 0 13,1 0.001 -1 0 25.0122 230 13,14 0.001 -1 0 14,13 0.001 0 1 13,13 0.001 1 0 10.0179 185 ::f,0,3 f,2,12 f,12,2 f,15,12 
68:2,1 0.001 0 -1 3,1 0.001 -1 0 3,2 0.002 1 0 0.013 50 2,13 0.001 -1 0 1,12 0.001 1 -1 1,13 0.001 -1 -1 18.0139 185 13,2 0.001 1 0 14,2 0.001 1 -1 13,1 0.001 -1 0 25.0122 230 13,14 0.001 -1 1 14,13 0.001 0 1 13,13 0.001 1 -1 10.0179 185 ::f,0,3 f,2,12 f,12,2 f,15,12 
69:2,1 0.001 -1 -1 3,1 0.001 -1 1 3,2 0.002 1 0 0.013 50 2,13 0.001 -1 0 1,12 0.001 1 -1 1,13 0.001 -1 -1 18.0139 185 13,2 0.001 1 0 14,2 0.001 1 -1 13,1 0.001 -1 1 25.0122 230 13,14 0.001 -1 1 14,13 0.001 1 1 13,13 0.001 1 -1 10.0179 185 ::f,0,3 f,2,12 f,12,2 f,15,12 
70:2,1 0.001 -1 -1 3,1 0.001 0 1 3,2 0.002 1 0 0.013 50 2,13 0.001 -1 1 1,12 0.001 1 -1 1,13 0.001 -1 0 18.0139 185 13,2 0.001 1 -1 14,2 0.001 0 -1 13,1 0.001 -1 1 26.0123 245 13,14 0.001 0 1 14,13 0.001 1 1 13,13 0.001 0 -1 10.0179 185 ::f,0,3 f,2,12 f,15,3 f,15,12 
71:2,1 0.001 -1 0 3,1 0.001 1 1 3,2 0.002 1 0 0.013 50 2,13 0.001 -1 1 1,12 0.001 1 -1 1,13 0.001 -1 0 18.0139 185 13,2 0.001 1 -1 14,1 0.001 0 -1 13,1 0.001 0 1 26.0133 245 13,14 0.001 0 1 14,13 0.001 1 0 13,13 0.001 0 -1 10.0179 185 ::f,0,3 f,2,12 f,15,3 f,15,12 
72:1,1 0.001 -1 0 3,1 0.001 1 0 3,2 0.002 1 0 0.014 50 2,13 0.001 0 1 1,12 0.001 1 -1 1,13 0.001 -1 1 18.0139 185 13,2 0.001 0 -1 14,1 0.001 0 -1 13,1 0.001 0 1 26.0133 245 13,14 0.001 1 1 14,13 0.001 1 0 13,13 0.001 -1 -1 10.0179 185 ::f,0,3 f,2,12 f,15,3 f,15,12 
73:1,1 0.001 -1 0 3,1 0.001 1 -1 3,2 0.002 1 0 0.014 50 2,13 0.001 0 1 1,12 0.001 1 -1 1,13 0.001 -1 1 18.0139 185 13,2 0.001 0 -1 14,1 0.001 -1 -1 13,1 0.001 0 1 26.0133 245 13,14 0.001 1 1 14,13 0.001 1 -1 13,13 0.001 -1 -1 10.0179 185 ::f,0,3 f,2,12 f,15,3 f,15,12 
74:1,1 0.001 -1 1 3,1 0.001 0 -1 3,2 0.002 1 0 0.014 50 2,13 0.001 1 1 1,12 0.001 1 -1 1,13 0.001 0 1 18.0139 185 13,2 0.001 -1 -1 14,1 0.001 -1 -1 13,1 0.001 1 1 26.0133 245 13,14 0.001 1 0 14,13 0.001 1 -1 13,13 0.001 -1 0 13.018 200 ::f,0,3 f,2,12 f,15,3 f,15,14 
75:1,1 0.001 -1 1 3,1 0.001 -1 -1 3,2 0.002 1 0 0.014 50 2,13 0.001 1 1 1,12 0.001 1 -1 1,14 0.001 0 1 18.0149 185 13,2 0.001 -1 -1 14,1 0.001 -1 0 14,2 0.001 1 1 26.0143 245 14,14 0.001 1 0 14,13 0.001 0 -1 13,13 0.001 -1 0 13.019 200 ::f,0,3 f,2,12 f,15,3 f,15,14 
76:1,1 0.001 0 1 3,1 0.001 -1 0 3,2 0.002 1 0 0.014 50 2,13 0.001 1 0 1,12 0.001 1 -1 1,14 0.001 0 1 18.0149 185 13,2 0.001 -1 0 13,1 0.001 -1 0 14,2 0.001 1 1 28.0154 260 14,14 0.001 1 0 14,13 0.001 0 -1 13,13 0.001 -1 1 15.0191 215 ::f,0,3 f,2,12 f,14,0 f,15,13 
77:1,2 0.001 0 1 3,1 0.001 -1 1 3,2 0.002 1 0 0.015 50 2,13 0.001 1 0 1,12 0.001 1 -1 1,14 0.001 1 1 18.0149 185 13,2 0.001 -1 0 13,1 0.001 -1 0 14,2 0.001 1 0 28.0154 260 14,14 0.001 1 -1 14,13 0.001 -1 -1 13,13 0.001 -1 1 15.0191 215 ::f,0,3 f,2,12 f,14,0 f,15,13 
78:1,2 0.001 0 1 3,1 0.001 0 1 3,2 0.002 1 0 0.015 50 2,13 0.001 1 -1 1,12 0.001 1 -1 1,14 0.001 1 1 18.0149 185 13,2 0.001 -1 1 13,1 0.001 -1 1 14,2 0.001 1 0 28.0154 260 14,14 0.001 1 -1 14,13 0.001 -1 -1 13,13 0.001 0 1 18.0192 230 ::f,0,3 f,2,12 f,14,0 f,14,12 
79:1,2 0.001 1 1 3,1 0.001 1 1 3,2 0.002 1 0 0.015 50 2,13 0.001 1 -1 1,12 0.001 1 -1 1,14 0.001 1 0 18.0149 185 13,2 0.001 -1 1 13,1 0.001 -1 1 14,2 0.001 1 -1 28.0154 260 14,14 0.001 0 -1 14,13 0.001 -1 0 13,14 0.001 0 1 18.0202 230 ::f,0,3 f,2,12 f,14,0 f,14,12 
80:1,2 0.001 1 1 3,1 0.001 1 0 3,2 0.002 1 0 0.015 50 2,13 0.001 0 -1 1,12 0.001 1 -1 2,14 0.001 1 0 18.0159 185 13,2 0.001 0 1 13,1 0.001 0 1 14,2 0.001 1 -1 28.0154 260 14,14 0.001 0 -1 13,13 0.001 -1 0 13,14 0.001 0 1 18.0212 230 ::f,0,3 f,2,12 f,14,0 f,14,12 
81:1,2 0.001 1 0 3,1 0.001 1 -1 3,2 0.002 1 0 0.015 50 2,13 0.001 0 -1 1,12 0.001 1 -1 2,14 0.001 1 0 24.016 200 13,2 0.001 0 1 13,1 0.001 0 1 14,2 0.001 0 -1 28.0154 260 14,14 0.001 0 -1 13,13 0.001 -1 0 13,14 0.001 1 1 18.0212 230 ::f,0,3 f,1,13 f,14,0 f,14,12 
82:2,2 0.001 1 0 3,1 0.001 0 -1 3,2 0.002 1 0 0.016 50 2,13 0.001 -1 -1 1,12 0.001 1 -1 2,14 0.001 1 -1 24.016 200 13,2 0.001 1 1 13,1 0.001 0 1 14,1 0.001 0 -1 28.0164 260 14,14 0.001 -1 -1 13,13 0.001 -1 1 13,14 0.001 1 1 18.0212 230 ::f,0,3 f,1,13 f,14,0 f,14,12 
83:2,2 0.001 1 0 3,1 0.001 -1 -1 3,2 0.002 1 0 0.016 50 2,13 0.001 -1 -1 1,12 0.001 1 -1 2,14 0.001 1 -1 24.016 200 13,2 0.001 1 1 13,1 0.001 1 1 14,1 0.001 0 -1 31.0165 275 14,14 0.001 -1 -1 13,13 0.001 -1 1 13,14 0.001 1 0 18.0212 230 ::f,0,3 f,1,13 f,14,12 f,15,1 
84:2,2 0.001 1 -1 3,1 0.001 -1 0 3,2 0.002 1 0 0.016 50 2,13 0.001 -1 0 1,12 0.001 1 -1 2,14 0.001 0 -1 24.016 200 13,2 0.001 1 0 13,1 0.001 1 1 14,1 0.001 -1 -1 31.0165 275 14,14 0.001 -1 0 13,13 0.001 0 1 13,14 0.001 1 0 18.0212 230 ::f,0,3 f,1,13 f,14,12 f,15,1 
85:2,2 0.001 1 -1 3,1 0.001 -1 1 3,2 0.002 1 0 0.016 50 2,13 0.001 -1 0 1,12 0.001 1 -1 2,14 0.001 0 -1 24.016 200 14,2 0.001 1 0 13,1 0.001 1 0 14,1 0.001 -1 -1 31.0175 275 14,14 0.001 -1 0 13,13 0.001 0 1 13,14 0.001 1 0 18.0212 230 ::f,0,3 f,1,13 f,14,12 f,15,1 
86:2,2 0.001 0 -1 3,1 0.001 0 1 3,2 0.002 1 0 0.016 50 2,13 0.001 -1 0 1,12 0.001 1 -1 2,14 0.001 0 -1 31.0161 215 14,2 0.001 1 0 13,1 0.001 1 0 14,1 0.001 -1 0 31.0175 275 14,14 0.001 -1 1 13,13 0.001 0 1 13,14 0.001 1 -1 18.0212 230 ::f,0,3 f,2,15 f,14,12 f,15,1 
87:2,1 0.001 0 -1 3,1 0.001 1 1 3,2 0.002 1 0 0.017 50 2,13 0.001 -1 1 1,12 0.001 1 -1 2,14 0.001 -1 -1 31.0161 215 14,2 0.001 1 -1 13,1 0.001 1 0 14,1 0.001 -1 0 31.0175 275 14,14 0.001 -1 1 13,13 0.001 1 1 13,14 0.001 1 -1 18.0212 230 ::f,0,3 f,2,15 f,14,12 f,15,1 
88:2,1 0.001 0 -1 3,1 0.001 1 0 3,2 0.002 1 0 0.017 50 2,13 0.001 -1 1 1,12 0.001 1 -1 2,14 0.001 -1 -1 31.0161 215 14,2 0.001 1 -1 13,1 0.001 1 -1 14,1 0.001 -1 0 36.0176 290 14,14 0.001 0 1 13,13 0.001 1 1 13,14 0.001 0 -1 18.0212 230 ::f,0,3 f,2,15 f,14,3 f,14,12 
89:2,1 0.001 -1 -1 3,1 0.001 1 -1 3,2 0.002 1 0 0.017 50 2,13 0.001 0 1 1,12 0.001 1 -1 2,14 0.001 -1 0 31.0161 215 14,2 0.001 0 -1 13,1 0.001 0 -1 14,1 0.001 -1 1 36.0176 290 14,14 0.001 0 1 13,13 0.001 1 0 13,14 0.001 0 -1 18.0212 230 ::f,0,3 f,2,15 f,14,3 f,14,12 
90:2,1 0.001 -1 -1 3,1 0.001 0 -1 3,2 0.002 1 0 0.017 50 2,13 0.001 0 1 1,12 0.001 1 -1 2,14 0.001 -1 0 31.0161 215 14,2 0.001 0 -1 13,1 0.001 -1 -1 14,1 0.001 -1 1 36.0176 290 14,14 0.001 1 1 13,13 0.001 1 0 13,14 0.001 -1 -1 18.0212 230 ::f,0,3 f,2,15 f,14,3 f,14,12 
91:2,1 0.001 -1 0 3,1 0.001 -1 -1 3,2 0.002 1 0 0.017 50 2,13 0.001 0 1 1,12 0.001 1 -1 2,14 0.001 -1 1 31.0161 215 14,2 0.001 0 -1 13,1 0.001 -1 -1 14,1 0.001 0 1 36.0176 290 14,14 0.001 1 1 13,13 0.001 1 -1 13,14 0.001 -1 -1 18.0212 230 ::f,0,3 f,2,15 f,14,3 f,14,12 
92:1,1 0.001 -1 0 3,1 0.001 -1 0 3,2 0.002 1 0 0.018 50 2,13 0.001 1 1 1,12 0.001 1 -1 2,14 0.001 -1 1 31.0161 215 14,2 0.001 -1 -1 13,1 0.001 -1 0 14,1 0.001 0 1 36.0176 290 14,14 0.001 1 0 13,13 0.001 1 -1 13,14 0.001 -1 0 22.0213 245 ::f,0,3 f,2,15 f,12,13 f,14,3 
93:1,1 0.001 -1 0 3,1 0.001 -1 1 3,2 0.002 1 0 0.018 50 2,13 0.001 1 1 1,12 0.001 1 -1 2,14 0.001 0 1 31.0161 215 14,2 0.001 -1 -1 13,1 0.001 -1 0 14,1 0.001 0 1 36.0176 290 14,14 0.001 1 0 13,13 0.001 0 -1 13,14 0.001 -1 0 22.0213 245 ::f,0,3 f,2,15 f,12,13 f,14,3 
94:1,1 0.001 -1 1 3,1 0.001 0 1 3,2 0.002 1 0 0.018 50 2,13 0.001 1 0 1,12 0.001 1 -1 2,14 0.001 0 1 34.0162 230 14,2 0.001 -1 0 13,1 0.001 -1 1 14,1 0.001 1 1 36.0176 290 14,14 0.001 1 -1 13,13 0.001 0 -1 13,14 0.001 -1 1 22.0213 245 ::f,0,3 f,1,15 f,12,13 f,14,3 
95:1,1 0.001 -1 1 3,1 0.001 1 1 3,2 0.002 1 0 0.018 50 2,13 0.001 1 0 1,12 0.001 1 -1 2,14 0.001 1 1 34.0162 230 14,2 0.001 -1 0 13,1 0.001 -1 1 14,1 0.001 1 1 36.0176 290 14,14 0.001 1 -1 13,13 0.001 -1 -1 13,14 0.001 -1 1 22.0213 245 ::f,0,3 f,1,15 f,12,13 f,14,3 
96:1,1 0.001 0 1 3,1 0.001 1 0 3,2 0.002 1 0 0.018 50 2,13 0.001 1 -1 1,12 0.001 1 -1 2,14 0.001 1 1 34.0162 230 14,2 0.001 -1 1 13,1 0.001 0 1 14,1 0.001 1 0 36.0176 290 14,14 0.001 0 -1 13,13 0.001 -1 -1 13,14 0.001 0 1 22.0213 245 ::f,0,3 f,1,15 f,12,13 f,14,3 
97:1,2 0.001 0 1 3,1 0.001 1 -1 3,2 0.002 1 0 0.019 50 2,13 0.001 1 -1 1,12 0.001 1 -1 2,14 0.001 1 0 34.0162 230 14,2 0.001 -1 1 13,2 0.001 0 1 14,1 0.001 1 0 36.0186 290 14,13 0.001 0 -1 13,13 0.001 -1 0 13,14 0.001 0 1 22.0223 245 ::f,0,3 f,1,15 f,12,13 f,14,3 
98:1,2 0.001 0 1 3,1 0.001 0 -1 3,2 0.002 1 0 0.019 50 2,13 0.001 0 -1 1,12 0.001 1 -1 2,14 0.001 1 0 34.0162 230 14,2 0.001 0 1 13,2 0.001 0 1 14,1 0.001 1 -1 36.0186 290 14,13 0.001 0 -1 13,13 0.001 -1 0 13,14 0.001 1 1 27.0224 260 ::f,0,3 f,1,15 f,14,3 f,14,12 
99:1,2 0.001 1 1 3,1 0.001 -1 -1 3,2 0.002 1 0 0.019 50 2,13 0.001 0 -1 1,12 0.001 1 -1 2,14 0.001 1 -1 34.0162 230 14,2 0.001 0 1 13,2 0.001 1 1 14,1 0.001 1 -1 42.0187 305 14,13 0.001 -1 -1 13,13 0.001 -1 1 13,14 0.001 1 1 27.0224 260 ::f,0,3 f,1,15 f,12,0 f,14,12 
100:1,2 0.001 1 1 3,1 0.001 -1 0 3,2 0.002 1 0 0.019 50 2,13 0.001 -1 -1 1,12 0.001 1 -1 2,14 0.001 1 -1 34.0162 230 14,2 0.001 1 1 13,2 0.001 1 1 14,1 0.001 0 -1 42.0187 305 14,13 0.001 -1 -1 13,13 0.001 -1 1 13,14 0.001 1 0 27.0224 260 ::f,0,3 f,1,15 f,12,0 f,14,12 
101:1,2 0.001 1 0 3,1 0.001 -1 1 3,2 0.002 1 0 0.019 50 2,13 0.001 -1 -1 1,12 0.001 1 -1 2,14 0.001 0 -1 34.0162 230 14,2 0.001 1 1 13,2 0.001 1 0 14,1 0.001 0 -1 42.0187 305 14,13 0.001 -1 0 13,13 0.001 0 1 14,14 0.001 1 0 27.0234 260 ::f,0,3 f,1,15 f,12,0 f,14,12 
102:2,2 0.001 1 0 3,1 0.001 0 1 3,2 0.002 1 0 0.02 50 2,13 0.001 -1 0 1,12 0.001 1 -1 2,14 0.001 0 -1 34.0162 230 14,2 0.001 1 0 13,2 0.001 1 0 14,1 0.001 -1 -1 42.0187 305 14,13 0.001 -1 0 13,14 0.001 0 1 14,14 0.001 1 0 27.0244 260 ::f,0,3 f,1,15 f,12,0 f,14,12 
103:2,2 0.001 1 0 3,1 0.001 1 1 3,2 0.002 1 0 0.02 50 1,13 0.001 -1 0 1,12 0.001 1 -1 2,14 0.001 0 -1 34.0172 230 14,2 0.001 1 0 13,2 0.001 1 0 14,1 0.001 -1 -1 42.0187 305 14,13 0.001 -1 0 13,14 0.001 0 1 14,14 0.001 1 -1 27.0244 260 ::f,0,3 f,1,15 f,12,0 f,14,12 
104:2,2 0.001 1 -1 3,1 0.001 1 0 3,2 0.002 1 0 0.02 50 1,13 0.001 -1 0 1,12 0.001 1 -1 2,14 0.001 -1 -1 34.0172 230 14,2 0.001 1 -1 13,2 0.001 1 -1 14,1 0.001 -1 0 42.0187 305 14,13 0.001 -1 1 13,14 0.001 1 1 14,14 0.001 1 -1 27.0244 260 ::f,0,3 f,1,15 f,12,0 f,14,12 
105:2,2 0.001 1 -1 3,1 0.001 1 -1 3,2 0.002 1 0 0.02 50 1,13 0.001 -1 1 1,12 0.001 1 -1 2,14 0.001 -1 -1 34.0172 230 14,2 0.001 1 -1 13,2 0.001 1 -1 13,1 0.001 -1 0 42.0197 305 14,13 0.001 -1 1 13,14 0.001 1 1 14,14 0.001 0 -1 27.0244 260 ::f,0,3 f,1,15 f,12,0 f,14,12 
106:2,2 0.001 0 -1 3,1 0.001 0 -1 3,2 0.002 1 0 0.02 50 1,13 0.001 -1 1 1,12 0.001 1 -1 2,14 0.001 -1 0 34.0172 230 14,2 0.001 0 -1 13,2 0.001 0 -1 13,1 0.001 -1 0 42.0197 305 14,13 0.001 0 1 13,14 0.001 1 0 14,14 0.001 0 -1 27.0244 260 ::f,0,3 f,1,15 f,12,0 f,14,12 
107:2,1 0.001 0 -1 3,1 0.001 -1 -1 3,2 0.002 1 0 0.021 50 1,13 0.001 0 1 1,12 0.001 1 -1 2,14 0.001 -1 0 34.0172 230 14,1 0.001 0 -1 13,2 0.001 0 -1 13,1 0.001 -1 1 42.0207 305 14,13 0.001 0 1 13,14 0.001 1 0 14,14 0.001 0 -1 27.0244 260 ::f,0,3 f,1,15 f,12,0 f,14,12 
108:2,1 0.001 0 -1 3,1 0.001 -1 0 3,2 0.002 1 0 0.021 50 1,14 0.001 0 1 1,12 0.001 1 -1 2,14 0.001 -1 1 34.0182 230 14,1 0.001 0 -1 13,2 0.001 -1 -1 13,1 0.001 -1 1 42.0207 305 14,13 0.001 1 1 13,14 0.001 1 0 14,14 0.001 -1 -1 27.0244 260 ::f,0,3 f,1,15 f,12,0 f,14,12 
109:2,1 0.001 -1 -1 3,1 0.001 -1 1 3,2 0.002 1 0 0.021 50 1,14 0.001 0 1 1,12 0.001 1 -1 2,14 0.001 -1 1 42.0183 245 14,1 0.001 -1 -1 13,2 0.001 -1 -1 13,1 0.001 0 1 42.0207 305 14,13 0.001 1 1 13,14 0.001 1 -1 14,14 0.001 -1 -1 27.0244 260 ::f,0,3 f,3,15 f,12,0 f,14,12 
110:2,1 0.001 -1 -1 3,1 0.001 0 1 3,2 0.002 1 0 0.021 50 1,14 0.001 1 1 1,12 0.001 1 -1 2,14 0.001 0 1 42.0183 245 14,1 0.001 -1 -1 13,2 0.001 -1 0 13,1 0.001 0 1 42.0207 305 14,13 0.001 1 0 13,14 0.001 1 -1 14,14 0.001 -1 0 27.0244 260 ::f,0,3 f,3,15 f,12,0 f,14,12 
111:2,1 0.001 -1 0 3,1 0.001 1 1 3,2 0.002 1 0 0.021 50 1,14 0.001 1 1 1,12 0.001 1 -1 2,14 0.001 0 1 42.0183 245 14,1 0.001 -1 0 13,2 0.001 -1 0 13,1 0.001 0 1 42.0207 305 14,13 0.001 1 0 13,14 0.001 0 -1 14,14 0.001 -1 0 27.0244 260 ::f,0,3 f,3,15 f,12,0 f,14,12 
112:1,1 0.001 -1 0 3,1 0.001 1 0 3,2 0.002 1 0 0.022 50 1,14 0.001 1 0 1,12 0.001 1 -1 2,14 0.001 1 1 42.0183 245 14,1 0.001 -1 0 13,2 0.001 -1 1 13,1 0.001 1 1 42.0207 305 14,13 0.001 1 -1 13,14 0.001 0 -1 14,14 0.001 -1 1 27.0244 260 ::f,0,3 f,3,15 f,12,0 f,14,12 
113:1,1 0.001 -1 0 3,1 0.001 1 -1 3,2 0.002 1 0 0.022 50 1,14 0.001 1 0 1,12 0.001 1 -1 2,14 0.001 1 1 46.0184 260 14,1 0.001 -1 0 13,2 0.001 -1 1 13,1 0.001 1 1 42.0207 305 14,13 0.001 1 -1 13,14 0.001 -1 -1 14,14 0.001 -1 1 27.0244 260 ::f,0,3 f,3,14 f,12,0 f,14,12 
114:1,1 0.001 -1 1 3,1 0.001 0 -1 3,2 0.002 1 0 0.022 50 1,14 0.001 1 0 1,12 0.001 1 -1 2,14 0.001 1 0 46.0184 260 14,1 0.001 -1 1 13,2 0.001 0 1 13,1 0.001 1 0 42.0207 305 14,13 0.001 0 -1 13,14 0.001 -1 -1 14,14 0.001 0 1 27.0244 260 ::f,0,3 f,3,14 f,12,0 f,14,12 
115:1,1 0.001 -1 1 3,1 0.001 -1 -1 3,2 0.002 1 0 0.022 50 1,14 0.001 1 0 1,12 0.001 1 -1 2,14 0.001 1 0 51.0185 275 14,1 0.001 -1 1 13,2 0.001 0 1 13,1 0.001 1 0 42.0207 305 14,13 0.001 0 -1 13,14 0.001 -1 0 14,14 0.001 0 1 31.0245 275 ::f,0,3 f,3,14 f,12,0 f,12,12 
116:1,1 0.001 0 1 3,1 0.001 -1 0 3,2 0.002 1 0 0.022 50 1,14 0.001 1 -1 1,12 0.001 1 -1 2,14 0.001 1 -1 51.0185 275 14,1 0.001 0 1 13,2 0.001 1 1 13,1 0.001 1 -1 42.0207 305 14,13 0.001 -1 -1 13,14 0.001 -1 0 14,14 0.001 1 1 31.0245 275 ::f,0,3 f,3,14 f,12,0 f,12,12 
117:1,2 0.001 0 1 3,1 0.001 -1 1 3,2 0.002 1 0 0.023 50 1,14 0.001 1 -1 1,12 0.001 1 -1 2,14 0.001 1 -1 51.0185 275 14,1 0.001 0 1 13,2 0.001 1 1 13,1 0.001 1 -1 42.0207 305 14,13 0.001 -1 -1 13,14 0.001 -1 1 14,14 0.001 1 1 31.0245 275 ::f,0,3 f,3,14 f,12,0 f,12,12 
118:1,2 0.001 0 1 3,1 0.001 0 1 3,2 0.002 1 0 0.023 50 1,14 0.001 0 -1 1,12 0.001 1 -1 2,14 0.001 0 -1 51.0185 275 14,1 0.001 1 1 13,2 0.001 1 0 13,1 0.001 0 -1 42.0207 305 14,13 0.001 -1 0 13,14 0.001 -1 1 14,14 0.001 1 0 31.0245 275 ::f,0,3 f,3,14 f,12,0 f,12,12 
119:1,2 0.001 1 1 3,1 0.001 1 1 3,2 0.002 1 0 0.023 50 1,13 0.001 0 -1 1,12 0.001 1 -1 2,13 0.001 0 -1 51.0205 275 14,1 0.001 1 1 14,2 0.001 1 0 13,1 0.001 0 -1 42.0217 305 13,13 0.001 -1 0 13,14 0.001 0 1 14,14 0.001 1 0 31.0255 275 ::f,0,3 f,3,14 f,12,0 f,12,12 
120:1,2 0.001 1 1 3,1 0.001 1 0 3,2 0.002 1 0 0.023 50 1,13 0.001 0 -1 1,12 0.001 1 -1 2,13 0.001 0 -1 51.0205 275 14,1 0.001 1 0 14,2 0.001 1 0 13,1 0.001 -1 -1 42.0217 305 13,13 0.001 -1 0 13,14 0.001 0 1 14,14 0.001 1 -1 31.0255 275 ::f,0,3 f,3,14 f,12,0 f,12,12 
121:1,2 0.001 1 0 3,1 0.001 1 -1 3,2 0.002 1 0 0.023 50 1,13 0.001 -1 -1 1,12 0.001 1 -1 2,13 0.001 -1 -1 51.0205 275 14,1 0.001 1 0 14,2 0.001 1 -1 13,1 0.001 -1 -1 46.0218 320 13,13 0.001 -1 1 13,14 0.001 1 1 14,14 0.001 1 -1 31.0255 275 ::f,0,3 f,3,14 f,12,0 f,12,12 
122:2,2 0.001 1 0 3,1 0.001 0 -1 3,2 0.002 1 0 0.024 50 1,13 0.001 -1 -1 1,12 0.001 1 -1 2,13 0.001 -1 -1 51.0205 275 14,1 0.001 1 -1 14,2 0.001 1 -1 13,1 0.001 -1 0 46.0218 320 13,13 0.001 -1 1 13,14 0.001 1 1 14,14 0.001 0 -1 31.0255 275 ::f,0,3 f,3,14 f,12,0 f,12,12 
123:2,2 0.001 1 0 3,1 0.001 -1 -1 3,2 0.002 1 0 0.024 50 1,13 0.001 -1 0 1,12 0.001 1 -1 2,13 0.001 -1 0 51.0205 275 14,1 0.001 1 -1 14,2 0.001 0 -1 13,1 0.001 -1 0 46.0218 320 13,13 0.001 0 1 13,14 0.001 1 0 14,13 0.001 0 -1 31.0265 275 ::f,0,3 f,3,14 f,12,0 f,12,12 
124:2,2 0.001 1 -1 3,1 0.001 -1 0 3,2 0.002 1 0 0.024 50 1,13 0.001 -1 0 1,12 0.001 1 -1 2,13 0.001 -1 0 51.0205 275 14,1 0.001 0 -1 14,2 0.001 0 -1 13,1 0.001 -1 1 46.0218 320 13,13 0.001 0 1 14,14 0.001 1 0 14,13 0.001 0 -1 31.0275 275 ::f,0,3 f,3,14 f,12,0 f,12,12 
125:2,2 0.001 1 -1 3,1 0.001 -1 1 3,2 0.002 1 0 0.024 50 1,13 0.001 -1 1 1,12 0.001 1 -1 2,13 0.001 -1 0 51.0205 275 14,1 0.001 0 -1 14,2 0.001 0 -1 13,1 0.001 -1 1 46.0218 320 13,13 0.001 0 1 14,14 0.001 1 0 14,13 0.001 -1 -1 31.0275 275 ::f,0,3 f,3,14 f,12,0 f,12,12 
126:2,2 0.001 0 -1 3,1 0.001 0 1 3,2 0.002 1 0 0.024 50 1,13 0.001 -1 1 1,12 0.001 1 -1 2,13 0.001 -1 1 51.0205 275 14,1 0.001 -1 -1 14,2 0.001 -1 -1 13,1 0.001 0 1 46.0218 320 13,13 0.001 1 1 14,14 0.001 1 -1 14,13 0.001 -1 -1 31.0275 275 ::f,0,3 f,3,14 f,12,0 f,12,12 
127:2,1 0.001 0 -1 3,1 0.001 1 1 3,2 0.002 1 0 0.025 50 1,13 0.001 0 1 1,12 0.001 1 -1 2,13 0.001 -1 1 51.0205 275 14,1 0.001 -1 -1 14,2 0.001 -1 -1 13,2 0.001 0 1 46.0228 320 13,13 0.001 1 1 14,14 0.001 1 -1 14,13 0.001 -1 0 31.0275 275 ::f,0,3 f,3,14 f,12,0 f,12,12 
128:2,1 0.001 0 -1 3,1 0.001 1 0 3,2 0.002 1 0 0.025 50 1,14 0.001 0 1 1,12 0.001 1 -1 2,13 0.001 0 1 51.0215 275 14,1 0.001 -1 0 14,2 0.001 -1 -1 13,2 0.001 0 1 46.0228 320 13,13 0.001 1 0 14,14 0.001 0 -1 14,13 0.001 -1 0 31.0275 275 ::f,0,3 f,3,14 f,12,0 f,12,12 
129:2,1 0.001 -1 -1 3,1 0.001 1 -1 3,2 0.002 1 0 0.025 50 1,14 0.001 0 1 1,12 0.001 1 -1 2,13 0.001 0 1 51.0215 275 13,1 0.001 -1 0 14,2 0.001 -1 0 13,2 0.001 1 1 46.0238 320 13,13 0.001 1 0 14,14 0.001 0 -1 14,13 0.001 -1 0 31.0275 275 ::f,0,3 f,3,14 f,12,0 f,12,12 
130:2,1 0.001 -1 -1 3,1 0.001 0 -1 3,2 0.002 1 0 0.025 50 1,14 0.001 1 1 1,12 0.001 1 -1 2,13 0.001 1 1 51.0215 275 13,1 0.001 -1 0 14,2 0.001 -1 0 13,2 0.001 1 1 46.0238 320 13,13 0.001 1 -1 14,14 0.001 0 -1 14,13 0.001 -1 1 31.0275 275 ::f,0,3 f,3,14 f,12,0 f,12,12 
131:2,1 0.001 -1 0 3,1 0.001 -1 -1 3,2 0.002 1 0 0.025 50 1,14 0.001 1 1 1,12 0.001 1 -1 2,13 0.001 1 1 57.0216 290 13,1 0.001 -1 1 14,2 0.001 -1 1 13,2 0.001 1 0 46.0238 320 13,13 0.001 1 -1 14,14 0.001 -1 -1 14,13 0.001 -1 1 31.0275 275 ::f,0,3 f,2,15 f,12,0 f,12,12 
132:1,1 0.001 -1 0 3,1 0.001 -1 0 3,2 0.002 1 0 0.026 50 1,14 0.001 1 0 1,12 0.001 1 -1 2,13 0.001 1 0 57.0216 290 13,1 0.001 -1 1 14,2 0.001 -1 1 13,2 0.001 1 0 46.0238 320 13,13 0.001 0 -1 14,14 0.001 -1 -1 14,13 0.001 0 1 31.0275 275 ::f,0,3 f,2,15 f,12,0 f,12,12 
133:1,1 0.001 -1 0 3,1 0.001 -1 1 3,2 0.002 1 0 0.026 50 2,14 0.001 1 0 1,12 0.001 1 -1 2,13 0.001 1 0 57.0226 290 13,1 0.001 0 1 14,2 0.001 0 1 13,2 0.001 1 0 46.0238 320 13,13 0.001 0 -1 14,14 0.001 -1 -1 14,13 0.001 0 1 31.0275 275 ::f,0,3 f,2,15 f,12,0 f,12,12 
134:1,1 0.001 -1 1 3,1 0.001 0 1 3,2 0.002 1 0 0.026 50 2,14 0.001 1 0 1,12 0.001 1 -1 2,13 0.001 1 -1 57.0226 290 13,1 0.001 0 1 14,2 0.001 0 1 13,2 0.001 1 -1 46.0238 320 13,13 0.001 -1 -1 14,14 0.001 -1 0 14,13 0.001 1 1 31.0275 275 ::f,0,3 f,2,15 f,12,0 f,12,12 
135:1,1 0.001 -1 1 3,1 0.001 1 1 3,2 0.002 1 0 0.026 50 2,14 0.001 1 -1 1,12 0.001 1 -1 2,13 0.001 1 -1 57.0226 290 13,1 0.001 0 1 14,2 0.001 1 1 13,2 0.001 1 -1 46.0238 320 13,13 0.001 -1 -1 14,14 0.001 -1 0 14,13 0.001 1 1 36.0276 290 ::f,0,3 f,2,15 f,12,0 f,13,12 
136:1,1 0.001 0 1 3,1 0.001 1 0 3,2 0.002 1 0 0.026 50 2,14 0.001 1 -1 1,12 0.001 1 -1 2,13 0.001 0 -1 57.0226 290 13,1 0.001 1 1 14,2 0.001 1 1 13,2 0.001 0 -1 46.0238 320 13,13 0.001 -1 0 14,14 0.001 -1 1 14,13 0.001 1 0 36.0276 290 ::f,0,3 f,2,15 f,12,0 f,13,12 
137:1,2 0.001 0 1 3,1 0.001 1 -1 3,2 0.002 1 0 0.027 50 2,14 0.001 0 -1 1,12 0.001 1 -1 2,13 0.001 0 -1 57.0226 290 13,1 0.001 1 1 14,2 0.001 1 0 13,2 0.001 0 -1 46.0238 320 13,13 0.001 -1 0 14,14 0.001 -1 1 14,13 0.001 1 0 36.0276 290 ::f,0,3 f,2,15 f,12,0 f,13,12 
138:1,2 0.001 0 1 3,1 0.001 0 -1 3,2 0.002 1 0 0.027 50 2,14 0.001 0 -1 1,12 0.001 1 -1 2,13 0.001 -1 -1 57.0226 290 13,1 0.001 1 0 14,2 0.001 1 0 13,2 0.001 -1 -1 46.0238 320 13,13 0.001 -1 1 14,14 0.001 0 1 14,13 0.001 1 -1 36.0276 290 ::f,0,3 f,2,15 f,12,0 f,13,12 
139:1,2 0.001 1 1 3,1 0.001 -1 -1 3,2 0.002 1 0 0.027 50 2,14 0.001 0 -1 1,12 0.001 1 -1 2,13 0.001 -1 -1 57.0226 290 13,1 0.001 1 0 14,2 0.001 1 -1 13,2 0.001 -1 -1 46.0238 320 13,13 0.001 -1 1 14,14 0.001 0 1 14,13 0.001 1 -1 36.0276 290 ::f,0,3 f,2,15 f,12,0 f,13,12 
140:1,2 0.001 1 1 3,1 0.001 -1 0 3,2 0.002 1 0 0.027 50 2,14 0.001 -1 -1 1,12 0.001 1 -1 2,13 0.001 -1 0 57.0226 290 13,1 0.001 1 -1 14,2 0.001 1 -1 13,2 0.001 -1 0 46.0238 320 13,13 0.001 0 1 14,14 0.001 1 1 14,13 0.001 0 -1 36.0276 290 ::f,0,3 f,2,15 f,12,0 f,13,12 
141:1,2 0.001 1 0 3,1 0.001 -1 1 3,2 0.002 1 0 0.027 50 2,14 0.001 -1 -1 1,12 0.001 1 -1 1,13 0.001 -1 0 57.0236 290 13,1 0.001 1 -1 14,2 0.001 0 -1 13,2 0.001 -1 0 46.0238 320 13,14 0.001 0 1 14,14 0.001 1 1 14,13 0.001 0 -1 36.0286 290 ::f,0,3 f,2,15 f,12,0 f,13,12 
142:2,2 0.001 1 0 3,1 0.001 0 1 3,2 0.002 1 0 0.028 50 2,14 0.001 -1 0 1,12 0.001 1 -1 1,13 0.001 -1 0 57.0236 290 13,1 0.001 0 -1 14,1 0.001 0 -1 13,2 0.001 -1 1 46.0248 320 13,14 0.001 0 1 14,14 0.001 1 0 14,13 0.001 -1 -1 36.0286 290 ::f,0,3 f,2,15 f,12,0 f,13,12 
143:2,2 0.001 1 0 3,1 0.001 1 1 3,2 0.002 1 0 0.028 50 2,14 0.001 -1 0 1,12 0.001 1 -1 1,13 0.001 -1 1 57.0236 290 13,1 0.001 0 -1 14,1 0.001 0 -1 13,2 0.001 -1 1 46.0248 320 13,14 0.001 1 1 14,14 0.001 1 0 14,13 0.001 -1 -1 40.0287 305 ::f,0,3 f,2,15 f,12,0 f,14,12 
144:2,2 0.001 1 -1 3,1 0.001 1 0 3,2 0.002 1 0 0.028 50 2,14 0.001 -1 1 1,12 0.001 1 -1 1,13 0.001 -1 1 57.0236 290 13,1 0.001 -1 -1 14,1 0.001 -1 -1 13,2 0.001 0 1 46.0248 320 13,14 0.001 1 1 14,14 0.001 1 -1 14,13 0.001 -1 0 40.0287 305 ::f,0,3 f,2,15 f,12,0 f,14,12 
145:2,2 0.001 1 -1 3,1 0.001 1 -1 3,2 0.002 1 0 0.028 50 2,14 0.001 -1 1 1,12 0.001 1 -1 1,13 0.001 0 1 57.0236 290 13,1 0.001 -1 -1 14,1 0.001 -1 -1 13,2 0.001 0 1 53.0249 335 13,14 0.001 1 0 14,14 0.001 1 -1 13,13 0.001 -1 0 40.0297 305 ::f,0,3 f,2,15 f,12,2 f,14,12 
146:2,2 0.001 0 -1 3,1 0.001 0 -1 3,2 0.002 1 0 0.028 50 2,14 0.001 0 1 1,12 0.001 1 -1 1,14 0.001 0 1 57.0246 290 13,1 0.001 -1 0 14,1 0.001 -1 0 13,2 0.001 1 1 53.0249 335 13,14 0.001 1 0 14,14 0.001 0 -1 13,13 0.001 -1 0 40.0297 305 ::f,0,3 f,2,15 f,12,2 f,14,12 
147:2,1 0.001 0 -1 3,1 0.001 -1 -1 3,2 0.002 1 0 0.029 50 2,14 0.001 0 1 1,12 0.001 1 -1 1,14 0.001 0 1 66.0247 305 13,1 0.001 -1 0 14,1 0.001 -1 0 13,2 0.001 1 1 53.0249 335 13,14 0.001 1 0 14,13 0.001 0 -1 13,13 0.001 -1 1 40.0307 305 ::f,0,3 f,0,13 f,12,2 f,14,12 
148:2,1 0.001 0 -1 3,1 0.001 -1 0 3,2 0.002 1 0 0.029 50 2,14 0.001 1 1 1,12 0.001 1 -1 1,14 0.001 1 1 66.0247 305 13,1 0.001 -1 1 14,1 0.001 -1 0 13,2 0.001 1 0 53.0249 335 13,14 0.001 1 -1 14,13 0.001 0 -1 13,13 0.001 -1 1 46.0308 320 ::f,0,3 f,0,13 f,12,2 f,15,13 
149:2,1 0.001 -1 -1 3,1 0.001 -1 1 3,2 0.002 1 0 0.029 50 2,14 0.001 1 1 1,12 0.001 1 -1 1,14 0.001 1 1 66.0247 305 13,1 0.001 -1 1 14,1 0.001 -1 1 14,2 0.001 1 0 61.026 350 13,14 0.001 1 -1 14,13 0.001 -1 -1 13,13 0.001 0 1 46.0308 320 ::f,0,3 f,0,13 f,12,2 f,15,13 
150:2,1 0.001 -1 -1 3,1 0.001 0 1 3,2 0.002 1 0 0.029 50 2,14 0.001 1 0 1,12 0.001 1 -1 1,14 0.001 1 0 66.0247 305 13,1 0.001 0 1 14,1 0.001 -1 1 14,2 0.001 1 0 61.026 350 13,14 0.001 0 -1 14,13 0.001 -1 -1 13,13 0.001 0 1 46.0308 320 ::f,0,3 f,0,13 f,12,2 f,15,13 
151:2,1 0.001 -1 0 3,1 0.001 1 1 3,2 0.002 1 0 0.029 50 2,14 0.001 1 0 1,12 0.001 1 -1 1,14 0.001 1 0 66.0247 305 13,2 0.001 0 1 14,1 0.001 0 1 14,2 0.001 1 -1 61.027 350 13,14 0.001 0 -1 14,13 0.001 -1 0 13,13 0.001 0 1 46.0308 320 ::f,0,3 f,0,13 f,12,2 f,15,13 
152:1,1 0.001 -1 0 3,1 0.001 1 0 3,2 0.002 1 0 0.03 50 2,14 0.001 1 -1 1,12 0.001 1 -1 1,14 0.001 1 0 66.0247 305 13,2 0.001 0 1 14,1 0.001 0 1 14,2 0.001 1 -1 61.027 350 13,14 0.001 -1 -1 14,13 0.001 -1 0 13,13 0.001 1 1 46.0308 320 ::f,0,3 f,0,13 f,12,2 f,15,13 
153:1,1 0.001 -1 0 3,1 0.001 1 -1 3,2 0.002 1 0 0.03 50 2,14 0.001 1 -1 1,12 0.001 1 -1 1,14 0.001 1 -1 66.0247 305 13,2 0.001 1 1 14,1 0.001 1 1 14,2 0.001 0 -1 61.027 350 13,14 0.001 -1 -1 14,13 0.001 -1 0 13,13 0.001 1 1 46.0308 320 ::f,0,3 f,0,13 f,12,2 f,15,13 
154:1,1 0.001 -1 1 3,1 0.001 0 -1 3,2 0.002 1 0 0.03 50 2,14 0.001 0 -1 1,12 0.001 1 -1 1,14 0.001 1 -1 66.0247 305 13,2 0.001 1 1 14,1 0.001 1 1 14,2 0.001 0 -1 61.027 350 13,14 0.001 -1 0 14,13 0.001 -1 1 13,13 0.001 1 0 46.0308 320 ::f,0,3 f,0,13 f,12,2 f,15,13 
155:1,1 0.001 -1 1 3,1 0.001 -1 -1 3,2 0.002 1 0 0.03 50 2,13 0.001 0 -1 1,12 0.001 1 -1 1,14 0.001 0 -1 66.0257 305 13,2 0.001 1 0 14,1 0.001 1 0 14,2 0.001 0 -1 61.027 350 13,14 0.001 -1 0 14,13 0.001 -1 1 13,13 0.001 1 0 46.0308 320 ::f,0,3 f,0,13 f,12,2 f,15,13 
156:1,1 0.001 0 1 3,1 0.001 -1 0 3,2 0.002 1 0 0.03 50 2,13 0.001 0 -1 1,12 0.001 1 -1 1,13 0.001 0 -1 66.0267 305 13,2 0.001 1 0 14,1 0.001 1 0 14,2 0.001 -1 -1 61.027 350 13,14 0.001 -1 1 14,13 0.001 0 1 13,13 0.001 1 0 46.0308 320 ::f,0,3 f,0,13 f,12,2 f,15,13 
157:1,2 0.001 0 1 3,1 0.001 -1 1 3,2 0.002 1 0 0.031 50 2,13 0.001 -1 -1 1,12 0.001 1 -1 1,13 0.001 0 -1 66.0267 305 13,2 0.001 1 0 14,1 0.001 1 -1 14,2 0.001 -1 -1 61.027 350 13,14 0.001 -1 1 14,13 0.001 0 1 13,13 0.001 1 -1 46.0308 320 ::f,0,3 f,0,13 f,12,2 f,15,13 
158:1,2 0.001 0 1 3,1 0.001 0 1 3,2 0.002 1 0 0.031 50 2,13 0.001 -1 -1 1,12 0.001 1 -1 1,13 0.001 -1 -1 66.0267 305 13,2 0.001 1 -1 14,1 0.001 1 -1 14,2 0.001 -1 0 61.027 350 13,14 0.001 0 1 14,13 0.001 1 1 13,13 0.001 1 -1 46.0308 320 ::f,0,3 f,0,13 f,12,2 f,15,13 
159:1,2 0.001 1 1 3,1 0.001 1 1 3,2 0.002 1 0 0.031 50 2,13 0.001 -1 0 1,12 0.001 1 -1 1,13 0.001 -1 -1 66.0267 305 13,2 0.001 1 -1 14,1 0.001 0 -1 14,2 0.001 -1 0 61.027 350 13,14 0.001 0 1 14,13 0.001 1 1 13,13 0.001 0 -1 46.0308 320 ::f,0,3 f,0,13 f,12,2 f,15,13 
160:1,2 0.001 1 1 3,1 0.001 1 0 3,2 0.002 1 0 0.031 50 2,13 0.001 -1 0 1,12 0.001 1 -1 1,13 0.001 -1 0 66.0267 305 13,2 0.001 0 -1 14,1 0.001 0 -1 14,2 0.001 -1 0 61.027 350 13,14 0.001 1 1 14,13 0.001 1 0 13,13 0.001 0 -1 46.0308 320 ::f,0,3 f,0,13 f,12,2 f,15,13 
161:1,2 0.001 1 0 3,1 0.001 1 -1 3,2 0.002 1 0 0.031 50 2,13 0.001 -1 0 1,12 0.001 1 -1 1,13 0.001 -1 0 73.0268 320 13,2 0.001 0 -1 14,1 0.001 -1 -1 14,2 0.001 -1 1 61.027 350 13,14 0.001 1 1 14,13 0.001 1 0 13,13 0.001 -1 -1 53.0309 335 ::f,0,3 f,1,15 f,12,2 f,12,13 
162:2,2 0.001 1 0 3,1 0.001 0 -1 3,2 0.002 1 0 0.032 50 2,13 0.001 -1 1 1,12 0.001 1 -1 1,13 0.001 -1 1 73.0268 320 13,2 0.001 -1 -1 14,1 0.001 -1 -1 14,2 0.001 -1 1 61.027 350 13,14 0.001 1 0 14,13 0.001 1 -1 13,13 0.001 -1 -1 53.0309 335 ::f,0,3 f,1,15 f,12,2 f,12,13 
163:2,2 0.001 1 0 3,1 0.001 -1 -1 3,2 0.002 1 0 0.032 50 2,13 0.001 0 1 1,12 0.001 1 -1 1,13 0.001 -1 1 73.0268 320 13,2 0.001 -1 -1 14,1 0.001 -1 0 14,2 0.001 0 1 61.027 350 14,14 0.001 1 0 14,13 0.001 1 -1 13,13 0.001 -1 0 53.0319 335 ::f,0,3 f,1,15 f,12,2 f,12,13 
164:2,2 0.001 1 -1 3,1 0.001 -1 0 3,2 0.002 1 0 0.032 50 2,13 0.001 0 1 1,12 0.001 1 -1 1,13 0.001 0 1 73.0268 320 13,2 0.001 -1 0 13,1 0.001 -1 0 14,2 0.001 0 1 61.028 350 14,14 0.001 1 0 14,13 0.001 0 -1 13,13 0.001 -1 0 58.032 350 ::f,0,3 f,1,15 f,12,2 f,14,12 
165:2,2 0.001 1 -1 3,1 0.001 -1 1 3,2 0.002 1 0 0.032 50 2,13 0.001 1 1 1,12 0.001 1 -1 1,14 0.001 0 1 73.0278 320 13,2 0.001 -1 0 13,1 0.001 -1 0 14,2 0.001 1 1 70.0281 365 14,14 0.001 1 -1 14,13 0.001 0 -1 13,13 0.001 -1 1 66.0321 365 ::f,0,3 f,1,15 f,13,15 f,15,0 
166:2,2 0.001 0 -1 3,1 0.001 0 1 3,2 0.002 1 0 0.032 50 2,13 0.001 1 1 1,12 0.001 1 -1 1,14 0.001 0 1 81.0279 335 13,2 0.001 -1 1 13,1 0.001 -1 1 14,2 0.001 1 1 70.0281 365 14,14 0.001 1 -1 14,13 0.001 -1 -1 13,13 0.001 -1 1 66.0321 365 ::f,0,3 f,3,12 f,13,15 f,15,0 
167:2,1 0.001 0 -1 3,1 0.001 1 1 3,2 0.002 1 0 0.033 50 2,13 0.001 1 0 1,12 0.001 1 -1 1,14 0.001 1 1 81.0279 335 13,2 0.001 -1 1 13,1 0.001 -1 1 14,2 0.001 1 0 70.0281 365 14,14 0.001 0 -1 14,13 0.001 -1 -1 13,13 0.001 0 1 66.0321 365 ::f,0,3 f,3,12 f,13,15 f,15,0 
168:2,1 0.001 0 -1 3,1 0.001 1 0 3,2 0.002 1 0 0.033 50 2,13 0.001 1 0 1,12 0.001 1 -1 1,14 0.001 1 1 81.0279 335 13,2 0.001 0 1 13,1 0.001 0 1 14,2 0.001 1 0 70.0281 365 14,14 0.001 0 -1 14,13 0.001 -1 0 13,14 0.001 0 1 66.0331 365 ::f,0,3 f,3,12 f,13,15 f,15,0 
169:2,1 0.001 -1 -1 3,1 0.001 1 -1 3,2 0.002 1 0 0.033 50 2,13 0.001 1 -1 1,12 0.001 1 -1 1,14 0.001 1 0 81.0279 335 13,2 0.001 0 1 13,1 0.001 0 1 14,2 0.001 1 -1 70.0281 365 14,14 0.001 0 -1 13,13 0.001 -1 0 13,14 0.001 0 1 72.0342 380 ::f,0,3 f,3,12 f,13,15 f,15,0 
170:2,1 0.001 -1 -1 3,1 0.001 0 -1 3,2 0.002 1 0 0.033 50 2,13 0.001 1 -1 1,12 0.001 1 -1 2,14 0.001 1 0 91.029 350 13,2 0.001 1 1 13,1 0.001 0 1 14,2 0.001 1 -1 70.0281 365 14,14 0.001 -1 -1 13,13 0.001 -1 0 13,14 0.001 1 1 72.0342 380 ::f,0,3 f,2,15 f,13,15 f,15,0 
171:2,1 0.001 -1 0 3,1 0.001 -1 -1 3,2 0.002 1 0 0.033 50 2,13 0.001 0 -1 1,12 0.001 1 -1 2,14 0.001 1 0 91.029 350 13,2 0.001 1 1 13,1 0.001 1 1 14,2 0.001 0 -1 70.0281 365 14,14 0.001 -1 -1 13,13 0.001 -1 1 13,14 0.001 1 1 72.0342 380 ::f,0,3 f,2,15 f,13,15 f,15,0 
172:1,1 0.001 -1 0 3,1 0.001 -1 0 3,2 0.002 1 0 0.034 50 2,13 0.001 0 -1 1,12 0.001 1 -1 2,14 0.001 1 -1 91.029 350 13,2 0.001 1 0 13,1 0.001 1 1 14,1 0.001 0 -1 70.0291 365 14,14 0.001 -1 0 13,13 0.001 -1 1 13,14 0.001 1 0 72.0342 380 ::f,0,3 f,2,15 f,13,15 f,15,0 
173:1,1 0.001 -1 0 3,1 0.001 -1 1 3,2 0.002 1 0 0.034 50 2,13 0.001 -1 -1 1,12 0.001 1 -1 2,14 0.001 1 -1 91.029 350 14,2 0.001 1 0 13,1 0.001 1 0 14,1 0.001 0 -1 70.0301 365 14,14 0.001 -1 0 13,13 0.001 0 1 13,14 0.001 1 0 72.0342 380 ::f,0,3 f,2,15 f,13,15 f,15,0 
174:1,1 0.001 -1 1 3,1 0.001 0 1 3,2 0.002 1 0 0.034 50 2,13 0.001 -1 -1 1,12 0.001 1 -1 2,14 0.001 0 -1 91.029 350 14,2 0.001 1 0 13,1 0.001 1 0 14,1 0.001 -1 -1 70.0301 365 14,14 0.001 -1 1 13,13 0.001 0 1 13,14 0.001 1 0 72.0342 380 ::f,0,3 f,2,15 f,13,15 f,15,0 
175:1,1 0.001 -1 1 3,1 0.001 1 1 3,2 0.002 1 0 0.034 50 2,13 0.001 -1 0 1,12 0.001 1 -1 2,14 0.001 0 -1 91.029 350 14,2 0.001 1 -1 13,1 0.001 1 -1 14,1 0.001 -1 -1 70.0301 365 14,14 0.001 -1 1 13,13 0.001 0 1 13,14 0.001 1 -1 78.0343 395 ::f,0,3 f,2,15 f,12,15 f,15,0 
176:1,1 0.001 0 1 3,1 0.001 1 0 3,2 0.002 1 0 0.034 50 1,13 0.001 -1 0 1,12 0.001 1 -1 2,14 0.001 0 -1 91.03 350 14,2 0.001 1 -1 13,1 0.001 1 -1 14,1 0.001 -1 0 70.0301 365 14,14 0.001 0 1 13,13 0.001 1 1 13,14 0.001 1 -1 78.0343 395 ::f,0,3 f,2,15 f,12,15 f,15,0 
177:1,2 0.001 0 1 3,1 0.001 1 -1 3,2 0.002 1 0 0.035 50 1,13 0.001 -1 0 1,12 0.001 1 -1 2,14 0.001 -1 -1 91.03 350 14,2 0.001 0 -1 13,1 0.001 0 -1 14,1 0.001 -1 0 70.0301 365 14,14 0.001 0 1 13,13 0.001 1 1 13,14 0.001 0 -1 78.0343 395 ::f,0,3 f,2,15 f,12,15 f,15,0 
178:1,2 0.001 0 1 3,1 0.001 0 -1 3,2 0.002 1 0 0.035 50 1,13 0.001 -1 1 1,12 0.001 1 -1 2,14 0.001 -1 -1 91.03 350 14,2 0.001 0 -1 13,1 0.001 0 -1 14,1 0.001 -1 0 70.0301 365 14,14 0.001 1 1 13,13 0.001 1 0 13,14 0.001 0 -1 78.0343 395 ::f,0,3 f,2,15 f,12,15 f,15,0 
179:1,2 0.001 1 1 3,1 0.001 -1 -1 3,2 0.002 1 0 0.035 50 1,13 0.001 -1 1 1,12 0.001 1 -1 2,14 0.001 -1 0 91.03 350 14,2 0.001 0 -1 13,1 0.001 -1 -1 14,1 0.001 -1 1 70.0301 365 14,14 0.001 1 1 13,13 0.001 1 0 13,14 0.001 -1 -1 78.0343 395 ::f,0,3 f,2,15 f,12,15 f,15,0 
180:1,2 0.001 1 1 3,1 0.001 -1 0 3,2 0.002 1 0 0.035 50 1,13 0.001 0 1 1,12 0.001 1 -1 2,14 0.001 -1 0 91.03 350 14,2 0.001 -1 -1 13,1 0.001 -1 -1 14,1 0.001 -1 1 70.0301 365 14,14 0.001 1 0 13,13 0.001 1 -1 13,14 0.001 -1 -1 78.0343 395 ::f,0,3 f,2,15 f,12,15 f,15,0 
181:1,2 0.001 1 0 3,1 0.001 -1 1 3,2 0.002 1 0 0.035 50 1,14 0.001 0 1 1,12 0.001 1 -1 2,14 0.001 -1 1 91.031 350 14,2 0.001 -1 -1 13,1 0.001 -1 0 14,1 0.001 0 1 70.0301 365 14,14 0.001 1 0 13,13 0.001 1 -1 13,14 0.001 -1 0 78.0343 395 ::f,0,3 f,2,15 f,12,15 f,15,0 
182:2,2 0.001 1 0 3,1 0.001 0 1 3,2 0.002 1 0 0.036 50 1,14 0.001 0 1 1,12 0.001 1 -1 2,14 0.001 -1 1 91.031 350 14,2 0.001 -1 0 13,1 0.001 -1 0 14,1 0.001 0 1 70.0301 365 14,14 0.001 1 -1 13,13 0.001 0 -1 13,14 0.001 -1 0 78.0343 395 ::f,0,3 f,2,15 f,12,15 f,15,0 
183:2,2 0.001 1 0 3,1 0.001 1 1 3,2 0.002 1 0 0.036 50 1,14 0.001 1 1 1,12 0.001 1 -1 2,14 0.001 0 1 91.031 350 14,2 0.001 -1 0 13,1 0.001 -1 1 14,1 0.001 1 1 70.0301 365 14,14 0.001 1 -1 13,13 0.001 0 -1 13,14 0.001 -1 1 78.0343 395 ::f,0,3 f,2,15 f,12,15 f,15,0 
184:2,2 0.001 1 -1 3,1 0.001 1 0 3,2 0.002 1 0 0.036 50 1,14 0.001 1 1 1,12 0.001 1 -1 2,14 0.001 0 1 101.031 365 14,2 0.001 -1 1 13,1 0.001 -1 1 14,1 0.001 1 1 70.0301 365 14,14 0.001 0 -1 13,13 0.001 -1 -1 13,14 0.001 -1 1 85.0344 410 ::f,0,3 f,1,13 f,12,14 f,15,0 
185:2,2 0.001 1 -1 3,1 0.001 1 -1 3,2 0.002 1 0 0.036 50 1,14 0.001 1 0 1,12 0.001 1 -1 2,14 0.001 1 1 101.031 365 14,2 0.001 -1 1 13,1 0.001 0 1 14,1 0.001 1 0 70.0301 365 14,13 0.001 0 -1 13,13 0.001 -1 -1 13,14 0.001 0 1 85.0354 410 ::f,0,3 f,1,13 f,12,14 f,15,0 
186:2,2 0.001 0 -1 3,1 0.001 0 -1 3,2 0.002 1 0 0.036 50 1,14 0.001 1 0 1,12 0.001 1 -1 2,14 0.001 1 1 101.031 365 14,2 0.001 0 1 13,2 0.001 0 1 14,1 0.001 1 0 70.0311 365 14,13 0.001 0 -1 13,13 0.001 -1 0 13,14 0.001 0 1 85.0354 410 ::f,0,3 f,1,13 f,12,14 f,15,0 
187:2,1 0.001 0 -1 3,1 0.001 -1 -1 3,2 0.002 1 0 0.037 50 1,14 0.001 1 0 1,12 0.001 1 -1 2,14 0.001 1 0 101.031 365 14,2 0.001 0 1 13,2 0.001 0 1 14,1 0.001 1 -1 70.0311 365 14,13 0.001 -1 -1 13,13 0.001 -1 0 13,14 0.001 1 1 85.0354 410 ::f,0,3 f,1,13 f,12,14 f,15,0 
188:2,1 0.001 0 -1 3,1 0.001 -1 0 3,2 0.002 1 0 0.037 50 1,14 0.001 1 -1 1,12 0.001 1 -1 2,14 0.001 1 0 101.031 365 14,2 0.001 1 1 13,2 0.001 1 1 14,1 0.001 1 -1 75.0312 380 14,13 0.001 -1 -1 13,13 0.001 -1 1 13,14 0.001 1 1 85.0354 410 ::f,0,3 f,1,13 f,12,14 f,14,3 
189:2,1 0.001 -1 -1 3,1 0.001 -1 1 3,2 0.002 1 0 0.037 50 1,14 0.001 1 -1 1,12 0.001 1 -1 2,14 0.001 1 -1 101.031 365 14,2 0.001 1 1 13,2 0.001 1 1 14,1 0.001 0 -1 81.0313 395 14,13 0.001 -1 0 13,13 0.001 -1 1 13,14 0.001 1 0 94.0355 425 ::f,0,3 f,1,13 f,15,3 f,15,12 
190:2,1 0.001 -1 -1 3,1 0.001 0 1 3,2 0.002 1 0 0.037 50 1,14 0.001 0 -1 1,12 0.001 1 -1 2,14 0.001 1 -1 101.031 365 14,2 0.001 1 0 13,2 0.001 1 0 14,1 0.001 0 -1 81.0313 395 14,13 0.001 -1 0 13,13 0.001 0 1 14,14 0.001 1 0 94.0365 425 ::f,0,3 f,1,13 f,15,3 f,15,12 
191:2,1 0.001 -1 0 3,1 0.001 1 1 3,2 0.002 1 0 0.037 50 1,14 0.001 0 -1 1,12 0.001 1 -1 2,14 0.001 0 -1 101.031 365 14,2 0.001 1 0 13,2 0.001 1 0 14,1 0.001 -1 -1 81.0313 395 14,13 0.001 -1 0 13,14 0.001 0 1 14,14 0.001 1 0 94.0375 425 ::f,0,3 f,1,13 f,15,3 f,15,12 
192:1,1 0.001 -1 0 3,1 0.001 1 0 3,2 0.002 1 0 0.038 50 1,14 0.001 0 -1 1,12 0.001 1 -1 2,13 0.001 0 -1 111.032 380 14,2 0.001 1 -1 13,2 0.001 1 0 14,1 0.001 -1 -1 81.0313 395 14,13 0.001 -1 1 13,14 0.001 0 1 14,14 0.001 1 -1 94.0375 425 ::f,0,3 f,3,13 f,15,3 f,15,12 
193:1,1 0.001 -1 0 3,1 0.001 1 -1 3,2 0.002 1 0 0.038 50 1,14 0.001 -1 -1 1,12 0.001 1 -1 2,13 0.001 0 -1 111.032 380 14,2 0.001 1 -1 13,2 0.001 1 -1 14,1 0.001 -1 0 81.0313 395 14,13 0.001 -1 1 13,14 0.001 1 1 14,14 0.001 1 -1 94.0375 425 ::f,0,3 f,3,13 f,15,3 f,15,12 
194:1,1 0.001 -1 1 3,1 0.001 0 -1 3,2 0.002 1 0 0.038 50 1,14 0.001 -1 -1 1,12 0.001 1 -1 2,13 0.001 -1 -1 111.032 380 14,2 0.001 0 -1 13,2 0.001 1 -1 13,1 0.001 -1 0 81.0323 395 14,13 0.001 0 1 13,14 0.001 1 1 14,14 0.001 0 -1 94.0375 425 ::f,0,3 f,3,13 f,15,3 f,15,12 
195:1,1 0.001 -1 1 3,1 0.001 -1 -1 3,2 0.002 1 0 0.038 50 1,14 0.001 -1 0 1,12 0.001 1 -1 2,13 0.001 -1 -1 111.032 380 14,1 0.001 0 -1 13,2 0.001 0 -1 13,1 0.001 -1 0 81.0333 395 14,13 0.001 0 1 13,14 0.001 1 0 14,14 0.001 0 -1 94.0375 425 ::f,0,3 f,3,13 f,15,3 f,15,12 
196:1,1 0.001 0 1 3,1 0.001 -1 0 3,2 0.002 1 0 0.038 50 1,14 0.001 -1 0 1,12 0.001 1 -1 2,13 0.001 -1 0 111.032 380 14,1 0.001 0 -1 13,2 0.001 0 -1 13,1 0.001 -1 1 81.0333 395 14,13 0.001 1 1 13,14 0.001 1 0 14,14 0.001 0 -1 94.0375 425 ::f,0,3 f,3,13 f,15,3 f,15,12 
197:1,2 0.001 0 1 3,1 0.001 -1 1 3,2 0.002 1 0 0.039 50 1,14 0.001 -1 1 1,12 0.001 1 -1 1,13 0.001 -1 0 111.033 380 14,1 0.001 -1 -1 13,2 0.001 -1 -1 13,1 0.001 -1 1 81.0333 395 14,13 0.001 1 1 13,14 0.001 1 0 14,14 0.001 -1 -1 94.0375 425 ::f,0,3 f,3,13 f,15,3 f,15,12 
198:1,2 0.001 0 1 3,1 0.001 0 1 3,2 0.002 1 0 0.039 50 1,14 0.001 -1 1 1,12 0.001 1 -1 1,13 0.001 -1 0 111.033 380 14,1 0.001 -1 -1 13,2 0.001 -1 -1 13,1 0.001 0 1 81.0333 395 14,13 0.001 1 0 13,14 0.001 1 -1 14,14 0.001 -1 -1 94.0375 425 ::f,0,3 f,3,13 f,15,3 f,15,12 
199:1,2 0.001 1 1 3,1 0.001 1 1 3,2 0.002 1 0 0.039 50 1,14 0.001 0 1 1,12 0.001 1 -1 1,13 0.001 -1 1 111.033 380 14,1 0.001 -1 0 13,2 0.001 -1 0 13,1 0.001 0 1 81.0333 395 14,13 0.001 1 0 13,14 0.001 1 -1 14,14 0.001 -1 0 94.0375 425 ::f,0,3 f,3,13 f,15,3 f,15,12 
200:1,2 0.001 1 1 3,1 0.001 1 0 3,2 0.002 1 0 0.039 50 1,14 0.001 0 1 1,12 0.001 1 -1 1,13 0.001 -1 1 111.033 380 14,1 0.001 -1 0 13,2 0.001 -1 0 13,1 0.001 0 1 81.0333 395 14,13 0.001 1 -1 13,14 0.001 1 -1 14,14 0.001 -1 0 94.0375 425 ::f,0,3 f,3,13 f,15,3 f,15,12 
201:1,2 0.001 1 0 3,1 0.001 1 -1 3,2 0.002 1 0 0.039 50 1,14 0.001 1 1 1,12 0.001 1 -1 1,13 0.001 0 1 111.033 380 14,1 0.001 -1 0 13,2 0.001 -1 1 13,1 0.001 1 1 81.0333 395 14,13 0.001 1 -1 13,14 0.001 0 -1 14,14 0.001 -1 1 101.038 440 ::f,0,3 f,3,13 f,12,15 f,15,3 
202:2,2 0.001 1 0 3,1 0.001 0 -1 3,2 0.002 1 0 0.04 50 1,14 0.001 1 1 1,12 0.001 1 -1 1,13 0.001 0 1 111.033 380 14,1 0.001 -1 1 13,2 0.001 -1 1 14,2 0.001 1 1 81.0343 395 14,13 0.001 0 -1 13,14 0.001 -1 -1 14,14 0.001 -1 1 101.038 440 ::f,0,3 f,3,13 f,12,15 f,15,3 
203:2,2 0.001 1 0 3,1 0.001 -1 -1 3,2 0.002 1 0 0.04 50 1,14 0.001 1 0 1,12 0.001 1 -1 1,13 0.001 0 1 111.033 380 14,1 0.001 -1 1 13,2 0.001 0 1 14,2 0.001 1 1 87.0344 410 14,13 0.001 0 -1 13,14 0.001 -1 -1 14,14 0.001 0 1 101.038 440 ::f,0,3 f,3,13 f,12,15 f,14,3 
204:2,2 0.001 1 -1 3,1 0.001 -1 0 3,2 0.002 1 0 0.04 50 2,14 0.001 1 0 1,12 0.001 1 -1 1,13 0.001 1 1 111.034 380 14,1 0.001 0 1 13,2 0.001 0 1 14,2 0.001 1 0 87.0344 410 14,13 0.001 -1 -1 13,14 0.001 -1 0 14,14 0.001 0 1 101.038 440 ::f,0,3 f,3,13 f,12,15 f,14,3 
205:2,2 0.001 1 -1 3,1 0.001 -1 1 3,2 0.002 1 0 0.04 50 2,14 0.001 1 0 1,12 0.001 1 -1 1,13 0.001 1 1 111.034 380 14,1 0.001 0 1 13,2 0.001 1 1 14,2 0.001 1 0 87.0344 410 14,13 0.001 -1 -1 13,14 0.001 -1 0 14,14 0.001 1 1 101.038 440 ::f,0,3 f,3,13 f,12,15 f,14,3 
206:2,2 0.001 0 -1 3,1 0.001 0 1 3,2 0.002 1 0 0.04 50 2,14 0.001 1 -1 1,12 0.001 1 -1 1,13 0.001 1 0 111.034 380 14,1 0.001 0 1 13,2 0.001 1 1 14,2 0.001 1 -1 94.0345 425 14,13 0.001 -1 0 13,14 0.001 -1 1 14,14 0.001 1 1 101.038 440 ::f,0,3 f,3,13 f,12,0 f,12,15 
207:2,1 0.001 0 -1 3,1 0.001 1 1 3,2 0.002 1 0 0.041 50 2,14 0.001 1 -1 1,12 0.001 1 -1 1,13 0.001 1 0 121.034 395 14,1 0.001 1 1 13,2 0.001 1 0 14,2 0.001 1 -1 94.0345 425 13,13 0.001 -1 0 13,14 0.001 -1 1 14,14 0.001 1 0 111.039 455 ::f,0,3 f,0,15 f,12,0 f,15,15 
208:2,1 0.001 0 -1 3,1 0.001 1 0 3,2 0.002 1 0 0.041 50 2,14 0.001 0 -1 1,12 0.001 1 -1 1,13 0.001 1 -1 121.034 395 14,1 0.001 1 0 13,2 0.001 1 0 14,2 0.001 0 -1 94.0345 425 13,13 0.001 -1 0 13,14 0.001 0 1 14,14 0.001 1 0 111.039 455 ::f,0,3 f,0,15 f,12,0 f,15,15 
209:2,1 0.001 -1 -1 3,1 0.001 1 -1 3,2 0.002 1 0 0.041 50 2,13 0.001 0 -1 1,12 0.001 1 -1 1,13 0.001 1 -1 121.035 395 14,1 0.001 1 -1 13,2 0.001 1 0 14,2 0.001 0 -1 94.0345 425 13,13 0.001 -1 1 13,14 0.001 0 1 14,14 0.001 1 -1 111.039 455 ::f,0,3 f,0,15 f,12,0 f,15,15 
210:2,1 0.001 -1 -1 3,1 0.001 0 -1 3,2 0.002 1 0 0.041 50 2,13 0.001 0 -1 1,12 0.001 1 -1 1,13 0.001 0 -1 121.035 395 14,1 0.001 1 -1 13,2 0.001 1 -1 14,2 0.001 0 -1 94.0345 425 13,13 0.001 -1 1 13,14 0.001 1 1 14,14 0.001 1 -1 111.039 455 ::f,0,3 f,0,15 f,12,0 f,15,15 
211:2,1 0.001 -1 0 3,1 0.001 -1 -1 3,2 0.002 1 0 0.041 50 2,13 0.001 -1 -1 1,12 0.001 1 -1 1,13 0.001 0 -1 121.035 395 14,1 0.001 0 -1 13,2 0.001 1 -1 14,2 0.001 -1 -1 94.0345 425 13,13 0.001 0 1 13,14 0.001 1 1 14,14 0.001 0 -1 111.039 455 ::f,0,3 f,0,15 f,12,0 f,15,15 
212:1,1 0.001 -1 0 3,1 0.001 -1 0 3,2 0.002 1 0 0.042 50 2,13 0.001 -1 -1 1,12 0.001 1 -1 1,13 0.001 -1 -1 121.035 395 14,1 0.001 0 -1 13,2 0.001 0 -1 13,1 0.001 -1 -1 94.0355 425 13,13 0.001 0 1 13,14 0.001 1 0 14,13 0.001 0 -1 111.04 455 ::f,0,3 f,0,15 f,12,0 f,15,15 
213:1,1 0.001 -1 0 3,1 0.001 -1 1 3,2 0.002 1 0 0.042 50 2,13 0.001 -1 0 1,12 0.001 1 -1 1,13 0.001 -1 -1 121.035 395 14,1 0.001 -1 -1 13,2 0.001 0 -1 13,1 0.001 -1 -1 101.036 440 13,13 0.001 0 1 14,14 0.001 1 0 14,13 0.001 0 -1 111.041 455 ::f,0,3 f,0,15 f,15,1 f,15,15 
214:1,1 0.001 -1 1 3,1 0.001 0 1 3,2 0.002 1 0 0.042 50 2,13 0.001 -1 0 1,12 0.001 1 -1 1,13 0.001 -1 0 121.035 395 14,1 0.001 -1 -1 13,2 0.001 -1 -1 13,1 0.001 -1 0 101.036 440 13,13 0.001 1 1 14,14 0.001 1 0 14,13 0.001 -1 -1 111.041 455 ::f,0,3 f,0,15 f,15,1 f,15,15 
215:1,1 0.001 -1 1 3,1 0.001 1 1 3,2 0.002 1 0 0.042 50 2,13 0.001 -1 0 1,12 0.001 1 -1 1,13 0.001 -1 0 121.035 395 14,1 0.001 -1 0 13,2 0.001 -1 -1 13,1 0.001 -1 0 101.036 440 13,13 0.001 1 1 14,14 0.001 1 -1 14,13 0.001 -1 -1 111.041 455 ::f,0,3 f,0,15 f,15,1 f,15,15 
216:1,1 0.001 0 1 3,1 0.001 1 0 3,2 0.002 1 0 0.042 50 2,13 0.001 -1 1 1,12 0.001 1 -1 1,13 0.001 -1 1 121.035 395 14,1 0.001 -1 0 13,2 0.001 -1 0 13,1 0.001 -1 1 101.036 440 13,13 0.001 1 1 14,14 0.001 1 -1 14,13 0.001 -1 0 111.041 455 ::f,0,3 f,0,15 f,15,1 f,15,15 
217:1,2 0.001 0 1 3,1 0.001 1 -1 3,2 0.002 1 0 0.043 50 1,14 0.001 -1 1 1,12 0.001 1 -1 1,13 0.001 -1 1 121.036 395 14,1 0.001 -1 0 13,2 0.001 -1 0 13,1 0.001 -1 1 101.036 440 13,13 0.001 1 0 14,14 0.001 0 -1 14,13 0.001 -1 0 111.041 455 ::f,0,3 f,0,15 f,15,1 f,15,15 
218:1,2 0.001 0 1 3,1 0.001 0 -1 3,2 0.002 1 0 0.043 50 1,14 0.001 -1 1 1,12 0.001 1 -1 1,13 0.001 0 1 131.036 410 14,1 0.001 -1 1 13,2 0.001 -1 1 13,1 0.001 0 1 101.036 440 13,13 0.001 1 0 14,14 0.001 0 -1 14,13 0.001 -1 0 111.041 455 ::f,0,3 f,3,12 f,15,1 f,15,15 
219:1,2 0.001 1 1 3,1 0.001 -1 -1 3,2 0.002 1 0 0.043 50 1,14 0.001 0 1 1,12 0.001 1 -1 1,13 0.001 0 1 131.036 410 14,1 0.001 -1 1 13,2 0.001 -1 1 13,1 0.001 0 1 101.036 440 13,13 0.001 1 -1 14,14 0.001 0 -1 14,13 0.001 -1 1 111.041 455 ::f,0,3 f,3,12 f,15,1 f,15,15 
220:1,2 0.001 1 1 3,1 0.001 -1 0 3,2 0.002 1 0 0.043 50 1,14 0.001 0 1 1,12 0.001 1 -1 1,13 0.001 0 1 131.036 410 14,1 0.001 0 1 13,2 0.001 0 1 13,1 0.001 0 1 101.036 440 13,13 0.001 1 -1 14,14 0.001 -1 -1 14,13 0.001 -1 1 111.041 455 ::f,0,3 f,3,12 f,15,1 f,15,15 
221:1,2 0.001 1 0 3,1 0.001 -1 1 3,2 0.002 1 0 0.043 50 1,14 0.001 1 1 1,12 0.001 1 -1 1,13 0.001 1 1 131.036 410 14,1 0.001 0 1 13,2 0.001 0 1 13,1 0.001 1 1 101.036 440 13,13 0.001 0 -1 14,14 0.001 -1 -1 14,13 0.001 0 1 111.041 455 ::f,0,3 f,3,12 f,15,1 f,15,15 
222:2,2 0.001 1 0 3,1 0.001 0 1 3,2 0.002 1 0 0.044 50 1,14 0.001 1 1 1,12 0.001 1 -1 1,13 0.001 1 1 131.036 410 14,1 0.001 1 1 13,2 0.001 1 1 13,1 0.001 1 1 101.036 440 13,13 0.001 0 -1 14,14 0.001 -1 0 14,13 0.001 0 1 111.041 455 ::f,0,3 f,3,12 f,15,1 f,15,15 
223:2,2 0.001 1 0 3,1 0.001 1 1 3,2 0.002 1 0 0.044 50 1,14 0.001 1 0 1,12 0.001 1 -1 1,13 0.001 1 0 131.036 410 14,1 0.001 1 1 13,2 0.001 1 1 13,1 0.001 1 0 101.036 440 13,13 0.001 -1 -1 14,14 0.001 -1 0 14,13 0.001 1 1 111.041 455 ::f,0,3 f,3,12 f,15,1 f,15,15 
224:2,2 0.001 1 -1 3,1 0.001 1 0 3,2 0.002 1 0 0.044 50 2,14 0.001 1 0 1,12 0.001 1 -1 1,13 0.001 1 0 131.037 410 14,1 0.001 1 0 13,2 0.001 1 0 13,1 0.001 1 0 101.036 440 13,13 0.001 -1 -1 14,14 0.001 -1 1 14,13 0.001 1 1 111.041 455 ::f,0,3 f,3,12 f,15,1 f,15,15 
225:2,2 0.001 1 -1 3,1 0.001 1 -1 3,2 0.002 1 0 0.044 50 2,14 0.001 1 0 1,12 0.001 1 -1 1,13 0.001 1 -1 131.037 410 14,1 0.001 1 0 14,2 0.001 1 0 13,1 0.001 1 0 111.037 455 13,13 0.001 -1 0 14,14 0.001 -1 1 14,13 0.001 1 0 111.041 455 ::f,0,3 f,3,12 f,15,3 f,15,15 
226:2,2 0.001 0 -1 3,1 0.001 0 -1 3,2 0.002 1 0 0.044 50 2,14 0.001 1 -1 1,12 0.001 1 -1 1,13 0.001 1 -1 131.037 410 14,1 0.001 1 -1 14,2 0.001 1 0 13,1 0.001 1 -1 111.037 455 13,13 0.001 -1 0 14,14 0.001 0 1 14,13 0.001 1 0 111.041 455 ::f,0,3 f,3,12 f,15,3 f,15,15 
227:2,1 0.001 0 -1 3,1 0.001 -1 -1 3,2 0.002 1 0 0.045 50 2,14 0.001 1 -1 1,12 0.001 1 -1 1,13 0.001 0 -1 131.037 410 14,1 0.001 1 -1 14,2 0.001 1 -1 13,1 0.001 1 -1 111.037 455 13,13 0.001 -1 1 14,14 0.001 0 1 14,13 0.001 1 -1 111.041 455 ::f,0,3 f,3,12 f,15,3 f,15,15 
228:2,1 0.001 0 -1 3,1 0.001 -1 0 3,2 0.002 1 0 0.045 50 2,14 0.001 0 -1 1,12 0.001 1 -1 1,13 0.001 0 -1 131.037 410 14,1 0.001 0 -1 14,2 0.001 1 -1 13,1 0.001 0 -1 111.037 455 13,13 0.001 -1 1 14,14 0.001 1 1 14,13 0.001 1 -1 111.041 455 ::f,0,3 f,3,12 f,15,3 f,15,15 
229:2,1 0.001 -1 -1 3,1 0.001 -1 1 3,2 0.002 1 0 0.045 50 2,13 0.001 0 -1 1,12 0.001 1 -1 1,13 0.001 -1 -1 131.038 410 14,1 0.001 0 -1 14,2 0.001 0 -1 13,1 0.001 0 -1 111.037 455 13,13 0.001 0 1 14,14 0.001 1 1 14,13 0.001 0 -1 121.041 470 ::f,0,3 f,3,12 f,12,15 f,15,3 
230:2,1 0.001 -1 -1 3,1 0.001 0 1 3,2 0.002 1 0 0.045 50 2,13 0.001 0 -1 1,12 0.001 1 -1 1,13 0.001 -1 -1 131.038 410 14,1 0.001 -1 -1 14,2 0.001 0 -1 13,1 0.001 -1 -1 111.037 455 13,14 0.001 0 1 14,14 0.001 1 0 14,13 0.001 0 -1 121.042 470 ::f,0,3 f,3,12 f,12,15 f,15,3 
231:2,1 0.001 -1 0 3,1 0.001 1 1 3,2 0.002 1 0 0.045 50 2,13 0.001 -1 -1 1,12 0.001 1 -1 1,13 0.001 -1 0 131.038 410 14,1 0.001 -1 -1 14,2 0.001 0 -1 13,1 0.001 -1 -1 111.037 455 13,14 0.001 0 1 14,14 0.001 1 0 14,13 0.001 -1 -1 121.042 470 ::f,0,3 f,3,12 f,12,15 f,15,3 
232:1,1 0.001 -1 0 3,1 0.001 1 0 3,2 0.002 1 0 0.046 50 2,13 0.001 -1 -1 1,12 0.001 1 -1 1,13 0.001 -1 0 131.038 410 14,1 0.001 -1 0 14,2 0.001 -1 -1 13,1 0.001 -1 0 111.037 455 13,14 0.001 1 1 14,14 0.001 1 -1 14,13 0.001 -1 -1 121.042 470 ::f,0,3 f,3,12 f,12,15 f,15,3 
233:1,1 0.001 -1 0 3,1 0.001 1 -1 3,2 0.002 1 0 0.046 50 2,13 0.001 -1 0 1,12 0.001 1 -1 1,13 0.001 -1 1 131.038 410 14,1 0.001 -1 0 14,2 0.001 -1 -1 13,1 0.001 -1 0 111.037 455 13,14 0.001 1 1 14,14 0.001 1 -1 14,13 0.001 -1 0 121.042 470 ::f,0,3 f,3,12 f,12,15 f,15,3 
234:1,1 0.001 -1 1 3,1 0.001 0 -1 3,2 0.002 1 0 0.046 50 2,13 0.001 -1 0 1,12 0.001 1 -1 1,13 0.001 -1 1 131.038 410 14,1 0.001 -1 0 14,2 0.001 -1 0 13,1 0.001 -1 1 111.037 455 13,14 0.001 1 0 14,14 0.001 0 -1 13,13 0.001 -1 0 121.043 470 ::f,0,3 f,3,12 f,12,15 f,15,3 
235:1,1 0.001 -1 1 3,1 0.001 -1 -1 3,2 0.002 1 0 0.046 50 2,13 0.001 -1 0 1,12 0.001 1 -1 1,13 0.001 0 1 131.038 410 14,1 0.001 -1 1 14,2 0.001 -1 0 13,1 0.001 -1 1 111.037 455 13,14 0.001 1 0 14,13 0.001 0 -1 13,13 0.001 -1 0 121.044 470 ::f,0,3 f,3,12 f,12,15 f,15,3 
236:1,1 0.001 0 1 3,1 0.001 -1 0 3,2 0.002 1 0 0.046 50 2,13 0.001 -1 1 1,12 0.001 1 -1 1,14 0.001 0 1 131.039 410 14,1 0.001 -1 1 14,2 0.001 -1 1 13,1 0.001 0 1 111.037 455 13,14 0.001 1 0 14,13 0.001 0 -1 13,13 0.001 -1 1 121.044 470 ::f,0,3 f,3,12 f,12,15 f,15,3 
237:1,2 0.001 0 1 3,1 0.001 -1 1 3,2 0.002 1 0 0.047 50 2,13 0.001 -1 1 1,12 0.001 1 -1 1,14 0.001 0 1 131.039 410 14,1 0.001 0 1 14,2 0.001 -1 1 13,2 0.001 0 1 111.038 455 13,14 0.001 1 -1 14,13 0.001 -1 -1 13,13 0.001 -1 1 121.044 470 ::f,0,3 f,3,12 f,12,15 f,15,3 
238:1,2 0.001 0 1 3,1 0.001 0 1 3,2 0.002 1 0 0.047 50 2,13 0.001 0 1 1,12 0.001 1 -1 1,14 0.001 1 1 131.039 410 14,1 0.001 0 1 14,2 0.001 0 1 13,2 0.001 0 1 111.038 455 13,14 0.001 1 -1 14,13 0.001 -1 -1 13,13 0.001 0 1 121.044 470 ::f,0,3 f,3,12 f,12,15 f,15,3 
239:1,2 0.001 1 1 3,1 0.001 1 1 3,2 0.002 1 0 0.047 50 2,13 0.001 0 1 1,12 0.001 1 -1 1,14 0.001 1 1 131.039 410 14,1 0.001 1 1 14,2 0.001 0 1 13,2 0.001 1 1 111.038 455 13,14 0.001 0 -1 14,13 0.001 -1 0 13,13 0.001 0 1 121.044 470 ::f,0,3 f,3,12 f,12,15 f,15,3 
240:1,2 0.001 1 1 3,1 0.001 1 0 3,2 0.002 1 0 0.047 50 2,13 0.001 1 1 1,12 0.001 1 -1 1,14 0.001 1 0 131.039 410 14,1 0.001 1 1 14,2 0.001 1 1 13,2 0.001 1 1 111.038 455 13,14 0.001 0 -1 14,13 0.001 -1 0 13,13 0.001 0 1 121.044 470 ::f,0,3 f,3,12 f,12,15 f,15,3 
241:1,2 0.001 1 0 3,1 0.001 1 -1 3,2 0.002 1 0 0.047 50 2,13 0.001 1 1 1,12 0.001 1 -1 2,14 0.001 1 0 131.04 410 14,1 0.001 1 0 14,2 0.001 1 1 13,2 0.001 1 0 119.038 470 13,14 0.001 -1 -1 14,13 0.001 -1 0 13,13 0.001 1 1 121.044 470 ::f,0,3 f,3,12 f,12,15 f,15,3 
242:2,2 0.001 1 0 3,1 0.001 0 -1 3,2 0.002 1 0 0.048 50 2,13 0.001 1 0 1,12 0.001 1 -1 2,14 0.001 1 0 131.04 410 14,1 0.001 1 0 14,2 0.001 1 0 13,2 0.001 1 0 119.038 470 13,14 0.001 -1 -1 14,13 0.001 -1 1 13,13 0.001 1 1 121.044 470 ::f,0,3 f,3,12 f,12,15 f,15,3 
243:2,2 0.001 1 0 3,1 0.001 -1 -1 3,2 0.002 1 0 0.048 50 2,13 0.001 1 0 1,12 0.001 1 -1 2,14 0.001 1 -1 131.04 410 14,1 0.001 1 -1 14,2 0.001 1 0 13,2 0.001 1 0 119.038 470 13,14 0.001 -1 0 14,13 0.001 -1 1 13,13 0.001 1 0 121.044 470 ::f,0,3 f,3,12 f,12,15 f,15,3 
244:2,2 0.001 1 -1 3,1 0.001 -1 0 3,2 0.002 1 0 0.048 50 2,13 0.001 1 -1 1,12 0.001 1 -1 2,14 0.001 1 -1 131.04 410 14,1 0.001 1 -1 14,2 0.001 1 -1 13,2 0.001 1 -1 119.038 470 13,14 0.001 -1 0 14,13 0.001 -1 1 13,13 0.001 1 0 121.044 470 ::f,0,3 f,3,12 f,12,15 f,15,3 
245:2,2 0.001 1 -1 3,1 0.001 -1 1 3,2 0.002 1 0 0.048 50 2,13 0.001 1 -1 1,12 0.001 1 -1 2,14 0.001 0 -1 141.041 425 14,1 0.001 0 -1 14,2 0.001 1 -1 13,2 0.001 1 -1 119.038 470 13,14 0.001 -1 1 14,13 0.001 0 1 13,13 0.001 1 -1 121.044 470 ::f,0,3 f,1,13 f,12,15 f,15,3 
246:2,2 0.001 0 -1 3,1 0.001 0 1 3,2 0.002 1 0 0.048 50 2,13 0.001 0 -1 1,12 0.001 1 -1 2,14 0.001 0 -1 141.041 425 14,1 0.001 0 -1 14,2 0.001 0 -1 13,2 0.001 0 -1 119.038 470 13,14 0.001 -1 1 14,13 0.001 0 1 13,13 0.001 1 -1 129.044 485 ::f,0,3 f,1,13 f,12,14 f,15,3 
247:2,1 0.001 0 -1 3,1 0.001 1 1 3,2 0.002 1 0 0.049 50 2,13 0.001 0 -1 1,12 0.001 1 -1 2,14 0.001 0 -1 141.041 425 14,1 0.001 -1 -1 14,2 0.001 0 -1 13,2 0.001 0 -1 119.038 470 13,14 0.001 0 1 14,13 0.001 1 1 13,13 0.001 0 -1 129.044 485 ::f,0,3 f,1,13 f,12,14 f,15,3 
248:2,1 0.001 0 -1 3,1 0.001 1 0 3,2 0.002 1 0 0.049 50 2,13 0.001 -1 -1 1,12 0.001 1 -1 2,14 0.001 -1 -1 141.041 425 14,1 0.001 -1 -1 14,2 0.001 0 -1 13,2 0.001 -1 -1 119.038 470 13,14 0.001 0 1 14,13 0.001 1 1 13,13 0.001 0 -1 129.044 485 ::f,0,3 f,1,13 f,12,14 f,15,3 
249:2,1 0.001 -1 -1 3,1 0.001 1 -1 3,2 0.002 1 0 0.049 50 2,13 0.001 -1 -1 1,12 0.001 1 -1 2,14 0.001 -1 -1 150.041 440 14,1 0.001 -1 0 14,2 0.001 -1 -1 13,2 0.001 -1 -1 119.038 470 13,14 0.001 1 1 14,13 0.001 1 0 13,13 0.001 -1 -1 129.044 485 ::f,0,3 f,0,15 f,12,14 f,15,3 
250:2,1 0.001 -1 -1 3,1 0.001 0 -1 3,2 0.002 1 0 0.049 50 2,13 0.001 -1 0 1,12 0.001 1 -1 2,14 0.001 -1 0 150.041 440 13,1 0.001 -1 0 14,2 0.001 -1 -1 13,2 0.001 -1 0 119.039 470 13,14 0.001 1 1 14,13 0.001 1 0 13,13 0.001 -1 -1 129.044 485 ::f,0,3 f,0,15 f,12,14 f,15,3 
251:2,1 0.001 -1 0 3,1 0.001 -1 -1 3,2 0.002 1 0 0.049 50 1,13 0.001 -1 0 1,12 0.001 1 -1 2,14 0.001 -1 0 150.042 440 13,1 0.001 -1 0 14,2 0.001 -1 0 13,2 0.001 -1 0 119.039 470 13,14 0.001 1 0 14,13 0.001 1 -1 13,13 0.001 -1 0 129.044 485 ::f,0,3 f,0,15 f,12,14 f,15,3 
252:1,1 0.001 -1 0 3,1 0.001 -1 0 3,2 0.002 1 0 0.05 50 1,13 0.001 -1 0 1,12 0.001 1 -1 2,14 0.001 -1 1 150.042 440 13,1 0.001 -1 1 14,2 0.001 -1 0 13,2 0.001 -1 1 119.039 470 14,14 0.001 1 0 14,13 0.001 1 -1 13,13 0.001 -1 0 129.045 485 ::f,0,3 f,0,15 f,12,14 f,15,3 
253:1,1 0.001 -1 0 3,1 0.001 -1 1 3,2 0.002 1 0 0.05 50 1,13 0.001 -1 1 1,12 0.001 1 -1 2,14 0.001 -1 1 150.042 440 13,1 0.001 -1 1 14,2 0.001 -1 1 13,2 0.001 -1 1 119.039 470 14,14 0.001 1 0 14,13 0.001 0 -1 13,13 0.001 -1 1 129.045 485 ::f,0,3 f,0,15 f,12,14 f,15,3 
254:1,1 0.001 -1 1 3,1 0.001 0 1 3,2 0.002 1 0 0.05 50 1,13 0.001 -1 1 1,12 0.001 1 -1 2,14 0.001 0 1 150.042 440 13,1 0.001 0 1 14,2 0.001 -1 1 13,2 0.001 0 1 119.039 470 14,14 0.001 1 -1 14,13 0.001 0 -1 13,13 0.001 -1 1 137.045 500 ::f,0,3 f,0,15 f,15,3 f,15,14 
255:1,1 0.001 -1 1 3,1 0.001 1 1 3,2 0.002 1 0 0.05 50 1,13 0.001 0 1 1,12 0.001 1 -1 2,14 0.001 0 1 150.042 440 13,1 0.001 0 1 14,2 0.001 0 1 13,2 0.001 0 1 119.039 470 14,14 0.001 1 -1 14,13 0.001 -1 -1 13,13 0.001 0 1 137.045 500 ::f,0,3 f,0,15 f,15,3 f,15,14 
256:1,1 0.001 0 1 3,1 0.001 1 0 3,2 0.002 1 0 0.05 50 1,14 0.001 0 1 1,12 0.001 1 -1 2,14 0.001 1 1 150.043 440 13,1 0.001 0 1 14,2 0.001 0 1 13,2 0.001 1 1 119.039 470 14,14 0.001 0 -1 14,13 0.001 -1 -1 13,14 0.001 0 1 137.046 500 ::f,0,3 f,0,15 f,15,3 f,15,14 
257:1,2 0.001 0 1 3,1 0.001 1 -1 3,2 0.002 1 0 0.051 50 1,14 0.001 0 1 1,12 0.001 1 -1 2,14 0.001 1 1 150.043 440 13,1 0.001 1 1 14,2 0.001 1 1 13,2 0.001 1 1 119.039 470 14,14 0.001 0 -1 14,13 0.001 -1 0 13,14 0.001 0 1 137.046 500 ::f,0,3 f,0,15 f,15,3 f,15,14 
258:1,2 0.001 0 1 3,1 0.001 0 -1 3,2 0.002 1 0 0.051 50 1,14 0.001 1 1 1,12 0.001 1 -1 2,14 0.001 1 0 150.043 440 13,1 0.001 1 1 14,2 0.001 1 1 13,2 0.001 1 0 128.039 485 14,14 0.001 0 -1 13,13 0.001 -1 0 13,14 0.001 1 1 137.047 500 ::f,0,3 f,0,15 f,14,1 f,15,14 
259:1,2 0.001 1 1 3,1 0.001 -1 -1 3,2 0.002 1 0 0.051 50 1,14 0.001 1 1 1,12 0.001 1 -1 2,14 0.001 1 0 150.043 440 13,1 0.001 1 1 14,2 0.001 1 0 13,2 0.001 1 0 128.039 485 14,14 0.001 -1 -1 13,13 0.001 -1 0 13,14 0.001 1 1 137.047 500 ::f,0,3 f,0,15 f,14,1 f,15,14 
260:1,2 0.001 1 1 3,1 0.001 -1 0 3,2 0.002 1 0 0.051 50 1,14 0.001 1 0 1,12 0.001 1 -1 2,14 0.001 1 -1 150.043 440 13,1 0.001 1 0 14,2 0.001 1 0 13,2 0.001 1 0 128.039 485 14,14 0.001 -1 -1 13,13 0.001 -1 1 13,14 0.001 1 0 137.047 500 ::f,0,3 f,0,15 f,14,1 f,15,14 
261:1,2 0.001 1 0 3,1 0.001 -1 1 3,2 0.002 1 0 0.051 50 1,14 0.001 1 0 1,12 0.001 1 -1 2,14 0.001 1 -1 150.043 440 13,1 0.001 1 0 14,2 0.001 1 -1 13,2 0.001 1 -1 138.039 500 14,14 0.001 -1 0 13,13 0.001 -1 1 13,14 0.001 1 0 137.047 500 ::f,0,3 f,0,15 f,14,1 f,15,14 
262:2,2 0.001 1 0 3,1 0.001 0 1 3,2 0.002 1 0 0.052 50 1,14 0.001 1 0 1,12 0.001 1 -1 2,14 0.001 0 -1 150.043 440 13,1 0.001 1 -1 14,2 0.001 1 -1 13,2 0.001 1 -1 146.039 515 14,14 0.001 -1 0 13,13 0.001 0 1 13,14 0.001 1 0 137.047 500 ::f,0,3 f,0,15 f,14,3 f,15,14 
263:2,2 0.001 1 0 3,1 0.001 1 1 3,2 0.002 1 0 0.052 50 1,14 0.001 1 -1 1,12 0.001 1 -1 2,13 0.001 0 -1 150.044 440 13,1 0.001 1 -1 14,2 0.001 0 -1 13,2 0.001 0 -1 146.039 515 14,14 0.001 -1 1 13,13 0.001 0 1 13,14 0.001 1 -1 137.047 500 ::f,0,3 f,0,15 f,14,3 f,15,14 
264:2,2 0.001 1 -1 3,1 0.001 1 0 3,2 0.002 1 0 0.052 50 1,14 0.001 1 -1 1,12 0.001 1 -1 2,13 0.001 0 -1 150.044 440 13,1 0.001 0 -1 14,1 0.001 0 -1 13,2 0.001 0 -1 146.04 515 14,14 0.001 -1 1 13,13 0.001 0 1 13,14 0.001 1 -1 137.047 500 ::f,0,3 f,0,15 f,14,3 f,15,14 
265:2,2 0.001 1 -1 3,1 0.001 1 -1 3,2 0.002 1 0 0.052 50 1,14 0.001 0 -1 1,12 0.001 1 -1 2,13 0.001 -1 -1 150.044 440 13,1 0.001 0 -1 14,1 0.001 0 -1 13,2 0.001 -1 -1 146.04 515 14,14 0.001 0 1 13,13 0.001 1 1 13,14 0.001 0 -1 137.047 500 ::f,0,3 f,0,15 f,14,3 f,15,14 
266:2,2 0.001 0 -1 3,1 0.001 0 -1 3,2 0.002 1 0 0.052 50 1,13 0.001 0 -1 1,12 0.001 1 -1 2,13 0.001 -1 -1 150.045 440 13,1 0.001 -1 -1 14,1 0.001 -1 -1 13,2 0.001 -1 -1 146.04 515 14,14 0.001 0 1 13,13 0.001 1 1 13,14 0.001 0 -1 137.047 500 ::f,0,3 f,0,15 f,14,3 f,15,14 
267:2,1 0.001 0 -1 3,1 0.001 -1 -1 3,2 0.002 1 0 0.053 50 1,13 0.001 0 -1 1,12 0.001 1 -1 2,13 0.001 -1 0 150.045 440 13,1 0.001 -1 -1 14,1 0.001 -1 -1 13,2 0.001 -1 0 146.04 515 14,14 0.001 1 1 13,13 0.001 1 0 13,14 0.001 -1 -1 137.047 500 ::f,0,3 f,0,15 f,14,3 f,15,14 
268:2,1 0.001 0 -1 3,1 0.001 -1 0 3,2 0.002 1 0 0.053 50 1,13 0.001 -1 -1 1,12 0.001 1 -1 2,13 0.001 -1 0 150.045 440 13,1 0.001 -1 0 14,1 0.001 -1 0 13,2 0.001 -1 0 146.04 515 14,14 0.001 1 1 13,13 0.001 1 0 13,14 0.001 -1 -1 137.047 500 ::f,0,3 f,0,15 f,14,3 f,15,14 
269:2,1 0.001 -1 -1 3,1 0.001 -1 1 3,2 0.002 1 0 0.053 50 1,13 0.001 -1 -1 1,12 0.001 1 -1 2,13 0.001 -1 0 150.045 440 13,1 0.001 -1 0 14,1 0.001 -1 0 13,2 0.001 -1 1 146.04 515 14,14 0.001 1 0 13,13 0.001 1 -1 13,14 0.001 -1 0 137.047 500 ::f,0,3 f,0,15 f,14,3 f,15,14 
270:2,1 0.001 -1 -1 3,1 0.001 0 1 3,2 0.002 1 0 0.053 50 1,13 0.001 -1 0 1,12 0.001 1 -1 2,13 0.001 -1 1 150.045 440 13,1 0.001 -1 1 14,1 0.001 -1 0 13,2 0.001 -1 1 146.04 515 14,14 0.001 1 0 13,13 0.001 1 -1 13,14 0.001 -1 0 146.047 515 ::f,0,3 f,0,15 f,14,3 f,15,14 
271:2,1 0.001 -1 0 3,1 0.001 1 1 3,2 0.002 1 0 0.053 50 1,13 0.001 -1 0 1,12 0.001 1 -1 1,14 0.001 -1 1 150.046 440 13,1 0.001 -1 1 14,1 0.001 -1 1 13,2 0.001 0 1 146.04 515 14,14 0.001 1 -1 13,13 0.001 0 -1 13,14 0.001 -1 1 146.047 515 ::f,0,3 f,0,15 f,14,3 f,15,14 
272:1,1 0.001 -1 0 3,1 0.001 1 0 3,2 0.002 1 0 0.054 50 1,13 0.001 -1 1 1,12 0.001 1 -1 1,14 0.001 -1 1 160.046 455 13,1 0.001 0 1 14,1 0.001 -1 1 13,2 0.001 0 1 146.04 515 14,14 0.001 1 -1 13,13 0.001 0 -1 13,14 0.001 -1 1 146.047 515 ::f,0,3 f,0,13 f,14,3 f,15,14 
273:1,1 0.001 -1 0 3,1 0.001 1 -1 3,2 0.002 1 0 0.054 50 1,13 0.001 -1 1 1,12 0.001 1 -1 1,14 0.001 0 1 160.046 455 13,1 0.001 0 1 14,1 0.001 0 1 13,2 0.001 1 1 146.04 515 14,14 0.001 0 -1 13,13 0.001 -1 -1 13,14 0.001 0 1 146.047 515 ::f,0,3 f,0,13 f,14,3 f,15,14 
274:1,1 0.001 -1 1 3,1 0.001 0 -1 3,2 0.002 1 0 0.054 50 1,13 0.001 0 1 1,12 0.001 1 -1 1,14 0.001 0 1 160.046 455 13,1 0.001 0 1 14,2 0.001 0 1 13,2 0.001 1 1 155.041 530 14,13 0.001 0 -1 13,13 0.001 -1 -1 13,14 0.001 0 1 146.048 515 ::f,0,3 f,0,13 f,15,0 f,15,14 
275:1,1 0.001 -1 1 3,1 0.001 -1 -1 3,2 0.002 1 0 0.054 50 1,13 0.001 0 1 1,12 0.001 1 -1 1,14 0.001 1 1 160.046 455 13,1 0.001 1 1 14,2 0.001 0 1 13,2 0.001 1 0 155.041 530 14,13 0.001 0 -1 13,13 0.001 -1 0 13,14 0.001 1 1 146.048 515 ::f,0,3 f,0,13 f,15,0 f,15,14 
276:1,1 0.001 0 1 3,1 0.001 -1 0 3,2 0.002 1 0 0.054 50 1,13 0.001 0 1 1,12 0.001 1 -1 1,14 0.001 1 1 160.046 455 13,1 0.001 1 1 14,2 0.001 1 1 13,2 0.001 1 0 155.041 530 14,13 0.001 -1 -1 13,13 0.001 -1 0 13,14 0.001 1 1 146.048 515 ::f,0,3 f,0,13 f,15,0 f,15,14 
277:1,2 0.001 0 1 3,1 0.001 -1 1 3,2 0.002 1 0 0.055 50 1,13 0.001 1 1 1,12 0.001 1 -1 1,14 0.001 1 0 160.046 455 13,1 0.001 1 0 14,2 0.001 1 1 13,2 0.001 1 0 155.041 530 14,13 0.001 -1 -1 13,13 0.001 -1 1 13,14 0.001 1 0 146.048 515 ::f,0,3 f,0,13 f,15,0 f,15,14 
278:1,2 0.001 0 1 3,1 0.001 0 1 3,2 0.002 1 0 0.055 50 1,13 0.001 1 1 1,12 0.001 1 -1 2,14 0.001 1 0 160.047 455 13,1 0.001 1 0 14,2 0.001 1 0 13,2 0.001 1 -1 155.041 530 14,13 0.001 -1 0 13,13 0.001 -1 1 14,14 0.001 1 0 146.049 515 ::f,0,3 f,0,13 f,15,0 f,15,14 
279:1,2 0.001 1 1 3,1 0.001 1 1 3,2 0.002 1 0 0.055 50 1,13 0.001 1 0 1,12 0.001 1 -1 2,14 0.001 1 0 160.047 455 13,1 0.001 1 -1 14,2 0.001 1 0 14,1 0.001 1 -1 155.042 530 14,13 0.001 -1 0 13,13 0.001 0 1 14,14 0.001 1 0 155.049 530 ::f,0,3 f,0,13 f,14,15 f,15,0 
280:1,2 0.001 1 1 3,1 0.001 1 0 3,2 0.002 1 0 0.055 50 1,13 0.001 1 0 1,12 0.001 1 -1 2,14 0.001 1 -1 160.047 455 13,1 0.001 1 -1 14,2 0.001 1 -1 14,1 0.001 1 -1 165.042 545 14,13 0.001 -1 0 13,14 0.001 0 1 14,14 0.001 1 -1 155.05 530 ::f,0,3 f,0,13 f,12,1 f,14,15 
281:1,2 0.001 1 0 3,1 0.001 1 -1 3,2 0.002 1 0 0.055 50 1,13 0.001 1 -1 1,12 0.001 1 -1 2,14 0.001 1 -1 160.047 455 13,1 0.001 0 -1 14,2 0.001 1 -1 14,1 0.001 0 -1 165.042 545 14,13 0.001 -1 1 13,14 0.001 0 1 14,14 0.001 1 -1 155.05 530 ::f,0,3 f,0,13 f,12,1 f,14,15 
282:2,2 0.001 1 0 3,1 0.001 0 -1 3,2 0.002 1 0 0.056 50 1,13 0.001 1 -1 1,12 0.001 1 -1 2,14 0.001 0 -1 160.047 455 13,1 0.001 0 -1 14,2 0.001 0 -1 14,1 0.001 0 -1 165.042 545 14,13 0.001 -1 1 13,14 0.001 1 1 14,14 0.001 0 -1 155.05 530 ::f,0,3 f,0,13 f,12,1 f,14,15 
283:2,2 0.001 1 0 3,1 0.001 -1 -1 3,2 0.002 1 0 0.056 50 1,13 0.001 0 -1 1,12 0.001 1 -1 2,13 0.001 0 -1 160.048 455 13,1 0.001 -1 -1 14,2 0.001 0 -1 14,1 0.001 -1 -1 165.042 545 14,13 0.001 0 1 13,14 0.001 1 1 14,14 0.001 0 -1 165.05 545 ::f,0,3 f,0,13 f,12,1 f,13,13 
284:2,2 0.001 1 -1 3,1 0.001 -1 0 3,2 0.002 1 0 0.056 50 1,13 0.001 0 -1 1,12 0.001 1 -1 2,13 0.001 0 -1 160.048 455 13,1 0.001 -1 -1 14,2 0.001 0 -1 14,1 0.001 -1 -1 165.042 545 14,13 0.001 0 1 13,14 0.001 1 0 14,14 0.001 0 -1 165.05 545 ::f,0,3 f,0,13 f,12,1 f,13,13 
285:2,2 0.001 1 -1 3,1 0.001 -1 1 3,2 0.002 1 0 0.056 50 1,13 0.001 -1 -1 1,12 0.001 1 -1 2,13 0.001 -1 -1 160.048 455 13,1 0.001 -1 0 14,2 0.001 -1 -1 14,1 0.001 -1 0 165.042 545 14,13 0.001 1 1 13,14 0.001 1 0 14,14 0.001 -1 -1 165.05 545 ::f,0,3 f,0,13 f,12,1 f,13,13 
286:2,2 0.001 0 -1 3,1 0.001 0 1 3,2 0.002 1 0 0.056 50 1,13 0.001 -1 -1 1,12 0.001 1 -1 2,13 0.001 -1 -1 160.048 455 13,1 0.001 -1 0 14,2 0.001 -1 -1 14,1 0.001 -1 0 175.042 560 14,13 0.001 1 1 13,14 0.001 1 0 14,14 0.001 -1 -1 175.05 560 ::f,0,3 f,0,13 f,13,3 f,15,12 
287:2,1 0.001 0 -1 3,1 0.001 1 1 3,2 0.002 1 0 0.057 50 1,13 0.001 -1 0 1,12 0.001 1 -1 2,13 0.001 -1 0 160.048 455 13,1 0.001 -1 1 14,2 0.001 -1 0 14,1 0.001 -1 0 175.042 560 14,13 0.001 1 0 13,14 0.001 1 -1 14,14 0.001 -1 0 175.05 560 ::f,0,3 f,0,13 f,13,3 f,15,12 
288:2,1 0.001 0 -1 3,1 0.001 1 0 3,2 0.002 1 0 0.057 50 1,13 0.001 -1 0 1,12 0.001 1 -1 2,13 0.001 -1 0 170.048 470 13,1 0.001 -1 1 14,2 0.001 -1 0 14,1 0.001 -1 1 175.042 560 14,13 0.001 1 0 13,14 0.001 1 -1 14,14 0.001 -1 0 175.05 560 ::f,0,3 f,3,14 f,13,3 f,15,12 
289:2,1 0.001 -1 -1 3,1 0.001 1 -1 3,2 0.002 1 0 0.057 50 1,13 0.001 -1 1 1,12 0.001 1 -1 2,13 0.001 -1 0 170.048 470 13,1 0.001 0 1 14,2 0.001 -1 1 14,1 0.001 -1 1 175.042 560 14,13 0.001 1 -1 13,14 0.001 1 -1 14,14 0.001 -1 1 175.05 560 ::f,0,3 f,3,14 f,13,3 f,15,12 
290:2,1 0.001 -1 -1 3,1 0.001 0 -1 3,2 0.002 1 0 0.057 50 1,13 0.001 -1 1 1,12 0.001 1 -1 2,13 0.001 -1 1 170.048 470 13,2 0.001 0 1 14,2 0.001 -1 1 14,1 0.001 0 1 185.044 575 14,13 0.001 1 -1 13,14 0.001 0 -1 14,14 0.001 -1 1 185.051 575 ::f,0,3 f,3,14 f,15,0 f,15,12 
291:2,1 0.001 -1 0 3,1 0.001 -1 -1 3,2 0.002 1 0 0.057 50 1,13 0.001 0 1 1,12 0.001 1 -1 2,13 0.001 -1 1 170.048 470 13,2 0.001 0 1 14,2 0.001 0 1 14,1 0.001 0 1 185.044 575 14,13 0.001 0 -1 13,14 0.001 0 -1 14,14 0.001 0 1 185.051 575 ::f,0,3 f,3,14 f,15,0 f,15,12 
292:1,1 0.001 -1 0 3,1 0.001 -1 0 3,2 0.002 1 0 0.058 50 1,14 0.001 0 1 1,12 0.001 1 -1 2,13 0.001 0 1 170.049 470 13,2 0.001 1 1 14,2 0.001 0 1 14,1 0.001 1 1 185.044 575 14,13 0.001 0 -1 13,14 0.001 -1 -1 14,14 0.001 0 1 185.051 575 ::f,0,3 f,3,14 f,15,0 f,15,12 
293:1,1 0.001 -1 0 3,1 0.001 -1 1 3,2 0.002 1 0 0.058 50 1,14 0.001 0 1 1,12 0.001 1 -1 2,13 0.001 0 1 170.049 470 13,2 0.001 1 1 14,2 0.001 1 1 14,1 0.001 1 1 185.044 575 14,13 0.001 -1 -1 13,14 0.001 -1 -1 14,14 0.001 1 1 185.051 575 ::f,0,3 f,3,14 f,15,0 f,15,12 
294:1,1 0.001 -1 1 3,1 0.001 0 1 3,2 0.002 1 0 0.058 50 1,14 0.001 1 1 1,12 0.001 1 -1 2,13 0.001 1 1 170.049 470 13,2 0.001 1 0 14,2 0.001 1 1 14,1 0.001 1 0 185.044 575 14,13 0.001 -1 -1 13,14 0.001 -1 0 14,14 0.001 1 1 185.051 575 ::f,0,3 f,3,14 f,15,0 f,15,12 
295:1,1 0.001 -1 1 3,1 0.001 1 1 3,2 0.002 1 0 0.058 50 1,14 0.001 1 1 1,12 0.001 1 -1 2,13 0.001 1 1 180.049 485 13,2 0.001 1 0 14,2 0.001 1 0 14,1 0.001 1 0 185.044 575 14,13 0.001 -1 0 13,14 0.001 -1 0 14,14 0.001 1 0 185.051 575 ::f,0,3 f,0,15 f,15,0 f,15,12 
296:1,1 0.001 0 1 3,1 0.001 1 0 3,2 0.002 1 0 0.058 50 1,14 0.001 1 0 1,12 0.001 1 -1 2,13 0.001 1 0 180.049 485 13,2 0.001 1 0 14,2 0.001 1 0 14,1 0.001 1 -1 185.044 575 13,13 0.001 -1 0 13,14 0.001 -1 1 14,14 0.001 1 0 185.052 575 ::f,0,3 f,0,15 f,15,0 f,15,12 
297:1,2 0.001 0 1 3,1 0.001 1 -1 3,2 0.002 1 0 0.059 50 2,14 0.001 1 0 1,12 0.001 1 -1 2,13 0.001 1 0 180.05 485 13,2 0.001 1 -1 14,2 0.001 1 -1 14,1 0.001 1 -1 195.044 590 13,13 0.001 -1 0 13,14 0.001 -1 1 14,14 0.001 1 -1 185.052 575 ::f,0,3 f,0,15 f,15,2 f,15,12 
298:1,2 0.001 0 1 3,1 0.001 0 -1 3,2 0.002 1 0 0.059 50 2,14 0.001 1 0 1,12 0.001 1 -1 2,13 0.001 1 -1 180.05 485 13,2 0.001 1 -1 14,2 0.001 1 -1 14,1 0.001 0 -1 195.044 590 13,13 0.001 -1 1 13,14 0.001 0 1 14,14 0.001 1 -1 185.052 575 ::f,0,3 f,0,15 f,15,2 f,15,12 
299:1,2 0.001 1 1 3,1 0.001 -1 -1 3,2 0.002 1 0 0.059 50 2,14 0.001 1 -1 1,12 0.001 1 -1 2,13 0.001 1 -1 180.05 485 13,2 0.001 0 -1 14,2 0.001 0 -1 14,1 0.001 0 -1 195.044 590 13,13 0.001 -1 1 13,14 0.001 0 1 14,14 0.001 0 -1 185.052 575 ::f,0,3 f,0,15 f,15,2 f,15,12 
