16
0:2,1 0.001 -1 -1 2,0 0.003 1 -1 3,0 0.002 0 -1 0.003 50 0,13 0.001 -1 1 0,15 0.003 0 1 2,14 0.002 1 0 0.002 50 14,2 0.001 1 -1 15,2 0.003 1 -1 15,0 0.002 1 1 0.002 50 13,12 0.001 -1 -1 12,12 0.003 0 -1 13,13 0.002 0 -1 0.001 50 ::f,0,3 f,1,13 f,14,13 f,15,1 
1:2,1 0.001 -1 -1 2,0 0.001 1 -1 3,0 0.001 0 -1 0.003 50 0,13 0.001 -1 1 0,15 0.001 0 1 2,14 0.001 1 0 0.002 50 14,2 0.001 1 -1 15,2 0.001 1 -1 15,0 0.001 1 1 0.0021 65 13,12 0.001 -1 -1 12,12 0.001 0 -1 13,13 0.001 0 -1 0.001 50 ::f,0,3 f,1,13 f,13,0 f,14,13 
2:2,1 0.001 -1 0 2,0 0.001 0 -1 3,0 0.001 -1 -1 0.003 50 0,13 0.001 0 1 0,15 0.001 1 1 2,14 0.001 1 -1 0.002 50 14,2 0.001 0 -1 15,2 0.001 0 -1 15,0 0.001 1 0 0.0021 65 13,12 0.001 -1 0 12,12 0.001 -1 -1 13,13 0.001 -1 -1 0.001 50 ::f,0,3 f,1,13 f,13,0 f,14,13 
3:2,1 0.001 -1 0 2,0 0.001 0 -1 3,0 0.001 -1 -1 0.003 50 0,13 0.001 0 1 0,15 0.001 1 1 2,14 0.001 1 -1 0.002 50 14,2 0.001 0 -1 15,2 0.001 0 -1 15,0 0.001 1 0 0.0021 65 13,12 0.001 -1 0 12,12 0.001 -1 -1 13,13 0.001 -1 -1 0.001 50 ::f,0,3 f,1,13 f,13,0 f,14,13 
4:2,1 0.001 -1 1 2,0 0.001 -1 -1 3,0 0.001 -1 0 0.003 50 0,13 0.001 1 1 0,15 0.001 1 0 2,14 0.001 0 -1 0.002 50 14,2 0.001 -1 -1 15,2 0.001 -1 -1 15,0 0.001 1 -1 0.0021 65 13,12 0.001 -1 1 12,12 0.001 -1 0 13,13 0.001 -1 0 0.001 50 ::f,0,3 f,1,13 f,13,0 f,14,13 
5:2,1 0.001 -1 1 2,0 0.001 -1 -1 3,0 0.001 -1 0 0.003 50 0,13 0.001 1 1 0,15 0.001 1 0 2,14 0.001 0 -1 0.002 50 14,2 0.001 -1 -1 15,2 0.001 -1 -1 15,0 0.001 1 -1 0.0021 65 13,12 0.001 -1 1 12,12 0.001 -1 0 13,13 0.001 -1 0 0.001 50 ::f,0,3 f,1,13 f,13,0 f,14,13 
6:2,1 0.001 0 1 2,0 0.001 -1 0 3,0 0.001 -1 1 0.003 50 0,13 0.001 1 0 0,15 0.001 1 -1 2,14 0.001 -1 -1 0.002 50 14,2 0.001 -1 0 15,2 0.001 -1 0 15,0 0.001 0 -1 0.0021 65 13,12 0.001 0 1 12,12 0.001 -1 1 13,13 0.001 -1 1 0.001 50 ::f,0,3 f,1,13 f,13,0 f,14,13 
7:2,1 0.001 0 1 1,0 0.001 -1 0 3,0 0.001 -1 1 0.004 50 0,13 0.001 1 0 0,15 0.001 1 -1 2,14 0.001 -1 -1 0.0021 65 14,2 0.001 -1 0 15,2 0.001 -1 0 15,0 0.001 0 -1 0.0021 65 13,12 0.001 0 1 12,12 0.001 -1 1 13,13 0.001 -1 1 0.001 50 ::f,0,3 f,3,15 f,13,0 f,14,13 
8:2,1 0.001 1 1 1,0 0.001 -1 0 3,0 0.001 0 1 0.004 50 0,13 0.001 1 -1 0,15 0.001 0 -1 2,14 0.001 -1 0 0.0021 65 14,2 0.001 -1 1 15,2 0.001 -1 1 15,0 0.001 -1 -1 0.0021 65 13,12 0.001 0 1 12,12 0.001 0 1 13,13 0.001 0 1 0.001 50 ::f,0,3 f,3,15 f,13,0 f,14,13 
9:2,1 0.001 1 1 1,0 0.001 -1 1 3,0 0.001 0 1 0.004 50 0,13 0.001 1 -1 0,14 0.001 0 -1 1,14 0.001 -1 0 0.0041 65 14,2 0.001 -1 1 15,2 0.001 -1 1 15,0 0.001 -1 -1 0.0021 65 13,12 0.001 1 1 12,13 0.001 0 1 13,14 0.001 0 1 0.003 50 ::f,0,3 f,3,15 f,13,0 f,14,13 
10:2,1 0.001 1 0 1,0 0.001 -1 1 3,0 0.001 1 1 0.004 50 0,13 0.001 0 -1 0,14 0.001 0 -1 1,14 0.001 -1 0 0.0041 65 14,2 0.001 0 1 15,2 0.001 0 1 15,0 0.001 -1 0 0.0021 65 13,12 0.001 1 1 12,13 0.001 0 1 13,14 0.001 0 1 0.0031 65 ::f,0,3 f,3,15 f,13,0 f,15,15 
11:2,1 0.001 1 0 1,0 0.001 0 1 3,0 0.001 1 1 0.004 50 0,13 0.001 0 -1 0,14 0.001 -1 -1 1,14 0.001 -1 1 0.0041 65 14,2 0.001 0 1 15,2 0.001 0 1 14,0 0.001 -1 0 0.0031 65 13,12 0.001 1 0 12,13 0.001 1 1 13,14 0.001 1 1 0.0031 65 ::f,0,3 f,3,15 f,13,0 f,15,15 
12:2,1 0.001 1 -1 1,1 0.001 0 1 3,0 0.001 1 0 0.005 50 0,13 0.001 -1 -1 0,14 0.001 -1 -1 1,14 0.001 -1 1 0.0041 65 14,2 0.001 1 1 15,2 0.001 1 1 14,0 0.001 -1 0 0.0032 80 13,12 0.001 1 0 12,13 0.001 1 1 13,14 0.001 1 1 0.0031 65 ::f,0,3 f,3,15 f,13,1 f,15,15 
13:2,1 0.001 1 -1 1,1 0.001 0 1 3,0 0.001 1 0 0.005 50 0,13 0.001 -1 -1 0,14 0.001 -1 0 1,14 0.001 0 1 0.0041 65 14,2 0.001 1 1 15,2 0.001 1 1 14,0 0.001 -1 1 0.0032 80 13,12 0.001 1 -1 12,13 0.001 1 0 13,14 0.001 1 0 0.0031 65 ::f,0,3 f,3,15 f,13,1 f,15,15 
14:2,1 0.001 0 -1 1,1 0.001 1 1 3,0 0.001 1 -1 0.005 50 0,13 0.001 -1 0 0,14 0.001 -1 0 1,14 0.001 0 1 0.0041 65 14,2 0.001 1 0 15,2 0.001 1 0 14,0 0.001 -1 1 1.0033 95 13,12 0.001 1 -1 12,13 0.001 1 0 14,14 0.001 1 0 0.0041 65 ::f,0,3 f,3,15 f,14,1 f,15,15 
15:2,1 0.001 0 -1 1,1 0.001 1 1 3,0 0.001 1 -1 0.005 50 0,13 0.001 -1 0 0,14 0.001 -1 1 1,14 0.001 1 1 0.0041 65 14,2 0.001 1 0 15,2 0.001 1 0 14,0 0.001 0 1 1.0033 95 13,12 0.001 0 -1 12,13 0.001 1 -1 14,14 0.001 1 0 0.0041 65 ::f,0,3 f,3,15 f,14,1 f,15,15 
16:2,1 0.001 -1 -1 1,1 0.001 1 0 3,0 0.001 0 -1 0.005 50 0,13 0.001 -1 1 0,14 0.001 -1 1 1,14 0.001 1 1 0.0041 65 14,2 0.001 1 -1 15,2 0.001 1 -1 14,0 0.001 0 1 1.0033 95 13,12 0.001 0 -1 12,13 0.001 1 -1 14,14 0.001 1 -1 0.0041 65 ::f,0,3 f,3,15 f,14,1 f,15,15 
17:2,1 0.001 -1 -1 1,1 0.001 1 0 3,0 0.001 0 -1 0.005 50 0,13 0.001 -1 1 0,14 0.001 0 1 1,14 0.001 1 0 0.0041 65 14,2 0.001 1 -1 15,2 0.001 1 -1 14,0 0.001 0 1 3.0034 110 13,12 0.001 -1 -1 12,13 0.001 0 -1 14,14 0.001 1 -1 0.0041 65 ::f,0,3 f,3,15 f,13,2 f,15,15 
18:2,1 0.001 -1 0 1,1 0.001 1 -1 3,0 0.001 -1 -1 0.005 50 0,13 0.001 0 1 0,14 0.001 0 1 2,14 0.001 1 0 0.0051 65 14,2 0.001 0 -1 15,2 0.001 0 -1 14,0 0.001 1 1 3.0034 110 13,12 0.001 -1 -1 12,13 0.001 0 -1 14,14 0.001 0 -1 0.0041 65 ::f,0,3 f,3,15 f,13,2 f,15,15 
19:2,1 0.001 -1 0 1,1 0.001 1 -1 3,0 0.001 -1 -1 0.005 50 0,13 0.001 0 1 0,14 0.001 1 1 2,14 0.001 1 0 0.0051 65 14,1 0.001 0 -1 15,1 0.001 0 -1 14,0 0.001 1 1 3.0054 110 13,12 0.001 -1 0 12,13 0.001 -1 -1 14,13 0.001 0 -1 0.0051 65 ::f,0,3 f,3,15 f,13,2 f,15,15 
20:2,1 0.001 -1 0 1,1 0.001 0 -1 3,0 0.001 -1 0 0.005 50 0,13 0.001 0 1 0,14 0.001 1 1 2,14 0.001 1 -1 0.0051 65 14,1 0.001 0 -1 15,1 0.001 0 -1 14,0 0.001 1 0 3.0054 110 13,12 0.001 -1 0 12,13 0.001 -1 -1 14,13 0.001 0 -1 0.0051 65 ::f,0,3 f,3,15 f,13,2 f,15,15 
21:2,1 0.001 -1 1 1,1 0.001 0 -1 2,0 0.001 -1 0 0.006 50 0,13 0.001 1 1 0,14 0.001 1 0 2,14 0.001 1 -1 0.0051 65 14,1 0.001 -1 -1 15,1 0.001 -1 -1 14,0 0.001 1 0 3.0054 110 13,12 0.001 -1 1 12,13 0.001 -1 0 14,13 0.001 -1 -1 0.0051 65 ::f,0,3 f,3,15 f,13,2 f,15,15 
22:1,2 0.001 -1 1 1,1 0.001 -1 -1 2,0 0.001 -1 0 0.007 50 0,13 0.001 1 1 1,14 0.001 1 0 2,14 0.001 0 -1 0.0061 65 14,1 0.001 -1 -1 15,1 0.001 -1 -1 14,0 0.001 1 -1 3.0054 110 13,12 0.001 -1 1 12,13 0.001 -1 0 14,13 0.001 -1 -1 0.0051 65 ::f,0,3 f,3,15 f,13,2 f,15,15 
23:1,2 0.001 -1 1 1,1 0.001 -1 -1 2,0 0.001 -1 1 0.0071 65 0,13 0.001 1 0 1,14 0.001 1 0 2,13 0.001 0 -1 0.0071 65 14,1 0.001 -1 0 15,1 0.001 -1 0 14,0 0.001 1 -1 3.0054 110 13,12 0.001 0 1 12,13 0.001 -1 1 14,13 0.001 -1 0 0.0051 65 ::f,3,1 f,3,15 f,13,2 f,15,15 
24:1,2 0.001 0 1 1,1 0.001 -1 0 2,0 0.001 -1 1 0.0071 65 1,13 0.001 1 0 1,14 0.001 1 -1 2,13 0.001 0 -1 0.0081 65 13,1 0.001 -1 0 14,1 0.001 -1 0 14,0 0.001 0 -1 3.0074 110 13,13 0.001 0 1 12,13 0.001 -1 1 14,13 0.001 -1 0 0.0061 65 ::f,3,1 f,3,15 f,13,2 f,15,15 
25:1,2 0.001 0 1 1,1 0.001 -1 0 2,0 0.001 0 1 0.0071 65 1,13 0.001 1 0 1,14 0.001 1 -1 2,13 0.001 -1 -1 0.0081 65 13,1 0.001 -1 0 14,1 0.001 -1 0 14,0 0.001 0 -1 3.0074 110 13,13 0.001 0 1 12,13 0.001 0 1 14,13 0.001 -1 0 0.0061 65 ::f,3,1 f,3,15 f,13,2 f,15,15 
26:1,2 0.001 1 1 1,1 0.001 -1 1 2,0 0.001 0 1 0.0071 65 1,13 0.001 1 -1 1,14 0.001 0 -1 2,13 0.001 -1 -1 0.0081 65 13,1 0.001 -1 1 14,1 0.001 -1 1 14,0 0.001 -1 -1 3.0074 110 13,13 0.001 1 1 12,14 0.001 0 1 14,13 0.001 -1 1 0.0071 65 ::f,3,1 f,3,15 f,13,2 f,15,15 
27:1,2 0.001 1 1 1,1 0.001 -1 1 2,0 0.001 1 1 0.0071 65 1,13 0.001 1 -1 1,14 0.001 0 -1 2,13 0.001 -1 0 0.0081 65 13,1 0.001 -1 1 14,1 0.001 -1 1 14,0 0.001 -1 -1 3.0075 125 14,14 0.001 1 1 12,14 0.001 0 1 14,13 0.001 0 1 0.0081 65 ::f,3,1 f,3,15 f,12,0 f,15,15 
28:1,2 0.001 1 0 1,1 0.001 0 1 2,0 0.001 1 1 0.0072 80 1,13 0.001 0 -1 1,14 0.001 -1 -1 2,13 0.001 -1 0 0.0081 65 13,1 0.001 0 1 14,1 0.001 0 1 14,0 0.001 -1 0 3.0075 125 14,14 0.001 1 1 12,14 0.001 1 1 14,13 0.001 0 1 1.0082 80 ::f,2,1 f,3,15 f,12,0 f,15,12 
29:2,2 0.001 1 0 1,2 0.001 0 1 2,0 0.001 1 0 0.0092 80 1,13 0.001 0 -1 1,14 0.001 -1 -1 2,13 0.001 -1 0 0.0081 65 13,2 0.001 0 1 14,1 0.001 0 1 13,0 0.001 -1 0 3.0095 125 14,14 0.001 1 0 12,14 0.001 1 1 14,13 0.001 1 1 1.0082 80 ::f,2,1 f,3,15 f,12,0 f,15,12 
30:2,2 0.001 1 0 1,2 0.001 0 1 2,0 0.001 1 0 0.0092 80 1,13 0.001 -1 -1 1,14 0.001 -1 0 2,13 0.001 -1 1 0.0081 65 13,2 0.001 0 1 14,1 0.001 1 1 13,0 0.001 -1 0 6.0096 140 14,14 0.001 1 0 12,14 0.001 1 0 14,13 0.001 1 1 1.0082 80 ::f,2,1 f,3,15 f,15,2 f,15,12 
31:2,2 0.001 1 -1 1,2 0.001 1 1 2,0 0.001 1 -1 0.0092 80 1,13 0.001 -1 -1 1,14 0.001 -1 0 2,13 0.001 -1 1 0.0081 65 13,2 0.001 1 1 14,1 0.001 1 1 13,0 0.001 -1 1 7.0097 155 14,14 0.001 1 -1 13,14 0.001 1 0 14,13 0.001 1 0 1.0092 80 ::f,2,1 f,3,15 f,13,1 f,15,12 
32:2,2 0.001 1 -1 1,2 0.001 1 1 2,0 0.001 1 -1 0.0092 80 1,13 0.001 -1 0 1,14 0.001 -1 1 2,13 0.001 0 1 0.0081 65 13,2 0.001 1 1 14,1 0.001 1 0 13,0 0.001 -1 1 7.0097 155 14,14 0.001 1 -1 13,14 0.001 1 0 14,13 0.001 1 0 1.0092 80 ::f,2,1 f,3,15 f,13,1 f,15,12 
33:2,2 0.001 0 -1 1,2 0.001 1 0 2,0 0.001 0 -1 0.0092 80 1,13 0.001 -1 0 1,14 0.001 -1 1 2,13 0.001 0 1 0.0081 65 13,2 0.001 1 0 14,1 0.001 1 0 13,0 0.001 0 1 7.0097 155 14,14 0.001 0 -1 13,14 0.001 1 -1 14,13 0.001 1 -1 1.0092 80 ::f,2,1 f,3,15 f,13,1 f,15,12 
34:2,2 0.001 0 -1 1,2 0.001 1 0 2,0 0.001 0 -1 0.0092 80 1,13 0.001 -1 1 1,14 0.001 0 1 2,13 0.001 1 1 0.0081 65 14,2 0.001 1 0 14,1 0.001 1 -1 13,0 0.001 0 1 7.0107 155 14,14 0.001 0 -1 13,14 0.001 1 -1 14,13 0.001 1 -1 1.0093 95 ::f,2,1 f,3,15 f,13,1 f,15,12 
35:2,2 0.001 0 -1 1,2 0.001 1 0 2,0 0.001 -1 -1 1.0093 95 1,13 0.001 -1 1 1,14 0.001 0 1 2,13 0.001 1 1 0.0081 65 14,2 0.001 1 0 14,1 0.001 1 -1 13,0 0.001 0 1 11.0108 170 14,14 0.001 0 -1 13,14 0.001 1 -1 14,13 0.001 0 -1 1.0093 95 ::f,3,0 f,3,15 f,12,2 f,15,12 
36:2,2 0.001 -1 -1 1,2 0.001 1 -1 2,0 0.001 -1 -1 1.0093 95 1,13 0.001 0 1 1,14 0.001 1 1 2,13 0.001 1 0 0.0081 65 14,2 0.001 1 -1 14,1 0.001 0 -1 13,0 0.001 1 1 11.0108 170 14,14 0.001 -1 -1 13,14 0.001 0 -1 14,13 0.001 0 -1 1.0093 95 ::f,3,0 f,3,15 f,12,2 f,15,12 
37:2,2 0.001 -1 -1 2,1 0.001 1 -1 2,0 0.001 -1 0 1.0103 95 1,13 0.001 0 1 1,14 0.001 1 1 2,13 0.001 1 0 0.0081 65 14,2 0.001 1 -1 14,1 0.001 0 -1 13,0 0.001 1 1 11.0108 170 14,14 0.001 -1 -1 13,14 0.001 0 -1 14,13 0.001 -1 -1 1.0093 95 ::f,3,0 f,3,15 f,12,2 f,15,12 
38:2,2 0.001 -1 0 2,1 0.001 1 -1 1,0 0.001 -1 0 1.0114 110 1,13 0.001 0 1 1,14 0.001 1 0 2,13 0.001 1 -1 0.0081 65 14,2 0.001 0 -1 14,1 0.001 -1 -1 13,0 0.001 1 0 11.0108 170 14,14 0.001 -1 0 13,14 0.001 -1 -1 14,13 0.001 -1 -1 1.0093 95 ::f,0,1 f,3,15 f,12,2 f,15,12 
39:2,2 0.001 -1 0 2,1 0.001 0 -1 1,0 0.001 -1 0 1.0114 110 1,13 0.001 1 1 2,14 0.001 1 0 2,13 0.001 1 -1 0.0091 65 14,2 0.001 0 -1 14,1 0.001 -1 -1 13,0 0.001 1 0 11.0108 170 14,14 0.001 -1 0 13,14 0.001 -1 -1 14,13 0.001 -1 0 1.0093 95 ::f,0,1 f,3,15 f,12,2 f,15,12 
40:2,2 0.001 -1 1 2,1 0.001 0 -1 1,0 0.001 -1 1 1.0114 110 1,13 0.001 1 1 2,14 0.001 1 0 2,13 0.001 0 -1 0.0091 65 14,2 0.001 0 -1 14,1 0.001 -1 0 13,0 0.001 1 -1 11.0108 170 14,14 0.001 -1 1 13,14 0.001 -1 0 13,13 0.001 -1 0 1.0103 95 ::f,0,1 f,3,15 f,12,2 f,15,12 
41:2,2 0.001 -1 1 2,1 0.001 -1 -1 1,0 0.001 -1 1 2.0115 125 1,13 0.001 1 1 2,14 0.001 1 -1 2,13 0.001 0 -1 0.0091 65 14,2 0.001 -1 -1 13,1 0.001 -1 0 13,0 0.001 1 -1 11.0118 170 14,14 0.001 -1 1 13,14 0.001 -1 0 13,13 0.001 -1 0 1.0103 95 ::f,2,0 f,3,15 f,12,2 f,15,12 
42:2,2 0.001 0 1 2,1 0.001 -1 -1 1,0 0.001 0 1 2.0115 125 1,13 0.001 1 0 2,14 0.001 1 -1 2,13 0.001 -1 -1 0.0091 65 14,2 0.001 -1 -1 13,1 0.001 -1 0 13,0 0.001 0 -1 11.0118 170 14,14 0.001 0 1 13,14 0.001 -1 1 13,13 0.001 -1 1 1.0103 95 ::f,2,0 f,3,15 f,12,2 f,15,12 
43:2,2 0.001 0 1 2,1 0.001 -1 0 1,1 0.001 0 1 2.0125 125 1,13 0.001 1 0 2,14 0.001 0 -1 2,13 0.001 -1 -1 0.0091 65 14,2 0.001 -1 0 13,1 0.001 -1 1 13,0 0.001 0 -1 11.0118 170 14,14 0.001 0 1 13,14 0.001 -1 1 13,13 0.001 -1 1 1.0103 95 ::f,2,0 f,3,15 f,12,2 f,15,12 
44:2,2 0.001 1 1 2,1 0.001 -1 0 1,1 0.001 0 1 2.0125 125 1,13 0.001 1 -1 2,14 0.001 0 -1 2,13 0.001 -1 0 0.0091 65 13,2 0.001 -1 0 13,1 0.001 -1 1 13,0 0.001 -1 -1 13.0129 185 14,14 0.001 1 1 13,14 0.001 0 1 13,13 0.001 0 1 1.0103 95 ::f,2,0 f,3,15 f,15,0 f,15,12 
45:2,2 0.001 1 1 2,1 0.001 -1 0 1,1 0.001 1 1 2.0125 125 1,13 0.001 1 -1 2,14 0.001 0 -1 2,13 0.001 -1 0 0.0091 65 13,2 0.001 -1 0 13,1 0.001 0 1 13,0 0.001 -1 -1 13.0129 185 14,14 0.001 1 1 13,14 0.001 0 1 13,13 0.001 0 1 1.0103 95 ::f,2,0 f,3,15 f,15,0 f,15,12 
46:2,2 0.001 1 0 2,1 0.001 -1 1 1,1 0.001 1 1 2.0125 125 1,13 0.001 0 -1 2,14 0.001 -1 -1 2,13 0.001 -1 0 0.0091 65 13,2 0.001 -1 1 13,1 0.001 0 1 13,0 0.001 -1 0 13.0129 185 14,14 0.001 1 0 13,14 0.001 1 1 13,13 0.001 0 1 1.0103 95 ::f,2,0 f,3,15 f,15,0 f,15,12 
47:2,2 0.001 1 0 2,1 0.001 -1 1 1,1 0.001 1 0 2.0125 125 1,13 0.001 0 -1 2,14 0.001 -1 -1 2,13 0.001 -1 1 0.0091 65 13,2 0.001 -1 1 13,1 0.001 0 1 13,0 0.001 -1 0 13.0129 185 14,14 0.001 1 0 13,14 0.001 1 1 13,13 0.001 1 1 1.0103 95 ::f,2,0 f,3,15 f,15,0 f,15,12 
48:2,2 0.001 1 -1 2,1 0.001 0 1 1,1 0.001 1 0 2.0125 125 1,13 0.001 -1 -1 2,14 0.001 -1 0 2,13 0.001 -1 1 0.0091 65 13,2 0.001 0 1 13,1 0.001 1 1 13,0 0.001 -1 1 13.0129 185 14,14 0.001 1 -1 13,14 0.001 1 0 13,13 0.001 1 1 1.0103 95 ::f,2,0 f,3,15 f,15,0 f,15,12 
49:2,2 0.001 1 -1 2,1 0.001 0 1 1,1 0.001 1 -1 2.0125 125 1,13 0.001 -1 -1 2,14 0.001 -1 0 2,13 0.001 0 1 0.0091 65 13,2 0.001 0 1 13,1 0.001 1 1 13,0 0.001 -1 1 13.0129 185 14,14 0.001 1 -1 13,14 0.001 1 0 13,13 0.001 1 0 1.0103 95 ::f,2,0 f,3,15 f,15,0 f,15,12 
50:2,2 0.001 0 -1 2,1 0.001 1 1 1,1 0.001 1 -1 4.0126 140 1,13 0.001 -1 0 2,14 0.001 -1 1 2,13 0.001 0 1 0.0091 65 13,2 0.001 1 1 13,1 0.001 1 0 13,0 0.001 0 1 13.0129 185 14,14 0.001 0 -1 13,14 0.001 1 0 13,13 0.001 1 0 1.0103 95 ::f,1,3 f,3,15 f,15,0 f,15,12 
51:2,2 0.001 0 -1 2,1 0.001 1 1 1,1 0.001 0 -1 4.0126 140 1,13 0.001 -1 0 2,14 0.001 -1 1 2,13 0.001 1 1 0.0091 65 13,2 0.001 1 1 13,1 0.001 1 0 13,0 0.001 0 1 13.0129 185 14,13 0.001 0 -1 13,14 0.001 1 -1 13,13 0.001 1 -1 1.0113 95 ::f,1,3 f,3,15 f,15,0 f,15,12 
52:2,2 0.001 0 -1 2,1 0.001 1 0 1,1 0.001 0 -1 4.0126 140 1,13 0.001 -1 1 2,14 0.001 0 1 2,13 0.001 1 1 0.0091 65 13,2 0.001 1 0 13,1 0.001 1 -1 13,0 0.001 0 1 13.0129 185 14,13 0.001 0 -1 13,14 0.001 1 -1 13,13 0.001 1 -1 1.0113 95 ::f,1,3 f,3,15 f,15,0 f,15,12 
53:2,2 0.001 -1 -1 2,1 0.001 1 0 1,1 0.001 -1 -1 4.0126 140 1,13 0.001 -1 1 2,14 0.001 0 1 2,13 0.001 1 0 0.0091 65 14,2 0.001 1 0 13,1 0.001 1 -1 13,0 0.001 1 1 13.0139 185 14,13 0.001 -1 -1 13,14 0.001 1 -1 13,13 0.001 0 -1 1.0113 95 ::f,1,3 f,3,15 f,15,0 f,15,12 
54:2,2 0.001 -1 -1 2,1 0.001 1 -1 1,1 0.001 -1 -1 4.0126 140 1,13 0.001 0 1 2,14 0.001 1 1 2,13 0.001 1 0 0.0091 65 14,2 0.001 1 0 13,1 0.001 0 -1 13,0 0.001 1 0 13.0139 185 14,13 0.001 -1 -1 13,14 0.001 0 -1 13,13 0.001 0 -1 1.0113 95 ::f,1,3 f,3,15 f,15,0 f,15,12 
55:2,2 0.001 -1 0 2,1 0.001 1 -1 1,1 0.001 -1 0 4.0126 140 1,14 0.001 0 1 2,14 0.001 1 1 2,13 0.001 1 -1 0.0102 80 14,2 0.001 1 -1 13,1 0.001 0 -1 14,0 0.001 1 0 13.0149 185 14,13 0.001 -1 0 13,14 0.001 0 -1 13,13 0.001 -1 -1 1.0113 95 ::f,1,3 f,3,15 f,15,0 f,15,12 
56:2,2 0.001 -1 0 2,1 0.001 0 -1 1,1 0.001 -1 0 4.0126 140 1,14 0.001 0 1 2,14 0.001 1 0 2,13 0.001 1 -1 0.0102 80 14,2 0.001 1 -1 13,1 0.001 -1 -1 14,0 0.001 1 0 18.015 200 14,13 0.001 -1 0 13,14 0.001 -1 -1 13,13 0.001 -1 -1 1.0113 95 ::f,1,3 f,3,15 f,15,0 f,15,12 
57:2,2 0.001 -1 1 2,1 0.001 0 -1 1,1 0.001 -1 1 4.0126 140 1,14 0.001 1 1 2,14 0.001 1 0 2,13 0.001 0 -1 0.0102 80 14,2 0.001 0 -1 13,1 0.001 -1 -1 14,0 0.001 1 -1 18.015 200 14,13 0.001 -1 0 13,14 0.001 -1 -1 13,13 0.001 -1 0 1.0113 95 ::f,1,3 f,3,15 f,15,0 f,15,12 
58:2,2 0.001 -1 1 2,1 0.001 -1 -1 1,1 0.001 -1 1 9.0128 170 1,14 0.001 1 1 2,14 0.001 1 -1 2,13 0.001 0 -1 0.0102 80 14,1 0.001 0 -1 13,1 0.001 -1 0 14,0 0.001 1 -1 18.016 200 14,13 0.001 -1 1 13,14 0.001 -1 0 13,13 0.001 -1 0 1.0113 95 ::f,0,0 f,3,15 f,15,0 f,15,12 
59:2,2 0.001 0 1 2,1 0.001 -1 -1 1,1 0.001 0 1 9.0128 170 1,14 0.001 1 0 2,14 0.001 1 -1 2,13 0.001 -1 -1 0.0102 80 14,1 0.001 0 -1 13,1 0.001 -1 0 14,0 0.001 0 -1 18.016 200 14,13 0.001 -1 1 13,14 0.001 -1 0 13,13 0.001 -1 1 1.0113 95 ::f,0,0 f,3,15 f,15,0 f,15,12 
60:2,2 0.001 0 1 2,1 0.001 -1 0 1,2 0.001 0 1 9.0138 170 1,14 0.001 1 0 2,14 0.001 0 -1 2,13 0.001 -1 -1 0.0102 80 14,1 0.001 -1 -1 13,1 0.001 -1 1 14,0 0.001 0 -1 18.016 200 14,13 0.001 0 1 13,14 0.001 -1 1 13,13 0.001 -1 1 1.0113 95 ::f,0,0 f,3,15 f,15,0 f,15,12 
61:2,2 0.001 1 1 1,1 0.001 -1 0 1,2 0.001 0 1 9.0148 170 1,14 0.001 1 0 2,14 0.001 0 -1 2,13 0.001 -1 0 0.0102 80 14,1 0.001 -1 -1 13,1 0.001 -1 1 14,0 0.001 -1 -1 18.016 200 14,13 0.001 0 1 13,14 0.001 -1 1 13,13 0.001 0 1 1.0113 95 ::f,0,0 f,3,15 f,15,0 f,15,12 
62:2,2 0.001 1 1 1,1 0.001 -1 0 1,2 0.001 1 1 9.0148 170 1,14 0.001 1 -1 2,14 0.001 0 -1 1,13 0.001 -1 0 0.0112 80 14,1 0.001 -1 0 13,1 0.001 0 1 14,0 0.001 -1 -1 18.016 200 14,13 0.001 1 1 13,14 0.001 0 1 13,13 0.001 0 1 1.0113 95 ::f,0,0 f,3,15 f,15,0 f,15,12 
63:2,2 0.001 1 0 1,1 0.001 -1 1 1,2 0.001 1 1 9.0148 170 1,14 0.001 1 -1 2,14 0.001 -1 -1 1,13 0.001 -1 0 0.0112 80 14,1 0.001 -1 0 13,2 0.001 0 1 14,0 0.001 -1 0 18.017 200 14,13 0.001 1 1 13,14 0.001 0 1 13,13 0.001 0 1 1.0113 95 ::f,0,0 f,3,15 f,15,0 f,15,12 
64:2,2 0.001 1 0 1,1 0.001 -1 1 1,2 0.001 1 0 9.0148 170 1,14 0.001 0 -1 2,14 0.001 -1 -1 1,13 0.001 -1 1 0.0112 80 14,1 0.001 -1 0 13,2 0.001 0 1 13,0 0.001 -1 0 18.018 200 14,13 0.001 1 0 13,14 0.001 1 1 13,13 0.001 1 1 1.0113 95 ::f,0,0 f,3,15 f,15,0 f,15,12 
65:2,2 0.001 1 -1 1,1 0.001 0 1 1,2 0.001 1 0 9.0148 170 1,14 0.001 0 -1 2,14 0.001 -1 0 1,13 0.001 -1 1 0.0112 80 14,1 0.001 -1 1 13,2 0.001 1 1 13,0 0.001 -1 0 18.018 200 14,13 0.001 1 0 13,14 0.001 1 1 13,13 0.001 1 1 1.0113 95 ::f,0,0 f,3,15 f,15,0 f,15,12 
66:2,2 0.001 1 -1 1,1 0.001 0 1 1,2 0.001 1 0 9.0148 170 1,14 0.001 -1 -1 2,14 0.001 -1 0 1,13 0.001 0 1 0.0112 80 14,1 0.001 -1 1 13,2 0.001 1 1 13,0 0.001 -1 1 18.018 200 14,13 0.001 1 -1 13,14 0.001 1 0 13,13 0.001 1 0 1.0113 95 ::f,0,0 f,3,15 f,15,0 f,15,12 
67:2,2 0.001 0 -1 1,1 0.001 0 1 1,2 0.001 1 -1 9.0148 170 1,14 0.001 -1 -1 2,14 0.001 -1 1 1,13 0.001 0 1 0.0112 80 14,1 0.001 0 1 13,2 0.001 1 0 13,0 0.001 -1 1 18.018 200 14,13 0.001 1 -1 14,14 0.001 1 0 13,13 0.001 1 0 3.0124 110 ::f,0,0 f,3,15 f,12,13 f,15,0 
68:2,1 0.001 0 -1 1,1 0.001 1 1 1,2 0.001 1 -1 9.0158 170 1,14 0.001 -1 0 2,14 0.001 -1 1 1,13 0.001 0 1 0.0112 80 14,1 0.001 0 1 14,2 0.001 1 0 13,0 0.001 0 1 18.019 200 14,13 0.001 0 -1 14,14 0.001 1 0 13,13 0.001 1 -1 3.0124 110 ::f,0,0 f,3,15 f,12,13 f,15,0 
69:2,1 0.001 0 -1 1,1 0.001 1 1 1,2 0.001 0 -1 9.0158 170 1,14 0.001 -1 0 2,14 0.001 0 1 1,13 0.001 1 1 0.0112 80 14,1 0.001 1 1 14,2 0.001 1 0 13,1 0.001 0 1 18.02 200 14,13 0.001 0 -1 14,14 0.001 1 -1 13,13 0.001 1 -1 3.0124 110 ::f,0,0 f,3,15 f,12,13 f,15,0 
70:2,1 0.001 -1 -1 1,1 0.001 1 0 1,2 0.001 0 -1 9.0158 170 1,14 0.001 -1 1 2,14 0.001 0 1 1,13 0.001 1 1 0.0112 80 14,1 0.001 1 1 14,2 0.001 1 -1 13,1 0.001 0 1 18.02 200 14,13 0.001 -1 -1 14,14 0.001 1 -1 13,13 0.001 0 -1 3.0124 110 ::f,0,0 f,3,15 f,12,13 f,15,0 
71:2,1 0.001 -1 -1 1,1 0.001 1 0 1,2 0.001 -1 -1 9.0158 170 1,14 0.001 -1 1 2,14 0.001 1 1 1,13 0.001 1 1 0.0112 80 14,1 0.001 1 0 14,2 0.001 1 -1 13,1 0.001 1 1 18.02 200 14,13 0.001 -1 -1 14,14 0.001 0 -1 13,13 0.001 0 -1 3.0124 110 ::f,0,0 f,3,15 f,12,13 f,15,0 
72:2,1 0.001 -1 0 1,1 0.001 1 -1 1,2 0.001 -1 -1 9.0158 170 1,14 0.001 0 1 2,14 0.001 1 1 1,13 0.001 1 0 1.0113 95 14,1 0.001 1 0 14,2 0.001 0 -1 13,1 0.001 1 1 18.02 200 14,13 0.001 -1 0 14,14 0.001 0 -1 13,13 0.001 -1 -1 3.0124 110 ::f,0,0 f,3,15 f,12,13 f,15,0 
73:2,1 0.001 -1 0 1,1 0.001 1 -1 1,2 0.001 -1 0 9.0158 170 1,14 0.001 0 1 2,14 0.001 1 0 1,13 0.001 1 0 1.0113 95 14,1 0.001 1 -1 14,2 0.001 0 -1 13,1 0.001 1 0 18.02 200 14,13 0.001 -1 0 14,14 0.001 0 -1 13,13 0.001 -1 -1 3.0124 110 ::f,0,0 f,3,15 f,12,13 f,15,0 
74:2,1 0.001 -1 0 1,1 0.001 0 -1 1,2 0.001 -1 0 9.0158 170 1,14 0.001 1 1 2,14 0.001 1 0 1,13 0.001 1 -1 1.0113 95 14,1 0.001 1 -1 14,2 0.001 0 -1 13,1 0.001 1 0 19.0201 215 14,13 0.001 -1 0 14,14 0.001 -1 -1 13,13 0.001 -1 0 3.0124 110 ::f,0,0 f,3,15 f,12,13 f,15,1 
75:2,1 0.001 -1 1 1,1 0.001 0 -1 1,2 0.001 -1 1 9.0158 170 1,14 0.001 1 1 2,14 0.001 1 -1 1,13 0.001 1 -1 1.0113 95 14,1 0.001 0 -1 14,2 0.001 -1 -1 13,1 0.001 1 0 19.0201 215 14,13 0.001 -1 1 14,14 0.001 -1 -1 13,13 0.001 -1 0 4.0125 125 ::f,0,0 f,3,15 f,15,1 f,15,13 
76:2,1 0.001 -1 1 1,1 0.001 -1 -1 1,2 0.001 -1 1 9.0158 170 1,14 0.001 1 0 2,14 0.001 1 -1 1,13 0.001 0 -1 1.0113 95 14,1 0.001 0 -1 14,2 0.001 -1 -1 13,1 0.001 1 -1 19.0201 215 14,13 0.001 -1 1 14,14 0.001 -1 0 13,13 0.001 -1 1 4.0125 125 ::f,0,0 f,3,15 f,15,1 f,15,13 
77:2,1 0.001 0 1 1,1 0.001 -1 -1 1,2 0.001 0 1 10.0159 185 1,14 0.001 1 0 2,14 0.001 0 -1 1,13 0.001 0 -1 1.0113 95 14,1 0.001 -1 -1 14,2 0.001 -1 0 13,1 0.001 1 -1 19.0201 215 14,13 0.001 0 1 14,14 0.001 -1 0 13,13 0.001 -1 1 4.0125 125 ::f,3,3 f,3,15 f,15,1 f,15,13 
78:2,1 0.001 0 1 1,1 0.001 -1 0 1,2 0.001 0 1 10.0159 185 1,14 0.001 1 0 2,13 0.001 0 -1 1,13 0.001 -1 -1 1.0123 95 14,1 0.001 -1 -1 14,2 0.001 -1 0 13,1 0.001 0 -1 19.0201 215 14,13 0.001 0 1 14,14 0.001 -1 1 13,13 0.001 0 1 4.0125 125 ::f,3,3 f,3,15 f,15,1 f,15,13 
79:2,1 0.001 1 1 1,1 0.001 -1 0 1,2 0.001 1 1 10.0159 185 1,14 0.001 1 -1 2,13 0.001 0 -1 1,13 0.001 -1 -1 1.0123 95 14,1 0.001 -1 0 14,2 0.001 -1 1 13,1 0.001 0 -1 19.0201 215 14,13 0.001 1 1 14,14 0.001 -1 1 13,14 0.001 0 1 4.0135 125 ::f,3,3 f,3,15 f,15,1 f,15,13 
80:2,1 0.001 1 1 1,1 0.001 -1 1 1,2 0.001 1 1 10.0159 185 1,14 0.001 1 -1 2,13 0.001 -1 -1 1,13 0.001 -1 0 1.0123 95 14,1 0.001 -1 0 14,2 0.001 -1 1 13,1 0.001 -1 -1 19.0201 215 14,13 0.001 1 1 14,14 0.001 0 1 13,14 0.001 0 1 4.0135 125 ::f,3,3 f,3,15 f,15,1 f,15,13 
81:2,1 0.001 1 0 1,1 0.001 -1 1 1,2 0.001 1 0 10.0159 185 1,14 0.001 0 -1 2,13 0.001 -1 -1 1,13 0.001 -1 0 1.0123 95 14,1 0.001 -1 0 14,2 0.001 0 1 13,1 0.001 -1 -1 19.0201 215 14,13 0.001 1 0 14,14 0.001 0 1 13,14 0.001 1 1 4.0135 125 ::f,3,3 f,3,15 f,15,1 f,15,13 
82:2,1 0.001 1 0 1,1 0.001 0 1 2,2 0.001 1 0 10.0169 185 1,14 0.001 0 -1 2,13 0.001 -1 0 1,13 0.001 -1 1 1.0123 95 14,1 0.001 -1 1 14,2 0.001 0 1 13,1 0.001 -1 0 19.0201 215 14,13 0.001 1 0 14,14 0.001 1 1 13,14 0.001 1 1 7.0136 140 ::f,3,3 f,3,15 f,15,1 f,15,14 
83:2,1 0.001 1 -1 1,2 0.001 0 1 2,2 0.001 1 0 10.0179 185 1,14 0.001 -1 -1 2,13 0.001 -1 0 1,13 0.001 -1 1 1.0123 95 14,1 0.001 -1 1 14,2 0.001 1 1 13,1 0.001 -1 0 19.0201 215 14,13 0.001 1 -1 14,14 0.001 1 1 13,14 0.001 1 0 7.0136 140 ::f,3,3 f,3,15 f,15,1 f,15,14 
84:2,1 0.001 1 -1 1,2 0.001 0 1 2,2 0.001 1 -1 10.0179 185 1,14 0.001 -1 -1 2,13 0.001 -1 0 1,13 0.001 0 1 1.0123 95 14,1 0.001 0 1 14,2 0.001 1 1 13,1 0.001 -1 1 19.0201 215 14,13 0.001 1 -1 14,14 0.001 1 0 13,14 0.001 1 0 7.0136 140 ::f,3,3 f,3,15 f,15,1 f,15,14 
85:2,1 0.001 0 -1 1,2 0.001 1 1 2,2 0.001 1 -1 10.0179 185 1,14 0.001 -1 0 2,13 0.001 -1 1 1,13 0.001 0 1 1.0123 95 14,1 0.001 0 1 14,2 0.001 1 0 13,1 0.001 -1 1 19.0201 215 14,13 0.001 0 -1 14,14 0.001 1 0 13,14 0.001 1 0 7.0137 155 ::f,3,3 f,3,15 f,15,1 f,15,13 
86:2,1 0.001 0 -1 1,2 0.001 1 1 2,2 0.001 0 -1 10.0179 185 1,14 0.001 -1 0 2,13 0.001 -1 1 1,13 0.001 0 1 1.0123 95 14,1 0.001 1 1 14,2 0.001 1 0 13,1 0.001 0 1 19.0201 215 14,13 0.001 0 -1 14,14 0.001 1 -1 13,14 0.001 1 -1 7.0137 155 ::f,3,3 f,3,15 f,15,1 f,15,13 
87:2,1 0.001 -1 -1 1,2 0.001 1 0 2,2 0.001 0 -1 10.0179 185 1,14 0.001 -1 1 2,13 0.001 0 1 1,13 0.001 1 1 1.0123 95 14,1 0.001 1 1 14,2 0.001 1 -1 13,2 0.001 0 1 19.0211 215 14,13 0.001 -1 -1 14,14 0.001 1 -1 13,14 0.001 1 -1 8.0138 170 ::f,3,3 f,3,15 f,12,12 f,15,1 
88:2,1 0.001 -1 -1 1,2 0.001 1 0 2,2 0.001 0 -1 10.0179 185 1,14 0.001 -1 1 2,13 0.001 0 1 2,14 0.001 1 1 1.0133 95 14,1 0.001 1 0 14,2 0.001 1 -1 13,2 0.001 0 1 22.0212 230 14,13 0.001 -1 -1 14,14 0.001 0 -1 13,14 0.001 0 -1 8.0138 170 ::f,3,3 f,3,15 f,12,3 f,12,12 
89:2,1 0.001 -1 0 1,2 0.001 1 0 2,2 0.001 -1 -1 10.0179 185 1,14 0.001 0 1 2,13 0.001 1 1 2,14 0.001 1 1 1.0134 110 14,1 0.001 1 0 14,2 0.001 0 -1 13,2 0.001 1 1 22.0212 230 14,13 0.001 -1 0 14,14 0.001 0 -1 13,14 0.001 0 -1 8.0138 170 ::f,3,3 f,3,12 f,12,3 f,12,12 
90:1,1 0.001 -1 0 1,2 0.001 1 -1 2,2 0.001 -1 -1 10.0189 185 1,14 0.001 0 1 2,13 0.001 1 1 2,14 0.001 1 0 1.0134 110 14,1 0.001 1 -1 14,2 0.001 0 -1 13,2 0.001 1 1 22.0212 230 13,13 0.001 -1 0 14,14 0.001 0 -1 13,14 0.001 -1 -1 8.0148 170 ::f,3,3 f,3,12 f,12,3 f,12,12 
91:1,1 0.001 -1 0 1,2 0.001 1 -1 2,2 0.001 -1 0 10.0189 185 1,14 0.001 1 1 2,13 0.001 1 0 2,14 0.001 1 0 1.0134 110 14,1 0.001 1 -1 14,2 0.001 0 -1 13,2 0.001 1 0 22.0212 230 13,13 0.001 -1 0 14,14 0.001 -1 -1 13,14 0.001 -1 -1 8.0148 170 ::f,3,3 f,3,12 f,12,3 f,12,12 
92:1,1 0.001 -1 1 1,2 0.001 0 -1 2,2 0.001 -1 0 10.0189 185 1,14 0.001 1 1 2,13 0.001 1 0 2,14 0.001 1 -1 1.0134 110 14,1 0.001 0 -1 14,2 0.001 -1 -1 13,2 0.001 1 0 22.0212 230 13,13 0.001 -1 1 14,14 0.001 -1 -1 13,14 0.001 -1 0 8.0148 170 ::f,3,3 f,3,12 f,12,3 f,12,12 
93:1,1 0.001 -1 1 1,2 0.001 0 -1 2,2 0.001 -1 1 10.0189 185 1,14 0.001 1 0 2,13 0.001 1 -1 2,14 0.001 1 -1 1.0134 110 14,1 0.001 0 -1 14,2 0.001 -1 -1 13,2 0.001 1 0 22.0212 230 13,13 0.001 -1 1 14,14 0.001 -1 -1 13,14 0.001 -1 0 8.0148 170 ::f,3,3 f,3,12 f,12,3 f,12,12 
94:1,1 0.001 0 1 1,2 0.001 -1 -1 2,2 0.001 -1 1 10.0189 185 1,14 0.001 1 0 2,13 0.001 1 -1 2,14 0.001 0 -1 3.0135 125 14,1 0.001 -1 -1 14,2 0.001 -1 0 13,2 0.001 1 -1 22.0212 230 13,13 0.001 0 1 14,14 0.001 -1 0 13,14 0.001 -1 1 8.0148 170 ::f,0,15 f,3,3 f,12,3 f,12,12 
95:1,1 0.001 0 1 1,2 0.001 -1 -1 2,2 0.001 0 1 10.0189 185 1,14 0.001 1 0 2,13 0.001 0 -1 2,14 0.001 0 -1 3.0135 125 14,1 0.001 -1 -1 14,2 0.001 -1 0 13,2 0.001 1 -1 22.0212 230 13,13 0.001 0 1 14,14 0.001 -1 0 13,14 0.001 -1 1 8.0148 170 ::f,0,15 f,3,3 f,12,3 f,12,12 
96:1,1 0.001 0 1 1,2 0.001 -1 0 2,2 0.001 0 1 10.0189 185 1,14 0.001 1 -1 2,13 0.001 0 -1 2,14 0.001 0 -1 3.0135 125 14,1 0.001 -1 0 14,2 0.001 -1 1 13,2 0.001 0 -1 22.0212 230 13,13 0.001 0 1 14,14 0.001 -1 1 13,14 0.001 0 1 8.0148 170 ::f,0,15 f,3,3 f,12,3 f,12,12 
97:1,1 0.001 1 1 1,2 0.001 -1 0 2,2 0.001 1 1 10.0189 185 1,14 0.001 1 -1 2,13 0.001 -1 -1 2,14 0.001 -1 -1 3.0135 125 13,1 0.001 -1 0 14,2 0.001 -1 1 13,2 0.001 0 -1 22.0222 230 13,13 0.001 1 1 14,14 0.001 -1 1 13,14 0.001 0 1 8.0148 170 ::f,0,15 f,3,3 f,12,3 f,12,12 
98:1,1 0.001 1 1 1,2 0.001 -1 1 2,2 0.001 1 1 14.019 200 1,14 0.001 0 -1 2,13 0.001 -1 -1 2,14 0.001 -1 -1 3.0135 125 13,1 0.001 -1 0 14,2 0.001 0 1 13,2 0.001 -1 -1 22.0222 230 13,13 0.001 1 1 14,14 0.001 0 1 13,14 0.001 1 1 8.0148 170 ::f,0,15 f,3,1 f,12,3 f,12,12 
99:1,1 0.001 1 1 1,2 0.001 -1 1 2,2 0.001 1 0 14.019 200 1,14 0.001 0 -1 2,13 0.001 -1 0 2,14 0.001 -1 0 3.0135 125 13,1 0.001 -1 1 14,2 0.001 0 1 13,2 0.001 -1 -1 22.0222 230 13,13 0.001 1 0 14,14 0.001 0 1 13,14 0.001 1 1 8.0148 170 ::f,0,15 f,3,1 f,12,3 f,12,12 
100:1,1 0.001 1 0 1,2 0.001 0 1 2,2 0.001 1 0 14.019 200 1,14 0.001 -1 -1 1,13 0.001 -1 0 2,14 0.001 -1 0 3.0145 125 13,1 0.001 -1 1 14,2 0.001 1 1 13,2 0.001 -1 0 22.0222 230 13,13 0.001 1 0 14,14 0.001 1 1 13,14 0.001 1 0 8.0148 170 ::f,0,15 f,3,1 f,12,3 f,12,12 
101:2,1 0.001 1 0 1,2 0.001 0 1 2,2 0.001 1 -1 14.02 200 1,14 0.001 -1 -1 1,13 0.001 -1 0 2,14 0.001 -1 1 3.0145 125 13,1 0.001 0 1 14,2 0.001 1 1 13,2 0.001 -1 0 22.0222 230 13,13 0.001 1 -1 14,14 0.001 1 1 13,14 0.001 1 0 8.0148 170 ::f,0,15 f,3,1 f,12,3 f,12,12 
102:2,1 0.001 1 0 1,2 0.001 1 1 2,2 0.001 1 -1 17.0201 215 1,14 0.001 -1 0 1,13 0.001 -1 1 2,14 0.001 -1 1 3.0145 125 13,1 0.001 0 1 14,2 0.001 1 0 13,2 0.001 -1 1 22.0222 230 13,13 0.001 1 -1 14,14 0.001 1 0 13,14 0.001 1 0 8.0148 170 ::f,0,15 f,1,0 f,12,3 f,12,12 
103:2,1 0.001 1 -1 1,2 0.001 1 1 2,2 0.001 0 -1 17.0201 215 1,14 0.001 -1 0 1,13 0.001 -1 1 2,14 0.001 0 1 3.0145 125 13,1 0.001 0 1 14,2 0.001 1 0 13,2 0.001 -1 1 28.0223 245 13,13 0.001 0 -1 14,14 0.001 1 0 13,14 0.001 1 -1 8.0148 170 ::f,0,15 f,1,0 f,12,2 f,12,12 
104:2,1 0.001 1 -1 1,2 0.001 1 0 2,2 0.001 0 -1 17.0201 215 1,14 0.001 -1 1 1,13 0.001 0 1 2,14 0.001 0 1 3.0145 125 13,1 0.001 1 1 14,2 0.001 1 -1 13,2 0.001 0 1 28.0223 245 13,13 0.001 0 -1 14,14 0.001 1 -1 13,14 0.001 1 -1 8.0148 170 ::f,0,15 f,1,0 f,12,2 f,12,12 
105:2,1 0.001 0 -1 1,2 0.001 1 0 2,2 0.001 0 -1 17.0201 215 1,14 0.001 -1 1 1,13 0.001 0 1 2,14 0.001 1 1 4.0146 140 13,1 0.001 1 1 14,2 0.001 1 -1 13,2 0.001 0 1 28.0223 245 13,13 0.001 -1 -1 14,14 0.001 1 -1 13,14 0.001 0 -1 8.0148 170 ::f,1,0 f,3,12 f,12,2 f,12,12 
106:2,1 0.001 0 -1 1,2 0.001 1 0 2,2 0.001 -1 -1 17.0201 215 1,14 0.001 0 1 1,13 0.001 0 1 2,14 0.001 1 1 4.0146 140 13,1 0.001 1 0 14,2 0.001 0 -1 13,2 0.001 1 1 28.0223 245 13,13 0.001 -1 -1 14,14 0.001 0 -1 13,14 0.001 0 -1 12.0149 185 ::f,1,0 f,3,12 f,12,2 f,13,15 
107:2,1 0.001 -1 -1 1,2 0.001 1 -1 2,2 0.001 -1 -1 17.0201 215 1,14 0.001 0 1 1,13 0.001 1 1 2,14 0.001 1 0 4.0146 140 13,1 0.001 1 0 14,1 0.001 0 -1 13,2 0.001 1 1 28.0233 245 13,13 0.001 -1 0 14,13 0.001 0 -1 13,14 0.001 -1 -1 12.0159 185 ::f,1,0 f,3,12 f,12,2 f,13,15 
108:2,1 0.001 -1 -1 1,2 0.001 1 -1 2,2 0.001 -1 0 21.0202 230 1,14 0.001 1 1 1,13 0.001 1 1 2,14 0.001 1 0 4.0146 140 13,1 0.001 1 -1 14,1 0.001 0 -1 13,2 0.001 1 0 28.0233 245 13,13 0.001 -1 0 14,13 0.001 0 -1 13,14 0.001 -1 -1 12.0159 185 ::f,0,1 f,3,12 f,12,2 f,13,15 
109:2,1 0.001 -1 0 1,2 0.001 0 -1 2,2 0.001 -1 0 21.0202 230 1,14 0.001 1 1 1,13 0.001 1 0 2,14 0.001 1 -1 4.0146 140 13,1 0.001 1 -1 14,1 0.001 -1 -1 14,2 0.001 1 0 28.0243 245 13,13 0.001 -1 1 14,13 0.001 -1 -1 13,14 0.001 -1 0 12.0159 185 ::f,0,1 f,3,12 f,12,2 f,13,15 
110:1,1 0.001 -1 0 1,2 0.001 0 -1 2,2 0.001 -1 1 21.0212 230 1,14 0.001 1 0 1,13 0.001 1 0 2,14 0.001 1 -1 4.0146 140 13,1 0.001 0 -1 14,1 0.001 -1 -1 14,2 0.001 1 0 28.0243 245 13,13 0.001 -1 1 14,13 0.001 -1 -1 13,14 0.001 -1 0 12.0159 185 ::f,0,1 f,3,12 f,12,2 f,13,15 
111:1,1 0.001 -1 0 1,2 0.001 -1 -1 2,2 0.001 -1 1 26.0213 245 1,14 0.001 1 0 1,13 0.001 1 -1 2,14 0.001 0 -1 4.0146 140 13,1 0.001 0 -1 14,1 0.001 -1 0 14,2 0.001 1 -1 28.0243 245 13,13 0.001 0 1 14,13 0.001 -1 0 13,14 0.001 -1 1 12.0159 185 ::f,0,0 f,3,12 f,12,2 f,13,15 
112:1,1 0.001 -1 1 1,2 0.001 -1 -1 2,2 0.001 0 1 26.0213 245 1,14 0.001 1 0 1,13 0.001 1 -1 2,13 0.001 0 -1 4.0156 140 13,1 0.001 -1 -1 14,1 0.001 -1 0 14,2 0.001 1 -1 28.0243 245 13,13 0.001 0 1 14,13 0.001 -1 0 13,14 0.001 -1 1 12.0159 185 ::f,0,0 f,3,12 f,12,2 f,13,15 
113:1,1 0.001 -1 1 1,2 0.001 -1 0 2,2 0.001 0 1 26.0213 245 1,14 0.001 1 -1 1,13 0.001 0 -1 2,13 0.001 0 -1 4.0156 140 13,1 0.001 -1 -1 14,1 0.001 -1 0 14,2 0.001 0 -1 28.0243 245 13,13 0.001 0 1 14,13 0.001 -1 0 13,14 0.001 0 1 12.0159 185 ::f,0,0 f,3,12 f,12,2 f,13,15 
114:1,1 0.001 0 1 1,2 0.001 -1 0 2,2 0.001 1 1 26.0213 245 1,14 0.001 1 -1 1,13 0.001 0 -1 2,13 0.001 -1 -1 4.0156 140 13,1 0.001 -1 0 14,1 0.001 -1 1 14,2 0.001 0 -1 28.0243 245 13,13 0.001 1 1 14,13 0.001 -1 1 13,14 0.001 0 1 14.016 200 ::f,0,0 f,3,12 f,12,2 f,13,15 
115:1,1 0.001 0 1 1,2 0.001 -1 1 2,2 0.001 1 1 26.0213 245 1,14 0.001 1 -1 1,13 0.001 -1 -1 2,13 0.001 -1 -1 4.0156 140 13,1 0.001 -1 0 14,1 0.001 -1 1 14,2 0.001 0 -1 28.0243 245 13,13 0.001 1 1 14,13 0.001 -1 1 13,14 0.001 1 1 14.016 200 ::f,0,0 f,3,12 f,12,2 f,13,15 
116:1,1 0.001 0 1 1,2 0.001 -1 1 2,2 0.001 1 0 26.0213 245 1,14 0.001 0 -1 1,13 0.001 -1 -1 2,13 0.001 -1 0 4.0156 140 13,1 0.001 -1 1 14,1 0.001 0 1 14,2 0.001 -1 -1 28.0243 245 13,13 0.001 1 0 14,13 0.001 0 1 13,14 0.001 1 1 14.016 200 ::f,0,0 f,3,12 f,12,2 f,13,15 
117:1,1 0.001 1 1 1,2 0.001 0 1 2,2 0.001 1 0 26.0213 245 1,14 0.001 0 -1 1,13 0.001 -1 0 2,13 0.001 -1 0 4.0156 140 13,1 0.001 -1 1 14,1 0.001 0 1 14,2 0.001 -1 -1 30.0244 260 13,13 0.001 1 0 14,13 0.001 0 1 13,14 0.001 1 0 14.016 200 ::f,0,0 f,3,12 f,13,0 f,13,15 
118:1,1 0.001 1 1 1,2 0.001 0 1 2,2 0.001 1 -1 26.0213 245 1,14 0.001 -1 -1 1,13 0.001 -1 0 2,13 0.001 -1 0 4.0156 140 13,1 0.001 0 1 14,1 0.001 1 1 14,2 0.001 -1 0 30.0244 260 13,13 0.001 1 -1 14,13 0.001 1 1 14,14 0.001 1 0 14.017 200 ::f,0,0 f,3,12 f,13,0 f,13,15 
119:1,1 0.001 1 0 1,2 0.001 1 1 2,2 0.001 1 -1 26.0213 245 1,14 0.001 -1 -1 1,13 0.001 -1 1 2,13 0.001 -1 1 4.0156 140 13,2 0.001 0 1 14,1 0.001 1 1 14,2 0.001 -1 0 30.0254 260 13,13 0.001 1 -1 14,13 0.001 1 1 14,14 0.001 1 0 14.017 200 ::f,0,0 f,3,12 f,13,0 f,13,15 
120:1,1 0.001 1 0 1,2 0.001 1 1 2,2 0.001 0 -1 26.0213 245 1,14 0.001 -1 0 1,13 0.001 -1 1 2,13 0.001 -1 1 4.0156 140 13,2 0.001 0 1 14,1 0.001 1 0 14,2 0.001 -1 1 30.0254 260 13,13 0.001 0 -1 14,13 0.001 1 0 14,14 0.001 1 -1 14.017 200 ::f,0,0 f,3,12 f,13,0 f,13,15 
121:1,1 0.001 1 -1 1,2 0.001 1 0 2,1 0.001 0 -1 26.0223 245 1,14 0.001 -1 0 1,13 0.001 0 1 2,13 0.001 0 1 4.0156 140 13,2 0.001 1 1 14,1 0.001 1 0 14,2 0.001 -1 1 30.0254 260 13,13 0.001 0 -1 14,13 0.001 1 0 14,14 0.001 1 -1 14.017 200 ::f,0,0 f,3,12 f,13,0 f,13,15 
122:1,1 0.001 1 -1 2,2 0.001 1 0 2,1 0.001 0 -1 26.0233 245 1,14 0.001 -1 1 1,13 0.001 0 1 2,13 0.001 0 1 4.0156 140 13,2 0.001 1 1 14,1 0.001 1 -1 14,2 0.001 0 1 30.0254 260 13,13 0.001 -1 -1 14,13 0.001 1 -1 14,14 0.001 0 -1 14.017 200 ::f,0,0 f,3,12 f,13,0 f,13,15 
123:1,1 0.001 0 -1 2,2 0.001 1 0 2,1 0.001 -1 -1 26.0233 245 1,14 0.001 -1 1 1,13 0.001 0 1 2,13 0.001 1 1 4.0156 140 13,2 0.001 1 0 14,1 0.001 1 -1 14,2 0.001 0 1 30.0254 260 13,13 0.001 -1 -1 14,13 0.001 1 -1 14,14 0.001 0 -1 14.017 200 ::f,0,0 f,3,12 f,13,0 f,13,15 
124:1,1 0.001 0 -1 2,2 0.001 1 -1 2,1 0.001 -1 -1 26.0233 245 1,14 0.001 0 1 1,13 0.001 1 1 2,13 0.001 1 1 4.0156 140 13,2 0.001 1 0 14,1 0.001 0 -1 14,2 0.001 1 1 30.0254 260 13,13 0.001 -1 0 14,13 0.001 0 -1 14,14 0.001 0 -1 14.017 200 ::f,0,0 f,3,12 f,13,0 f,13,15 
125:1,1 0.001 -1 -1 2,2 0.001 1 -1 2,1 0.001 -1 0 26.0233 245 1,14 0.001 0 1 1,13 0.001 1 1 2,13 0.001 1 0 4.0156 140 13,2 0.001 1 0 14,1 0.001 0 -1 14,2 0.001 1 1 30.0254 260 13,13 0.001 -1 0 14,13 0.001 0 -1 14,14 0.001 -1 -1 14.017 200 ::f,0,0 f,3,12 f,13,0 f,13,15 
126:1,1 0.001 -1 -1 2,2 0.001 0 -1 2,1 0.001 -1 0 32.0234 260 1,14 0.001 1 1 1,13 0.001 1 0 2,13 0.001 1 0 4.0156 140 13,2 0.001 1 -1 14,1 0.001 -1 -1 14,2 0.001 1 0 30.0254 260 13,13 0.001 -1 1 14,13 0.001 -1 -1 14,14 0.001 -1 -1 14.017 200 ::f,3,0 f,3,12 f,13,0 f,13,15 
127:1,1 0.001 -1 0 2,2 0.001 0 -1 2,1 0.001 -1 0 32.0234 260 1,14 0.001 1 1 1,13 0.001 1 0 2,13 0.001 1 -1 4.0156 140 13,2 0.001 1 -1 14,1 0.001 -1 -1 14,2 0.001 1 0 34.0255 275 13,13 0.001 -1 1 14,13 0.001 -1 -1 14,14 0.001 -1 0 14.017 200 ::f,3,0 f,3,12 f,12,3 f,13,15 
128:1,1 0.001 -1 0 2,2 0.001 0 -1 2,1 0.001 -1 1 32.0234 260 1,14 0.001 1 0 1,13 0.001 1 -1 2,13 0.001 1 -1 5.0157 155 13,2 0.001 0 -1 14,1 0.001 -1 0 14,2 0.001 1 -1 34.0255 275 13,13 0.001 0 1 14,13 0.001 -1 0 14,14 0.001 -1 0 14.017 200 ::f,1,15 f,3,0 f,12,3 f,13,15 
129:1,1 0.001 -1 1 2,2 0.001 -1 -1 2,1 0.001 -1 1 32.0234 260 2,14 0.001 1 0 1,13 0.001 1 -1 2,13 0.001 0 -1 5.0167 155 13,2 0.001 0 -1 13,1 0.001 -1 0 14,2 0.001 1 -1 34.0265 275 13,14 0.001 0 1 13,13 0.001 -1 0 14,14 0.001 -1 1 14.019 200 ::f,1,15 f,3,0 f,12,3 f,13,15 
130:1,1 0.001 -1 1 2,2 0.001 -1 -1 2,1 0.001 0 1 32.0234 260 2,14 0.001 1 0 1,13 0.001 0 -1 2,13 0.001 0 -1 5.0167 155 13,2 0.001 -1 -1 13,1 0.001 -1 0 14,2 0.001 0 -1 34.0265 275 13,14 0.001 0 1 13,13 0.001 -1 0 14,14 0.001 -1 1 19.0191 215 ::f,1,15 f,3,0 f,12,3 f,15,14 
131:1,1 0.001 0 1 2,2 0.001 -1 0 2,1 0.001 0 1 32.0234 260 2,14 0.001 1 -1 1,13 0.001 0 -1 2,13 0.001 -1 -1 5.0167 155 13,2 0.001 -1 -1 13,1 0.001 -1 1 14,1 0.001 0 -1 34.0275 275 13,14 0.001 1 1 13,13 0.001 -1 1 14,14 0.001 0 1 19.0191 215 ::f,1,15 f,3,0 f,12,3 f,15,14 
132:1,2 0.001 0 1 2,2 0.001 -1 0 2,1 0.001 1 1 32.0244 260 2,14 0.001 1 -1 1,13 0.001 -1 -1 2,13 0.001 -1 -1 5.0167 155 13,2 0.001 -1 0 13,1 0.001 -1 1 14,1 0.001 0 -1 34.0275 275 13,14 0.001 1 1 13,13 0.001 -1 1 14,14 0.001 0 1 19.0191 215 ::f,1,15 f,3,0 f,12,3 f,15,14 
133:1,2 0.001 0 1 2,2 0.001 -1 1 2,1 0.001 1 1 32.0244 260 2,14 0.001 0 -1 1,13 0.001 -1 -1 2,13 0.001 -1 0 5.0167 155 13,2 0.001 -1 0 13,1 0.001 0 1 14,1 0.001 -1 -1 34.0275 275 13,14 0.001 1 0 13,13 0.001 0 1 14,14 0.001 1 1 19.0191 215 ::f,1,15 f,3,0 f,12,3 f,15,14 
134:1,2 0.001 1 1 2,2 0.001 -1 1 2,1 0.001 1 0 32.0244 260 2,14 0.001 0 -1 1,13 0.001 -1 0 2,13 0.001 -1 0 5.0167 155 13,2 0.001 -1 1 13,1 0.001 0 1 14,1 0.001 -1 -1 34.0275 275 13,14 0.001 1 0 13,13 0.001 0 1 14,14 0.001 1 1 19.0191 215 ::f,1,15 f,3,0 f,12,3 f,15,14 
135:1,2 0.001 1 1 2,2 0.001 0 1 2,1 0.001 1 0 32.0244 260 2,14 0.001 0 -1 1,13 0.001 -1 0 2,13 0.001 -1 0 5.0167 155 13,2 0.001 -1 1 13,1 0.001 0 1 14,1 0.001 -1 0 37.0276 290 13,14 0.001 1 0 13,13 0.001 0 1 14,14 0.001 1 0 19.0191 215 ::f,1,15 f,3,0 f,15,3 f,15,14 
136:1,2 0.001 1 0 2,2 0.001 0 1 2,1 0.001 1 -1 32.0244 260 2,14 0.001 -1 -1 1,13 0.001 -1 1 2,13 0.001 -1 1 5.0167 155 13,2 0.001 0 1 13,1 0.001 1 1 14,1 0.001 -1 0 37.0276 290 13,14 0.001 1 -1 13,13 0.001 1 1 14,14 0.001 1 0 22.0192 230 ::f,1,15 f,3,0 f,15,3 f,15,12 
137:1,2 0.001 1 0 2,2 0.001 1 1 2,1 0.001 1 -1 37.0245 275 2,14 0.001 -1 -1 1,13 0.001 -1 1 2,13 0.001 -1 1 5.0167 155 13,2 0.001 0 1 14,2 0.001 1 1 14,1 0.001 -1 0 37.0286 290 13,14 0.001 1 -1 13,13 0.001 1 1 14,14 0.001 1 -1 22.0192 230 ::f,1,15 f,2,3 f,15,3 f,15,12 
138:1,2 0.001 1 0 2,2 0.001 1 1 2,1 0.001 0 -1 37.0245 275 2,14 0.001 -1 0 1,13 0.001 0 1 2,13 0.001 0 1 5.0167 155 13,2 0.001 1 1 14,2 0.001 1 1 14,1 0.001 -1 1 42.0287 305 13,14 0.001 0 -1 13,13 0.001 1 0 14,14 0.001 1 -1 22.0192 230 ::f,1,15 f,2,3 f,15,1 f,15,12 
139:1,2 0.001 1 -1 2,2 0.001 1 0 2,1 0.001 0 -1 37.0245 275 2,14 0.001 -1 0 1,14 0.001 0 1 2,13 0.001 0 1 5.0177 155 13,2 0.001 1 1 14,2 0.001 1 0 14,1 0.001 -1 1 42.0287 305 13,14 0.001 0 -1 13,13 0.001 1 0 14,14 0.001 0 -1 22.0192 230 ::f,1,15 f,2,3 f,15,1 f,15,12 
140:1,2 0.001 1 -1 2,2 0.001 1 0 2,1 0.001 -1 -1 37.0245 275 2,14 0.001 -1 1 1,14 0.001 0 1 2,13 0.001 1 1 8.0178 170 13,2 0.001 1 0 14,2 0.001 1 0 14,1 0.001 0 1 42.0287 305 13,14 0.001 -1 -1 13,13 0.001 1 -1 14,13 0.001 0 -1 22.0202 230 ::f,0,12 f,2,3 f,15,1 f,15,12 
141:1,2 0.001 0 -1 2,2 0.001 1 -1 2,1 0.001 -1 -1 37.0245 275 2,14 0.001 -1 1 1,14 0.001 1 1 2,13 0.001 1 1 8.0178 170 13,2 0.001 1 0 14,2 0.001 1 -1 14,1 0.001 0 1 42.0287 305 13,14 0.001 -1 -1 13,13 0.001 1 -1 14,13 0.001 0 -1 22.0202 230 ::f,0,12 f,2,3 f,15,1 f,15,12 
142:1,2 0.001 0 -1 2,2 0.001 1 -1 2,1 0.001 -1 0 37.0245 275 2,14 0.001 0 1 1,14 0.001 1 1 2,13 0.001 1 0 8.0178 170 13,2 0.001 1 0 14,2 0.001 1 -1 14,1 0.001 1 1 48.0288 320 13,14 0.001 -1 0 13,13 0.001 0 -1 14,13 0.001 -1 -1 22.0202 230 ::f,0,12 f,2,3 f,13,3 f,15,12 
143:1,2 0.001 -1 -1 2,2 0.001 0 -1 1,1 0.001 -1 0 37.0255 275 2,14 0.001 0 1 1,14 0.001 1 0 2,13 0.001 1 0 8.0178 170 13,2 0.001 1 -1 14,2 0.001 0 -1 14,1 0.001 1 1 48.0288 320 13,14 0.001 -1 0 13,13 0.001 0 -1 14,13 0.001 -1 -1 22.0202 230 ::f,0,12 f,2,3 f,13,3 f,15,12 
144:1,2 0.001 -1 -1 2,1 0.001 0 -1 1,1 0.001 -1 0 37.0265 275 2,14 0.001 1 1 1,14 0.001 1 0 2,13 0.001 1 -1 8.0178 170 13,2 0.001 1 -1 14,2 0.001 0 -1 14,1 0.001 1 0 48.0288 320 13,14 0.001 -1 1 13,13 0.001 -1 -1 14,13 0.001 -1 0 22.0202 230 ::f,0,12 f,2,3 f,13,3 f,15,12 
145:1,2 0.001 -1 0 2,1 0.001 0 -1 1,1 0.001 -1 1 37.0265 275 2,14 0.001 1 1 1,14 0.001 1 0 2,13 0.001 1 -1 8.0178 170 13,2 0.001 0 -1 14,2 0.001 0 -1 14,1 0.001 1 0 48.0288 320 13,14 0.001 -1 1 13,13 0.001 -1 -1 14,13 0.001 -1 0 22.0202 230 ::f,0,12 f,2,3 f,13,3 f,15,12 
146:1,2 0.001 -1 0 2,1 0.001 -1 -1 1,1 0.001 -1 1 37.0265 275 2,14 0.001 1 0 1,14 0.001 1 -1 2,13 0.001 0 -1 8.0178 170 13,2 0.001 0 -1 14,2 0.001 -1 -1 14,1 0.001 1 -1 48.0288 320 13,14 0.001 0 1 13,13 0.001 -1 0 14,13 0.001 -1 0 22.0202 230 ::f,0,12 f,2,3 f,13,3 f,15,12 
147:1,2 0.001 -1 1 2,1 0.001 -1 -1 1,1 0.001 0 1 37.0265 275 2,14 0.001 1 0 1,14 0.001 1 -1 2,13 0.001 0 -1 8.0178 170 13,2 0.001 -1 -1 14,2 0.001 -1 -1 14,1 0.001 1 -1 48.0288 320 13,14 0.001 0 1 13,13 0.001 -1 0 14,13 0.001 -1 1 22.0202 230 ::f,0,12 f,2,3 f,13,3 f,15,12 
148:1,2 0.001 -1 1 2,1 0.001 -1 0 1,1 0.001 0 1 37.0265 275 2,14 0.001 1 -1 1,14 0.001 0 -1 2,13 0.001 -1 -1 8.0178 170 13,2 0.001 -1 -1 14,2 0.001 -1 0 14,1 0.001 0 -1 48.0288 320 13,14 0.001 1 1 13,13 0.001 -1 1 14,13 0.001 -1 1 22.0202 230 ::f,0,12 f,2,3 f,13,3 f,15,12 
149:1,2 0.001 0 1 2,1 0.001 -1 0 1,1 0.001 0 1 37.0265 275 2,14 0.001 1 -1 1,14 0.001 0 -1 2,13 0.001 -1 -1 8.0178 170 13,2 0.001 -1 0 14,2 0.001 -1 0 14,1 0.001 0 -1 48.0288 320 13,14 0.001 1 1 13,13 0.001 -1 1 14,13 0.001 0 1 22.0202 230 ::f,0,12 f,2,3 f,13,3 f,15,12 
150:1,2 0.001 0 1 2,1 0.001 -1 0 1,1 0.001 1 1 37.0265 275 2,14 0.001 0 -1 1,14 0.001 -1 -1 2,13 0.001 -1 0 8.0178 170 13,2 0.001 -1 0 14,2 0.001 -1 1 14,1 0.001 -1 -1 48.0288 320 13,14 0.001 1 0 13,13 0.001 0 1 14,13 0.001 0 1 22.0202 230 ::f,0,12 f,2,3 f,13,3 f,15,12 
151:1,2 0.001 1 1 2,1 0.001 -1 1 1,1 0.001 1 1 37.0265 275 2,14 0.001 0 -1 1,14 0.001 -1 -1 1,13 0.001 -1 0 8.0188 170 13,2 0.001 -1 1 14,2 0.001 -1 1 14,1 0.001 -1 -1 55.0289 335 14,14 0.001 1 0 13,14 0.001 0 1 14,13 0.001 1 1 22.0222 230 ::f,0,12 f,2,3 f,12,0 f,15,12 
152:1,2 0.001 1 1 2,1 0.001 -1 1 1,1 0.001 1 0 44.0266 290 2,14 0.001 0 -1 1,14 0.001 -1 0 1,13 0.001 -1 0 8.0188 170 13,2 0.001 -1 1 14,2 0.001 0 1 14,1 0.001 -1 0 55.0289 335 14,14 0.001 1 0 13,14 0.001 0 1 14,13 0.001 1 1 22.0222 230 ::f,0,12 f,2,2 f,12,0 f,15,12 
153:1,2 0.001 1 0 2,1 0.001 0 1 1,1 0.001 1 0 44.0266 290 2,14 0.001 -1 -1 1,14 0.001 -1 0 1,13 0.001 -1 1 8.0188 170 13,2 0.001 0 1 14,2 0.001 0 1 13,1 0.001 -1 0 55.0299 335 14,14 0.001 1 -1 13,14 0.001 1 1 14,13 0.001 1 0 22.0222 230 ::f,0,12 f,2,2 f,12,0 f,15,12 
154:1,2 0.001 1 0 2,1 0.001 0 1 1,1 0.001 1 -1 46.0267 305 2,14 0.001 -1 -1 1,14 0.001 -1 1 1,13 0.001 -1 1 8.0188 170 13,2 0.001 0 1 14,2 0.001 1 1 13,1 0.001 -1 0 55.0299 335 14,14 0.001 1 -1 13,14 0.001 1 1 14,13 0.001 1 0 22.0222 230 ::f,0,3 f,0,12 f,12,0 f,15,12 
155:1,2 0.001 1 0 2,1 0.001 1 1 1,1 0.001 1 -1 46.0267 305 2,14 0.001 -1 -1 1,14 0.001 -1 1 1,13 0.001 0 1 8.0188 170 13,2 0.001 1 1 14,2 0.001 1 1 13,1 0.001 -1 1 55.0299 335 14,14 0.001 0 -1 13,14 0.001 1 0 14,13 0.001 1 -1 22.0222 230 ::f,0,3 f,0,12 f,12,0 f,15,12 
156:1,2 0.001 1 -1 2,1 0.001 1 1 1,1 0.001 0 -1 46.0267 305 2,14 0.001 -1 0 1,14 0.001 0 1 1,13 0.001 0 1 8.0188 170 13,2 0.001 1 1 14,2 0.001 1 0 13,1 0.001 -1 1 55.0299 335 14,14 0.001 0 -1 13,14 0.001 1 0 14,13 0.001 1 -1 26.0223 245 ::f,0,3 f,0,12 f,12,0 f,13,12 
157:1,2 0.001 1 -1 2,1 0.001 1 0 1,1 0.001 0 -1 46.0267 305 2,14 0.001 -1 0 1,14 0.001 0 1 1,13 0.001 0 1 8.0188 170 13,2 0.001 1 0 14,2 0.001 1 0 13,1 0.001 0 1 55.0299 335 14,14 0.001 0 -1 13,14 0.001 1 0 14,13 0.001 0 -1 26.0223 245 ::f,0,3 f,0,12 f,12,0 f,13,12 
158:1,2 0.001 0 -1 2,1 0.001 1 0 1,1 0.001 -1 -1 46.0267 305 2,14 0.001 -1 1 1,14 0.001 1 1 1,13 0.001 1 1 8.0188 170 13,2 0.001 1 0 14,2 0.001 1 -1 13,1 0.001 0 1 55.0299 335 14,14 0.001 -1 -1 13,14 0.001 1 -1 14,13 0.001 0 -1 26.0223 245 ::f,0,3 f,0,12 f,12,0 f,13,12 
159:1,2 0.001 0 -1 2,1 0.001 1 -1 1,1 0.001 -1 -1 46.0267 305 2,14 0.001 -1 1 1,14 0.001 1 1 1,13 0.001 1 1 8.0188 170 13,2 0.001 1 0 14,2 0.001 1 -1 13,1 0.001 0 1 55.0299 335 14,14 0.001 -1 -1 13,14 0.001 1 -1 14,13 0.001 -1 -1 26.0223 245 ::f,0,3 f,0,12 f,12,0 f,13,12 
160:1,2 0.001 -1 -1 2,1 0.001 1 -1 1,1 0.001 -1 0 46.0267 305 2,14 0.001 0 1 1,14 0.001 1 0 1,13 0.001 1 0 8.0188 170 13,2 0.001 1 -1 14,2 0.001 0 -1 13,1 0.001 1 1 55.0299 335 14,14 0.001 -1 0 13,14 0.001 0 -1 14,13 0.001 -1 -1 31.0224 260 ::f,0,3 f,0,12 f,12,0 f,15,13 
161:1,2 0.001 -1 -1 2,1 0.001 0 -1 1,1 0.001 -1 0 46.0267 305 2,14 0.001 0 1 1,14 0.001 1 0 1,13 0.001 1 0 8.0188 170 13,2 0.001 1 -1 14,1 0.001 0 -1 13,1 0.001 1 1 55.0309 335 14,14 0.001 -1 0 13,14 0.001 0 -1 14,13 0.001 -1 0 31.0224 260 ::f,0,3 f,0,12 f,12,0 f,15,13 
162:1,2 0.001 -1 0 2,1 0.001 0 -1 1,1 0.001 -1 1 46.0267 305 2,14 0.001 1 1 1,14 0.001 1 0 1,13 0.001 1 -1 8.0188 170 13,2 0.001 0 -1 14,1 0.001 0 -1 13,1 0.001 1 0 55.0309 335 14,14 0.001 -1 1 13,14 0.001 -1 -1 13,13 0.001 -1 0 31.0234 260 ::f,0,3 f,0,12 f,12,0 f,15,13 
163:1,2 0.001 -1 0 2,1 0.001 -1 -1 1,1 0.001 -1 1 46.0267 305 2,14 0.001 1 1 1,14 0.001 1 -1 1,13 0.001 1 -1 8.0188 170 13,2 0.001 0 -1 14,1 0.001 -1 -1 13,1 0.001 1 0 55.0309 335 14,14 0.001 -1 1 13,14 0.001 -1 -1 13,13 0.001 -1 0 31.0234 260 ::f,0,3 f,0,12 f,12,0 f,15,13 
164:1,2 0.001 -1 1 2,1 0.001 -1 -1 1,1 0.001 0 1 46.0267 305 2,14 0.001 1 0 1,14 0.001 1 -1 1,13 0.001 0 -1 8.0188 170 13,2 0.001 -1 -1 14,1 0.001 -1 -1 13,1 0.001 1 -1 55.0309 335 14,14 0.001 0 1 13,14 0.001 -1 0 13,13 0.001 -1 1 31.0234 260 ::f,0,3 f,0,12 f,12,0 f,15,13 
165:1,2 0.001 -1 1 2,1 0.001 -1 0 1,1 0.001 0 1 54.0268 320 2,14 0.001 1 0 1,14 0.001 0 -1 1,13 0.001 0 -1 8.0188 170 13,2 0.001 -1 -1 14,1 0.001 -1 0 13,1 0.001 1 -1 55.0309 335 14,14 0.001 0 1 13,14 0.001 -1 0 13,13 0.001 -1 1 31.0234 260 ::f,0,1 f,0,12 f,12,0 f,15,13 
166:1,2 0.001 0 1 2,1 0.001 -1 0 1,1 0.001 0 1 54.0268 320 2,14 0.001 1 -1 1,14 0.001 0 -1 1,13 0.001 -1 -1 8.0188 170 13,2 0.001 -1 0 14,1 0.001 -1 0 13,1 0.001 0 -1 55.0309 335 14,14 0.001 1 1 13,14 0.001 -1 1 13,13 0.001 0 1 31.0234 260 ::f,0,1 f,0,12 f,12,0 f,15,13 
167:1,2 0.001 0 1 2,1 0.001 -1 0 1,1 0.001 1 1 54.0268 320 2,14 0.001 1 -1 1,14 0.001 -1 -1 1,13 0.001 -1 -1 10.0189 185 13,2 0.001 -1 0 14,1 0.001 -1 0 13,1 0.001 0 -1 55.0309 335 14,14 0.001 1 1 13,14 0.001 -1 1 13,13 0.001 0 1 31.0234 260 ::f,0,1 f,1,15 f,12,0 f,15,13 
168:1,2 0.001 1 1 2,1 0.001 -1 1 1,1 0.001 1 1 54.0268 320 2,14 0.001 0 -1 1,14 0.001 -1 -1 1,13 0.001 -1 0 10.0189 185 13,2 0.001 -1 1 14,1 0.001 -1 1 13,1 0.001 -1 -1 55.0309 335 14,14 0.001 1 0 13,14 0.001 0 1 13,13 0.001 0 1 31.0234 260 ::f,0,1 f,1,15 f,12,0 f,15,13 
169:1,2 0.001 1 1 2,1 0.001 -1 1 1,1 0.001 1 0 54.0268 320 2,13 0.001 0 -1 1,14 0.001 -1 0 1,13 0.001 -1 0 10.0199 185 13,2 0.001 -1 1 14,1 0.001 -1 1 13,1 0.001 -1 -1 62.031 350 14,14 0.001 1 0 13,14 0.001 0 1 13,13 0.001 1 1 31.0234 260 ::f,0,1 f,1,15 f,14,0 f,15,13 
170:1,2 0.001 1 0 2,1 0.001 0 1 1,1 0.001 1 0 54.0268 320 2,13 0.001 0 -1 1,14 0.001 -1 0 1,13 0.001 -1 1 10.0199 185 13,2 0.001 0 1 14,1 0.001 0 1 13,1 0.001 -1 0 62.031 350 14,14 0.001 1 -1 13,14 0.001 1 1 13,13 0.001 1 1 31.0234 260 ::f,0,1 f,1,15 f,14,0 f,15,13 
171:2,2 0.001 1 0 2,1 0.001 0 1 1,1 0.001 1 -1 54.0278 320 2,13 0.001 -1 -1 1,14 0.001 -1 1 1,13 0.001 -1 1 10.0199 185 13,2 0.001 0 1 14,1 0.001 0 1 13,1 0.001 -1 0 62.031 350 14,14 0.001 1 -1 13,14 0.001 1 1 13,13 0.001 1 0 37.0235 275 ::f,0,1 f,1,15 f,12,15 f,14,0 
172:2,2 0.001 1 0 2,1 0.001 1 1 1,1 0.001 1 -1 54.0278 320 2,13 0.001 -1 -1 1,14 0.001 -1 1 1,13 0.001 0 1 10.0199 185 13,2 0.001 1 1 14,1 0.001 1 1 13,1 0.001 -1 1 62.031 350 14,14 0.001 0 -1 13,14 0.001 1 0 13,13 0.001 1 0 37.0235 275 ::f,0,1 f,1,15 f,12,15 f,14,0 
173:2,2 0.001 1 -1 2,1 0.001 1 1 1,1 0.001 0 -1 54.0278 320 2,13 0.001 -1 0 1,14 0.001 0 1 1,13 0.001 0 1 10.0199 185 13,2 0.001 1 1 14,1 0.001 1 1 13,1 0.001 -1 1 62.031 350 14,13 0.001 0 -1 14,14 0.001 1 0 13,13 0.001 1 -1 37.0255 275 ::f,0,1 f,1,15 f,12,15 f,14,0 
174:2,2 0.001 1 -1 2,1 0.001 1 0 1,1 0.001 0 -1 54.0278 320 2,13 0.001 -1 0 1,14 0.001 0 1 1,13 0.001 0 1 14.02 200 13,2 0.001 1 0 14,1 0.001 1 0 13,1 0.001 0 1 62.031 350 14,13 0.001 0 -1 14,14 0.001 1 0 13,13 0.001 1 -1 37.0255 275 ::f,0,1 f,2,15 f,12,15 f,14,0 
175:2,2 0.001 0 -1 2,1 0.001 1 0 1,1 0.001 -1 -1 54.0278 320 2,13 0.001 -1 0 1,14 0.001 1 1 1,13 0.001 1 1 14.02 200 14,2 0.001 1 0 14,1 0.001 1 0 13,2 0.001 0 1 62.033 350 14,13 0.001 -1 -1 14,14 0.001 1 -1 13,13 0.001 0 -1 37.0255 275 ::f,0,1 f,2,15 f,12,15 f,14,0 
176:2,2 0.001 0 -1 2,1 0.001 1 -1 1,1 0.001 -1 -1 54.0278 320 2,13 0.001 -1 1 1,14 0.001 1 1 1,13 0.001 1 1 19.0201 215 14,2 0.001 1 0 14,1 0.001 1 -1 13,2 0.001 0 1 62.033 350 14,13 0.001 -1 -1 14,14 0.001 1 -1 13,13 0.001 0 -1 37.0255 275 ::f,0,1 f,1,15 f,12,15 f,14,0 
177:2,2 0.001 0 -1 2,1 0.001 1 -1 1,1 0.001 -1 0 54.0278 320 2,13 0.001 -1 1 1,14 0.001 1 0 1,13 0.001 1 0 19.0201 215 14,2 0.001 1 -1 14,1 0.001 1 -1 13,2 0.001 1 1 62.033 350 14,13 0.001 -1 0 14,14 0.001 0 -1 13,13 0.001 -1 -1 37.0255 275 ::f,0,1 f,1,15 f,12,15 f,14,0 
178:2,2 0.001 -1 -1 2,1 0.001 0 -1 1,1 0.001 -1 0 60.0279 335 2,13 0.001 0 1 2,14 0.001 1 0 1,13 0.001 1 0 19.0211 215 14,2 0.001 1 -1 14,1 0.001 0 -1 13,2 0.001 1 1 62.033 350 14,13 0.001 -1 0 14,14 0.001 0 -1 13,13 0.001 -1 -1 37.0255 275 ::f,1,15 f,2,0 f,12,15 f,14,0 
179:2,2 0.001 -1 -1 2,1 0.001 0 -1 1,1 0.001 -1 1 63.028 350 2,13 0.001 0 1 2,14 0.001 1 0 1,13 0.001 1 -1 19.0211 215 14,2 0.001 0 -1 14,1 0.001 0 -1 13,2 0.001 1 0 70.0331 365 14,13 0.001 -1 0 14,14 0.001 0 -1 13,13 0.001 -1 0 37.0255 275 ::f,1,15 f,3,2 f,12,15 f,14,0 
180:2,2 0.001 -1 0 2,1 0.001 -1 -1 1,1 0.001 -1 1 63.028 350 2,13 0.001 1 1 2,14 0.001 1 -1 1,13 0.001 1 -1 19.0211 215 14,2 0.001 0 -1 14,1 0.001 -1 -1 13,2 0.001 1 0 70.0331 365 14,13 0.001 -1 1 14,14 0.001 -1 -1 13,13 0.001 -1 0 37.0255 275 ::f,1,15 f,3,2 f,12,15 f,14,0 
181:2,2 0.001 -1 0 2,1 0.001 -1 -1 1,1 0.001 0 1 63.028 350 2,13 0.001 1 1 2,14 0.001 1 -1 1,13 0.001 0 -1 19.0211 215 14,2 0.001 0 -1 14,1 0.001 -1 -1 13,2 0.001 1 0 70.0331 365 13,14 0.001 -1 1 14,14 0.001 -1 -1 13,13 0.001 -1 1 37.0265 275 ::f,1,15 f,3,2 f,12,15 f,14,0 
182:2,2 0.001 -1 1 2,1 0.001 -1 0 1,2 0.001 0 1 63.029 350 2,13 0.001 1 0 2,14 0.001 0 -1 1,13 0.001 0 -1 19.0211 215 14,2 0.001 -1 -1 14,1 0.001 -1 0 13,2 0.001 1 -1 70.0331 365 13,14 0.001 -1 1 14,14 0.001 -1 0 13,13 0.001 -1 1 44.0266 290 ::f,1,15 f,3,2 f,13,15 f,14,0 
183:2,2 0.001 -1 1 1,1 0.001 -1 0 1,2 0.001 0 1 63.03 350 2,13 0.001 1 0 2,14 0.001 0 -1 1,13 0.001 -1 -1 19.0211 215 14,2 0.001 -1 -1 13,1 0.001 -1 0 13,2 0.001 1 -1 70.0341 365 13,14 0.001 0 1 14,14 0.001 -1 0 13,13 0.001 0 1 44.0266 290 ::f,1,15 f,3,2 f,13,15 f,14,0 
184:2,2 0.001 0 1 1,1 0.001 -1 0 1,2 0.001 1 1 63.03 350 2,13 0.001 1 -1 2,14 0.001 0 -1 1,13 0.001 -1 -1 19.0211 215 14,2 0.001 -1 0 13,1 0.001 -1 0 13,2 0.001 0 -1 70.0341 365 13,14 0.001 0 1 14,14 0.001 -1 1 13,13 0.001 0 1 52.0267 305 ::f,1,15 f,3,2 f,14,0 f,15,12 
185:2,2 0.001 0 1 1,1 0.001 -1 1 1,2 0.001 1 1 63.03 350 2,13 0.001 1 -1 2,14 0.001 -1 -1 1,13 0.001 -1 0 19.0211 215 14,2 0.001 -1 0 13,1 0.001 -1 1 13,2 0.001 0 -1 70.0341 365 13,14 0.001 1 1 14,14 0.001 -1 1 13,13 0.001 0 1 52.0267 305 ::f,1,15 f,3,2 f,14,0 f,15,12 
186:2,2 0.001 1 1 1,1 0.001 -1 1 1,2 0.001 1 0 63.03 350 2,13 0.001 0 -1 2,14 0.001 -1 -1 1,13 0.001 -1 0 19.0211 215 14,2 0.001 -1 1 13,1 0.001 -1 1 13,2 0.001 -1 -1 70.0341 365 13,14 0.001 1 1 14,14 0.001 0 1 13,13 0.001 1 1 52.0267 305 ::f,1,15 f,3,2 f,14,0 f,15,12 
187:2,2 0.001 1 1 1,1 0.001 0 1 1,2 0.001 1 0 63.03 350 2,13 0.001 0 -1 2,14 0.001 -1 0 1,13 0.001 -1 1 19.0211 215 14,2 0.001 -1 1 13,1 0.001 0 1 13,2 0.001 -1 -1 70.0341 365 13,14 0.001 1 0 14,14 0.001 0 1 13,13 0.001 1 1 52.0267 305 ::f,1,15 f,3,2 f,14,0 f,15,12 
188:2,2 0.001 1 0 1,1 0.001 0 1 1,2 0.001 1 0 63.03 350 2,13 0.001 -1 -1 2,14 0.001 -1 0 1,13 0.001 -1 1 19.0211 215 14,2 0.001 0 1 13,1 0.001 0 1 13,2 0.001 -1 0 70.0341 365 13,14 0.001 1 0 14,14 0.001 1 1 13,13 0.001 1 0 52.0267 305 ::f,1,15 f,3,2 f,14,0 f,15,12 
189:2,2 0.001 1 0 1,1 0.001 0 1 1,2 0.001 1 -1 72.0301 365 2,13 0.001 -1 -1 2,14 0.001 -1 1 1,13 0.001 0 1 19.0211 215 14,2 0.001 0 1 13,1 0.001 0 1 13,2 0.001 -1 0 70.0341 365 13,14 0.001 1 0 14,14 0.001 1 1 13,13 0.001 1 0 52.0267 305 ::f,1,15 f,3,1 f,14,0 f,15,12 
190:2,2 0.001 1 -1 1,1 0.001 1 1 1,2 0.001 0 -1 72.0301 365 2,13 0.001 -1 0 2,14 0.001 -1 1 1,14 0.001 0 1 25.0222 230 14,2 0.001 1 1 13,1 0.001 1 1 13,2 0.001 -1 1 70.0341 365 13,14 0.001 1 -1 14,14 0.001 1 0 13,13 0.001 1 -1 52.0267 305 ::f,0,12 f,3,1 f,14,0 f,15,12 
191:2,2 0.001 1 -1 1,1 0.001 1 1 1,2 0.001 0 -1 82.0302 380 1,13 0.001 -1 0 2,14 0.001 0 1 1,14 0.001 0 1 25.0232 230 14,2 0.001 1 1 13,1 0.001 1 1 13,2 0.001 -1 1 70.0341 365 14,13 0.001 1 -1 14,14 0.001 1 0 13,13 0.001 1 -1 52.0277 305 ::f,0,12 f,2,0 f,14,0 f,15,12 
192:2,2 0.001 0 -1 1,1 0.001 1 0 1,2 0.001 -1 -1 82.0302 380 1,13 0.001 -1 0 2,14 0.001 0 1 1,14 0.001 1 1 25.0232 230 14,2 0.001 1 0 13,1 0.001 1 0 13,2 0.001 0 1 70.0341 365 14,13 0.001 1 -1 14,14 0.001 1 -1 13,13 0.001 0 -1 61.0278 320 ::f,0,12 f,2,0 f,12,13 f,14,0 
193:2,1 0.001 0 -1 1,1 0.001 1 0 1,2 0.001 -1 -1 82.0312 380 1,13 0.001 -1 1 2,14 0.001 1 1 1,14 0.001 1 1 25.0232 230 14,2 0.001 1 0 13,1 0.001 1 0 13,2 0.001 0 1 70.0341 365 14,13 0.001 0 -1 14,14 0.001 1 -1 13,13 0.001 0 -1 61.0278 320 ::f,0,12 f,2,0 f,12,13 f,14,0 
194:2,1 0.001 0 -1 1,1 0.001 1 -1 1,2 0.001 -1 0 92.0313 395 1,13 0.001 -1 1 2,14 0.001 1 1 1,14 0.001 1 0 25.0232 230 14,2 0.001 1 -1 13,1 0.001 1 -1 13,2 0.001 1 1 70.0341 365 14,13 0.001 0 -1 14,14 0.001 0 -1 13,13 0.001 -1 -1 61.0278 320 ::f,0,12 f,3,2 f,12,13 f,14,0 
195:2,1 0.001 -1 -1 1,1 0.001 1 -1 1,2 0.001 -1 0 92.0313 395 1,13 0.001 0 1 2,14 0.001 1 0 1,14 0.001 1 0 25.0232 230 14,2 0.001 1 -1 13,1 0.001 1 -1 13,2 0.001 1 1 79.0342 380 14,13 0.001 -1 -1 14,14 0.001 0 -1 13,13 0.001 -1 -1 61.0278 320 ::f,0,12 f,3,2 f,12,13 f,15,1 
196:2,1 0.001 -1 -1 1,1 0.001 0 -1 1,2 0.001 -1 1 92.0313 395 1,13 0.001 0 1 2,14 0.001 1 0 1,14 0.001 1 0 25.0232 230 14,2 0.001 0 -1 13,1 0.001 0 -1 13,2 0.001 1 0 79.0342 380 14,13 0.001 -1 -1 14,14 0.001 0 -1 13,13 0.001 -1 0 61.0278 320 ::f,0,12 f,3,2 f,12,13 f,15,1 
197:2,1 0.001 -1 0 1,1 0.001 0 -1 1,2 0.001 -1 1 92.0313 395 1,13 0.001 0 1 2,14 0.001 1 -1 1,14 0.001 1 -1 25.0232 230 14,1 0.001 0 -1 13,1 0.001 0 -1 14,2 0.001 1 0 79.0362 380 14,13 0.001 -1 0 14,14 0.001 -1 -1 13,13 0.001 -1 0 67.0279 335 ::f,0,12 f,3,2 f,12,14 f,15,1 
198:2,1 0.001 -1 0 1,1 0.001 -1 -1 1,2 0.001 0 1 92.0313 395 1,13 0.001 1 1 2,14 0.001 1 -1 1,14 0.001 1 -1 25.0232 230 14,1 0.001 0 -1 13,1 0.001 -1 -1 14,2 0.001 1 0 79.0362 380 14,13 0.001 -1 0 14,14 0.001 -1 -1 13,13 0.001 -1 1 67.0279 335 ::f,0,12 f,3,2 f,12,14 f,15,1 
199:2,1 0.001 -1 0 1,1 0.001 -1 -1 1,2 0.001 0 1 92.0313 395 1,13 0.001 1 1 2,14 0.001 0 -1 1,14 0.001 0 -1 25.0232 230 14,1 0.001 -1 -1 13,1 0.001 -1 -1 14,2 0.001 1 -1 79.0362 380 14,13 0.001 -1 0 14,14 0.001 -1 0 13,13 0.001 -1 1 74.028 350 ::f,0,12 f,3,2 f,15,1 f,15,13 
200:2,1 0.001 -1 1 1,1 0.001 -1 0 1,2 0.001 1 1 92.0313 395 1,13 0.001 1 0 2,13 0.001 0 -1 1,14 0.001 0 -1 25.0242 230 14,1 0.001 -1 -1 13,1 0.001 -1 0 14,2 0.001 1 -1 87.0363 395 14,13 0.001 -1 1 14,14 0.001 -1 0 13,13 0.001 0 1 74.028 350 ::f,0,12 f,3,2 f,15,0 f,15,13 
201:2,1 0.001 -1 1 1,1 0.001 -1 0 1,2 0.001 1 1 92.0313 395 1,13 0.001 1 0 2,13 0.001 0 -1 1,14 0.001 -1 -1 25.0242 230 14,1 0.001 -1 0 13,1 0.001 -1 0 14,2 0.001 0 -1 87.0363 395 14,13 0.001 -1 1 14,14 0.001 -1 1 13,14 0.001 0 1 74.029 350 ::f,0,12 f,3,2 f,15,0 f,15,13 
202:2,1 0.001 0 1 1,1 0.001 -1 1 1,2 0.001 1 0 92.0313 395 1,13 0.001 1 -1 2,13 0.001 -1 -1 1,14 0.001 -1 -1 25.0242 230 14,1 0.001 -1 0 13,1 0.001 -1 1 14,2 0.001 0 -1 87.0363 395 14,13 0.001 0 1 14,14 0.001 -1 1 13,14 0.001 0 1 74.029 350 ::f,0,12 f,3,2 f,15,0 f,15,13 
203:2,1 0.001 0 1 1,1 0.001 -1 1 2,2 0.001 1 0 92.0323 395 1,13 0.001 1 -1 2,13 0.001 -1 -1 1,14 0.001 -1 0 25.0242 230 14,1 0.001 -1 0 13,1 0.001 -1 1 14,2 0.001 0 -1 87.0363 395 14,13 0.001 0 1 14,14 0.001 0 1 13,14 0.001 1 1 74.029 350 ::f,0,12 f,3,2 f,15,0 f,15,13 
204:2,1 0.001 1 1 1,1 0.001 0 1 2,2 0.001 1 0 99.0324 410 1,13 0.001 0 -1 2,13 0.001 -1 0 1,14 0.001 -1 0 25.0242 230 14,1 0.001 -1 1 13,1 0.001 0 1 14,2 0.001 -1 -1 87.0363 395 14,13 0.001 1 1 14,14 0.001 0 1 13,14 0.001 1 1 74.029 350 ::f,0,12 f,2,0 f,15,0 f,15,13 
205:2,1 0.001 1 1 1,2 0.001 0 1 2,2 0.001 1 -1 99.0334 410 1,13 0.001 0 -1 2,13 0.001 -1 0 1,14 0.001 -1 1 25.0242 230 14,1 0.001 -1 1 13,2 0.001 0 1 14,2 0.001 -1 -1 87.0373 395 14,13 0.001 1 1 14,14 0.001 1 1 13,14 0.001 1 0 74.029 350 ::f,0,12 f,2,0 f,15,0 f,15,13 
206:2,1 0.001 1 0 1,2 0.001 0 1 2,2 0.001 1 -1 99.0334 410 1,13 0.001 -1 -1 2,13 0.001 -1 0 1,14 0.001 -1 1 25.0242 230 14,1 0.001 0 1 13,2 0.001 0 1 14,2 0.001 -1 0 87.0373 395 14,13 0.001 1 0 14,14 0.001 1 1 13,14 0.001 1 0 74.029 350 ::f,0,12 f,2,0 f,15,0 f,15,13 
207:2,1 0.001 1 0 1,2 0.001 1 1 2,2 0.001 0 -1 99.0334 410 1,13 0.001 -1 -1 2,13 0.001 -1 1 1,14 0.001 0 1 27.0243 245 14,1 0.001 0 1 13,2 0.001 1 1 14,2 0.001 -1 0 87.0373 395 14,13 0.001 1 0 14,14 0.001 1 0 13,14 0.001 1 0 84.0291 365 ::f,2,0 f,3,14 f,13,15 f,15,0 
208:2,1 0.001 1 -1 1,2 0.001 1 1 2,2 0.001 0 -1 99.0334 410 1,13 0.001 -1 0 2,13 0.001 -1 1 1,14 0.001 0 1 27.0243 245 14,1 0.001 1 1 13,2 0.001 1 1 14,2 0.001 -1 1 87.0373 395 14,13 0.001 1 -1 14,14 0.001 1 0 13,14 0.001 1 -1 84.0291 365 ::f,2,0 f,3,14 f,13,15 f,15,0 
209:2,1 0.001 1 -1 1,2 0.001 1 0 2,2 0.001 0 -1 99.0334 410 1,13 0.001 -1 0 2,13 0.001 0 1 1,14 0.001 1 1 27.0243 245 14,1 0.001 1 1 13,2 0.001 1 0 14,2 0.001 -1 1 87.0373 395 14,13 0.001 1 -1 14,14 0.001 1 -1 13,14 0.001 1 -1 84.0291 365 ::f,2,0 f,3,14 f,13,15 f,15,0 
210:2,1 0.001 0 -1 1,2 0.001 1 0 2,2 0.001 -1 -1 99.0334 410 1,13 0.001 -1 1 2,13 0.001 0 1 1,14 0.001 1 1 27.0243 245 14,1 0.001 1 0 13,2 0.001 1 0 14,2 0.001 0 1 87.0373 395 14,13 0.001 0 -1 14,14 0.001 1 -1 13,14 0.001 0 -1 84.0291 365 ::f,2,0 f,3,14 f,13,15 f,15,0 
211:2,1 0.001 0 -1 1,2 0.001 1 0 2,2 0.001 -1 -1 109.034 425 1,13 0.001 -1 1 2,13 0.001 1 1 1,14 0.001 1 0 27.0243 245 14,1 0.001 1 0 13,2 0.001 1 0 14,2 0.001 0 1 87.0373 395 14,13 0.001 0 -1 14,14 0.001 0 -1 13,14 0.001 0 -1 84.0291 365 ::f,3,2 f,3,14 f,13,15 f,15,0 
212:2,1 0.001 -1 -1 1,2 0.001 1 0 2,2 0.001 -1 0 109.034 425 1,13 0.001 0 1 2,13 0.001 1 1 2,14 0.001 1 0 34.0254 260 14,1 0.001 1 -1 13,2 0.001 1 -1 14,2 0.001 1 1 87.0373 395 14,13 0.001 -1 -1 14,14 0.001 0 -1 13,14 0.001 -1 -1 84.0291 365 ::f,3,2 f,3,13 f,13,15 f,15,0 
213:2,1 0.001 -1 -1 1,2 0.001 1 -1 2,2 0.001 -1 0 109.034 425 1,14 0.001 0 1 2,13 0.001 1 0 2,14 0.001 1 0 34.0264 260 14,1 0.001 1 -1 13,2 0.001 1 -1 14,2 0.001 1 1 91.0374 410 14,13 0.001 -1 -1 14,14 0.001 0 -1 13,14 0.001 -1 -1 84.0291 365 ::f,3,2 f,3,13 f,13,15 f,15,1 
214:2,1 0.001 -1 0 1,2 0.001 1 -1 2,2 0.001 -1 1 109.034 425 1,14 0.001 0 1 2,13 0.001 1 0 2,14 0.001 1 -1 42.0265 275 14,1 0.001 0 -1 13,2 0.001 0 -1 14,2 0.001 1 0 91.0374 410 14,13 0.001 -1 0 14,14 0.001 -1 -1 13,14 0.001 -1 0 84.0291 365 ::f,3,2 f,3,13 f,13,15 f,15,1 
215:1,1 0.001 -1 0 1,2 0.001 0 -1 2,2 0.001 -1 1 109.035 425 1,14 0.001 1 1 2,13 0.001 1 -1 2,14 0.001 1 -1 45.0266 290 14,1 0.001 0 -1 13,2 0.001 0 -1 14,2 0.001 1 0 91.0374 410 13,13 0.001 -1 0 14,14 0.001 -1 -1 13,14 0.001 -1 0 84.0301 365 ::f,3,2 f,3,13 f,13,15 f,15,1 
216:1,1 0.001 -1 0 1,2 0.001 0 -1 2,2 0.001 0 1 109.035 425 1,14 0.001 1 1 2,13 0.001 1 -1 2,14 0.001 0 -1 45.0266 290 14,1 0.001 -1 -1 13,2 0.001 -1 -1 14,2 0.001 1 -1 91.0374 410 13,13 0.001 -1 0 14,14 0.001 -1 0 13,14 0.001 -1 1 84.0301 365 ::f,3,2 f,3,13 f,13,15 f,15,1 
217:1,1 0.001 -1 1 1,2 0.001 -1 -1 2,2 0.001 0 1 109.035 425 1,14 0.001 1 0 2,13 0.001 0 -1 2,14 0.001 0 -1 45.0266 290 14,1 0.001 -1 -1 13,2 0.001 -1 -1 14,2 0.001 1 -1 100.038 425 13,13 0.001 -1 1 14,14 0.001 -1 0 13,14 0.001 -1 1 84.0301 365 ::f,3,2 f,3,13 f,13,15 f,15,2 
218:1,1 0.001 -1 1 1,2 0.001 -1 -1 2,2 0.001 1 1 109.035 425 1,14 0.001 1 0 2,13 0.001 0 -1 2,14 0.001 0 -1 45.0266 290 14,1 0.001 -1 0 13,2 0.001 -1 0 14,2 0.001 0 -1 100.038 425 13,13 0.001 -1 1 14,14 0.001 -1 1 13,14 0.001 0 1 84.0301 365 ::f,3,2 f,3,13 f,13,15 f,15,2 
219:1,1 0.001 0 1 1,2 0.001 -1 0 2,2 0.001 1 1 109.035 425 1,14 0.001 1 0 2,13 0.001 -1 -1 2,14 0.001 -1 -1 45.0266 290 13,1 0.001 -1 0 13,2 0.001 -1 0 14,1 0.001 0 -1 100.04 425 13,13 0.001 0 1 14,14 0.001 -1 1 13,14 0.001 0 1 86.0302 380 ::f,3,2 f,3,13 f,12,12 f,15,2 
220:1,1 0.001 0 1 1,2 0.001 -1 0 2,2 0.001 1 0 109.035 425 1,14 0.001 1 -1 2,13 0.001 -1 -1 2,14 0.001 -1 -1 45.0266 290 13,1 0.001 -1 0 13,2 0.001 -1 1 14,1 0.001 0 -1 100.04 425 13,13 0.001 0 1 14,14 0.001 0 1 13,14 0.001 1 1 86.0302 380 ::f,3,2 f,3,13 f,12,12 f,15,2 
221:1,1 0.001 0 1 1,2 0.001 -1 1 2,2 0.001 1 0 117.035 440 1,14 0.001 1 -1 2,13 0.001 -1 0 2,14 0.001 -1 0 45.0266 290 13,1 0.001 -1 1 13,2 0.001 -1 1 14,1 0.001 -1 -1 100.04 425 13,13 0.001 0 1 14,14 0.001 0 1 13,14 0.001 1 1 86.0302 380 ::f,3,1 f,3,13 f,12,12 f,15,2 
222:1,1 0.001 1 1 1,2 0.001 -1 1 2,2 0.001 1 -1 117.035 440 1,14 0.001 0 -1 1,13 0.001 -1 0 2,14 0.001 -1 0 45.0276 290 13,1 0.001 -1 1 13,2 0.001 0 1 14,1 0.001 -1 -1 100.04 425 13,13 0.001 1 1 14,14 0.001 1 1 13,14 0.001 1 0 86.0302 380 ::f,3,1 f,3,13 f,12,12 f,15,2 
223:1,1 0.001 1 1 1,2 0.001 0 1 2,2 0.001 1 -1 126.035 455 1,14 0.001 0 -1 1,13 0.001 -1 0 2,14 0.001 -1 1 45.0276 290 13,1 0.001 0 1 13,2 0.001 0 1 14,1 0.001 -1 0 100.04 425 13,13 0.001 1 1 14,14 0.001 1 1 13,14 0.001 1 0 86.0302 380 ::f,2,0 f,3,13 f,12,12 f,15,2 
224:1,1 0.001 1 0 1,2 0.001 0 1 2,2 0.001 0 -1 126.035 455 1,14 0.001 -1 -1 1,13 0.001 -1 1 2,14 0.001 -1 1 45.0276 290 13,1 0.001 0 1 13,2 0.001 1 1 14,1 0.001 -1 0 100.04 425 13,13 0.001 1 0 14,14 0.001 1 0 13,14 0.001 1 0 86.0302 380 ::f,2,0 f,3,13 f,12,12 f,15,2 
225:1,1 0.001 1 0 1,2 0.001 1 1 2,1 0.001 0 -1 126.036 455 1,14 0.001 -1 -1 1,13 0.001 -1 1 2,14 0.001 0 1 45.0276 290 13,1 0.001 0 1 13,2 0.001 1 1 14,1 0.001 -1 0 100.04 425 13,13 0.001 1 0 14,14 0.001 1 0 13,14 0.001 1 -1 86.0302 380 ::f,2,0 f,3,13 f,12,12 f,15,2 
226:1,1 0.001 1 -1 1,2 0.001 1 1 2,1 0.001 0 -1 136.036 470 1,14 0.001 -1 0 1,13 0.001 0 1 2,14 0.001 0 1 45.0276 290 13,1 0.001 1 1 13,2 0.001 1 0 14,1 0.001 -1 1 100.04 425 13,13 0.001 1 -1 14,14 0.001 1 -1 13,14 0.001 1 -1 86.0302 380 ::f,3,3 f,3,13 f,12,12 f,15,2 
227:1,1 0.001 1 -1 1,2 0.001 1 0 2,1 0.001 -1 -1 136.036 470 1,14 0.001 -1 0 1,13 0.001 0 1 2,14 0.001 1 1 45.0276 290 13,1 0.001 1 1 14,2 0.001 1 0 14,1 0.001 -1 1 100.041 425 13,13 0.001 1 -1 14,14 0.001 1 -1 13,14 0.001 0 -1 86.0302 380 ::f,3,3 f,3,13 f,12,12 f,15,2 
228:1,1 0.001 0 -1 2,2 0.001 1 0 2,1 0.001 -1 -1 136.037 470 1,14 0.001 -1 1 1,13 0.001 0 1 2,14 0.001 1 1 45.0276 290 13,1 0.001 1 0 14,2 0.001 1 0 14,1 0.001 0 1 110.041 440 13,13 0.001 0 -1 14,14 0.001 0 -1 13,14 0.001 0 -1 86.0302 380 ::f,3,3 f,3,13 f,12,0 f,12,12 
229:1,1 0.001 0 -1 2,2 0.001 1 0 2,1 0.001 -1 0 136.037 470 1,14 0.001 -1 1 1,13 0.001 1 1 2,14 0.001 1 0 45.0276 290 13,1 0.001 1 0 14,2 0.001 1 -1 14,1 0.001 0 1 110.041 440 13,13 0.001 0 -1 14,13 0.001 0 -1 13,14 0.001 -1 -1 86.0312 380 ::f,3,3 f,3,13 f,12,0 f,12,12 
230:1,1 0.001 -1 -1 2,2 0.001 1 -1 2,1 0.001 -1 0 136.037 470 1,14 0.001 0 1 1,13 0.001 1 1 2,14 0.001 1 0 45.0276 290 13,1 0.001 1 -1 14,2 0.001 1 -1 14,1 0.001 1 1 110.041 440 13,13 0.001 -1 -1 14,13 0.001 0 -1 13,14 0.001 -1 -1 86.0312 380 ::f,3,3 f,3,13 f,12,0 f,12,12 
231:1,1 0.001 -1 -1 2,2 0.001 1 -1 2,1 0.001 -1 0 136.037 470 1,14 0.001 0 1 1,13 0.001 1 0 2,14 0.001 1 -1 45.0276 290 13,1 0.001 1 -1 14,2 0.001 0 -1 14,1 0.001 1 1 110.041 440 13,13 0.001 -1 -1 14,13 0.001 -1 -1 13,14 0.001 -1 0 96.0313 395 ::f,3,3 f,3,13 f,12,0 f,12,15 
232:1,1 0.001 -1 0 2,2 0.001 0 -1 2,1 0.001 -1 1 136.037 470 1,14 0.001 1 1 2,13 0.001 1 0 2,14 0.001 1 -1 49.0287 305 13,1 0.001 0 -1 14,2 0.001 0 -1 14,1 0.001 1 0 110.041 440 13,13 0.001 -1 0 14,13 0.001 -1 -1 13,14 0.001 -1 0 96.0313 395 ::f,1,15 f,3,3 f,12,0 f,12,15 
233:1,1 0.001 -1 0 2,2 0.001 0 -1 2,1 0.001 -1 1 136.037 470 1,14 0.001 1 1 2,13 0.001 1 0 2,14 0.001 0 -1 49.0287 305 13,1 0.001 0 -1 14,2 0.001 0 -1 14,1 0.001 1 0 110.041 440 13,13 0.001 -1 0 14,13 0.001 -1 0 13,14 0.001 -1 1 96.0313 395 ::f,1,15 f,3,3 f,12,0 f,12,15 
234:1,1 0.001 -1 1 2,2 0.001 0 -1 2,1 0.001 0 1 136.037 470 1,14 0.001 1 0 2,13 0.001 1 -1 2,14 0.001 0 -1 49.0287 305 13,1 0.001 -1 -1 14,2 0.001 -1 -1 14,1 0.001 1 -1 110.041 440 13,13 0.001 -1 1 14,13 0.001 -1 0 13,14 0.001 -1 1 104.031 410 ::f,1,15 f,3,3 f,12,0 f,12,12 
235:1,1 0.001 -1 1 2,2 0.001 -1 -1 2,1 0.001 0 1 136.037 470 1,14 0.001 1 0 2,13 0.001 1 -1 2,14 0.001 0 -1 49.0287 305 13,1 0.001 -1 -1 14,2 0.001 -1 -1 14,1 0.001 1 -1 115.041 455 13,13 0.001 -1 1 14,13 0.001 -1 0 13,14 0.001 0 1 104.031 410 ::f,1,15 f,3,3 f,12,12 f,15,2 
236:1,1 0.001 0 1 2,2 0.001 -1 -1 2,1 0.001 1 1 136.037 470 1,14 0.001 1 0 2,13 0.001 0 -1 2,14 0.001 -1 -1 49.0287 305 13,1 0.001 -1 0 14,2 0.001 -1 0 14,1 0.001 0 -1 115.041 455 13,13 0.001 0 1 14,13 0.001 -1 1 13,14 0.001 0 1 104.031 410 ::f,1,15 f,3,3 f,12,12 f,15,2 
237:1,2 0.001 0 1 2,2 0.001 -1 0 2,1 0.001 1 1 136.038 470 1,14 0.001 1 -1 2,13 0.001 0 -1 2,14 0.001 -1 -1 49.0287 305 13,1 0.001 -1 0 14,2 0.001 -1 0 14,1 0.001 0 -1 115.041 455 13,13 0.001 0 1 14,13 0.001 -1 1 13,14 0.001 1 1 104.031 410 ::f,1,15 f,3,3 f,12,12 f,15,2 
238:1,2 0.001 0 1 2,2 0.001 -1 0 2,1 0.001 1 0 136.038 470 1,14 0.001 1 -1 2,13 0.001 -1 -1 2,14 0.001 -1 0 49.0287 305 13,1 0.001 -1 1 14,2 0.001 -1 1 14,1 0.001 -1 -1 115.041 455 13,13 0.001 0 1 14,13 0.001 0 1 13,14 0.001 1 1 104.031 410 ::f,1,15 f,3,3 f,12,12 f,15,2 
239:1,2 0.001 1 1 2,2 0.001 -1 1 2,1 0.001 1 0 136.038 470 1,14 0.001 0 -1 2,13 0.001 -1 -1 2,14 0.001 -1 0 49.0287 305 13,1 0.001 -1 1 14,2 0.001 -1 1 14,1 0.001 -1 -1 115.041 455 13,13 0.001 1 1 14,13 0.001 0 1 13,14 0.001 1 0 104.031 410 ::f,1,15 f,3,3 f,12,12 f,15,2 
240:1,2 0.001 1 1 2,2 0.001 -1 1 2,1 0.001 1 -1 136.038 470 1,14 0.001 0 -1 2,13 0.001 -1 0 2,14 0.001 -1 1 49.0287 305 13,1 0.001 0 1 14,2 0.001 0 1 14,1 0.001 -1 0 115.041 455 13,13 0.001 1 1 14,13 0.001 1 1 14,14 0.001 1 0 104.032 410 ::f,1,15 f,3,3 f,12,12 f,15,2 
241:1,2 0.001 1 0 2,2 0.001 0 1 2,1 0.001 1 -1 136.038 470 1,14 0.001 -1 -1 1,13 0.001 -1 0 2,14 0.001 -1 1 54.0298 320 13,2 0.001 0 1 14,2 0.001 0 1 13,1 0.001 -1 0 115.043 455 13,13 0.001 1 0 14,13 0.001 1 1 14,14 0.001 1 0 104.032 410 ::f,2,13 f,3,3 f,12,12 f,15,2 
242:1,2 0.001 1 0 2,2 0.001 0 1 2,1 0.001 0 -1 136.038 470 1,14 0.001 -1 -1 1,13 0.001 -1 0 2,14 0.001 0 1 54.0298 320 13,2 0.001 0 1 14,2 0.001 1 1 13,1 0.001 -1 0 115.043 455 13,13 0.001 1 0 14,13 0.001 1 0 14,14 0.001 1 -1 104.032 410 ::f,2,13 f,3,3 f,12,12 f,15,2 
243:1,2 0.001 1 0 2,2 0.001 1 1 2,1 0.001 0 -1 136.038 470 1,14 0.001 -1 0 1,13 0.001 -1 1 2,14 0.001 0 1 54.0298 320 13,2 0.001 1 1 14,2 0.001 1 1 13,1 0.001 -1 1 115.043 455 13,13 0.001 1 -1 14,13 0.001 1 0 14,14 0.001 1 -1 104.032 410 ::f,2,13 f,3,3 f,12,12 f,15,2 
244:1,2 0.001 1 -1 2,2 0.001 1 1 2,1 0.001 -1 -1 140.038 485 1,14 0.001 -1 0 1,13 0.001 -1 1 2,14 0.001 1 1 54.0298 320 13,2 0.001 1 1 14,2 0.001 1 0 13,1 0.001 -1 1 115.043 455 13,13 0.001 1 -1 14,13 0.001 1 -1 14,14 0.001 0 -1 104.032 410 ::f,2,3 f,2,13 f,12,12 f,15,2 
245:1,2 0.001 1 -1 2,2 0.001 1 0 2,1 0.001 -1 -1 140.038 485 1,14 0.001 -1 1 1,13 0.001 0 1 2,14 0.001 1 1 54.0298 320 13,2 0.001 1 0 14,2 0.001 1 0 13,1 0.001 0 1 125.043 470 13,13 0.001 0 -1 14,13 0.001 1 -1 14,14 0.001 0 -1 104.032 410 ::f,2,3 f,2,13 f,12,12 f,15,2 
246:1,2 0.001 0 -1 2,2 0.001 1 0 2,1 0.001 -1 0 140.038 485 1,14 0.001 -1 1 1,13 0.001 0 1 2,14 0.001 1 0 54.0298 320 13,2 0.001 1 0 14,2 0.001 1 -1 13,1 0.001 0 1 125.043 470 13,13 0.001 0 -1 14,13 0.001 0 -1 14,14 0.001 0 -1 104.032 410 ::f,2,3 f,2,13 f,12,12 f,15,2 
247:1,2 0.001 0 -1 2,2 0.001 1 -1 1,1 0.001 -1 0 140.039 485 1,14 0.001 0 1 1,13 0.001 0 1 2,14 0.001 1 0 54.0298 320 13,2 0.001 1 0 14,2 0.001 1 -1 13,1 0.001 0 1 125.043 470 13,13 0.001 -1 -1 14,13 0.001 0 -1 14,14 0.001 -1 -1 104.032 410 ::f,2,3 f,2,13 f,12,12 f,15,2 
248:1,2 0.001 -1 -1 2,2 0.001 1 -1 1,1 0.001 -1 0 140.039 485 1,14 0.001 0 1 1,13 0.001 1 1 2,14 0.001 1 -1 54.0298 320 13,2 0.001 1 -1 14,2 0.001 0 -1 13,1 0.001 1 1 125.043 470 13,13 0.001 -1 -1 14,13 0.001 -1 -1 14,14 0.001 -1 -1 114.033 425 ::f,2,3 f,2,13 f,12,14 f,15,2 
249:1,2 0.001 -1 -1 2,2 0.001 0 -1 1,1 0.001 -1 1 140.039 485 1,14 0.001 1 1 1,13 0.001 1 1 2,14 0.001 1 -1 54.0298 320 13,2 0.001 1 -1 14,1 0.001 0 -1 13,1 0.001 1 1 125.044 470 13,13 0.001 -1 0 14,13 0.001 -1 -1 14,14 0.001 -1 0 114.033 425 ::f,2,3 f,2,13 f,12,14 f,15,2 
250:1,2 0.001 -1 0 2,1 0.001 0 -1 1,1 0.001 -1 1 140.04 485 1,14 0.001 1 1 1,13 0.001 1 0 2,14 0.001 0 -1 54.0298 320 13,2 0.001 0 -1 14,1 0.001 0 -1 13,1 0.001 1 0 125.044 470 13,13 0.001 -1 0 14,13 0.001 -1 0 13,14 0.001 -1 0 114.034 425 ::f,2,3 f,2,13 f,12,14 f,15,2 
251:1,2 0.001 -1 0 2,1 0.001 0 -1 1,1 0.001 0 1 140.04 485 1,14 0.001 1 0 1,13 0.001 1 0 2,13 0.001 0 -1 63.0309 335 13,2 0.001 0 -1 14,1 0.001 -1 -1 13,1 0.001 1 0 125.044 470 13,13 0.001 -1 1 14,13 0.001 -1 0 13,14 0.001 -1 0 123.034 440 ::f,2,3 f,3,15 f,13,15 f,15,2 
252:1,2 0.001 -1 1 2,1 0.001 -1 -1 1,1 0.001 0 1 140.04 485 2,14 0.001 1 0 1,13 0.001 1 -1 2,13 0.001 0 -1 63.0319 335 13,2 0.001 -1 -1 14,1 0.001 -1 -1 13,1 0.001 1 -1 125.044 470 13,13 0.001 -1 1 14,13 0.001 -1 0 13,14 0.001 -1 1 123.034 440 ::f,2,3 f,3,15 f,13,15 f,15,2 
253:1,2 0.001 -1 1 2,1 0.001 -1 -1 1,1 0.001 0 1 140.04 485 2,14 0.001 1 0 1,13 0.001 1 -1 2,13 0.001 -1 -1 63.0319 335 13,2 0.001 -1 -1 14,1 0.001 -1 0 13,1 0.001 1 -1 125.044 470 13,13 0.001 0 1 14,13 0.001 -1 1 13,14 0.001 -1 1 123.034 440 ::f,2,3 f,3,15 f,13,15 f,15,2 
254:1,2 0.001 0 1 2,1 0.001 -1 0 1,1 0.001 1 1 140.04 485 2,14 0.001 1 -1 1,13 0.001 0 -1 2,13 0.001 -1 -1 63.0319 335 13,2 0.001 -1 0 14,1 0.001 -1 0 13,1 0.001 0 -1 125.044 470 13,13 0.001 0 1 14,13 0.001 -1 1 13,14 0.001 0 1 123.034 440 ::f,2,3 f,3,15 f,13,15 f,15,2 
255:1,2 0.001 0 1 2,1 0.001 -1 0 1,1 0.001 1 1 140.04 485 2,14 0.001 1 -1 1,13 0.001 0 -1 2,13 0.001 -1 0 63.0319 335 13,2 0.001 -1 0 14,1 0.001 -1 0 13,1 0.001 0 -1 125.044 470 13,13 0.001 0 1 14,13 0.001 0 1 13,14 0.001 0 1 133.034 455 ::f,2,3 f,3,15 f,14,15 f,15,2 
256:1,2 0.001 1 1 2,1 0.001 -1 0 1,1 0.001 1 0 140.04 485 2,14 0.001 0 -1 1,13 0.001 -1 -1 2,13 0.001 -1 0 63.0319 335 13,2 0.001 -1 1 14,1 0.001 -1 1 13,1 0.001 -1 -1 125.044 470 13,13 0.001 1 1 14,14 0.001 0 1 13,14 0.001 1 1 133.035 455 ::f,2,3 f,3,15 f,14,15 f,15,2 
257:1,2 0.001 1 1 2,1 0.001 -1 1 1,1 0.001 1 0 150.04 500 2,14 0.001 0 -1 1,13 0.001 -1 -1 2,13 0.001 -1 0 63.0319 335 13,2 0.001 -1 1 14,1 0.001 -1 1 13,1 0.001 -1 -1 125.044 470 13,13 0.001 1 0 14,14 0.001 0 1 13,14 0.001 1 1 136.035 470 ::f,0,0 f,3,15 f,12,14 f,15,2 
258:1,2 0.001 1 0 2,1 0.001 -1 1 1,1 0.001 1 -1 150.04 500 2,14 0.001 0 -1 1,13 0.001 -1 0 2,13 0.001 -1 1 63.0319 335 13,2 0.001 0 1 14,1 0.001 0 1 13,1 0.001 -1 0 125.044 470 13,13 0.001 1 0 14,14 0.001 1 1 13,14 0.001 1 0 136.035 470 ::f,0,0 f,3,15 f,12,14 f,15,2 
259:2,2 0.001 1 0 2,1 0.001 0 1 1,1 0.001 1 -1 150.041 500 2,14 0.001 -1 -1 1,13 0.001 -1 0 2,13 0.001 -1 1 63.0319 335 13,2 0.001 0 1 14,1 0.001 0 1 13,1 0.001 -1 0 125.044 470 13,13 0.001 1 -1 14,14 0.001 1 1 13,14 0.001 1 0 136.035 470 ::f,0,0 f,3,15 f,12,14 f,15,2 
260:2,2 0.001 1 0 2,1 0.001 0 1 1,1 0.001 0 -1 150.041 500 2,14 0.001 -1 -1 1,13 0.001 -1 1 2,13 0.001 0 1 63.0319 335 13,2 0.001 1 1 14,1 0.001 1 1 13,1 0.001 -1 1 125.044 470 13,13 0.001 1 -1 14,14 0.001 1 0 13,14 0.001 1 0 136.035 470 ::f,0,0 f,3,15 f,12,14 f,15,2 
261:2,2 0.001 1 -1 2,1 0.001 1 1 1,1 0.001 0 -1 150.041 500 2,14 0.001 -1 0 1,13 0.001 -1 1 2,13 0.001 0 1 63.0319 335 13,2 0.001 1 1 14,1 0.001 1 1 13,1 0.001 -1 1 135.044 485 13,13 0.001 0 -1 14,14 0.001 1 0 13,14 0.001 1 -1 136.035 470 ::f,0,0 f,3,15 f,12,14 f,13,0 
262:2,2 0.001 1 -1 2,1 0.001 1 1 1,1 0.001 -1 -1 150.041 500 2,14 0.001 -1 0 1,13 0.001 0 1 2,13 0.001 1 1 63.0319 335 13,2 0.001 1 0 14,1 0.001 1 0 13,1 0.001 0 1 135.044 485 13,13 0.001 0 -1 14,14 0.001 1 -1 13,14 0.001 1 -1 136.035 470 ::f,0,0 f,3,15 f,12,14 f,13,0 
263:2,2 0.001 0 -1 2,1 0.001 1 0 1,1 0.001 -1 -1 160.041 515 2,14 0.001 -1 1 1,14 0.001 0 1 2,13 0.001 1 1 63.0329 335 14,2 0.001 1 0 14,1 0.001 1 0 13,2 0.001 0 1 135.046 485 13,13 0.001 -1 -1 14,14 0.001 1 -1 13,14 0.001 0 -1 136.035 470 ::f,0,3 f,3,15 f,12,14 f,13,0 
264:2,2 0.001 0 -1 2,1 0.001 1 0 1,1 0.001 -1 0 160.041 515 2,14 0.001 -1 1 1,14 0.001 0 1 2,13 0.001 1 0 63.0329 335 14,2 0.001 1 0 14,1 0.001 1 -1 13,2 0.001 0 1 135.046 485 13,13 0.001 -1 -1 14,14 0.001 0 -1 13,14 0.001 0 -1 136.035 470 ::f,0,3 f,3,15 f,12,14 f,13,0 
265:2,2 0.001 0 -1 2,1 0.001 1 -1 1,1 0.001 -1 0 160.041 515 2,14 0.001 0 1 1,14 0.001 1 1 2,13 0.001 1 0 63.0329 335 14,2 0.001 1 -1 14,1 0.001 1 -1 13,2 0.001 1 1 135.046 485 13,13 0.001 -1 0 14,13 0.001 0 -1 13,14 0.001 -1 -1 136.036 470 ::f,0,3 f,3,15 f,12,14 f,13,0 
266:2,2 0.001 -1 -1 2,1 0.001 1 -1 1,1 0.001 -1 1 160.041 515 2,14 0.001 0 1 1,14 0.001 1 1 2,13 0.001 1 -1 63.0329 335 14,2 0.001 1 -1 14,1 0.001 0 -1 13,2 0.001 1 1 135.046 485 13,13 0.001 -1 0 14,13 0.001 0 -1 13,14 0.001 -1 -1 136.036 470 ::f,0,3 f,3,15 f,12,14 f,13,0 
267:2,2 0.001 -1 -1 2,1 0.001 0 -1 1,1 0.001 -1 1 160.041 515 2,14 0.001 1 1 1,14 0.001 1 0 2,13 0.001 1 -1 63.0329 335 14,2 0.001 0 -1 14,1 0.001 0 -1 13,2 0.001 1 0 135.046 485 13,13 0.001 -1 1 14,13 0.001 -1 -1 13,14 0.001 -1 0 136.036 470 ::f,0,3 f,3,15 f,12,14 f,13,0 
268:2,2 0.001 -1 0 2,1 0.001 0 -1 1,1 0.001 0 1 160.041 515 2,14 0.001 1 1 1,14 0.001 1 0 2,13 0.001 0 -1 66.033 350 14,2 0.001 0 -1 14,1 0.001 -1 -1 13,2 0.001 1 0 135.046 485 13,13 0.001 -1 1 14,13 0.001 -1 -1 13,14 0.001 -1 0 146.036 485 ::f,0,3 f,1,15 f,12,13 f,13,0 
269:2,2 0.001 -1 0 2,1 0.001 -1 -1 1,2 0.001 0 1 160.042 515 2,14 0.001 1 0 1,14 0.001 1 0 2,13 0.001 0 -1 66.033 350 14,2 0.001 0 -1 14,1 0.001 -1 -1 13,2 0.001 1 0 145.046 500 13,13 0.001 0 1 14,13 0.001 -1 0 13,14 0.001 -1 1 146.036 485 ::f,0,3 f,1,15 f,12,13 f,15,0 
270:2,2 0.001 -1 1 2,1 0.001 -1 -1 1,2 0.001 0 1 160.042 515 2,14 0.001 1 0 1,14 0.001 1 -1 2,13 0.001 -1 -1 66.033 350 14,2 0.001 -1 -1 14,1 0.001 -1 0 13,2 0.001 1 -1 145.046 500 13,13 0.001 0 1 14,13 0.001 -1 0 13,14 0.001 -1 1 146.036 485 ::f,0,3 f,1,15 f,12,13 f,15,0 
271:2,2 0.001 -1 1 2,1 0.001 -1 0 1,2 0.001 1 1 160.042 515 2,14 0.001 1 -1 1,14 0.001 1 -1 2,13 0.001 -1 -1 66.033 350 14,2 0.001 -1 -1 13,1 0.001 -1 0 14,1 0.001 1 -1 145.048 500 13,13 0.001 0 1 14,13 0.001 -1 0 13,14 0.001 0 1 146.036 485 ::f,0,3 f,1,15 f,12,13 f,15,0 
272:2,2 0.001 0 1 1,1 0.001 -1 0 1,2 0.001 1 1 160.043 515 2,14 0.001 1 -1 1,14 0.001 0 -1 2,13 0.001 -1 0 66.033 350 14,2 0.001 -1 0 13,1 0.001 -1 0 14,1 0.001 1 -1 155.048 515 13,13 0.001 1 1 14,13 0.001 -1 1 13,14 0.001 0 1 146.036 485 ::f,0,3 f,1,15 f,12,13 f,13,2 
273:2,2 0.001 0 1 1,1 0.001 -1 0 1,2 0.001 1 0 160.043 515 2,14 0.001 0 -1 1,14 0.001 0 -1 1,13 0.001 -1 0 66.034 350 14,2 0.001 -1 0 13,1 0.001 -1 1 14,1 0.001 0 -1 161.048 530 13,13 0.001 1 1 14,13 0.001 -1 1 13,14 0.001 1 1 146.036 485 ::f,0,3 f,1,15 f,12,13 f,14,3 
274:2,2 0.001 1 1 1,1 0.001 -1 1 1,2 0.001 1 0 160.043 515 2,13 0.001 0 -1 1,14 0.001 -1 -1 1,13 0.001 -1 0 66.035 350 14,2 0.001 -1 1 13,1 0.001 -1 1 14,1 0.001 0 -1 161.048 530 13,13 0.001 1 0 14,13 0.001 0 1 13,14 0.001 1 1 146.036 485 ::f,0,3 f,1,15 f,12,13 f,14,3 
275:2,2 0.001 1 1 1,1 0.001 -1 1 1,2 0.001 1 0 160.043 515 2,13 0.001 0 -1 1,14 0.001 -1 -1 1,13 0.001 -1 1 66.035 350 14,2 0.001 -1 1 13,1 0.001 0 1 14,1 0.001 -1 -1 161.048 530 13,13 0.001 1 0 14,13 0.001 0 1 13,14 0.001 1 0 146.036 485 ::f,0,3 f,1,15 f,12,13 f,14,3 
276:2,2 0.001 1 0 1,1 0.001 0 1 1,2 0.001 1 -1 160.043 515 2,13 0.001 -1 -1 1,14 0.001 -1 0 1,13 0.001 -1 1 66.035 350 14,2 0.001 0 1 13,2 0.001 0 1 14,1 0.001 -1 -1 161.049 530 13,13 0.001 1 -1 14,13 0.001 1 1 14,14 0.001 1 0 146.037 485 ::f,0,3 f,1,15 f,12,13 f,14,3 
277:2,2 0.001 1 0 1,1 0.001 0 1 1,2 0.001 1 -1 160.043 515 2,13 0.001 -1 -1 1,14 0.001 -1 0 1,13 0.001 0 1 66.035 350 14,2 0.001 0 1 13,2 0.001 0 1 14,1 0.001 -1 0 168.049 545 13,13 0.001 1 -1 14,13 0.001 1 1 14,14 0.001 1 0 146.037 485 ::f,0,3 f,1,15 f,12,0 f,12,13 
278:2,2 0.001 1 -1 1,1 0.001 0 1 1,2 0.001 0 -1 160.043 515 2,13 0.001 -1 0 1,14 0.001 -1 1 1,13 0.001 0 1 66.035 350 14,2 0.001 1 1 13,2 0.001 1 1 13,1 0.001 -1 0 168.05 545 13,13 0.001 0 -1 14,13 0.001 1 0 14,14 0.001 1 -1 146.037 485 ::f,0,3 f,1,15 f,12,0 f,12,13 
279:2,2 0.001 1 -1 1,1 0.001 1 1 1,2 0.001 0 -1 160.043 515 2,13 0.001 -1 0 1,14 0.001 -1 1 1,13 0.001 0 1 66.035 350 14,2 0.001 1 1 13,2 0.001 1 1 13,1 0.001 -1 0 168.05 545 13,13 0.001 0 -1 14,13 0.001 1 0 14,14 0.001 1 -1 146.037 485 ::f,0,3 f,1,15 f,12,0 f,12,13 
280:2,2 0.001 0 -1 1,1 0.001 1 1 1,2 0.001 -1 -1 160.043 515 2,13 0.001 -1 0 1,14 0.001 0 1 1,13 0.001 1 1 66.035 350 14,2 0.001 1 0 13,2 0.001 1 0 13,1 0.001 -1 1 168.05 545 13,13 0.001 -1 -1 14,13 0.001 1 -1 14,14 0.001 0 -1 146.037 485 ::f,0,3 f,1,15 f,12,0 f,12,13 
281:2,1 0.001 0 -1 1,1 0.001 1 0 1,2 0.001 -1 -1 160.044 515 2,13 0.001 -1 1 1,14 0.001 0 1 1,13 0.001 1 1 76.0351 365 14,2 0.001 1 0 13,2 0.001 1 0 13,1 0.001 -1 1 168.05 545 13,13 0.001 -1 -1 14,13 0.001 1 -1 14,14 0.001 0 -1 146.037 485 ::f,0,3 f,3,12 f,12,0 f,12,13 
282:2,1 0.001 0 -1 1,1 0.001 1 0 1,2 0.001 -1 0 160.044 515 2,13 0.001 -1 1 1,14 0.001 1 1 1,13 0.001 1 0 76.0351 365 14,2 0.001 1 -1 13,2 0.001 1 0 13,1 0.001 0 1 168.05 545 13,13 0.001 -1 0 14,13 0.001 0 -1 14,14 0.001 0 -1 146.037 485 ::f,0,3 f,3,12 f,12,0 f,12,13 
283:2,1 0.001 -1 -1 1,1 0.001 1 -1 1,2 0.001 -1 0 160.044 515 2,13 0.001 0 1 1,14 0.001 1 1 1,13 0.001 1 0 76.0351 365 14,2 0.001 1 -1 13,2 0.001 1 -1 13,1 0.001 0 1 168.05 545 13,13 0.001 -1 0 14,13 0.001 0 -1 14,14 0.001 -1 -1 160.037 515 ::f,0,3 f,3,12 f,12,0 f,13,14 
284:2,1 0.001 -1 -1 1,1 0.001 1 -1 1,2 0.001 -1 1 160.044 515 2,13 0.001 0 1 1,14 0.001 1 0 1,13 0.001 1 -1 76.0351 365 14,2 0.001 0 -1 13,2 0.001 1 -1 13,1 0.001 0 1 168.05 545 13,13 0.001 -1 1 14,13 0.001 -1 -1 14,14 0.001 -1 -1 160.037 515 ::f,0,3 f,3,12 f,12,0 f,13,14 
285:2,1 0.001 -1 0 1,1 0.001 0 -1 1,2 0.001 -1 1 170.044 530 2,13 0.001 1 1 2,14 0.001 1 0 1,13 0.001 1 -1 76.0361 365 14,1 0.001 0 -1 13,2 0.001 0 -1 13,1 0.001 1 1 168.051 545 13,13 0.001 -1 1 14,13 0.001 -1 -1 14,14 0.001 -1 0 160.037 515 ::f,3,1 f,3,12 f,12,0 f,13,14 
286:2,1 0.001 -1 0 1,1 0.001 0 -1 1,2 0.001 0 1 170.044 530 2,13 0.001 1 1 2,14 0.001 1 0 1,13 0.001 0 -1 76.0361 365 14,1 0.001 0 -1 13,2 0.001 0 -1 13,1 0.001 1 1 168.051 545 13,13 0.001 0 1 14,13 0.001 -1 0 14,14 0.001 -1 0 170.037 530 ::f,3,1 f,3,12 f,12,0 f,14,12 
287:2,1 0.001 -1 0 1,1 0.001 -1 -1 1,2 0.001 0 1 170.044 530 2,13 0.001 1 0 2,14 0.001 1 -1 1,13 0.001 0 -1 76.0361 365 14,1 0.001 -1 -1 13,2 0.001 -1 -1 13,1 0.001 1 0 168.051 545 13,14 0.001 0 1 13,13 0.001 -1 0 14,14 0.001 -1 1 170.039 530 ::f,3,1 f,3,12 f,12,0 f,14,12 
288:2,1 0.001 -1 1 1,1 0.001 -1 -1 1,2 0.001 1 1 170.044 530 2,13 0.001 1 0 2,14 0.001 1 -1 1,13 0.001 -1 -1 76.0361 365 14,1 0.001 -1 -1 13,2 0.001 -1 -1 13,1 0.001 1 0 168.051 545 13,14 0.001 0 1 13,13 0.001 -1 0 14,14 0.001 -1 1 170.039 530 ::f,3,1 f,3,12 f,12,0 f,14,12 
289:2,1 0.001 -1 1 1,1 0.001 -1 0 1,2 0.001 1 1 170.044 530 2,13 0.001 1 -1 2,14 0.001 0 -1 1,13 0.001 -1 -1 76.0361 365 14,1 0.001 -1 0 13,2 0.001 -1 0 13,1 0.001 1 -1 168.051 545 13,14 0.001 1 1 13,13 0.001 -1 1 14,14 0.001 0 1 170.039 530 ::f,3,1 f,3,12 f,12,0 f,14,12 
290:2,1 0.001 0 1 1,1 0.001 -1 0 1,2 0.001 1 0 170.044 530 2,13 0.001 1 -1 2,14 0.001 0 -1 1,13 0.001 -1 0 80.0362 380 14,1 0.001 -1 0 13,2 0.001 -1 0 13,1 0.001 1 -1 168.051 545 13,14 0.001 1 1 13,13 0.001 -1 1 14,14 0.001 0 1 170.039 530 ::f,1,15 f,3,1 f,12,0 f,14,12 
291:2,1 0.001 0 1 1,1 0.001 -1 1 2,2 0.001 1 0 170.045 530 2,13 0.001 0 -1 2,14 0.001 0 -1 1,13 0.001 -1 0 80.0362 380 14,1 0.001 -1 0 13,2 0.001 -1 1 13,1 0.001 0 -1 168.051 545 13,14 0.001 1 0 13,13 0.001 0 1 14,14 0.001 1 1 170.039 530 ::f,1,15 f,3,1 f,12,0 f,14,12 
292:2,1 0.001 1 1 1,1 0.001 -1 1 2,2 0.001 1 0 170.045 530 2,13 0.001 0 -1 2,14 0.001 -1 -1 1,13 0.001 -1 1 80.0362 380 14,1 0.001 -1 1 13,2 0.001 -1 1 13,1 0.001 0 -1 168.051 545 13,14 0.001 1 0 13,13 0.001 0 1 14,14 0.001 1 1 170.039 530 ::f,1,15 f,3,1 f,12,0 f,14,12 
293:2,1 0.001 1 1 1,1 0.001 0 1 2,2 0.001 1 -1 170.045 530 2,13 0.001 -1 -1 2,14 0.001 -1 -1 1,13 0.001 -1 1 80.0362 380 14,1 0.001 -1 1 13,2 0.001 0 1 13,1 0.001 -1 -1 168.051 545 13,14 0.001 1 0 13,13 0.001 0 1 14,14 0.001 1 0 170.039 530 ::f,1,15 f,3,1 f,12,0 f,14,12 
294:2,1 0.001 1 0 1,2 0.001 0 1 2,2 0.001 1 -1 180.046 545 2,13 0.001 -1 -1 2,14 0.001 -1 0 1,13 0.001 0 1 80.0362 380 14,1 0.001 0 1 13,2 0.001 0 1 13,1 0.001 -1 -1 178.051 560 13,14 0.001 1 -1 13,13 0.001 1 1 14,14 0.001 1 0 170.039 530 ::f,1,15 f,3,1 f,12,3 f,14,12 
295:2,1 0.001 1 0 1,2 0.001 0 1 2,2 0.001 0 -1 190.046 560 2,13 0.001 -1 0 2,14 0.001 -1 0 1,14 0.001 0 1 80.0372 380 14,1 0.001 0 1 13,2 0.001 1 1 13,1 0.001 -1 0 178.051 560 13,14 0.001 1 -1 13,13 0.001 1 1 14,14 0.001 1 -1 170.039 530 ::f,1,15 f,2,3 f,12,3 f,14,12 
296:2,1 0.001 1 -1 1,2 0.001 1 1 2,2 0.001 0 -1 190.046 560 1,13 0.001 -1 0 2,14 0.001 -1 1 1,14 0.001 0 1 86.0383 395 14,1 0.001 1 1 13,2 0.001 1 1 13,1 0.001 -1 0 178.051 560 13,14 0.001 0 -1 13,13 0.001 1 0 14,14 0.001 1 -1 170.039 530 ::f,1,12 f,2,3 f,12,3 f,14,12 
297:2,1 0.001 1 -1 1,2 0.001 1 1 2,2 0.001 0 -1 195.047 575 1,13 0.001 -1 0 2,14 0.001 -1 1 1,14 0.001 1 1 86.0383 395 14,1 0.001 1 1 13,2 0.001 1 0 13,1 0.001 -1 1 178.051 560 13,14 0.001 0 -1 13,13 0.001 1 0 14,14 0.001 0 -1 170.039 530 ::f,0,3 f,1,12 f,12,3 f,14,12 
298:2,1 0.001 0 -1 1,2 0.001 1 0 2,2 0.001 -1 -1 195.047 575 1,13 0.001 -1 1 2,14 0.001 0 1 1,14 0.001 1 1 86.0383 395 14,1 0.001 1 0 14,2 0.001 1 0 13,1 0.001 -1 1 178.052 560 13,14 0.001 -1 -1 13,13 0.001 1 -1 14,13 0.001 0 -1 170.04 530 ::f,0,3 f,1,12 f,12,3 f,14,12 
299:2,1 0.001 0 -1 1,2 0.001 1 0 2,2 0.001 -1 -1 195.047 575 1,13 0.001 -1 1 2,14 0.001 0 1 1,14 0.001 1 0 86.0383 395 14,1 0.001 1 0 14,2 0.001 1 0 13,1 0.001 0 1 178.052 560 13,14 0.001 -1 -1 13,13 0.001 1 -1 14,13 0.001 0 -1 175.04 545 ::f,0,3 f,1,12 f,12,3 f,15,12 
