16
0:2,0 0.001 0 -1 1,2 0.003 1 -1 0,1 0.002 -1 -1 0 50 1,15 0.001 1 1 1,14 0.003 -1 1 3,14 0.002 1 -1 0.002 50 13,3 0.001 -1 1 14,0 0.003 -1 -1 14,1 0.002 0 -1 0 50 12,14 0.001 -1 -1 14,13 0.003 -1 1 12,12 0.002 1 -1 0.001 50 ::f,0,13 f,2,1 f,13,14 f,15,2 
1:2,0 0.001 0 -1 1,2 0.001 1 -1 0,1 0.001 -1 -1 0.0001 65 1,15 0.001 1 1 1,14 0.001 -1 1 3,14 0.001 1 -1 0.002 50 13,3 0.001 -1 1 14,0 0.001 -1 -1 14,1 0.001 0 -1 0 50 12,14 0.001 -1 -1 14,13 0.001 -1 1 12,12 0.001 1 -1 0.0011 65 ::f,0,13 f,1,0 f,15,2 f,15,13 
2:2,0 0.001 -1 -1 1,2 0.001 0 -1 0,1 0.001 -1 0 0.0001 65 1,15 0.001 1 0 1,14 0.001 0 1 3,14 0.001 0 -1 0.002 50 13,3 0.001 0 1 14,0 0.001 -1 0 14,1 0.001 -1 -1 0 50 12,14 0.001 -1 0 14,13 0.001 0 1 12,12 0.001 0 -1 0.0011 65 ::f,0,13 f,1,0 f,15,2 f,15,13 
3:2,0 0.001 -1 -1 1,2 0.001 0 -1 0,1 0.001 -1 0 0.0001 65 1,15 0.001 1 0 1,14 0.001 0 1 3,14 0.001 0 -1 0.002 50 13,3 0.001 0 1 14,0 0.001 -1 0 14,1 0.001 -1 -1 0 50 12,14 0.001 -1 0 14,13 0.001 0 1 12,12 0.001 0 -1 0.0011 65 ::f,0,13 f,1,0 f,15,2 f,15,13 
4:2,0 0.001 -1 0 1,2 0.001 -1 -1 0,1 0.001 -1 1 0.0001 65 1,15 0.001 1 -1 1,14 0.001 1 1 3,14 0.001 -1 -1 0.002 50 13,3 0.001 1 1 14,0 0.001 -1 1 14,1 0.001 -1 0 0 50 12,14 0.001 -1 1 14,13 0.001 1 1 12,12 0.001 -1 -1 0.0011 65 ::f,0,13 f,1,0 f,15,2 f,15,13 
5:2,0 0.001 -1 0 1,2 0.001 -1 -1 0,1 0.001 -1 1 0.0002 80 1,15 0.001 1 -1 1,14 0.001 1 1 3,14 0.001 -1 -1 0.002 50 13,3 0.001 1 1 14,0 0.001 -1 1 14,1 0.001 -1 0 0 50 12,14 0.001 -1 1 14,13 0.001 1 1 12,12 0.001 -1 -1 0.0011 65 ::f,0,13 f,3,1 f,15,2 f,15,13 
6:2,0 0.001 -1 1 1,2 0.001 -1 0 0,1 0.001 0 1 0.0002 80 1,15 0.001 0 -1 1,14 0.001 1 0 3,14 0.001 -1 0 0.002 50 13,3 0.001 1 0 14,0 0.001 0 1 14,1 0.001 -1 1 0 50 12,14 0.001 0 1 14,13 0.001 1 0 12,12 0.001 -1 0 0.0011 65 ::f,0,13 f,3,1 f,15,2 f,15,13 
7:2,0 0.001 -1 1 1,2 0.001 -1 0 0,2 0.001 0 1 0.0012 80 1,15 0.001 0 -1 2,14 0.001 1 0 3,14 0.001 -1 0 0.003 50 13,3 0.001 1 0 14,0 0.001 0 1 14,1 0.001 -1 1 0 50 12,14 0.001 0 1 14,13 0.001 1 0 12,12 0.001 -1 0 1.0012 80 ::f,0,13 f,3,1 f,14,14 f,15,2 
8:1,1 0.001 -1 1 1,2 0.001 -1 1 0,2 0.001 0 1 0.0022 80 1,15 0.001 -1 -1 2,14 0.001 1 0 3,14 0.001 -1 1 0.003 50 13,3 0.001 1 -1 14,0 0.001 1 1 14,1 0.001 0 1 0 50 12,14 0.001 1 1 14,13 0.001 1 -1 12,12 0.001 -1 0 1.0012 80 ::f,0,13 f,3,1 f,14,14 f,15,2 
9:1,1 0.001 -1 1 1,2 0.001 -1 1 0,2 0.001 1 1 0.0022 80 1,15 0.001 -1 -1 2,14 0.001 1 -1 3,14 0.001 -1 1 0.003 50 13,3 0.001 1 -1 14,0 0.001 1 1 14,1 0.001 0 1 0 50 12,14 0.001 1 1 14,13 0.001 1 -1 12,12 0.001 -1 0 1.0012 80 ::f,0,13 f,3,1 f,14,14 f,15,2 
10:1,1 0.001 0 1 1,2 0.001 0 1 0,2 0.001 1 1 0.0022 80 1,15 0.001 -1 0 2,14 0.001 1 -1 3,14 0.001 0 1 0.003 50 13,3 0.001 0 -1 14,0 0.001 1 0 14,1 0.001 1 1 0 50 12,14 0.001 1 0 14,13 0.001 0 -1 12,12 0.001 -1 0 1.0012 80 ::f,0,13 f,3,1 f,14,14 f,15,2 
11:1,1 0.001 0 1 1,2 0.001 0 1 0,2 0.001 1 0 0.0022 80 1,15 0.001 -1 0 2,14 0.001 0 -1 3,14 0.001 0 1 0.003 50 13,3 0.001 0 -1 14,0 0.001 1 0 14,1 0.001 1 1 0.0001 65 13,14 0.001 1 0 14,13 0.001 0 -1 12,12 0.001 -1 0 1.0022 80 ::f,0,13 f,3,1 f,13,2 f,14,14 
12:1,1 0.001 0 1 1,2 0.001 1 1 0,2 0.001 1 0 0.0022 80 1,15 0.001 -1 1 2,13 0.001 0 -1 3,14 0.001 1 1 0.004 50 13,3 0.001 -1 -1 14,0 0.001 1 -1 14,1 0.001 1 0 0.0001 65 13,14 0.001 1 0 14,13 0.001 -1 -1 12,12 0.001 -1 0 1.0023 95 ::f,0,13 f,3,1 f,13,2 f,14,14 
13:1,1 0.001 1 1 2,3 0.001 1 1 0,2 0.001 1 0 0.0032 80 1,15 0.001 -1 1 2,13 0.001 0 -1 3,14 0.001 1 1 0.004 50 13,3 0.001 -1 -1 14,0 0.001 1 -1 14,1 0.001 1 0 0.0001 65 13,14 0.001 1 -1 14,13 0.001 -1 -1 12,12 0.001 -1 0 1.0023 95 ::f,0,13 f,3,1 f,13,2 f,14,14 
14:1,1 0.001 1 1 2,3 0.001 1 1 0,2 0.001 1 -1 0.0032 80 1,15 0.001 0 1 2,13 0.001 -1 -1 3,14 0.001 1 0 0.004 50 13,3 0.001 -1 0 14,0 0.001 0 -1 14,1 0.001 1 -1 0.0001 65 13,14 0.001 1 -1 14,13 0.001 -1 0 12,12 0.001 -1 0 1.0023 95 ::f,0,13 f,3,1 f,13,2 f,14,14 
15:1,1 0.001 1 0 2,3 0.001 1 0 0,2 0.001 1 -1 0.0032 80 1,15 0.001 0 1 2,13 0.001 -1 -1 3,14 0.001 1 0 0.004 50 13,3 0.001 -1 0 14,0 0.001 0 -1 14,1 0.001 1 -1 0.0001 65 13,14 0.001 0 -1 13,13 0.001 -1 0 12,12 0.001 -1 0 1.0033 95 ::f,0,13 f,3,1 f,13,2 f,14,14 
16:2,1 0.001 1 0 2,3 0.001 1 0 0,2 0.001 0 -1 0.0042 80 1,15 0.001 1 1 2,13 0.001 -1 0 3,14 0.001 1 -1 0.004 50 13,3 0.001 -1 1 14,0 0.001 -1 -1 14,1 0.001 0 -1 0.0001 65 13,14 0.001 0 -1 13,13 0.001 -1 0 12,12 0.001 -1 0 1.0033 95 ::f,0,13 f,3,1 f,13,2 f,14,14 
17:2,1 0.001 1 0 2,3 0.001 1 -1 0,2 0.001 0 -1 1.0043 95 1,15 0.001 1 1 1,13 0.001 -1 0 3,14 0.001 1 -1 0.005 50 13,3 0.001 -1 1 14,0 0.001 -1 -1 14,1 0.001 0 -1 0.0001 65 13,14 0.001 -1 -1 13,13 0.001 -1 1 12,12 0.001 -1 0 1.0033 95 ::f,0,13 f,1,2 f,13,2 f,14,14 
18:2,1 0.001 1 -1 3,2 0.001 1 -1 0,2 0.001 -1 -1 1.0053 95 1,15 0.001 1 0 1,13 0.001 -1 0 3,14 0.001 0 -1 0.0051 65 13,3 0.001 0 1 14,0 0.001 -1 0 14,1 0.001 -1 -1 0.0001 65 13,14 0.001 -1 -1 13,13 0.001 -1 1 12,12 0.001 -1 0 1.0033 95 ::f,1,2 f,3,12 f,13,2 f,14,14 
19:2,1 0.001 1 -1 3,2 0.001 1 -1 0,2 0.001 -1 -1 1.0053 95 2,15 0.001 1 0 1,13 0.001 -1 1 3,13 0.001 0 -1 0.0071 65 13,3 0.001 0 1 13,0 0.001 -1 0 14,1 0.001 -1 -1 0.0011 65 13,14 0.001 -1 0 13,13 0.001 0 1 12,12 0.001 -1 0 1.0033 95 ::f,1,2 f,3,12 f,13,2 f,14,14 
20:2,1 0.001 0 -1 3,2 0.001 0 -1 0,2 0.001 -1 0 1.0053 95 2,15 0.001 1 0 1,13 0.001 -1 1 3,13 0.001 0 -1 0.0072 80 13,3 0.001 1 1 13,0 0.001 -1 0 14,1 0.001 -1 0 0.0011 65 13,14 0.001 -1 0 13,13 0.001 0 1 12,12 0.001 -1 0 1.0033 95 ::f,1,2 f,2,12 f,13,2 f,14,14 
21:2,1 0.001 0 -1 3,1 0.001 0 -1 0,2 0.001 -1 0 1.0063 95 2,15 0.001 1 -1 1,13 0.001 0 1 3,13 0.001 -1 -1 0.0072 80 13,3 0.001 1 1 13,0 0.001 -1 1 13,1 0.001 -1 0 0.0021 65 13,14 0.001 -1 1 13,13 0.001 0 1 12,12 0.001 -1 0 1.0033 95 ::f,1,2 f,2,12 f,13,2 f,14,14 
22:2,1 0.001 -1 -1 3,1 0.001 0 -1 0,2 0.001 -1 1 1.0063 95 2,15 0.001 1 -1 1,14 0.001 0 1 3,13 0.001 -1 -1 1.0083 95 13,3 0.001 1 0 13,0 0.001 -1 1 13,1 0.001 -1 0 0.0021 65 13,14 0.001 -1 1 13,13 0.001 1 1 12,12 0.001 -1 0 1.0033 95 ::f,1,2 f,1,12 f,13,2 f,14,14 
23:2,1 0.001 -1 -1 3,1 0.001 -1 -1 0,2 0.001 -1 1 1.0063 95 2,15 0.001 0 -1 1,14 0.001 0 1 3,13 0.001 -1 0 1.0083 95 14,3 0.001 1 0 13,0 0.001 0 1 13,1 0.001 -1 1 0.0031 65 13,14 0.001 0 1 13,13 0.001 1 1 12,12 0.001 -1 0 3.0034 110 ::f,1,2 f,1,12 f,13,2 f,15,13 
24:2,1 0.001 -1 0 2,0 0.001 -1 -1 0,2 0.001 0 1 1.0073 95 2,14 0.001 0 -1 1,14 0.001 1 1 2,13 0.001 -1 0 1.0103 95 14,3 0.001 1 0 13,0 0.001 0 1 13,1 0.001 -1 1 0.0031 65 13,14 0.001 0 1 13,13 0.001 1 0 12,12 0.001 -1 0 3.0034 110 ::f,1,2 f,1,12 f,13,2 f,15,13 
25:1,1 0.001 -1 0 2,0 0.001 -1 -1 0,2 0.001 0 1 1.0083 95 2,14 0.001 0 -1 1,14 0.001 1 1 2,13 0.001 -1 0 1.0103 95 14,3 0.001 1 -1 13,0 0.001 0 1 13,1 0.001 0 1 0.0031 65 13,14 0.001 1 1 14,13 0.001 1 0 12,12 0.001 -1 0 3.0044 110 ::f,1,2 f,1,12 f,13,2 f,15,13 
26:1,1 0.001 -1 0 2,0 0.001 -1 0 0,2 0.001 1 1 1.0083 95 2,14 0.001 -1 -1 1,14 0.001 1 0 2,13 0.001 -1 1 1.0103 95 15,2 0.001 1 -1 13,0 0.001 1 1 13,1 0.001 0 1 0.0041 65 13,14 0.001 1 1 14,13 0.001 1 0 12,12 0.001 -1 0 6.0045 125 ::f,1,2 f,1,12 f,13,2 f,15,15 
27:1,1 0.001 -1 1 1,0 0.001 -1 0 0,2 0.001 1 1 1.0093 95 2,14 0.001 -1 -1 1,14 0.001 1 0 2,13 0.001 -1 1 1.0103 95 15,2 0.001 1 -1 14,1 0.001 1 1 13,1 0.001 0 1 1.0052 80 13,14 0.001 1 0 14,13 0.001 1 -1 12,12 0.001 -1 0 6.0045 125 ::f,1,2 f,1,12 f,13,0 f,15,15 
28:1,1 0.001 -1 1 1,0 0.001 -1 0 0,2 0.001 1 0 1.0093 95 2,14 0.001 -1 0 1,14 0.001 1 0 2,13 0.001 0 1 1.0103 95 15,2 0.001 0 -1 14,1 0.001 1 1 13,1 0.001 1 1 1.0052 80 14,14 0.001 1 0 14,13 0.001 1 -1 12,12 0.001 -1 0 6.0055 125 ::f,1,2 f,1,12 f,13,0 f,15,15 
29:1,1 0.001 0 1 1,0 0.001 -1 1 0,2 0.001 1 0 1.0093 95 2,14 0.001 -1 0 1,14 0.001 1 -1 2,13 0.001 0 1 1.0103 95 15,1 0.001 0 -1 14,1 0.001 1 0 13,1 0.001 1 1 1.0062 80 14,14 0.001 1 0 14,13 0.001 0 -1 12,12 0.001 -1 0 6.0055 125 ::f,1,2 f,1,12 f,13,0 f,15,15 
30:1,1 0.001 0 1 0,1 0.001 -1 1 0,2 0.001 1 0 1.0104 110 2,14 0.001 -1 1 1,14 0.001 1 -1 2,13 0.001 1 1 1.0103 95 15,1 0.001 0 -1 14,1 0.001 1 0 13,1 0.001 1 0 1.0062 80 14,14 0.001 1 -1 14,13 0.001 0 -1 12,12 0.001 -1 0 6.0055 125 ::f,1,12 f,2,0 f,13,0 f,15,15 
31:1,1 0.001 0 1 0,1 0.001 -1 1 0,2 0.001 1 -1 1.0104 110 2,14 0.001 -1 1 1,14 0.001 0 -1 2,13 0.001 1 1 1.0103 95 15,1 0.001 -1 -1 14,1 0.001 1 -1 13,1 0.001 1 0 1.0062 80 14,14 0.001 1 -1 14,13 0.001 -1 -1 12,12 0.001 -1 0 6.0055 125 ::f,1,12 f,2,0 f,13,0 f,15,15 
32:1,1 0.001 1 1 0,1 0.001 0 1 0,2 0.001 1 -1 1.0104 110 2,14 0.001 0 1 1,13 0.001 0 -1 2,13 0.001 1 0 1.0113 95 14,0 0.001 -1 -1 14,1 0.001 1 -1 13,1 0.001 1 0 1.0072 80 14,14 0.001 0 -1 14,13 0.001 -1 -1 12,12 0.001 -1 0 6.0055 125 ::f,1,12 f,2,0 f,13,0 f,15,15 
33:1,1 0.001 1 1 0,1 0.001 0 1 0,2 0.001 1 -1 1.0104 110 2,14 0.001 0 1 1,13 0.001 0 -1 2,13 0.001 1 0 4.0115 125 14,0 0.001 -1 -1 14,1 0.001 0 -1 13,1 0.001 1 -1 1.0072 80 14,14 0.001 0 -1 14,13 0.001 -1 0 12,12 0.001 -1 0 6.0055 125 ::f,0,14 f,2,0 f,13,0 f,15,15 
34:1,1 0.001 1 0 0,1 0.001 1 1 0,2 0.001 0 -1 1.0104 110 2,14 0.001 1 1 1,13 0.001 -1 -1 2,13 0.001 1 -1 4.0115 125 14,0 0.001 -1 0 14,1 0.001 0 -1 13,1 0.001 1 -1 1.0072 80 14,14 0.001 0 -1 13,13 0.001 -1 0 12,12 0.001 -1 0 6.0065 125 ::f,0,14 f,2,0 f,13,0 f,15,15 
35:1,1 0.001 1 0 0,1 0.001 1 1 0,2 0.001 0 -1 1.0104 110 2,14 0.001 1 1 1,13 0.001 -1 -1 2,13 0.001 1 -1 4.0115 125 14,0 0.001 -1 0 14,1 0.001 -1 -1 13,1 0.001 0 -1 1.0073 95 14,14 0.001 -1 -1 13,13 0.001 -1 0 12,12 0.001 -1 0 6.0065 125 ::f,0,14 f,2,0 f,13,3 f,15,15 
36:1,1 0.001 1 -1 0,1 0.001 1 0 0,2 0.001 -1 -1 1.0104 110 2,14 0.001 1 0 1,13 0.001 -1 0 2,13 0.001 0 -1 4.0115 125 14,0 0.001 -1 1 14,1 0.001 -1 -1 13,1 0.001 0 -1 1.0073 95 14,14 0.001 -1 -1 13,13 0.001 -1 1 12,12 0.001 -1 0 6.0065 125 ::f,0,14 f,2,0 f,13,3 f,15,15 
37:1,1 0.001 1 -1 0,1 0.001 1 0 0,2 0.001 -1 -1 3.0105 125 2,14 0.001 1 0 1,13 0.001 -1 0 2,13 0.001 0 -1 4.0115 125 14,0 0.001 -1 1 14,1 0.001 -1 0 13,1 0.001 -1 -1 1.0073 95 14,14 0.001 -1 -1 13,13 0.001 -1 1 12,12 0.001 -1 0 6.0065 125 ::f,0,14 f,3,2 f,13,3 f,15,15 
38:1,1 0.001 0 -1 0,1 0.001 1 -1 0,2 0.001 -1 0 3.0105 125 2,14 0.001 1 -1 1,13 0.001 -1 1 2,13 0.001 -1 -1 4.0115 125 14,0 0.001 0 1 14,1 0.001 -1 0 13,1 0.001 -1 -1 1.0073 95 14,14 0.001 -1 0 13,13 0.001 0 1 12,12 0.001 -1 0 6.0065 125 ::f,0,14 f,3,2 f,13,3 f,15,15 
39:1,1 0.001 0 -1 0,1 0.001 1 -1 0,2 0.001 -1 0 3.0105 125 2,14 0.001 1 -1 1,13 0.001 -1 1 2,13 0.001 -1 -1 6.0116 140 14,0 0.001 0 1 14,1 0.001 -1 0 13,1 0.001 -1 0 1.0073 95 14,14 0.001 -1 0 13,14 0.001 0 1 12,12 0.001 -1 0 6.0075 125 ::f,1,14 f,3,2 f,13,3 f,15,15 
40:1,1 0.001 -1 -1 0,1 0.001 0 -1 0,2 0.001 -1 1 3.0105 125 2,14 0.001 0 -1 1,13 0.001 0 1 2,13 0.001 -1 0 6.0116 140 14,0 0.001 1 1 14,1 0.001 -1 1 13,1 0.001 -1 0 1.0073 95 14,14 0.001 -1 1 13,14 0.001 0 1 12,12 0.001 -1 0 6.0075 125 ::f,1,14 f,3,2 f,13,3 f,15,15 
41:1,1 0.001 -1 -1 0,1 0.001 0 -1 0,2 0.001 -1 1 3.0105 125 2,14 0.001 0 -1 1,13 0.001 0 1 2,13 0.001 -1 0 6.0116 140 14,0 0.001 1 1 14,1 0.001 -1 1 13,1 0.001 -1 1 1.0073 95 14,14 0.001 -1 1 13,14 0.001 1 1 12,12 0.001 -1 0 6.0075 125 ::f,1,14 f,3,2 f,13,3 f,15,15 
42:1,1 0.001 -1 0 0,1 0.001 -1 -1 0,2 0.001 0 1 3.0105 125 2,14 0.001 0 -1 1,13 0.001 0 1 2,13 0.001 -1 0 9.0117 155 14,0 0.001 1 0 14,1 0.001 0 1 13,1 0.001 -1 1 1.0073 95 14,14 0.001 0 1 13,14 0.001 1 1 12,12 0.001 -1 0 6.0075 125 ::f,3,2 f,3,15 f,13,3 f,15,15 
43:1,1 0.001 -1 0 0,1 0.001 -1 -1 0,2 0.001 0 1 3.0105 125 2,14 0.001 -1 -1 1,13 0.001 1 1 2,13 0.001 -1 1 9.0117 155 14,0 0.001 1 0 14,1 0.001 0 1 13,1 0.001 0 1 1.0073 95 14,14 0.001 0 1 13,14 0.001 1 0 12,12 0.001 -1 0 6.0075 125 ::f,3,2 f,3,15 f,13,3 f,15,15 
44:1,1 0.001 -1 1 0,1 0.001 -1 0 0,2 0.001 1 1 3.0105 125 2,14 0.001 -1 -1 1,13 0.001 1 1 2,13 0.001 -1 1 9.0117 155 14,0 0.001 1 -1 14,1 0.001 1 1 13,2 0.001 0 1 1.0083 95 14,14 0.001 1 1 13,14 0.001 1 0 12,12 0.001 -1 0 6.0075 125 ::f,3,2 f,3,15 f,13,3 f,15,15 
45:1,1 0.001 -1 1 0,1 0.001 -1 0 0,2 0.001 1 1 3.0105 125 2,14 0.001 -1 0 1,13 0.001 1 1 2,13 0.001 0 1 9.0117 155 14,0 0.001 1 -1 14,1 0.001 1 1 13,2 0.001 0 1 3.0084 110 14,14 0.001 1 1 13,14 0.001 1 0 12,12 0.001 -1 0 7.0076 140 ::f,3,2 f,3,15 f,12,0 f,12,15 
46:1,1 0.001 0 1 0,1 0.001 -1 1 0,2 0.001 1 0 3.0105 125 2,14 0.001 -1 0 1,13 0.001 1 0 2,13 0.001 0 1 9.0117 155 14,0 0.001 0 -1 14,1 0.001 1 0 13,2 0.001 1 1 3.0084 110 14,14 0.001 1 0 13,14 0.001 1 -1 12,12 0.001 -1 0 7.0076 140 ::f,3,2 f,3,15 f,12,0 f,12,15 
47:1,2 0.001 0 1 0,1 0.001 -1 1 0,2 0.001 1 0 3.0115 125 2,14 0.001 -1 1 1,13 0.001 1 0 2,13 0.001 1 1 9.0117 155 14,0 0.001 0 -1 14,1 0.001 1 0 13,2 0.001 1 1 3.0084 110 14,14 0.001 1 0 13,14 0.001 1 -1 12,12 0.001 -1 0 7.0076 140 ::f,3,2 f,3,15 f,12,0 f,12,15 
48:1,2 0.001 0 1 0,1 0.001 0 1 0,2 0.001 1 0 3.0115 125 2,14 0.001 -1 1 1,13 0.001 1 -1 2,13 0.001 1 1 9.0117 155 14,0 0.001 -1 -1 14,1 0.001 1 -1 13,2 0.001 1 0 3.0084 110 14,14 0.001 1 -1 13,14 0.001 0 -1 12,12 0.001 -1 0 7.0076 140 ::f,3,2 f,3,15 f,12,0 f,12,15 
49:1,2 0.001 1 1 0,1 0.001 0 1 0,2 0.001 1 -1 3.0115 125 2,14 0.001 0 1 1,13 0.001 1 -1 2,13 0.001 1 0 9.0117 155 14,0 0.001 -1 -1 14,1 0.001 1 -1 14,2 0.001 1 0 3.0094 110 14,14 0.001 1 -1 13,14 0.001 0 -1 12,12 0.001 -1 0 7.0076 140 ::f,3,2 f,3,15 f,12,0 f,12,15 
50:1,2 0.001 1 1 0,1 0.001 0 1 0,2 0.001 1 -1 3.0115 125 2,14 0.001 0 1 1,13 0.001 0 -1 2,13 0.001 1 0 9.0117 155 14,0 0.001 -1 0 14,1 0.001 0 -1 14,2 0.001 1 0 3.0094 110 14,14 0.001 0 -1 13,14 0.001 -1 -1 12,12 0.001 -1 0 7.0076 140 ::f,3,2 f,3,15 f,12,0 f,12,15 
51:1,2 0.001 1 0 0,1 0.001 1 1 0,2 0.001 0 -1 3.0115 125 2,14 0.001 1 1 1,13 0.001 0 -1 2,13 0.001 1 -1 9.0117 155 13,0 0.001 -1 0 14,1 0.001 0 -1 14,2 0.001 1 -1 3.0104 110 14,13 0.001 0 -1 13,14 0.001 -1 -1 12,12 0.001 -1 0 7.0086 140 ::f,3,2 f,3,15 f,12,0 f,12,15 
52:2,2 0.001 1 0 1,2 0.001 1 1 0,2 0.001 0 -1 3.0135 125 2,14 0.001 1 1 1,13 0.001 -1 -1 2,13 0.001 1 -1 9.0118 170 13,0 0.001 -1 0 14,1 0.001 -1 -1 14,2 0.001 1 -1 4.0105 125 14,13 0.001 0 -1 13,14 0.001 -1 0 12,12 0.001 -1 0 7.0086 140 ::f,3,2 f,3,13 f,12,15 f,15,3 
53:2,2 0.001 1 0 1,2 0.001 1 1 0,2 0.001 -1 -1 6.0136 140 2,14 0.001 1 0 1,13 0.001 -1 -1 2,13 0.001 0 -1 9.0118 170 13,0 0.001 -1 1 14,1 0.001 -1 -1 14,2 0.001 0 -1 4.0105 125 14,13 0.001 -1 -1 13,14 0.001 -1 0 12,12 0.001 -1 0 7.0086 140 ::f,1,0 f,3,13 f,12,15 f,15,3 
54:2,2 0.001 1 -1 1,2 0.001 1 0 0,2 0.001 -1 -1 6.0136 140 2,14 0.001 1 0 1,13 0.001 -1 0 2,13 0.001 0 -1 9.0118 170 12,1 0.001 -1 1 14,1 0.001 -1 0 14,2 0.001 0 -1 4.0115 125 14,13 0.001 -1 -1 13,14 0.001 -1 1 12,12 0.001 -1 0 7.0086 140 ::f,1,0 f,3,13 f,12,15 f,15,3 
55:2,2 0.001 1 -1 1,2 0.001 1 0 0,2 0.001 -1 0 6.0136 140 2,14 0.001 1 -1 1,13 0.001 -1 0 2,13 0.001 -1 -1 9.0118 170 12,1 0.001 -1 1 13,1 0.001 -1 0 14,2 0.001 0 -1 4.0125 125 14,13 0.001 -1 0 13,14 0.001 -1 1 12,12 0.001 -1 0 11.0087 155 ::f,1,0 f,3,13 f,15,3 f,15,15 
56:2,2 0.001 0 -1 1,2 0.001 1 -1 0,2 0.001 -1 0 6.0136 140 2,14 0.001 1 -1 1,13 0.001 -1 1 2,13 0.001 -1 -1 10.0119 185 12,1 0.001 0 1 13,1 0.001 -1 0 14,2 0.001 -1 -1 4.0125 125 13,13 0.001 -1 0 13,14 0.001 0 1 12,12 0.001 -1 0 11.0097 155 ::f,0,12 f,1,0 f,15,3 f,15,15 
57:2,1 0.001 0 -1 1,2 0.001 1 -1 0,2 0.001 -1 1 6.0146 140 2,14 0.001 0 -1 1,13 0.001 -1 1 2,13 0.001 -1 0 10.0119 185 12,2 0.001 0 1 13,1 0.001 -1 1 14,2 0.001 -1 -1 4.0135 125 13,13 0.001 -1 0 13,14 0.001 0 1 12,12 0.001 -1 0 11.0097 155 ::f,0,12 f,1,0 f,15,3 f,15,15 
58:2,1 0.001 0 -1 1,2 0.001 0 -1 0,2 0.001 -1 1 6.0146 140 2,14 0.001 0 -1 1,13 0.001 0 1 2,13 0.001 -1 0 10.0119 185 12,2 0.001 0 1 13,1 0.001 -1 1 14,2 0.001 -1 0 4.0135 125 13,13 0.001 -1 1 13,14 0.001 1 1 12,12 0.001 -1 0 11.0097 155 ::f,0,12 f,1,0 f,15,3 f,15,15 
59:2,1 0.001 -1 -1 1,2 0.001 0 -1 0,2 0.001 0 1 6.0146 140 2,14 0.001 0 -1 1,14 0.001 0 1 2,13 0.001 -1 0 10.0129 185 12,2 0.001 1 1 13,1 0.001 0 1 13,2 0.001 -1 0 4.0145 125 13,13 0.001 -1 1 13,14 0.001 1 1 12,12 0.001 -1 0 11.0097 155 ::f,0,12 f,1,0 f,15,3 f,15,15 
60:2,1 0.001 -1 -1 1,2 0.001 -1 -1 0,2 0.001 0 1 10.0147 155 2,14 0.001 -1 -1 1,14 0.001 0 1 2,13 0.001 -1 1 10.0129 185 13,3 0.001 1 1 13,1 0.001 0 1 13,2 0.001 -1 0 4.0155 125 13,13 0.001 0 1 13,14 0.001 1 0 12,12 0.001 -1 0 11.0097 155 ::f,0,12 f,1,0 f,15,3 f,15,15 
61:2,1 0.001 -1 0 1,2 0.001 -1 -1 0,2 0.001 1 1 10.0147 155 1,13 0.001 -1 -1 1,14 0.001 1 1 2,13 0.001 -1 1 10.0139 185 13,3 0.001 1 1 13,1 0.001 0 1 13,2 0.001 -1 1 4.0155 125 13,13 0.001 0 1 14,14 0.001 1 0 12,12 0.001 -1 0 11.0107 155 ::f,0,12 f,1,0 f,15,3 f,15,15 
62:1,1 0.001 -1 0 1,2 0.001 -1 0 0,2 0.001 1 1 10.0157 155 1,13 0.001 -1 -1 1,14 0.001 1 1 2,13 0.001 0 1 12.014 200 13,3 0.001 1 0 13,1 0.001 1 1 13,2 0.001 -1 1 4.0155 125 13,13 0.001 0 1 14,14 0.001 1 0 12,12 0.001 -1 0 11.0107 155 ::f,1,0 f,3,15 f,15,3 f,15,15 
63:1,1 0.001 -1 0 1,2 0.001 -1 0 0,2 0.001 1 0 10.0157 155 1,13 0.001 -1 0 1,14 0.001 1 0 2,13 0.001 0 1 12.014 200 14,3 0.001 1 0 13,1 0.001 1 1 13,2 0.001 0 1 4.0165 125 13,13 0.001 1 1 14,14 0.001 1 -1 12,12 0.001 -1 0 11.0107 155 ::f,1,0 f,3,15 f,15,3 f,15,15 
64:1,1 0.001 -1 1 1,2 0.001 -1 1 0,2 0.001 1 0 10.0157 155 1,13 0.001 -1 0 2,14 0.001 1 0 2,13 0.001 1 1 12.015 200 14,3 0.001 1 0 13,1 0.001 1 0 13,2 0.001 0 1 6.0166 140 13,13 0.001 1 1 14,14 0.001 1 -1 12,12 0.001 -1 0 11.0107 155 ::f,1,0 f,3,15 f,12,2 f,15,15 
65:1,1 0.001 -1 1 1,2 0.001 -1 1 0,2 0.001 1 0 10.0157 155 1,13 0.001 -1 1 2,14 0.001 1 0 2,13 0.001 1 1 12.015 200 14,3 0.001 1 -1 13,1 0.001 1 -1 13,2 0.001 1 1 6.0166 140 13,13 0.001 1 1 14,14 0.001 0 -1 12,12 0.001 -1 0 11.0107 155 ::f,1,0 f,3,15 f,12,2 f,15,15 
66:1,1 0.001 0 1 1,2 0.001 0 1 0,2 0.001 1 -1 10.0157 155 1,13 0.001 -1 1 2,14 0.001 1 -1 2,13 0.001 1 0 12.015 200 15,2 0.001 1 -1 13,1 0.001 1 -1 13,2 0.001 1 1 6.0176 140 13,13 0.001 1 0 14,13 0.001 0 -1 12,12 0.001 -1 0 11.0117 155 ::f,1,0 f,3,15 f,12,2 f,15,15 
67:1,1 0.001 0 1 1,2 0.001 0 1 0,2 0.001 1 -1 10.0157 155 1,13 0.001 0 1 2,14 0.001 1 -1 2,13 0.001 1 0 12.015 200 15,2 0.001 1 -1 13,1 0.001 0 -1 13,2 0.001 1 0 6.0176 140 13,13 0.001 1 0 14,13 0.001 0 -1 12,12 0.001 -1 0 11.0117 155 ::f,1,0 f,3,15 f,12,2 f,15,15 
68:1,1 0.001 0 1 1,2 0.001 1 1 0,2 0.001 0 -1 10.0157 155 1,14 0.001 0 1 2,14 0.001 0 -1 2,13 0.001 1 -1 12.016 200 15,2 0.001 0 -1 13,1 0.001 0 -1 14,2 0.001 1 0 6.0186 140 13,13 0.001 1 -1 14,13 0.001 -1 -1 12,12 0.001 -1 0 11.0117 155 ::f,1,0 f,3,15 f,12,2 f,15,15 
69:1,1 0.001 1 1 2,3 0.001 1 1 0,2 0.001 0 -1 10.0167 155 1,14 0.001 0 1 2,14 0.001 0 -1 2,13 0.001 1 -1 12.016 200 15,1 0.001 0 -1 13,1 0.001 -1 -1 14,2 0.001 1 0 6.0196 140 13,13 0.001 1 -1 14,13 0.001 -1 -1 12,12 0.001 -1 0 11.0117 155 ::f,1,0 f,3,15 f,12,2 f,15,15 
70:1,1 0.001 1 1 2,3 0.001 1 1 0,2 0.001 -1 -1 10.0167 155 1,14 0.001 1 1 2,14 0.001 0 -1 2,13 0.001 0 -1 12.016 200 15,1 0.001 0 -1 13,1 0.001 -1 -1 14,2 0.001 1 -1 6.0196 140 13,13 0.001 0 -1 14,13 0.001 -1 0 12,12 0.001 -1 0 11.0117 155 ::f,1,0 f,3,15 f,12,2 f,15,15 
71:1,1 0.001 1 0 2,3 0.001 1 0 0,2 0.001 -1 -1 10.0167 155 1,14 0.001 1 1 2,14 0.001 -1 -1 2,13 0.001 0 -1 12.016 200 15,1 0.001 -1 -1 13,1 0.001 -1 0 14,2 0.001 1 -1 6.0196 140 13,13 0.001 0 -1 14,13 0.001 -1 0 12,12 0.001 -1 0 11.0117 155 ::f,1,0 f,3,15 f,12,2 f,15,15 
72:1,1 0.001 1 0 2,3 0.001 1 0 0,2 0.001 -1 0 10.0167 155 1,14 0.001 1 0 2,14 0.001 -1 -1 2,13 0.001 -1 -1 12.016 200 14,0 0.001 -1 -1 13,1 0.001 -1 0 14,2 0.001 0 -1 6.0206 140 13,13 0.001 -1 -1 14,13 0.001 -1 0 12,12 0.001 -1 0 11.0117 155 ::f,1,0 f,3,15 f,12,2 f,15,15 
73:1,1 0.001 1 -1 2,3 0.001 1 -1 0,2 0.001 -1 0 10.0167 155 1,14 0.001 1 0 2,14 0.001 -1 0 2,13 0.001 -1 -1 12.016 200 14,0 0.001 -1 -1 13,1 0.001 -1 1 14,1 0.001 0 -1 6.0216 140 13,13 0.001 -1 -1 14,13 0.001 -1 1 12,12 0.001 -1 0 11.0117 155 ::f,1,0 f,3,15 f,12,2 f,15,15 
74:1,1 0.001 1 -1 3,2 0.001 1 -1 0,2 0.001 -1 1 10.0177 155 1,14 0.001 1 0 2,14 0.001 -1 0 2,13 0.001 -1 0 12.016 200 14,0 0.001 -1 0 13,1 0.001 -1 1 14,1 0.001 0 -1 6.0217 155 13,13 0.001 -1 0 14,13 0.001 -1 1 12,12 0.001 -1 0 11.0117 155 ::f,1,0 f,3,15 f,12,2 f,15,15 
75:1,1 0.001 0 -1 3,2 0.001 1 -1 0,2 0.001 -1 1 10.0177 155 1,14 0.001 1 -1 2,14 0.001 -1 1 1,13 0.001 -1 0 12.017 200 13,0 0.001 -1 0 13,1 0.001 0 1 14,1 0.001 -1 -1 6.0227 155 13,13 0.001 -1 0 14,13 0.001 0 1 12,12 0.001 -1 0 11.0117 155 ::f,1,0 f,3,15 f,12,2 f,15,15 
76:1,1 0.001 0 -1 3,2 0.001 0 -1 0,2 0.001 0 1 15.0178 170 1,14 0.001 1 -1 2,14 0.001 -1 1 1,13 0.001 -1 0 12.017 200 13,0 0.001 -1 0 13,2 0.001 0 1 14,1 0.001 -1 -1 6.0237 155 13,13 0.001 -1 1 14,13 0.001 0 1 12,12 0.001 -1 0 11.0117 155 ::f,3,3 f,3,15 f,12,2 f,15,15 
77:1,1 0.001 -1 -1 3,1 0.001 0 -1 0,2 0.001 0 1 15.0188 170 1,14 0.001 0 -1 2,14 0.001 0 1 1,13 0.001 -1 1 12.017 200 13,0 0.001 -1 1 13,2 0.001 0 1 14,1 0.001 -1 0 6.0237 155 13,13 0.001 -1 1 14,13 0.001 1 1 12,12 0.001 -1 0 11.0117 155 ::f,3,3 f,3,15 f,12,2 f,15,15 
78:1,1 0.001 -1 -1 3,1 0.001 0 -1 0,2 0.001 1 1 15.0188 170 1,14 0.001 0 -1 2,14 0.001 0 1 1,13 0.001 -1 1 12.017 200 12,1 0.001 -1 1 13,2 0.001 1 1 13,1 0.001 -1 0 6.0257 155 13,13 0.001 0 1 14,13 0.001 1 1 12,12 0.001 -1 0 11.0117 155 ::f,3,3 f,3,15 f,12,2 f,15,15 
79:1,1 0.001 -1 0 3,1 0.001 -1 -1 0,2 0.001 1 1 15.0188 170 1,14 0.001 -1 -1 2,14 0.001 1 1 1,13 0.001 0 1 12.017 200 12,1 0.001 -1 1 13,2 0.001 1 1 13,1 0.001 -1 0 6.0257 155 13,14 0.001 0 1 14,13 0.001 1 0 12,12 0.001 -1 0 11.0127 155 ::f,3,3 f,3,15 f,12,2 f,15,15 
80:1,1 0.001 -1 0 2,0 0.001 -1 -1 0,2 0.001 1 0 15.0198 170 1,14 0.001 -1 -1 2,14 0.001 1 1 1,13 0.001 0 1 16.0171 215 12,1 0.001 0 1 13,2 0.001 1 0 13,1 0.001 -1 1 6.0257 155 13,14 0.001 0 1 14,13 0.001 1 0 12,12 0.001 -1 0 11.0127 155 ::f,0,14 f,3,3 f,12,2 f,15,15 
81:1,1 0.001 -1 1 2,0 0.001 -1 -1 1,2 0.001 1 0 15.0208 170 1,14 0.001 -1 0 2,14 0.001 1 0 1,13 0.001 0 1 16.0171 215 12,1 0.001 0 1 14,2 0.001 1 0 13,1 0.001 -1 1 9.0268 170 13,14 0.001 1 1 14,13 0.001 1 -1 12,12 0.001 -1 0 11.0127 155 ::f,0,14 f,3,3 f,13,0 f,15,15 
82:1,1 0.001 -1 1 2,0 0.001 -1 0 1,2 0.001 1 0 15.0208 170 1,14 0.001 -1 0 2,14 0.001 1 0 1,13 0.001 1 1 19.0172 230 12,1 0.001 1 1 14,2 0.001 1 0 13,1 0.001 0 1 9.0268 170 13,14 0.001 1 1 14,13 0.001 1 -1 12,12 0.001 -1 0 11.0127 155 ::f,2,15 f,3,3 f,13,0 f,15,15 
83:1,1 0.001 0 1 1,0 0.001 -1 0 1,2 0.001 1 -1 15.0218 170 1,14 0.001 -1 1 2,14 0.001 1 -1 1,13 0.001 1 1 19.0172 230 13,2 0.001 1 1 14,2 0.001 1 -1 13,1 0.001 0 1 9.0278 170 13,14 0.001 1 0 14,13 0.001 0 -1 12,12 0.001 -1 0 11.0127 155 ::f,2,15 f,3,3 f,13,0 f,15,15 
84:1,1 0.001 0 1 1,0 0.001 -1 0 1,2 0.001 1 -1 15.0218 170 1,14 0.001 -1 1 2,14 0.001 1 -1 1,13 0.001 1 0 19.0172 230 13,2 0.001 1 1 14,2 0.001 1 -1 13,1 0.001 0 1 9.0278 170 14,14 0.001 1 0 14,13 0.001 0 -1 12,12 0.001 -1 0 11.0137 155 ::f,2,15 f,3,3 f,13,0 f,15,15 
85:1,1 0.001 0 1 1,0 0.001 -1 1 1,2 0.001 0 -1 15.0218 170 1,14 0.001 0 1 2,14 0.001 0 -1 1,13 0.001 1 0 19.0172 230 13,2 0.001 1 0 14,2 0.001 0 -1 13,1 0.001 1 1 9.0278 170 14,14 0.001 1 0 14,13 0.001 -1 -1 12,12 0.001 -1 0 11.0137 155 ::f,2,15 f,3,3 f,13,0 f,15,15 
86:1,1 0.001 1 1 0,1 0.001 -1 1 1,2 0.001 0 -1 15.0228 170 1,14 0.001 0 1 2,13 0.001 0 -1 1,13 0.001 1 -1 19.0182 230 13,2 0.001 1 0 14,1 0.001 0 -1 13,1 0.001 1 1 9.0288 170 14,14 0.001 1 -1 14,13 0.001 -1 -1 12,12 0.001 -1 0 11.0137 155 ::f,2,15 f,3,3 f,13,0 f,15,15 
87:2,2 0.001 1 1 0,1 0.001 -1 1 1,2 0.001 -1 -1 15.0238 170 1,14 0.001 1 1 2,13 0.001 0 -1 1,13 0.001 1 -1 19.0182 230 13,2 0.001 1 -1 14,1 0.001 0 -1 13,1 0.001 1 0 9.0288 170 14,14 0.001 1 -1 14,13 0.001 -1 0 12,12 0.001 -1 0 11.0137 155 ::f,2,15 f,3,3 f,13,0 f,15,15 
88:2,2 0.001 1 1 0,1 0.001 0 1 1,2 0.001 -1 -1 21.0239 185 1,14 0.001 1 1 2,13 0.001 -1 -1 1,13 0.001 0 -1 23.0183 245 13,2 0.001 1 -1 14,1 0.001 -1 -1 13,1 0.001 1 0 9.0288 170 14,14 0.001 0 -1 13,13 0.001 -1 0 12,12 0.001 -1 0 11.0147 155 ::f,1,3 f,3,12 f,13,0 f,15,15 
89:2,2 0.001 1 0 0,2 0.001 0 1 1,2 0.001 -1 0 21.0249 185 1,14 0.001 1 0 2,13 0.001 -1 -1 1,13 0.001 0 -1 23.0183 245 13,2 0.001 0 -1 14,1 0.001 -1 -1 13,1 0.001 1 -1 10.0289 185 14,13 0.001 0 -1 13,13 0.001 -1 0 12,12 0.001 -1 0 11.0157 155 ::f,1,3 f,3,12 f,14,3 f,15,15 
90:2,2 0.001 1 0 0,2 0.001 0 1 1,2 0.001 -1 0 21.0249 185 2,14 0.001 1 0 2,13 0.001 -1 0 1,13 0.001 -1 -1 23.0193 245 13,2 0.001 0 -1 14,1 0.001 -1 0 13,1 0.001 1 -1 10.0289 185 14,13 0.001 0 -1 13,13 0.001 -1 1 12,12 0.001 -1 0 11.0157 155 ::f,1,3 f,3,12 f,14,3 f,15,15 
91:2,2 0.001 1 -1 0,2 0.001 1 1 1,2 0.001 -1 1 21.0249 185 2,14 0.001 1 0 2,13 0.001 -1 0 1,13 0.001 -1 -1 23.0193 245 13,2 0.001 -1 -1 14,1 0.001 -1 0 13,1 0.001 0 -1 10.0289 185 14,13 0.001 -1 -1 13,13 0.001 -1 1 12,12 0.001 -1 0 11.0157 155 ::f,1,3 f,3,12 f,14,3 f,15,15 
92:2,2 0.001 1 -1 0,2 0.001 1 1 1,2 0.001 -1 1 22.025 200 2,14 0.001 1 -1 2,13 0.001 -1 0 1,13 0.001 -1 0 23.0193 245 13,2 0.001 -1 -1 14,1 0.001 -1 0 13,1 0.001 0 -1 10.0289 185 14,13 0.001 -1 -1 13,13 0.001 0 1 12,12 0.001 -1 0 11.0157 155 ::f,2,1 f,3,12 f,14,3 f,15,15 
93:2,2 0.001 0 -1 0,2 0.001 1 0 1,2 0.001 0 1 22.025 200 2,14 0.001 1 -1 2,13 0.001 -1 1 1,13 0.001 -1 0 23.0193 245 13,2 0.001 -1 0 14,1 0.001 -1 1 13,1 0.001 -1 -1 10.0289 185 14,13 0.001 -1 0 13,14 0.001 0 1 12,12 0.001 -1 0 11.0167 155 ::f,2,1 f,3,12 f,14,3 f,15,15 
94:2,2 0.001 0 -1 0,2 0.001 1 0 1,2 0.001 0 1 22.025 200 2,14 0.001 0 -1 2,13 0.001 -1 1 1,13 0.001 -1 1 23.0193 245 13,2 0.001 -1 0 14,1 0.001 -1 1 13,1 0.001 -1 -1 10.0289 185 13,13 0.001 -1 0 13,14 0.001 0 1 12,12 0.001 -1 0 11.0177 155 ::f,2,1 f,3,12 f,14,3 f,15,15 
95:2,2 0.001 0 -1 0,2 0.001 1 0 1,2 0.001 1 1 29.0251 215 2,14 0.001 0 -1 2,13 0.001 0 1 1,13 0.001 -1 1 23.0193 245 13,2 0.001 -1 1 14,1 0.001 0 1 13,1 0.001 -1 0 10.0289 185 13,13 0.001 -1 0 13,14 0.001 1 1 12,12 0.001 -1 0 11.0177 155 ::f,0,0 f,3,12 f,14,3 f,15,15 
96:2,2 0.001 -1 -1 0,2 0.001 1 -1 1,2 0.001 1 1 29.0251 215 2,14 0.001 0 -1 2,13 0.001 0 1 1,13 0.001 0 1 23.0193 245 13,2 0.001 -1 1 14,2 0.001 0 1 13,1 0.001 -1 0 10.0299 185 13,13 0.001 -1 1 13,14 0.001 1 1 12,12 0.001 -1 0 11.0177 155 ::f,0,0 f,3,12 f,14,3 f,15,15 
97:1,1 0.001 -1 -1 0,2 0.001 1 -1 1,2 0.001 1 0 29.0261 215 2,14 0.001 -1 -1 2,13 0.001 1 1 1,14 0.001 0 1 23.0203 245 13,2 0.001 0 1 14,2 0.001 0 1 13,1 0.001 -1 1 12.03 200 13,13 0.001 -1 1 13,14 0.001 1 0 12,12 0.001 -1 0 11.0177 155 ::f,0,0 f,3,12 f,14,0 f,15,15 
98:1,1 0.001 -1 -1 0,2 0.001 1 -1 2,2 0.001 1 0 37.0272 230 2,14 0.001 -1 -1 2,13 0.001 1 1 1,14 0.001 0 1 23.0203 245 13,2 0.001 0 1 14,2 0.001 1 1 13,1 0.001 -1 1 12.03 200 13,13 0.001 0 1 14,14 0.001 1 0 12,12 0.001 -1 0 11.0187 155 ::f,1,0 f,3,12 f,14,0 f,15,15 
99:1,1 0.001 -1 0 0,2 0.001 1 -1 2,2 0.001 1 0 37.0272 230 2,14 0.001 -1 0 2,13 0.001 1 0 1,14 0.001 1 1 23.0203 245 13,2 0.001 1 1 14,2 0.001 1 1 13,1 0.001 0 1 12.03 200 13,14 0.001 0 1 14,14 0.001 1 0 12,12 0.001 -1 0 11.0197 155 ::f,1,0 f,3,12 f,14,0 f,15,15 
100:1,1 0.001 -1 0 0,2 0.001 0 -1 2,2 0.001 1 -1 37.0272 230 2,14 0.001 -1 0 2,13 0.001 1 0 1,14 0.001 1 1 23.0203 245 14,3 0.001 1 1 14,2 0.001 1 0 13,2 0.001 0 1 12.032 200 13,14 0.001 0 1 14,14 0.001 1 -1 12,12 0.001 -1 0 11.0197 155 ::f,1,0 f,3,12 f,14,0 f,15,15 
101:1,1 0.001 -1 1 0,2 0.001 0 -1 2,2 0.001 1 -1 37.0272 230 2,14 0.001 -1 1 2,13 0.001 1 -1 1,14 0.001 1 0 23.0203 245 14,3 0.001 1 1 14,2 0.001 1 0 13,2 0.001 0 1 12.032 200 13,14 0.001 1 1 14,14 0.001 1 -1 12,12 0.001 -1 0 11.0197 155 ::f,1,0 f,3,12 f,14,0 f,15,15 
102:1,1 0.001 -1 1 0,2 0.001 -1 -1 2,2 0.001 0 -1 37.0272 230 2,14 0.001 -1 1 2,13 0.001 1 -1 1,14 0.001 1 0 28.0204 260 14,3 0.001 1 0 14,2 0.001 1 -1 13,2 0.001 1 1 12.032 200 13,14 0.001 1 1 14,14 0.001 0 -1 12,12 0.001 -1 0 11.0197 155 ::f,0,12 f,1,0 f,14,0 f,15,15 
103:1,1 0.001 0 1 0,2 0.001 -1 -1 2,1 0.001 0 -1 37.0282 230 2,14 0.001 0 1 2,13 0.001 0 -1 1,14 0.001 1 0 28.0204 260 14,3 0.001 1 0 14,2 0.001 1 -1 13,2 0.001 1 1 12.032 200 13,14 0.001 1 0 14,13 0.001 0 -1 12,12 0.001 -1 0 11.0207 155 ::f,0,12 f,1,0 f,14,0 f,15,15 
104:1,2 0.001 0 1 0,2 0.001 -1 0 2,1 0.001 0 -1 37.0292 230 2,14 0.001 0 1 2,13 0.001 0 -1 1,14 0.001 1 -1 28.0204 260 14,3 0.001 1 -1 14,2 0.001 0 -1 13,2 0.001 1 0 12.032 200 14,14 0.001 1 0 14,13 0.001 0 -1 12,12 0.001 -1 0 11.0217 155 ::f,0,12 f,1,0 f,14,0 f,15,15 
105:1,2 0.001 0 1 0,2 0.001 -1 0 2,1 0.001 -1 -1 37.0292 230 2,14 0.001 1 1 2,13 0.001 -1 -1 1,14 0.001 1 -1 28.0204 260 15,2 0.001 1 -1 14,1 0.001 0 -1 14,2 0.001 1 0 12.035 200 14,14 0.001 1 0 14,13 0.001 -1 -1 12,12 0.001 -1 0 11.0217 155 ::f,0,12 f,1,0 f,14,0 f,15,15 
106:1,2 0.001 1 1 0,2 0.001 -1 1 2,1 0.001 -1 -1 38.0293 245 2,14 0.001 1 1 2,13 0.001 -1 -1 1,14 0.001 0 -1 28.0204 260 15,2 0.001 1 -1 14,1 0.001 0 -1 14,2 0.001 1 0 15.0351 215 14,14 0.001 1 -1 14,13 0.001 -1 -1 12,12 0.001 -1 0 11.0217 155 ::f,0,12 f,3,3 f,12,2 f,15,15 
107:1,2 0.001 1 1 0,2 0.001 -1 1 2,1 0.001 -1 0 38.0293 245 2,14 0.001 1 0 2,13 0.001 -1 0 1,14 0.001 0 -1 28.0204 260 15,2 0.001 0 -1 14,1 0.001 -1 -1 14,2 0.001 1 -1 15.0351 215 14,14 0.001 1 -1 14,13 0.001 -1 0 12,12 0.001 -1 0 11.0217 155 ::f,0,12 f,3,3 f,12,2 f,15,15 
108:1,2 0.001 1 0 0,2 0.001 0 1 1,1 0.001 -1 0 38.0303 245 2,14 0.001 1 0 1,13 0.001 -1 0 1,14 0.001 -1 -1 28.0214 260 15,1 0.001 0 -1 14,1 0.001 -1 -1 14,2 0.001 1 -1 15.0361 215 14,14 0.001 0 -1 13,13 0.001 -1 0 12,12 0.001 -1 0 11.0227 155 ::f,0,12 f,3,3 f,12,2 f,15,15 
109:2,2 0.001 1 0 0,2 0.001 0 1 1,1 0.001 -1 0 38.0313 245 2,14 0.001 1 -1 1,13 0.001 -1 0 1,14 0.001 -1 -1 28.0214 260 15,1 0.001 0 -1 14,1 0.001 -1 0 14,2 0.001 0 -1 15.0361 215 14,13 0.001 0 -1 13,13 0.001 -1 0 12,12 0.001 -1 0 11.0237 155 ::f,0,12 f,3,3 f,12,2 f,15,15 
110:2,2 0.001 1 0 0,2 0.001 1 1 1,1 0.001 -1 1 38.0313 245 2,14 0.001 1 -1 1,13 0.001 -1 1 1,14 0.001 -1 0 28.0214 260 15,1 0.001 -1 -1 13,1 0.001 -1 0 14,1 0.001 0 -1 15.0381 215 14,13 0.001 0 -1 13,13 0.001 -1 1 12,12 0.001 -1 0 11.0237 155 ::f,0,12 f,3,3 f,12,2 f,15,15 
111:2,2 0.001 1 -1 1,3 0.001 1 1 1,1 0.001 -1 1 38.0323 245 2,14 0.001 0 -1 1,13 0.001 -1 1 1,14 0.001 -1 0 28.0214 260 14,0 0.001 -1 -1 13,1 0.001 -1 0 14,1 0.001 0 -1 15.0391 215 14,13 0.001 -1 -1 13,13 0.001 -1 1 12,12 0.001 -1 0 11.0237 155 ::f,0,12 f,3,3 f,12,2 f,15,15 
112:2,2 0.001 1 -1 1,3 0.001 1 1 1,1 0.001 0 1 38.0323 245 2,13 0.001 0 -1 1,13 0.001 0 1 1,14 0.001 -1 1 28.0224 260 14,0 0.001 -1 -1 13,1 0.001 -1 1 14,1 0.001 -1 -1 15.0391 215 14,13 0.001 -1 -1 13,13 0.001 0 1 12,12 0.001 -1 0 11.0237 155 ::f,0,12 f,3,3 f,12,2 f,15,15 
113:2,2 0.001 0 -1 1,3 0.001 1 0 1,2 0.001 0 1 38.0333 245 2,13 0.001 0 -1 1,13 0.001 0 1 1,14 0.001 -1 1 28.0224 260 14,0 0.001 -1 0 13,1 0.001 -1 1 14,1 0.001 -1 -1 19.0392 230 14,13 0.001 -1 0 13,14 0.001 0 1 12,12 0.001 -1 0 11.0247 155 ::f,0,12 f,3,3 f,15,1 f,15,15 
114:2,1 0.001 0 -1 2,3 0.001 1 0 1,2 0.001 0 1 38.0353 245 2,13 0.001 -1 -1 1,13 0.001 0 1 1,14 0.001 0 1 28.0224 260 13,0 0.001 -1 0 13,1 0.001 0 1 14,1 0.001 -1 0 19.0402 230 13,13 0.001 -1 0 13,14 0.001 0 1 12,12 0.001 -1 0 11.0257 155 ::f,0,12 f,3,3 f,15,1 f,15,15 
115:2,1 0.001 0 -1 2,3 0.001 1 0 1,2 0.001 1 1 40.0354 260 2,13 0.001 -1 -1 1,13 0.001 1 1 1,14 0.001 0 1 28.0224 260 13,0 0.001 -1 0 13,2 0.001 0 1 13,1 0.001 -1 0 19.0422 230 13,13 0.001 -1 0 13,14 0.001 1 1 12,12 0.001 -1 0 11.0257 155 ::f,0,12 f,3,0 f,15,1 f,15,15 
116:2,1 0.001 -1 -1 2,3 0.001 1 -1 1,2 0.001 1 1 40.0354 260 2,13 0.001 -1 0 1,13 0.001 1 1 1,14 0.001 1 1 28.0224 260 13,0 0.001 -1 1 13,2 0.001 0 1 13,1 0.001 -1 0 19.0422 230 13,13 0.001 -1 1 13,14 0.001 1 1 12,12 0.001 -1 0 11.0257 155 ::f,0,12 f,3,0 f,15,1 f,15,15 
117:2,1 0.001 -1 -1 3,2 0.001 1 -1 1,2 0.001 1 0 40.0364 260 2,13 0.001 -1 0 1,13 0.001 1 0 1,14 0.001 1 1 28.0224 260 12,1 0.001 -1 1 13,2 0.001 1 1 13,1 0.001 -1 1 19.0432 230 13,13 0.001 -1 1 13,14 0.001 1 0 12,12 0.001 -1 0 11.0257 155 ::f,0,12 f,3,0 f,15,1 f,15,15 
118:2,1 0.001 -1 0 3,2 0.001 1 -1 2,2 0.001 1 0 40.0374 260 2,13 0.001 -1 0 1,13 0.001 1 0 1,14 0.001 1 0 28.0224 260 12,1 0.001 -1 1 13,2 0.001 1 1 13,1 0.001 -1 1 19.0432 230 13,13 0.001 0 1 14,14 0.001 1 0 12,12 0.001 -1 0 11.0267 155 ::f,0,12 f,3,0 f,15,1 f,15,15 
119:1,1 0.001 -1 0 3,2 0.001 0 -1 2,2 0.001 1 0 40.0384 260 2,13 0.001 -1 1 1,13 0.001 1 -1 2,14 0.001 1 0 28.0234 260 12,1 0.001 0 1 13,2 0.001 1 0 13,1 0.001 0 1 19.0432 230 13,14 0.001 0 1 14,14 0.001 1 0 12,12 0.001 -1 0 11.0277 155 ::f,0,12 f,3,0 f,15,1 f,15,15 
120:1,1 0.001 -1 0 3,1 0.001 0 -1 2,2 0.001 1 -1 40.0394 260 2,13 0.001 -1 1 1,13 0.001 1 -1 2,14 0.001 1 0 28.0234 260 12,2 0.001 0 1 14,2 0.001 1 0 13,2 0.001 0 1 19.0462 230 13,14 0.001 0 1 14,14 0.001 1 -1 12,12 0.001 -1 0 11.0277 155 ::f,0,12 f,3,0 f,15,1 f,15,15 
121:1,1 0.001 -1 1 3,1 0.001 0 -1 2,2 0.001 1 -1 43.0395 275 2,13 0.001 0 1 1,13 0.001 0 -1 2,14 0.001 1 -1 28.0234 260 12,2 0.001 0 1 14,2 0.001 1 0 13,2 0.001 0 1 19.0462 230 13,14 0.001 1 1 14,14 0.001 1 -1 12,12 0.001 -1 0 11.0277 155 ::f,0,1 f,0,12 f,15,1 f,15,15 
122:1,1 0.001 -1 1 3,1 0.001 -1 -1 2,2 0.001 0 -1 43.0395 275 2,13 0.001 0 1 1,13 0.001 0 -1 2,14 0.001 1 -1 28.0234 260 12,2 0.001 1 1 14,2 0.001 1 -1 13,2 0.001 1 1 19.0462 230 13,14 0.001 1 1 14,14 0.001 0 -1 12,12 0.001 -1 0 11.0277 155 ::f,0,1 f,0,12 f,15,1 f,15,15 
123:1,1 0.001 0 1 2,0 0.001 -1 -1 2,1 0.001 0 -1 43.0415 275 2,13 0.001 1 1 1,13 0.001 -1 -1 2,14 0.001 0 -1 28.0234 260 13,3 0.001 1 1 14,2 0.001 1 -1 13,2 0.001 1 1 27.0474 260 13,14 0.001 1 0 14,13 0.001 0 -1 12,12 0.001 -1 0 11.0287 155 ::f,0,1 f,0,12 f,15,3 f,15,15 
124:1,2 0.001 0 1 2,0 0.001 -1 -1 2,1 0.001 0 -1 43.0425 275 2,13 0.001 1 1 1,13 0.001 -1 -1 2,14 0.001 0 -1 34.0235 275 13,3 0.001 1 1 14,2 0.001 0 -1 13,2 0.001 1 0 27.0474 260 14,14 0.001 1 0 14,13 0.001 0 -1 12,12 0.001 -1 0 11.0297 155 ::f,0,1 f,3,12 f,15,3 f,15,15 
125:1,2 0.001 0 1 2,0 0.001 -1 0 2,1 0.001 -1 -1 43.0425 275 2,13 0.001 1 0 1,13 0.001 -1 0 2,14 0.001 0 -1 34.0235 275 13,3 0.001 1 0 14,1 0.001 0 -1 14,2 0.001 1 0 27.0494 260 14,14 0.001 1 0 14,13 0.001 -1 -1 12,12 0.001 -1 0 11.0297 155 ::f,0,1 f,3,12 f,15,3 f,15,15 
126:1,2 0.001 1 1 1,0 0.001 -1 0 2,1 0.001 -1 -1 43.0435 275 2,13 0.001 1 0 1,13 0.001 -1 0 2,14 0.001 -1 -1 34.0235 275 14,3 0.001 1 0 14,1 0.001 0 -1 14,2 0.001 1 0 27.0504 260 14,14 0.001 1 -1 14,13 0.001 -1 -1 12,12 0.001 -1 0 11.0297 155 ::f,0,1 f,3,12 f,15,3 f,15,15 
127:1,2 0.001 1 1 1,0 0.001 -1 0 2,1 0.001 -1 0 43.0435 275 2,13 0.001 1 -1 1,13 0.001 -1 1 2,14 0.001 -1 -1 34.0235 275 14,3 0.001 1 0 14,1 0.001 -1 -1 14,2 0.001 1 -1 31.0505 275 14,14 0.001 1 -1 14,13 0.001 -1 0 12,12 0.001 -1 0 11.0297 155 ::f,0,1 f,3,12 f,12,0 f,15,15 
128:1,2 0.001 1 0 1,0 0.001 -1 1 1,1 0.001 -1 0 43.0445 275 2,13 0.001 1 -1 1,13 0.001 -1 1 2,14 0.001 -1 0 39.0236 290 14,3 0.001 1 -1 14,1 0.001 -1 -1 14,2 0.001 1 -1 31.0505 275 14,14 0.001 0 -1 13,13 0.001 -1 0 12,12 0.001 -1 0 11.0307 155 ::f,0,1 f,1,12 f,12,0 f,15,15 
129:2,2 0.001 1 0 1,0 0.001 -1 1 1,1 0.001 -1 0 49.0457 305 2,13 0.001 0 -1 1,13 0.001 0 1 2,14 0.001 -1 0 39.0236 290 15,2 0.001 1 -1 14,1 0.001 -1 0 14,2 0.001 0 -1 31.0515 275 14,13 0.001 0 -1 13,13 0.001 -1 0 12,12 0.001 -1 0 11.0317 155 ::f,1,12 f,3,1 f,12,0 f,15,15 
130:2,2 0.001 1 0 1,0 0.001 0 1 1,1 0.001 -1 1 49.0457 305 2,13 0.001 0 -1 1,14 0.001 0 1 2,14 0.001 -1 1 39.0246 290 15,2 0.001 1 -1 13,1 0.001 -1 0 14,1 0.001 0 -1 31.0535 275 14,13 0.001 0 -1 13,13 0.001 -1 1 12,12 0.001 -1 0 11.0317 155 ::f,1,12 f,3,1 f,12,0 f,15,15 
131:2,2 0.001 1 -1 1,0 0.001 0 1 1,1 0.001 -1 1 49.0457 305 2,13 0.001 -1 -1 1,14 0.001 0 1 2,14 0.001 -1 1 39.0246 290 15,2 0.001 0 -1 13,1 0.001 -1 0 14,1 0.001 0 -1 31.0535 275 14,13 0.001 -1 -1 13,13 0.001 -1 1 12,12 0.001 -1 0 11.0317 155 ::f,1,12 f,3,1 f,12,0 f,15,15 
132:2,2 0.001 1 -1 1,0 0.001 0 1 1,1 0.001 0 1 58.0458 320 2,13 0.001 -1 -1 1,14 0.001 1 1 2,14 0.001 0 1 45.0247 305 15,1 0.001 0 -1 13,1 0.001 -1 1 14,1 0.001 -1 -1 31.0545 275 14,13 0.001 -1 -1 13,13 0.001 0 1 12,12 0.001 -1 0 11.0317 155 ::f,1,15 f,3,0 f,12,0 f,15,15 
133:2,2 0.001 0 -1 1,0 0.001 1 1 1,2 0.001 0 1 58.0468 320 2,13 0.001 -1 0 1,14 0.001 1 1 2,14 0.001 0 1 45.0247 305 15,1 0.001 0 -1 13,1 0.001 -1 1 14,1 0.001 -1 -1 31.0545 275 14,13 0.001 -1 0 13,14 0.001 0 1 12,12 0.001 -1 0 11.0327 155 ::f,1,15 f,3,0 f,12,0 f,15,15 
134:2,1 0.001 0 -1 1,0 0.001 1 1 1,2 0.001 0 1 58.0478 320 1,13 0.001 -1 0 1,14 0.001 1 0 2,14 0.001 1 1 45.0257 305 15,1 0.001 -1 -1 13,1 0.001 0 1 14,1 0.001 -1 0 31.0545 275 13,13 0.001 -1 0 13,14 0.001 0 1 12,12 0.001 -1 0 11.0337 155 ::f,1,15 f,3,0 f,12,0 f,15,15 
135:2,1 0.001 0 -1 1,0 0.001 1 0 1,2 0.001 1 1 58.0478 320 1,13 0.001 -1 0 1,14 0.001 1 0 2,14 0.001 1 1 45.0257 305 14,0 0.001 -1 -1 13,2 0.001 0 1 13,1 0.001 -1 0 31.0575 275 13,13 0.001 -1 0 13,14 0.001 1 1 12,12 0.001 -1 0 11.0337 155 ::f,1,15 f,3,0 f,12,0 f,15,15 
136:2,1 0.001 -1 -1 1,0 0.001 1 0 1,2 0.001 1 1 58.0478 320 1,13 0.001 -1 1 1,14 0.001 1 0 2,14 0.001 1 0 45.0257 305 14,0 0.001 -1 -1 13,2 0.001 0 1 13,1 0.001 -1 0 31.0575 275 13,13 0.001 -1 1 13,14 0.001 1 1 12,12 0.001 -1 0 11.0337 155 ::f,1,15 f,3,0 f,12,0 f,15,15 
137:2,1 0.001 -1 -1 1,0 0.001 1 -1 1,2 0.001 1 0 58.0478 320 1,13 0.001 -1 1 1,14 0.001 1 -1 2,14 0.001 1 0 45.0257 305 14,0 0.001 -1 0 13,2 0.001 1 1 13,1 0.001 -1 1 31.0575 275 13,13 0.001 -1 1 13,14 0.001 1 0 12,12 0.001 -1 0 11.0337 155 ::f,1,15 f,3,0 f,12,0 f,15,15 
138:2,1 0.001 -1 0 1,0 0.001 1 -1 2,2 0.001 1 0 58.0488 320 1,13 0.001 0 1 1,14 0.001 1 -1 2,14 0.001 1 -1 45.0257 305 13,0 0.001 -1 0 13,2 0.001 1 1 13,1 0.001 -1 1 31.0585 275 13,13 0.001 0 1 14,14 0.001 1 0 12,12 0.001 -1 0 11.0347 155 ::f,1,15 f,3,0 f,12,0 f,15,15 
139:1,1 0.001 -1 0 1,0 0.001 0 -1 2,2 0.001 1 0 58.0498 320 1,13 0.001 0 1 1,14 0.001 0 -1 2,14 0.001 1 -1 45.0257 305 13,0 0.001 -1 0 13,2 0.001 1 0 13,1 0.001 0 1 36.0586 290 13,14 0.001 0 1 14,14 0.001 1 0 12,12 0.001 -1 0 11.0357 155 ::f,1,15 f,3,0 f,13,3 f,15,15 
140:1,1 0.001 -1 0 1,0 0.001 0 -1 2,2 0.001 1 -1 58.0498 320 1,13 0.001 0 1 1,14 0.001 0 -1 2,14 0.001 0 -1 45.0257 305 13,0 0.001 -1 1 14,2 0.001 1 0 13,2 0.001 0 1 36.0606 290 13,14 0.001 0 1 14,14 0.001 1 -1 12,12 0.001 -1 0 11.0357 155 ::f,1,15 f,3,0 f,13,3 f,15,15 
141:1,1 0.001 -1 1 1,0 0.001 -1 -1 2,2 0.001 1 -1 58.0498 320 1,13 0.001 1 1 1,14 0.001 -1 -1 2,13 0.001 0 -1 45.0267 305 12,1 0.001 -1 1 14,2 0.001 1 0 13,2 0.001 0 1 40.0617 305 13,14 0.001 1 1 14,14 0.001 1 -1 12,12 0.001 -1 0 11.0357 155 ::f,1,15 f,3,0 f,12,2 f,15,15 
142:1,1 0.001 -1 1 1,0 0.001 -1 -1 2,2 0.001 0 -1 58.0498 320 1,13 0.001 1 1 1,14 0.001 -1 -1 2,13 0.001 0 -1 45.0267 305 12,1 0.001 -1 1 14,2 0.001 1 -1 13,2 0.001 1 1 40.0617 305 13,14 0.001 1 1 14,14 0.001 0 -1 12,12 0.001 -1 0 11.0357 155 ::f,1,15 f,3,0 f,12,2 f,15,15 
143:1,1 0.001 0 1 1,0 0.001 -1 0 2,1 0.001 0 -1 58.0508 320 1,13 0.001 1 0 1,14 0.001 -1 0 2,13 0.001 -1 -1 45.0267 305 12,1 0.001 0 1 14,2 0.001 1 -1 13,2 0.001 1 1 40.0617 305 13,14 0.001 1 0 14,13 0.001 0 -1 12,12 0.001 -1 0 11.0367 155 ::f,1,15 f,3,0 f,12,2 f,15,15 
144:1,2 0.001 0 1 1,0 0.001 -1 0 2,1 0.001 0 -1 58.0518 320 1,13 0.001 1 0 1,14 0.001 -1 0 2,13 0.001 -1 -1 45.0267 305 12,1 0.001 0 1 14,2 0.001 0 -1 13,2 0.001 1 0 40.0617 305 14,14 0.001 1 0 14,13 0.001 0 -1 12,12 0.001 -1 0 11.0377 155 ::f,1,15 f,3,0 f,12,2 f,15,15 
145:1,2 0.001 0 1 1,0 0.001 -1 1 2,1 0.001 -1 -1 58.0518 320 1,13 0.001 1 -1 1,14 0.001 -1 1 2,13 0.001 -1 0 45.0267 305 12,1 0.001 0 1 14,1 0.001 0 -1 14,2 0.001 1 0 46.0638 320 14,14 0.001 1 0 14,13 0.001 -1 -1 12,12 0.001 -1 0 11.0377 155 ::f,1,15 f,3,0 f,15,1 f,15,15 
146:1,2 0.001 1 1 0,1 0.001 -1 1 2,1 0.001 -1 -1 58.0528 320 1,13 0.001 1 -1 1,14 0.001 -1 1 2,13 0.001 -1 0 45.0267 305 12,1 0.001 1 1 14,1 0.001 0 -1 14,2 0.001 1 0 46.0638 320 14,14 0.001 1 -1 14,13 0.001 -1 -1 12,12 0.001 -1 0 11.0377 155 ::f,1,15 f,3,0 f,15,1 f,15,15 
147:1,2 0.001 1 1 0,1 0.001 -1 1 2,1 0.001 -1 0 58.0528 320 1,13 0.001 0 -1 1,14 0.001 0 1 2,13 0.001 -1 0 45.0267 305 13,2 0.001 1 1 14,1 0.001 -1 -1 14,2 0.001 1 -1 46.0648 320 14,14 0.001 1 -1 14,13 0.001 -1 0 12,12 0.001 -1 0 11.0377 155 ::f,1,15 f,3,0 f,15,1 f,15,15 
148:1,2 0.001 1 0 0,1 0.001 0 1 1,1 0.001 -1 0 58.0538 320 1,13 0.001 0 -1 1,14 0.001 0 1 2,13 0.001 -1 1 52.0268 320 13,2 0.001 1 1 14,1 0.001 -1 -1 14,2 0.001 1 -1 51.0649 335 14,14 0.001 0 -1 13,13 0.001 -1 0 12,12 0.001 -1 0 11.0387 155 ::f,3,0 f,3,15 f,13,3 f,15,15 
149:2,2 0.001 1 0 0,2 0.001 0 1 1,1 0.001 -1 0 58.0558 320 1,13 0.001 -1 -1 1,14 0.001 1 1 2,13 0.001 -1 1 52.0268 320 13,2 0.001 1 0 14,1 0.001 -1 0 14,2 0.001 0 -1 51.0649 335 14,13 0.001 0 -1 13,13 0.001 -1 0 12,12 0.001 -1 0 11.0397 155 ::f,3,0 f,3,15 f,13,3 f,15,15 
150:2,2 0.001 1 0 0,2 0.001 0 1 1,1 0.001 -1 1 58.0558 320 1,13 0.001 -1 -1 1,14 0.001 1 1 2,13 0.001 0 1 52.0268 320 13,2 0.001 1 0 13,1 0.001 -1 0 14,1 0.001 0 -1 51.0669 335 14,13 0.001 0 -1 13,13 0.001 -1 1 12,12 0.001 -1 0 11.0397 155 ::f,3,0 f,3,15 f,13,3 f,15,15 
151:2,2 0.001 1 -1 0,2 0.001 1 1 1,1 0.001 -1 1 58.0558 320 1,13 0.001 -1 0 1,14 0.001 1 0 2,13 0.001 0 1 52.0268 320 13,2 0.001 1 -1 13,1 0.001 -1 0 14,1 0.001 0 -1 51.0669 335 14,13 0.001 -1 -1 13,13 0.001 -1 1 12,12 0.001 -1 0 11.0397 155 ::f,3,0 f,3,15 f,13,3 f,15,15 
152:2,2 0.001 1 -1 1,3 0.001 1 1 1,1 0.001 0 1 58.0568 320 1,13 0.001 -1 0 2,14 0.001 1 0 2,13 0.001 1 1 52.0278 320 13,2 0.001 1 -1 13,1 0.001 -1 1 14,1 0.001 -1 -1 51.0669 335 14,13 0.001 -1 -1 13,13 0.001 0 1 12,12 0.001 -1 0 11.0397 155 ::f,3,0 f,3,15 f,13,3 f,15,15 
153:2,2 0.001 0 -1 1,3 0.001 1 1 1,2 0.001 0 1 58.0578 320 1,13 0.001 -1 1 2,14 0.001 1 0 2,13 0.001 1 1 52.0278 320 13,2 0.001 0 -1 13,1 0.001 -1 1 14,1 0.001 -1 -1 51.0669 335 14,13 0.001 -1 0 13,14 0.001 0 1 12,12 0.001 -1 0 11.0407 155 ::f,3,0 f,3,15 f,13,3 f,15,15 
154:2,1 0.001 0 -1 1,3 0.001 1 0 1,2 0.001 0 1 58.0588 320 1,13 0.001 -1 1 2,14 0.001 1 -1 2,13 0.001 1 0 52.0278 320 13,2 0.001 0 -1 13,1 0.001 0 1 14,1 0.001 -1 0 51.0669 335 13,13 0.001 -1 0 13,14 0.001 0 1 12,12 0.001 -1 0 11.0417 155 ::f,3,0 f,3,15 f,13,3 f,15,15 
155:2,1 0.001 0 -1 2,3 0.001 1 0 1,2 0.001 1 1 58.0598 320 1,13 0.001 0 1 2,14 0.001 1 -1 2,13 0.001 1 0 52.0278 320 13,2 0.001 -1 -1 13,1 0.001 0 1 14,1 0.001 -1 0 51.0669 335 13,13 0.001 -1 0 13,14 0.001 1 1 12,12 0.001 -1 0 11.0417 155 ::f,3,0 f,3,15 f,13,3 f,15,15 
156:2,1 0.001 -1 -1 2,3 0.001 1 0 1,2 0.001 1 1 58.0598 320 1,14 0.001 0 1 2,14 0.001 0 -1 2,13 0.001 1 -1 52.0288 320 13,2 0.001 -1 -1 13,1 0.001 0 1 14,1 0.001 -1 0 51.0669 335 13,13 0.001 -1 1 13,14 0.001 1 1 12,12 0.001 -1 0 11.0417 155 ::f,3,0 f,3,15 f,13,3 f,15,15 
157:2,1 0.001 -1 -1 2,3 0.001 1 -1 1,2 0.001 1 0 58.0598 320 1,14 0.001 0 1 2,14 0.001 0 -1 2,13 0.001 1 -1 52.0288 320 13,2 0.001 -1 0 13,1 0.001 1 1 14,1 0.001 -1 1 51.0669 335 13,13 0.001 -1 1 13,14 0.001 1 0 12,12 0.001 -1 0 11.0417 155 ::f,3,0 f,3,15 f,13,3 f,15,15 
158:2,1 0.001 -1 0 3,2 0.001 1 -1 2,2 0.001 1 0 58.0618 320 1,14 0.001 1 1 2,14 0.001 0 -1 2,13 0.001 0 -1 52.0288 320 13,2 0.001 -1 0 13,1 0.001 1 1 14,1 0.001 -1 1 51.0669 335 13,13 0.001 0 1 14,14 0.001 1 0 12,12 0.001 -1 0 11.0427 155 ::f,3,0 f,3,15 f,13,3 f,15,15 
159:1,1 0.001 -1 0 3,2 0.001 1 -1 2,2 0.001 1 0 58.0628 320 1,14 0.001 1 1 2,14 0.001 -1 -1 2,13 0.001 0 -1 52.0288 320 13,2 0.001 -1 1 13,1 0.001 1 0 14,1 0.001 0 1 51.0669 335 13,14 0.001 0 1 14,14 0.001 1 0 12,12 0.001 -1 0 11.0437 155 ::f,3,0 f,3,15 f,13,3 f,15,15 
160:1,1 0.001 -1 0 3,2 0.001 0 -1 2,2 0.001 1 -1 58.0628 320 1,14 0.001 1 0 2,14 0.001 -1 -1 2,13 0.001 -1 -1 52.0288 320 13,2 0.001 -1 1 13,1 0.001 1 0 14,1 0.001 0 1 51.0669 335 13,14 0.001 0 1 14,14 0.001 1 -1 12,12 0.001 -1 0 11.0437 155 ::f,3,0 f,3,15 f,13,3 f,15,15 
161:1,1 0.001 -1 1 3,1 0.001 0 -1 2,2 0.001 1 -1 58.0638 320 1,14 0.001 1 0 2,14 0.001 -1 0 2,13 0.001 -1 -1 52.0288 320 13,2 0.001 0 1 13,1 0.001 1 -1 14,1 0.001 1 1 51.0669 335 13,14 0.001 1 1 14,14 0.001 1 -1 12,12 0.001 -1 0 11.0437 155 ::f,3,0 f,3,15 f,13,3 f,15,15 
162:1,1 0.001 -1 1 3,1 0.001 0 -1 2,2 0.001 0 -1 63.0639 335 1,14 0.001 1 0 2,14 0.001 -1 0 2,13 0.001 -1 0 52.0288 320 13,2 0.001 0 1 13,1 0.001 1 -1 14,1 0.001 1 1 58.067 350 13,14 0.001 1 1 14,14 0.001 0 -1 12,12 0.001 -1 0 11.0437 155 ::f,2,1 f,3,15 f,12,2 f,15,15 
163:1,1 0.001 0 1 3,1 0.001 -1 -1 2,2 0.001 0 -1 63.0639 335 1,14 0.001 1 -1 2,14 0.001 -1 1 1,13 0.001 -1 0 52.0298 320 13,2 0.001 1 1 13,1 0.001 0 -1 14,1 0.001 1 0 58.067 350 13,14 0.001 1 0 14,13 0.001 0 -1 12,12 0.001 -1 0 11.0447 155 ::f,2,1 f,3,15 f,12,2 f,15,15 
164:1,2 0.001 0 1 2,0 0.001 -1 -1 2,2 0.001 0 -1 63.0659 335 1,14 0.001 1 -1 2,14 0.001 -1 1 1,13 0.001 -1 0 52.0298 320 14,3 0.001 1 1 13,1 0.001 0 -1 14,1 0.001 1 0 58.068 350 14,14 0.001 1 0 14,13 0.001 0 -1 12,12 0.001 -1 0 11.0457 155 ::f,2,1 f,3,15 f,12,2 f,15,15 
165:1,2 0.001 0 1 2,0 0.001 -1 -1 2,2 0.001 0 -1 66.066 350 1,14 0.001 0 -1 2,14 0.001 0 1 1,13 0.001 -1 1 52.0298 320 14,3 0.001 1 1 13,1 0.001 -1 -1 14,1 0.001 1 -1 58.068 350 14,14 0.001 1 0 14,13 0.001 -1 -1 12,12 0.001 -1 0 11.0457 155 ::f,0,3 f,3,15 f,12,2 f,15,15 
166:1,2 0.001 1 1 2,0 0.001 -1 0 2,2 0.001 -1 -1 66.066 350 1,14 0.001 0 -1 2,14 0.001 0 1 1,13 0.001 -1 1 52.0298 320 14,3 0.001 1 0 13,1 0.001 -1 -1 14,1 0.001 1 -1 58.068 350 14,14 0.001 1 -1 14,13 0.001 -1 -1 12,12 0.001 -1 0 11.0457 155 ::f,0,3 f,3,15 f,12,2 f,15,15 
167:1,2 0.001 1 1 1,0 0.001 -1 0 2,2 0.001 -1 -1 66.067 350 1,14 0.001 -1 -1 2,14 0.001 1 1 1,13 0.001 0 1 52.0298 320 14,3 0.001 1 0 13,1 0.001 -1 0 14,1 0.001 0 -1 58.068 350 14,14 0.001 1 -1 14,13 0.001 -1 0 12,12 0.001 -1 0 11.0457 155 ::f,0,3 f,3,15 f,12,2 f,15,15 
168:1,2 0.001 1 0 1,0 0.001 -1 0 2,2 0.001 -1 0 66.067 350 1,14 0.001 -1 -1 2,14 0.001 1 1 1,13 0.001 0 1 60.0299 335 14,3 0.001 1 -1 13,1 0.001 -1 0 14,1 0.001 0 -1 58.068 350 14,14 0.001 0 -1 13,13 0.001 -1 0 12,12 0.001 -1 0 11.0467 155 ::f,0,3 f,1,15 f,12,2 f,15,15 
169:1,2 0.001 1 0 1,0 0.001 -1 1 2,2 0.001 -1 0 66.067 350 1,14 0.001 -1 0 2,14 0.001 1 0 1,13 0.001 0 1 60.0299 335 15,2 0.001 1 -1 13,1 0.001 -1 1 14,1 0.001 -1 -1 58.069 350 14,13 0.001 0 -1 13,13 0.001 -1 0 12,12 0.001 -1 0 11.0477 155 ::f,0,3 f,1,15 f,12,2 f,15,15 
170:1,2 0.001 1 0 0,1 0.001 -1 1 2,2 0.001 -1 1 66.068 350 1,14 0.001 -1 0 2,14 0.001 1 0 1,13 0.001 1 1 60.0299 335 15,2 0.001 1 -1 13,1 0.001 -1 1 14,1 0.001 -1 -1 64.0691 365 14,13 0.001 0 -1 13,13 0.001 -1 1 12,12 0.001 -1 0 11.0477 155 ::f,0,3 f,1,15 f,14,2 f,15,15 
171:1,2 0.001 1 -1 0,1 0.001 -1 1 2,2 0.001 -1 1 66.068 350 1,14 0.001 -1 1 2,14 0.001 1 -1 1,13 0.001 1 1 60.0299 335 15,2 0.001 0 -1 13,1 0.001 0 1 14,1 0.001 -1 0 64.0691 365 14,13 0.001 -1 -1 13,13 0.001 -1 1 12,12 0.001 -1 0 11.0477 155 ::f,0,3 f,1,15 f,14,2 f,15,15 
172:1,2 0.001 1 -1 0,1 0.001 0 1 2,2 0.001 0 1 66.068 350 1,14 0.001 -1 1 2,14 0.001 1 -1 1,13 0.001 1 0 60.0299 335 15,1 0.001 0 -1 13,2 0.001 0 1 13,1 0.001 -1 0 64.0721 365 14,13 0.001 -1 -1 13,13 0.001 0 1 12,12 0.001 -1 0 11.0477 155 ::f,0,3 f,1,15 f,14,2 f,15,15 
173:1,2 0.001 0 -1 0,2 0.001 0 1 2,2 0.001 0 1 66.069 350 1,14 0.001 0 1 2,14 0.001 0 -1 1,13 0.001 1 0 60.0299 335 15,1 0.001 0 -1 13,2 0.001 0 1 13,1 0.001 -1 0 64.0721 365 14,13 0.001 -1 0 13,14 0.001 0 1 12,12 0.001 -1 0 11.0487 155 ::f,0,3 f,1,15 f,14,2 f,15,15 
174:1,2 0.001 0 -1 0,2 0.001 0 1 2,2 0.001 1 1 72.0691 365 1,14 0.001 0 1 2,13 0.001 0 -1 1,13 0.001 1 -1 67.031 350 15,1 0.001 -1 -1 13,2 0.001 1 1 13,1 0.001 -1 1 64.0721 365 13,13 0.001 -1 0 13,14 0.001 0 1 12,12 0.001 -1 0 11.0497 155 ::f,3,2 f,3,14 f,14,2 f,15,15 
175:1,2 0.001 -1 -1 0,2 0.001 1 1 2,2 0.001 1 1 72.0691 365 1,14 0.001 1 1 2,13 0.001 0 -1 1,13 0.001 1 -1 67.031 350 14,0 0.001 -1 -1 13,2 0.001 1 1 13,1 0.001 -1 1 64.0731 365 13,13 0.001 -1 0 13,14 0.001 1 1 12,12 0.001 -1 0 11.0497 155 ::f,3,2 f,3,14 f,14,2 f,15,15 
176:1,2 0.001 -1 -1 1,3 0.001 1 1 2,2 0.001 1 0 72.0701 365 1,14 0.001 1 1 2,13 0.001 -1 -1 1,13 0.001 0 -1 67.031 350 14,0 0.001 -1 -1 13,2 0.001 1 0 13,1 0.001 0 1 64.0731 365 13,13 0.001 -1 1 13,14 0.001 1 1 12,12 0.001 -1 0 11.0497 155 ::f,3,2 f,3,14 f,14,2 f,15,15 
177:1,2 0.001 -1 0 1,3 0.001 1 1 2,2 0.001 1 0 76.0702 380 1,14 0.001 1 0 2,13 0.001 -1 -1 1,13 0.001 0 -1 67.031 350 14,0 0.001 -1 0 13,2 0.001 1 0 13,1 0.001 0 1 64.0731 365 13,13 0.001 -1 1 13,14 0.001 1 0 12,12 0.001 -1 0 11.0497 155 ::f,0,0 f,3,14 f,14,2 f,15,15 
178:1,2 0.001 -1 0 1,3 0.001 1 0 2,2 0.001 1 -1 76.0702 380 2,14 0.001 1 0 2,13 0.001 -1 0 1,13 0.001 -1 -1 67.032 350 13,0 0.001 -1 0 13,2 0.001 1 0 13,1 0.001 0 1 71.0742 380 13,13 0.001 0 1 14,14 0.001 1 0 12,12 0.001 -1 0 11.0507 155 ::f,0,0 f,3,14 f,12,3 f,15,15 
179:1,2 0.001 -1 1 2,3 0.001 1 0 2,2 0.001 1 -1 76.0712 380 2,14 0.001 1 0 2,13 0.001 -1 0 1,13 0.001 -1 -1 75.0321 365 13,0 0.001 -1 0 13,2 0.001 1 -1 13,1 0.001 1 1 71.0742 380 13,14 0.001 0 1 14,14 0.001 1 0 12,12 0.001 -1 0 11.0517 155 ::f,0,0 f,0,15 f,12,3 f,15,15 
180:1,2 0.001 -1 1 2,3 0.001 1 0 2,2 0.001 0 -1 76.0712 380 2,14 0.001 1 -1 2,13 0.001 -1 0 1,13 0.001 -1 0 75.0321 365 13,0 0.001 -1 1 13,2 0.001 1 -1 13,1 0.001 1 1 71.0742 380 13,14 0.001 0 1 14,14 0.001 1 -1 12,12 0.001 -1 0 11.0517 155 ::f,0,0 f,0,15 f,12,3 f,15,15 
181:1,2 0.001 0 1 2,3 0.001 1 -1 2,1 0.001 0 -1 76.0722 380 2,14 0.001 1 -1 2,13 0.001 -1 1 1,13 0.001 -1 0 75.0321 365 12,1 0.001 -1 1 13,2 0.001 0 -1 13,1 0.001 1 0 71.0752 380 13,14 0.001 1 1 14,14 0.001 1 -1 12,12 0.001 -1 0 11.0517 155 ::f,0,0 f,0,15 f,12,3 f,15,15 
182:1,2 0.001 0 1 3,2 0.001 1 -1 2,1 0.001 0 -1 76.0732 380 2,14 0.001 0 -1 1,14 0.001 -1 1 1,13 0.001 -1 1 75.0331 365 12,1 0.001 -1 1 13,2 0.001 0 -1 13,1 0.001 1 0 71.0752 380 13,14 0.001 1 1 14,14 0.001 0 -1 12,12 0.001 -1 0 11.0517 155 ::f,0,0 f,0,15 f,12,3 f,15,15 
183:1,2 0.001 1 1 3,2 0.001 1 -1 2,1 0.001 -1 -1 76.0732 380 2,13 0.001 0 -1 1,14 0.001 -1 1 1,13 0.001 -1 1 84.0342 380 12,1 0.001 0 1 13,2 0.001 -1 -1 13,1 0.001 1 -1 71.0752 380 13,14 0.001 1 0 14,13 0.001 0 -1 12,12 0.001 -1 0 11.0527 155 ::f,0,0 f,0,15 f,12,3 f,15,15 
184:1,2 0.001 1 1 3,2 0.001 0 -1 2,1 0.001 -1 -1 76.0732 380 2,13 0.001 0 -1 1,14 0.001 0 1 1,13 0.001 0 1 84.0342 380 12,2 0.001 0 1 13,2 0.001 -1 -1 13,1 0.001 1 -1 71.0762 380 14,14 0.001 1 0 14,13 0.001 0 -1 12,12 0.001 -1 0 11.0537 155 ::f,0,0 f,0,15 f,12,3 f,15,15 
185:1,2 0.001 1 0 3,1 0.001 0 -1 2,1 0.001 -1 0 76.0742 380 2,13 0.001 -1 -1 1,14 0.001 0 1 1,13 0.001 0 1 84.0342 380 12,2 0.001 0 1 13,2 0.001 -1 0 13,1 0.001 0 -1 79.0763 395 14,14 0.001 1 0 14,13 0.001 -1 -1 12,12 0.001 -1 0 11.0537 155 ::f,0,0 f,0,15 f,14,1 f,15,15 
186:2,2 0.001 1 0 3,1 0.001 0 -1 1,1 0.001 -1 0 76.0762 380 2,13 0.001 -1 -1 1,14 0.001 1 1 1,13 0.001 0 1 84.0342 380 12,2 0.001 1 1 13,2 0.001 -1 0 13,1 0.001 0 -1 79.0763 395 14,14 0.001 1 -1 14,13 0.001 -1 -1 12,12 0.001 -1 0 11.0537 155 ::f,0,0 f,0,15 f,14,1 f,15,15 
187:2,2 0.001 1 0 3,1 0.001 -1 -1 1,1 0.001 -1 0 76.0762 380 2,13 0.001 -1 0 1,14 0.001 1 1 1,13 0.001 1 1 84.0342 380 13,3 0.001 1 1 13,2 0.001 -1 1 13,1 0.001 -1 -1 79.0773 395 14,14 0.001 1 -1 14,13 0.001 -1 0 12,12 0.001 -1 0 11.0537 155 ::f,0,0 f,0,15 f,14,1 f,15,15 
188:2,2 0.001 1 -1 2,0 0.001 -1 -1 1,1 0.001 -1 1 76.0772 380 2,13 0.001 -1 0 1,14 0.001 1 0 1,13 0.001 1 1 84.0342 380 13,3 0.001 1 1 13,2 0.001 -1 1 13,1 0.001 -1 -1 79.0773 395 14,14 0.001 0 -1 13,13 0.001 -1 0 12,12 0.001 -1 0 11.0547 155 ::f,0,0 f,0,15 f,14,1 f,15,15 
189:2,2 0.001 1 -1 2,0 0.001 -1 -1 1,1 0.001 -1 1 76.0772 380 2,13 0.001 -1 0 2,14 0.001 1 0 1,13 0.001 1 0 84.0352 380 13,3 0.001 1 0 13,2 0.001 0 1 13,1 0.001 -1 0 79.0773 395 14,13 0.001 0 -1 13,13 0.001 -1 0 12,12 0.001 -1 0 11.0557 155 ::f,0,0 f,0,15 f,14,1 f,15,15 
190:2,2 0.001 0 -1 2,0 0.001 -1 0 1,1 0.001 0 1 76.0772 380 2,13 0.001 -1 1 2,14 0.001 1 0 1,13 0.001 1 0 84.0352 380 14,3 0.001 1 0 13,2 0.001 0 1 13,1 0.001 -1 0 79.0783 395 14,13 0.001 0 -1 13,13 0.001 -1 1 12,12 0.001 -1 0 11.0557 155 ::f,0,0 f,0,15 f,14,1 f,15,15 
191:2,1 0.001 0 -1 1,0 0.001 -1 0 1,2 0.001 0 1 76.0802 380 1,14 0.001 -1 1 2,14 0.001 1 -1 1,13 0.001 1 -1 84.0362 380 14,3 0.001 1 0 13,2 0.001 1 1 13,1 0.001 -1 1 79.0783 395 14,13 0.001 -1 -1 13,13 0.001 -1 1 12,12 0.001 -1 0 11.0557 155 ::f,0,0 f,0,15 f,14,1 f,15,15 
192:2,1 0.001 0 -1 1,0 0.001 -1 0 1,2 0.001 0 1 83.0803 395 1,14 0.001 -1 1 2,14 0.001 1 -1 1,13 0.001 1 -1 93.0363 395 14,3 0.001 1 -1 13,2 0.001 1 1 13,1 0.001 -1 1 79.0783 395 14,13 0.001 -1 -1 13,13 0.001 0 1 12,12 0.001 -1 0 11.0557 155 ::f,0,12 f,2,2 f,14,1 f,15,15 
193:2,1 0.001 -1 -1 1,0 0.001 -1 1 1,2 0.001 1 1 83.0803 395 1,14 0.001 0 1 2,14 0.001 0 -1 1,13 0.001 0 -1 93.0363 395 15,2 0.001 1 -1 13,2 0.001 1 0 13,1 0.001 0 1 79.0793 395 14,13 0.001 -1 0 13,14 0.001 0 1 12,12 0.001 -1 0 11.0567 155 ::f,0,12 f,2,2 f,14,1 f,15,15 
194:2,1 0.001 -1 -1 0,1 0.001 -1 1 1,2 0.001 1 1 83.0813 395 1,14 0.001 0 1 2,13 0.001 0 -1 1,13 0.001 0 -1 93.0373 395 15,2 0.001 1 -1 14,2 0.001 1 0 13,2 0.001 0 1 79.0813 395 13,13 0.001 -1 0 13,14 0.001 0 1 12,12 0.001 -1 0 11.0577 155 ::f,0,12 f,2,2 f,14,1 f,15,15 
195:2,1 0.001 -1 0 0,1 0.001 -1 1 1,2 0.001 1 0 83.0813 395 1,14 0.001 1 1 2,13 0.001 0 -1 1,13 0.001 -1 -1 93.0373 395 15,2 0.001 0 -1 14,2 0.001 1 0 13,2 0.001 0 1 79.0813 395 13,13 0.001 -1 0 13,14 0.001 1 1 12,12 0.001 -1 0 11.0577 155 ::f,0,12 f,2,2 f,14,1 f,15,15 
196:1,1 0.001 -1 0 0,1 0.001 0 1 1,2 0.001 1 0 83.0823 395 1,14 0.001 1 1 2,13 0.001 -1 -1 1,13 0.001 -1 -1 96.0374 410 15,1 0.001 0 -1 14,2 0.001 1 -1 13,2 0.001 1 1 79.0823 395 13,13 0.001 -1 1 13,14 0.001 1 1 12,12 0.001 -1 0 11.0577 155 ::f,2,2 f,2,15 f,14,1 f,15,15 
197:1,1 0.001 -1 0 0,2 0.001 0 1 1,2 0.001 1 0 88.0834 410 1,14 0.001 1 0 2,13 0.001 -1 -1 1,13 0.001 -1 0 96.0374 410 15,1 0.001 0 -1 14,2 0.001 1 -1 13,2 0.001 1 1 79.0823 395 13,13 0.001 -1 1 13,14 0.001 1 0 12,12 0.001 -1 0 11.0577 155 ::f,1,3 f,2,15 f,14,1 f,15,15 
198:1,1 0.001 -1 1 0,2 0.001 0 1 1,2 0.001 1 -1 88.0834 410 2,14 0.001 1 0 2,13 0.001 -1 0 1,13 0.001 -1 0 96.0384 410 15,1 0.001 -1 -1 14,2 0.001 0 -1 13,2 0.001 1 0 79.0823 395 13,13 0.001 0 1 14,14 0.001 1 0 12,12 0.001 -1 0 11.0587 155 ::f,1,3 f,2,15 f,14,1 f,15,15 
199:1,1 0.001 -1 1 0,2 0.001 1 1 1,2 0.001 1 -1 88.0834 410 2,14 0.001 1 0 2,13 0.001 -1 0 1,13 0.001 -1 1 96.0384 410 14,0 0.001 -1 -1 14,2 0.001 0 -1 13,2 0.001 1 0 79.0833 395 13,14 0.001 0 1 14,14 0.001 1 0 12,12 0.001 -1 0 11.0597 155 ::f,1,3 f,2,15 f,14,1 f,15,15 
200:1,1 0.001 0 1 0,2 0.001 1 1 1,2 0.001 0 -1 88.0834 410 2,14 0.001 1 -1 2,13 0.001 -1 0 1,13 0.001 -1 1 96.0384 410 14,0 0.001 -1 -1 14,2 0.001 0 -1 13,2 0.001 1 0 87.0834 410 13,14 0.001 0 1 14,14 0.001 1 -1 12,12 0.001 -1 0 11.0597 155 ::f,1,3 f,2,15 f,15,3 f,15,15 
201:1,1 0.001 0 1 0,2 0.001 1 1 1,2 0.001 0 -1 96.0835 425 2,14 0.001 1 -1 2,13 0.001 -1 1 1,13 0.001 0 1 96.0384 410 14,0 0.001 -1 0 14,2 0.001 -1 -1 13,2 0.001 1 -1 87.0834 410 13,14 0.001 1 1 14,14 0.001 1 -1 12,12 0.001 -1 0 11.0597 155 ::f,1,0 f,2,15 f,15,3 f,15,15 
202:1,1 0.001 0 1 0,2 0.001 1 0 1,2 0.001 0 -1 96.0835 425 2,14 0.001 0 -1 2,13 0.001 -1 1 1,14 0.001 0 1 96.0394 410 13,0 0.001 -1 0 14,2 0.001 -1 -1 13,2 0.001 1 -1 87.0844 410 13,14 0.001 1 1 14,14 0.001 0 -1 12,12 0.001 -1 0 11.0597 155 ::f,1,0 f,2,15 f,15,3 f,15,15 
203:1,1 0.001 1 1 0,2 0.001 1 0 1,2 0.001 -1 -1 96.0835 425 2,14 0.001 0 -1 2,13 0.001 0 1 1,14 0.001 0 1 96.0394 410 13,0 0.001 -1 0 14,2 0.001 -1 0 13,2 0.001 0 -1 87.0844 410 13,14 0.001 1 0 14,13 0.001 0 -1 12,12 0.001 -1 0 11.0607 155 ::f,1,0 f,2,15 f,15,3 f,15,15 
204:1,1 0.001 1 1 0,2 0.001 1 -1 1,2 0.001 -1 -1 96.0835 425 2,14 0.001 0 -1 2,13 0.001 0 1 1,14 0.001 1 1 96.0394 410 13,0 0.001 -1 1 14,2 0.001 -1 0 13,1 0.001 0 -1 87.0854 410 14,14 0.001 1 0 14,13 0.001 0 -1 12,12 0.001 -1 0 11.0617 155 ::f,1,0 f,2,15 f,15,3 f,15,15 
205:1,1 0.001 1 0 0,2 0.001 1 -1 1,2 0.001 -1 0 96.0835 425 2,14 0.001 -1 -1 2,13 0.001 0 1 1,14 0.001 1 1 100.04 425 12,1 0.001 -1 1 14,2 0.001 -1 1 13,1 0.001 0 -1 87.0864 410 14,14 0.001 1 0 14,13 0.001 -1 -1 12,12 0.001 -1 0 11.0617 155 ::f,1,0 f,1,12 f,15,3 f,15,15 
206:1,1 0.001 1 0 0,2 0.001 1 -1 1,2 0.001 -1 0 96.0835 425 2,14 0.001 -1 -1 2,13 0.001 1 1 1,14 0.001 1 0 100.04 425 12,1 0.001 -1 1 14,2 0.001 -1 1 13,1 0.001 -1 -1 87.0864 410 14,14 0.001 1 -1 14,13 0.001 -1 -1 12,12 0.001 -1 0 11.0617 155 ::f,1,0 f,1,12 f,15,3 f,15,15 
207:1,1 0.001 1 -1 0,2 0.001 0 -1 1,2 0.001 -1 1 96.0835 425 2,14 0.001 -1 0 2,13 0.001 1 0 1,14 0.001 1 0 100.04 425 12,1 0.001 0 1 14,2 0.001 0 1 13,1 0.001 -1 -1 87.0864 410 14,14 0.001 1 -1 14,13 0.001 -1 0 12,12 0.001 -1 0 11.0617 155 ::f,1,0 f,1,12 f,15,3 f,15,15 
208:1,1 0.001 1 -1 0,2 0.001 0 -1 1,2 0.001 -1 1 96.0835 425 2,14 0.001 -1 0 2,13 0.001 1 -1 1,14 0.001 1 0 100.04 425 12,2 0.001 0 1 14,2 0.001 0 1 13,1 0.001 -1 0 87.0874 410 14,14 0.001 0 -1 13,13 0.001 -1 0 12,12 0.001 -1 0 11.0627 155 ::f,1,0 f,1,12 f,15,3 f,15,15 
209:1,1 0.001 0 -1 0,2 0.001 -1 -1 1,2 0.001 0 1 96.0835 425 2,14 0.001 -1 1 2,13 0.001 1 -1 1,14 0.001 1 -1 100.04 425 12,2 0.001 0 1 14,2 0.001 1 1 13,1 0.001 -1 0 87.0874 410 14,13 0.001 0 -1 13,13 0.001 -1 0 12,12 0.001 -1 0 11.0637 155 ::f,1,0 f,1,12 f,15,3 f,15,15 
210:1,1 0.001 0 -1 0,2 0.001 -1 -1 1,2 0.001 0 1 106.084 440 2,14 0.001 -1 1 2,13 0.001 0 -1 1,14 0.001 1 -1 100.04 425 12,2 0.001 1 1 14,2 0.001 1 1 13,1 0.001 -1 1 96.0875 425 14,13 0.001 0 -1 13,13 0.001 -1 1 12,12 0.001 -1 0 11.0637 155 ::f,1,12 f,2,2 f,15,3 f,15,15 
211:1,1 0.001 -1 -1 0,2 0.001 -1 0 1,2 0.001 1 1 106.084 440 2,14 0.001 0 1 2,13 0.001 0 -1 1,14 0.001 0 -1 100.04 425 13,3 0.001 1 1 14,2 0.001 1 0 13,1 0.001 -1 1 96.0885 425 14,13 0.001 -1 -1 13,13 0.001 -1 1 12,12 0.001 -1 0 11.0637 155 ::f,1,12 f,2,2 f,15,3 f,15,15 
212:1,1 0.001 -1 -1 0,2 0.001 -1 0 1,2 0.001 1 1 106.084 440 2,14 0.001 0 1 2,13 0.001 -1 -1 1,13 0.001 0 -1 100.041 425 13,3 0.001 1 1 14,2 0.001 1 0 13,1 0.001 0 1 96.0885 425 14,13 0.001 -1 -1 13,13 0.001 0 1 12,12 0.001 -1 0 11.0637 155 ::f,1,12 f,2,2 f,15,3 f,15,15 
213:1,1 0.001 -1 0 0,2 0.001 -1 1 1,2 0.001 1 0 106.084 440 2,14 0.001 1 1 2,13 0.001 -1 -1 1,13 0.001 0 -1 110.041 440 13,3 0.001 1 0 14,2 0.001 1 -1 13,2 0.001 0 1 96.0895 425 14,13 0.001 -1 0 13,14 0.001 0 1 12,12 0.001 -1 0 11.0647 155 ::f,2,2 f,3,14 f,15,3 f,15,15 
214:1,1 0.001 -1 0 0,2 0.001 -1 1 1,2 0.001 1 0 106.084 440 2,14 0.001 1 1 2,13 0.001 -1 0 1,13 0.001 -1 -1 110.041 440 14,3 0.001 1 0 14,2 0.001 1 -1 13,2 0.001 0 1 96.0905 425 13,13 0.001 -1 0 13,14 0.001 0 1 12,12 0.001 -1 0 11.0657 155 ::f,2,2 f,3,14 f,15,3 f,15,15 
215:1,1 0.001 -1 1 0,2 0.001 0 1 1,2 0.001 1 0 112.084 455 2,14 0.001 1 0 2,13 0.001 -1 0 1,13 0.001 -1 -1 110.041 440 14,3 0.001 1 0 14,2 0.001 0 -1 13,2 0.001 1 1 105.091 440 13,13 0.001 -1 0 13,14 0.001 1 1 12,12 0.001 -1 0 11.0657 155 ::f,3,0 f,3,14 f,14,0 f,15,15 
216:1,1 0.001 -1 1 0,2 0.001 0 1 1,2 0.001 1 -1 112.084 455 2,14 0.001 1 0 2,13 0.001 -1 0 1,13 0.001 -1 0 120.041 455 14,3 0.001 1 -1 14,1 0.001 0 -1 13,2 0.001 1 1 105.092 440 13,13 0.001 -1 1 13,14 0.001 1 1 12,12 0.001 -1 0 11.0657 155 ::f,3,0 f,3,13 f,14,0 f,15,15 
217:1,1 0.001 0 1 0,2 0.001 1 1 2,1 0.001 1 -1 112.085 455 2,14 0.001 1 -1 2,13 0.001 -1 1 1,13 0.001 -1 0 120.041 455 15,2 0.001 1 -1 14,1 0.001 0 -1 13,2 0.001 1 0 115.093 455 13,13 0.001 -1 1 13,14 0.001 1 0 12,12 0.001 -1 0 11.0657 155 ::f,3,0 f,3,13 f,15,3 f,15,15 
218:1,2 0.001 0 1 1,3 0.001 1 1 2,1 0.001 1 -1 119.087 470 2,14 0.001 1 -1 2,13 0.001 -1 1 1,13 0.001 -1 1 130.041 470 15,2 0.001 1 -1 14,1 0.001 -1 -1 14,2 0.001 1 0 115.094 455 13,13 0.001 0 1 14,14 0.001 1 0 12,12 0.001 -1 0 11.0667 155 ::f,3,2 f,3,15 f,15,3 f,15,15 
219:1,2 0.001 0 1 1,3 0.001 1 1 2,1 0.001 0 -1 119.087 470 2,14 0.001 0 -1 2,13 0.001 0 1 1,13 0.001 -1 1 130.041 470 15,2 0.001 0 -1 14,1 0.001 -1 -1 14,2 0.001 1 0 115.094 455 13,14 0.001 0 1 14,14 0.001 1 0 12,12 0.001 -1 0 11.0677 155 ::f,3,2 f,3,15 f,15,3 f,15,15 
220:1,2 0.001 1 1 1,3 0.001 1 0 2,1 0.001 0 -1 119.087 470 2,14 0.001 0 -1 2,13 0.001 0 1 1,13 0.001 0 1 130.041 470 15,1 0.001 0 -1 14,1 0.001 -1 0 14,2 0.001 1 -1 115.095 455 13,14 0.001 0 1 14,14 0.001 1 -1 12,12 0.001 -1 0 11.0677 155 ::f,3,2 f,3,15 f,15,3 f,15,15 
221:1,2 0.001 1 1 2,3 0.001 1 0 2,1 0.001 -1 -1 119.088 470 2,14 0.001 0 -1 2,13 0.001 1 1 1,14 0.001 0 1 130.042 470 15,1 0.001 0 -1 13,1 0.001 -1 0 14,2 0.001 1 -1 115.096 455 13,14 0.001 1 1 14,14 0.001 1 -1 12,12 0.001 -1 0 11.0677 155 ::f,3,2 f,3,15 f,15,3 f,15,15 
222:1,2 0.001 1 0 2,3 0.001 1 0 2,1 0.001 -1 -1 119.088 470 2,14 0.001 -1 -1 2,13 0.001 1 1 1,14 0.001 0 1 130.042 470 15,1 0.001 -1 -1 13,1 0.001 -1 0 14,2 0.001 0 -1 115.096 455 13,14 0.001 1 1 14,14 0.001 0 -1 12,12 0.001 -1 0 11.0677 155 ::f,3,2 f,3,15 f,15,3 f,15,15 
223:2,2 0.001 1 0 2,3 0.001 1 -1 2,1 0.001 -1 0 119.089 470 2,14 0.001 -1 -1 2,13 0.001 1 0 1,14 0.001 1 1 130.042 470 14,0 0.001 -1 -1 13,1 0.001 -1 1 14,1 0.001 0 -1 115.098 455 13,14 0.001 1 0 14,13 0.001 0 -1 12,12 0.001 -1 0 11.0687 155 ::f,3,2 f,3,15 f,15,3 f,15,15 
224:2,2 0.001 1 0 2,3 0.001 1 -1 1,1 0.001 -1 0 129.09 485 2,14 0.001 -1 0 2,13 0.001 1 0 1,14 0.001 1 1 130.042 470 14,0 0.001 -1 -1 13,1 0.001 -1 1 14,1 0.001 0 -1 115.098 455 14,14 0.001 1 0 14,13 0.001 0 -1 12,12 0.001 -1 0 11.0697 155 ::f,1,2 f,3,15 f,15,3 f,15,15 
225:2,2 0.001 1 -1 2,3 0.001 0 -1 1,1 0.001 -1 0 129.09 485 2,14 0.001 -1 0 2,13 0.001 1 -1 1,14 0.001 1 0 130.042 470 14,0 0.001 -1 0 13,1 0.001 0 1 14,1 0.001 -1 -1 115.098 455 14,14 0.001 1 0 14,13 0.001 -1 -1 12,12 0.001 -1 0 11.0697 155 ::f,1,2 f,3,15 f,15,3 f,15,15 
226:2,2 0.001 1 -1 2,3 0.001 0 -1 1,1 0.001 -1 1 129.09 485 2,14 0.001 -1 1 2,13 0.001 1 -1 1,14 0.001 1 0 130.042 470 13,0 0.001 -1 0 13,2 0.001 0 1 14,1 0.001 -1 -1 115.1 455 14,14 0.001 1 -1 14,13 0.001 -1 -1 12,12 0.001 -1 0 11.0697 155 ::f,1,2 f,3,15 f,15,3 f,15,15 
227:2,2 0.001 0 -1 2,3 0.001 0 -1 1,1 0.001 -1 1 129.09 485 2,14 0.001 -1 1 2,13 0.001 0 -1 1,14 0.001 1 0 130.042 470 13,0 0.001 -1 0 13,2 0.001 0 1 14,1 0.001 -1 0 115.1 455 14,14 0.001 1 -1 14,13 0.001 -1 0 12,12 0.001 -1 0 11.0697 155 ::f,1,2 f,3,15 f,15,3 f,15,15 
228:2,1 0.001 0 -1 2,3 0.001 -1 -1 1,1 0.001 0 1 129.091 485 2,14 0.001 0 1 2,13 0.001 0 -1 1,14 0.001 1 -1 130.042 470 13,0 0.001 -1 1 13,2 0.001 1 1 13,1 0.001 -1 0 115.101 455 14,14 0.001 0 -1 13,13 0.001 -1 0 12,12 0.001 -1 0 11.0707 155 ::f,1,2 f,3,15 f,15,3 f,15,15 
229:2,1 0.001 0 -1 2,3 0.001 -1 -1 1,2 0.001 0 1 138.092 500 2,14 0.001 0 1 2,13 0.001 -1 -1 1,14 0.001 1 -1 130.042 470 12,1 0.001 -1 1 13,2 0.001 1 1 13,1 0.001 -1 0 115.102 455 14,13 0.001 0 -1 13,13 0.001 -1 0 12,12 0.001 -1 0 11.0717 155 ::f,0,2 f,3,15 f,15,3 f,15,15 
230:2,1 0.001 -1 -1 2,3 0.001 -1 -1 1,2 0.001 0 1 138.092 500 2,14 0.001 1 1 2,13 0.001 -1 -1 1,14 0.001 0 -1 130.042 470 12,1 0.001 -1 1 13,2 0.001 1 0 13,1 0.001 -1 1 115.102 455 14,13 0.001 0 -1 13,13 0.001 -1 1 12,12 0.001 -1 0 11.0717 155 ::f,0,2 f,3,15 f,15,3 f,15,15 
231:2,1 0.001 -1 -1 2,3 0.001 -1 -1 1,2 0.001 1 1 138.092 500 2,14 0.001 1 1 2,13 0.001 -1 0 1,14 0.001 0 -1 140.042 485 12,1 0.001 0 1 14,2 0.001 1 0 13,1 0.001 -1 1 115.103 455 14,13 0.001 -1 -1 13,13 0.001 -1 1 12,12 0.001 -1 0 11.0717 155 ::f,0,2 f,0,14 f,15,3 f,15,15 
232:2,1 0.001 -1 0 2,3 0.001 -1 0 1,2 0.001 1 1 138.092 500 2,14 0.001 1 0 1,13 0.001 -1 0 1,14 0.001 -1 -1 140.043 485 12,2 0.001 0 1 14,2 0.001 1 0 13,1 0.001 0 1 115.104 455 14,13 0.001 -1 -1 13,13 0.001 0 1 12,12 0.001 -1 0 11.0717 155 ::f,0,2 f,0,14 f,15,3 f,15,15 
233:1,1 0.001 -1 0 2,3 0.001 -1 0 1,2 0.001 1 0 138.093 500 2,14 0.001 1 0 1,13 0.001 -1 0 1,14 0.001 -1 -1 140.043 485 12,2 0.001 0 1 14,2 0.001 1 -1 13,2 0.001 0 1 115.105 455 14,13 0.001 -1 0 13,14 0.001 0 1 12,12 0.001 -1 0 11.0727 155 ::f,0,2 f,0,14 f,15,3 f,15,15 
234:1,1 0.001 -1 0 2,3 0.001 -1 1 2,2 0.001 1 0 138.094 500 2,14 0.001 1 -1 1,13 0.001 -1 1 1,14 0.001 -1 0 140.043 485 12,2 0.001 1 1 14,2 0.001 1 -1 13,2 0.001 0 1 115.105 455 13,13 0.001 -1 0 13,14 0.001 0 1 12,12 0.001 -1 0 11.0737 155 ::f,0,2 f,0,14 f,15,3 f,15,15 
235:1,1 0.001 -1 1 2,3 0.001 -1 1 2,2 0.001 1 0 138.094 500 2,14 0.001 1 -1 1,13 0.001 -1 1 1,14 0.001 -1 0 150.043 500 13,3 0.001 1 1 14,2 0.001 0 -1 13,2 0.001 1 1 115.106 455 13,13 0.001 -1 0 13,14 0.001 1 1 12,12 0.001 -1 0 11.0737 155 ::f,0,2 f,0,12 f,15,3 f,15,15 
236:1,1 0.001 -1 1 2,3 0.001 0 1 2,2 0.001 1 -1 148.094 515 2,14 0.001 0 -1 1,13 0.001 0 1 1,14 0.001 -1 1 150.043 500 13,3 0.001 1 1 14,1 0.001 0 -1 13,2 0.001 1 1 115.107 455 13,13 0.001 -1 1 13,14 0.001 1 1 12,12 0.001 -1 0 11.0737 155 ::f,0,0 f,0,12 f,15,3 f,15,15 
237:1,1 0.001 0 1 2,3 0.001 0 1 2,2 0.001 1 -1 148.094 515 2,13 0.001 0 -1 1,13 0.001 0 1 1,14 0.001 -1 1 150.044 500 13,3 0.001 1 0 14,1 0.001 0 -1 13,2 0.001 1 0 115.107 455 13,13 0.001 -1 1 13,14 0.001 1 0 12,12 0.001 -1 0 11.0737 155 ::f,0,0 f,0,12 f,15,3 f,15,15 
238:1,2 0.001 0 1 2,3 0.001 1 1 2,2 0.001 0 -1 148.095 515 2,13 0.001 0 -1 1,13 0.001 0 1 1,14 0.001 0 1 150.044 500 14,3 0.001 1 0 14,1 0.001 -1 -1 14,2 0.001 1 0 115.109 455 13,13 0.001 0 1 14,14 0.001 1 0 12,12 0.001 -1 0 11.0747 155 ::f,0,0 f,0,12 f,15,3 f,15,15 
239:1,2 0.001 0 1 2,3 0.001 1 1 2,1 0.001 0 -1 148.096 515 2,13 0.001 -1 -1 1,13 0.001 1 1 1,14 0.001 0 1 150.044 500 14,3 0.001 1 0 14,1 0.001 -1 -1 14,2 0.001 1 0 125.109 470 13,14 0.001 0 1 14,14 0.001 1 0 12,12 0.001 -1 0 11.0757 155 ::f,0,0 f,0,12 f,13,3 f,15,15 
240:1,2 0.001 1 1 2,3 0.001 1 0 2,1 0.001 0 -1 148.096 515 2,13 0.001 -1 -1 1,13 0.001 1 1 1,14 0.001 1 1 150.044 500 14,3 0.001 1 -1 14,1 0.001 -1 0 14,2 0.001 1 -1 125.109 470 13,14 0.001 0 1 14,14 0.001 1 -1 12,12 0.001 -1 0 11.0757 155 ::f,0,0 f,0,12 f,13,3 f,15,15 
241:1,2 0.001 1 1 2,3 0.001 1 0 2,1 0.001 -1 -1 148.096 515 2,13 0.001 -1 0 1,13 0.001 1 0 1,14 0.001 1 1 150.044 500 15,2 0.001 1 -1 13,1 0.001 -1 0 14,2 0.001 1 -1 125.111 470 13,14 0.001 1 1 14,14 0.001 1 -1 12,12 0.001 -1 0 11.0757 155 ::f,0,0 f,0,12 f,13,3 f,15,15 
242:1,2 0.001 1 0 2,3 0.001 1 -1 2,1 0.001 -1 -1 148.096 515 2,13 0.001 -1 0 1,13 0.001 1 0 1,14 0.001 1 0 150.044 500 15,2 0.001 1 -1 13,1 0.001 -1 0 14,2 0.001 0 -1 125.111 470 13,14 0.001 1 1 14,14 0.001 0 -1 12,12 0.001 -1 0 11.0757 155 ::f,0,0 f,0,12 f,13,3 f,15,15 
243:2,2 0.001 1 0 3,2 0.001 1 -1 2,1 0.001 -1 0 148.098 515 2,13 0.001 -1 0 1,13 0.001 1 -1 2,14 0.001 1 0 150.045 500 15,2 0.001 0 -1 13,1 0.001 -1 1 14,1 0.001 0 -1 125.112 470 13,14 0.001 1 0 14,13 0.001 0 -1 12,12 0.001 -1 0 11.0767 155 ::f,0,0 f,0,12 f,13,3 f,15,15 
244:2,2 0.001 1 0 3,2 0.001 1 -1 1,1 0.001 -1 0 148.099 515 2,13 0.001 -1 1 1,13 0.001 1 -1 2,14 0.001 1 0 150.045 500 15,1 0.001 0 -1 13,1 0.001 -1 1 14,1 0.001 0 -1 125.113 470 14,14 0.001 1 0 14,13 0.001 0 -1 12,12 0.001 -1 0 11.0777 155 ::f,0,0 f,0,12 f,13,3 f,15,15 
245:2,2 0.001 1 -1 3,2 0.001 0 -1 1,1 0.001 -1 0 148.099 515 2,13 0.001 -1 1 1,13 0.001 0 -1 2,14 0.001 1 -1 150.045 500 15,1 0.001 0 -1 13,1 0.001 0 1 14,1 0.001 -1 -1 125.113 470 14,14 0.001 1 0 14,13 0.001 -1 -1 12,12 0.001 -1 0 11.0777 155 ::f,0,0 f,0,12 f,13,3 f,15,15 
246:2,2 0.001 1 -1 3,1 0.001 0 -1 1,1 0.001 -1 1 148.1 515 2,13 0.001 0 1 1,13 0.001 0 -1 2,14 0.001 1 -1 150.045 500 15,1 0.001 -1 -1 13,2 0.001 0 1 14,1 0.001 -1 -1 125.114 470 14,14 0.001 1 -1 14,13 0.001 -1 -1 12,12 0.001 -1 0 11.0777 155 ::f,0,0 f,0,12 f,13,3 f,15,15 
247:2,2 0.001 0 -1 3,1 0.001 0 -1 1,1 0.001 -1 1 148.1 515 2,13 0.001 0 1 1,13 0.001 -1 -1 2,14 0.001 0 -1 150.045 500 14,0 0.001 -1 -1 13,2 0.001 0 1 14,1 0.001 -1 0 135.115 485 14,14 0.001 1 -1 14,13 0.001 -1 0 12,12 0.001 -1 0 11.0777 155 ::f,0,0 f,0,12 f,15,0 f,15,15 
248:2,1 0.001 0 -1 3,1 0.001 -1 -1 1,1 0.001 0 1 148.101 515 2,13 0.001 1 1 1,13 0.001 -1 -1 2,14 0.001 0 -1 160.045 515 14,0 0.001 -1 -1 13,2 0.001 1 1 13,1 0.001 -1 0 135.116 485 14,14 0.001 0 -1 13,13 0.001 -1 0 12,12 0.001 -1 0 11.0787 155 ::f,0,0 f,0,13 f,15,0 f,15,15 
249:2,1 0.001 0 -1 2,0 0.001 -1 -1 1,2 0.001 0 1 148.103 515 2,13 0.001 1 1 1,13 0.001 -1 0 2,14 0.001 0 -1 160.045 515 14,0 0.001 -1 0 13,2 0.001 1 1 13,1 0.001 -1 0 135.116 485 14,13 0.001 0 -1 13,13 0.001 -1 0 12,12 0.001 -1 0 11.0797 155 ::f,0,0 f,0,13 f,15,0 f,15,15 
250:2,1 0.001 -1 -1 2,0 0.001 -1 -1 1,2 0.001 0 1 148.103 515 2,13 0.001 1 0 1,13 0.001 -1 0 2,14 0.001 -1 -1 170.045 530 13,0 0.001 -1 0 13,2 0.001 1 0 13,1 0.001 -1 1 135.117 485 14,13 0.001 0 -1 13,13 0.001 -1 1 12,12 0.001 -1 0 11.0797 155 ::f,0,0 f,1,15 f,15,0 f,15,15 
251:2,1 0.001 -1 -1 2,0 0.001 -1 0 1,2 0.001 1 1 148.103 515 2,13 0.001 1 0 1,13 0.001 -1 1 2,14 0.001 -1 -1 170.045 530 13,0 0.001 -1 0 14,2 0.001 1 0 13,1 0.001 -1 1 135.118 485 14,13 0.001 -1 -1 13,13 0.001 -1 1 12,12 0.001 -1 0 11.0797 155 ::f,0,0 f,1,15 f,15,0 f,15,15 
252:2,1 0.001 -1 0 1,0 0.001 -1 0 1,2 0.001 1 1 148.104 515 2,13 0.001 1 -1 1,13 0.001 -1 1 2,14 0.001 -1 0 170.045 530 13,0 0.001 -1 1 14,2 0.001 1 0 13,1 0.001 0 1 135.118 485 14,13 0.001 -1 -1 13,13 0.001 0 1 12,12 0.001 -1 0 11.0797 155 ::f,0,0 f,1,15 f,15,0 f,15,15 
253:1,1 0.001 -1 0 1,0 0.001 -1 0 1,2 0.001 1 0 158.105 530 2,13 0.001 1 -1 1,13 0.001 0 1 2,14 0.001 -1 0 170.045 530 12,1 0.001 -1 1 14,2 0.001 1 -1 13,2 0.001 0 1 135.12 485 14,13 0.001 -1 0 13,14 0.001 0 1 12,12 0.001 -1 0 11.0807 155 ::f,1,15 f,2,3 f,15,0 f,15,15 
254:1,1 0.001 -1 0 1,0 0.001 -1 1 2,2 0.001 1 0 158.106 530 2,13 0.001 0 -1 1,14 0.001 0 1 2,14 0.001 -1 1 170.046 530 12,1 0.001 -1 1 14,2 0.001 1 -1 13,2 0.001 0 1 135.12 485 13,13 0.001 -1 0 13,14 0.001 0 1 12,12 0.001 -1 0 11.0817 155 ::f,1,15 f,2,3 f,15,0 f,15,15 
255:1,1 0.001 -1 1 0,1 0.001 -1 1 2,2 0.001 1 0 158.107 530 2,13 0.001 0 -1 1,14 0.001 0 1 2,14 0.001 -1 1 180.046 545 12,1 0.001 0 1 14,2 0.001 0 -1 13,2 0.001 1 1 135.12 485 13,13 0.001 -1 0 13,14 0.001 1 1 12,12 0.001 -1 0 11.0817 155 ::f,0,12 f,2,3 f,15,0 f,15,15 
256:1,1 0.001 -1 1 0,1 0.001 -1 1 2,2 0.001 1 -1 158.107 530 2,13 0.001 -1 -1 1,14 0.001 1 1 2,14 0.001 0 1 180.046 545 12,2 0.001 0 1 14,1 0.001 0 -1 13,2 0.001 1 1 135.122 485 13,13 0.001 -1 1 13,14 0.001 1 1 12,12 0.001 -1 0 11.0817 155 ::f,0,12 f,2,3 f,15,0 f,15,15 
257:1,1 0.001 0 1 0,1 0.001 0 1 2,2 0.001 1 -1 158.107 530 2,13 0.001 -1 -1 1,14 0.001 1 1 2,14 0.001 0 1 180.046 545 12,2 0.001 0 1 14,1 0.001 0 -1 13,2 0.001 1 0 135.122 485 13,13 0.001 -1 1 13,14 0.001 1 0 12,12 0.001 -1 0 11.0817 155 ::f,0,12 f,2,3 f,15,0 f,15,15 
258:1,2 0.001 0 1 0,2 0.001 0 1 2,2 0.001 0 -1 158.109 530 2,13 0.001 -1 0 1,14 0.001 1 0 2,14 0.001 1 1 180.046 545 12,2 0.001 1 1 14,1 0.001 -1 -1 14,2 0.001 1 0 135.123 485 13,13 0.001 0 1 14,14 0.001 1 0 12,12 0.001 -1 0 11.0827 155 ::f,0,12 f,2,3 f,15,0 f,15,15 
259:1,2 0.001 0 1 0,2 0.001 0 1 2,1 0.001 0 -1 158.11 530 1,13 0.001 -1 0 1,14 0.001 1 0 2,14 0.001 1 1 180.047 545 13,3 0.001 1 1 14,1 0.001 -1 -1 14,2 0.001 1 0 135.124 485 13,14 0.001 0 1 14,14 0.001 1 0 12,12 0.001 -1 0 11.0837 155 ::f,0,12 f,2,3 f,15,0 f,15,15 
260:1,2 0.001 1 1 0,2 0.001 1 1 2,1 0.001 0 -1 158.11 530 1,13 0.001 -1 0 1,14 0.001 1 0 2,14 0.001 1 0 180.047 545 13,3 0.001 1 1 14,1 0.001 -1 0 14,2 0.001 1 -1 135.124 485 13,14 0.001 0 1 14,14 0.001 1 -1 12,12 0.001 -1 0 11.0837 155 ::f,0,12 f,2,3 f,15,0 f,15,15 
261:1,2 0.001 1 1 1,3 0.001 1 1 2,1 0.001 -1 -1 168.111 545 1,13 0.001 -1 1 1,14 0.001 1 -1 2,14 0.001 1 0 180.047 545 13,3 0.001 1 0 13,1 0.001 -1 0 14,2 0.001 1 -1 135.125 485 13,14 0.001 1 1 14,14 0.001 1 -1 12,12 0.001 -1 0 11.0837 155 ::f,0,3 f,0,12 f,15,0 f,15,15 
262:1,2 0.001 1 0 1,3 0.001 1 1 2,1 0.001 -1 -1 168.111 545 1,13 0.001 -1 1 1,14 0.001 1 -1 2,14 0.001 1 -1 180.047 545 14,3 0.001 1 0 13,1 0.001 -1 0 14,2 0.001 0 -1 135.126 485 13,14 0.001 1 1 14,14 0.001 0 -1 12,12 0.001 -1 0 11.0837 155 ::f,0,3 f,0,12 f,15,0 f,15,15 
263:2,2 0.001 1 0 1,3 0.001 1 0 2,1 0.001 -1 0 168.112 545 1,13 0.001 0 1 1,14 0.001 0 -1 2,14 0.001 1 -1 180.047 545 14,3 0.001 1 0 13,1 0.001 -1 1 14,1 0.001 0 -1 135.127 485 13,14 0.001 1 0 14,13 0.001 0 -1 12,12 0.001 -1 0 11.0847 155 ::f,0,3 f,0,12 f,15,0 f,15,15 
264:2,2 0.001 1 0 2,3 0.001 1 0 1,1 0.001 -1 0 168.114 545 1,13 0.001 0 1 1,14 0.001 0 -1 2,14 0.001 0 -1 180.047 545 14,3 0.001 1 -1 13,1 0.001 -1 1 14,1 0.001 0 -1 135.127 485 14,14 0.001 1 0 14,13 0.001 0 -1 12,12 0.001 -1 0 11.0857 155 ::f,0,3 f,0,12 f,15,0 f,15,15 
265:2,2 0.001 1 -1 2,3 0.001 1 0 1,1 0.001 -1 0 168.114 545 1,13 0.001 0 1 1,14 0.001 -1 -1 2,13 0.001 0 -1 180.048 545 15,2 0.001 1 -1 13,1 0.001 0 1 14,1 0.001 -1 -1 135.128 485 14,14 0.001 1 0 14,13 0.001 -1 -1 12,12 0.001 -1 0 11.0857 155 ::f,0,3 f,0,12 f,15,0 f,15,15 
266:2,2 0.001 1 -1 2,3 0.001 1 -1 1,1 0.001 -1 1 168.114 545 1,13 0.001 1 1 1,14 0.001 -1 -1 2,13 0.001 0 -1 180.048 545 15,2 0.001 1 -1 13,2 0.001 0 1 14,1 0.001 -1 -1 135.129 485 14,14 0.001 1 -1 14,13 0.001 -1 -1 12,12 0.001 -1 0 11.0857 155 ::f,0,3 f,0,12 f,15,0 f,15,15 
267:2,2 0.001 0 -1 3,2 0.001 1 -1 1,1 0.001 -1 1 168.115 545 1,13 0.001 1 1 1,14 0.001 -1 0 2,13 0.001 -1 -1 180.048 545 15,2 0.001 0 -1 13,2 0.001 0 1 14,1 0.001 -1 0 135.129 485 14,14 0.001 1 -1 14,13 0.001 -1 0 12,12 0.001 -1 0 11.0857 155 ::f,0,3 f,0,12 f,15,0 f,15,15 
268:2,1 0.001 0 -1 3,2 0.001 1 -1 1,1 0.001 0 1 168.116 545 1,13 0.001 1 0 1,14 0.001 -1 0 2,13 0.001 -1 -1 180.048 545 15,1 0.001 0 -1 13,2 0.001 1 1 13,1 0.001 -1 0 135.131 485 14,14 0.001 0 -1 13,13 0.001 -1 0 12,12 0.001 -1 0 11.0867 155 ::f,0,3 f,0,12 f,15,0 f,15,15 
269:2,1 0.001 0 -1 3,2 0.001 0 -1 1,2 0.001 0 1 168.117 545 1,13 0.001 1 0 1,14 0.001 -1 1 2,13 0.001 -1 0 180.048 545 15,1 0.001 0 -1 13,2 0.001 1 1 13,1 0.001 -1 0 155.131 515 14,13 0.001 0 -1 13,13 0.001 -1 0 12,12 0.001 -1 0 11.0877 155 ::f,0,3 f,0,12 f,14,2 f,15,15 
270:2,1 0.001 -1 -1 3,1 0.001 0 -1 1,2 0.001 0 1 168.118 545 1,13 0.001 1 -1 1,14 0.001 -1 1 2,13 0.001 -1 0 180.048 545 15,1 0.001 -1 -1 13,2 0.001 1 0 13,1 0.001 -1 1 155.131 515 14,13 0.001 0 -1 13,13 0.001 -1 1 12,12 0.001 -1 0 11.0877 155 ::f,0,3 f,0,12 f,14,2 f,15,15 
271:2,1 0.001 -1 -1 3,1 0.001 0 -1 1,2 0.001 1 1 168.118 545 1,13 0.001 1 -1 1,14 0.001 0 1 2,13 0.001 -1 0 180.048 545 14,0 0.001 -1 -1 13,2 0.001 1 0 13,1 0.001 -1 1 155.132 515 14,13 0.001 -1 -1 13,13 0.001 -1 1 12,12 0.001 -1 0 11.0877 155 ::f,0,3 f,0,12 f,14,2 f,15,15 
272:2,1 0.001 -1 0 3,1 0.001 -1 -1 1,2 0.001 1 1 168.118 545 1,13 0.001 0 -1 1,14 0.001 0 1 2,13 0.001 -1 1 180.048 545 14,0 0.001 -1 -1 13,2 0.001 1 0 13,1 0.001 0 1 165.132 530 14,13 0.001 -1 -1 13,13 0.001 0 1 12,12 0.001 -1 0 11.0877 155 ::f,0,3 f,0,12 f,15,2 f,15,15 
273:1,1 0.001 -1 0 2,0 0.001 -1 -1 1,2 0.001 1 0 168.12 545 1,13 0.001 0 -1 1,14 0.001 1 1 2,13 0.001 -1 1 180.048 545 14,0 0.001 -1 0 14,2 0.001 1 0 13,2 0.001 0 1 165.134 530 14,13 0.001 -1 0 13,14 0.001 0 1 12,12 0.001 -1 0 11.0887 155 ::f,0,3 f,0,12 f,15,2 f,15,15 
274:1,1 0.001 -1 0 2,0 0.001 -1 -1 2,2 0.001 1 0 168.121 545 1,13 0.001 -1 -1 1,14 0.001 1 1 2,13 0.001 0 1 180.048 545 13,0 0.001 -1 0 14,2 0.001 1 0 13,2 0.001 0 1 175.135 545 13,13 0.001 -1 0 13,14 0.001 0 1 12,12 0.001 -1 0 11.0897 155 ::f,0,3 f,0,12 f,15,0 f,15,15 
275:1,1 0.001 -1 1 2,0 0.001 -1 0 2,2 0.001 1 0 168.121 545 1,13 0.001 -1 -1 1,14 0.001 1 0 2,13 0.001 0 1 195.049 575 13,0 0.001 -1 0 14,2 0.001 1 -1 13,2 0.001 1 1 175.135 545 13,13 0.001 -1 0 13,14 0.001 1 1 12,12 0.001 -1 0 11.0897 155 ::f,0,3 f,3,15 f,15,0 f,15,15 
276:1,1 0.001 -1 1 1,0 0.001 -1 0 2,2 0.001 1 -1 168.122 545 1,13 0.001 -1 0 2,14 0.001 1 0 2,13 0.001 1 1 195.05 575 13,0 0.001 -1 1 14,2 0.001 1 -1 13,2 0.001 1 1 175.135 545 13,13 0.001 -1 1 13,14 0.001 1 1 12,12 0.001 -1 0 11.0897 155 ::f,0,3 f,3,15 f,15,0 f,15,15 
277:1,1 0.001 0 1 1,0 0.001 -1 0 2,2 0.001 1 -1 168.122 545 1,13 0.001 -1 0 2,14 0.001 1 0 2,13 0.001 1 1 195.05 575 12,1 0.001 -1 1 14,2 0.001 0 -1 13,2 0.001 1 0 175.136 545 13,13 0.001 -1 1 13,14 0.001 1 0 12,12 0.001 -1 0 11.0897 155 ::f,0,3 f,3,15 f,15,0 f,15,15 
278:1,2 0.001 0 1 1,0 0.001 -1 1 2,2 0.001 0 -1 168.123 545 1,13 0.001 -1 1 2,14 0.001 1 -1 2,13 0.001 1 0 195.05 575 12,1 0.001 -1 1 14,1 0.001 0 -1 14,2 0.001 1 0 175.138 545 13,13 0.001 0 1 14,14 0.001 1 0 12,12 0.001 -1 0 11.0907 155 ::f,0,3 f,3,15 f,15,0 f,15,15 
279:1,2 0.001 0 1 0,1 0.001 -1 1 2,1 0.001 0 -1 168.125 545 1,13 0.001 -1 1 2,14 0.001 1 -1 2,13 0.001 1 0 195.05 575 12,1 0.001 0 1 14,1 0.001 0 -1 14,2 0.001 1 0 175.138 545 13,14 0.001 0 1 14,14 0.001 1 0 12,12 0.001 -1 0 11.0917 155 ::f,0,3 f,3,15 f,15,0 f,15,15 
280:1,2 0.001 1 1 0,1 0.001 -1 1 2,1 0.001 0 -1 168.125 545 1,13 0.001 0 1 2,14 0.001 0 -1 2,13 0.001 1 -1 195.05 575 12,2 0.001 0 1 14,1 0.001 -1 -1 14,2 0.001 1 -1 175.139 545 13,14 0.001 0 1 14,14 0.001 1 -1 12,12 0.001 -1 0 11.0917 155 ::f,0,3 f,3,15 f,15,0 f,15,15 
281:1,2 0.001 1 1 0,1 0.001 0 1 2,1 0.001 -1 -1 168.125 545 1,14 0.001 0 1 2,14 0.001 0 -1 2,13 0.001 1 -1 195.051 575 12,2 0.001 0 1 14,1 0.001 -1 -1 14,2 0.001 1 -1 175.139 545 13,14 0.001 1 1 14,14 0.001 1 -1 12,12 0.001 -1 0 11.0917 155 ::f,0,3 f,3,15 f,15,0 f,15,15 
282:1,2 0.001 1 0 0,2 0.001 0 1 2,1 0.001 -1 -1 168.126 545 1,14 0.001 0 1 2,14 0.001 0 -1 2,13 0.001 0 -1 195.051 575 12,2 0.001 1 1 14,1 0.001 -1 0 14,2 0.001 0 -1 175.139 545 13,14 0.001 1 1 14,14 0.001 0 -1 12,12 0.001 -1 0 11.0917 155 ::f,0,3 f,3,15 f,15,0 f,15,15 
283:2,2 0.001 1 0 0,2 0.001 0 1 2,1 0.001 -1 0 178.127 560 1,14 0.001 1 1 2,14 0.001 -1 -1 2,13 0.001 0 -1 195.051 575 13,3 0.001 1 1 13,1 0.001 -1 0 14,1 0.001 0 -1 175.142 545 13,14 0.001 1 0 14,13 0.001 0 -1 12,12 0.001 -1 0 11.0927 155 ::f,0,0 f,3,15 f,15,0 f,15,15 
284:2,2 0.001 1 0 0,2 0.001 1 1 1,1 0.001 -1 0 178.128 560 1,14 0.001 1 1 2,14 0.001 -1 -1 2,13 0.001 -1 -1 195.051 575 13,3 0.001 1 1 13,1 0.001 -1 0 14,1 0.001 0 -1 175.142 545 14,14 0.001 1 0 14,13 0.001 0 -1 12,12 0.001 -1 0 11.0937 155 ::f,0,0 f,3,15 f,15,0 f,15,15 
285:2,2 0.001 1 -1 1,3 0.001 1 1 1,1 0.001 -1 0 178.129 560 1,14 0.001 1 0 2,14 0.001 -1 0 2,13 0.001 -1 -1 195.051 575 13,3 0.001 1 0 13,1 0.001 -1 1 14,1 0.001 -1 -1 175.142 545 14,14 0.001 1 0 14,13 0.001 -1 -1 12,12 0.001 -1 0 11.0937 155 ::f,0,0 f,3,15 f,15,0 f,15,15 
286:2,2 0.001 1 -1 1,3 0.001 1 1 1,1 0.001 -1 1 178.129 560 1,14 0.001 1 0 2,14 0.001 -1 0 2,13 0.001 -1 0 195.051 575 14,3 0.001 1 0 13,1 0.001 -1 1 14,1 0.001 -1 -1 175.143 545 14,14 0.001 1 -1 14,13 0.001 -1 -1 12,12 0.001 -1 0 11.0937 155 ::f,0,0 f,3,15 f,15,0 f,15,15 
287:2,2 0.001 0 -1 1,3 0.001 1 0 1,1 0.001 -1 1 178.129 560 1,14 0.001 1 0 2,14 0.001 -1 1 1,13 0.001 -1 0 195.052 575 14,3 0.001 1 0 13,1 0.001 0 1 14,1 0.001 -1 0 175.143 545 14,14 0.001 1 -1 14,13 0.001 -1 0 12,12 0.001 -1 0 11.0937 155 ::f,0,0 f,3,15 f,15,0 f,15,15 
288:2,1 0.001 0 -1 2,3 0.001 1 0 1,1 0.001 0 1 178.131 560 1,14 0.001 1 -1 2,14 0.001 -1 1 1,13 0.001 -1 0 195.052 575 14,3 0.001 1 -1 13,2 0.001 0 1 13,1 0.001 -1 0 175.145 545 14,14 0.001 0 -1 13,13 0.001 -1 0 12,12 0.001 -1 0 11.0947 155 ::f,0,0 f,3,15 f,15,0 f,15,15 
289:2,1 0.001 0 -1 2,3 0.001 1 0 1,2 0.001 0 1 178.132 560 1,14 0.001 1 -1 2,14 0.001 0 1 1,13 0.001 -1 1 195.052 575 15,2 0.001 1 -1 13,2 0.001 0 1 13,1 0.001 -1 0 175.146 545 14,13 0.001 0 -1 13,13 0.001 -1 0 12,12 0.001 -1 0 11.0957 155 ::f,0,0 f,3,15 f,15,0 f,15,15 
290:2,1 0.001 -1 -1 2,3 0.001 1 -1 1,2 0.001 0 1 178.132 560 1,14 0.001 0 -1 2,14 0.001 0 1 1,13 0.001 -1 1 195.052 575 15,2 0.001 1 -1 13,2 0.001 1 1 13,1 0.001 -1 1 175.146 545 14,13 0.001 0 -1 13,13 0.001 -1 1 12,12 0.001 -1 0 11.0957 155 ::f,0,0 f,3,15 f,15,0 f,15,15 
291:2,1 0.001 -1 -1 3,2 0.001 1 -1 1,2 0.001 1 1 178.133 560 1,14 0.001 0 -1 2,14 0.001 1 1 1,13 0.001 0 1 195.052 575 15,2 0.001 0 -1 13,2 0.001 1 1 13,1 0.001 -1 1 175.146 545 14,13 0.001 -1 -1 13,13 0.001 -1 1 12,12 0.001 -1 0 11.0957 155 ::f,0,0 f,3,15 f,15,0 f,15,15 
292:2,1 0.001 -1 0 3,2 0.001 1 -1 1,2 0.001 1 1 178.133 560 1,14 0.001 -1 -1 2,14 0.001 1 1 1,13 0.001 0 1 205.052 590 15,1 0.001 0 -1 13,2 0.001 1 0 13,1 0.001 0 1 175.147 545 14,13 0.001 -1 -1 13,13 0.001 0 1 12,12 0.001 -1 0 11.0957 155 ::f,0,0 f,0,14 f,15,0 f,15,15 
293:1,1 0.001 -1 0 3,2 0.001 0 -1 1,2 0.001 1 0 178.134 560 1,14 0.001 -1 -1 2,14 0.001 1 0 1,13 0.001 0 1 205.052 590 15,1 0.001 0 -1 14,2 0.001 1 0 13,2 0.001 0 1 185.149 560 14,13 0.001 -1 0 13,14 0.001 0 1 12,12 0.001 -1 0 11.0967 155 ::f,0,0 f,0,14 f,15,2 f,15,15 
294:1,1 0.001 -1 0 3,1 0.001 0 -1 2,2 0.001 1 0 178.136 560 1,14 0.001 -1 0 2,14 0.001 1 0 1,13 0.001 1 1 205.052 590 15,1 0.001 -1 -1 14,2 0.001 1 0 13,2 0.001 0 1 195.15 575 13,13 0.001 -1 0 13,14 0.001 0 1 12,12 0.001 -1 0 11.0977 155 ::f,0,0 f,0,14 f,15,2 f,15,15 
295:1,1 0.001 -1 1 3,1 0.001 0 -1 2,2 0.001 1 0 178.136 560 1,14 0.001 -1 0 2,14 0.001 1 -1 1,13 0.001 1 1 215.052 605 14,0 0.001 -1 -1 14,2 0.001 1 -1 13,2 0.001 1 1 195.151 575 13,13 0.001 -1 0 13,14 0.001 1 1 12,12 0.001 -1 0 11.0977 155 ::f,0,0 f,1,12 f,15,2 f,15,15 
296:1,1 0.001 -1 1 3,1 0.001 -1 -1 2,2 0.001 1 -1 178.136 560 1,14 0.001 -1 1 2,14 0.001 1 -1 1,13 0.001 1 0 215.052 605 14,0 0.001 -1 -1 14,2 0.001 1 -1 13,2 0.001 1 1 195.151 575 13,13 0.001 -1 1 13,14 0.001 1 1 12,12 0.001 -1 0 11.0977 155 ::f,0,0 f,1,12 f,15,2 f,15,15 
297:1,1 0.001 0 1 2,0 0.001 -1 -1 2,2 0.001 1 -1 178.137 560 1,14 0.001 -1 1 2,14 0.001 0 -1 1,13 0.001 1 0 215.052 605 14,0 0.001 -1 0 14,2 0.001 0 -1 13,2 0.001 1 0 195.151 575 13,13 0.001 -1 1 13,14 0.001 1 0 12,12 0.001 -1 0 11.0977 155 ::f,0,0 f,1,12 f,15,2 f,15,15 
298:1,2 0.001 0 1 2,0 0.001 -1 -1 2,2 0.001 0 -1 178.138 560 1,14 0.001 0 1 2,13 0.001 0 -1 1,13 0.001 1 -1 215.053 605 13,0 0.001 -1 0 14,1 0.001 0 -1 14,2 0.001 1 0 195.154 575 13,13 0.001 0 1 14,14 0.001 1 0 12,12 0.001 -1 0 11.0987 155 ::f,0,0 f,1,12 f,15,2 f,15,15 
299:1,2 0.001 0 1 2,0 0.001 -1 0 2,1 0.001 0 -1 178.139 560 1,14 0.001 0 1 2,13 0.001 0 -1 1,13 0.001 1 -1 215.053 605 13,0 0.001 -1 0 14,1 0.001 0 -1 14,2 0.001 1 0 201.154 590 13,14 0.001 0 1 14,14 0.001 1 0 12,12 0.001 -1 0 11.0997 155 ::f,0,0 f,1,12 f,13,3 f,15,15 
