16
0:0,3 0.001 -1 -1 2,3 0.003 -1 1 1,1 0.002 -1 -1 0.001 50 0,15 0.001 1 0 1,15 0.003 -1 1 0,12 0.003 1 -1 0 50 15,1 0.001 1 1 15,0 0.003 1 1 13,3 0.002 -1 -1 0 50 13,14 0.001 -1 -1 12,15 0.003 -1 -1 12,13 0.002 -1 -1 0 50 ::f,0,1 f,2,13 f,12,2 f,14,13 
1:0,3 0.001 -1 0 2,3 0.001 -1 1 1,1 0.002 -1 -1 0.001 50 0,15 0.001 1 -1 1,15 0.003 0 1 0,12 0.003 0 -1 0 50 15,1 0.001 1 0 15,0 0.003 1 0 13,3 0.002 -1 0 0 50 13,14 0.001 -1 0 12,15 0.003 -1 0 12,13 0.002 -1 0 0 50 ::f,0,1 f,2,13 f,12,2 f,14,13 
2:0,3 0.001 -1 1 2,3 0.001 0 1 1,1 0.002 -1 0 0.001 50 0,15 0.001 0 -1 1,15 0.003 1 1 0,12 0.003 -1 -1 0 50 15,1 0.001 1 -1 15,0 0.003 1 -1 13,3 0.002 -1 1 0 50 12,14 0.001 -1 0 12,15 0.003 -1 1 12,13 0.002 -1 1 0.001 50 ::f,0,1 f,2,13 f,12,2 f,14,13 
3:0,3 0.001 0 1 2,3 0.001 0 1 1,1 0.002 -1 1 0.001 50 0,14 0.001 0 -1 1,15 0.003 1 0 0,12 0.003 -1 0 0.001 50 15,1 0.001 0 -1 15,0 0.003 0 -1 13,3 0.002 0 1 0 50 12,14 0.001 -1 0 12,15 0.003 0 1 12,13 0.002 0 1 0.001 50 ::f,0,1 f,2,13 f,12,2 f,14,13 
4:0,3 0.001 1 1 2,3 0.001 1 1 1,1 0.002 0 1 0.001 50 0,13 0.001 0 -1 1,15 0.003 1 0 0,12 0.003 -1 1 0.002 50 15,1 0.001 0 -1 15,0 0.003 -1 -1 13,3 0.002 1 1 0 50 12,14 0.001 -1 1 12,15 0.003 1 1 12,13 0.002 0 1 0.001 50 ::f,0,1 f,2,13 f,12,2 f,14,13 
5:0,3 0.001 1 0 2,3 0.001 1 0 1,1 0.002 1 1 0.001 50 0,13 0.001 0 -1 1,15 0.003 1 -1 0,12 0.003 0 1 0.002 50 15,1 0.001 0 -1 15,0 0.003 -1 0 13,3 0.002 1 0 0 50 12,14 0.001 0 1 12,15 0.003 1 0 12,13 0.001 0 1 0.001 50 ::f,0,1 f,2,13 f,12,2 f,14,13 
6:1,3 0.001 1 0 2,3 0.001 1 -1 1,1 0.002 1 0 0.002 50 0,13 0.001 0 -1 1,15 0.003 0 -1 0,12 0.003 0 1 0.002 50 15,1 0.001 -1 -1 14,0 0.003 -1 0 14,3 0.002 1 0 0.002 50 12,14 0.001 0 1 13,15 0.003 1 0 12,13 0.001 0 1 0.002 50 ::f,0,1 f,2,13 f,12,2 f,14,13 
7:1,3 0.001 1 0 2,3 0.001 0 -1 1,1 0.002 1 -1 0.002 50 0,13 0.001 -1 -1 1,15 0.003 -1 -1 0,12 0.001 0 1 0.002 50 15,1 0.001 -1 0 14,0 0.001 -1 0 15,3 0.002 1 0 0.003 50 12,15 0.001 0 1 14,15 0.003 1 0 12,14 0.001 0 1 0.005 50 ::f,0,1 f,2,13 f,12,2 f,14,13 
8:1,3 0.001 1 0 2,2 0.001 0 -1 1,1 0.002 0 -1 0.003 50 0,13 0.001 -1 0 1,15 0.003 -1 0 0,12 0.001 0 1 0.002 50 14,1 0.001 -1 0 14,0 0.001 -1 0 15,3 0.001 1 0 0.004 50 12,15 0.001 0 1 15,15 0.003 1 0 12,14 0.001 0 1 0.006 50 ::f,0,1 f,2,13 f,12,2 f,14,13 
9:2,3 0.001 1 0 2,2 0.001 0 -1 1,1 0.002 -1 -1 0.004 50 0,13 0.001 -1 1 1,15 0.003 -1 1 0,12 0.001 0 1 0.002 50 13,1 0.001 -1 0 14,0 0.001 -1 0 15,3 0.001 1 -1 0.005 50 12,15 0.001 1 1 15,15 0.001 1 0 12,14 0.001 0 1 0.006 50 ::f,0,1 f,2,13 f,12,2 f,14,13 
10:3,3 0.001 1 0 2,1 0.001 0 -1 1,1 0.002 -1 0 0.006 50 0,13 0.001 0 1 1,15 0.003 0 1 0,12 0.001 0 1 0.002 50 12,1 0.001 -1 0 14,0 0.001 -1 0 15,3 0.001 0 -1 0.006 50 12,15 0.001 1 0 15,15 0.001 1 -1 12,14 0.001 0 1 0.006 50 ::f,0,1 f,2,13 f,12,2 f,14,13 
11:3,3 0.001 1 0 2,1 0.001 0 -1 1,1 0.002 -1 1 0.006 50 0,14 0.001 0 1 1,15 0.003 1 1 0,13 0.001 0 1 0.004 50 12,1 0.001 -1 0 14,0 0.001 -1 0 15,2 0.001 0 -1 0.007 50 13,15 0.001 1 0 15,15 0.001 0 -1 12,15 0.001 0 1 0.008 50 ::f,0,1 f,2,13 f,12,2 f,14,13 
12:3,3 0.001 1 -1 2,1 0.001 -1 -1 1,1 0.002 0 1 0.006 50 0,15 0.001 0 1 1,15 0.003 1 0 0,13 0.001 0 1 0.005 50 12,1 0.001 -1 1 14,0 0.001 -1 0 15,1 0.001 0 -1 0.008 50 14,15 0.001 1 0 15,14 0.001 0 -1 12,15 0.001 0 1 0.01 50 ::f,0,1 f,2,13 f,12,2 f,14,13 
13:3,3 0.001 0 -1 2,1 0.001 -1 0 1,1 0.002 1 1 0.006 50 0,15 0.001 0 1 1,15 0.003 1 0 0,13 0.001 0 1 0.005 50 12,1 0.001 0 1 14,0 0.001 -1 0 15,0 0.001 0 -1 0.009 50 15,15 0.001 1 0 15,13 0.001 0 -1 12,15 0.001 1 1 0.012 50 ::f,0,1 f,2,13 f,12,2 f,14,13 
14:3,2 0.001 0 -1 2,1 0.001 -1 0 1,1 0.002 1 0 0.007 50 0,15 0.001 1 1 1,15 0.003 1 -1 0,13 0.001 0 1 0.005 50 12,1 0.001 0 1 14,0 0.001 -1 0 15,0 0.001 0 -1 0.009 50 15,15 0.001 1 0 15,12 0.001 0 -1 12,15 0.001 1 0 0.013 50 ::f,0,1 f,2,13 f,12,2 f,14,13 
15:3,1 0.001 0 -1 2,1 0.001 -1 0 1,1 0.002 1 -1 0.008 50 0,15 0.001 1 0 1,15 0.003 0 -1 0,13 0.001 0 1 0.005 50 12,1 0.001 0 1 14,0 0.001 -1 0 15,0 0.001 -1 -1 0.0091 65 15,15 0.001 1 -1 15,12 0.001 0 -1 13,15 0.001 1 0 0.014 50 ::f,0,1 f,2,13 f,13,2 f,14,13 
16:3,0 0.001 0 -1 2,1 0.001 -1 0 1,1 0.002 0 -1 0.009 50 0,15 0.001 1 0 1,15 0.003 -1 -1 0,13 0.001 0 1 0.005 50 12,2 0.001 0 1 14,0 0.001 -1 0 15,0 0.001 -1 0 0.0101 65 15,15 0.001 0 -1 15,12 0.001 -1 -1 14,15 0.001 1 0 0.015 50 ::f,0,1 f,2,13 f,13,2 f,14,13 
17:3,0 0.001 0 -1 2,1 0.001 -1 0 1,1 0.002 -1 -1 0.009 50 0,15 0.001 1 0 1,15 0.003 -1 0 0,13 0.001 0 1 0.005 50 12,3 0.001 0 1 14,0 0.001 -1 0 15,0 0.001 -1 0 0.0111 65 15,14 0.001 0 -1 15,12 0.001 -1 0 15,15 0.001 1 0 0.017 50 ::f,0,1 f,2,13 f,13,2 f,14,13 
18:3,0 0.001 -1 -1 2,1 0.001 -1 0 1,1 0.002 -1 0 0.009 50 0,15 0.001 1 -1 1,15 0.003 -1 1 0,13 0.001 0 1 0.005 50 12,3 0.001 0 1 14,0 0.001 -1 0 15,0 0.001 -1 0 0.0111 65 15,13 0.001 0 -1 14,12 0.001 -1 0 15,15 0.001 1 0 0.019 50 ::f,0,1 f,2,13 f,13,2 f,14,13 
19:3,0 0.001 -1 0 2,1 0.001 -1 0 1,1 0.002 -1 1 0.009 50 1,14 0.001 1 -1 1,15 0.003 0 1 0,13 0.001 0 1 0.006 50 12,3 0.001 1 1 14,0 0.001 -1 0 15,0 0.001 -1 1 0.0111 65 15,12 0.001 0 -1 13,12 0.001 -1 0 15,15 0.001 1 -1 0.021 50 ::f,0,1 f,2,13 f,13,2 f,14,13 
20:2,0 0.001 -1 0 2,1 0.001 -1 0 1,1 0.002 0 1 0.01 50 1,14 0.001 1 -1 1,15 0.003 1 1 0,13 0.001 0 1 0.0061 65 12,3 0.001 1 0 14,0 0.001 -1 0 14,1 0.001 -1 1 0.0121 65 15,12 0.001 0 -1 12,12 0.001 -1 0 15,15 0.001 0 -1 0.022 50 ::f,0,1 f,3,15 f,13,2 f,14,13 
21:1,0 0.001 -1 0 2,1 0.001 -1 0 1,1 0.002 1 1 0.011 50 2,13 0.001 1 -1 1,15 0.003 1 0 0,13 0.001 0 1 0.0071 65 13,3 0.001 1 0 14,0 0.001 -1 0 14,1 0.001 -1 1 0.0132 80 15,12 0.001 -1 -1 12,12 0.001 -1 0 15,14 0.001 0 -1 0.023 50 ::f,0,1 f,3,15 f,14,2 f,14,13 
22:0,0 0.001 -1 0 2,1 0.001 -1 0 1,1 0.002 1 0 0.012 50 3,12 0.001 1 -1 1,15 0.003 1 0 0,13 0.001 0 1 0.0081 65 14,3 0.001 1 0 14,0 0.001 -1 0 13,2 0.001 -1 1 0.0152 80 15,12 0.001 -1 0 12,12 0.001 -1 1 15,13 0.001 0 -1 0.024 50 ::f,0,1 f,3,15 f,14,2 f,14,13 
23:0,0 0.001 -1 0 2,1 0.001 -1 0 1,1 0.002 1 -1 0.012 50 3,12 0.001 1 -1 1,15 0.003 1 -1 0,13 0.001 0 1 0.0081 65 15,3 0.001 1 0 14,0 0.001 -1 0 12,3 0.001 -1 1 0.0172 80 14,12 0.001 -1 0 12,12 0.001 0 1 15,12 0.001 0 -1 0.026 50 ::f,0,1 f,3,15 f,14,2 f,14,13 
24:0,0 0.001 -1 1 2,1 0.001 -1 0 1,1 0.002 0 -1 0.012 50 3,12 0.001 0 -1 1,15 0.003 0 -1 0,13 0.001 0 1 0.0081 65 15,3 0.001 1 0 14,0 0.001 -1 0 12,3 0.001 -1 1 0.0172 80 13,12 0.001 -1 0 12,13 0.001 0 1 15,12 0.001 0 -1 0.028 50 ::f,0,1 f,3,15 f,14,2 f,14,13 
25:0,0 0.001 0 1 2,1 0.001 -1 0 1,1 0.002 -1 -1 0.012 50 3,12 0.001 -1 -1 1,15 0.003 -1 -1 0,13 0.001 0 1 0.0081 65 15,3 0.001 1 -1 14,0 0.001 -1 0 12,3 0.001 0 1 0.0172 80 12,12 0.001 -1 0 12,14 0.001 0 1 15,12 0.001 -1 -1 0.03 50 ::f,0,1 f,3,15 f,14,2 f,14,13 
26:0,0 0.001 0 1 2,1 0.001 -1 0 1,1 0.002 -1 0 0.012 50 3,12 0.001 -1 0 1,15 0.003 -1 0 0,13 0.001 0 1 0.0081 65 15,3 0.001 0 -1 14,0 0.001 -1 0 12,3 0.001 1 1 0.0172 80 12,12 0.001 -1 0 12,15 0.001 0 1 15,12 0.001 -1 0 0.031 50 ::f,0,1 f,3,15 f,14,2 f,14,13 
27:0,0 0.001 0 1 2,1 0.001 -1 0 1,1 0.002 -1 1 0.0121 65 2,12 0.001 -1 0 1,15 0.003 -1 1 0,13 0.001 0 1 0.0091 65 15,2 0.001 0 -1 14,0 0.001 -1 0 12,3 0.001 1 0 0.0182 80 12,12 0.001 -1 1 12,15 0.001 0 1 14,12 0.001 -1 0 0.032 50 ::f,3,3 f,3,15 f,14,2 f,14,13 
28:0,1 0.001 0 1 2,1 0.001 -1 0 1,1 0.002 0 1 0.0131 65 1,12 0.001 -1 0 1,15 0.003 0 1 0,13 0.001 0 1 0.0101 65 15,1 0.001 0 -1 14,0 0.001 -1 0 13,3 0.001 1 0 0.0202 80 12,12 0.001 0 1 12,15 0.001 1 1 13,12 0.001 -1 0 0.033 50 ::f,3,3 f,3,15 f,14,2 f,14,13 
29:0,2 0.001 0 1 2,1 0.001 -1 0 1,1 0.002 1 1 0.0141 65 0,12 0.001 -1 0 1,15 0.003 1 1 0,13 0.001 0 1 0.0111 65 15,0 0.001 0 -1 14,0 0.001 -1 0 14,3 0.001 1 0 0.0222 80 12,13 0.001 0 1 12,15 0.001 1 0 12,12 0.001 -1 0 0.035 50 ::f,3,3 f,3,15 f,14,2 f,14,13 
30:0,3 0.001 0 1 2,1 0.001 -1 0 1,1 0.002 1 0 0.0151 65 0,12 0.001 -1 0 1,15 0.003 1 0 0,13 0.001 0 1 0.0111 65 15,0 0.001 0 -1 14,0 0.001 -1 0 15,3 0.001 1 0 0.0232 80 12,14 0.001 0 1 13,15 0.001 1 0 12,12 0.001 -1 0 0.037 50 ::f,3,3 f,3,15 f,14,2 f,14,13 
31:0,3 0.001 0 1 2,1 0.001 -1 0 1,1 0.002 1 -1 0.0151 65 0,12 0.001 -1 1 1,15 0.003 1 0 0,13 0.001 0 1 0.0111 65 15,0 0.001 -1 -1 14,0 0.001 -1 0 15,3 0.001 1 0 0.0232 80 12,15 0.001 0 1 14,15 0.001 1 0 12,12 0.001 -1 1 0.039 50 ::f,3,3 f,3,15 f,14,2 f,14,13 
32:0,3 0.001 1 1 2,1 0.001 -1 0 1,1 0.002 0 -1 0.0151 65 0,12 0.001 0 1 1,15 0.003 1 -1 0,13 0.001 0 1 0.0111 65 15,0 0.001 -1 0 14,0 0.001 -1 0 15,3 0.001 1 -1 0.0232 80 12,15 0.001 0 1 15,15 0.001 1 0 12,12 0.001 0 1 0.04 50 ::f,3,3 f,3,15 f,14,2 f,14,13 
33:0,3 0.001 1 0 2,1 0.001 -1 0 1,1 0.002 -1 -1 0.0151 65 0,12 0.001 0 1 1,15 0.003 0 -1 0,13 0.001 0 1 0.0111 65 15,0 0.001 -1 0 14,0 0.001 -1 0 15,3 0.001 0 -1 0.0232 80 12,15 0.001 1 1 15,15 0.001 1 0 12,13 0.001 0 1 0.041 50 ::f,3,3 f,3,15 f,14,2 f,14,13 
34:1,3 0.001 1 0 2,1 0.001 -1 0 1,1 0.002 -1 0 0.0161 65 0,12 0.001 0 1 1,15 0.003 -1 -1 0,13 0.001 0 1 0.0111 65 15,0 0.001 -1 0 14,0 0.001 -1 0 15,2 0.001 0 -1 0.0242 80 12,15 0.001 1 0 15,15 0.001 1 -1 12,14 0.001 0 1 0.042 50 ::f,3,3 f,3,15 f,14,2 f,14,13 
35:2,3 0.001 1 0 2,1 0.001 -1 0 1,1 0.002 -1 1 0.0171 65 0,12 0.001 1 1 1,15 0.003 -1 0 0,13 0.001 0 1 0.0111 65 15,0 0.001 -1 1 14,0 0.001 -1 0 15,1 0.001 0 -1 0.0252 80 13,15 0.001 1 0 15,15 0.001 0 -1 12,15 0.001 0 1 0.044 50 ::f,3,3 f,3,15 f,14,2 f,14,13 
36:2,3 0.001 1 0 2,1 0.001 -1 0 1,1 0.002 0 1 1.0172 80 1,13 0.001 1 1 1,15 0.003 -1 1 0,13 0.001 0 1 0.0121 65 14,1 0.001 -1 1 14,0 0.001 -1 0 15,0 0.001 0 -1 0.0272 80 14,15 0.001 1 0 15,14 0.001 0 -1 12,15 0.001 0 1 0.046 50 ::f,3,3 f,3,15 f,14,2 f,14,13 
37:2,3 0.001 1 0 2,1 0.001 -1 0 1,1 0.002 1 1 3.0173 95 2,14 0.001 1 1 1,15 0.003 0 1 0,13 0.001 0 1 0.0131 65 13,2 0.001 -1 1 14,0 0.001 -1 0 15,0 0.001 0 -1 0.0282 80 15,15 0.001 1 0 15,13 0.001 0 -1 12,15 0.001 1 1 0.048 50 ::f,3,1 f,3,15 f,14,2 f,14,13 
38:3,3 0.001 1 0 2,1 0.001 -1 0 1,1 0.002 1 0 3.0183 95 2,14 0.001 1 1 1,15 0.003 1 1 0,13 0.001 0 1 1.0132 80 12,3 0.001 -1 1 14,0 0.001 -1 0 15,0 0.001 -1 -1 0.0292 80 15,15 0.001 1 0 15,12 0.001 0 -1 12,15 0.001 1 0 0.049 50 ::f,1,14 f,3,1 f,14,2 f,14,13 
39:3,3 0.001 1 0 2,1 0.001 -1 0 1,1 0.002 1 -1 3.0183 95 3,15 0.001 1 1 1,15 0.001 1 1 0,13 0.001 0 1 1.0142 80 12,3 0.001 -1 1 14,0 0.001 -1 0 15,0 0.001 -1 0 0.0292 80 15,15 0.001 1 -1 15,12 0.001 0 -1 13,15 0.001 1 0 0.05 50 ::f,1,14 f,3,1 f,14,2 f,14,13 
40:3,3 0.001 1 -1 2,1 0.001 -1 0 1,1 0.002 0 -1 3.0183 95 3,15 0.001 1 1 1,15 0.001 1 0 0,13 0.001 0 1 1.0142 80 12,3 0.001 0 1 14,0 0.001 -1 0 15,0 0.001 -1 0 0.0292 80 15,15 0.001 0 -1 15,12 0.001 -1 -1 14,15 0.001 1 0 0.051 50 ::f,1,14 f,3,1 f,14,2 f,14,13 
41:3,3 0.001 0 -1 2,1 0.001 -1 0 1,1 0.002 -1 -1 3.0183 95 3,15 0.001 1 0 1,15 0.001 1 0 0,13 0.001 0 1 1.0142 80 12,3 0.001 1 1 14,0 0.001 -1 0 15,0 0.001 -1 0 0.0292 80 15,14 0.001 0 -1 15,12 0.001 -1 0 15,15 0.001 1 0 0.053 50 ::f,1,14 f,3,1 f,14,2 f,14,13 
42:3,2 0.001 0 -1 2,1 0.001 -1 0 1,1 0.002 -1 0 3.0193 95 3,15 0.001 1 -1 1,15 0.001 1 -1 0,13 0.001 0 1 1.0142 80 12,3 0.001 1 0 14,0 0.001 -1 0 15,0 0.001 -1 1 0.0292 80 15,13 0.001 0 -1 14,12 0.001 -1 0 15,15 0.001 1 0 0.055 50 ::f,1,14 f,3,1 f,14,2 f,14,13 
43:3,2 0.001 0 -1 2,1 0.001 -1 0 1,1 0.002 -1 1 6.0194 110 3,15 0.001 0 -1 1,15 0.001 0 -1 0,13 0.001 0 1 1.0142 80 13,3 0.001 1 0 14,0 0.001 -1 0 14,1 0.001 -1 1 0.0312 80 15,12 0.001 0 -1 13,12 0.001 -1 0 15,15 0.001 1 -1 0.057 50 ::f,0,0 f,1,14 f,14,2 f,14,13 
44:3,1 0.001 0 -1 2,1 0.001 -1 0 1,1 0.002 0 1 6.0204 110 3,14 0.001 0 -1 1,15 0.001 -1 -1 0,13 0.001 0 1 1.0152 80 14,3 0.001 1 0 14,0 0.001 -1 0 13,2 0.001 -1 1 0.0332 80 15,12 0.001 0 -1 12,12 0.001 -1 0 15,15 0.001 0 -1 0.058 50 ::f,0,0 f,1,14 f,14,2 f,14,13 
45:3,0 0.001 0 -1 2,1 0.001 -1 0 1,1 0.002 1 1 6.0214 110 3,13 0.001 0 -1 1,15 0.001 -1 0 0,13 0.001 0 1 1.0162 80 15,3 0.001 1 0 14,0 0.001 -1 0 12,3 0.001 -1 1 0.0352 80 15,12 0.001 -1 -1 12,12 0.001 -1 0 15,14 0.001 0 -1 0.059 50 ::f,0,0 f,1,14 f,14,2 f,14,13 
46:3,0 0.001 0 -1 2,1 0.001 -1 0 1,1 0.002 1 0 6.0214 110 3,12 0.001 0 -1 1,15 0.001 -1 1 0,13 0.001 0 1 1.0172 80 15,3 0.001 1 0 14,0 0.001 -1 0 12,3 0.001 -1 1 0.0352 80 15,12 0.001 -1 0 12,12 0.001 -1 1 15,13 0.001 0 -1 0.06 50 ::f,0,0 f,1,14 f,14,2 f,14,13 
47:3,0 0.001 -1 -1 2,1 0.001 -1 0 1,1 0.002 1 -1 6.0214 110 3,12 0.001 0 -1 1,15 0.001 0 1 0,13 0.001 0 1 1.0172 80 15,3 0.001 1 -1 14,0 0.001 -1 0 12,3 0.001 0 1 0.0352 80 14,12 0.001 -1 0 12,12 0.001 0 1 15,12 0.001 0 -1 0.062 50 ::f,0,0 f,1,14 f,14,2 f,14,13 
48:3,0 0.001 -1 0 2,1 0.001 -1 0 1,1 0.002 0 -1 6.0214 110 3,12 0.001 -1 -1 1,15 0.001 1 1 0,13 0.001 0 1 1.0172 80 15,3 0.001 0 -1 14,0 0.001 -1 0 12,3 0.001 1 1 0.0352 80 13,12 0.001 -1 0 12,13 0.001 0 1 15,12 0.001 0 -1 0.064 50 ::f,0,0 f,1,14 f,14,2 f,14,13 
49:2,0 0.001 -1 0 2,1 0.001 -1 0 1,1 0.002 -1 -1 6.0224 110 3,12 0.001 -1 0 1,15 0.001 1 0 0,13 0.001 0 1 1.0172 80 15,2 0.001 0 -1 14,0 0.001 -1 0 12,3 0.001 1 0 0.0362 80 12,12 0.001 -1 0 12,14 0.001 0 1 15,12 0.001 -1 -1 0.066 50 ::f,0,0 f,1,14 f,14,2 f,14,13 
50:1,0 0.001 -1 0 2,1 0.001 -1 0 1,1 0.002 -1 0 6.0234 110 2,12 0.001 -1 0 1,15 0.001 1 0 0,13 0.001 0 1 1.0182 80 15,1 0.001 0 -1 14,0 0.001 -1 0 13,3 0.001 1 0 0.0382 80 12,12 0.001 -1 0 12,15 0.001 0 1 15,12 0.001 -1 0 0.067 50 ::f,0,0 f,1,14 f,14,2 f,14,13 
51:1,0 0.001 -1 0 2,1 0.001 -1 0 1,1 0.002 -1 1 10.0235 125 1,12 0.001 -1 0 1,15 0.001 1 -1 0,13 0.001 0 1 1.0192 80 15,0 0.001 0 -1 14,0 0.001 -1 0 14,3 0.001 1 0 0.0402 80 12,12 0.001 -1 1 12,15 0.001 0 1 14,12 0.001 -1 0 0.068 50 ::f,0,2 f,1,14 f,14,2 f,14,13 
52:0,0 0.001 -1 0 2,1 0.001 -1 0 1,1 0.002 0 1 10.0245 125 0,12 0.001 -1 0 1,15 0.001 0 -1 0,13 0.001 0 1 1.0202 80 15,0 0.001 0 -1 14,0 0.001 -1 0 15,3 0.001 1 0 0.0412 80 12,12 0.001 0 1 12,15 0.001 1 1 13,12 0.001 -1 0 0.069 50 ::f,0,2 f,1,14 f,14,2 f,14,13 
53:0,0 0.001 -1 0 2,1 0.001 -1 0 1,1 0.002 1 1 10.0245 125 0,12 0.001 -1 0 1,15 0.001 -1 -1 0,13 0.001 0 1 1.0202 80 15,0 0.001 -1 -1 14,0 0.001 -1 0 15,3 0.001 1 0 0.0412 80 12,13 0.001 0 1 12,15 0.001 1 0 12,12 0.001 -1 0 0.071 50 ::f,0,2 f,1,14 f,14,2 f,14,13 
54:0,0 0.001 -1 1 2,1 0.001 -1 0 1,1 0.002 1 0 10.0245 125 0,12 0.001 -1 1 1,15 0.001 -1 0 0,13 0.001 0 1 1.0202 80 15,0 0.001 -1 0 14,0 0.001 -1 0 15,3 0.001 1 -1 0.0412 80 12,14 0.001 0 1 13,15 0.001 1 0 12,12 0.001 -1 0 0.073 50 ::f,0,2 f,1,14 f,14,2 f,14,13 
55:0,0 0.001 0 1 2,1 0.001 -1 0 1,1 0.002 1 -1 10.0245 125 0,12 0.001 0 1 1,15 0.001 -1 1 0,13 0.001 0 1 1.0202 80 15,0 0.001 -1 0 14,0 0.001 -1 0 15,3 0.001 0 -1 0.0412 80 12,15 0.001 0 1 14,15 0.001 1 0 12,12 0.001 -1 1 0.075 50 ::f,0,2 f,1,14 f,14,2 f,14,13 
56:0,1 0.001 0 1 2,1 0.001 -1 0 1,1 0.002 0 -1 10.0255 125 0,12 0.001 0 1 1,15 0.001 0 1 0,13 0.001 0 1 1.0202 80 15,0 0.001 -1 0 14,0 0.001 -1 0 15,2 0.001 0 -1 0.0422 80 12,15 0.001 0 1 15,15 0.001 1 0 12,12 0.001 0 1 0.076 50 ::f,0,2 f,1,14 f,14,2 f,14,13 
57:0,1 0.001 0 1 2,1 0.001 -1 0 1,1 0.002 -1 -1 15.0256 140 0,12 0.001 0 1 1,15 0.001 1 1 0,13 0.001 0 1 1.0202 80 15,0 0.001 -1 1 14,0 0.001 -1 0 15,1 0.001 0 -1 0.0432 80 12,15 0.001 1 1 15,15 0.001 1 0 12,13 0.001 0 1 0.077 50 ::f,1,14 f,2,0 f,14,2 f,14,13 
58:0,2 0.001 0 1 2,1 0.001 -1 0 1,1 0.002 -1 0 15.0266 140 0,12 0.001 1 1 1,15 0.001 1 0 0,13 0.001 0 1 1.0202 80 14,1 0.001 -1 1 14,0 0.001 -1 0 15,0 0.001 0 -1 0.0452 80 12,15 0.001 1 0 15,15 0.001 1 -1 12,14 0.001 0 1 0.078 50 ::f,1,14 f,2,0 f,14,2 f,14,13 
59:0,3 0.001 0 1 2,1 0.001 -1 0 1,1 0.002 -1 1 15.0276 140 1,13 0.001 1 1 1,15 0.001 1 0 0,13 0.001 0 1 1.0212 80 13,2 0.001 -1 1 14,0 0.001 -1 0 15,0 0.001 0 -1 0.0462 80 13,15 0.001 1 0 15,15 0.001 0 -1 12,15 0.001 0 1 0.08 50 ::f,1,14 f,2,0 f,14,2 f,14,13 
60:0,3 0.001 0 1 2,1 0.001 -1 0 1,1 0.002 0 1 15.0276 140 2,14 0.001 1 1 1,15 0.001 1 -1 0,13 0.001 0 1 1.0222 80 12,3 0.001 -1 1 14,0 0.001 -1 0 15,0 0.001 -1 -1 0.0472 80 14,15 0.001 1 0 15,14 0.001 0 -1 12,15 0.001 0 1 0.082 50 ::f,1,14 f,2,0 f,14,2 f,14,13 
61:0,3 0.001 1 1 2,1 0.001 -1 0 1,1 0.002 1 1 15.0276 140 3,15 0.001 1 1 1,15 0.001 0 -1 0,13 0.001 0 1 1.0232 80 12,3 0.001 -1 1 14,0 0.001 -1 0 15,0 0.001 -1 0 0.0472 80 15,15 0.001 1 0 15,13 0.001 0 -1 12,15 0.001 1 1 0.084 50 ::f,1,14 f,2,0 f,14,2 f,14,13 
62:0,3 0.001 1 0 2,1 0.001 -1 0 1,1 0.002 1 0 15.0276 140 3,15 0.001 1 1 1,15 0.001 -1 -1 0,13 0.001 0 1 1.0232 80 12,3 0.001 0 1 14,0 0.001 -1 0 15,0 0.001 -1 0 0.0472 80 15,15 0.001 1 0 15,12 0.001 0 -1 12,15 0.001 1 0 0.085 50 ::f,1,14 f,2,0 f,14,2 f,14,13 
63:1,3 0.001 1 0 2,1 0.001 -1 0 1,1 0.002 1 -1 15.0286 140 3,15 0.001 1 0 1,15 0.001 -1 0 0,13 0.001 0 1 1.0232 80 12,3 0.001 1 1 14,0 0.001 -1 0 15,0 0.001 -1 0 0.0472 80 15,15 0.001 1 -1 15,12 0.001 0 -1 13,15 0.001 1 0 0.086 50 ::f,1,14 f,2,0 f,14,2 f,14,13 
64:2,3 0.001 1 0 2,1 0.001 -1 0 1,1 0.002 0 -1 15.0296 140 3,15 0.001 1 -1 1,15 0.001 -1 1 0,13 0.001 0 1 1.0232 80 12,3 0.001 1 0 14,0 0.001 -1 0 15,0 0.001 -1 1 0.0472 80 15,15 0.001 0 -1 15,12 0.001 -1 -1 14,15 0.001 1 0 0.087 50 ::f,1,14 f,2,0 f,14,2 f,14,13 
65:3,3 0.001 1 0 2,1 0.001 -1 0 1,1 0.002 -1 -1 15.0306 140 3,15 0.001 0 -1 1,15 0.001 0 1 0,13 0.001 0 1 1.0232 80 13,3 0.001 1 0 14,0 0.001 -1 0 14,1 0.001 -1 1 0.0492 80 15,14 0.001 0 -1 15,12 0.001 -1 0 15,15 0.001 1 0 0.089 50 ::f,1,14 f,2,0 f,14,2 f,14,13 
66:3,3 0.001 1 0 2,1 0.001 -1 0 1,1 0.002 -1 0 15.0306 140 3,14 0.001 0 -1 1,15 0.001 1 1 0,13 0.001 0 1 1.0242 80 14,3 0.001 1 0 14,0 0.001 -1 0 13,2 0.001 -1 1 0.0512 80 15,13 0.001 0 -1 14,12 0.001 -1 0 15,15 0.001 1 0 0.091 50 ::f,1,14 f,2,0 f,14,2 f,14,13 
67:3,3 0.001 1 -1 2,1 0.001 -1 0 1,1 0.002 -1 1 15.0306 140 3,13 0.001 0 -1 1,15 0.001 1 0 0,13 0.001 0 1 1.0252 80 15,3 0.001 1 0 14,0 0.001 -1 0 12,3 0.001 -1 1 0.0532 80 15,12 0.001 0 -1 13,12 0.001 -1 0 15,15 0.001 1 -1 0.093 50 ::f,1,14 f,2,0 f,14,2 f,14,13 
68:3,3 0.001 0 -1 2,1 0.001 -1 0 1,1 0.002 0 1 15.0306 140 3,12 0.001 0 -1 1,15 0.001 1 0 0,13 0.001 0 1 1.0262 80 15,3 0.001 1 0 14,0 0.001 -1 0 12,3 0.001 -1 1 0.0532 80 15,12 0.001 0 -1 12,12 0.001 -1 0 15,15 0.001 0 -1 0.094 50 ::f,1,14 f,2,0 f,14,2 f,14,13 
69:3,2 0.001 0 -1 2,1 0.001 -1 0 1,1 0.002 1 1 15.0316 140 3,12 0.001 0 -1 1,15 0.001 1 -1 0,13 0.001 0 1 1.0262 80 15,3 0.001 1 -1 14,0 0.001 -1 0 12,3 0.001 0 1 0.0532 80 15,12 0.001 -1 -1 12,12 0.001 -1 0 15,14 0.001 0 -1 0.095 50 ::f,1,14 f,2,0 f,14,2 f,14,13 
70:3,1 0.001 0 -1 2,1 0.001 -1 0 1,1 0.002 1 0 15.0326 140 3,12 0.001 -1 -1 1,15 0.001 0 -1 0,13 0.001 0 1 1.0262 80 15,3 0.001 0 -1 14,0 0.001 -1 0 12,3 0.001 1 1 0.0532 80 15,12 0.001 -1 0 12,12 0.001 -1 1 15,13 0.001 0 -1 0.096 50 ::f,1,14 f,2,0 f,14,2 f,14,13 
71:3,0 0.001 0 -1 2,1 0.001 -1 0 1,1 0.002 1 -1 15.0336 140 3,12 0.001 -1 0 1,15 0.001 -1 -1 0,13 0.001 0 1 1.0262 80 15,2 0.001 0 -1 14,0 0.001 -1 0 12,3 0.001 1 0 0.0542 80 14,12 0.001 -1 0 12,12 0.001 0 1 15,12 0.001 0 -1 0.098 50 ::f,1,14 f,2,0 f,14,2 f,14,13 
72:3,0 0.001 0 -1 2,1 0.001 -1 0 1,1 0.002 0 -1 15.0336 140 2,12 0.001 -1 0 1,15 0.001 -1 0 0,13 0.001 0 1 1.0272 80 15,1 0.001 0 -1 14,0 0.001 -1 0 13,3 0.001 1 0 0.0562 80 13,12 0.001 -1 0 12,13 0.001 0 1 15,12 0.001 0 -1 0.1 50 ::f,1,14 f,2,0 f,14,2 f,14,13 
73:3,0 0.001 -1 -1 2,1 0.001 -1 0 1,1 0.002 -1 -1 15.0336 140 1,12 0.001 -1 0 1,15 0.001 -1 1 0,13 0.001 0 1 1.0282 80 15,0 0.001 0 -1 14,0 0.001 -1 0 14,3 0.001 1 0 0.0582 80 12,12 0.001 -1 0 12,14 0.001 0 1 15,12 0.001 -1 -1 0.102 50 ::f,1,14 f,2,0 f,14,2 f,14,13 
74:3,0 0.001 -1 0 2,1 0.001 -1 0 1,1 0.002 -1 0 15.0336 140 0,12 0.001 -1 0 1,15 0.001 0 1 0,13 0.001 0 1 1.0292 80 15,0 0.001 0 -1 14,0 0.001 -1 0 15,3 0.001 1 0 0.0592 80 12,12 0.001 -1 0 12,15 0.001 0 1 15,12 0.001 -1 0 0.103 50 ::f,1,14 f,2,0 f,14,2 f,14,13 
75:3,0 0.001 -1 0 2,1 0.001 -1 0 1,1 0.002 -1 1 15.0336 140 0,12 0.001 -1 0 1,15 0.001 1 1 0,13 0.001 0 1 1.0292 80 15,0 0.001 -1 -1 14,0 0.001 -1 0 15,3 0.001 1 0 0.0592 80 12,12 0.001 -1 1 12,15 0.001 0 1 14,12 0.001 -1 0 0.104 50 ::f,1,14 f,2,0 f,14,2 f,14,13 
76:3,0 0.001 -1 0 2,1 0.001 -1 0 1,1 0.002 0 1 21.0337 155 0,12 0.001 -1 1 1,15 0.001 1 0 0,13 0.001 0 1 1.0292 80 15,0 0.001 -1 0 14,0 0.001 -1 0 15,3 0.001 1 -1 0.0592 80 12,12 0.001 0 1 12,15 0.001 1 1 13,12 0.001 -1 0 0.105 50 ::f,1,14 f,3,2 f,14,2 f,14,13 
77:2,0 0.001 -1 0 2,1 0.001 -1 0 1,1 0.002 1 1 21.0347 155 0,12 0.001 0 1 1,15 0.001 1 0 0,13 0.001 0 1 1.0292 80 15,0 0.001 -1 0 14,0 0.001 -1 0 15,3 0.001 0 -1 0.0592 80 12,13 0.001 0 1 12,15 0.001 1 0 12,12 0.001 -1 0 0.107 50 ::f,1,14 f,3,2 f,14,2 f,14,13 
78:1,0 0.001 -1 0 2,1 0.001 -1 0 1,1 0.002 1 0 21.0357 155 0,12 0.001 0 1 1,15 0.001 1 -1 0,13 0.001 0 1 1.0292 80 15,0 0.001 -1 0 14,0 0.001 -1 0 15,2 0.001 0 -1 0.0602 80 12,14 0.001 0 1 13,15 0.001 1 0 12,12 0.001 -1 0 0.109 50 ::f,1,14 f,3,2 f,14,2 f,14,13 
79:0,0 0.001 -1 0 2,1 0.001 -1 0 1,1 0.002 1 -1 21.0367 155 0,12 0.001 0 1 1,15 0.001 0 -1 0,13 0.001 0 1 1.0292 80 15,0 0.001 -1 1 14,0 0.001 -1 0 15,1 0.001 0 -1 0.0612 80 12,15 0.001 0 1 14,15 0.001 1 0 12,12 0.001 -1 1 0.111 50 ::f,1,14 f,3,2 f,14,2 f,14,13 
80:0,0 0.001 -1 0 2,1 0.001 -1 0 1,1 0.002 0 -1 21.0367 155 0,12 0.001 1 1 1,15 0.001 -1 -1 0,13 0.001 0 1 1.0292 80 14,1 0.001 -1 1 14,0 0.001 -1 0 15,0 0.001 0 -1 0.0632 80 12,15 0.001 0 1 15,15 0.001 1 0 12,12 0.001 0 1 0.112 50 ::f,1,14 f,3,2 f,14,2 f,14,13 
81:0,0 0.001 -1 1 2,1 0.001 -1 0 1,1 0.002 -1 -1 21.0367 155 1,13 0.001 1 1 1,15 0.001 -1 0 0,13 0.001 0 1 1.0302 80 13,2 0.001 -1 1 14,0 0.001 -1 0 15,0 0.001 0 -1 0.0642 80 12,15 0.001 1 1 15,15 0.001 1 0 12,13 0.001 0 1 0.113 50 ::f,1,14 f,3,2 f,14,2 f,14,13 
82:0,0 0.001 0 1 2,1 0.001 -1 0 1,1 0.002 -1 0 21.0367 155 2,14 0.001 1 1 1,15 0.001 -1 1 0,13 0.001 0 1 1.0312 80 12,3 0.001 -1 1 14,0 0.001 -1 0 15,0 0.001 -1 -1 0.0652 80 12,15 0.001 1 0 15,15 0.001 1 -1 12,14 0.001 0 1 0.114 50 ::f,1,14 f,3,2 f,14,2 f,14,13 
83:0,1 0.001 0 1 2,1 0.001 -1 0 1,1 0.002 -1 1 21.0377 155 3,15 0.001 1 1 1,15 0.001 0 1 0,13 0.001 0 1 1.0322 80 12,3 0.001 -1 1 14,0 0.001 -1 0 15,0 0.001 -1 0 0.0652 80 13,15 0.001 1 0 15,15 0.001 0 -1 12,15 0.001 0 1 0.116 50 ::f,1,14 f,3,2 f,14,2 f,14,13 
84:0,2 0.001 0 1 2,1 0.001 -1 0 1,1 0.002 0 1 21.0387 155 3,15 0.001 1 1 1,15 0.001 1 1 0,13 0.001 0 1 1.0322 80 12,3 0.001 0 1 14,0 0.001 -1 0 15,0 0.001 -1 0 0.0652 80 14,15 0.001 1 0 15,14 0.001 0 -1 12,15 0.001 0 1 0.118 50 ::f,1,14 f,3,2 f,14,2 f,14,13 
85:0,3 0.001 0 1 2,1 0.001 -1 0 1,1 0.002 1 1 21.0397 155 3,15 0.001 1 0 1,15 0.001 1 0 0,13 0.001 0 1 1.0322 80 12,3 0.001 1 1 14,0 0.001 -1 0 15,0 0.001 -1 0 0.0652 80 15,15 0.001 1 0 15,13 0.001 0 -1 12,15 0.001 1 1 0.12 50 ::f,1,14 f,3,2 f,14,2 f,14,13 
86:0,3 0.001 0 1 2,1 0.001 -1 0 1,1 0.002 1 0 21.0397 155 3,15 0.001 1 -1 1,15 0.001 1 0 0,13 0.001 0 1 1.0322 80 12,3 0.001 1 0 14,0 0.001 -1 0 15,0 0.001 -1 1 0.0652 80 15,15 0.001 1 0 15,12 0.001 0 -1 12,15 0.001 1 0 0.121 50 ::f,1,14 f,3,2 f,14,2 f,14,13 
87:0,3 0.001 1 1 2,1 0.001 -1 0 1,1 0.002 1 -1 21.0397 155 3,15 0.001 0 -1 1,15 0.001 1 -1 0,13 0.001 0 1 1.0322 80 13,3 0.001 1 0 14,0 0.001 -1 0 14,1 0.001 -1 1 0.0672 80 15,15 0.001 1 -1 15,12 0.001 0 -1 13,15 0.001 1 0 0.122 50 ::f,1,14 f,3,2 f,14,2 f,14,13 
88:0,3 0.001 1 0 2,1 0.001 -1 0 1,1 0.002 0 -1 21.0397 155 3,14 0.001 0 -1 1,15 0.001 0 -1 0,13 0.001 0 1 1.0332 80 14,3 0.001 1 0 14,0 0.001 -1 0 13,2 0.001 -1 1 0.0692 80 15,15 0.001 0 -1 15,12 0.001 -1 -1 14,15 0.001 1 0 0.123 50 ::f,1,14 f,3,2 f,14,2 f,14,13 
89:1,3 0.001 1 0 2,1 0.001 -1 0 1,1 0.002 -1 -1 21.0407 155 3,13 0.001 0 -1 1,15 0.001 -1 -1 0,13 0.001 0 1 1.0342 80 15,3 0.001 1 0 14,0 0.001 -1 0 12,3 0.001 -1 1 0.0712 80 15,14 0.001 0 -1 15,12 0.001 -1 0 15,15 0.001 1 0 0.125 50 ::f,1,14 f,3,2 f,14,2 f,14,13 
90:2,3 0.001 1 0 2,1 0.001 -1 0 1,1 0.002 -1 0 21.0417 155 3,12 0.001 0 -1 1,15 0.001 -1 0 0,13 0.001 0 1 1.0352 80 15,3 0.001 1 0 14,0 0.001 -1 0 12,3 0.001 -1 1 0.0712 80 15,13 0.001 0 -1 14,12 0.001 -1 0 15,15 0.001 1 0 0.127 50 ::f,1,14 f,3,2 f,14,2 f,14,13 
91:3,3 0.001 1 0 2,1 0.001 -1 0 1,1 0.002 -1 1 21.0427 155 3,12 0.001 0 -1 1,15 0.001 -1 1 0,13 0.001 0 1 1.0352 80 15,3 0.001 1 -1 14,0 0.001 -1 0 12,3 0.001 0 1 0.0712 80 15,12 0.001 0 -1 13,12 0.001 -1 0 15,15 0.001 1 -1 0.129 50 ::f,1,14 f,3,2 f,14,2 f,14,13 
92:3,3 0.001 1 0 2,1 0.001 -1 0 1,1 0.002 0 1 21.0427 155 3,12 0.001 -1 -1 1,15 0.001 0 1 0,13 0.001 0 1 1.0352 80 15,3 0.001 0 -1 14,0 0.001 -1 0 12,3 0.001 1 1 0.0712 80 15,12 0.001 0 -1 12,12 0.001 -1 0 15,15 0.001 0 -1 0.13 50 ::f,1,14 f,3,2 f,14,2 f,14,13 
93:3,3 0.001 1 -1 2,1 0.001 -1 0 1,1 0.002 1 1 21.0427 155 3,12 0.001 -1 0 1,15 0.001 1 1 0,13 0.001 0 1 1.0352 80 15,2 0.001 0 -1 14,0 0.001 -1 0 12,3 0.001 1 0 0.0722 80 15,12 0.001 -1 -1 12,12 0.001 -1 0 15,14 0.001 0 -1 0.131 50 ::f,1,14 f,3,2 f,14,2 f,14,13 
94:3,3 0.001 0 -1 2,1 0.001 -1 0 1,1 0.002 1 0 21.0427 155 2,12 0.001 -1 0 1,15 0.001 1 1 0,13 0.001 0 1 1.0362 80 15,1 0.001 0 -1 14,0 0.001 -1 0 13,3 0.001 1 0 0.0742 80 15,12 0.001 -1 0 12,12 0.001 -1 1 15,13 0.001 0 -1 0.132 50 ::f,1,14 f,3,2 f,14,2 f,14,13 
95:3,3 0.001 0 -1 2,1 0.001 -1 0 1,1 0.002 1 -1 21.0427 155 1,12 0.001 -1 0 1,15 0.001 1 0 0,13 0.001 0 1 1.0372 80 15,0 0.001 0 -1 14,0 0.001 -1 0 14,3 0.001 1 0 0.0762 80 14,12 0.001 -1 0 12,12 0.001 0 1 15,12 0.001 0 -1 0.134 50 ::f,1,14 f,3,2 f,14,2 f,14,13 
96:3,3 0.001 0 -1 2,1 0.001 -1 0 1,1 0.002 0 -1 28.0428 170 0,12 0.001 -1 0 1,15 0.001 1 0 0,13 0.001 0 1 1.0382 80 15,0 0.001 0 -1 14,0 0.001 -1 0 15,3 0.001 1 0 0.0772 80 13,12 0.001 -1 0 12,13 0.001 0 1 15,12 0.001 0 -1 0.136 50 ::f,1,14 f,3,2 f,14,2 f,14,13 
97:3,3 0.001 0 -1 2,1 0.001 -1 0 1,1 0.002 -1 -1 36.0429 185 0,12 0.001 -1 0 1,15 0.001 1 -1 0,13 0.001 0 1 1.0382 80 15,0 0.001 -1 -1 14,0 0.001 -1 0 15,3 0.001 1 0 0.0772 80 12,12 0.001 -1 0 12,14 0.001 0 1 15,12 0.001 -1 -1 0.138 50 ::f,0,1 f,1,14 f,14,2 f,14,13 
98:3,2 0.001 0 -1 2,1 0.001 -1 0 1,1 0.002 -1 0 36.0439 185 0,12 0.001 -1 1 1,15 0.001 0 -1 0,13 0.001 0 1 1.0382 80 15,0 0.001 -1 0 14,0 0.001 -1 0 15,3 0.001 1 -1 0.0772 80 12,12 0.001 -1 0 12,15 0.001 0 1 15,12 0.001 -1 0 0.139 50 ::f,0,1 f,1,14 f,14,2 f,14,13 
99:3,1 0.001 0 -1 2,1 0.001 -1 0 1,1 0.002 -1 1 36.0449 185 0,12 0.001 0 1 1,15 0.001 -1 -1 0,13 0.001 0 1 1.0382 80 15,0 0.001 -1 0 14,0 0.001 -1 0 15,3 0.001 0 -1 0.0772 80 12,12 0.001 -1 1 12,15 0.001 0 1 14,12 0.001 -1 0 0.14 50 ::f,0,1 f,1,14 f,14,2 f,14,13 
100:3,0 0.001 0 -1 2,1 0.001 -1 0 1,1 0.002 0 1 36.0459 185 0,12 0.001 0 1 1,15 0.001 -1 0 0,13 0.001 0 1 1.0382 80 15,0 0.001 -1 0 14,0 0.001 -1 0 15,2 0.001 0 -1 0.0782 80 12,12 0.001 0 1 12,15 0.001 1 1 13,12 0.001 -1 0 0.141 50 ::f,0,1 f,1,14 f,14,2 f,14,13 
101:3,0 0.001 0 -1 2,1 0.001 -1 0 1,1 0.002 1 1 36.0459 185 0,12 0.001 0 1 1,15 0.001 -1 1 0,13 0.001 0 1 1.0382 80 15,0 0.001 -1 1 14,0 0.001 -1 0 15,1 0.001 0 -1 0.0792 80 12,13 0.001 0 1 12,15 0.001 1 0 12,12 0.001 -1 0 0.143 50 ::f,0,1 f,1,14 f,14,2 f,14,13 
102:3,0 0.001 -1 -1 2,1 0.001 -1 0 1,1 0.002 1 0 36.0459 185 0,12 0.001 1 1 1,15 0.001 0 1 0,13 0.001 0 1 1.0382 80 14,1 0.001 -1 1 14,0 0.001 -1 0 15,0 0.001 0 -1 0.0812 80 12,14 0.001 0 1 13,15 0.001 1 0 12,12 0.001 -1 0 0.145 50 ::f,0,1 f,1,14 f,14,2 f,14,13 
103:3,0 0.001 -1 0 2,1 0.001 -1 0 1,1 0.002 1 -1 36.0459 185 1,13 0.001 1 1 1,15 0.001 1 1 0,13 0.001 0 1 1.0392 80 13,2 0.001 -1 1 14,0 0.001 -1 0 15,0 0.001 0 -1 0.0822 80 12,15 0.001 0 1 14,15 0.001 1 0 12,12 0.001 -1 1 0.147 50 ::f,0,1 f,1,14 f,14,2 f,14,13 
104:2,0 0.001 -1 0 2,1 0.001 -1 0 1,1 0.002 0 -1 36.0469 185 2,14 0.001 1 1 1,15 0.001 1 0 0,13 0.001 0 1 1.0402 80 12,3 0.001 -1 1 14,0 0.001 -1 0 15,0 0.001 -1 -1 0.0832 80 12,15 0.001 0 1 15,15 0.001 1 0 12,12 0.001 0 1 0.148 50 ::f,0,1 f,1,14 f,14,2 f,14,13 
105:1,0 0.001 -1 0 2,1 0.001 -1 0 1,1 0.002 -1 -1 36.0479 185 3,15 0.001 1 1 1,15 0.001 1 0 0,13 0.001 0 1 1.0412 80 12,3 0.001 -1 1 14,0 0.001 -1 0 15,0 0.001 -1 0 0.0832 80 12,15 0.001 1 1 15,15 0.001 1 0 12,13 0.001 0 1 0.149 50 ::f,0,1 f,1,14 f,14,2 f,14,13 
106:0,0 0.001 -1 0 2,1 0.001 -1 0 1,1 0.002 -1 0 36.0489 185 3,15 0.001 1 1 1,15 0.001 1 -1 0,13 0.001 0 1 1.0412 80 12,3 0.001 0 1 14,0 0.001 -1 0 15,0 0.001 -1 0 0.0832 80 12,15 0.001 1 0 15,15 0.001 1 -1 12,14 0.001 0 1 0.15 50 ::f,0,1 f,1,14 f,14,2 f,14,13 
107:0,0 0.001 -1 0 2,1 0.001 -1 0 1,1 0.002 -1 1 36.0489 185 3,15 0.001 1 0 1,15 0.001 0 -1 0,13 0.001 0 1 1.0412 80 12,3 0.001 1 1 14,0 0.001 -1 0 15,0 0.001 -1 0 0.0832 80 13,15 0.001 1 0 15,15 0.001 0 -1 12,15 0.001 0 1 0.152 50 ::f,0,1 f,1,14 f,14,2 f,14,13 
108:0,0 0.001 -1 1 2,1 0.001 -1 0 1,1 0.002 0 1 36.0489 185 3,15 0.001 1 -1 1,15 0.001 -1 -1 0,13 0.001 0 1 1.0412 80 12,3 0.001 1 0 14,0 0.001 -1 0 15,0 0.001 -1 1 0.0832 80 14,15 0.001 1 0 15,14 0.001 0 -1 12,15 0.001 0 1 0.154 50 ::f,0,1 f,1,14 f,14,2 f,14,13 
109:0,0 0.001 0 1 2,1 0.001 -1 0 1,1 0.002 1 1 36.0489 185 3,15 0.001 0 -1 1,15 0.001 -1 0 0,13 0.001 0 1 1.0412 80 13,3 0.001 1 0 14,0 0.001 -1 0 14,1 0.001 -1 1 0.0852 80 15,15 0.001 1 0 15,13 0.001 0 -1 12,15 0.001 1 1 0.156 50 ::f,0,1 f,1,14 f,14,2 f,14,13 
110:0,0 0.001 0 1 2,1 0.001 -1 0 1,1 0.002 1 0 36.0489 185 3,14 0.001 0 -1 1,15 0.001 -1 1 0,13 0.001 0 1 1.0422 80 14,3 0.001 1 0 14,0 0.001 -1 0 13,2 0.001 -1 1 0.0872 80 15,15 0.001 1 0 15,12 0.001 0 -1 12,15 0.001 1 0 0.157 50 ::f,0,1 f,1,14 f,14,2 f,14,13 
111:0,0 0.001 0 1 2,1 0.001 -1 0 1,1 0.002 1 -1 45.049 200 3,13 0.001 0 -1 1,15 0.001 0 1 0,13 0.001 0 1 1.0432 80 15,3 0.001 1 0 14,0 0.001 -1 0 12,3 0.001 -1 1 0.0892 80 15,15 0.001 1 -1 15,12 0.001 0 -1 13,15 0.001 1 0 0.158 50 ::f,1,14 f,3,3 f,14,2 f,14,13 
112:0,1 0.001 0 1 2,1 0.001 -1 0 1,1 0.002 0 -1 45.05 200 3,12 0.001 0 -1 1,15 0.001 1 1 0,13 0.001 0 1 1.0442 80 15,3 0.001 1 0 14,0 0.001 -1 0 12,3 0.001 -1 1 0.0892 80 15,15 0.001 0 -1 15,12 0.001 -1 -1 14,15 0.001 1 0 0.159 50 ::f,1,14 f,3,3 f,14,2 f,14,13 
113:0,2 0.001 0 1 2,1 0.001 -1 0 1,1 0.002 -1 -1 45.051 200 3,12 0.001 0 -1 1,15 0.001 1 0 0,13 0.001 0 1 1.0442 80 15,3 0.001 1 -1 14,0 0.001 -1 0 12,3 0.001 0 1 0.0892 80 15,14 0.001 0 -1 15,12 0.001 -1 0 15,15 0.001 1 0 0.161 50 ::f,1,14 f,3,3 f,14,2 f,14,13 
114:0,3 0.001 0 1 2,1 0.001 -1 0 1,1 0.002 -1 0 45.052 200 3,12 0.001 -1 -1 1,15 0.001 1 0 0,13 0.001 0 1 1.0442 80 15,3 0.001 0 -1 14,0 0.001 -1 0 12,3 0.001 1 1 0.0892 80 15,13 0.001 0 -1 14,12 0.001 -1 0 15,15 0.001 1 0 0.163 50 ::f,1,14 f,3,3 f,14,2 f,14,13 
115:0,3 0.001 0 1 2,1 0.001 -1 0 1,1 0.002 -1 1 45.052 200 3,12 0.001 -1 0 1,15 0.001 1 -1 0,13 0.001 0 1 1.0442 80 15,2 0.001 0 -1 14,0 0.001 -1 0 12,3 0.001 1 0 0.0902 80 15,12 0.001 0 -1 13,12 0.001 -1 0 15,15 0.001 1 -1 0.165 50 ::f,1,14 f,3,3 f,14,2 f,14,13 
116:0,3 0.001 1 1 2,1 0.001 -1 0 1,1 0.002 0 1 45.052 200 2,12 0.001 -1 0 1,15 0.001 0 -1 0,13 0.001 0 1 1.0452 80 15,1 0.001 0 -1 14,0 0.001 -1 0 13,3 0.001 1 0 0.0922 80 15,12 0.001 0 -1 12,12 0.001 -1 0 15,15 0.001 0 -1 0.166 50 ::f,1,14 f,3,3 f,14,2 f,14,13 
117:0,3 0.001 1 0 2,1 0.001 -1 0 1,1 0.002 1 1 45.052 200 1,12 0.001 -1 0 1,15 0.001 -1 -1 0,13 0.001 0 1 1.0462 80 15,0 0.001 0 -1 14,0 0.001 -1 0 14,3 0.001 1 0 0.0942 80 15,12 0.001 -1 -1 12,12 0.001 -1 0 15,14 0.001 0 -1 0.167 50 ::f,1,14 f,3,3 f,14,2 f,14,13 
118:1,3 0.001 1 0 2,1 0.001 -1 0 1,1 0.002 1 0 45.053 200 0,12 0.001 -1 0 1,15 0.001 -1 0 0,13 0.001 0 1 1.0472 80 15,0 0.001 0 -1 14,0 0.001 -1 0 15,3 0.001 1 0 0.0952 80 15,12 0.001 -1 0 12,12 0.001 -1 1 15,13 0.001 0 -1 0.168 50 ::f,1,14 f,3,3 f,14,2 f,14,13 
119:2,3 0.001 1 0 2,1 0.001 -1 0 1,1 0.002 1 -1 45.054 200 0,12 0.001 -1 0 1,15 0.001 -1 1 0,13 0.001 0 1 1.0472 80 15,0 0.001 -1 -1 14,0 0.001 -1 0 15,3 0.001 1 0 0.0952 80 14,12 0.001 -1 0 12,12 0.001 0 1 15,12 0.001 0 -1 0.17 50 ::f,1,14 f,3,3 f,14,2 f,14,13 
120:2,3 0.001 1 0 2,1 0.001 -1 0 1,1 0.002 0 -1 55.0541 215 0,12 0.001 -1 1 1,15 0.001 0 1 0,13 0.001 0 1 1.0472 80 15,0 0.001 -1 0 14,0 0.001 -1 0 15,3 0.001 1 -1 0.0952 80 13,12 0.001 -1 0 12,13 0.001 0 1 15,12 0.001 0 -1 0.172 50 ::f,1,14 f,3,2 f,14,2 f,14,13 
121:3,3 0.001 1 0 2,1 0.001 -1 0 1,1 0.002 -1 -1 55.0551 215 0,12 0.001 0 1 1,15 0.001 1 1 0,13 0.001 0 1 1.0472 80 15,0 0.001 -1 0 14,0 0.001 -1 0 15,3 0.001 0 -1 0.0952 80 12,12 0.001 -1 0 12,14 0.001 0 1 15,12 0.001 -1 -1 0.174 50 ::f,1,14 f,3,2 f,14,2 f,14,13 
122:3,3 0.001 1 0 2,1 0.001 -1 0 1,1 0.002 -1 0 55.0551 215 0,12 0.001 0 1 1,15 0.001 1 0 0,13 0.001 0 1 1.0472 80 15,0 0.001 -1 0 14,0 0.001 -1 0 15,2 0.001 0 -1 0.0962 80 12,12 0.001 -1 0 12,15 0.001 0 1 15,12 0.001 -1 0 0.175 50 ::f,1,14 f,3,2 f,14,2 f,14,13 
123:3,3 0.001 1 -1 2,1 0.001 -1 0 1,1 0.002 -1 1 55.0551 215 0,12 0.001 0 1 1,15 0.001 1 0 0,13 0.001 0 1 1.0472 80 15,0 0.001 -1 1 14,0 0.001 -1 0 15,1 0.001 0 -1 0.0972 80 12,12 0.001 -1 1 12,15 0.001 0 1 14,12 0.001 -1 0 0.176 50 ::f,1,14 f,3,2 f,14,2 f,14,13 
124:3,3 0.001 0 -1 2,1 0.001 -1 0 1,1 0.002 0 1 55.0551 215 0,12 0.001 1 1 1,15 0.001 1 -1 0,13 0.001 0 1 1.0472 80 14,1 0.001 -1 1 14,0 0.001 -1 0 15,0 0.001 0 -1 0.0992 80 12,12 0.001 0 1 12,15 0.001 1 1 13,12 0.001 -1 0 0.177 50 ::f,1,14 f,3,2 f,14,2 f,14,13 
125:3,3 0.001 0 -1 2,1 0.001 -1 0 1,1 0.002 1 1 55.0551 215 1,13 0.001 1 1 1,15 0.001 0 -1 0,13 0.001 0 1 1.0482 80 13,2 0.001 -1 1 14,0 0.001 -1 0 15,0 0.001 0 -1 0.1002 80 12,13 0.001 0 1 12,15 0.001 1 0 12,12 0.001 -1 0 0.179 50 ::f,1,14 f,3,2 f,14,2 f,14,13 
126:3,3 0.001 0 -1 2,1 0.001 -1 0 1,1 0.002 1 0 65.0552 230 2,14 0.001 1 1 1,15 0.001 -1 -1 0,13 0.001 0 1 1.0492 80 12,3 0.001 -1 1 14,0 0.001 -1 0 15,0 0.001 -1 -1 0.1012 80 12,14 0.001 0 1 13,15 0.001 1 0 12,12 0.001 -1 0 0.181 50 ::f,1,3 f,1,14 f,14,2 f,14,13 
127:3,2 0.001 0 -1 2,1 0.001 -1 0 1,1 0.002 1 -1 65.0562 230 3,15 0.001 1 1 1,15 0.001 -1 0 0,13 0.001 0 1 1.0502 80 12,3 0.001 -1 1 14,0 0.001 -1 0 15,0 0.001 -1 0 0.1012 80 12,15 0.001 0 1 14,15 0.001 1 0 12,12 0.001 -1 1 0.183 50 ::f,1,3 f,1,14 f,14,2 f,14,13 
128:3,1 0.001 0 -1 2,1 0.001 -1 0 1,1 0.002 0 -1 65.0572 230 3,15 0.001 1 1 1,15 0.001 -1 1 0,13 0.001 0 1 1.0502 80 12,3 0.001 0 1 14,0 0.001 -1 0 15,0 0.001 -1 0 0.1012 80 12,15 0.001 0 1 15,15 0.001 1 0 12,12 0.001 0 1 0.184 50 ::f,1,3 f,1,14 f,14,2 f,14,13 
129:3,0 0.001 0 -1 2,1 0.001 -1 0 1,1 0.002 -1 -1 65.0582 230 3,15 0.001 1 0 1,15 0.001 0 1 0,13 0.001 0 1 1.0502 80 12,3 0.001 1 1 14,0 0.001 -1 0 15,0 0.001 -1 0 0.1012 80 12,15 0.001 1 1 15,15 0.001 1 0 12,13 0.001 0 1 0.185 50 ::f,1,3 f,1,14 f,14,2 f,14,13 
130:3,0 0.001 0 -1 2,1 0.001 -1 0 1,1 0.002 -1 0 65.0582 230 3,15 0.001 1 -1 1,15 0.001 1 1 0,13 0.001 0 1 1.0502 80 12,3 0.001 1 0 14,0 0.001 -1 0 15,0 0.001 -1 1 0.1012 80 12,15 0.001 1 0 15,15 0.001 1 -1 12,14 0.001 0 1 0.186 50 ::f,1,3 f,1,14 f,14,2 f,14,13 
131:3,0 0.001 -1 -1 2,1 0.001 -1 0 1,1 0.002 -1 1 65.0582 230 3,15 0.001 0 -1 1,15 0.001 1 0 0,13 0.001 0 1 1.0502 80 13,3 0.001 1 0 14,0 0.001 -1 0 14,1 0.001 -1 1 0.1032 80 13,15 0.001 1 0 15,15 0.001 0 -1 12,15 0.001 0 1 0.188 50 ::f,1,3 f,1,14 f,14,2 f,14,13 
132:3,0 0.001 -1 0 2,1 0.001 -1 0 1,1 0.002 0 1 65.0582 230 3,14 0.001 0 -1 1,15 0.001 1 0 0,13 0.001 0 1 1.0512 80 14,3 0.001 1 0 14,0 0.001 -1 0 13,2 0.001 -1 1 0.1052 80 14,15 0.001 1 0 15,14 0.001 0 -1 12,15 0.001 0 1 0.19 50 ::f,1,3 f,1,14 f,14,2 f,14,13 
133:2,0 0.001 -1 0 2,1 0.001 -1 0 1,1 0.002 1 1 65.0592 230 3,13 0.001 0 -1 1,15 0.001 1 -1 0,13 0.001 0 1 1.0522 80 15,3 0.001 1 0 14,0 0.001 -1 0 12,3 0.001 -1 1 0.1072 80 15,15 0.001 1 0 15,13 0.001 0 -1 12,15 0.001 1 1 0.192 50 ::f,1,3 f,1,14 f,14,2 f,14,13 
134:1,0 0.001 -1 0 2,1 0.001 -1 0 1,1 0.002 1 0 65.0602 230 3,12 0.001 0 -1 1,15 0.001 0 -1 0,13 0.001 0 1 1.0532 80 15,3 0.001 1 0 14,0 0.001 -1 0 12,3 0.001 -1 1 0.1072 80 15,15 0.001 1 0 15,12 0.001 0 -1 12,15 0.001 1 0 0.193 50 ::f,1,3 f,1,14 f,14,2 f,14,13 
135:0,0 0.001 -1 0 2,1 0.001 -1 0 1,1 0.002 1 -1 65.0612 230 3,12 0.001 0 -1 1,15 0.001 -1 -1 0,13 0.001 0 1 1.0532 80 15,3 0.001 1 -1 14,0 0.001 -1 0 12,3 0.001 0 1 0.1072 80 15,15 0.001 1 -1 15,12 0.001 0 -1 13,15 0.001 1 0 0.194 50 ::f,1,3 f,1,14 f,14,2 f,14,13 
136:0,0 0.001 -1 0 2,1 0.001 -1 0 1,1 0.002 0 -1 65.0612 230 3,12 0.001 -1 -1 1,15 0.001 -1 0 0,13 0.001 0 1 1.0532 80 15,3 0.001 0 -1 14,0 0.001 -1 0 12,3 0.001 1 1 0.1072 80 15,15 0.001 0 -1 15,12 0.001 -1 -1 14,15 0.001 1 0 0.195 50 ::f,1,3 f,1,14 f,14,2 f,14,13 
137:0,0 0.001 -1 1 2,1 0.001 -1 0 1,1 0.002 -1 -1 65.0612 230 3,12 0.001 -1 0 1,15 0.001 -1 1 0,13 0.001 0 1 1.0532 80 15,2 0.001 0 -1 14,0 0.001 -1 0 12,3 0.001 1 0 0.1082 80 15,14 0.001 0 -1 15,12 0.001 -1 0 15,15 0.001 1 0 0.197 50 ::f,1,3 f,1,14 f,14,2 f,14,13 
138:0,0 0.001 0 1 2,1 0.001 -1 0 1,1 0.002 -1 0 65.0612 230 2,12 0.001 -1 0 1,15 0.001 0 1 0,13 0.001 0 1 1.0542 80 15,1 0.001 0 -1 14,0 0.001 -1 0 13,3 0.001 1 0 0.1102 80 15,13 0.001 0 -1 14,12 0.001 -1 0 15,15 0.001 1 0 0.199 50 ::f,1,3 f,1,14 f,14,2 f,14,13 
139:0,1 0.001 0 1 2,1 0.001 -1 0 1,1 0.002 -1 1 65.0622 230 1,12 0.001 -1 0 1,15 0.001 1 1 0,13 0.001 0 1 1.0552 80 15,0 0.001 0 -1 14,0 0.001 -1 0 14,3 0.001 1 0 0.1122 80 15,12 0.001 0 -1 13,12 0.001 -1 0 15,15 0.001 1 -1 0.201 50 ::f,1,3 f,1,14 f,14,2 f,14,13 
140:0,2 0.001 0 1 2,1 0.001 -1 0 1,1 0.002 0 1 65.0632 230 0,12 0.001 -1 0 1,15 0.001 1 0 0,13 0.001 0 1 1.0562 80 15,0 0.001 0 -1 14,0 0.001 -1 0 15,3 0.001 1 0 0.1132 80 15,12 0.001 0 -1 12,12 0.001 -1 0 15,15 0.001 0 -1 0.202 50 ::f,1,3 f,1,14 f,14,2 f,14,13 
141:0,3 0.001 0 1 2,1 0.001 -1 0 1,1 0.002 1 1 65.0642 230 0,12 0.001 -1 0 1,15 0.001 1 0 0,13 0.001 0 1 1.0562 80 15,0 0.001 -1 -1 14,0 0.001 -1 0 15,3 0.001 1 0 0.1132 80 15,12 0.001 -1 -1 12,12 0.001 -1 0 15,14 0.001 0 -1 0.203 50 ::f,1,3 f,1,14 f,14,2 f,14,13 
142:0,3 0.001 0 1 2,1 0.001 -1 0 1,1 0.002 1 0 65.0642 230 0,12 0.001 -1 1 1,15 0.001 1 -1 0,13 0.001 0 1 1.0562 80 15,0 0.001 -1 0 14,0 0.001 -1 0 15,3 0.001 1 -1 0.1132 80 15,12 0.001 -1 0 12,12 0.001 -1 1 15,13 0.001 0 -1 0.204 50 ::f,1,3 f,1,14 f,14,2 f,14,13 
143:0,3 0.001 1 1 2,1 0.001 -1 0 1,1 0.002 1 -1 65.0642 230 0,12 0.001 0 1 1,15 0.001 0 -1 0,13 0.001 0 1 1.0562 80 15,0 0.001 -1 0 14,0 0.001 -1 0 15,3 0.001 0 -1 0.1132 80 14,12 0.001 -1 0 12,12 0.001 0 1 15,12 0.001 0 -1 0.206 50 ::f,1,3 f,1,14 f,14,2 f,14,13 
144:0,3 0.001 1 0 2,1 0.001 -1 0 1,1 0.002 0 -1 65.0642 230 0,12 0.001 0 1 1,15 0.001 -1 -1 0,13 0.001 0 1 1.0562 80 15,0 0.001 -1 0 14,0 0.001 -1 0 15,2 0.001 0 -1 0.1142 80 13,12 0.001 -1 0 12,13 0.001 0 1 15,12 0.001 0 -1 0.208 50 ::f,1,3 f,1,14 f,14,2 f,14,13 
145:0,3 0.001 1 0 2,1 0.001 -1 0 1,1 0.002 -1 -1 65.0642 230 0,12 0.001 0 1 1,15 0.001 -1 0 0,13 0.001 0 1 1.0562 80 15,0 0.001 -1 1 14,0 0.001 -1 0 15,1 0.001 0 -1 0.1152 80 12,12 0.001 -1 0 12,14 0.001 0 1 15,12 0.001 -1 -1 0.21 50 ::f,1,3 f,1,14 f,14,2 f,14,13 
146:0,3 0.001 1 0 2,1 0.001 -1 0 1,1 0.002 -1 0 75.0643 245 0,12 0.001 1 1 1,15 0.001 -1 1 0,13 0.001 0 1 1.0562 80 14,1 0.001 -1 1 14,0 0.001 -1 0 15,0 0.001 0 -1 0.1172 80 12,12 0.001 -1 0 12,15 0.001 0 1 15,12 0.001 -1 0 0.211 50 ::f,1,14 f,3,3 f,14,2 f,14,13 
147:1,3 0.001 1 0 2,1 0.001 -1 0 1,1 0.002 -1 1 75.0653 245 1,13 0.001 1 1 1,15 0.001 0 1 0,13 0.001 0 1 1.0572 80 13,2 0.001 -1 1 14,0 0.001 -1 0 15,0 0.001 0 -1 0.1182 80 12,12 0.001 -1 1 12,15 0.001 0 1 14,12 0.001 -1 0 0.212 50 ::f,1,14 f,3,3 f,14,2 f,14,13 
148:2,3 0.001 1 0 2,1 0.001 -1 0 1,1 0.002 0 1 75.0663 245 2,14 0.001 1 1 1,15 0.001 1 1 0,13 0.001 0 1 1.0582 80 12,3 0.001 -1 1 14,0 0.001 -1 0 15,0 0.001 -1 -1 0.1192 80 12,12 0.001 0 1 12,15 0.001 1 1 13,12 0.001 -1 0 0.213 50 ::f,1,14 f,3,3 f,14,2 f,14,13 
149:2,3 0.001 1 0 2,1 0.001 -1 0 1,1 0.002 1 1 85.0664 260 3,15 0.001 1 1 1,15 0.001 1 0 0,13 0.001 0 1 1.0592 80 12,3 0.001 -1 1 14,0 0.001 -1 0 15,0 0.001 -1 0 0.1192 80 12,13 0.001 0 1 12,15 0.001 1 0 12,12 0.001 -1 0 0.215 50 ::f,1,14 f,3,3 f,14,2 f,14,13 
150:2,3 0.001 1 0 2,1 0.001 -1 0 1,1 0.002 1 0 95.0665 275 3,15 0.001 1 1 1,15 0.001 1 0 0,13 0.001 0 1 1.0592 80 12,3 0.001 0 1 14,0 0.001 -1 0 15,0 0.001 -1 0 0.1192 80 12,14 0.001 0 1 13,15 0.001 1 0 12,12 0.001 -1 0 0.217 50 ::f,1,14 f,3,2 f,14,2 f,14,13 
151:3,3 0.001 1 0 2,1 0.001 -1 0 1,1 0.002 1 -1 95.0675 275 3,15 0.001 1 0 1,15 0.001 1 -1 0,13 0.001 0 1 1.0592 80 12,3 0.001 1 1 14,0 0.001 -1 0 15,0 0.001 -1 0 0.1192 80 12,15 0.001 0 1 14,15 0.001 1 0 12,12 0.001 -1 1 0.219 50 ::f,1,14 f,3,2 f,14,2 f,14,13 
152:3,3 0.001 1 0 2,1 0.001 -1 0 1,1 0.002 0 -1 95.0675 275 3,15 0.001 1 -1 1,15 0.001 0 -1 0,13 0.001 0 1 1.0592 80 12,3 0.001 1 0 14,0 0.001 -1 0 15,0 0.001 -1 1 0.1192 80 12,15 0.001 0 1 15,15 0.001 1 0 12,12 0.001 0 1 0.22 50 ::f,1,14 f,3,2 f,14,2 f,14,13 
153:3,3 0.001 1 -1 2,1 0.001 -1 0 1,1 0.002 -1 -1 95.0675 275 3,15 0.001 0 -1 1,15 0.001 -1 -1 0,13 0.001 0 1 1.0592 80 13,3 0.001 1 0 14,0 0.001 -1 0 14,1 0.001 -1 1 0.1212 80 12,15 0.001 1 1 15,15 0.001 1 0 12,13 0.001 0 1 0.221 50 ::f,1,14 f,3,2 f,14,2 f,14,13 
154:3,3 0.001 0 -1 2,1 0.001 -1 0 1,1 0.002 -1 0 95.0675 275 3,14 0.001 0 -1 1,15 0.001 -1 0 0,13 0.001 0 1 1.0602 80 14,3 0.001 1 0 14,0 0.001 -1 0 13,2 0.001 -1 1 0.1232 80 12,15 0.001 1 0 15,15 0.001 1 -1 12,14 0.001 0 1 0.222 50 ::f,1,14 f,3,2 f,14,2 f,14,13 
155:3,3 0.001 0 -1 2,1 0.001 -1 0 1,1 0.002 -1 1 95.0675 275 3,13 0.001 0 -1 1,15 0.001 -1 1 0,13 0.001 0 1 1.0612 80 15,3 0.001 1 0 14,0 0.001 -1 0 12,3 0.001 -1 1 0.1252 80 13,15 0.001 1 0 15,15 0.001 0 -1 12,15 0.001 0 1 0.224 50 ::f,1,14 f,3,2 f,14,2 f,14,13 
156:3,3 0.001 0 -1 2,1 0.001 -1 0 1,1 0.002 0 1 105.068 290 3,12 0.001 0 -1 1,15 0.001 0 1 0,13 0.001 0 1 1.0622 80 15,3 0.001 1 0 14,0 0.001 -1 0 12,3 0.001 -1 1 0.1252 80 14,15 0.001 1 0 15,14 0.001 0 -1 12,15 0.001 0 1 0.226 50 ::f,0,3 f,1,14 f,14,2 f,14,13 
157:3,2 0.001 0 -1 2,1 0.001 -1 0 1,1 0.002 1 1 105.069 290 3,12 0.001 0 -1 1,15 0.001 1 1 0,13 0.001 0 1 1.0622 80 15,3 0.001 1 -1 14,0 0.001 -1 0 12,3 0.001 0 1 0.1252 80 15,15 0.001 1 0 15,13 0.001 0 -1 12,15 0.001 1 1 0.228 50 ::f,0,3 f,1,14 f,14,2 f,14,13 
158:3,1 0.001 0 -1 2,1 0.001 -1 0 1,1 0.002 1 0 105.07 290 3,12 0.001 -1 -1 1,15 0.001 1 0 0,13 0.001 0 1 1.0622 80 15,3 0.001 0 -1 14,0 0.001 -1 0 12,3 0.001 1 1 0.1252 80 15,15 0.001 1 0 15,12 0.001 0 -1 12,15 0.001 1 0 0.229 50 ::f,0,3 f,1,14 f,14,2 f,14,13 
159:3,0 0.001 0 -1 2,1 0.001 -1 0 1,1 0.002 1 -1 105.071 290 3,12 0.001 -1 0 1,15 0.001 1 0 0,13 0.001 0 1 1.0622 80 15,2 0.001 0 -1 14,0 0.001 -1 0 12,3 0.001 1 0 0.1262 80 15,15 0.001 1 -1 15,12 0.001 0 -1 13,15 0.001 1 0 0.23 50 ::f,0,3 f,1,14 f,14,2 f,14,13 
160:3,0 0.001 0 -1 2,1 0.001 -1 0 1,1 0.002 0 -1 105.071 290 2,12 0.001 -1 0 1,15 0.001 1 -1 0,13 0.001 0 1 1.0632 80 15,1 0.001 0 -1 14,0 0.001 -1 0 13,3 0.001 1 0 0.1282 80 15,15 0.001 0 -1 15,12 0.001 -1 -1 14,15 0.001 1 0 0.231 50 ::f,0,3 f,1,14 f,14,2 f,14,13 
161:3,0 0.001 -1 -1 2,1 0.001 -1 0 1,1 0.002 -1 -1 105.071 290 1,12 0.001 -1 0 1,15 0.001 0 -1 0,13 0.001 0 1 1.0642 80 15,0 0.001 0 -1 14,0 0.001 -1 0 14,3 0.001 1 0 0.1302 80 15,14 0.001 0 -1 15,12 0.001 -1 0 15,15 0.001 1 0 0.233 50 ::f,0,3 f,1,14 f,14,2 f,14,13 
162:3,0 0.001 -1 0 2,1 0.001 -1 0 1,1 0.002 -1 0 105.071 290 0,12 0.001 -1 0 1,15 0.001 -1 -1 0,13 0.001 0 1 1.0652 80 15,0 0.001 0 -1 14,0 0.001 -1 0 15,3 0.001 1 0 0.1312 80 15,13 0.001 0 -1 14,12 0.001 -1 0 15,15 0.001 1 0 0.235 50 ::f,0,3 f,1,14 f,14,2 f,14,13 
163:2,0 0.001 -1 0 2,1 0.001 -1 0 1,1 0.002 -1 1 105.072 290 0,12 0.001 -1 0 1,15 0.001 -1 0 0,13 0.001 0 1 1.0652 80 15,0 0.001 -1 -1 14,0 0.001 -1 0 15,3 0.001 1 0 0.1312 80 15,12 0.001 0 -1 13,12 0.001 -1 0 15,15 0.001 1 -1 0.237 50 ::f,0,3 f,1,14 f,14,2 f,14,13 
164:1,0 0.001 -1 0 2,1 0.001 -1 0 1,1 0.002 0 1 105.073 290 0,12 0.001 -1 1 1,15 0.001 -1 1 0,13 0.001 0 1 1.0652 80 15,0 0.001 -1 0 14,0 0.001 -1 0 15,3 0.001 1 -1 0.1312 80 15,12 0.001 0 -1 12,12 0.001 -1 0 15,15 0.001 0 -1 0.238 50 ::f,0,3 f,1,14 f,14,2 f,14,13 
165:0,0 0.001 -1 0 2,1 0.001 -1 0 1,1 0.002 1 1 105.074 290 0,12 0.001 0 1 1,15 0.001 0 1 0,13 0.001 0 1 1.0652 80 15,0 0.001 -1 0 14,0 0.001 -1 0 15,3 0.001 0 -1 0.1312 80 15,12 0.001 -1 -1 12,12 0.001 -1 0 15,14 0.001 0 -1 0.239 50 ::f,0,3 f,1,14 f,14,2 f,14,13 
166:0,0 0.001 -1 0 2,1 0.001 -1 0 1,1 0.002 1 0 105.074 290 0,12 0.001 0 1 1,15 0.001 1 1 0,13 0.001 0 1 1.0652 80 15,0 0.001 -1 0 14,0 0.001 -1 0 15,2 0.001 0 -1 0.1322 80 15,12 0.001 -1 0 12,12 0.001 -1 1 15,13 0.001 0 -1 0.24 50 ::f,0,3 f,1,14 f,14,2 f,14,13 
167:0,0 0.001 -1 1 2,1 0.001 -1 0 1,1 0.002 1 -1 105.074 290 0,12 0.001 0 1 1,15 0.001 1 0 0,13 0.001 0 1 1.0652 80 15,0 0.001 -1 1 14,0 0.001 -1 0 15,1 0.001 0 -1 0.1332 80 14,12 0.001 -1 0 12,12 0.001 0 1 15,12 0.001 0 -1 0.242 50 ::f,0,3 f,1,14 f,14,2 f,14,13 
168:0,0 0.001 0 1 2,1 0.001 -1 0 1,1 0.002 0 -1 105.074 290 0,12 0.001 1 1 1,15 0.001 1 0 0,13 0.001 0 1 1.0652 80 14,1 0.001 -1 1 14,0 0.001 -1 0 15,0 0.001 0 -1 0.1352 80 13,12 0.001 -1 0 12,13 0.001 0 1 15,12 0.001 0 -1 0.244 50 ::f,0,3 f,1,14 f,14,2 f,14,13 
169:0,1 0.001 0 1 2,1 0.001 -1 0 1,1 0.002 -1 -1 105.075 290 1,13 0.001 1 1 1,15 0.001 1 -1 0,13 0.001 0 1 1.0662 80 13,2 0.001 -1 1 14,0 0.001 -1 0 15,0 0.001 0 -1 0.1362 80 12,12 0.001 -1 0 12,14 0.001 0 1 15,12 0.001 -1 -1 0.246 50 ::f,0,3 f,1,14 f,14,2 f,14,13 
170:0,2 0.001 0 1 2,1 0.001 -1 0 1,1 0.002 -1 0 105.076 290 2,14 0.001 1 1 1,15 0.001 0 -1 0,13 0.001 0 1 1.0672 80 12,3 0.001 -1 1 14,0 0.001 -1 0 15,0 0.001 -1 -1 0.1372 80 12,12 0.001 -1 0 12,15 0.001 0 1 15,12 0.001 -1 0 0.247 50 ::f,0,3 f,1,14 f,14,2 f,14,13 
171:0,2 0.001 0 1 2,1 0.001 -1 0 1,1 0.002 -1 1 115.076 305 3,15 0.001 1 1 1,15 0.001 -1 -1 0,13 0.001 0 1 1.0682 80 12,3 0.001 -1 1 14,0 0.001 -1 0 15,0 0.001 -1 0 0.1372 80 12,12 0.001 -1 1 12,15 0.001 0 1 14,12 0.001 -1 0 0.248 50 ::f,1,14 f,3,0 f,14,2 f,14,13 
172:0,3 0.001 0 1 2,1 0.001 -1 0 1,1 0.002 0 1 115.077 305 3,15 0.001 1 1 1,15 0.001 -1 0 0,13 0.001 0 1 1.0682 80 12,3 0.001 0 1 14,0 0.001 -1 0 15,0 0.001 -1 0 0.1372 80 12,12 0.001 0 1 12,15 0.001 1 1 13,12 0.001 -1 0 0.249 50 ::f,1,14 f,3,0 f,14,2 f,14,13 
173:0,3 0.001 0 1 2,1 0.001 -1 0 1,1 0.002 1 1 115.077 305 3,15 0.001 1 0 1,15 0.001 -1 1 0,13 0.001 0 1 1.0682 80 12,3 0.001 1 1 14,0 0.001 -1 0 15,0 0.001 -1 0 0.1372 80 12,13 0.001 0 1 12,15 0.001 1 0 12,12 0.001 -1 0 0.251 50 ::f,1,14 f,3,0 f,14,2 f,14,13 
174:0,3 0.001 1 1 2,1 0.001 -1 0 1,1 0.002 1 0 115.077 305 3,15 0.001 1 -1 1,15 0.001 0 1 0,13 0.001 0 1 1.0682 80 12,3 0.001 1 0 14,0 0.001 -1 0 15,0 0.001 -1 1 0.1372 80 12,14 0.001 0 1 13,15 0.001 1 0 12,12 0.001 -1 0 0.253 50 ::f,1,14 f,3,0 f,14,2 f,14,13 
175:0,3 0.001 1 0 2,1 0.001 -1 0 1,1 0.002 1 -1 115.077 305 3,15 0.001 0 -1 1,15 0.001 1 1 0,13 0.001 0 1 1.0682 80 13,3 0.001 1 0 14,0 0.001 -1 0 14,1 0.001 -1 1 0.1392 80 12,15 0.001 0 1 14,15 0.001 1 0 12,12 0.001 -1 1 0.255 50 ::f,1,14 f,3,0 f,14,2 f,14,13 
176:1,3 0.001 1 0 2,1 0.001 -1 0 1,1 0.002 0 -1 115.078 305 3,14 0.001 0 -1 1,15 0.001 1 0 0,13 0.001 0 1 1.0692 80 14,3 0.001 1 0 14,0 0.001 -1 0 13,2 0.001 -1 1 0.1412 80 12,15 0.001 0 1 15,15 0.001 1 0 12,12 0.001 0 1 0.256 50 ::f,1,14 f,3,0 f,14,2 f,14,13 
177:2,3 0.001 1 0 2,1 0.001 -1 0 1,1 0.002 -1 -1 115.079 305 3,13 0.001 0 -1 1,15 0.001 1 0 0,13 0.001 0 1 1.0702 80 15,3 0.001 1 0 14,0 0.001 -1 0 12,3 0.001 -1 1 0.1432 80 12,15 0.001 1 1 15,15 0.001 1 0 12,13 0.001 0 1 0.257 50 ::f,1,14 f,3,0 f,14,2 f,14,13 
178:3,3 0.001 1 0 2,1 0.001 -1 0 1,1 0.002 -1 0 115.08 305 3,12 0.001 0 -1 1,15 0.001 1 -1 0,13 0.001 0 1 1.0712 80 15,3 0.001 1 0 14,0 0.001 -1 0 12,3 0.001 -1 1 0.1432 80 12,15 0.001 1 0 15,15 0.001 1 -1 12,14 0.001 0 1 0.258 50 ::f,1,14 f,3,0 f,14,2 f,14,13 
179:3,3 0.001 1 0 2,1 0.001 -1 0 1,1 0.002 -1 1 115.08 305 3,12 0.001 0 -1 1,15 0.001 0 -1 0,13 0.001 0 1 1.0712 80 15,3 0.001 1 -1 14,0 0.001 -1 0 12,3 0.001 0 1 0.1432 80 13,15 0.001 1 0 15,15 0.001 0 -1 12,15 0.001 0 1 0.26 50 ::f,1,14 f,3,0 f,14,2 f,14,13 
180:3,3 0.001 1 -1 2,1 0.001 -1 0 1,1 0.002 0 1 115.08 305 3,12 0.001 -1 -1 1,15 0.001 -1 -1 0,13 0.001 0 1 1.0712 80 15,3 0.001 0 -1 14,0 0.001 -1 0 12,3 0.001 1 1 0.1432 80 14,15 0.001 1 0 15,14 0.001 0 -1 12,15 0.001 0 1 0.262 50 ::f,1,14 f,3,0 f,14,2 f,14,13 
181:3,3 0.001 0 -1 2,1 0.001 -1 0 1,1 0.002 1 1 115.08 305 3,12 0.001 -1 0 1,15 0.001 -1 0 0,13 0.001 0 1 1.0712 80 15,2 0.001 0 -1 14,0 0.001 -1 0 12,3 0.001 1 0 0.1442 80 15,15 0.001 1 0 15,13 0.001 0 -1 12,15 0.001 1 1 0.264 50 ::f,1,14 f,3,0 f,14,2 f,14,13 
182:3,2 0.001 0 -1 2,1 0.001 -1 0 1,1 0.002 1 0 115.081 305 2,12 0.001 -1 0 1,15 0.001 -1 1 0,13 0.001 0 1 1.0722 80 15,1 0.001 0 -1 14,0 0.001 -1 0 13,3 0.001 1 0 0.1462 80 15,15 0.001 1 0 15,12 0.001 0 -1 12,15 0.001 1 0 0.265 50 ::f,1,14 f,3,0 f,14,2 f,14,13 
183:3,1 0.001 0 -1 2,1 0.001 -1 0 1,1 0.002 1 -1 115.082 305 1,12 0.001 -1 0 1,15 0.001 0 1 0,13 0.001 0 1 1.0732 80 15,0 0.001 0 -1 14,0 0.001 -1 0 14,3 0.001 1 0 0.1482 80 15,15 0.001 1 -1 15,12 0.001 0 -1 13,15 0.001 1 0 0.266 50 ::f,1,14 f,3,0 f,14,2 f,14,13 
184:3,1 0.001 0 -1 2,1 0.001 -1 0 1,1 0.002 0 -1 125.082 320 0,12 0.001 -1 0 1,15 0.001 1 1 0,13 0.001 0 1 1.0742 80 15,0 0.001 0 -1 14,0 0.001 -1 0 15,3 0.001 1 0 0.1492 80 15,15 0.001 0 -1 15,12 0.001 -1 -1 14,15 0.001 1 0 0.267 50 ::f,1,14 f,2,2 f,14,2 f,14,13 
185:3,0 0.001 0 -1 2,1 0.001 -1 0 1,1 0.002 -1 -1 125.083 320 0,12 0.001 -1 0 1,15 0.001 1 0 0,13 0.001 0 1 1.0742 80 15,0 0.001 -1 -1 14,0 0.001 -1 0 15,3 0.001 1 0 0.1492 80 15,14 0.001 0 -1 15,12 0.001 -1 0 15,15 0.001 1 0 0.269 50 ::f,1,14 f,2,2 f,14,2 f,14,13 
186:3,0 0.001 0 -1 2,1 0.001 -1 0 1,1 0.002 -1 0 125.083 320 0,12 0.001 -1 1 1,15 0.001 1 0 0,13 0.001 0 1 1.0742 80 15,0 0.001 -1 0 14,0 0.001 -1 0 15,3 0.001 1 -1 0.1492 80 15,13 0.001 0 -1 14,12 0.001 -1 0 15,15 0.001 1 0 0.271 50 ::f,1,14 f,2,2 f,14,2 f,14,13 
187:3,0 0.001 -1 -1 2,1 0.001 -1 0 1,1 0.002 -1 1 125.083 320 0,12 0.001 0 1 1,15 0.001 1 -1 0,13 0.001 0 1 1.0742 80 15,0 0.001 -1 0 14,0 0.001 -1 0 15,3 0.001 0 -1 0.1492 80 15,12 0.001 0 -1 13,12 0.001 -1 0 15,15 0.001 1 -1 0.273 50 ::f,1,14 f,2,2 f,14,2 f,14,13 
188:3,0 0.001 -1 0 2,1 0.001 -1 0 1,1 0.002 0 1 125.083 320 0,12 0.001 0 1 1,15 0.001 0 -1 0,13 0.001 0 1 1.0742 80 15,0 0.001 -1 0 14,0 0.001 -1 0 15,2 0.001 0 -1 0.1502 80 15,12 0.001 0 -1 12,12 0.001 -1 0 15,15 0.001 0 -1 0.274 50 ::f,1,14 f,2,2 f,14,2 f,14,13 
189:2,0 0.001 -1 0 2,1 0.001 -1 0 1,1 0.002 1 1 125.084 320 0,12 0.001 0 1 1,15 0.001 -1 -1 0,13 0.001 0 1 1.0742 80 15,0 0.001 -1 1 14,0 0.001 -1 0 15,1 0.001 0 -1 0.1512 80 15,12 0.001 -1 -1 12,12 0.001 -1 0 15,14 0.001 0 -1 0.275 50 ::f,1,14 f,2,2 f,14,2 f,14,13 
190:1,0 0.001 -1 0 2,1 0.001 -1 0 1,1 0.002 1 0 125.085 320 0,12 0.001 1 1 1,15 0.001 -1 0 0,13 0.001 0 1 1.0742 80 14,1 0.001 -1 1 14,0 0.001 -1 0 15,0 0.001 0 -1 0.1532 80 15,12 0.001 -1 0 12,12 0.001 -1 1 15,13 0.001 0 -1 0.276 50 ::f,1,14 f,2,2 f,14,2 f,14,13 
191:0,0 0.001 -1 0 2,1 0.001 -1 0 1,1 0.002 1 -1 125.086 320 1,13 0.001 1 1 1,15 0.001 -1 1 0,13 0.001 0 1 1.0752 80 13,2 0.001 -1 1 14,0 0.001 -1 0 15,0 0.001 0 -1 0.1542 80 14,12 0.001 -1 0 12,12 0.001 0 1 15,12 0.001 0 -1 0.278 50 ::f,1,14 f,2,2 f,14,2 f,14,13 
192:0,0 0.001 -1 0 2,1 0.001 -1 0 1,1 0.002 0 -1 125.086 320 2,14 0.001 1 1 1,15 0.001 0 1 0,13 0.001 0 1 1.0762 80 12,3 0.001 -1 1 14,0 0.001 -1 0 15,0 0.001 -1 -1 0.1552 80 13,12 0.001 -1 0 12,13 0.001 0 1 15,12 0.001 0 -1 0.28 50 ::f,1,14 f,2,2 f,14,2 f,14,13 
193:0,0 0.001 -1 1 2,1 0.001 -1 0 1,1 0.002 -1 -1 125.086 320 3,15 0.001 1 1 1,15 0.001 1 1 0,13 0.001 0 1 1.0772 80 12,3 0.001 -1 1 14,0 0.001 -1 0 15,0 0.001 -1 0 0.1552 80 12,12 0.001 -1 0 12,14 0.001 0 1 15,12 0.001 -1 -1 0.282 50 ::f,1,14 f,2,2 f,14,2 f,14,13 
194:0,0 0.001 0 1 2,1 0.001 -1 0 1,1 0.002 -1 0 125.086 320 3,15 0.001 1 1 1,15 0.001 1 0 0,13 0.001 0 1 1.0772 80 12,3 0.001 0 1 14,0 0.001 -1 0 15,0 0.001 -1 0 0.1552 80 12,12 0.001 -1 0 12,15 0.001 0 1 15,12 0.001 -1 0 0.283 50 ::f,1,14 f,2,2 f,14,2 f,14,13 
195:0,1 0.001 0 1 2,1 0.001 -1 0 1,1 0.002 -1 1 125.087 320 3,15 0.001 1 0 1,15 0.001 1 0 0,13 0.001 0 1 1.0772 80 12,3 0.001 1 1 14,0 0.001 -1 0 15,0 0.001 -1 0 0.1552 80 12,12 0.001 -1 1 12,15 0.001 0 1 14,12 0.001 -1 0 0.284 50 ::f,1,14 f,2,2 f,14,2 f,14,13 
196:0,2 0.001 0 1 2,1 0.001 -1 0 1,1 0.002 0 1 125.088 320 3,15 0.001 1 -1 1,15 0.001 1 -1 0,13 0.001 0 1 1.0772 80 12,3 0.001 1 0 14,0 0.001 -1 0 15,0 0.001 -1 1 0.1552 80 12,12 0.001 0 1 12,15 0.001 1 1 13,12 0.001 -1 0 0.285 50 ::f,1,14 f,2,2 f,14,2 f,14,13 
197:0,3 0.001 0 1 2,1 0.001 -1 0 1,1 0.002 1 1 125.089 320 3,15 0.001 0 -1 1,15 0.001 0 -1 0,13 0.001 0 1 1.0772 80 13,3 0.001 1 0 14,0 0.001 -1 0 14,1 0.001 -1 1 0.1572 80 12,13 0.001 0 1 12,15 0.001 1 0 12,12 0.001 -1 0 0.287 50 ::f,1,14 f,2,2 f,14,2 f,14,13 
198:0,3 0.001 0 1 2,1 0.001 -1 0 1,1 0.002 1 0 125.089 320 3,14 0.001 0 -1 1,15 0.001 -1 -1 0,13 0.001 0 1 1.0782 80 14,3 0.001 1 0 14,0 0.001 -1 0 13,2 0.001 -1 1 0.1592 80 12,14 0.001 0 1 13,15 0.001 1 0 12,12 0.001 -1 0 0.289 50 ::f,1,14 f,2,2 f,14,2 f,14,13 
199:0,3 0.001 1 1 2,1 0.001 -1 0 1,1 0.002 1 -1 125.089 320 3,13 0.001 0 -1 1,15 0.001 -1 0 0,13 0.001 0 1 1.0792 80 15,3 0.001 1 0 14,0 0.001 -1 0 12,3 0.001 -1 1 0.1612 80 12,15 0.001 0 1 14,15 0.001 1 0 12,12 0.001 -1 1 0.291 50 ::f,1,14 f,2,2 f,14,2 f,14,13 
200:0,3 0.001 1 0 2,1 0.001 -1 0 1,1 0.002 0 -1 125.089 320 3,12 0.001 0 -1 1,15 0.001 -1 1 0,13 0.001 0 1 1.0802 80 15,3 0.001 1 0 14,0 0.001 -1 0 12,3 0.001 -1 1 0.1612 80 12,15 0.001 0 1 15,15 0.001 1 0 12,12 0.001 0 1 0.292 50 ::f,1,14 f,2,2 f,14,2 f,14,13 
201:1,3 0.001 1 0 2,1 0.001 -1 0 1,1 0.002 -1 -1 125.09 320 3,12 0.001 0 -1 1,15 0.001 0 1 0,13 0.001 0 1 1.0802 80 15,3 0.001 1 -1 14,0 0.001 -1 0 12,3 0.001 0 1 0.1612 80 12,15 0.001 1 1 15,15 0.001 1 0 12,13 0.001 0 1 0.293 50 ::f,1,14 f,2,2 f,14,2 f,14,13 
202:2,3 0.001 1 0 2,1 0.001 -1 0 1,1 0.002 -1 0 125.091 320 3,12 0.001 -1 -1 1,15 0.001 1 1 0,13 0.001 0 1 1.0802 80 15,3 0.001 0 -1 14,0 0.001 -1 0 12,3 0.001 1 1 0.1612 80 12,15 0.001 1 0 15,15 0.001 1 -1 12,14 0.001 0 1 0.294 50 ::f,1,14 f,2,2 f,14,2 f,14,13 
203:3,3 0.001 1 0 2,1 0.001 -1 0 1,1 0.002 -1 1 125.092 320 3,12 0.001 -1 0 1,15 0.001 1 0 0,13 0.001 0 1 1.0802 80 15,2 0.001 0 -1 14,0 0.001 -1 0 12,3 0.001 1 0 0.1622 80 13,15 0.001 1 0 15,15 0.001 0 -1 12,15 0.001 0 1 0.296 50 ::f,1,14 f,2,2 f,14,2 f,14,13 
204:3,3 0.001 1 0 2,1 0.001 -1 0 1,1 0.002 0 1 125.092 320 2,12 0.001 -1 0 1,15 0.001 1 0 0,13 0.001 0 1 1.0812 80 15,1 0.001 0 -1 14,0 0.001 -1 0 13,3 0.001 1 0 0.1642 80 14,15 0.001 1 0 15,14 0.001 0 -1 12,15 0.001 0 1 0.298 50 ::f,1,14 f,2,2 f,14,2 f,14,13 
205:3,3 0.001 1 -1 2,1 0.001 -1 0 1,1 0.002 1 1 125.092 320 1,12 0.001 -1 0 1,15 0.001 1 -1 0,13 0.001 0 1 1.0822 80 15,0 0.001 0 -1 14,0 0.001 -1 0 14,3 0.001 1 0 0.1662 80 15,15 0.001 1 0 15,13 0.001 0 -1 12,15 0.001 1 1 0.3 50 ::f,1,14 f,2,2 f,14,2 f,14,13 
206:3,3 0.001 0 -1 2,1 0.001 -1 0 1,1 0.002 1 0 125.092 320 0,12 0.001 -1 0 1,15 0.001 0 -1 0,13 0.001 0 1 1.0832 80 15,0 0.001 0 -1 14,0 0.001 -1 0 15,3 0.001 1 0 0.1672 80 15,15 0.001 1 0 15,12 0.001 0 -1 12,15 0.001 1 0 0.301 50 ::f,1,14 f,2,2 f,14,2 f,14,13 
207:3,2 0.001 0 -1 2,1 0.001 -1 0 1,1 0.002 1 -1 125.093 320 0,12 0.001 -1 0 1,15 0.001 -1 -1 0,13 0.001 0 1 1.0832 80 15,0 0.001 -1 -1 14,0 0.001 -1 0 15,3 0.001 1 0 0.1672 80 15,15 0.001 1 -1 15,12 0.001 0 -1 13,15 0.001 1 0 0.302 50 ::f,1,14 f,2,2 f,14,2 f,14,13 
208:3,1 0.001 0 -1 2,1 0.001 -1 0 1,1 0.002 0 -1 125.094 320 0,12 0.001 -1 1 1,15 0.001 -1 0 0,13 0.001 0 1 1.0832 80 15,0 0.001 -1 0 14,0 0.001 -1 0 15,3 0.001 1 -1 0.1672 80 15,15 0.001 0 -1 15,12 0.001 -1 -1 14,15 0.001 1 0 0.303 50 ::f,1,14 f,2,2 f,14,2 f,14,13 
209:3,0 0.001 0 -1 2,1 0.001 -1 0 1,1 0.002 -1 -1 125.095 320 0,12 0.001 0 1 1,15 0.001 -1 1 0,13 0.001 0 1 1.0832 80 15,0 0.001 -1 0 14,0 0.001 -1 0 15,3 0.001 0 -1 0.1672 80 15,14 0.001 0 -1 15,12 0.001 -1 0 15,15 0.001 1 0 0.305 50 ::f,1,14 f,2,2 f,14,2 f,14,13 
210:3,0 0.001 0 -1 2,1 0.001 -1 0 1,1 0.002 -1 0 125.095 320 0,12 0.001 0 1 1,15 0.001 0 1 0,13 0.001 0 1 1.0832 80 15,0 0.001 -1 0 14,0 0.001 -1 0 15,2 0.001 0 -1 0.1682 80 15,13 0.001 0 -1 14,12 0.001 -1 0 15,15 0.001 1 0 0.307 50 ::f,1,14 f,2,2 f,14,2 f,14,13 
211:3,0 0.001 -1 -1 2,1 0.001 -1 0 1,1 0.002 -1 1 125.095 320 0,12 0.001 0 1 1,15 0.001 1 1 0,13 0.001 0 1 1.0832 80 15,0 0.001 -1 1 14,0 0.001 -1 0 15,1 0.001 0 -1 0.1692 80 15,12 0.001 0 -1 13,12 0.001 -1 0 15,15 0.001 1 -1 0.309 50 ::f,1,14 f,2,2 f,14,2 f,14,13 
212:3,0 0.001 -1 0 2,1 0.001 -1 0 1,1 0.002 0 1 125.095 320 0,12 0.001 1 1 1,15 0.001 1 0 0,13 0.001 0 1 1.0832 80 14,1 0.001 -1 1 14,0 0.001 -1 0 15,0 0.001 0 -1 0.1712 80 15,12 0.001 0 -1 12,12 0.001 -1 0 15,15 0.001 0 -1 0.31 50 ::f,1,14 f,2,2 f,14,2 f,14,13 
213:2,0 0.001 -1 0 2,1 0.001 -1 0 1,1 0.002 1 1 125.096 320 1,13 0.001 1 1 1,15 0.001 1 0 0,13 0.001 0 1 1.0842 80 13,2 0.001 -1 1 14,0 0.001 -1 0 15,0 0.001 0 -1 0.1722 80 15,12 0.001 -1 -1 12,12 0.001 -1 0 15,14 0.001 0 -1 0.311 50 ::f,1,14 f,2,2 f,14,2 f,14,13 
214:1,0 0.001 -1 0 2,1 0.001 -1 0 1,1 0.002 1 0 125.097 320 2,14 0.001 1 1 1,15 0.001 1 -1 0,13 0.001 0 1 1.0852 80 12,3 0.001 -1 1 14,0 0.001 -1 0 15,0 0.001 -1 -1 0.1732 80 15,12 0.001 -1 0 12,12 0.001 -1 1 15,13 0.001 0 -1 0.312 50 ::f,1,14 f,2,2 f,14,2 f,14,13 
215:0,0 0.001 -1 0 2,1 0.001 -1 0 1,1 0.002 1 -1 125.098 320 3,15 0.001 1 1 1,15 0.001 0 -1 0,13 0.001 0 1 1.0862 80 12,3 0.001 -1 1 14,0 0.001 -1 0 15,0 0.001 -1 0 0.1732 80 14,12 0.001 -1 0 12,12 0.001 0 1 15,12 0.001 0 -1 0.314 50 ::f,1,14 f,2,2 f,14,2 f,14,13 
216:0,0 0.001 -1 0 2,1 0.001 -1 0 1,1 0.002 0 -1 125.098 320 3,15 0.001 1 1 1,15 0.001 -1 -1 0,13 0.001 0 1 1.0862 80 12,3 0.001 0 1 14,0 0.001 -1 0 15,0 0.001 -1 0 0.1732 80 13,12 0.001 -1 0 12,13 0.001 0 1 15,12 0.001 0 -1 0.316 50 ::f,1,14 f,2,2 f,14,2 f,14,13 
217:0,0 0.001 -1 1 2,1 0.001 -1 0 1,1 0.002 -1 -1 125.098 320 3,15 0.001 1 0 1,15 0.001 -1 0 0,13 0.001 0 1 1.0862 80 12,3 0.001 1 1 14,0 0.001 -1 0 15,0 0.001 -1 0 0.1732 80 12,12 0.001 -1 0 12,14 0.001 0 1 15,12 0.001 -1 -1 0.318 50 ::f,1,14 f,2,2 f,14,2 f,14,13 
218:0,0 0.001 0 1 2,1 0.001 -1 0 1,1 0.002 -1 0 125.098 320 3,15 0.001 1 -1 1,15 0.001 -1 1 0,13 0.001 0 1 1.0862 80 12,3 0.001 1 0 14,0 0.001 -1 0 15,0 0.001 -1 1 0.1732 80 12,12 0.001 -1 0 12,15 0.001 0 1 15,12 0.001 -1 0 0.319 50 ::f,1,14 f,2,2 f,14,2 f,14,13 
219:0,1 0.001 0 1 2,1 0.001 -1 0 1,1 0.002 -1 1 125.099 320 3,15 0.001 0 -1 1,15 0.001 0 1 0,13 0.001 0 1 1.0862 80 13,3 0.001 1 0 14,0 0.001 -1 0 14,1 0.001 -1 1 0.1752 80 12,12 0.001 -1 1 12,15 0.001 0 1 14,12 0.001 -1 0 0.32 50 ::f,1,14 f,2,2 f,14,2 f,14,13 
220:0,2 0.001 0 1 2,1 0.001 -1 0 1,1 0.002 0 1 125.1 320 3,14 0.001 0 -1 1,15 0.001 1 1 0,13 0.001 0 1 1.0872 80 14,3 0.001 1 0 14,0 0.001 -1 0 13,2 0.001 -1 1 0.1772 80 12,12 0.001 0 1 12,15 0.001 1 1 13,12 0.001 -1 0 0.321 50 ::f,1,14 f,2,2 f,14,2 f,14,13 
221:0,3 0.001 0 1 2,1 0.001 -1 0 1,1 0.002 1 1 125.101 320 3,13 0.001 0 -1 1,15 0.001 1 1 0,13 0.001 0 1 1.0882 80 15,3 0.001 1 0 14,0 0.001 -1 0 12,3 0.001 -1 1 0.1792 80 12,13 0.001 0 1 12,15 0.001 1 0 12,12 0.001 -1 0 0.323 50 ::f,1,14 f,2,2 f,14,2 f,14,13 
222:0,3 0.001 0 1 2,1 0.001 -1 0 1,1 0.002 1 0 125.101 320 3,12 0.001 0 -1 1,15 0.001 1 0 0,13 0.001 0 1 1.0892 80 15,3 0.001 1 0 14,0 0.001 -1 0 12,3 0.001 -1 1 0.1792 80 12,14 0.001 0 1 13,15 0.001 1 0 12,12 0.001 -1 0 0.325 50 ::f,1,14 f,2,2 f,14,2 f,14,13 
223:0,3 0.001 1 1 2,1 0.001 -1 0 1,1 0.002 1 -1 125.101 320 3,12 0.001 0 -1 1,15 0.001 1 0 0,13 0.001 0 1 1.0892 80 15,3 0.001 1 -1 14,0 0.001 -1 0 12,3 0.001 0 1 0.1792 80 12,15 0.001 0 1 14,15 0.001 1 0 12,12 0.001 -1 1 0.327 50 ::f,1,14 f,2,2 f,14,2 f,14,13 
224:0,3 0.001 1 0 2,1 0.001 -1 0 1,1 0.002 0 -1 125.101 320 3,12 0.001 -1 -1 1,15 0.001 1 -1 0,13 0.001 0 1 1.0892 80 15,3 0.001 0 -1 14,0 0.001 -1 0 12,3 0.001 1 1 0.1792 80 12,15 0.001 0 1 15,15 0.001 1 0 12,12 0.001 0 1 0.328 50 ::f,1,14 f,2,2 f,14,2 f,14,13 
225:1,3 0.001 1 0 2,1 0.001 -1 0 1,1 0.002 -1 -1 125.102 320 3,12 0.001 -1 0 1,15 0.001 0 -1 0,13 0.001 0 1 1.0892 80 15,2 0.001 0 -1 14,0 0.001 -1 0 12,3 0.001 1 0 0.1802 80 12,15 0.001 1 1 15,15 0.001 1 0 12,13 0.001 0 1 0.329 50 ::f,1,14 f,2,2 f,14,2 f,14,13 
226:2,3 0.001 1 0 2,1 0.001 -1 0 1,1 0.002 -1 0 125.103 320 2,12 0.001 -1 0 1,15 0.001 -1 -1 0,13 0.001 0 1 1.0902 80 15,1 0.001 0 -1 14,0 0.001 -1 0 13,3 0.001 1 0 0.1822 80 12,15 0.001 1 0 15,15 0.001 1 -1 12,14 0.001 0 1 0.33 50 ::f,1,14 f,2,2 f,14,2 f,14,13 
227:3,3 0.001 1 0 2,1 0.001 -1 0 1,1 0.002 -1 1 125.104 320 1,12 0.001 -1 0 1,15 0.001 -1 0 0,13 0.001 0 1 1.0912 80 15,0 0.001 0 -1 14,0 0.001 -1 0 14,3 0.001 1 0 0.1842 80 13,15 0.001 1 0 15,15 0.001 0 -1 12,15 0.001 0 1 0.332 50 ::f,1,14 f,2,2 f,14,2 f,14,13 
228:3,3 0.001 1 0 2,1 0.001 -1 0 1,1 0.002 0 1 125.104 320 0,12 0.001 -1 0 1,15 0.001 -1 1 0,13 0.001 0 1 1.0922 80 15,0 0.001 0 -1 14,0 0.001 -1 0 15,3 0.001 1 0 0.1852 80 14,15 0.001 1 0 15,14 0.001 0 -1 12,15 0.001 0 1 0.334 50 ::f,1,14 f,2,2 f,14,2 f,14,13 
229:3,3 0.001 1 -1 2,1 0.001 -1 0 1,1 0.002 1 1 125.104 320 0,12 0.001 -1 0 1,15 0.001 0 1 0,13 0.001 0 1 1.0922 80 15,0 0.001 -1 -1 14,0 0.001 -1 0 15,3 0.001 1 0 0.1852 80 15,15 0.001 1 0 15,13 0.001 0 -1 12,15 0.001 1 1 0.336 50 ::f,1,14 f,2,2 f,14,2 f,14,13 
230:3,3 0.001 0 -1 2,1 0.001 -1 0 1,1 0.002 1 0 125.104 320 0,12 0.001 -1 1 1,15 0.001 1 1 0,13 0.001 0 1 1.0922 80 15,0 0.001 -1 0 14,0 0.001 -1 0 15,3 0.001 1 -1 0.1852 80 15,15 0.001 1 0 15,12 0.001 0 -1 12,15 0.001 1 0 0.337 50 ::f,1,14 f,2,2 f,14,2 f,14,13 
231:3,2 0.001 0 -1 2,1 0.001 -1 0 1,1 0.002 1 -1 125.105 320 0,12 0.001 0 1 1,15 0.001 1 1 0,13 0.001 0 1 1.0922 80 15,0 0.001 -1 0 14,0 0.001 -1 0 15,3 0.001 0 -1 0.1852 80 15,15 0.001 1 -1 15,12 0.001 0 -1 13,15 0.001 1 0 0.338 50 ::f,1,14 f,2,2 f,14,2 f,14,13 
232:3,1 0.001 0 -1 2,1 0.001 -1 0 1,1 0.002 0 -1 125.106 320 0,12 0.001 0 1 1,15 0.001 1 0 0,13 0.001 0 1 1.0922 80 15,0 0.001 -1 0 14,0 0.001 -1 0 15,2 0.001 0 -1 0.1862 80 15,15 0.001 0 -1 15,12 0.001 -1 -1 14,15 0.001 1 0 0.339 50 ::f,1,14 f,2,2 f,14,2 f,14,13 
233:3,0 0.001 0 -1 2,1 0.001 -1 0 1,1 0.002 -1 -1 125.107 320 0,12 0.001 0 1 1,15 0.001 1 0 0,13 0.001 0 1 1.0922 80 15,0 0.001 -1 1 14,0 0.001 -1 0 15,1 0.001 0 -1 0.1872 80 15,14 0.001 0 -1 15,12 0.001 -1 0 15,15 0.001 1 0 0.341 50 ::f,1,14 f,2,2 f,14,2 f,14,13 
234:3,0 0.001 0 -1 2,1 0.001 -1 0 1,1 0.002 -1 0 125.107 320 0,12 0.001 1 1 1,15 0.001 1 -1 0,13 0.001 0 1 1.0922 80 14,1 0.001 -1 1 14,0 0.001 -1 0 15,0 0.001 0 -1 0.1892 80 15,13 0.001 0 -1 14,12 0.001 -1 0 15,15 0.001 1 0 0.343 50 ::f,1,14 f,2,2 f,14,2 f,14,13 
235:3,0 0.001 -1 -1 2,1 0.001 -1 0 1,1 0.002 -1 1 125.107 320 1,13 0.001 1 1 1,15 0.001 0 -1 0,13 0.001 0 1 1.0932 80 13,2 0.001 -1 1 14,0 0.001 -1 0 15,0 0.001 0 -1 0.1902 80 15,12 0.001 0 -1 13,12 0.001 -1 0 15,15 0.001 1 -1 0.345 50 ::f,1,14 f,2,2 f,14,2 f,14,13 
236:3,0 0.001 -1 0 2,1 0.001 -1 0 1,1 0.002 0 1 125.107 320 2,14 0.001 1 1 1,15 0.001 -1 -1 0,13 0.001 0 1 1.0942 80 12,3 0.001 -1 1 14,0 0.001 -1 0 15,0 0.001 -1 -1 0.1912 80 15,12 0.001 0 -1 12,12 0.001 -1 0 15,15 0.001 0 -1 0.346 50 ::f,1,14 f,2,2 f,14,2 f,14,13 
237:2,0 0.001 -1 0 2,1 0.001 -1 0 1,1 0.002 1 1 125.108 320 3,15 0.001 1 1 1,15 0.001 -1 0 0,13 0.001 0 1 1.0952 80 12,3 0.001 -1 1 14,0 0.001 -1 0 15,0 0.001 -1 0 0.1912 80 15,12 0.001 -1 -1 12,12 0.001 -1 0 15,14 0.001 0 -1 0.347 50 ::f,1,14 f,2,2 f,14,2 f,14,13 
238:1,0 0.001 -1 0 2,1 0.001 -1 0 1,1 0.002 1 0 125.109 320 3,15 0.001 1 1 1,15 0.001 -1 1 0,13 0.001 0 1 1.0952 80 12,3 0.001 0 1 14,0 0.001 -1 0 15,0 0.001 -1 0 0.1912 80 15,12 0.001 -1 0 12,12 0.001 -1 1 15,13 0.001 0 -1 0.348 50 ::f,1,14 f,2,2 f,14,2 f,14,13 
239:0,0 0.001 -1 0 2,1 0.001 -1 0 1,1 0.002 1 -1 125.11 320 3,15 0.001 1 0 1,15 0.001 0 1 0,13 0.001 0 1 1.0952 80 12,3 0.001 1 1 14,0 0.001 -1 0 15,0 0.001 -1 0 0.1912 80 14,12 0.001 -1 0 12,12 0.001 0 1 15,12 0.001 0 -1 0.35 50 ::f,1,14 f,2,2 f,14,2 f,14,13 
240:0,0 0.001 -1 0 2,1 0.001 -1 0 1,1 0.002 0 -1 125.11 320 3,15 0.001 1 -1 1,15 0.001 1 1 0,13 0.001 0 1 1.0952 80 12,3 0.001 1 0 14,0 0.001 -1 0 15,0 0.001 -1 1 0.1912 80 13,12 0.001 -1 0 12,13 0.001 0 1 15,12 0.001 0 -1 0.352 50 ::f,1,14 f,2,2 f,14,2 f,14,13 
241:0,0 0.001 -1 1 2,1 0.001 -1 0 1,1 0.002 -1 -1 125.11 320 3,15 0.001 0 -1 1,15 0.001 1 1 0,13 0.001 0 1 1.0952 80 13,3 0.001 1 0 14,0 0.001 -1 0 14,1 0.001 -1 1 0.1932 80 12,12 0.001 -1 0 12,14 0.001 0 1 15,12 0.001 -1 -1 0.354 50 ::f,1,14 f,2,2 f,14,2 f,14,13 
242:0,0 0.001 0 1 2,1 0.001 -1 0 1,1 0.002 -1 0 125.11 320 3,14 0.001 0 -1 1,15 0.001 1 0 0,13 0.001 0 1 1.0962 80 14,3 0.001 1 0 14,0 0.001 -1 0 13,2 0.001 -1 1 0.1952 80 12,12 0.001 -1 0 12,15 0.001 0 1 15,12 0.001 -1 0 0.355 50 ::f,1,14 f,2,2 f,14,2 f,14,13 
243:0,1 0.001 0 1 2,1 0.001 -1 0 1,1 0.002 -1 1 125.111 320 3,13 0.001 0 -1 1,15 0.001 1 0 0,13 0.001 0 1 1.0972 80 15,3 0.001 1 0 14,0 0.001 -1 0 12,3 0.001 -1 1 0.1972 80 12,12 0.001 -1 1 12,15 0.001 0 1 14,12 0.001 -1 0 0.356 50 ::f,1,14 f,2,2 f,14,2 f,14,13 
244:0,2 0.001 0 1 2,1 0.001 -1 0 1,1 0.002 0 1 125.112 320 3,12 0.001 0 -1 1,15 0.001 1 -1 0,13 0.001 0 1 1.0982 80 15,3 0.001 1 0 14,0 0.001 -1 0 12,3 0.001 -1 1 0.1972 80 12,12 0.001 0 1 12,15 0.001 1 1 13,12 0.001 -1 0 0.357 50 ::f,1,14 f,2,2 f,14,2 f,14,13 
245:0,3 0.001 0 1 2,1 0.001 -1 0 1,1 0.002 1 1 125.113 320 3,12 0.001 0 -1 1,15 0.001 0 -1 0,13 0.001 0 1 1.0982 80 15,3 0.001 1 -1 14,0 0.001 -1 0 12,3 0.001 0 1 0.1972 80 12,13 0.001 0 1 12,15 0.001 1 0 12,12 0.001 -1 0 0.359 50 ::f,1,14 f,2,2 f,14,2 f,14,13 
246:0,3 0.001 0 1 2,1 0.001 -1 0 1,1 0.002 1 0 125.113 320 3,12 0.001 -1 -1 1,15 0.001 -1 -1 0,13 0.001 0 1 1.0982 80 15,3 0.001 0 -1 14,0 0.001 -1 0 12,3 0.001 1 1 0.1972 80 12,14 0.001 0 1 13,15 0.001 1 0 12,12 0.001 -1 0 0.361 50 ::f,1,14 f,2,2 f,14,2 f,14,13 
247:0,3 0.001 1 1 2,1 0.001 -1 0 1,1 0.002 1 -1 125.113 320 3,12 0.001 -1 0 1,15 0.001 -1 0 0,13 0.001 0 1 1.0982 80 15,2 0.001 0 -1 14,0 0.001 -1 0 12,3 0.001 1 0 0.1982 80 12,15 0.001 0 1 14,15 0.001 1 0 12,12 0.001 -1 1 0.363 50 ::f,1,14 f,2,2 f,14,2 f,14,13 
248:0,3 0.001 1 0 2,1 0.001 -1 0 1,1 0.002 0 -1 125.113 320 2,12 0.001 -1 0 1,15 0.001 -1 1 0,13 0.001 0 1 1.0992 80 15,1 0.001 0 -1 14,0 0.001 -1 0 13,3 0.001 1 0 0.2002 80 12,15 0.001 0 1 15,15 0.001 1 0 12,12 0.001 0 1 0.364 50 ::f,1,14 f,2,2 f,14,2 f,14,13 
249:1,3 0.001 1 0 2,1 0.001 -1 0 1,1 0.002 -1 -1 125.114 320 1,12 0.001 -1 0 1,15 0.001 0 1 0,13 0.001 0 1 1.1002 80 15,0 0.001 0 -1 14,0 0.001 -1 0 14,3 0.001 1 0 0.2022 80 12,15 0.001 1 1 15,15 0.001 1 0 12,13 0.001 0 1 0.365 50 ::f,1,14 f,2,2 f,14,2 f,14,13 
250:2,3 0.001 1 0 2,1 0.001 -1 0 1,1 0.002 -1 0 125.115 320 0,12 0.001 -1 0 1,15 0.001 1 1 0,13 0.001 0 1 1.1012 80 15,0 0.001 0 -1 14,0 0.001 -1 0 15,3 0.001 1 0 0.2032 80 12,15 0.001 1 0 15,15 0.001 1 -1 12,14 0.001 0 1 0.366 50 ::f,1,14 f,2,2 f,14,2 f,14,13 
251:3,3 0.001 1 0 2,1 0.001 -1 0 1,1 0.002 -1 1 125.116 320 0,12 0.001 -1 0 1,15 0.001 1 0 0,13 0.001 0 1 1.1012 80 15,0 0.001 -1 -1 14,0 0.001 -1 0 15,3 0.001 1 0 0.2032 80 13,15 0.001 1 0 15,15 0.001 0 -1 12,15 0.001 0 1 0.368 50 ::f,1,14 f,2,2 f,14,2 f,14,13 
252:3,3 0.001 1 0 2,1 0.001 -1 0 1,1 0.002 0 1 125.116 320 0,12 0.001 -1 1 1,15 0.001 1 0 0,13 0.001 0 1 1.1012 80 15,0 0.001 -1 0 14,0 0.001 -1 0 15,3 0.001 1 -1 0.2032 80 14,15 0.001 1 0 15,14 0.001 0 -1 12,15 0.001 0 1 0.37 50 ::f,1,14 f,2,2 f,14,2 f,14,13 
253:3,3 0.001 1 -1 2,1 0.001 -1 0 1,1 0.002 1 1 125.116 320 0,12 0.001 0 1 1,15 0.001 1 -1 0,13 0.001 0 1 1.1012 80 15,0 0.001 -1 0 14,0 0.001 -1 0 15,3 0.001 0 -1 0.2032 80 15,15 0.001 1 0 15,13 0.001 0 -1 12,15 0.001 1 1 0.372 50 ::f,1,14 f,2,2 f,14,2 f,14,13 
254:3,3 0.001 0 -1 2,1 0.001 -1 0 1,1 0.002 1 0 125.116 320 0,12 0.001 0 1 1,15 0.001 0 -1 0,13 0.001 0 1 1.1012 80 15,0 0.001 -1 0 14,0 0.001 -1 0 15,2 0.001 0 -1 0.2042 80 15,15 0.001 1 0 15,12 0.001 0 -1 12,15 0.001 1 0 0.373 50 ::f,1,14 f,2,2 f,14,2 f,14,13 
255:3,2 0.001 0 -1 2,1 0.001 -1 0 1,1 0.002 1 -1 125.117 320 0,12 0.001 0 1 1,15 0.001 -1 -1 0,13 0.001 0 1 1.1012 80 15,0 0.001 -1 1 14,0 0.001 -1 0 15,1 0.001 0 -1 0.2052 80 15,15 0.001 1 -1 15,12 0.001 0 -1 13,15 0.001 1 0 0.374 50 ::f,1,14 f,2,2 f,14,2 f,14,13 
256:3,1 0.001 0 -1 2,1 0.001 -1 0 1,1 0.002 0 -1 125.118 320 0,12 0.001 1 1 1,15 0.001 -1 0 0,13 0.001 0 1 1.1012 80 14,1 0.001 -1 1 14,0 0.001 -1 0 15,0 0.001 0 -1 0.2072 80 15,15 0.001 0 -1 15,12 0.001 -1 -1 14,15 0.001 1 0 0.375 50 ::f,1,14 f,2,2 f,14,2 f,14,13 
257:3,0 0.001 0 -1 2,1 0.001 -1 0 1,1 0.002 -1 -1 125.119 320 1,13 0.001 1 1 1,15 0.001 -1 1 0,13 0.001 0 1 1.1022 80 13,2 0.001 -1 1 14,0 0.001 -1 0 15,0 0.001 0 -1 0.2082 80 15,14 0.001 0 -1 15,12 0.001 -1 0 15,15 0.001 1 0 0.377 50 ::f,1,14 f,2,2 f,14,2 f,14,13 
258:3,0 0.001 0 -1 2,1 0.001 -1 0 1,1 0.002 -1 0 125.119 320 2,14 0.001 1 1 1,15 0.001 0 1 0,13 0.001 0 1 1.1032 80 12,3 0.001 -1 1 14,0 0.001 -1 0 15,0 0.001 -1 -1 0.2092 80 15,13 0.001 0 -1 14,12 0.001 -1 0 15,15 0.001 1 0 0.379 50 ::f,1,14 f,2,2 f,14,2 f,14,13 
259:3,0 0.001 -1 -1 2,1 0.001 -1 0 1,1 0.002 -1 1 125.119 320 3,15 0.001 1 1 1,15 0.001 1 1 0,13 0.001 0 1 1.1042 80 12,3 0.001 -1 1 14,0 0.001 -1 0 15,0 0.001 -1 0 0.2092 80 15,12 0.001 0 -1 13,12 0.001 -1 0 15,15 0.001 1 -1 0.381 50 ::f,1,14 f,2,2 f,14,2 f,14,13 
260:3,0 0.001 -1 0 2,1 0.001 -1 0 1,1 0.002 0 1 125.119 320 3,15 0.001 1 1 1,15 0.001 1 0 0,13 0.001 0 1 1.1042 80 12,3 0.001 0 1 14,0 0.001 -1 0 15,0 0.001 -1 0 0.2092 80 15,12 0.001 0 -1 12,12 0.001 -1 0 15,15 0.001 0 -1 0.382 50 ::f,1,14 f,2,2 f,14,2 f,14,13 
261:2,0 0.001 -1 0 2,1 0.001 -1 0 1,1 0.002 1 1 125.12 320 3,15 0.001 1 0 1,15 0.001 1 0 0,13 0.001 0 1 1.1042 80 12,3 0.001 1 1 14,0 0.001 -1 0 15,0 0.001 -1 0 0.2092 80 15,12 0.001 -1 -1 12,12 0.001 -1 0 15,14 0.001 0 -1 0.383 50 ::f,1,14 f,2,2 f,14,2 f,14,13 
262:1,0 0.001 -1 0 2,1 0.001 -1 0 1,1 0.002 1 0 125.121 320 3,15 0.001 1 -1 1,15 0.001 1 -1 0,13 0.001 0 1 1.1042 80 12,3 0.001 1 0 14,0 0.001 -1 0 15,0 0.001 -1 1 0.2092 80 15,12 0.001 -1 0 12,12 0.001 -1 1 15,13 0.001 0 -1 0.384 50 ::f,1,14 f,2,2 f,14,2 f,14,13 
263:0,0 0.001 -1 0 2,1 0.001 -1 0 1,1 0.002 1 -1 125.122 320 3,15 0.001 0 -1 1,15 0.001 0 -1 0,13 0.001 0 1 1.1042 80 13,3 0.001 1 0 14,0 0.001 -1 0 14,1 0.001 -1 1 0.2112 80 14,12 0.001 -1 0 12,12 0.001 0 1 15,12 0.001 0 -1 0.386 50 ::f,1,14 f,2,2 f,14,2 f,14,13 
264:0,0 0.001 -1 0 2,1 0.001 -1 0 1,1 0.002 0 -1 125.122 320 3,14 0.001 0 -1 1,15 0.001 -1 -1 0,13 0.001 0 1 1.1052 80 14,3 0.001 1 0 14,0 0.001 -1 0 13,2 0.001 -1 1 0.2132 80 13,12 0.001 -1 0 12,13 0.001 0 1 15,12 0.001 0 -1 0.388 50 ::f,1,14 f,2,2 f,14,2 f,14,13 
265:0,0 0.001 -1 1 2,1 0.001 -1 0 1,1 0.002 -1 -1 125.122 320 3,13 0.001 0 -1 1,15 0.001 -1 0 0,13 0.001 0 1 1.1062 80 15,3 0.001 1 0 14,0 0.001 -1 0 12,3 0.001 -1 1 0.2152 80 12,12 0.001 -1 0 12,14 0.001 0 1 15,12 0.001 -1 -1 0.39 50 ::f,1,14 f,2,2 f,14,2 f,14,13 
266:0,0 0.001 0 1 2,1 0.001 -1 0 1,1 0.002 -1 0 125.122 320 3,12 0.001 0 -1 1,15 0.001 -1 1 0,13 0.001 0 1 1.1072 80 15,3 0.001 1 0 14,0 0.001 -1 0 12,3 0.001 -1 1 0.2152 80 12,12 0.001 -1 0 12,15 0.001 0 1 15,12 0.001 -1 0 0.391 50 ::f,1,14 f,2,2 f,14,2 f,14,13 
267:0,1 0.001 0 1 2,1 0.001 -1 0 1,1 0.002 -1 1 125.123 320 3,12 0.001 0 -1 1,15 0.001 0 1 0,13 0.001 0 1 1.1072 80 15,3 0.001 1 -1 14,0 0.001 -1 0 12,3 0.001 0 1 0.2152 80 12,12 0.001 -1 1 12,15 0.001 0 1 14,12 0.001 -1 0 0.392 50 ::f,1,14 f,2,2 f,14,2 f,14,13 
268:0,2 0.001 0 1 2,1 0.001 -1 0 1,1 0.002 0 1 125.124 320 3,12 0.001 -1 -1 1,15 0.001 1 1 0,13 0.001 0 1 1.1072 80 15,3 0.001 0 -1 14,0 0.001 -1 0 12,3 0.001 1 1 0.2152 80 12,12 0.001 0 1 12,15 0.001 1 1 13,12 0.001 -1 0 0.393 50 ::f,1,14 f,2,2 f,14,2 f,14,13 
269:0,3 0.001 0 1 2,1 0.001 -1 0 1,1 0.002 1 1 125.125 320 3,12 0.001 -1 0 1,15 0.001 1 0 0,13 0.001 0 1 1.1072 80 15,2 0.001 0 -1 14,0 0.001 -1 0 12,3 0.001 1 0 0.2162 80 12,13 0.001 0 1 12,15 0.001 1 0 12,12 0.001 -1 0 0.395 50 ::f,1,14 f,2,2 f,14,2 f,14,13 
270:0,3 0.001 0 1 2,1 0.001 -1 0 1,1 0.002 1 0 125.125 320 2,12 0.001 -1 0 1,15 0.001 1 0 0,13 0.001 0 1 1.1082 80 15,1 0.001 0 -1 14,0 0.001 -1 0 13,3 0.001 1 0 0.2182 80 12,14 0.001 0 1 13,15 0.001 1 0 12,12 0.001 -1 0 0.397 50 ::f,1,14 f,2,2 f,14,2 f,14,13 
271:0,3 0.001 1 1 2,1 0.001 -1 0 1,1 0.002 1 -1 125.125 320 1,12 0.001 -1 0 1,15 0.001 1 -1 0,13 0.001 0 1 1.1092 80 15,0 0.001 0 -1 14,0 0.001 -1 0 14,3 0.001 1 0 0.2202 80 12,15 0.001 0 1 14,15 0.001 1 0 12,12 0.001 -1 1 0.399 50 ::f,1,14 f,2,2 f,14,2 f,14,13 
272:0,3 0.001 1 0 2,1 0.001 -1 0 1,1 0.002 0 -1 125.125 320 0,12 0.001 -1 0 1,15 0.001 0 -1 0,13 0.001 0 1 1.1102 80 15,0 0.001 0 -1 14,0 0.001 -1 0 15,3 0.001 1 0 0.2212 80 12,15 0.001 0 1 15,15 0.001 1 0 12,12 0.001 0 1 0.4 50 ::f,1,14 f,2,2 f,14,2 f,14,13 
273:1,3 0.001 1 0 2,1 0.001 -1 0 1,1 0.002 -1 -1 125.126 320 0,12 0.001 -1 0 1,15 0.001 -1 -1 0,13 0.001 0 1 1.1102 80 15,0 0.001 -1 -1 14,0 0.001 -1 0 15,3 0.001 1 0 0.2212 80 12,15 0.001 1 1 15,15 0.001 1 0 12,13 0.001 0 1 0.401 50 ::f,1,14 f,2,2 f,14,2 f,14,13 
274:2,3 0.001 1 0 2,1 0.001 -1 0 1,1 0.002 -1 0 125.127 320 0,12 0.001 -1 1 1,15 0.001 -1 0 0,13 0.001 0 1 1.1102 80 15,0 0.001 -1 0 14,0 0.001 -1 0 15,3 0.001 1 -1 0.2212 80 12,15 0.001 1 0 15,15 0.001 1 -1 12,14 0.001 0 1 0.402 50 ::f,1,14 f,2,2 f,14,2 f,14,13 
275:3,3 0.001 1 0 2,1 0.001 -1 0 1,1 0.002 -1 1 125.128 320 0,12 0.001 0 1 1,15 0.001 -1 1 0,13 0.001 0 1 1.1102 80 15,0 0.001 -1 0 14,0 0.001 -1 0 15,3 0.001 0 -1 0.2212 80 13,15 0.001 1 0 15,15 0.001 0 -1 12,15 0.001 0 1 0.404 50 ::f,1,14 f,2,2 f,14,2 f,14,13 
276:3,3 0.001 1 0 2,1 0.001 -1 0 1,1 0.002 0 1 125.128 320 0,12 0.001 0 1 1,15 0.001 0 1 0,13 0.001 0 1 1.1102 80 15,0 0.001 -1 0 14,0 0.001 -1 0 15,2 0.001 0 -1 0.2222 80 14,15 0.001 1 0 15,14 0.001 0 -1 12,15 0.001 0 1 0.406 50 ::f,1,14 f,2,2 f,14,2 f,14,13 
277:3,3 0.001 1 -1 2,1 0.001 -1 0 1,1 0.002 1 1 125.128 320 0,12 0.001 0 1 1,15 0.001 1 1 0,13 0.001 0 1 1.1102 80 15,0 0.001 -1 1 14,0 0.001 -1 0 15,1 0.001 0 -1 0.2232 80 15,15 0.001 1 0 15,13 0.001 0 -1 12,15 0.001 1 1 0.408 50 ::f,1,14 f,2,2 f,14,2 f,14,13 
278:3,3 0.001 0 -1 2,1 0.001 -1 0 1,1 0.002 1 0 125.128 320 0,12 0.001 1 1 1,15 0.001 1 0 0,13 0.001 0 1 1.1102 80 14,1 0.001 -1 1 14,0 0.001 -1 0 15,0 0.001 0 -1 0.2252 80 15,15 0.001 1 0 15,12 0.001 0 -1 12,15 0.001 1 0 0.409 50 ::f,1,14 f,2,2 f,14,2 f,14,13 
279:3,2 0.001 0 -1 2,1 0.001 -1 0 1,1 0.002 1 -1 125.129 320 1,13 0.001 1 1 1,15 0.001 1 0 0,13 0.001 0 1 1.1112 80 13,2 0.001 -1 1 14,0 0.001 -1 0 15,0 0.001 0 -1 0.2262 80 15,15 0.001 1 -1 15,12 0.001 0 -1 13,15 0.001 1 0 0.41 50 ::f,1,14 f,2,2 f,14,2 f,14,13 
280:3,1 0.001 0 -1 2,1 0.001 -1 0 1,1 0.002 0 -1 125.13 320 2,14 0.001 1 1 1,15 0.001 1 -1 0,13 0.001 0 1 1.1122 80 12,3 0.001 -1 1 14,0 0.001 -1 0 15,0 0.001 -1 -1 0.2272 80 15,15 0.001 0 -1 15,12 0.001 -1 -1 14,15 0.001 1 0 0.411 50 ::f,1,14 f,2,2 f,14,2 f,14,13 
281:3,0 0.001 0 -1 2,1 0.001 -1 0 1,1 0.002 -1 -1 125.131 320 3,15 0.001 1 1 1,15 0.001 0 -1 0,13 0.001 0 1 1.1132 80 12,3 0.001 -1 1 14,0 0.001 -1 0 15,0 0.001 -1 0 0.2272 80 15,14 0.001 0 -1 15,12 0.001 -1 0 15,15 0.001 1 0 0.413 50 ::f,1,14 f,2,2 f,14,2 f,14,13 
282:3,0 0.001 0 -1 2,1 0.001 -1 0 1,1 0.002 -1 0 125.131 320 3,15 0.001 1 1 1,15 0.001 -1 -1 0,13 0.001 0 1 1.1132 80 12,3 0.001 0 1 14,0 0.001 -1 0 15,0 0.001 -1 0 0.2272 80 15,13 0.001 0 -1 14,12 0.001 -1 0 15,15 0.001 1 0 0.415 50 ::f,1,14 f,2,2 f,14,2 f,14,13 
283:3,0 0.001 -1 -1 2,1 0.001 -1 0 1,1 0.002 -1 1 125.131 320 3,15 0.001 1 0 1,15 0.001 -1 0 0,13 0.001 0 1 1.1132 80 12,3 0.001 1 1 14,0 0.001 -1 0 15,0 0.001 -1 0 0.2272 80 15,12 0.001 0 -1 13,12 0.001 -1 0 15,15 0.001 1 -1 0.417 50 ::f,1,14 f,2,2 f,14,2 f,14,13 
284:3,0 0.001 -1 0 2,1 0.001 -1 0 1,1 0.002 0 1 125.131 320 3,15 0.001 1 -1 1,15 0.001 -1 1 0,13 0.001 0 1 1.1132 80 12,3 0.001 1 0 14,0 0.001 -1 0 15,0 0.001 -1 1 0.2272 80 15,12 0.001 0 -1 12,12 0.001 -1 0 15,15 0.001 0 -1 0.418 50 ::f,1,14 f,2,2 f,14,2 f,14,13 
285:2,0 0.001 -1 0 2,1 0.001 -1 0 1,1 0.002 1 1 125.132 320 3,15 0.001 0 -1 1,15 0.001 0 1 0,13 0.001 0 1 1.1132 80 13,3 0.001 1 0 14,0 0.001 -1 0 14,1 0.001 -1 1 0.2292 80 15,12 0.001 -1 -1 12,12 0.001 -1 0 15,14 0.001 0 -1 0.419 50 ::f,1,14 f,2,2 f,14,2 f,14,13 
286:1,0 0.001 -1 0 2,1 0.001 -1 0 1,1 0.002 1 0 125.133 320 3,14 0.001 0 -1 1,15 0.001 1 1 0,13 0.001 0 1 1.1142 80 14,3 0.001 1 0 14,0 0.001 -1 0 13,2 0.001 -1 1 0.2312 80 15,12 0.001 -1 0 12,12 0.001 -1 1 15,13 0.001 0 -1 0.42 50 ::f,1,14 f,2,2 f,14,2 f,14,13 
287:0,0 0.001 -1 0 2,1 0.001 -1 0 1,1 0.002 1 -1 125.134 320 3,13 0.001 0 -1 1,15 0.001 1 0 0,13 0.001 0 1 1.1152 80 15,3 0.001 1 0 14,0 0.001 -1 0 12,3 0.001 -1 1 0.2332 80 14,12 0.001 -1 0 12,12 0.001 0 1 15,12 0.001 0 -1 0.422 50 ::f,1,14 f,2,2 f,14,2 f,14,13 
288:0,0 0.001 -1 0 2,1 0.001 -1 0 1,1 0.002 0 -1 125.134 320 3,12 0.001 0 -1 1,15 0.001 1 0 0,13 0.001 0 1 1.1162 80 15,3 0.001 1 0 14,0 0.001 -1 0 12,3 0.001 -1 1 0.2332 80 13,12 0.001 -1 0 12,13 0.001 0 1 15,12 0.001 0 -1 0.424 50 ::f,1,14 f,2,2 f,14,2 f,14,13 
289:0,0 0.001 -1 1 2,1 0.001 -1 0 1,1 0.002 -1 -1 125.134 320 3,12 0.001 0 -1 1,15 0.001 1 -1 0,13 0.001 0 1 1.1162 80 15,3 0.001 1 -1 14,0 0.001 -1 0 12,3 0.001 0 1 0.2332 80 12,12 0.001 -1 0 12,14 0.001 0 1 15,12 0.001 -1 -1 0.426 50 ::f,1,14 f,2,2 f,14,2 f,14,13 
290:0,0 0.001 0 1 2,1 0.001 -1 0 1,1 0.002 -1 0 125.134 320 3,12 0.001 -1 -1 1,15 0.001 0 -1 0,13 0.001 0 1 1.1162 80 15,3 0.001 0 -1 14,0 0.001 -1 0 12,3 0.001 1 1 0.2332 80 12,12 0.001 -1 0 12,15 0.001 0 1 15,12 0.001 -1 0 0.427 50 ::f,1,14 f,2,2 f,14,2 f,14,13 
291:0,1 0.001 0 1 2,1 0.001 -1 0 1,1 0.002 -1 1 125.135 320 3,12 0.001 -1 0 1,15 0.001 -1 -1 0,13 0.001 0 1 1.1162 80 15,2 0.001 0 -1 14,0 0.001 -1 0 12,3 0.001 1 0 0.2342 80 12,12 0.001 -1 1 12,15 0.001 0 1 14,12 0.001 -1 0 0.428 50 ::f,1,14 f,2,2 f,14,2 f,14,13 
292:0,2 0.001 0 1 2,1 0.001 -1 0 1,1 0.002 0 1 125.136 320 2,12 0.001 -1 0 1,15 0.001 -1 0 0,13 0.001 0 1 1.1172 80 15,1 0.001 0 -1 14,0 0.001 -1 0 13,3 0.001 1 0 0.2362 80 12,12 0.001 0 1 12,15 0.001 1 1 13,12 0.001 -1 0 0.429 50 ::f,1,14 f,2,2 f,14,2 f,14,13 
293:0,3 0.001 0 1 2,1 0.001 -1 0 1,1 0.002 1 1 125.137 320 1,12 0.001 -1 0 1,15 0.001 -1 1 0,13 0.001 0 1 1.1182 80 15,0 0.001 0 -1 14,0 0.001 -1 0 14,3 0.001 1 0 0.2382 80 12,13 0.001 0 1 12,15 0.001 1 0 12,12 0.001 -1 0 0.431 50 ::f,1,14 f,2,2 f,14,2 f,14,13 
294:0,3 0.001 0 1 2,1 0.001 -1 0 1,1 0.002 1 0 125.137 320 0,12 0.001 -1 0 1,15 0.001 0 1 0,13 0.001 0 1 1.1192 80 15,0 0.001 0 -1 14,0 0.001 -1 0 15,3 0.001 1 0 0.2392 80 12,14 0.001 0 1 13,15 0.001 1 0 12,12 0.001 -1 0 0.433 50 ::f,1,14 f,2,2 f,14,2 f,14,13 
295:0,3 0.001 1 1 2,1 0.001 -1 0 1,1 0.002 1 -1 125.137 320 0,12 0.001 -1 0 1,15 0.001 1 1 0,13 0.001 0 1 1.1192 80 15,0 0.001 -1 -1 14,0 0.001 -1 0 15,3 0.001 1 0 0.2392 80 12,15 0.001 0 1 14,15 0.001 1 0 12,12 0.001 -1 1 0.435 50 ::f,1,14 f,2,2 f,14,2 f,14,13 
296:0,3 0.001 1 0 2,1 0.001 -1 0 1,1 0.002 0 -1 125.137 320 0,12 0.001 -1 1 1,15 0.001 1 0 0,13 0.001 0 1 1.1192 80 15,0 0.001 -1 0 14,0 0.001 -1 0 15,3 0.001 1 -1 0.2392 80 12,15 0.001 0 1 15,15 0.001 1 0 12,12 0.001 0 1 0.436 50 ::f,1,14 f,2,2 f,14,2 f,14,13 
297:1,3 0.001 1 0 2,1 0.001 -1 0 1,1 0.002 -1 -1 125.138 320 0,12 0.001 0 1 1,15 0.001 1 0 0,13 0.001 0 1 1.1192 80 15,0 0.001 -1 0 14,0 0.001 -1 0 15,3 0.001 0 -1 0.2392 80 12,15 0.001 1 1 15,15 0.001 1 0 12,13 0.001 0 1 0.437 50 ::f,1,14 f,2,2 f,14,2 f,14,13 
298:2,3 0.001 1 0 2,1 0.001 -1 0 1,1 0.002 -1 0 125.139 320 0,12 0.001 0 1 1,15 0.001 1 -1 0,13 0.001 0 1 1.1192 80 15,0 0.001 -1 0 14,0 0.001 -1 0 15,2 0.001 0 -1 0.2402 80 12,15 0.001 1 0 15,15 0.001 1 -1 12,14 0.001 0 1 0.438 50 ::f,1,14 f,2,2 f,14,2 f,14,13 
299:3,3 0.001 1 0 2,1 0.001 -1 0 1,1 0.002 -1 1 125.14 320 0,12 0.001 0 1 1,15 0.001 0 -1 0,13 0.001 0 1 1.1192 80 15,0 0.001 -1 1 14,0 0.001 -1 0 15,1 0.001 0 -1 0.2412 80 13,15 0.001 1 0 15,15 0.001 0 -1 12,15 0.001 0 1 0.44 50 ::f,1,14 f,2,2 f,14,2 f,14,13 
