16
0:2,1 0.001 -1 0 0,0 0.003 -1 -1 1,1 0.002 1 -1 0.002 50 0,13 0.001 0 1 1,14 0.003 1 -1 3,13 0.002 1 0 0.002 50 15,0 0.001 0 -1 13,2 0.003 1 -1 13,3 0.002 1 1 0.001 50 14,14 0.001 1 0 13,12 0.003 1 1 15,15 0.002 1 0 0.002 50 ::f,0,15 f,3,1 f,14,13 f,15,1 
1:2,1 0.001 -1 0 0,0 0.003 -1 0 1,1 0.002 0 -1 0.002 50 0,14 0.001 0 1 1,14 0.003 0 -1 3,13 0.002 1 -1 0.003 50 15,0 0.001 -1 -1 14,1 0.003 1 -1 13,3 0.002 1 0 0.002 50 14,14 0.001 1 -1 13,12 0.003 1 1 15,15 0.002 1 -1 0.002 50 ::f,0,15 f,3,1 f,14,13 f,15,1 
2:2,1 0.001 -1 0 0,0 0.003 -1 1 1,1 0.002 -1 -1 0.002 50 0,14 0.001 0 1 1,14 0.003 -1 -1 3,13 0.002 0 -1 0.0031 65 15,0 0.001 -1 0 14,1 0.001 1 -1 14,3 0.002 1 0 0.003 50 14,14 0.001 0 -1 13,12 0.001 1 1 15,15 0.002 0 -1 0.0021 65 ::f,0,15 f,3,1 f,13,13 f,15,1 
3:2,1 0.001 -1 1 0,0 0.003 0 1 1,1 0.002 -1 -1 0.002 50 0,14 0.001 0 1 0,13 0.003 -1 -1 3,12 0.002 0 -1 1.0052 80 14,0 0.001 -1 0 15,0 0.001 1 -1 15,3 0.002 1 0 0.006 50 14,13 0.001 0 -1 13,12 0.001 1 1 15,14 0.002 0 -1 0.0041 65 ::f,2,13 f,3,1 f,13,13 f,15,1 
4:1,2 0.001 -1 1 0,1 0.003 0 1 0,0 0.002 -1 -1 0.005 50 0,15 0.001 0 1 0,13 0.001 -1 -1 3,12 0.001 0 -1 1.0062 80 13,0 0.001 -1 0 15,0 0.001 1 -1 15,3 0.001 1 0 0.007 50 14,12 0.001 0 -1 14,13 0.001 1 1 15,13 0.002 0 -1 0.0071 65 ::f,2,13 f,3,1 f,13,13 f,15,1 
5:0,3 0.001 -1 1 0,2 0.003 0 1 0,0 0.001 -1 -1 0.007 50 0,15 0.001 0 1 0,13 0.001 -1 0 3,12 0.001 -1 -1 1.0062 80 12,0 0.001 -1 0 15,0 0.001 0 -1 15,3 0.001 1 -1 0.008 50 14,12 0.001 0 -1 15,14 0.001 1 1 15,12 0.002 0 -1 0.0091 65 ::f,2,13 f,3,1 f,13,13 f,15,1 
6:0,3 0.001 -1 1 0,2 0.001 0 1 0,0 0.001 -1 0 0.007 50 0,15 0.001 1 1 0,13 0.001 -1 1 3,12 0.001 -1 0 1.0062 80 12,0 0.001 -1 0 15,0 0.001 -1 -1 15,3 0.001 0 -1 0.008 50 14,12 0.001 -1 -1 15,14 0.001 1 1 15,12 0.001 0 -1 0.0091 65 ::f,2,13 f,3,1 f,13,13 f,15,1 
7:0,3 0.001 0 1 0,2 0.001 0 1 0,0 0.001 -1 1 0.007 50 0,15 0.001 1 0 0,13 0.001 0 1 2,12 0.001 -1 0 1.0072 80 12,0 0.001 -1 1 15,0 0.001 -1 0 15,2 0.001 0 -1 0.009 50 14,12 0.001 -1 0 15,14 0.001 1 0 15,12 0.001 -1 -1 0.0091 65 ::f,2,13 f,3,1 f,13,13 f,15,1 
8:0,3 0.001 1 1 0,2 0.001 1 1 0,0 0.001 0 1 0.007 50 1,15 0.001 1 0 0,14 0.001 0 1 1,12 0.001 -1 0 1.0102 80 12,0 0.001 0 1 14,0 0.001 -1 0 15,2 0.001 0 -1 0.0101 65 13,12 0.001 -1 0 15,14 0.001 1 -1 15,12 0.001 -1 0 0.0101 65 ::f,2,13 f,3,1 f,13,13 f,14,2 
9:0,3 0.001 1 0 1,3 0.001 1 1 0,1 0.001 0 1 0.009 50 2,15 0.001 1 0 0,15 0.001 0 1 0,12 0.001 -1 0 1.0132 80 12,1 0.001 0 1 13,0 0.001 -1 0 15,1 0.001 0 -1 0.0131 65 12,12 0.001 -1 0 15,14 0.001 0 -1 14,12 0.001 -1 0 0.0121 65 ::f,2,13 f,3,1 f,13,13 f,14,2 
10:0,3 0.001 1 0 1,3 0.001 1 1 0,2 0.001 0 1 0.01 50 3,15 0.001 1 0 0,15 0.001 0 1 0,12 0.001 -1 0 1.0142 80 12,2 0.001 0 1 12,0 0.001 -1 0 15,0 0.001 0 -1 0.0161 65 12,12 0.001 -1 0 15,13 0.001 0 -1 13,12 0.001 -1 0 0.0141 65 ::f,2,13 f,3,1 f,13,13 f,14,2 
11:0,3 0.001 1 0 1,3 0.001 1 0 0,2 0.001 0 1 0.01 50 3,15 0.001 1 0 0,15 0.001 1 1 0,12 0.001 -1 1 1.0142 80 12,3 0.001 0 1 12,0 0.001 -1 0 15,0 0.001 0 -1 0.0171 65 12,12 0.001 -1 1 15,12 0.001 0 -1 13,12 0.001 -1 0 0.0151 65 ::f,2,13 f,3,1 f,13,13 f,14,2 
12:0,3 0.001 1 -1 2,3 0.001 1 0 0,2 0.001 0 1 0.011 50 3,15 0.001 1 -1 0,15 0.001 1 0 0,12 0.001 0 1 1.0142 80 12,3 0.001 0 1 12,0 0.001 -1 1 15,0 0.001 -1 -1 0.0171 65 12,12 0.001 0 1 15,12 0.001 0 -1 13,12 0.001 -1 0 0.0151 65 ::f,2,13 f,3,1 f,13,13 f,14,2 
13:1,2 0.001 1 -1 3,3 0.001 1 0 0,3 0.001 0 1 0.014 50 3,15 0.001 0 -1 1,15 0.001 1 0 0,13 0.001 0 1 1.0162 80 12,3 0.001 1 1 12,0 0.001 0 1 15,0 0.001 -1 0 0.0171 65 12,13 0.001 0 1 15,12 0.001 -1 -1 12,12 0.001 -1 0 0.0171 65 ::f,2,13 f,3,1 f,13,13 f,14,2 
14:2,1 0.001 1 -1 3,3 0.001 1 0 0,3 0.001 0 1 0.015 50 3,14 0.001 0 -1 2,15 0.001 1 0 0,14 0.001 0 1 1.0192 80 12,3 0.001 1 0 12,1 0.001 0 1 14,0 0.001 -1 0 0.0191 65 12,14 0.001 0 1 15,12 0.001 -1 0 12,12 0.001 -1 0 0.0181 65 ::f,2,13 f,3,1 f,13,13 f,14,2 
15:3,0 0.001 1 -1 3,3 0.001 1 -1 0,3 0.001 1 1 0.016 50 3,13 0.001 0 -1 3,15 0.001 1 0 0,15 0.001 0 1 1.0222 80 13,3 0.001 1 0 12,2 0.001 0 1 13,0 0.001 -1 0 0.0221 65 12,15 0.001 0 1 14,12 0.001 -1 0 12,12 0.001 -1 1 0.0201 65 ::f,2,13 f,3,1 f,13,13 f,14,2 
16:3,0 0.001 1 -1 3,3 0.001 0 -1 0,3 0.001 1 0 0.016 50 3,12 0.001 0 -1 3,15 0.001 1 0 0,15 0.001 0 1 1.0232 80 14,3 0.001 1 0 12,3 0.001 0 1 12,0 0.001 -1 0 0.0251 65 12,15 0.001 0 1 13,12 0.001 -1 0 12,12 0.001 0 1 0.0211 65 ::f,2,13 f,3,1 f,13,13 f,14,2 
17:3,0 0.001 0 -1 3,2 0.001 0 -1 1,3 0.001 1 0 0.018 50 3,12 0.001 0 -1 3,15 0.001 1 -1 0,15 0.001 1 1 1.0232 80 15,3 0.001 1 0 12,3 0.001 0 1 12,0 0.001 -1 0 0.0261 65 12,15 0.001 1 1 13,12 0.001 -1 0 12,13 0.001 0 1 0.0221 65 ::f,2,13 f,3,1 f,13,13 f,14,2 
18:3,0 0.001 -1 -1 3,2 0.001 0 -1 2,3 0.001 1 0 0.0191 65 3,12 0.001 -1 -1 3,15 0.001 0 -1 0,15 0.001 1 0 1.0232 80 15,3 0.001 1 0 12,3 0.001 1 1 12,0 0.001 -1 1 0.0261 65 12,15 0.001 1 0 12,12 0.001 -1 0 12,14 0.001 0 1 0.0241 65 ::f,2,13 f,3,3 f,13,13 f,14,2 
19:3,0 0.001 -1 0 3,1 0.001 0 -1 2,3 0.001 1 0 0.0202 80 3,12 0.001 -1 0 3,14 0.001 0 -1 1,15 0.001 1 0 1.0252 80 15,3 0.001 1 -1 12,3 0.001 1 0 12,0 0.001 0 1 0.0261 65 13,15 0.001 1 0 12,12 0.001 -1 0 12,15 0.001 0 1 0.0261 65 ::f,2,13 f,3,2 f,13,13 f,14,2 
20:2,0 0.001 -1 0 3,0 0.001 0 -1 3,3 0.001 1 0 0.0232 80 2,12 0.001 -1 0 3,13 0.001 0 -1 2,15 0.001 1 0 1.0282 80 15,3 0.001 0 -1 13,3 0.001 1 0 12,1 0.001 0 1 0.0281 65 14,15 0.001 1 0 12,12 0.001 -1 1 12,15 0.001 0 1 0.0271 65 ::f,2,13 f,3,2 f,13,13 f,14,2 
21:1,0 0.001 -1 0 3,0 0.001 0 -1 3,3 0.001 1 0 0.0242 80 1,12 0.001 -1 0 3,12 0.001 0 -1 3,15 0.001 1 0 1.0312 80 15,2 0.001 0 -1 14,3 0.001 1 0 12,2 0.001 0 1 0.0311 65 15,15 0.001 1 0 12,12 0.001 0 1 12,15 0.001 1 1 0.0281 65 ::f,2,13 f,3,2 f,13,13 f,14,2 
22:0,0 0.001 -1 0 3,0 0.001 -1 -1 3,3 0.001 1 -1 0.0252 80 0,12 0.001 -1 0 3,12 0.001 0 -1 3,15 0.001 1 0 1.0322 80 15,1 0.001 0 -1 15,3 0.001 1 0 12,3 0.001 0 1 0.0341 65 15,15 0.001 1 0 12,13 0.001 0 1 12,15 0.001 1 0 0.0291 65 ::f,2,13 f,3,2 f,13,13 f,14,2 
23:0,0 0.001 -1 0 3,0 0.001 -1 0 3,3 0.001 0 -1 0.0252 80 0,12 0.001 -1 0 3,12 0.001 -1 -1 3,15 0.001 1 -1 1.0322 80 15,0 0.001 0 -1 15,3 0.001 1 0 12,3 0.001 0 1 0.0351 65 15,15 0.001 1 -1 12,14 0.001 0 1 13,15 0.001 1 0 0.0311 65 ::f,2,13 f,3,2 f,13,13 f,14,2 
24:0,0 0.001 -1 1 2,0 0.001 -1 0 3,3 0.001 0 -1 0.0262 80 0,12 0.001 -1 1 3,12 0.001 -1 0 3,15 0.001 0 -1 1.0322 80 15,0 0.001 0 -1 15,3 0.001 1 -1 12,3 0.001 1 1 0.0351 65 15,15 0.001 0 -1 12,15 0.001 0 1 14,15 0.001 1 0 0.0331 65 ::f,2,13 f,3,2 f,13,13 f,14,2 
25:0,0 0.001 0 1 1,0 0.001 -1 0 3,3 0.001 0 -1 1.0273 95 0,12 0.001 0 1 2,12 0.001 -1 0 3,14 0.001 0 -1 1.0342 80 15,0 0.001 -1 -1 15,3 0.001 0 -1 12,3 0.001 1 0 0.0351 65 15,14 0.001 0 -1 12,15 0.001 0 1 15,15 0.001 1 0 0.0351 65 ::f,0,3 f,2,13 f,13,13 f,14,2 
26:0,1 0.001 0 1 0,0 0.001 -1 0 3,2 0.001 0 -1 1.0303 95 0,13 0.001 0 1 1,12 0.001 -1 0 3,13 0.001 0 -1 1.0372 80 15,0 0.001 -1 0 15,2 0.001 0 -1 13,3 0.001 1 0 0.0371 65 15,13 0.001 0 -1 12,15 0.001 1 1 15,15 0.001 1 0 0.0361 65 ::f,0,3 f,2,13 f,13,13 f,14,2 
27:0,2 0.001 0 1 0,0 0.001 -1 0 3,1 0.001 0 -1 1.0323 95 0,14 0.001 0 1 0,12 0.001 -1 0 3,12 0.001 0 -1 1.0402 80 14,0 0.001 -1 0 15,1 0.001 0 -1 14,3 0.001 1 0 0.0401 65 15,12 0.001 0 -1 12,15 0.001 1 0 15,15 0.001 1 -1 0.0371 65 ::f,0,3 f,2,13 f,13,13 f,14,2 
28:0,2 0.001 0 1 0,0 0.001 -1 1 3,0 0.001 0 -1 1.0334 110 0,15 0.001 0 1 0,12 0.001 -1 0 3,12 0.001 0 -1 1.0412 80 13,0 0.001 -1 0 15,0 0.001 0 -1 15,3 0.001 1 0 0.0431 65 15,12 0.001 0 -1 13,15 0.001 1 0 15,15 0.001 0 -1 0.0381 65 ::f,1,1 f,2,13 f,13,13 f,14,2 
29:0,3 0.001 0 1 0,0 0.001 0 1 3,0 0.001 0 -1 1.0344 110 0,15 0.001 0 1 0,12 0.001 -1 1 3,12 0.001 -1 -1 1.0412 80 12,0 0.001 -1 0 15,0 0.001 0 -1 15,3 0.001 1 0 0.0441 65 15,12 0.001 -1 -1 14,15 0.001 1 0 15,14 0.001 0 -1 0.0401 65 ::f,1,1 f,2,13 f,13,13 f,14,2 
30:0,3 0.001 0 1 0,1 0.001 0 1 3,0 0.001 -1 -1 1.0354 110 0,15 0.001 1 1 0,12 0.001 0 1 3,12 0.001 -1 0 1.0412 80 12,0 0.001 -1 0 15,0 0.001 -1 -1 15,3 0.001 1 -1 0.0441 65 15,12 0.001 -1 0 15,15 0.001 1 0 15,13 0.001 0 -1 0.0421 65 ::f,1,1 f,2,13 f,13,13 f,14,2 
31:0,3 0.001 1 1 0,2 0.001 0 1 3,0 0.001 -1 0 1.0364 110 0,15 0.001 1 0 0,13 0.001 0 1 2,12 0.001 -1 0 1.0432 80 12,0 0.001 -1 1 15,0 0.001 -1 0 15,3 0.001 0 -1 0.0441 65 14,12 0.001 -1 0 15,15 0.001 1 0 15,12 0.001 0 -1 0.0441 65 ::f,1,1 f,2,13 f,13,13 f,14,2 
32:0,3 0.001 1 0 0,2 0.001 0 1 2,0 0.001 -1 0 1.0374 110 1,15 0.001 1 0 0,14 0.001 0 1 1,12 0.001 -1 0 1.0462 80 12,0 0.001 0 1 14,0 0.001 -1 0 15,2 0.001 0 -1 0.0461 65 13,12 0.001 -1 0 15,15 0.001 1 -1 15,12 0.001 0 -1 0.0451 65 ::f,1,1 f,2,13 f,13,13 f,14,2 
33:1,3 0.001 1 0 0,3 0.001 0 1 1,0 0.001 -1 0 1.0404 110 2,15 0.001 1 0 0,15 0.001 0 1 0,12 0.001 -1 0 1.0492 80 12,1 0.001 0 1 13,0 0.001 -1 0 15,1 0.001 0 -1 0.0491 65 12,12 0.001 -1 0 15,15 0.001 0 -1 15,12 0.001 -1 -1 0.0461 65 ::f,1,1 f,2,13 f,13,13 f,14,2 
34:2,3 0.001 1 0 0,3 0.001 0 1 0,0 0.001 -1 0 1.0424 110 3,15 0.001 1 0 0,15 0.001 0 1 0,12 0.001 -1 0 1.0502 80 12,2 0.001 0 1 12,0 0.001 -1 0 15,0 0.001 0 -1 0.0521 65 12,12 0.001 -1 0 15,14 0.001 0 -1 15,12 0.001 -1 0 0.0471 65 ::f,1,1 f,2,13 f,13,13 f,14,2 
35:3,3 0.001 1 0 0,3 0.001 1 1 0,0 0.001 -1 0 1.0434 110 3,15 0.001 1 0 0,15 0.001 1 1 0,12 0.001 -1 1 1.0502 80 12,3 0.001 0 1 12,0 0.001 -1 0 15,0 0.001 0 -1 0.0531 65 12,12 0.001 -1 1 15,13 0.001 0 -1 14,12 0.001 -1 0 0.0491 65 ::f,1,1 f,2,13 f,13,13 f,14,2 
36:3,3 0.001 1 0 0,3 0.001 1 0 0,0 0.001 -1 1 1.0434 110 3,15 0.001 1 -1 0,15 0.001 1 0 0,12 0.001 0 1 1.0502 80 12,3 0.001 0 1 12,0 0.001 -1 1 15,0 0.001 -1 -1 0.0531 65 12,12 0.001 0 1 15,12 0.001 0 -1 13,12 0.001 -1 0 0.0511 65 ::f,1,1 f,2,13 f,13,13 f,14,2 
37:3,3 0.001 1 -1 1,3 0.001 1 0 0,0 0.001 0 1 1.0444 110 3,15 0.001 0 -1 1,15 0.001 1 0 0,13 0.001 0 1 1.0522 80 12,3 0.001 1 1 12,0 0.001 0 1 15,0 0.001 -1 0 0.0531 65 12,13 0.001 0 1 15,12 0.001 0 -1 12,12 0.001 -1 0 0.0531 65 ::f,1,1 f,2,13 f,13,13 f,14,2 
38:3,3 0.001 0 -1 2,3 0.001 1 0 0,1 0.001 0 1 1.0464 110 3,14 0.001 0 -1 2,15 0.001 1 0 0,14 0.001 0 1 1.0552 80 12,3 0.001 1 0 12,1 0.001 0 1 14,0 0.001 -1 0 0.0551 65 12,14 0.001 0 1 15,12 0.001 -1 -1 12,12 0.001 -1 0 0.0541 65 ::f,1,1 f,2,13 f,13,13 f,14,2 
39:3,2 0.001 0 -1 3,3 0.001 1 0 0,2 0.001 0 1 1.0494 110 3,13 0.001 0 -1 3,15 0.001 1 0 0,15 0.001 0 1 1.0582 80 13,3 0.001 1 0 12,2 0.001 0 1 13,0 0.001 -1 0 0.0581 65 12,15 0.001 0 1 15,12 0.001 -1 0 12,12 0.001 -1 1 0.0551 65 ::f,1,1 f,2,13 f,13,13 f,14,2 
40:3,1 0.001 0 -1 3,3 0.001 1 0 0,3 0.001 0 1 1.0514 110 3,12 0.001 0 -1 3,15 0.001 1 0 0,15 0.001 0 1 1.0592 80 14,3 0.001 1 0 12,3 0.001 0 1 12,0 0.001 -1 0 0.0611 65 12,15 0.001 0 1 14,12 0.001 -1 0 12,12 0.001 0 1 0.0561 65 ::f,1,1 f,2,13 f,13,13 f,14,2 
41:3,0 0.001 0 -1 3,3 0.001 1 -1 0,3 0.001 0 1 1.0524 110 3,12 0.001 0 -1 3,15 0.001 1 -1 0,15 0.001 1 1 1.0592 80 15,3 0.001 1 0 12,3 0.001 0 1 12,0 0.001 -1 0 0.0621 65 12,15 0.001 1 1 13,12 0.001 -1 0 12,13 0.001 0 1 0.0581 65 ::f,1,1 f,2,13 f,13,13 f,14,2 
42:3,0 0.001 0 -1 3,3 0.001 0 -1 0,3 0.001 1 1 1.0524 110 3,12 0.001 -1 -1 3,15 0.001 0 -1 0,15 0.001 1 0 1.0592 80 15,3 0.001 1 0 12,3 0.001 1 1 12,0 0.001 -1 1 0.0621 65 12,15 0.001 1 0 12,12 0.001 -1 0 12,14 0.001 0 1 0.0601 65 ::f,1,1 f,2,13 f,13,13 f,14,2 
43:3,0 0.001 -1 -1 3,2 0.001 0 -1 0,3 0.001 1 0 1.0534 110 3,12 0.001 -1 0 3,14 0.001 0 -1 1,15 0.001 1 0 1.0612 80 15,3 0.001 1 -1 12,3 0.001 1 0 12,0 0.001 0 1 0.0621 65 13,15 0.001 1 0 12,12 0.001 -1 0 12,15 0.001 0 1 0.0621 65 ::f,1,1 f,2,13 f,13,13 f,14,2 
44:3,0 0.001 -1 0 3,1 0.001 0 -1 1,3 0.001 1 0 1.0554 110 2,12 0.001 -1 0 3,13 0.001 0 -1 2,15 0.001 1 0 1.0642 80 15,3 0.001 0 -1 13,3 0.001 1 0 12,1 0.001 0 1 0.0641 65 14,15 0.001 1 0 12,12 0.001 -1 1 12,15 0.001 0 1 0.0631 65 ::f,1,1 f,2,13 f,13,13 f,14,2 
45:2,0 0.001 -1 0 3,0 0.001 0 -1 2,3 0.001 1 0 1.0584 110 1,12 0.001 -1 0 3,12 0.001 0 -1 3,15 0.001 1 0 1.0672 80 15,2 0.001 0 -1 14,3 0.001 1 0 12,2 0.001 0 1 0.0671 65 15,15 0.001 1 0 12,12 0.001 0 1 12,15 0.001 1 1 0.0641 65 ::f,1,1 f,2,13 f,13,13 f,14,2 
46:1,0 0.001 -1 0 3,0 0.001 0 -1 3,3 0.001 1 0 1.0604 110 0,12 0.001 -1 0 3,12 0.001 0 -1 3,15 0.001 1 0 1.0682 80 15,1 0.001 0 -1 15,3 0.001 1 0 12,3 0.001 0 1 0.0701 65 15,15 0.001 1 0 12,13 0.001 0 1 12,15 0.001 1 0 0.0651 65 ::f,1,1 f,2,13 f,13,13 f,14,2 
47:0,0 0.001 -1 0 3,0 0.001 -1 -1 3,3 0.001 1 0 1.0614 110 0,12 0.001 -1 0 3,12 0.001 -1 -1 3,15 0.001 1 -1 1.0682 80 15,0 0.001 0 -1 15,3 0.001 1 0 12,3 0.001 0 1 0.0711 65 15,15 0.001 1 -1 12,14 0.001 0 1 13,15 0.001 1 0 0.0671 65 ::f,1,1 f,2,13 f,13,13 f,14,2 
48:0,0 0.001 -1 0 3,0 0.001 -1 0 3,3 0.001 1 -1 1.0614 110 0,12 0.001 -1 1 3,12 0.001 -1 0 3,15 0.001 0 -1 1.0682 80 15,0 0.001 0 -1 15,3 0.001 1 -1 12,3 0.001 1 1 0.0711 65 15,15 0.001 0 -1 12,15 0.001 0 1 14,15 0.001 1 0 0.0691 65 ::f,1,1 f,2,13 f,13,13 f,14,2 
49:0,0 0.001 -1 1 2,0 0.001 -1 0 3,3 0.001 0 -1 1.0624 110 0,12 0.001 0 1 2,12 0.001 -1 0 3,14 0.001 0 -1 1.0702 80 15,0 0.001 -1 -1 15,3 0.001 0 -1 12,3 0.001 1 0 0.0711 65 15,14 0.001 0 -1 12,15 0.001 0 1 15,15 0.001 1 0 0.0711 65 ::f,1,1 f,2,13 f,13,13 f,14,2 
50:0,0 0.001 0 1 1,0 0.001 -1 0 3,2 0.001 0 -1 1.0644 110 0,13 0.001 0 1 1,12 0.001 -1 0 3,13 0.001 0 -1 1.0732 80 15,0 0.001 -1 0 15,2 0.001 0 -1 13,3 0.001 1 0 0.0731 65 15,13 0.001 0 -1 12,15 0.001 1 1 15,15 0.001 1 0 0.0721 65 ::f,1,1 f,2,13 f,13,13 f,14,2 
51:0,1 0.001 0 1 0,0 0.001 -1 0 3,1 0.001 0 -1 1.0674 110 0,14 0.001 0 1 0,12 0.001 -1 0 3,12 0.001 0 -1 1.0762 80 14,0 0.001 -1 0 15,1 0.001 0 -1 14,3 0.001 1 0 0.0761 65 15,12 0.001 0 -1 12,15 0.001 1 0 15,15 0.001 1 -1 0.0731 65 ::f,1,1 f,2,13 f,13,13 f,14,2 
52:0,2 0.001 0 1 0,0 0.001 -1 0 3,0 0.001 0 -1 1.0694 110 0,15 0.001 0 1 0,12 0.001 -1 0 3,12 0.001 0 -1 1.0772 80 13,0 0.001 -1 0 15,0 0.001 0 -1 15,3 0.001 1 0 0.0791 65 15,12 0.001 0 -1 13,15 0.001 1 0 15,15 0.001 0 -1 0.0741 65 ::f,1,1 f,2,13 f,13,13 f,14,2 
53:0,3 0.001 0 1 0,0 0.001 -1 1 3,0 0.001 0 -1 1.0704 110 0,15 0.001 0 1 0,12 0.001 -1 1 3,12 0.001 -1 -1 1.0772 80 12,0 0.001 -1 0 15,0 0.001 0 -1 15,3 0.001 1 0 0.0801 65 15,12 0.001 -1 -1 14,15 0.001 1 0 15,14 0.001 0 -1 0.0761 65 ::f,1,1 f,2,13 f,13,13 f,14,2 
54:0,3 0.001 0 1 0,0 0.001 0 1 3,0 0.001 -1 -1 1.0704 110 0,15 0.001 1 1 0,12 0.001 0 1 3,12 0.001 -1 0 1.0772 80 12,0 0.001 -1 0 15,0 0.001 -1 -1 15,3 0.001 1 -1 0.0801 65 15,12 0.001 -1 0 15,15 0.001 1 0 15,13 0.001 0 -1 0.0781 65 ::f,1,1 f,2,13 f,13,13 f,14,2 
55:0,3 0.001 1 1 0,1 0.001 0 1 3,0 0.001 -1 0 1.0714 110 0,15 0.001 1 0 0,13 0.001 0 1 2,12 0.001 -1 0 1.0792 80 12,0 0.001 -1 1 15,0 0.001 -1 0 15,3 0.001 0 -1 0.0801 65 14,12 0.001 -1 0 15,15 0.001 1 0 15,12 0.001 0 -1 0.0801 65 ::f,1,1 f,2,13 f,13,13 f,14,2 
56:0,3 0.001 1 0 0,2 0.001 0 1 2,0 0.001 -1 0 1.0734 110 1,15 0.001 1 0 0,14 0.001 0 1 1,12 0.001 -1 0 1.0822 80 12,0 0.001 0 1 14,0 0.001 -1 0 15,2 0.001 0 -1 0.0821 65 13,12 0.001 -1 0 15,15 0.001 1 -1 15,12 0.001 0 -1 0.0811 65 ::f,1,1 f,2,13 f,13,13 f,14,2 
57:1,3 0.001 1 0 0,3 0.001 0 1 1,0 0.001 -1 0 1.0764 110 2,15 0.001 1 0 0,15 0.001 0 1 0,12 0.001 -1 0 1.0852 80 12,1 0.001 0 1 13,0 0.001 -1 0 15,1 0.001 0 -1 0.0851 65 12,12 0.001 -1 0 15,15 0.001 0 -1 15,12 0.001 -1 -1 0.0821 65 ::f,1,1 f,2,13 f,13,13 f,14,2 
58:2,3 0.001 1 0 0,3 0.001 0 1 0,0 0.001 -1 0 1.0784 110 3,15 0.001 1 0 0,15 0.001 0 1 0,12 0.001 -1 0 1.0862 80 12,2 0.001 0 1 12,0 0.001 -1 0 15,0 0.001 0 -1 0.0881 65 12,12 0.001 -1 0 15,14 0.001 0 -1 15,12 0.001 -1 0 0.0831 65 ::f,1,1 f,2,13 f,13,13 f,14,2 
59:3,3 0.001 1 0 0,3 0.001 1 1 0,0 0.001 -1 0 1.0794 110 3,15 0.001 1 0 0,15 0.001 1 1 0,12 0.001 -1 1 1.0862 80 12,3 0.001 0 1 12,0 0.001 -1 0 15,0 0.001 0 -1 0.0891 65 12,12 0.001 -1 1 15,13 0.001 0 -1 14,12 0.001 -1 0 0.0851 65 ::f,1,1 f,2,13 f,13,13 f,14,2 
60:3,3 0.001 1 0 0,3 0.001 1 0 0,0 0.001 -1 1 1.0794 110 3,15 0.001 1 -1 0,15 0.001 1 0 0,12 0.001 0 1 1.0862 80 12,3 0.001 0 1 12,0 0.001 -1 1 15,0 0.001 -1 -1 0.0891 65 12,12 0.001 0 1 15,12 0.001 0 -1 13,12 0.001 -1 0 0.0871 65 ::f,1,1 f,2,13 f,13,13 f,14,2 
61:3,3 0.001 1 -1 1,3 0.001 1 0 0,0 0.001 0 1 1.0804 110 3,15 0.001 0 -1 1,15 0.001 1 0 0,13 0.001 0 1 1.0882 80 12,3 0.001 1 1 12,0 0.001 0 1 15,0 0.001 -1 0 0.0891 65 12,13 0.001 0 1 15,12 0.001 0 -1 12,12 0.001 -1 0 0.0891 65 ::f,1,1 f,2,13 f,13,13 f,14,2 
62:3,3 0.001 0 -1 2,3 0.001 1 0 0,1 0.001 0 1 1.0824 110 3,14 0.001 0 -1 2,15 0.001 1 0 0,14 0.001 0 1 1.0912 80 12,3 0.001 1 0 12,1 0.001 0 1 14,0 0.001 -1 0 0.0911 65 12,14 0.001 0 1 15,12 0.001 -1 -1 12,12 0.001 -1 0 0.0901 65 ::f,1,1 f,2,13 f,13,13 f,14,2 
63:3,2 0.001 0 -1 3,3 0.001 1 0 0,2 0.001 0 1 1.0854 110 3,13 0.001 0 -1 3,15 0.001 1 0 0,15 0.001 0 1 1.0942 80 13,3 0.001 1 0 12,2 0.001 0 1 13,0 0.001 -1 0 0.0941 65 12,15 0.001 0 1 15,12 0.001 -1 0 12,12 0.001 -1 1 0.0911 65 ::f,1,1 f,2,13 f,13,13 f,14,2 
64:3,1 0.001 0 -1 3,3 0.001 1 0 0,3 0.001 0 1 1.0874 110 3,12 0.001 0 -1 3,15 0.001 1 0 0,15 0.001 0 1 1.0952 80 14,3 0.001 1 0 12,3 0.001 0 1 12,0 0.001 -1 0 0.0971 65 12,15 0.001 0 1 14,12 0.001 -1 0 12,12 0.001 0 1 0.0921 65 ::f,1,1 f,2,13 f,13,13 f,14,2 
65:3,0 0.001 0 -1 3,3 0.001 1 -1 0,3 0.001 0 1 1.0884 110 3,12 0.001 0 -1 3,15 0.001 1 -1 0,15 0.001 1 1 1.0952 80 15,3 0.001 1 0 12,3 0.001 0 1 12,0 0.001 -1 0 0.0981 65 12,15 0.001 1 1 13,12 0.001 -1 0 12,13 0.001 0 1 0.0941 65 ::f,1,1 f,2,13 f,13,13 f,14,2 
66:3,0 0.001 0 -1 3,3 0.001 0 -1 0,3 0.001 1 1 1.0884 110 3,12 0.001 -1 -1 3,15 0.001 0 -1 0,15 0.001 1 0 1.0952 80 15,3 0.001 1 0 12,3 0.001 1 1 12,0 0.001 -1 1 0.0981 65 12,15 0.001 1 0 12,12 0.001 -1 0 12,14 0.001 0 1 0.0961 65 ::f,1,1 f,2,13 f,13,13 f,14,2 
67:3,0 0.001 -1 -1 3,2 0.001 0 -1 0,3 0.001 1 0 1.0894 110 3,12 0.001 -1 0 3,14 0.001 0 -1 1,15 0.001 1 0 1.0972 80 15,3 0.001 1 -1 12,3 0.001 1 0 12,0 0.001 0 1 0.0981 65 13,15 0.001 1 0 12,12 0.001 -1 0 12,15 0.001 0 1 0.0981 65 ::f,1,1 f,2,13 f,13,13 f,14,2 
68:3,0 0.001 -1 0 3,1 0.001 0 -1 1,3 0.001 1 0 1.0914 110 2,12 0.001 -1 0 3,13 0.001 0 -1 2,15 0.001 1 0 1.1002 80 15,3 0.001 0 -1 13,3 0.001 1 0 12,1 0.001 0 1 0.1001 65 14,15 0.001 1 0 12,12 0.001 -1 1 12,15 0.001 0 1 0.0991 65 ::f,1,1 f,2,13 f,13,13 f,14,2 
69:2,0 0.001 -1 0 3,0 0.001 0 -1 2,3 0.001 1 0 1.0944 110 1,12 0.001 -1 0 3,12 0.001 0 -1 3,15 0.001 1 0 1.1032 80 15,2 0.001 0 -1 14,3 0.001 1 0 12,2 0.001 0 1 0.1031 65 15,15 0.001 1 0 12,12 0.001 0 1 12,15 0.001 1 1 0.1001 65 ::f,1,1 f,2,13 f,13,13 f,14,2 
70:1,0 0.001 -1 0 3,0 0.001 0 -1 3,3 0.001 1 0 1.0964 110 0,12 0.001 -1 0 3,12 0.001 0 -1 3,15 0.001 1 0 1.1042 80 15,1 0.001 0 -1 15,3 0.001 1 0 12,3 0.001 0 1 0.1061 65 15,15 0.001 1 0 12,13 0.001 0 1 12,15 0.001 1 0 0.1011 65 ::f,1,1 f,2,13 f,13,13 f,14,2 
71:0,0 0.001 -1 0 3,0 0.001 -1 -1 3,3 0.001 1 0 1.0974 110 0,12 0.001 -1 0 3,12 0.001 -1 -1 3,15 0.001 1 -1 1.1042 80 15,0 0.001 0 -1 15,3 0.001 1 0 12,3 0.001 0 1 0.1071 65 15,15 0.001 1 -1 12,14 0.001 0 1 13,15 0.001 1 0 0.1031 65 ::f,1,1 f,2,13 f,13,13 f,14,2 
72:0,0 0.001 -1 0 3,0 0.001 -1 0 3,3 0.001 1 -1 1.0974 110 0,12 0.001 -1 1 3,12 0.001 -1 0 3,15 0.001 0 -1 1.1042 80 15,0 0.001 0 -1 15,3 0.001 1 -1 12,3 0.001 1 1 0.1071 65 15,15 0.001 0 -1 12,15 0.001 0 1 14,15 0.001 1 0 0.1051 65 ::f,1,1 f,2,13 f,13,13 f,14,2 
73:0,0 0.001 -1 1 2,0 0.001 -1 0 3,3 0.001 0 -1 1.0984 110 0,12 0.001 0 1 2,12 0.001 -1 0 3,14 0.001 0 -1 1.1062 80 15,0 0.001 -1 -1 15,3 0.001 0 -1 12,3 0.001 1 0 0.1071 65 15,14 0.001 0 -1 12,15 0.001 0 1 15,15 0.001 1 0 0.1071 65 ::f,1,1 f,2,13 f,13,13 f,14,2 
74:0,0 0.001 0 1 1,0 0.001 -1 0 3,2 0.001 0 -1 1.1004 110 0,13 0.001 0 1 1,12 0.001 -1 0 3,13 0.001 0 -1 1.1092 80 15,0 0.001 -1 0 15,2 0.001 0 -1 13,3 0.001 1 0 0.1091 65 15,13 0.001 0 -1 12,15 0.001 1 1 15,15 0.001 1 0 0.1081 65 ::f,1,1 f,2,13 f,13,13 f,14,2 
75:0,1 0.001 0 1 0,0 0.001 -1 0 3,1 0.001 0 -1 1.1034 110 0,14 0.001 0 1 0,12 0.001 -1 0 3,12 0.001 0 -1 1.1122 80 14,0 0.001 -1 0 15,1 0.001 0 -1 14,3 0.001 1 0 0.1121 65 15,12 0.001 0 -1 12,15 0.001 1 0 15,15 0.001 1 -1 0.1091 65 ::f,1,1 f,2,13 f,13,13 f,14,2 
76:0,2 0.001 0 1 0,0 0.001 -1 0 3,0 0.001 0 -1 1.1054 110 0,15 0.001 0 1 0,12 0.001 -1 0 3,12 0.001 0 -1 1.1132 80 13,0 0.001 -1 0 15,0 0.001 0 -1 15,3 0.001 1 0 0.1151 65 15,12 0.001 0 -1 13,15 0.001 1 0 15,15 0.001 0 -1 0.1101 65 ::f,1,1 f,2,13 f,13,13 f,14,2 
77:0,3 0.001 0 1 0,0 0.001 -1 1 3,0 0.001 0 -1 1.1064 110 0,15 0.001 0 1 0,12 0.001 -1 1 3,12 0.001 -1 -1 1.1132 80 12,0 0.001 -1 0 15,0 0.001 0 -1 15,3 0.001 1 0 0.1161 65 15,12 0.001 -1 -1 14,15 0.001 1 0 15,14 0.001 0 -1 0.1121 65 ::f,1,1 f,2,13 f,13,13 f,14,2 
78:0,3 0.001 0 1 0,0 0.001 0 1 3,0 0.001 -1 -1 1.1064 110 0,15 0.001 1 1 0,12 0.001 0 1 3,12 0.001 -1 0 1.1132 80 12,0 0.001 -1 0 15,0 0.001 -1 -1 15,3 0.001 1 -1 0.1161 65 15,12 0.001 -1 0 15,15 0.001 1 0 15,13 0.001 0 -1 0.1141 65 ::f,1,1 f,2,13 f,13,13 f,14,2 
79:0,3 0.001 1 1 0,1 0.001 0 1 3,0 0.001 -1 0 1.1074 110 0,15 0.001 1 0 0,13 0.001 0 1 2,12 0.001 -1 0 1.1152 80 12,0 0.001 -1 1 15,0 0.001 -1 0 15,3 0.001 0 -1 0.1161 65 14,12 0.001 -1 0 15,15 0.001 1 0 15,12 0.001 0 -1 0.1161 65 ::f,1,1 f,2,13 f,13,13 f,14,2 
80:0,3 0.001 1 0 0,2 0.001 0 1 2,0 0.001 -1 0 1.1094 110 1,15 0.001 1 0 0,14 0.001 0 1 1,12 0.001 -1 0 1.1182 80 12,0 0.001 0 1 14,0 0.001 -1 0 15,2 0.001 0 -1 0.1181 65 13,12 0.001 -1 0 15,15 0.001 1 -1 15,12 0.001 0 -1 0.1171 65 ::f,1,1 f,2,13 f,13,13 f,14,2 
81:1,3 0.001 1 0 0,3 0.001 0 1 1,0 0.001 -1 0 1.1124 110 2,15 0.001 1 0 0,15 0.001 0 1 0,12 0.001 -1 0 1.1212 80 12,1 0.001 0 1 13,0 0.001 -1 0 15,1 0.001 0 -1 0.1211 65 12,12 0.001 -1 0 15,15 0.001 0 -1 15,12 0.001 -1 -1 0.1181 65 ::f,1,1 f,2,13 f,13,13 f,14,2 
82:2,3 0.001 1 0 0,3 0.001 0 1 0,0 0.001 -1 0 1.1144 110 3,15 0.001 1 0 0,15 0.001 0 1 0,12 0.001 -1 0 1.1222 80 12,2 0.001 0 1 12,0 0.001 -1 0 15,0 0.001 0 -1 0.1241 65 12,12 0.001 -1 0 15,14 0.001 0 -1 15,12 0.001 -1 0 0.1191 65 ::f,1,1 f,2,13 f,13,13 f,14,2 
83:3,3 0.001 1 0 0,3 0.001 1 1 0,0 0.001 -1 0 1.1154 110 3,15 0.001 1 0 0,15 0.001 1 1 0,12 0.001 -1 1 1.1222 80 12,3 0.001 0 1 12,0 0.001 -1 0 15,0 0.001 0 -1 0.1251 65 12,12 0.001 -1 1 15,13 0.001 0 -1 14,12 0.001 -1 0 0.1211 65 ::f,1,1 f,2,13 f,13,13 f,14,2 
84:3,3 0.001 1 0 0,3 0.001 1 0 0,0 0.001 -1 1 1.1154 110 3,15 0.001 1 -1 0,15 0.001 1 0 0,12 0.001 0 1 1.1222 80 12,3 0.001 0 1 12,0 0.001 -1 1 15,0 0.001 -1 -1 0.1251 65 12,12 0.001 0 1 15,12 0.001 0 -1 13,12 0.001 -1 0 0.1231 65 ::f,1,1 f,2,13 f,13,13 f,14,2 
85:3,3 0.001 1 -1 1,3 0.001 1 0 0,0 0.001 0 1 1.1164 110 3,15 0.001 0 -1 1,15 0.001 1 0 0,13 0.001 0 1 1.1242 80 12,3 0.001 1 1 12,0 0.001 0 1 15,0 0.001 -1 0 0.1251 65 12,13 0.001 0 1 15,12 0.001 0 -1 12,12 0.001 -1 0 0.1251 65 ::f,1,1 f,2,13 f,13,13 f,14,2 
86:3,3 0.001 0 -1 2,3 0.001 1 0 0,1 0.001 0 1 1.1184 110 3,14 0.001 0 -1 2,15 0.001 1 0 0,14 0.001 0 1 1.1272 80 12,3 0.001 1 0 12,1 0.001 0 1 14,0 0.001 -1 0 0.1271 65 12,14 0.001 0 1 15,12 0.001 -1 -1 12,12 0.001 -1 0 0.1261 65 ::f,1,1 f,2,13 f,13,13 f,14,2 
87:3,2 0.001 0 -1 3,3 0.001 1 0 0,2 0.001 0 1 1.1214 110 3,13 0.001 0 -1 3,15 0.001 1 0 0,15 0.001 0 1 1.1302 80 13,3 0.001 1 0 12,2 0.001 0 1 13,0 0.001 -1 0 0.1301 65 12,15 0.001 0 1 15,12 0.001 -1 0 12,12 0.001 -1 1 0.1271 65 ::f,1,1 f,2,13 f,13,13 f,14,2 
88:3,1 0.001 0 -1 3,3 0.001 1 0 0,3 0.001 0 1 1.1234 110 3,12 0.001 0 -1 3,15 0.001 1 0 0,15 0.001 0 1 1.1312 80 14,3 0.001 1 0 12,3 0.001 0 1 12,0 0.001 -1 0 0.1331 65 12,15 0.001 0 1 14,12 0.001 -1 0 12,12 0.001 0 1 0.1281 65 ::f,1,1 f,2,13 f,13,13 f,14,2 
89:3,0 0.001 0 -1 3,3 0.001 1 -1 0,3 0.001 0 1 1.1244 110 3,12 0.001 0 -1 3,15 0.001 1 -1 0,15 0.001 1 1 1.1312 80 15,3 0.001 1 0 12,3 0.001 0 1 12,0 0.001 -1 0 0.1341 65 12,15 0.001 1 1 13,12 0.001 -1 0 12,13 0.001 0 1 0.1301 65 ::f,1,1 f,2,13 f,13,13 f,14,2 
90:3,0 0.001 0 -1 3,3 0.001 0 -1 0,3 0.001 1 1 1.1244 110 3,12 0.001 -1 -1 3,15 0.001 0 -1 0,15 0.001 1 0 1.1312 80 15,3 0.001 1 0 12,3 0.001 1 1 12,0 0.001 -1 1 0.1341 65 12,15 0.001 1 0 12,12 0.001 -1 0 12,14 0.001 0 1 0.1321 65 ::f,1,1 f,2,13 f,13,13 f,14,2 
91:3,0 0.001 -1 -1 3,2 0.001 0 -1 0,3 0.001 1 0 1.1254 110 3,12 0.001 -1 0 3,14 0.001 0 -1 1,15 0.001 1 0 1.1332 80 15,3 0.001 1 -1 12,3 0.001 1 0 12,0 0.001 0 1 0.1341 65 13,15 0.001 1 0 12,12 0.001 -1 0 12,15 0.001 0 1 0.1341 65 ::f,1,1 f,2,13 f,13,13 f,14,2 
92:3,0 0.001 -1 0 3,1 0.001 0 -1 1,3 0.001 1 0 1.1274 110 2,12 0.001 -1 0 3,13 0.001 0 -1 2,15 0.001 1 0 1.1362 80 15,3 0.001 0 -1 13,3 0.001 1 0 12,1 0.001 0 1 0.1361 65 14,15 0.001 1 0 12,12 0.001 -1 1 12,15 0.001 0 1 0.1351 65 ::f,1,1 f,2,13 f,13,13 f,14,2 
93:2,0 0.001 -1 0 3,0 0.001 0 -1 2,3 0.001 1 0 1.1304 110 1,12 0.001 -1 0 3,12 0.001 0 -1 3,15 0.001 1 0 1.1392 80 15,2 0.001 0 -1 14,3 0.001 1 0 12,2 0.001 0 1 0.1391 65 15,15 0.001 1 0 12,12 0.001 0 1 12,15 0.001 1 1 0.1361 65 ::f,1,1 f,2,13 f,13,13 f,14,2 
94:1,0 0.001 -1 0 3,0 0.001 0 -1 3,3 0.001 1 0 1.1324 110 0,12 0.001 -1 0 3,12 0.001 0 -1 3,15 0.001 1 0 1.1402 80 15,1 0.001 0 -1 15,3 0.001 1 0 12,3 0.001 0 1 0.1421 65 15,15 0.001 1 0 12,13 0.001 0 1 12,15 0.001 1 0 0.1371 65 ::f,1,1 f,2,13 f,13,13 f,14,2 
95:0,0 0.001 -1 0 3,0 0.001 -1 -1 3,3 0.001 1 0 1.1334 110 0,12 0.001 -1 0 3,12 0.001 -1 -1 3,15 0.001 1 -1 1.1402 80 15,0 0.001 0 -1 15,3 0.001 1 0 12,3 0.001 0 1 0.1431 65 15,15 0.001 1 -1 12,14 0.001 0 1 13,15 0.001 1 0 0.1391 65 ::f,1,1 f,2,13 f,13,13 f,14,2 
96:0,0 0.001 -1 0 3,0 0.001 -1 0 3,3 0.001 1 -1 1.1334 110 0,12 0.001 -1 1 3,12 0.001 -1 0 3,15 0.001 0 -1 1.1402 80 15,0 0.001 0 -1 15,3 0.001 1 -1 12,3 0.001 1 1 0.1431 65 15,15 0.001 0 -1 12,15 0.001 0 1 14,15 0.001 1 0 0.1411 65 ::f,1,1 f,2,13 f,13,13 f,14,2 
97:0,0 0.001 -1 1 2,0 0.001 -1 0 3,3 0.001 0 -1 1.1344 110 0,12 0.001 0 1 2,12 0.001 -1 0 3,14 0.001 0 -1 1.1422 80 15,0 0.001 -1 -1 15,3 0.001 0 -1 12,3 0.001 1 0 0.1431 65 15,14 0.001 0 -1 12,15 0.001 0 1 15,15 0.001 1 0 0.1431 65 ::f,1,1 f,2,13 f,13,13 f,14,2 
98:0,0 0.001 0 1 1,0 0.001 -1 0 3,2 0.001 0 -1 1.1364 110 0,13 0.001 0 1 1,12 0.001 -1 0 3,13 0.001 0 -1 1.1452 80 15,0 0.001 -1 0 15,2 0.001 0 -1 13,3 0.001 1 0 0.1451 65 15,13 0.001 0 -1 12,15 0.001 1 1 15,15 0.001 1 0 0.1441 65 ::f,1,1 f,2,13 f,13,13 f,14,2 
99:0,1 0.001 0 1 0,0 0.001 -1 0 3,1 0.001 0 -1 1.1394 110 0,14 0.001 0 1 0,12 0.001 -1 0 3,12 0.001 0 -1 1.1482 80 14,0 0.001 -1 0 15,1 0.001 0 -1 14,3 0.001 1 0 0.1481 65 15,12 0.001 0 -1 12,15 0.001 1 0 15,15 0.001 1 -1 0.1451 65 ::f,1,1 f,2,13 f,13,13 f,14,2 
100:0,2 0.001 0 1 0,0 0.001 -1 0 3,0 0.001 0 -1 1.1414 110 0,15 0.001 0 1 0,12 0.001 -1 0 3,12 0.001 0 -1 1.1492 80 13,0 0.001 -1 0 15,0 0.001 0 -1 15,3 0.001 1 0 0.1511 65 15,12 0.001 0 -1 13,15 0.001 1 0 15,15 0.001 0 -1 0.1461 65 ::f,1,1 f,2,13 f,13,13 f,14,2 
101:0,3 0.001 0 1 0,0 0.001 -1 1 3,0 0.001 0 -1 1.1424 110 0,15 0.001 0 1 0,12 0.001 -1 1 3,12 0.001 -1 -1 1.1492 80 12,0 0.001 -1 0 15,0 0.001 0 -1 15,3 0.001 1 0 0.1521 65 15,12 0.001 -1 -1 14,15 0.001 1 0 15,14 0.001 0 -1 0.1481 65 ::f,1,1 f,2,13 f,13,13 f,14,2 
102:0,3 0.001 0 1 0,0 0.001 0 1 3,0 0.001 -1 -1 1.1424 110 0,15 0.001 1 1 0,12 0.001 0 1 3,12 0.001 -1 0 1.1492 80 12,0 0.001 -1 0 15,0 0.001 -1 -1 15,3 0.001 1 -1 0.1521 65 15,12 0.001 -1 0 15,15 0.001 1 0 15,13 0.001 0 -1 0.1501 65 ::f,1,1 f,2,13 f,13,13 f,14,2 
103:0,3 0.001 1 1 0,1 0.001 0 1 3,0 0.001 -1 0 1.1434 110 0,15 0.001 1 0 0,13 0.001 0 1 2,12 0.001 -1 0 1.1512 80 12,0 0.001 -1 1 15,0 0.001 -1 0 15,3 0.001 0 -1 0.1521 65 14,12 0.001 -1 0 15,15 0.001 1 0 15,12 0.001 0 -1 0.1521 65 ::f,1,1 f,2,13 f,13,13 f,14,2 
104:0,3 0.001 1 0 0,2 0.001 0 1 2,0 0.001 -1 0 1.1454 110 1,15 0.001 1 0 0,14 0.001 0 1 1,12 0.001 -1 0 1.1542 80 12,0 0.001 0 1 14,0 0.001 -1 0 15,2 0.001 0 -1 0.1541 65 13,12 0.001 -1 0 15,15 0.001 1 -1 15,12 0.001 0 -1 0.1531 65 ::f,1,1 f,2,13 f,13,13 f,14,2 
105:1,3 0.001 1 0 0,3 0.001 0 1 1,0 0.001 -1 0 1.1484 110 2,15 0.001 1 0 0,15 0.001 0 1 0,12 0.001 -1 0 1.1572 80 12,1 0.001 0 1 13,0 0.001 -1 0 15,1 0.001 0 -1 0.1571 65 12,12 0.001 -1 0 15,15 0.001 0 -1 15,12 0.001 -1 -1 0.1541 65 ::f,1,1 f,2,13 f,13,13 f,14,2 
106:2,3 0.001 1 0 0,3 0.001 0 1 0,0 0.001 -1 0 1.1504 110 3,15 0.001 1 0 0,15 0.001 0 1 0,12 0.001 -1 0 1.1582 80 12,2 0.001 0 1 12,0 0.001 -1 0 15,0 0.001 0 -1 0.1601 65 12,12 0.001 -1 0 15,14 0.001 0 -1 15,12 0.001 -1 0 0.1551 65 ::f,1,1 f,2,13 f,13,13 f,14,2 
107:3,3 0.001 1 0 0,3 0.001 1 1 0,0 0.001 -1 0 1.1514 110 3,15 0.001 1 0 0,15 0.001 1 1 0,12 0.001 -1 1 1.1582 80 12,3 0.001 0 1 12,0 0.001 -1 0 15,0 0.001 0 -1 0.1611 65 12,12 0.001 -1 1 15,13 0.001 0 -1 14,12 0.001 -1 0 0.1571 65 ::f,1,1 f,2,13 f,13,13 f,14,2 
108:3,3 0.001 1 0 0,3 0.001 1 0 0,0 0.001 -1 1 1.1514 110 3,15 0.001 1 -1 0,15 0.001 1 0 0,12 0.001 0 1 1.1582 80 12,3 0.001 0 1 12,0 0.001 -1 1 15,0 0.001 -1 -1 0.1611 65 12,12 0.001 0 1 15,12 0.001 0 -1 13,12 0.001 -1 0 0.1591 65 ::f,1,1 f,2,13 f,13,13 f,14,2 
109:3,3 0.001 1 -1 1,3 0.001 1 0 0,0 0.001 0 1 1.1524 110 3,15 0.001 0 -1 1,15 0.001 1 0 0,13 0.001 0 1 1.1602 80 12,3 0.001 1 1 12,0 0.001 0 1 15,0 0.001 -1 0 0.1611 65 12,13 0.001 0 1 15,12 0.001 0 -1 12,12 0.001 -1 0 0.1611 65 ::f,1,1 f,2,13 f,13,13 f,14,2 
110:3,3 0.001 0 -1 2,3 0.001 1 0 0,1 0.001 0 1 1.1544 110 3,14 0.001 0 -1 2,15 0.001 1 0 0,14 0.001 0 1 1.1632 80 12,3 0.001 1 0 12,1 0.001 0 1 14,0 0.001 -1 0 0.1631 65 12,14 0.001 0 1 15,12 0.001 -1 -1 12,12 0.001 -1 0 0.1621 65 ::f,1,1 f,2,13 f,13,13 f,14,2 
111:3,2 0.001 0 -1 3,3 0.001 1 0 0,2 0.001 0 1 1.1574 110 3,13 0.001 0 -1 3,15 0.001 1 0 0,15 0.001 0 1 1.1662 80 13,3 0.001 1 0 12,2 0.001 0 1 13,0 0.001 -1 0 0.1661 65 12,15 0.001 0 1 15,12 0.001 -1 0 12,12 0.001 -1 1 0.1631 65 ::f,1,1 f,2,13 f,13,13 f,14,2 
112:3,1 0.001 0 -1 3,3 0.001 1 0 0,3 0.001 0 1 1.1594 110 3,12 0.001 0 -1 3,15 0.001 1 0 0,15 0.001 0 1 1.1672 80 14,3 0.001 1 0 12,3 0.001 0 1 12,0 0.001 -1 0 0.1691 65 12,15 0.001 0 1 14,12 0.001 -1 0 12,12 0.001 0 1 0.1641 65 ::f,1,1 f,2,13 f,13,13 f,14,2 
113:3,0 0.001 0 -1 3,3 0.001 1 -1 0,3 0.001 0 1 1.1604 110 3,12 0.001 0 -1 3,15 0.001 1 -1 0,15 0.001 1 1 1.1672 80 15,3 0.001 1 0 12,3 0.001 0 1 12,0 0.001 -1 0 0.1701 65 12,15 0.001 1 1 13,12 0.001 -1 0 12,13 0.001 0 1 0.1661 65 ::f,1,1 f,2,13 f,13,13 f,14,2 
114:3,0 0.001 0 -1 3,3 0.001 0 -1 0,3 0.001 1 1 1.1604 110 3,12 0.001 -1 -1 3,15 0.001 0 -1 0,15 0.001 1 0 1.1672 80 15,3 0.001 1 0 12,3 0.001 1 1 12,0 0.001 -1 1 0.1701 65 12,15 0.001 1 0 12,12 0.001 -1 0 12,14 0.001 0 1 0.1681 65 ::f,1,1 f,2,13 f,13,13 f,14,2 
115:3,0 0.001 -1 -1 3,2 0.001 0 -1 0,3 0.001 1 0 1.1614 110 3,12 0.001 -1 0 3,14 0.001 0 -1 1,15 0.001 1 0 1.1692 80 15,3 0.001 1 -1 12,3 0.001 1 0 12,0 0.001 0 1 0.1701 65 13,15 0.001 1 0 12,12 0.001 -1 0 12,15 0.001 0 1 0.1701 65 ::f,1,1 f,2,13 f,13,13 f,14,2 
116:3,0 0.001 -1 0 3,1 0.001 0 -1 1,3 0.001 1 0 1.1634 110 2,12 0.001 -1 0 3,13 0.001 0 -1 2,15 0.001 1 0 1.1722 80 15,3 0.001 0 -1 13,3 0.001 1 0 12,1 0.001 0 1 0.1721 65 14,15 0.001 1 0 12,12 0.001 -1 1 12,15 0.001 0 1 0.1711 65 ::f,1,1 f,2,13 f,13,13 f,14,2 
117:2,0 0.001 -1 0 3,0 0.001 0 -1 2,3 0.001 1 0 1.1664 110 1,12 0.001 -1 0 3,12 0.001 0 -1 3,15 0.001 1 0 1.1752 80 15,2 0.001 0 -1 14,3 0.001 1 0 12,2 0.001 0 1 0.1751 65 15,15 0.001 1 0 12,12 0.001 0 1 12,15 0.001 1 1 0.1721 65 ::f,1,1 f,2,13 f,13,13 f,14,2 
118:1,0 0.001 -1 0 3,0 0.001 0 -1 3,3 0.001 1 0 1.1684 110 0,12 0.001 -1 0 3,12 0.001 0 -1 3,15 0.001 1 0 1.1762 80 15,1 0.001 0 -1 15,3 0.001 1 0 12,3 0.001 0 1 0.1781 65 15,15 0.001 1 0 12,13 0.001 0 1 12,15 0.001 1 0 0.1731 65 ::f,1,1 f,2,13 f,13,13 f,14,2 
119:0,0 0.001 -1 0 3,0 0.001 -1 -1 3,3 0.001 1 0 1.1694 110 0,12 0.001 -1 0 3,12 0.001 -1 -1 3,15 0.001 1 -1 1.1762 80 15,0 0.001 0 -1 15,3 0.001 1 0 12,3 0.001 0 1 0.1791 65 15,15 0.001 1 -1 12,14 0.001 0 1 13,15 0.001 1 0 0.1751 65 ::f,1,1 f,2,13 f,13,13 f,14,2 
120:0,0 0.001 -1 0 3,0 0.001 -1 0 3,3 0.001 1 -1 1.1694 110 0,12 0.001 -1 1 3,12 0.001 -1 0 3,15 0.001 0 -1 1.1762 80 15,0 0.001 0 -1 15,3 0.001 1 -1 12,3 0.001 1 1 0.1791 65 15,15 0.001 0 -1 12,15 0.001 0 1 14,15 0.001 1 0 0.1771 65 ::f,1,1 f,2,13 f,13,13 f,14,2 
121:0,0 0.001 -1 1 2,0 0.001 -1 0 3,3 0.001 0 -1 1.1704 110 0,12 0.001 0 1 2,12 0.001 -1 0 3,14 0.001 0 -1 1.1782 80 15,0 0.001 -1 -1 15,3 0.001 0 -1 12,3 0.001 1 0 0.1791 65 15,14 0.001 0 -1 12,15 0.001 0 1 15,15 0.001 1 0 0.1791 65 ::f,1,1 f,2,13 f,13,13 f,14,2 
122:0,0 0.001 0 1 1,0 0.001 -1 0 3,2 0.001 0 -1 1.1724 110 0,13 0.001 0 1 1,12 0.001 -1 0 3,13 0.001 0 -1 1.1812 80 15,0 0.001 -1 0 15,2 0.001 0 -1 13,3 0.001 1 0 0.1811 65 15,13 0.001 0 -1 12,15 0.001 1 1 15,15 0.001 1 0 0.1801 65 ::f,1,1 f,2,13 f,13,13 f,14,2 
123:0,1 0.001 0 1 0,0 0.001 -1 0 3,1 0.001 0 -1 1.1754 110 0,14 0.001 0 1 0,12 0.001 -1 0 3,12 0.001 0 -1 1.1842 80 14,0 0.001 -1 0 15,1 0.001 0 -1 14,3 0.001 1 0 0.1841 65 15,12 0.001 0 -1 12,15 0.001 1 0 15,15 0.001 1 -1 0.1811 65 ::f,1,1 f,2,13 f,13,13 f,14,2 
124:0,2 0.001 0 1 0,0 0.001 -1 0 3,0 0.001 0 -1 1.1774 110 0,15 0.001 0 1 0,12 0.001 -1 0 3,12 0.001 0 -1 1.1852 80 13,0 0.001 -1 0 15,0 0.001 0 -1 15,3 0.001 1 0 0.1871 65 15,12 0.001 0 -1 13,15 0.001 1 0 15,15 0.001 0 -1 0.1821 65 ::f,1,1 f,2,13 f,13,13 f,14,2 
125:0,3 0.001 0 1 0,0 0.001 -1 1 3,0 0.001 0 -1 1.1784 110 0,15 0.001 0 1 0,12 0.001 -1 1 3,12 0.001 -1 -1 1.1852 80 12,0 0.001 -1 0 15,0 0.001 0 -1 15,3 0.001 1 0 0.1881 65 15,12 0.001 -1 -1 14,15 0.001 1 0 15,14 0.001 0 -1 0.1841 65 ::f,1,1 f,2,13 f,13,13 f,14,2 
126:0,3 0.001 0 1 0,0 0.001 0 1 3,0 0.001 -1 -1 1.1784 110 0,15 0.001 1 1 0,12 0.001 0 1 3,12 0.001 -1 0 1.1852 80 12,0 0.001 -1 0 15,0 0.001 -1 -1 15,3 0.001 1 -1 0.1881 65 15,12 0.001 -1 0 15,15 0.001 1 0 15,13 0.001 0 -1 0.1861 65 ::f,1,1 f,2,13 f,13,13 f,14,2 
127:0,3 0.001 1 1 0,1 0.001 0 1 3,0 0.001 -1 0 1.1794 110 0,15 0.001 1 0 0,13 0.001 0 1 2,12 0.001 -1 0 1.1872 80 12,0 0.001 -1 1 15,0 0.001 -1 0 15,3 0.001 0 -1 0.1881 65 14,12 0.001 -1 0 15,15 0.001 1 0 15,12 0.001 0 -1 0.1881 65 ::f,1,1 f,2,13 f,13,13 f,14,2 
128:0,3 0.001 1 0 0,2 0.001 0 1 2,0 0.001 -1 0 1.1814 110 1,15 0.001 1 0 0,14 0.001 0 1 1,12 0.001 -1 0 1.1902 80 12,0 0.001 0 1 14,0 0.001 -1 0 15,2 0.001 0 -1 0.1901 65 13,12 0.001 -1 0 15,15 0.001 1 -1 15,12 0.001 0 -1 0.1891 65 ::f,1,1 f,2,13 f,13,13 f,14,2 
129:1,3 0.001 1 0 0,3 0.001 0 1 1,0 0.001 -1 0 1.1844 110 2,15 0.001 1 0 0,15 0.001 0 1 0,12 0.001 -1 0 1.1932 80 12,1 0.001 0 1 13,0 0.001 -1 0 15,1 0.001 0 -1 0.1931 65 12,12 0.001 -1 0 15,15 0.001 0 -1 15,12 0.001 -1 -1 0.1901 65 ::f,1,1 f,2,13 f,13,13 f,14,2 
130:2,3 0.001 1 0 0,3 0.001 0 1 0,0 0.001 -1 0 1.1864 110 3,15 0.001 1 0 0,15 0.001 0 1 0,12 0.001 -1 0 1.1942 80 12,2 0.001 0 1 12,0 0.001 -1 0 15,0 0.001 0 -1 0.1961 65 12,12 0.001 -1 0 15,14 0.001 0 -1 15,12 0.001 -1 0 0.1911 65 ::f,1,1 f,2,13 f,13,13 f,14,2 
131:3,3 0.001 1 0 0,3 0.001 1 1 0,0 0.001 -1 0 1.1874 110 3,15 0.001 1 0 0,15 0.001 1 1 0,12 0.001 -1 1 1.1942 80 12,3 0.001 0 1 12,0 0.001 -1 0 15,0 0.001 0 -1 0.1971 65 12,12 0.001 -1 1 15,13 0.001 0 -1 14,12 0.001 -1 0 0.1931 65 ::f,1,1 f,2,13 f,13,13 f,14,2 
132:3,3 0.001 1 0 0,3 0.001 1 0 0,0 0.001 -1 1 1.1874 110 3,15 0.001 1 -1 0,15 0.001 1 0 0,12 0.001 0 1 1.1942 80 12,3 0.001 0 1 12,0 0.001 -1 1 15,0 0.001 -1 -1 0.1971 65 12,12 0.001 0 1 15,12 0.001 0 -1 13,12 0.001 -1 0 0.1951 65 ::f,1,1 f,2,13 f,13,13 f,14,2 
133:3,3 0.001 1 -1 1,3 0.001 1 0 0,0 0.001 0 1 1.1884 110 3,15 0.001 0 -1 1,15 0.001 1 0 0,13 0.001 0 1 1.1962 80 12,3 0.001 1 1 12,0 0.001 0 1 15,0 0.001 -1 0 0.1971 65 12,13 0.001 0 1 15,12 0.001 0 -1 12,12 0.001 -1 0 0.1971 65 ::f,1,1 f,2,13 f,13,13 f,14,2 
134:3,3 0.001 0 -1 2,3 0.001 1 0 0,1 0.001 0 1 1.1904 110 3,14 0.001 0 -1 2,15 0.001 1 0 0,14 0.001 0 1 1.1992 80 12,3 0.001 1 0 12,1 0.001 0 1 14,0 0.001 -1 0 0.1991 65 12,14 0.001 0 1 15,12 0.001 -1 -1 12,12 0.001 -1 0 0.1981 65 ::f,1,1 f,2,13 f,13,13 f,14,2 
135:3,2 0.001 0 -1 3,3 0.001 1 0 0,2 0.001 0 1 1.1934 110 3,13 0.001 0 -1 3,15 0.001 1 0 0,15 0.001 0 1 1.2022 80 13,3 0.001 1 0 12,2 0.001 0 1 13,0 0.001 -1 0 0.2021 65 12,15 0.001 0 1 15,12 0.001 -1 0 12,12 0.001 -1 1 0.1991 65 ::f,1,1 f,2,13 f,13,13 f,14,2 
136:3,1 0.001 0 -1 3,3 0.001 1 0 0,3 0.001 0 1 1.1954 110 3,12 0.001 0 -1 3,15 0.001 1 0 0,15 0.001 0 1 1.2032 80 14,3 0.001 1 0 12,3 0.001 0 1 12,0 0.001 -1 0 0.2051 65 12,15 0.001 0 1 14,12 0.001 -1 0 12,12 0.001 0 1 0.2001 65 ::f,1,1 f,2,13 f,13,13 f,14,2 
137:3,0 0.001 0 -1 3,3 0.001 1 -1 0,3 0.001 0 1 1.1964 110 3,12 0.001 0 -1 3,15 0.001 1 -1 0,15 0.001 1 1 1.2032 80 15,3 0.001 1 0 12,3 0.001 0 1 12,0 0.001 -1 0 0.2061 65 12,15 0.001 1 1 13,12 0.001 -1 0 12,13 0.001 0 1 0.2021 65 ::f,1,1 f,2,13 f,13,13 f,14,2 
138:3,0 0.001 0 -1 3,3 0.001 0 -1 0,3 0.001 1 1 1.1964 110 3,12 0.001 -1 -1 3,15 0.001 0 -1 0,15 0.001 1 0 1.2032 80 15,3 0.001 1 0 12,3 0.001 1 1 12,0 0.001 -1 1 0.2061 65 12,15 0.001 1 0 12,12 0.001 -1 0 12,14 0.001 0 1 0.2041 65 ::f,1,1 f,2,13 f,13,13 f,14,2 
139:3,0 0.001 -1 -1 3,2 0.001 0 -1 0,3 0.001 1 0 1.1974 110 3,12 0.001 -1 0 3,14 0.001 0 -1 1,15 0.001 1 0 1.2052 80 15,3 0.001 1 -1 12,3 0.001 1 0 12,0 0.001 0 1 0.2061 65 13,15 0.001 1 0 12,12 0.001 -1 0 12,15 0.001 0 1 0.2061 65 ::f,1,1 f,2,13 f,13,13 f,14,2 
140:3,0 0.001 -1 0 3,1 0.001 0 -1 1,3 0.001 1 0 1.1994 110 2,12 0.001 -1 0 3,13 0.001 0 -1 2,15 0.001 1 0 1.2082 80 15,3 0.001 0 -1 13,3 0.001 1 0 12,1 0.001 0 1 0.2081 65 14,15 0.001 1 0 12,12 0.001 -1 1 12,15 0.001 0 1 0.2071 65 ::f,1,1 f,2,13 f,13,13 f,14,2 
141:2,0 0.001 -1 0 3,0 0.001 0 -1 2,3 0.001 1 0 1.2024 110 1,12 0.001 -1 0 3,12 0.001 0 -1 3,15 0.001 1 0 1.2112 80 15,2 0.001 0 -1 14,3 0.001 1 0 12,2 0.001 0 1 0.2111 65 15,15 0.001 1 0 12,12 0.001 0 1 12,15 0.001 1 1 0.2081 65 ::f,1,1 f,2,13 f,13,13 f,14,2 
142:1,0 0.001 -1 0 3,0 0.001 0 -1 3,3 0.001 1 0 1.2044 110 0,12 0.001 -1 0 3,12 0.001 0 -1 3,15 0.001 1 0 1.2122 80 15,1 0.001 0 -1 15,3 0.001 1 0 12,3 0.001 0 1 0.2141 65 15,15 0.001 1 0 12,13 0.001 0 1 12,15 0.001 1 0 0.2091 65 ::f,1,1 f,2,13 f,13,13 f,14,2 
143:0,0 0.001 -1 0 3,0 0.001 -1 -1 3,3 0.001 1 0 1.2054 110 0,12 0.001 -1 0 3,12 0.001 -1 -1 3,15 0.001 1 -1 1.2122 80 15,0 0.001 0 -1 15,3 0.001 1 0 12,3 0.001 0 1 0.2151 65 15,15 0.001 1 -1 12,14 0.001 0 1 13,15 0.001 1 0 0.2111 65 ::f,1,1 f,2,13 f,13,13 f,14,2 
144:0,0 0.001 -1 0 3,0 0.001 -1 0 3,3 0.001 1 -1 1.2054 110 0,12 0.001 -1 1 3,12 0.001 -1 0 3,15 0.001 0 -1 1.2122 80 15,0 0.001 0 -1 15,3 0.001 1 -1 12,3 0.001 1 1 0.2151 65 15,15 0.001 0 -1 12,15 0.001 0 1 14,15 0.001 1 0 0.2131 65 ::f,1,1 f,2,13 f,13,13 f,14,2 
145:0,0 0.001 -1 1 2,0 0.001 -1 0 3,3 0.001 0 -1 1.2064 110 0,12 0.001 0 1 2,12 0.001 -1 0 3,14 0.001 0 -1 1.2142 80 15,0 0.001 -1 -1 15,3 0.001 0 -1 12,3 0.001 1 0 0.2151 65 15,14 0.001 0 -1 12,15 0.001 0 1 15,15 0.001 1 0 0.2151 65 ::f,1,1 f,2,13 f,13,13 f,14,2 
146:0,0 0.001 0 1 1,0 0.001 -1 0 3,2 0.001 0 -1 1.2084 110 0,13 0.001 0 1 1,12 0.001 -1 0 3,13 0.001 0 -1 1.2172 80 15,0 0.001 -1 0 15,2 0.001 0 -1 13,3 0.001 1 0 0.2171 65 15,13 0.001 0 -1 12,15 0.001 1 1 15,15 0.001 1 0 0.2161 65 ::f,1,1 f,2,13 f,13,13 f,14,2 
147:0,1 0.001 0 1 0,0 0.001 -1 0 3,1 0.001 0 -1 1.2114 110 0,14 0.001 0 1 0,12 0.001 -1 0 3,12 0.001 0 -1 1.2202 80 14,0 0.001 -1 0 15,1 0.001 0 -1 14,3 0.001 1 0 0.2201 65 15,12 0.001 0 -1 12,15 0.001 1 0 15,15 0.001 1 -1 0.2171 65 ::f,1,1 f,2,13 f,13,13 f,14,2 
148:0,2 0.001 0 1 0,0 0.001 -1 0 3,0 0.001 0 -1 1.2134 110 0,15 0.001 0 1 0,12 0.001 -1 0 3,12 0.001 0 -1 1.2212 80 13,0 0.001 -1 0 15,0 0.001 0 -1 15,3 0.001 1 0 0.2231 65 15,12 0.001 0 -1 13,15 0.001 1 0 15,15 0.001 0 -1 0.2181 65 ::f,1,1 f,2,13 f,13,13 f,14,2 
149:0,3 0.001 0 1 0,0 0.001 -1 1 3,0 0.001 0 -1 1.2144 110 0,15 0.001 0 1 0,12 0.001 -1 1 3,12 0.001 -1 -1 1.2212 80 12,0 0.001 -1 0 15,0 0.001 0 -1 15,3 0.001 1 0 0.2241 65 15,12 0.001 -1 -1 14,15 0.001 1 0 15,14 0.001 0 -1 0.2201 65 ::f,1,1 f,2,13 f,13,13 f,14,2 
150:0,3 0.001 0 1 0,0 0.001 0 1 3,0 0.001 -1 -1 1.2144 110 0,15 0.001 1 1 0,12 0.001 0 1 3,12 0.001 -1 0 1.2212 80 12,0 0.001 -1 0 15,0 0.001 -1 -1 15,3 0.001 1 -1 0.2241 65 15,12 0.001 -1 0 15,15 0.001 1 0 15,13 0.001 0 -1 0.2221 65 ::f,1,1 f,2,13 f,13,13 f,14,2 
151:0,3 0.001 1 1 0,1 0.001 0 1 3,0 0.001 -1 0 1.2154 110 0,15 0.001 1 0 0,13 0.001 0 1 2,12 0.001 -1 0 1.2232 80 12,0 0.001 -1 1 15,0 0.001 -1 0 15,3 0.001 0 -1 0.2241 65 14,12 0.001 -1 0 15,15 0.001 1 0 15,12 0.001 0 -1 0.2241 65 ::f,1,1 f,2,13 f,13,13 f,14,2 
152:0,3 0.001 1 0 0,2 0.001 0 1 2,0 0.001 -1 0 1.2174 110 1,15 0.001 1 0 0,14 0.001 0 1 1,12 0.001 -1 0 1.2262 80 12,0 0.001 0 1 14,0 0.001 -1 0 15,2 0.001 0 -1 0.2261 65 13,12 0.001 -1 0 15,15 0.001 1 -1 15,12 0.001 0 -1 0.2251 65 ::f,1,1 f,2,13 f,13,13 f,14,2 
153:1,3 0.001 1 0 0,3 0.001 0 1 1,0 0.001 -1 0 1.2204 110 2,15 0.001 1 0 0,15 0.001 0 1 0,12 0.001 -1 0 1.2292 80 12,1 0.001 0 1 13,0 0.001 -1 0 15,1 0.001 0 -1 0.2291 65 12,12 0.001 -1 0 15,15 0.001 0 -1 15,12 0.001 -1 -1 0.2261 65 ::f,1,1 f,2,13 f,13,13 f,14,2 
154:2,3 0.001 1 0 0,3 0.001 0 1 0,0 0.001 -1 0 1.2224 110 3,15 0.001 1 0 0,15 0.001 0 1 0,12 0.001 -1 0 1.2302 80 12,2 0.001 0 1 12,0 0.001 -1 0 15,0 0.001 0 -1 0.2321 65 12,12 0.001 -1 0 15,14 0.001 0 -1 15,12 0.001 -1 0 0.2271 65 ::f,1,1 f,2,13 f,13,13 f,14,2 
155:3,3 0.001 1 0 0,3 0.001 1 1 0,0 0.001 -1 0 1.2234 110 3,15 0.001 1 0 0,15 0.001 1 1 0,12 0.001 -1 1 1.2302 80 12,3 0.001 0 1 12,0 0.001 -1 0 15,0 0.001 0 -1 0.2331 65 12,12 0.001 -1 1 15,13 0.001 0 -1 14,12 0.001 -1 0 0.2291 65 ::f,1,1 f,2,13 f,13,13 f,14,2 
156:3,3 0.001 1 0 0,3 0.001 1 0 0,0 0.001 -1 1 1.2234 110 3,15 0.001 1 -1 0,15 0.001 1 0 0,12 0.001 0 1 1.2302 80 12,3 0.001 0 1 12,0 0.001 -1 1 15,0 0.001 -1 -1 0.2331 65 12,12 0.001 0 1 15,12 0.001 0 -1 13,12 0.001 -1 0 0.2311 65 ::f,1,1 f,2,13 f,13,13 f,14,2 
157:3,3 0.001 1 -1 1,3 0.001 1 0 0,0 0.001 0 1 1.2244 110 3,15 0.001 0 -1 1,15 0.001 1 0 0,13 0.001 0 1 1.2322 80 12,3 0.001 1 1 12,0 0.001 0 1 15,0 0.001 -1 0 0.2331 65 12,13 0.001 0 1 15,12 0.001 0 -1 12,12 0.001 -1 0 0.2331 65 ::f,1,1 f,2,13 f,13,13 f,14,2 
158:3,3 0.001 0 -1 2,3 0.001 1 0 0,1 0.001 0 1 1.2264 110 3,14 0.001 0 -1 2,15 0.001 1 0 0,14 0.001 0 1 1.2352 80 12,3 0.001 1 0 12,1 0.001 0 1 14,0 0.001 -1 0 0.2351 65 12,14 0.001 0 1 15,12 0.001 -1 -1 12,12 0.001 -1 0 0.2341 65 ::f,1,1 f,2,13 f,13,13 f,14,2 
159:3,2 0.001 0 -1 3,3 0.001 1 0 0,2 0.001 0 1 1.2294 110 3,13 0.001 0 -1 3,15 0.001 1 0 0,15 0.001 0 1 1.2382 80 13,3 0.001 1 0 12,2 0.001 0 1 13,0 0.001 -1 0 0.2381 65 12,15 0.001 0 1 15,12 0.001 -1 0 12,12 0.001 -1 1 0.2351 65 ::f,1,1 f,2,13 f,13,13 f,14,2 
160:3,1 0.001 0 -1 3,3 0.001 1 0 0,3 0.001 0 1 1.2314 110 3,12 0.001 0 -1 3,15 0.001 1 0 0,15 0.001 0 1 1.2392 80 14,3 0.001 1 0 12,3 0.001 0 1 12,0 0.001 -1 0 0.2411 65 12,15 0.001 0 1 14,12 0.001 -1 0 12,12 0.001 0 1 0.2361 65 ::f,1,1 f,2,13 f,13,13 f,14,2 
161:3,0 0.001 0 -1 3,3 0.001 1 -1 0,3 0.001 0 1 1.2324 110 3,12 0.001 0 -1 3,15 0.001 1 -1 0,15 0.001 1 1 1.2392 80 15,3 0.001 1 0 12,3 0.001 0 1 12,0 0.001 -1 0 0.2421 65 12,15 0.001 1 1 13,12 0.001 -1 0 12,13 0.001 0 1 0.2381 65 ::f,1,1 f,2,13 f,13,13 f,14,2 
162:3,0 0.001 0 -1 3,3 0.001 0 -1 0,3 0.001 1 1 1.2324 110 3,12 0.001 -1 -1 3,15 0.001 0 -1 0,15 0.001 1 0 1.2392 80 15,3 0.001 1 0 12,3 0.001 1 1 12,0 0.001 -1 1 0.2421 65 12,15 0.001 1 0 12,12 0.001 -1 0 12,14 0.001 0 1 0.2401 65 ::f,1,1 f,2,13 f,13,13 f,14,2 
163:3,0 0.001 -1 -1 3,2 0.001 0 -1 0,3 0.001 1 0 1.2334 110 3,12 0.001 -1 0 3,14 0.001 0 -1 1,15 0.001 1 0 1.2412 80 15,3 0.001 1 -1 12,3 0.001 1 0 12,0 0.001 0 1 0.2421 65 13,15 0.001 1 0 12,12 0.001 -1 0 12,15 0.001 0 1 0.2421 65 ::f,1,1 f,2,13 f,13,13 f,14,2 
164:3,0 0.001 -1 0 3,1 0.001 0 -1 1,3 0.001 1 0 1.2354 110 2,12 0.001 -1 0 3,13 0.001 0 -1 2,15 0.001 1 0 1.2442 80 15,3 0.001 0 -1 13,3 0.001 1 0 12,1 0.001 0 1 0.2441 65 14,15 0.001 1 0 12,12 0.001 -1 1 12,15 0.001 0 1 0.2431 65 ::f,1,1 f,2,13 f,13,13 f,14,2 
165:2,0 0.001 -1 0 3,0 0.001 0 -1 2,3 0.001 1 0 1.2384 110 1,12 0.001 -1 0 3,12 0.001 0 -1 3,15 0.001 1 0 1.2472 80 15,2 0.001 0 -1 14,3 0.001 1 0 12,2 0.001 0 1 0.2471 65 15,15 0.001 1 0 12,12 0.001 0 1 12,15 0.001 1 1 0.2441 65 ::f,1,1 f,2,13 f,13,13 f,14,2 
166:1,0 0.001 -1 0 3,0 0.001 0 -1 3,3 0.001 1 0 1.2404 110 0,12 0.001 -1 0 3,12 0.001 0 -1 3,15 0.001 1 0 1.2482 80 15,1 0.001 0 -1 15,3 0.001 1 0 12,3 0.001 0 1 0.2501 65 15,15 0.001 1 0 12,13 0.001 0 1 12,15 0.001 1 0 0.2451 65 ::f,1,1 f,2,13 f,13,13 f,14,2 
167:0,0 0.001 -1 0 3,0 0.001 -1 -1 3,3 0.001 1 0 1.2414 110 0,12 0.001 -1 0 3,12 0.001 -1 -1 3,15 0.001 1 -1 1.2482 80 15,0 0.001 0 -1 15,3 0.001 1 0 12,3 0.001 0 1 0.2511 65 15,15 0.001 1 -1 12,14 0.001 0 1 13,15 0.001 1 0 0.2471 65 ::f,1,1 f,2,13 f,13,13 f,14,2 
168:0,0 0.001 -1 0 3,0 0.001 -1 0 3,3 0.001 1 -1 1.2414 110 0,12 0.001 -1 1 3,12 0.001 -1 0 3,15 0.001 0 -1 1.2482 80 15,0 0.001 0 -1 15,3 0.001 1 -1 12,3 0.001 1 1 0.2511 65 15,15 0.001 0 -1 12,15 0.001 0 1 14,15 0.001 1 0 0.2491 65 ::f,1,1 f,2,13 f,13,13 f,14,2 
169:0,0 0.001 -1 1 2,0 0.001 -1 0 3,3 0.001 0 -1 1.2424 110 0,12 0.001 0 1 2,12 0.001 -1 0 3,14 0.001 0 -1 1.2502 80 15,0 0.001 -1 -1 15,3 0.001 0 -1 12,3 0.001 1 0 0.2511 65 15,14 0.001 0 -1 12,15 0.001 0 1 15,15 0.001 1 0 0.2511 65 ::f,1,1 f,2,13 f,13,13 f,14,2 
170:0,0 0.001 0 1 1,0 0.001 -1 0 3,2 0.001 0 -1 1.2444 110 0,13 0.001 0 1 1,12 0.001 -1 0 3,13 0.001 0 -1 1.2532 80 15,0 0.001 -1 0 15,2 0.001 0 -1 13,3 0.001 1 0 0.2531 65 15,13 0.001 0 -1 12,15 0.001 1 1 15,15 0.001 1 0 0.2521 65 ::f,1,1 f,2,13 f,13,13 f,14,2 
171:0,1 0.001 0 1 0,0 0.001 -1 0 3,1 0.001 0 -1 1.2474 110 0,14 0.001 0 1 0,12 0.001 -1 0 3,12 0.001 0 -1 1.2562 80 14,0 0.001 -1 0 15,1 0.001 0 -1 14,3 0.001 1 0 0.2561 65 15,12 0.001 0 -1 12,15 0.001 1 0 15,15 0.001 1 -1 0.2531 65 ::f,1,1 f,2,13 f,13,13 f,14,2 
172:0,2 0.001 0 1 0,0 0.001 -1 0 3,0 0.001 0 -1 1.2494 110 0,15 0.001 0 1 0,12 0.001 -1 0 3,12 0.001 0 -1 1.2572 80 13,0 0.001 -1 0 15,0 0.001 0 -1 15,3 0.001 1 0 0.2591 65 15,12 0.001 0 -1 13,15 0.001 1 0 15,15 0.001 0 -1 0.2541 65 ::f,1,1 f,2,13 f,13,13 f,14,2 
173:0,3 0.001 0 1 0,0 0.001 -1 1 3,0 0.001 0 -1 1.2504 110 0,15 0.001 0 1 0,12 0.001 -1 1 3,12 0.001 -1 -1 1.2572 80 12,0 0.001 -1 0 15,0 0.001 0 -1 15,3 0.001 1 0 0.2601 65 15,12 0.001 -1 -1 14,15 0.001 1 0 15,14 0.001 0 -1 0.2561 65 ::f,1,1 f,2,13 f,13,13 f,14,2 
174:0,3 0.001 0 1 0,0 0.001 0 1 3,0 0.001 -1 -1 1.2504 110 0,15 0.001 1 1 0,12 0.001 0 1 3,12 0.001 -1 0 1.2572 80 12,0 0.001 -1 0 15,0 0.001 -1 -1 15,3 0.001 1 -1 0.2601 65 15,12 0.001 -1 0 15,15 0.001 1 0 15,13 0.001 0 -1 0.2581 65 ::f,1,1 f,2,13 f,13,13 f,14,2 
175:0,3 0.001 1 1 0,1 0.001 0 1 3,0 0.001 -1 0 1.2514 110 0,15 0.001 1 0 0,13 0.001 0 1 2,12 0.001 -1 0 1.2592 80 12,0 0.001 -1 1 15,0 0.001 -1 0 15,3 0.001 0 -1 0.2601 65 14,12 0.001 -1 0 15,15 0.001 1 0 15,12 0.001 0 -1 0.2601 65 ::f,1,1 f,2,13 f,13,13 f,14,2 
176:0,3 0.001 1 0 0,2 0.001 0 1 2,0 0.001 -1 0 1.2534 110 1,15 0.001 1 0 0,14 0.001 0 1 1,12 0.001 -1 0 1.2622 80 12,0 0.001 0 1 14,0 0.001 -1 0 15,2 0.001 0 -1 0.2621 65 13,12 0.001 -1 0 15,15 0.001 1 -1 15,12 0.001 0 -1 0.2611 65 ::f,1,1 f,2,13 f,13,13 f,14,2 
177:1,3 0.001 1 0 0,3 0.001 0 1 1,0 0.001 -1 0 1.2564 110 2,15 0.001 1 0 0,15 0.001 0 1 0,12 0.001 -1 0 1.2652 80 12,1 0.001 0 1 13,0 0.001 -1 0 15,1 0.001 0 -1 0.2651 65 12,12 0.001 -1 0 15,15 0.001 0 -1 15,12 0.001 -1 -1 0.2621 65 ::f,1,1 f,2,13 f,13,13 f,14,2 
178:2,3 0.001 1 0 0,3 0.001 0 1 0,0 0.001 -1 0 1.2584 110 3,15 0.001 1 0 0,15 0.001 0 1 0,12 0.001 -1 0 1.2662 80 12,2 0.001 0 1 12,0 0.001 -1 0 15,0 0.001 0 -1 0.2681 65 12,12 0.001 -1 0 15,14 0.001 0 -1 15,12 0.001 -1 0 0.2631 65 ::f,1,1 f,2,13 f,13,13 f,14,2 
179:3,3 0.001 1 0 0,3 0.001 1 1 0,0 0.001 -1 0 1.2594 110 3,15 0.001 1 0 0,15 0.001 1 1 0,12 0.001 -1 1 1.2662 80 12,3 0.001 0 1 12,0 0.001 -1 0 15,0 0.001 0 -1 0.2691 65 12,12 0.001 -1 1 15,13 0.001 0 -1 14,12 0.001 -1 0 0.2651 65 ::f,1,1 f,2,13 f,13,13 f,14,2 
180:3,3 0.001 1 0 0,3 0.001 1 0 0,0 0.001 -1 1 1.2594 110 3,15 0.001 1 -1 0,15 0.001 1 0 0,12 0.001 0 1 1.2662 80 12,3 0.001 0 1 12,0 0.001 -1 1 15,0 0.001 -1 -1 0.2691 65 12,12 0.001 0 1 15,12 0.001 0 -1 13,12 0.001 -1 0 0.2671 65 ::f,1,1 f,2,13 f,13,13 f,14,2 
181:3,3 0.001 1 -1 1,3 0.001 1 0 0,0 0.001 0 1 1.2604 110 3,15 0.001 0 -1 1,15 0.001 1 0 0,13 0.001 0 1 1.2682 80 12,3 0.001 1 1 12,0 0.001 0 1 15,0 0.001 -1 0 0.2691 65 12,13 0.001 0 1 15,12 0.001 0 -1 12,12 0.001 -1 0 0.2691 65 ::f,1,1 f,2,13 f,13,13 f,14,2 
182:3,3 0.001 0 -1 2,3 0.001 1 0 0,1 0.001 0 1 1.2624 110 3,14 0.001 0 -1 2,15 0.001 1 0 0,14 0.001 0 1 1.2712 80 12,3 0.001 1 0 12,1 0.001 0 1 14,0 0.001 -1 0 0.2711 65 12,14 0.001 0 1 15,12 0.001 -1 -1 12,12 0.001 -1 0 0.2701 65 ::f,1,1 f,2,13 f,13,13 f,14,2 
183:3,2 0.001 0 -1 3,3 0.001 1 0 0,2 0.001 0 1 1.2654 110 3,13 0.001 0 -1 3,15 0.001 1 0 0,15 0.001 0 1 1.2742 80 13,3 0.001 1 0 12,2 0.001 0 1 13,0 0.001 -1 0 0.2741 65 12,15 0.001 0 1 15,12 0.001 -1 0 12,12 0.001 -1 1 0.2711 65 ::f,1,1 f,2,13 f,13,13 f,14,2 
184:3,1 0.001 0 -1 3,3 0.001 1 0 0,3 0.001 0 1 1.2674 110 3,12 0.001 0 -1 3,15 0.001 1 0 0,15 0.001 0 1 1.2752 80 14,3 0.001 1 0 12,3 0.001 0 1 12,0 0.001 -1 0 0.2771 65 12,15 0.001 0 1 14,12 0.001 -1 0 12,12 0.001 0 1 0.2721 65 ::f,1,1 f,2,13 f,13,13 f,14,2 
185:3,0 0.001 0 -1 3,3 0.001 1 -1 0,3 0.001 0 1 1.2684 110 3,12 0.001 0 -1 3,15 0.001 1 -1 0,15 0.001 1 1 1.2752 80 15,3 0.001 1 0 12,3 0.001 0 1 12,0 0.001 -1 0 0.2781 65 12,15 0.001 1 1 13,12 0.001 -1 0 12,13 0.001 0 1 0.2741 65 ::f,1,1 f,2,13 f,13,13 f,14,2 
186:3,0 0.001 0 -1 3,3 0.001 0 -1 0,3 0.001 1 1 1.2684 110 3,12 0.001 -1 -1 3,15 0.001 0 -1 0,15 0.001 1 0 1.2752 80 15,3 0.001 1 0 12,3 0.001 1 1 12,0 0.001 -1 1 0.2781 65 12,15 0.001 1 0 12,12 0.001 -1 0 12,14 0.001 0 1 0.2761 65 ::f,1,1 f,2,13 f,13,13 f,14,2 
187:3,0 0.001 -1 -1 3,2 0.001 0 -1 0,3 0.001 1 0 1.2694 110 3,12 0.001 -1 0 3,14 0.001 0 -1 1,15 0.001 1 0 1.2772 80 15,3 0.001 1 -1 12,3 0.001 1 0 12,0 0.001 0 1 0.2781 65 13,15 0.001 1 0 12,12 0.001 -1 0 12,15 0.001 0 1 0.2781 65 ::f,1,1 f,2,13 f,13,13 f,14,2 
188:3,0 0.001 -1 0 3,1 0.001 0 -1 1,3 0.001 1 0 1.2714 110 2,12 0.001 -1 0 3,13 0.001 0 -1 2,15 0.001 1 0 1.2802 80 15,3 0.001 0 -1 13,3 0.001 1 0 12,1 0.001 0 1 0.2801 65 14,15 0.001 1 0 12,12 0.001 -1 1 12,15 0.001 0 1 0.2791 65 ::f,1,1 f,2,13 f,13,13 f,14,2 
189:2,0 0.001 -1 0 3,0 0.001 0 -1 2,3 0.001 1 0 1.2744 110 1,12 0.001 -1 0 3,12 0.001 0 -1 3,15 0.001 1 0 1.2832 80 15,2 0.001 0 -1 14,3 0.001 1 0 12,2 0.001 0 1 0.2831 65 15,15 0.001 1 0 12,12 0.001 0 1 12,15 0.001 1 1 0.2801 65 ::f,1,1 f,2,13 f,13,13 f,14,2 
190:1,0 0.001 -1 0 3,0 0.001 0 -1 3,3 0.001 1 0 1.2764 110 0,12 0.001 -1 0 3,12 0.001 0 -1 3,15 0.001 1 0 1.2842 80 15,1 0.001 0 -1 15,3 0.001 1 0 12,3 0.001 0 1 0.2861 65 15,15 0.001 1 0 12,13 0.001 0 1 12,15 0.001 1 0 0.2811 65 ::f,1,1 f,2,13 f,13,13 f,14,2 
191:0,0 0.001 -1 0 3,0 0.001 -1 -1 3,3 0.001 1 0 1.2774 110 0,12 0.001 -1 0 3,12 0.001 -1 -1 3,15 0.001 1 -1 1.2842 80 15,0 0.001 0 -1 15,3 0.001 1 0 12,3 0.001 0 1 0.2871 65 15,15 0.001 1 -1 12,14 0.001 0 1 13,15 0.001 1 0 0.2831 65 ::f,1,1 f,2,13 f,13,13 f,14,2 
192:0,0 0.001 -1 0 3,0 0.001 -1 0 3,3 0.001 1 -1 1.2774 110 0,12 0.001 -1 1 3,12 0.001 -1 0 3,15 0.001 0 -1 1.2842 80 15,0 0.001 0 -1 15,3 0.001 1 -1 12,3 0.001 1 1 0.2871 65 15,15 0.001 0 -1 12,15 0.001 0 1 14,15 0.001 1 0 0.2851 65 ::f,1,1 f,2,13 f,13,13 f,14,2 
193:0,0 0.001 -1 1 2,0 0.001 -1 0 3,3 0.001 0 -1 1.2784 110 0,12 0.001 0 1 2,12 0.001 -1 0 3,14 0.001 0 -1 1.2862 80 15,0 0.001 -1 -1 15,3 0.001 0 -1 12,3 0.001 1 0 0.2871 65 15,14 0.001 0 -1 12,15 0.001 0 1 15,15 0.001 1 0 0.2871 65 ::f,1,1 f,2,13 f,13,13 f,14,2 
194:0,0 0.001 0 1 1,0 0.001 -1 0 3,2 0.001 0 -1 1.2804 110 0,13 0.001 0 1 1,12 0.001 -1 0 3,13 0.001 0 -1 1.2892 80 15,0 0.001 -1 0 15,2 0.001 0 -1 13,3 0.001 1 0 0.2891 65 15,13 0.001 0 -1 12,15 0.001 1 1 15,15 0.001 1 0 0.2881 65 ::f,1,1 f,2,13 f,13,13 f,14,2 
195:0,1 0.001 0 1 0,0 0.001 -1 0 3,1 0.001 0 -1 1.2834 110 0,14 0.001 0 1 0,12 0.001 -1 0 3,12 0.001 0 -1 1.2922 80 14,0 0.001 -1 0 15,1 0.001 0 -1 14,3 0.001 1 0 0.2921 65 15,12 0.001 0 -1 12,15 0.001 1 0 15,15 0.001 1 -1 0.2891 65 ::f,1,1 f,2,13 f,13,13 f,14,2 
196:0,2 0.001 0 1 0,0 0.001 -1 0 3,0 0.001 0 -1 1.2854 110 0,15 0.001 0 1 0,12 0.001 -1 0 3,12 0.001 0 -1 1.2932 80 13,0 0.001 -1 0 15,0 0.001 0 -1 15,3 0.001 1 0 0.2951 65 15,12 0.001 0 -1 13,15 0.001 1 0 15,15 0.001 0 -1 0.2901 65 ::f,1,1 f,2,13 f,13,13 f,14,2 
197:0,3 0.001 0 1 0,0 0.001 -1 1 3,0 0.001 0 -1 1.2864 110 0,15 0.001 0 1 0,12 0.001 -1 1 3,12 0.001 -1 -1 1.2932 80 12,0 0.001 -1 0 15,0 0.001 0 -1 15,3 0.001 1 0 0.2961 65 15,12 0.001 -1 -1 14,15 0.001 1 0 15,14 0.001 0 -1 0.2921 65 ::f,1,1 f,2,13 f,13,13 f,14,2 
198:0,3 0.001 0 1 0,0 0.001 0 1 3,0 0.001 -1 -1 1.2864 110 0,15 0.001 1 1 0,12 0.001 0 1 3,12 0.001 -1 0 1.2932 80 12,0 0.001 -1 0 15,0 0.001 -1 -1 15,3 0.001 1 -1 0.2961 65 15,12 0.001 -1 0 15,15 0.001 1 0 15,13 0.001 0 -1 0.2941 65 ::f,1,1 f,2,13 f,13,13 f,14,2 
199:0,3 0.001 1 1 0,1 0.001 0 1 3,0 0.001 -1 0 1.2874 110 0,15 0.001 1 0 0,13 0.001 0 1 2,12 0.001 -1 0 1.2952 80 12,0 0.001 -1 1 15,0 0.001 -1 0 15,3 0.001 0 -1 0.2961 65 14,12 0.001 -1 0 15,15 0.001 1 0 15,12 0.001 0 -1 0.2961 65 ::f,1,1 f,2,13 f,13,13 f,14,2 
200:0,3 0.001 1 0 0,2 0.001 0 1 2,0 0.001 -1 0 1.2894 110 1,15 0.001 1 0 0,14 0.001 0 1 1,12 0.001 -1 0 1.2982 80 12,0 0.001 0 1 14,0 0.001 -1 0 15,2 0.001 0 -1 0.2981 65 13,12 0.001 -1 0 15,15 0.001 1 -1 15,12 0.001 0 -1 0.2971 65 ::f,1,1 f,2,13 f,13,13 f,14,2 
201:1,3 0.001 1 0 0,3 0.001 0 1 1,0 0.001 -1 0 1.2924 110 2,15 0.001 1 0 0,15 0.001 0 1 0,12 0.001 -1 0 1.3012 80 12,1 0.001 0 1 13,0 0.001 -1 0 15,1 0.001 0 -1 0.3011 65 12,12 0.001 -1 0 15,15 0.001 0 -1 15,12 0.001 -1 -1 0.2981 65 ::f,1,1 f,2,13 f,13,13 f,14,2 
202:2,3 0.001 1 0 0,3 0.001 0 1 0,0 0.001 -1 0 1.2944 110 3,15 0.001 1 0 0,15 0.001 0 1 0,12 0.001 -1 0 1.3022 80 12,2 0.001 0 1 12,0 0.001 -1 0 15,0 0.001 0 -1 0.3041 65 12,12 0.001 -1 0 15,14 0.001 0 -1 15,12 0.001 -1 0 0.2991 65 ::f,1,1 f,2,13 f,13,13 f,14,2 
203:3,3 0.001 1 0 0,3 0.001 1 1 0,0 0.001 -1 0 1.2954 110 3,15 0.001 1 0 0,15 0.001 1 1 0,12 0.001 -1 1 1.3022 80 12,3 0.001 0 1 12,0 0.001 -1 0 15,0 0.001 0 -1 0.3051 65 12,12 0.001 -1 1 15,13 0.001 0 -1 14,12 0.001 -1 0 0.3011 65 ::f,1,1 f,2,13 f,13,13 f,14,2 
204:3,3 0.001 1 0 0,3 0.001 1 0 0,0 0.001 -1 1 1.2954 110 3,15 0.001 1 -1 0,15 0.001 1 0 0,12 0.001 0 1 1.3022 80 12,3 0.001 0 1 12,0 0.001 -1 1 15,0 0.001 -1 -1 0.3051 65 12,12 0.001 0 1 15,12 0.001 0 -1 13,12 0.001 -1 0 0.3031 65 ::f,1,1 f,2,13 f,13,13 f,14,2 
205:3,3 0.001 1 -1 1,3 0.001 1 0 0,0 0.001 0 1 1.2964 110 3,15 0.001 0 -1 1,15 0.001 1 0 0,13 0.001 0 1 1.3042 80 12,3 0.001 1 1 12,0 0.001 0 1 15,0 0.001 -1 0 0.3051 65 12,13 0.001 0 1 15,12 0.001 0 -1 12,12 0.001 -1 0 0.3051 65 ::f,1,1 f,2,13 f,13,13 f,14,2 
206:3,3 0.001 0 -1 2,3 0.001 1 0 0,1 0.001 0 1 1.2984 110 3,14 0.001 0 -1 2,15 0.001 1 0 0,14 0.001 0 1 1.3072 80 12,3 0.001 1 0 12,1 0.001 0 1 14,0 0.001 -1 0 0.3071 65 12,14 0.001 0 1 15,12 0.001 -1 -1 12,12 0.001 -1 0 0.3061 65 ::f,1,1 f,2,13 f,13,13 f,14,2 
207:3,2 0.001 0 -1 3,3 0.001 1 0 0,2 0.001 0 1 1.3014 110 3,13 0.001 0 -1 3,15 0.001 1 0 0,15 0.001 0 1 1.3102 80 13,3 0.001 1 0 12,2 0.001 0 1 13,0 0.001 -1 0 0.3101 65 12,15 0.001 0 1 15,12 0.001 -1 0 12,12 0.001 -1 1 0.3071 65 ::f,1,1 f,2,13 f,13,13 f,14,2 
208:3,1 0.001 0 -1 3,3 0.001 1 0 0,3 0.001 0 1 1.3034 110 3,12 0.001 0 -1 3,15 0.001 1 0 0,15 0.001 0 1 1.3112 80 14,3 0.001 1 0 12,3 0.001 0 1 12,0 0.001 -1 0 0.3131 65 12,15 0.001 0 1 14,12 0.001 -1 0 12,12 0.001 0 1 0.3081 65 ::f,1,1 f,2,13 f,13,13 f,14,2 
209:3,0 0.001 0 -1 3,3 0.001 1 -1 0,3 0.001 0 1 1.3044 110 3,12 0.001 0 -1 3,15 0.001 1 -1 0,15 0.001 1 1 1.3112 80 15,3 0.001 1 0 12,3 0.001 0 1 12,0 0.001 -1 0 0.3141 65 12,15 0.001 1 1 13,12 0.001 -1 0 12,13 0.001 0 1 0.3101 65 ::f,1,1 f,2,13 f,13,13 f,14,2 
210:3,0 0.001 0 -1 3,3 0.001 0 -1 0,3 0.001 1 1 1.3044 110 3,12 0.001 -1 -1 3,15 0.001 0 -1 0,15 0.001 1 0 1.3112 80 15,3 0.001 1 0 12,3 0.001 1 1 12,0 0.001 -1 1 0.3141 65 12,15 0.001 1 0 12,12 0.001 -1 0 12,14 0.001 0 1 0.3121 65 ::f,1,1 f,2,13 f,13,13 f,14,2 
211:3,0 0.001 -1 -1 3,2 0.001 0 -1 0,3 0.001 1 0 1.3054 110 3,12 0.001 -1 0 3,14 0.001 0 -1 1,15 0.001 1 0 1.3132 80 15,3 0.001 1 -1 12,3 0.001 1 0 12,0 0.001 0 1 0.3141 65 13,15 0.001 1 0 12,12 0.001 -1 0 12,15 0.001 0 1 0.3141 65 ::f,1,1 f,2,13 f,13,13 f,14,2 
212:3,0 0.001 -1 0 3,1 0.001 0 -1 1,3 0.001 1 0 1.3074 110 2,12 0.001 -1 0 3,13 0.001 0 -1 2,15 0.001 1 0 1.3162 80 15,3 0.001 0 -1 13,3 0.001 1 0 12,1 0.001 0 1 0.3161 65 14,15 0.001 1 0 12,12 0.001 -1 1 12,15 0.001 0 1 0.3151 65 ::f,1,1 f,2,13 f,13,13 f,14,2 
213:2,0 0.001 -1 0 3,0 0.001 0 -1 2,3 0.001 1 0 1.3104 110 1,12 0.001 -1 0 3,12 0.001 0 -1 3,15 0.001 1 0 1.3192 80 15,2 0.001 0 -1 14,3 0.001 1 0 12,2 0.001 0 1 0.3191 65 15,15 0.001 1 0 12,12 0.001 0 1 12,15 0.001 1 1 0.3161 65 ::f,1,1 f,2,13 f,13,13 f,14,2 
214:1,0 0.001 -1 0 3,0 0.001 0 -1 3,3 0.001 1 0 1.3124 110 0,12 0.001 -1 0 3,12 0.001 0 -1 3,15 0.001 1 0 1.3202 80 15,1 0.001 0 -1 15,3 0.001 1 0 12,3 0.001 0 1 0.3221 65 15,15 0.001 1 0 12,13 0.001 0 1 12,15 0.001 1 0 0.3171 65 ::f,1,1 f,2,13 f,13,13 f,14,2 
215:0,0 0.001 -1 0 3,0 0.001 -1 -1 3,3 0.001 1 0 1.3134 110 0,12 0.001 -1 0 3,12 0.001 -1 -1 3,15 0.001 1 -1 1.3202 80 15,0 0.001 0 -1 15,3 0.001 1 0 12,3 0.001 0 1 0.3231 65 15,15 0.001 1 -1 12,14 0.001 0 1 13,15 0.001 1 0 0.3191 65 ::f,1,1 f,2,13 f,13,13 f,14,2 
216:0,0 0.001 -1 0 3,0 0.001 -1 0 3,3 0.001 1 -1 1.3134 110 0,12 0.001 -1 1 3,12 0.001 -1 0 3,15 0.001 0 -1 1.3202 80 15,0 0.001 0 -1 15,3 0.001 1 -1 12,3 0.001 1 1 0.3231 65 15,15 0.001 0 -1 12,15 0.001 0 1 14,15 0.001 1 0 0.3211 65 ::f,1,1 f,2,13 f,13,13 f,14,2 
217:0,0 0.001 -1 1 2,0 0.001 -1 0 3,3 0.001 0 -1 1.3144 110 0,12 0.001 0 1 2,12 0.001 -1 0 3,14 0.001 0 -1 1.3222 80 15,0 0.001 -1 -1 15,3 0.001 0 -1 12,3 0.001 1 0 0.3231 65 15,14 0.001 0 -1 12,15 0.001 0 1 15,15 0.001 1 0 0.3231 65 ::f,1,1 f,2,13 f,13,13 f,14,2 
218:0,0 0.001 0 1 1,0 0.001 -1 0 3,2 0.001 0 -1 1.3164 110 0,13 0.001 0 1 1,12 0.001 -1 0 3,13 0.001 0 -1 1.3252 80 15,0 0.001 -1 0 15,2 0.001 0 -1 13,3 0.001 1 0 0.3251 65 15,13 0.001 0 -1 12,15 0.001 1 1 15,15 0.001 1 0 0.3241 65 ::f,1,1 f,2,13 f,13,13 f,14,2 
219:0,1 0.001 0 1 0,0 0.001 -1 0 3,1 0.001 0 -1 1.3194 110 0,14 0.001 0 1 0,12 0.001 -1 0 3,12 0.001 0 -1 1.3282 80 14,0 0.001 -1 0 15,1 0.001 0 -1 14,3 0.001 1 0 0.3281 65 15,12 0.001 0 -1 12,15 0.001 1 0 15,15 0.001 1 -1 0.3251 65 ::f,1,1 f,2,13 f,13,13 f,14,2 
220:0,2 0.001 0 1 0,0 0.001 -1 0 3,0 0.001 0 -1 1.3214 110 0,15 0.001 0 1 0,12 0.001 -1 0 3,12 0.001 0 -1 1.3292 80 13,0 0.001 -1 0 15,0 0.001 0 -1 15,3 0.001 1 0 0.3311 65 15,12 0.001 0 -1 13,15 0.001 1 0 15,15 0.001 0 -1 0.3261 65 ::f,1,1 f,2,13 f,13,13 f,14,2 
221:0,3 0.001 0 1 0,0 0.001 -1 1 3,0 0.001 0 -1 1.3224 110 0,15 0.001 0 1 0,12 0.001 -1 1 3,12 0.001 -1 -1 1.3292 80 12,0 0.001 -1 0 15,0 0.001 0 -1 15,3 0.001 1 0 0.3321 65 15,12 0.001 -1 -1 14,15 0.001 1 0 15,14 0.001 0 -1 0.3281 65 ::f,1,1 f,2,13 f,13,13 f,14,2 
222:0,3 0.001 0 1 0,0 0.001 0 1 3,0 0.001 -1 -1 1.3224 110 0,15 0.001 1 1 0,12 0.001 0 1 3,12 0.001 -1 0 1.3292 80 12,0 0.001 -1 0 15,0 0.001 -1 -1 15,3 0.001 1 -1 0.3321 65 15,12 0.001 -1 0 15,15 0.001 1 0 15,13 0.001 0 -1 0.3301 65 ::f,1,1 f,2,13 f,13,13 f,14,2 
223:0,3 0.001 1 1 0,1 0.001 0 1 3,0 0.001 -1 0 1.3234 110 0,15 0.001 1 0 0,13 0.001 0 1 2,12 0.001 -1 0 1.3312 80 12,0 0.001 -1 1 15,0 0.001 -1 0 15,3 0.001 0 -1 0.3321 65 14,12 0.001 -1 0 15,15 0.001 1 0 15,12 0.001 0 -1 0.3321 65 ::f,1,1 f,2,13 f,13,13 f,14,2 
224:0,3 0.001 1 0 0,2 0.001 0 1 2,0 0.001 -1 0 1.3254 110 1,15 0.001 1 0 0,14 0.001 0 1 1,12 0.001 -1 0 1.3342 80 12,0 0.001 0 1 14,0 0.001 -1 0 15,2 0.001 0 -1 0.3341 65 13,12 0.001 -1 0 15,15 0.001 1 -1 15,12 0.001 0 -1 0.3331 65 ::f,1,1 f,2,13 f,13,13 f,14,2 
225:1,3 0.001 1 0 0,3 0.001 0 1 1,0 0.001 -1 0 1.3284 110 2,15 0.001 1 0 0,15 0.001 0 1 0,12 0.001 -1 0 1.3372 80 12,1 0.001 0 1 13,0 0.001 -1 0 15,1 0.001 0 -1 0.3371 65 12,12 0.001 -1 0 15,15 0.001 0 -1 15,12 0.001 -1 -1 0.3341 65 ::f,1,1 f,2,13 f,13,13 f,14,2 
226:2,3 0.001 1 0 0,3 0.001 0 1 0,0 0.001 -1 0 1.3304 110 3,15 0.001 1 0 0,15 0.001 0 1 0,12 0.001 -1 0 1.3382 80 12,2 0.001 0 1 12,0 0.001 -1 0 15,0 0.001 0 -1 0.3401 65 12,12 0.001 -1 0 15,14 0.001 0 -1 15,12 0.001 -1 0 0.3351 65 ::f,1,1 f,2,13 f,13,13 f,14,2 
227:3,3 0.001 1 0 0,3 0.001 1 1 0,0 0.001 -1 0 1.3314 110 3,15 0.001 1 0 0,15 0.001 1 1 0,12 0.001 -1 1 1.3382 80 12,3 0.001 0 1 12,0 0.001 -1 0 15,0 0.001 0 -1 0.3411 65 12,12 0.001 -1 1 15,13 0.001 0 -1 14,12 0.001 -1 0 0.3371 65 ::f,1,1 f,2,13 f,13,13 f,14,2 
228:3,3 0.001 1 0 0,3 0.001 1 0 0,0 0.001 -1 1 1.3314 110 3,15 0.001 1 -1 0,15 0.001 1 0 0,12 0.001 0 1 1.3382 80 12,3 0.001 0 1 12,0 0.001 -1 1 15,0 0.001 -1 -1 0.3411 65 12,12 0.001 0 1 15,12 0.001 0 -1 13,12 0.001 -1 0 0.3391 65 ::f,1,1 f,2,13 f,13,13 f,14,2 
229:3,3 0.001 1 -1 1,3 0.001 1 0 0,0 0.001 0 1 1.3324 110 3,15 0.001 0 -1 1,15 0.001 1 0 0,13 0.001 0 1 1.3402 80 12,3 0.001 1 1 12,0 0.001 0 1 15,0 0.001 -1 0 0.3411 65 12,13 0.001 0 1 15,12 0.001 0 -1 12,12 0.001 -1 0 0.3411 65 ::f,1,1 f,2,13 f,13,13 f,14,2 
230:3,3 0.001 0 -1 2,3 0.001 1 0 0,1 0.001 0 1 1.3344 110 3,14 0.001 0 -1 2,15 0.001 1 0 0,14 0.001 0 1 1.3432 80 12,3 0.001 1 0 12,1 0.001 0 1 14,0 0.001 -1 0 0.3431 65 12,14 0.001 0 1 15,12 0.001 -1 -1 12,12 0.001 -1 0 0.3421 65 ::f,1,1 f,2,13 f,13,13 f,14,2 
231:3,2 0.001 0 -1 3,3 0.001 1 0 0,2 0.001 0 1 1.3374 110 3,13 0.001 0 -1 3,15 0.001 1 0 0,15 0.001 0 1 1.3462 80 13,3 0.001 1 0 12,2 0.001 0 1 13,0 0.001 -1 0 0.3461 65 12,15 0.001 0 1 15,12 0.001 -1 0 12,12 0.001 -1 1 0.3431 65 ::f,1,1 f,2,13 f,13,13 f,14,2 
232:3,1 0.001 0 -1 3,3 0.001 1 0 0,3 0.001 0 1 1.3394 110 3,12 0.001 0 -1 3,15 0.001 1 0 0,15 0.001 0 1 1.3472 80 14,3 0.001 1 0 12,3 0.001 0 1 12,0 0.001 -1 0 0.3491 65 12,15 0.001 0 1 14,12 0.001 -1 0 12,12 0.001 0 1 0.3441 65 ::f,1,1 f,2,13 f,13,13 f,14,2 
233:3,0 0.001 0 -1 3,3 0.001 1 -1 0,3 0.001 0 1 1.3404 110 3,12 0.001 0 -1 3,15 0.001 1 -1 0,15 0.001 1 1 1.3472 80 15,3 0.001 1 0 12,3 0.001 0 1 12,0 0.001 -1 0 0.3501 65 12,15 0.001 1 1 13,12 0.001 -1 0 12,13 0.001 0 1 0.3461 65 ::f,1,1 f,2,13 f,13,13 f,14,2 
234:3,0 0.001 0 -1 3,3 0.001 0 -1 0,3 0.001 1 1 1.3404 110 3,12 0.001 -1 -1 3,15 0.001 0 -1 0,15 0.001 1 0 1.3472 80 15,3 0.001 1 0 12,3 0.001 1 1 12,0 0.001 -1 1 0.3501 65 12,15 0.001 1 0 12,12 0.001 -1 0 12,14 0.001 0 1 0.3481 65 ::f,1,1 f,2,13 f,13,13 f,14,2 
235:3,0 0.001 -1 -1 3,2 0.001 0 -1 0,3 0.001 1 0 1.3414 110 3,12 0.001 -1 0 3,14 0.001 0 -1 1,15 0.001 1 0 1.3492 80 15,3 0.001 1 -1 12,3 0.001 1 0 12,0 0.001 0 1 0.3501 65 13,15 0.001 1 0 12,12 0.001 -1 0 12,15 0.001 0 1 0.3501 65 ::f,1,1 f,2,13 f,13,13 f,14,2 
236:3,0 0.001 -1 0 3,1 0.001 0 -1 1,3 0.001 1 0 1.3434 110 2,12 0.001 -1 0 3,13 0.001 0 -1 2,15 0.001 1 0 1.3522 80 15,3 0.001 0 -1 13,3 0.001 1 0 12,1 0.001 0 1 0.3521 65 14,15 0.001 1 0 12,12 0.001 -1 1 12,15 0.001 0 1 0.3511 65 ::f,1,1 f,2,13 f,13,13 f,14,2 
237:2,0 0.001 -1 0 3,0 0.001 0 -1 2,3 0.001 1 0 1.3464 110 1,12 0.001 -1 0 3,12 0.001 0 -1 3,15 0.001 1 0 1.3552 80 15,2 0.001 0 -1 14,3 0.001 1 0 12,2 0.001 0 1 0.3551 65 15,15 0.001 1 0 12,12 0.001 0 1 12,15 0.001 1 1 0.3521 65 ::f,1,1 f,2,13 f,13,13 f,14,2 
238:1,0 0.001 -1 0 3,0 0.001 0 -1 3,3 0.001 1 0 1.3484 110 0,12 0.001 -1 0 3,12 0.001 0 -1 3,15 0.001 1 0 1.3562 80 15,1 0.001 0 -1 15,3 0.001 1 0 12,3 0.001 0 1 0.3581 65 15,15 0.001 1 0 12,13 0.001 0 1 12,15 0.001 1 0 0.3531 65 ::f,1,1 f,2,13 f,13,13 f,14,2 
239:0,0 0.001 -1 0 3,0 0.001 -1 -1 3,3 0.001 1 0 1.3494 110 0,12 0.001 -1 0 3,12 0.001 -1 -1 3,15 0.001 1 -1 1.3562 80 15,0 0.001 0 -1 15,3 0.001 1 0 12,3 0.001 0 1 0.3591 65 15,15 0.001 1 -1 12,14 0.001 0 1 13,15 0.001 1 0 0.3551 65 ::f,1,1 f,2,13 f,13,13 f,14,2 
240:0,0 0.001 -1 0 3,0 0.001 -1 0 3,3 0.001 1 -1 1.3494 110 0,12 0.001 -1 1 3,12 0.001 -1 0 3,15 0.001 0 -1 1.3562 80 15,0 0.001 0 -1 15,3 0.001 1 -1 12,3 0.001 1 1 0.3591 65 15,15 0.001 0 -1 12,15 0.001 0 1 14,15 0.001 1 0 0.3571 65 ::f,1,1 f,2,13 f,13,13 f,14,2 
241:0,0 0.001 -1 1 2,0 0.001 -1 0 3,3 0.001 0 -1 1.3504 110 0,12 0.001 0 1 2,12 0.001 -1 0 3,14 0.001 0 -1 1.3582 80 15,0 0.001 -1 -1 15,3 0.001 0 -1 12,3 0.001 1 0 0.3591 65 15,14 0.001 0 -1 12,15 0.001 0 1 15,15 0.001 1 0 0.3591 65 ::f,1,1 f,2,13 f,13,13 f,14,2 
242:0,0 0.001 0 1 1,0 0.001 -1 0 3,2 0.001 0 -1 1.3524 110 0,13 0.001 0 1 1,12 0.001 -1 0 3,13 0.001 0 -1 1.3612 80 15,0 0.001 -1 0 15,2 0.001 0 -1 13,3 0.001 1 0 0.3611 65 15,13 0.001 0 -1 12,15 0.001 1 1 15,15 0.001 1 0 0.3601 65 ::f,1,1 f,2,13 f,13,13 f,14,2 
243:0,1 0.001 0 1 0,0 0.001 -1 0 3,1 0.001 0 -1 1.3554 110 0,14 0.001 0 1 0,12 0.001 -1 0 3,12 0.001 0 -1 1.3642 80 14,0 0.001 -1 0 15,1 0.001 0 -1 14,3 0.001 1 0 0.3641 65 15,12 0.001 0 -1 12,15 0.001 1 0 15,15 0.001 1 -1 0.3611 65 ::f,1,1 f,2,13 f,13,13 f,14,2 
244:0,2 0.001 0 1 0,0 0.001 -1 0 3,0 0.001 0 -1 1.3574 110 0,15 0.001 0 1 0,12 0.001 -1 0 3,12 0.001 0 -1 1.3652 80 13,0 0.001 -1 0 15,0 0.001 0 -1 15,3 0.001 1 0 0.3671 65 15,12 0.001 0 -1 13,15 0.001 1 0 15,15 0.001 0 -1 0.3621 65 ::f,1,1 f,2,13 f,13,13 f,14,2 
245:0,3 0.001 0 1 0,0 0.001 -1 1 3,0 0.001 0 -1 1.3584 110 0,15 0.001 0 1 0,12 0.001 -1 1 3,12 0.001 -1 -1 1.3652 80 12,0 0.001 -1 0 15,0 0.001 0 -1 15,3 0.001 1 0 0.3681 65 15,12 0.001 -1 -1 14,15 0.001 1 0 15,14 0.001 0 -1 0.3641 65 ::f,1,1 f,2,13 f,13,13 f,14,2 
246:0,3 0.001 0 1 0,0 0.001 0 1 3,0 0.001 -1 -1 1.3584 110 0,15 0.001 1 1 0,12 0.001 0 1 3,12 0.001 -1 0 1.3652 80 12,0 0.001 -1 0 15,0 0.001 -1 -1 15,3 0.001 1 -1 0.3681 65 15,12 0.001 -1 0 15,15 0.001 1 0 15,13 0.001 0 -1 0.3661 65 ::f,1,1 f,2,13 f,13,13 f,14,2 
247:0,3 0.001 1 1 0,1 0.001 0 1 3,0 0.001 -1 0 1.3594 110 0,15 0.001 1 0 0,13 0.001 0 1 2,12 0.001 -1 0 1.3672 80 12,0 0.001 -1 1 15,0 0.001 -1 0 15,3 0.001 0 -1 0.3681 65 14,12 0.001 -1 0 15,15 0.001 1 0 15,12 0.001 0 -1 0.3681 65 ::f,1,1 f,2,13 f,13,13 f,14,2 
248:0,3 0.001 1 0 0,2 0.001 0 1 2,0 0.001 -1 0 1.3614 110 1,15 0.001 1 0 0,14 0.001 0 1 1,12 0.001 -1 0 1.3702 80 12,0 0.001 0 1 14,0 0.001 -1 0 15,2 0.001 0 -1 0.3701 65 13,12 0.001 -1 0 15,15 0.001 1 -1 15,12 0.001 0 -1 0.3691 65 ::f,1,1 f,2,13 f,13,13 f,14,2 
249:1,3 0.001 1 0 0,3 0.001 0 1 1,0 0.001 -1 0 1.3644 110 2,15 0.001 1 0 0,15 0.001 0 1 0,12 0.001 -1 0 1.3732 80 12,1 0.001 0 1 13,0 0.001 -1 0 15,1 0.001 0 -1 0.3731 65 12,12 0.001 -1 0 15,15 0.001 0 -1 15,12 0.001 -1 -1 0.3701 65 ::f,1,1 f,2,13 f,13,13 f,14,2 
250:2,3 0.001 1 0 0,3 0.001 0 1 0,0 0.001 -1 0 1.3664 110 3,15 0.001 1 0 0,15 0.001 0 1 0,12 0.001 -1 0 1.3742 80 12,2 0.001 0 1 12,0 0.001 -1 0 15,0 0.001 0 -1 0.3761 65 12,12 0.001 -1 0 15,14 0.001 0 -1 15,12 0.001 -1 0 0.3711 65 ::f,1,1 f,2,13 f,13,13 f,14,2 
251:3,3 0.001 1 0 0,3 0.001 1 1 0,0 0.001 -1 0 1.3674 110 3,15 0.001 1 0 0,15 0.001 1 1 0,12 0.001 -1 1 1.3742 80 12,3 0.001 0 1 12,0 0.001 -1 0 15,0 0.001 0 -1 0.3771 65 12,12 0.001 -1 1 15,13 0.001 0 -1 14,12 0.001 -1 0 0.3731 65 ::f,1,1 f,2,13 f,13,13 f,14,2 
252:3,3 0.001 1 0 0,3 0.001 1 0 0,0 0.001 -1 1 1.3674 110 3,15 0.001 1 -1 0,15 0.001 1 0 0,12 0.001 0 1 1.3742 80 12,3 0.001 0 1 12,0 0.001 -1 1 15,0 0.001 -1 -1 0.3771 65 12,12 0.001 0 1 15,12 0.001 0 -1 13,12 0.001 -1 0 0.3751 65 ::f,1,1 f,2,13 f,13,13 f,14,2 
253:3,3 0.001 1 -1 1,3 0.001 1 0 0,0 0.001 0 1 1.3684 110 3,15 0.001 0 -1 1,15 0.001 1 0 0,13 0.001 0 1 1.3762 80 12,3 0.001 1 1 12,0 0.001 0 1 15,0 0.001 -1 0 0.3771 65 12,13 0.001 0 1 15,12 0.001 0 -1 12,12 0.001 -1 0 0.3771 65 ::f,1,1 f,2,13 f,13,13 f,14,2 
254:3,3 0.001 0 -1 2,3 0.001 1 0 0,1 0.001 0 1 1.3704 110 3,14 0.001 0 -1 2,15 0.001 1 0 0,14 0.001 0 1 1.3792 80 12,3 0.001 1 0 12,1 0.001 0 1 14,0 0.001 -1 0 0.3791 65 12,14 0.001 0 1 15,12 0.001 -1 -1 12,12 0.001 -1 0 0.3781 65 ::f,1,1 f,2,13 f,13,13 f,14,2 
255:3,2 0.001 0 -1 3,3 0.001 1 0 0,2 0.001 0 1 1.3734 110 3,13 0.001 0 -1 3,15 0.001 1 0 0,15 0.001 0 1 1.3822 80 13,3 0.001 1 0 12,2 0.001 0 1 13,0 0.001 -1 0 0.3821 65 12,15 0.001 0 1 15,12 0.001 -1 0 12,12 0.001 -1 1 0.3791 65 ::f,1,1 f,2,13 f,13,13 f,14,2 
256:3,1 0.001 0 -1 3,3 0.001 1 0 0,3 0.001 0 1 1.3754 110 3,12 0.001 0 -1 3,15 0.001 1 0 0,15 0.001 0 1 1.3832 80 14,3 0.001 1 0 12,3 0.001 0 1 12,0 0.001 -1 0 0.3851 65 12,15 0.001 0 1 14,12 0.001 -1 0 12,12 0.001 0 1 0.3801 65 ::f,1,1 f,2,13 f,13,13 f,14,2 
257:3,0 0.001 0 -1 3,3 0.001 1 -1 0,3 0.001 0 1 1.3764 110 3,12 0.001 0 -1 3,15 0.001 1 -1 0,15 0.001 1 1 1.3832 80 15,3 0.001 1 0 12,3 0.001 0 1 12,0 0.001 -1 0 0.3861 65 12,15 0.001 1 1 13,12 0.001 -1 0 12,13 0.001 0 1 0.3821 65 ::f,1,1 f,2,13 f,13,13 f,14,2 
258:3,0 0.001 0 -1 3,3 0.001 0 -1 0,3 0.001 1 1 1.3764 110 3,12 0.001 -1 -1 3,15 0.001 0 -1 0,15 0.001 1 0 1.3832 80 15,3 0.001 1 0 12,3 0.001 1 1 12,0 0.001 -1 1 0.3861 65 12,15 0.001 1 0 12,12 0.001 -1 0 12,14 0.001 0 1 0.3841 65 ::f,1,1 f,2,13 f,13,13 f,14,2 
259:3,0 0.001 -1 -1 3,2 0.001 0 -1 0,3 0.001 1 0 1.3774 110 3,12 0.001 -1 0 3,14 0.001 0 -1 1,15 0.001 1 0 1.3852 80 15,3 0.001 1 -1 12,3 0.001 1 0 12,0 0.001 0 1 0.3861 65 13,15 0.001 1 0 12,12 0.001 -1 0 12,15 0.001 0 1 0.3861 65 ::f,1,1 f,2,13 f,13,13 f,14,2 
260:3,0 0.001 -1 0 3,1 0.001 0 -1 1,3 0.001 1 0 1.3794 110 2,12 0.001 -1 0 3,13 0.001 0 -1 2,15 0.001 1 0 1.3882 80 15,3 0.001 0 -1 13,3 0.001 1 0 12,1 0.001 0 1 0.3881 65 14,15 0.001 1 0 12,12 0.001 -1 1 12,15 0.001 0 1 0.3871 65 ::f,1,1 f,2,13 f,13,13 f,14,2 
261:2,0 0.001 -1 0 3,0 0.001 0 -1 2,3 0.001 1 0 1.3824 110 1,12 0.001 -1 0 3,12 0.001 0 -1 3,15 0.001 1 0 1.3912 80 15,2 0.001 0 -1 14,3 0.001 1 0 12,2 0.001 0 1 0.3911 65 15,15 0.001 1 0 12,12 0.001 0 1 12,15 0.001 1 1 0.3881 65 ::f,1,1 f,2,13 f,13,13 f,14,2 
262:1,0 0.001 -1 0 3,0 0.001 0 -1 3,3 0.001 1 0 1.3844 110 0,12 0.001 -1 0 3,12 0.001 0 -1 3,15 0.001 1 0 1.3922 80 15,1 0.001 0 -1 15,3 0.001 1 0 12,3 0.001 0 1 0.3941 65 15,15 0.001 1 0 12,13 0.001 0 1 12,15 0.001 1 0 0.3891 65 ::f,1,1 f,2,13 f,13,13 f,14,2 
263:0,0 0.001 -1 0 3,0 0.001 -1 -1 3,3 0.001 1 0 1.3854 110 0,12 0.001 -1 0 3,12 0.001 -1 -1 3,15 0.001 1 -1 1.3922 80 15,0 0.001 0 -1 15,3 0.001 1 0 12,3 0.001 0 1 0.3951 65 15,15 0.001 1 -1 12,14 0.001 0 1 13,15 0.001 1 0 0.3911 65 ::f,1,1 f,2,13 f,13,13 f,14,2 
264:0,0 0.001 -1 0 3,0 0.001 -1 0 3,3 0.001 1 -1 1.3854 110 0,12 0.001 -1 1 3,12 0.001 -1 0 3,15 0.001 0 -1 1.3922 80 15,0 0.001 0 -1 15,3 0.001 1 -1 12,3 0.001 1 1 0.3951 65 15,15 0.001 0 -1 12,15 0.001 0 1 14,15 0.001 1 0 0.3931 65 ::f,1,1 f,2,13 f,13,13 f,14,2 
265:0,0 0.001 -1 1 2,0 0.001 -1 0 3,3 0.001 0 -1 1.3864 110 0,12 0.001 0 1 2,12 0.001 -1 0 3,14 0.001 0 -1 1.3942 80 15,0 0.001 -1 -1 15,3 0.001 0 -1 12,3 0.001 1 0 0.3951 65 15,14 0.001 0 -1 12,15 0.001 0 1 15,15 0.001 1 0 0.3951 65 ::f,1,1 f,2,13 f,13,13 f,14,2 
266:0,0 0.001 0 1 1,0 0.001 -1 0 3,2 0.001 0 -1 1.3884 110 0,13 0.001 0 1 1,12 0.001 -1 0 3,13 0.001 0 -1 1.3972 80 15,0 0.001 -1 0 15,2 0.001 0 -1 13,3 0.001 1 0 0.3971 65 15,13 0.001 0 -1 12,15 0.001 1 1 15,15 0.001 1 0 0.3961 65 ::f,1,1 f,2,13 f,13,13 f,14,2 
267:0,1 0.001 0 1 0,0 0.001 -1 0 3,1 0.001 0 -1 1.3914 110 0,14 0.001 0 1 0,12 0.001 -1 0 3,12 0.001 0 -1 1.4002 80 14,0 0.001 -1 0 15,1 0.001 0 -1 14,3 0.001 1 0 0.4001 65 15,12 0.001 0 -1 12,15 0.001 1 0 15,15 0.001 1 -1 0.3971 65 ::f,1,1 f,2,13 f,13,13 f,14,2 
268:0,2 0.001 0 1 0,0 0.001 -1 0 3,0 0.001 0 -1 1.3934 110 0,15 0.001 0 1 0,12 0.001 -1 0 3,12 0.001 0 -1 1.4012 80 13,0 0.001 -1 0 15,0 0.001 0 -1 15,3 0.001 1 0 0.4031 65 15,12 0.001 0 -1 13,15 0.001 1 0 15,15 0.001 0 -1 0.3981 65 ::f,1,1 f,2,13 f,13,13 f,14,2 
269:0,3 0.001 0 1 0,0 0.001 -1 1 3,0 0.001 0 -1 1.3944 110 0,15 0.001 0 1 0,12 0.001 -1 1 3,12 0.001 -1 -1 1.4012 80 12,0 0.001 -1 0 15,0 0.001 0 -1 15,3 0.001 1 0 0.4041 65 15,12 0.001 -1 -1 14,15 0.001 1 0 15,14 0.001 0 -1 0.4001 65 ::f,1,1 f,2,13 f,13,13 f,14,2 
270:0,3 0.001 0 1 0,0 0.001 0 1 3,0 0.001 -1 -1 1.3944 110 0,15 0.001 1 1 0,12 0.001 0 1 3,12 0.001 -1 0 1.4012 80 12,0 0.001 -1 0 15,0 0.001 -1 -1 15,3 0.001 1 -1 0.4041 65 15,12 0.001 -1 0 15,15 0.001 1 0 15,13 0.001 0 -1 0.4021 65 ::f,1,1 f,2,13 f,13,13 f,14,2 
271:0,3 0.001 1 1 0,1 0.001 0 1 3,0 0.001 -1 0 1.3954 110 0,15 0.001 1 0 0,13 0.001 0 1 2,12 0.001 -1 0 1.4032 80 12,0 0.001 -1 1 15,0 0.001 -1 0 15,3 0.001 0 -1 0.4041 65 14,12 0.001 -1 0 15,15 0.001 1 0 15,12 0.001 0 -1 0.4041 65 ::f,1,1 f,2,13 f,13,13 f,14,2 
272:0,3 0.001 1 0 0,2 0.001 0 1 2,0 0.001 -1 0 1.3974 110 1,15 0.001 1 0 0,14 0.001 0 1 1,12 0.001 -1 0 1.4062 80 12,0 0.001 0 1 14,0 0.001 -1 0 15,2 0.001 0 -1 0.4061 65 13,12 0.001 -1 0 15,15 0.001 1 -1 15,12 0.001 0 -1 0.4051 65 ::f,1,1 f,2,13 f,13,13 f,14,2 
273:1,3 0.001 1 0 0,3 0.001 0 1 1,0 0.001 -1 0 1.4004 110 2,15 0.001 1 0 0,15 0.001 0 1 0,12 0.001 -1 0 1.4092 80 12,1 0.001 0 1 13,0 0.001 -1 0 15,1 0.001 0 -1 0.4091 65 12,12 0.001 -1 0 15,15 0.001 0 -1 15,12 0.001 -1 -1 0.4061 65 ::f,1,1 f,2,13 f,13,13 f,14,2 
274:2,3 0.001 1 0 0,3 0.001 0 1 0,0 0.001 -1 0 1.4024 110 3,15 0.001 1 0 0,15 0.001 0 1 0,12 0.001 -1 0 1.4102 80 12,2 0.001 0 1 12,0 0.001 -1 0 15,0 0.001 0 -1 0.4121 65 12,12 0.001 -1 0 15,14 0.001 0 -1 15,12 0.001 -1 0 0.4071 65 ::f,1,1 f,2,13 f,13,13 f,14,2 
275:3,3 0.001 1 0 0,3 0.001 1 1 0,0 0.001 -1 0 1.4034 110 3,15 0.001 1 0 0,15 0.001 1 1 0,12 0.001 -1 1 1.4102 80 12,3 0.001 0 1 12,0 0.001 -1 0 15,0 0.001 0 -1 0.4131 65 12,12 0.001 -1 1 15,13 0.001 0 -1 14,12 0.001 -1 0 0.4091 65 ::f,1,1 f,2,13 f,13,13 f,14,2 
276:3,3 0.001 1 0 0,3 0.001 1 0 0,0 0.001 -1 1 1.4034 110 3,15 0.001 1 -1 0,15 0.001 1 0 0,12 0.001 0 1 1.4102 80 12,3 0.001 0 1 12,0 0.001 -1 1 15,0 0.001 -1 -1 0.4131 65 12,12 0.001 0 1 15,12 0.001 0 -1 13,12 0.001 -1 0 0.4111 65 ::f,1,1 f,2,13 f,13,13 f,14,2 
277:3,3 0.001 1 -1 1,3 0.001 1 0 0,0 0.001 0 1 1.4044 110 3,15 0.001 0 -1 1,15 0.001 1 0 0,13 0.001 0 1 1.4122 80 12,3 0.001 1 1 12,0 0.001 0 1 15,0 0.001 -1 0 0.4131 65 12,13 0.001 0 1 15,12 0.001 0 -1 12,12 0.001 -1 0 0.4131 65 ::f,1,1 f,2,13 f,13,13 f,14,2 
278:3,3 0.001 0 -1 2,3 0.001 1 0 0,1 0.001 0 1 1.4064 110 3,14 0.001 0 -1 2,15 0.001 1 0 0,14 0.001 0 1 1.4152 80 12,3 0.001 1 0 12,1 0.001 0 1 14,0 0.001 -1 0 0.4151 65 12,14 0.001 0 1 15,12 0.001 -1 -1 12,12 0.001 -1 0 0.4141 65 ::f,1,1 f,2,13 f,13,13 f,14,2 
279:3,2 0.001 0 -1 3,3 0.001 1 0 0,2 0.001 0 1 1.4094 110 3,13 0.001 0 -1 3,15 0.001 1 0 0,15 0.001 0 1 1.4182 80 13,3 0.001 1 0 12,2 0.001 0 1 13,0 0.001 -1 0 0.4181 65 12,15 0.001 0 1 15,12 0.001 -1 0 12,12 0.001 -1 1 0.4151 65 ::f,1,1 f,2,13 f,13,13 f,14,2 
280:3,1 0.001 0 -1 3,3 0.001 1 0 0,3 0.001 0 1 1.4114 110 3,12 0.001 0 -1 3,15 0.001 1 0 0,15 0.001 0 1 1.4192 80 14,3 0.001 1 0 12,3 0.001 0 1 12,0 0.001 -1 0 0.4211 65 12,15 0.001 0 1 14,12 0.001 -1 0 12,12 0.001 0 1 0.4161 65 ::f,1,1 f,2,13 f,13,13 f,14,2 
281:3,0 0.001 0 -1 3,3 0.001 1 -1 0,3 0.001 0 1 1.4124 110 3,12 0.001 0 -1 3,15 0.001 1 -1 0,15 0.001 1 1 1.4192 80 15,3 0.001 1 0 12,3 0.001 0 1 12,0 0.001 -1 0 0.4221 65 12,15 0.001 1 1 13,12 0.001 -1 0 12,13 0.001 0 1 0.4181 65 ::f,1,1 f,2,13 f,13,13 f,14,2 
282:3,0 0.001 0 -1 3,3 0.001 0 -1 0,3 0.001 1 1 1.4124 110 3,12 0.001 -1 -1 3,15 0.001 0 -1 0,15 0.001 1 0 1.4192 80 15,3 0.001 1 0 12,3 0.001 1 1 12,0 0.001 -1 1 0.4221 65 12,15 0.001 1 0 12,12 0.001 -1 0 12,14 0.001 0 1 0.4201 65 ::f,1,1 f,2,13 f,13,13 f,14,2 
283:3,0 0.001 -1 -1 3,2 0.001 0 -1 0,3 0.001 1 0 1.4134 110 3,12 0.001 -1 0 3,14 0.001 0 -1 1,15 0.001 1 0 1.4212 80 15,3 0.001 1 -1 12,3 0.001 1 0 12,0 0.001 0 1 0.4221 65 13,15 0.001 1 0 12,12 0.001 -1 0 12,15 0.001 0 1 0.4221 65 ::f,1,1 f,2,13 f,13,13 f,14,2 
284:3,0 0.001 -1 0 3,1 0.001 0 -1 1,3 0.001 1 0 1.4154 110 2,12 0.001 -1 0 3,13 0.001 0 -1 2,15 0.001 1 0 1.4242 80 15,3 0.001 0 -1 13,3 0.001 1 0 12,1 0.001 0 1 0.4241 65 14,15 0.001 1 0 12,12 0.001 -1 1 12,15 0.001 0 1 0.4231 65 ::f,1,1 f,2,13 f,13,13 f,14,2 
285:2,0 0.001 -1 0 3,0 0.001 0 -1 2,3 0.001 1 0 1.4184 110 1,12 0.001 -1 0 3,12 0.001 0 -1 3,15 0.001 1 0 1.4272 80 15,2 0.001 0 -1 14,3 0.001 1 0 12,2 0.001 0 1 0.4271 65 15,15 0.001 1 0 12,12 0.001 0 1 12,15 0.001 1 1 0.4241 65 ::f,1,1 f,2,13 f,13,13 f,14,2 
286:1,0 0.001 -1 0 3,0 0.001 0 -1 3,3 0.001 1 0 1.4204 110 0,12 0.001 -1 0 3,12 0.001 0 -1 3,15 0.001 1 0 1.4282 80 15,1 0.001 0 -1 15,3 0.001 1 0 12,3 0.001 0 1 0.4301 65 15,15 0.001 1 0 12,13 0.001 0 1 12,15 0.001 1 0 0.4251 65 ::f,1,1 f,2,13 f,13,13 f,14,2 
287:0,0 0.001 -1 0 3,0 0.001 -1 -1 3,3 0.001 1 0 1.4214 110 0,12 0.001 -1 0 3,12 0.001 -1 -1 3,15 0.001 1 -1 1.4282 80 15,0 0.001 0 -1 15,3 0.001 1 0 12,3 0.001 0 1 0.4311 65 15,15 0.001 1 -1 12,14 0.001 0 1 13,15 0.001 1 0 0.4271 65 ::f,1,1 f,2,13 f,13,13 f,14,2 
288:0,0 0.001 -1 0 3,0 0.001 -1 0 3,3 0.001 1 -1 1.4214 110 0,12 0.001 -1 1 3,12 0.001 -1 0 3,15 0.001 0 -1 1.4282 80 15,0 0.001 0 -1 15,3 0.001 1 -1 12,3 0.001 1 1 0.4311 65 15,15 0.001 0 -1 12,15 0.001 0 1 14,15 0.001 1 0 0.4291 65 ::f,1,1 f,2,13 f,13,13 f,14,2 
289:0,0 0.001 -1 1 2,0 0.001 -1 0 3,3 0.001 0 -1 1.4224 110 0,12 0.001 0 1 2,12 0.001 -1 0 3,14 0.001 0 -1 1.4302 80 15,0 0.001 -1 -1 15,3 0.001 0 -1 12,3 0.001 1 0 0.4311 65 15,14 0.001 0 -1 12,15 0.001 0 1 15,15 0.001 1 0 0.4311 65 ::f,1,1 f,2,13 f,13,13 f,14,2 
290:0,0 0.001 0 1 1,0 0.001 -1 0 3,2 0.001 0 -1 1.4244 110 0,13 0.001 0 1 1,12 0.001 -1 0 3,13 0.001 0 -1 1.4332 80 15,0 0.001 -1 0 15,2 0.001 0 -1 13,3 0.001 1 0 0.4331 65 15,13 0.001 0 -1 12,15 0.001 1 1 15,15 0.001 1 0 0.4321 65 ::f,1,1 f,2,13 f,13,13 f,14,2 
291:0,1 0.001 0 1 0,0 0.001 -1 0 3,1 0.001 0 -1 1.4274 110 0,14 0.001 0 1 0,12 0.001 -1 0 3,12 0.001 0 -1 1.4362 80 14,0 0.001 -1 0 15,1 0.001 0 -1 14,3 0.001 1 0 0.4361 65 15,12 0.001 0 -1 12,15 0.001 1 0 15,15 0.001 1 -1 0.4331 65 ::f,1,1 f,2,13 f,13,13 f,14,2 
292:0,2 0.001 0 1 0,0 0.001 -1 0 3,0 0.001 0 -1 1.4294 110 0,15 0.001 0 1 0,12 0.001 -1 0 3,12 0.001 0 -1 1.4372 80 13,0 0.001 -1 0 15,0 0.001 0 -1 15,3 0.001 1 0 0.4391 65 15,12 0.001 0 -1 13,15 0.001 1 0 15,15 0.001 0 -1 0.4341 65 ::f,1,1 f,2,13 f,13,13 f,14,2 
293:0,3 0.001 0 1 0,0 0.001 -1 1 3,0 0.001 0 -1 1.4304 110 0,15 0.001 0 1 0,12 0.001 -1 1 3,12 0.001 -1 -1 1.4372 80 12,0 0.001 -1 0 15,0 0.001 0 -1 15,3 0.001 1 0 0.4401 65 15,12 0.001 -1 -1 14,15 0.001 1 0 15,14 0.001 0 -1 0.4361 65 ::f,1,1 f,2,13 f,13,13 f,14,2 
294:0,3 0.001 0 1 0,0 0.001 0 1 3,0 0.001 -1 -1 1.4304 110 0,15 0.001 1 1 0,12 0.001 0 1 3,12 0.001 -1 0 1.4372 80 12,0 0.001 -1 0 15,0 0.001 -1 -1 15,3 0.001 1 -1 0.4401 65 15,12 0.001 -1 0 15,15 0.001 1 0 15,13 0.001 0 -1 0.4381 65 ::f,1,1 f,2,13 f,13,13 f,14,2 
295:0,3 0.001 1 1 0,1 0.001 0 1 3,0 0.001 -1 0 1.4314 110 0,15 0.001 1 0 0,13 0.001 0 1 2,12 0.001 -1 0 1.4392 80 12,0 0.001 -1 1 15,0 0.001 -1 0 15,3 0.001 0 -1 0.4401 65 14,12 0.001 -1 0 15,15 0.001 1 0 15,12 0.001 0 -1 0.4401 65 ::f,1,1 f,2,13 f,13,13 f,14,2 
296:0,3 0.001 1 0 0,2 0.001 0 1 2,0 0.001 -1 0 1.4334 110 1,15 0.001 1 0 0,14 0.001 0 1 1,12 0.001 -1 0 1.4422 80 12,0 0.001 0 1 14,0 0.001 -1 0 15,2 0.001 0 -1 0.4421 65 13,12 0.001 -1 0 15,15 0.001 1 -1 15,12 0.001 0 -1 0.4411 65 ::f,1,1 f,2,13 f,13,13 f,14,2 
297:1,3 0.001 1 0 0,3 0.001 0 1 1,0 0.001 -1 0 1.4364 110 2,15 0.001 1 0 0,15 0.001 0 1 0,12 0.001 -1 0 1.4452 80 12,1 0.001 0 1 13,0 0.001 -1 0 15,1 0.001 0 -1 0.4451 65 12,12 0.001 -1 0 15,15 0.001 0 -1 15,12 0.001 -1 -1 0.4421 65 ::f,1,1 f,2,13 f,13,13 f,14,2 
298:2,3 0.001 1 0 0,3 0.001 0 1 0,0 0.001 -1 0 1.4384 110 3,15 0.001 1 0 0,15 0.001 0 1 0,12 0.001 -1 0 1.4462 80 12,2 0.001 0 1 12,0 0.001 -1 0 15,0 0.001 0 -1 0.4481 65 12,12 0.001 -1 0 15,14 0.001 0 -1 15,12 0.001 -1 0 0.4431 65 ::f,1,1 f,2,13 f,13,13 f,14,2 
299:3,3 0.001 1 0 0,3 0.001 1 1 0,0 0.001 -1 0 1.4394 110 3,15 0.001 1 0 0,15 0.001 1 1 0,12 0.001 -1 1 1.4462 80 12,3 0.001 0 1 12,0 0.001 -1 0 15,0 0.001 0 -1 0.4491 65 12,12 0.001 -1 1 15,13 0.001 0 -1 14,12 0.001 -1 0 0.4451 65 ::f,1,1 f,2,13 f,13,13 f,14,2 
