16
0:1,1 0.001 1 1 0,1 0.003 -1 1 3,1 0.002 1 1 0.002 50 3,15 0.001 0 1 2,15 0.003 1 0 1,14 0.002 1 -1 0.001 50 15,0 0.001 1 0 14,1 0.003 0 -1 14,3 0.002 -1 1 0.001 50 12,13 0.001 -1 -1 14,15 0.003 0 1 13,14 0.002 1 -1 0.003 50 ::f,0,2 f,3,14 f,13,1 f,15,12 
1:1,1 0.001 1 1 0,1 0.001 -1 1 3,1 0.001 1 1 0.002 50 3,15 0.001 0 1 2,15 0.001 1 0 1,14 0.001 1 -1 0.001 50 15,0 0.001 1 0 14,1 0.001 0 -1 14,3 0.001 -1 1 0.001 50 12,13 0.001 -1 -1 14,15 0.001 0 1 13,14 0.001 1 -1 0.003 50 ::f,0,2 f,3,14 f,13,1 f,15,12 
2:1,1 0.001 1 0 0,1 0.001 0 1 3,1 0.001 1 0 0.002 50 3,15 0.001 1 1 2,15 0.001 1 -1 1,14 0.001 0 -1 0.001 50 15,0 0.001 1 -1 14,1 0.001 -1 -1 14,3 0.001 0 1 0.001 50 12,13 0.001 -1 0 14,15 0.001 1 1 14,13 0.001 1 -1 0.004 50 ::f,0,2 f,3,14 f,13,1 f,15,12 
3:1,1 0.001 1 0 0,1 0.001 0 1 3,1 0.001 1 0 0.0021 65 3,15 0.001 1 1 2,15 0.001 1 -1 1,14 0.001 0 -1 0.0011 65 15,0 0.001 1 -1 14,1 0.001 -1 -1 14,3 0.001 0 1 0.001 50 12,13 0.001 -1 0 14,15 0.001 1 1 14,13 0.001 1 -1 0.0041 65 ::f,3,2 f,3,13 f,13,1 f,13,15 
4:1,1 0.001 1 -1 0,1 0.001 1 1 3,1 0.001 1 -1 0.0021 65 3,15 0.001 1 0 2,15 0.001 0 -1 1,14 0.001 -1 -1 0.0011 65 15,0 0.001 0 -1 14,1 0.001 -1 0 14,3 0.001 1 1 0.001 50 12,13 0.001 -1 1 14,15 0.001 1 0 15,12 0.001 1 -1 0.0051 65 ::f,3,2 f,3,13 f,13,1 f,13,15 
5:1,1 0.001 1 -1 0,1 0.001 1 1 3,1 0.001 1 -1 0.0021 65 3,15 0.001 1 0 2,15 0.001 0 -1 1,14 0.001 -1 -1 0.0011 65 15,0 0.001 0 -1 14,1 0.001 -1 0 14,3 0.001 1 1 0.0011 65 12,13 0.001 -1 1 14,15 0.001 1 0 15,12 0.001 1 -1 0.0051 65 ::f,3,2 f,3,13 f,13,1 f,13,15 
6:1,1 0.001 0 -1 0,1 0.001 1 0 3,1 0.001 0 -1 0.0021 65 3,15 0.001 1 -1 2,15 0.001 -1 -1 1,14 0.001 -1 0 0.0011 65 15,0 0.001 -1 -1 14,1 0.001 -1 1 14,3 0.001 1 0 0.0011 65 12,13 0.001 0 1 14,15 0.001 1 -1 15,12 0.001 1 -1 0.0051 65 ::f,3,2 f,3,13 f,13,1 f,13,15 
7:1,1 0.001 0 -1 0,1 0.001 1 0 3,1 0.001 0 -1 0.0021 65 3,15 0.001 1 -1 2,15 0.001 -1 -1 1,14 0.001 -1 0 0.0011 65 15,0 0.001 -1 -1 14,1 0.001 -1 1 14,3 0.001 1 0 0.0011 65 12,14 0.001 0 1 14,15 0.001 1 -1 15,12 0.001 1 -1 0.0061 65 ::f,3,2 f,3,13 f,13,1 f,13,15 
8:1,1 0.001 -1 -1 0,1 0.001 1 -1 3,1 0.001 -1 -1 0.0021 65 3,15 0.001 0 -1 2,15 0.001 -1 0 1,14 0.001 -1 1 0.0011 65 15,0 0.001 -1 0 14,1 0.001 0 1 14,3 0.001 1 -1 0.0011 65 12,14 0.001 0 1 14,15 0.001 0 -1 15,12 0.001 1 -1 0.0061 65 ::f,3,2 f,3,13 f,13,1 f,13,15 
9:1,1 0.001 -1 -1 0,1 0.001 1 -1 3,1 0.001 -1 -1 0.0021 65 3,14 0.001 0 -1 2,15 0.001 -1 0 1,14 0.001 -1 1 0.0021 65 14,0 0.001 -1 0 14,2 0.001 0 1 14,3 0.001 1 -1 0.0031 65 12,14 0.001 1 1 14,14 0.001 0 -1 15,12 0.001 1 -1 0.0071 65 ::f,3,2 f,3,13 f,13,1 f,13,15 
10:1,1 0.001 -1 0 0,1 0.001 0 -1 3,1 0.001 -1 0 0.0021 65 3,14 0.001 0 -1 2,15 0.001 -1 1 1,14 0.001 0 1 0.0022 80 14,0 0.001 -1 0 14,2 0.001 0 1 14,3 0.001 0 -1 0.0031 65 12,14 0.001 1 1 14,14 0.001 0 -1 15,12 0.001 1 -1 0.0072 80 ::f,1,13 f,3,2 f,12,15 f,13,1 
11:1,1 0.001 -1 0 0,1 0.001 0 -1 2,1 0.001 -1 0 0.0031 65 3,14 0.001 -1 -1 2,15 0.001 -1 1 1,14 0.001 0 1 0.0022 80 14,0 0.001 -1 1 14,2 0.001 1 1 14,3 0.001 0 -1 0.0031 65 12,14 0.001 1 0 14,14 0.001 -1 -1 15,12 0.001 1 -1 0.0072 80 ::f,1,13 f,3,2 f,12,15 f,13,1 
12:1,1 0.001 -1 1 0,1 0.001 -1 -1 2,1 0.001 -1 0 0.0031 65 3,14 0.001 -1 -1 2,15 0.001 0 1 1,14 0.001 1 1 0.0022 80 14,0 0.001 -1 1 14,2 0.001 1 1 14,3 0.001 0 -1 0.0032 80 13,14 0.001 1 0 14,14 0.001 -1 -1 15,12 0.001 1 -1 0.0082 80 ::f,1,13 f,3,2 f,12,15 f,15,1 
13:1,1 0.001 -1 1 0,1 0.001 -1 -1 2,1 0.001 -1 1 0.0031 65 3,14 0.001 -1 0 2,15 0.001 0 1 1,14 0.001 1 1 0.0022 80 14,0 0.001 0 1 14,2 0.001 1 0 14,3 0.001 -1 -1 0.0032 80 13,14 0.001 1 0 14,14 0.001 -1 0 15,12 0.001 1 -1 0.0082 80 ::f,1,13 f,3,2 f,12,15 f,15,1 
14:1,1 0.001 0 1 0,1 0.001 -1 0 2,1 0.001 -1 1 0.0031 65 2,14 0.001 -1 0 2,15 0.001 1 1 1,14 0.001 1 0 0.0032 80 14,1 0.001 0 1 14,2 0.001 1 0 14,3 0.001 -1 -1 0.0042 80 13,14 0.001 1 -1 14,14 0.001 -1 0 15,12 0.001 1 -1 0.0082 80 ::f,1,13 f,3,2 f,12,15 f,15,1 
15:1,2 0.001 0 1 0,1 0.001 -1 0 2,1 0.001 0 1 0.0041 65 2,14 0.001 -1 0 2,15 0.001 1 1 1,14 0.001 1 0 0.0032 80 14,1 0.001 0 1 14,2 0.001 1 -1 14,3 0.001 -1 0 0.0042 80 14,13 0.001 1 -1 14,14 0.001 -1 1 15,12 0.001 1 -1 0.0092 80 ::f,1,13 f,3,2 f,12,15 f,15,1 
16:1,2 0.001 0 1 0,1 0.001 -1 1 2,1 0.001 0 1 0.0041 65 2,14 0.001 -1 1 2,15 0.001 1 0 1,14 0.001 1 0 0.0032 80 14,1 0.001 1 1 14,2 0.001 1 -1 14,3 0.001 -1 0 1.0043 95 14,13 0.001 1 -1 14,14 0.001 -1 1 15,12 0.001 1 -1 0.0092 80 ::f,1,13 f,3,2 f,12,15 f,14,0 
17:1,2 0.001 1 1 0,1 0.001 -1 1 2,1 0.001 1 1 0.0041 65 2,14 0.001 -1 1 2,15 0.001 1 0 1,14 0.001 1 -1 0.0032 80 14,1 0.001 1 1 14,2 0.001 0 -1 14,3 0.001 -1 1 1.0043 95 14,13 0.001 0 -1 14,14 0.001 0 1 15,12 0.001 1 -1 0.0092 80 ::f,1,13 f,3,2 f,12,15 f,14,0 
18:1,2 0.001 1 1 0,1 0.001 0 1 2,1 0.001 1 1 0.0042 80 2,14 0.001 0 1 2,15 0.001 1 -1 1,14 0.001 1 -1 0.0032 80 14,1 0.001 1 0 14,2 0.001 0 -1 14,3 0.001 -1 1 1.0043 95 14,13 0.001 0 -1 14,14 0.001 0 1 15,12 0.001 1 -1 0.0092 80 ::f,1,13 f,2,0 f,12,15 f,14,0 
19:1,2 0.001 1 0 0,2 0.001 0 1 2,1 0.001 1 0 0.0052 80 2,14 0.001 0 1 2,15 0.001 1 -1 1,14 0.001 0 -1 0.0032 80 14,1 0.001 1 0 14,2 0.001 0 -1 14,3 0.001 0 1 1.0043 95 14,13 0.001 -1 -1 14,14 0.001 1 1 15,12 0.001 1 -1 0.0092 80 ::f,1,13 f,2,0 f,12,15 f,14,0 
20:2,2 0.001 1 0 0,2 0.001 0 1 2,1 0.001 1 0 0.0062 80 2,14 0.001 1 1 2,15 0.001 0 -1 1,14 0.001 0 -1 0.0033 95 14,1 0.001 1 -1 14,2 0.001 -1 -1 14,3 0.001 0 1 1.0043 95 14,13 0.001 -1 -1 14,14 0.001 1 1 15,12 0.001 1 -1 0.0092 80 ::f,0,14 f,2,0 f,12,15 f,14,0 
21:2,2 0.001 1 0 0,2 0.001 1 1 2,1 0.001 1 -1 0.0062 80 2,14 0.001 1 1 2,15 0.001 0 -1 1,14 0.001 -1 -1 0.0033 95 14,1 0.001 1 -1 14,2 0.001 -1 -1 14,3 0.001 1 1 1.0043 95 14,13 0.001 -1 0 14,14 0.001 1 0 15,12 0.001 1 -1 0.0092 80 ::f,0,14 f,2,0 f,12,15 f,14,0 
22:2,2 0.001 1 -1 0,2 0.001 1 1 2,1 0.001 1 -1 0.0062 80 2,14 0.001 1 0 2,15 0.001 0 -1 1,14 0.001 -1 -1 0.0033 95 14,1 0.001 0 -1 14,2 0.001 -1 0 14,3 0.001 1 1 1.0043 95 13,13 0.001 -1 0 14,14 0.001 1 0 15,12 0.001 1 -1 0.0102 80 ::f,0,14 f,2,0 f,12,15 f,14,0 
23:2,2 0.001 1 -1 0,2 0.001 1 0 2,1 0.001 0 -1 0.0062 80 2,14 0.001 1 0 2,15 0.001 -1 -1 1,14 0.001 -1 0 0.0033 95 14,1 0.001 0 -1 14,2 0.001 -1 0 14,3 0.001 1 0 2.0044 110 13,13 0.001 -1 0 14,14 0.001 1 -1 15,12 0.001 1 -1 0.0102 80 ::f,0,14 f,2,0 f,12,0 f,12,15 
24:2,2 0.001 0 -1 1,2 0.001 1 0 2,1 0.001 0 -1 1.0073 95 2,14 0.001 1 -1 2,15 0.001 -1 -1 1,14 0.001 -1 0 1.0034 110 14,1 0.001 -1 -1 14,2 0.001 -1 1 14,3 0.001 1 0 2.0044 110 13,13 0.001 -1 1 14,14 0.001 1 -1 15,12 0.001 1 -1 0.0102 80 ::f,2,3 f,3,14 f,12,0 f,12,15 
25:2,2 0.001 0 -1 1,2 0.001 1 0 2,1 0.001 -1 -1 1.0073 95 2,14 0.001 1 -1 2,15 0.001 -1 0 1,14 0.001 -1 1 1.0034 110 14,1 0.001 -1 -1 14,2 0.001 -1 1 14,3 0.001 1 -1 2.0044 110 13,13 0.001 -1 1 14,14 0.001 0 -1 15,12 0.001 1 -1 0.0102 80 ::f,2,3 f,3,14 f,12,0 f,12,15 
26:2,2 0.001 0 -1 1,2 0.001 1 -1 2,1 0.001 -1 -1 1.0073 95 2,14 0.001 0 -1 2,15 0.001 -1 0 1,14 0.001 -1 1 1.0034 110 14,1 0.001 -1 0 14,2 0.001 0 1 14,3 0.001 1 -1 2.0044 110 13,13 0.001 0 1 14,13 0.001 0 -1 15,12 0.001 1 -1 0.0112 80 ::f,2,3 f,3,14 f,12,0 f,12,15 
27:2,2 0.001 -1 -1 1,2 0.001 1 -1 2,1 0.001 -1 0 1.0073 95 2,13 0.001 0 -1 2,15 0.001 -1 1 1,14 0.001 0 1 1.0044 110 13,1 0.001 -1 0 14,2 0.001 0 1 14,3 0.001 0 -1 2.0054 110 13,14 0.001 0 1 14,13 0.001 0 -1 15,12 0.001 1 -1 0.0122 80 ::f,2,3 f,3,14 f,12,0 f,12,15 
28:2,2 0.001 -1 -1 1,2 0.001 0 -1 1,1 0.001 -1 0 1.0083 95 2,13 0.001 0 -1 2,15 0.001 -1 1 1,14 0.001 0 1 1.0044 110 13,1 0.001 -1 0 14,2 0.001 1 1 14,3 0.001 0 -1 2.0054 110 13,14 0.001 0 1 14,13 0.001 -1 -1 15,12 0.001 1 -1 0.0122 80 ::f,2,3 f,3,14 f,12,0 f,12,15 
29:2,2 0.001 -1 0 1,2 0.001 0 -1 1,1 0.001 -1 0 1.0083 95 2,13 0.001 -1 -1 2,15 0.001 0 1 1,14 0.001 1 1 1.0044 110 13,1 0.001 -1 1 14,2 0.001 1 1 14,3 0.001 0 -1 2.0054 110 13,14 0.001 1 1 14,13 0.001 -1 -1 15,12 0.001 1 -1 0.0122 80 ::f,2,3 f,3,14 f,12,0 f,12,15 
30:2,2 0.001 -1 0 1,2 0.001 -1 -1 1,1 0.001 -1 1 1.0083 95 2,13 0.001 -1 -1 2,15 0.001 0 1 1,14 0.001 1 1 1.0044 110 13,1 0.001 -1 1 14,2 0.001 1 0 14,3 0.001 -1 -1 2.0054 110 13,14 0.001 1 1 14,13 0.001 -1 0 15,12 0.001 1 -1 0.0122 80 ::f,2,3 f,3,14 f,12,0 f,12,15 
31:2,2 0.001 -1 1 1,2 0.001 -1 -1 1,1 0.001 -1 1 1.0083 95 2,13 0.001 -1 0 2,15 0.001 1 1 1,14 0.001 1 0 1.0044 110 13,1 0.001 0 1 14,2 0.001 1 0 14,3 0.001 -1 -1 2.0054 110 13,14 0.001 1 0 13,13 0.001 -1 0 15,12 0.001 1 -1 0.0132 80 ::f,2,3 f,3,14 f,12,0 f,12,15 
32:2,2 0.001 -1 1 1,2 0.001 -1 0 1,1 0.001 0 1 1.0083 95 1,13 0.001 -1 0 2,15 0.001 1 1 2,14 0.001 1 0 1.0064 110 13,2 0.001 0 1 14,2 0.001 1 -1 14,3 0.001 -1 0 2.0064 110 14,14 0.001 1 0 13,13 0.001 -1 0 15,12 0.001 1 -1 0.0142 80 ::f,2,3 f,3,14 f,12,0 f,12,15 
33:2,2 0.001 0 1 1,2 0.001 -1 0 1,1 0.001 0 1 1.0083 95 1,13 0.001 -1 0 2,15 0.001 1 0 2,14 0.001 1 0 3.0065 125 13,2 0.001 0 1 14,2 0.001 1 -1 14,3 0.001 -1 0 2.0064 110 14,14 0.001 1 0 13,13 0.001 -1 1 15,12 0.001 1 -1 0.0142 80 ::f,0,15 f,2,3 f,12,0 f,12,15 
34:2,2 0.001 0 1 1,2 0.001 -1 1 1,1 0.001 0 1 1.0084 110 1,13 0.001 -1 1 2,15 0.001 1 0 2,14 0.001 1 -1 3.0065 125 13,2 0.001 1 1 14,2 0.001 0 -1 14,3 0.001 -1 1 2.0064 110 14,14 0.001 1 -1 13,13 0.001 -1 1 15,12 0.001 1 -1 0.0142 80 ::f,0,15 f,1,3 f,12,0 f,12,15 
35:2,2 0.001 1 1 1,2 0.001 -1 1 1,1 0.001 0 1 1.0084 110 1,13 0.001 -1 1 2,15 0.001 1 -1 2,14 0.001 1 -1 3.0065 125 13,2 0.001 1 1 14,1 0.001 0 -1 14,3 0.001 -1 1 2.0074 110 14,14 0.001 1 -1 13,13 0.001 0 1 15,12 0.001 1 -1 0.0142 80 ::f,0,15 f,1,3 f,12,0 f,12,15 
36:2,2 0.001 1 1 1,2 0.001 0 1 1,1 0.001 1 1 1.0084 110 1,13 0.001 0 1 2,15 0.001 1 -1 2,14 0.001 0 -1 3.0065 125 13,2 0.001 1 0 14,1 0.001 0 -1 14,3 0.001 0 1 2.0074 110 14,14 0.001 0 -1 13,14 0.001 0 1 15,12 0.001 1 -1 0.0152 80 ::f,0,15 f,1,3 f,12,0 f,12,15 
37:2,2 0.001 1 0 1,2 0.001 0 1 1,1 0.001 1 1 2.0085 125 1,14 0.001 0 1 2,15 0.001 0 -1 2,13 0.001 0 -1 3.0085 125 14,2 0.001 1 0 14,1 0.001 -1 -1 14,3 0.001 0 1 2.0084 110 14,13 0.001 0 -1 13,14 0.001 0 1 15,12 0.001 1 -1 0.0162 80 ::f,0,15 f,1,0 f,12,0 f,12,15 
38:2,2 0.001 1 0 1,2 0.001 1 1 1,1 0.001 1 0 2.0085 125 1,14 0.001 0 1 2,14 0.001 0 -1 2,13 0.001 0 -1 3.0095 125 14,2 0.001 1 0 14,1 0.001 -1 -1 14,3 0.001 1 1 2.0084 110 14,13 0.001 0 -1 13,14 0.001 1 1 15,12 0.001 1 -1 0.0162 80 ::f,0,15 f,1,0 f,12,0 f,12,15 
39:2,2 0.001 1 -1 1,2 0.001 1 1 1,1 0.001 1 0 2.0085 125 1,14 0.001 1 1 2,14 0.001 0 -1 2,13 0.001 -1 -1 3.0095 125 14,2 0.001 1 -1 14,1 0.001 -1 0 14,3 0.001 1 1 2.0084 110 14,13 0.001 -1 -1 13,14 0.001 1 1 15,12 0.001 1 -1 0.0162 80 ::f,0,15 f,1,0 f,12,0 f,12,15 
40:2,2 0.001 1 -1 1,2 0.001 1 0 1,1 0.001 1 -1 2.0085 125 1,14 0.001 1 1 2,14 0.001 -1 -1 2,13 0.001 -1 -1 3.0095 125 14,2 0.001 1 -1 13,1 0.001 -1 0 14,3 0.001 1 0 2.0094 110 14,13 0.001 -1 -1 13,14 0.001 1 0 15,12 0.001 1 -1 0.0162 80 ::f,0,15 f,1,0 f,12,0 f,12,15 
41:2,2 0.001 0 -1 1,2 0.001 1 0 1,1 0.001 1 -1 2.0085 125 1,14 0.001 1 0 2,14 0.001 -1 -1 2,13 0.001 -1 0 3.0095 125 14,2 0.001 0 -1 13,1 0.001 -1 0 14,3 0.001 1 0 2.0094 110 14,13 0.001 -1 0 14,14 0.001 1 0 15,12 0.001 1 -1 0.0172 80 ::f,0,15 f,1,0 f,12,0 f,12,15 
42:2,1 0.001 0 -1 1,2 0.001 1 0 1,1 0.001 0 -1 2.0095 125 1,14 0.001 1 0 2,14 0.001 -1 0 1,13 0.001 -1 0 3.0105 125 14,1 0.001 0 -1 13,1 0.001 -1 1 14,3 0.001 1 -1 2.0104 110 13,13 0.001 -1 0 14,14 0.001 1 0 15,12 0.001 1 -1 0.0182 80 ::f,0,15 f,1,0 f,12,0 f,12,15 
43:2,1 0.001 0 -1 1,2 0.001 1 -1 1,1 0.001 0 -1 4.0096 140 1,14 0.001 1 0 2,14 0.001 -1 0 1,13 0.001 -1 0 3.0105 125 14,1 0.001 0 -1 13,1 0.001 -1 1 14,3 0.001 1 -1 2.0104 110 13,13 0.001 -1 0 14,14 0.001 1 -1 15,12 0.001 1 -1 0.0182 80 ::f,0,3 f,0,15 f,12,0 f,12,15 
44:2,1 0.001 -1 -1 1,2 0.001 1 -1 1,1 0.001 -1 -1 4.0096 140 1,14 0.001 1 -1 2,14 0.001 -1 1 1,13 0.001 -1 1 3.0105 125 14,1 0.001 -1 -1 13,1 0.001 0 1 14,3 0.001 0 -1 2.0104 110 13,13 0.001 -1 1 14,14 0.001 1 -1 15,12 0.001 1 -1 0.0182 80 ::f,0,3 f,0,15 f,12,0 f,12,15 
45:2,1 0.001 -1 -1 1,2 0.001 0 -1 1,1 0.001 -1 -1 4.0096 140 1,14 0.001 1 -1 2,14 0.001 -1 1 1,13 0.001 -1 1 3.0105 125 14,1 0.001 -1 -1 13,2 0.001 0 1 14,2 0.001 0 -1 2.0124 110 13,13 0.001 -1 1 14,14 0.001 0 -1 15,12 0.001 1 -1 0.0182 80 ::f,0,3 f,0,15 f,12,0 f,12,15 
46:2,1 0.001 -1 0 1,2 0.001 0 -1 1,1 0.001 -1 0 4.0096 140 1,14 0.001 0 -1 2,14 0.001 0 1 1,13 0.001 0 1 3.0105 125 14,1 0.001 -1 0 13,2 0.001 0 1 14,2 0.001 0 -1 2.0124 110 13,13 0.001 0 1 14,13 0.001 0 -1 15,12 0.001 1 -1 0.0192 80 ::f,0,3 f,0,15 f,12,0 f,12,15 
47:2,1 0.001 -1 0 1,2 0.001 -1 -1 1,1 0.001 -1 0 4.0096 140 1,14 0.001 0 -1 2,14 0.001 0 1 1,13 0.001 0 1 3.0105 125 13,1 0.001 -1 0 13,2 0.001 1 1 14,2 0.001 -1 -1 2.0134 110 13,14 0.001 0 1 14,13 0.001 0 -1 15,12 0.001 1 -1 0.0202 80 ::f,0,3 f,0,15 f,12,0 f,12,15 
48:2,1 0.001 -1 0 1,2 0.001 -1 -1 1,1 0.001 -1 1 4.0096 140 1,14 0.001 -1 -1 2,14 0.001 1 1 1,13 0.001 0 1 3.0105 125 13,1 0.001 -1 0 13,2 0.001 1 1 14,2 0.001 -1 -1 2.0134 110 13,14 0.001 0 1 14,13 0.001 -1 -1 15,12 0.001 1 -1 0.0202 80 ::f,0,3 f,0,15 f,12,0 f,12,15 
49:2,1 0.001 -1 1 1,2 0.001 -1 0 1,1 0.001 -1 1 4.0096 140 1,14 0.001 -1 -1 2,14 0.001 1 1 1,13 0.001 1 1 3.0105 125 13,1 0.001 -1 1 13,2 0.001 1 0 14,2 0.001 -1 -1 2.0134 110 13,14 0.001 1 1 14,13 0.001 -1 -1 15,12 0.001 1 -1 0.0202 80 ::f,0,3 f,0,15 f,12,0 f,12,15 
50:2,1 0.001 -1 1 1,2 0.001 -1 0 1,1 0.001 0 1 4.0096 140 1,14 0.001 -1 0 2,14 0.001 1 0 1,13 0.001 1 1 3.0105 125 13,1 0.001 -1 1 13,2 0.001 1 0 14,2 0.001 -1 0 2.0134 110 13,14 0.001 1 1 14,13 0.001 -1 0 15,12 0.001 1 -1 0.0202 80 ::f,0,3 f,0,15 f,12,0 f,12,15 
51:2,1 0.001 -1 1 1,2 0.001 -1 1 1,1 0.001 0 1 4.0096 140 1,14 0.001 -1 0 2,14 0.001 1 0 1,13 0.001 1 0 3.0105 125 13,1 0.001 0 1 13,2 0.001 1 0 14,2 0.001 -1 0 2.0134 110 13,14 0.001 1 0 13,13 0.001 -1 0 15,12 0.001 1 -1 0.0212 80 ::f,0,3 f,0,15 f,12,0 f,12,15 
52:2,1 0.001 0 1 1,2 0.001 -1 1 1,1 0.001 0 1 6.0097 155 1,14 0.001 -1 1 2,14 0.001 1 -1 1,13 0.001 1 0 3.0105 125 13,1 0.001 0 1 13,2 0.001 1 -1 14,2 0.001 -1 1 2.0134 110 14,14 0.001 1 0 13,13 0.001 -1 0 15,12 0.001 1 -1 0.0222 80 ::f,0,15 f,2,2 f,12,0 f,12,15 
53:2,1 0.001 0 1 1,2 0.001 0 1 1,1 0.001 0 1 7.0098 170 1,14 0.001 -1 1 2,14 0.001 1 -1 1,13 0.001 1 -1 4.0106 140 13,1 0.001 0 1 13,2 0.001 1 -1 14,2 0.001 -1 1 2.0134 110 14,14 0.001 1 0 13,13 0.001 -1 1 15,12 0.001 1 -1 0.0222 80 ::f,1,3 f,1,15 f,12,0 f,12,15 
54:2,1 0.001 1 1 1,2 0.001 0 1 1,1 0.001 0 1 10.0099 185 1,14 0.001 0 1 2,14 0.001 0 -1 1,13 0.001 1 -1 4.0106 140 13,1 0.001 1 1 13,2 0.001 0 -1 14,2 0.001 0 1 2.0134 110 14,14 0.001 1 -1 13,13 0.001 -1 1 15,12 0.001 1 -1 0.0222 80 ::f,0,2 f,1,15 f,12,0 f,12,15 
55:2,1 0.001 1 1 1,2 0.001 1 1 1,1 0.001 1 1 10.0099 185 1,14 0.001 0 1 2,13 0.001 0 -1 1,13 0.001 0 -1 6.0117 155 13,1 0.001 1 1 13,2 0.001 0 -1 14,2 0.001 0 1 2.0134 110 14,14 0.001 1 -1 13,13 0.001 0 1 15,12 0.001 1 -1 0.0222 80 ::f,0,2 f,0,13 f,12,0 f,12,15 
56:2,1 0.001 1 0 1,2 0.001 1 1 1,1 0.001 1 1 10.0099 185 1,14 0.001 1 1 2,13 0.001 0 -1 1,13 0.001 0 -1 6.0117 155 13,1 0.001 1 0 13,2 0.001 -1 -1 14,2 0.001 1 1 2.0134 110 14,14 0.001 0 -1 13,14 0.001 0 1 15,12 0.001 1 -1 0.0232 80 ::f,0,2 f,0,13 f,12,0 f,12,15 
57:2,1 0.001 1 0 1,2 0.001 1 0 1,1 0.001 1 0 10.0099 185 1,14 0.001 1 1 2,13 0.001 -1 -1 1,13 0.001 -1 -1 6.0117 155 13,1 0.001 1 0 13,2 0.001 -1 -1 14,2 0.001 1 1 2.0134 110 14,13 0.001 0 -1 13,14 0.001 0 1 15,12 0.001 1 -1 0.0242 80 ::f,0,2 f,0,13 f,12,0 f,12,15 
58:2,1 0.001 1 -1 2,2 0.001 1 0 1,1 0.001 1 0 10.0109 185 1,14 0.001 1 0 2,13 0.001 -1 -1 1,13 0.001 -1 -1 6.0117 155 13,1 0.001 1 -1 13,2 0.001 -1 0 14,2 0.001 1 0 2.0134 110 14,13 0.001 0 -1 13,14 0.001 1 1 15,12 0.001 1 -1 0.0242 80 ::f,0,2 f,0,13 f,12,0 f,12,15 
59:2,1 0.001 1 -1 2,2 0.001 1 0 1,1 0.001 1 -1 10.0109 185 2,14 0.001 1 0 2,13 0.001 -1 0 1,13 0.001 -1 0 6.0127 155 13,1 0.001 1 -1 13,2 0.001 -1 0 14,2 0.001 1 0 2.0134 110 14,13 0.001 -1 -1 13,14 0.001 1 1 15,12 0.001 1 -1 0.0242 80 ::f,0,2 f,0,13 f,12,0 f,12,15 
60:2,1 0.001 0 -1 2,2 0.001 1 -1 1,1 0.001 1 -1 10.0109 185 2,14 0.001 1 0 2,13 0.001 -1 0 1,13 0.001 -1 0 9.0128 170 13,1 0.001 0 -1 13,2 0.001 -1 1 14,2 0.001 1 -1 2.0134 110 14,13 0.001 -1 -1 13,14 0.001 1 0 15,12 0.001 1 -1 0.0242 80 ::f,0,2 f,0,14 f,12,0 f,12,15 
61:2,1 0.001 0 -1 2,2 0.001 1 -1 1,1 0.001 0 -1 10.0109 185 2,14 0.001 1 -1 2,13 0.001 -1 0 1,13 0.001 -1 1 9.0128 170 13,1 0.001 0 -1 13,2 0.001 -1 1 14,2 0.001 1 -1 2.0134 110 14,13 0.001 -1 0 14,14 0.001 1 0 15,12 0.001 1 -1 0.0252 80 ::f,0,2 f,0,14 f,12,0 f,12,15 
62:2,1 0.001 -1 -1 2,2 0.001 0 -1 1,1 0.001 0 -1 10.0109 185 2,14 0.001 1 -1 2,13 0.001 -1 1 1,13 0.001 -1 1 13.0129 185 13,1 0.001 -1 -1 13,2 0.001 0 1 14,2 0.001 0 -1 2.0134 110 13,13 0.001 -1 0 14,14 0.001 1 0 15,12 0.001 1 -1 0.0262 80 ::f,0,2 f,0,13 f,12,0 f,12,15 
63:2,1 0.001 -1 -1 2,2 0.001 0 -1 1,1 0.001 -1 -1 10.0109 185 2,14 0.001 0 -1 2,13 0.001 -1 1 1,13 0.001 0 1 13.0129 185 13,1 0.001 -1 -1 13,2 0.001 0 1 14,1 0.001 0 -1 4.0145 125 13,13 0.001 -1 0 14,14 0.001 1 -1 15,12 0.001 1 -1 0.0262 80 ::f,0,2 f,0,13 f,12,15 f,13,0 
64:2,1 0.001 -1 0 2,2 0.001 0 -1 1,1 0.001 -1 -1 10.0109 185 2,14 0.001 0 -1 2,13 0.001 0 1 1,14 0.001 0 1 13.0139 185 13,1 0.001 -1 0 13,2 0.001 1 1 14,1 0.001 0 -1 4.0145 125 13,13 0.001 -1 1 14,14 0.001 1 -1 15,12 0.001 1 -1 0.0262 80 ::f,0,2 f,0,13 f,12,15 f,13,0 
65:2,1 0.001 -1 0 2,2 0.001 -1 -1 1,1 0.001 -1 0 10.0109 185 2,14 0.001 0 -1 2,13 0.001 0 1 1,14 0.001 0 1 13.0139 185 13,1 0.001 -1 0 13,2 0.001 1 1 14,1 0.001 -1 -1 4.0145 125 13,13 0.001 -1 1 14,14 0.001 0 -1 15,12 0.001 1 -1 0.0262 80 ::f,0,2 f,0,13 f,12,15 f,13,0 
66:2,1 0.001 -1 0 2,2 0.001 -1 -1 1,1 0.001 -1 0 10.0109 185 2,14 0.001 -1 -1 2,13 0.001 1 1 1,14 0.001 1 1 13.0139 185 13,1 0.001 -1 1 13,2 0.001 1 0 14,1 0.001 -1 -1 4.0146 140 13,13 0.001 0 1 14,13 0.001 0 -1 15,12 0.001 1 -1 0.0272 80 ::f,0,2 f,0,13 f,12,15 f,13,3 
67:2,1 0.001 -1 1 2,2 0.001 -1 0 1,1 0.001 -1 1 10.0109 185 2,14 0.001 -1 -1 2,13 0.001 1 1 1,14 0.001 1 1 13.0139 185 13,1 0.001 -1 1 14,2 0.001 1 0 14,1 0.001 -1 0 4.0156 140 13,14 0.001 0 1 14,13 0.001 0 -1 15,12 0.001 1 -1 0.0282 80 ::f,0,2 f,0,13 f,12,15 f,13,3 
68:2,1 0.001 -1 1 1,2 0.001 -1 0 1,1 0.001 -1 1 13.012 200 2,14 0.001 -1 0 2,13 0.001 1 0 1,14 0.001 1 0 13.0139 185 13,1 0.001 0 1 14,2 0.001 1 0 14,1 0.001 -1 0 4.0156 140 13,14 0.001 0 1 14,13 0.001 -1 -1 15,12 0.001 1 -1 0.0282 80 ::f,0,13 f,3,0 f,12,15 f,13,3 
69:2,1 0.001 0 1 1,2 0.001 -1 0 1,1 0.001 0 1 13.012 200 2,14 0.001 -1 0 2,13 0.001 1 0 1,14 0.001 1 0 13.0139 185 13,2 0.001 0 1 14,2 0.001 1 -1 14,1 0.001 -1 0 4.0166 140 13,14 0.001 1 1 14,13 0.001 -1 -1 15,12 0.001 1 -1 0.0282 80 ::f,0,13 f,3,0 f,12,15 f,13,3 
70:2,1 0.001 0 1 1,2 0.001 -1 1 1,1 0.001 0 1 13.012 200 2,14 0.001 -1 1 2,13 0.001 1 -1 1,14 0.001 1 0 13.0139 185 13,2 0.001 0 1 14,2 0.001 1 -1 14,1 0.001 -1 1 7.0167 155 13,14 0.001 1 1 14,13 0.001 -1 0 15,12 0.001 1 -1 0.0282 80 ::f,0,13 f,3,0 f,12,15 f,14,3 
71:2,1 0.001 1 1 1,2 0.001 -1 1 1,1 0.001 0 1 13.012 200 2,14 0.001 -1 1 2,13 0.001 1 -1 1,14 0.001 1 -1 13.0139 185 13,2 0.001 1 1 14,2 0.001 0 -1 14,1 0.001 -1 1 7.0167 155 13,14 0.001 1 0 13,13 0.001 -1 0 15,12 0.001 1 -1 0.0292 80 ::f,0,13 f,3,0 f,12,15 f,14,3 
72:2,1 0.001 1 1 1,2 0.001 0 1 1,1 0.001 1 1 13.012 200 2,14 0.001 0 1 2,13 0.001 0 -1 1,14 0.001 1 -1 13.0139 185 13,2 0.001 1 1 14,2 0.001 0 -1 14,1 0.001 -1 1 11.0168 170 14,14 0.001 1 0 13,13 0.001 -1 0 15,12 0.001 1 -1 0.0302 80 ::f,0,13 f,3,0 f,12,3 f,12,15 
73:2,1 0.001 1 0 1,2 0.001 0 1 1,1 0.001 1 1 13.012 200 2,14 0.001 0 1 2,13 0.001 0 -1 1,14 0.001 0 -1 13.0139 185 13,2 0.001 1 0 14,2 0.001 0 -1 14,1 0.001 -1 1 11.0168 170 14,14 0.001 1 0 13,13 0.001 -1 1 15,12 0.001 1 -1 0.0302 80 ::f,0,13 f,3,0 f,12,3 f,12,15 
74:2,1 0.001 1 0 1,2 0.001 1 1 1,1 0.001 1 0 13.012 200 2,14 0.001 1 1 2,13 0.001 -1 -1 1,14 0.001 0 -1 13.0139 185 13,2 0.001 1 0 14,2 0.001 -1 -1 14,1 0.001 0 1 11.0168 170 14,14 0.001 1 -1 13,13 0.001 -1 1 15,12 0.001 1 -1 0.0302 80 ::f,0,13 f,3,0 f,12,3 f,12,15 
75:2,1 0.001 1 -1 1,2 0.001 1 1 1,1 0.001 1 0 13.012 200 2,14 0.001 1 1 2,13 0.001 -1 -1 1,14 0.001 -1 -1 13.0139 185 13,2 0.001 1 0 14,2 0.001 -1 -1 14,1 0.001 0 1 11.0168 170 14,14 0.001 1 -1 13,13 0.001 0 1 15,12 0.001 1 -1 0.0302 80 ::f,0,13 f,3,0 f,12,3 f,12,15 
76:2,1 0.001 1 -1 1,2 0.001 1 0 1,1 0.001 1 -1 15.0121 215 2,14 0.001 1 0 2,13 0.001 -1 0 1,14 0.001 -1 -1 18.014 200 13,2 0.001 1 -1 14,2 0.001 -1 0 14,1 0.001 1 1 11.0168 170 14,14 0.001 0 -1 13,14 0.001 0 1 15,12 0.001 1 -1 0.0312 80 ::f,0,2 f,2,15 f,12,3 f,12,15 
77:2,1 0.001 0 -1 2,2 0.001 1 0 1,1 0.001 1 -1 15.0131 215 2,14 0.001 1 0 1,13 0.001 -1 0 1,14 0.001 -1 0 18.015 200 13,2 0.001 1 -1 14,2 0.001 -1 0 14,1 0.001 1 1 11.0168 170 14,13 0.001 0 -1 13,14 0.001 0 1 15,12 0.001 1 -1 0.0322 80 ::f,0,2 f,2,15 f,12,3 f,12,15 
78:2,1 0.001 0 -1 2,2 0.001 1 0 1,1 0.001 0 -1 15.0131 215 2,14 0.001 1 -1 1,13 0.001 -1 0 1,14 0.001 -1 0 18.015 200 13,2 0.001 0 -1 14,2 0.001 -1 1 14,1 0.001 1 0 11.0168 170 14,13 0.001 0 -1 13,14 0.001 1 1 15,12 0.001 1 -1 0.0322 80 ::f,0,2 f,2,15 f,12,3 f,12,15 
79:2,1 0.001 -1 -1 2,2 0.001 1 -1 1,1 0.001 0 -1 15.0131 215 2,14 0.001 1 -1 1,13 0.001 -1 1 1,14 0.001 -1 1 18.015 200 13,2 0.001 0 -1 14,2 0.001 -1 1 14,1 0.001 1 0 11.0168 170 14,13 0.001 -1 -1 13,14 0.001 1 1 15,12 0.001 1 -1 0.0322 80 ::f,0,2 f,2,15 f,12,3 f,12,15 
80:2,1 0.001 -1 -1 2,2 0.001 1 -1 1,1 0.001 -1 -1 15.0131 215 2,14 0.001 0 -1 1,13 0.001 -1 1 1,14 0.001 -1 1 18.015 200 13,2 0.001 -1 -1 14,2 0.001 0 1 14,1 0.001 1 -1 11.0168 170 14,13 0.001 -1 -1 13,14 0.001 1 0 15,12 0.001 1 -1 0.0322 80 ::f,0,2 f,2,15 f,12,3 f,12,15 
81:2,1 0.001 -1 0 2,2 0.001 0 -1 1,1 0.001 -1 -1 15.0131 215 2,13 0.001 0 -1 1,13 0.001 0 1 1,14 0.001 0 1 18.016 200 13,2 0.001 -1 -1 14,2 0.001 0 1 14,1 0.001 1 -1 11.0168 170 14,13 0.001 -1 0 14,14 0.001 1 0 15,12 0.001 1 -1 0.0332 80 ::f,0,2 f,2,15 f,12,3 f,12,15 
82:2,1 0.001 -1 0 2,2 0.001 0 -1 1,1 0.001 -1 0 15.0131 215 2,13 0.001 0 -1 1,13 0.001 0 1 1,14 0.001 0 1 18.016 200 13,2 0.001 -1 0 14,2 0.001 1 1 14,1 0.001 0 -1 11.0168 170 13,13 0.001 -1 0 14,14 0.001 1 0 15,12 0.001 1 -1 0.0342 80 ::f,0,2 f,2,15 f,12,3 f,12,15 
83:2,1 0.001 -1 0 2,2 0.001 0 -1 1,1 0.001 -1 0 15.0131 215 2,13 0.001 -1 -1 1,13 0.001 0 1 1,14 0.001 1 1 18.016 200 13,2 0.001 -1 0 14,2 0.001 1 1 14,1 0.001 0 -1 11.0168 170 13,13 0.001 -1 0 14,14 0.001 1 -1 15,12 0.001 1 -1 0.0342 80 ::f,0,2 f,2,15 f,12,3 f,12,15 
84:2,1 0.001 -1 1 2,2 0.001 -1 -1 1,1 0.001 -1 1 15.0131 215 2,13 0.001 -1 -1 1,13 0.001 1 1 1,14 0.001 1 1 24.0161 215 13,2 0.001 -1 1 14,2 0.001 1 0 14,1 0.001 -1 -1 11.0168 170 13,13 0.001 -1 1 14,14 0.001 1 -1 15,12 0.001 1 -1 0.0342 80 ::f,0,2 f,2,15 f,12,3 f,12,15 
85:2,1 0.001 -1 1 2,2 0.001 -1 -1 1,1 0.001 -1 1 19.0132 230 2,13 0.001 -1 0 1,13 0.001 1 1 1,14 0.001 1 0 24.0161 215 13,2 0.001 -1 1 14,2 0.001 1 0 14,1 0.001 -1 -1 16.0169 185 13,13 0.001 -1 1 14,14 0.001 0 -1 15,12 0.001 1 -1 0.0342 80 ::f,2,15 f,3,1 f,12,15 f,14,3 
86:2,1 0.001 0 1 2,2 0.001 -1 0 1,1 0.001 0 1 19.0132 230 2,13 0.001 -1 0 1,13 0.001 1 0 2,14 0.001 1 0 24.0171 215 13,2 0.001 0 1 14,2 0.001 1 -1 14,1 0.001 -1 0 16.0169 185 13,13 0.001 0 1 14,13 0.001 0 -1 15,12 0.001 1 -1 0.0352 80 ::f,2,15 f,3,1 f,12,15 f,14,3 
87:2,1 0.001 0 1 2,2 0.001 -1 0 1,2 0.001 0 1 19.0142 230 2,13 0.001 -1 0 1,13 0.001 1 0 2,14 0.001 1 0 24.0171 215 13,2 0.001 0 1 14,2 0.001 1 -1 13,1 0.001 -1 0 16.0179 185 13,14 0.001 0 1 14,13 0.001 0 -1 15,12 0.001 1 -1 0.0362 80 ::f,2,15 f,3,1 f,12,15 f,14,3 
88:2,1 0.001 1 1 2,2 0.001 -1 1 1,2 0.001 0 1 19.0142 230 2,13 0.001 -1 1 1,13 0.001 1 -1 2,14 0.001 1 -1 24.0171 215 13,2 0.001 1 1 14,2 0.001 0 -1 13,1 0.001 -1 0 16.0179 185 13,14 0.001 0 1 14,13 0.001 -1 -1 15,12 0.001 1 -1 0.0362 80 ::f,2,15 f,3,1 f,12,15 f,14,3 
89:2,1 0.001 1 1 2,2 0.001 -1 1 1,2 0.001 1 1 19.0142 230 2,13 0.001 -1 1 1,13 0.001 1 -1 2,14 0.001 1 -1 24.0171 215 13,2 0.001 1 1 14,1 0.001 0 -1 13,1 0.001 -1 1 22.019 200 13,14 0.001 1 1 14,13 0.001 -1 -1 15,12 0.001 1 -1 0.0362 80 ::f,2,15 f,3,1 f,12,2 f,12,15 
90:2,1 0.001 1 0 2,2 0.001 0 1 1,2 0.001 1 1 19.0142 230 2,13 0.001 0 1 1,13 0.001 0 -1 2,14 0.001 0 -1 24.0171 215 13,2 0.001 1 0 14,1 0.001 0 -1 13,1 0.001 -1 1 23.0191 215 13,14 0.001 1 1 14,13 0.001 -1 0 15,12 0.001 1 -1 0.0362 80 ::f,2,15 f,3,1 f,12,15 f,13,0 
91:2,1 0.001 1 0 2,2 0.001 0 1 1,2 0.001 1 0 22.0143 245 2,13 0.001 0 1 1,13 0.001 0 -1 2,14 0.001 0 -1 24.0171 215 14,2 0.001 1 0 14,1 0.001 -1 -1 13,1 0.001 0 1 23.0201 215 13,14 0.001 1 0 13,13 0.001 -1 0 15,12 0.001 1 -1 0.0372 80 ::f,0,2 f,2,15 f,12,15 f,13,0 
92:2,1 0.001 1 -1 2,2 0.001 1 1 1,2 0.001 1 0 22.0143 245 2,13 0.001 0 1 1,13 0.001 -1 -1 2,14 0.001 0 -1 24.0171 215 14,2 0.001 1 0 14,1 0.001 -1 -1 13,2 0.001 0 1 25.0212 230 14,14 0.001 1 0 13,13 0.001 -1 0 15,12 0.001 1 -1 0.0382 80 ::f,0,2 f,2,15 f,12,15 f,14,0 
93:2,1 0.001 1 -1 2,2 0.001 1 1 1,2 0.001 1 0 22.0143 245 2,13 0.001 1 1 1,13 0.001 -1 -1 2,14 0.001 -1 -1 24.0171 215 14,2 0.001 1 -1 14,1 0.001 -1 0 13,2 0.001 0 1 25.0212 230 14,14 0.001 1 0 13,13 0.001 -1 1 15,12 0.001 1 -1 0.0382 80 ::f,0,2 f,2,15 f,12,15 f,14,0 
94:2,1 0.001 0 -1 2,2 0.001 1 0 1,2 0.001 1 -1 22.0143 245 2,13 0.001 1 1 1,13 0.001 -1 0 2,14 0.001 -1 -1 24.0171 215 14,2 0.001 1 -1 13,1 0.001 -1 0 13,2 0.001 1 1 25.0222 230 14,14 0.001 1 -1 13,13 0.001 -1 1 15,12 0.001 1 -1 0.0382 80 ::f,0,2 f,2,15 f,12,15 f,14,0 
95:2,1 0.001 0 -1 2,2 0.001 1 0 1,2 0.001 1 -1 22.0143 245 2,13 0.001 1 0 1,13 0.001 -1 0 2,14 0.001 -1 0 24.0171 215 14,2 0.001 0 -1 13,1 0.001 -1 0 13,2 0.001 1 1 25.0222 230 14,14 0.001 1 -1 13,13 0.001 0 1 15,12 0.001 1 -1 0.0382 80 ::f,0,2 f,2,15 f,12,15 f,14,0 
96:2,1 0.001 -1 -1 2,2 0.001 1 -1 1,2 0.001 0 -1 22.0143 245 2,13 0.001 1 0 1,13 0.001 -1 1 2,14 0.001 -1 0 24.0171 215 14,1 0.001 0 -1 13,1 0.001 -1 1 13,2 0.001 1 0 25.0232 230 14,14 0.001 0 -1 13,14 0.001 0 1 15,12 0.001 1 -1 0.0392 80 ::f,0,2 f,2,15 f,12,15 f,14,0 
97:2,1 0.001 -1 -1 2,2 0.001 1 -1 1,2 0.001 0 -1 22.0143 245 2,13 0.001 1 -1 1,13 0.001 -1 1 2,14 0.001 -1 1 24.0171 215 14,1 0.001 0 -1 13,1 0.001 -1 1 14,2 0.001 1 0 32.0243 245 14,13 0.001 0 -1 13,14 0.001 0 1 15,12 0.001 1 -1 0.0402 80 ::f,0,2 f,2,15 f,12,15 f,14,0 
98:2,1 0.001 -1 0 2,2 0.001 0 -1 1,2 0.001 -1 -1 22.0143 245 2,13 0.001 1 -1 1,13 0.001 0 1 2,14 0.001 -1 1 24.0171 215 14,1 0.001 -1 -1 13,1 0.001 0 1 14,2 0.001 1 0 32.0243 245 14,13 0.001 0 -1 13,14 0.001 1 1 15,12 0.001 1 -1 0.0402 80 ::f,0,2 f,2,15 f,12,15 f,14,0 
99:1,1 0.001 -1 0 2,1 0.001 0 -1 1,2 0.001 -1 -1 22.0163 245 2,13 0.001 0 -1 1,14 0.001 0 1 2,14 0.001 0 1 24.0181 215 14,1 0.001 -1 -1 13,2 0.001 0 1 14,2 0.001 1 -1 32.0253 245 14,13 0.001 -1 -1 13,14 0.001 1 1 15,12 0.001 1 -1 0.0402 80 ::f,0,2 f,2,15 f,12,15 f,14,0 
100:1,1 0.001 -1 0 2,1 0.001 0 -1 1,2 0.001 -1 0 22.0163 245 2,13 0.001 0 -1 1,14 0.001 0 1 2,14 0.001 0 1 31.0182 230 14,1 0.001 -1 0 13,2 0.001 0 1 14,2 0.001 1 -1 32.0253 245 14,13 0.001 -1 -1 13,14 0.001 1 0 15,12 0.001 1 -1 0.0402 80 ::f,0,2 f,1,15 f,12,15 f,14,0 
101:1,1 0.001 -1 1 2,1 0.001 -1 -1 1,2 0.001 -1 0 27.0164 260 2,13 0.001 -1 -1 1,14 0.001 1 1 2,14 0.001 1 1 31.0182 230 13,1 0.001 -1 0 13,2 0.001 1 1 14,2 0.001 0 -1 32.0263 245 14,13 0.001 -1 0 14,14 0.001 1 0 15,12 0.001 1 -1 0.0412 80 ::f,1,15 f,3,0 f,12,15 f,14,0 
102:1,1 0.001 -1 1 2,1 0.001 -1 -1 1,2 0.001 -1 1 27.0164 260 2,13 0.001 -1 -1 1,14 0.001 1 1 2,14 0.001 1 1 31.0182 230 13,1 0.001 -1 0 13,2 0.001 1 1 14,1 0.001 0 -1 32.0273 245 13,13 0.001 -1 0 14,14 0.001 1 0 15,12 0.001 1 -1 0.0422 80 ::f,1,15 f,3,0 f,12,15 f,14,0 
103:1,1 0.001 0 1 2,1 0.001 -1 0 1,2 0.001 -1 1 27.0164 260 2,13 0.001 -1 0 1,14 0.001 1 0 2,14 0.001 1 0 31.0182 230 13,1 0.001 -1 1 13,2 0.001 1 0 14,1 0.001 0 -1 34.0274 260 13,13 0.001 -1 0 14,14 0.001 1 -1 15,12 0.001 1 -1 0.0422 80 ::f,1,15 f,3,0 f,12,15 f,13,0 
104:1,1 0.001 0 1 2,1 0.001 -1 0 1,2 0.001 0 1 27.0164 260 1,13 0.001 -1 0 1,14 0.001 1 0 2,14 0.001 1 0 31.0192 230 13,1 0.001 -1 1 14,2 0.001 1 0 14,1 0.001 -1 -1 34.0284 260 13,13 0.001 -1 1 14,14 0.001 1 -1 15,12 0.001 1 -1 0.0422 80 ::f,1,15 f,3,0 f,12,15 f,13,0 
105:1,1 0.001 0 1 2,1 0.001 -1 0 1,2 0.001 0 1 27.0164 260 1,13 0.001 -1 0 1,14 0.001 1 0 2,14 0.001 1 -1 31.0192 230 13,1 0.001 0 1 14,2 0.001 1 0 14,1 0.001 -1 -1 37.0285 275 13,13 0.001 -1 1 14,14 0.001 0 -1 15,12 0.001 1 -1 0.0422 80 ::f,1,15 f,3,0 f,12,15 f,13,2 
106:1,1 0.001 1 1 2,1 0.001 -1 1 1,2 0.001 1 1 27.0164 260 1,13 0.001 -1 1 1,14 0.001 1 -1 2,14 0.001 1 -1 31.0192 230 13,1 0.001 0 1 14,2 0.001 1 -1 14,1 0.001 -1 0 37.0285 275 13,13 0.001 0 1 14,13 0.001 0 -1 15,12 0.001 1 -1 0.0432 80 ::f,1,15 f,3,0 f,12,15 f,13,2 
107:1,1 0.001 1 1 2,1 0.001 -1 1 1,2 0.001 1 1 27.0164 260 1,13 0.001 -1 1 1,14 0.001 1 -1 2,14 0.001 0 -1 31.0192 230 13,1 0.001 0 1 14,2 0.001 1 -1 14,1 0.001 -1 0 45.0286 290 13,14 0.001 0 1 14,13 0.001 0 -1 15,12 0.001 1 -1 0.0442 80 ::f,1,15 f,3,0 f,12,15 f,14,0 
108:1,1 0.001 1 0 2,1 0.001 0 1 1,2 0.001 1 0 27.0164 260 1,13 0.001 0 1 1,14 0.001 0 -1 2,13 0.001 0 -1 31.0202 230 13,1 0.001 1 1 14,2 0.001 0 -1 14,1 0.001 -1 0 45.0286 290 13,14 0.001 0 1 14,13 0.001 -1 -1 15,12 0.001 1 -1 0.0442 80 ::f,1,15 f,3,0 f,12,15 f,14,0 
109:1,1 0.001 1 0 2,1 0.001 0 1 2,2 0.001 1 0 27.0174 260 1,13 0.001 0 1 1,14 0.001 0 -1 2,13 0.001 0 -1 31.0202 230 13,1 0.001 1 1 14,2 0.001 0 -1 14,1 0.001 -1 1 45.0286 290 13,14 0.001 1 1 14,13 0.001 -1 -1 15,12 0.001 1 -1 0.0442 80 ::f,1,15 f,3,0 f,12,15 f,14,0 
110:1,1 0.001 1 -1 2,1 0.001 1 1 2,2 0.001 1 0 27.0174 260 1,13 0.001 0 1 1,14 0.001 -1 -1 2,13 0.001 -1 -1 31.0202 230 13,1 0.001 1 0 14,2 0.001 0 -1 14,1 0.001 -1 1 45.0286 290 13,14 0.001 1 1 14,13 0.001 -1 0 15,12 0.001 1 -1 0.0442 80 ::f,1,15 f,3,0 f,12,15 f,14,0 
111:1,1 0.001 1 -1 2,1 0.001 1 1 2,2 0.001 1 -1 27.0174 260 1,13 0.001 1 1 1,14 0.001 -1 -1 2,13 0.001 -1 -1 31.0202 230 13,1 0.001 1 0 14,2 0.001 -1 -1 14,1 0.001 0 1 45.0286 290 13,14 0.001 1 0 13,13 0.001 -1 0 15,12 0.001 1 -1 0.0452 80 ::f,1,15 f,3,0 f,12,15 f,14,0 
112:1,1 0.001 0 -1 2,1 0.001 1 0 2,2 0.001 1 -1 27.0174 260 1,13 0.001 1 1 1,14 0.001 -1 0 2,13 0.001 -1 0 31.0202 230 13,1 0.001 1 -1 14,2 0.001 -1 -1 14,1 0.001 0 1 45.0286 290 14,14 0.001 1 0 13,13 0.001 -1 0 15,12 0.001 1 -1 0.0462 80 ::f,1,15 f,3,0 f,12,15 f,14,0 
113:1,1 0.001 0 -1 2,1 0.001 1 0 2,2 0.001 0 -1 27.0174 260 1,13 0.001 1 0 1,14 0.001 -1 0 2,13 0.001 -1 0 31.0202 230 13,1 0.001 1 -1 14,2 0.001 -1 -1 14,1 0.001 1 1 54.0287 305 14,14 0.001 1 0 13,13 0.001 -1 1 15,12 0.001 1 -1 0.0462 80 ::f,1,15 f,3,0 f,12,0 f,12,15 
114:1,1 0.001 -1 -1 2,1 0.001 1 -1 2,2 0.001 0 -1 27.0174 260 1,13 0.001 1 0 1,14 0.001 -1 1 2,13 0.001 -1 0 31.0202 230 13,1 0.001 0 -1 14,2 0.001 -1 -1 14,1 0.001 1 1 54.0287 305 14,14 0.001 1 -1 13,13 0.001 -1 1 15,12 0.001 1 -1 0.0462 80 ::f,1,15 f,3,0 f,12,0 f,12,15 
115:1,1 0.001 -1 -1 2,1 0.001 1 -1 2,2 0.001 0 -1 31.0175 275 1,13 0.001 1 -1 1,14 0.001 -1 1 2,13 0.001 -1 1 31.0202 230 13,1 0.001 0 -1 14,2 0.001 -1 0 14,1 0.001 1 0 54.0287 305 14,14 0.001 1 -1 13,13 0.001 0 1 15,12 0.001 1 -1 0.0462 80 ::f,1,15 f,3,3 f,12,0 f,12,15 
116:1,1 0.001 -1 0 2,1 0.001 0 -1 2,2 0.001 -1 -1 31.0175 275 1,13 0.001 1 -1 1,14 0.001 0 1 2,13 0.001 -1 1 31.0202 230 13,1 0.001 -1 -1 14,2 0.001 -1 0 14,1 0.001 1 0 54.0287 305 14,14 0.001 0 -1 13,14 0.001 0 1 15,12 0.001 1 -1 0.0472 80 ::f,1,15 f,3,3 f,12,0 f,12,15 
117:1,1 0.001 -1 0 2,1 0.001 0 -1 2,2 0.001 -1 -1 31.0175 275 1,13 0.001 0 -1 1,14 0.001 0 1 2,13 0.001 0 1 32.0203 245 13,1 0.001 -1 -1 14,2 0.001 -1 1 14,1 0.001 1 -1 64.0288 320 14,13 0.001 0 -1 13,14 0.001 0 1 15,12 0.001 1 -1 0.0482 80 ::f,2,12 f,3,3 f,12,0 f,12,15 
118:1,1 0.001 -1 1 2,1 0.001 -1 -1 2,2 0.001 -1 0 31.0175 275 1,13 0.001 0 -1 1,14 0.001 1 1 2,13 0.001 0 1 32.0203 245 13,1 0.001 -1 0 14,2 0.001 -1 1 14,1 0.001 1 -1 64.0288 320 14,13 0.001 0 -1 13,14 0.001 1 1 15,12 0.001 1 -1 0.0482 80 ::f,2,12 f,3,3 f,12,0 f,12,15 
119:1,1 0.001 -1 1 2,1 0.001 -1 -1 2,2 0.001 -1 0 31.0175 275 1,13 0.001 -1 -1 1,14 0.001 1 1 2,13 0.001 1 1 32.0203 245 13,1 0.001 -1 0 14,2 0.001 0 1 14,1 0.001 0 -1 64.0288 320 14,13 0.001 -1 -1 13,14 0.001 1 1 15,12 0.001 1 -1 0.0482 80 ::f,2,12 f,3,3 f,12,0 f,12,15 
120:1,1 0.001 0 1 2,1 0.001 -1 0 2,2 0.001 -1 1 31.0175 275 1,13 0.001 -1 -1 1,14 0.001 1 0 2,13 0.001 1 1 32.0203 245 13,1 0.001 -1 1 14,2 0.001 0 1 14,1 0.001 0 -1 64.0288 320 14,13 0.001 -1 -1 13,14 0.001 1 0 15,12 0.001 1 -1 0.0482 80 ::f,2,12 f,3,3 f,12,0 f,12,15 
121:1,2 0.001 0 1 1,1 0.001 -1 0 2,2 0.001 -1 1 31.0195 275 1,13 0.001 -1 0 2,14 0.001 1 0 2,13 0.001 1 0 32.0213 245 13,1 0.001 -1 1 14,2 0.001 1 1 14,1 0.001 -1 -1 64.0288 320 14,13 0.001 -1 0 14,14 0.001 1 0 15,12 0.001 1 -1 0.0492 80 ::f,2,12 f,3,3 f,12,0 f,12,15 
122:1,2 0.001 0 1 1,1 0.001 -1 0 2,2 0.001 0 1 31.0195 275 1,13 0.001 -1 0 2,14 0.001 1 0 2,13 0.001 1 0 32.0213 245 13,1 0.001 0 1 14,2 0.001 1 1 14,1 0.001 -1 -1 64.0288 320 13,13 0.001 -1 0 14,14 0.001 1 0 15,12 0.001 1 -1 0.0502 80 ::f,2,12 f,3,3 f,12,0 f,12,15 
123:1,2 0.001 1 1 1,1 0.001 -1 1 2,2 0.001 0 1 31.0195 275 1,13 0.001 -1 1 2,14 0.001 1 -1 2,13 0.001 1 -1 32.0213 245 13,2 0.001 0 1 14,2 0.001 1 0 14,1 0.001 -1 0 64.0298 320 13,13 0.001 -1 0 14,14 0.001 1 -1 15,12 0.001 1 -1 0.0502 80 ::f,2,12 f,3,3 f,12,0 f,12,15 
124:1,2 0.001 1 1 1,1 0.001 -1 1 2,2 0.001 1 1 31.0195 275 1,13 0.001 -1 1 2,14 0.001 1 -1 2,13 0.001 1 -1 32.0213 245 13,2 0.001 0 1 14,2 0.001 1 0 13,1 0.001 -1 0 64.0308 320 13,13 0.001 -1 1 14,14 0.001 1 -1 15,12 0.001 1 -1 0.0502 80 ::f,2,12 f,3,3 f,12,0 f,12,15 
125:1,2 0.001 1 0 1,1 0.001 0 1 2,2 0.001 1 1 37.0196 290 1,13 0.001 0 1 2,14 0.001 0 -1 2,13 0.001 0 -1 32.0213 245 13,2 0.001 1 1 14,2 0.001 1 -1 13,1 0.001 -1 0 64.0308 320 13,13 0.001 -1 1 14,14 0.001 0 -1 15,12 0.001 1 -1 0.0502 80 ::f,0,3 f,2,12 f,12,0 f,12,15 
126:1,2 0.001 1 0 1,1 0.001 0 1 2,2 0.001 1 0 37.0196 290 1,14 0.001 0 1 2,14 0.001 0 -1 2,13 0.001 0 -1 40.0224 260 13,2 0.001 1 1 14,2 0.001 1 -1 13,1 0.001 -1 1 64.0308 320 13,13 0.001 0 1 14,13 0.001 0 -1 15,12 0.001 1 -1 0.0512 80 ::f,0,3 f,3,14 f,12,0 f,12,15 
127:1,2 0.001 1 0 1,1 0.001 0 1 2,2 0.001 1 0 37.0196 290 1,14 0.001 0 1 2,14 0.001 0 -1 2,13 0.001 -1 -1 40.0224 260 13,2 0.001 1 0 14,2 0.001 0 -1 13,1 0.001 -1 1 64.0308 320 13,14 0.001 0 1 14,13 0.001 0 -1 15,12 0.001 1 -1 0.0522 80 ::f,0,3 f,3,14 f,12,0 f,12,15 
128:1,2 0.001 1 -1 1,1 0.001 1 1 2,2 0.001 1 -1 37.0196 290 1,14 0.001 1 1 2,14 0.001 -1 -1 2,13 0.001 -1 -1 40.0224 260 13,2 0.001 1 0 14,1 0.001 0 -1 13,1 0.001 0 1 64.0318 320 13,14 0.001 0 1 14,13 0.001 -1 -1 15,12 0.001 1 -1 0.0522 80 ::f,0,3 f,3,14 f,12,0 f,12,15 
129:1,2 0.001 1 -1 1,1 0.001 1 1 2,2 0.001 1 -1 37.0196 290 1,14 0.001 1 1 2,14 0.001 -1 -1 2,13 0.001 -1 0 40.0224 260 13,2 0.001 1 0 14,1 0.001 0 -1 13,1 0.001 0 1 64.0318 320 13,14 0.001 1 1 14,13 0.001 -1 -1 15,12 0.001 1 -1 0.0522 80 ::f,0,3 f,3,14 f,12,0 f,12,15 
130:1,2 0.001 0 -1 1,1 0.001 1 0 2,2 0.001 0 -1 37.0196 290 1,14 0.001 1 0 2,14 0.001 -1 0 1,13 0.001 -1 0 40.0234 260 13,2 0.001 1 -1 14,1 0.001 -1 -1 13,1 0.001 0 1 64.0318 320 13,14 0.001 1 1 14,13 0.001 -1 0 15,12 0.001 1 -1 0.0522 80 ::f,0,3 f,3,14 f,12,0 f,12,15 
131:1,2 0.001 0 -1 1,1 0.001 1 0 2,1 0.001 0 -1 37.0206 290 1,14 0.001 1 0 2,14 0.001 -1 0 1,13 0.001 -1 0 40.0234 260 13,2 0.001 1 -1 14,1 0.001 -1 -1 13,1 0.001 1 1 64.0318 320 13,14 0.001 1 0 13,13 0.001 -1 0 15,12 0.001 1 -1 0.0532 80 ::f,0,3 f,3,14 f,12,0 f,12,15 
132:1,2 0.001 -1 -1 1,1 0.001 1 -1 2,1 0.001 0 -1 37.0206 290 1,14 0.001 1 0 2,14 0.001 -1 1 1,13 0.001 -1 1 40.0234 260 13,2 0.001 0 -1 14,1 0.001 -1 0 13,1 0.001 1 1 64.0318 320 14,14 0.001 1 0 13,13 0.001 -1 0 15,12 0.001 1 -1 0.0542 80 ::f,0,3 f,3,14 f,12,0 f,12,15 
133:1,2 0.001 -1 -1 1,1 0.001 1 -1 2,1 0.001 -1 -1 37.0206 290 1,14 0.001 1 -1 2,14 0.001 -1 1 1,13 0.001 -1 1 40.0234 260 13,2 0.001 0 -1 14,1 0.001 -1 0 13,1 0.001 1 0 64.0318 320 14,14 0.001 1 0 13,13 0.001 -1 1 15,12 0.001 1 -1 0.0542 80 ::f,0,3 f,3,14 f,12,0 f,12,15 
134:1,2 0.001 -1 0 1,1 0.001 0 -1 2,1 0.001 -1 -1 37.0206 290 1,14 0.001 1 -1 2,14 0.001 0 1 1,13 0.001 0 1 40.0234 260 13,2 0.001 -1 -1 14,1 0.001 -1 0 13,1 0.001 1 0 64.0318 320 14,14 0.001 1 -1 13,13 0.001 -1 1 15,12 0.001 1 -1 0.0542 80 ::f,0,3 f,3,14 f,12,0 f,12,15 
135:1,2 0.001 -1 0 1,1 0.001 0 -1 2,1 0.001 -1 0 37.0206 290 1,14 0.001 0 -1 2,14 0.001 0 1 1,13 0.001 0 1 40.0234 260 13,2 0.001 -1 -1 14,1 0.001 -1 1 13,1 0.001 1 -1 64.0318 320 14,14 0.001 1 -1 13,13 0.001 0 1 15,12 0.001 1 -1 0.0542 80 ::f,0,3 f,3,14 f,12,0 f,12,15 
136:1,2 0.001 -1 1 1,1 0.001 -1 -1 2,1 0.001 -1 0 37.0206 290 1,14 0.001 0 -1 2,14 0.001 1 1 1,13 0.001 0 1 40.0234 260 13,2 0.001 -1 0 14,1 0.001 -1 1 13,1 0.001 1 -1 64.0318 320 14,14 0.001 0 -1 13,14 0.001 0 1 15,12 0.001 1 -1 0.0552 80 ::f,0,3 f,3,14 f,12,0 f,12,15 
137:1,2 0.001 -1 1 1,1 0.001 -1 -1 2,1 0.001 -1 0 41.0207 305 1,14 0.001 -1 -1 2,14 0.001 1 1 1,13 0.001 1 1 40.0234 260 13,2 0.001 -1 0 14,1 0.001 0 1 13,1 0.001 0 -1 64.0318 320 14,13 0.001 0 -1 13,14 0.001 0 1 15,12 0.001 1 -1 0.0562 80 ::f,3,0 f,3,14 f,12,0 f,12,15 
138:1,2 0.001 0 1 1,1 0.001 -1 0 2,1 0.001 -1 1 41.0207 305 1,14 0.001 -1 -1 2,14 0.001 1 0 1,13 0.001 1 1 40.0234 260 13,2 0.001 -1 1 14,1 0.001 0 1 13,1 0.001 0 -1 64.0318 320 14,13 0.001 0 -1 13,14 0.001 1 1 15,12 0.001 1 -1 0.0562 80 ::f,3,0 f,3,14 f,12,0 f,12,15 
139:1,2 0.001 0 1 1,1 0.001 -1 0 2,1 0.001 -1 1 41.0207 305 1,14 0.001 -1 0 2,14 0.001 1 0 1,13 0.001 1 0 42.0235 275 13,2 0.001 -1 1 14,1 0.001 1 1 13,1 0.001 -1 -1 64.0318 320 14,13 0.001 -1 -1 13,14 0.001 1 1 15,12 0.001 1 -1 0.0562 80 ::f,0,12 f,3,0 f,12,0 f,12,15 
140:1,2 0.001 1 1 1,1 0.001 -1 1 2,1 0.001 0 1 41.0207 305 1,14 0.001 -1 0 2,14 0.001 1 -1 1,13 0.001 1 0 42.0235 275 13,2 0.001 0 1 14,1 0.001 1 1 13,1 0.001 -1 -1 68.0319 335 14,13 0.001 -1 -1 13,14 0.001 1 0 15,12 0.001 1 -1 0.0562 80 ::f,0,12 f,3,0 f,12,15 f,14,0 
141:1,2 0.001 1 1 1,1 0.001 -1 1 2,1 0.001 0 1 41.0207 305 1,14 0.001 -1 1 2,14 0.001 1 -1 1,13 0.001 1 -1 42.0235 275 13,2 0.001 0 1 14,1 0.001 1 0 13,1 0.001 -1 0 68.0319 335 14,13 0.001 -1 0 14,14 0.001 1 0 15,12 0.001 1 -1 0.0572 80 ::f,0,12 f,3,0 f,12,15 f,14,0 
142:1,2 0.001 1 0 1,1 0.001 0 1 2,1 0.001 1 1 41.0207 305 1,14 0.001 -1 1 2,14 0.001 0 -1 1,13 0.001 1 -1 42.0235 275 13,2 0.001 1 1 14,1 0.001 1 0 13,1 0.001 -1 0 68.0319 335 13,13 0.001 -1 0 14,14 0.001 1 0 15,12 0.001 1 -1 0.0582 80 ::f,0,12 f,3,0 f,12,15 f,14,0 
143:2,2 0.001 1 0 1,2 0.001 0 1 2,1 0.001 1 1 41.0227 305 1,14 0.001 0 1 2,13 0.001 0 -1 1,13 0.001 0 -1 42.0245 275 13,2 0.001 1 1 14,1 0.001 1 -1 13,1 0.001 -1 1 68.0319 335 13,13 0.001 -1 0 14,14 0.001 1 -1 15,12 0.001 1 -1 0.0582 80 ::f,0,12 f,3,0 f,12,15 f,14,0 
144:2,2 0.001 1 0 1,2 0.001 0 1 2,1 0.001 1 0 41.0227 305 1,14 0.001 0 1 2,13 0.001 0 -1 1,13 0.001 0 -1 42.0245 275 13,2 0.001 1 0 14,1 0.001 1 -1 13,1 0.001 -1 1 68.0319 335 13,13 0.001 -1 1 14,14 0.001 1 -1 15,12 0.001 1 -1 0.0582 80 ::f,0,12 f,3,0 f,12,15 f,14,0 
145:2,2 0.001 1 -1 1,2 0.001 1 1 2,1 0.001 1 0 41.0227 305 1,14 0.001 1 1 2,13 0.001 -1 -1 1,13 0.001 -1 -1 42.0245 275 14,2 0.001 1 0 14,1 0.001 0 -1 13,1 0.001 0 1 68.0329 335 13,13 0.001 -1 1 14,14 0.001 0 -1 15,12 0.001 1 -1 0.0582 80 ::f,0,12 f,3,0 f,12,15 f,14,0 
146:2,2 0.001 1 -1 1,2 0.001 1 1 2,1 0.001 1 -1 41.0227 305 1,14 0.001 1 1 2,13 0.001 -1 -1 1,13 0.001 -1 -1 51.0246 290 14,2 0.001 1 0 14,1 0.001 0 -1 13,2 0.001 0 1 71.034 350 13,13 0.001 0 1 14,13 0.001 0 -1 15,12 0.001 1 -1 0.0592 80 ::f,1,12 f,3,0 f,12,15 f,14,0 
147:2,2 0.001 0 -1 1,2 0.001 1 0 2,1 0.001 1 -1 48.0228 320 1,14 0.001 1 0 2,13 0.001 -1 0 1,13 0.001 -1 0 51.0246 290 14,2 0.001 1 -1 14,1 0.001 -1 -1 13,2 0.001 0 1 71.034 350 13,14 0.001 0 1 14,13 0.001 0 -1 15,12 0.001 1 -1 0.0602 80 ::f,0,2 f,1,12 f,12,15 f,14,0 
148:2,2 0.001 0 -1 1,2 0.001 1 0 2,1 0.001 0 -1 48.0228 320 2,14 0.001 1 0 2,13 0.001 -1 0 1,13 0.001 -1 0 51.0256 290 14,2 0.001 1 -1 14,1 0.001 -1 -1 13,2 0.001 1 1 71.034 350 13,14 0.001 0 1 14,13 0.001 -1 -1 15,12 0.001 1 -1 0.0602 80 ::f,0,2 f,1,12 f,12,15 f,14,0 
149:2,2 0.001 0 -1 1,2 0.001 1 0 2,1 0.001 0 -1 48.0228 320 2,14 0.001 1 0 2,13 0.001 -1 0 1,13 0.001 -1 1 51.0256 290 14,2 0.001 0 -1 14,1 0.001 -1 0 13,2 0.001 1 1 71.034 350 13,14 0.001 1 1 14,13 0.001 -1 -1 15,12 0.001 1 -1 0.0602 80 ::f,0,2 f,1,12 f,12,15 f,14,0 
150:2,2 0.001 -1 -1 1,2 0.001 1 -1 2,1 0.001 -1 -1 48.0228 320 2,14 0.001 1 -1 2,13 0.001 -1 1 1,13 0.001 -1 1 51.0256 290 14,2 0.001 0 -1 13,1 0.001 -1 0 13,2 0.001 1 0 71.035 350 13,14 0.001 1 1 14,13 0.001 -1 0 15,12 0.001 1 -1 0.0602 80 ::f,0,2 f,1,12 f,12,15 f,14,0 
151:2,2 0.001 -1 -1 1,2 0.001 1 -1 2,1 0.001 -1 -1 48.0228 320 2,14 0.001 1 -1 2,13 0.001 -1 1 1,13 0.001 0 1 51.0256 290 14,2 0.001 0 -1 13,1 0.001 -1 0 13,2 0.001 1 0 71.035 350 13,14 0.001 1 0 13,13 0.001 -1 0 15,12 0.001 1 -1 0.0612 80 ::f,0,2 f,1,12 f,12,15 f,14,0 
152:2,2 0.001 -1 0 1,2 0.001 0 -1 2,1 0.001 -1 0 48.0228 320 2,14 0.001 0 -1 2,13 0.001 0 1 1,14 0.001 0 1 51.0266 290 14,2 0.001 -1 -1 13,1 0.001 -1 1 13,2 0.001 1 0 71.035 350 14,14 0.001 1 0 13,13 0.001 -1 0 15,12 0.001 1 -1 0.0622 80 ::f,0,2 f,1,12 f,12,15 f,14,0 
153:2,2 0.001 -1 0 1,2 0.001 0 -1 1,1 0.001 -1 0 48.0238 320 2,14 0.001 0 -1 2,13 0.001 0 1 1,14 0.001 0 1 51.0266 290 14,2 0.001 -1 -1 13,1 0.001 -1 1 13,2 0.001 1 -1 71.035 350 14,14 0.001 1 0 13,13 0.001 -1 1 15,12 0.001 1 -1 0.0622 80 ::f,0,2 f,1,12 f,12,15 f,14,0 
154:2,2 0.001 -1 0 1,2 0.001 -1 -1 1,1 0.001 -1 0 48.0238 320 2,14 0.001 0 -1 2,13 0.001 1 1 1,14 0.001 1 1 51.0266 290 14,2 0.001 -1 0 13,1 0.001 0 1 13,2 0.001 1 -1 71.035 350 14,14 0.001 1 -1 13,13 0.001 -1 1 15,12 0.001 1 -1 0.0622 80 ::f,0,2 f,1,12 f,12,15 f,14,0 
155:2,2 0.001 -1 1 1,2 0.001 -1 -1 1,1 0.001 -1 1 48.0238 320 2,14 0.001 -1 -1 2,13 0.001 1 1 1,14 0.001 1 1 51.0266 290 14,2 0.001 -1 0 13,1 0.001 0 1 13,2 0.001 0 -1 71.035 350 14,14 0.001 1 -1 13,13 0.001 0 1 15,12 0.001 1 -1 0.0622 80 ::f,0,2 f,1,12 f,12,15 f,14,0 
156:2,2 0.001 -1 1 1,2 0.001 -1 0 1,1 0.001 -1 1 56.0239 335 2,14 0.001 -1 -1 2,13 0.001 1 0 1,14 0.001 1 0 51.0266 290 14,2 0.001 -1 1 13,1 0.001 0 1 13,2 0.001 0 -1 71.035 350 14,14 0.001 0 -1 13,14 0.001 0 1 15,12 0.001 1 -1 0.0632 80 ::f,1,3 f,1,12 f,12,15 f,14,0 
157:2,2 0.001 0 1 1,2 0.001 -1 0 1,1 0.001 0 1 56.0239 335 2,14 0.001 -1 0 2,13 0.001 1 0 1,14 0.001 1 0 51.0266 290 14,2 0.001 -1 1 13,1 0.001 1 1 13,2 0.001 -1 -1 71.035 350 14,13 0.001 0 -1 13,14 0.001 0 1 15,12 0.001 1 -1 0.0642 80 ::f,1,3 f,1,12 f,12,15 f,14,0 
158:2,2 0.001 0 1 1,2 0.001 -1 1 1,1 0.001 0 1 56.0239 335 2,14 0.001 -1 0 2,13 0.001 1 -1 1,14 0.001 1 0 51.0266 290 14,2 0.001 0 1 13,1 0.001 1 1 13,2 0.001 -1 -1 71.035 350 14,13 0.001 0 -1 13,14 0.001 1 1 15,12 0.001 1 -1 0.0642 80 ::f,1,3 f,1,12 f,12,15 f,14,0 
159:2,2 0.001 1 1 1,2 0.001 -1 1 1,1 0.001 0 1 56.0239 335 2,14 0.001 -1 1 2,13 0.001 1 -1 1,14 0.001 1 -1 51.0266 290 14,2 0.001 0 1 13,1 0.001 1 0 13,2 0.001 -1 0 71.035 350 14,13 0.001 -1 -1 13,14 0.001 1 1 15,12 0.001 1 -1 0.0642 80 ::f,1,3 f,1,12 f,12,15 f,14,0 
160:2,2 0.001 1 1 1,2 0.001 0 1 1,1 0.001 1 1 56.0239 335 2,14 0.001 -1 1 2,13 0.001 0 -1 1,14 0.001 1 -1 51.0266 290 14,2 0.001 1 1 13,1 0.001 1 0 13,2 0.001 -1 0 71.035 350 14,13 0.001 -1 -1 13,14 0.001 1 0 15,12 0.001 1 -1 0.0642 80 ::f,1,3 f,1,12 f,12,15 f,14,0 
161:2,2 0.001 1 0 1,2 0.001 0 1 1,1 0.001 1 1 61.024 350 2,14 0.001 0 1 2,13 0.001 0 -1 1,14 0.001 0 -1 51.0266 290 14,2 0.001 1 1 13,1 0.001 1 -1 13,2 0.001 -1 1 71.035 350 14,13 0.001 -1 0 14,14 0.001 1 0 15,12 0.001 1 -1 0.0652 80 ::f,1,0 f,1,12 f,12,15 f,14,0 
162:2,2 0.001 1 0 1,2 0.001 1 1 1,1 0.001 1 0 61.024 350 2,14 0.001 0 1 2,13 0.001 -1 -1 1,13 0.001 0 -1 51.0276 290 14,2 0.001 1 0 13,1 0.001 1 -1 13,2 0.001 -1 1 75.0351 365 13,13 0.001 -1 0 14,14 0.001 1 0 15,12 0.001 1 -1 0.0662 80 ::f,1,0 f,1,12 f,12,15 f,15,0 
163:2,2 0.001 1 -1 1,2 0.001 1 1 1,1 0.001 1 0 61.024 350 2,14 0.001 1 1 2,13 0.001 -1 -1 1,13 0.001 0 -1 54.0277 305 14,2 0.001 1 0 13,1 0.001 0 -1 13,2 0.001 0 1 75.0351 365 13,13 0.001 -1 0 14,14 0.001 1 -1 15,12 0.001 1 -1 0.0662 80 ::f,1,0 f,1,15 f,12,15 f,15,0 
164:2,2 0.001 1 -1 1,2 0.001 1 0 1,1 0.001 1 -1 61.024 350 2,14 0.001 1 1 2,13 0.001 -1 0 1,13 0.001 -1 -1 54.0277 305 14,2 0.001 1 -1 13,1 0.001 0 -1 13,2 0.001 0 1 75.0351 365 13,13 0.001 -1 1 14,14 0.001 1 -1 15,12 0.001 1 -1 0.0662 80 ::f,1,0 f,1,15 f,12,15 f,15,0 
165:2,2 0.001 0 -1 1,2 0.001 1 0 1,1 0.001 1 -1 61.024 350 2,14 0.001 1 0 2,13 0.001 -1 0 1,13 0.001 -1 -1 54.0277 305 14,2 0.001 1 -1 13,1 0.001 -1 -1 13,2 0.001 1 1 75.0351 365 13,13 0.001 -1 1 14,14 0.001 0 -1 15,12 0.001 1 -1 0.0662 80 ::f,1,0 f,1,15 f,12,15 f,15,0 
166:2,1 0.001 0 -1 1,2 0.001 1 0 1,1 0.001 0 -1 61.025 350 2,14 0.001 1 0 2,13 0.001 -1 0 1,13 0.001 -1 0 54.0277 305 14,2 0.001 0 -1 13,1 0.001 -1 -1 13,2 0.001 1 1 75.0351 365 13,13 0.001 0 1 14,13 0.001 0 -1 15,12 0.001 1 -1 0.0672 80 ::f,1,0 f,1,15 f,12,15 f,15,0 
167:2,1 0.001 0 -1 1,2 0.001 1 -1 1,1 0.001 0 -1 70.0251 365 2,14 0.001 1 -1 2,13 0.001 -1 1 1,13 0.001 -1 0 54.0277 305 14,1 0.001 0 -1 13,1 0.001 -1 0 13,2 0.001 1 0 75.0361 365 13,14 0.001 0 1 14,13 0.001 0 -1 15,12 0.001 1 -1 0.0682 80 ::f,0,0 f,1,15 f,12,15 f,15,0 
168:2,1 0.001 -1 -1 1,2 0.001 1 -1 1,1 0.001 -1 -1 70.0251 365 2,14 0.001 1 -1 2,13 0.001 -1 1 1,13 0.001 -1 1 54.0277 305 14,1 0.001 0 -1 13,1 0.001 -1 0 14,2 0.001 1 0 75.0371 365 13,14 0.001 0 1 14,13 0.001 -1 -1 15,12 0.001 1 -1 0.0682 80 ::f,0,0 f,1,15 f,12,15 f,15,0 
169:2,1 0.001 -1 -1 1,2 0.001 0 -1 1,1 0.001 -1 -1 80.0252 380 2,14 0.001 0 -1 2,13 0.001 0 1 1,13 0.001 -1 1 54.0277 305 14,1 0.001 -1 -1 13,1 0.001 -1 1 14,2 0.001 1 0 75.0371 365 13,14 0.001 1 1 14,13 0.001 -1 -1 15,12 0.001 1 -1 0.0682 80 ::f,1,15 f,2,0 f,12,15 f,15,0 
170:2,1 0.001 -1 0 1,2 0.001 0 -1 1,1 0.001 -1 0 80.0252 380 2,14 0.001 0 -1 2,13 0.001 0 1 1,13 0.001 0 1 54.0277 305 14,1 0.001 -1 -1 13,1 0.001 -1 1 14,2 0.001 1 -1 75.0371 365 13,14 0.001 1 1 14,13 0.001 -1 0 15,12 0.001 1 -1 0.0682 80 ::f,1,15 f,2,0 f,12,15 f,15,0 
171:2,1 0.001 -1 0 1,2 0.001 -1 -1 1,1 0.001 -1 0 80.0252 380 2,14 0.001 0 -1 2,13 0.001 1 1 1,14 0.001 0 1 54.0287 305 14,1 0.001 -1 0 13,1 0.001 0 1 14,2 0.001 1 -1 75.0371 365 13,14 0.001 1 0 13,13 0.001 -1 0 15,12 0.001 1 -1 0.0692 80 ::f,1,15 f,2,0 f,12,15 f,15,0 
172:2,1 0.001 -1 0 1,2 0.001 -1 -1 1,1 0.001 -1 1 80.0252 380 2,14 0.001 -1 -1 2,13 0.001 1 1 1,14 0.001 0 1 64.0288 320 14,1 0.001 -1 0 13,2 0.001 0 1 14,2 0.001 0 -1 75.0381 365 14,14 0.001 1 0 13,13 0.001 -1 0 15,12 0.001 1 -1 0.0702 80 ::f,1,15 f,2,0 f,12,15 f,15,0 
173:2,1 0.001 -1 1 1,2 0.001 -1 0 1,1 0.001 -1 1 80.0252 380 2,14 0.001 -1 -1 2,13 0.001 1 0 1,14 0.001 1 1 64.0288 320 14,1 0.001 -1 0 13,2 0.001 0 1 14,2 0.001 0 -1 75.0381 365 14,14 0.001 1 0 13,13 0.001 -1 1 15,12 0.001 1 -1 0.0702 80 ::f,1,15 f,2,0 f,12,15 f,15,0 
174:2,1 0.001 -1 1 1,2 0.001 -1 0 1,1 0.001 0 1 80.0252 380 2,14 0.001 -1 0 2,13 0.001 1 0 1,14 0.001 1 1 64.0288 320 14,1 0.001 -1 1 13,2 0.001 1 1 14,2 0.001 0 -1 75.0381 365 14,14 0.001 1 -1 13,13 0.001 -1 1 15,12 0.001 1 -1 0.0702 80 ::f,1,15 f,2,0 f,12,15 f,15,0 
175:2,1 0.001 0 1 1,2 0.001 -1 1 1,1 0.001 0 1 80.0252 380 2,14 0.001 -1 0 2,13 0.001 1 -1 1,14 0.001 1 0 64.0288 320 14,1 0.001 -1 1 13,2 0.001 1 1 14,2 0.001 -1 -1 75.0381 365 14,14 0.001 1 -1 13,13 0.001 0 1 15,12 0.001 1 -1 0.0702 80 ::f,1,15 f,2,0 f,12,15 f,15,0 
176:2,1 0.001 0 1 1,2 0.001 -1 1 1,1 0.001 0 1 80.0252 380 2,14 0.001 -1 1 2,13 0.001 1 -1 1,14 0.001 1 0 64.0288 320 14,1 0.001 0 1 13,2 0.001 1 0 14,2 0.001 -1 -1 75.0381 365 14,14 0.001 0 -1 13,14 0.001 0 1 15,12 0.001 1 -1 0.0712 80 ::f,1,15 f,2,0 f,12,15 f,15,0 
177:2,1 0.001 1 1 1,2 0.001 0 1 1,1 0.001 1 1 80.0252 380 2,14 0.001 -1 1 2,13 0.001 0 -1 1,14 0.001 1 0 67.0289 335 14,1 0.001 0 1 13,2 0.001 1 0 14,2 0.001 -1 0 75.0381 365 14,13 0.001 0 -1 13,14 0.001 0 1 15,12 0.001 1 -1 0.0722 80 ::f,2,0 f,3,14 f,12,15 f,15,0 
178:2,1 0.001 1 1 1,2 0.001 0 1 1,1 0.001 1 1 80.0252 380 2,14 0.001 0 1 2,13 0.001 0 -1 1,14 0.001 1 0 67.0289 335 14,1 0.001 1 1 13,2 0.001 1 0 14,2 0.001 -1 0 75.0381 365 14,13 0.001 0 -1 13,14 0.001 1 1 15,12 0.001 1 -1 0.0722 80 ::f,2,0 f,3,14 f,12,15 f,15,0 
179:2,1 0.001 1 0 1,2 0.001 1 1 1,1 0.001 1 0 80.0252 380 2,14 0.001 0 1 2,13 0.001 -1 -1 1,14 0.001 1 -1 67.0289 335 14,1 0.001 1 1 13,2 0.001 1 -1 14,2 0.001 -1 1 75.0381 365 14,13 0.001 -1 -1 13,14 0.001 1 1 15,12 0.001 1 -1 0.0722 80 ::f,2,0 f,3,14 f,12,15 f,15,0 
180:2,1 0.001 1 0 1,2 0.001 1 1 1,1 0.001 1 0 80.0252 380 2,14 0.001 1 1 2,13 0.001 -1 -1 1,14 0.001 1 -1 67.0289 335 14,1 0.001 1 0 13,2 0.001 1 -1 14,2 0.001 -1 1 75.0381 365 14,13 0.001 -1 -1 13,14 0.001 1 0 15,12 0.001 1 -1 0.0722 80 ::f,2,0 f,3,14 f,12,15 f,15,0 
181:2,1 0.001 1 -1 1,2 0.001 1 0 1,1 0.001 1 -1 80.0252 380 2,14 0.001 1 1 2,13 0.001 -1 0 1,14 0.001 0 -1 67.0289 335 14,1 0.001 1 0 13,2 0.001 1 -1 14,2 0.001 0 1 75.0381 365 14,13 0.001 -1 0 14,14 0.001 1 0 15,12 0.001 1 -1 0.0732 80 ::f,2,0 f,3,14 f,12,15 f,15,0 
182:2,1 0.001 1 -1 2,2 0.001 1 0 1,1 0.001 1 -1 90.0263 395 2,14 0.001 1 0 1,13 0.001 -1 0 1,14 0.001 0 -1 67.0299 335 14,1 0.001 1 -1 13,2 0.001 0 -1 14,2 0.001 0 1 75.0381 365 13,13 0.001 -1 0 14,14 0.001 1 0 15,12 0.001 1 -1 0.0742 80 ::f,3,0 f,3,14 f,12,15 f,15,0 
183:2,1 0.001 0 -1 2,2 0.001 1 0 1,1 0.001 0 -1 90.0263 395 2,14 0.001 1 0 1,13 0.001 -1 0 1,14 0.001 -1 -1 71.03 350 14,1 0.001 1 -1 13,2 0.001 0 -1 14,2 0.001 1 1 85.0382 380 13,13 0.001 -1 0 14,14 0.001 1 -1 15,12 0.001 1 -1 0.0742 80 ::f,1,15 f,3,0 f,12,15 f,14,0 
184:2,1 0.001 0 -1 2,2 0.001 1 -1 1,1 0.001 0 -1 90.0263 395 2,14 0.001 1 -1 1,13 0.001 -1 1 1,14 0.001 -1 -1 71.03 350 14,1 0.001 0 -1 13,2 0.001 -1 -1 14,2 0.001 1 1 85.0382 380 13,13 0.001 -1 1 14,14 0.001 1 -1 15,12 0.001 1 -1 0.0742 80 ::f,1,15 f,3,0 f,12,15 f,14,0 
185:2,1 0.001 -1 -1 2,2 0.001 1 -1 1,1 0.001 -1 -1 90.0263 395 2,14 0.001 1 -1 1,13 0.001 -1 1 1,14 0.001 -1 0 71.03 350 14,1 0.001 0 -1 13,2 0.001 -1 -1 14,2 0.001 1 0 95.0383 395 13,13 0.001 -1 1 14,14 0.001 0 -1 15,12 0.001 1 -1 0.0742 80 ::f,1,15 f,3,0 f,12,15 f,15,1 
186:2,1 0.001 -1 -1 2,2 0.001 0 -1 1,1 0.001 -1 -1 90.0263 395 2,14 0.001 0 -1 1,13 0.001 0 1 1,14 0.001 -1 0 71.03 350 14,1 0.001 -1 -1 13,2 0.001 -1 0 14,2 0.001 1 0 95.0383 395 13,13 0.001 0 1 14,13 0.001 0 -1 15,12 0.001 1 -1 0.0752 80 ::f,1,15 f,3,0 f,12,15 f,15,1 
187:2,1 0.001 -1 0 2,2 0.001 0 -1 1,1 0.001 -1 0 90.0263 395 2,13 0.001 0 -1 1,13 0.001 0 1 1,14 0.001 -1 1 71.031 350 14,1 0.001 -1 -1 13,2 0.001 -1 0 14,2 0.001 1 -1 95.0383 395 13,14 0.001 0 1 14,13 0.001 0 -1 15,12 0.001 1 -1 0.0762 80 ::f,1,15 f,3,0 f,12,15 f,15,1 
188:2,1 0.001 -1 0 2,2 0.001 0 -1 1,1 0.001 -1 0 90.0263 395 2,13 0.001 0 -1 1,13 0.001 0 1 1,14 0.001 -1 1 71.031 350 14,1 0.001 -1 0 13,2 0.001 -1 1 14,2 0.001 1 -1 100.038 410 13,14 0.001 0 1 14,13 0.001 -1 -1 15,12 0.001 1 -1 0.0762 80 ::f,1,15 f,3,0 f,12,15 f,13,1 
189:2,1 0.001 -1 0 2,2 0.001 -1 -1 1,1 0.001 -1 1 90.0263 395 2,13 0.001 -1 -1 1,13 0.001 1 1 1,14 0.001 0 1 71.031 350 14,1 0.001 -1 0 13,2 0.001 -1 1 14,2 0.001 0 -1 100.038 410 13,14 0.001 1 1 14,13 0.001 -1 -1 15,12 0.001 1 -1 0.0762 80 ::f,1,15 f,3,0 f,12,15 f,13,1 
190:2,1 0.001 -1 1 2,2 0.001 -1 -1 1,1 0.001 -1 1 90.0263 395 2,13 0.001 -1 -1 1,13 0.001 1 1 1,14 0.001 0 1 81.0311 365 14,1 0.001 -1 0 13,2 0.001 0 1 14,2 0.001 0 -1 110.039 425 13,14 0.001 1 1 14,13 0.001 -1 0 15,12 0.001 1 -1 0.0762 80 ::f,1,12 f,3,0 f,12,15 f,13,3 
191:2,1 0.001 -1 1 2,2 0.001 -1 0 1,1 0.001 0 1 90.0263 395 2,13 0.001 -1 0 1,13 0.001 1 0 1,14 0.001 1 1 81.0311 365 14,1 0.001 -1 1 13,2 0.001 0 1 14,2 0.001 0 -1 115.039 440 13,14 0.001 1 0 13,13 0.001 -1 0 15,12 0.001 1 -1 0.0772 80 ::f,1,12 f,3,0 f,12,15 f,15,2 
192:2,1 0.001 0 1 2,2 0.001 -1 0 1,2 0.001 0 1 90.0273 395 2,13 0.001 -1 0 1,13 0.001 1 0 1,14 0.001 1 1 81.0311 365 14,1 0.001 -1 1 13,2 0.001 1 1 14,2 0.001 -1 -1 115.039 440 14,14 0.001 1 0 13,13 0.001 -1 0 15,12 0.001 1 -1 0.0782 80 ::f,1,12 f,3,0 f,12,15 f,15,2 
193:2,1 0.001 0 1 2,2 0.001 -1 1 1,2 0.001 0 1 90.0273 395 2,13 0.001 -1 0 1,13 0.001 1 -1 1,14 0.001 1 0 81.0311 365 14,1 0.001 0 1 13,2 0.001 1 1 14,2 0.001 -1 -1 115.039 440 14,14 0.001 1 0 13,13 0.001 -1 1 15,12 0.001 1 -1 0.0782 80 ::f,1,12 f,3,0 f,12,15 f,15,2 
194:2,1 0.001 1 1 2,2 0.001 -1 1 1,2 0.001 1 1 90.0273 395 2,13 0.001 -1 1 1,13 0.001 1 -1 2,14 0.001 1 0 81.0321 365 14,1 0.001 0 1 13,2 0.001 1 0 14,2 0.001 -1 0 115.039 440 14,14 0.001 1 -1 13,13 0.001 -1 1 15,12 0.001 1 -1 0.0782 80 ::f,1,12 f,3,0 f,12,15 f,15,2 
195:2,1 0.001 1 1 2,2 0.001 0 1 1,2 0.001 1 1 90.0273 395 2,13 0.001 -1 1 1,13 0.001 0 -1 2,14 0.001 1 0 81.0321 365 14,1 0.001 1 1 13,2 0.001 1 0 14,2 0.001 -1 0 115.039 440 14,14 0.001 1 -1 13,13 0.001 0 1 15,12 0.001 1 -1 0.0782 80 ::f,1,12 f,3,0 f,12,15 f,15,2 
196:2,1 0.001 1 0 2,2 0.001 0 1 1,2 0.001 1 0 90.0273 395 2,13 0.001 0 1 1,13 0.001 0 -1 2,14 0.001 1 -1 85.0322 380 14,1 0.001 1 1 13,2 0.001 1 0 14,2 0.001 -1 1 125.039 455 14,14 0.001 0 -1 13,14 0.001 0 1 15,12 0.001 1 -1 0.0792 80 ::f,3,0 f,3,14 f,12,15 f,13,1 
197:2,1 0.001 1 0 2,2 0.001 1 1 1,2 0.001 1 0 90.0273 395 2,13 0.001 0 1 1,13 0.001 -1 -1 2,14 0.001 1 -1 85.0322 380 14,1 0.001 1 0 13,2 0.001 1 -1 14,2 0.001 -1 1 125.039 455 14,13 0.001 0 -1 13,14 0.001 0 1 15,12 0.001 1 -1 0.0802 80 ::f,3,0 f,3,14 f,12,15 f,13,1 
198:2,1 0.001 1 -1 2,2 0.001 1 1 1,2 0.001 1 0 90.0273 395 2,13 0.001 1 1 1,13 0.001 -1 -1 2,14 0.001 0 -1 85.0322 380 14,1 0.001 1 0 13,2 0.001 1 -1 14,2 0.001 0 1 125.039 455 14,13 0.001 0 -1 13,14 0.001 1 1 15,12 0.001 1 -1 0.0802 80 ::f,3,0 f,3,14 f,12,15 f,13,1 
199:2,1 0.001 1 -1 2,2 0.001 1 0 1,2 0.001 1 -1 95.0274 410 2,13 0.001 1 1 1,13 0.001 -1 0 2,14 0.001 0 -1 90.0323 395 14,1 0.001 1 -1 13,2 0.001 0 -1 14,2 0.001 0 1 125.039 455 14,13 0.001 -1 -1 13,14 0.001 1 1 15,12 0.001 1 -1 0.0802 80 ::f,3,1 f,3,14 f,12,15 f,13,1 
200:2,1 0.001 0 -1 2,2 0.001 1 0 1,2 0.001 1 -1 95.0274 410 2,13 0.001 1 0 1,13 0.001 -1 0 2,14 0.001 0 -1 90.0323 395 14,1 0.001 1 -1 13,2 0.001 0 -1 14,2 0.001 1 1 131.039 470 14,13 0.001 -1 -1 13,14 0.001 1 0 15,12 0.001 1 -1 0.0802 80 ::f,3,1 f,3,14 f,12,15 f,13,0 
201:2,1 0.001 0 -1 2,2 0.001 1 -1 1,2 0.001 0 -1 95.0274 410 2,13 0.001 1 0 1,13 0.001 -1 1 2,14 0.001 -1 -1 90.0323 395 14,1 0.001 0 -1 13,1 0.001 0 -1 14,2 0.001 1 1 131.04 470 14,13 0.001 -1 0 14,14 0.001 1 0 15,12 0.001 1 -1 0.0812 80 ::f,3,1 f,3,14 f,12,15 f,13,0 
202:2,1 0.001 -1 -1 2,2 0.001 1 -1 1,2 0.001 0 -1 101.028 425 2,13 0.001 1 -1 1,13 0.001 -1 1 2,14 0.001 -1 -1 90.0323 395 14,1 0.001 0 -1 13,1 0.001 0 -1 14,2 0.001 1 0 138.04 485 13,13 0.001 -1 0 14,14 0.001 1 0 15,12 0.001 1 -1 0.0822 80 ::f,3,2 f,3,14 f,12,15 f,15,2 
203:2,1 0.001 -1 -1 2,2 0.001 0 -1 1,2 0.001 -1 -1 101.028 425 2,13 0.001 1 -1 1,13 0.001 0 1 2,14 0.001 -1 0 90.0323 395 14,1 0.001 -1 -1 13,1 0.001 -1 -1 14,2 0.001 1 0 144.04 500 13,13 0.001 -1 0 14,14 0.001 1 -1 15,12 0.001 1 -1 0.0822 80 ::f,3,2 f,3,14 f,12,2 f,12,15 
204:2,1 0.001 -1 0 2,2 0.001 0 -1 1,2 0.001 -1 -1 101.028 425 2,13 0.001 0 -1 1,14 0.001 0 1 2,14 0.001 -1 0 90.0333 395 14,1 0.001 -1 -1 13,1 0.001 -1 -1 14,2 0.001 1 -1 144.04 500 13,13 0.001 -1 1 14,14 0.001 1 -1 15,12 0.001 1 -1 0.0822 80 ::f,3,2 f,3,14 f,12,2 f,12,15 
205:1,1 0.001 -1 0 2,2 0.001 0 -1 1,2 0.001 -1 0 101.029 425 2,13 0.001 0 -1 1,14 0.001 0 1 2,14 0.001 -1 1 90.0333 395 14,1 0.001 -1 0 13,1 0.001 -1 0 14,2 0.001 1 -1 144.04 500 13,13 0.001 -1 1 14,14 0.001 0 -1 15,12 0.001 1 -1 0.0822 80 ::f,3,2 f,3,14 f,12,2 f,12,15 
206:1,1 0.001 -1 0 2,2 0.001 -1 -1 1,2 0.001 -1 0 101.029 425 2,13 0.001 -1 -1 1,14 0.001 1 1 2,14 0.001 -1 1 90.0333 395 14,1 0.001 -1 0 13,1 0.001 -1 0 14,2 0.001 0 -1 144.04 500 13,13 0.001 0 1 14,13 0.001 0 -1 15,12 0.001 1 -1 0.0832 80 ::f,3,2 f,3,14 f,12,2 f,12,15 
207:1,1 0.001 -1 1 2,2 0.001 -1 -1 1,2 0.001 -1 1 101.029 425 2,13 0.001 -1 -1 1,14 0.001 1 1 2,14 0.001 0 1 90.0333 395 14,1 0.001 -1 0 13,1 0.001 -1 1 14,2 0.001 0 -1 144.04 500 13,14 0.001 0 1 14,13 0.001 0 -1 15,12 0.001 1 -1 0.0842 80 ::f,3,2 f,3,14 f,12,2 f,12,15 
208:1,1 0.001 -1 1 2,2 0.001 -1 0 1,2 0.001 -1 1 101.029 425 2,13 0.001 -1 0 1,14 0.001 1 0 2,14 0.001 0 1 90.0333 395 14,1 0.001 -1 1 13,1 0.001 -1 1 14,2 0.001 0 -1 152.04 515 13,14 0.001 0 1 14,13 0.001 -1 -1 15,12 0.001 1 -1 0.0842 80 ::f,3,2 f,3,14 f,12,15 f,15,2 
209:1,1 0.001 0 1 2,2 0.001 -1 0 1,2 0.001 0 1 101.029 425 1,13 0.001 -1 0 1,14 0.001 1 0 2,14 0.001 1 1 90.0343 395 14,1 0.001 -1 1 13,1 0.001 0 1 14,2 0.001 -1 -1 152.04 515 13,14 0.001 1 1 14,13 0.001 -1 -1 15,12 0.001 1 -1 0.0842 80 ::f,3,2 f,3,14 f,12,15 f,15,2 
210:1,1 0.001 0 1 2,2 0.001 -1 1 1,2 0.001 0 1 101.029 425 1,13 0.001 -1 0 1,14 0.001 1 0 2,14 0.001 1 1 90.0343 395 14,1 0.001 0 1 13,2 0.001 0 1 14,2 0.001 -1 -1 152.041 515 13,14 0.001 1 1 14,13 0.001 -1 0 15,12 0.001 1 -1 0.0842 80 ::f,3,2 f,3,14 f,12,15 f,15,2 
211:1,1 0.001 0 1 2,2 0.001 -1 1 1,2 0.001 1 1 101.029 425 1,13 0.001 -1 1 1,14 0.001 1 -1 2,14 0.001 1 0 90.0343 395 14,1 0.001 0 1 13,2 0.001 0 1 14,2 0.001 -1 0 152.041 515 13,14 0.001 1 0 13,13 0.001 -1 0 15,12 0.001 1 -1 0.0852 80 ::f,3,2 f,3,14 f,12,15 f,15,2 
212:1,1 0.001 1 1 2,2 0.001 0 1 1,2 0.001 1 1 101.029 425 1,13 0.001 -1 1 1,14 0.001 1 -1 2,14 0.001 1 0 100.034 410 14,1 0.001 1 1 13,2 0.001 1 1 14,2 0.001 -1 0 152.041 515 14,14 0.001 1 0 13,13 0.001 -1 0 15,12 0.001 1 -1 0.0862 80 ::f,2,13 f,3,2 f,12,15 f,15,2 
213:1,1 0.001 1 1 2,2 0.001 0 1 1,2 0.001 1 0 101.029 425 1,13 0.001 0 1 1,14 0.001 0 -1 2,14 0.001 1 -1 100.034 410 14,1 0.001 1 1 13,2 0.001 1 1 14,2 0.001 -1 1 162.041 530 14,14 0.001 1 0 13,13 0.001 -1 1 15,12 0.001 1 -1 0.0862 80 ::f,2,13 f,3,2 f,12,0 f,12,15 
214:1,1 0.001 1 0 2,2 0.001 1 1 1,2 0.001 1 0 101.029 425 1,13 0.001 0 1 1,14 0.001 0 -1 2,14 0.001 1 -1 100.034 410 14,1 0.001 1 0 13,2 0.001 1 0 14,2 0.001 -1 1 162.041 530 14,14 0.001 1 -1 13,13 0.001 -1 1 15,12 0.001 1 -1 0.0862 80 ::f,2,13 f,3,2 f,12,0 f,12,15 
215:1,1 0.001 1 0 2,2 0.001 1 1 1,2 0.001 1 0 101.029 425 1,13 0.001 0 1 1,14 0.001 -1 -1 2,14 0.001 0 -1 100.034 410 14,1 0.001 1 0 13,2 0.001 1 0 14,2 0.001 0 1 162.041 530 14,14 0.001 1 -1 13,13 0.001 0 1 15,12 0.001 1 -1 0.0862 80 ::f,2,13 f,3,2 f,12,0 f,12,15 
216:1,1 0.001 1 -1 2,2 0.001 1 0 1,2 0.001 1 -1 101.029 425 1,13 0.001 1 1 1,14 0.001 -1 -1 2,14 0.001 0 -1 100.034 410 14,1 0.001 1 -1 13,2 0.001 1 0 14,2 0.001 0 1 162.041 530 14,14 0.001 0 -1 13,14 0.001 0 1 15,12 0.001 1 -1 0.0872 80 ::f,2,13 f,3,2 f,12,0 f,12,15 
217:1,1 0.001 1 -1 2,2 0.001 1 0 1,2 0.001 1 -1 108.029 440 1,13 0.001 1 1 1,14 0.001 -1 0 2,14 0.001 0 -1 110.035 425 14,1 0.001 1 -1 13,2 0.001 1 -1 14,2 0.001 1 1 162.041 530 14,13 0.001 0 -1 13,14 0.001 0 1 15,12 0.001 1 -1 0.0882 80 ::f,0,12 f,3,1 f,12,0 f,12,15 
218:1,1 0.001 0 -1 2,2 0.001 1 -1 1,2 0.001 0 -1 108.029 440 1,13 0.001 1 0 1,14 0.001 -1 0 2,14 0.001 -1 -1 110.035 425 14,1 0.001 0 -1 13,2 0.001 1 -1 14,2 0.001 1 1 162.041 530 14,13 0.001 0 -1 13,14 0.001 1 1 15,12 0.001 1 -1 0.0882 80 ::f,0,12 f,3,1 f,12,0 f,12,15 
219:1,1 0.001 0 -1 2,2 0.001 1 -1 1,2 0.001 0 -1 116.029 455 1,13 0.001 1 0 1,14 0.001 -1 1 2,14 0.001 -1 -1 110.035 425 14,1 0.001 0 -1 13,2 0.001 0 -1 14,2 0.001 1 0 162.041 530 14,13 0.001 -1 -1 13,14 0.001 1 1 15,12 0.001 1 -1 0.0882 80 ::f,0,12 f,1,3 f,12,0 f,12,15 
220:1,1 0.001 -1 -1 2,2 0.001 0 -1 1,2 0.001 -1 -1 116.029 455 1,13 0.001 1 -1 1,14 0.001 -1 1 2,14 0.001 -1 -1 110.035 425 14,1 0.001 -1 -1 13,2 0.001 0 -1 14,2 0.001 1 0 162.041 530 14,13 0.001 -1 -1 13,14 0.001 1 0 15,12 0.001 1 -1 0.0882 80 ::f,0,12 f,1,3 f,12,0 f,12,15 
221:1,1 0.001 -1 -1 2,1 0.001 0 -1 1,2 0.001 -1 -1 116.03 455 1,13 0.001 1 -1 1,14 0.001 0 1 2,14 0.001 -1 0 110.035 425 14,1 0.001 -1 -1 13,2 0.001 -1 -1 14,2 0.001 1 -1 162.041 530 14,13 0.001 -1 0 14,14 0.001 1 0 15,12 0.001 1 -1 0.0892 80 ::f,0,12 f,1,3 f,12,0 f,12,15 
222:1,1 0.001 -1 0 2,1 0.001 0 -1 1,2 0.001 -1 0 116.03 455 1,13 0.001 0 -1 1,14 0.001 0 1 2,14 0.001 -1 0 110.035 425 14,1 0.001 -1 0 13,2 0.001 -1 -1 14,2 0.001 1 -1 162.041 530 13,13 0.001 -1 0 14,14 0.001 1 0 15,12 0.001 1 -1 0.0902 80 ::f,0,12 f,1,3 f,12,0 f,12,15 
223:1,1 0.001 -1 0 2,1 0.001 -1 -1 1,2 0.001 -1 0 116.03 455 1,13 0.001 0 -1 1,14 0.001 1 1 2,14 0.001 -1 1 110.035 425 13,1 0.001 -1 0 13,2 0.001 -1 0 14,2 0.001 0 -1 162.042 530 13,13 0.001 -1 0 14,14 0.001 1 -1 15,12 0.001 1 -1 0.0902 80 ::f,0,12 f,1,3 f,12,0 f,12,15 
224:1,1 0.001 -1 1 2,1 0.001 -1 -1 1,2 0.001 -1 1 116.03 455 1,13 0.001 -1 -1 1,14 0.001 1 1 2,14 0.001 -1 1 110.035 425 13,1 0.001 -1 0 13,2 0.001 -1 0 14,1 0.001 0 -1 162.043 530 13,13 0.001 -1 1 14,14 0.001 1 -1 15,12 0.001 1 -1 0.0902 80 ::f,0,12 f,1,3 f,12,0 f,12,15 
225:1,1 0.001 -1 1 2,1 0.001 -1 0 1,2 0.001 -1 1 116.03 455 1,13 0.001 -1 -1 1,14 0.001 1 0 2,14 0.001 0 1 116.035 440 13,1 0.001 -1 1 13,2 0.001 -1 1 14,1 0.001 0 -1 162.043 530 13,13 0.001 -1 1 14,14 0.001 0 -1 15,12 0.001 1 -1 0.0902 80 ::f,1,3 f,1,15 f,12,0 f,12,15 
226:1,1 0.001 0 1 2,1 0.001 -1 0 1,2 0.001 0 1 116.03 455 1,13 0.001 -1 0 1,14 0.001 1 0 2,14 0.001 0 1 116.035 440 13,1 0.001 -1 1 13,2 0.001 -1 1 14,1 0.001 -1 -1 162.043 530 13,13 0.001 0 1 14,13 0.001 0 -1 15,12 0.001 1 -1 0.0912 80 ::f,1,3 f,1,15 f,12,0 f,12,15 
227:1,1 0.001 0 1 2,1 0.001 -1 0 1,2 0.001 0 1 126.03 470 1,13 0.001 -1 0 1,14 0.001 1 0 2,14 0.001 1 1 116.035 440 13,1 0.001 0 1 13,2 0.001 0 1 14,1 0.001 -1 -1 162.043 530 13,14 0.001 0 1 14,13 0.001 0 -1 15,12 0.001 1 -1 0.0922 80 ::f,1,15 f,3,2 f,12,0 f,12,15 
228:1,1 0.001 0 1 2,1 0.001 -1 1 1,2 0.001 1 1 126.03 470 1,13 0.001 -1 1 1,14 0.001 1 -1 2,14 0.001 1 1 116.035 440 13,1 0.001 0 1 13,2 0.001 0 1 14,1 0.001 -1 0 162.043 530 13,14 0.001 0 1 14,13 0.001 -1 -1 15,12 0.001 1 -1 0.0922 80 ::f,1,15 f,3,2 f,12,0 f,12,15 
229:1,1 0.001 1 1 2,1 0.001 -1 1 1,2 0.001 1 1 126.03 470 1,13 0.001 -1 1 1,14 0.001 1 -1 2,14 0.001 1 0 116.035 440 13,1 0.001 0 1 13,2 0.001 1 1 14,1 0.001 -1 0 162.043 530 13,14 0.001 1 1 14,13 0.001 -1 -1 15,12 0.001 1 -1 0.0922 80 ::f,1,15 f,3,2 f,12,0 f,12,15 
230:1,1 0.001 1 1 2,1 0.001 0 1 1,2 0.001 1 0 126.03 470 1,13 0.001 0 1 1,14 0.001 0 -1 2,14 0.001 1 0 116.035 440 13,1 0.001 1 1 13,2 0.001 1 1 14,1 0.001 -1 0 162.043 530 13,14 0.001 1 1 14,13 0.001 -1 0 15,12 0.001 1 -1 0.0922 80 ::f,1,15 f,3,2 f,12,0 f,12,15 
231:1,1 0.001 1 0 2,1 0.001 0 1 2,2 0.001 1 0 126.031 470 1,13 0.001 0 1 1,14 0.001 0 -1 2,14 0.001 1 -1 116.035 440 13,1 0.001 1 1 13,2 0.001 1 0 14,1 0.001 -1 1 162.043 530 13,14 0.001 1 0 13,13 0.001 -1 0 15,12 0.001 1 -1 0.0932 80 ::f,1,15 f,3,2 f,12,0 f,12,15 
232:1,1 0.001 1 0 2,1 0.001 1 1 2,2 0.001 1 0 136.031 485 1,13 0.001 0 1 1,14 0.001 -1 -1 2,14 0.001 1 -1 116.035 440 13,1 0.001 1 0 14,2 0.001 1 0 14,1 0.001 -1 1 162.044 530 14,14 0.001 1 0 13,13 0.001 -1 0 15,12 0.001 1 -1 0.0942 80 ::f,1,3 f,1,15 f,12,0 f,12,15 
233:1,1 0.001 1 -1 2,1 0.001 1 1 2,2 0.001 1 -1 136.031 485 1,13 0.001 1 1 1,14 0.001 -1 -1 2,14 0.001 0 -1 116.035 440 13,1 0.001 1 0 14,2 0.001 1 0 14,1 0.001 0 1 162.044 530 14,14 0.001 1 0 13,13 0.001 -1 1 15,12 0.001 1 -1 0.0942 80 ::f,1,3 f,1,15 f,12,0 f,12,15 
234:1,1 0.001 1 -1 2,1 0.001 1 0 2,2 0.001 1 -1 136.031 485 1,13 0.001 1 1 1,14 0.001 -1 0 2,13 0.001 0 -1 116.036 440 13,1 0.001 1 -1 14,2 0.001 1 -1 14,1 0.001 0 1 162.044 530 14,14 0.001 1 -1 13,13 0.001 -1 1 15,12 0.001 1 -1 0.0942 80 ::f,1,3 f,1,15 f,12,0 f,12,15 
235:1,1 0.001 0 -1 2,1 0.001 1 0 2,2 0.001 0 -1 136.031 485 1,13 0.001 1 0 1,14 0.001 -1 0 2,13 0.001 0 -1 116.036 440 13,1 0.001 1 -1 14,2 0.001 1 -1 14,1 0.001 1 1 162.044 530 14,14 0.001 1 -1 13,13 0.001 0 1 15,12 0.001 1 -1 0.0942 80 ::f,1,3 f,1,15 f,12,0 f,12,15 
236:1,1 0.001 0 -1 2,1 0.001 1 -1 2,2 0.001 0 -1 136.031 485 1,13 0.001 1 0 1,14 0.001 -1 1 2,13 0.001 -1 -1 116.036 440 13,1 0.001 0 -1 14,2 0.001 0 -1 14,1 0.001 1 1 162.044 530 14,14 0.001 0 -1 13,14 0.001 0 1 15,12 0.001 1 -1 0.0952 80 ::f,1,3 f,1,15 f,12,0 f,12,15 
237:1,1 0.001 -1 -1 2,1 0.001 1 -1 2,2 0.001 0 -1 136.031 485 1,13 0.001 1 -1 1,14 0.001 -1 1 2,13 0.001 -1 -1 116.036 440 13,1 0.001 0 -1 14,2 0.001 0 -1 14,1 0.001 1 0 162.044 530 14,13 0.001 0 -1 13,14 0.001 0 1 15,12 0.001 1 -1 0.0962 80 ::f,1,3 f,1,15 f,12,0 f,12,15 
238:1,1 0.001 -1 -1 2,1 0.001 0 -1 2,2 0.001 -1 -1 136.031 485 1,13 0.001 1 -1 1,14 0.001 0 1 2,13 0.001 -1 0 116.036 440 13,1 0.001 -1 -1 14,2 0.001 0 -1 14,1 0.001 1 0 162.044 530 14,13 0.001 0 -1 13,14 0.001 1 1 15,12 0.001 1 -1 0.0962 80 ::f,1,3 f,1,15 f,12,0 f,12,15 
239:1,1 0.001 -1 0 2,1 0.001 0 -1 2,2 0.001 -1 -1 136.031 485 1,13 0.001 0 -1 1,14 0.001 0 1 2,13 0.001 -1 0 121.036 455 13,1 0.001 -1 -1 14,2 0.001 0 -1 14,1 0.001 1 -1 172.044 545 14,13 0.001 -1 -1 13,14 0.001 1 1 15,12 0.001 1 -1 0.0962 80 ::f,1,3 f,3,15 f,12,15 f,14,0 
240:1,1 0.001 -1 0 2,1 0.001 -1 -1 2,2 0.001 -1 0 136.031 485 1,13 0.001 0 -1 1,14 0.001 1 1 2,13 0.001 -1 0 121.036 455 13,1 0.001 -1 0 14,2 0.001 0 -1 14,1 0.001 1 -1 172.044 545 14,13 0.001 -1 -1 13,14 0.001 1 0 15,12 0.001 1 -1 0.0962 80 ::f,1,3 f,3,15 f,12,15 f,14,0 
241:1,1 0.001 -1 1 2,1 0.001 -1 -1 2,2 0.001 -1 0 136.031 485 1,13 0.001 -1 -1 1,14 0.001 1 1 2,13 0.001 -1 1 121.036 455 13,1 0.001 -1 0 14,2 0.001 -1 -1 14,1 0.001 0 -1 172.044 545 14,13 0.001 -1 0 14,14 0.001 1 0 15,12 0.001 1 -1 0.0972 80 ::f,1,3 f,3,15 f,12,15 f,14,0 
242:1,1 0.001 -1 1 2,1 0.001 -1 0 2,2 0.001 -1 1 136.031 485 1,13 0.001 -1 -1 1,14 0.001 1 0 2,13 0.001 -1 1 121.036 455 13,1 0.001 -1 1 14,2 0.001 -1 -1 14,1 0.001 0 -1 179.044 560 13,13 0.001 -1 0 14,14 0.001 1 0 15,12 0.001 1 -1 0.0982 80 ::f,1,3 f,3,15 f,12,15 f,15,1 
243:1,1 0.001 0 1 2,1 0.001 -1 0 2,2 0.001 -1 1 146.031 500 1,13 0.001 -1 0 2,14 0.001 1 0 2,13 0.001 0 1 121.037 455 13,1 0.001 -1 1 14,2 0.001 -1 0 14,1 0.001 -1 -1 179.044 560 13,13 0.001 -1 0 14,14 0.001 1 -1 15,12 0.001 1 -1 0.0982 80 ::f,3,1 f,3,15 f,12,15 f,15,1 
244:1,2 0.001 0 1 2,1 0.001 -1 0 2,2 0.001 0 1 146.032 500 1,13 0.001 -1 0 2,14 0.001 1 0 2,13 0.001 0 1 121.037 455 13,1 0.001 0 1 14,2 0.001 -1 0 14,1 0.001 -1 -1 179.044 560 13,13 0.001 -1 1 14,14 0.001 1 -1 15,12 0.001 1 -1 0.0982 80 ::f,3,1 f,3,15 f,12,15 f,15,1 
245:1,2 0.001 0 1 2,1 0.001 -1 1 2,2 0.001 0 1 146.032 500 1,13 0.001 -1 1 2,14 0.001 1 -1 2,13 0.001 1 1 121.037 455 13,2 0.001 0 1 14,2 0.001 -1 1 14,1 0.001 -1 0 179.045 560 13,13 0.001 -1 1 14,14 0.001 0 -1 15,12 0.001 1 -1 0.0982 80 ::f,3,1 f,3,15 f,12,15 f,15,1 
246:1,2 0.001 1 1 2,1 0.001 -1 1 2,2 0.001 1 1 146.032 500 1,13 0.001 -1 1 2,14 0.001 1 -1 2,13 0.001 1 1 121.037 455 13,2 0.001 0 1 14,2 0.001 -1 1 13,1 0.001 -1 0 179.046 560 13,13 0.001 0 1 14,13 0.001 0 -1 15,12 0.001 1 -1 0.0992 80 ::f,3,1 f,3,15 f,12,15 f,15,1 
247:1,2 0.001 1 1 2,1 0.001 0 1 2,2 0.001 1 1 146.032 500 1,13 0.001 0 1 2,14 0.001 0 -1 2,13 0.001 1 0 121.037 455 13,2 0.001 1 1 14,2 0.001 0 1 13,1 0.001 -1 0 179.046 560 13,14 0.001 0 1 14,13 0.001 0 -1 15,12 0.001 1 -1 0.1002 80 ::f,3,1 f,3,15 f,12,15 f,15,1 
248:1,2 0.001 1 0 2,1 0.001 0 1 2,2 0.001 1 0 146.032 500 1,14 0.001 0 1 2,14 0.001 0 -1 2,13 0.001 1 0 121.038 455 13,2 0.001 1 1 14,2 0.001 0 1 13,1 0.001 -1 1 179.046 560 13,14 0.001 0 1 14,13 0.001 -1 -1 15,12 0.001 1 -1 0.1002 80 ::f,3,1 f,3,15 f,12,15 f,15,1 
249:1,2 0.001 1 0 2,1 0.001 1 1 2,2 0.001 1 0 146.032 500 1,14 0.001 0 1 2,14 0.001 0 -1 2,13 0.001 1 -1 121.038 455 13,2 0.001 1 0 14,2 0.001 1 1 13,1 0.001 -1 1 179.046 560 13,14 0.001 1 1 14,13 0.001 -1 -1 15,12 0.001 1 -1 0.1002 80 ::f,3,1 f,3,15 f,12,15 f,15,1 
250:1,2 0.001 1 0 2,1 0.001 1 1 2,2 0.001 1 -1 146.032 500 1,14 0.001 1 1 2,14 0.001 -1 -1 2,13 0.001 1 -1 121.038 455 13,2 0.001 1 0 14,2 0.001 1 1 13,1 0.001 0 1 179.046 560 13,14 0.001 1 1 14,13 0.001 -1 0 15,12 0.001 1 -1 0.1002 80 ::f,3,1 f,3,15 f,12,15 f,15,1 
251:1,2 0.001 1 -1 2,1 0.001 1 0 2,2 0.001 1 -1 156.032 515 1,14 0.001 1 1 2,14 0.001 -1 -1 2,13 0.001 0 -1 121.038 455 13,2 0.001 1 0 14,2 0.001 1 0 13,1 0.001 0 1 179.046 560 13,14 0.001 1 0 13,13 0.001 -1 0 15,12 0.001 1 -1 0.1012 80 ::f,0,1 f,3,15 f,12,15 f,15,1 
252:1,2 0.001 1 -1 2,1 0.001 1 0 2,2 0.001 0 -1 156.032 515 1,14 0.001 1 0 2,14 0.001 -1 0 2,13 0.001 0 -1 121.038 455 13,2 0.001 1 -1 14,2 0.001 1 0 13,1 0.001 0 1 179.046 560 14,14 0.001 1 0 13,13 0.001 -1 0 15,12 0.001 1 -1 0.1022 80 ::f,0,1 f,3,15 f,12,15 f,15,1 
253:1,2 0.001 0 -1 2,1 0.001 1 -1 2,2 0.001 0 -1 156.032 515 1,14 0.001 1 0 2,14 0.001 -1 0 2,13 0.001 -1 -1 121.038 455 13,2 0.001 1 -1 14,2 0.001 1 -1 13,1 0.001 1 1 179.046 560 14,14 0.001 1 0 13,13 0.001 -1 1 15,12 0.001 1 -1 0.1022 80 ::f,0,1 f,3,15 f,12,15 f,15,1 
254:1,2 0.001 0 -1 2,1 0.001 1 -1 2,2 0.001 0 -1 156.032 515 1,14 0.001 1 0 2,14 0.001 -1 1 2,13 0.001 -1 -1 121.038 455 13,2 0.001 0 -1 14,2 0.001 1 -1 13,1 0.001 1 1 188.047 575 14,14 0.001 1 -1 13,13 0.001 -1 1 15,12 0.001 1 -1 0.1022 80 ::f,0,1 f,3,15 f,12,2 f,12,15 
255:1,2 0.001 -1 -1 2,1 0.001 0 -1 2,2 0.001 -1 -1 156.032 515 1,14 0.001 1 -1 2,14 0.001 -1 1 2,13 0.001 -1 0 121.038 455 13,2 0.001 0 -1 14,2 0.001 0 -1 13,1 0.001 1 0 188.047 575 14,14 0.001 1 -1 13,13 0.001 0 1 15,12 0.001 1 -1 0.1022 80 ::f,0,1 f,3,15 f,12,2 f,12,15 
256:1,2 0.001 -1 -1 2,1 0.001 0 -1 2,2 0.001 -1 -1 162.032 530 1,14 0.001 1 -1 2,14 0.001 0 1 1,13 0.001 -1 0 121.039 455 13,2 0.001 -1 -1 14,1 0.001 0 -1 13,1 0.001 1 0 188.048 575 14,14 0.001 0 -1 13,14 0.001 0 1 15,12 0.001 1 -1 0.1032 80 ::f,3,1 f,3,15 f,12,2 f,12,15 
257:1,2 0.001 -1 0 2,1 0.001 -1 -1 2,2 0.001 -1 0 162.032 530 1,14 0.001 0 -1 2,14 0.001 0 1 1,13 0.001 -1 0 121.039 455 13,2 0.001 -1 -1 14,1 0.001 0 -1 13,1 0.001 1 -1 188.048 575 14,13 0.001 0 -1 13,14 0.001 0 1 15,12 0.001 1 -1 0.1042 80 ::f,3,1 f,3,15 f,12,2 f,12,15 
258:1,2 0.001 -1 0 2,1 0.001 -1 -1 2,2 0.001 -1 0 162.032 530 1,14 0.001 0 -1 2,14 0.001 1 1 1,13 0.001 -1 1 121.039 455 13,2 0.001 -1 0 14,1 0.001 -1 -1 13,1 0.001 1 -1 188.048 575 14,13 0.001 0 -1 13,14 0.001 1 1 15,12 0.001 1 -1 0.1042 80 ::f,3,1 f,3,15 f,12,2 f,12,15 
259:1,2 0.001 -1 1 2,1 0.001 -1 0 2,2 0.001 -1 1 162.032 530 1,14 0.001 -1 -1 2,14 0.001 1 1 1,13 0.001 -1 1 127.039 470 13,2 0.001 -1 0 14,1 0.001 -1 -1 13,1 0.001 0 -1 198.048 590 14,13 0.001 -1 -1 13,14 0.001 1 1 15,12 0.001 1 -1 0.1042 80 ::f,2,12 f,3,1 f,12,1 f,12,15 
260:1,2 0.001 -1 1 1,1 0.001 -1 0 2,2 0.001 -1 1 162.033 530 1,14 0.001 -1 -1 2,14 0.001 1 0 1,13 0.001 0 1 127.039 470 13,2 0.001 -1 1 14,1 0.001 -1 0 13,1 0.001 0 -1 198.048 590 14,13 0.001 -1 -1 13,14 0.001 1 0 15,12 0.001 1 -1 0.1042 80 ::f,2,12 f,3,1 f,12,1 f,12,15 
261:1,2 0.001 0 1 1,1 0.001 -1 0 2,2 0.001 0 1 162.033 530 1,14 0.001 -1 0 2,14 0.001 1 0 1,13 0.001 0 1 127.039 470 13,2 0.001 -1 1 14,1 0.001 -1 0 13,1 0.001 -1 -1 198.048 590 14,13 0.001 -1 0 14,14 0.001 1 0 15,12 0.001 1 -1 0.1052 80 ::f,2,12 f,3,1 f,12,1 f,12,15 
262:1,2 0.001 0 1 1,1 0.001 -1 1 2,2 0.001 0 1 162.033 530 1,14 0.001 -1 0 2,14 0.001 1 -1 1,13 0.001 0 1 127.039 470 13,2 0.001 0 1 14,1 0.001 -1 0 13,1 0.001 -1 -1 198.048 590 13,13 0.001 -1 0 14,14 0.001 1 0 15,12 0.001 1 -1 0.1062 80 ::f,2,12 f,3,1 f,12,1 f,12,15 
263:1,2 0.001 1 1 1,1 0.001 -1 1 2,2 0.001 1 1 162.033 530 1,14 0.001 -1 1 2,14 0.001 1 -1 1,13 0.001 1 1 127.039 470 13,2 0.001 0 1 14,1 0.001 -1 1 13,1 0.001 -1 0 198.048 590 13,13 0.001 -1 0 14,14 0.001 1 -1 15,12 0.001 1 -1 0.1062 80 ::f,2,12 f,3,1 f,12,1 f,12,15 
264:1,2 0.001 1 1 1,1 0.001 0 1 2,2 0.001 1 1 162.033 530 1,14 0.001 -1 1 2,14 0.001 0 -1 1,13 0.001 1 1 127.039 470 13,2 0.001 1 1 14,1 0.001 -1 1 13,1 0.001 -1 0 206.048 605 13,13 0.001 -1 1 14,14 0.001 1 -1 15,12 0.001 1 -1 0.1062 80 ::f,2,12 f,3,1 f,12,2 f,12,15 
265:1,2 0.001 1 0 1,1 0.001 0 1 2,2 0.001 1 0 162.033 530 1,14 0.001 0 1 2,13 0.001 0 -1 1,13 0.001 1 0 127.04 470 13,2 0.001 1 1 14,1 0.001 0 1 13,1 0.001 -1 1 206.048 605 13,13 0.001 -1 1 14,14 0.001 0 -1 15,12 0.001 1 -1 0.1062 80 ::f,2,12 f,3,1 f,12,2 f,12,15 
266:1,2 0.001 1 0 1,1 0.001 0 1 2,2 0.001 1 0 162.033 530 1,14 0.001 0 1 2,13 0.001 0 -1 1,13 0.001 1 0 134.04 485 13,2 0.001 1 0 14,1 0.001 0 1 13,1 0.001 -1 1 215.048 620 13,13 0.001 0 1 14,13 0.001 0 -1 15,12 0.001 1 -1 0.1072 80 ::f,3,1 f,3,12 f,12,15 f,14,0 
267:1,2 0.001 1 0 1,1 0.001 1 1 2,2 0.001 1 -1 162.033 530 1,14 0.001 1 1 2,13 0.001 -1 -1 1,13 0.001 1 -1 134.04 485 14,2 0.001 1 0 14,1 0.001 1 1 13,1 0.001 0 1 215.049 620 13,14 0.001 0 1 14,13 0.001 0 -1 15,12 0.001 1 -1 0.1082 80 ::f,3,1 f,3,12 f,12,15 f,14,0 
268:1,2 0.001 1 -1 1,1 0.001 1 1 2,2 0.001 1 -1 172.033 545 1,14 0.001 1 1 2,13 0.001 -1 -1 1,13 0.001 1 -1 134.04 485 14,2 0.001 1 0 14,1 0.001 1 1 13,2 0.001 0 1 215.05 620 13,14 0.001 0 1 14,13 0.001 -1 -1 15,12 0.001 1 -1 0.1082 80 ::f,1,0 f,3,12 f,12,15 f,14,0 
269:1,2 0.001 1 -1 1,1 0.001 1 0 2,2 0.001 0 -1 172.033 545 1,14 0.001 1 0 2,13 0.001 -1 0 1,13 0.001 0 -1 134.04 485 14,2 0.001 1 -1 14,1 0.001 1 0 13,2 0.001 0 1 215.05 620 13,14 0.001 1 1 14,13 0.001 -1 -1 15,12 0.001 1 -1 0.1082 80 ::f,1,0 f,3,12 f,12,15 f,14,0 
270:1,2 0.001 0 -1 1,1 0.001 1 0 2,1 0.001 0 -1 172.034 545 2,14 0.001 1 0 2,13 0.001 -1 0 1,13 0.001 0 -1 134.041 485 14,2 0.001 1 -1 14,1 0.001 1 0 13,2 0.001 1 1 215.05 620 13,14 0.001 1 1 14,13 0.001 -1 0 15,12 0.001 1 -1 0.1082 80 ::f,1,0 f,3,12 f,12,15 f,14,0 
271:1,2 0.001 0 -1 1,1 0.001 1 -1 2,1 0.001 0 -1 172.034 545 2,14 0.001 1 0 2,13 0.001 -1 0 1,13 0.001 -1 -1 134.041 485 14,2 0.001 0 -1 14,1 0.001 1 -1 13,2 0.001 1 1 215.05 620 13,14 0.001 1 0 13,13 0.001 -1 0 15,12 0.001 1 -1 0.1092 80 ::f,1,0 f,3,12 f,12,15 f,14,0 
272:1,2 0.001 0 -1 1,1 0.001 1 -1 2,1 0.001 -1 -1 172.034 545 2,14 0.001 1 -1 2,13 0.001 -1 1 1,13 0.001 -1 -1 134.041 485 14,2 0.001 0 -1 14,1 0.001 1 -1 13,2 0.001 1 0 215.05 620 14,14 0.001 1 0 13,13 0.001 -1 0 15,12 0.001 1 -1 0.1102 80 ::f,1,0 f,3,12 f,12,15 f,14,0 
273:1,2 0.001 -1 -1 1,1 0.001 0 -1 2,1 0.001 -1 -1 182.034 560 2,14 0.001 1 -1 2,13 0.001 -1 1 1,13 0.001 -1 0 134.041 485 14,2 0.001 0 -1 14,1 0.001 0 -1 13,2 0.001 1 0 215.05 620 14,14 0.001 1 0 13,13 0.001 -1 1 15,12 0.001 1 -1 0.1102 80 ::f,1,0 f,3,12 f,12,15 f,14,0 
274:1,2 0.001 -1 -1 1,1 0.001 0 -1 2,1 0.001 -1 0 191.035 575 2,14 0.001 0 -1 2,13 0.001 0 1 1,13 0.001 -1 0 134.041 485 14,2 0.001 -1 -1 14,1 0.001 0 -1 13,2 0.001 1 0 225.05 635 14,14 0.001 1 -1 13,13 0.001 -1 1 15,12 0.001 1 -1 0.1102 80 ::f,0,2 f,3,12 f,12,15 f,13,0 
275:1,2 0.001 -1 0 1,1 0.001 -1 -1 2,1 0.001 -1 0 191.035 575 2,14 0.001 0 -1 2,13 0.001 0 1 1,13 0.001 -1 1 134.041 485 14,2 0.001 -1 -1 14,1 0.001 -1 -1 13,2 0.001 1 -1 225.05 635 14,14 0.001 1 -1 13,13 0.001 0 1 15,12 0.001 1 -1 0.1102 80 ::f,0,2 f,3,12 f,12,15 f,13,0 
276:1,2 0.001 -1 0 1,1 0.001 -1 -1 2,1 0.001 -1 0 198.035 590 2,14 0.001 0 -1 2,13 0.001 1 1 1,13 0.001 -1 1 134.041 485 14,2 0.001 -1 0 14,1 0.001 -1 -1 13,2 0.001 1 -1 235.05 650 14,14 0.001 0 -1 13,14 0.001 0 1 15,12 0.001 1 -1 0.1112 80 ::f,0,1 f,3,12 f,12,15 f,13,3 
277:1,2 0.001 -1 1 1,1 0.001 -1 0 2,1 0.001 -1 0 198.035 590 2,14 0.001 -1 -1 2,13 0.001 1 1 1,13 0.001 0 1 134.041 485 14,2 0.001 -1 0 14,1 0.001 -1 0 13,2 0.001 0 -1 235.05 650 14,13 0.001 0 -1 13,14 0.001 0 1 15,12 0.001 1 -1 0.1122 80 ::f,0,1 f,3,12 f,12,15 f,13,3 
278:1,2 0.001 -1 1 1,1 0.001 -1 0 2,1 0.001 -1 1 208.035 605 2,14 0.001 -1 -1 2,13 0.001 1 0 1,14 0.001 0 1 134.042 485 14,2 0.001 -1 1 13,1 0.001 -1 0 13,2 0.001 0 -1 235.051 650 14,13 0.001 0 -1 13,14 0.001 1 1 15,12 0.001 1 -1 0.1122 80 ::f,0,1 f,3,12 f,12,15 f,13,3 
279:1,2 0.001 0 1 1,1 0.001 -1 1 2,1 0.001 -1 1 208.035 605 2,14 0.001 -1 0 2,13 0.001 1 0 1,14 0.001 0 1 134.042 485 14,2 0.001 -1 1 13,1 0.001 -1 0 13,2 0.001 0 -1 245.051 665 14,13 0.001 -1 -1 13,14 0.001 1 1 15,12 0.001 1 -1 0.1122 80 ::f,0,1 f,3,12 f,12,15 f,13,0 
280:1,2 0.001 0 1 1,1 0.001 -1 1 2,1 0.001 0 1 208.035 605 2,14 0.001 -1 0 2,13 0.001 1 -1 1,14 0.001 1 1 134.042 485 14,2 0.001 0 1 13,1 0.001 -1 1 13,2 0.001 0 -1 245.051 665 14,13 0.001 -1 -1 13,14 0.001 1 0 15,12 0.001 1 -1 0.1122 80 ::f,0,1 f,3,12 f,12,15 f,13,0 
281:1,2 0.001 1 1 1,1 0.001 0 1 2,1 0.001 0 1 208.035 605 2,14 0.001 -1 1 2,13 0.001 1 -1 1,14 0.001 1 1 142.042 500 14,2 0.001 0 1 13,1 0.001 -1 1 13,2 0.001 -1 -1 245.051 665 14,13 0.001 -1 0 14,14 0.001 1 0 15,12 0.001 1 -1 0.1132 80 ::f,0,1 f,1,13 f,12,15 f,13,0 
282:1,2 0.001 1 1 1,1 0.001 0 1 2,1 0.001 1 1 208.035 605 2,14 0.001 -1 1 2,13 0.001 0 -1 1,14 0.001 1 0 142.042 500 14,2 0.001 1 1 13,1 0.001 0 1 13,2 0.001 -1 -1 245.051 665 13,13 0.001 -1 0 14,14 0.001 1 0 15,12 0.001 1 -1 0.1142 80 ::f,0,1 f,1,13 f,12,15 f,13,0 
283:1,2 0.001 1 0 1,1 0.001 0 1 2,1 0.001 1 1 208.035 605 2,14 0.001 0 1 2,13 0.001 0 -1 1,14 0.001 1 0 142.042 500 14,2 0.001 1 1 13,1 0.001 0 1 13,2 0.001 -1 0 245.051 665 13,13 0.001 -1 0 14,14 0.001 1 -1 15,12 0.001 1 -1 0.1142 80 ::f,0,1 f,1,13 f,12,15 f,13,0 
284:2,2 0.001 1 0 1,1 0.001 1 1 2,1 0.001 1 0 208.036 605 2,14 0.001 0 1 2,13 0.001 -1 -1 1,14 0.001 1 0 142.042 500 14,2 0.001 1 0 13,1 0.001 0 1 13,2 0.001 -1 0 245.051 665 13,13 0.001 -1 1 14,14 0.001 1 -1 15,12 0.001 1 -1 0.1142 80 ::f,0,1 f,1,13 f,12,15 f,13,0 
285:2,2 0.001 1 0 1,1 0.001 1 1 2,1 0.001 1 0 208.036 605 2,14 0.001 1 1 2,13 0.001 -1 -1 1,14 0.001 1 -1 142.042 500 14,2 0.001 1 0 13,1 0.001 1 1 13,2 0.001 -1 1 245.051 665 13,13 0.001 -1 1 14,14 0.001 0 -1 15,12 0.001 1 -1 0.1142 80 ::f,0,1 f,1,13 f,12,15 f,13,0 
286:2,2 0.001 1 -1 1,1 0.001 1 0 2,1 0.001 1 -1 208.036 605 2,14 0.001 1 1 2,13 0.001 -1 0 1,14 0.001 1 -1 142.042 500 14,2 0.001 1 -1 13,1 0.001 1 1 13,2 0.001 -1 1 245.051 665 13,13 0.001 0 1 14,13 0.001 0 -1 15,12 0.001 1 -1 0.1152 80 ::f,0,1 f,1,13 f,12,15 f,13,0 
287:2,2 0.001 1 -1 1,1 0.001 1 0 2,1 0.001 1 -1 208.036 605 2,14 0.001 1 0 2,13 0.001 -1 0 1,14 0.001 0 -1 142.042 500 14,2 0.001 1 -1 13,1 0.001 1 0 13,2 0.001 0 1 245.051 665 13,14 0.001 0 1 14,13 0.001 0 -1 15,12 0.001 1 -1 0.1162 80 ::f,0,1 f,1,13 f,12,15 f,13,0 
288:2,2 0.001 0 -1 1,1 0.001 1 -1 2,1 0.001 0 -1 208.036 605 2,14 0.001 1 0 2,13 0.001 -1 0 1,14 0.001 0 -1 151.042 515 14,2 0.001 0 -1 13,1 0.001 1 0 13,2 0.001 0 1 245.051 665 13,14 0.001 0 1 14,13 0.001 -1 -1 15,12 0.001 1 -1 0.1162 80 ::f,0,1 f,0,14 f,12,15 f,13,0 
289:2,2 0.001 0 -1 1,1 0.001 1 -1 2,1 0.001 0 -1 208.036 605 2,14 0.001 1 -1 2,13 0.001 -1 1 1,14 0.001 -1 -1 151.042 515 14,1 0.001 0 -1 13,1 0.001 1 -1 13,2 0.001 1 1 245.052 665 13,14 0.001 1 1 14,13 0.001 -1 -1 15,12 0.001 1 -1 0.1162 80 ::f,0,1 f,0,14 f,12,15 f,13,0 
290:2,2 0.001 0 -1 1,1 0.001 0 -1 2,1 0.001 -1 -1 208.036 605 2,14 0.001 1 -1 2,13 0.001 -1 1 1,14 0.001 -1 -1 151.042 515 14,1 0.001 0 -1 13,1 0.001 1 -1 13,2 0.001 1 1 245.052 665 13,14 0.001 1 1 14,13 0.001 -1 0 15,12 0.001 1 -1 0.1162 80 ::f,0,1 f,0,14 f,12,15 f,13,0 
291:2,2 0.001 -1 -1 1,1 0.001 0 -1 2,1 0.001 -1 -1 208.036 605 2,14 0.001 0 -1 2,13 0.001 0 1 1,14 0.001 -1 0 151.042 515 14,1 0.001 -1 -1 13,1 0.001 0 -1 13,2 0.001 1 0 245.052 665 13,14 0.001 1 0 13,13 0.001 -1 0 15,12 0.001 1 -1 0.1172 80 ::f,0,1 f,0,14 f,12,15 f,13,0 
292:2,2 0.001 -1 -1 1,1 0.001 -1 -1 2,1 0.001 -1 0 208.036 605 2,14 0.001 0 -1 2,13 0.001 0 1 1,14 0.001 -1 0 161.042 530 14,1 0.001 -1 -1 13,1 0.001 0 -1 14,2 0.001 1 0 255.053 680 14,14 0.001 1 0 13,13 0.001 -1 0 15,12 0.001 1 -1 0.1182 80 ::f,0,1 f,2,12 f,12,15 f,14,3 
293:2,2 0.001 -1 0 1,1 0.001 -1 -1 2,1 0.001 -1 0 208.036 605 2,14 0.001 0 -1 2,13 0.001 1 1 1,14 0.001 -1 1 161.042 530 14,1 0.001 -1 0 13,1 0.001 -1 -1 14,2 0.001 1 0 255.053 680 14,14 0.001 1 0 13,13 0.001 -1 1 15,12 0.001 1 -1 0.1182 80 ::f,0,1 f,2,12 f,12,15 f,14,3 
294:2,2 0.001 -1 0 1,1 0.001 -1 0 2,1 0.001 -1 0 208.036 605 2,14 0.001 0 -1 2,13 0.001 1 1 1,14 0.001 -1 1 161.042 530 14,1 0.001 -1 0 13,1 0.001 -1 -1 14,2 0.001 1 -1 255.053 680 14,14 0.001 1 -1 13,13 0.001 -1 1 15,12 0.001 1 -1 0.1182 80 ::f,0,1 f,2,12 f,12,15 f,14,3 
295:2,2 0.001 -1 1 1,1 0.001 -1 0 2,1 0.001 -1 1 218.036 620 2,14 0.001 -1 -1 2,13 0.001 1 0 1,14 0.001 0 1 161.042 530 14,1 0.001 -1 0 13,1 0.001 -1 0 14,2 0.001 1 -1 255.053 680 14,14 0.001 1 -1 13,13 0.001 0 1 15,12 0.001 1 -1 0.1182 80 ::f,2,12 f,3,2 f,12,15 f,14,3 
296:2,2 0.001 -1 1 1,1 0.001 -1 1 2,1 0.001 0 1 218.036 620 2,14 0.001 -1 -1 2,13 0.001 1 0 1,14 0.001 0 1 161.042 530 14,1 0.001 -1 1 13,1 0.001 -1 0 14,2 0.001 0 -1 255.053 680 14,14 0.001 0 -1 13,14 0.001 0 1 15,12 0.001 1 -1 0.1192 80 ::f,2,12 f,3,2 f,12,15 f,14,3 
297:2,2 0.001 0 1 1,1 0.001 -1 1 2,1 0.001 0 1 218.036 620 2,14 0.001 -1 0 2,13 0.001 1 -1 1,14 0.001 1 1 161.042 530 14,1 0.001 -1 1 13,1 0.001 -1 1 14,2 0.001 0 -1 255.053 680 14,13 0.001 0 -1 13,14 0.001 0 1 15,12 0.001 1 -1 0.1202 80 ::f,2,12 f,3,2 f,12,15 f,14,3 
298:2,2 0.001 0 1 1,1 0.001 0 1 2,1 0.001 1 1 218.036 620 2,14 0.001 -1 0 2,13 0.001 1 -1 1,14 0.001 1 1 161.042 530 14,1 0.001 0 1 13,1 0.001 -1 1 14,2 0.001 0 -1 255.053 680 14,13 0.001 0 -1 13,14 0.001 1 1 15,12 0.001 1 -1 0.1202 80 ::f,2,12 f,3,2 f,12,15 f,14,3 
299:2,2 0.001 1 1 1,2 0.001 0 1 2,1 0.001 1 1 228.037 635 2,14 0.001 -1 1 2,13 0.001 0 -1 1,14 0.001 1 0 161.042 530 14,1 0.001 0 1 13,1 0.001 0 1 14,2 0.001 -1 -1 255.053 680 14,13 0.001 -1 -1 13,14 0.001 1 1 15,12 0.001 1 -1 0.1202 80 ::f,1,3 f,2,12 f,12,15 f,14,3 
