16
0:1,2 0.001 0 1 2,2 0.003 -1 0 1,3 0.002 -1 0 0.002 50 0,15 0.001 1 1 2,12 0.003 0 -1 2,15 0.002 1 1 0.001 50 14,0 0.001 1 -1 12,0 0.003 0 -1 15,0 0.002 1 -1 0.003 50 14,13 0.001 1 1 14,14 0.003 1 1 13,12 0.002 1 -1 0.003 50 ::f,0,0 f,1,13 f,14,2 f,15,13 
1:1,2 0.001 0 1 2,2 0.002 -1 0 1,3 0.001 -1 0 0.002 46 0,15 0.001 1 1 2,12 0.001 0 -1 2,15 0.001 1 1 0.001 50 14,0 0.001 1 -1 12,0 0.001 0 -1 15,0 0.001 1 -1 0.003 50 14,13 0.001 1 1 14,14 0.001 1 1 13,12 0.001 1 -1 0.003 50 :1,2 :f,0,0 f,1,13 f,14,2 f,15,13 
2:1,2 0.001 1 1 2,2 0.002 -1 0 1,3 0.001 -1 1 0.002 42 0,15 0.001 1 0 2,12 0.001 -1 -1 2,15 0.001 1 0 0.001 50 14,0 0.001 0 -1 12,0 0.001 -1 -1 15,0 0.001 0 -1 0.003 50 14,13 0.001 1 0 14,14 0.001 1 0 13,12 0.001 0 -1 0.003 50 :1,2 :f,0,0 f,1,13 f,14,2 f,15,13 
3:1,2 0.001 1 1 2,2 0.002 -1 0 1,3 0.001 -1 1 0.002 38 0,15 0.001 1 0 2,12 0.001 -1 -1 2,15 0.001 1 0 0.001 50 14,0 0.001 0 -1 12,0 0.001 -1 -1 15,0 0.001 0 -1 0.003 50 14,13 0.001 1 0 14,14 0.001 1 0 13,12 0.001 0 -1 0.0031 65 :1,2 :f,0,0 f,1,13 f,13,13 f,14,2 
4:1,2 0.001 1 0 2,2 0.003 -1 0 1,3 0.001 0 1 0.002 38 0,15 0.001 1 -1 2,12 0.001 -1 0 2,15 0.001 1 -1 0.001 50 14,0 0.001 -1 -1 12,0 0.001 -1 0 15,0 0.001 -1 -1 0.003 50 14,13 0.001 1 -1 14,14 0.001 1 -1 13,12 0.001 -1 -1 0.0031 65 ::f,0,0 f,1,13 f,13,13 f,14,2 
5:1,2 0.001 1 0 2,2 0.003 -1 0 1,3 0.001 0 1 0.002 38 0,15 0.001 1 -1 2,12 0.001 -1 0 2,15 0.001 1 -1 0.001 50 14,0 0.001 -1 -1 12,0 0.001 -1 0 15,0 0.001 -1 -1 0.003 50 14,13 0.001 1 -1 14,14 0.001 1 -1 13,12 0.001 -1 -1 0.0031 65 ::f,0,0 f,1,13 f,13,13 f,14,2 
6:1,2 0.001 1 -1 2,2 0.003 -1 0 1,3 0.001 1 1 0.002 38 0,15 0.001 0 -1 2,12 0.001 -1 1 2,15 0.001 0 -1 0.001 50 14,0 0.001 -1 0 12,0 0.001 -1 1 15,0 0.001 -1 0 0.003 50 14,13 0.001 0 -1 14,14 0.001 0 -1 13,12 0.001 -1 0 0.0031 65 ::f,0,0 f,1,13 f,13,13 f,14,2 
7:1,2 0.001 1 -1 2,2 0.003 -1 0 1,3 0.001 1 1 0.002 38 0,15 0.001 0 -1 2,12 0.001 -1 1 2,15 0.001 0 -1 0.0011 65 13,0 0.001 -1 0 12,0 0.001 -1 1 14,0 0.001 -1 0 0.005 50 14,13 0.001 0 -1 14,14 0.001 0 -1 13,12 0.001 -1 0 0.0031 65 ::f,0,0 f,2,14 f,13,13 f,14,2 
8:1,2 0.001 0 -1 2,2 0.003 -1 0 1,3 0.001 1 0 0.002 38 0,15 0.001 -1 -1 2,12 0.001 0 1 2,15 0.001 0 -1 0.0012 80 13,0 0.001 -1 0 12,0 0.001 0 1 14,0 0.001 -1 0 0.005 50 14,13 0.001 -1 -1 14,14 0.001 0 -1 13,12 0.001 -1 1 0.0031 65 ::f,0,0 f,1,14 f,13,13 f,14,2 
9:1,2 0.001 0 -1 2,2 0.003 -1 0 2,3 0.001 1 0 0.003 38 0,15 0.001 -1 -1 2,12 0.001 0 1 2,15 0.001 -1 -1 0.0012 80 13,0 0.001 -1 1 12,1 0.001 0 1 14,0 0.001 -1 1 0.006 50 14,13 0.001 -1 -1 14,14 0.001 -1 -1 13,12 0.001 -1 1 0.0031 65 ::f,0,0 f,1,14 f,13,13 f,14,2 
10:1,2 0.001 -1 -1 2,2 0.003 -1 0 2,3 0.001 1 0 0.003 38 0,15 0.001 -1 0 2,12 0.001 1 1 2,15 0.001 -1 -1 1.0013 95 13,0 0.001 -1 1 12,1 0.001 0 1 14,0 0.001 0 1 0.006 50 14,13 0.001 -1 0 14,14 0.001 -1 -1 13,12 0.001 0 1 0.0032 80 ::f,0,0 f,0,12 f,12,12 f,14,2 
11:1,2 0.001 -1 -1 2,2 0.003 -1 0 2,3 0.001 1 -1 0.003 38 0,15 0.001 -1 0 2,12 0.001 1 1 2,15 0.001 -1 0 1.0013 95 13,0 0.001 0 1 12,1 0.001 1 1 14,1 0.001 0 1 0.007 50 13,13 0.001 -1 0 14,14 0.001 -1 -1 13,12 0.001 0 1 0.0042 80 ::f,0,0 f,0,12 f,12,12 f,14,2 
12:1,2 0.001 -1 0 2,2 0.003 -1 0 2,3 0.001 1 -1 0.003 38 0,15 0.001 -1 1 2,12 0.001 1 0 1,15 0.001 -1 0 1.0023 95 13,1 0.001 0 1 12,1 0.001 1 1 14,1 0.001 0 1 0.0081 65 13,13 0.001 -1 0 14,14 0.001 -1 -1 13,12 0.001 0 1 0.0042 80 ::f,0,0 f,0,12 f,12,12 f,14,0 
13:1,2 0.001 -1 0 2,2 0.003 -1 0 2,3 0.001 0 -1 0.003 38 0,15 0.001 -1 1 2,12 0.001 1 0 1,15 0.001 -1 0 1.0023 95 13,1 0.001 0 1 12,1 0.001 1 0 14,1 0.001 1 1 0.0081 65 13,13 0.001 -1 1 14,14 0.001 -1 0 13,12 0.001 1 1 0.0042 80 ::f,0,0 f,0,12 f,12,12 f,14,0 
14:1,2 0.001 -1 1 2,2 0.003 -1 0 2,3 0.001 0 -1 0.003 38 0,15 0.001 0 1 2,12 0.001 1 -1 1,15 0.001 -1 1 1.0023 95 13,1 0.001 1 1 12,1 0.001 1 0 14,1 0.001 1 1 0.0081 65 13,13 0.001 -1 1 14,14 0.001 -1 0 13,12 0.001 1 1 0.0042 80 ::f,0,0 f,0,12 f,12,12 f,14,0 
15:1,2 0.001 -1 1 2,2 0.003 -1 0 2,3 0.001 0 -1 0.003 38 0,15 0.001 0 1 2,12 0.001 1 -1 1,15 0.001 -1 1 1.0023 95 13,1 0.001 1 1 12,1 0.001 1 0 14,1 0.001 1 0 0.0081 65 13,13 0.001 0 1 14,14 0.001 -1 1 13,12 0.001 1 0 0.0042 80 ::f,0,0 f,0,12 f,12,12 f,14,0 
16:1,2 0.001 0 1 2,2 0.003 -1 0 2,3 0.001 -1 -1 0.003 38 0,15 0.001 1 1 2,12 0.001 0 -1 1,15 0.001 0 1 1.0023 95 13,1 0.001 1 0 12,1 0.001 1 -1 14,1 0.001 1 0 0.0081 65 13,14 0.001 0 1 14,14 0.001 -1 1 13,12 0.001 1 0 0.0052 80 ::f,0,0 f,0,12 f,12,12 f,14,0 
17:1,2 0.001 0 1 2,2 0.003 -1 0 2,3 0.001 -1 -1 0.003 38 0,15 0.001 1 1 2,12 0.001 0 -1 1,15 0.001 0 1 1.0023 95 13,1 0.001 1 0 12,1 0.001 1 -1 14,1 0.001 1 -1 0.0081 65 13,14 0.001 0 1 14,14 0.001 0 1 13,12 0.001 1 -1 0.0052 80 ::f,0,0 f,0,12 f,12,12 f,14,0 
18:1,2 0.001 1 1 2,2 0.003 -1 0 2,3 0.001 -1 0 0.003 38 0,15 0.001 1 0 2,12 0.001 -1 -1 1,15 0.001 1 1 1.0023 95 13,1 0.001 1 -1 12,1 0.001 0 -1 14,1 0.001 1 -1 0.0081 65 13,14 0.001 1 1 14,14 0.001 0 1 13,12 0.001 1 -1 0.0052 80 ::f,0,0 f,0,12 f,12,12 f,14,0 
19:1,2 0.001 1 1 2,2 0.003 -1 0 2,3 0.001 -1 0 0.003 38 0,15 0.001 1 0 2,12 0.001 -1 -1 1,15 0.001 1 1 1.0023 95 13,1 0.001 1 -1 12,1 0.001 0 -1 14,1 0.001 0 -1 0.0082 80 13,14 0.001 1 1 14,14 0.001 1 1 13,12 0.001 0 -1 0.0052 80 ::f,0,0 f,0,12 f,12,12 f,15,1 
20:1,2 0.001 1 0 2,2 0.003 -1 0 2,3 0.001 -1 1 0.003 38 0,15 0.001 1 0 2,12 0.001 -1 0 1,15 0.001 1 0 1.0023 95 13,1 0.001 0 -1 12,1 0.001 -1 -1 14,1 0.001 0 -1 0.0082 80 13,14 0.001 1 0 14,14 0.001 1 1 13,12 0.001 0 -1 0.0052 80 ::f,0,0 f,0,12 f,12,12 f,15,1 
21:1,2 0.001 1 0 2,2 0.003 -1 0 2,3 0.001 -1 1 0.003 38 0,15 0.001 1 -1 1,12 0.001 -1 0 2,15 0.001 1 0 1.0043 95 13,1 0.001 0 -1 12,1 0.001 -1 -1 14,1 0.001 -1 -1 0.0082 80 13,14 0.001 1 0 14,14 0.001 1 0 13,12 0.001 -1 -1 0.0052 80 ::f,0,0 f,0,12 f,12,12 f,15,1 
22:1,2 0.001 1 0 2,2 0.003 -1 0 2,3 0.001 0 1 0.003 38 0,15 0.001 1 -1 1,12 0.001 -1 0 2,15 0.001 1 0 2.0044 110 13,1 0.001 -1 -1 12,1 0.001 -1 0 14,1 0.001 -1 -1 0.0082 80 13,14 0.001 1 0 14,14 0.001 1 0 13,12 0.001 -1 -1 0.0052 80 ::f,0,0 f,3,13 f,12,12 f,15,1 
23:1,2 0.001 1 -1 2,2 0.003 -1 0 2,3 0.001 0 1 0.003 38 0,15 0.001 0 -1 1,12 0.001 -1 1 2,15 0.001 1 -1 2.0044 110 13,1 0.001 -1 -1 12,1 0.001 -1 0 14,1 0.001 -1 0 0.0082 80 13,14 0.001 1 -1 14,14 0.001 1 -1 13,12 0.001 -1 0 0.0052 80 ::f,0,0 f,3,13 f,12,12 f,15,1 
24:1,2 0.001 1 -1 2,2 0.003 -1 0 2,3 0.001 1 1 0.003 38 0,15 0.001 0 -1 1,12 0.001 -1 1 2,15 0.001 1 -1 2.0044 110 13,1 0.001 -1 0 12,1 0.001 -1 1 14,1 0.001 -1 0 0.0082 80 13,14 0.001 1 -1 14,14 0.001 1 -1 13,12 0.001 -1 0 0.0053 95 ::f,0,0 f,3,13 f,12,12 f,15,1 
25:1,2 0.001 0 -1 2,2 0.003 -1 0 2,3 0.001 1 1 0.003 38 0,15 0.001 -1 -1 1,12 0.001 0 1 2,15 0.001 0 -1 2.0044 110 13,1 0.001 -1 0 12,1 0.001 -1 1 14,1 0.001 -1 0 0.0082 80 13,14 0.001 0 -1 14,14 0.001 0 -1 13,12 0.001 -1 1 0.0053 95 ::f,0,0 f,3,13 f,12,12 f,15,1 
26:1,2 0.001 0 -1 2,2 0.003 -1 0 2,3 0.001 1 0 0.003 38 0,15 0.001 -1 -1 1,13 0.001 0 1 2,14 0.001 0 -1 2.0064 110 13,1 0.001 -1 1 12,1 0.001 0 1 14,1 0.001 -1 1 0.0082 80 13,13 0.001 0 -1 14,13 0.001 0 -1 13,12 0.001 -1 1 0.0073 95 ::f,0,0 f,3,13 f,12,12 f,15,1 
27:1,2 0.001 -1 -1 2,2 0.003 -1 0 2,3 0.001 1 0 0.003 38 0,15 0.001 -1 0 1,13 0.001 0 1 2,14 0.001 0 -1 2.0064 110 13,1 0.001 -1 1 12,2 0.001 0 1 14,1 0.001 -1 1 0.0092 80 13,13 0.001 0 -1 14,13 0.001 0 -1 13,12 0.001 0 1 0.0073 95 ::f,0,0 f,3,13 f,12,12 f,15,1 
28:1,2 0.001 -1 -1 2,2 0.003 -1 0 2,3 0.001 1 -1 0.003 38 0,15 0.001 -1 0 1,13 0.001 1 1 2,14 0.001 -1 -1 2.0064 110 13,1 0.001 0 1 12,2 0.001 0 1 14,1 0.001 0 1 0.0092 80 13,13 0.001 -1 -1 14,13 0.001 -1 -1 13,12 0.001 0 1 0.0073 95 ::f,0,0 f,3,13 f,12,12 f,15,1 
29:1,2 0.001 -1 0 2,2 0.003 -1 0 2,3 0.001 1 -1 0.003 38 0,15 0.001 -1 1 1,13 0.001 1 1 2,14 0.001 -1 -1 2.0064 110 13,2 0.001 0 1 12,2 0.001 1 1 14,1 0.001 0 1 0.0102 80 13,13 0.001 -1 -1 14,13 0.001 -1 -1 13,12 0.001 0 1 1.0074 110 ::f,0,0 f,3,13 f,13,14 f,15,1 
30:1,2 0.001 -1 0 2,2 0.003 -1 0 2,3 0.001 0 -1 0.003 38 0,15 0.001 -1 1 1,13 0.001 1 0 2,14 0.001 -1 0 2.0064 110 13,2 0.001 0 1 12,2 0.001 1 1 14,1 0.001 1 1 0.0102 80 13,13 0.001 -1 0 14,13 0.001 -1 0 13,12 0.001 0 1 1.0074 110 ::f,0,0 f,3,13 f,13,14 f,15,1 
31:1,2 0.001 -1 1 2,2 0.003 -1 0 2,3 0.001 0 -1 0.003 38 0,15 0.001 0 1 2,13 0.001 1 0 2,14 0.001 -1 0 2.0074 110 13,2 0.001 1 1 12,2 0.001 1 0 14,1 0.001 1 1 0.0102 80 13,13 0.001 -1 0 14,13 0.001 -1 0 13,12 0.001 1 1 1.0074 110 ::f,0,0 f,3,13 f,13,14 f,15,1 
32:1,2 0.001 -1 1 2,2 0.003 -1 0 2,3 0.001 0 -1 0.003 38 0,15 0.001 0 1 2,13 0.001 1 0 2,14 0.001 -1 1 4.0075 125 13,2 0.001 1 1 12,2 0.001 1 0 14,1 0.001 1 0 0.0102 80 13,13 0.001 -1 1 14,13 0.001 -1 0 13,12 0.001 1 1 1.0074 110 ::f,0,0 f,1,12 f,13,14 f,15,1 
33:1,2 0.001 0 1 2,2 0.003 -1 0 2,3 0.001 -1 -1 0.003 38 0,15 0.001 1 1 2,13 0.001 1 -1 2,14 0.001 -1 1 4.0075 125 13,2 0.001 1 0 12,2 0.001 1 0 14,1 0.001 1 0 1.0103 95 13,13 0.001 -1 1 14,13 0.001 -1 1 13,12 0.001 1 0 1.0074 110 ::f,0,0 f,1,12 f,13,14 f,15,2 
34:1,2 0.001 0 1 2,2 0.003 -1 0 2,3 0.001 -1 -1 0.003 38 0,15 0.001 1 1 2,13 0.001 1 -1 2,14 0.001 0 1 4.0075 125 14,2 0.001 1 0 13,2 0.001 1 0 14,1 0.001 1 -1 1.0123 95 13,13 0.001 0 1 14,13 0.001 -1 1 13,12 0.001 1 0 2.0075 125 ::f,0,0 f,1,12 f,12,13 f,15,2 
35:1,2 0.001 1 1 2,2 0.003 -1 0 2,3 0.001 -1 0 0.003 38 0,15 0.001 1 0 2,13 0.001 0 -1 2,14 0.001 0 1 4.0075 125 14,2 0.001 1 0 13,2 0.001 1 0 14,1 0.001 1 -1 2.0124 110 13,14 0.001 0 1 14,13 0.001 0 1 13,12 0.001 1 -1 2.0085 125 ::f,0,0 f,1,12 f,12,13 f,15,1 
36:1,2 0.001 1 1 2,2 0.003 -1 0 2,3 0.001 -1 0 0.003 38 1,15 0.001 1 0 2,13 0.001 0 -1 2,14 0.001 1 1 4.0085 125 14,2 0.001 1 -1 13,2 0.001 1 -1 14,1 0.001 0 -1 2.0124 110 13,14 0.001 0 1 14,13 0.001 0 1 13,12 0.001 1 -1 2.0085 125 ::f,0,0 f,1,12 f,12,13 f,15,1 
37:1,2 0.001 1 0 2,2 0.003 -1 0 2,3 0.001 -1 1 0.003 38 1,15 0.001 1 0 2,13 0.001 -1 -1 2,14 0.001 1 1 4.0085 125 14,2 0.001 1 -1 13,2 0.001 1 -1 14,1 0.001 0 -1 4.0125 125 13,14 0.001 1 1 14,13 0.001 1 1 13,12 0.001 0 -1 2.0085 125 ::f,0,0 f,1,12 f,12,13 f,13,0 
38:1,2 0.001 1 0 2,2 0.003 -1 0 2,3 0.001 -1 1 0.003 38 1,15 0.001 1 -1 2,13 0.001 -1 -1 2,14 0.001 1 0 7.0086 140 14,2 0.001 0 -1 13,2 0.001 0 -1 14,1 0.001 -1 -1 4.0125 125 13,14 0.001 1 1 14,13 0.001 1 1 13,12 0.001 0 -1 2.0085 125 ::f,0,0 f,1,13 f,12,13 f,13,0 
39:1,2 0.001 1 0 2,2 0.003 -1 0 2,3 0.001 0 1 0.003 38 1,15 0.001 1 -1 2,13 0.001 -1 0 2,14 0.001 1 0 7.0086 140 14,2 0.001 0 -1 13,1 0.001 0 -1 14,1 0.001 -1 -1 6.0136 140 13,14 0.001 1 0 14,13 0.001 1 0 13,12 0.001 -1 -1 2.0085 125 ::f,0,0 f,1,13 f,12,13 f,13,3 
40:1,2 0.001 1 -1 2,2 0.003 -1 0 2,3 0.001 0 1 0.003 38 1,15 0.001 0 -1 2,13 0.001 -1 0 2,14 0.001 1 -1 7.0086 140 14,2 0.001 0 -1 13,1 0.001 0 -1 14,1 0.001 -1 0 6.0136 140 14,14 0.001 1 0 14,13 0.001 1 0 13,12 0.001 -1 -1 2.0095 125 ::f,0,0 f,1,13 f,12,13 f,13,3 
41:1,2 0.001 1 -1 2,2 0.003 -1 0 2,3 0.001 1 1 0.003 38 1,14 0.001 0 -1 2,13 0.001 -1 0 2,14 0.001 1 -1 11.0097 155 14,2 0.001 -1 -1 13,1 0.001 -1 -1 14,1 0.001 -1 0 6.0136 140 14,14 0.001 1 0 14,13 0.001 1 -1 13,12 0.001 -1 0 2.0095 125 ::f,0,0 f,0,13 f,12,13 f,13,3 
42:1,2 0.001 0 -1 2,2 0.003 -1 0 2,3 0.001 1 1 0.003 38 1,14 0.001 0 -1 1,13 0.001 -1 0 2,14 0.001 0 -1 11.0107 155 14,2 0.001 -1 -1 13,1 0.001 -1 -1 14,1 0.001 -1 0 6.0136 140 14,14 0.001 1 -1 14,13 0.001 1 -1 13,12 0.001 -1 0 2.0095 125 ::f,0,0 f,0,13 f,12,13 f,13,3 
43:1,2 0.001 0 -1 2,2 0.003 -1 0 2,3 0.001 1 0 0.003 38 1,14 0.001 -1 -1 1,13 0.001 -1 0 2,13 0.001 0 -1 16.0118 170 14,2 0.001 -1 0 13,1 0.001 -1 0 14,1 0.001 -1 1 6.0136 140 14,14 0.001 1 -1 14,13 0.001 0 -1 13,12 0.001 -1 1 2.0095 125 ::f,0,0 f,2,15 f,12,13 f,13,3 
44:1,2 0.001 -1 -1 2,2 0.003 -1 0 2,3 0.001 1 0 0.003 38 1,14 0.001 -1 -1 1,13 0.001 -1 1 2,13 0.001 0 -1 16.0118 170 14,2 0.001 -1 0 13,1 0.001 -1 0 14,1 0.001 -1 1 6.0136 140 14,14 0.001 0 -1 14,13 0.001 0 -1 13,12 0.001 -1 1 3.0096 140 ::f,0,0 f,2,15 f,13,3 f,14,12 
45:1,2 0.001 -1 -1 2,2 0.003 -1 0 2,3 0.001 1 -1 0.003 38 1,14 0.001 -1 0 1,13 0.001 -1 1 2,13 0.001 -1 -1 16.0118 170 14,2 0.001 -1 1 13,1 0.001 -1 1 14,1 0.001 0 1 6.0136 140 14,14 0.001 0 -1 14,13 0.001 -1 -1 13,12 0.001 0 1 3.0096 140 ::f,0,0 f,2,15 f,13,3 f,14,12 
46:1,2 0.001 -1 0 2,2 0.003 -1 0 2,3 0.001 1 -1 0.003 38 1,14 0.001 -1 0 1,13 0.001 0 1 2,13 0.001 -1 -1 16.0118 170 14,2 0.001 -1 1 13,1 0.001 -1 1 14,1 0.001 0 1 9.0137 155 14,14 0.001 0 -1 14,13 0.001 -1 -1 13,13 0.001 0 1 3.0106 140 ::f,0,0 f,2,15 f,12,3 f,14,12 
47:1,2 0.001 -1 0 2,2 0.003 -1 0 2,3 0.001 0 -1 0.003 38 1,14 0.001 -1 1 1,13 0.001 0 1 2,13 0.001 -1 0 16.0118 170 14,2 0.001 0 1 13,1 0.001 0 1 14,1 0.001 1 1 9.0137 155 14,14 0.001 -1 -1 14,13 0.001 -1 0 13,13 0.001 0 1 3.0106 140 ::f,0,0 f,2,15 f,12,3 f,14,12 
48:1,2 0.001 -1 1 2,2 0.003 -1 0 2,3 0.001 0 -1 0.003 38 1,14 0.001 -1 1 1,13 0.001 0 1 2,13 0.001 -1 0 16.0118 170 14,2 0.001 0 1 13,2 0.001 0 1 14,1 0.001 1 1 9.0147 155 14,14 0.001 -1 -1 14,13 0.001 -1 0 13,13 0.001 1 1 3.0106 140 ::f,0,0 f,2,15 f,12,3 f,14,12 
49:1,2 0.001 -1 1 2,2 0.003 -1 0 2,3 0.001 0 -1 0.003 38 1,14 0.001 0 1 1,13 0.001 1 1 2,13 0.001 -1 0 16.0118 170 14,2 0.001 1 1 13,2 0.001 0 1 14,1 0.001 1 0 9.0147 155 14,14 0.001 -1 0 14,13 0.001 -1 0 13,13 0.001 1 1 3.0106 140 ::f,0,0 f,2,15 f,12,3 f,14,12 
50:1,2 0.001 0 1 2,2 0.003 -1 0 2,3 0.001 -1 -1 0.003 38 1,14 0.001 0 1 1,13 0.001 1 1 2,13 0.001 -1 1 16.0118 170 14,2 0.001 1 1 13,2 0.001 1 1 14,1 0.001 1 0 9.0147 155 14,14 0.001 -1 0 14,13 0.001 -1 1 13,13 0.001 1 0 3.0106 140 ::f,0,0 f,2,15 f,12,3 f,14,12 
51:1,2 0.001 0 1 2,2 0.003 -1 0 2,3 0.001 -1 -1 0.003 38 1,14 0.001 1 1 1,13 0.001 1 0 2,13 0.001 -1 1 16.0118 170 14,2 0.001 1 0 13,2 0.001 1 1 14,1 0.001 1 -1 9.0147 155 14,14 0.001 -1 1 14,13 0.001 -1 1 13,13 0.001 1 0 3.0106 140 ::f,0,0 f,2,15 f,12,3 f,14,12 
52:1,2 0.001 1 1 2,2 0.003 -1 0 2,3 0.001 -1 0 0.003 38 1,14 0.001 1 1 1,13 0.001 1 0 2,13 0.001 -1 1 16.0119 185 14,2 0.001 1 0 13,2 0.001 1 0 14,1 0.001 1 -1 9.0147 155 14,14 0.001 -1 1 14,13 0.001 0 1 13,13 0.001 1 -1 3.0106 140 ::f,0,0 f,0,15 f,12,3 f,14,12 
53:1,2 0.001 1 1 2,2 0.003 -1 0 2,3 0.001 -1 0 0.003 38 1,14 0.001 1 0 1,13 0.001 1 -1 2,13 0.001 -1 1 16.0119 185 14,2 0.001 1 -1 13,2 0.001 1 0 14,1 0.001 0 -1 9.0147 155 14,14 0.001 0 1 14,13 0.001 0 1 13,13 0.001 1 -1 5.0107 155 ::f,0,0 f,0,15 f,12,3 f,12,13 
54:1,2 0.001 1 0 2,2 0.003 -1 0 2,3 0.001 -1 1 0.003 38 2,14 0.001 1 0 1,13 0.001 1 -1 2,13 0.001 0 1 16.0129 185 14,2 0.001 1 -1 13,2 0.001 1 0 14,1 0.001 0 -1 9.0147 155 14,14 0.001 0 1 14,13 0.001 1 1 13,13 0.001 0 -1 5.0107 155 ::f,0,0 f,0,15 f,12,3 f,12,13 
55:1,2 0.001 1 0 2,2 0.003 -1 0 2,3 0.001 -1 1 0.003 38 2,14 0.001 1 0 1,13 0.001 0 -1 2,13 0.001 0 1 16.0129 185 14,2 0.001 0 -1 13,2 0.001 1 -1 14,1 0.001 -1 -1 9.0147 155 14,14 0.001 1 1 14,13 0.001 1 1 13,13 0.001 0 -1 5.0107 155 ::f,0,0 f,0,15 f,12,3 f,12,13 
56:1,2 0.001 1 0 2,2 0.003 -1 0 2,3 0.001 0 1 0.003 38 2,14 0.001 1 -1 1,13 0.001 0 -1 2,13 0.001 1 1 16.0129 185 14,2 0.001 0 -1 13,2 0.001 1 -1 14,1 0.001 -1 -1 9.0147 155 14,14 0.001 1 1 14,13 0.001 1 0 13,13 0.001 -1 -1 5.0107 155 ::f,0,0 f,0,15 f,12,3 f,12,13 
57:1,2 0.001 1 -1 2,2 0.003 -1 0 2,3 0.001 0 1 0.003 38 2,14 0.001 1 -1 1,13 0.001 -1 -1 2,13 0.001 1 1 16.0129 185 14,2 0.001 0 -1 13,2 0.001 0 -1 14,1 0.001 -1 0 9.0147 155 14,14 0.001 1 0 14,13 0.001 1 0 13,13 0.001 -1 -1 5.0107 155 ::f,0,0 f,0,15 f,12,3 f,12,13 
58:1,2 0.001 1 -1 2,2 0.003 -1 0 2,3 0.001 1 1 0.003 38 2,14 0.001 0 -1 1,13 0.001 -1 -1 2,13 0.001 1 0 16.0129 185 14,2 0.001 -1 -1 13,2 0.001 0 -1 13,1 0.001 -1 0 9.0157 155 14,14 0.001 1 0 14,13 0.001 1 -1 13,13 0.001 -1 0 5.0107 155 ::f,0,0 f,0,15 f,12,3 f,12,13 
59:1,2 0.001 0 -1 2,2 0.003 -1 0 2,3 0.001 1 1 0.003 38 2,14 0.001 0 -1 1,13 0.001 -1 0 2,13 0.001 1 0 16.0129 185 14,2 0.001 -1 -1 13,2 0.001 -1 -1 13,1 0.001 -1 0 9.0157 155 14,14 0.001 1 -1 14,13 0.001 1 -1 13,13 0.001 -1 0 8.0108 170 ::f,0,0 f,0,15 f,12,3 f,15,13 
60:1,2 0.001 0 -1 2,2 0.003 -1 0 2,3 0.001 1 0 0.003 38 2,14 0.001 0 -1 1,13 0.001 -1 0 2,13 0.001 1 -1 16.0129 185 14,2 0.001 -1 0 13,2 0.001 -1 -1 13,1 0.001 -1 1 9.0157 155 14,14 0.001 1 -1 14,13 0.001 0 -1 13,13 0.001 -1 1 10.0109 185 ::f,0,0 f,0,15 f,12,3 f,13,12 
61:1,2 0.001 -1 -1 2,2 0.003 -1 0 2,3 0.001 1 0 0.003 38 2,14 0.001 -1 -1 1,13 0.001 -1 1 2,13 0.001 1 -1 16.0129 185 14,2 0.001 -1 0 13,2 0.001 -1 0 13,1 0.001 -1 1 9.0157 155 14,14 0.001 0 -1 14,13 0.001 0 -1 13,13 0.001 -1 1 10.0109 185 ::f,0,0 f,0,15 f,12,3 f,13,12 
62:1,2 0.001 -1 -1 2,2 0.003 -1 0 2,3 0.001 1 -1 0.003 38 2,14 0.001 -1 -1 1,13 0.001 -1 1 2,13 0.001 0 -1 16.0129 185 14,2 0.001 -1 1 13,2 0.001 -1 0 13,1 0.001 0 1 9.0157 155 14,14 0.001 0 -1 14,13 0.001 -1 -1 13,13 0.001 0 1 10.0109 185 ::f,0,0 f,0,15 f,12,3 f,13,12 
63:1,2 0.001 -1 0 2,2 0.003 -1 0 2,3 0.001 1 -1 0.003 38 2,14 0.001 -1 0 1,13 0.001 0 1 2,13 0.001 0 -1 16.0129 185 14,2 0.001 -1 1 13,2 0.001 -1 1 13,1 0.001 0 1 9.0157 155 14,14 0.001 0 -1 14,13 0.001 -1 -1 13,14 0.001 0 1 12.012 200 ::f,0,0 f,0,15 f,12,3 f,12,14 
64:1,2 0.001 -1 0 2,2 0.003 -1 0 2,3 0.001 0 -1 0.003 38 2,14 0.001 -1 0 1,14 0.001 0 1 2,13 0.001 -1 -1 16.0139 185 14,2 0.001 0 1 13,2 0.001 -1 1 13,1 0.001 0 1 9.0158 170 14,14 0.001 -1 -1 14,13 0.001 -1 0 13,14 0.001 0 1 12.012 200 ::f,0,0 f,0,15 f,12,14 f,13,0 
65:1,2 0.001 -1 1 2,2 0.003 -1 0 2,3 0.001 0 -1 0.003 38 2,14 0.001 -1 1 1,14 0.001 0 1 2,13 0.001 -1 -1 16.0139 185 14,2 0.001 0 1 13,2 0.001 0 1 13,1 0.001 1 1 9.0158 170 14,14 0.001 -1 -1 13,13 0.001 -1 0 13,14 0.001 1 1 12.013 200 ::f,0,0 f,0,15 f,12,14 f,13,0 
66:1,2 0.001 -1 1 2,2 0.003 -1 0 2,3 0.001 0 -1 0.003 38 2,14 0.001 -1 1 1,14 0.001 1 1 2,13 0.001 -1 0 16.0139 185 14,2 0.001 1 1 13,2 0.001 0 1 13,1 0.001 1 1 9.0158 170 14,14 0.001 -1 0 13,13 0.001 -1 0 13,14 0.001 1 1 12.013 200 ::f,0,0 f,0,15 f,12,14 f,13,0 
67:1,2 0.001 0 1 2,2 0.003 -1 0 2,3 0.001 -1 -1 0.003 38 2,14 0.001 0 1 1,14 0.001 1 1 1,13 0.001 -1 0 16.0149 185 14,2 0.001 1 1 13,2 0.001 1 1 13,1 0.001 1 0 9.0158 170 14,14 0.001 -1 0 13,13 0.001 -1 1 13,14 0.001 1 0 12.013 200 ::f,0,0 f,0,15 f,12,14 f,13,0 
68:1,2 0.001 0 1 2,2 0.003 -1 0 2,3 0.001 -1 -1 0.003 38 2,14 0.001 0 1 1,14 0.001 1 0 1,13 0.001 -1 0 16.0149 185 14,2 0.001 1 0 13,2 0.001 1 1 13,1 0.001 1 0 9.0158 170 14,14 0.001 -1 0 13,13 0.001 -1 1 13,14 0.001 1 0 15.0131 215 ::f,0,0 f,0,15 f,13,0 f,14,15 
69:1,2 0.001 1 1 2,2 0.003 -1 0 2,3 0.001 -1 0 0.003 38 2,14 0.001 1 1 1,14 0.001 1 0 1,13 0.001 -1 1 16.0149 185 14,2 0.001 1 0 13,2 0.001 1 0 13,1 0.001 1 -1 9.0158 170 14,14 0.001 -1 1 13,13 0.001 0 1 13,14 0.001 1 0 15.0131 215 ::f,0,0 f,0,15 f,13,0 f,14,15 
70:1,2 0.001 1 1 2,2 0.003 -1 0 2,3 0.001 -1 0 0.003 38 2,14 0.001 1 1 1,14 0.001 1 0 1,13 0.001 -1 1 16.0149 185 14,2 0.001 1 -1 13,2 0.001 1 0 13,1 0.001 1 -1 9.0158 170 14,14 0.001 0 1 13,13 0.001 0 1 13,14 0.001 1 -1 15.0131 215 ::f,0,0 f,0,15 f,13,0 f,14,15 
71:1,2 0.001 1 0 2,2 0.003 -1 0 2,3 0.001 -1 1 0.003 38 2,14 0.001 1 0 1,14 0.001 1 -1 1,13 0.001 0 1 16.0149 185 14,2 0.001 1 -1 13,2 0.001 1 0 13,1 0.001 0 -1 9.0158 170 14,14 0.001 1 1 13,13 0.001 0 1 13,14 0.001 1 -1 15.0131 215 ::f,0,0 f,0,15 f,13,0 f,14,15 
72:1,2 0.001 1 0 2,2 0.003 -1 0 2,3 0.001 -1 1 0.003 38 2,14 0.001 1 0 1,14 0.001 1 -1 1,13 0.001 0 1 16.0149 185 14,2 0.001 0 -1 13,2 0.001 1 -1 13,1 0.001 0 -1 12.0159 185 14,14 0.001 1 1 13,13 0.001 1 1 13,14 0.001 0 -1 15.0131 215 ::f,0,0 f,0,15 f,12,1 f,14,15 
73:1,2 0.001 1 0 2,2 0.003 -1 0 2,3 0.001 0 1 0.003 38 2,14 0.001 1 -1 1,14 0.001 0 -1 1,13 0.001 0 1 16.0149 185 14,1 0.001 0 -1 13,2 0.001 1 -1 13,1 0.001 -1 -1 12.0169 185 14,14 0.001 1 0 13,13 0.001 1 1 13,14 0.001 0 -1 15.0131 215 ::f,0,0 f,0,15 f,12,1 f,14,15 
74:1,2 0.001 1 -1 2,2 0.003 -1 0 2,3 0.001 0 1 0.003 38 2,14 0.001 1 -1 1,14 0.001 0 -1 1,13 0.001 1 1 16.0149 185 14,1 0.001 0 -1 13,2 0.001 0 -1 13,1 0.001 -1 -1 12.0169 185 14,14 0.001 1 0 13,13 0.001 1 0 13,14 0.001 -1 -1 15.0131 215 ::f,0,0 f,0,15 f,12,1 f,14,15 
75:1,2 0.001 1 -1 2,2 0.003 -1 0 2,3 0.001 1 1 0.003 38 2,14 0.001 0 -1 1,14 0.001 -1 -1 1,13 0.001 1 1 16.0149 185 14,1 0.001 -1 -1 13,2 0.001 0 -1 13,1 0.001 -1 0 12.0169 185 14,14 0.001 1 -1 13,13 0.001 1 0 13,14 0.001 -1 -1 15.0131 215 ::f,0,0 f,0,15 f,12,1 f,14,15 
76:1,2 0.001 0 -1 2,2 0.003 -1 0 2,3 0.001 1 1 0.003 38 2,13 0.001 0 -1 1,14 0.001 -1 -1 1,13 0.001 1 0 16.0159 185 14,1 0.001 -1 -1 13,2 0.001 -1 -1 13,1 0.001 -1 0 16.017 200 14,14 0.001 1 -1 13,13 0.001 1 -1 13,14 0.001 -1 0 15.0131 215 ::f,0,0 f,0,15 f,12,0 f,14,15 
77:1,2 0.001 0 -1 2,2 0.003 -1 0 2,3 0.001 1 0 0.003 38 2,13 0.001 0 -1 1,14 0.001 -1 0 1,13 0.001 1 0 16.0159 185 14,1 0.001 -1 0 13,2 0.001 -1 -1 13,1 0.001 -1 1 16.017 200 14,14 0.001 0 -1 13,13 0.001 1 -1 13,14 0.001 -1 0 15.0131 215 ::f,0,0 f,0,15 f,12,0 f,14,15 
78:1,2 0.001 -1 -1 2,2 0.003 -1 0 2,3 0.001 1 0 0.003 38 2,13 0.001 -1 -1 1,14 0.001 -1 0 1,13 0.001 1 -1 16.0159 185 14,1 0.001 -1 0 13,2 0.001 -1 0 13,1 0.001 -1 1 16.017 200 14,13 0.001 0 -1 13,13 0.001 0 -1 13,14 0.001 -1 1 15.0141 215 ::f,0,0 f,0,15 f,12,0 f,14,15 
79:1,2 0.001 -1 -1 2,2 0.003 -1 0 2,3 0.001 1 -1 0.003 38 2,13 0.001 -1 -1 1,14 0.001 -1 1 1,13 0.001 1 -1 16.0159 185 14,1 0.001 -1 0 13,2 0.001 -1 0 13,1 0.001 0 1 16.017 200 14,13 0.001 0 -1 13,13 0.001 0 -1 13,14 0.001 -1 1 15.0141 215 ::f,0,0 f,0,15 f,12,0 f,14,15 
80:1,2 0.001 -1 0 2,2 0.003 -1 0 2,3 0.001 1 -1 0.003 38 2,13 0.001 -1 0 1,14 0.001 -1 1 1,13 0.001 0 -1 22.016 200 14,1 0.001 -1 1 13,2 0.001 -1 1 13,1 0.001 0 1 16.017 200 14,13 0.001 -1 -1 13,13 0.001 -1 -1 13,14 0.001 0 1 15.0141 215 ::f,0,0 f,3,12 f,12,0 f,14,15 
81:1,2 0.001 -1 0 2,2 0.003 -1 0 2,3 0.001 0 -1 0.003 38 2,13 0.001 -1 0 1,14 0.001 0 1 1,13 0.001 0 -1 22.016 200 14,1 0.001 -1 1 13,2 0.001 -1 1 13,1 0.001 0 1 16.017 200 14,13 0.001 -1 -1 13,13 0.001 -1 -1 13,14 0.001 0 1 15.0141 215 ::f,0,0 f,3,12 f,12,0 f,14,15 
82:1,2 0.001 -1 1 2,2 0.003 -1 0 2,3 0.001 0 -1 0.003 38 2,13 0.001 -1 0 1,14 0.001 0 1 1,13 0.001 -1 -1 22.016 200 14,1 0.001 0 1 13,2 0.001 0 1 13,1 0.001 1 1 16.017 200 14,13 0.001 -1 0 13,13 0.001 -1 0 13,14 0.001 1 1 15.0141 215 ::f,0,0 f,3,12 f,12,0 f,14,15 
83:1,2 0.001 -1 1 2,2 0.003 -1 0 2,3 0.001 0 -1 0.003 38 2,13 0.001 -1 1 1,14 0.001 1 1 1,13 0.001 -1 -1 22.016 200 14,1 0.001 0 1 13,2 0.001 0 1 13,1 0.001 1 1 16.017 200 14,13 0.001 -1 0 13,13 0.001 -1 0 13,14 0.001 1 1 19.0142 230 ::f,0,0 f,3,12 f,12,0 f,15,14 
84:1,2 0.001 0 1 2,2 0.003 -1 0 2,3 0.001 -1 -1 0.003 38 2,13 0.001 -1 1 1,14 0.001 1 1 1,13 0.001 -1 0 22.016 200 14,1 0.001 1 1 13,2 0.001 1 1 13,1 0.001 1 0 16.017 200 14,13 0.001 -1 0 13,13 0.001 -1 1 13,14 0.001 1 0 19.0142 230 ::f,0,0 f,3,12 f,12,0 f,15,14 
85:1,2 0.001 0 1 2,2 0.003 -1 0 2,3 0.001 -1 -1 0.003 38 2,13 0.001 0 1 1,14 0.001 1 0 1,13 0.001 -1 0 22.016 200 14,1 0.001 1 1 13,2 0.001 1 1 13,1 0.001 1 0 16.017 200 14,13 0.001 -1 1 13,13 0.001 -1 1 14,14 0.001 1 0 19.0152 230 ::f,0,0 f,3,12 f,12,0 f,15,14 
86:1,2 0.001 1 1 2,2 0.003 -1 0 2,3 0.001 -1 0 0.003 38 2,13 0.001 0 1 2,14 0.001 1 0 1,13 0.001 -1 1 22.017 200 14,1 0.001 1 0 13,2 0.001 1 0 13,1 0.001 1 -1 16.017 200 14,13 0.001 -1 1 13,13 0.001 0 1 14,14 0.001 1 0 24.0153 245 ::f,0,0 f,3,12 f,12,0 f,15,12 
87:1,2 0.001 1 1 2,2 0.003 -1 0 2,3 0.001 -1 0 0.003 38 2,13 0.001 1 1 2,14 0.001 1 0 1,13 0.001 -1 1 22.017 200 14,1 0.001 1 0 14,2 0.001 1 0 13,1 0.001 1 -1 16.018 200 14,13 0.001 0 1 13,14 0.001 0 1 14,14 0.001 1 -1 24.0163 245 ::f,0,0 f,3,12 f,12,0 f,15,12 
88:1,2 0.001 1 0 2,2 0.003 -1 0 2,3 0.001 -1 1 0.003 38 2,13 0.001 1 1 2,14 0.001 1 -1 1,13 0.001 0 1 22.017 200 14,1 0.001 1 -1 14,2 0.001 1 0 13,1 0.001 0 -1 16.018 200 14,13 0.001 0 1 13,14 0.001 0 1 14,14 0.001 1 -1 24.0163 245 ::f,0,0 f,3,12 f,12,0 f,15,12 
89:1,2 0.001 1 0 2,2 0.003 -1 0 2,3 0.001 -1 1 0.003 38 2,13 0.001 1 0 2,14 0.001 1 -1 1,14 0.001 0 1 22.018 200 14,1 0.001 1 -1 14,2 0.001 1 -1 13,1 0.001 0 -1 16.018 200 14,13 0.001 1 1 13,14 0.001 1 1 14,14 0.001 0 -1 24.0163 245 ::f,0,0 f,3,12 f,12,0 f,15,12 
90:1,2 0.001 1 0 2,2 0.003 -1 0 2,3 0.001 0 1 0.003 38 2,13 0.001 1 0 2,14 0.001 0 -1 1,14 0.001 0 1 22.018 200 14,1 0.001 0 -1 14,2 0.001 1 -1 13,1 0.001 -1 -1 16.018 200 14,13 0.001 1 1 13,14 0.001 1 1 14,14 0.001 0 -1 24.0163 245 ::f,0,0 f,3,12 f,12,0 f,15,12 
91:1,2 0.001 1 -1 2,2 0.003 -1 0 2,3 0.001 0 1 0.003 38 2,13 0.001 1 -1 2,14 0.001 0 -1 1,14 0.001 1 1 22.018 200 14,1 0.001 0 -1 14,2 0.001 0 -1 13,1 0.001 -1 -1 21.0181 215 14,13 0.001 1 0 13,14 0.001 1 0 14,14 0.001 0 -1 24.0163 245 ::f,0,0 f,3,12 f,13,3 f,15,12 
92:1,2 0.001 1 -1 2,2 0.003 -1 0 2,3 0.001 1 1 0.003 38 2,13 0.001 1 -1 2,14 0.001 0 -1 1,14 0.001 1 1 23.0181 215 14,1 0.001 -1 -1 14,2 0.001 0 -1 13,1 0.001 -1 0 21.0181 215 14,13 0.001 1 0 13,14 0.001 1 0 14,14 0.001 -1 -1 24.0163 245 ::f,0,0 f,3,12 f,13,3 f,15,12 
93:1,2 0.001 0 -1 2,2 0.003 -1 0 2,3 0.001 1 1 0.003 38 2,13 0.001 0 -1 2,14 0.001 -1 -1 1,14 0.001 1 0 23.0181 215 14,1 0.001 -1 -1 14,2 0.001 0 -1 13,1 0.001 -1 0 21.0181 215 14,13 0.001 1 -1 13,14 0.001 1 0 14,14 0.001 -1 -1 24.0163 245 ::f,0,0 f,3,12 f,13,3 f,15,12 
94:1,2 0.001 0 -1 2,2 0.003 -1 0 2,3 0.001 1 0 0.003 38 2,13 0.001 0 -1 2,14 0.001 -1 -1 1,14 0.001 1 0 23.0181 215 14,1 0.001 -1 0 14,2 0.001 -1 -1 13,1 0.001 -1 1 21.0181 215 14,13 0.001 1 -1 13,14 0.001 1 0 14,14 0.001 -1 0 27.0164 260 ::f,0,0 f,3,12 f,13,3 f,15,14 
95:1,2 0.001 -1 -1 2,2 0.003 -1 0 2,3 0.001 1 0 0.003 38 2,13 0.001 -1 -1 2,14 0.001 -1 0 1,14 0.001 1 0 23.0181 215 14,1 0.001 -1 0 14,2 0.001 -1 -1 13,1 0.001 -1 1 21.0181 215 14,13 0.001 0 -1 13,14 0.001 1 0 14,14 0.001 -1 0 27.0164 260 ::f,0,0 f,3,12 f,13,3 f,15,14 
96:1,2 0.001 -1 -1 2,2 0.003 -1 0 2,3 0.001 1 -1 0.003 38 2,13 0.001 -1 -1 2,14 0.001 -1 0 1,14 0.001 1 -1 23.0181 215 14,1 0.001 -1 0 14,2 0.001 -1 0 13,1 0.001 0 1 21.0181 215 14,13 0.001 0 -1 13,14 0.001 1 -1 14,14 0.001 -1 1 27.0164 260 ::f,0,0 f,3,12 f,13,3 f,15,14 
97:1,2 0.001 -1 0 2,2 0.003 -1 0 2,3 0.001 1 -1 0.003 38 2,13 0.001 -1 0 2,14 0.001 -1 1 1,14 0.001 1 -1 23.0181 215 14,1 0.001 -1 1 14,2 0.001 -1 0 13,2 0.001 0 1 21.0191 215 14,13 0.001 -1 -1 13,14 0.001 1 -1 14,14 0.001 -1 1 27.0164 260 ::f,0,0 f,3,12 f,13,3 f,15,14 
98:1,2 0.001 -1 0 2,2 0.003 -1 0 2,3 0.001 0 -1 0.003 38 1,13 0.001 -1 0 2,14 0.001 -1 1 1,14 0.001 1 -1 23.0191 215 14,1 0.001 -1 1 14,2 0.001 -1 1 13,2 0.001 0 1 27.0192 230 14,13 0.001 -1 -1 13,14 0.001 0 -1 14,14 0.001 0 1 27.0164 260 ::f,0,0 f,3,12 f,12,1 f,15,14 
99:1,2 0.001 -1 1 2,2 0.003 -1 0 2,3 0.001 0 -1 0.003 38 1,13 0.001 -1 0 2,14 0.001 0 1 1,14 0.001 0 -1 23.0191 215 14,1 0.001 0 1 14,2 0.001 -1 1 13,2 0.001 1 1 27.0192 230 14,13 0.001 -1 0 13,14 0.001 0 -1 14,14 0.001 0 1 27.0164 260 ::f,0,0 f,3,12 f,12,1 f,15,14 
100:1,2 0.001 -1 1 2,2 0.003 -1 0 2,3 0.001 0 -1 0.003 38 1,13 0.001 -1 1 2,14 0.001 0 1 1,14 0.001 0 -1 23.0191 215 14,1 0.001 0 1 14,2 0.001 0 1 13,2 0.001 1 1 27.0192 230 13,13 0.001 -1 0 13,14 0.001 -1 -1 14,14 0.001 1 1 27.0174 260 ::f,0,0 f,3,12 f,12,1 f,15,14 
101:1,2 0.001 0 1 2,2 0.003 -1 0 2,3 0.001 -1 -1 0.003 38 1,13 0.001 -1 1 2,14 0.001 1 1 1,14 0.001 -1 -1 23.0191 215 14,1 0.001 1 1 14,2 0.001 0 1 13,2 0.001 1 0 27.0192 230 13,13 0.001 -1 0 13,14 0.001 -1 -1 14,14 0.001 1 1 27.0174 260 ::f,0,0 f,3,12 f,12,1 f,15,14 
102:1,2 0.001 0 1 2,2 0.003 -1 0 2,3 0.001 -1 -1 0.003 38 1,13 0.001 0 1 2,14 0.001 1 1 1,14 0.001 -1 -1 23.0191 215 14,1 0.001 1 1 14,2 0.001 1 1 13,2 0.001 1 0 27.0192 230 13,13 0.001 -1 1 13,14 0.001 -1 0 14,14 0.001 1 0 27.0174 260 ::f,0,0 f,3,12 f,12,1 f,15,14 
103:1,2 0.001 1 1 2,2 0.003 -1 0 2,3 0.001 -1 0 0.003 38 1,13 0.001 0 1 2,14 0.001 1 0 1,14 0.001 -1 0 23.0191 215 14,1 0.001 1 0 14,2 0.001 1 1 13,2 0.001 1 0 27.0192 230 13,13 0.001 -1 1 13,14 0.001 -1 0 14,14 0.001 1 0 33.0175 275 ::f,0,0 f,3,12 f,12,1 f,12,15 
104:1,2 0.001 1 1 2,2 0.003 -1 0 2,3 0.001 -1 0 0.003 38 1,13 0.001 0 1 2,14 0.001 1 0 1,14 0.001 -1 0 23.0191 215 14,1 0.001 1 0 14,2 0.001 1 0 13,2 0.001 1 -1 27.0192 230 13,13 0.001 0 1 13,14 0.001 -1 1 14,14 0.001 1 -1 33.0175 275 ::f,0,0 f,3,12 f,12,1 f,12,15 
105:1,2 0.001 1 0 2,2 0.003 -1 0 2,3 0.001 -1 1 0.003 38 1,13 0.001 1 1 2,14 0.001 1 -1 1,14 0.001 -1 1 23.0191 215 14,1 0.001 1 -1 14,2 0.001 1 0 13,2 0.001 1 -1 27.0192 230 13,13 0.001 0 1 13,14 0.001 -1 1 14,14 0.001 1 -1 37.0176 290 ::f,0,0 f,3,12 f,12,1 f,15,12 
106:1,2 0.001 1 0 2,2 0.003 -1 0 2,3 0.001 -1 1 0.003 38 1,13 0.001 1 1 2,14 0.001 1 -1 1,14 0.001 -1 1 23.0191 215 14,1 0.001 1 -1 14,2 0.001 1 -1 13,2 0.001 0 -1 27.0192 230 13,13 0.001 0 1 13,14 0.001 0 1 14,14 0.001 0 -1 37.0176 290 ::f,0,0 f,3,12 f,12,1 f,15,12 
107:1,2 0.001 1 0 2,2 0.003 -1 0 2,3 0.001 0 1 0.003 38 1,13 0.001 1 0 2,14 0.001 0 -1 1,14 0.001 0 1 23.0191 215 14,1 0.001 0 -1 14,2 0.001 1 -1 13,2 0.001 0 -1 27.0192 230 13,13 0.001 1 1 13,14 0.001 0 1 14,13 0.001 0 -1 37.0186 290 ::f,0,0 f,3,12 f,12,1 f,15,12 
108:1,2 0.001 1 -1 2,2 0.003 -1 0 2,3 0.001 0 1 0.003 38 1,13 0.001 1 0 2,13 0.001 0 -1 1,14 0.001 0 1 23.0201 215 14,1 0.001 0 -1 14,2 0.001 0 -1 13,2 0.001 -1 -1 27.0192 230 13,13 0.001 1 1 13,14 0.001 1 1 14,13 0.001 0 -1 37.0186 290 ::f,0,0 f,3,12 f,12,1 f,15,12 
109:1,2 0.001 1 -1 2,2 0.003 -1 0 2,3 0.001 1 1 0.003 38 1,13 0.001 1 -1 2,13 0.001 0 -1 1,14 0.001 1 1 23.0201 215 14,1 0.001 -1 -1 14,2 0.001 0 -1 13,2 0.001 -1 -1 34.0193 245 13,13 0.001 1 0 13,14 0.001 1 1 14,13 0.001 -1 -1 37.0186 290 ::f,0,0 f,3,12 f,12,2 f,15,12 
110:1,2 0.001 0 -1 2,2 0.003 -1 0 2,3 0.001 1 1 0.003 38 1,13 0.001 1 -1 2,13 0.001 -1 -1 1,14 0.001 1 1 23.0201 215 14,1 0.001 -1 -1 14,2 0.001 0 -1 13,2 0.001 -1 0 34.0193 245 13,13 0.001 1 0 13,14 0.001 1 0 14,13 0.001 -1 -1 37.0186 290 ::f,0,0 f,3,12 f,12,2 f,15,12 
111:1,2 0.001 0 -1 2,2 0.003 -1 0 2,3 0.001 1 0 0.003 38 1,13 0.001 0 -1 2,13 0.001 -1 -1 1,14 0.001 1 0 23.0201 215 14,1 0.001 -1 0 14,2 0.001 -1 -1 13,2 0.001 -1 0 42.0194 260 13,13 0.001 1 -1 14,14 0.001 1 0 14,13 0.001 -1 0 37.0196 290 ::f,0,0 f,3,12 f,15,1 f,15,12 
112:1,2 0.001 -1 -1 2,2 0.003 -1 0 2,3 0.001 1 0 0.003 38 1,13 0.001 0 -1 2,13 0.001 -1 0 2,14 0.001 1 0 23.0211 215 13,1 0.001 -1 0 14,2 0.001 -1 -1 13,2 0.001 -1 1 42.0204 260 13,13 0.001 1 -1 14,14 0.001 1 0 14,13 0.001 -1 0 37.0196 290 ::f,0,0 f,3,12 f,15,1 f,15,12 
113:1,2 0.001 -1 -1 2,2 0.003 -1 0 2,3 0.001 1 -1 0.003 38 1,13 0.001 -1 -1 2,13 0.001 -1 0 2,14 0.001 1 0 23.0211 215 13,1 0.001 -1 0 14,2 0.001 -1 0 13,2 0.001 -1 1 42.0204 260 13,13 0.001 0 -1 14,14 0.001 1 -1 14,13 0.001 -1 0 37.0196 290 ::f,0,0 f,3,12 f,15,1 f,15,12 
114:1,2 0.001 -1 0 2,2 0.003 -1 0 2,3 0.001 1 -1 0.003 38 1,13 0.001 -1 -1 2,13 0.001 -1 0 2,14 0.001 1 -1 23.0211 215 13,1 0.001 -1 1 14,2 0.001 -1 0 13,2 0.001 0 1 42.0204 260 13,13 0.001 0 -1 14,14 0.001 1 -1 14,13 0.001 -1 1 37.0196 290 ::f,0,0 f,3,12 f,15,1 f,15,12 
115:1,2 0.001 -1 0 2,2 0.003 -1 0 2,3 0.001 0 -1 0.003 38 1,13 0.001 -1 0 2,13 0.001 -1 1 2,14 0.001 1 -1 23.0211 215 13,1 0.001 -1 1 14,2 0.001 -1 1 13,2 0.001 0 1 42.0204 260 13,13 0.001 -1 -1 14,14 0.001 0 -1 14,13 0.001 -1 1 37.0196 290 ::f,0,0 f,3,12 f,15,1 f,15,12 
116:1,2 0.001 -1 1 2,2 0.003 -1 0 2,3 0.001 0 -1 0.003 38 1,13 0.001 -1 0 2,13 0.001 -1 1 2,14 0.001 0 -1 23.0211 215 13,1 0.001 0 1 14,2 0.001 -1 1 13,2 0.001 1 1 42.0204 260 13,13 0.001 -1 -1 14,14 0.001 0 -1 14,13 0.001 0 1 37.0196 290 ::f,0,0 f,3,12 f,15,1 f,15,12 
117:1,2 0.001 -1 1 2,2 0.003 -1 0 2,3 0.001 0 -1 0.003 38 1,13 0.001 -1 1 2,13 0.001 0 1 2,14 0.001 0 -1 23.0211 215 13,1 0.001 0 1 14,2 0.001 0 1 13,2 0.001 1 1 42.0204 260 13,13 0.001 -1 0 14,14 0.001 0 -1 14,13 0.001 0 1 37.0196 290 ::f,0,0 f,3,12 f,15,1 f,15,12 
118:1,2 0.001 0 1 2,2 0.003 -1 0 2,3 0.001 -1 -1 0.003 38 1,13 0.001 -1 1 2,13 0.001 0 1 2,14 0.001 0 -1 23.0211 215 13,1 0.001 0 1 14,2 0.001 0 1 13,2 0.001 1 0 42.0204 260 13,13 0.001 -1 0 14,14 0.001 -1 -1 14,13 0.001 1 1 37.0196 290 ::f,0,0 f,3,12 f,15,1 f,15,12 
119:1,2 0.001 0 1 2,2 0.003 -1 0 2,3 0.001 -1 -1 0.003 38 1,13 0.001 0 1 2,13 0.001 1 1 2,14 0.001 -1 -1 23.0211 215 13,1 0.001 1 1 14,2 0.001 1 1 13,2 0.001 1 0 42.0204 260 13,13 0.001 -1 1 14,14 0.001 -1 -1 14,13 0.001 1 1 37.0196 290 ::f,0,0 f,3,12 f,15,1 f,15,12 
120:1,2 0.001 1 1 2,2 0.003 -1 0 2,3 0.001 -1 0 0.003 38 1,14 0.001 0 1 2,13 0.001 1 1 2,14 0.001 -1 -1 23.0221 215 13,1 0.001 1 1 14,2 0.001 1 1 13,2 0.001 1 0 42.0204 260 13,13 0.001 -1 1 14,14 0.001 -1 0 14,13 0.001 1 0 37.0196 290 ::f,0,0 f,3,12 f,15,1 f,15,12 
121:1,2 0.001 1 1 2,2 0.003 -1 0 2,3 0.001 -1 0 0.003 38 1,14 0.001 0 1 2,13 0.001 1 0 2,14 0.001 -1 0 23.0221 215 13,1 0.001 1 0 14,2 0.001 1 0 13,2 0.001 1 -1 42.0204 260 13,13 0.001 0 1 14,14 0.001 -1 0 14,13 0.001 1 0 37.0196 290 ::f,0,0 f,3,12 f,15,1 f,15,12 
122:1,2 0.001 1 0 2,2 0.003 -1 0 2,3 0.001 -1 1 0.003 38 1,14 0.001 1 1 2,13 0.001 1 0 2,14 0.001 -1 0 23.0221 215 14,1 0.001 1 0 14,2 0.001 1 0 13,2 0.001 1 -1 42.0214 260 13,14 0.001 0 1 14,14 0.001 -1 1 14,13 0.001 1 -1 37.0206 290 ::f,0,0 f,3,12 f,15,1 f,15,12 
123:1,2 0.001 1 0 2,2 0.003 -1 0 2,3 0.001 -1 1 0.003 38 1,14 0.001 1 1 2,13 0.001 1 -1 2,14 0.001 -1 1 23.0221 215 14,1 0.001 1 0 14,2 0.001 1 -1 13,2 0.001 1 -1 46.0215 275 13,14 0.001 0 1 14,14 0.001 -1 1 14,13 0.001 1 -1 44.0207 305 ::f,0,0 f,3,12 f,15,0 f,15,15 
124:1,2 0.001 1 0 2,2 0.003 -1 0 2,3 0.001 0 1 0.003 38 1,14 0.001 1 0 2,13 0.001 1 -1 2,14 0.001 -1 1 30.0222 230 14,1 0.001 1 -1 14,2 0.001 1 -1 13,2 0.001 1 -1 46.0215 275 13,14 0.001 1 1 14,14 0.001 0 1 14,13 0.001 0 -1 44.0207 305 ::f,0,0 f,1,13 f,15,0 f,15,15 
125:1,2 0.001 1 -1 2,2 0.003 -1 0 2,3 0.001 0 1 0.003 38 1,14 0.001 1 0 2,13 0.001 0 -1 2,14 0.001 0 1 30.0222 230 14,1 0.001 1 -1 14,2 0.001 0 -1 13,2 0.001 0 -1 51.0216 290 13,14 0.001 1 1 14,14 0.001 0 1 14,13 0.001 0 -1 44.0207 305 ::f,0,0 f,1,13 f,12,3 f,15,15 
126:1,2 0.001 1 -1 2,2 0.003 -1 0 2,3 0.001 1 1 0.003 38 1,14 0.001 1 0 2,13 0.001 0 -1 2,14 0.001 0 1 30.0222 230 14,1 0.001 0 -1 14,2 0.001 0 -1 13,2 0.001 -1 -1 51.0216 290 13,14 0.001 1 0 14,14 0.001 1 1 14,13 0.001 -1 -1 44.0207 305 ::f,0,0 f,1,13 f,12,3 f,15,15 
127:1,2 0.001 0 -1 2,2 0.003 -1 0 2,3 0.001 1 1 0.003 38 1,14 0.001 1 -1 2,13 0.001 -1 -1 2,14 0.001 1 1 30.0222 230 14,1 0.001 0 -1 14,2 0.001 0 -1 13,2 0.001 -1 -1 51.0216 290 13,14 0.001 1 0 14,14 0.001 1 1 14,13 0.001 -1 -1 49.0208 320 ::f,0,0 f,1,13 f,12,3 f,13,13 
128:1,2 0.001 0 -1 2,2 0.003 -1 0 2,3 0.001 1 0 0.003 38 1,14 0.001 1 -1 2,13 0.001 -1 -1 2,14 0.001 1 1 30.0222 230 14,1 0.001 -1 -1 14,2 0.001 -1 -1 13,2 0.001 -1 0 51.0216 290 13,14 0.001 1 0 14,14 0.001 1 0 14,13 0.001 -1 0 49.0208 320 ::f,0,0 f,1,13 f,12,3 f,13,13 
129:1,2 0.001 -1 -1 2,2 0.003 -1 0 2,3 0.001 1 0 0.003 38 1,14 0.001 0 -1 2,13 0.001 -1 0 2,14 0.001 1 0 30.0222 230 14,1 0.001 -1 -1 14,2 0.001 -1 -1 13,2 0.001 -1 0 51.0216 290 13,14 0.001 1 -1 14,14 0.001 1 0 14,13 0.001 -1 0 49.0208 320 ::f,0,0 f,1,13 f,12,3 f,13,13 
130:1,2 0.001 -1 -1 2,2 0.003 -1 0 2,3 0.001 1 -1 0.003 38 1,14 0.001 0 -1 1,13 0.001 -1 0 2,14 0.001 1 0 32.0233 245 14,1 0.001 -1 0 14,2 0.001 -1 0 13,2 0.001 -1 1 51.0216 290 13,14 0.001 1 -1 14,14 0.001 1 -1 14,13 0.001 -1 0 57.0209 335 ::f,0,0 f,0,12 f,12,3 f,15,13 
131:1,2 0.001 -1 0 2,2 0.003 -1 0 2,3 0.001 1 -1 0.003 38 1,14 0.001 -1 -1 1,13 0.001 -1 0 2,14 0.001 1 -1 32.0233 245 13,1 0.001 -1 0 14,2 0.001 -1 0 13,2 0.001 -1 1 60.0227 305 13,14 0.001 0 -1 14,14 0.001 1 -1 14,13 0.001 -1 1 63.021 350 ::f,0,0 f,0,12 f,13,3 f,13,15 
132:1,2 0.001 -1 0 2,2 0.003 -1 0 2,3 0.001 0 -1 0.003 38 1,14 0.001 -1 -1 1,13 0.001 -1 1 2,14 0.001 1 -1 32.0233 245 13,1 0.001 -1 0 14,2 0.001 -1 1 13,2 0.001 0 1 60.0227 305 13,14 0.001 0 -1 14,14 0.001 0 -1 14,13 0.001 -1 1 63.021 350 ::f,0,0 f,0,12 f,13,3 f,13,15 
133:1,2 0.001 -1 1 2,2 0.003 -1 0 2,3 0.001 0 -1 0.003 38 1,14 0.001 -1 0 1,13 0.001 -1 1 2,14 0.001 0 -1 32.0233 245 13,1 0.001 -1 1 14,2 0.001 -1 1 13,2 0.001 0 1 61.0228 320 13,14 0.001 -1 -1 14,14 0.001 0 -1 14,13 0.001 0 1 63.021 350 ::f,0,0 f,0,12 f,13,15 f,14,1 
134:1,2 0.001 -1 1 2,2 0.003 -1 0 2,3 0.001 0 -1 0.003 38 1,14 0.001 -1 0 1,13 0.001 0 1 2,13 0.001 0 -1 32.0243 245 13,1 0.001 -1 1 14,2 0.001 0 1 13,2 0.001 1 1 61.0228 320 13,14 0.001 -1 -1 14,14 0.001 0 -1 14,13 0.001 0 1 63.021 350 ::f,0,0 f,0,12 f,13,15 f,14,1 
135:1,2 0.001 0 1 2,2 0.003 -1 0 2,3 0.001 -1 -1 0.003 38 1,14 0.001 -1 1 1,13 0.001 0 1 2,13 0.001 0 -1 32.0243 245 13,1 0.001 0 1 14,2 0.001 0 1 13,2 0.001 1 1 61.0228 320 13,14 0.001 -1 0 14,14 0.001 -1 -1 14,13 0.001 1 1 63.021 350 ::f,0,0 f,0,12 f,13,15 f,14,1 
136:1,2 0.001 0 1 2,2 0.003 -1 0 2,3 0.001 -1 -1 0.003 38 1,14 0.001 -1 1 1,13 0.001 0 1 2,13 0.001 -1 -1 32.0243 245 13,1 0.001 0 1 14,2 0.001 1 1 13,2 0.001 1 0 61.0228 320 13,14 0.001 -1 0 14,14 0.001 -1 -1 14,13 0.001 1 1 63.021 350 ::f,0,0 f,0,12 f,13,15 f,14,1 
137:1,2 0.001 1 1 2,2 0.003 -1 0 2,3 0.001 -1 0 0.003 38 1,14 0.001 0 1 1,13 0.001 1 1 2,13 0.001 -1 -1 32.0243 245 13,1 0.001 0 1 14,2 0.001 1 1 13,2 0.001 1 0 61.0228 320 13,14 0.001 -1 1 14,14 0.001 -1 0 14,13 0.001 1 0 63.021 350 ::f,0,0 f,0,12 f,13,15 f,14,1 
138:1,2 0.001 1 1 2,2 0.003 -1 0 2,3 0.001 -1 0 0.003 38 1,14 0.001 0 1 1,13 0.001 1 1 2,13 0.001 -1 0 32.0243 245 13,1 0.001 1 1 14,2 0.001 1 0 13,2 0.001 1 0 61.0228 320 13,14 0.001 -1 1 14,14 0.001 -1 0 14,13 0.001 1 0 63.021 350 ::f,0,0 f,0,12 f,13,15 f,14,1 
139:1,2 0.001 1 0 2,2 0.003 -1 0 2,3 0.001 -1 1 0.003 38 1,14 0.001 1 1 1,13 0.001 1 0 2,13 0.001 -1 0 32.0243 245 13,1 0.001 1 1 14,2 0.001 1 0 13,2 0.001 1 -1 61.0228 320 13,14 0.001 0 1 14,14 0.001 -1 1 14,13 0.001 1 -1 63.021 350 ::f,0,0 f,0,12 f,13,15 f,14,1 
140:1,2 0.001 1 0 2,2 0.003 -1 0 2,3 0.001 -1 1 0.003 38 1,14 0.001 1 1 1,13 0.001 1 0 2,13 0.001 -1 0 32.0243 245 13,1 0.001 1 0 14,2 0.001 1 -1 13,2 0.001 1 -1 71.0229 335 13,14 0.001 0 1 14,14 0.001 -1 1 14,13 0.001 1 -1 67.0211 365 ::f,0,0 f,0,12 f,12,2 f,13,13 
141:1,2 0.001 1 0 2,2 0.003 -1 0 2,3 0.001 0 1 0.003 38 1,14 0.001 1 0 1,13 0.001 1 -1 2,13 0.001 -1 1 32.0243 245 13,1 0.001 1 0 14,2 0.001 1 -1 13,2 0.001 0 -1 71.0229 335 13,14 0.001 1 1 14,14 0.001 0 1 14,13 0.001 0 -1 67.0211 365 ::f,0,0 f,0,12 f,12,2 f,13,13 
142:1,2 0.001 1 -1 2,2 0.003 -1 0 2,3 0.001 0 1 0.003 38 2,14 0.001 1 0 1,13 0.001 1 -1 2,13 0.001 -1 1 32.0253 245 13,1 0.001 1 -1 14,2 0.001 0 -1 13,2 0.001 0 -1 71.0229 335 13,14 0.001 1 1 14,14 0.001 0 1 14,13 0.001 0 -1 67.0211 365 ::f,0,0 f,0,12 f,12,2 f,13,13 
143:1,2 0.001 1 -1 2,2 0.003 -1 0 2,3 0.001 1 1 0.003 38 2,14 0.001 1 0 1,13 0.001 0 -1 2,13 0.001 0 1 32.0253 245 13,1 0.001 1 -1 14,1 0.001 0 -1 13,2 0.001 -1 -1 71.0239 335 13,14 0.001 1 0 14,14 0.001 1 1 14,13 0.001 -1 -1 67.0211 365 ::f,0,0 f,0,12 f,12,2 f,13,13 
144:1,2 0.001 0 -1 2,2 0.003 -1 0 2,3 0.001 1 1 0.003 38 2,14 0.001 1 -1 1,13 0.001 0 -1 2,13 0.001 0 1 32.0253 245 13,1 0.001 0 -1 14,1 0.001 0 -1 13,2 0.001 -1 -1 71.0239 335 13,14 0.001 1 0 14,14 0.001 1 1 14,13 0.001 -1 -1 67.0211 365 ::f,0,0 f,0,12 f,12,2 f,13,13 
145:1,2 0.001 0 -1 2,2 0.003 -1 0 2,3 0.001 1 0 0.003 38 2,14 0.001 1 -1 1,13 0.001 -1 -1 2,13 0.001 1 1 32.0253 245 13,1 0.001 0 -1 14,1 0.001 -1 -1 13,2 0.001 -1 0 71.0239 335 13,14 0.001 1 0 14,14 0.001 1 0 14,13 0.001 -1 0 67.0211 365 ::f,0,0 f,0,12 f,12,2 f,13,13 
146:1,2 0.001 -1 -1 2,2 0.003 -1 0 2,3 0.001 1 0 0.003 38 2,14 0.001 0 -1 1,13 0.001 -1 -1 2,13 0.001 1 1 40.0254 260 13,1 0.001 -1 -1 14,1 0.001 -1 -1 13,2 0.001 -1 0 81.024 350 13,14 0.001 1 -1 14,14 0.001 1 0 14,13 0.001 -1 0 67.0211 365 ::f,0,0 f,0,15 f,13,3 f,13,13 
147:1,2 0.001 -1 -1 2,2 0.003 -1 0 2,3 0.001 1 -1 0.003 38 2,14 0.001 0 -1 1,13 0.001 -1 0 2,13 0.001 1 0 40.0254 260 13,1 0.001 -1 -1 14,1 0.001 -1 0 13,2 0.001 -1 1 81.024 350 13,14 0.001 1 -1 14,14 0.001 1 -1 14,13 0.001 -1 0 76.0212 380 ::f,0,0 f,0,15 f,12,12 f,13,3 
148:1,2 0.001 -1 0 2,2 0.003 -1 0 2,3 0.001 1 -1 0.003 38 2,14 0.001 0 -1 1,13 0.001 -1 0 2,13 0.001 1 0 40.0254 260 13,1 0.001 -1 0 14,1 0.001 -1 0 13,2 0.001 -1 1 81.024 350 13,14 0.001 0 -1 14,14 0.001 1 -1 14,13 0.001 -1 1 76.0212 380 ::f,0,0 f,0,15 f,12,12 f,13,3 
149:1,2 0.001 -1 0 2,2 0.003 -1 0 2,3 0.001 0 -1 0.003 38 2,14 0.001 -1 -1 1,13 0.001 -1 1 2,13 0.001 1 -1 40.0254 260 13,1 0.001 -1 0 14,1 0.001 -1 0 13,2 0.001 0 1 81.024 350 13,14 0.001 0 -1 14,14 0.001 0 -1 14,13 0.001 -1 1 76.0212 380 ::f,0,0 f,0,15 f,12,12 f,13,3 
150:1,2 0.001 -1 1 2,2 0.003 -1 0 2,3 0.001 0 -1 0.003 38 2,14 0.001 -1 -1 1,13 0.001 -1 1 2,13 0.001 1 -1 40.0254 260 13,1 0.001 -1 1 14,1 0.001 -1 1 13,2 0.001 0 1 91.0241 365 13,14 0.001 -1 -1 14,14 0.001 0 -1 14,13 0.001 0 1 76.0212 380 ::f,0,0 f,0,15 f,12,12 f,15,0 
151:1,2 0.001 -1 1 2,2 0.003 -1 0 2,3 0.001 0 -1 0.003 38 2,14 0.001 -1 0 1,13 0.001 0 1 2,13 0.001 0 -1 40.0254 260 13,1 0.001 -1 1 14,1 0.001 -1 1 13,2 0.001 1 1 91.0241 365 13,14 0.001 -1 -1 14,14 0.001 0 -1 14,13 0.001 0 1 76.0212 380 ::f,0,0 f,0,15 f,12,12 f,15,0 
152:1,2 0.001 0 1 2,2 0.003 -1 0 2,3 0.001 -1 -1 0.003 38 2,14 0.001 -1 0 1,14 0.001 0 1 2,13 0.001 0 -1 40.0264 260 13,1 0.001 0 1 14,1 0.001 0 1 13,2 0.001 1 1 91.0241 365 13,14 0.001 -1 0 14,14 0.001 -1 -1 14,13 0.001 1 1 76.0212 380 ::f,0,0 f,0,15 f,12,12 f,15,0 
153:1,2 0.001 0 1 2,2 0.003 -1 0 2,3 0.001 -1 -1 0.003 38 2,14 0.001 -1 1 1,14 0.001 0 1 2,13 0.001 -1 -1 40.0264 260 13,1 0.001 0 1 14,1 0.001 0 1 13,2 0.001 1 0 91.0241 365 13,14 0.001 -1 0 13,13 0.001 -1 -1 14,13 0.001 1 1 76.0222 380 ::f,0,0 f,0,15 f,12,12 f,15,0 
154:1,2 0.001 1 1 2,2 0.003 -1 0 2,3 0.001 -1 0 0.003 38 2,14 0.001 -1 1 1,14 0.001 1 1 2,13 0.001 -1 -1 40.0264 260 13,1 0.001 0 1 14,1 0.001 1 1 14,2 0.001 1 0 91.0251 365 13,14 0.001 -1 1 13,13 0.001 -1 -1 14,13 0.001 1 0 83.0223 395 ::f,0,0 f,0,15 f,14,14 f,15,0 
155:1,2 0.001 1 1 2,2 0.003 -1 0 2,3 0.001 -1 0 0.003 38 2,14 0.001 0 1 1,14 0.001 1 1 2,13 0.001 -1 0 40.0264 260 13,1 0.001 1 1 14,1 0.001 1 1 14,2 0.001 1 0 91.0251 365 13,14 0.001 -1 1 13,13 0.001 -1 0 14,13 0.001 1 0 83.0223 395 ::f,0,0 f,0,15 f,14,14 f,15,0 
156:1,2 0.001 1 0 2,2 0.003 -1 0 2,3 0.001 -1 1 0.003 38 2,14 0.001 0 1 1,14 0.001 1 0 1,13 0.001 -1 0 40.0274 260 13,1 0.001 1 1 14,1 0.001 1 0 14,2 0.001 1 -1 91.0251 365 13,14 0.001 0 1 13,13 0.001 -1 0 14,13 0.001 1 -1 83.0223 395 ::f,0,0 f,0,15 f,14,14 f,15,0 
157:1,2 0.001 1 0 2,2 0.003 -1 0 2,3 0.001 -1 1 0.003 38 2,14 0.001 1 1 1,14 0.001 1 0 1,13 0.001 -1 0 40.0274 260 13,1 0.001 1 0 14,1 0.001 1 0 14,2 0.001 1 -1 91.0251 365 13,14 0.001 0 1 13,13 0.001 -1 1 14,13 0.001 1 -1 83.0223 395 ::f,0,0 f,0,15 f,14,14 f,15,0 
158:1,2 0.001 1 0 2,2 0.003 -1 0 2,3 0.001 0 1 0.003 38 2,14 0.001 1 1 1,14 0.001 1 0 1,13 0.001 -1 1 40.0274 260 13,1 0.001 1 0 14,1 0.001 1 -1 14,2 0.001 0 -1 91.0251 365 13,14 0.001 1 1 13,13 0.001 -1 1 14,13 0.001 0 -1 83.0223 395 ::f,0,0 f,0,15 f,14,14 f,15,0 
159:1,2 0.001 1 -1 2,2 0.003 -1 0 2,3 0.001 0 1 0.003 38 2,14 0.001 1 0 1,14 0.001 1 -1 1,13 0.001 -1 1 40.0274 260 13,1 0.001 1 -1 14,1 0.001 1 -1 14,2 0.001 0 -1 93.0252 380 13,14 0.001 1 1 13,13 0.001 0 1 14,13 0.001 0 -1 83.0223 395 ::f,0,0 f,0,15 f,14,14 f,15,0 
160:1,2 0.001 1 -1 2,2 0.003 -1 0 2,3 0.001 1 1 0.003 38 2,14 0.001 1 0 1,14 0.001 1 -1 1,13 0.001 0 1 40.0274 260 13,1 0.001 1 -1 14,1 0.001 0 -1 14,2 0.001 0 -1 93.0252 380 13,14 0.001 1 0 13,13 0.001 0 1 14,13 0.001 -1 -1 83.0223 395 ::f,0,0 f,0,15 f,14,14 f,15,0 
161:1,2 0.001 0 -1 2,2 0.003 -1 0 2,3 0.001 1 1 0.003 38 2,14 0.001 1 -1 1,14 0.001 0 -1 1,13 0.001 0 1 40.0274 260 13,1 0.001 0 -1 14,1 0.001 0 -1 14,2 0.001 -1 -1 93.0252 380 13,14 0.001 1 0 13,13 0.001 0 1 14,13 0.001 -1 -1 83.0223 395 ::f,0,0 f,0,15 f,14,14 f,15,0 
162:1,2 0.001 0 -1 2,2 0.003 -1 0 2,3 0.001 1 0 0.003 38 2,14 0.001 1 -1 1,14 0.001 0 -1 1,13 0.001 0 1 40.0274 260 13,1 0.001 0 -1 14,1 0.001 -1 -1 14,2 0.001 -1 -1 93.0252 380 13,14 0.001 1 0 13,13 0.001 1 1 14,13 0.001 -1 0 88.0224 410 ::f,0,0 f,0,15 f,12,15 f,15,0 
163:1,2 0.001 -1 -1 2,2 0.003 -1 0 2,3 0.001 1 0 0.003 38 2,14 0.001 0 -1 1,14 0.001 -1 -1 1,13 0.001 1 1 40.0274 260 13,1 0.001 -1 -1 14,1 0.001 -1 -1 14,2 0.001 -1 0 93.0252 380 13,14 0.001 1 -1 13,13 0.001 1 1 14,13 0.001 -1 0 88.0224 410 ::f,0,0 f,0,15 f,12,15 f,15,0 
164:1,2 0.001 -1 -1 2,2 0.003 -1 0 2,3 0.001 1 -1 0.003 38 2,13 0.001 0 -1 1,14 0.001 -1 -1 1,13 0.001 1 1 40.0284 260 13,1 0.001 -1 -1 14,1 0.001 -1 0 14,2 0.001 -1 0 93.0252 380 13,14 0.001 1 -1 13,13 0.001 1 0 14,13 0.001 -1 0 88.0224 410 ::f,0,0 f,0,15 f,12,15 f,15,0 
165:1,2 0.001 -1 0 2,2 0.003 -1 0 2,3 0.001 1 -1 0.003 38 2,13 0.001 0 -1 1,14 0.001 -1 0 1,13 0.001 1 0 40.0284 260 13,1 0.001 -1 0 14,1 0.001 -1 0 14,2 0.001 -1 1 93.0252 380 13,14 0.001 0 -1 13,13 0.001 1 0 14,13 0.001 -1 1 88.0224 410 ::f,0,0 f,0,15 f,12,15 f,15,0 
166:1,2 0.001 -1 0 2,2 0.003 -1 0 2,3 0.001 0 -1 0.003 38 2,13 0.001 -1 -1 1,14 0.001 -1 0 1,13 0.001 1 0 40.0284 260 13,1 0.001 -1 0 14,1 0.001 -1 0 14,2 0.001 -1 1 93.0252 380 13,14 0.001 0 -1 13,13 0.001 1 -1 14,13 0.001 -1 1 88.0224 410 ::f,0,0 f,0,15 f,12,15 f,15,0 
167:1,2 0.001 -1 1 2,2 0.003 -1 0 2,3 0.001 0 -1 0.003 38 2,13 0.001 -1 -1 1,14 0.001 -1 1 1,13 0.001 1 -1 40.0284 260 13,1 0.001 -1 1 14,1 0.001 -1 1 14,2 0.001 0 1 93.0252 380 13,14 0.001 -1 -1 13,13 0.001 1 -1 14,13 0.001 -1 1 88.0224 410 ::f,0,0 f,0,15 f,12,15 f,15,0 
168:1,2 0.001 -1 1 2,2 0.003 -1 0 2,3 0.001 0 -1 0.003 38 2,13 0.001 -1 0 1,14 0.001 -1 1 1,13 0.001 1 -1 49.0285 275 13,1 0.001 -1 1 14,1 0.001 -1 1 14,2 0.001 0 1 93.0252 380 13,14 0.001 -1 -1 13,13 0.001 0 -1 14,13 0.001 0 1 88.0224 410 ::f,0,0 f,3,12 f,12,15 f,15,0 
169:1,2 0.001 0 1 2,2 0.003 -1 0 2,3 0.001 -1 -1 0.003 38 2,13 0.001 -1 0 1,14 0.001 0 1 1,13 0.001 0 -1 49.0285 275 13,1 0.001 0 1 14,1 0.001 0 1 14,2 0.001 1 1 93.0252 380 13,14 0.001 -1 0 13,13 0.001 0 -1 14,13 0.001 0 1 88.0224 410 ::f,0,0 f,3,12 f,12,15 f,15,0 
170:1,2 0.001 0 1 2,2 0.003 -1 0 2,3 0.001 -1 -1 0.003 38 2,13 0.001 -1 0 1,14 0.001 0 1 1,13 0.001 0 -1 49.0285 275 13,2 0.001 0 1 14,1 0.001 0 1 14,2 0.001 1 1 93.0262 380 13,14 0.001 -1 0 13,13 0.001 -1 -1 14,13 0.001 1 1 88.0224 410 ::f,0,0 f,3,12 f,12,15 f,15,0 
171:1,2 0.001 1 1 2,2 0.003 -1 0 2,3 0.001 -1 0 0.003 38 2,13 0.001 -1 1 1,14 0.001 1 1 1,13 0.001 -1 -1 49.0285 275 13,2 0.001 0 1 14,1 0.001 1 1 14,2 0.001 1 0 93.0262 380 13,14 0.001 -1 1 13,13 0.001 -1 -1 14,13 0.001 1 1 88.0224 410 ::f,0,0 f,3,12 f,12,15 f,15,0 
172:1,2 0.001 1 1 2,2 0.003 -1 0 2,3 0.001 -1 0 0.003 38 2,13 0.001 -1 1 1,14 0.001 1 1 1,13 0.001 -1 -1 49.0285 275 13,2 0.001 1 1 14,1 0.001 1 1 14,2 0.001 1 0 93.0262 380 13,14 0.001 -1 1 13,13 0.001 -1 0 14,13 0.001 1 0 94.0225 425 ::f,0,0 f,3,12 f,15,0 f,15,14 
173:1,2 0.001 1 0 2,2 0.003 -1 0 2,3 0.001 -1 1 0.003 38 2,13 0.001 0 1 1,14 0.001 1 0 1,13 0.001 -1 0 49.0285 275 13,2 0.001 1 1 14,1 0.001 1 0 14,2 0.001 1 -1 93.0262 380 13,14 0.001 0 1 13,13 0.001 -1 0 14,13 0.001 1 0 94.0225 425 ::f,0,0 f,3,12 f,15,0 f,15,14 
174:1,2 0.001 1 0 2,2 0.003 -1 0 2,3 0.001 -1 1 0.003 38 2,13 0.001 0 1 2,14 0.001 1 0 1,13 0.001 -1 0 49.0295 275 13,2 0.001 1 0 14,1 0.001 1 0 14,2 0.001 1 -1 93.0262 380 13,14 0.001 0 1 13,13 0.001 -1 1 14,13 0.001 1 -1 94.0225 425 ::f,0,0 f,3,12 f,15,0 f,15,14 
175:1,2 0.001 1 0 2,2 0.003 -1 0 2,3 0.001 0 1 0.003 38 2,13 0.001 1 1 2,14 0.001 1 0 1,13 0.001 -1 1 49.0295 275 13,2 0.001 1 0 14,1 0.001 1 -1 14,2 0.001 0 -1 93.0262 380 13,14 0.001 1 1 13,13 0.001 -1 1 14,13 0.001 1 -1 94.0225 425 ::f,0,0 f,3,12 f,15,0 f,15,14 
176:1,2 0.001 1 -1 2,2 0.003 -1 0 2,3 0.001 0 1 0.003 38 2,13 0.001 1 1 2,14 0.001 1 -1 1,13 0.001 -1 1 49.0295 275 13,2 0.001 1 0 14,1 0.001 1 -1 14,2 0.001 0 -1 96.0263 395 13,14 0.001 1 1 13,13 0.001 0 1 14,13 0.001 0 -1 94.0225 425 ::f,0,0 f,3,12 f,13,3 f,15,14 
177:1,2 0.001 1 -1 2,2 0.003 -1 0 2,3 0.001 1 1 0.003 38 2,13 0.001 1 0 2,14 0.001 1 -1 1,13 0.001 0 1 49.0295 275 13,2 0.001 1 -1 14,1 0.001 0 -1 14,2 0.001 0 -1 96.0263 395 13,14 0.001 1 0 13,13 0.001 0 1 14,13 0.001 0 -1 94.0225 425 ::f,0,0 f,3,12 f,13,3 f,15,14 
178:1,2 0.001 0 -1 2,2 0.003 -1 0 2,3 0.001 1 1 0.003 38 2,13 0.001 1 0 2,14 0.001 0 -1 1,14 0.001 0 1 49.0305 275 13,2 0.001 1 -1 14,1 0.001 0 -1 14,2 0.001 -1 -1 96.0263 395 14,14 0.001 1 0 13,13 0.001 0 1 14,13 0.001 -1 -1 94.0235 425 ::f,0,0 f,3,12 f,13,3 f,15,14 
179:1,2 0.001 0 -1 2,2 0.003 -1 0 2,3 0.001 1 0 0.003 38 2,13 0.001 1 -1 2,14 0.001 0 -1 1,14 0.001 0 1 49.0305 275 13,2 0.001 0 -1 14,1 0.001 -1 -1 14,2 0.001 -1 -1 96.0263 395 14,14 0.001 1 0 13,13 0.001 1 1 14,13 0.001 -1 -1 101.024 440 ::f,0,0 f,3,12 f,13,3 f,15,15 
180:1,2 0.001 -1 -1 2,2 0.003 -1 0 2,3 0.001 1 0 0.003 38 2,13 0.001 1 -1 2,14 0.001 0 -1 1,14 0.001 1 1 52.0306 290 13,2 0.001 0 -1 14,1 0.001 -1 -1 14,2 0.001 -1 0 96.0263 395 14,14 0.001 1 -1 13,13 0.001 1 1 14,13 0.001 -1 0 101.024 440 ::f,0,0 f,1,13 f,13,3 f,15,15 
181:1,2 0.001 -1 -1 2,2 0.003 -1 0 2,3 0.001 1 -1 0.003 38 2,13 0.001 0 -1 2,14 0.001 -1 -1 1,14 0.001 1 1 52.0306 290 13,2 0.001 -1 -1 14,1 0.001 -1 0 14,2 0.001 -1 0 96.0263 395 14,14 0.001 1 -1 13,13 0.001 1 1 14,13 0.001 -1 0 101.024 440 ::f,0,0 f,1,13 f,13,3 f,15,15 
182:1,2 0.001 -1 0 2,2 0.003 -1 0 2,3 0.001 1 -1 0.003 38 2,13 0.001 0 -1 2,14 0.001 -1 -1 1,14 0.001 1 0 62.0307 305 13,2 0.001 -1 -1 13,1 0.001 -1 0 14,2 0.001 -1 1 96.0273 395 14,14 0.001 0 -1 13,13 0.001 1 0 14,13 0.001 -1 0 101.024 440 ::f,0,0 f,1,15 f,13,3 f,15,15 
183:1,2 0.001 -1 0 2,2 0.003 -1 0 2,3 0.001 0 -1 0.003 38 2,13 0.001 -1 -1 2,14 0.001 -1 0 1,14 0.001 1 0 62.0307 305 13,2 0.001 -1 0 13,1 0.001 -1 0 14,2 0.001 -1 1 106.027 410 14,14 0.001 0 -1 13,13 0.001 1 0 14,13 0.001 -1 1 101.024 440 ::f,0,0 f,1,15 f,15,0 f,15,15 
184:1,2 0.001 -1 1 2,2 0.003 -1 0 2,3 0.001 0 -1 0.003 38 2,13 0.001 -1 -1 2,14 0.001 -1 0 1,14 0.001 1 0 62.0307 305 13,2 0.001 -1 0 13,1 0.001 -1 1 14,2 0.001 0 1 106.027 410 14,14 0.001 0 -1 13,13 0.001 1 -1 14,13 0.001 -1 1 101.024 440 ::f,0,0 f,1,15 f,15,0 f,15,15 
185:1,2 0.001 -1 1 2,2 0.003 -1 0 2,3 0.001 0 -1 0.003 38 2,13 0.001 -1 0 2,14 0.001 -1 1 1,14 0.001 1 -1 62.0307 305 13,2 0.001 -1 1 13,1 0.001 -1 1 14,2 0.001 0 1 106.027 410 14,14 0.001 -1 -1 13,13 0.001 1 -1 14,13 0.001 0 1 101.024 440 ::f,0,0 f,1,15 f,15,0 f,15,15 
186:1,2 0.001 0 1 2,2 0.003 -1 0 2,3 0.001 -1 -1 0.003 38 1,13 0.001 -1 0 2,14 0.001 -1 1 1,14 0.001 1 -1 72.0318 320 13,2 0.001 -1 1 13,1 0.001 0 1 14,2 0.001 1 1 106.027 410 14,14 0.001 -1 -1 13,13 0.001 0 -1 14,13 0.001 0 1 101.024 440 ::f,0,0 f,1,12 f,15,0 f,15,15 
187:1,2 0.001 0 1 2,2 0.003 -1 0 2,3 0.001 -1 -1 0.003 38 1,13 0.001 -1 0 2,14 0.001 0 1 1,14 0.001 0 -1 72.0318 320 13,2 0.001 0 1 13,1 0.001 0 1 14,2 0.001 1 1 106.027 410 14,14 0.001 -1 0 13,13 0.001 0 -1 14,13 0.001 1 1 101.024 440 ::f,0,0 f,1,12 f,15,0 f,15,15 
188:1,2 0.001 1 1 2,2 0.003 -1 0 2,3 0.001 -1 0 0.003 38 1,13 0.001 -1 1 2,14 0.001 0 1 1,14 0.001 0 -1 72.0318 320 13,2 0.001 0 1 13,1 0.001 0 1 14,2 0.001 1 0 106.027 410 14,14 0.001 -1 0 13,13 0.001 -1 -1 14,13 0.001 1 1 101.024 440 ::f,0,0 f,1,12 f,15,0 f,15,15 
189:1,2 0.001 1 1 2,2 0.003 -1 0 2,3 0.001 -1 0 0.003 38 1,13 0.001 -1 1 2,14 0.001 1 1 1,14 0.001 0 -1 72.0318 320 13,2 0.001 1 1 13,1 0.001 1 1 14,2 0.001 1 0 106.027 410 14,14 0.001 -1 1 13,13 0.001 -1 -1 14,13 0.001 1 0 101.024 440 ::f,0,0 f,1,12 f,15,0 f,15,15 
190:1,2 0.001 1 0 2,2 0.003 -1 0 2,3 0.001 -1 1 0.003 38 1,13 0.001 0 1 2,14 0.001 1 1 1,14 0.001 -1 -1 72.0318 320 13,2 0.001 1 1 13,1 0.001 1 1 14,2 0.001 1 -1 106.027 410 14,14 0.001 -1 1 13,13 0.001 -1 0 14,13 0.001 1 0 101.024 440 ::f,0,0 f,1,12 f,15,0 f,15,15 
191:1,2 0.001 1 0 2,2 0.003 -1 0 2,3 0.001 -1 1 0.003 38 1,13 0.001 0 1 2,14 0.001 1 0 1,14 0.001 -1 -1 72.0318 320 13,2 0.001 1 0 13,1 0.001 1 0 14,2 0.001 1 -1 106.027 410 14,14 0.001 0 1 13,13 0.001 -1 0 14,13 0.001 1 -1 101.024 440 ::f,0,0 f,1,12 f,15,0 f,15,15 
192:1,2 0.001 1 0 2,2 0.003 -1 0 2,3 0.001 0 1 0.003 38 1,13 0.001 0 1 2,14 0.001 1 0 1,14 0.001 -1 0 72.0318 320 13,2 0.001 1 0 13,1 0.001 1 0 14,2 0.001 0 -1 106.027 410 14,14 0.001 0 1 13,13 0.001 -1 1 14,13 0.001 1 -1 101.024 440 ::f,0,0 f,1,12 f,15,0 f,15,15 
193:1,2 0.001 1 -1 2,2 0.003 -1 0 2,3 0.001 0 1 0.003 38 1,13 0.001 1 1 2,14 0.001 1 -1 1,14 0.001 -1 0 72.0318 320 13,2 0.001 1 0 13,1 0.001 1 -1 14,1 0.001 0 -1 106.028 410 14,14 0.001 1 1 13,13 0.001 -1 1 14,13 0.001 0 -1 101.024 440 ::f,0,0 f,1,12 f,15,0 f,15,15 
194:1,2 0.001 1 -1 2,2 0.003 -1 0 2,3 0.001 1 1 0.003 38 1,13 0.001 1 1 2,14 0.001 1 -1 1,14 0.001 -1 1 72.0318 320 13,2 0.001 1 -1 13,1 0.001 1 -1 14,1 0.001 0 -1 106.028 410 14,14 0.001 1 1 13,13 0.001 0 1 14,13 0.001 0 -1 109.024 455 ::f,0,0 f,1,12 f,12,14 f,15,0 
195:1,2 0.001 0 -1 2,2 0.003 -1 0 2,3 0.001 1 1 0.003 38 1,13 0.001 1 0 2,14 0.001 0 -1 1,14 0.001 -1 1 72.0318 320 13,2 0.001 1 -1 13,1 0.001 0 -1 14,1 0.001 -1 -1 106.028 410 14,14 0.001 1 0 13,14 0.001 0 1 14,13 0.001 -1 -1 109.025 455 ::f,0,0 f,1,12 f,12,14 f,15,0 
196:1,2 0.001 0 -1 2,2 0.003 -1 0 2,3 0.001 1 0 0.003 38 1,13 0.001 1 0 2,13 0.001 0 -1 1,14 0.001 0 1 72.0328 320 13,2 0.001 1 -1 13,1 0.001 0 -1 14,1 0.001 -1 -1 106.028 410 14,14 0.001 1 0 13,14 0.001 0 1 14,13 0.001 -1 -1 109.025 455 ::f,0,0 f,1,12 f,12,14 f,15,0 
197:1,2 0.001 -1 -1 2,2 0.003 -1 0 2,3 0.001 1 0 0.003 38 1,13 0.001 1 -1 2,13 0.001 0 -1 1,14 0.001 0 1 72.0328 320 13,2 0.001 0 -1 13,1 0.001 -1 -1 14,1 0.001 -1 0 106.028 410 14,14 0.001 1 -1 13,14 0.001 1 1 14,13 0.001 -1 0 109.025 455 ::f,0,0 f,1,12 f,12,14 f,15,0 
198:1,2 0.001 -1 -1 2,2 0.003 -1 0 2,3 0.001 1 -1 0.003 38 1,13 0.001 1 -1 2,13 0.001 -1 -1 1,14 0.001 1 1 72.0328 320 13,2 0.001 0 -1 13,1 0.001 -1 -1 14,1 0.001 -1 0 106.028 410 14,14 0.001 1 -1 13,14 0.001 1 1 13,13 0.001 -1 0 109.026 455 ::f,0,0 f,1,12 f,12,14 f,15,0 
199:1,2 0.001 -1 0 2,2 0.003 -1 0 2,3 0.001 1 -1 0.003 38 1,13 0.001 0 -1 2,13 0.001 -1 -1 1,14 0.001 1 1 82.0329 335 13,2 0.001 -1 -1 13,1 0.001 -1 0 14,1 0.001 -1 0 106.028 410 14,14 0.001 0 -1 13,14 0.001 1 0 13,13 0.001 -1 0 109.026 455 ::f,0,0 f,1,15 f,12,14 f,15,0 
200:1,2 0.001 -1 0 2,2 0.003 -1 0 2,3 0.001 0 -1 0.003 38 1,13 0.001 0 -1 2,13 0.001 -1 0 1,14 0.001 1 0 82.0329 335 13,2 0.001 -1 -1 13,1 0.001 -1 0 14,1 0.001 -1 1 106.028 410 14,13 0.001 0 -1 14,14 0.001 1 0 13,13 0.001 -1 1 109.028 455 ::f,0,0 f,1,15 f,12,14 f,15,0 
201:1,2 0.001 -1 1 2,2 0.003 -1 0 2,3 0.001 0 -1 0.003 38 1,13 0.001 -1 -1 2,13 0.001 -1 0 2,14 0.001 1 0 82.0339 335 13,2 0.001 -1 0 13,1 0.001 -1 1 14,1 0.001 -1 1 106.028 410 14,13 0.001 0 -1 14,14 0.001 1 0 13,13 0.001 -1 1 119.028 470 ::f,0,0 f,1,15 f,13,15 f,15,0 
202:1,2 0.001 -1 1 2,2 0.003 -1 0 2,3 0.001 0 -1 0.003 38 1,13 0.001 -1 -1 2,13 0.001 -1 0 2,14 0.001 1 0 82.0339 335 13,2 0.001 -1 0 13,1 0.001 -1 1 14,1 0.001 0 1 106.028 410 14,13 0.001 -1 -1 14,14 0.001 1 -1 13,13 0.001 0 1 119.028 470 ::f,0,0 f,1,15 f,13,15 f,15,0 
203:1,2 0.001 0 1 2,2 0.003 -1 0 2,3 0.001 -1 -1 0.003 38 1,13 0.001 -1 0 2,13 0.001 -1 1 2,14 0.001 1 -1 82.0339 335 13,2 0.001 -1 1 13,1 0.001 0 1 14,1 0.001 0 1 106.028 410 14,13 0.001 -1 -1 14,14 0.001 1 -1 13,14 0.001 0 1 119.029 470 ::f,0,0 f,1,15 f,13,15 f,15,0 
204:1,2 0.001 0 1 2,2 0.003 -1 0 2,3 0.001 -1 -1 0.003 38 1,13 0.001 -1 0 2,13 0.001 -1 1 2,14 0.001 1 -1 82.0339 335 13,2 0.001 -1 1 13,1 0.001 0 1 14,1 0.001 1 1 106.028 410 14,13 0.001 -1 0 14,14 0.001 0 -1 13,14 0.001 0 1 129.029 485 ::f,0,0 f,1,15 f,15,0 f,15,12 
205:1,2 0.001 1 1 2,2 0.003 -1 0 2,3 0.001 -1 0 0.003 38 1,13 0.001 -1 1 2,13 0.001 0 1 2,14 0.001 0 -1 82.0339 335 13,2 0.001 0 1 13,1 0.001 0 1 14,1 0.001 1 1 106.028 410 13,13 0.001 -1 0 14,13 0.001 0 -1 13,14 0.001 1 1 129.031 485 ::f,0,0 f,1,15 f,15,0 f,15,12 
206:1,2 0.001 1 1 2,2 0.003 -1 0 2,3 0.001 -1 0 0.003 38 1,13 0.001 -1 1 2,13 0.001 0 1 2,14 0.001 0 -1 82.0339 335 13,2 0.001 0 1 13,1 0.001 1 1 14,1 0.001 1 0 106.028 410 13,13 0.001 -1 0 14,13 0.001 0 -1 13,14 0.001 1 1 129.031 485 ::f,0,0 f,1,15 f,15,0 f,15,12 
207:1,2 0.001 1 0 2,2 0.003 -1 0 2,3 0.001 -1 1 0.003 38 1,13 0.001 0 1 2,13 0.001 1 1 2,14 0.001 0 -1 82.0339 335 13,2 0.001 1 1 13,1 0.001 1 1 14,1 0.001 1 0 106.028 410 13,13 0.001 -1 1 14,13 0.001 -1 -1 13,14 0.001 1 0 129.031 485 ::f,0,0 f,1,15 f,15,0 f,15,12 
208:1,2 0.001 1 0 2,2 0.003 -1 0 2,3 0.001 -1 1 0.003 38 1,14 0.001 0 1 2,13 0.001 1 1 2,14 0.001 -1 -1 82.0349 335 13,2 0.001 1 1 13,1 0.001 1 0 14,1 0.001 1 -1 106.028 410 13,13 0.001 -1 1 14,13 0.001 -1 -1 14,14 0.001 1 0 129.032 485 ::f,0,0 f,1,15 f,15,0 f,15,12 
209:1,2 0.001 1 0 2,2 0.003 -1 0 2,3 0.001 0 1 0.003 38 1,14 0.001 0 1 2,13 0.001 1 0 2,14 0.001 -1 -1 86.035 350 13,2 0.001 1 0 13,1 0.001 1 0 14,1 0.001 1 -1 116.029 425 13,13 0.001 0 1 14,13 0.001 -1 0 14,14 0.001 1 0 129.032 485 ::f,0,0 f,3,12 f,12,0 f,15,12 
210:1,2 0.001 1 -1 2,2 0.003 -1 0 2,3 0.001 0 1 0.003 38 1,14 0.001 1 1 2,13 0.001 1 0 2,14 0.001 -1 0 86.035 350 14,2 0.001 1 0 13,1 0.001 1 -1 14,1 0.001 0 -1 116.03 425 13,14 0.001 0 1 13,13 0.001 -1 0 14,14 0.001 1 -1 129.034 485 ::f,0,0 f,3,12 f,12,0 f,15,12 
211:1,2 0.001 1 -1 2,2 0.003 -1 0 2,3 0.001 1 1 0.003 38 1,14 0.001 1 1 2,13 0.001 1 -1 2,14 0.001 -1 0 86.035 350 14,2 0.001 1 0 13,1 0.001 1 -1 14,1 0.001 0 -1 116.03 425 13,14 0.001 0 1 13,13 0.001 -1 0 14,14 0.001 1 -1 129.034 485 ::f,0,0 f,3,12 f,12,0 f,15,12 
212:1,2 0.001 0 -1 2,2 0.003 -1 0 2,3 0.001 1 1 0.003 38 1,14 0.001 1 0 2,13 0.001 1 -1 2,14 0.001 -1 1 96.0351 365 14,2 0.001 1 -1 13,1 0.001 0 -1 14,1 0.001 -1 -1 116.03 425 13,14 0.001 1 1 13,13 0.001 -1 1 14,14 0.001 0 -1 129.034 485 ::f,0,0 f,0,15 f,12,0 f,15,12 
213:1,2 0.001 0 -1 2,2 0.003 -1 0 2,3 0.001 1 0 0.003 38 1,14 0.001 1 0 2,13 0.001 0 -1 2,14 0.001 -1 1 96.0351 365 14,2 0.001 1 -1 13,1 0.001 0 -1 14,1 0.001 -1 -1 116.03 425 13,14 0.001 1 1 13,13 0.001 -1 1 14,13 0.001 0 -1 129.035 485 ::f,0,0 f,0,15 f,12,0 f,15,12 
214:1,2 0.001 -1 -1 2,2 0.003 -1 0 2,3 0.001 1 0 0.003 38 1,14 0.001 1 0 2,13 0.001 0 -1 2,14 0.001 0 1 96.0351 365 14,2 0.001 0 -1 13,1 0.001 -1 -1 14,1 0.001 -1 0 116.03 425 13,14 0.001 1 0 13,13 0.001 0 1 14,13 0.001 0 -1 129.035 485 ::f,0,0 f,0,15 f,12,0 f,15,12 
215:1,2 0.001 -1 -1 2,2 0.003 -1 0 2,3 0.001 1 -1 0.003 38 1,14 0.001 1 -1 2,13 0.001 -1 -1 2,14 0.001 0 1 96.0351 365 14,2 0.001 0 -1 13,1 0.001 -1 -1 14,1 0.001 -1 0 120.03 440 14,14 0.001 1 0 13,14 0.001 0 1 14,13 0.001 -1 -1 129.037 485 ::f,0,0 f,0,15 f,12,0 f,15,12 
216:1,2 0.001 -1 0 2,2 0.003 -1 0 2,3 0.001 1 -1 0.003 38 1,14 0.001 1 -1 2,13 0.001 -1 -1 2,14 0.001 1 1 96.0351 365 14,2 0.001 0 -1 13,1 0.001 -1 0 14,1 0.001 -1 0 120.03 440 14,14 0.001 1 0 13,14 0.001 0 1 14,13 0.001 -1 -1 129.037 485 ::f,0,0 f,0,15 f,12,0 f,15,12 
217:1,2 0.001 -1 0 2,2 0.003 -1 0 2,3 0.001 0 -1 0.003 38 1,14 0.001 0 -1 2,13 0.001 -1 0 2,14 0.001 1 1 96.0351 365 14,2 0.001 -1 -1 13,1 0.001 -1 0 14,1 0.001 -1 1 120.03 440 14,14 0.001 1 -1 13,14 0.001 1 1 14,13 0.001 -1 0 129.037 485 ::f,0,0 f,0,15 f,12,0 f,15,12 
218:1,2 0.001 -1 1 2,2 0.003 -1 0 2,3 0.001 0 -1 0.003 38 1,14 0.001 0 -1 1,13 0.001 -1 0 2,14 0.001 1 0 96.0361 365 14,2 0.001 -1 -1 13,1 0.001 -1 1 14,1 0.001 -1 1 120.03 440 14,14 0.001 1 -1 13,14 0.001 1 1 13,13 0.001 -1 0 129.038 485 ::f,0,0 f,0,15 f,12,0 f,15,12 
219:1,2 0.001 -1 1 2,2 0.003 -1 0 2,3 0.001 0 -1 0.003 38 1,14 0.001 -1 -1 1,13 0.001 -1 0 2,14 0.001 1 0 96.0361 365 14,2 0.001 -1 -1 13,1 0.001 -1 1 14,1 0.001 0 1 120.03 440 14,14 0.001 0 -1 13,14 0.001 1 0 13,13 0.001 -1 0 129.038 485 ::f,0,0 f,0,15 f,12,0 f,15,12 
220:1,2 0.001 0 1 2,2 0.003 -1 0 2,3 0.001 -1 -1 0.003 38 1,14 0.001 -1 -1 1,13 0.001 -1 1 2,14 0.001 1 -1 96.0361 365 14,2 0.001 -1 0 13,1 0.001 0 1 14,1 0.001 0 1 120.03 440 14,13 0.001 0 -1 14,14 0.001 1 0 13,13 0.001 -1 1 129.04 485 ::f,0,0 f,0,15 f,12,0 f,15,12 
221:1,2 0.001 0 1 2,2 0.003 -1 0 2,3 0.001 -1 -1 0.003 38 1,14 0.001 -1 0 1,13 0.001 -1 1 2,14 0.001 1 -1 96.0361 365 14,2 0.001 -1 0 13,2 0.001 0 1 14,1 0.001 1 1 120.031 440 14,13 0.001 0 -1 14,14 0.001 1 0 13,13 0.001 -1 1 129.04 485 ::f,0,0 f,0,15 f,12,0 f,15,12 
222:1,2 0.001 1 1 2,2 0.003 -1 0 2,3 0.001 -1 0 0.003 38 1,14 0.001 -1 0 1,13 0.001 0 1 2,14 0.001 0 -1 96.0361 365 14,2 0.001 -1 1 13,2 0.001 0 1 14,1 0.001 1 1 120.031 440 14,13 0.001 -1 -1 14,14 0.001 1 -1 13,13 0.001 0 1 129.04 485 ::f,0,0 f,0,15 f,12,0 f,15,12 
223:1,2 0.001 1 1 2,2 0.003 -1 0 2,3 0.001 -1 0 0.003 38 1,14 0.001 -1 1 1,13 0.001 0 1 2,13 0.001 0 -1 96.0371 365 14,2 0.001 -1 1 13,2 0.001 1 1 14,1 0.001 1 0 120.031 440 14,13 0.001 -1 -1 14,14 0.001 1 -1 13,14 0.001 0 1 129.041 485 ::f,0,0 f,0,15 f,12,0 f,15,12 
224:1,2 0.001 1 0 2,2 0.003 -1 0 2,3 0.001 -1 1 0.003 38 1,14 0.001 -1 1 1,13 0.001 0 1 2,13 0.001 0 -1 101.037 380 14,2 0.001 0 1 13,2 0.001 1 1 14,1 0.001 1 0 120.031 440 14,13 0.001 -1 0 14,14 0.001 0 -1 13,14 0.001 0 1 129.041 485 ::f,0,0 f,3,13 f,12,0 f,15,12 
225:1,2 0.001 1 0 2,2 0.003 -1 0 2,3 0.001 -1 1 0.003 38 1,14 0.001 0 1 1,13 0.001 1 1 2,13 0.001 -1 -1 101.037 380 14,2 0.001 0 1 13,2 0.001 1 0 14,1 0.001 1 -1 120.031 440 13,13 0.001 -1 0 14,13 0.001 0 -1 13,14 0.001 1 1 129.043 485 ::f,0,0 f,3,13 f,12,0 f,15,12 
226:1,2 0.001 1 0 2,2 0.003 -1 0 2,3 0.001 0 1 0.003 38 1,14 0.001 0 1 1,13 0.001 1 1 2,13 0.001 -1 -1 101.037 380 14,2 0.001 1 1 13,2 0.001 1 0 14,1 0.001 1 -1 120.031 440 13,13 0.001 -1 0 14,13 0.001 0 -1 13,14 0.001 1 1 129.043 485 ::f,0,0 f,3,13 f,12,0 f,15,12 
227:1,2 0.001 1 -1 2,2 0.003 -1 0 2,3 0.001 0 1 0.003 38 1,14 0.001 1 1 1,13 0.001 1 0 2,13 0.001 -1 0 101.037 380 14,2 0.001 1 1 13,2 0.001 1 0 14,1 0.001 0 -1 120.031 440 13,13 0.001 -1 1 14,13 0.001 -1 -1 13,14 0.001 1 0 129.043 485 ::f,0,0 f,3,13 f,12,0 f,15,12 
228:1,2 0.001 1 -1 2,2 0.003 -1 0 2,3 0.001 1 1 0.003 38 1,14 0.001 1 1 1,13 0.001 1 0 2,13 0.001 -1 0 101.037 380 14,2 0.001 1 0 13,2 0.001 1 -1 14,1 0.001 0 -1 120.031 440 13,13 0.001 -1 1 14,13 0.001 -1 -1 14,14 0.001 1 0 129.044 485 ::f,0,0 f,3,13 f,12,0 f,15,12 
229:1,2 0.001 0 -1 2,2 0.003 -1 0 2,3 0.001 1 1 0.003 38 1,14 0.001 1 0 1,13 0.001 1 0 2,13 0.001 -1 0 101.037 380 14,2 0.001 1 0 13,2 0.001 1 -1 14,1 0.001 -1 -1 120.031 440 13,13 0.001 0 1 14,13 0.001 -1 0 14,14 0.001 1 0 129.044 485 ::f,0,0 f,3,13 f,12,0 f,15,12 
230:1,2 0.001 0 -1 2,2 0.003 -1 0 2,3 0.001 1 0 0.003 38 2,14 0.001 1 0 1,13 0.001 1 -1 2,13 0.001 -1 1 101.038 380 14,2 0.001 1 -1 13,2 0.001 0 -1 14,1 0.001 -1 -1 120.031 440 13,14 0.001 0 1 13,13 0.001 -1 0 14,14 0.001 1 -1 129.046 485 ::f,0,0 f,3,13 f,12,0 f,15,12 
231:1,2 0.001 -1 -1 2,2 0.003 -1 0 2,3 0.001 1 0 0.003 38 2,14 0.001 1 0 1,13 0.001 1 -1 2,13 0.001 -1 1 101.038 380 14,2 0.001 1 -1 13,2 0.001 0 -1 14,1 0.001 -1 0 120.031 440 13,14 0.001 0 1 13,13 0.001 -1 0 14,14 0.001 1 -1 129.046 485 ::f,0,0 f,3,13 f,12,0 f,15,12 
232:1,2 0.001 -1 -1 2,2 0.003 -1 0 2,3 0.001 1 -1 0.003 38 2,14 0.001 1 -1 1,13 0.001 0 -1 2,13 0.001 0 1 101.038 380 14,2 0.001 0 -1 13,2 0.001 -1 -1 13,1 0.001 -1 0 120.032 440 13,14 0.001 1 1 13,13 0.001 -1 1 14,14 0.001 0 -1 129.046 485 ::f,0,0 f,3,13 f,12,0 f,15,12 
233:1,2 0.001 -1 0 2,2 0.003 -1 0 2,3 0.001 1 -1 0.003 38 2,14 0.001 1 -1 1,13 0.001 0 -1 2,13 0.001 0 1 107.038 395 14,1 0.001 0 -1 13,2 0.001 -1 -1 13,1 0.001 -1 0 120.033 440 13,14 0.001 1 1 13,13 0.001 -1 1 14,13 0.001 0 -1 129.047 485 ::f,0,0 f,0,15 f,12,0 f,15,12 
234:1,2 0.001 -1 0 2,2 0.003 -1 0 2,3 0.001 0 -1 0.003 38 2,14 0.001 0 -1 1,13 0.001 -1 -1 2,13 0.001 1 1 107.038 395 14,1 0.001 0 -1 13,2 0.001 -1 0 13,1 0.001 -1 1 120.033 440 13,14 0.001 1 0 13,13 0.001 0 1 14,13 0.001 0 -1 129.047 485 ::f,0,0 f,0,15 f,12,0 f,15,12 
235:1,2 0.001 -1 1 2,2 0.003 -1 0 2,3 0.001 0 -1 0.003 38 2,14 0.001 0 -1 1,13 0.001 -1 -1 2,13 0.001 1 1 107.038 395 14,1 0.001 -1 -1 13,2 0.001 -1 0 13,1 0.001 -1 1 120.033 440 14,14 0.001 1 0 13,14 0.001 0 1 14,13 0.001 -1 -1 129.049 485 ::f,0,0 f,0,15 f,12,0 f,15,12 
236:1,2 0.001 -1 1 2,2 0.003 -1 0 2,3 0.001 0 -1 0.003 38 2,14 0.001 0 -1 1,13 0.001 -1 0 2,13 0.001 1 0 107.038 395 14,1 0.001 -1 -1 13,2 0.001 -1 1 13,1 0.001 0 1 120.033 440 14,14 0.001 1 0 13,14 0.001 0 1 14,13 0.001 -1 -1 129.049 485 ::f,0,0 f,0,15 f,12,0 f,15,12 
237:1,2 0.001 0 1 2,2 0.003 -1 0 2,3 0.001 -1 -1 0.003 38 2,14 0.001 -1 -1 1,13 0.001 -1 0 2,13 0.001 1 0 107.038 395 14,1 0.001 -1 0 13,2 0.001 -1 1 13,1 0.001 0 1 120.033 440 14,14 0.001 1 -1 13,14 0.001 1 1 14,13 0.001 -1 0 129.049 485 ::f,0,0 f,0,15 f,12,0 f,15,12 
238:1,2 0.001 0 1 2,2 0.003 -1 0 2,3 0.001 -1 -1 0.003 38 2,14 0.001 -1 -1 1,13 0.001 -1 1 2,13 0.001 1 -1 107.038 395 14,1 0.001 -1 0 13,2 0.001 0 1 13,1 0.001 0 1 120.033 440 14,14 0.001 1 -1 13,14 0.001 1 1 13,13 0.001 -1 0 129.05 485 ::f,0,0 f,0,15 f,12,0 f,15,12 
239:1,2 0.001 1 1 2,2 0.003 -1 0 2,3 0.001 -1 0 0.003 38 2,14 0.001 -1 0 1,13 0.001 -1 1 2,13 0.001 1 -1 107.038 395 14,1 0.001 -1 0 13,2 0.001 0 1 13,1 0.001 1 1 120.033 440 14,14 0.001 0 -1 13,14 0.001 1 0 13,13 0.001 -1 0 129.05 485 ::f,0,0 f,0,15 f,12,0 f,15,12 
240:1,2 0.001 1 1 2,2 0.003 -1 0 2,3 0.001 -1 0 0.003 38 2,14 0.001 -1 0 1,13 0.001 0 1 2,13 0.001 0 -1 107.038 395 14,1 0.001 -1 1 13,2 0.001 1 1 13,1 0.001 1 1 120.033 440 14,13 0.001 0 -1 14,14 0.001 1 0 13,13 0.001 -1 1 129.052 485 ::f,0,0 f,0,15 f,12,0 f,15,12 
241:1,2 0.001 1 0 2,2 0.003 -1 0 2,3 0.001 -1 1 0.003 38 2,14 0.001 -1 1 1,14 0.001 0 1 2,13 0.001 0 -1 107.039 395 14,1 0.001 -1 1 13,2 0.001 1 1 13,1 0.001 1 0 120.033 440 14,13 0.001 0 -1 14,14 0.001 1 0 13,13 0.001 -1 1 129.052 485 ::f,0,0 f,0,15 f,12,0 f,15,12 
242:1,2 0.001 1 0 2,2 0.003 -1 0 2,3 0.001 -1 1 0.003 38 2,14 0.001 -1 1 1,14 0.001 0 1 2,13 0.001 -1 -1 107.039 395 14,1 0.001 0 1 13,2 0.001 1 0 13,1 0.001 1 0 120.033 440 14,13 0.001 -1 -1 14,14 0.001 1 -1 13,13 0.001 0 1 129.052 485 ::f,0,0 f,0,15 f,12,0 f,15,12 
243:1,2 0.001 1 0 2,2 0.003 -1 0 2,3 0.001 0 1 0.003 38 2,14 0.001 0 1 1,14 0.001 1 1 2,13 0.001 -1 -1 107.039 395 14,1 0.001 0 1 14,2 0.001 1 0 13,1 0.001 1 -1 120.034 440 14,13 0.001 -1 -1 14,14 0.001 1 -1 13,14 0.001 0 1 129.053 485 ::f,0,0 f,0,15 f,12,0 f,15,12 
244:1,2 0.001 1 -1 2,2 0.003 -1 0 2,3 0.001 0 1 0.003 38 2,14 0.001 0 1 1,14 0.001 1 1 2,13 0.001 -1 0 107.039 395 14,1 0.001 1 1 14,2 0.001 1 0 13,1 0.001 1 -1 120.034 440 14,13 0.001 -1 0 14,14 0.001 0 -1 13,14 0.001 0 1 129.053 485 ::f,0,0 f,0,15 f,12,0 f,15,12 
245:1,2 0.001 1 -1 2,2 0.003 -1 0 2,3 0.001 1 1 0.003 38 2,14 0.001 1 1 1,14 0.001 1 0 1,13 0.001 -1 0 107.04 395 14,1 0.001 1 1 14,2 0.001 1 -1 13,1 0.001 0 -1 120.034 440 13,13 0.001 -1 0 14,13 0.001 0 -1 13,14 0.001 1 1 129.055 485 ::f,0,0 f,0,15 f,12,0 f,15,12 
246:1,2 0.001 0 -1 2,2 0.003 -1 0 2,3 0.001 1 1 0.003 38 2,14 0.001 1 1 1,14 0.001 1 0 1,13 0.001 -1 0 107.04 395 14,1 0.001 1 0 14,2 0.001 1 -1 13,1 0.001 0 -1 120.034 440 13,13 0.001 -1 0 14,13 0.001 0 -1 13,14 0.001 1 1 129.055 485 ::f,0,0 f,0,15 f,12,0 f,15,12 
247:1,2 0.001 0 -1 2,2 0.003 -1 0 2,3 0.001 1 0 0.003 38 2,14 0.001 1 0 1,14 0.001 1 0 1,13 0.001 -1 1 107.04 395 14,1 0.001 1 0 14,2 0.001 0 -1 13,1 0.001 -1 -1 120.034 440 13,13 0.001 -1 1 14,13 0.001 -1 -1 13,14 0.001 1 0 129.055 485 ::f,0,0 f,0,15 f,12,0 f,15,12 
248:1,2 0.001 -1 -1 2,2 0.003 -1 0 2,3 0.001 1 0 0.003 38 2,14 0.001 1 0 1,14 0.001 1 -1 1,13 0.001 -1 1 107.04 395 14,1 0.001 1 -1 14,2 0.001 0 -1 13,1 0.001 -1 -1 130.034 455 13,13 0.001 -1 1 14,13 0.001 -1 -1 14,14 0.001 1 0 129.056 485 ::f,0,0 f,0,15 f,12,1 f,15,12 
249:1,2 0.001 -1 -1 2,2 0.003 -1 0 2,3 0.001 1 -1 0.003 38 2,14 0.001 1 -1 1,14 0.001 1 -1 1,13 0.001 0 1 107.04 395 14,1 0.001 1 -1 14,2 0.001 0 -1 13,1 0.001 -1 0 130.034 455 13,13 0.001 0 1 14,13 0.001 -1 0 14,14 0.001 1 0 129.056 485 ::f,0,0 f,0,15 f,12,1 f,15,12 
250:1,2 0.001 -1 0 2,2 0.003 -1 0 2,3 0.001 1 -1 0.003 38 2,14 0.001 1 -1 1,14 0.001 0 -1 1,13 0.001 0 1 107.04 395 14,1 0.001 0 -1 14,2 0.001 -1 -1 13,1 0.001 -1 0 140.034 470 13,14 0.001 0 1 13,13 0.001 -1 0 14,14 0.001 1 -1 129.058 485 ::f,0,0 f,0,15 f,12,2 f,15,12 
251:1,2 0.001 -1 0 2,2 0.003 -1 0 2,3 0.001 0 -1 0.003 38 2,14 0.001 0 -1 1,14 0.001 0 -1 1,13 0.001 0 1 107.04 395 14,1 0.001 0 -1 14,2 0.001 -1 -1 13,1 0.001 -1 1 140.034 470 13,14 0.001 0 1 13,13 0.001 -1 0 14,14 0.001 1 -1 129.058 485 ::f,0,0 f,0,15 f,12,2 f,15,12 
252:1,2 0.001 -1 1 2,2 0.003 -1 0 2,3 0.001 0 -1 0.003 38 2,13 0.001 0 -1 1,14 0.001 -1 -1 1,13 0.001 1 1 107.041 395 14,1 0.001 -1 -1 14,2 0.001 -1 0 13,1 0.001 -1 1 150.034 485 13,14 0.001 1 1 13,13 0.001 -1 1 14,14 0.001 0 -1 129.058 485 ::f,0,0 f,0,15 f,15,3 f,15,12 
253:1,2 0.001 -1 1 2,2 0.003 -1 0 2,3 0.001 0 -1 0.003 38 2,13 0.001 0 -1 1,14 0.001 -1 -1 1,13 0.001 1 1 107.041 395 14,1 0.001 -1 -1 14,2 0.001 -1 0 13,1 0.001 0 1 150.034 485 13,14 0.001 1 1 13,13 0.001 -1 1 14,13 0.001 0 -1 129.059 485 ::f,0,0 f,0,15 f,15,3 f,15,12 
254:1,2 0.001 0 1 2,2 0.003 -1 0 2,3 0.001 -1 -1 0.003 38 2,13 0.001 -1 -1 1,14 0.001 -1 0 1,13 0.001 1 0 107.041 395 14,1 0.001 -1 0 14,2 0.001 -1 1 13,2 0.001 0 1 150.035 485 13,14 0.001 1 0 13,13 0.001 0 1 14,13 0.001 0 -1 129.059 485 ::f,0,0 f,0,15 f,15,3 f,15,12 
255:1,2 0.001 0 1 2,2 0.003 -1 0 2,3 0.001 -1 -1 0.003 38 2,13 0.001 -1 -1 1,14 0.001 -1 0 1,13 0.001 1 0 107.041 395 13,1 0.001 -1 0 14,2 0.001 -1 1 13,2 0.001 0 1 150.036 485 14,14 0.001 1 0 13,14 0.001 0 1 14,13 0.001 -1 -1 129.061 485 ::f,0,0 f,0,15 f,15,3 f,15,12 
256:1,2 0.001 1 1 2,2 0.003 -1 0 2,3 0.001 -1 0 0.003 38 2,13 0.001 -1 0 1,14 0.001 -1 1 1,13 0.001 1 -1 107.041 395 13,1 0.001 -1 0 14,2 0.001 0 1 13,2 0.001 1 1 150.036 485 14,14 0.001 1 0 13,14 0.001 0 1 14,13 0.001 -1 -1 129.061 485 ::f,0,0 f,0,15 f,15,3 f,15,12 
257:1,2 0.001 1 1 2,2 0.003 -1 0 2,3 0.001 -1 0 0.003 38 2,13 0.001 -1 0 1,14 0.001 -1 1 1,13 0.001 1 -1 117.041 410 13,1 0.001 -1 1 14,2 0.001 0 1 13,2 0.001 1 1 150.036 485 14,14 0.001 1 -1 13,14 0.001 1 1 14,13 0.001 -1 0 129.061 485 ::f,0,0 f,1,12 f,15,3 f,15,12 
258:1,2 0.001 1 0 2,2 0.003 -1 0 2,3 0.001 -1 1 0.003 38 2,13 0.001 -1 0 1,14 0.001 0 1 1,13 0.001 0 -1 117.041 410 13,1 0.001 -1 1 14,2 0.001 1 1 13,2 0.001 1 0 150.036 485 14,14 0.001 1 -1 13,14 0.001 1 1 13,13 0.001 -1 0 129.062 485 ::f,0,0 f,1,12 f,15,3 f,15,12 
259:1,2 0.001 1 0 2,2 0.003 -1 0 2,3 0.001 -1 1 0.003 38 2,13 0.001 -1 1 1,14 0.001 0 1 1,13 0.001 0 -1 119.042 425 13,1 0.001 0 1 14,2 0.001 1 1 13,2 0.001 1 0 155.036 500 14,14 0.001 0 -1 13,14 0.001 1 0 13,13 0.001 -1 0 129.062 485 ::f,0,0 f,3,12 f,14,3 f,15,12 
260:1,2 0.001 1 0 2,2 0.003 -1 0 2,3 0.001 0 1 0.003 38 2,13 0.001 -1 1 1,14 0.001 1 1 1,13 0.001 -1 -1 119.042 425 13,1 0.001 0 1 14,2 0.001 1 0 13,2 0.001 1 0 155.036 500 14,13 0.001 0 -1 14,14 0.001 1 0 13,13 0.001 -1 1 129.064 485 ::f,0,0 f,3,12 f,14,3 f,15,12 
261:1,2 0.001 1 -1 2,2 0.003 -1 0 2,3 0.001 0 1 0.003 38 2,13 0.001 0 1 1,14 0.001 1 1 1,13 0.001 -1 -1 119.042 425 13,1 0.001 0 1 14,2 0.001 1 0 13,2 0.001 1 -1 155.036 500 14,13 0.001 0 -1 14,14 0.001 1 0 13,13 0.001 -1 1 129.064 485 ::f,0,0 f,3,12 f,14,3 f,15,12 
262:1,2 0.001 1 -1 2,2 0.003 -1 0 2,3 0.001 1 1 0.003 38 2,13 0.001 0 1 1,14 0.001 1 0 1,13 0.001 -1 0 119.042 425 13,1 0.001 1 1 14,2 0.001 1 -1 13,2 0.001 1 -1 155.036 500 14,13 0.001 -1 -1 14,14 0.001 1 -1 13,13 0.001 0 1 129.064 485 ::f,0,0 f,3,12 f,14,3 f,15,12 
263:1,2 0.001 0 -1 2,2 0.003 -1 0 2,3 0.001 1 1 0.003 38 2,13 0.001 1 1 2,14 0.001 1 0 1,13 0.001 -1 0 119.043 425 13,1 0.001 1 1 14,2 0.001 1 -1 13,2 0.001 0 -1 155.036 500 14,13 0.001 -1 -1 14,14 0.001 1 -1 13,14 0.001 0 1 129.065 485 ::f,0,0 f,3,12 f,14,3 f,15,12 
264:1,2 0.001 0 -1 2,2 0.003 -1 0 2,3 0.001 1 0 0.003 38 2,13 0.001 1 1 2,14 0.001 1 0 1,13 0.001 -1 1 119.043 425 13,1 0.001 1 0 14,2 0.001 0 -1 13,2 0.001 0 -1 155.036 500 14,13 0.001 -1 0 14,14 0.001 0 -1 13,14 0.001 0 1 129.065 485 ::f,0,0 f,3,12 f,14,3 f,15,12 
265:1,2 0.001 -1 -1 2,2 0.003 -1 0 2,3 0.001 1 0 0.003 38 2,13 0.001 1 0 2,14 0.001 1 -1 1,13 0.001 -1 1 119.043 425 13,1 0.001 1 0 14,1 0.001 0 -1 13,2 0.001 -1 -1 155.037 500 13,13 0.001 -1 0 14,13 0.001 0 -1 13,14 0.001 1 1 129.067 485 ::f,0,0 f,3,12 f,14,3 f,15,12 
266:1,2 0.001 -1 -1 2,2 0.003 -1 0 2,3 0.001 1 -1 0.003 38 2,13 0.001 1 0 2,14 0.001 1 -1 1,13 0.001 0 1 119.043 425 13,1 0.001 1 -1 14,1 0.001 0 -1 13,2 0.001 -1 -1 155.037 500 13,13 0.001 -1 0 14,13 0.001 0 -1 13,14 0.001 1 1 129.067 485 ::f,0,0 f,3,12 f,14,3 f,15,12 
267:1,2 0.001 -1 0 2,2 0.003 -1 0 2,3 0.001 1 -1 0.003 38 2,13 0.001 1 -1 2,14 0.001 0 -1 1,14 0.001 0 1 119.044 425 13,1 0.001 1 -1 14,1 0.001 -1 -1 13,2 0.001 -1 0 155.037 500 13,13 0.001 -1 1 14,13 0.001 -1 -1 13,14 0.001 1 0 129.067 485 ::f,0,0 f,3,12 f,14,3 f,15,12 
268:1,2 0.001 -1 0 2,2 0.003 -1 0 2,3 0.001 0 -1 0.003 38 2,13 0.001 1 -1 2,14 0.001 0 -1 1,14 0.001 0 1 126.044 440 13,1 0.001 0 -1 14,1 0.001 -1 -1 13,2 0.001 -1 0 155.037 500 13,13 0.001 -1 1 14,13 0.001 -1 -1 14,14 0.001 1 0 129.068 485 ::f,0,0 f,0,12 f,14,3 f,15,12 
269:1,2 0.001 -1 1 2,2 0.003 -1 0 2,3 0.001 0 -1 0.003 38 2,13 0.001 0 -1 2,14 0.001 0 -1 1,14 0.001 1 1 126.044 440 13,1 0.001 0 -1 14,1 0.001 -1 0 13,2 0.001 -1 1 155.037 500 13,13 0.001 0 1 14,13 0.001 -1 0 14,14 0.001 1 0 129.068 485 ::f,0,0 f,0,12 f,14,3 f,15,12 
270:1,2 0.001 -1 1 2,2 0.003 -1 0 2,3 0.001 0 -1 0.003 38 2,13 0.001 0 -1 2,14 0.001 -1 -1 1,14 0.001 1 1 126.044 440 13,1 0.001 -1 -1 14,1 0.001 -1 0 13,2 0.001 -1 1 155.037 500 13,14 0.001 0 1 13,13 0.001 -1 0 14,14 0.001 1 -1 129.07 485 ::f,0,0 f,0,12 f,14,3 f,15,12 
271:1,2 0.001 0 1 2,2 0.003 -1 0 2,3 0.001 -1 -1 0.003 38 2,13 0.001 -1 -1 1,13 0.001 -1 -1 1,14 0.001 1 0 126.045 440 13,1 0.001 -1 -1 14,1 0.001 -1 0 13,2 0.001 0 1 155.037 500 13,14 0.001 0 1 13,13 0.001 -1 0 14,14 0.001 1 -1 129.07 485 ::f,0,0 f,0,12 f,14,3 f,15,12 
272:1,2 0.001 0 1 2,2 0.003 -1 0 2,3 0.001 -1 -1 0.003 38 2,13 0.001 -1 -1 1,13 0.001 -1 -1 2,14 0.001 1 0 136.046 455 13,1 0.001 -1 0 14,1 0.001 -1 1 13,2 0.001 0 1 155.037 500 13,14 0.001 1 1 13,13 0.001 -1 1 14,14 0.001 0 -1 129.07 485 ::f,0,0 f,1,15 f,14,3 f,15,12 
273:1,2 0.001 1 1 2,2 0.003 -1 0 2,3 0.001 -1 0 0.003 38 2,13 0.001 -1 0 1,13 0.001 -1 0 2,14 0.001 1 0 136.046 455 13,1 0.001 -1 0 14,1 0.001 -1 1 13,2 0.001 1 1 155.037 500 13,14 0.001 1 1 13,13 0.001 -1 1 14,13 0.001 0 -1 129.071 485 ::f,0,0 f,1,15 f,14,3 f,15,12 
274:1,2 0.001 1 1 2,2 0.003 -1 0 2,3 0.001 -1 0 0.003 38 2,13 0.001 -1 0 1,13 0.001 -1 0 2,14 0.001 1 -1 136.046 455 13,1 0.001 -1 1 14,1 0.001 0 1 13,2 0.001 1 1 165.037 515 13,14 0.001 1 0 13,13 0.001 0 1 14,13 0.001 0 -1 129.071 485 ::f,0,0 f,1,15 f,12,0 f,15,12 
275:1,2 0.001 1 0 2,2 0.003 -1 0 2,3 0.001 -1 1 0.003 38 2,13 0.001 -1 0 1,13 0.001 -1 1 2,14 0.001 1 -1 136.046 455 13,1 0.001 -1 1 14,1 0.001 0 1 13,2 0.001 1 0 165.037 515 14,14 0.001 1 0 13,14 0.001 0 1 14,13 0.001 -1 -1 129.073 485 ::f,0,0 f,1,15 f,12,0 f,15,12 
276:1,2 0.001 1 0 2,2 0.003 -1 0 2,3 0.001 -1 1 0.003 38 2,13 0.001 -1 1 1,13 0.001 -1 1 2,14 0.001 0 -1 136.046 455 13,1 0.001 0 1 14,1 0.001 1 1 14,2 0.001 1 0 165.038 515 14,14 0.001 1 0 13,14 0.001 0 1 14,13 0.001 -1 -1 129.073 485 ::f,0,0 f,1,15 f,12,0 f,15,12 
277:1,2 0.001 1 0 2,2 0.003 -1 0 2,3 0.001 0 1 0.003 38 2,13 0.001 -1 1 1,13 0.001 0 1 2,14 0.001 0 -1 136.046 455 13,2 0.001 0 1 14,1 0.001 1 1 14,2 0.001 1 0 165.039 515 14,14 0.001 1 -1 13,14 0.001 1 1 14,13 0.001 -1 0 129.073 485 ::f,0,0 f,1,15 f,12,0 f,15,12 
278:1,2 0.001 1 -1 2,2 0.003 -1 0 2,3 0.001 0 1 0.003 38 2,13 0.001 0 1 1,14 0.001 0 1 2,14 0.001 0 -1 136.047 455 13,2 0.001 0 1 14,1 0.001 1 0 14,2 0.001 1 -1 165.039 515 14,14 0.001 1 -1 13,14 0.001 1 1 13,13 0.001 -1 0 129.074 485 ::f,0,0 f,1,15 f,12,0 f,15,12 
279:1,2 0.001 1 -1 2,2 0.003 -1 0 2,3 0.001 1 1 0.003 38 2,13 0.001 0 1 1,14 0.001 0 1 2,14 0.001 -1 -1 146.047 470 13,2 0.001 1 1 14,1 0.001 1 0 14,2 0.001 1 -1 165.039 515 14,14 0.001 0 -1 13,14 0.001 1 0 13,13 0.001 -1 0 129.074 485 ::f,0,0 f,3,14 f,12,0 f,15,12 
280:1,2 0.001 0 -1 2,2 0.003 -1 0 2,3 0.001 1 1 0.003 38 2,13 0.001 1 1 1,14 0.001 1 1 2,14 0.001 -1 -1 146.047 470 13,2 0.001 1 1 14,1 0.001 1 -1 14,2 0.001 0 -1 165.039 515 14,13 0.001 0 -1 14,14 0.001 1 0 13,13 0.001 -1 1 129.076 485 ::f,0,0 f,3,14 f,12,0 f,15,12 
281:1,2 0.001 0 -1 2,2 0.003 -1 0 2,3 0.001 1 0 0.003 38 2,13 0.001 1 1 1,14 0.001 1 1 2,14 0.001 -1 0 154.047 485 13,2 0.001 1 0 14,1 0.001 1 -1 14,2 0.001 0 -1 165.039 515 14,13 0.001 0 -1 14,14 0.001 1 0 13,13 0.001 -1 1 129.076 485 ::f,0,0 f,3,12 f,12,0 f,15,12 
282:1,2 0.001 -1 -1 2,2 0.003 -1 0 2,3 0.001 1 0 0.003 38 2,13 0.001 1 0 1,14 0.001 1 0 2,14 0.001 -1 0 154.047 485 13,2 0.001 1 0 14,1 0.001 0 -1 14,2 0.001 0 -1 165.039 515 14,13 0.001 -1 -1 14,14 0.001 1 -1 13,13 0.001 0 1 129.076 485 ::f,0,0 f,3,12 f,12,0 f,15,12 
283:1,2 0.001 -1 -1 2,2 0.003 -1 0 2,3 0.001 1 -1 0.003 38 2,13 0.001 1 0 1,14 0.001 1 0 2,14 0.001 -1 1 154.047 485 13,2 0.001 1 0 14,1 0.001 0 -1 14,2 0.001 -1 -1 165.039 515 14,13 0.001 -1 -1 14,14 0.001 1 -1 13,14 0.001 0 1 129.077 485 ::f,0,0 f,3,12 f,12,0 f,15,12 
284:1,2 0.001 -1 0 2,2 0.003 -1 0 2,3 0.001 1 -1 0.003 38 2,13 0.001 1 -1 1,14 0.001 1 0 2,14 0.001 -1 1 154.047 485 13,2 0.001 1 -1 14,1 0.001 -1 -1 13,1 0.001 -1 -1 165.04 515 14,13 0.001 -1 0 14,14 0.001 0 -1 13,14 0.001 0 1 129.077 485 ::f,0,0 f,3,12 f,12,0 f,15,12 
285:1,2 0.001 -1 0 2,2 0.003 -1 0 2,3 0.001 0 -1 0.003 38 2,13 0.001 1 -1 1,14 0.001 1 -1 2,14 0.001 0 1 163.047 500 13,2 0.001 1 -1 14,1 0.001 -1 -1 13,1 0.001 -1 -1 175.04 530 13,13 0.001 -1 0 14,13 0.001 0 -1 13,14 0.001 1 1 129.079 485 ::f,0,0 f,3,13 f,15,0 f,15,12 
286:1,2 0.001 -1 1 2,2 0.003 -1 0 2,3 0.001 0 -1 0.003 38 2,13 0.001 0 -1 1,14 0.001 1 -1 2,14 0.001 0 1 163.047 500 13,2 0.001 1 -1 14,1 0.001 -1 0 13,1 0.001 -1 0 175.04 530 13,13 0.001 -1 0 14,13 0.001 0 -1 13,14 0.001 1 1 129.079 485 ::f,0,0 f,3,13 f,15,0 f,15,12 
287:1,2 0.001 -1 1 2,2 0.003 -1 0 2,3 0.001 0 -1 0.003 38 2,13 0.001 0 -1 1,14 0.001 0 -1 2,14 0.001 1 1 163.047 500 13,2 0.001 1 -1 14,1 0.001 -1 0 13,1 0.001 -1 0 175.04 530 13,13 0.001 -1 1 14,13 0.001 -1 -1 13,14 0.001 1 0 129.079 485 ::f,0,0 f,3,13 f,15,0 f,15,12 
288:1,2 0.001 0 1 2,2 0.003 -1 0 2,3 0.001 -1 -1 0.003 38 2,13 0.001 -1 -1 1,14 0.001 0 -1 2,14 0.001 1 1 163.047 500 13,2 0.001 0 -1 14,1 0.001 -1 0 13,1 0.001 -1 1 175.04 530 13,13 0.001 -1 1 14,13 0.001 -1 -1 14,14 0.001 1 0 129.08 485 ::f,0,0 f,3,13 f,15,0 f,15,12 
289:1,2 0.001 0 1 2,2 0.003 -1 0 2,3 0.001 -1 -1 0.003 38 2,13 0.001 -1 -1 1,14 0.001 -1 -1 2,14 0.001 1 0 163.047 500 13,2 0.001 0 -1 14,1 0.001 -1 1 13,1 0.001 -1 1 175.04 530 13,13 0.001 0 1 14,13 0.001 -1 0 14,14 0.001 1 0 129.08 485 ::f,0,0 f,3,13 f,15,0 f,15,12 
290:1,2 0.001 1 1 2,2 0.003 -1 0 2,3 0.001 -1 0 0.003 38 2,13 0.001 -1 0 1,14 0.001 -1 -1 2,14 0.001 1 0 163.047 500 13,2 0.001 -1 -1 14,1 0.001 -1 1 13,1 0.001 0 1 175.04 530 13,14 0.001 0 1 13,13 0.001 -1 0 14,14 0.001 1 -1 129.082 485 ::f,0,0 f,3,13 f,15,0 f,15,12 
291:1,2 0.001 1 1 2,2 0.003 -1 0 2,3 0.001 -1 0 0.003 38 1,13 0.001 -1 0 1,14 0.001 -1 0 2,14 0.001 1 -1 163.048 500 13,2 0.001 -1 -1 14,1 0.001 0 1 13,1 0.001 0 1 175.04 530 13,14 0.001 0 1 13,13 0.001 -1 0 14,14 0.001 1 -1 129.082 485 ::f,0,0 f,3,13 f,15,0 f,15,12 
292:1,2 0.001 1 0 2,2 0.003 -1 0 2,3 0.001 -1 1 0.003 38 1,13 0.001 -1 0 1,14 0.001 -1 0 2,14 0.001 1 -1 166.048 515 13,2 0.001 -1 0 14,1 0.001 0 1 13,1 0.001 0 1 175.04 530 13,14 0.001 1 1 13,13 0.001 -1 1 14,14 0.001 0 -1 129.082 485 ::f,0,0 f,3,15 f,15,0 f,15,12 
293:1,2 0.001 1 0 2,2 0.003 -1 0 2,3 0.001 -1 1 0.003 38 1,13 0.001 -1 1 1,14 0.001 -1 1 2,14 0.001 0 -1 166.048 515 13,2 0.001 -1 0 14,1 0.001 1 1 13,1 0.001 1 1 175.04 530 13,14 0.001 1 1 13,13 0.001 -1 1 14,13 0.001 0 -1 129.083 485 ::f,0,0 f,3,15 f,15,0 f,15,12 
294:1,2 0.001 1 0 2,2 0.003 -1 0 2,3 0.001 0 1 0.003 38 1,13 0.001 -1 1 1,14 0.001 -1 1 2,13 0.001 0 -1 166.049 515 13,2 0.001 -1 1 14,1 0.001 1 1 13,1 0.001 1 1 175.04 530 13,14 0.001 1 0 13,13 0.001 0 1 14,13 0.001 0 -1 129.083 485 ::f,0,0 f,3,15 f,15,0 f,15,12 
295:1,2 0.001 1 -1 2,2 0.003 -1 0 2,3 0.001 0 1 0.003 38 1,13 0.001 0 1 1,14 0.001 0 1 2,13 0.001 0 -1 166.049 515 13,2 0.001 -1 1 14,1 0.001 1 0 13,1 0.001 1 0 175.04 530 14,14 0.001 1 0 13,14 0.001 0 1 14,13 0.001 -1 -1 129.085 485 ::f,0,0 f,3,15 f,15,0 f,15,12 
296:1,2 0.001 1 -1 2,2 0.003 -1 0 2,3 0.001 1 1 0.003 38 1,13 0.001 0 1 1,14 0.001 0 1 2,13 0.001 -1 -1 166.049 515 13,2 0.001 0 1 14,1 0.001 1 0 13,1 0.001 1 0 175.04 530 14,14 0.001 1 0 13,14 0.001 0 1 14,13 0.001 -1 -1 129.085 485 ::f,0,0 f,3,15 f,15,0 f,15,12 
297:1,2 0.001 0 -1 2,2 0.003 -1 0 2,3 0.001 1 1 0.003 38 1,13 0.001 0 1 1,14 0.001 1 1 2,13 0.001 -1 -1 166.049 515 13,2 0.001 0 1 14,1 0.001 1 -1 13,1 0.001 1 -1 175.04 530 14,14 0.001 1 -1 13,14 0.001 1 1 14,13 0.001 -1 0 129.085 485 ::f,0,0 f,3,15 f,15,0 f,15,12 
298:1,2 0.001 0 -1 2,2 0.003 -1 0 2,3 0.001 1 0 0.003 38 1,13 0.001 1 1 1,14 0.001 1 1 2,13 0.001 -1 0 166.049 515 13,2 0.001 1 1 14,1 0.001 1 -1 13,1 0.001 1 -1 181.04 545 14,14 0.001 1 -1 13,14 0.001 1 1 13,13 0.001 -1 0 129.086 485 ::f,0,0 f,3,15 f,12,2 f,15,12 
299:1,2 0.001 -1 -1 2,2 0.003 -1 0 2,3 0.001 1 0 0.003 38 2,14 0.001 1 1 1,14 0.001 1 0 1,13 0.001 -1 0 166.051 515 13,2 0.001 1 1 14,1 0.001 0 -1 13,1 0.001 0 -1 181.04 545 14,14 0.001 0 -1 13,14 0.001 1 0 13,13 0.001 -1 0 129.086 485 ::f,0,0 f,3,15 f,12,2 f,15,12 
