16
0:1,1 0.001 1 0 3,0 0.003 1 -1 0,3 0.002 -1 1 0 50 2,15 0.001 1 1 0,14 0.003 -1 0 1,14 0.002 1 1 0 50 15,1 0.001 1 1 12,0 0.003 0 -1 13,1 0.002 -1 1 0 50 14,12 0.001 1 -1 12,15 0.003 -1 0 12,14 0.002 -1 1 0.002 50 ::f,2,1 f,3,14 f,12,2 f,14,13 
1:1,1 0.001 1 0 3,0 0.001 1 -1 0,3 0.001 -1 1 0.0001 65 2,15 0.001 1 1 0,14 0.001 -1 0 1,14 0.001 1 1 0 50 15,1 0.001 0 1 12,0 0.001 0 -1 13,1 0.002 -1 0 0 50 14,12 0.001 1 -1 12,15 0.003 -1 -1 12,14 0.001 -1 1 0.002 50 ::f,3,3 f,3,14 f,12,2 f,14,13 
2:1,1 0.001 1 1 3,0 0.001 1 0 0,3 0.001 -1 0 0.0001 65 2,15 0.001 0 1 0,14 0.001 -1 -1 1,14 0.001 0 1 0 50 15,2 0.001 0 1 12,0 0.001 1 -1 12,1 0.002 -1 0 0.002 50 14,12 0.001 1 0 12,15 0.003 -1 -1 12,14 0.001 -1 0 0.002 50 ::f,3,3 f,3,14 f,12,2 f,14,13 
3:1,1 0.001 1 1 3,0 0.001 1 0 0,3 0.001 -1 0 0.0001 65 2,15 0.001 0 1 0,14 0.001 -1 -1 1,14 0.001 0 1 0 50 15,2 0.001 0 1 12,0 0.001 1 -1 12,1 0.002 -1 -1 0.002 50 14,12 0.001 1 0 12,15 0.003 0 -1 12,14 0.001 -1 0 0.002 50 ::f,3,3 f,3,14 f,12,2 f,14,13 
4:1,1 0.001 0 1 3,0 0.001 1 1 0,3 0.001 -1 -1 0.0001 65 2,15 0.001 -1 1 0,14 0.001 0 -1 1,14 0.001 -1 1 0 50 15,3 0.001 0 1 12,0 0.001 1 0 12,1 0.002 -1 -1 0.003 50 14,12 0.001 1 1 12,15 0.003 0 -1 12,14 0.001 -1 -1 0.002 50 ::f,3,3 f,3,14 f,12,2 f,14,13 
5:1,1 0.001 0 1 3,0 0.001 1 1 0,3 0.001 -1 -1 0.0001 65 2,15 0.001 -1 1 0,14 0.001 0 -1 1,14 0.001 -1 1 0 50 15,3 0.001 -1 1 12,0 0.001 1 0 12,1 0.002 0 -1 0.003 50 14,12 0.001 1 1 12,15 0.001 0 -1 12,14 0.001 -1 -1 0.002 50 ::f,3,3 f,3,14 f,12,2 f,14,13 
6:1,1 0.001 -1 1 3,0 0.001 0 1 0,3 0.001 0 -1 0.0001 65 2,15 0.001 -1 0 0,14 0.001 1 -1 1,14 0.001 -1 0 0 50 15,3 0.001 -1 1 12,0 0.001 1 1 12,1 0.002 0 -1 0.003 50 14,12 0.001 0 1 12,15 0.001 0 -1 12,14 0.001 0 -1 0.002 50 ::f,3,3 f,3,14 f,12,2 f,14,13 
7:1,1 0.001 -1 1 3,0 0.001 0 1 0,3 0.001 0 -1 0.0001 65 2,15 0.001 -1 0 0,14 0.001 1 -1 1,14 0.001 -1 0 0 50 15,3 0.001 -1 0 12,0 0.001 1 1 12,1 0.002 1 -1 0.003 50 14,12 0.001 0 1 12,15 0.001 0 -1 12,14 0.001 0 -1 0.0021 65 ::f,3,3 f,3,14 f,12,2 f,15,14 
8:1,1 0.001 -1 0 3,0 0.001 -1 1 0,3 0.001 1 -1 0.0001 65 2,15 0.001 -1 -1 0,14 0.001 1 0 1,14 0.001 -1 -1 0 50 14,3 0.001 -1 0 12,0 0.001 0 1 13,0 0.002 1 -1 0.005 50 14,12 0.001 -1 1 12,15 0.001 0 -1 12,14 0.001 1 -1 0.0021 65 ::f,3,3 f,3,14 f,12,2 f,15,14 
9:1,1 0.001 -1 0 3,0 0.001 -1 1 0,3 0.001 1 -1 0.0001 65 2,15 0.001 -1 -1 0,14 0.001 1 0 1,14 0.001 -1 -1 0 50 14,3 0.001 -1 0 12,0 0.001 0 1 13,0 0.002 1 0 0.005 50 14,12 0.001 -1 1 12,15 0.001 0 -1 12,14 0.001 1 -1 0.0021 65 ::f,3,3 f,3,14 f,12,2 f,15,14 
10:1,1 0.001 -1 -1 3,0 0.001 -1 0 0,3 0.001 1 0 0.0001 65 2,15 0.001 0 -1 0,14 0.001 1 1 1,14 0.001 0 -1 0 50 13,3 0.001 -1 0 12,0 0.001 -1 1 14,0 0.002 1 0 0.007 50 14,12 0.001 -1 0 12,15 0.001 0 -1 12,14 0.001 1 0 0.0021 65 ::f,3,3 f,3,14 f,12,2 f,15,14 
11:1,1 0.001 -1 -1 3,0 0.001 -1 0 0,3 0.001 1 0 0.0001 65 2,15 0.001 0 -1 0,14 0.001 1 1 1,14 0.001 0 -1 0 50 13,3 0.001 -1 0 12,0 0.001 -1 1 14,0 0.001 1 0 0.007 50 14,12 0.001 -1 0 12,15 0.001 0 -1 12,14 0.001 1 0 0.0021 65 ::f,3,3 f,3,14 f,12,2 f,15,14 
12:1,1 0.001 0 -1 3,0 0.001 -1 -1 0,3 0.001 1 1 0.0001 65 2,15 0.001 1 -1 0,14 0.001 0 1 1,14 0.001 1 -1 0 50 12,3 0.001 -1 0 12,0 0.001 -1 0 15,0 0.001 1 0 0.009 50 14,12 0.001 -1 -1 12,15 0.001 0 -1 12,14 0.001 1 1 0.0021 65 ::f,3,3 f,3,14 f,12,2 f,15,14 
13:1,1 0.001 0 -1 3,0 0.001 -1 -1 0,3 0.001 1 1 0.0001 65 2,15 0.001 1 -1 0,14 0.001 0 1 1,14 0.001 1 -1 0.0001 65 12,3 0.001 -1 -1 12,0 0.001 -1 0 15,0 0.001 1 1 0.009 50 14,12 0.001 -1 -1 12,15 0.001 0 -1 12,14 0.001 1 1 0.0021 65 ::f,3,3 f,3,13 f,12,2 f,15,14 
14:1,1 0.001 1 -1 3,0 0.001 0 -1 0,3 0.001 0 1 0.0001 65 2,15 0.001 1 0 0,14 0.001 -1 1 1,14 0.001 1 0 0.0001 65 12,3 0.001 -1 -1 12,0 0.001 -1 -1 15,0 0.001 1 1 0.009 50 14,12 0.001 0 -1 12,15 0.001 0 -1 12,14 0.001 0 1 0.0021 65 ::f,3,3 f,3,13 f,12,2 f,15,14 
15:1,1 0.001 1 -1 3,0 0.001 0 -1 0,3 0.001 0 1 0.0001 65 2,15 0.001 1 0 0,14 0.001 -1 1 1,14 0.001 1 0 0.0001 65 12,3 0.001 0 -1 12,0 0.001 -1 -1 15,0 0.001 0 1 0.009 50 14,12 0.001 0 -1 12,15 0.001 0 -1 12,14 0.001 0 1 0.0021 65 ::f,3,3 f,3,13 f,12,2 f,15,14 
16:1,1 0.001 1 0 3,0 0.001 1 -1 0,3 0.001 -1 1 0.0001 65 2,15 0.001 1 1 0,14 0.001 -1 0 1,14 0.001 1 1 0.0001 65 12,3 0.001 0 -1 12,0 0.001 0 -1 15,1 0.001 0 1 0.01 50 14,12 0.001 1 -1 12,15 0.001 0 -1 12,14 0.001 -1 1 0.0021 65 ::f,3,3 f,3,13 f,12,2 f,15,14 
17:2,1 0.001 1 0 3,0 0.001 1 -1 0,3 0.001 -1 1 0.0011 65 2,15 0.001 1 1 0,14 0.001 -1 0 1,14 0.001 1 1 0.0001 65 12,3 0.001 0 -1 12,0 0.001 0 -1 15,1 0.001 0 1 0.0101 65 14,12 0.001 1 -1 12,15 0.001 0 -1 12,14 0.001 -1 1 0.0021 65 ::f,3,3 f,3,13 f,13,1 f,15,14 
18:2,1 0.001 1 0 3,0 0.001 1 0 0,3 0.001 -1 0 0.0011 65 2,15 0.001 0 1 0,14 0.001 -1 -1 1,14 0.001 0 1 0.0001 65 12,2 0.001 0 -1 12,0 0.001 1 -1 15,2 0.001 0 1 0.0121 65 14,12 0.001 1 0 12,15 0.001 0 -1 12,14 0.001 -1 0 0.0021 65 ::f,3,3 f,3,13 f,13,1 f,15,14 
19:2,1 0.001 1 1 3,0 0.001 1 0 0,3 0.001 -1 0 0.0011 65 2,15 0.001 0 1 0,14 0.001 -1 -1 1,14 0.001 0 1 0.0001 65 12,1 0.001 0 -1 12,0 0.001 1 -1 15,2 0.001 0 1 0.0131 65 14,12 0.001 1 0 12,15 0.001 0 -1 12,14 0.001 -1 0 0.0021 65 ::f,3,3 f,3,13 f,13,1 f,15,14 
20:2,1 0.001 1 1 3,0 0.001 1 1 0,3 0.001 -1 -1 0.0011 65 2,15 0.001 -1 1 0,14 0.001 0 -1 1,14 0.001 -1 1 0.0001 65 12,1 0.001 0 -1 12,0 0.001 1 0 15,3 0.001 0 1 0.0141 65 14,12 0.001 1 1 12,15 0.001 0 -1 12,14 0.001 -1 -1 0.0021 65 ::f,3,3 f,3,13 f,13,1 f,15,14 
21:2,1 0.001 0 1 3,0 0.001 1 1 0,3 0.001 -1 -1 0.0011 65 2,15 0.001 -1 1 0,13 0.001 0 -1 1,14 0.001 -1 1 0.0011 65 12,1 0.001 0 -1 13,0 0.001 1 0 15,3 0.001 -1 1 0.0151 65 14,12 0.001 1 1 12,15 0.001 0 -1 12,14 0.001 -1 -1 0.0021 65 ::f,3,3 f,3,13 f,13,1 f,15,14 
22:2,2 0.001 0 1 3,0 0.001 0 1 0,3 0.001 0 -1 0.0021 65 2,15 0.001 -1 0 0,13 0.001 0 -1 1,14 0.001 -1 0 0.0011 65 12,1 0.001 1 -1 13,0 0.001 1 0 15,3 0.001 -1 1 0.0151 65 14,12 0.001 0 1 12,15 0.001 0 -1 12,14 0.001 0 -1 0.0021 65 ::f,3,3 f,3,13 f,13,1 f,15,14 
23:2,2 0.001 0 1 3,1 0.001 0 1 0,2 0.001 0 -1 0.0041 65 1,15 0.001 -1 0 0,13 0.001 1 -1 1,14 0.001 -1 0 0.0021 65 12,1 0.001 1 -1 13,0 0.001 1 1 15,3 0.001 -1 0 0.0151 65 14,13 0.001 0 1 12,15 0.001 0 -1 12,13 0.001 0 -1 0.0041 65 ::f,3,3 f,3,13 f,13,1 f,15,14 
24:2,2 0.001 -1 1 3,2 0.001 0 1 0,2 0.001 0 -1 0.0051 65 1,15 0.001 -1 0 0,13 0.001 1 -1 1,14 0.001 -1 -1 0.0021 65 12,1 0.001 1 0 13,0 0.001 1 1 14,3 0.001 -1 0 0.0161 65 14,13 0.001 0 1 12,14 0.001 0 -1 12,13 0.001 0 -1 0.0051 65 ::f,3,3 f,3,13 f,13,1 f,15,14 
25:2,2 0.001 -1 1 3,2 0.001 0 1 0,2 0.001 1 -1 0.0052 80 1,15 0.001 -1 -1 0,13 0.001 1 0 1,14 0.001 -1 -1 0.0021 65 12,1 0.001 1 0 13,0 0.001 0 1 14,3 0.001 -1 0 0.0161 65 14,13 0.001 -1 1 12,14 0.001 0 -1 12,13 0.001 1 -1 0.0051 65 ::f,2,3 f,3,13 f,13,1 f,15,14 
26:2,2 0.001 -1 0 3,2 0.001 -1 1 0,2 0.001 1 -1 0.0052 80 1,15 0.001 -1 -1 1,13 0.001 1 0 1,14 0.001 0 -1 0.0031 65 12,1 0.001 1 0 13,0 0.001 0 1 13,3 0.001 -1 0 1.0172 80 14,13 0.001 -1 1 12,14 0.001 0 -1 12,13 0.001 1 -1 0.0051 65 ::f,2,3 f,3,13 f,14,2 f,15,14 
27:1,2 0.001 -1 0 3,2 0.001 -1 1 0,2 0.001 1 0 1.0063 95 1,15 0.001 0 -1 2,13 0.001 1 0 1,13 0.001 0 -1 0.0051 65 13,1 0.001 1 0 13,0 0.001 -1 1 13,3 0.001 -1 0 1.0182 80 14,13 0.001 -1 0 12,14 0.001 0 -1 12,13 0.001 1 0 0.0051 65 ::f,1,0 f,3,13 f,14,2 f,15,14 
28:1,2 0.001 -1 0 3,2 0.001 -1 0 0,2 0.001 1 0 1.0063 95 1,14 0.001 0 -1 2,13 0.001 1 0 1,13 0.001 0 -1 0.0062 80 13,1 0.001 1 0 13,0 0.001 -1 1 12,3 0.001 -1 0 1.0192 80 13,13 0.001 -1 0 12,14 0.001 0 -1 12,13 0.001 1 0 0.0061 65 ::f,0,12 f,1,0 f,14,2 f,15,14 
29:1,2 0.001 -1 -1 2,2 0.001 -1 0 0,2 0.001 1 0 1.0073 95 1,14 0.001 0 -1 2,13 0.001 1 1 1,13 0.001 1 -1 0.0062 80 14,1 0.001 1 0 13,0 0.001 -1 0 12,3 0.001 -1 -1 1.0202 80 13,13 0.001 -1 0 12,14 0.001 0 -1 12,13 0.001 1 0 0.0061 65 ::f,0,12 f,1,0 f,14,2 f,15,14 
30:1,2 0.001 -1 -1 2,2 0.001 -1 0 0,2 0.001 1 0 1.0073 95 1,14 0.001 1 -1 2,13 0.001 1 1 1,13 0.001 1 -1 0.0062 80 14,1 0.001 1 0 13,0 0.001 -1 0 12,3 0.001 -1 -1 1.0202 80 13,13 0.001 -1 -1 12,14 0.001 0 -1 12,13 0.001 1 1 0.0061 65 ::f,0,12 f,1,0 f,14,2 f,15,14 
31:1,2 0.001 0 -1 2,2 0.001 -1 -1 0,2 0.001 1 1 1.0073 95 1,14 0.001 1 -1 2,13 0.001 0 1 1,13 0.001 1 0 0.0062 80 15,1 0.001 1 0 13,0 0.001 -1 -1 12,3 0.001 0 -1 1.0212 80 13,13 0.001 -1 -1 12,14 0.001 0 -1 12,13 0.001 1 1 0.0061 65 ::f,0,12 f,1,0 f,14,2 f,15,14 
32:1,1 0.001 0 -1 2,2 0.001 -1 -1 0,2 0.001 1 1 1.0083 95 1,14 0.001 1 0 2,14 0.001 0 1 2,13 0.001 1 0 0.0082 80 15,1 0.001 1 1 13,0 0.001 -1 -1 12,2 0.001 0 -1 1.0222 80 13,13 0.001 0 -1 12,14 0.001 0 -1 12,13 0.001 0 1 0.0061 65 ::f,0,12 f,1,0 f,14,2 f,15,14 
33:1,1 0.001 0 -1 2,2 0.001 0 -1 0,2 0.001 0 1 2.0084 110 1,14 0.001 1 0 2,14 0.001 0 1 2,13 0.001 1 0 0.0082 80 15,1 0.001 1 1 13,0 0.001 0 -1 12,2 0.001 0 -1 1.0222 80 13,13 0.001 0 -1 12,14 0.001 0 -1 12,13 0.001 0 1 0.0061 65 ::f,0,1 f,0,12 f,14,2 f,15,14 
34:1,1 0.001 1 -1 2,2 0.001 0 -1 0,2 0.001 0 1 2.0084 110 1,14 0.001 1 1 2,14 0.001 -1 1 2,13 0.001 1 1 0.0082 80 15,1 0.001 0 1 13,0 0.001 0 -1 12,1 0.001 0 -1 1.0232 80 13,13 0.001 1 -1 12,14 0.001 0 -1 12,13 0.001 -1 1 0.0061 65 ::f,0,1 f,0,12 f,14,2 f,15,14 
35:1,1 0.001 1 -1 2,2 0.001 1 -1 0,2 0.001 -1 1 2.0084 110 1,14 0.001 1 1 2,14 0.001 -1 1 2,13 0.001 1 1 0.0082 80 15,2 0.001 0 1 13,0 0.001 1 -1 12,1 0.001 0 -1 1.0242 80 13,13 0.001 1 -1 12,14 0.001 0 -1 12,13 0.001 -1 1 0.0061 65 ::f,0,1 f,0,12 f,14,2 f,15,14 
36:1,1 0.001 1 0 2,2 0.001 1 -1 0,2 0.001 -1 1 2.0084 110 1,14 0.001 0 1 2,14 0.001 -1 0 2,13 0.001 0 1 0.0082 80 15,2 0.001 0 1 13,0 0.001 1 -1 12,0 0.001 0 -1 1.0252 80 13,13 0.001 1 0 12,14 0.001 0 -1 12,13 0.001 -1 0 0.0061 65 ::f,0,1 f,0,12 f,14,2 f,15,14 
37:2,1 0.001 1 0 2,2 0.001 1 0 0,2 0.001 -1 0 2.0094 110 1,14 0.001 0 1 2,14 0.001 -1 0 2,13 0.001 0 1 0.0082 80 15,3 0.001 0 1 13,0 0.001 1 0 12,0 0.001 1 -1 1.0262 80 14,13 0.001 1 0 12,14 0.001 0 -1 12,13 0.001 -1 0 0.0071 65 ::f,0,1 f,0,12 f,14,2 f,15,14 
38:2,1 0.001 1 0 2,2 0.001 1 0 0,2 0.001 -1 0 2.0094 110 1,14 0.001 -1 1 2,14 0.001 -1 0 2,13 0.001 0 1 0.0082 80 15,3 0.001 -1 1 14,0 0.001 1 0 12,0 0.001 1 -1 1.0272 80 14,13 0.001 1 0 12,14 0.001 0 -1 12,13 0.001 -1 -1 0.0071 65 ::f,0,1 f,0,12 f,14,2 f,15,14 
39:2,1 0.001 1 1 2,2 0.001 1 1 0,2 0.001 -1 -1 2.0094 110 1,14 0.001 -1 1 2,14 0.001 -1 -1 2,13 0.001 -1 1 0.0082 80 15,3 0.001 -1 1 14,0 0.001 1 0 12,0 0.001 1 0 1.0272 80 14,13 0.001 1 1 12,14 0.001 0 -1 12,13 0.001 -1 -1 0.0071 65 ::f,0,1 f,0,12 f,14,2 f,15,14 
40:2,1 0.001 1 1 2,2 0.001 1 1 0,2 0.001 -1 -1 2.0094 110 1,14 0.001 -1 0 1,13 0.001 -1 -1 2,13 0.001 -1 1 0.0092 80 15,3 0.001 -1 0 14,0 0.001 1 1 13,0 0.001 1 0 1.0282 80 14,13 0.001 1 1 12,14 0.001 0 -1 12,13 0.001 0 -1 1.0072 80 ::f,0,1 f,0,12 f,14,2 f,14,12 
41:2,1 0.001 0 1 2,2 0.001 0 1 0,2 0.001 0 -1 2.0094 110 1,14 0.001 -1 0 1,13 0.001 -1 -1 2,13 0.001 -1 0 1.0093 95 14,3 0.001 -1 0 14,0 0.001 1 1 13,0 0.001 1 0 1.0292 80 14,13 0.001 0 1 12,14 0.001 0 -1 12,13 0.001 0 -1 1.0072 80 ::f,0,1 f,2,12 f,14,2 f,14,12 
42:2,1 0.001 0 1 2,2 0.001 0 1 0,2 0.001 0 -1 2.0094 110 1,14 0.001 -1 -1 1,13 0.001 0 -1 2,13 0.001 -1 0 1.0093 95 14,3 0.001 -1 0 14,0 0.001 0 1 13,0 0.001 1 0 1.0292 80 14,14 0.001 0 1 12,14 0.001 0 -1 12,13 0.001 1 -1 1.0082 80 ::f,0,1 f,2,12 f,14,2 f,14,12 
43:2,1 0.001 0 1 2,2 0.001 -1 1 0,2 0.001 0 -1 2.0095 125 1,14 0.001 -1 -1 1,13 0.001 0 -1 2,13 0.001 -1 -1 1.0093 95 13,3 0.001 -1 0 14,1 0.001 0 1 13,0 0.001 1 0 1.0312 80 14,14 0.001 0 1 12,14 0.001 0 -1 12,13 0.001 1 -1 1.0082 80 ::f,2,3 f,2,12 f,14,2 f,14,12 
44:2,1 0.001 0 1 2,2 0.001 -1 1 0,2 0.001 1 -1 2.0095 125 1,14 0.001 0 -1 1,13 0.001 1 -1 2,13 0.001 -1 -1 1.0093 95 13,3 0.001 -1 0 14,1 0.001 0 1 14,0 0.001 1 0 1.0323 95 14,14 0.001 -1 1 12,14 0.001 0 -1 12,13 0.001 1 0 1.0082 80 ::f,2,3 f,2,12 f,12,2 f,14,12 
45:2,1 0.001 0 1 2,2 0.001 -1 0 0,2 0.001 1 -1 2.0095 125 1,14 0.001 0 -1 1,13 0.001 1 -1 2,13 0.001 0 -1 3.0094 110 12,3 0.001 -1 0 14,1 0.001 -1 1 14,0 0.001 1 0 1.0333 95 14,14 0.001 -1 1 12,14 0.001 0 -1 13,13 0.001 1 0 1.0092 80 ::f,2,3 f,2,15 f,12,2 f,14,12 
46:2,1 0.001 -1 1 1,2 0.001 -1 0 0,2 0.001 1 0 2.0105 125 1,14 0.001 0 -1 1,13 0.001 1 0 2,13 0.001 0 -1 3.0094 110 12,3 0.001 -1 -1 13,2 0.001 -1 1 15,0 0.001 1 0 1.0353 95 14,14 0.001 -1 0 12,13 0.001 0 -1 13,13 0.001 1 0 1.0102 80 ::f,2,3 f,2,15 f,12,2 f,14,12 
47:2,1 0.001 -1 1 1,2 0.001 -1 0 0,2 0.001 1 0 2.0105 125 1,14 0.001 1 -1 1,13 0.001 1 0 2,13 0.001 1 -1 3.0094 110 12,3 0.001 -1 -1 13,2 0.001 -1 1 15,0 0.001 1 1 1.0353 95 13,14 0.001 -1 0 12,13 0.001 0 -1 13,13 0.001 1 1 1.0112 80 ::f,2,3 f,2,15 f,12,2 f,14,12 
48:2,1 0.001 -1 0 1,2 0.001 -1 -1 0,2 0.001 1 1 2.0105 125 1,14 0.001 1 -1 1,13 0.001 1 0 2,13 0.001 1 -1 3.0094 110 12,3 0.001 0 -1 13,2 0.001 -1 0 15,0 0.001 1 1 1.0353 95 13,14 0.001 -1 0 12,12 0.001 0 -1 13,13 0.001 1 1 1.0122 80 ::f,2,3 f,2,15 f,12,2 f,14,12 
49:2,1 0.001 -1 0 1,2 0.001 -1 -1 0,2 0.001 1 1 2.0105 125 1,14 0.001 1 0 1,13 0.001 1 1 2,13 0.001 1 0 3.0094 110 12,3 0.001 0 -1 13,2 0.001 -1 0 15,0 0.001 0 1 2.0354 110 13,14 0.001 -1 -1 12,12 0.001 1 -1 13,13 0.001 0 1 1.0122 80 ::f,2,3 f,2,15 f,14,12 f,15,1 
50:2,1 0.001 -1 -1 1,2 0.001 0 -1 0,2 0.001 0 1 2.0105 125 1,14 0.001 1 0 1,13 0.001 1 1 2,13 0.001 1 0 3.0094 110 12,3 0.001 0 -1 13,2 0.001 -1 -1 15,0 0.001 0 1 2.0354 110 13,14 0.001 -1 -1 12,12 0.001 1 -1 13,13 0.001 0 1 1.0122 80 ::f,2,3 f,2,15 f,14,12 f,15,1 
51:2,1 0.001 -1 -1 1,2 0.001 0 -1 0,2 0.001 0 1 2.0105 125 1,14 0.001 1 1 1,13 0.001 0 1 2,13 0.001 1 1 3.0094 110 12,2 0.001 0 -1 13,2 0.001 -1 -1 15,0 0.001 0 1 2.0365 125 13,14 0.001 0 -1 12,12 0.001 1 0 13,13 0.001 -1 1 1.0122 80 ::f,2,3 f,2,15 f,14,1 f,14,12 
52:2,1 0.001 0 -1 1,2 0.001 1 -1 0,2 0.001 -1 1 2.0105 125 1,14 0.001 1 1 1,13 0.001 0 1 2,13 0.001 1 1 4.0095 125 12,2 0.001 0 -1 13,2 0.001 0 -1 15,1 0.001 0 1 2.0375 125 13,14 0.001 0 -1 13,12 0.001 1 0 13,13 0.001 -1 1 1.0132 80 ::f,2,3 f,3,12 f,14,1 f,14,12 
53:2,1 0.001 0 -1 1,2 0.001 1 -1 0,2 0.001 -1 1 2.0105 125 1,14 0.001 0 1 1,13 0.001 -1 1 2,13 0.001 0 1 4.0095 125 12,1 0.001 0 -1 13,1 0.001 0 -1 15,1 0.001 0 1 2.0395 125 13,14 0.001 0 -1 13,12 0.001 1 0 13,13 0.001 -1 0 1.0133 95 ::f,2,3 f,3,12 f,14,1 f,14,12 
54:2,1 0.001 1 -1 1,2 0.001 1 0 0,2 0.001 -1 0 2.0105 125 1,14 0.001 0 1 1,13 0.001 -1 1 2,14 0.001 0 1 4.0105 125 12,1 0.001 0 -1 13,1 0.001 0 -1 15,2 0.001 0 1 2.0405 125 13,14 0.001 0 -1 13,12 0.001 1 0 13,13 0.001 -1 0 1.0133 95 ::f,2,3 f,3,12 f,14,1 f,14,12 
55:2,1 0.001 1 -1 1,2 0.001 1 0 0,2 0.001 -1 0 2.0105 125 1,14 0.001 -1 1 1,13 0.001 -1 0 2,14 0.001 0 1 4.0105 125 12,0 0.001 0 -1 13,1 0.001 1 -1 15,2 0.001 0 1 2.0415 125 13,14 0.001 1 -1 13,12 0.001 1 0 13,13 0.001 -1 -1 2.0134 110 ::f,2,3 f,3,12 f,12,14 f,14,1 
56:2,1 0.001 1 0 1,2 0.001 1 1 0,2 0.001 -1 -1 2.0105 125 1,14 0.001 -1 1 1,13 0.001 -1 0 2,14 0.001 -1 1 4.0105 125 12,0 0.001 1 -1 13,1 0.001 1 -1 15,3 0.001 0 1 2.0425 125 13,14 0.001 1 -1 14,12 0.001 1 0 13,13 0.001 -1 -1 2.0144 110 ::f,2,3 f,3,12 f,12,14 f,14,1 
57:2,1 0.001 1 0 1,2 0.001 1 1 0,2 0.001 -1 -1 4.0106 140 1,14 0.001 -1 0 1,13 0.001 -1 -1 2,14 0.001 -1 1 4.0105 125 12,0 0.001 1 -1 13,1 0.001 1 0 15,3 0.001 -1 1 2.0425 125 13,14 0.001 1 0 14,12 0.001 1 0 13,13 0.001 0 -1 2.0144 110 ::f,2,3 f,3,12 f,12,14 f,14,1 
58:2,1 0.001 1 1 1,2 0.001 0 1 0,2 0.001 0 -1 4.0106 140 1,14 0.001 -1 0 1,13 0.001 -1 -1 2,14 0.001 -1 0 4.0105 125 12,0 0.001 1 0 13,1 0.001 1 0 15,3 0.001 -1 1 2.0425 125 13,14 0.001 1 0 15,12 0.001 1 0 13,13 0.001 0 -1 2.0154 110 ::f,2,3 f,3,12 f,12,14 f,14,1 
59:2,1 0.001 1 1 1,2 0.001 0 1 0,1 0.001 0 -1 4.0116 140 1,14 0.001 -1 -1 1,13 0.001 0 -1 2,14 0.001 -1 0 4.0105 125 13,0 0.001 1 0 13,1 0.001 1 0 15,3 0.001 -1 0 4.0436 140 13,14 0.001 1 1 15,12 0.001 1 1 13,13 0.001 1 -1 2.0154 110 ::f,2,3 f,3,12 f,12,14 f,14,2 
60:2,1 0.001 0 1 1,2 0.001 -1 1 0,1 0.001 0 -1 4.0116 140 1,14 0.001 -1 -1 1,13 0.001 0 -1 2,14 0.001 -1 0 4.0105 125 13,0 0.001 1 0 13,1 0.001 1 1 14,3 0.001 -1 0 4.0446 140 13,14 0.001 1 1 15,12 0.001 1 1 13,13 0.001 1 -1 2.0154 110 ::f,2,3 f,3,12 f,12,14 f,14,2 
61:2,2 0.001 0 1 1,2 0.001 -1 1 0,1 0.001 1 -1 4.0126 140 1,14 0.001 0 -1 1,13 0.001 1 -1 2,14 0.001 -1 -1 4.0105 125 14,0 0.001 1 0 13,1 0.001 1 1 14,3 0.001 -1 0 7.0457 155 13,14 0.001 0 1 15,12 0.001 0 1 13,13 0.001 1 0 2.0154 110 ::f,2,3 f,3,12 f,12,2 f,12,14 
62:2,2 0.001 0 1 1,2 0.001 -1 0 0,1 0.001 1 -1 6.0127 155 1,14 0.001 0 -1 1,13 0.001 1 -1 2,14 0.001 -1 -1 4.0105 125 14,0 0.001 1 0 13,1 0.001 0 1 13,3 0.001 -1 0 7.0467 155 13,14 0.001 0 1 15,13 0.001 0 1 14,13 0.001 1 0 2.0174 110 ::f,2,1 f,3,12 f,12,2 f,12,14 
63:2,2 0.001 -1 1 1,2 0.001 -1 0 0,1 0.001 1 0 6.0127 155 1,14 0.001 0 -1 1,13 0.001 1 0 2,14 0.001 0 -1 4.0105 125 15,0 0.001 1 0 13,2 0.001 0 1 13,3 0.001 -1 0 7.0487 155 13,14 0.001 -1 1 15,13 0.001 0 1 14,13 0.001 1 0 2.0174 110 ::f,2,1 f,3,12 f,12,2 f,12,14 
64:2,2 0.001 -1 1 1,2 0.001 -1 -1 1,1 0.001 1 0 6.0137 155 1,14 0.001 1 -1 2,13 0.001 1 0 2,14 0.001 0 -1 4.0115 125 15,0 0.001 1 1 13,2 0.001 0 1 12,3 0.001 -1 0 7.0497 155 13,14 0.001 -1 1 15,14 0.001 0 1 14,13 0.001 1 1 2.0184 110 ::f,2,1 f,3,12 f,12,2 f,12,14 
65:2,2 0.001 -1 0 1,2 0.001 -1 -1 1,1 0.001 1 0 7.0138 170 1,14 0.001 1 -1 2,13 0.001 1 0 2,14 0.001 1 -1 4.0115 125 15,0 0.001 1 1 13,2 0.001 -1 1 12,3 0.001 -1 -1 7.0497 155 13,14 0.001 -1 0 15,14 0.001 0 1 14,13 0.001 1 1 2.0184 110 ::f,1,3 f,3,12 f,12,2 f,12,14 
66:2,2 0.001 -1 0 1,2 0.001 0 -1 1,1 0.001 1 1 7.0138 170 1,14 0.001 1 -1 2,13 0.001 1 1 2,14 0.001 1 -1 4.0115 125 15,0 0.001 0 1 13,2 0.001 -1 1 12,3 0.001 -1 -1 7.0497 155 13,14 0.001 -1 0 15,15 0.001 0 1 14,13 0.001 0 1 4.0195 125 ::f,1,3 f,3,12 f,12,2 f,14,12 
67:2,2 0.001 -1 0 1,2 0.001 0 -1 1,1 0.001 1 1 7.0138 170 1,14 0.001 1 0 2,13 0.001 1 1 2,14 0.001 1 0 4.0115 125 15,1 0.001 0 1 13,2 0.001 -1 0 12,3 0.001 0 -1 7.0507 155 13,14 0.001 -1 -1 15,15 0.001 -1 1 14,13 0.001 0 1 4.0195 125 ::f,1,3 f,3,12 f,12,2 f,14,12 
68:2,2 0.001 -1 -1 1,2 0.001 0 -1 1,1 0.001 0 1 7.0138 170 1,14 0.001 1 0 2,13 0.001 0 1 2,14 0.001 1 0 4.0115 125 15,1 0.001 0 1 13,2 0.001 -1 0 12,2 0.001 0 -1 11.0518 170 13,14 0.001 -1 -1 15,15 0.001 -1 1 14,13 0.001 -1 1 4.0195 125 ::f,1,3 f,3,12 f,12,0 f,14,12 
69:2,2 0.001 -1 -1 1,2 0.001 1 -1 1,1 0.001 0 1 7.0138 170 1,14 0.001 1 1 2,13 0.001 0 1 2,14 0.001 1 1 4.0115 125 15,2 0.001 0 1 13,2 0.001 -1 -1 12,1 0.001 0 -1 11.0538 170 13,14 0.001 0 -1 15,15 0.001 -1 0 14,13 0.001 -1 1 4.0195 125 ::f,1,3 f,3,12 f,12,0 f,14,12 
70:2,2 0.001 0 -1 1,2 0.001 1 -1 1,1 0.001 0 1 7.0138 170 1,14 0.001 1 1 2,13 0.001 0 1 2,14 0.001 1 1 4.0115 125 15,2 0.001 0 1 13,2 0.001 -1 -1 12,1 0.001 0 -1 12.0539 185 13,13 0.001 0 -1 14,15 0.001 -1 0 14,13 0.001 -1 0 4.0215 125 ::f,1,3 f,3,12 f,13,1 f,14,12 
71:2,2 0.001 0 -1 1,2 0.001 1 0 1,1 0.001 -1 1 7.0138 170 1,14 0.001 0 1 2,13 0.001 -1 1 2,14 0.001 0 1 4.0115 125 15,3 0.001 0 1 13,2 0.001 0 -1 12,0 0.001 0 -1 12.0559 185 13,13 0.001 0 -1 14,15 0.001 -1 0 14,13 0.001 -1 0 4.0215 125 ::f,1,3 f,3,12 f,13,1 f,14,12 
72:2,2 0.001 1 -1 1,2 0.001 1 0 1,1 0.001 -1 1 7.0138 170 1,14 0.001 0 1 2,13 0.001 -1 1 2,14 0.001 0 1 4.0115 125 15,3 0.001 -1 1 13,2 0.001 0 -1 12,0 0.001 1 -1 12.0559 185 13,13 0.001 1 -1 13,15 0.001 -1 0 14,13 0.001 -1 -1 4.0225 125 ::f,1,3 f,3,12 f,13,1 f,14,12 
73:2,2 0.001 1 -1 1,2 0.001 1 1 1,1 0.001 -1 0 7.0138 170 1,14 0.001 -1 1 2,13 0.001 -1 0 2,14 0.001 -1 1 4.0115 125 15,3 0.001 -1 1 13,2 0.001 0 -1 12,0 0.001 1 -1 17.056 200 13,13 0.001 1 -1 13,15 0.001 -1 0 14,13 0.001 -1 -1 7.0227 155 ::f,1,3 f,3,12 f,14,0 f,15,13 
74:2,2 0.001 1 0 1,2 0.001 1 1 1,1 0.001 -1 0 7.0138 170 1,14 0.001 -1 1 2,13 0.001 -1 0 2,14 0.001 -1 1 4.0115 125 15,3 0.001 -1 0 13,2 0.001 1 -1 12,0 0.001 1 0 17.056 200 13,13 0.001 1 0 12,15 0.001 -1 0 14,13 0.001 0 -1 7.0237 155 ::f,1,3 f,3,12 f,14,0 f,15,13 
75:2,2 0.001 1 0 1,2 0.001 0 1 1,1 0.001 -1 -1 7.0138 170 1,14 0.001 -1 0 2,13 0.001 -1 -1 2,14 0.001 -1 0 4.0115 125 14,3 0.001 -1 0 13,2 0.001 1 -1 13,0 0.001 1 0 17.058 200 13,13 0.001 1 0 12,15 0.001 -1 -1 14,13 0.001 0 -1 7.0237 155 ::f,1,3 f,3,12 f,14,0 f,15,13 
76:2,2 0.001 1 1 1,2 0.001 0 1 1,1 0.001 -1 -1 10.0139 185 1,14 0.001 -1 0 2,13 0.001 -1 -1 2,14 0.001 -1 0 4.0115 125 14,3 0.001 -1 0 13,2 0.001 1 0 13,0 0.001 1 0 19.0581 215 13,13 0.001 1 0 12,15 0.001 -1 -1 14,13 0.001 1 -1 7.0237 155 ::f,1,3 f,3,12 f,12,1 f,15,13 
77:2,2 0.001 1 1 1,2 0.001 -1 1 1,1 0.001 0 -1 10.0139 185 1,14 0.001 -1 -1 2,13 0.001 0 -1 2,14 0.001 -1 0 4.0115 125 13,3 0.001 -1 0 13,2 0.001 1 0 14,0 0.001 1 0 19.0601 215 13,13 0.001 1 1 12,15 0.001 0 -1 14,13 0.001 1 -1 7.0237 155 ::f,1,3 f,3,12 f,12,1 f,15,13 
78:2,2 0.001 0 1 1,2 0.001 -1 1 1,1 0.001 0 -1 10.0139 185 1,14 0.001 -1 -1 2,13 0.001 0 -1 2,14 0.001 -1 -1 4.0115 125 13,3 0.001 -1 0 13,2 0.001 1 1 14,0 0.001 1 0 19.0601 215 13,13 0.001 1 1 12,14 0.001 0 -1 14,13 0.001 1 0 7.0247 155 ::f,1,3 f,3,12 f,12,1 f,15,13 
79:2,2 0.001 0 1 1,2 0.001 -1 0 1,1 0.001 1 -1 10.0139 185 1,14 0.001 0 -1 2,13 0.001 1 -1 2,14 0.001 -1 -1 4.0115 125 12,3 0.001 -1 0 13,2 0.001 1 1 15,0 0.001 1 0 19.0621 215 13,13 0.001 0 1 12,14 0.001 0 -1 14,13 0.001 1 0 8.0248 170 ::f,1,3 f,3,12 f,12,1 f,14,15 
80:2,2 0.001 -1 1 1,2 0.001 -1 0 1,1 0.001 1 -1 10.0139 185 1,13 0.001 0 -1 2,13 0.001 1 -1 2,14 0.001 0 -1 7.0126 140 12,3 0.001 -1 -1 13,2 0.001 0 1 15,0 0.001 1 1 19.0621 215 13,13 0.001 0 1 12,13 0.001 0 -1 14,13 0.001 1 1 8.0258 170 ::f,0,13 f,1,3 f,12,1 f,14,15 
81:2,2 0.001 -1 1 1,2 0.001 -1 -1 1,1 0.001 1 0 13.014 200 1,13 0.001 0 -1 2,13 0.001 1 0 2,14 0.001 0 -1 7.0126 140 12,3 0.001 -1 -1 13,2 0.001 0 1 15,0 0.001 1 1 19.0621 215 13,13 0.001 -1 1 12,13 0.001 0 -1 14,13 0.001 1 1 8.0258 170 ::f,0,0 f,0,13 f,12,1 f,14,15 
82:2,2 0.001 -1 0 1,2 0.001 -1 -1 2,1 0.001 1 0 13.015 200 1,13 0.001 1 -1 2,13 0.001 1 0 2,14 0.001 1 -1 7.0126 140 12,3 0.001 0 -1 13,2 0.001 -1 1 15,0 0.001 0 1 19.0621 215 13,13 0.001 -1 1 12,12 0.001 0 -1 14,13 0.001 0 1 8.0268 170 ::f,0,0 f,0,13 f,12,1 f,14,15 
83:2,2 0.001 -1 0 1,2 0.001 0 -1 2,1 0.001 1 0 13.015 200 1,13 0.001 1 -1 2,13 0.001 1 1 2,14 0.001 1 -1 7.0126 140 12,2 0.001 0 -1 13,2 0.001 -1 1 15,1 0.001 0 1 19.0641 215 13,13 0.001 -1 0 12,12 0.001 1 -1 14,14 0.001 0 1 8.0278 170 ::f,0,0 f,0,13 f,12,1 f,14,15 
84:2,2 0.001 -1 0 1,1 0.001 0 -1 2,1 0.001 1 1 13.016 200 1,13 0.001 1 0 2,13 0.001 1 1 2,14 0.001 1 0 7.0126 140 12,2 0.001 0 -1 13,2 0.001 -1 0 15,1 0.001 0 1 21.0642 230 13,13 0.001 -1 0 12,12 0.001 1 -1 14,14 0.001 0 1 10.0279 185 ::f,0,0 f,0,13 f,12,3 f,13,12 
85:2,2 0.001 -1 -1 1,1 0.001 0 -1 2,1 0.001 1 1 13.016 200 1,13 0.001 1 0 2,13 0.001 0 1 2,14 0.001 1 0 7.0126 140 12,1 0.001 0 -1 13,2 0.001 -1 0 15,2 0.001 0 1 21.0662 230 13,13 0.001 -1 -1 12,12 0.001 1 0 14,14 0.001 -1 1 10.0279 185 ::f,0,0 f,0,13 f,12,3 f,13,12 
86:2,2 0.001 -1 -1 1,1 0.001 1 -1 2,1 0.001 0 1 13.016 200 1,13 0.001 1 0 2,13 0.001 0 1 2,14 0.001 1 1 7.0126 140 12,1 0.001 0 -1 13,2 0.001 -1 -1 15,2 0.001 0 1 21.0662 230 13,13 0.001 -1 -1 12,12 0.001 1 0 14,14 0.001 -1 1 10.0279 185 ::f,0,0 f,0,13 f,12,3 f,13,12 
87:2,2 0.001 -1 -1 1,1 0.001 1 -1 2,1 0.001 0 1 13.016 200 1,13 0.001 1 1 2,13 0.001 0 1 2,14 0.001 1 1 7.0126 140 12,0 0.001 0 -1 13,2 0.001 -1 -1 15,3 0.001 0 1 21.0682 230 13,13 0.001 0 -1 12,12 0.001 1 0 14,14 0.001 -1 0 12.028 200 ::f,0,0 f,0,13 f,12,3 f,12,13 
88:2,2 0.001 0 -1 1,1 0.001 1 0 2,1 0.001 0 1 13.016 200 1,13 0.001 1 1 2,13 0.001 -1 1 2,14 0.001 0 1 7.0126 140 12,0 0.001 1 -1 13,2 0.001 0 -1 15,3 0.001 -1 1 21.0682 230 13,13 0.001 0 -1 13,12 0.001 1 0 13,14 0.001 -1 0 12.03 200 ::f,0,0 f,0,13 f,12,3 f,12,13 
89:2,2 0.001 0 -1 1,1 0.001 1 0 2,1 0.001 -1 1 13.016 200 1,13 0.001 0 1 2,13 0.001 -1 1 2,14 0.001 0 1 7.0126 140 12,0 0.001 1 -1 13,1 0.001 0 -1 15,3 0.001 -1 1 21.0692 230 13,13 0.001 1 -1 13,12 0.001 1 0 13,14 0.001 -1 0 12.03 200 ::f,0,0 f,0,13 f,12,3 f,12,13 
90:2,2 0.001 1 -1 1,1 0.001 1 0 2,1 0.001 -1 1 13.016 200 1,13 0.001 0 1 2,13 0.001 -1 0 2,14 0.001 -1 1 7.0126 140 12,0 0.001 1 0 13,1 0.001 0 -1 15,3 0.001 -1 0 21.0692 230 13,13 0.001 1 -1 14,12 0.001 1 0 13,14 0.001 -1 -1 12.031 200 ::f,0,0 f,0,13 f,12,3 f,12,13 
91:2,2 0.001 1 -1 1,1 0.001 1 1 2,1 0.001 -1 0 13.016 200 1,13 0.001 -1 1 2,13 0.001 -1 0 2,14 0.001 -1 1 7.0126 140 13,0 0.001 1 0 13,1 0.001 1 -1 14,3 0.001 -1 0 21.0712 230 13,13 0.001 1 0 14,12 0.001 1 0 13,14 0.001 -1 -1 15.0311 215 ::f,0,0 f,0,13 f,12,3 f,15,15 
92:2,2 0.001 1 0 1,1 0.001 1 1 2,1 0.001 -1 0 13.016 200 1,13 0.001 -1 1 2,13 0.001 -1 0 2,14 0.001 -1 0 7.0126 140 13,0 0.001 1 0 13,1 0.001 1 -1 13,3 0.001 -1 0 21.0722 230 14,13 0.001 1 0 15,12 0.001 1 0 13,14 0.001 0 -1 15.0331 215 ::f,0,0 f,0,13 f,12,3 f,15,15 
93:2,2 0.001 1 0 1,1 0.001 0 1 2,1 0.001 -1 -1 13.016 200 1,13 0.001 -1 0 2,13 0.001 -1 -1 1,14 0.001 -1 0 7.0136 140 14,0 0.001 1 0 13,1 0.001 1 0 13,3 0.001 -1 0 24.0733 245 14,13 0.001 1 0 15,12 0.001 1 1 13,13 0.001 0 -1 15.0341 215 ::f,0,0 f,0,13 f,13,2 f,15,15 
94:2,2 0.001 1 1 1,1 0.001 0 1 2,1 0.001 -1 -1 13.016 200 1,13 0.001 -1 0 2,13 0.001 -1 -1 1,14 0.001 -1 0 9.0137 155 14,0 0.001 1 0 14,1 0.001 1 0 12,3 0.001 -1 0 24.0753 245 14,13 0.001 1 1 15,12 0.001 1 1 13,13 0.001 0 -1 15.0341 215 ::f,0,0 f,2,14 f,13,2 f,15,15 
95:2,2 0.001 1 1 1,1 0.001 -1 1 2,1 0.001 0 -1 13.016 200 1,13 0.001 -1 -1 2,13 0.001 0 -1 1,14 0.001 -1 -1 9.0137 155 15,0 0.001 1 0 14,1 0.001 1 0 12,3 0.001 -1 -1 24.0763 245 14,13 0.001 1 1 15,12 0.001 0 1 13,13 0.001 1 -1 15.0341 215 ::f,0,0 f,2,14 f,13,2 f,15,15 
96:2,2 0.001 0 1 1,1 0.001 -1 1 2,1 0.001 0 -1 13.016 200 1,13 0.001 -1 -1 2,13 0.001 0 -1 1,14 0.001 -1 -1 9.0137 155 15,0 0.001 1 1 14,1 0.001 1 1 12,3 0.001 -1 -1 24.0763 245 14,13 0.001 0 1 15,13 0.001 0 1 13,13 0.001 1 -1 15.0351 215 ::f,0,0 f,2,14 f,13,2 f,15,15 
97:2,2 0.001 0 1 1,1 0.001 -1 0 2,1 0.001 1 -1 13.016 200 1,13 0.001 0 -1 2,13 0.001 1 -1 1,14 0.001 0 -1 9.0137 155 15,0 0.001 1 1 14,1 0.001 1 1 12,3 0.001 0 -1 24.0763 245 14,14 0.001 0 1 15,14 0.001 0 1 13,13 0.001 1 0 15.0371 215 ::f,0,0 f,2,14 f,13,2 f,15,15 
98:2,2 0.001 -1 1 1,1 0.001 -1 0 2,1 0.001 1 -1 13.016 200 1,13 0.001 0 -1 2,13 0.001 1 -1 1,14 0.001 0 -1 9.0137 155 15,0 0.001 0 1 14,1 0.001 0 1 12,2 0.001 0 -1 24.0773 245 14,14 0.001 0 1 15,14 0.001 0 1 14,13 0.001 1 0 18.0382 230 ::f,0,0 f,2,14 f,13,2 f,15,12 
99:2,2 0.001 -1 1 1,1 0.001 -1 -1 2,1 0.001 1 0 13.016 200 1,13 0.001 1 -1 2,13 0.001 1 0 1,14 0.001 0 -1 9.0137 155 15,1 0.001 0 1 14,2 0.001 0 1 12,2 0.001 0 -1 24.0793 245 14,14 0.001 -1 1 15,15 0.001 0 1 14,13 0.001 1 0 18.0392 230 ::f,0,0 f,2,14 f,13,2 f,15,12 
100:2,2 0.001 -1 0 1,1 0.001 -1 -1 2,1 0.001 1 0 17.0161 215 1,13 0.001 1 -1 2,13 0.001 1 0 1,14 0.001 1 -1 9.0137 155 15,1 0.001 0 1 14,2 0.001 0 1 12,1 0.001 0 -1 24.0803 245 14,14 0.001 -1 1 15,15 0.001 -1 1 14,13 0.001 1 1 18.0392 230 ::f,2,14 f,3,3 f,13,2 f,15,12 
101:1,2 0.001 -1 0 1,1 0.001 0 -1 2,1 0.001 1 1 17.0171 215 1,13 0.001 1 0 2,13 0.001 1 1 1,14 0.001 1 -1 9.0137 155 15,2 0.001 0 1 14,2 0.001 -1 1 12,1 0.001 0 -1 24.0813 245 14,14 0.001 -1 0 15,15 0.001 -1 1 14,13 0.001 1 1 18.0392 230 ::f,2,14 f,3,3 f,13,2 f,15,12 
102:1,2 0.001 -1 0 1,1 0.001 0 -1 2,1 0.001 1 1 17.0171 215 1,13 0.001 1 0 2,13 0.001 1 1 1,14 0.001 1 0 9.0137 155 15,2 0.001 0 1 14,2 0.001 -1 1 12,0 0.001 0 -1 24.0823 245 13,14 0.001 -1 0 15,15 0.001 -1 0 14,13 0.001 0 1 18.0402 230 ::f,2,14 f,3,3 f,13,2 f,15,12 
103:1,2 0.001 -1 -1 1,1 0.001 1 -1 2,1 0.001 0 1 17.0171 215 1,13 0.001 1 0 2,13 0.001 0 1 1,14 0.001 1 0 9.0138 170 15,3 0.001 0 1 14,2 0.001 -1 0 12,0 0.001 1 -1 24.0833 245 13,14 0.001 -1 0 14,15 0.001 -1 0 14,14 0.001 0 1 18.0422 230 ::f,0,12 f,3,3 f,13,2 f,15,12 
104:1,2 0.001 -1 -1 1,1 0.001 1 -1 2,2 0.001 0 1 17.0181 215 1,13 0.001 1 1 2,14 0.001 0 1 1,14 0.001 1 1 9.0148 170 15,3 0.001 -1 1 14,2 0.001 -1 0 12,0 0.001 1 -1 24.0833 245 13,14 0.001 -1 -1 14,15 0.001 -1 0 14,14 0.001 0 1 18.0422 230 ::f,0,12 f,3,3 f,13,2 f,15,12 
105:1,2 0.001 0 -1 1,1 0.001 1 0 2,2 0.001 0 1 17.0181 215 1,13 0.001 1 1 2,14 0.001 0 1 1,14 0.001 1 1 9.0148 170 15,3 0.001 -1 1 14,2 0.001 -1 0 12,0 0.001 1 0 30.0834 260 13,14 0.001 -1 -1 13,15 0.001 -1 0 14,14 0.001 -1 1 18.0432 230 ::f,0,12 f,3,3 f,13,1 f,15,12 
106:1,2 0.001 0 -1 2,1 0.001 1 0 2,2 0.001 -1 1 17.0191 215 1,13 0.001 0 1 2,14 0.001 -1 1 1,14 0.001 0 1 9.0148 170 15,3 0.001 -1 0 14,2 0.001 -1 -1 13,0 0.001 1 0 30.0844 260 13,14 0.001 0 -1 13,15 0.001 -1 0 14,14 0.001 -1 1 18.0432 230 ::f,0,12 f,3,3 f,13,1 f,15,12 
107:1,2 0.001 0 -1 2,1 0.001 1 0 2,2 0.001 -1 1 17.0191 215 1,13 0.001 0 1 2,14 0.001 -1 1 1,14 0.001 0 1 9.0148 170 14,3 0.001 -1 0 14,2 0.001 -1 -1 13,0 0.001 1 0 37.0855 275 13,13 0.001 0 -1 12,15 0.001 -1 0 14,14 0.001 -1 0 18.0452 230 ::f,0,12 f,3,3 f,12,0 f,15,12 
108:1,2 0.001 1 -1 2,1 0.001 1 1 2,2 0.001 -1 0 17.0191 215 1,13 0.001 -1 1 2,14 0.001 -1 0 1,14 0.001 -1 1 9.0148 170 14,3 0.001 -1 0 13,1 0.001 -1 -1 14,0 0.001 1 0 37.0875 275 13,13 0.001 0 -1 12,15 0.001 -1 -1 13,14 0.001 -1 0 18.0462 230 ::f,0,12 f,3,3 f,12,0 f,15,12 
109:1,2 0.001 1 -1 2,1 0.001 1 1 2,2 0.001 -1 0 17.0191 215 1,13 0.001 -1 1 2,14 0.001 -1 0 1,14 0.001 -1 1 9.0148 170 13,3 0.001 -1 0 13,1 0.001 -1 -1 14,0 0.001 1 0 45.0886 290 13,13 0.001 1 -1 12,15 0.001 -1 -1 13,14 0.001 -1 0 18.0462 230 ::f,0,12 f,3,3 f,14,1 f,15,12 
110:1,2 0.001 1 0 2,1 0.001 0 1 2,2 0.001 -1 0 17.0191 215 1,13 0.001 -1 0 2,14 0.001 -1 0 1,14 0.001 -1 0 9.0148 170 13,3 0.001 -1 0 13,1 0.001 0 -1 15,0 0.001 1 0 45.0896 290 13,13 0.001 1 -1 12,15 0.001 0 -1 13,14 0.001 -1 -1 18.0462 230 ::f,0,12 f,3,3 f,14,1 f,15,12 
111:1,2 0.001 1 0 2,1 0.001 0 1 2,2 0.001 -1 -1 17.0191 215 1,13 0.001 -1 0 2,14 0.001 -1 -1 1,14 0.001 -1 0 9.0148 170 12,3 0.001 -1 0 13,1 0.001 0 -1 15,0 0.001 1 1 45.0906 290 13,13 0.001 1 0 12,14 0.001 0 -1 13,14 0.001 -1 -1 18.0472 230 ::f,0,12 f,3,3 f,14,1 f,15,12 
112:1,2 0.001 1 1 2,1 0.001 0 1 2,2 0.001 -1 -1 17.0191 215 1,13 0.001 -1 -1 2,14 0.001 -1 -1 1,14 0.001 -1 -1 9.0148 170 12,3 0.001 -1 -1 13,1 0.001 1 -1 15,0 0.001 1 1 45.0906 290 14,13 0.001 1 0 12,14 0.001 0 -1 13,14 0.001 0 -1 18.0482 230 ::f,0,12 f,3,3 f,14,1 f,15,12 
113:1,2 0.001 1 1 2,1 0.001 -1 1 2,2 0.001 0 -1 17.0191 215 1,13 0.001 -1 -1 2,14 0.001 -1 -1 1,14 0.001 -1 -1 12.0149 185 12,3 0.001 -1 -1 13,1 0.001 1 -1 15,0 0.001 0 1 45.0906 290 14,13 0.001 1 0 12,13 0.001 0 -1 13,13 0.001 0 -1 18.0502 230 ::f,0,15 f,3,3 f,14,1 f,15,12 
114:1,2 0.001 0 1 2,1 0.001 -1 1 2,2 0.001 0 -1 17.0191 215 1,13 0.001 0 -1 2,14 0.001 0 -1 1,14 0.001 0 -1 12.0149 185 12,3 0.001 0 -1 13,1 0.001 1 0 15,1 0.001 0 1 45.0916 290 14,13 0.001 1 1 12,13 0.001 0 -1 13,13 0.001 0 -1 18.0502 230 ::f,0,15 f,3,3 f,14,1 f,15,12 
115:1,2 0.001 0 1 2,1 0.001 -1 0 2,2 0.001 1 -1 17.0191 215 1,13 0.001 0 -1 2,14 0.001 0 -1 1,14 0.001 0 -1 12.0149 185 12,2 0.001 0 -1 13,1 0.001 1 0 15,1 0.001 0 1 45.0926 290 14,13 0.001 1 1 12,12 0.001 0 -1 13,13 0.001 1 -1 18.0512 230 ::f,0,15 f,3,3 f,14,1 f,15,12 
116:1,2 0.001 -1 1 2,1 0.001 -1 0 2,2 0.001 1 -1 17.0191 215 1,13 0.001 1 -1 2,14 0.001 1 -1 1,14 0.001 0 -1 12.0149 185 12,2 0.001 0 -1 13,1 0.001 1 0 15,2 0.001 0 1 54.0937 305 14,13 0.001 0 1 12,12 0.001 1 -1 13,13 0.001 1 -1 18.0512 230 ::f,0,15 f,3,3 f,15,3 f,15,12 
117:1,2 0.001 -1 1 2,1 0.001 -1 -1 2,2 0.001 1 0 17.0191 215 1,13 0.001 1 -1 2,14 0.001 1 -1 1,14 0.001 1 -1 12.0149 185 12,1 0.001 0 -1 13,1 0.001 1 1 15,2 0.001 0 1 58.0948 320 14,14 0.001 0 1 12,12 0.001 1 -1 13,13 0.001 1 0 18.0522 230 ::f,0,15 f,3,3 f,13,0 f,15,12 
118:1,2 0.001 -1 0 2,1 0.001 -1 -1 2,2 0.001 1 0 17.0191 215 1,13 0.001 1 0 2,14 0.001 1 0 1,14 0.001 1 -1 12.0149 185 12,1 0.001 0 -1 13,1 0.001 0 1 15,3 0.001 0 1 58.0958 320 14,14 0.001 0 1 12,12 0.001 1 0 14,13 0.001 1 0 18.0532 230 ::f,0,15 f,3,3 f,13,0 f,15,12 
119:1,2 0.001 -1 0 2,1 0.001 0 -1 2,2 0.001 1 1 17.0191 215 2,13 0.001 1 0 2,14 0.001 1 0 1,14 0.001 1 0 12.0159 185 12,0 0.001 0 -1 13,1 0.001 0 1 15,3 0.001 -1 1 58.0968 320 14,14 0.001 -1 1 13,12 0.001 1 0 14,13 0.001 1 0 18.0542 230 ::f,0,15 f,3,3 f,13,0 f,15,12 
120:1,2 0.001 -1 -1 2,1 0.001 0 -1 2,2 0.001 1 1 19.0192 230 2,13 0.001 1 0 2,14 0.001 1 1 1,14 0.001 1 0 12.0159 185 12,0 0.001 1 -1 13,1 0.001 -1 1 15,3 0.001 -1 1 58.0968 320 14,14 0.001 -1 1 14,12 0.001 1 0 14,13 0.001 1 1 18.0552 230 ::f,0,15 f,3,2 f,13,0 f,15,12 
121:1,2 0.001 -1 -1 2,1 0.001 1 -1 2,2 0.001 0 1 19.0192 230 2,13 0.001 1 1 2,14 0.001 1 1 1,14 0.001 1 1 12.0159 185 12,0 0.001 1 -1 13,1 0.001 -1 1 15,3 0.001 -1 0 58.0968 320 14,14 0.001 -1 0 14,12 0.001 1 0 14,13 0.001 1 1 22.0553 245 ::f,0,15 f,3,2 f,13,0 f,13,13 
122:1,2 0.001 0 -1 2,1 0.001 1 -1 2,2 0.001 0 1 19.0192 230 2,13 0.001 1 1 2,14 0.001 0 1 1,14 0.001 1 1 12.0159 185 12,0 0.001 1 0 13,1 0.001 -1 0 14,3 0.001 -1 0 58.0978 320 13,14 0.001 -1 0 15,12 0.001 1 0 14,13 0.001 0 1 22.0573 245 ::f,0,15 f,3,2 f,13,0 f,13,13 
123:1,1 0.001 0 -1 2,1 0.001 1 0 2,2 0.001 -1 1 19.0202 230 2,13 0.001 0 1 2,14 0.001 0 1 1,14 0.001 0 1 12.0159 185 12,0 0.001 1 0 13,1 0.001 -1 0 14,3 0.001 -1 0 58.0978 320 13,14 0.001 -1 0 15,12 0.001 1 1 14,14 0.001 0 1 22.0583 245 ::f,0,15 f,3,2 f,13,0 f,13,13 
124:1,1 0.001 0 -1 2,1 0.001 1 0 2,2 0.001 -1 1 19.0202 230 2,13 0.001 0 1 2,14 0.001 -1 1 1,14 0.001 0 1 12.0159 185 12,0 0.001 1 0 13,1 0.001 -1 -1 13,3 0.001 -1 0 61.0989 335 13,14 0.001 -1 -1 15,12 0.001 1 1 14,14 0.001 0 1 22.0583 245 ::f,0,15 f,3,2 f,13,2 f,13,13 
125:1,1 0.001 1 -1 2,1 0.001 1 1 2,2 0.001 -1 0 19.0202 230 2,13 0.001 0 1 2,14 0.001 -1 1 1,14 0.001 -1 1 12.0159 185 13,0 0.001 1 0 13,1 0.001 -1 -1 13,3 0.001 -1 0 61.0999 335 13,14 0.001 -1 -1 15,12 0.001 0 1 14,14 0.001 -1 1 22.0583 245 ::f,0,15 f,3,2 f,13,2 f,13,13 
126:1,1 0.001 1 -1 2,1 0.001 1 1 1,2 0.001 -1 0 24.0213 245 2,13 0.001 -1 1 2,14 0.001 -1 0 1,14 0.001 -1 1 13.016 200 13,0 0.001 1 0 13,1 0.001 0 -1 12,3 0.001 -1 0 61.1009 335 13,14 0.001 0 -1 15,13 0.001 0 1 14,14 0.001 -1 1 22.0593 245 ::f,3,2 f,3,13 f,13,2 f,13,13 
127:1,1 0.001 1 0 2,1 0.001 0 1 1,2 0.001 -1 0 24.0213 245 2,13 0.001 -1 1 2,14 0.001 -1 0 1,14 0.001 -1 0 13.016 200 14,0 0.001 1 0 13,1 0.001 0 -1 12,3 0.001 -1 -1 61.1019 335 13,14 0.001 0 -1 15,13 0.001 0 1 14,14 0.001 -1 0 22.0593 245 ::f,3,2 f,3,13 f,13,2 f,13,13 
128:1,1 0.001 1 0 2,2 0.001 0 1 1,2 0.001 -1 -1 24.0223 245 2,13 0.001 -1 0 2,14 0.001 -1 0 1,14 0.001 -1 0 13.016 200 14,0 0.001 1 0 13,1 0.001 1 -1 12,3 0.001 -1 -1 61.1019 335 13,14 0.001 0 -1 15,14 0.001 0 1 14,14 0.001 -1 0 26.0604 260 ::f,3,2 f,3,13 f,13,2 f,13,15 
129:1,1 0.001 1 0 2,2 0.001 0 1 1,2 0.001 -1 -1 24.0223 245 2,13 0.001 -1 0 2,14 0.001 -1 -1 1,14 0.001 -1 -1 13.016 200 15,0 0.001 1 0 13,1 0.001 1 -1 12,3 0.001 0 -1 61.1029 335 13,14 0.001 1 -1 15,14 0.001 0 1 14,14 0.001 -1 0 26.0604 260 ::f,3,2 f,3,13 f,13,2 f,13,15 
130:1,1 0.001 1 1 2,2 0.001 -1 1 1,2 0.001 0 -1 24.0223 245 2,13 0.001 -1 -1 2,14 0.001 -1 -1 1,14 0.001 -1 -1 13.016 200 15,0 0.001 1 1 13,1 0.001 1 0 12,2 0.001 0 -1 61.1039 335 13,14 0.001 1 -1 15,15 0.001 0 1 14,14 0.001 -1 -1 26.0614 260 ::f,3,2 f,3,13 f,13,2 f,13,15 
131:1,1 0.001 1 1 2,2 0.001 -1 1 1,2 0.001 0 -1 24.0223 245 2,13 0.001 -1 -1 2,14 0.001 0 -1 1,14 0.001 0 -1 13.016 200 15,0 0.001 1 1 14,1 0.001 1 0 12,2 0.001 0 -1 61.1049 335 13,14 0.001 1 0 15,15 0.001 -1 1 14,14 0.001 -1 -1 26.0614 260 ::f,3,2 f,3,13 f,13,2 f,13,15 
132:1,1 0.001 0 1 2,2 0.001 -1 0 1,2 0.001 0 -1 24.0223 245 2,13 0.001 0 -1 2,14 0.001 0 -1 1,13 0.001 0 -1 13.017 200 15,0 0.001 0 1 14,1 0.001 1 0 12,1 0.001 0 -1 61.1059 335 13,14 0.001 1 0 15,15 0.001 -1 1 14,14 0.001 0 -1 26.0614 260 ::f,3,2 f,3,13 f,13,2 f,13,15 
133:1,1 0.001 0 1 2,2 0.001 -1 0 1,2 0.001 1 -1 24.0223 245 2,13 0.001 0 -1 2,14 0.001 1 -1 1,13 0.001 0 -1 13.017 200 15,1 0.001 0 1 14,1 0.001 1 1 12,1 0.001 0 -1 61.1069 335 13,14 0.001 1 1 15,15 0.001 -1 0 14,14 0.001 0 -1 26.0614 260 ::f,3,2 f,3,13 f,13,2 f,13,15 
134:1,1 0.001 -1 1 2,2 0.001 -1 0 1,2 0.001 1 -1 24.0223 245 2,13 0.001 1 -1 2,14 0.001 1 -1 1,13 0.001 1 -1 17.0171 215 15,1 0.001 0 1 14,1 0.001 1 1 12,0 0.001 0 -1 61.1079 335 13,14 0.001 1 1 14,15 0.001 -1 0 14,14 0.001 1 -1 26.0624 260 ::f,1,15 f,3,2 f,13,2 f,13,15 
135:1,1 0.001 -1 1 2,2 0.001 -1 -1 1,2 0.001 1 0 24.0223 245 2,13 0.001 1 -1 2,14 0.001 1 0 1,13 0.001 1 -1 17.0171 215 15,2 0.001 0 1 14,1 0.001 0 1 12,0 0.001 1 -1 61.1089 335 13,14 0.001 0 1 14,15 0.001 -1 0 14,14 0.001 1 -1 35.0626 290 ::f,1,15 f,3,2 f,13,2 f,13,12 
136:1,1 0.001 -1 0 2,2 0.001 -1 -1 1,2 0.001 1 0 24.0223 245 2,13 0.001 1 0 2,14 0.001 1 0 1,13 0.001 1 0 17.0171 215 15,2 0.001 0 1 14,2 0.001 0 1 12,0 0.001 1 -1 61.1099 335 13,14 0.001 0 1 13,15 0.001 -1 0 14,14 0.001 1 0 35.0636 290 ::f,1,15 f,3,2 f,13,2 f,13,12 
137:1,1 0.001 -1 0 2,2 0.001 0 -1 1,2 0.001 1 0 24.0223 245 2,13 0.001 1 0 2,14 0.001 1 1 1,13 0.001 1 0 17.0171 215 15,3 0.001 0 1 14,2 0.001 0 1 12,0 0.001 1 0 61.1109 335 13,14 0.001 -1 1 13,15 0.001 -1 0 14,14 0.001 1 0 35.0636 290 ::f,1,15 f,3,2 f,13,2 f,13,12 
138:1,1 0.001 -1 -1 2,2 0.001 0 -1 1,2 0.001 1 1 24.0223 245 2,13 0.001 1 1 2,14 0.001 1 1 1,13 0.001 1 0 17.0171 215 15,3 0.001 -1 1 14,2 0.001 -1 1 13,0 0.001 1 0 61.1119 335 13,14 0.001 -1 1 12,15 0.001 -1 0 14,14 0.001 1 1 35.0646 290 ::f,1,15 f,3,2 f,13,2 f,13,12 
139:1,1 0.001 -1 -1 2,2 0.001 1 -1 1,2 0.001 1 1 24.0223 245 2,13 0.001 1 1 2,14 0.001 0 1 1,13 0.001 1 1 17.0171 215 15,3 0.001 -1 1 14,2 0.001 -1 1 13,0 0.001 1 0 61.1119 335 13,14 0.001 -1 0 12,15 0.001 -1 -1 14,14 0.001 1 1 35.0646 290 ::f,1,15 f,3,2 f,13,2 f,13,12 
140:1,1 0.001 0 -1 2,2 0.001 1 -1 1,2 0.001 0 1 24.0223 245 2,13 0.001 0 1 2,14 0.001 0 1 1,13 0.001 1 1 17.0171 215 15,3 0.001 -1 0 14,2 0.001 -1 0 14,0 0.001 1 0 61.1129 335 13,14 0.001 -1 0 12,15 0.001 -1 -1 14,14 0.001 0 1 35.0646 290 ::f,1,15 f,3,2 f,13,2 f,13,12 
141:1,1 0.001 0 -1 2,2 0.001 1 0 1,2 0.001 0 1 24.0223 245 2,13 0.001 0 1 2,14 0.001 -1 1 1,13 0.001 0 1 17.0171 215 14,3 0.001 -1 0 14,2 0.001 -1 0 14,0 0.001 1 0 61.1139 335 13,14 0.001 -1 -1 12,15 0.001 0 -1 14,14 0.001 0 1 35.0646 290 ::f,1,15 f,3,2 f,13,2 f,13,12 
142:1,1 0.001 1 -1 2,2 0.001 1 0 1,2 0.001 -1 1 30.0224 260 2,13 0.001 0 1 2,14 0.001 -1 1 1,13 0.001 0 1 22.0172 230 14,3 0.001 -1 0 14,2 0.001 -1 0 15,0 0.001 1 0 71.115 350 13,14 0.001 -1 -1 12,14 0.001 0 -1 14,14 0.001 -1 1 35.0656 290 ::f,0,15 f,3,0 f,13,12 f,15,3 
143:1,1 0.001 1 -1 2,2 0.001 1 1 1,2 0.001 -1 1 30.0224 260 2,13 0.001 -1 1 2,14 0.001 -1 0 1,13 0.001 -1 1 22.0172 230 13,3 0.001 -1 0 14,2 0.001 -1 -1 15,0 0.001 1 1 71.116 350 13,14 0.001 0 -1 12,14 0.001 0 -1 14,14 0.001 -1 1 35.0656 290 ::f,0,15 f,3,0 f,13,12 f,15,3 
144:1,1 0.001 1 0 2,2 0.001 1 1 1,2 0.001 -1 0 30.0224 260 1,14 0.001 -1 1 2,14 0.001 -1 0 1,13 0.001 -1 1 22.0182 230 13,3 0.001 -1 0 14,2 0.001 -1 -1 15,0 0.001 1 1 71.116 350 13,13 0.001 0 -1 12,13 0.001 0 -1 14,14 0.001 -1 0 35.0676 290 ::f,0,15 f,3,0 f,13,12 f,15,3 
145:2,1 0.001 1 0 2,2 0.001 0 1 1,2 0.001 -1 0 30.0234 260 1,14 0.001 -1 1 2,14 0.001 -1 0 1,13 0.001 -1 0 26.0183 245 12,3 0.001 -1 0 14,2 0.001 0 -1 15,0 0.001 0 1 71.117 350 13,13 0.001 0 -1 12,13 0.001 0 -1 13,14 0.001 -1 0 46.0688 320 ::f,2,12 f,3,0 f,14,15 f,15,3 
146:2,1 0.001 1 0 2,2 0.001 0 1 1,2 0.001 -1 -1 30.0234 260 1,14 0.001 -1 0 2,14 0.001 -1 -1 1,13 0.001 -1 0 26.0183 245 12,3 0.001 -1 -1 14,2 0.001 0 -1 15,1 0.001 0 1 71.118 350 13,13 0.001 1 -1 12,12 0.001 0 -1 13,14 0.001 -1 0 46.0698 320 ::f,2,12 f,3,0 f,14,15 f,15,3 
147:2,1 0.001 1 1 2,2 0.001 -1 1 1,2 0.001 -1 -1 30.0234 260 1,14 0.001 -1 0 2,14 0.001 -1 -1 1,13 0.001 -1 -1 26.0183 245 12,3 0.001 -1 -1 14,2 0.001 1 -1 15,2 0.001 0 1 71.119 350 13,13 0.001 1 -1 12,12 0.001 1 -1 13,14 0.001 -1 -1 46.0698 320 ::f,2,12 f,3,0 f,14,15 f,15,3 
148:2,1 0.001 1 1 2,2 0.001 -1 1 1,2 0.001 0 -1 30.0234 260 1,14 0.001 -1 -1 2,14 0.001 0 -1 1,13 0.001 -1 -1 26.0183 245 12,3 0.001 0 -1 14,2 0.001 1 -1 15,2 0.001 0 1 76.1191 365 13,13 0.001 1 0 12,12 0.001 1 -1 13,14 0.001 -1 -1 46.0698 320 ::f,2,12 f,3,0 f,14,15 f,15,0 
149:2,1 0.001 0 1 2,2 0.001 -1 0 1,1 0.001 0 -1 30.0244 260 1,14 0.001 -1 -1 2,13 0.001 0 -1 1,13 0.001 0 -1 26.0193 245 12,2 0.001 0 -1 14,2 0.001 1 0 15,3 0.001 0 1 76.1211 365 14,13 0.001 1 0 12,12 0.001 1 0 13,14 0.001 0 -1 46.0708 320 ::f,2,12 f,3,0 f,14,15 f,15,0 
150:2,1 0.001 0 1 1,2 0.001 -1 0 1,1 0.001 0 -1 30.0254 260 1,14 0.001 0 -1 2,13 0.001 0 -1 1,13 0.001 0 -1 32.0194 260 12,2 0.001 0 -1 14,2 0.001 1 0 15,3 0.001 -1 1 76.1211 365 14,13 0.001 1 0 13,12 0.001 1 0 13,13 0.001 0 -1 46.0728 320 ::f,3,0 f,3,15 f,14,15 f,15,0 
151:2,1 0.001 0 1 1,2 0.001 -1 0 1,1 0.001 1 -1 30.0254 260 1,14 0.001 0 -1 2,13 0.001 1 -1 1,13 0.001 1 -1 32.0194 260 12,1 0.001 0 -1 14,2 0.001 1 1 15,3 0.001 -1 1 76.1221 365 14,13 0.001 1 1 13,12 0.001 1 0 13,13 0.001 0 -1 46.0728 320 ::f,3,0 f,3,15 f,14,15 f,15,0 
152:2,1 0.001 -1 1 1,2 0.001 -1 -1 1,1 0.001 1 -1 30.0254 260 1,14 0.001 0 -1 2,13 0.001 1 -1 1,13 0.001 1 -1 32.0194 260 12,1 0.001 0 -1 14,2 0.001 1 1 15,3 0.001 -1 0 76.1221 365 14,13 0.001 1 1 14,12 0.001 1 0 13,13 0.001 1 -1 46.0738 320 ::f,3,0 f,3,15 f,14,15 f,15,0 
153:2,1 0.001 -1 1 1,2 0.001 -1 -1 1,1 0.001 1 0 30.0254 260 1,14 0.001 1 -1 2,13 0.001 1 0 1,13 0.001 1 0 32.0194 260 12,0 0.001 0 -1 14,2 0.001 0 1 14,3 0.001 -1 0 76.1241 365 14,13 0.001 0 1 14,12 0.001 1 0 13,13 0.001 1 -1 46.0738 320 ::f,3,0 f,3,15 f,14,15 f,15,0 
154:2,1 0.001 -1 0 1,2 0.001 0 -1 1,1 0.001 1 0 30.0254 260 1,14 0.001 1 -1 2,13 0.001 1 0 1,13 0.001 1 0 32.0194 260 12,0 0.001 1 -1 14,2 0.001 0 1 14,3 0.001 -1 0 76.1241 365 14,14 0.001 0 1 15,12 0.001 1 0 13,13 0.001 1 0 46.0758 320 ::f,3,0 f,3,15 f,14,15 f,15,0 
155:2,1 0.001 -1 0 1,2 0.001 0 -1 1,1 0.001 1 0 30.0254 260 1,14 0.001 1 0 2,13 0.001 1 1 1,13 0.001 1 0 32.0194 260 12,0 0.001 1 -1 14,2 0.001 -1 1 13,3 0.001 -1 0 76.1251 365 14,14 0.001 0 1 15,12 0.001 1 1 14,13 0.001 1 0 52.0769 335 ::f,3,0 f,3,15 f,14,15 f,15,0 
156:2,1 0.001 -1 -1 1,2 0.001 0 -1 1,1 0.001 1 1 30.0254 260 1,14 0.001 1 0 2,13 0.001 1 1 1,13 0.001 1 1 32.0194 260 12,0 0.001 1 0 14,2 0.001 -1 1 13,3 0.001 -1 0 76.1251 365 14,14 0.001 -1 1 15,12 0.001 1 1 14,13 0.001 1 0 52.0769 335 ::f,3,0 f,3,15 f,14,15 f,15,0 
157:2,1 0.001 -1 -1 1,2 0.001 1 -1 1,1 0.001 1 1 30.0254 260 1,14 0.001 1 1 2,13 0.001 0 1 2,14 0.001 1 1 32.0204 260 13,0 0.001 1 0 14,2 0.001 -1 0 12,3 0.001 -1 0 76.1271 365 14,14 0.001 -1 1 15,12 0.001 0 1 14,13 0.001 1 1 52.0769 335 ::f,3,0 f,3,15 f,14,15 f,15,0 
158:2,1 0.001 0 -1 1,2 0.001 1 -1 1,1 0.001 0 1 30.0254 260 1,14 0.001 1 1 2,13 0.001 0 1 2,14 0.001 1 1 34.0205 275 14,0 0.001 1 0 13,2 0.001 -1 0 12,3 0.001 -1 -1 76.1291 365 14,14 0.001 -1 0 15,13 0.001 0 1 14,13 0.001 1 1 52.0779 335 ::f,2,15 f,3,0 f,14,15 f,15,0 
159:2,1 0.001 0 -1 1,2 0.001 1 -1 1,1 0.001 0 1 30.0254 260 1,14 0.001 0 1 2,13 0.001 0 1 2,14 0.001 0 1 34.0205 275 14,0 0.001 1 0 13,2 0.001 -1 0 12,3 0.001 -1 -1 80.1292 380 13,14 0.001 -1 0 15,13 0.001 0 1 14,13 0.001 0 1 52.0789 335 ::f,2,15 f,3,0 f,14,15 f,15,3 
160:2,1 0.001 1 -1 1,2 0.001 1 0 1,1 0.001 -1 1 30.0254 260 1,14 0.001 0 1 2,13 0.001 0 1 2,14 0.001 0 1 37.0206 290 15,0 0.001 1 0 13,2 0.001 -1 -1 12,3 0.001 0 -1 80.1302 380 13,14 0.001 -1 0 15,14 0.001 0 1 14,14 0.001 0 1 52.0809 335 ::f,1,12 f,3,0 f,14,15 f,15,3 
161:2,1 0.001 1 -1 1,2 0.001 1 0 1,1 0.001 -1 1 34.0255 275 1,14 0.001 -1 1 2,13 0.001 -1 1 2,14 0.001 -1 1 37.0206 290 15,0 0.001 1 1 13,2 0.001 -1 -1 12,2 0.001 0 -1 80.1312 380 13,14 0.001 -1 -1 15,14 0.001 0 1 14,14 0.001 0 1 57.081 350 ::f,1,12 f,3,0 f,15,3 f,15,15 
162:2,1 0.001 1 0 1,2 0.001 1 1 1,1 0.001 -1 0 34.0255 275 1,14 0.001 -1 1 2,13 0.001 -1 0 2,14 0.001 -1 1 37.0206 290 15,0 0.001 1 1 13,2 0.001 0 -1 12,2 0.001 0 -1 80.1312 380 13,14 0.001 -1 -1 15,14 0.001 0 1 14,14 0.001 -1 1 57.081 350 ::f,1,12 f,3,0 f,15,3 f,15,15 
163:2,1 0.001 1 0 1,2 0.001 1 1 1,1 0.001 -1 0 34.0255 275 1,14 0.001 -1 0 2,13 0.001 -1 0 2,14 0.001 -1 0 37.0206 290 15,0 0.001 0 1 13,1 0.001 0 -1 12,1 0.001 0 -1 80.1332 380 13,14 0.001 0 -1 15,14 0.001 -1 1 14,14 0.001 -1 1 57.081 350 ::f,1,12 f,3,0 f,15,3 f,15,15 
164:2,1 0.001 1 1 1,2 0.001 0 1 1,1 0.001 -1 -1 34.0255 275 1,14 0.001 -1 0 2,13 0.001 -1 -1 2,14 0.001 -1 0 37.0206 290 15,1 0.001 0 1 13,1 0.001 0 -1 12,1 0.001 0 -1 80.1342 380 13,13 0.001 0 -1 14,15 0.001 -1 1 14,14 0.001 -1 0 57.083 350 ::f,1,12 f,3,0 f,15,3 f,15,15 
165:2,1 0.001 1 1 1,2 0.001 0 1 1,1 0.001 -1 -1 34.0255 275 1,14 0.001 -1 -1 2,13 0.001 -1 -1 2,14 0.001 -1 0 44.0207 305 15,2 0.001 0 1 13,1 0.001 1 -1 12,0 0.001 0 -1 80.1362 380 13,13 0.001 0 -1 14,15 0.001 -1 0 13,14 0.001 -1 0 57.084 350 ::f,0,13 f,3,0 f,15,3 f,15,15 
166:2,1 0.001 0 1 1,2 0.001 -1 1 1,1 0.001 0 -1 34.0255 275 1,14 0.001 -1 -1 2,13 0.001 0 -1 2,14 0.001 -1 -1 49.0208 320 15,2 0.001 0 1 13,1 0.001 1 -1 12,0 0.001 1 -1 85.1363 395 13,13 0.001 1 -1 13,15 0.001 -1 0 13,14 0.001 -1 0 57.085 350 ::f,2,12 f,3,0 f,15,1 f,15,15 
167:2,2 0.001 0 1 1,2 0.001 -1 1 1,1 0.001 0 -1 34.0265 275 1,14 0.001 0 -1 2,13 0.001 0 -1 2,14 0.001 -1 -1 57.0209 335 15,3 0.001 0 1 13,1 0.001 1 0 12,0 0.001 1 -1 85.1373 395 13,13 0.001 1 -1 13,15 0.001 -1 0 13,14 0.001 -1 -1 57.085 350 ::f,3,0 f,3,12 f,15,1 f,15,15 
168:2,2 0.001 0 1 1,2 0.001 -1 0 1,1 0.001 1 -1 34.0265 275 1,13 0.001 0 -1 2,13 0.001 1 -1 2,14 0.001 0 -1 57.0219 335 15,3 0.001 -1 1 14,1 0.001 1 0 12,0 0.001 1 0 85.1383 395 13,13 0.001 1 0 12,15 0.001 -1 0 13,14 0.001 -1 -1 57.086 350 ::f,3,0 f,3,12 f,15,1 f,15,15 
169:2,2 0.001 -1 1 1,2 0.001 -1 0 1,1 0.001 1 -1 34.0265 275 1,13 0.001 0 -1 2,13 0.001 1 -1 2,14 0.001 0 -1 66.022 350 15,3 0.001 -1 1 14,1 0.001 1 0 13,0 0.001 1 0 95.1394 410 14,13 0.001 1 0 12,15 0.001 -1 -1 13,14 0.001 0 -1 57.087 350 ::f,2,15 f,3,0 f,13,2 f,15,15 
170:2,2 0.001 -1 1 1,2 0.001 -1 -1 1,1 0.001 1 0 34.0265 275 1,13 0.001 1 -1 2,13 0.001 1 0 2,14 0.001 1 -1 66.022 350 15,3 0.001 -1 0 14,1 0.001 1 1 13,0 0.001 1 0 95.1394 410 14,13 0.001 1 0 12,15 0.001 -1 -1 13,13 0.001 0 -1 57.088 350 ::f,2,15 f,3,0 f,13,2 f,15,15 
171:2,2 0.001 -1 0 1,2 0.001 -1 -1 2,1 0.001 1 0 34.0275 275 1,13 0.001 1 -1 2,13 0.001 1 0 2,14 0.001 1 -1 66.022 350 14,3 0.001 -1 0 14,1 0.001 1 1 14,0 0.001 1 0 95.1414 410 14,13 0.001 1 1 12,15 0.001 0 -1 13,13 0.001 0 -1 57.088 350 ::f,2,15 f,3,0 f,13,2 f,15,15 
172:2,2 0.001 -1 0 1,2 0.001 0 -1 2,1 0.001 1 0 34.0275 275 1,13 0.001 1 0 2,13 0.001 1 1 2,14 0.001 1 0 66.022 350 14,3 0.001 -1 0 14,1 0.001 0 1 14,0 0.001 1 0 95.1414 410 14,13 0.001 1 1 12,14 0.001 0 -1 13,13 0.001 1 -1 57.089 350 ::f,2,15 f,3,0 f,13,2 f,15,15 
173:2,2 0.001 -1 0 1,1 0.001 0 -1 2,1 0.001 1 1 34.0285 275 1,13 0.001 1 0 2,13 0.001 1 1 2,14 0.001 1 0 66.022 350 13,3 0.001 -1 0 14,2 0.001 0 1 15,0 0.001 1 0 95.1444 410 14,13 0.001 0 1 12,14 0.001 0 -1 13,13 0.001 1 -1 57.089 350 ::f,2,15 f,3,0 f,13,2 f,15,15 
174:2,2 0.001 -1 -1 1,1 0.001 0 -1 2,1 0.001 1 1 34.0285 275 1,13 0.001 1 0 2,13 0.001 0 1 2,14 0.001 1 1 66.022 350 13,3 0.001 -1 0 14,2 0.001 0 1 15,0 0.001 1 1 95.1444 410 14,14 0.001 0 1 12,13 0.001 0 -1 13,13 0.001 1 0 57.091 350 ::f,2,15 f,3,0 f,13,2 f,15,15 
175:2,2 0.001 -1 -1 1,1 0.001 1 -1 2,1 0.001 0 1 34.0285 275 1,13 0.001 1 1 2,13 0.001 0 1 2,14 0.001 1 1 66.022 350 12,3 0.001 -1 0 14,2 0.001 -1 1 15,0 0.001 1 1 95.1454 410 14,14 0.001 0 1 12,13 0.001 0 -1 14,13 0.001 1 0 57.092 350 ::f,2,15 f,3,0 f,13,2 f,15,15 
176:2,2 0.001 0 -1 1,1 0.001 1 -1 2,1 0.001 0 1 34.0285 275 1,13 0.001 1 1 2,13 0.001 0 1 2,14 0.001 0 1 66.022 350 12,3 0.001 -1 -1 14,2 0.001 -1 1 15,0 0.001 0 1 95.1454 410 14,14 0.001 -1 1 12,12 0.001 0 -1 14,13 0.001 1 0 57.093 350 ::f,2,15 f,3,0 f,13,2 f,15,15 
177:2,2 0.001 0 -1 1,1 0.001 1 0 2,1 0.001 0 1 34.0285 275 1,13 0.001 0 1 2,13 0.001 -1 1 2,14 0.001 0 1 70.0221 365 12,3 0.001 -1 -1 14,2 0.001 -1 0 15,1 0.001 0 1 95.1464 410 14,14 0.001 -1 1 12,12 0.001 1 -1 14,13 0.001 1 1 57.093 350 ::f,3,0 f,3,12 f,13,2 f,15,15 
178:2,2 0.001 1 -1 1,1 0.001 1 0 2,1 0.001 -1 1 34.0285 275 1,13 0.001 0 1 2,13 0.001 -1 1 2,14 0.001 -1 1 70.0221 365 12,3 0.001 0 -1 14,2 0.001 -1 0 15,1 0.001 0 1 95.1464 410 14,14 0.001 -1 0 12,12 0.001 1 -1 14,13 0.001 1 1 57.093 350 ::f,3,0 f,3,12 f,13,2 f,15,15 
179:2,2 0.001 1 -1 1,1 0.001 1 0 2,1 0.001 -1 1 34.0285 275 1,13 0.001 -1 1 2,13 0.001 -1 0 2,14 0.001 -1 1 70.0221 365 12,2 0.001 0 -1 14,2 0.001 -1 0 15,2 0.001 0 1 95.1484 410 13,14 0.001 -1 0 12,12 0.001 1 0 14,13 0.001 0 1 57.094 350 ::f,3,0 f,3,12 f,13,2 f,15,15 
180:2,2 0.001 1 0 1,1 0.001 1 1 2,1 0.001 -1 0 34.0285 275 1,13 0.001 -1 1 2,13 0.001 -1 0 2,14 0.001 -1 0 70.0221 365 12,2 0.001 0 -1 14,2 0.001 -1 0 15,2 0.001 0 1 105.149 425 13,14 0.001 -1 0 13,12 0.001 1 0 14,14 0.001 0 1 57.096 350 ::f,3,0 f,3,12 f,12,0 f,15,15 
181:2,2 0.001 1 0 1,1 0.001 1 1 2,1 0.001 -1 0 34.0285 275 1,13 0.001 -1 0 2,13 0.001 -1 -1 1,14 0.001 -1 0 70.0231 365 12,1 0.001 0 -1 14,2 0.001 -1 -1 15,3 0.001 0 1 105.151 425 13,14 0.001 -1 -1 13,12 0.001 1 0 14,14 0.001 0 1 57.096 350 ::f,3,0 f,3,12 f,12,0 f,15,15 
182:2,2 0.001 1 1 1,1 0.001 0 1 2,1 0.001 -1 -1 34.0285 275 1,13 0.001 -1 0 2,13 0.001 -1 -1 1,14 0.001 -1 0 70.0231 365 12,1 0.001 0 -1 14,2 0.001 0 -1 15,3 0.001 -1 1 111.151 440 13,14 0.001 -1 -1 14,12 0.001 1 0 14,14 0.001 -1 1 57.097 350 ::f,3,0 f,3,12 f,13,2 f,15,15 
183:2,2 0.001 1 1 1,1 0.001 0 1 2,1 0.001 -1 -1 34.0285 275 1,13 0.001 -1 -1 2,13 0.001 0 -1 1,14 0.001 -1 -1 70.0231 365 12,0 0.001 0 -1 14,2 0.001 0 -1 15,3 0.001 -1 1 111.152 440 13,14 0.001 0 -1 14,12 0.001 1 0 14,14 0.001 -1 1 57.097 350 ::f,3,0 f,3,12 f,13,2 f,15,15 
184:2,2 0.001 0 1 1,1 0.001 -1 1 2,1 0.001 0 -1 34.0285 275 1,13 0.001 -1 -1 2,13 0.001 0 -1 1,14 0.001 -1 -1 70.0231 365 12,0 0.001 1 -1 14,2 0.001 1 -1 15,3 0.001 -1 0 111.152 440 13,13 0.001 0 -1 15,12 0.001 1 0 14,14 0.001 -1 0 57.099 350 ::f,3,0 f,3,12 f,13,2 f,15,15 
185:2,2 0.001 0 1 1,1 0.001 -1 1 2,1 0.001 0 -1 34.0285 275 1,13 0.001 0 -1 2,13 0.001 1 -1 1,14 0.001 0 -1 70.0231 365 12,0 0.001 1 -1 14,2 0.001 1 -1 14,3 0.001 -1 0 111.153 440 13,13 0.001 0 -1 15,12 0.001 1 1 13,14 0.001 -1 0 57.1 350 ::f,3,0 f,3,12 f,13,2 f,15,15 
186:2,2 0.001 -1 1 1,1 0.001 -1 0 2,1 0.001 1 -1 34.0285 275 1,13 0.001 0 -1 2,13 0.001 1 -1 1,14 0.001 0 -1 80.0232 380 12,0 0.001 1 0 14,2 0.001 1 0 14,3 0.001 -1 0 111.153 440 13,13 0.001 1 -1 15,12 0.001 1 1 13,14 0.001 -1 0 57.1 350 ::f,0,12 f,3,0 f,13,2 f,15,15 
187:2,2 0.001 -1 1 1,1 0.001 -1 0 2,1 0.001 1 -1 37.0286 290 1,13 0.001 1 -1 2,13 0.001 1 0 1,14 0.001 0 -1 80.0232 380 13,0 0.001 1 0 14,2 0.001 1 0 13,3 0.001 -1 0 111.155 440 13,13 0.001 1 -1 15,12 0.001 0 1 13,14 0.001 -1 -1 57.1 350 ::f,0,1 f,0,12 f,13,2 f,15,15 
188:2,2 0.001 -1 0 1,1 0.001 -1 -1 2,1 0.001 1 0 37.0286 290 1,13 0.001 1 -1 2,13 0.001 1 0 1,14 0.001 1 -1 80.0232 380 13,0 0.001 1 0 14,2 0.001 1 1 13,3 0.001 -1 0 111.155 440 13,13 0.001 1 0 15,13 0.001 0 1 13,14 0.001 -1 -1 57.101 350 ::f,0,1 f,0,12 f,13,2 f,15,15 
189:1,2 0.001 -1 0 1,1 0.001 -1 -1 2,1 0.001 1 0 37.0296 290 1,13 0.001 1 0 2,13 0.001 1 1 1,14 0.001 1 -1 80.0232 380 14,0 0.001 1 0 14,2 0.001 1 1 12,3 0.001 -1 0 111.157 440 14,13 0.001 1 0 15,14 0.001 0 1 13,14 0.001 0 -1 57.103 350 ::f,0,1 f,0,12 f,13,2 f,15,15 
190:1,2 0.001 -1 0 1,1 0.001 0 -1 2,1 0.001 1 1 37.0296 290 1,13 0.001 1 0 2,13 0.001 1 1 1,14 0.001 1 0 80.0232 380 14,0 0.001 1 0 14,2 0.001 0 1 12,3 0.001 -1 -1 111.157 440 14,13 0.001 1 0 15,14 0.001 0 1 13,13 0.001 0 -1 64.1041 365 ::f,0,1 f,0,12 f,13,2 f,15,13 
191:1,2 0.001 -1 -1 1,1 0.001 0 -1 2,1 0.001 1 1 37.0296 290 1,13 0.001 1 0 2,13 0.001 0 1 1,14 0.001 1 0 80.0232 380 15,0 0.001 1 0 14,2 0.001 0 1 12,3 0.001 -1 -1 111.158 440 14,13 0.001 1 1 15,15 0.001 0 1 13,13 0.001 0 -1 64.1051 365 ::f,0,1 f,0,12 f,13,2 f,15,13 
192:1,2 0.001 -1 -1 1,1 0.001 1 -1 2,1 0.001 0 1 42.0297 305 1,13 0.001 1 1 2,14 0.001 0 1 1,14 0.001 1 1 80.0242 380 15,0 0.001 1 1 14,2 0.001 -1 1 12,3 0.001 0 -1 111.158 440 14,13 0.001 1 1 15,15 0.001 -1 1 13,13 0.001 1 -1 64.1051 365 ::f,0,3 f,0,12 f,13,2 f,15,13 
193:1,2 0.001 0 -1 1,1 0.001 1 -1 2,2 0.001 0 1 42.0307 305 1,13 0.001 1 1 2,14 0.001 0 1 1,14 0.001 1 1 80.0242 380 15,0 0.001 1 1 14,2 0.001 -1 1 12,2 0.001 0 -1 111.159 440 14,13 0.001 0 1 15,15 0.001 -1 1 13,13 0.001 1 -1 64.1051 365 ::f,0,3 f,0,12 f,13,2 f,15,13 
194:1,2 0.001 0 -1 1,1 0.001 1 0 2,2 0.001 0 1 42.0307 305 1,13 0.001 0 1 2,14 0.001 -1 1 1,14 0.001 0 1 80.0242 380 15,0 0.001 0 1 14,2 0.001 -1 0 12,2 0.001 0 -1 111.159 440 14,14 0.001 0 1 15,15 0.001 -1 0 13,13 0.001 1 0 64.1061 365 ::f,0,3 f,0,12 f,13,2 f,15,13 
195:1,2 0.001 0 -1 2,1 0.001 1 0 2,2 0.001 -1 1 42.0317 305 1,13 0.001 0 1 2,14 0.001 -1 1 1,14 0.001 0 1 80.0242 380 15,1 0.001 0 1 14,2 0.001 -1 0 12,1 0.001 0 -1 111.161 440 14,14 0.001 0 1 14,15 0.001 -1 0 14,13 0.001 1 0 64.1081 365 ::f,0,3 f,0,12 f,13,2 f,15,13 
196:1,2 0.001 1 -1 2,1 0.001 1 0 2,2 0.001 -1 1 42.0317 305 1,13 0.001 -1 1 2,14 0.001 -1 0 1,14 0.001 -1 1 80.0242 380 15,1 0.001 0 1 14,2 0.001 -1 0 12,1 0.001 0 -1 127.161 470 14,14 0.001 -1 1 14,15 0.001 -1 0 14,13 0.001 1 0 70.1082 380 ::f,0,3 f,0,12 f,12,2 f,13,15 
197:1,2 0.001 1 -1 2,1 0.001 1 1 2,2 0.001 -1 0 42.0317 305 1,13 0.001 -1 1 2,14 0.001 -1 0 1,14 0.001 -1 1 80.0242 380 15,2 0.001 0 1 14,2 0.001 -1 -1 12,0 0.001 0 -1 127.163 470 14,14 0.001 -1 1 13,15 0.001 -1 0 14,13 0.001 1 1 77.1093 395 ::f,0,3 f,0,12 f,12,2 f,12,15 
198:1,2 0.001 1 0 2,1 0.001 1 1 2,2 0.001 -1 0 42.0317 305 1,13 0.001 -1 0 2,14 0.001 -1 0 1,14 0.001 -1 0 80.0242 380 15,2 0.001 0 1 14,2 0.001 -1 -1 12,0 0.001 1 -1 127.163 470 14,14 0.001 -1 0 13,15 0.001 -1 0 14,13 0.001 1 1 92.1095 425 ::f,0,3 f,0,12 f,12,2 f,12,13 
199:1,2 0.001 1 0 2,1 0.001 0 1 2,2 0.001 -1 0 42.0317 305 1,13 0.001 -1 0 2,14 0.001 -1 -1 1,14 0.001 -1 0 80.0242 380 15,3 0.001 0 1 14,2 0.001 0 -1 12,0 0.001 1 -1 127.164 470 13,14 0.001 -1 0 12,15 0.001 -1 0 14,13 0.001 0 1 92.1115 425 ::f,0,3 f,0,12 f,12,2 f,12,13 
200:1,2 0.001 1 1 2,1 0.001 0 1 2,2 0.001 -1 -1 42.0317 305 1,13 0.001 -1 -1 2,14 0.001 -1 -1 1,14 0.001 -1 -1 80.0242 380 15,3 0.001 -1 1 14,2 0.001 0 -1 12,0 0.001 1 0 127.164 470 13,14 0.001 -1 0 12,15 0.001 -1 -1 14,14 0.001 0 1 92.1125 425 ::f,0,3 f,0,12 f,12,2 f,12,13 
201:1,2 0.001 1 1 2,1 0.001 0 1 2,2 0.001 -1 -1 42.0317 305 1,13 0.001 -1 -1 2,14 0.001 -1 -1 1,14 0.001 -1 -1 86.0243 395 15,3 0.001 -1 1 14,2 0.001 1 -1 13,0 0.001 1 0 127.165 470 13,14 0.001 -1 -1 12,15 0.001 -1 -1 14,14 0.001 0 1 92.1125 425 ::f,0,3 f,3,13 f,12,2 f,12,13 
202:1,2 0.001 0 1 2,1 0.001 -1 1 2,2 0.001 0 -1 42.0317 305 1,13 0.001 0 -1 2,14 0.001 0 -1 1,14 0.001 0 -1 86.0243 395 15,3 0.001 -1 0 14,2 0.001 1 -1 13,0 0.001 1 0 127.165 470 13,14 0.001 -1 -1 12,15 0.001 0 -1 14,14 0.001 -1 1 100.113 440 ::f,0,3 f,3,13 f,12,2 f,13,15 
203:1,2 0.001 0 1 2,1 0.001 -1 1 2,2 0.001 0 -1 42.0317 305 1,13 0.001 0 -1 2,14 0.001 0 -1 1,14 0.001 0 -1 86.0243 395 14,3 0.001 -1 0 14,2 0.001 1 0 14,0 0.001 1 0 127.167 470 13,14 0.001 0 -1 12,14 0.001 0 -1 14,14 0.001 -1 1 108.114 455 ::f,0,3 f,3,13 f,12,2 f,12,13 
204:1,2 0.001 -1 1 2,1 0.001 -1 1 2,2 0.001 1 -1 42.0317 305 1,13 0.001 1 -1 2,14 0.001 1 -1 1,14 0.001 0 -1 86.0243 395 14,3 0.001 -1 0 14,2 0.001 1 0 14,0 0.001 1 0 127.167 470 13,13 0.001 0 -1 12,14 0.001 0 -1 14,14 0.001 -1 0 117.115 470 ::f,0,3 f,3,13 f,12,2 f,15,15 
205:1,2 0.001 -1 1 2,1 0.001 -1 0 2,2 0.001 1 -1 48.0318 320 1,13 0.001 1 -1 2,14 0.001 1 -1 1,14 0.001 1 -1 96.0244 410 13,3 0.001 -1 0 14,2 0.001 1 1 15,0 0.001 1 0 127.169 470 13,13 0.001 0 -1 12,13 0.001 0 -1 13,14 0.001 -1 0 117.117 470 ::f,3,2 f,3,14 f,12,2 f,15,15 
206:1,2 0.001 -1 0 2,1 0.001 -1 -1 2,2 0.001 1 0 48.0318 320 1,13 0.001 1 0 2,14 0.001 1 0 1,14 0.001 1 -1 96.0244 410 13,3 0.001 -1 0 14,2 0.001 1 1 15,0 0.001 1 1 127.169 470 13,13 0.001 1 -1 12,13 0.001 0 -1 13,14 0.001 -1 0 117.117 470 ::f,3,2 f,3,14 f,12,2 f,15,15 
207:1,2 0.001 -1 0 2,1 0.001 -1 -1 2,2 0.001 1 0 52.0319 335 2,13 0.001 1 0 2,14 0.001 1 0 1,14 0.001 1 0 106.026 425 12,3 0.001 -1 0 14,2 0.001 0 1 15,0 0.001 1 1 127.17 470 13,13 0.001 1 -1 12,12 0.001 0 -1 13,14 0.001 -1 -1 117.118 470 ::f,0,13 f,2,0 f,12,2 f,15,15 
208:1,2 0.001 -1 -1 2,1 0.001 0 -1 2,2 0.001 1 1 52.0319 335 2,13 0.001 1 0 2,14 0.001 1 1 1,14 0.001 1 0 106.026 425 12,3 0.001 -1 -1 14,2 0.001 0 1 15,0 0.001 0 1 127.17 470 13,13 0.001 1 0 12,12 0.001 1 -1 13,14 0.001 -1 -1 117.118 470 ::f,0,13 f,2,0 f,12,2 f,15,15 
209:1,2 0.001 -1 -1 2,1 0.001 0 -1 2,2 0.001 1 1 59.032 350 2,13 0.001 1 1 2,14 0.001 1 1 1,14 0.001 1 1 106.026 425 12,3 0.001 -1 -1 14,2 0.001 -1 1 15,1 0.001 0 1 127.171 470 14,13 0.001 1 0 12,12 0.001 1 -1 13,14 0.001 0 -1 117.119 470 ::f,0,13 f,1,1 f,12,2 f,15,15 
210:1,2 0.001 0 -1 2,1 0.001 1 -1 2,2 0.001 0 1 59.032 350 2,13 0.001 1 1 2,14 0.001 0 1 1,14 0.001 1 1 106.026 425 12,3 0.001 0 -1 14,2 0.001 -1 1 15,1 0.001 0 1 127.171 470 14,13 0.001 1 0 12,12 0.001 1 0 13,13 0.001 0 -1 117.12 470 ::f,0,13 f,1,1 f,12,2 f,15,15 
211:1,2 0.001 0 -1 2,1 0.001 1 -1 2,2 0.001 0 1 59.032 350 2,13 0.001 0 1 2,14 0.001 0 1 1,14 0.001 0 1 106.026 425 12,3 0.001 0 -1 14,2 0.001 -1 0 15,2 0.001 0 1 127.172 470 14,13 0.001 1 1 13,12 0.001 1 0 13,13 0.001 0 -1 117.121 470 ::f,0,13 f,1,1 f,12,2 f,15,15 
212:1,2 0.001 0 -1 2,1 0.001 1 0 2,2 0.001 -1 1 66.0321 365 2,13 0.001 0 1 2,14 0.001 -1 1 1,14 0.001 0 1 106.026 425 12,3 0.001 0 -1 13,2 0.001 -1 0 15,2 0.001 0 1 134.173 485 14,13 0.001 1 1 13,12 0.001 1 0 13,13 0.001 1 -1 117.121 470 ::f,0,13 f,2,3 f,14,1 f,15,15 
213:1,2 0.001 1 -1 2,1 0.001 1 0 2,2 0.001 -1 1 66.0321 365 2,13 0.001 0 1 2,14 0.001 -1 1 1,14 0.001 -1 1 106.026 425 12,2 0.001 0 -1 13,2 0.001 -1 0 15,3 0.001 0 1 134.175 485 14,13 0.001 0 1 14,12 0.001 1 0 13,13 0.001 1 -1 117.122 470 ::f,0,13 f,2,3 f,14,1 f,15,15 
214:1,2 0.001 1 -1 2,1 0.001 1 1 2,2 0.001 -1 0 66.0321 365 2,13 0.001 -1 1 2,14 0.001 -1 0 1,14 0.001 -1 1 106.026 425 12,2 0.001 0 -1 13,2 0.001 -1 -1 15,3 0.001 -1 1 134.175 485 14,14 0.001 0 1 14,12 0.001 1 0 13,13 0.001 1 0 117.123 470 ::f,0,13 f,2,3 f,14,1 f,15,15 
215:1,2 0.001 1 0 2,1 0.001 1 1 2,2 0.001 -1 0 66.0321 365 2,13 0.001 -1 1 2,14 0.001 -1 0 1,14 0.001 -1 0 106.026 425 12,1 0.001 0 -1 13,2 0.001 -1 -1 15,3 0.001 -1 1 134.176 485 14,14 0.001 0 1 15,12 0.001 1 0 14,13 0.001 1 0 117.125 470 ::f,0,13 f,2,3 f,14,1 f,15,15 
216:1,2 0.001 1 0 2,1 0.001 0 1 2,2 0.001 -1 0 66.0321 365 2,13 0.001 -1 0 2,14 0.001 -1 0 1,14 0.001 -1 0 106.026 425 12,1 0.001 0 -1 13,2 0.001 0 -1 15,3 0.001 -1 0 134.176 485 14,14 0.001 -1 1 15,12 0.001 1 1 14,13 0.001 1 0 117.125 470 ::f,0,13 f,2,3 f,14,1 f,15,15 
217:1,2 0.001 1 1 2,1 0.001 0 1 2,2 0.001 -1 -1 66.0321 365 1,13 0.001 -1 0 2,14 0.001 -1 -1 1,14 0.001 -1 -1 106.027 425 12,0 0.001 0 -1 13,1 0.001 0 -1 14,3 0.001 -1 0 134.179 485 14,14 0.001 -1 1 15,12 0.001 1 1 14,13 0.001 1 1 117.125 470 ::f,0,13 f,2,3 f,14,1 f,15,15 
218:1,2 0.001 1 1 2,1 0.001 0 1 2,2 0.001 -1 -1 74.0322 380 1,13 0.001 -1 0 2,14 0.001 -1 -1 1,14 0.001 -1 -1 113.027 440 12,0 0.001 1 -1 13,1 0.001 0 -1 14,3 0.001 -1 0 134.179 485 14,14 0.001 -1 0 15,12 0.001 0 1 14,13 0.001 1 1 117.125 470 ::f,0,12 f,2,3 f,14,1 f,15,15 
219:1,2 0.001 0 1 2,1 0.001 -1 1 2,2 0.001 0 -1 74.0322 380 1,13 0.001 -1 -1 2,14 0.001 -1 -1 1,14 0.001 0 -1 113.027 440 12,0 0.001 1 -1 13,1 0.001 1 -1 13,3 0.001 -1 0 134.18 485 13,14 0.001 -1 0 15,13 0.001 0 1 14,13 0.001 0 1 117.127 470 ::f,0,12 f,2,3 f,14,1 f,15,15 
220:1,2 0.001 0 1 2,1 0.001 -1 1 2,2 0.001 0 -1 74.0322 380 1,13 0.001 -1 -1 2,14 0.001 0 -1 1,14 0.001 0 -1 121.027 455 12,0 0.001 1 0 13,1 0.001 1 -1 13,3 0.001 -1 0 134.18 485 13,14 0.001 -1 0 15,14 0.001 0 1 14,14 0.001 0 1 117.129 470 ::f,2,3 f,3,15 f,14,1 f,15,15 
221:1,2 0.001 -1 1 2,1 0.001 -1 0 2,2 0.001 1 -1 74.0322 380 1,13 0.001 0 -1 2,14 0.001 1 -1 1,14 0.001 0 -1 121.027 455 13,0 0.001 1 0 13,1 0.001 1 0 12,3 0.001 -1 0 134.182 485 13,14 0.001 -1 -1 15,14 0.001 0 1 14,14 0.001 0 1 127.129 485 ::f,2,3 f,3,15 f,13,15 f,14,1 
222:1,2 0.001 -1 1 2,1 0.001 -1 0 2,2 0.001 1 -1 74.0322 380 1,13 0.001 0 -1 2,14 0.001 1 -1 1,14 0.001 1 -1 121.027 455 13,0 0.001 1 0 13,1 0.001 1 0 12,3 0.001 -1 -1 134.182 485 13,14 0.001 -1 -1 15,15 0.001 0 1 14,14 0.001 -1 1 127.13 485 ::f,2,3 f,3,15 f,13,15 f,14,1 
223:1,2 0.001 -1 0 2,1 0.001 -1 -1 2,2 0.001 1 0 74.0322 380 1,13 0.001 1 -1 2,14 0.001 1 0 1,14 0.001 1 -1 121.027 455 14,0 0.001 1 0 13,1 0.001 1 0 12,3 0.001 -1 -1 144.183 500 13,14 0.001 0 -1 15,15 0.001 -1 1 14,14 0.001 -1 1 136.13 500 ::f,2,3 f,3,15 f,12,14 f,15,2 
224:1,2 0.001 -1 0 2,1 0.001 -1 -1 2,2 0.001 1 0 74.0322 380 1,13 0.001 1 -1 2,14 0.001 1 0 1,14 0.001 1 0 121.027 455 14,0 0.001 1 0 13,1 0.001 1 1 12,3 0.001 0 -1 144.183 500 13,13 0.001 0 -1 15,15 0.001 -1 1 14,14 0.001 -1 0 136.131 500 ::f,2,3 f,3,15 f,12,14 f,15,2 
225:1,2 0.001 -1 -1 2,1 0.001 0 -1 2,2 0.001 1 1 74.0322 380 1,13 0.001 1 0 2,14 0.001 1 1 1,14 0.001 1 0 121.027 455 15,0 0.001 1 0 13,1 0.001 1 1 12,2 0.001 0 -1 144.185 500 13,13 0.001 0 -1 15,15 0.001 -1 0 13,14 0.001 -1 0 136.132 500 ::f,2,3 f,3,15 f,12,14 f,15,2 
226:1,2 0.001 -1 -1 2,1 0.001 0 -1 2,2 0.001 1 1 74.0322 380 2,13 0.001 1 0 2,14 0.001 1 1 1,14 0.001 1 1 131.028 470 15,0 0.001 1 1 13,1 0.001 0 1 12,2 0.001 0 -1 144.185 500 13,13 0.001 1 -1 14,15 0.001 -1 0 13,14 0.001 -1 0 146.133 515 ::f,0,13 f,2,3 f,15,2 f,15,13 
227:1,2 0.001 0 -1 2,1 0.001 1 -1 2,2 0.001 0 1 74.0322 380 2,13 0.001 1 0 2,14 0.001 0 1 1,14 0.001 1 1 131.028 470 15,0 0.001 1 1 13,1 0.001 0 1 12,1 0.001 0 -1 144.186 500 13,13 0.001 1 -1 14,15 0.001 -1 0 13,14 0.001 -1 -1 146.133 515 ::f,0,13 f,2,3 f,15,2 f,15,13 
228:1,1 0.001 0 -1 2,1 0.001 1 -1 2,2 0.001 0 1 79.0333 395 2,13 0.001 1 1 2,14 0.001 0 1 1,14 0.001 0 1 131.028 470 15,0 0.001 0 1 13,1 0.001 -1 1 12,1 0.001 0 -1 144.186 500 13,13 0.001 1 0 13,15 0.001 -1 0 13,14 0.001 -1 -1 146.134 515 ::f,0,0 f,0,13 f,15,2 f,15,13 
229:1,1 0.001 0 -1 2,1 0.001 1 0 2,2 0.001 -1 1 79.0333 395 2,13 0.001 1 1 2,14 0.001 -1 1 1,14 0.001 0 1 131.028 470 15,1 0.001 0 1 13,1 0.001 -1 1 12,0 0.001 0 -1 144.188 500 14,13 0.001 1 0 13,15 0.001 -1 0 13,14 0.001 0 -1 146.135 515 ::f,0,0 f,0,13 f,15,2 f,15,13 
230:1,1 0.001 1 -1 2,1 0.001 1 0 2,2 0.001 -1 1 79.0333 395 2,13 0.001 0 1 2,14 0.001 -1 1 1,14 0.001 -1 1 131.028 470 15,1 0.001 0 1 13,1 0.001 -1 0 12,0 0.001 1 -1 152.188 515 14,13 0.001 1 0 12,15 0.001 -1 0 13,14 0.001 0 -1 155.136 530 ::f,0,0 f,0,13 f,13,13 f,14,2 
231:1,1 0.001 1 -1 2,1 0.001 1 1 2,2 0.001 -1 0 79.0333 395 2,13 0.001 0 1 2,14 0.001 -1 0 1,14 0.001 -1 1 131.028 470 15,2 0.001 0 1 13,1 0.001 -1 0 12,0 0.001 1 -1 152.189 515 14,13 0.001 1 1 12,15 0.001 -1 -1 13,14 0.001 0 -1 165.136 545 ::f,0,0 f,0,13 f,12,14 f,14,2 
232:1,1 0.001 1 0 2,1 0.001 1 1 1,2 0.001 -1 0 79.0343 395 2,13 0.001 0 1 2,14 0.001 -1 0 1,14 0.001 -1 0 131.028 470 15,2 0.001 0 1 13,1 0.001 -1 -1 12,0 0.001 1 0 152.189 515 14,13 0.001 1 1 12,15 0.001 -1 -1 13,14 0.001 1 -1 165.136 545 ::f,0,0 f,0,13 f,12,14 f,14,2 
233:1,1 0.001 1 0 2,1 0.001 0 1 1,2 0.001 -1 0 79.0343 395 2,13 0.001 -1 1 2,14 0.001 -1 0 1,14 0.001 -1 0 131.028 470 15,3 0.001 0 1 13,1 0.001 -1 -1 13,0 0.001 1 0 152.191 515 14,13 0.001 0 1 12,15 0.001 0 -1 13,14 0.001 1 -1 165.136 545 ::f,0,0 f,0,13 f,12,14 f,14,2 
234:1,1 0.001 1 0 2,2 0.001 0 1 1,2 0.001 -1 -1 79.0353 395 2,13 0.001 -1 1 2,14 0.001 -1 -1 1,14 0.001 -1 -1 131.028 470 15,3 0.001 -1 1 13,1 0.001 0 -1 13,0 0.001 1 0 152.191 515 14,14 0.001 0 1 12,15 0.001 0 -1 13,14 0.001 1 0 165.137 545 ::f,0,0 f,0,13 f,12,14 f,14,2 
235:1,1 0.001 1 1 2,2 0.001 0 1 1,2 0.001 -1 -1 79.0353 395 2,13 0.001 -1 0 2,14 0.001 -1 -1 1,14 0.001 -1 -1 136.028 485 15,3 0.001 -1 1 13,1 0.001 0 -1 14,0 0.001 1 0 152.192 515 14,14 0.001 0 1 12,15 0.001 0 -1 13,14 0.001 1 0 175.137 560 ::f,0,0 f,0,12 f,14,2 f,14,12 
236:1,1 0.001 1 1 2,2 0.001 -1 1 1,2 0.001 0 -1 79.0353 395 2,13 0.001 -1 0 1,13 0.001 -1 -1 1,14 0.001 0 -1 136.029 485 15,3 0.001 -1 0 13,1 0.001 1 -1 14,0 0.001 1 0 152.192 515 14,14 0.001 -1 1 12,14 0.001 0 -1 13,14 0.001 1 1 175.138 560 ::f,0,0 f,0,12 f,14,2 f,14,12 
237:1,1 0.001 0 1 2,2 0.001 -1 1 1,2 0.001 0 -1 79.0353 395 2,13 0.001 -1 -1 1,13 0.001 -1 -1 1,14 0.001 0 -1 146.029 500 14,3 0.001 -1 0 13,1 0.001 1 -1 15,0 0.001 1 0 152.194 515 14,14 0.001 -1 1 12,14 0.001 0 -1 13,14 0.001 1 1 175.138 560 ::f,0,0 f,2,12 f,14,2 f,14,12 
238:1,1 0.001 0 1 2,2 0.001 -1 0 1,2 0.001 0 -1 79.0353 395 2,13 0.001 -1 -1 1,13 0.001 0 -1 1,14 0.001 0 -1 146.029 500 14,3 0.001 -1 0 13,1 0.001 1 0 15,0 0.001 1 1 152.194 515 14,14 0.001 -1 0 12,13 0.001 0 -1 13,14 0.001 0 1 175.139 560 ::f,0,0 f,2,12 f,14,2 f,14,12 
239:1,1 0.001 -1 1 2,2 0.001 -1 0 1,2 0.001 1 -1 79.0353 395 2,13 0.001 0 -1 1,13 0.001 0 -1 1,14 0.001 1 -1 146.029 500 13,3 0.001 -1 0 14,1 0.001 1 0 15,0 0.001 1 1 152.196 515 14,14 0.001 -1 0 12,13 0.001 0 -1 13,14 0.001 0 1 175.139 560 ::f,0,0 f,2,12 f,14,2 f,14,12 
240:1,1 0.001 -1 1 2,2 0.001 -1 0 1,2 0.001 1 -1 79.0353 395 2,13 0.001 0 -1 1,13 0.001 1 -1 1,14 0.001 1 -1 155.029 515 13,3 0.001 -1 0 14,1 0.001 1 0 15,0 0.001 0 1 152.196 515 14,14 0.001 -1 0 12,12 0.001 0 -1 13,14 0.001 -1 1 175.14 560 ::f,0,0 f,3,13 f,14,2 f,14,12 
241:1,1 0.001 -1 0 2,2 0.001 -1 -1 1,2 0.001 1 0 79.0353 395 2,13 0.001 1 -1 1,13 0.001 1 -1 1,14 0.001 1 0 155.029 515 12,3 0.001 -1 0 14,1 0.001 1 1 15,1 0.001 0 1 152.198 515 14,14 0.001 -1 -1 12,12 0.001 1 -1 13,14 0.001 -1 1 175.14 560 ::f,0,0 f,3,13 f,14,2 f,14,12 
242:1,1 0.001 -1 0 2,2 0.001 -1 -1 1,2 0.001 1 0 79.0353 395 2,13 0.001 1 -1 1,13 0.001 1 0 1,14 0.001 1 0 155.029 515 12,3 0.001 -1 -1 14,1 0.001 1 1 15,1 0.001 0 1 152.198 515 13,13 0.001 -1 -1 12,12 0.001 1 -1 13,14 0.001 -1 0 175.141 560 ::f,0,0 f,3,13 f,14,2 f,14,12 
243:1,1 0.001 -1 -1 2,2 0.001 -1 -1 1,2 0.001 1 1 79.0353 395 2,13 0.001 1 0 1,13 0.001 1 0 1,14 0.001 1 1 155.029 515 12,3 0.001 -1 -1 14,1 0.001 0 1 15,2 0.001 0 1 152.199 515 13,13 0.001 -1 -1 12,12 0.001 1 0 13,14 0.001 -1 0 175.141 560 ::f,0,0 f,3,13 f,14,2 f,14,12 
244:1,1 0.001 -1 -1 2,2 0.001 0 -1 1,2 0.001 1 1 88.0354 410 2,13 0.001 1 0 1,13 0.001 1 0 1,14 0.001 1 1 165.029 530 12,3 0.001 0 -1 14,1 0.001 0 1 15,2 0.001 0 1 152.199 515 13,13 0.001 0 -1 13,12 0.001 1 0 13,14 0.001 -1 -1 175.142 560 ::f,0,2 f,2,14 f,14,2 f,14,12 
245:1,1 0.001 0 -1 2,2 0.001 1 -1 1,2 0.001 0 1 88.0354 410 2,13 0.001 1 1 1,13 0.001 1 1 1,14 0.001 0 1 165.029 530 12,2 0.001 0 -1 14,1 0.001 0 1 15,3 0.001 0 1 162.201 530 13,13 0.001 0 -1 13,12 0.001 1 0 13,14 0.001 -1 -1 185.143 575 ::f,0,2 f,2,14 f,13,2 f,15,15 
246:1,1 0.001 0 -1 2,2 0.001 1 -1 1,2 0.001 0 1 88.0354 410 2,13 0.001 1 1 1,13 0.001 1 1 1,14 0.001 0 1 175.029 545 12,2 0.001 0 -1 14,1 0.001 -1 1 15,3 0.001 -1 1 162.201 530 13,13 0.001 1 -1 14,12 0.001 1 0 13,14 0.001 0 -1 185.144 575 ::f,0,2 f,3,14 f,13,2 f,15,15 
247:1,1 0.001 1 -1 2,2 0.001 1 0 1,2 0.001 -1 1 88.0354 410 2,13 0.001 0 1 1,13 0.001 0 1 1,14 0.001 -1 1 175.029 545 12,1 0.001 0 -1 14,1 0.001 -1 1 15,3 0.001 -1 1 172.202 545 13,13 0.001 1 -1 14,12 0.001 1 0 13,14 0.001 0 -1 185.144 575 ::f,0,2 f,3,14 f,13,3 f,15,15 
248:1,1 0.001 1 -1 2,2 0.001 1 0 1,2 0.001 -1 1 88.0354 410 2,14 0.001 0 1 1,13 0.001 0 1 1,14 0.001 -1 1 175.03 545 12,1 0.001 0 -1 14,1 0.001 -1 0 15,3 0.001 -1 0 172.202 545 13,13 0.001 1 0 15,12 0.001 1 0 13,14 0.001 0 -1 185.145 575 ::f,0,2 f,3,14 f,13,3 f,15,15 
249:1,1 0.001 1 0 2,2 0.001 1 1 1,2 0.001 -1 0 88.0354 410 2,14 0.001 0 1 1,13 0.001 -1 1 1,14 0.001 -1 0 175.03 545 12,0 0.001 0 -1 14,1 0.001 -1 0 14,3 0.001 -1 0 172.204 545 14,13 0.001 1 0 15,12 0.001 1 1 13,14 0.001 1 -1 185.146 575 ::f,0,2 f,3,14 f,13,3 f,15,15 
250:2,1 0.001 1 0 2,2 0.001 1 1 1,2 0.001 -1 0 94.0365 425 2,14 0.001 -1 1 1,13 0.001 -1 1 1,14 0.001 -1 0 175.03 545 12,0 0.001 1 -1 14,1 0.001 -1 -1 14,3 0.001 -1 0 179.204 560 14,13 0.001 1 0 15,12 0.001 1 1 13,14 0.001 1 -1 185.146 575 ::f,0,1 f,3,14 f,13,0 f,15,15 
251:2,1 0.001 1 0 2,2 0.001 0 1 1,2 0.001 -1 -1 94.0365 425 2,14 0.001 -1 1 1,13 0.001 -1 0 1,14 0.001 -1 -1 175.03 545 12,0 0.001 1 -1 14,1 0.001 -1 -1 13,3 0.001 -1 0 189.206 575 14,13 0.001 1 1 15,12 0.001 0 1 13,14 0.001 1 -1 185.146 575 ::f,0,1 f,3,14 f,12,2 f,15,15 
252:2,1 0.001 1 1 2,2 0.001 0 1 1,2 0.001 -1 -1 101.037 440 2,14 0.001 -1 0 1,13 0.001 -1 0 1,14 0.001 -1 -1 175.03 545 12,0 0.001 1 0 14,1 0.001 0 -1 13,3 0.001 -1 0 189.206 575 14,13 0.001 1 1 15,13 0.001 0 1 13,14 0.001 1 0 185.147 575 ::f,0,3 f,3,14 f,12,2 f,15,15 
253:2,1 0.001 1 1 2,2 0.001 -1 1 1,2 0.001 0 -1 101.037 440 2,14 0.001 -1 0 1,13 0.001 -1 -1 1,14 0.001 0 -1 175.03 545 13,0 0.001 1 0 14,1 0.001 0 -1 12,3 0.001 -1 0 189.208 575 14,13 0.001 0 1 15,14 0.001 0 1 14,14 0.001 1 0 185.149 575 ::f,0,3 f,3,14 f,12,2 f,15,15 
254:2,1 0.001 0 1 2,2 0.001 -1 1 1,1 0.001 0 -1 101.038 440 2,14 0.001 -1 0 1,13 0.001 -1 -1 1,14 0.001 0 -1 175.03 545 13,0 0.001 1 0 14,1 0.001 1 -1 12,3 0.001 -1 -1 189.208 575 14,13 0.001 0 1 15,14 0.001 0 1 14,14 0.001 1 0 195.149 590 ::f,0,3 f,3,14 f,12,2 f,15,12 
255:2,1 0.001 0 1 2,2 0.001 -1 0 1,1 0.001 0 -1 101.038 440 2,14 0.001 -1 -1 1,13 0.001 0 -1 1,14 0.001 0 -1 175.03 545 14,0 0.001 1 0 14,1 0.001 1 -1 12,3 0.001 -1 -1 189.209 575 14,13 0.001 0 1 15,15 0.001 0 1 14,14 0.001 1 1 195.15 590 ::f,0,3 f,3,14 f,12,2 f,15,12 
256:2,1 0.001 0 1 1,2 0.001 -1 0 1,1 0.001 1 -1 101.039 440 2,14 0.001 -1 -1 1,13 0.001 0 -1 1,14 0.001 1 -1 175.03 545 14,0 0.001 1 0 14,1 0.001 1 0 12,3 0.001 0 -1 189.209 575 14,13 0.001 -1 1 15,15 0.001 -1 1 14,14 0.001 1 1 195.15 590 ::f,0,3 f,3,14 f,12,2 f,15,12 
257:2,1 0.001 -1 1 1,2 0.001 -1 0 1,1 0.001 1 -1 101.039 440 2,14 0.001 0 -1 1,13 0.001 1 -1 1,14 0.001 1 -1 175.03 545 15,0 0.001 1 0 14,1 0.001 1 0 12,3 0.001 0 -1 189.21 575 14,13 0.001 -1 1 15,15 0.001 -1 1 14,14 0.001 0 1 195.15 590 ::f,0,3 f,3,14 f,12,2 f,15,12 
258:2,1 0.001 -1 1 1,2 0.001 -1 -1 1,1 0.001 1 0 101.039 440 2,14 0.001 0 -1 1,13 0.001 1 -1 1,14 0.001 1 0 175.03 545 15,0 0.001 1 1 14,1 0.001 1 1 12,3 0.001 0 -1 197.21 590 14,13 0.001 -1 0 15,15 0.001 -1 0 14,14 0.001 0 1 195.15 590 ::f,0,3 f,3,14 f,13,0 f,15,12 
259:2,1 0.001 -1 1 1,2 0.001 -1 -1 1,1 0.001 1 0 101.039 440 2,14 0.001 1 -1 1,13 0.001 1 0 1,14 0.001 1 0 175.03 545 15,0 0.001 1 1 14,1 0.001 1 1 12,2 0.001 0 -1 197.211 590 14,13 0.001 -1 0 14,15 0.001 -1 0 14,14 0.001 -1 1 195.151 590 ::f,0,3 f,3,14 f,13,0 f,15,12 
260:2,1 0.001 -1 0 1,2 0.001 0 -1 1,1 0.001 1 0 101.039 440 2,14 0.001 1 -1 2,13 0.001 1 0 1,14 0.001 1 0 175.031 545 15,0 0.001 0 1 14,1 0.001 0 1 12,2 0.001 0 -1 197.211 590 14,13 0.001 -1 -1 14,15 0.001 -1 0 14,14 0.001 -1 1 195.151 590 ::f,0,3 f,3,14 f,13,0 f,15,12 
261:2,1 0.001 -1 0 1,2 0.001 0 -1 1,1 0.001 1 1 101.039 440 2,14 0.001 1 0 2,13 0.001 1 0 1,14 0.001 1 1 175.031 545 15,1 0.001 0 1 14,2 0.001 0 1 12,1 0.001 0 -1 197.214 590 14,13 0.001 -1 -1 13,15 0.001 -1 0 14,14 0.001 -1 0 195.152 590 ::f,0,3 f,3,14 f,13,0 f,15,12 
262:2,1 0.001 -1 -1 1,2 0.001 0 -1 1,1 0.001 1 1 101.039 440 2,14 0.001 1 0 2,13 0.001 1 1 1,14 0.001 1 1 185.031 560 15,1 0.001 0 1 14,2 0.001 0 1 12,1 0.001 0 -1 197.214 590 14,13 0.001 0 -1 13,15 0.001 -1 0 13,14 0.001 -1 0 195.153 590 ::f,0,3 f,0,15 f,13,0 f,15,12 
263:2,1 0.001 -1 -1 1,2 0.001 1 -1 1,1 0.001 0 1 101.039 440 2,14 0.001 1 1 2,13 0.001 1 1 1,14 0.001 0 1 185.031 560 15,2 0.001 0 1 14,2 0.001 -1 1 12,0 0.001 0 -1 197.216 590 14,13 0.001 0 -1 12,15 0.001 -1 0 13,14 0.001 -1 0 195.154 590 ::f,0,3 f,0,15 f,13,0 f,15,12 
264:2,1 0.001 0 -1 1,2 0.001 1 -1 1,1 0.001 0 1 101.039 440 2,14 0.001 1 1 2,13 0.001 0 1 1,14 0.001 0 1 185.031 560 15,2 0.001 0 1 14,2 0.001 -1 1 12,0 0.001 1 -1 197.216 590 14,13 0.001 1 -1 12,15 0.001 -1 -1 13,14 0.001 -1 -1 195.154 590 ::f,0,3 f,0,15 f,13,0 f,15,12 
265:2,1 0.001 0 -1 1,2 0.001 1 0 1,1 0.001 -1 1 101.039 440 2,14 0.001 0 1 2,13 0.001 0 1 1,14 0.001 -1 1 185.031 560 15,3 0.001 0 1 14,2 0.001 -1 0 12,0 0.001 1 -1 197.217 590 14,13 0.001 1 -1 12,15 0.001 -1 -1 13,14 0.001 -1 -1 205.154 605 ::f,0,3 f,0,15 f,13,0 f,15,14 
266:2,1 0.001 1 -1 1,2 0.001 1 0 1,1 0.001 -1 1 101.039 440 2,14 0.001 0 1 2,13 0.001 0 1 1,14 0.001 -1 1 191.032 575 15,3 0.001 -1 1 13,2 0.001 -1 0 12,0 0.001 1 0 197.218 590 14,13 0.001 1 0 12,15 0.001 0 -1 13,14 0.001 0 -1 205.154 605 ::f,0,3 f,3,14 f,13,0 f,15,14 
267:2,1 0.001 1 -1 1,2 0.001 1 1 1,1 0.001 -1 0 101.039 440 2,14 0.001 -1 1 2,13 0.001 -1 1 1,14 0.001 -1 0 191.032 575 15,3 0.001 -1 1 13,2 0.001 -1 0 12,0 0.001 1 0 197.218 590 14,13 0.001 1 0 12,14 0.001 0 -1 13,13 0.001 0 -1 205.156 605 ::f,0,3 f,3,14 f,13,0 f,15,14 
268:2,1 0.001 1 0 1,2 0.001 1 1 1,1 0.001 -1 0 101.039 440 2,14 0.001 -1 1 2,13 0.001 -1 1 1,14 0.001 -1 0 191.032 575 15,3 0.001 -1 0 13,2 0.001 -1 -1 12,0 0.001 1 0 206.218 605 14,13 0.001 1 1 12,14 0.001 0 -1 13,13 0.001 0 -1 205.156 605 ::f,0,3 f,3,14 f,14,2 f,15,14 
269:2,1 0.001 1 0 1,2 0.001 0 1 1,1 0.001 -1 -1 101.039 440 2,14 0.001 -1 0 2,13 0.001 -1 0 1,14 0.001 -1 -1 191.032 575 14,3 0.001 -1 0 13,2 0.001 -1 -1 13,0 0.001 1 0 206.22 605 14,13 0.001 1 1 12,13 0.001 0 -1 13,13 0.001 1 -1 215.157 620 ::f,0,3 f,3,14 f,14,2 f,14,14 
270:2,1 0.001 1 1 1,2 0.001 0 1 1,1 0.001 -1 -1 101.039 440 2,14 0.001 -1 0 2,13 0.001 -1 0 1,14 0.001 -1 -1 191.032 575 14,3 0.001 -1 0 13,2 0.001 0 -1 13,0 0.001 1 0 206.22 605 14,13 0.001 0 1 12,13 0.001 0 -1 13,13 0.001 1 -1 215.157 620 ::f,0,3 f,3,14 f,14,2 f,14,14 
271:2,1 0.001 1 1 1,2 0.001 -1 1 1,1 0.001 0 -1 101.039 440 2,14 0.001 -1 0 2,13 0.001 -1 -1 1,14 0.001 0 -1 191.032 575 13,3 0.001 -1 0 13,1 0.001 0 -1 14,0 0.001 1 0 206.223 605 14,13 0.001 0 1 12,12 0.001 0 -1 13,13 0.001 1 0 215.158 620 ::f,0,3 f,3,14 f,14,2 f,14,14 
272:2,1 0.001 0 1 1,2 0.001 -1 1 1,1 0.001 0 -1 109.039 455 2,14 0.001 -1 -1 2,13 0.001 -1 -1 1,13 0.001 0 -1 191.033 575 13,3 0.001 -1 0 13,1 0.001 0 -1 14,0 0.001 1 0 206.223 605 14,13 0.001 0 1 12,12 0.001 1 -1 13,13 0.001 1 0 225.158 635 ::f,0,2 f,3,14 f,14,2 f,14,14 
273:2,2 0.001 0 1 1,2 0.001 -1 0 1,1 0.001 1 -1 109.04 455 2,14 0.001 -1 -1 2,13 0.001 0 -1 1,13 0.001 0 -1 191.033 575 12,3 0.001 -1 0 13,1 0.001 1 -1 15,0 0.001 1 0 206.225 605 14,13 0.001 -1 1 12,12 0.001 1 -1 13,13 0.001 1 0 225.158 635 ::f,0,2 f,3,14 f,14,2 f,14,14 
274:2,2 0.001 0 1 1,2 0.001 -1 0 1,1 0.001 1 -1 118.04 470 2,14 0.001 0 -1 2,13 0.001 0 -1 1,13 0.001 1 -1 191.033 575 12,3 0.001 -1 -1 13,1 0.001 1 -1 15,0 0.001 1 1 206.225 605 14,13 0.001 -1 1 12,12 0.001 1 0 13,13 0.001 1 1 225.158 635 ::f,3,2 f,3,14 f,14,2 f,14,14 
275:2,2 0.001 -1 1 1,2 0.001 -1 -1 1,1 0.001 1 0 118.04 470 2,14 0.001 0 -1 2,13 0.001 1 -1 1,13 0.001 1 -1 191.033 575 12,3 0.001 -1 -1 13,1 0.001 1 0 15,0 0.001 1 1 206.225 605 14,13 0.001 -1 0 13,12 0.001 1 0 13,13 0.001 1 1 235.159 650 ::f,3,2 f,3,14 f,12,15 f,14,2 
276:2,2 0.001 -1 1 1,2 0.001 -1 -1 2,1 0.001 1 0 118.041 470 2,14 0.001 1 -1 2,13 0.001 1 -1 1,13 0.001 1 0 191.033 575 12,3 0.001 0 -1 14,1 0.001 1 0 15,0 0.001 0 1 206.226 605 14,13 0.001 -1 0 13,12 0.001 1 0 13,13 0.001 0 1 235.159 650 ::f,3,2 f,3,14 f,12,15 f,14,2 
277:2,2 0.001 -1 0 1,2 0.001 0 -1 2,1 0.001 1 0 118.041 470 2,14 0.001 1 -1 2,13 0.001 1 0 1,13 0.001 1 0 191.033 575 12,2 0.001 0 -1 14,1 0.001 1 0 15,1 0.001 0 1 206.228 605 14,13 0.001 -1 -1 14,12 0.001 1 0 13,13 0.001 0 1 235.16 650 ::f,3,2 f,3,14 f,12,15 f,14,2 
278:2,2 0.001 -1 0 1,1 0.001 0 -1 2,1 0.001 1 1 118.042 470 2,14 0.001 1 0 2,13 0.001 1 0 1,13 0.001 1 0 191.033 575 12,2 0.001 0 -1 14,1 0.001 1 1 15,1 0.001 0 1 206.228 605 14,13 0.001 -1 -1 14,12 0.001 1 0 13,13 0.001 -1 1 235.16 650 ::f,3,2 f,3,14 f,12,15 f,14,2 
279:2,2 0.001 -1 0 1,1 0.001 0 -1 2,1 0.001 1 1 126.042 485 2,14 0.001 1 0 2,13 0.001 1 1 1,13 0.001 1 1 201.033 590 12,1 0.001 0 -1 14,1 0.001 1 1 15,2 0.001 0 1 206.23 605 14,13 0.001 0 -1 15,12 0.001 1 0 13,13 0.001 -1 1 235.161 650 ::f,1,0 f,3,14 f,12,15 f,14,2 
280:2,2 0.001 -1 -1 1,1 0.001 1 -1 2,1 0.001 0 1 126.042 485 2,14 0.001 1 1 2,13 0.001 1 1 1,13 0.001 1 1 211.033 605 12,1 0.001 0 -1 14,1 0.001 0 1 15,2 0.001 0 1 206.23 605 14,13 0.001 0 -1 15,12 0.001 1 1 13,13 0.001 -1 0 235.161 650 ::f,1,0 f,3,12 f,12,15 f,14,2 
281:2,2 0.001 -1 -1 1,1 0.001 1 -1 2,1 0.001 0 1 126.042 485 2,14 0.001 1 1 2,13 0.001 0 1 1,13 0.001 0 1 211.033 605 12,0 0.001 0 -1 14,1 0.001 0 1 15,3 0.001 0 1 206.232 605 14,13 0.001 1 -1 15,12 0.001 1 1 13,13 0.001 -1 0 235.161 650 ::f,1,0 f,3,12 f,12,15 f,14,2 
282:2,2 0.001 0 -1 1,1 0.001 1 0 2,1 0.001 0 1 126.042 485 2,14 0.001 0 1 2,13 0.001 0 1 1,13 0.001 0 1 211.033 605 12,0 0.001 1 -1 14,1 0.001 0 1 15,3 0.001 -1 1 216.232 620 14,13 0.001 1 -1 15,12 0.001 0 1 13,13 0.001 -1 -1 235.161 650 ::f,1,0 f,3,12 f,12,15 f,14,3 
283:2,2 0.001 0 -1 1,1 0.001 1 0 2,1 0.001 -1 1 126.042 485 2,14 0.001 0 1 2,13 0.001 0 1 1,13 0.001 -1 1 211.033 605 12,0 0.001 1 -1 14,2 0.001 0 1 15,3 0.001 -1 1 216.233 620 14,13 0.001 1 0 15,13 0.001 0 1 13,13 0.001 -1 -1 235.162 650 ::f,1,0 f,3,12 f,12,15 f,14,3 
284:2,2 0.001 1 -1 1,1 0.001 1 0 2,1 0.001 -1 1 126.042 485 2,14 0.001 -1 1 2,13 0.001 -1 1 1,13 0.001 -1 1 211.033 605 12,0 0.001 1 0 14,2 0.001 0 1 15,3 0.001 -1 0 226.233 635 14,13 0.001 1 0 15,13 0.001 0 1 13,13 0.001 0 -1 235.162 650 ::f,1,0 f,3,12 f,12,15 f,14,3 
285:2,2 0.001 1 -1 1,1 0.001 1 1 2,1 0.001 -1 0 126.042 485 2,14 0.001 -1 1 2,13 0.001 -1 1 1,13 0.001 -1 0 211.033 605 13,0 0.001 1 0 14,2 0.001 -1 1 15,3 0.001 -1 0 226.234 635 14,13 0.001 1 1 15,14 0.001 0 1 13,13 0.001 0 -1 235.163 650 ::f,1,0 f,3,12 f,12,15 f,14,3 
286:2,2 0.001 1 0 1,1 0.001 1 1 2,1 0.001 -1 0 126.042 485 2,14 0.001 -1 0 2,13 0.001 -1 0 1,13 0.001 -1 0 211.033 605 13,0 0.001 1 0 14,2 0.001 -1 1 15,3 0.001 -1 0 236.234 650 14,13 0.001 1 1 15,14 0.001 0 1 13,13 0.001 1 -1 235.163 650 ::f,1,0 f,3,12 f,12,15 f,15,2 
287:2,2 0.001 1 0 1,1 0.001 0 1 2,1 0.001 -1 -1 126.042 485 1,14 0.001 -1 0 2,13 0.001 -1 0 1,13 0.001 -1 -1 211.034 605 14,0 0.001 1 0 14,2 0.001 -1 0 14,3 0.001 -1 0 236.236 650 14,13 0.001 0 1 15,15 0.001 0 1 13,13 0.001 1 -1 235.164 650 ::f,1,0 f,3,12 f,12,15 f,15,2 
288:2,2 0.001 1 1 1,1 0.001 0 1 2,1 0.001 -1 -1 135.042 500 1,14 0.001 -1 0 2,13 0.001 -1 -1 1,13 0.001 -1 -1 211.034 605 14,0 0.001 1 0 13,2 0.001 -1 0 14,3 0.001 -1 0 236.237 650 14,14 0.001 0 1 15,15 0.001 -1 1 13,13 0.001 1 0 235.165 650 ::f,0,0 f,3,12 f,12,15 f,15,2 
289:2,2 0.001 1 1 1,1 0.001 -1 1 2,1 0.001 0 -1 135.042 500 1,14 0.001 -1 -1 2,13 0.001 -1 -1 1,13 0.001 0 -1 211.034 605 15,0 0.001 1 0 13,2 0.001 -1 0 13,3 0.001 -1 0 236.239 650 14,14 0.001 0 1 15,15 0.001 -1 1 14,13 0.001 1 0 235.166 650 ::f,0,0 f,3,12 f,12,15 f,15,2 
290:2,2 0.001 0 1 1,1 0.001 -1 1 2,1 0.001 0 -1 135.042 500 1,14 0.001 -1 -1 2,13 0.001 0 -1 1,13 0.001 0 -1 211.034 605 15,0 0.001 1 1 13,2 0.001 -1 -1 13,3 0.001 -1 0 236.239 650 14,14 0.001 -1 1 15,15 0.001 -1 0 14,13 0.001 1 0 235.166 650 ::f,0,0 f,3,12 f,12,15 f,15,2 
291:2,2 0.001 0 1 1,1 0.001 -1 0 2,1 0.001 1 -1 135.042 500 1,14 0.001 0 -1 2,13 0.001 0 -1 1,13 0.001 1 -1 211.034 605 15,0 0.001 1 1 13,2 0.001 -1 -1 12,3 0.001 -1 0 236.24 650 14,14 0.001 -1 1 14,15 0.001 -1 0 14,13 0.001 1 1 235.167 650 ::f,0,0 f,3,12 f,12,15 f,15,2 
292:2,2 0.001 -1 1 1,1 0.001 -1 0 2,1 0.001 1 -1 135.042 500 1,14 0.001 0 -1 2,13 0.001 1 -1 1,13 0.001 1 -1 211.034 605 15,0 0.001 0 1 13,2 0.001 0 -1 12,3 0.001 -1 -1 236.24 650 14,14 0.001 -1 0 13,15 0.001 -1 0 14,13 0.001 1 1 235.168 650 ::f,0,0 f,3,12 f,12,15 f,15,2 
293:2,2 0.001 -1 1 1,1 0.001 -1 -1 2,1 0.001 1 0 135.042 500 1,14 0.001 0 -1 2,13 0.001 1 -1 1,13 0.001 1 0 221.034 620 15,1 0.001 0 1 13,1 0.001 0 -1 12,3 0.001 -1 -1 236.242 650 13,14 0.001 -1 0 13,15 0.001 -1 0 14,13 0.001 0 1 245.169 665 ::f,0,0 f,3,14 f,12,14 f,15,2 
294:2,2 0.001 -1 0 1,1 0.001 -1 -1 2,1 0.001 1 0 145.042 515 1,14 0.001 1 -1 2,13 0.001 1 0 1,13 0.001 1 0 221.034 620 15,1 0.001 0 1 13,1 0.001 0 -1 12,3 0.001 0 -1 245.242 665 13,14 0.001 -1 0 12,15 0.001 -1 0 14,14 0.001 0 1 255.171 680 ::f,1,3 f,3,14 f,13,2 f,15,15 
295:1,2 0.001 -1 0 1,1 0.001 0 -1 2,1 0.001 1 1 145.043 515 1,14 0.001 1 -1 2,13 0.001 1 0 1,13 0.001 1 0 221.034 620 15,2 0.001 0 1 13,1 0.001 1 -1 12,2 0.001 0 -1 245.244 665 13,14 0.001 -1 -1 12,15 0.001 -1 -1 14,14 0.001 0 1 255.171 680 ::f,1,3 f,3,14 f,13,2 f,15,15 
296:1,2 0.001 -1 0 1,1 0.001 0 -1 2,1 0.001 1 1 145.043 515 1,14 0.001 1 0 2,13 0.001 1 1 1,13 0.001 1 1 221.034 620 15,2 0.001 0 1 13,1 0.001 1 -1 12,2 0.001 0 -1 245.244 665 13,14 0.001 -1 -1 12,15 0.001 -1 -1 14,14 0.001 -1 1 255.171 680 ::f,1,3 f,3,14 f,13,2 f,15,15 
297:1,2 0.001 -1 -1 1,1 0.001 1 -1 2,1 0.001 0 1 145.043 515 2,14 0.001 1 0 2,13 0.001 1 1 1,13 0.001 1 1 231.035 635 15,3 0.001 0 1 13,1 0.001 1 0 12,1 0.001 0 -1 245.246 665 13,14 0.001 0 -1 12,15 0.001 0 -1 14,14 0.001 -1 1 255.171 680 ::f,0,14 f,1,3 f,13,2 f,15,15 
298:1,2 0.001 -1 -1 1,1 0.001 1 -1 2,2 0.001 0 1 145.044 515 2,14 0.001 1 0 2,13 0.001 0 1 1,13 0.001 0 1 231.035 635 15,3 0.001 -1 1 14,1 0.001 1 0 12,1 0.001 0 -1 245.247 665 13,13 0.001 0 -1 12,14 0.001 0 -1 14,14 0.001 -1 0 255.173 680 ::f,0,14 f,1,3 f,13,2 f,15,15 
299:1,2 0.001 0 -1 1,1 0.001 1 0 2,2 0.001 0 1 145.044 515 2,14 0.001 1 1 2,13 0.001 0 1 1,13 0.001 0 1 231.035 635 15,3 0.001 -1 1 14,1 0.001 1 0 12,0 0.001 0 -1 245.248 665 13,13 0.001 0 -1 12,14 0.001 0 -1 13,14 0.001 -1 0 255.174 680 ::f,0,14 f,1,3 f,13,2 f,15,15 
