16
0:3,1 0.001 0 -1 3,0 0.003 1 1 1,2 0.002 1 0 0.002 50 0,14 0.001 1 0 3,14 0.003 0 1 2,13 0.002 0 1 0.002 50 12,2 0.001 0 -1 14,0 0.003 0 -1 13,0 0.002 1 0 0.003 50 13,14 0.001 0 1 12,14 0.003 -1 1 12,15 0.002 1 -1 0.001 50 ::f,1,14 f,2,1 f,13,15 f,15,3 
1:3,1 0.001 0 -1 3,0 0.001 1 1 1,2 0.001 1 0 0.002 50 0,14 0.001 1 0 3,14 0.001 0 1 2,13 0.001 0 1 0.0021 65 12,2 0.001 0 -1 14,0 0.003 1 -1 13,0 0.001 1 0 0.003 50 13,14 0.001 0 1 12,14 0.001 -1 1 12,15 0.001 1 -1 0.0011 65 ::f,1,12 f,2,1 f,12,13 f,15,3 
2:3,1 0.001 1 -1 3,0 0.001 0 1 1,2 0.001 1 1 0.002 50 0,14 0.001 1 1 3,14 0.001 -1 1 2,14 0.001 0 1 0.0031 65 12,1 0.001 0 -1 14,0 0.003 1 -1 13,0 0.001 1 1 0.004 50 13,14 0.002 0 1 12,14 0.001 -1 0 12,15 0.001 1 0 0.0011 61 :13,15 :f,1,12 f,2,1 f,12,13 f,15,3 
3:3,1 0.001 1 -1 3,0 0.001 0 1 1,2 0.001 1 1 0.002 50 0,14 0.001 1 1 3,14 0.001 -1 1 2,14 0.001 0 1 0.0031 65 12,1 0.001 0 -1 14,0 0.003 1 0 13,0 0.001 1 1 0.004 50 13,14 0.002 1 1 12,14 0.001 -1 0 12,15 0.001 1 0 0.0011 61 ::f,1,12 f,2,1 f,12,13 f,15,3 
4:3,1 0.001 1 0 3,0 0.001 -1 1 1,2 0.001 0 1 0.002 50 0,14 0.001 0 1 3,14 0.001 -1 0 2,15 0.001 0 1 0.0041 65 12,0 0.001 0 -1 15,0 0.003 1 0 13,0 0.001 0 1 0.006 50 13,14 0.002 1 1 12,14 0.001 -1 -1 12,15 0.001 1 1 0.0011 57 :14,15 :f,1,12 f,2,1 f,12,13 f,15,3 
5:3,1 0.001 1 0 3,0 0.001 -1 1 1,2 0.001 0 1 0.0021 65 0,14 0.001 0 1 3,14 0.001 -1 0 2,15 0.001 -1 1 0.0041 65 12,0 0.001 1 -1 15,0 0.003 1 1 13,0 0.001 0 1 0.006 50 13,14 0.002 1 0 12,14 0.001 -1 -1 12,15 0.001 1 1 0.0011 57 ::f,0,1 f,1,12 f,12,13 f,15,3 
6:3,1 0.001 1 1 3,0 0.001 -1 0 1,2 0.001 -1 1 0.0021 65 0,14 0.001 -1 1 3,14 0.001 -1 -1 2,15 0.001 -1 1 0.0041 65 12,0 0.001 1 -1 15,0 0.003 1 1 13,0 0.001 -1 1 0.006 50 13,14 0.002 1 0 12,14 0.001 0 -1 12,15 0.001 0 1 0.0011 53 :14,14 :f,0,1 f,1,12 f,12,13 f,15,3 
7:3,1 0.001 1 1 3,0 0.001 -1 0 1,2 0.001 -1 1 0.0021 65 0,14 0.001 -1 1 3,14 0.001 -1 -1 2,15 0.001 -1 0 0.0041 65 12,0 0.001 1 0 15,0 0.003 0 1 13,0 0.001 -1 1 0.006 50 13,14 0.002 1 -1 12,14 0.001 0 -1 12,15 0.001 0 1 0.0012 68 :15,14 :f,0,1 f,1,12 f,14,15 f,15,3 
8:3,1 0.001 0 1 3,0 0.001 -1 -1 1,2 0.001 -1 0 0.0021 65 0,14 0.001 -1 0 3,14 0.001 0 -1 1,15 0.001 -1 0 0.0051 65 12,0 0.001 1 0 15,1 0.003 0 1 13,0 0.001 -1 0 0.007 50 13,14 0.002 1 -1 12,14 0.001 1 -1 12,15 0.001 -1 1 0.0012 64 :14,13 :f,0,1 f,1,12 f,14,15 f,15,3 
9:3,1 0.001 0 1 3,0 0.001 -1 -1 1,2 0.001 -1 0 0.0021 65 0,14 0.001 -1 0 3,14 0.001 0 -1 1,15 0.001 -1 0 0.0051 65 12,0 0.001 1 0 15,1 0.001 0 1 13,0 0.001 -1 0 0.007 50 13,14 0.002 0 -1 12,14 0.001 1 -1 12,15 0.001 -1 1 0.0012 64 :15,12 :f,0,1 f,1,12 f,14,15 f,15,3 
10:3,1 0.001 -1 1 3,0 0.001 0 -1 1,2 0.001 -1 -1 0.0021 65 0,14 0.001 -1 -1 3,14 0.001 1 -1 0,15 0.001 -1 0 0.0061 65 12,0 0.001 1 0 15,2 0.001 0 1 13,0 0.001 -1 -1 0.008 50 13,14 0.001 0 -1 12,14 0.001 1 0 12,15 0.001 -1 0 0.0012 64 ::f,0,1 f,1,12 f,14,15 f,15,3 
11:3,1 0.001 -1 1 3,0 0.001 0 -1 1,2 0.001 -1 -1 0.0022 80 0,14 0.001 -1 -1 3,14 0.001 1 -1 0,15 0.001 -1 -1 0.0061 65 12,0 0.001 1 0 15,2 0.001 0 1 13,0 0.001 -1 -1 0.0081 65 13,14 0.002 0 -1 12,14 0.001 1 0 12,15 0.001 -1 0 0.0012 60 :13,13 :f,0,0 f,1,12 f,14,0 f,14,15 
12:3,1 0.001 -1 0 3,0 0.001 1 -1 1,2 0.001 0 -1 0.0022 80 0,14 0.001 0 -1 3,14 0.001 1 0 0,15 0.001 -1 -1 0.0061 65 12,0 0.001 1 0 15,3 0.001 0 1 13,0 0.001 0 -1 0.0091 65 13,14 0.002 -1 -1 12,14 0.001 1 1 12,15 0.001 -1 -1 0.0012 60 :13,12 :f,0,0 f,1,12 f,14,0 f,14,15 
13:3,1 0.001 -1 0 3,0 0.001 1 -1 1,1 0.001 0 -1 0.0032 80 0,13 0.001 0 -1 3,14 0.001 1 0 0,15 0.001 0 -1 0.0071 65 12,0 0.001 1 0 15,3 0.001 -1 1 13,0 0.001 0 -1 0.0091 65 13,14 0.001 -1 -1 12,14 0.001 1 1 12,15 0.001 -1 -1 0.0012 60 :13,11 :f,0,0 f,1,12 f,14,0 f,14,15 
14:3,1 0.001 -1 -1 3,0 0.001 1 0 1,1 0.001 0 -1 0.0032 80 0,13 0.001 0 -1 3,14 0.001 1 1 0,14 0.001 0 -1 0.0081 65 12,0 0.001 1 0 15,3 0.001 -1 1 13,0 0.001 1 -1 0.0091 65 13,14 0.002 -1 -1 12,14 0.001 0 1 12,15 0.001 0 -1 0.0012 56 :13,10 12,13 :f,0,0 f,1,12 f,14,0 f,14,15 
15:3,1 0.001 -1 -1 3,0 0.001 1 0 1,1 0.001 1 -1 0.0032 80 0,13 0.001 1 -1 3,14 0.001 1 1 0,14 0.001 0 -1 0.0081 65 12,0 0.001 1 0 15,3 0.001 -1 0 13,0 0.001 1 -1 0.0091 65 12,13 0.002 -1 -1 12,14 0.001 0 1 12,15 0.001 0 -1 0.0022 56 :13,9 11,12 :f,0,0 f,1,12 f,14,0 f,14,15 
16:3,1 0.001 0 -1 3,0 0.001 1 1 1,1 0.001 1 -1 0.0032 80 0,13 0.001 1 -1 3,14 0.001 0 1 0,14 0.001 0 -1 1.0082 80 12,0 0.001 1 0 14,3 0.001 -1 0 13,0 0.001 1 0 0.0101 65 12,13 0.001 -1 -1 12,14 0.001 -1 1 12,15 0.001 1 -1 0.0022 56 :13,8 10,11 :f,0,0 f,3,12 f,14,0 f,14,15 
17:3,1 0.001 0 -1 3,0 0.001 1 1 1,1 0.001 1 0 0.0032 80 0,13 0.001 1 0 3,14 0.001 0 1 0,14 0.001 0 -1 1.0082 80 12,0 0.001 1 0 14,3 0.001 -1 0 13,0 0.001 1 0 0.0101 65 12,13 0.002 -1 -1 12,14 0.001 -1 1 12,15 0.001 1 -1 0.0022 52 :13,7 9,10 11,12 :f,0,0 f,3,12 f,14,0 f,14,15 
18:3,1 0.001 1 -1 3,0 0.001 0 1 2,1 0.001 1 0 0.0042 80 1,13 0.001 1 0 3,14 0.001 -1 1 0,13 0.001 0 -1 1.0102 80 12,0 0.001 1 0 13,3 0.001 -1 0 13,0 0.001 1 0 0.0112 80 12,13 0.002 -1 -1 12,14 0.001 -1 0 12,15 0.001 1 0 0.0022 52 :13,6 8,9 10,11 :f,0,0 f,3,12 f,14,2 f,14,15 
19:3,1 0.001 1 -1 3,0 0.001 0 1 2,1 0.001 1 0 0.0042 80 1,13 0.001 1 0 3,14 0.001 -1 1 0,13 0.001 0 -1 1.0102 80 12,0 0.001 1 0 13,3 0.001 -1 0 13,0 0.001 1 1 0.0112 80 12,13 0.001 -1 -1 12,14 0.001 -1 0 12,15 0.001 1 0 0.0022 52 :13,5 7,8 9,10 :f,0,0 f,3,12 f,14,2 f,14,15 
20:3,1 0.001 1 0 3,0 0.001 0 1 2,1 0.001 1 1 0.0042 80 1,13 0.001 1 1 3,14 0.001 -1 0 0,12 0.001 0 -1 1.0112 80 12,0 0.001 1 0 12,3 0.001 -1 0 13,0 0.001 1 1 0.0122 80 12,13 0.002 -1 -1 12,14 0.001 -1 -1 12,15 0.001 1 1 0.0022 48 :13,4 6,7 8,9 11,12 :f,0,0 f,3,12 f,14,2 f,14,15 
21:3,1 0.001 1 0 3,0 0.001 -1 1 2,1 0.001 1 1 0.0042 80 1,13 0.001 1 1 2,14 0.001 -1 0 0,12 0.001 1 -1 1.0122 80 12,0 0.001 1 0 12,3 0.001 -1 -1 13,0 0.001 0 1 0.0122 80 12,13 0.002 -1 0 12,14 0.001 -1 -1 12,15 0.001 1 1 0.0022 48 :13,3 5,6 7,8 10,11 :f,0,0 f,3,12 f,14,2 f,14,15 
22:3,1 0.001 1 1 3,0 0.001 -1 1 2,1 0.001 0 1 0.0042 80 1,13 0.001 0 1 2,14 0.001 -1 0 0,12 0.001 1 -1 1.0122 80 12,0 0.001 1 0 12,3 0.001 -1 -1 13,1 0.001 0 1 0.0132 80 12,13 0.001 -1 0 12,14 0.001 0 -1 12,15 0.001 0 1 0.0022 48 :13,2 4,5 6,7 9,10 :f,0,0 f,3,12 f,14,2 f,14,15 
23:3,1 0.001 1 1 3,0 0.001 -1 0 2,1 0.001 0 1 0.0042 80 1,13 0.001 0 1 2,14 0.001 -1 -1 0,12 0.001 1 0 1.0122 80 12,0 0.001 1 0 12,3 0.001 0 -1 13,1 0.001 0 1 0.0132 80 12,13 0.002 -1 0 12,14 0.001 0 -1 12,15 0.001 0 1 0.0022 44 :13,1 3,4 5,6 8,9 11,13 :f,0,0 f,3,12 f,14,2 f,14,15 
24:3,1 0.001 0 1 3,0 0.001 -1 0 2,2 0.001 0 1 0.0052 80 1,13 0.001 -1 1 2,14 0.001 -1 -1 1,12 0.001 1 0 1.0132 80 13,0 0.001 1 0 12,2 0.001 0 -1 13,1 0.001 -1 1 0.0152 80 12,13 0.002 -1 0 12,14 0.001 0 -1 12,15 0.001 -1 1 3.0022 44 :2,3 4,5 7,8 10,13 :f,0,0 f,3,12 f,14,2 f,14,15 
25:3,1 0.001 0 1 3,0 0.001 -1 -1 2,2 0.001 0 1 0.0052 80 1,13 0.001 -1 1 2,14 0.001 -1 -1 2,12 0.001 1 0 1.0142 80 13,0 0.001 1 0 12,2 0.001 0 -1 13,1 0.001 -1 1 0.0152 80 12,13 0.001 -1 0 12,14 0.001 1 -1 12,15 0.001 -1 1 3.0022 44 :1,2 3,4 6,7 9,13 :f,0,0 f,3,12 f,14,2 f,14,15 
26:3,1 0.001 -1 1 3,0 0.001 -1 -1 2,2 0.001 -1 1 0.0052 80 1,13 0.001 -1 0 2,14 0.001 0 -1 2,12 0.001 1 0 1.0143 95 14,0 0.001 1 0 12,1 0.001 0 -1 13,1 0.001 -1 0 0.0172 80 12,13 0.002 -1 0 12,14 0.001 1 -1 12,15 0.001 -1 0 3.0022 40 :0,1 2,3 5,6 8,13 11,13 :f,0,0 f,3,14 f,14,2 f,14,15 
27:3,1 0.001 -1 1 3,0 0.001 0 -1 2,2 0.001 -1 1 0.0052 80 1,13 0.001 -1 0 2,13 0.001 0 -1 3,12 0.001 1 0 1.0163 95 14,0 0.001 1 0 12,1 0.001 0 -1 13,1 0.001 -1 0 0.0172 80 12,13 0.002 -1 1 12,14 0.001 1 0 12,15 0.001 -1 0 3.0022 40 :1,2 4,5 7,13 10,13 :f,0,0 f,3,14 f,14,2 f,14,15 
28:3,1 0.001 -1 0 3,0 0.001 0 -1 2,2 0.001 -1 0 0.0052 80 1,13 0.001 -1 -1 2,13 0.001 0 -1 3,12 0.001 1 1 1.0163 95 15,0 0.001 1 0 12,0 0.001 0 -1 13,1 0.001 -1 -1 0.0192 80 12,13 0.001 -1 1 12,14 0.001 1 0 12,15 0.001 -1 -1 3.0022 40 :0,1 3,4 6,13 9,13 :f,0,0 f,3,14 f,14,2 f,14,15 
29:3,1 0.001 -1 0 3,0 0.001 1 -1 2,2 0.001 -1 0 0.0052 80 1,13 0.001 -1 -1 2,13 0.001 1 -1 3,12 0.001 1 1 1.0163 95 15,0 0.001 1 1 12,0 0.001 1 -1 13,1 0.001 -1 -1 0.0192 80 12,13 0.002 -1 1 12,14 0.001 1 1 12,15 0.001 -1 -1 3.0022 36 :2,3 5,13 8,13 11,14 :f,0,0 f,3,14 f,14,2 f,14,15 
30:3,1 0.001 -1 -1 3,0 0.001 1 -1 2,2 0.001 -1 -1 0.0052 80 1,13 0.001 0 -1 2,13 0.001 1 -1 3,12 0.001 0 1 1.0163 95 15,0 0.001 1 1 12,0 0.001 1 -1 13,1 0.001 0 -1 0.0192 80 12,13 0.002 -1 1 12,14 0.001 1 1 12,15 0.001 0 -1 3.0022 36 :1,2 4,13 7,13 10,15 :f,0,0 f,3,14 f,14,2 f,14,15 
31:3,1 0.001 -1 -1 3,0 0.001 1 0 1,1 0.001 -1 -1 0.0062 80 1,13 0.001 0 -1 2,13 0.001 1 0 3,13 0.001 0 1 1.0173 95 15,0 0.001 0 1 12,0 0.001 1 0 13,1 0.001 0 -1 0.0192 80 12,13 0.001 -1 1 12,14 0.001 0 1 12,15 0.001 0 -1 3.0022 36 :0,1 3,13 6,13 :f,0,0 f,3,14 f,14,2 f,14,15 
32:3,1 0.001 0 -1 3,0 0.001 1 0 1,1 0.001 -1 -1 1.0063 95 1,13 0.001 1 -1 2,13 0.001 1 0 3,13 0.001 0 1 2.0174 110 15,1 0.001 0 1 13,0 0.001 1 0 13,1 0.001 1 -1 0.0212 80 12,13 0.002 -1 1 12,14 0.001 0 1 12,15 0.001 1 -1 6.0022 32 :5,13 11,14 :f,0,1 f,0,13 f,14,2 f,14,15 
33:3,1 0.001 0 -1 3,0 0.001 1 1 1,1 0.001 0 -1 1.0063 95 1,13 0.001 1 -1 2,13 0.001 1 0 3,14 0.001 0 1 2.0184 110 15,1 0.001 0 1 13,0 0.001 1 0 13,1 0.001 1 -1 0.0212 80 12,13 0.002 0 1 12,14 0.001 -1 1 12,15 0.001 1 -1 6.0022 32 :4,13 10,15 :f,0,1 f,0,13 f,14,2 f,14,15 
34:3,1 0.001 1 -1 3,0 0.001 1 1 1,1 0.001 0 -1 1.0063 95 1,13 0.001 1 0 2,13 0.001 1 0 3,14 0.001 0 1 2.0184 110 15,2 0.001 0 1 14,0 0.001 1 0 13,1 0.001 1 0 0.0232 80 12,13 0.001 0 1 12,14 0.001 -1 1 12,15 0.001 1 0 6.0022 32 :3,13 :f,0,1 f,0,13 f,14,2 f,14,15 
35:3,1 0.001 1 -1 3,0 0.001 0 1 1,1 0.001 1 -1 1.0063 95 1,13 0.001 1 0 2,13 0.001 1 1 3,15 0.001 0 1 2.0194 110 15,2 0.001 0 1 14,0 0.001 1 0 14,1 0.001 1 0 0.0242 80 12,13 0.002 0 1 12,14 0.001 -1 0 12,15 0.001 1 0 6.0022 28 :2,13 12,14 :f,0,1 f,0,13 f,14,2 f,14,15 
36:3,1 0.001 1 0 3,0 0.001 0 1 1,1 0.001 1 -1 1.0063 95 1,13 0.001 1 0 2,13 0.001 1 1 3,15 0.001 -1 1 2.0194 110 15,3 0.001 0 1 15,0 0.001 1 0 14,1 0.001 1 0 0.0262 80 12,13 0.002 1 1 12,14 0.001 -1 0 12,15 0.001 1 1 9.0022 28 ::f,0,1 f,0,13 f,14,2 f,14,15 
37:3,1 0.001 1 0 3,0 0.001 0 1 1,1 0.001 1 0 1.0063 95 1,13 0.001 1 1 2,13 0.001 0 1 3,15 0.001 -1 1 2.0194 110 15,3 0.001 -1 1 15,0 0.001 1 1 14,1 0.001 1 1 0.0262 80 12,13 0.002 1 1 12,14 0.001 -1 -1 12,15 0.001 1 1 9.0022 24 :13,14 :f,0,1 f,0,13 f,14,2 f,14,15 
38:3,1 0.001 1 1 3,0 0.001 -1 1 2,1 0.001 1 0 1.0073 95 2,14 0.001 1 1 2,13 0.001 0 1 3,15 0.001 -1 0 2.0204 110 15,3 0.001 -1 1 15,0 0.001 1 1 14,1 0.001 1 1 0.0262 80 13,14 0.002 1 1 12,14 0.001 -1 -1 12,15 0.001 0 1 9.0032 24 :14,15 :f,0,1 f,0,13 f,14,2 f,14,15 
39:3,1 0.001 1 1 3,0 0.001 -1 1 2,1 0.001 1 0 1.0073 95 2,14 0.001 1 1 2,13 0.001 -1 1 2,15 0.001 -1 0 2.0214 110 15,3 0.001 -1 0 15,0 0.001 0 1 14,1 0.001 0 1 0.0262 80 13,14 0.001 1 1 12,14 0.001 0 -1 12,15 0.001 0 1 9.0033 39 ::f,0,1 f,0,13 f,14,2 f,14,12 
40:3,1 0.001 0 1 3,0 0.001 -1 0 2,1 0.001 1 1 1.0073 95 2,14 0.001 0 1 2,13 0.001 -1 1 2,15 0.001 -1 0 2.0214 110 14,3 0.001 -1 0 15,1 0.001 0 1 14,1 0.001 0 1 0.0282 80 13,14 0.002 1 1 12,13 0.001 0 -1 12,15 0.001 -1 1 9.0043 35 :14,15 :f,0,1 f,0,13 f,14,2 f,14,12 
41:3,1 0.001 0 1 3,0 0.001 -1 0 2,1 0.001 1 1 1.0073 95 2,14 0.001 0 1 2,13 0.001 -1 0 1,15 0.001 -1 0 2.0224 110 14,3 0.001 -1 0 15,1 0.001 0 1 14,1 0.001 0 1 1.0283 95 13,14 0.002 1 0 12,13 0.001 0 -1 12,15 0.001 -1 1 9.0043 35 ::f,0,1 f,0,13 f,12,0 f,14,12 
42:3,1 0.001 -1 1 3,0 0.001 -1 -1 2,1 0.001 0 1 1.0073 95 2,14 0.001 -1 1 1,13 0.001 -1 0 1,15 0.001 -1 0 2.0234 110 13,3 0.001 -1 0 15,2 0.001 0 1 14,1 0.001 -1 1 1.0303 95 13,14 0.002 1 0 12,13 0.001 1 -1 12,15 0.001 -1 0 9.0043 31 :14,14 :f,0,1 f,0,13 f,12,0 f,14,12 
43:3,1 0.001 -1 1 3,0 0.001 -1 -1 2,1 0.001 0 1 1.0073 95 2,14 0.001 -1 1 1,13 0.001 -1 0 0,15 0.001 -1 0 2.0245 125 13,3 0.001 -1 0 15,2 0.001 0 1 14,1 0.001 -1 0 1.0303 95 14,14 0.002 1 0 12,13 0.001 1 -1 12,15 0.001 -1 0 9.0053 31 :15,14 :f,0,1 f,3,14 f,12,0 f,14,12 
44:3,1 0.001 -1 0 3,0 0.001 0 -1 2,1 0.001 -1 1 1.0073 95 2,14 0.001 -1 0 1,13 0.001 -1 -1 0,15 0.001 -1 -1 2.0245 125 12,3 0.001 -1 0 15,3 0.001 0 1 14,1 0.001 -1 0 1.0323 95 14,14 0.001 1 0 12,13 0.001 1 0 12,15 0.001 -1 -1 9.0053 31 ::f,0,1 f,3,14 f,12,0 f,14,12 
45:3,1 0.001 -1 0 3,0 0.001 0 -1 2,1 0.001 -1 1 1.0073 95 1,14 0.001 -1 0 1,13 0.001 -1 -1 0,15 0.001 -1 -1 2.0255 125 12,3 0.001 -1 -1 15,3 0.001 -1 1 14,1 0.001 -1 -1 1.0323 95 14,14 0.002 1 0 13,13 0.001 1 0 12,15 0.001 -1 -1 9.0063 27 :15,14 :f,0,1 f,3,14 f,12,0 f,14,12 
46:3,1 0.001 -1 -1 3,0 0.001 1 -1 2,1 0.001 -1 0 1.0073 95 1,14 0.001 -1 0 1,13 0.001 0 -1 0,15 0.001 0 -1 2.0255 125 12,3 0.001 -1 -1 15,3 0.001 -1 1 14,1 0.001 -1 -1 1.0323 95 14,14 0.002 1 -1 13,13 0.001 1 0 12,15 0.001 0 -1 9.0063 27 ::f,0,1 f,3,14 f,12,0 f,14,12 
47:3,1 0.001 -1 -1 3,0 0.001 1 -1 1,1 0.001 -1 0 1.0083 95 1,14 0.001 -1 -1 1,13 0.001 0 -1 0,14 0.001 0 -1 2.0265 125 12,3 0.001 0 -1 15,3 0.001 -1 0 14,1 0.001 0 -1 1.0323 95 14,14 0.002 1 -1 14,13 0.001 1 0 12,15 0.001 0 -1 9.0073 23 :15,13 :f,0,1 f,3,14 f,12,0 f,14,12 
48:3,1 0.001 0 -1 3,0 0.001 1 0 1,1 0.001 -1 0 3.0084 110 1,14 0.001 -1 -1 1,13 0.001 1 -1 0,14 0.001 0 -1 2.0265 125 12,2 0.001 0 -1 14,3 0.001 -1 0 14,1 0.001 0 -1 1.0343 95 14,14 0.002 0 -1 14,13 0.001 1 0 12,15 0.001 1 -1 9.0073 23 ::f,0,0 f,3,14 f,12,0 f,14,12 
49:3,1 0.001 0 -1 3,0 0.001 1 0 1,1 0.001 -1 -1 3.0084 110 1,14 0.001 0 -1 1,13 0.001 1 -1 0,13 0.001 0 -1 2.0275 125 12,1 0.001 0 -1 14,3 0.001 -1 0 14,1 0.001 1 -1 1.0353 95 14,14 0.002 0 -1 14,13 0.001 1 1 12,15 0.001 1 -1 9.0073 23 ::f,0,0 f,3,14 f,12,0 f,14,12 
50:3,1 0.001 1 -1 3,0 0.001 1 1 1,1 0.001 -1 -1 6.0085 125 1,14 0.001 0 -1 1,13 0.001 1 0 0,13 0.001 0 -1 2.0275 125 12,1 0.001 0 -1 13,3 0.001 -1 0 14,1 0.001 1 -1 1.0364 110 14,14 0.001 0 -1 14,13 0.001 1 1 12,15 0.001 1 0 9.0073 23 ::f,2,3 f,3,14 f,14,0 f,14,12 
51:3,1 0.001 1 -1 3,0 0.001 1 1 1,1 0.001 0 -1 6.0085 125 1,14 0.001 0 -1 2,13 0.001 1 0 0,12 0.001 0 -1 2.0295 125 12,0 0.001 0 -1 13,3 0.001 -1 0 14,1 0.001 1 0 1.0374 110 14,14 0.002 0 -1 14,13 0.001 0 1 12,15 0.001 1 0 9.0073 19 :14,13 :f,2,3 f,3,14 f,14,0 f,14,12 
52:3,1 0.001 1 0 3,0 0.001 0 1 1,1 0.001 0 -1 6.0085 125 1,14 0.001 1 -1 2,13 0.001 1 0 0,12 0.001 1 -1 2.0295 125 12,0 0.001 1 -1 12,3 0.001 -1 0 14,1 0.001 1 0 1.0384 110 14,14 0.002 -1 -1 14,13 0.001 0 1 12,15 0.001 1 1 9.0073 19 ::f,2,3 f,3,14 f,14,0 f,14,12 
53:3,1 0.001 1 0 3,0 0.001 0 1 1,1 0.001 1 -1 6.0085 125 1,14 0.001 1 -1 2,13 0.001 1 1 0,12 0.001 1 -1 2.0295 125 12,0 0.001 1 -1 12,3 0.001 -1 -1 14,1 0.001 1 1 1.0384 110 14,14 0.002 -1 -1 14,13 0.001 -1 1 12,15 0.001 1 1 9.0073 15 :13,13 :f,2,3 f,3,14 f,14,0 f,14,12 
54:3,1 0.001 1 1 3,0 0.001 0 1 1,1 0.001 1 -1 6.0085 125 1,14 0.001 1 0 2,13 0.001 1 1 0,12 0.001 1 0 3.0296 140 12,0 0.001 1 0 12,3 0.001 -1 -1 14,1 0.001 1 1 1.0384 110 13,13 0.002 -1 -1 13,14 0.001 -1 1 12,15 0.001 0 1 9.0093 15 :12,12 :f,1,13 f,2,3 f,14,0 f,14,12 
55:3,1 0.001 1 1 3,0 0.001 -1 1 1,1 0.001 1 0 6.0085 125 1,14 0.001 1 0 2,13 0.001 0 1 1,12 0.001 1 0 3.0306 140 13,0 0.001 1 0 12,3 0.001 0 -1 14,1 0.001 0 1 1.0394 110 13,13 0.001 -1 -1 13,14 0.001 -1 1 12,15 0.001 0 1 9.0093 15 :11,11 :f,1,13 f,2,3 f,14,0 f,14,12 
56:3,1 0.001 0 1 3,0 0.001 -1 1 2,1 0.001 1 0 6.0095 125 1,14 0.001 1 1 2,14 0.001 0 1 1,12 0.001 1 0 3.0316 140 13,0 0.001 1 0 12,2 0.001 0 -1 14,2 0.001 0 1 2.0415 125 13,13 0.002 -1 -1 13,14 0.001 -1 0 12,15 0.001 -1 1 9.0093 11 :10,10 12,12 :f,1,13 f,2,3 f,14,12 f,15,0 
57:3,1 0.001 0 1 3,0 0.001 -1 0 2,1 0.001 1 0 6.0095 125 1,14 0.001 1 1 2,14 0.001 0 1 2,12 0.001 1 0 3.0326 140 14,0 0.001 1 0 12,2 0.001 0 -1 14,2 0.001 0 1 2.0425 125 12,12 0.002 -1 -1 13,14 0.001 -1 0 12,15 0.001 -1 1 9.0103 11 :9,9 11,11 :f,1,13 f,2,3 f,14,12 f,15,0 
58:3,1 0.001 -1 1 3,0 0.001 -1 0 2,1 0.001 1 1 6.0095 125 1,14 0.001 0 1 2,14 0.001 -1 1 2,12 0.001 1 0 3.0326 140 14,0 0.001 1 0 12,2 0.001 0 -1 14,2 0.001 -1 1 4.0426 140 12,12 0.001 -1 -1 13,14 0.001 -1 -1 12,15 0.001 -1 0 9.0103 11 :8,8 10,10 :f,1,13 f,2,3 f,12,1 f,14,12 
59:3,1 0.001 -1 1 3,0 0.001 -1 -1 2,1 0.001 1 1 6.0095 125 1,14 0.001 0 1 2,14 0.001 -1 1 3,12 0.001 1 0 3.0336 140 15,0 0.001 1 0 12,2 0.001 0 -1 14,2 0.001 -1 1 5.0437 155 12,12 0.002 -1 -1 13,14 0.001 -1 -1 12,15 0.001 -1 0 9.0103 7 :7,7 9,9 11,11 :f,1,13 f,2,3 f,12,0 f,14,12 
60:3,1 0.001 -1 0 3,0 0.001 -1 -1 2,1 0.001 0 1 6.0095 125 1,14 0.001 -1 1 2,14 0.001 -1 0 3,12 0.001 1 1 3.0336 140 15,0 0.001 1 1 12,1 0.001 0 -1 14,2 0.001 -1 0 5.0447 155 12,12 0.002 -1 0 13,14 0.001 0 -1 12,15 0.001 -1 -1 9.0103 7 :6,6 8,8 10,10 :f,1,13 f,2,3 f,12,0 f,14,12 
61:3,1 0.001 -1 0 3,0 0.001 0 -1 2,2 0.001 0 1 6.0105 125 1,14 0.001 -1 1 2,14 0.001 -1 0 3,12 0.001 1 1 3.0336 140 15,0 0.001 1 1 12,1 0.001 0 -1 14,2 0.001 -1 0 7.0448 170 12,12 0.001 -1 0 13,13 0.001 0 -1 12,15 0.001 -1 -1 9.0113 7 :5,5 7,7 9,9 :f,1,13 f,2,3 f,13,2 f,14,12 
62:3,1 0.001 -1 -1 3,0 0.001 0 -1 2,2 0.001 0 1 10.0106 140 1,14 0.001 -1 0 2,14 0.001 -1 0 3,12 0.001 0 1 3.0336 140 15,0 0.001 0 1 12,0 0.001 0 -1 14,2 0.001 -1 0 9.0459 185 12,12 0.002 -1 0 13,13 0.001 0 -1 12,15 0.001 0 -1 9.0113 3 :4,4 6,6 8,8 11,12 :f,1,13 f,3,2 f,14,1 f,14,12 
63:3,1 0.001 -1 -1 3,0 0.001 1 -1 2,2 0.001 -1 1 10.0106 140 1,14 0.001 -1 0 2,14 0.001 -1 -1 3,13 0.001 0 1 3.0346 140 15,1 0.001 0 1 12,0 0.001 1 -1 14,2 0.001 -1 -1 9.0469 185 12,12 0.002 -1 1 13,13 0.001 1 -1 12,15 0.001 1 -1 9.0113 3 :3,3 5,5 7,7 10,12 :f,1,13 f,3,2 f,14,1 f,14,12 
64:3,1 0.001 0 -1 3,0 0.001 1 -1 2,2 0.001 -1 1 10.0106 140 1,14 0.001 -1 -1 2,14 0.001 -1 -1 3,13 0.001 0 1 5.0347 155 15,1 0.001 0 1 12,0 0.001 1 -1 13,1 0.001 -1 -1 9.0479 185 12,12 0.001 -1 1 13,13 0.001 1 -1 13,14 0.001 1 -1 10.0124 18 :2,2 4,4 6,6 9,12 :f,0,15 f,3,2 f,12,14 f,14,1 
65:3,1 0.001 0 -1 3,0 0.001 1 0 2,2 0.001 -1 0 10.0106 140 1,14 0.001 -1 -1 2,14 0.001 0 -1 3,14 0.001 0 1 5.0357 155 15,2 0.001 0 1 12,0 0.001 1 0 13,1 0.001 -1 -1 9.0489 185 12,12 0.002 -1 1 13,13 0.001 1 0 13,14 0.001 1 -1 13.0124 14 :3,3 5,5 8,12 11,13 :f,0,15 f,3,2 f,12,14 f,14,1 
66:3,1 0.001 1 -1 3,0 0.001 1 0 1,2 0.001 -1 0 10.0116 140 1,14 0.001 0 -1 2,14 0.001 0 -1 3,14 0.001 0 1 5.0357 155 15,2 0.001 0 1 13,0 0.001 1 0 13,1 0.001 0 -1 9.0499 185 12,12 0.002 -1 1 14,13 0.001 1 0 13,14 0.001 1 0 13.0134 14 :2,2 4,4 7,12 10,14 :f,0,15 f,3,2 f,12,14 f,14,1 
67:3,1 0.001 1 -1 3,0 0.001 1 1 1,2 0.001 -1 0 10.0116 140 1,13 0.001 0 -1 2,14 0.001 1 -1 3,15 0.001 0 1 5.0377 155 15,3 0.001 0 1 13,0 0.001 1 0 13,1 0.001 0 -1 9.0509 185 12,12 0.001 -1 1 14,13 0.001 1 0 13,14 0.001 1 0 13.0134 14 :1,1 3,3 6,12 9,15 :f,0,15 f,3,2 f,12,14 f,14,1 
68:3,1 0.001 1 0 3,0 0.001 1 1 1,2 0.001 -1 -1 10.0116 140 1,13 0.001 0 -1 2,14 0.001 1 -1 3,15 0.001 -1 1 5.0377 155 15,3 0.001 -1 1 14,0 0.001 1 0 13,1 0.001 1 -1 9.0519 185 12,12 0.002 -1 1 14,13 0.001 1 1 13,14 0.001 1 1 13.0134 10 :0,0 2,2 5,12 11,13 :f,0,15 f,3,2 f,12,14 f,14,1 
69:3,1 0.001 1 0 3,0 0.001 0 1 1,2 0.001 -1 -1 10.0116 140 1,13 0.001 1 -1 3,13 0.001 1 -1 3,15 0.001 -1 1 5.0387 155 15,3 0.001 -1 1 14,0 0.001 1 0 13,1 0.001 1 -1 9.0519 185 12,12 0.002 0 1 14,13 0.001 1 1 13,14 0.001 1 1 13.0134 10 :1,1 4,12 10,14 :f,0,15 f,3,2 f,12,14 f,14,1 
70:3,1 0.001 1 1 3,0 0.001 0 1 1,2 0.001 0 -1 10.0116 140 1,13 0.001 1 -1 3,13 0.001 1 -1 3,15 0.001 -1 0 5.0387 155 15,3 0.001 -1 0 15,0 0.001 1 0 13,1 0.001 1 0 9.0529 185 12,12 0.001 0 1 14,13 0.001 0 1 13,14 0.001 0 1 13.0134 10 :0,0 3,12 9,15 :f,0,15 f,3,2 f,12,14 f,14,1 
71:3,1 0.001 1 1 3,0 0.001 0 1 1,1 0.001 0 -1 10.0126 140 1,13 0.001 1 0 3,13 0.001 1 0 2,15 0.001 -1 0 5.0397 155 14,3 0.001 -1 0 15,0 0.001 1 1 13,1 0.001 1 0 9.0539 185 12,12 0.002 0 1 14,14 0.001 0 1 13,14 0.001 0 1 13.0144 6 :2,12 12,13 :f,0,15 f,3,2 f,12,14 f,14,1 
72:3,1 0.001 0 1 3,0 0.001 -1 1 1,1 0.001 0 -1 10.0126 140 2,13 0.001 1 0 3,13 0.001 1 0 1,15 0.001 -1 0 5.0417 155 14,3 0.001 -1 0 15,0 0.001 1 1 13,1 0.001 1 0 12.054 200 12,12 0.002 1 1 14,14 0.001 0 1 13,14 0.001 -1 1 13.0144 6 :1,12 12,14 :f,0,15 f,3,2 f,12,14 f,14,0 
73:3,1 0.001 0 1 3,0 0.001 -1 1 1,1 0.001 1 -1 10.0127 155 2,13 0.001 1 0 3,13 0.001 1 1 1,15 0.001 -1 0 7.0418 170 13,3 0.001 -1 0 15,0 0.001 0 1 13,1 0.001 1 1 12.055 200 12,12 0.001 1 1 14,14 0.001 -1 1 13,14 0.001 -1 1 13.0144 6 :0,12 12,15 :f,1,14 f,2,2 f,12,14 f,14,0 
74:3,1 0.001 -1 1 3,0 0.001 -1 0 1,1 0.001 1 -1 10.0127 155 2,13 0.001 1 1 3,13 0.001 1 1 0,15 0.001 -1 0 7.0428 170 13,3 0.001 -1 0 15,1 0.001 0 1 13,1 0.001 1 1 12.056 200 12,12 0.002 1 1 14,14 0.001 -1 1 13,14 0.001 -1 0 13.0144 2 :13,13 :f,1,14 f,2,2 f,12,14 f,14,0 
75:3,1 0.001 -1 1 3,0 0.001 -1 0 1,1 0.001 1 0 11.0128 170 2,13 0.001 1 1 3,13 0.001 0 1 0,15 0.001 -1 -1 7.0428 170 12,3 0.001 -1 0 15,1 0.001 0 1 13,1 0.001 0 1 12.057 200 12,12 0.002 1 0 14,14 0.001 -1 0 13,14 0.001 -1 -1 13.0144 2 :14,14 :f,1,14 f,3,2 f,12,14 f,14,0 
76:3,1 0.001 -1 0 3,0 0.001 -1 -1 2,1 0.001 1 0 11.0138 170 2,13 0.001 0 1 3,14 0.001 0 1 0,15 0.001 -1 -1 7.0438 170 12,3 0.001 -1 -1 15,2 0.001 0 1 13,1 0.001 0 1 12.058 200 12,12 0.001 1 0 14,14 0.001 -1 0 13,14 0.001 -1 -1 13.0144 2 ::f,1,14 f,3,2 f,12,14 f,14,0 
77:3,1 0.001 -1 0 3,0 0.001 -1 -1 2,1 0.001 1 0 11.0138 170 2,14 0.001 0 1 3,14 0.001 0 1 0,15 0.001 0 -1 7.0448 170 12,3 0.001 -1 -1 15,2 0.001 0 1 13,1 0.001 -1 1 12.058 200 12,12 0.002 1 0 14,14 0.001 -1 0 13,14 0.001 0 -1 13.0144 2 ::f,1,14 f,3,2 f,12,14 f,14,0 
78:3,1 0.001 -1 -1 3,0 0.001 0 -1 2,1 0.001 1 1 11.0138 170 2,14 0.001 0 1 3,14 0.001 -1 1 0,14 0.001 0 -1 7.0458 170 12,3 0.001 0 -1 15,3 0.001 0 1 13,1 0.001 -1 1 12.059 200 12,12 0.002 1 -1 14,14 0.001 -1 -1 13,14 0.001 0 -1 13.0144 2 ::f,1,14 f,3,2 f,12,14 f,14,0 
79:3,1 0.001 -1 -1 3,0 0.001 0 -1 2,1 0.001 1 1 16.0139 185 2,14 0.001 -1 1 3,14 0.001 -1 1 0,14 0.001 0 -1 7.0458 170 12,2 0.001 0 -1 15,3 0.001 -1 1 13,1 0.001 -1 0 12.06 200 12,12 0.002 1 -1 13,13 0.001 -1 -1 13,14 0.001 1 -1 13.0154 2 ::f,0,2 f,1,14 f,12,14 f,14,0 
80:3,1 0.001 0 -1 3,0 0.001 1 -1 2,1 0.001 0 1 16.0139 185 2,14 0.001 -1 1 3,14 0.001 -1 0 0,13 0.001 0 -1 7.0468 170 12,2 0.001 0 -1 15,3 0.001 -1 1 13,1 0.001 -1 0 12.06 200 12,12 0.002 0 -1 13,13 0.001 -1 -1 13,14 0.001 1 -1 13.0154 2 ::f,0,2 f,1,14 f,12,14 f,14,0 
81:3,1 0.001 0 -1 3,0 0.001 1 -1 2,2 0.001 0 1 16.0149 185 2,14 0.001 -1 0 3,14 0.001 -1 0 0,13 0.001 0 -1 7.0468 170 12,1 0.001 0 -1 15,3 0.001 -1 0 13,1 0.001 -1 -1 12.061 200 12,12 0.002 0 -1 13,13 0.001 0 -1 13,14 0.001 1 0 13.0154 2 ::f,0,2 f,1,14 f,12,14 f,14,0 
82:3,1 0.001 1 -1 3,0 0.001 1 0 2,2 0.001 0 1 16.0149 185 2,14 0.001 -1 0 3,14 0.001 -1 0 0,12 0.001 0 -1 7.0478 170 12,1 0.001 0 -1 14,3 0.001 -1 0 13,1 0.001 -1 -1 12.062 200 12,12 0.002 -1 -1 13,13 0.001 0 -1 13,14 0.001 1 0 13.0154 2 ::f,0,2 f,1,14 f,12,14 f,14,0 
83:3,1 0.001 1 -1 3,0 0.001 1 0 2,2 0.001 -1 1 16.0149 185 2,14 0.001 -1 0 3,14 0.001 -1 -1 0,12 0.001 1 -1 9.0479 185 12,0 0.001 0 -1 14,3 0.001 -1 0 13,1 0.001 0 -1 12.063 200 12,12 0.002 -1 -1 13,13 0.001 1 -1 13,14 0.001 1 1 13.0154 2 ::f,0,2 f,2,13 f,12,14 f,14,0 
84:3,1 0.001 1 0 3,0 0.001 1 1 2,2 0.001 -1 1 16.0149 185 2,14 0.001 -1 -1 3,14 0.001 0 -1 0,12 0.001 1 -1 9.0479 185 12,0 0.001 1 -1 13,3 0.001 -1 0 13,1 0.001 0 -1 12.064 200 12,12 0.002 -1 0 13,13 0.001 1 -1 13,14 0.001 1 1 13.0154 2 ::f,0,2 f,2,13 f,12,14 f,14,0 
85:3,1 0.001 1 0 3,0 0.001 1 1 2,2 0.001 -1 0 16.0149 185 1,13 0.001 -1 -1 3,14 0.001 0 -1 0,12 0.001 1 0 9.0489 185 12,0 0.001 1 -1 13,3 0.001 -1 0 13,1 0.001 1 -1 12.064 200 12,12 0.002 -1 0 13,13 0.001 1 0 13,14 0.001 0 1 13.0154 2 ::f,0,2 f,2,13 f,12,14 f,14,0 
86:3,1 0.001 1 1 3,0 0.001 0 1 1,2 0.001 -1 0 16.0159 185 1,13 0.001 -1 -1 3,14 0.001 1 -1 1,12 0.001 1 0 9.0499 185 12,0 0.001 1 0 12,3 0.001 -1 0 13,1 0.001 1 -1 16.0651 215 12,12 0.002 -1 1 14,13 0.001 1 0 13,14 0.001 0 1 13.0164 2 ::f,0,2 f,2,13 f,12,1 f,12,14 
87:3,1 0.001 1 1 3,0 0.001 0 1 1,2 0.001 -1 0 22.016 200 1,13 0.001 0 -1 3,14 0.001 1 -1 1,12 0.001 1 0 9.0499 185 13,0 0.001 1 0 12,3 0.001 -1 -1 13,1 0.001 1 0 16.0661 215 12,12 0.002 -1 1 14,13 0.001 1 0 13,14 0.001 -1 1 13.0164 2 ::f,2,13 f,3,2 f,12,1 f,12,14 
88:3,1 0.001 0 1 3,0 0.001 0 1 1,2 0.001 -1 -1 22.016 200 1,13 0.001 0 -1 3,14 0.001 1 0 2,12 0.001 1 0 9.0509 185 13,0 0.001 1 0 12,3 0.001 -1 -1 14,1 0.001 1 0 16.0671 215 12,12 0.002 0 1 14,13 0.001 1 1 13,14 0.001 -1 1 13.0164 2 ::f,2,13 f,3,2 f,12,1 f,12,14 
89:3,1 0.001 0 1 3,0 0.001 0 1 1,2 0.001 -1 -1 24.0161 215 1,13 0.001 1 -1 3,14 0.001 1 0 2,12 0.001 1 0 9.0509 185 14,0 0.001 1 0 12,3 0.001 0 -1 14,1 0.001 1 0 16.0681 215 12,13 0.002 0 1 14,13 0.001 1 1 13,14 0.001 -1 0 13.0174 2 ::f,1,3 f,2,13 f,12,1 f,12,14 
90:3,1 0.001 -1 1 3,0 0.001 -1 1 1,2 0.001 0 -1 24.0161 215 1,13 0.001 1 -1 3,14 0.001 1 1 3,12 0.001 1 0 9.0519 185 14,0 0.001 1 0 12,2 0.001 0 -1 14,1 0.001 1 1 16.0691 215 12,13 0.001 0 1 14,13 0.001 0 1 12,14 0.001 -1 0 13.0185 17 ::f,1,3 f,2,13 f,12,1 f,12,12 
91:3,1 0.001 -1 1 2,1 0.001 -1 1 1,1 0.001 0 -1 24.0181 215 1,13 0.001 1 0 3,14 0.001 1 1 3,12 0.001 1 1 9.0519 185 15,0 0.001 1 0 12,2 0.001 0 -1 14,1 0.001 1 1 19.0702 230 12,13 0.002 0 1 14,14 0.001 0 1 12,14 0.001 -1 0 13.0195 13 :12,14 :f,1,3 f,2,13 f,12,12 f,13,0 
92:3,1 0.001 -1 0 2,1 0.001 -1 1 1,1 0.001 0 -1 24.0181 215 1,13 0.001 1 0 3,14 0.001 0 1 3,12 0.001 1 1 9.0519 185 15,0 0.001 1 1 12,1 0.001 0 -1 14,1 0.001 0 1 19.0712 230 12,13 0.002 1 1 14,14 0.001 0 1 12,14 0.001 -1 -1 13.0195 13 ::f,1,3 f,2,13 f,12,12 f,13,0 
93:3,1 0.001 -1 0 2,1 0.001 -1 0 1,1 0.001 1 -1 24.0181 215 1,13 0.001 1 0 3,14 0.001 0 1 3,12 0.001 0 1 12.052 200 15,0 0.001 1 1 12,1 0.001 0 -1 14,2 0.001 0 1 19.0722 230 12,13 0.002 1 1 14,14 0.001 -1 1 12,14 0.001 -1 -1 13.0195 9 :13,14 :f,1,3 f,2,14 f,12,12 f,13,0 
94:3,1 0.001 -1 -1 2,1 0.001 -1 0 1,1 0.001 1 -1 24.0181 215 1,13 0.001 1 1 3,14 0.001 -1 1 3,13 0.001 0 1 12.053 200 15,0 0.001 0 1 12,0 0.001 0 -1 14,2 0.001 0 1 19.0732 230 13,14 0.002 1 1 14,14 0.001 -1 1 12,14 0.001 0 -1 13.0205 9 :14,15 :f,1,3 f,2,14 f,12,12 f,13,0 
95:3,1 0.001 -1 -1 2,1 0.001 -1 -1 1,1 0.001 1 0 24.0181 215 1,13 0.001 1 1 3,14 0.001 -1 1 3,13 0.001 0 1 16.0531 215 15,1 0.001 0 1 12,0 0.001 1 -1 14,2 0.001 -1 1 19.0742 230 13,14 0.001 1 1 14,14 0.001 -1 0 12,14 0.001 0 -1 13.0205 9 ::f,0,14 f,1,3 f,12,12 f,13,0 
96:2,0 0.001 -1 -1 2,1 0.001 -1 -1 1,1 0.001 1 0 24.0191 215 1,13 0.001 0 1 3,14 0.001 -1 0 3,13 0.001 0 1 16.0531 215 15,1 0.001 0 1 12,0 0.001 1 -1 14,2 0.001 -1 1 19.0742 230 13,14 0.002 1 1 14,14 0.001 -1 0 12,14 0.001 1 -1 13.0205 5 :14,15 :f,0,14 f,1,3 f,12,12 f,13,0 
97:2,0 0.001 -1 -1 2,1 0.001 0 -1 1,1 0.001 1 0 24.0191 215 1,13 0.001 0 1 2,14 0.001 -1 0 3,13 0.001 0 1 16.0541 215 15,2 0.001 0 1 12,0 0.001 1 0 14,2 0.001 -1 0 19.0752 230 13,14 0.002 1 0 14,14 0.001 -1 0 12,14 0.001 1 -1 13.0205 5 ::f,0,14 f,1,3 f,12,12 f,13,0 
98:2,0 0.001 -1 -1 2,1 0.001 0 -1 1,1 0.001 1 1 24.0191 215 1,13 0.001 -1 1 1,14 0.001 -1 0 3,14 0.001 0 1 16.0561 215 15,2 0.001 0 1 12,0 0.001 1 0 13,2 0.001 -1 0 19.0762 230 13,14 0.002 1 0 14,14 0.001 -1 -1 12,14 0.001 1 0 13.0205 1 :14,14 :f,0,14 f,1,3 f,12,12 f,13,0 
99:2,0 0.001 -1 -1 2,1 0.001 1 -1 1,1 0.001 1 1 24.0191 215 1,13 0.001 -1 1 1,14 0.001 -1 0 3,14 0.001 0 1 21.0562 230 15,3 0.001 0 1 12,0 0.001 1 0 13,2 0.001 -1 0 23.0773 245 13,14 0.002 1 -1 14,14 0.001 -1 -1 12,14 0.001 1 1 13.0205 1 ::f,1,3 f,3,13 f,12,12 f,13,1 
100:2,0 0.001 -1 -1 2,1 0.001 1 -1 1,1 0.001 0 1 24.0191 215 1,13 0.001 -1 0 1,14 0.001 -1 -1 3,15 0.001 0 1 21.0572 230 15,3 0.001 -1 1 13,0 0.001 1 0 13,2 0.001 -1 -1 23.0783 245 13,14 0.002 1 -1 14,14 0.001 0 -1 12,14 0.001 1 1 13.0205 1 ::f,1,3 f,3,13 f,12,12 f,13,1 
101:2,0 0.001 -1 -1 2,1 0.001 1 0 1,2 0.001 0 1 24.0201 215 1,13 0.001 -1 0 1,14 0.001 -1 -1 3,15 0.001 -1 1 21.0572 230 15,3 0.001 -1 1 13,0 0.001 1 0 13,2 0.001 -1 -1 23.0783 245 13,14 0.002 0 -1 14,14 0.001 0 -1 12,14 0.001 0 1 13.0205 1 ::f,1,3 f,3,13 f,12,12 f,13,1 
102:2,0 0.001 -1 -1 2,1 0.001 1 0 1,2 0.001 0 1 31.0202 230 1,13 0.001 -1 -1 1,14 0.001 0 -1 3,15 0.001 -1 1 21.0572 230 15,3 0.001 -1 0 14,0 0.001 1 0 13,2 0.001 0 -1 23.0793 245 13,14 0.002 0 -1 14,14 0.001 1 -1 12,14 0.001 0 1 13.0205 1 ::f,3,0 f,3,13 f,12,12 f,13,1 
103:2,0 0.001 -1 -1 2,1 0.001 1 1 1,2 0.001 -1 1 31.0202 230 1,13 0.001 -1 -1 1,14 0.001 0 -1 3,15 0.001 -1 0 21.0572 230 14,3 0.001 -1 0 14,0 0.001 1 0 13,2 0.001 0 -1 23.0803 245 13,14 0.002 -1 -1 14,14 0.001 1 -1 12,14 0.001 -1 1 13.0205 1 ::f,3,0 f,3,13 f,12,12 f,13,1 
104:2,0 0.001 -1 -1 2,1 0.001 1 1 1,2 0.001 -1 1 31.0202 230 1,13 0.001 0 -1 1,14 0.001 0 -1 2,15 0.001 -1 0 21.0582 230 14,3 0.001 -1 0 15,0 0.001 1 0 13,2 0.001 0 -1 28.0814 260 13,14 0.002 -1 -1 14,14 0.001 1 0 12,14 0.001 -1 1 13.0205 1 ::f,3,0 f,3,13 f,12,12 f,15,2 
105:2,0 0.001 -1 -1 2,1 0.001 0 1 1,2 0.001 -1 0 31.0202 230 1,13 0.001 0 -1 1,14 0.001 1 -1 2,15 0.001 -1 0 21.0582 230 13,3 0.001 -1 0 15,0 0.001 1 1 13,2 0.001 1 -1 28.0824 260 13,14 0.002 -1 0 14,14 0.001 1 0 12,14 0.001 -1 0 13.0205 1 ::f,3,0 f,3,13 f,12,12 f,15,2 
106:2,0 0.001 -1 -1 2,2 0.001 0 1 1,2 0.001 -1 0 31.0212 230 1,13 0.001 1 -1 1,14 0.001 1 -1 1,15 0.001 -1 0 21.0592 230 13,3 0.001 -1 0 15,0 0.001 1 1 14,1 0.001 1 -1 28.0834 260 13,14 0.002 -1 1 14,14 0.001 1 1 12,14 0.001 -1 0 13.0205 1 ::f,3,0 f,3,13 f,12,12 f,15,2 
107:2,0 0.001 -1 -1 2,2 0.001 0 1 1,2 0.001 -1 -1 31.0212 230 1,13 0.001 1 -1 1,14 0.001 1 0 1,15 0.001 -1 0 21.0592 230 12,3 0.001 -1 0 15,0 0.001 0 1 14,1 0.001 1 -1 28.0844 260 13,14 0.002 -1 1 14,14 0.001 1 1 12,14 0.001 -1 -1 13.0205 1 ::f,3,0 f,3,13 f,12,12 f,15,2 
108:2,0 0.001 -1 -1 2,2 0.001 -1 1 1,2 0.001 -1 -1 31.0212 230 1,13 0.001 1 0 1,14 0.001 1 0 0,15 0.001 -1 0 21.0602 230 12,3 0.001 -1 -1 15,1 0.001 0 1 14,1 0.001 1 0 28.0854 260 13,14 0.002 0 1 14,14 0.001 0 1 12,14 0.001 -1 -1 13.0205 1 ::f,3,0 f,3,13 f,12,12 f,15,2 
109:2,0 0.001 -1 -1 2,2 0.001 -1 1 1,2 0.001 0 -1 31.0212 230 2,13 0.001 1 0 1,14 0.001 1 1 0,15 0.001 -1 -1 21.0612 230 12,3 0.001 -1 -1 15,1 0.001 0 1 14,1 0.001 1 0 33.0855 275 13,14 0.002 0 1 14,14 0.001 0 1 12,14 0.001 0 -1 13.0205 1 ::f,3,0 f,3,13 f,12,12 f,13,0 
110:2,0 0.001 -1 -1 2,2 0.001 -1 0 1,1 0.001 0 -1 31.0222 230 2,13 0.001 1 0 1,14 0.001 1 1 0,15 0.001 -1 -1 27.0613 245 12,3 0.001 0 -1 15,2 0.001 0 1 14,1 0.001 1 1 33.0865 275 13,14 0.002 1 1 14,14 0.001 -1 1 12,14 0.001 0 -1 13.0205 1 ::f,2,12 f,3,0 f,12,12 f,13,0 
111:2,0 0.001 -1 -1 1,2 0.001 -1 0 1,1 0.001 0 -1 31.0232 230 2,13 0.001 1 1 1,14 0.001 0 1 0,15 0.001 0 -1 27.0613 245 12,2 0.001 0 -1 15,2 0.001 0 1 14,1 0.001 1 1 33.0875 275 13,14 0.002 1 1 14,14 0.001 -1 1 12,14 0.001 1 -1 13.0205 1 ::f,2,12 f,3,0 f,12,12 f,13,0 
112:2,0 0.001 -1 -1 1,2 0.001 -1 0 1,1 0.001 1 -1 31.0232 230 2,13 0.001 1 1 1,14 0.001 0 1 0,14 0.001 0 -1 27.0623 245 12,2 0.001 0 -1 15,3 0.001 0 1 14,1 0.001 0 1 33.0885 275 13,14 0.002 1 0 14,14 0.001 -1 0 12,14 0.001 1 -1 13.0205 1 ::f,2,12 f,3,0 f,12,12 f,13,0 
113:2,0 0.001 -1 -1 1,2 0.001 -1 -1 1,1 0.001 1 -1 31.0232 230 2,13 0.001 0 1 1,14 0.001 -1 1 0,14 0.001 0 -1 27.0623 245 12,1 0.001 0 -1 15,3 0.001 -1 1 14,2 0.001 0 1 33.0905 275 13,14 0.002 1 0 14,14 0.001 -1 0 12,14 0.001 1 0 13.0205 1 ::f,2,12 f,3,0 f,12,12 f,13,0 
114:2,0 0.001 -1 -1 1,2 0.001 -1 -1 1,1 0.001 1 0 31.0232 230 2,14 0.001 0 1 1,14 0.001 -1 1 0,13 0.001 0 -1 27.0643 245 12,1 0.001 0 -1 15,3 0.001 -1 1 14,2 0.001 0 1 33.0905 275 13,14 0.001 1 0 14,14 0.001 -1 0 12,14 0.001 1 0 13.0205 1 ::f,2,12 f,3,0 f,12,12 f,13,0 
115:2,0 0.001 -1 -1 1,2 0.001 0 -1 2,1 0.001 1 0 31.0242 230 2,14 0.001 0 1 1,14 0.001 -1 0 0,13 0.001 0 -1 27.0643 245 12,0 0.001 0 -1 15,3 0.001 -1 0 14,2 0.001 -1 1 33.0915 275 13,14 0.002 1 0 14,14 0.001 -1 -1 12,14 0.001 1 1 13.0205 1 ::f,2,12 f,3,0 f,12,12 f,13,0 
116:2,0 0.001 -1 -1 1,1 0.001 0 -1 2,1 0.001 1 0 31.0252 230 2,14 0.001 -1 1 1,14 0.001 -1 0 0,12 0.001 0 -1 27.0653 245 12,0 0.001 1 -1 14,3 0.001 -1 0 14,2 0.001 -1 1 33.0925 275 13,14 0.002 1 -1 14,14 0.001 -1 -1 12,14 0.001 1 1 13.0205 1 ::f,2,12 f,3,0 f,12,12 f,13,0 
117:2,0 0.001 -1 -1 1,1 0.001 0 -1 2,1 0.001 1 1 31.0252 230 2,14 0.001 -1 1 1,14 0.001 -1 -1 0,12 0.001 1 -1 27.0653 245 12,0 0.001 1 -1 14,3 0.001 -1 0 14,2 0.001 -1 0 33.0925 275 13,14 0.002 1 -1 14,14 0.001 0 -1 12,14 0.001 0 1 13.0205 1 ::f,2,12 f,3,0 f,12,12 f,13,0 
118:2,0 0.001 -1 -1 1,1 0.001 1 -1 2,1 0.001 1 1 31.0252 230 2,14 0.001 -1 0 1,14 0.001 -1 -1 0,12 0.001 1 -1 27.0653 245 12,0 0.001 1 0 13,3 0.001 -1 0 13,2 0.001 -1 0 33.0945 275 13,14 0.002 0 -1 14,14 0.001 0 -1 12,14 0.001 0 1 13.0205 1 ::f,2,12 f,3,0 f,12,12 f,13,0 
119:2,0 0.001 -1 -1 1,1 0.001 1 -1 2,1 0.001 0 1 31.0252 230 2,14 0.001 -1 0 1,14 0.001 0 -1 0,12 0.001 1 0 27.0653 245 12,0 0.001 1 0 13,3 0.001 -1 0 13,2 0.001 -1 0 33.0945 275 13,14 0.002 0 -1 14,14 0.001 1 -1 12,14 0.001 -1 1 13.0205 1 ::f,2,12 f,3,0 f,12,12 f,13,0 
120:2,0 0.001 -1 -1 1,1 0.001 1 0 2,2 0.001 0 1 31.0262 230 2,14 0.001 -1 0 1,13 0.001 0 -1 1,12 0.001 1 0 27.0673 245 12,0 0.001 1 0 12,3 0.001 -1 0 13,2 0.001 -1 -1 36.0956 290 13,14 0.002 -1 -1 14,14 0.001 1 -1 12,14 0.001 -1 1 13.0205 1 ::f,2,12 f,3,0 f,12,12 f,15,1 
121:2,0 0.001 -1 -1 2,1 0.001 1 0 2,2 0.001 0 1 31.0272 230 2,14 0.001 -1 -1 1,13 0.001 0 -1 1,12 0.001 1 0 30.0674 260 13,0 0.001 1 0 12,3 0.001 -1 -1 13,2 0.001 -1 -1 36.0966 290 13,14 0.002 -1 -1 14,14 0.001 1 0 12,14 0.001 -1 0 13.0205 1 ::f,2,13 f,3,0 f,12,12 f,15,1 
122:2,0 0.001 -1 -1 2,1 0.001 1 0 2,2 0.001 -1 1 31.0272 230 2,14 0.001 -1 -1 1,13 0.001 1 -1 2,12 0.001 1 0 30.0684 260 13,0 0.001 1 0 12,3 0.001 -1 -1 13,2 0.001 0 -1 36.0966 290 13,14 0.002 -1 0 14,14 0.001 1 0 12,14 0.001 -1 0 13.0205 1 ::f,2,13 f,3,0 f,12,12 f,15,1 
123:2,0 0.001 -1 -1 2,1 0.001 1 1 2,2 0.001 -1 1 31.0272 230 2,14 0.001 0 -1 1,13 0.001 1 -1 2,12 0.001 1 0 30.0684 260 14,0 0.001 1 0 12,3 0.001 0 -1 13,1 0.001 0 -1 36.0986 290 13,14 0.002 -1 1 14,14 0.001 1 1 12,14 0.001 -1 -1 13.0205 1 ::f,2,13 f,3,0 f,12,12 f,15,1 
124:2,0 0.001 -1 -1 2,1 0.001 1 1 2,2 0.001 -1 0 31.0272 230 2,14 0.001 0 -1 1,13 0.001 1 0 3,12 0.001 1 0 30.0694 260 14,0 0.001 1 0 12,2 0.001 0 -1 13,1 0.001 0 -1 36.0996 290 13,14 0.002 -1 1 14,14 0.001 1 1 12,14 0.001 -1 -1 13.0205 1 ::f,2,13 f,3,0 f,12,12 f,15,1 
125:2,0 0.001 -1 -1 2,1 0.001 0 1 1,2 0.001 -1 0 31.0282 230 2,14 0.001 0 -1 2,13 0.001 1 0 3,12 0.001 1 1 37.0705 275 15,0 0.001 1 0 12,2 0.001 0 -1 13,1 0.001 1 -1 36.1006 290 13,14 0.002 0 1 14,14 0.001 0 1 12,14 0.001 0 -1 13.0205 1 ::f,1,14 f,3,0 f,12,12 f,15,1 
126:2,0 0.001 -1 -1 2,2 0.001 0 1 1,2 0.001 -1 0 31.0292 230 2,14 0.001 1 -1 2,13 0.001 1 0 3,12 0.001 1 1 37.0705 275 15,0 0.001 1 1 12,1 0.001 0 -1 13,1 0.001 1 -1 36.1016 290 13,14 0.002 0 1 14,14 0.001 0 1 12,14 0.001 0 -1 13.0205 1 ::f,1,14 f,3,0 f,12,12 f,15,1 
127:2,0 0.001 -1 -1 2,2 0.001 0 1 1,2 0.001 -1 -1 31.0292 230 2,14 0.001 1 -1 2,13 0.001 1 1 3,12 0.001 0 1 37.0705 275 15,0 0.001 1 1 12,1 0.001 0 -1 13,1 0.001 1 0 36.1016 290 13,14 0.002 1 1 14,14 0.001 -1 1 12,14 0.001 1 -1 13.0205 1 ::f,1,14 f,3,0 f,12,12 f,15,1 
128:2,0 0.001 -1 -1 2,2 0.001 -1 1 1,2 0.001 -1 -1 31.0292 230 2,14 0.001 1 0 2,13 0.001 1 1 3,13 0.001 0 1 37.0715 275 15,0 0.001 0 1 12,0 0.001 0 -1 14,1 0.001 1 0 36.1036 290 13,14 0.002 1 1 14,14 0.001 -1 1 12,14 0.001 1 -1 13.0205 1 ::f,1,14 f,3,0 f,12,12 f,15,1 
129:2,0 0.001 -1 -1 2,2 0.001 -1 1 1,2 0.001 0 -1 31.0292 230 2,14 0.001 1 0 2,13 0.001 0 1 3,13 0.001 0 1 37.0715 275 15,0 0.001 0 1 12,0 0.001 1 -1 14,1 0.001 1 0 42.1037 305 13,14 0.002 1 0 14,14 0.001 -1 0 12,14 0.001 1 0 13.0205 1 ::f,1,14 f,3,0 f,12,12 f,14,3 
130:2,0 0.001 -1 -1 2,2 0.001 -1 0 1,1 0.001 0 -1 31.0302 230 2,14 0.001 1 1 2,13 0.001 0 1 3,14 0.001 0 1 37.0725 275 15,0 0.001 0 1 12,0 0.001 1 -1 14,1 0.001 1 1 42.1037 305 13,14 0.002 1 0 14,14 0.001 -1 0 12,14 0.001 1 0 13.0205 1 ::f,1,14 f,3,0 f,12,12 f,14,3 
131:2,0 0.001 -1 -1 1,2 0.001 -1 0 1,1 0.001 0 -1 31.0312 230 2,14 0.001 1 1 2,13 0.001 0 1 3,14 0.001 0 1 37.0725 275 15,1 0.001 0 1 12,0 0.001 1 0 14,1 0.001 1 1 42.1047 305 13,14 0.001 1 0 14,14 0.001 -1 0 12,14 0.001 1 1 13.0205 1 ::f,1,14 f,3,0 f,12,12 f,14,3 
132:2,0 0.001 -1 -1 1,2 0.001 -1 0 1,1 0.001 1 -1 31.0312 230 2,14 0.001 0 1 2,13 0.001 -1 1 3,15 0.001 0 1 37.0735 275 15,1 0.001 0 1 13,0 0.001 1 0 14,1 0.001 0 1 42.1057 305 13,14 0.002 1 0 14,14 0.001 -1 -1 12,14 0.001 1 1 13.0205 1 ::f,1,14 f,3,0 f,12,12 f,14,3 
133:2,0 0.001 -1 -1 1,2 0.001 -1 -1 1,1 0.001 1 -1 31.0312 230 2,14 0.001 0 1 2,13 0.001 -1 1 3,15 0.001 -1 1 40.0736 290 15,2 0.001 0 1 13,0 0.001 1 0 14,2 0.001 0 1 42.1077 305 13,14 0.002 1 -1 14,14 0.001 -1 -1 12,14 0.001 0 1 13.0205 1 ::f,1,15 f,3,0 f,12,12 f,14,3 
134:2,0 0.001 -1 -1 1,2 0.001 -1 -1 1,1 0.001 1 0 31.0312 230 2,14 0.001 -1 1 2,13 0.001 -1 0 3,15 0.001 -1 1 40.0736 290 15,2 0.001 0 1 14,0 0.001 1 0 14,2 0.001 0 1 49.1088 320 13,14 0.002 1 -1 14,14 0.001 0 -1 12,14 0.001 0 1 13.0205 1 ::f,1,15 f,3,0 f,12,3 f,12,12 
135:2,0 0.001 -1 -1 1,2 0.001 0 -1 2,1 0.001 1 0 31.0322 230 2,14 0.001 -1 1 2,13 0.001 -1 0 3,15 0.001 -1 0 48.0737 305 15,3 0.001 0 1 14,0 0.001 1 0 14,2 0.001 -1 1 49.1098 320 13,14 0.002 0 -1 14,14 0.001 0 -1 12,14 0.001 -1 1 13.0205 1 ::f,0,15 f,3,0 f,12,3 f,12,12 
136:2,0 0.001 -1 -1 1,1 0.001 0 -1 2,1 0.001 1 0 31.0332 230 2,14 0.001 -1 0 2,13 0.001 -1 -1 2,15 0.001 -1 0 48.0747 305 15,3 0.001 -1 1 15,0 0.001 1 0 14,2 0.001 -1 1 49.1108 320 13,14 0.002 0 -1 14,14 0.001 1 -1 12,14 0.001 -1 1 13.0205 1 ::f,0,15 f,3,0 f,12,3 f,12,12 
137:2,0 0.001 -1 -1 1,1 0.001 0 -1 2,1 0.001 1 1 31.0332 230 1,14 0.001 -1 0 2,13 0.001 -1 -1 1,15 0.001 -1 0 48.0767 305 15,3 0.001 -1 1 15,0 0.001 1 1 14,2 0.001 -1 0 49.1108 320 13,14 0.002 -1 -1 14,14 0.001 1 -1 12,14 0.001 -1 0 13.0205 1 ::f,0,15 f,3,0 f,12,3 f,12,12 
138:2,0 0.001 -1 -1 1,1 0.001 1 -1 2,1 0.001 1 1 31.0332 230 1,14 0.001 -1 0 2,13 0.001 0 -1 1,15 0.001 -1 0 52.0768 320 15,3 0.001 -1 0 15,0 0.001 1 1 13,2 0.001 -1 0 49.1118 320 13,14 0.002 -1 -1 14,14 0.001 1 0 12,14 0.001 -1 0 13.0205 1 ::f,3,0 f,3,13 f,12,3 f,12,12 
139:2,0 0.001 -1 -1 1,1 0.001 1 -1 2,1 0.001 0 1 31.0332 230 1,14 0.001 -1 -1 2,13 0.001 0 -1 0,15 0.001 -1 0 52.0778 320 14,3 0.001 -1 0 15,0 0.001 0 1 13,2 0.001 -1 0 49.1128 320 13,14 0.002 -1 0 14,14 0.001 1 0 12,14 0.001 -1 -1 13.0205 1 ::f,3,0 f,3,13 f,12,3 f,12,12 
140:2,0 0.001 -1 -1 1,1 0.001 1 0 2,2 0.001 0 1 31.0342 230 1,14 0.001 -1 -1 2,13 0.001 1 -1 0,15 0.001 -1 -1 52.0778 320 13,3 0.001 -1 0 15,1 0.001 0 1 13,2 0.001 -1 -1 49.1148 320 13,14 0.002 -1 1 14,14 0.001 1 1 12,14 0.001 -1 -1 13.0205 1 ::f,3,0 f,3,13 f,12,3 f,12,12 
141:2,0 0.001 -1 -1 2,1 0.001 1 0 2,2 0.001 0 1 31.0352 230 1,14 0.001 0 -1 2,13 0.001 1 -1 0,15 0.001 -1 -1 52.0778 320 13,3 0.001 -1 0 15,1 0.001 0 1 13,2 0.001 -1 -1 61.115 350 13,14 0.002 -1 1 14,14 0.001 1 1 12,14 0.001 0 -1 13.0205 1 ::f,3,0 f,3,13 f,12,1 f,12,12 
142:2,0 0.001 -1 -1 2,1 0.001 1 0 2,2 0.001 -1 1 31.0352 230 1,13 0.001 0 -1 2,13 0.001 1 0 0,15 0.001 0 -1 52.0788 320 12,3 0.001 -1 0 15,2 0.001 0 1 13,2 0.001 0 -1 61.117 350 13,14 0.002 0 1 14,14 0.001 0 1 12,14 0.001 0 -1 13.0205 1 ::f,3,0 f,3,13 f,12,1 f,12,12 
143:2,0 0.001 -1 -1 2,1 0.001 1 1 2,2 0.001 -1 1 31.0352 230 1,13 0.001 0 -1 2,13 0.001 1 0 0,15 0.001 0 -1 56.0789 335 12,3 0.001 -1 -1 15,2 0.001 0 1 13,1 0.001 0 -1 61.118 350 13,14 0.002 0 1 14,14 0.001 0 1 12,14 0.001 1 -1 13.0205 1 ::f,0,14 f,3,0 f,12,1 f,12,12 
144:2,0 0.001 -1 -1 2,1 0.001 1 1 2,2 0.001 -1 0 31.0352 230 1,13 0.001 1 -1 2,13 0.001 1 1 0,15 0.001 0 -1 61.079 350 12,3 0.001 -1 -1 15,3 0.001 0 1 13,1 0.001 0 -1 61.119 350 13,14 0.002 1 1 14,14 0.001 -1 1 12,14 0.001 1 -1 13.0205 1 ::f,2,12 f,3,0 f,12,1 f,12,12 
145:2,0 0.001 -1 -1 2,1 0.001 0 1 1,2 0.001 -1 0 31.0362 230 1,13 0.001 1 -1 2,13 0.001 1 1 0,14 0.001 0 -1 70.0801 365 12,3 0.001 0 -1 15,3 0.001 -1 1 13,1 0.001 1 -1 61.119 350 13,14 0.002 1 1 14,14 0.001 -1 1 12,14 0.001 1 0 13.0205 1 ::f,1,12 f,3,0 f,12,1 f,12,12 
146:2,0 0.001 -1 -1 2,2 0.001 0 1 1,2 0.001 -1 0 31.0372 230 1,13 0.001 1 0 2,13 0.001 0 1 0,14 0.001 0 -1 70.0801 365 12,2 0.001 0 -1 15,3 0.001 -1 1 13,1 0.001 1 -1 61.12 350 13,14 0.002 1 0 14,14 0.001 -1 0 12,14 0.001 1 0 13.0205 1 ::f,1,12 f,3,0 f,12,1 f,12,12 
147:2,0 0.001 -1 -1 2,2 0.001 0 1 1,2 0.001 -1 -1 31.0372 230 1,13 0.001 1 0 2,14 0.001 0 1 0,13 0.001 0 -1 70.0821 365 12,2 0.001 0 -1 15,3 0.001 -1 0 13,1 0.001 1 0 66.1201 365 13,14 0.002 1 0 14,14 0.001 -1 0 12,14 0.001 1 1 13.0205 1 ::f,1,12 f,3,0 f,12,12 f,15,0 
148:2,0 0.001 -1 -1 2,2 0.001 -1 1 1,2 0.001 -1 -1 31.0372 230 1,13 0.001 1 0 2,14 0.001 0 1 0,13 0.001 0 -1 70.0821 365 12,1 0.001 0 -1 14,3 0.001 -1 0 14,1 0.001 1 0 66.1231 365 13,14 0.001 1 0 14,14 0.001 -1 0 12,14 0.001 1 1 13.0205 1 ::f,1,12 f,3,0 f,12,12 f,15,0 
149:2,0 0.001 -1 -1 2,2 0.001 -1 1 1,2 0.001 0 -1 31.0372 230 1,13 0.001 1 1 2,14 0.001 -1 1 0,12 0.001 0 -1 70.0831 365 12,1 0.001 0 -1 14,3 0.001 -1 0 14,1 0.001 1 0 66.1231 365 13,14 0.002 1 0 14,14 0.001 -1 -1 12,14 0.001 0 1 13.0205 1 ::f,1,12 f,3,0 f,12,12 f,15,0 
150:2,0 0.001 -1 -1 2,2 0.001 -1 0 1,1 0.001 0 -1 31.0382 230 1,13 0.001 1 1 2,14 0.001 -1 1 0,12 0.001 1 -1 70.0831 365 12,0 0.001 0 -1 13,3 0.001 -1 0 14,1 0.001 1 1 66.1251 365 13,14 0.002 1 -1 14,14 0.001 -1 -1 12,14 0.001 0 1 13.0205 1 ::f,1,12 f,3,0 f,12,12 f,15,0 
151:2,0 0.001 -1 -1 1,2 0.001 -1 0 1,1 0.001 0 -1 31.0392 230 1,13 0.001 0 1 2,14 0.001 -1 0 0,12 0.001 1 -1 70.0831 365 12,0 0.001 1 -1 13,3 0.001 -1 0 14,1 0.001 1 1 66.1251 365 13,14 0.002 1 -1 14,14 0.001 0 -1 12,14 0.001 -1 1 13.0205 1 ::f,1,12 f,3,0 f,12,12 f,15,0 
152:2,0 0.001 -1 -1 1,2 0.001 -1 0 1,1 0.001 1 -1 31.0392 230 1,13 0.001 0 1 1,14 0.001 -1 0 0,12 0.001 1 0 70.0841 365 12,0 0.001 1 -1 12,3 0.001 -1 0 14,1 0.001 0 1 66.1261 365 13,14 0.002 0 -1 14,14 0.001 0 -1 12,14 0.001 -1 1 13.0205 1 ::f,1,12 f,3,0 f,12,12 f,15,0 
153:2,0 0.001 -1 -1 1,2 0.001 -1 -1 1,1 0.001 1 -1 31.0392 230 1,13 0.001 -1 1 1,14 0.001 -1 0 0,12 0.001 1 0 70.0841 365 12,0 0.001 1 0 12,3 0.001 -1 -1 14,2 0.001 0 1 66.1271 365 13,14 0.002 0 -1 14,14 0.001 1 -1 12,14 0.001 -1 0 13.0205 1 ::f,1,12 f,3,0 f,12,12 f,15,0 
154:2,0 0.001 -1 -1 1,2 0.001 -1 -1 1,1 0.001 1 0 31.0392 230 1,13 0.001 -1 1 1,14 0.001 -1 -1 0,12 0.001 1 0 76.0842 380 13,0 0.001 1 0 12,3 0.001 -1 -1 14,2 0.001 0 1 66.1281 365 13,14 0.002 -1 -1 14,14 0.001 1 -1 12,14 0.001 -1 0 13.0205 1 ::f,2,13 f,3,0 f,12,12 f,15,0 
155:2,0 0.001 -1 -1 1,2 0.001 0 -1 2,1 0.001 1 0 31.0402 230 1,13 0.001 -1 0 1,14 0.001 -1 -1 1,12 0.001 1 0 76.0852 380 14,0 0.001 1 0 12,3 0.001 0 -1 14,2 0.001 -1 1 66.1291 365 13,14 0.002 -1 -1 14,14 0.001 1 0 12,14 0.001 -1 -1 13.0205 1 ::f,2,13 f,3,0 f,12,12 f,15,0 
156:2,0 0.001 -1 -1 1,1 0.001 0 -1 2,1 0.001 1 0 31.0412 230 1,13 0.001 -1 0 1,14 0.001 0 -1 1,12 0.001 1 0 76.0852 380 14,0 0.001 1 0 12,2 0.001 0 -1 14,2 0.001 -1 1 72.1302 380 13,14 0.002 -1 0 14,14 0.001 1 0 12,14 0.001 -1 -1 13.0205 1 ::f,2,13 f,3,0 f,12,1 f,12,12 
157:2,0 0.001 -1 -1 1,1 0.001 0 -1 2,1 0.001 1 1 31.0412 230 1,13 0.001 -1 -1 1,14 0.001 0 -1 2,12 0.001 1 0 76.0862 380 15,0 0.001 1 0 12,2 0.001 0 -1 14,2 0.001 -1 0 78.1313 395 13,14 0.002 -1 1 14,14 0.001 1 1 12,14 0.001 0 -1 13.0205 1 ::f,2,13 f,3,0 f,12,0 f,12,12 
158:2,0 0.001 -1 -1 1,1 0.001 1 -1 2,1 0.001 1 1 31.0412 230 1,13 0.001 -1 -1 1,14 0.001 0 -1 2,12 0.001 1 0 76.0862 380 15,0 0.001 1 1 12,1 0.001 0 -1 13,2 0.001 -1 0 78.1333 395 13,14 0.002 -1 1 14,14 0.001 1 1 12,14 0.001 0 -1 13.0205 1 ::f,2,13 f,3,0 f,12,0 f,12,12 
159:2,0 0.001 -1 -1 1,1 0.001 1 -1 2,1 0.001 0 1 31.0412 230 1,13 0.001 0 -1 1,14 0.001 1 -1 3,12 0.001 1 0 76.0872 380 15,0 0.001 1 1 12,1 0.001 0 -1 13,2 0.001 -1 0 85.1334 410 13,14 0.002 0 1 14,14 0.001 0 1 12,14 0.001 1 -1 13.0205 1 ::f,2,13 f,3,0 f,12,0 f,12,12 
160:2,0 0.001 -1 -1 1,1 0.001 1 0 2,2 0.001 0 1 31.0422 230 1,13 0.001 0 -1 1,14 0.001 1 -1 3,12 0.001 1 1 76.0872 380 15,0 0.001 0 1 12,1 0.001 0 -1 13,2 0.001 -1 -1 85.1334 410 13,14 0.002 0 1 14,14 0.001 0 1 12,14 0.001 1 -1 13.0205 1 ::f,2,13 f,3,0 f,12,0 f,12,12 
161:2,0 0.001 -1 -1 2,1 0.001 1 0 2,2 0.001 0 1 31.0432 230 1,13 0.001 1 -1 1,14 0.001 1 -1 3,12 0.001 1 1 81.0873 395 15,1 0.001 0 1 12,1 0.001 1 -1 13,2 0.001 -1 -1 85.1344 410 13,14 0.002 1 1 14,14 0.001 -1 1 12,14 0.001 1 0 13.0205 1 ::f,2,13 f,3,0 f,12,0 f,12,12 
162:2,0 0.001 -1 -1 2,1 0.001 1 0 2,2 0.001 -1 1 31.0432 230 1,13 0.001 1 -1 1,14 0.001 1 0 3,12 0.001 0 1 81.0873 395 15,1 0.001 0 1 13,0 0.001 1 -1 13,2 0.001 0 -1 85.1354 410 13,14 0.002 1 1 14,14 0.001 -1 1 12,14 0.001 1 0 13.0205 1 ::f,2,13 f,3,0 f,12,0 f,12,12 
163:2,0 0.001 -1 -1 2,1 0.001 1 1 2,2 0.001 -1 1 31.0432 230 1,13 0.001 1 0 1,14 0.001 1 0 3,13 0.001 0 1 81.0883 395 15,2 0.001 0 1 13,0 0.001 1 0 13,1 0.001 0 -1 85.1374 410 13,14 0.002 1 0 14,14 0.001 -1 0 12,14 0.001 1 1 13.0205 1 ::f,2,13 f,3,0 f,12,0 f,12,12 
164:2,0 0.001 -1 -1 2,1 0.001 1 1 2,2 0.001 -1 0 31.0432 230 1,13 0.001 1 0 1,14 0.001 1 1 3,13 0.001 0 1 81.0883 395 15,2 0.001 0 1 14,0 0.001 1 0 13,1 0.001 0 -1 85.1384 410 13,14 0.002 1 0 14,14 0.001 -1 0 12,14 0.001 1 1 13.0205 1 ::f,2,13 f,3,0 f,12,0 f,12,12 
165:2,0 0.001 -1 -1 2,1 0.001 0 1 1,2 0.001 -1 0 31.0442 230 1,13 0.001 1 0 1,14 0.001 1 1 3,14 0.001 0 1 91.0894 410 15,3 0.001 0 1 14,0 0.001 1 0 13,1 0.001 1 -1 85.1394 410 13,14 0.001 1 0 14,14 0.001 -1 0 12,14 0.001 0 1 13.0205 1 ::f,3,0 f,3,12 f,12,0 f,12,12 
166:2,0 0.001 -1 -1 2,2 0.001 0 1 1,2 0.001 -1 0 31.0452 230 1,13 0.001 1 1 1,14 0.001 0 1 3,14 0.001 0 1 91.0894 410 15,3 0.001 -1 1 15,0 0.001 1 0 13,1 0.001 1 -1 85.1404 410 13,14 0.002 1 0 14,14 0.001 -1 -1 12,14 0.001 0 1 13.0205 1 ::f,3,0 f,3,12 f,12,0 f,12,12 
167:2,0 0.001 -1 -1 2,2 0.001 0 1 1,2 0.001 -1 -1 31.0452 230 1,13 0.001 0 1 1,14 0.001 0 1 3,15 0.001 0 1 91.0904 410 15,3 0.001 -1 1 15,0 0.001 1 1 13,1 0.001 1 0 85.1404 410 13,14 0.002 1 -1 14,14 0.001 -1 -1 12,14 0.001 -1 1 13.0205 1 ::f,3,0 f,3,12 f,12,0 f,12,12 
168:2,0 0.001 -1 -1 2,2 0.001 -1 1 1,2 0.001 -1 -1 31.0452 230 1,13 0.001 0 1 1,14 0.001 -1 1 3,15 0.001 -1 1 91.0904 410 15,3 0.001 -1 0 15,0 0.001 1 1 14,1 0.001 1 0 85.1414 410 13,14 0.002 1 -1 14,14 0.001 0 -1 12,14 0.001 -1 1 13.0205 1 ::f,3,0 f,3,12 f,12,0 f,12,12 
169:2,0 0.001 -1 -1 2,2 0.001 -1 1 1,2 0.001 0 -1 31.0452 230 1,13 0.001 -1 1 1,14 0.001 -1 1 3,15 0.001 -1 1 91.0904 410 14,3 0.001 -1 0 15,0 0.001 0 1 14,1 0.001 1 0 85.1424 410 13,14 0.002 0 -1 14,14 0.001 0 -1 12,14 0.001 -1 0 13.0205 1 ::f,3,0 f,3,12 f,12,0 f,12,12 
170:2,0 0.001 -1 -1 2,2 0.001 -1 0 1,1 0.001 0 -1 31.0462 230 1,13 0.001 -1 1 1,14 0.001 -1 0 3,15 0.001 -1 0 91.0904 410 14,3 0.001 -1 0 15,1 0.001 0 1 14,1 0.001 1 1 85.1434 410 13,14 0.002 0 -1 14,14 0.001 1 -1 12,14 0.001 -1 0 13.0205 1 ::f,3,0 f,3,12 f,12,0 f,12,12 
171:2,0 0.001 -1 -1 1,2 0.001 -1 0 1,1 0.001 0 -1 31.0472 230 1,13 0.001 -1 0 1,14 0.001 -1 0 2,15 0.001 -1 0 91.0914 410 13,3 0.001 -1 0 15,1 0.001 0 1 14,1 0.001 1 1 85.1444 410 13,14 0.002 -1 -1 14,14 0.001 1 -1 12,14 0.001 -1 -1 13.0205 1 ::f,3,0 f,3,12 f,12,0 f,12,12 
172:2,0 0.001 -1 -1 1,2 0.001 -1 0 1,1 0.001 1 -1 31.0472 230 1,13 0.001 -1 0 1,14 0.001 -1 -1 2,15 0.001 -1 0 91.0914 410 13,3 0.001 -1 0 15,2 0.001 0 1 14,1 0.001 0 1 85.1454 410 13,14 0.002 -1 -1 14,14 0.001 1 0 12,14 0.001 -1 -1 13.0205 1 ::f,3,0 f,3,12 f,12,0 f,12,12 
173:2,0 0.001 -1 -1 1,2 0.001 -1 -1 1,1 0.001 1 -1 31.0472 230 1,13 0.001 -1 -1 1,14 0.001 -1 -1 1,15 0.001 -1 0 91.0924 410 12,3 0.001 -1 0 15,2 0.001 0 1 14,2 0.001 0 1 85.1474 410 13,14 0.002 -1 0 14,14 0.001 1 0 12,14 0.001 0 -1 13.0205 1 ::f,3,0 f,3,12 f,12,0 f,12,12 
174:2,0 0.001 -1 -1 1,2 0.001 -1 -1 1,1 0.001 1 0 31.0472 230 1,13 0.001 -1 -1 1,14 0.001 0 -1 1,15 0.001 -1 0 91.0924 410 12,3 0.001 -1 -1 15,3 0.001 0 1 14,2 0.001 0 1 85.1484 410 13,14 0.002 -1 1 14,14 0.001 1 1 12,14 0.001 0 -1 13.0205 1 ::f,3,0 f,3,12 f,12,0 f,12,12 
175:2,0 0.001 -1 -1 1,2 0.001 0 -1 2,1 0.001 1 0 31.0482 230 1,13 0.001 0 -1 1,14 0.001 0 -1 0,15 0.001 -1 0 91.0934 410 12,3 0.001 -1 -1 15,3 0.001 -1 1 14,2 0.001 -1 1 85.1484 410 13,14 0.002 -1 1 14,14 0.001 1 1 12,14 0.001 1 -1 13.0205 1 ::f,3,0 f,3,12 f,12,0 f,12,12 
176:2,0 0.001 -1 -1 1,1 0.001 0 -1 2,1 0.001 1 0 31.0492 230 1,13 0.001 0 -1 1,14 0.001 0 -1 0,15 0.001 -1 -1 91.0934 410 12,3 0.001 0 -1 15,3 0.001 -1 1 14,2 0.001 -1 1 85.1484 410 13,14 0.002 0 1 14,14 0.001 0 1 12,14 0.001 1 -1 13.0205 1 ::f,3,0 f,3,12 f,12,0 f,12,12 
177:2,0 0.001 -1 -1 1,1 0.001 0 -1 2,1 0.001 1 1 31.0492 230 1,13 0.001 1 -1 1,14 0.001 1 -1 0,15 0.001 -1 -1 91.0934 410 12,2 0.001 0 -1 15,3 0.001 -1 0 14,2 0.001 -1 0 85.1494 410 13,14 0.002 0 1 14,14 0.001 0 1 12,14 0.001 1 0 13.0205 1 ::f,3,0 f,3,12 f,12,0 f,12,12 
178:2,0 0.001 -1 -1 1,1 0.001 1 -1 2,1 0.001 1 1 31.0492 230 1,13 0.001 1 -1 2,13 0.001 1 -1 0,15 0.001 0 -1 91.0944 410 12,1 0.001 0 -1 14,3 0.001 -1 0 13,2 0.001 -1 0 85.1524 410 13,14 0.002 1 1 14,14 0.001 -1 1 12,14 0.001 1 0 13.0205 1 ::f,3,0 f,3,12 f,12,0 f,12,12 
179:2,0 0.001 -1 -1 1,1 0.001 1 -1 2,1 0.001 0 1 31.0492 230 1,13 0.001 1 0 2,13 0.001 1 -1 0,14 0.001 0 -1 97.0955 425 12,1 0.001 0 -1 14,3 0.001 -1 0 13,2 0.001 -1 0 92.1525 425 13,14 0.002 1 1 14,14 0.001 -1 1 12,14 0.001 1 1 13.0205 1 ::f,3,0 f,3,12 f,12,12 f,15,0 
180:2,0 0.001 -1 -1 1,1 0.001 1 0 2,2 0.001 0 1 31.0502 230 1,13 0.001 1 0 2,13 0.001 1 0 0,14 0.001 0 -1 97.0955 425 12,0 0.001 0 -1 13,3 0.001 -1 0 13,2 0.001 -1 -1 92.1545 425 13,14 0.002 1 0 14,14 0.001 -1 0 12,14 0.001 1 1 13.0205 1 ::f,3,0 f,3,12 f,12,12 f,15,0 
181:2,0 0.001 -1 -1 2,1 0.001 1 0 2,2 0.001 0 1 31.0512 230 1,13 0.001 1 0 2,13 0.001 1 0 0,13 0.001 0 -1 97.0965 425 12,0 0.001 1 -1 13,3 0.001 -1 0 13,2 0.001 -1 -1 92.1545 425 13,14 0.002 1 0 14,14 0.001 -1 0 13,15 0.001 1 1 13.0215 1 ::f,3,0 f,3,12 f,12,12 f,15,0 
182:2,0 0.001 -1 -1 2,1 0.001 1 0 2,2 0.001 -1 1 31.0512 230 1,13 0.001 1 1 2,13 0.001 1 1 0,13 0.001 0 -1 97.0965 425 12,0 0.001 1 -1 12,3 0.001 -1 0 13,2 0.001 0 -1 92.1555 425 13,14 0.001 1 0 14,14 0.001 -1 0 13,15 0.001 1 1 13.0215 1 ::f,3,0 f,3,12 f,12,12 f,15,0 
183:2,0 0.001 -1 -1 2,1 0.001 1 1 2,2 0.001 -1 1 31.0512 230 1,13 0.001 1 1 2,13 0.001 1 1 0,12 0.001 0 -1 97.0975 425 12,0 0.001 1 0 12,3 0.001 -1 -1 13,1 0.001 0 -1 92.1565 425 13,14 0.002 1 0 14,14 0.001 -1 -1 13,15 0.001 1 1 13.0215 1 ::f,3,0 f,3,12 f,12,12 f,15,0 
184:2,0 0.001 -1 -1 2,1 0.001 1 1 2,2 0.001 -1 0 31.0512 230 1,13 0.001 0 1 2,13 0.001 0 1 0,12 0.001 1 -1 97.0975 425 13,0 0.001 1 0 12,3 0.001 -1 -1 13,1 0.001 0 -1 92.1575 425 13,14 0.002 1 -1 14,14 0.001 -1 -1 13,15 0.001 1 1 13.0215 1 ::f,3,0 f,3,12 f,12,12 f,15,0 
185:2,0 0.001 -1 -1 2,1 0.001 0 1 1,2 0.001 -1 0 31.0522 230 1,13 0.001 0 1 2,14 0.001 0 1 0,12 0.001 1 -1 97.0985 425 14,0 0.001 1 0 12,3 0.001 0 -1 13,1 0.001 1 -1 92.1585 425 13,14 0.002 1 -1 14,14 0.001 0 -1 13,15 0.001 1 1 13.0215 1 ::f,3,0 f,3,12 f,12,12 f,15,0 
186:2,0 0.001 -1 -1 2,2 0.001 0 1 1,2 0.001 -1 0 31.0532 230 1,13 0.001 -1 1 2,14 0.001 0 1 0,12 0.001 1 0 97.0985 425 14,0 0.001 1 0 12,2 0.001 0 -1 13,1 0.001 1 -1 100.16 440 13,14 0.002 0 -1 14,14 0.001 0 -1 13,15 0.001 1 1 13.0215 1 ::f,3,0 f,3,12 f,12,12 f,13,0 
187:2,0 0.001 -1 -1 2,2 0.001 0 1 1,2 0.001 -1 -1 31.0532 230 1,13 0.001 -1 1 2,14 0.001 -1 1 1,12 0.001 1 0 97.0995 425 15,0 0.001 1 0 12,2 0.001 0 -1 13,1 0.001 1 0 100.161 440 13,14 0.002 0 -1 14,14 0.001 1 -1 13,15 0.001 1 1 13.0215 1 ::f,3,0 f,3,12 f,12,12 f,13,0 
188:2,0 0.001 -1 -1 2,2 0.001 -1 1 1,2 0.001 -1 -1 31.0532 230 1,13 0.001 -1 0 2,14 0.001 -1 1 2,12 0.001 1 0 97.1005 425 15,0 0.001 1 1 12,1 0.001 0 -1 14,1 0.001 1 0 100.163 440 13,14 0.002 -1 -1 14,14 0.001 1 -1 13,15 0.001 1 1 13.0215 1 ::f,3,0 f,3,12 f,12,12 f,13,0 
189:2,0 0.001 -1 -1 2,2 0.001 -1 1 1,2 0.001 0 -1 31.0532 230 1,13 0.001 -1 0 2,14 0.001 -1 0 2,12 0.001 1 0 104.101 440 15,0 0.001 1 1 12,1 0.001 0 -1 14,1 0.001 1 0 100.163 440 13,14 0.002 -1 -1 14,14 0.001 1 0 13,15 0.001 1 1 13.0215 1 ::f,3,0 f,3,12 f,12,12 f,13,0 
190:2,0 0.001 -1 -1 2,2 0.001 -1 0 1,1 0.001 0 -1 31.0542 230 1,13 0.001 -1 -1 1,14 0.001 -1 0 2,12 0.001 1 0 104.102 440 15,0 0.001 0 1 12,0 0.001 0 -1 14,1 0.001 1 1 100.164 440 13,14 0.002 -1 0 14,14 0.001 1 0 13,15 0.001 1 1 13.0215 1 ::f,3,0 f,3,12 f,12,12 f,13,0 
191:2,0 0.001 -1 -1 1,2 0.001 -1 0 1,1 0.001 0 -1 31.0552 230 1,13 0.001 -1 -1 1,14 0.001 -1 0 2,12 0.001 1 1 104.102 440 15,1 0.001 0 1 12,0 0.001 1 -1 14,1 0.001 1 1 100.165 440 13,14 0.002 -1 1 14,14 0.001 1 1 13,15 0.001 1 1 13.0215 1 ::f,3,0 f,3,12 f,12,12 f,13,0 
192:2,0 0.001 -1 -1 1,2 0.001 -1 0 1,1 0.001 1 -1 31.0552 230 1,13 0.001 0 -1 1,14 0.001 -1 -1 3,13 0.001 1 1 104.103 440 15,1 0.001 0 1 12,0 0.001 1 -1 14,1 0.001 0 1 100.165 440 13,14 0.002 -1 1 14,14 0.001 1 1 13,15 0.001 1 1 13.0215 1 ::f,3,0 f,3,12 f,12,12 f,13,0 
193:2,0 0.001 -1 -1 1,2 0.001 -1 -1 1,1 0.001 1 -1 31.0552 230 1,13 0.001 0 -1 1,14 0.001 -1 -1 3,13 0.001 0 1 104.103 440 15,2 0.001 0 1 12,0 0.001 1 0 14,2 0.001 0 1 100.167 440 13,14 0.002 0 1 14,14 0.001 0 1 13,15 0.001 1 1 13.0215 1 ::f,3,0 f,3,12 f,12,12 f,13,0 
194:2,0 0.001 -1 -1 1,2 0.001 -1 -1 1,1 0.001 1 0 31.0552 230 1,13 0.001 1 -1 1,14 0.001 0 -1 3,14 0.001 0 1 104.104 440 15,2 0.001 0 1 12,0 0.001 1 0 14,2 0.001 0 1 100.167 440 13,14 0.002 0 1 14,14 0.001 0 1 13,15 0.001 1 1 13.0215 1 ::f,3,0 f,3,12 f,12,12 f,13,0 
195:2,0 0.001 -1 -1 1,2 0.001 0 -1 2,1 0.001 1 0 31.0562 230 1,13 0.001 1 -1 1,14 0.001 0 -1 3,14 0.001 0 1 104.104 440 15,3 0.001 0 1 12,0 0.001 1 0 14,2 0.001 -1 1 108.168 455 13,14 0.002 1 1 14,14 0.001 -1 1 13,15 0.001 1 1 13.0215 1 ::f,3,0 f,3,12 f,12,12 f,15,2 
196:2,0 0.001 -1 -1 1,1 0.001 0 -1 2,1 0.001 1 0 31.0572 230 1,13 0.001 1 0 1,14 0.001 0 -1 3,15 0.001 0 1 104.105 440 15,3 0.001 -1 1 13,0 0.001 1 0 14,2 0.001 -1 1 108.169 455 13,14 0.002 1 1 14,14 0.001 -1 1 13,15 0.001 1 1 13.0215 1 ::f,3,0 f,3,12 f,12,12 f,15,2 
197:2,0 0.001 -1 -1 1,1 0.001 0 -1 2,1 0.001 1 1 31.0572 230 2,13 0.001 1 0 1,14 0.001 1 -1 3,15 0.001 -1 1 104.106 440 15,3 0.001 -1 1 13,0 0.001 1 0 14,2 0.001 -1 0 108.169 455 13,14 0.002 1 0 14,14 0.001 -1 0 13,15 0.001 1 1 13.0215 1 ::f,3,0 f,3,12 f,12,12 f,15,2 
198:2,0 0.001 -1 -1 1,1 0.001 1 -1 2,1 0.001 1 1 31.0572 230 2,13 0.001 1 0 1,14 0.001 1 -1 3,15 0.001 -1 1 104.106 440 15,3 0.001 -1 0 14,0 0.001 1 0 13,2 0.001 -1 0 108.171 455 13,14 0.002 1 0 14,14 0.001 -1 0 13,15 0.001 1 1 13.0215 1 ::f,3,0 f,3,12 f,12,12 f,15,2 
199:2,0 0.001 -1 -1 1,1 0.001 1 -1 2,1 0.001 0 1 31.0572 230 2,13 0.001 1 1 1,14 0.001 1 -1 3,15 0.001 -1 0 104.106 440 14,3 0.001 -1 0 14,0 0.001 1 0 13,2 0.001 -1 0 108.172 455 13,14 0.001 1 0 14,14 0.001 -1 0 13,15 0.001 1 1 13.0215 1 ::f,3,0 f,3,12 f,12,12 f,15,2 
200:2,0 0.001 -1 -1 1,1 0.001 1 0 2,2 0.001 0 1 31.0582 230 2,13 0.001 1 1 1,14 0.001 1 0 2,15 0.001 -1 0 104.107 440 14,3 0.001 -1 0 15,0 0.001 1 0 13,2 0.001 -1 -1 108.173 455 13,14 0.002 1 0 14,14 0.001 -1 -1 13,15 0.001 1 1 13.0215 1 ::f,3,0 f,3,12 f,12,12 f,15,2 
201:2,0 0.001 -1 -1 2,1 0.001 1 0 2,2 0.001 0 1 31.0592 230 2,13 0.001 0 1 1,14 0.001 1 0 2,15 0.001 -1 0 104.107 440 13,3 0.001 -1 0 15,0 0.001 1 1 13,2 0.001 -1 -1 108.174 455 13,14 0.002 1 -1 13,13 0.001 -1 -1 13,15 0.001 1 1 13.0225 1 ::f,3,0 f,3,12 f,12,12 f,15,2 
202:2,0 0.001 -1 -1 2,1 0.001 1 0 2,2 0.001 -1 1 31.0592 230 2,14 0.001 0 1 1,14 0.001 1 1 1,15 0.001 -1 0 104.109 440 13,3 0.001 -1 0 15,0 0.001 1 1 13,2 0.001 0 -1 108.174 455 13,14 0.002 1 -1 13,13 0.001 -1 -1 13,15 0.001 1 1 15.0226 16 ::f,3,0 f,3,12 f,12,15 f,15,2 
203:2,0 0.001 -1 -1 2,1 0.001 1 1 2,2 0.001 -1 1 31.0592 230 2,14 0.001 0 1 1,14 0.001 1 1 1,15 0.001 -1 0 104.109 440 12,3 0.001 -1 0 15,0 0.001 0 1 13,1 0.001 0 -1 108.176 455 13,14 0.002 0 -1 13,13 0.001 0 -1 13,15 0.001 1 1 15.0226 16 ::f,3,0 f,3,12 f,12,15 f,15,2 
204:2,0 0.001 -1 -1 2,1 0.001 1 1 2,2 0.001 -1 0 31.0592 230 2,14 0.001 -1 1 1,14 0.001 0 1 0,15 0.001 -1 0 104.11 440 12,3 0.001 -1 -1 15,1 0.001 0 1 13,1 0.001 0 -1 108.177 455 13,14 0.002 0 -1 13,13 0.001 0 -1 13,15 0.001 0 1 15.0226 12 :13,13 :f,3,0 f,3,12 f,12,15 f,15,2 
205:2,0 0.001 -1 -1 2,1 0.001 0 1 1,2 0.001 -1 0 31.0602 230 2,14 0.001 -1 1 1,14 0.001 0 1 0,15 0.001 -1 -1 104.11 440 12,3 0.001 -1 -1 15,1 0.001 0 1 13,1 0.001 1 -1 117.177 470 13,14 0.002 -1 -1 13,13 0.001 1 -1 13,15 0.001 0 1 15.0226 12 ::f,3,0 f,3,12 f,12,15 f,15,2 
206:2,0 0.001 -1 -1 2,2 0.001 0 1 1,2 0.001 -1 0 31.0612 230 2,14 0.001 -1 0 1,14 0.001 -1 1 0,15 0.001 -1 -1 104.11 440 12,3 0.001 0 -1 15,1 0.001 0 1 13,1 0.001 1 -1 117.177 470 13,14 0.002 -1 -1 13,13 0.001 1 -1 13,15 0.001 -1 1 15.0226 8 :12,13 :f,3,0 f,3,12 f,12,15 f,15,2 
207:2,0 0.001 -1 -1 2,2 0.001 0 1 1,2 0.001 -1 -1 31.0612 230 2,14 0.001 -1 0 1,14 0.001 -1 1 0,15 0.001 0 -1 104.11 440 12,2 0.001 0 -1 15,1 0.001 0 1 13,1 0.001 1 0 127.178 485 12,13 0.002 -1 -1 13,13 0.001 1 0 13,15 0.001 -1 1 15.0236 8 :11,12 :f,3,0 f,3,12 f,12,15 f,14,2 
208:2,0 0.001 -1 -1 2,2 0.001 -1 1 1,2 0.001 -1 -1 31.0612 230 2,14 0.001 -1 0 1,14 0.001 -1 0 0,14 0.001 0 -1 104.111 440 12,2 0.001 0 -1 15,2 0.001 0 1 14,1 0.001 1 0 127.18 485 12,13 0.001 -1 -1 14,13 0.001 1 0 13,15 0.001 -1 0 15.0246 8 :10,11 :f,3,0 f,3,12 f,12,15 f,14,2 
209:2,0 0.001 -1 -1 2,2 0.001 -1 1 1,2 0.001 0 -1 31.0612 230 2,14 0.001 -1 0 1,14 0.001 -1 0 0,14 0.001 0 -1 104.111 440 12,1 0.001 0 -1 15,2 0.001 0 1 14,1 0.001 1 0 127.181 485 12,13 0.002 -1 -1 14,13 0.001 1 0 13,15 0.001 -1 0 15.0247 19 :9,10 11,12 :f,3,0 f,3,12 f,14,2 f,15,12 
210:2,0 0.001 -1 -1 2,2 0.001 -1 0 1,1 0.001 0 -1 31.0622 230 2,14 0.001 -1 0 1,14 0.001 -1 -1 0,13 0.001 0 -1 104.112 440 12,1 0.001 0 -1 15,3 0.001 0 1 14,1 0.001 1 1 127.182 485 12,13 0.002 -1 -1 14,13 0.001 1 1 13,15 0.001 -1 -1 15.0247 19 :8,9 10,11 :f,3,0 f,3,12 f,14,2 f,15,12 
211:2,0 0.001 -1 -1 1,2 0.001 -1 0 1,1 0.001 0 -1 31.0632 230 2,14 0.001 -1 -1 1,14 0.001 -1 -1 0,13 0.001 0 -1 104.112 440 12,0 0.001 0 -1 15,3 0.001 -1 1 14,1 0.001 1 1 127.183 485 12,13 0.001 -1 -1 14,13 0.001 1 1 13,15 0.001 -1 -1 15.0247 19 :7,8 9,10 :f,3,0 f,3,12 f,14,2 f,15,12 
212:2,0 0.001 -1 -1 1,2 0.001 -1 0 1,1 0.001 1 -1 31.0632 230 2,14 0.001 0 -1 1,14 0.001 0 -1 0,12 0.001 0 -1 104.113 440 12,0 0.001 1 -1 15,3 0.001 -1 1 14,1 0.001 0 1 127.183 485 12,13 0.002 -1 -1 14,13 0.001 0 1 13,15 0.001 0 -1 15.0247 15 :6,7 8,9 11,12 :f,3,0 f,3,12 f,14,2 f,15,12 
213:2,0 0.001 -1 -1 1,2 0.001 -1 -1 1,1 0.001 1 -1 31.0632 230 2,14 0.001 0 -1 1,13 0.001 0 -1 0,12 0.001 1 -1 104.114 440 12,0 0.001 1 -1 15,3 0.001 -1 0 14,1 0.001 0 1 127.183 485 12,13 0.002 -1 0 14,14 0.001 0 1 13,15 0.001 0 -1 15.0257 15 :5,6 7,8 10,11 :f,3,0 f,3,12 f,14,2 f,15,12 
214:2,0 0.001 -1 -1 1,2 0.001 -1 -1 1,1 0.001 1 0 31.0632 230 2,14 0.001 1 -1 1,13 0.001 0 -1 0,12 0.001 1 -1 104.114 440 12,0 0.001 1 0 14,3 0.001 -1 0 14,1 0.001 0 1 127.184 485 12,13 0.001 -1 0 14,14 0.001 0 1 13,15 0.001 1 -1 15.0257 15 :4,5 6,7 9,10 :f,3,0 f,3,12 f,14,2 f,15,12 
215:2,0 0.001 -1 -1 1,2 0.001 0 -1 2,1 0.001 1 0 31.0642 230 2,14 0.001 1 -1 1,13 0.001 1 -1 0,12 0.001 1 0 104.114 440 13,0 0.001 1 0 14,3 0.001 -1 0 14,1 0.001 0 1 136.185 500 12,13 0.002 -1 0 14,14 0.001 -1 1 13,15 0.001 1 -1 15.0257 11 :3,4 5,6 8,9 11,13 :f,3,0 f,3,12 f,12,2 f,15,12 
216:2,0 0.001 -1 -1 1,1 0.001 0 -1 2,1 0.001 1 0 31.0652 230 2,14 0.001 1 0 1,13 0.001 1 -1 1,12 0.001 1 0 104.115 440 13,0 0.001 1 0 13,3 0.001 -1 0 14,1 0.001 -1 1 136.186 500 12,13 0.002 -1 0 14,14 0.001 -1 1 13,15 0.001 1 0 15.0257 11 :2,3 4,5 7,8 10,13 :f,3,0 f,3,12 f,12,2 f,15,12 
217:2,0 0.001 -1 -1 1,1 0.001 0 -1 2,1 0.001 1 1 31.0652 230 2,14 0.001 1 0 1,13 0.001 1 0 2,12 0.001 1 0 104.116 440 14,0 0.001 1 0 13,3 0.001 -1 0 14,1 0.001 -1 0 136.187 500 12,13 0.001 -1 0 14,14 0.001 -1 0 13,15 0.001 1 0 15.0257 11 :1,2 3,4 6,7 9,13 :f,3,0 f,3,12 f,12,2 f,15,12 
218:2,0 0.001 -1 -1 1,1 0.001 1 -1 2,1 0.001 1 1 31.0652 230 2,14 0.001 1 1 2,13 0.001 1 0 2,12 0.001 1 0 112.117 455 14,0 0.001 1 0 12,3 0.001 -1 0 14,1 0.001 -1 0 136.188 500 12,13 0.002 -1 0 13,14 0.001 -1 0 13,15 0.001 1 1 15.0267 7 :0,1 2,3 5,6 8,13 11,13 :f,1,15 f,3,0 f,12,2 f,15,12 
219:2,0 0.001 -1 -1 1,1 0.001 1 -1 2,1 0.001 0 1 31.0652 230 2,14 0.001 1 1 2,13 0.001 1 0 3,12 0.001 1 0 112.118 455 15,0 0.001 1 0 12,3 0.001 -1 -1 14,1 0.001 -1 -1 136.189 500 12,13 0.002 -1 1 13,14 0.001 -1 0 13,15 0.001 1 1 15.0267 7 :1,2 4,5 7,13 10,13 :f,1,15 f,3,0 f,12,2 f,15,12 
220:2,0 0.001 -1 -1 1,1 0.001 1 0 2,2 0.001 0 1 31.0662 230 2,14 0.001 0 1 2,13 0.001 1 1 3,12 0.001 1 1 112.118 455 15,0 0.001 1 1 12,3 0.001 -1 -1 14,1 0.001 -1 -1 136.189 500 12,13 0.001 -1 1 13,14 0.001 -1 -1 13,15 0.001 0 1 15.0267 7 :0,1 3,4 6,13 9,13 :f,1,15 f,3,0 f,12,2 f,15,12 
221:2,0 0.001 -1 -1 2,1 0.001 1 0 2,2 0.001 0 1 31.0672 230 2,14 0.001 0 1 2,13 0.001 1 1 3,12 0.001 1 1 112.118 455 15,0 0.001 1 1 12,3 0.001 0 -1 14,1 0.001 0 -1 136.189 500 12,13 0.002 -1 1 13,14 0.001 -1 -1 13,15 0.001 0 1 15.0267 3 :2,3 5,13 8,13 11,14 :f,1,15 f,3,0 f,12,2 f,15,12 
222:2,0 0.001 -1 -1 2,1 0.001 1 0 2,2 0.001 -1 1 31.0672 230 2,14 0.001 -1 1 2,13 0.001 0 1 3,12 0.001 0 1 112.118 455 15,0 0.001 0 1 12,3 0.001 0 -1 14,1 0.001 0 -1 136.189 500 12,13 0.002 -1 1 13,14 0.001 0 -1 13,15 0.001 -1 1 15.0267 3 :1,2 4,13 7,13 10,15 :f,1,15 f,3,0 f,12,2 f,15,12 
223:2,0 0.001 -1 -1 2,1 0.001 1 1 2,2 0.001 -1 1 31.0672 230 2,14 0.001 -1 1 2,13 0.001 0 1 3,13 0.001 0 1 122.119 470 15,1 0.001 0 1 12,3 0.001 0 -1 14,1 0.001 1 -1 146.19 515 12,13 0.001 -1 1 13,13 0.001 0 -1 13,15 0.001 -1 1 15.0277 3 :0,1 3,13 6,13 :f,0,12 f,3,0 f,14,0 f,15,12 
224:2,0 0.001 -1 -1 2,1 0.001 1 1 2,2 0.001 -1 0 31.0672 230 2,14 0.001 -1 0 2,13 0.001 0 1 3,13 0.001 0 1 122.119 470 15,1 0.001 0 1 12,2 0.001 0 -1 14,1 0.001 1 -1 146.191 515 12,13 0.002 -1 1 13,13 0.001 0 -1 13,15 0.001 -1 0 18.0277 3 :5,13 :f,0,12 f,3,0 f,14,0 f,15,12 
225:2,0 0.001 -1 -1 2,1 0.001 0 1 1,2 0.001 -1 0 31.0682 230 1,14 0.001 -1 0 2,13 0.001 -1 1 3,14 0.001 0 1 122.121 470 15,2 0.001 0 1 12,2 0.001 0 -1 14,1 0.001 1 0 146.192 515 12,13 0.002 0 1 13,13 0.001 1 -1 13,15 0.001 -1 0 18.0277 3 :4,13 :f,0,12 f,3,0 f,14,0 f,15,12 
226:2,0 0.001 -1 -1 2,2 0.001 0 1 1,2 0.001 -1 0 31.0692 230 1,14 0.001 -1 0 2,13 0.001 -1 1 3,14 0.001 0 1 122.121 470 15,2 0.001 0 1 12,1 0.001 0 -1 14,1 0.001 1 0 146.193 515 12,14 0.002 0 1 13,13 0.001 1 -1 13,15 0.001 -1 -1 18.0287 3 :3,13 :f,0,12 f,3,0 f,14,0 f,15,12 
227:2,0 0.001 -1 -1 2,2 0.001 0 1 1,2 0.001 -1 -1 31.0692 230 1,14 0.001 -1 -1 2,13 0.001 -1 0 3,15 0.001 0 1 122.122 470 15,3 0.001 0 1 12,1 0.001 0 -1 14,1 0.001 1 1 146.194 515 12,14 0.001 0 1 13,13 0.001 1 0 13,15 0.001 -1 -1 18.0287 3 :2,13 :f,0,12 f,3,0 f,14,0 f,15,12 
228:2,0 0.001 -1 -1 2,2 0.001 -1 1 1,2 0.001 -1 -1 31.0692 230 1,14 0.001 -1 -1 2,13 0.001 -1 0 3,15 0.001 -1 1 122.122 470 15,3 0.001 -1 1 12,0 0.001 0 -1 14,1 0.001 1 1 146.195 515 12,14 0.002 0 1 14,13 0.001 1 0 13,15 0.001 0 -1 21.0297 3 ::f,0,12 f,3,0 f,14,0 f,15,12 
229:2,0 0.001 -1 -1 2,2 0.001 -1 1 1,2 0.001 0 -1 31.0692 230 1,14 0.001 0 -1 2,13 0.001 -1 -1 3,15 0.001 -1 1 122.122 470 15,3 0.001 -1 1 12,0 0.001 1 -1 14,1 0.001 0 1 146.195 515 12,14 0.002 1 1 14,13 0.001 1 0 13,15 0.001 0 -1 21.0297 3 ::f,0,12 f,3,0 f,14,0 f,15,12 
230:2,0 0.001 -1 -1 2,2 0.001 -1 0 1,1 0.001 0 -1 31.0702 230 1,13 0.001 0 -1 2,13 0.001 -1 -1 3,15 0.001 -1 0 122.123 470 15,3 0.001 -1 0 12,0 0.001 1 -1 14,2 0.001 0 1 146.196 515 12,14 0.002 1 1 14,13 0.001 1 1 13,15 0.001 1 -1 21.0297 3 ::f,0,12 f,3,0 f,14,0 f,15,12 
231:2,0 0.001 -1 -1 1,2 0.001 -1 0 1,1 0.001 0 -1 31.0712 230 1,13 0.001 0 -1 2,13 0.001 0 -1 2,15 0.001 -1 0 122.124 470 14,3 0.001 -1 0 12,0 0.001 1 0 14,2 0.001 0 1 146.197 515 12,14 0.002 1 0 14,13 0.001 1 1 13,15 0.001 1 -1 21.0297 3 ::f,0,12 f,3,0 f,14,0 f,15,12 
232:2,0 0.001 -1 -1 1,2 0.001 -1 0 1,1 0.001 1 -1 31.0712 230 1,13 0.001 1 -1 2,13 0.001 0 -1 2,15 0.001 -1 0 122.124 470 14,3 0.001 -1 0 13,0 0.001 1 0 14,2 0.001 -1 1 146.198 515 13,14 0.002 1 0 14,13 0.001 0 1 13,15 0.001 1 0 21.0307 3 ::f,0,12 f,3,0 f,14,0 f,15,12 
233:2,0 0.001 -1 -1 1,2 0.001 -1 -1 1,1 0.001 1 -1 31.0712 230 1,13 0.001 1 -1 2,13 0.001 1 -1 1,15 0.001 -1 0 122.125 470 13,3 0.001 -1 0 13,0 0.001 1 0 14,2 0.001 -1 1 156.199 530 13,14 0.001 1 0 14,14 0.001 0 1 13,15 0.001 1 0 21.0317 3 ::f,0,12 f,3,0 f,15,3 f,15,12 
234:2,0 0.001 -1 -1 1,2 0.001 -1 -1 1,1 0.001 1 0 31.0712 230 1,13 0.001 1 0 2,13 0.001 1 -1 1,15 0.001 -1 0 122.125 470 13,3 0.001 -1 0 14,0 0.001 1 0 14,2 0.001 -1 0 156.2 530 13,14 0.002 1 0 14,14 0.001 0 1 13,15 0.001 1 1 21.0317 3 ::f,0,12 f,3,0 f,15,3 f,15,12 
235:2,0 0.001 -1 -1 1,2 0.001 0 -1 2,1 0.001 1 0 31.0722 230 1,13 0.001 1 0 2,13 0.001 1 0 0,15 0.001 -1 0 122.126 470 12,3 0.001 -1 0 14,0 0.001 1 0 13,2 0.001 -1 0 156.202 530 13,14 0.002 1 -1 14,14 0.001 -1 1 13,15 0.001 1 1 21.0317 3 ::f,0,12 f,3,0 f,15,3 f,15,12 
236:2,0 0.001 -1 -1 1,1 0.001 0 -1 2,1 0.001 1 0 31.0732 230 1,13 0.001 1 0 2,13 0.001 1 0 0,15 0.001 -1 -1 122.126 470 12,3 0.001 -1 -1 15,0 0.001 1 0 13,2 0.001 -1 0 156.203 530 14,13 0.002 1 -1 14,14 0.001 -1 1 13,15 0.001 0 1 21.0327 3 ::f,0,12 f,3,0 f,15,3 f,15,12 
237:2,0 0.001 -1 -1 1,1 0.001 0 -1 2,1 0.001 1 1 31.0732 230 1,13 0.001 1 1 2,13 0.001 1 1 0,15 0.001 -1 -1 122.126 470 12,3 0.001 -1 -1 15,0 0.001 1 1 13,2 0.001 -1 -1 156.203 530 14,13 0.001 1 -1 14,14 0.001 -1 0 13,15 0.001 0 1 21.0328 18 ::f,0,12 f,3,0 f,15,3 f,15,12 
238:2,0 0.001 -1 -1 1,1 0.001 1 -1 2,1 0.001 1 1 31.0732 230 1,13 0.001 1 1 2,13 0.001 1 1 0,15 0.001 0 -1 122.126 470 12,3 0.001 0 -1 15,0 0.001 1 1 13,2 0.001 -1 -1 156.203 530 14,13 0.002 1 -1 13,14 0.001 -1 0 13,15 0.001 0 1 21.0338 14 :15,12 :f,0,12 f,3,0 f,15,3 f,15,12 
239:2,0 0.001 -1 -1 1,1 0.001 1 -1 2,1 0.001 0 1 31.0732 230 1,13 0.001 0 1 2,13 0.001 0 1 0,14 0.001 0 -1 122.127 470 12,2 0.001 0 -1 15,0 0.001 0 1 13,2 0.001 0 -1 156.204 530 14,13 0.002 0 -1 13,14 0.001 -1 0 13,15 0.001 -1 1 21.0338 14 ::f,0,12 f,3,0 f,15,3 f,15,12 
240:2,0 0.001 -1 -1 1,1 0.001 1 0 2,2 0.001 0 1 31.0742 230 1,13 0.001 0 1 2,14 0.001 0 1 0,13 0.001 0 -1 122.129 470 12,2 0.001 0 -1 15,1 0.001 0 1 13,1 0.001 0 -1 156.206 530 14,13 0.002 0 -1 13,14 0.001 -1 -1 13,15 0.001 -1 1 21.0338 10 :14,12 :f,0,12 f,3,0 f,15,3 f,15,12 
241:2,0 0.001 -1 -1 2,1 0.001 1 0 2,2 0.001 0 1 31.0752 230 1,13 0.001 -1 1 2,14 0.001 0 1 0,13 0.001 0 -1 131.129 485 12,1 0.001 0 -1 15,2 0.001 0 1 13,1 0.001 0 -1 156.208 530 14,12 0.002 0 -1 13,14 0.001 -1 -1 13,15 0.001 -1 0 21.0348 10 :14,11 :f,0,15 f,3,0 f,15,3 f,15,12 
242:2,0 0.001 -1 -1 2,1 0.001 1 0 2,2 0.001 -1 1 31.0752 230 1,13 0.001 -1 1 2,14 0.001 -1 1 0,12 0.001 0 -1 131.13 485 12,1 0.001 0 -1 15,2 0.001 0 1 13,1 0.001 1 -1 166.208 545 14,12 0.001 0 -1 13,14 0.001 0 -1 13,15 0.001 -1 0 21.0348 10 :14,10 :f,0,15 f,3,0 f,15,0 f,15,12 
243:2,0 0.001 -1 -1 2,1 0.001 1 1 2,2 0.001 -1 1 31.0752 230 1,13 0.001 -1 0 2,14 0.001 -1 1 0,12 0.001 1 -1 131.13 485 12,0 0.001 0 -1 15,3 0.001 0 1 13,1 0.001 1 -1 166.21 545 14,12 0.002 0 -1 13,13 0.001 0 -1 13,15 0.001 -1 -1 21.0358 6 :14,9 14,11 :f,0,15 f,3,0 f,15,0 f,15,12 
244:2,0 0.001 -1 -1 2,1 0.001 1 1 2,2 0.001 -1 0 31.0752 230 1,13 0.001 -1 0 2,14 0.001 -1 0 0,12 0.001 1 -1 131.13 485 12,0 0.001 1 -1 15,3 0.001 -1 1 13,1 0.001 1 0 166.21 545 14,12 0.002 0 -1 13,13 0.001 0 -1 13,15 0.001 -1 -1 21.0358 6 :14,8 14,10 :f,0,15 f,3,0 f,15,0 f,15,12 
245:2,0 0.001 -1 -1 2,1 0.001 0 1 1,2 0.001 -1 0 31.0762 230 1,13 0.001 -1 -1 1,14 0.001 -1 0 0,12 0.001 1 0 131.131 485 12,0 0.001 1 -1 15,3 0.001 -1 1 14,1 0.001 1 0 166.211 545 14,12 0.001 0 -1 13,13 0.001 1 -1 13,15 0.001 0 -1 21.0358 6 :14,7 14,9 :f,0,15 f,3,0 f,15,0 f,15,12 
246:2,0 0.001 -1 -1 2,2 0.001 0 1 1,2 0.001 -1 0 31.0772 230 1,13 0.001 -1 -1 1,14 0.001 -1 0 1,12 0.001 1 0 131.132 485 12,0 0.001 1 0 15,3 0.001 -1 0 14,1 0.001 1 0 166.211 545 14,12 0.002 0 -1 13,13 0.001 1 -1 13,15 0.001 0 -1 21.0358 2 :14,6 14,8 14,11 :f,0,15 f,3,0 f,15,0 f,15,12 
247:2,0 0.001 -1 -1 2,2 0.001 0 1 1,2 0.001 -1 -1 31.0772 230 1,13 0.001 0 -1 1,14 0.001 -1 -1 1,12 0.001 1 0 131.132 485 13,0 0.001 1 0 14,3 0.001 -1 0 14,1 0.001 1 1 166.213 545 14,12 0.002 -1 -1 13,13 0.001 1 0 13,15 0.001 1 -1 21.0358 2 :14,5 14,7 14,10 :f,0,15 f,3,0 f,15,0 f,15,12 
248:2,0 0.001 -1 -1 2,2 0.001 -1 1 1,2 0.001 -1 -1 31.0772 230 1,13 0.001 0 -1 1,14 0.001 -1 -1 2,12 0.001 1 0 131.133 485 14,0 0.001 1 0 14,3 0.001 -1 0 14,1 0.001 1 1 166.214 545 14,12 0.001 -1 -1 14,13 0.001 1 0 13,15 0.001 1 -1 21.0368 2 :14,4 14,6 14,9 :f,0,15 f,3,0 f,15,0 f,15,12 
249:2,0 0.001 -1 -1 2,2 0.001 -1 1 1,2 0.001 0 -1 31.0772 230 1,13 0.001 1 -1 1,14 0.001 0 -1 2,12 0.001 1 0 131.133 485 14,0 0.001 1 0 13,3 0.001 -1 0 14,1 0.001 0 1 175.215 560 14,12 0.002 -1 -1 14,13 0.001 1 0 13,15 0.001 1 0 21.0368 2 :14,3 14,5 14,8 :f,0,15 f,3,0 f,13,2 f,15,12 
250:2,0 0.001 -1 -1 2,2 0.001 -1 0 1,1 0.001 0 -1 31.0782 230 1,13 0.001 1 -1 1,14 0.001 0 -1 3,12 0.001 1 0 131.134 485 15,0 0.001 1 0 13,3 0.001 -1 0 14,2 0.001 0 1 175.217 560 14,12 0.002 -1 0 14,13 0.001 1 1 13,15 0.001 1 0 21.0368 2 :14,2 14,4 14,7 :f,0,15 f,3,0 f,13,2 f,15,12 
251:2,0 0.001 -1 -1 1,2 0.001 -1 0 1,1 0.001 0 -1 31.0792 230 1,13 0.001 1 0 1,14 0.001 0 -1 3,12 0.001 1 1 131.134 485 15,0 0.001 1 1 12,3 0.001 -1 0 14,2 0.001 0 1 175.218 560 13,12 0.002 -1 0 14,13 0.001 1 1 13,15 0.001 1 1 24.0378 2 :14,3 14,6 :f,0,15 f,3,0 f,13,2 f,15,12 
252:2,0 0.001 -1 -1 1,2 0.001 -1 0 1,1 0.001 1 -1 31.0792 230 2,13 0.001 1 0 1,14 0.001 1 -1 3,12 0.001 1 1 131.135 485 15,0 0.001 1 1 12,3 0.001 -1 -1 14,2 0.001 -1 1 175.218 560 13,12 0.001 -1 0 14,13 0.001 0 1 13,15 0.001 1 1 24.0378 2 :14,2 14,5 :f,0,15 f,3,0 f,13,2 f,15,12 
253:2,0 0.001 -1 -1 1,2 0.001 -1 -1 1,1 0.001 1 -1 31.0792 230 2,13 0.001 1 0 1,14 0.001 1 -1 3,12 0.001 0 1 131.135 485 15,0 0.001 0 1 12,3 0.001 -1 -1 14,2 0.001 -1 1 175.218 560 13,12 0.002 -1 0 14,14 0.001 0 1 13,15 0.001 0 1 27.0388 2 :14,4 :f,0,15 f,3,0 f,13,2 f,15,12 
254:2,0 0.001 -1 -1 1,2 0.001 -1 -1 1,1 0.001 1 0 31.0792 230 2,13 0.001 1 1 1,14 0.001 1 -1 3,13 0.001 0 1 131.136 485 15,1 0.001 0 1 12,3 0.001 0 -1 14,2 0.001 -1 0 175.219 560 13,12 0.002 -1 1 14,14 0.001 0 1 13,15 0.001 0 1 27.0388 2 :14,3 :f,0,15 f,3,0 f,13,2 f,15,12 
255:2,0 0.001 -1 -1 1,2 0.001 0 -1 2,1 0.001 1 0 31.0802 230 2,13 0.001 1 1 1,14 0.001 1 0 3,13 0.001 0 1 131.136 485 15,1 0.001 0 1 12,2 0.001 0 -1 14,2 0.001 -1 0 175.22 560 13,12 0.002 -1 1 14,14 0.001 -1 1 13,15 0.001 -1 1 27.0388 2 :14,2 :f,0,15 f,3,0 f,13,2 f,15,12 
256:2,0 0.001 -1 -1 1,1 0.001 0 -1 2,1 0.001 1 0 31.0812 230 2,13 0.001 0 1 1,14 0.001 1 1 3,14 0.001 0 1 131.137 485 15,2 0.001 0 1 12,2 0.001 0 -1 14,2 0.001 -1 0 185.222 575 13,12 0.002 0 1 14,14 0.001 -1 1 13,15 0.001 -1 1 30.0388 2 ::f,0,15 f,3,0 f,12,3 f,15,12 
257:2,0 0.001 -1 -1 1,1 0.001 0 -1 2,1 0.001 1 1 31.0812 230 2,14 0.001 0 1 1,14 0.001 1 1 3,14 0.001 0 1 131.138 485 15,2 0.001 0 1 12,1 0.001 0 -1 14,2 0.001 -1 -1 185.223 575 13,13 0.002 0 1 14,14 0.001 -1 0 13,15 0.001 -1 0 30.0398 2 ::f,0,15 f,3,0 f,12,3 f,15,12 
258:2,0 0.001 -1 -1 1,1 0.001 1 -1 2,1 0.001 1 1 31.0812 230 2,14 0.001 0 1 1,14 0.001 0 1 3,15 0.001 0 1 131.139 485 15,3 0.001 0 1 12,1 0.001 0 -1 14,2 0.001 0 -1 185.224 575 13,14 0.002 0 1 14,14 0.001 -1 0 13,15 0.001 -1 0 30.0408 2 ::f,0,15 f,3,0 f,12,3 f,15,12 
259:2,0 0.001 -1 -1 1,1 0.001 1 -1 2,1 0.001 0 1 31.0812 230 2,14 0.001 -1 1 1,14 0.001 0 1 3,15 0.001 -1 1 131.139 485 15,3 0.001 -1 1 12,0 0.001 0 -1 14,2 0.001 0 -1 185.225 575 13,14 0.001 0 1 14,14 0.001 -1 0 13,15 0.001 -1 -1 30.0408 2 ::f,0,15 f,3,0 f,12,3 f,15,12 
260:2,0 0.001 -1 -1 1,1 0.001 1 0 2,2 0.001 0 1 31.0822 230 2,14 0.001 -1 1 1,14 0.001 -1 1 3,15 0.001 -1 1 131.139 485 15,3 0.001 -1 1 12,0 0.001 1 -1 14,2 0.001 1 -1 185.225 575 13,14 0.002 0 1 14,14 0.001 -1 -1 13,15 0.001 -1 -1 30.0408 2 ::f,0,15 f,3,0 f,12,3 f,15,12 
261:2,0 0.001 -1 -1 2,1 0.001 1 0 2,2 0.001 0 1 31.0832 230 2,14 0.001 -1 0 1,14 0.001 -1 1 3,15 0.001 -1 0 138.139 500 15,3 0.001 -1 0 12,0 0.001 1 -1 14,2 0.001 1 -1 185.225 575 13,14 0.002 1 1 14,14 0.001 -1 -1 13,15 0.001 0 -1 30.0408 2 ::f,0,12 f,3,0 f,12,3 f,15,12 
262:2,0 0.001 -1 -1 2,1 0.001 1 0 2,2 0.001 -1 1 31.0832 230 2,14 0.001 -1 0 1,14 0.001 -1 0 2,15 0.001 -1 0 138.14 500 14,3 0.001 -1 0 12,0 0.001 1 0 14,2 0.001 1 0 185.226 575 13,14 0.002 1 1 14,14 0.001 0 -1 13,15 0.001 0 -1 30.0408 2 ::f,0,12 f,3,0 f,12,3 f,15,12 
263:2,0 0.001 -1 -1 2,1 0.001 1 1 2,2 0.001 -1 1 31.0832 230 2,14 0.001 -1 0 1,14 0.001 -1 0 2,15 0.001 -1 0 138.14 500 13,3 0.001 -1 0 13,0 0.001 1 0 14,2 0.001 1 0 185.228 575 13,14 0.002 1 0 14,14 0.001 0 -1 13,15 0.001 1 -1 30.0408 2 ::f,0,12 f,3,0 f,12,3 f,15,12 
264:2,0 0.001 -1 -1 2,1 0.001 1 1 2,2 0.001 -1 0 31.0832 230 2,14 0.001 -1 -1 1,14 0.001 -1 -1 1,15 0.001 -1 0 138.141 500 13,3 0.001 -1 0 13,0 0.001 1 0 14,2 0.001 1 1 195.228 590 13,14 0.002 1 0 14,14 0.001 1 -1 13,15 0.001 1 -1 30.0408 2 ::f,0,12 f,3,0 f,14,3 f,15,12 
265:2,0 0.001 -1 -1 2,1 0.001 0 1 1,2 0.001 -1 0 31.0842 230 1,13 0.001 -1 -1 1,14 0.001 -1 -1 1,15 0.001 -1 0 138.142 500 12,3 0.001 -1 0 14,0 0.001 1 0 14,2 0.001 1 1 195.23 590 13,14 0.001 1 0 14,14 0.001 1 -1 13,15 0.001 1 0 30.0408 2 ::f,0,12 f,3,0 f,14,3 f,15,12 
266:2,0 0.001 -1 -1 2,2 0.001 0 1 1,2 0.001 -1 0 31.0852 230 1,13 0.001 -1 -1 1,14 0.001 0 -1 0,15 0.001 -1 0 148.143 515 12,3 0.001 -1 -1 14,0 0.001 1 0 14,2 0.001 0 1 195.23 590 13,14 0.002 1 0 14,14 0.001 1 0 13,15 0.001 1 0 30.0408 2 ::f,2,12 f,3,0 f,14,3 f,15,12 
267:2,0 0.001 -1 -1 2,2 0.001 0 1 1,2 0.001 -1 -1 31.0852 230 1,13 0.001 0 -1 1,14 0.001 0 -1 0,15 0.001 -1 -1 148.143 515 12,3 0.001 -1 -1 15,0 0.001 1 0 14,2 0.001 0 1 205.231 605 13,14 0.002 1 -1 14,14 0.001 1 0 13,15 0.001 1 1 30.0408 2 ::f,2,12 f,3,0 f,15,2 f,15,12 
268:2,0 0.001 -1 -1 2,2 0.001 -1 1 1,2 0.001 -1 -1 31.0852 230 1,13 0.001 0 -1 1,14 0.001 0 -1 0,15 0.001 -1 -1 148.143 515 12,3 0.001 0 -1 15,0 0.001 1 1 14,2 0.001 -1 1 205.231 605 14,13 0.002 1 -1 14,14 0.001 1 1 13,15 0.001 1 1 30.0418 2 ::f,2,12 f,3,0 f,15,2 f,15,12 
269:2,0 0.001 -1 -1 2,2 0.001 -1 1 1,2 0.001 0 -1 31.0852 230 1,13 0.001 1 -1 1,14 0.001 1 -1 0,15 0.001 0 -1 148.143 515 12,2 0.001 0 -1 15,0 0.001 1 1 14,2 0.001 -1 1 205.232 605 14,13 0.001 1 -1 14,14 0.001 1 1 13,15 0.001 1 1 30.0419 17 ::f,2,12 f,3,0 f,12,15 f,15,2 
270:2,0 0.001 -1 -1 2,2 0.001 -1 0 1,1 0.001 0 -1 31.0862 230 1,13 0.001 1 -1 1,14 0.001 1 -1 0,14 0.001 0 -1 158.144 530 12,2 0.001 0 -1 15,0 0.001 0 1 14,2 0.001 -1 0 205.232 605 14,13 0.002 1 -1 14,14 0.001 0 1 13,15 0.001 1 1 30.0419 13 :15,12 :f,3,0 f,3,13 f,12,15 f,15,2 
271:2,0 0.001 -1 -1 1,2 0.001 -1 0 1,1 0.001 0 -1 31.0872 230 1,13 0.001 1 0 1,14 0.001 1 0 0,14 0.001 0 -1 158.144 530 12,1 0.001 0 -1 15,1 0.001 0 1 13,2 0.001 -1 0 205.235 605 14,13 0.002 0 -1 14,14 0.001 0 1 13,15 0.001 0 1 30.0419 13 ::f,3,0 f,3,13 f,12,15 f,15,2 
272:2,0 0.001 -1 -1 1,2 0.001 -1 0 1,1 0.001 1 -1 31.0872 230 2,13 0.001 1 0 1,14 0.001 1 0 0,13 0.001 0 -1 158.146 530 12,1 0.001 0 -1 15,1 0.001 0 1 13,2 0.001 -1 0 215.235 620 14,13 0.002 0 -1 14,14 0.001 -1 1 13,15 0.001 0 1 30.0419 9 :14,12 :f,3,0 f,3,13 f,12,15 f,15,3 
273:2,0 0.001 -1 -1 1,2 0.001 -1 -1 1,1 0.001 1 -1 31.0872 230 2,13 0.001 1 0 1,14 0.001 1 1 0,13 0.001 0 -1 168.146 545 12,0 0.001 0 -1 15,2 0.001 0 1 13,2 0.001 -1 -1 215.237 620 14,12 0.002 0 -1 14,14 0.001 -1 1 13,15 0.001 -1 1 30.0429 9 :14,11 :f,3,0 f,3,13 f,12,15 f,15,3 
274:2,0 0.001 -1 -1 1,2 0.001 -1 -1 1,1 0.001 1 0 31.0872 230 2,13 0.001 1 1 1,14 0.001 1 1 0,12 0.001 0 -1 168.147 545 12,0 0.001 1 -1 15,2 0.001 0 1 13,2 0.001 -1 -1 225.237 635 14,12 0.001 0 -1 14,14 0.001 -1 0 13,15 0.001 -1 1 30.0429 9 :14,10 :f,3,0 f,3,13 f,12,15 f,13,1 
275:2,0 0.001 -1 -1 1,2 0.001 0 -1 2,1 0.001 1 0 31.0882 230 2,13 0.001 1 1 1,14 0.001 0 1 0,12 0.001 1 -1 168.147 545 12,0 0.001 1 -1 15,3 0.001 0 1 13,2 0.001 0 -1 225.238 635 14,12 0.002 0 -1 13,14 0.001 -1 0 13,15 0.001 -1 0 30.0439 5 :14,9 14,11 :f,3,0 f,3,13 f,12,15 f,13,1 
276:2,0 0.001 -1 -1 1,1 0.001 0 -1 2,1 0.001 1 0 31.0892 230 2,13 0.001 0 1 1,14 0.001 0 1 0,12 0.001 1 -1 168.147 545 12,0 0.001 1 0 15,3 0.001 -1 1 13,2 0.001 0 -1 225.238 635 14,12 0.002 0 -1 13,14 0.001 -1 0 13,15 0.001 -1 0 31.044 20 :14,8 14,10 :f,3,0 f,3,13 f,12,13 f,13,1 
277:2,0 0.001 -1 -1 1,1 0.001 0 -1 2,1 0.001 1 1 31.0892 230 2,14 0.001 0 1 1,14 0.001 -1 1 0,12 0.001 1 0 168.148 545 13,0 0.001 1 0 15,3 0.001 -1 1 13,2 0.001 0 -1 225.239 635 14,12 0.001 0 -1 13,14 0.001 -1 -1 13,15 0.001 -1 -1 31.044 20 :14,7 14,9 :f,3,0 f,3,13 f,12,13 f,13,1 
278:2,0 0.001 -1 -1 1,1 0.001 1 -1 2,1 0.001 1 1 31.0892 230 2,14 0.001 0 1 1,14 0.001 -1 1 1,12 0.001 1 0 168.149 545 13,0 0.001 1 0 15,3 0.001 -1 0 13,2 0.001 0 -1 235.239 650 14,12 0.002 0 -1 13,14 0.001 -1 -1 13,15 0.001 -1 -1 34.0441 31 :14,6 14,8 14,11 :f,3,0 f,3,13 f,14,14 f,15,1 
279:2,0 0.001 -1 -1 1,1 0.001 1 -1 2,1 0.001 0 1 31.0892 230 2,14 0.001 -1 1 1,14 0.001 -1 0 1,12 0.001 1 0 168.149 545 14,0 0.001 1 0 14,3 0.001 -1 0 13,2 0.001 1 -1 235.241 650 14,12 0.002 -1 -1 13,14 0.001 0 -1 13,15 0.001 0 -1 34.0441 31 :14,5 14,7 14,10 :f,3,0 f,3,13 f,14,14 f,15,1 
280:2,0 0.001 -1 -1 1,1 0.001 1 0 2,2 0.001 0 1 31.0902 230 2,14 0.001 -1 1 1,14 0.001 -1 0 2,12 0.001 1 0 168.15 545 14,0 0.001 1 0 14,3 0.001 -1 0 13,2 0.001 1 0 235.241 650 14,12 0.001 -1 -1 13,13 0.001 0 -1 13,15 0.001 0 -1 34.0451 31 :14,4 14,6 14,9 :f,3,0 f,3,13 f,14,14 f,15,1 
281:2,0 0.001 -1 -1 2,1 0.001 1 0 2,2 0.001 0 1 31.0912 230 2,14 0.001 -1 0 1,14 0.001 -1 -1 2,12 0.001 1 0 168.15 545 15,0 0.001 1 0 13,3 0.001 -1 0 13,2 0.001 1 0 235.243 650 14,12 0.002 -1 -1 13,12 0.001 0 -1 13,15 0.001 1 -1 34.0461 27 :14,3 14,5 14,8 13,11 :f,3,0 f,3,13 f,14,14 f,15,1 
282:2,0 0.001 -1 -1 2,1 0.001 1 0 2,2 0.001 -1 1 31.0912 230 2,14 0.001 -1 0 1,14 0.001 -1 -1 3,12 0.001 1 0 168.151 545 15,0 0.001 1 1 13,3 0.001 -1 0 13,2 0.001 1 1 235.243 650 14,12 0.002 -1 -1 13,12 0.001 0 -1 13,15 0.001 1 -1 36.0462 42 :14,2 14,4 14,7 12,10 :f,3,0 f,3,13 f,15,1 f,15,13 
283:2,0 0.001 -1 -1 2,1 0.001 1 1 2,2 0.001 -1 1 31.0912 230 2,14 0.001 -1 0 1,14 0.001 0 -1 3,12 0.001 1 1 168.151 545 15,0 0.001 1 1 12,3 0.001 -1 0 13,2 0.001 1 1 235.244 650 14,12 0.001 -1 -1 13,12 0.001 1 -1 13,15 0.001 1 0 36.0462 42 :14,1 14,3 14,6 11,9 :f,3,0 f,3,13 f,15,1 f,15,13 
284:2,0 0.001 -1 -1 2,1 0.001 1 1 2,2 0.001 -1 0 31.0912 230 2,14 0.001 -1 -1 1,13 0.001 0 -1 3,12 0.001 1 1 168.152 545 15,0 0.001 0 1 12,3 0.001 -1 -1 13,2 0.001 0 1 235.244 650 14,12 0.002 -1 -1 13,12 0.001 1 -1 13,15 0.001 1 0 36.0462 38 :14,0 14,2 14,5 10,8 13,11 :f,3,0 f,3,13 f,15,1 f,15,13 
285:2,0 0.001 -1 -1 2,1 0.001 0 1 1,2 0.001 -1 0 31.0922 230 2,14 0.001 -1 -1 1,13 0.001 0 -1 3,12 0.001 0 1 168.152 545 15,0 0.001 0 1 12,3 0.001 -1 -1 13,2 0.001 0 1 235.244 650 14,12 0.002 -1 0 13,12 0.001 1 0 13,15 0.001 1 1 36.0462 38 :14,1 14,4 9,7 12,10 :f,3,0 f,3,13 f,15,1 f,15,13 
286:2,0 0.001 -1 -1 2,2 0.001 0 1 1,2 0.001 -1 0 31.0932 230 2,14 0.001 0 -1 1,13 0.001 1 -1 3,12 0.001 0 1 168.152 545 15,0 0.001 0 1 12,3 0.001 0 -1 13,2 0.001 -1 1 245.244 665 14,12 0.001 -1 0 13,12 0.001 1 0 13,15 0.001 1 1 36.0462 38 :14,0 14,3 8,6 11,9 :f,3,0 f,3,13 f,13,1 f,15,13 
287:2,0 0.001 -1 -1 2,2 0.001 0 1 1,2 0.001 -1 -1 31.0932 230 2,14 0.001 0 -1 1,13 0.001 1 -1 3,12 0.001 0 1 178.152 560 15,1 0.001 0 1 12,2 0.001 0 -1 13,2 0.001 -1 1 245.246 665 14,12 0.002 -1 0 13,12 0.001 1 1 13,15 0.001 0 1 36.0462 34 :14,2 7,5 10,8 13,12 :f,1,12 f,3,0 f,13,1 f,15,13 
288:2,0 0.001 -1 -1 2,2 0.001 -1 1 1,2 0.001 -1 -1 31.0932 230 2,14 0.001 1 -1 1,13 0.001 1 0 3,13 0.001 0 1 178.153 560 15,1 0.001 0 1 12,2 0.001 0 -1 13,2 0.001 -1 0 245.246 665 14,12 0.002 -1 1 13,12 0.001 1 1 13,15 0.001 0 1 36.0462 34 :14,1 6,4 9,7 :f,1,12 f,3,0 f,13,1 f,15,13 
289:2,0 0.001 -1 -1 2,2 0.001 -1 1 1,2 0.001 0 -1 31.0932 230 2,14 0.001 1 -1 2,13 0.001 1 0 3,13 0.001 0 1 178.154 560 15,2 0.001 0 1 12,1 0.001 0 -1 13,2 0.001 -1 0 245.248 665 14,12 0.002 -1 1 13,12 0.001 0 1 13,15 0.001 -1 1 36.0462 30 :14,0 5,3 8,6 13,13 :f,1,12 f,3,0 f,13,1 f,15,13 
290:2,0 0.001 -1 -1 2,2 0.001 -1 0 1,1 0.001 0 -1 31.0942 230 2,14 0.001 1 0 2,13 0.001 1 0 3,14 0.001 0 1 178.155 560 15,2 0.001 0 1 12,1 0.001 0 -1 13,2 0.001 -1 -1 245.248 665 13,13 0.002 -1 1 13,12 0.001 0 1 13,15 0.001 -1 1 36.0472 30 :4,2 7,5 12,14 :f,1,12 f,3,0 f,13,1 f,15,13 
291:2,0 0.001 -1 -1 1,2 0.001 -1 0 1,1 0.001 0 -1 31.0952 230 2,14 0.001 1 0 2,13 0.001 1 1 3,14 0.001 0 1 178.155 560 15,3 0.001 0 1 12,0 0.001 0 -1 13,2 0.001 -1 -1 245.25 665 13,13 0.001 -1 1 13,12 0.001 -1 1 13,15 0.001 -1 0 36.0472 30 :3,1 6,4 11,15 :f,1,12 f,3,0 f,13,1 f,15,13 
292:2,0 0.001 -1 -1 1,2 0.001 -1 0 1,1 0.001 1 -1 31.0952 230 2,14 0.001 1 1 2,13 0.001 1 1 3,15 0.001 0 1 178.156 560 15,3 0.001 -1 1 12,0 0.001 1 -1 13,2 0.001 0 -1 245.25 665 13,13 0.002 -1 1 13,12 0.001 -1 1 13,15 0.001 -1 0 36.0472 26 :2,0 5,3 12,14 :f,1,12 f,3,0 f,13,1 f,15,13 
293:2,0 0.001 -1 -1 1,2 0.001 -1 -1 1,1 0.001 1 -1 31.0952 230 2,14 0.001 1 1 2,13 0.001 0 1 3,15 0.001 -1 1 178.156 560 15,3 0.001 -1 1 12,0 0.001 1 -1 13,2 0.001 0 -1 245.25 665 12,14 0.002 -1 1 13,12 0.001 -1 0 13,15 0.001 -1 -1 39.0482 26 :4,2 11,15 :f,1,12 f,3,0 f,13,1 f,15,13 
294:2,0 0.001 -1 -1 1,2 0.001 -1 -1 1,1 0.001 1 0 31.0952 230 2,14 0.001 0 1 2,13 0.001 0 1 3,15 0.001 -1 1 178.156 560 15,3 0.001 -1 0 12,0 0.001 1 0 13,2 0.001 0 -1 255.25 680 12,14 0.001 -1 1 13,12 0.001 -1 0 13,15 0.001 -1 -1 39.0482 26 :3,1 :f,1,12 f,3,0 f,14,1 f,15,13 
295:2,0 0.001 -1 -1 1,2 0.001 0 -1 2,1 0.001 1 0 31.0962 230 2,14 0.001 0 1 2,13 0.001 0 1 3,15 0.001 -1 0 178.156 560 14,3 0.001 -1 0 13,0 0.001 1 0 13,1 0.001 0 -1 255.253 680 12,14 0.002 -1 1 13,12 0.001 -1 -1 13,15 0.001 0 -1 39.0482 22 :2,0 11,15 :f,1,12 f,3,0 f,14,1 f,15,13 
296:2,0 0.001 -1 -1 1,1 0.001 0 -1 2,1 0.001 1 0 31.0972 230 2,14 0.001 -1 1 2,13 0.001 -1 1 2,15 0.001 -1 0 178.157 560 14,3 0.001 -1 0 13,0 0.001 1 0 13,1 0.001 0 -1 255.253 680 12,14 0.002 0 1 13,12 0.001 -1 -1 13,15 0.001 0 -1 42.0482 22 ::f,1,12 f,3,0 f,14,1 f,15,13 
297:2,0 0.001 -1 -1 1,1 0.001 0 -1 2,1 0.001 1 1 31.0972 230 2,14 0.001 -1 1 2,13 0.001 -1 1 2,15 0.001 -1 0 178.157 560 13,3 0.001 -1 0 14,0 0.001 1 0 13,1 0.001 1 -1 255.255 680 12,14 0.002 0 1 13,12 0.001 0 -1 13,15 0.001 1 -1 42.0482 18 :12,15 :f,1,12 f,3,0 f,14,1 f,15,13 
298:2,0 0.001 -1 -1 1,1 0.001 1 -1 2,1 0.001 1 1 31.0972 230 2,14 0.001 -1 0 2,13 0.001 -1 0 1,15 0.001 -1 0 178.158 560 13,3 0.001 -1 0 14,0 0.001 1 0 13,1 0.001 1 -1 255.255 680 12,14 0.002 1 1 13,12 0.001 0 -1 13,15 0.001 1 -1 42.0482 18 ::f,1,12 f,3,0 f,14,1 f,15,13 
299:2,0 0.001 -1 -1 1,1 0.001 1 -1 2,1 0.001 0 1 31.0972 230 1,14 0.001 -1 0 2,13 0.001 -1 0 1,15 0.001 -1 0 178.159 560 12,3 0.001 -1 0 15,0 0.001 1 0 13,1 0.001 1 0 255.257 680 12,14 0.002 1 1 13,12 0.001 1 -1 13,15 0.001 1 0 42.0482 14 :13,15 :f,1,12 f,3,0 f,14,1 f,15,13 
