16
0:3,2 0.002 0 -1 2,3 0.003 0 1 2,1 0.002 -1 0 0.002 46 3,15 0.001 -1 1 2,13 0.003 -1 0 3,12 0.002 1 1 0.001 50 14,2 0.001 1 0 13,2 0.003 0 -1 13,0 0.002 -1 0 0.003 50 15,15 0.001 1 0 12,14 0.003 -1 1 13,15 0.002 -1 1 0.001 50 :3,1 :f,1,15 f,2,0 f,12,0 f,14,12 
1:3,2 0.002 0 -1 2,3 0.001 0 1 2,1 0.002 -1 -1 0.002 42 3,15 0.001 -1 1 2,13 0.003 -1 -1 3,12 0.001 1 1 0.001 50 14,2 0.001 1 0 13,2 0.001 0 -1 13,0 0.001 -1 0 0.0031 65 15,15 0.001 1 0 12,14 0.001 -1 1 13,15 0.001 -1 1 0.001 50 :3,0 3,1 :f,1,15 f,2,0 f,14,12 f,15,1 
2:3,2 0.002 0 -1 2,3 0.001 -1 1 2,1 0.002 0 -1 0.002 38 3,15 0.001 -1 0 2,13 0.003 0 -1 3,12 0.001 0 1 0.001 50 14,2 0.001 1 1 13,2 0.001 1 -1 13,0 0.001 -1 -1 0.0031 65 15,15 0.001 1 1 12,14 0.001 -1 0 13,15 0.001 -1 0 0.001 50 :3,0 3,1 :f,1,15 f,2,0 f,14,12 f,15,1 
3:3,2 0.002 0 -1 2,3 0.001 -1 1 2,1 0.002 1 -1 0.002 34 3,15 0.001 -1 0 2,13 0.003 1 -1 3,12 0.001 0 1 0.001 50 14,2 0.001 1 1 13,2 0.001 1 -1 13,0 0.001 -1 -1 0.0031 65 15,15 0.001 1 1 12,14 0.001 -1 1 13,15 0.001 -1 0 0.001 50 :3,0 3,1 :f,1,15 f,2,0 f,14,12 f,15,1 
4:3,2 0.002 0 -1 2,3 0.001 -1 0 2,1 0.002 1 0 0.002 30 3,15 0.001 -1 -1 2,13 0.003 1 0 3,12 0.001 -1 1 0.001 50 14,2 0.001 0 1 13,2 0.001 1 0 13,0 0.001 0 -1 0.0031 65 15,15 0.001 0 1 12,14 0.001 -1 0 13,15 0.001 -1 -1 0.001 50 :3,0 3,1 :f,1,15 f,2,0 f,14,12 f,15,1 
5:3,2 0.002 0 -1 2,3 0.001 -1 0 2,1 0.002 1 1 0.002 26 3,15 0.001 -1 -1 2,13 0.003 1 1 3,12 0.001 -1 1 0.001 50 14,2 0.001 0 1 13,2 0.001 1 0 13,0 0.001 0 -1 0.0031 65 15,15 0.001 0 1 12,14 0.001 -1 0 13,15 0.001 -1 -1 0.001 50 :3,0 3,1 :f,1,15 f,2,0 f,14,12 f,15,1 
6:3,2 0.002 0 -1 2,3 0.001 -1 -1 2,1 0.002 0 1 0.002 22 3,15 0.001 0 -1 2,13 0.003 0 1 3,12 0.001 -1 0 0.001 50 14,2 0.001 -1 1 13,2 0.001 1 1 13,0 0.001 1 -1 0.0031 65 15,15 0.001 -1 1 12,14 0.001 -1 -1 13,15 0.001 0 -1 0.001 50 :3,0 3,1 :f,1,15 f,2,0 f,14,12 f,15,1 
7:3,2 0.002 0 -1 2,3 0.001 -1 -1 2,1 0.002 -1 1 0.002 18 3,15 0.001 0 -1 2,13 0.003 -1 1 3,12 0.001 -1 0 0.001 50 14,2 0.001 -1 1 13,2 0.001 1 1 13,0 0.001 1 -1 0.0031 65 15,15 0.001 -1 1 12,14 0.001 -1 -1 13,15 0.001 0 -1 0.001 50 :3,0 3,1 :f,1,15 f,2,0 f,14,12 f,15,1 
8:3,2 0.002 0 -1 2,3 0.001 0 -1 2,1 0.002 -1 0 0.002 14 3,15 0.001 1 -1 2,13 0.003 -1 0 3,12 0.001 -1 -1 0.001 50 14,2 0.001 -1 0 13,2 0.001 0 1 13,0 0.001 1 0 0.0031 65 15,15 0.001 -1 0 12,14 0.001 0 -1 13,15 0.001 1 -1 0.001 50 :3,0 3,1 :f,1,15 f,2,0 f,14,12 f,15,1 
9:3,2 0.002 0 -1 2,2 0.001 0 -1 2,1 0.002 -1 -1 0.003 10 3,15 0.001 1 -1 2,13 0.003 -1 -1 3,12 0.001 -1 -1 0.001 50 14,2 0.001 -1 0 13,2 0.001 0 1 13,0 0.001 1 0 0.0031 65 15,15 0.001 -1 0 12,14 0.001 0 -1 13,15 0.001 1 -1 0.001 50 :3,0 3,1 :f,1,15 f,2,0 f,14,12 f,15,1 
10:3,2 0.002 0 -1 2,2 0.001 0 -1 2,1 0.002 0 -1 0.003 6 3,15 0.001 1 0 2,13 0.003 0 -1 3,12 0.001 0 -1 0.001 50 14,2 0.001 -1 -1 13,2 0.001 -1 1 13,0 0.001 1 1 0.0031 65 15,15 0.001 -1 -1 12,14 0.001 1 -1 13,15 0.001 1 0 0.001 50 :3,0 3,1 :f,1,15 f,2,0 f,14,12 f,15,1 
11:3,2 0.002 0 -1 2,2 0.001 1 -1 2,1 0.002 1 -1 0.003 2 3,15 0.001 1 0 2,13 0.003 1 -1 3,12 0.001 0 -1 0.001 50 14,2 0.001 -1 -1 13,2 0.001 -1 1 13,0 0.001 1 1 0.0031 65 15,15 0.001 -1 -1 13,13 0.001 1 -1 14,15 0.001 1 0 0.003 50 :3,0 3,1 :f,1,15 f,2,0 f,14,12 f,15,1 
12:3,2 0.002 0 -1 2,2 0.001 1 -1 2,1 0.002 1 0 0.003 2 3,15 0.001 1 1 2,13 0.003 1 0 3,12 0.001 1 -1 0.001 50 14,2 0.001 0 -1 13,2 0.001 -1 0 13,0 0.001 0 1 0.0031 65 14,14 0.001 -1 -1 13,13 0.001 1 -1 14,15 0.001 1 0 0.0041 65 :3,0 :f,1,15 f,2,0 f,13,15 f,15,1 
13:3,2 0.002 0 -1 2,2 0.001 1 0 2,1 0.002 1 1 0.003 2 3,15 0.001 1 1 2,13 0.003 1 1 3,12 0.001 1 -1 0.001 50 14,2 0.001 0 -1 13,2 0.001 -1 0 13,1 0.001 0 1 0.0041 65 14,14 0.001 -1 -1 13,13 0.001 1 0 14,15 0.001 1 1 0.0041 65 ::f,1,15 f,2,0 f,13,15 f,15,1 
14:3,2 0.002 0 -1 2,2 0.001 1 0 2,1 0.002 0 1 0.003 2 3,15 0.001 0 1 2,13 0.003 0 1 3,12 0.001 1 0 0.001 50 14,2 0.001 1 -1 13,2 0.001 -1 -1 13,1 0.001 0 1 0.0041 65 14,14 0.001 0 -1 13,13 0.001 1 0 14,15 0.001 1 1 0.0041 65 ::f,1,15 f,2,0 f,13,15 f,15,1 
15:3,2 0.002 0 -1 2,2 0.001 1 1 2,1 0.002 -1 1 0.003 2 3,15 0.001 0 1 2,13 0.003 -1 1 3,12 0.001 1 0 0.001 50 14,2 0.001 1 -1 13,2 0.001 -1 -1 13,1 0.001 -1 1 0.0042 80 14,14 0.001 0 -1 13,13 0.001 1 1 14,15 0.001 0 1 0.0041 65 ::f,1,15 f,2,0 f,13,15 f,15,2 
16:3,2 0.002 0 -1 2,2 0.001 1 1 2,1 0.002 -1 0 0.003 2 3,15 0.001 -1 1 2,13 0.003 -1 0 3,12 0.001 1 1 0.001 50 14,2 0.001 1 0 13,2 0.001 0 -1 13,1 0.001 -1 1 0.0042 80 14,14 0.001 1 -1 13,13 0.001 1 1 14,15 0.001 0 1 0.0041 65 ::f,1,15 f,2,0 f,13,15 f,15,2 
17:3,2 0.002 0 -1 2,2 0.001 0 1 2,1 0.002 -1 -1 0.003 2 3,15 0.001 -1 1 2,13 0.003 -1 -1 3,12 0.001 1 1 0.001 50 14,2 0.001 1 0 13,2 0.001 0 -1 13,1 0.001 -1 0 1.0043 95 14,14 0.001 1 -1 13,13 0.001 0 1 14,15 0.001 -1 1 0.0041 65 ::f,1,15 f,2,0 f,12,0 f,13,15 
18:3,2 0.002 0 -1 2,2 0.001 0 1 2,1 0.002 0 -1 0.003 2 3,15 0.001 -1 0 2,13 0.003 0 -1 3,12 0.001 0 1 0.001 50 14,2 0.001 1 1 13,2 0.001 0 -1 13,1 0.001 -1 0 1.0043 95 14,14 0.001 1 0 13,14 0.001 0 1 14,15 0.001 -1 1 0.0051 65 ::f,1,15 f,2,0 f,12,0 f,13,15 
19:3,2 0.002 0 -1 2,2 0.001 -1 1 2,1 0.002 1 -1 0.003 2 2,15 0.001 -1 0 2,13 0.003 1 -1 3,13 0.001 0 1 0.003 50 14,2 0.001 1 1 13,2 0.001 1 -1 13,1 0.001 -1 -1 1.0043 95 14,14 0.001 1 0 13,14 0.001 0 1 14,15 0.001 -1 0 1.0052 80 ::f,1,15 f,2,0 f,12,0 f,12,15 
20:3,2 0.002 0 -1 2,2 0.001 -1 1 2,1 0.002 1 0 0.003 2 2,15 0.001 -1 0 2,13 0.003 1 0 3,13 0.001 0 1 0.0031 65 14,2 0.001 0 1 13,2 0.001 1 -1 13,1 0.001 -1 -1 2.0044 110 14,14 0.001 1 1 13,14 0.001 -1 1 13,15 0.001 -1 0 1.0062 80 ::f,0,15 f,2,0 f,12,15 f,15,3 
21:3,2 0.002 0 -1 2,2 0.001 -1 0 2,1 0.002 1 1 0.003 2 1,15 0.001 -1 0 2,13 0.003 1 1 3,13 0.001 -1 1 0.0041 65 14,2 0.001 0 1 13,2 0.001 1 0 13,1 0.001 0 -1 2.0044 110 14,14 0.001 1 1 13,14 0.001 -1 1 13,15 0.001 -1 0 3.0063 95 ::f,0,15 f,2,0 f,15,3 f,15,15 
22:3,2 0.002 0 -1 1,2 0.001 -1 0 2,1 0.002 0 1 0.004 2 1,15 0.001 -1 0 2,13 0.003 0 1 2,14 0.001 -1 1 1.0052 80 14,2 0.001 -1 1 13,2 0.001 1 0 13,1 0.001 0 -1 2.0044 110 14,14 0.001 0 1 13,14 0.001 -1 0 13,15 0.001 -1 -1 3.0063 95 ::f,2,0 f,2,12 f,15,3 f,15,15 
23:3,2 0.002 0 -1 1,2 0.001 -1 0 2,1 0.002 -1 1 0.004 2 1,15 0.001 -1 -1 2,13 0.003 -1 1 2,14 0.001 -1 1 1.0052 80 14,2 0.001 -1 1 13,2 0.001 1 1 13,1 0.001 1 -1 2.0044 110 14,14 0.001 0 1 13,14 0.001 -1 0 13,15 0.001 -1 -1 3.0063 95 ::f,2,0 f,2,12 f,15,3 f,15,15 
24:3,2 0.002 0 -1 1,2 0.001 -1 -1 2,1 0.002 -1 0 0.004 2 1,15 0.001 -1 -1 2,13 0.003 -1 0 2,14 0.001 -1 0 1.0052 80 14,2 0.001 -1 0 13,2 0.001 1 1 13,1 0.001 1 -1 2.0044 110 14,14 0.001 -1 1 13,14 0.001 -1 -1 13,15 0.001 0 -1 3.0063 95 ::f,2,0 f,2,12 f,15,3 f,15,15 
25:3,2 0.002 0 -1 1,2 0.001 -1 -1 2,1 0.002 -1 -1 0.004 2 1,15 0.001 0 -1 2,13 0.003 -1 -1 2,14 0.001 -1 0 1.0052 80 14,2 0.001 -1 0 13,2 0.001 0 1 13,1 0.001 1 0 2.0044 110 14,14 0.001 -1 1 13,14 0.001 -1 -1 13,15 0.001 0 -1 3.0063 95 ::f,2,0 f,2,12 f,15,3 f,15,15 
26:3,2 0.002 0 -1 1,2 0.001 0 -1 2,1 0.002 0 -1 0.004 2 1,14 0.001 0 -1 2,13 0.003 0 -1 2,14 0.001 -1 -1 1.0062 80 14,2 0.001 -1 0 13,2 0.001 0 1 14,1 0.001 1 0 2.0054 110 14,14 0.001 -1 0 13,14 0.001 0 -1 13,15 0.001 0 -1 3.0063 95 ::f,2,0 f,2,12 f,15,3 f,15,15 
27:3,2 0.002 0 -1 1,1 0.001 0 -1 2,1 0.002 1 -1 0.005 2 1,14 0.001 0 -1 2,13 0.003 1 -1 2,14 0.001 -1 -1 1.0062 80 14,2 0.001 -1 -1 13,2 0.001 -1 1 14,1 0.001 1 0 2.0054 110 14,14 0.001 -1 0 13,13 0.001 0 -1 13,14 0.001 0 -1 3.0083 95 ::f,2,0 f,2,12 f,15,3 f,15,15 
28:3,2 0.002 0 -1 1,1 0.001 0 -1 2,1 0.002 1 0 0.005 2 1,14 0.001 1 -1 2,13 0.003 1 0 2,14 0.001 0 -1 1.0062 80 14,2 0.001 -1 -1 13,2 0.001 -1 1 14,1 0.001 1 1 2.0054 110 14,14 0.001 -1 0 13,13 0.001 0 -1 13,14 0.001 0 -1 3.0083 95 ::f,2,0 f,2,12 f,15,3 f,15,15 
29:3,2 0.002 0 -1 1,1 0.001 1 -1 2,1 0.002 1 1 0.005 2 1,14 0.001 1 -1 2,13 0.003 1 1 2,14 0.001 0 -1 1.0062 80 14,2 0.001 0 -1 13,2 0.001 -1 0 14,1 0.001 1 1 2.0054 110 14,14 0.001 -1 -1 13,13 0.001 1 -1 13,14 0.001 1 -1 3.0083 95 ::f,2,0 f,2,12 f,15,3 f,15,15 
30:3,2 0.002 0 -1 1,1 0.001 1 -1 2,1 0.002 0 1 0.0051 17 1,14 0.001 1 0 2,13 0.003 0 1 2,14 0.001 0 -1 1.0062 80 14,2 0.001 0 -1 13,2 0.001 -1 0 14,1 0.001 0 1 2.0054 110 14,14 0.001 -1 -1 13,13 0.001 1 -1 13,14 0.001 1 -1 3.0083 95 ::f,2,2 f,2,12 f,15,3 f,15,15 
31:3,2 0.002 0 -1 1,1 0.001 1 0 2,1 0.002 -1 1 0.0051 13 1,14 0.001 1 0 2,13 0.003 -1 1 2,14 0.001 1 -1 1.0062 80 14,2 0.001 1 -1 13,2 0.001 -1 -1 14,1 0.001 0 1 2.0054 110 14,14 0.001 0 -1 13,13 0.001 1 0 13,14 0.001 1 0 3.0083 95 :3,1 :f,2,2 f,2,12 f,15,3 f,15,15 
32:3,2 0.002 0 -1 1,1 0.001 1 0 2,1 0.002 -1 0 0.0051 9 1,14 0.001 1 1 2,13 0.003 -1 0 2,14 0.001 1 -1 1.0062 80 14,2 0.001 1 -1 13,2 0.001 -1 -1 14,1 0.001 0 1 2.0054 110 14,14 0.001 0 -1 14,13 0.001 1 0 13,14 0.001 1 0 3.0093 95 :3,0 3,1 :f,2,2 f,2,12 f,15,3 f,15,15 
33:3,2 0.002 0 -1 1,1 0.001 1 0 2,1 0.002 -1 -1 0.0051 5 1,14 0.001 1 1 2,13 0.003 -1 -1 2,14 0.001 1 0 1.0062 80 14,2 0.001 1 0 13,2 0.001 0 -1 14,1 0.001 -1 1 2.0054 110 14,14 0.001 1 -1 14,13 0.001 1 0 13,14 0.001 1 1 3.0093 95 :3,0 3,1 :f,2,2 f,2,12 f,15,3 f,15,15 
34:3,2 0.002 0 -1 1,1 0.001 1 1 2,1 0.002 0 -1 0.0051 1 1,14 0.001 0 1 2,13 0.003 0 -1 2,14 0.001 1 0 1.0062 80 14,2 0.001 1 0 13,1 0.001 0 -1 14,1 0.001 -1 1 2.0064 110 14,14 0.001 1 -1 14,13 0.001 1 1 13,14 0.001 1 1 3.0093 95 :3,0 3,1 :f,2,2 f,2,12 f,15,3 f,15,15 
35:3,2 0.002 0 -1 1,1 0.001 1 1 2,1 0.002 1 -1 1.0052 16 1,14 0.001 0 1 2,13 0.003 1 -1 2,14 0.001 1 1 1.0062 80 14,2 0.001 1 1 13,1 0.001 0 -1 14,1 0.001 -1 0 2.0064 110 14,14 0.001 1 0 14,13 0.001 1 1 13,14 0.001 0 1 3.0093 95 :3,0 :f,0,0 f,2,12 f,15,3 f,15,15 
36:3,2 0.002 0 -1 1,1 0.001 0 1 2,1 0.002 1 0 1.0052 12 1,14 0.001 -1 1 2,13 0.003 1 0 2,14 0.001 1 1 1.0062 80 14,2 0.001 1 1 13,1 0.001 1 -1 14,1 0.001 -1 0 4.0065 125 14,14 0.001 1 0 14,13 0.001 0 1 13,14 0.001 0 1 3.0093 95 :3,1 :f,0,0 f,2,12 f,12,1 f,15,15 
37:3,2 0.002 0 -1 1,1 0.001 0 1 2,1 0.002 1 1 1.0052 8 1,14 0.001 -1 1 2,13 0.003 1 1 2,14 0.001 0 1 1.0062 80 14,2 0.001 0 1 13,1 0.001 1 -1 14,1 0.001 -1 0 4.0065 125 14,14 0.001 1 1 14,13 0.001 0 1 13,14 0.001 -1 1 3.0093 95 :3,0 3,1 :f,0,0 f,2,12 f,12,1 f,15,15 
38:3,2 0.002 0 -1 1,1 0.001 -1 1 2,1 0.002 0 1 1.0052 4 1,14 0.001 -1 0 2,13 0.003 0 1 2,14 0.001 0 1 1.0062 80 14,2 0.001 0 1 13,1 0.001 1 0 14,1 0.001 -1 -1 4.0065 125 14,14 0.001 1 1 14,13 0.001 0 1 13,14 0.001 -1 1 3.0094 110 :3,0 3,1 :f,0,0 f,2,12 f,12,1 f,14,15 
39:3,2 0.002 0 -1 1,1 0.001 -1 1 2,1 0.002 -1 1 1.0052 0 1,14 0.001 -1 0 2,13 0.003 -1 1 2,14 0.001 -1 1 1.0062 80 14,2 0.001 -1 1 13,1 0.001 1 0 14,1 0.001 -1 -1 4.0065 125 14,14 0.001 0 1 14,13 0.001 0 1 13,14 0.001 -1 0 3.0094 110 :3,0 3,1 :f,0,0 f,2,12 f,12,1 f,14,15 
40:3,2 0.002 0 -1 1,1 0.001 -1 0 2,1 0.002 -1 0 1.0052 0 1,14 0.001 -1 -1 2,13 0.003 -1 0 2,14 0.001 -1 1 1.0062 80 14,2 0.001 -1 1 13,1 0.001 1 0 14,1 0.001 0 -1 4.0065 125 14,14 0.001 0 1 14,13 0.001 -1 1 13,14 0.001 -1 0 4.0095 125 :3,0 :f,0,0 f,2,12 f,12,1 f,14,12 
41:3,2 0.002 0 -1 1,1 0.001 -1 0 2,1 0.002 -1 -1 1.0052 0 1,14 0.001 -1 -1 2,13 0.003 -1 -1 2,14 0.001 -1 0 1.0062 80 14,2 0.001 -1 0 13,1 0.001 1 1 14,1 0.001 0 -1 4.0065 125 14,14 0.001 -1 1 14,13 0.001 -1 0 13,14 0.001 -1 -1 4.0095 125 ::f,0,0 f,2,12 f,12,1 f,14,12 
42:3,2 0.002 0 -1 1,1 0.001 -1 -1 2,1 0.002 0 -1 1.0052 0 1,14 0.001 0 -1 2,13 0.003 0 -1 2,14 0.001 -1 0 1.0062 80 13,2 0.001 -1 0 13,1 0.001 1 1 14,1 0.001 1 -1 4.0075 125 14,14 0.001 -1 1 14,13 0.001 -1 0 13,14 0.001 -1 -1 4.0095 125 ::f,0,0 f,2,12 f,12,1 f,14,12 
43:3,2 0.002 0 -1 1,1 0.001 -1 -1 2,1 0.002 1 -1 3.0053 15 1,13 0.001 0 -1 2,13 0.003 1 -1 2,14 0.001 -1 0 1.0072 80 13,2 0.001 -1 0 13,1 0.001 0 1 14,1 0.001 1 -1 4.0075 125 14,14 0.001 -1 0 14,13 0.001 -1 -1 13,14 0.001 0 -1 4.0095 125 ::f,2,3 f,2,12 f,12,1 f,14,12 
44:3,2 0.002 0 -1 1,1 0.001 0 -1 2,1 0.002 1 0 3.0053 11 1,13 0.001 0 -1 2,13 0.003 1 0 2,14 0.001 -1 -1 1.0072 80 13,2 0.001 -1 -1 13,1 0.001 0 1 14,1 0.001 1 0 4.0075 125 14,14 0.001 -1 0 14,13 0.001 -1 -1 13,13 0.001 0 -1 4.0105 125 :3,1 :f,2,3 f,2,12 f,12,1 f,14,12 
45:3,2 0.002 0 -1 1,1 0.001 0 -1 2,1 0.002 1 1 3.0053 7 1,13 0.001 1 -1 2,13 0.003 1 1 2,14 0.001 -1 -1 1.0072 80 13,2 0.001 -1 -1 13,1 0.001 -1 1 14,1 0.001 1 0 9.0077 155 14,14 0.001 -1 0 14,13 0.001 0 -1 13,13 0.001 0 -1 4.0105 125 :3,0 3,1 :f,2,3 f,2,12 f,14,12 f,15,3 
46:3,2 0.002 0 -1 1,1 0.001 1 -1 2,1 0.002 0 1 3.0053 3 1,13 0.001 1 -1 2,13 0.003 0 1 2,14 0.001 0 -1 3.0073 95 13,2 0.001 0 -1 13,1 0.001 -1 1 14,1 0.001 1 1 9.0077 155 14,14 0.001 -1 -1 14,13 0.001 0 -1 13,13 0.001 1 -1 7.0106 140 :3,0 3,1 :f,2,3 f,2,12 f,15,3 f,15,14 
47:3,2 0.002 0 -1 1,1 0.001 1 -1 2,1 0.002 -1 1 3.0053 3 1,13 0.001 1 0 2,13 0.003 -1 1 2,14 0.001 0 -1 3.0073 95 13,2 0.001 0 -1 13,1 0.001 -1 0 14,1 0.001 1 1 9.0077 155 14,14 0.001 -1 -1 14,13 0.001 1 -1 13,13 0.001 1 -1 7.0106 140 :3,0 :f,2,3 f,2,12 f,15,3 f,15,14 
48:3,2 0.002 0 -1 1,1 0.001 1 0 2,1 0.002 -1 0 3.0053 3 1,13 0.001 1 0 2,13 0.003 -1 0 2,14 0.001 0 -1 3.0073 95 13,2 0.001 0 -1 13,1 0.001 -1 0 14,1 0.001 0 1 9.0077 155 14,14 0.001 0 -1 14,13 0.001 1 -1 13,13 0.001 1 0 7.0106 140 ::f,2,3 f,2,12 f,15,3 f,15,14 
49:3,2 0.002 0 -1 1,1 0.001 1 0 2,1 0.002 -1 -1 3.0053 3 1,13 0.001 1 0 2,13 0.003 -1 -1 2,14 0.001 1 -1 3.0073 95 13,2 0.001 1 -1 13,1 0.001 -1 -1 14,2 0.001 0 1 9.0087 155 14,14 0.001 0 -1 14,13 0.001 1 0 13,13 0.001 1 0 7.0106 140 ::f,2,3 f,2,12 f,15,3 f,15,14 
50:3,2 0.002 0 -1 1,1 0.001 1 0 2,1 0.002 0 -1 3.0053 3 1,13 0.001 1 1 2,13 0.003 0 -1 2,14 0.001 1 -1 3.0073 95 13,2 0.001 1 -1 13,1 0.001 -1 -1 14,2 0.001 0 1 9.0087 155 14,14 0.001 1 -1 14,13 0.001 1 0 13,13 0.001 1 0 7.0106 140 ::f,2,3 f,2,12 f,15,3 f,15,14 
51:3,2 0.002 0 -1 1,1 0.001 1 1 2,1 0.002 1 -1 3.0053 3 1,13 0.001 1 1 2,13 0.003 1 -1 2,14 0.001 1 0 3.0073 95 13,2 0.001 1 0 13,1 0.001 0 -1 14,2 0.001 -1 1 9.0087 155 14,14 0.001 1 -1 14,13 0.001 1 1 13,13 0.001 1 1 7.0106 140 ::f,2,3 f,2,12 f,15,3 f,15,14 
52:3,2 0.002 0 -1 1,1 0.001 1 1 2,1 0.002 1 0 3.0053 3 1,13 0.001 0 1 2,13 0.003 1 0 2,14 0.001 1 0 3.0073 95 13,2 0.001 1 0 13,1 0.001 0 -1 14,2 0.001 -1 1 9.0087 155 14,14 0.001 1 0 14,13 0.001 1 1 13,13 0.001 1 1 11.0107 155 ::f,2,3 f,2,12 f,14,12 f,15,3 
53:3,2 0.002 0 -1 1,1 0.001 0 1 2,1 0.002 1 1 3.0053 3 1,13 0.001 0 1 2,13 0.003 1 1 2,14 0.001 1 1 3.0073 95 13,2 0.001 1 1 13,1 0.001 1 -1 14,2 0.001 -1 0 9.0087 155 14,14 0.001 1 0 14,13 0.001 0 1 13,13 0.001 0 1 11.0107 155 ::f,2,3 f,2,12 f,14,12 f,15,3 
54:3,2 0.002 0 -1 1,1 0.001 0 1 2,1 0.002 0 1 3.0053 3 1,13 0.001 -1 1 2,13 0.003 0 1 2,14 0.001 1 1 3.0073 95 13,2 0.001 1 1 13,1 0.001 1 -1 14,2 0.001 -1 0 9.0087 155 14,14 0.001 1 1 14,13 0.001 0 1 13,13 0.001 0 1 11.0107 155 ::f,2,3 f,2,12 f,14,12 f,15,3 
55:3,2 0.002 0 -1 1,1 0.001 -1 1 2,1 0.002 -1 1 3.0053 3 1,13 0.001 -1 1 2,13 0.003 -1 1 2,14 0.001 0 1 3.0073 95 13,2 0.001 0 1 13,1 0.001 1 0 14,2 0.001 -1 0 9.0087 155 14,14 0.001 1 1 14,13 0.001 0 1 13,13 0.001 -1 1 11.0107 155 ::f,2,3 f,2,12 f,14,12 f,15,3 
56:3,2 0.002 0 -1 1,1 0.001 -1 1 2,1 0.002 -1 0 3.0053 3 1,13 0.001 -1 0 2,13 0.003 -1 0 2,14 0.001 0 1 3.0073 95 13,2 0.001 0 1 14,1 0.001 1 0 14,2 0.001 -1 -1 9.0097 155 14,14 0.001 0 1 14,13 0.001 -1 1 13,13 0.001 -1 1 11.0107 155 ::f,2,3 f,2,12 f,14,12 f,15,3 
57:3,2 0.002 0 -1 1,1 0.001 -1 0 2,1 0.002 -1 -1 3.0053 3 1,13 0.001 -1 0 2,13 0.003 -1 -1 2,14 0.001 -1 1 3.0073 95 13,2 0.001 -1 1 14,1 0.001 1 0 14,2 0.001 -1 -1 9.0097 155 14,14 0.001 0 1 14,13 0.001 -1 1 13,13 0.001 -1 0 11.0107 155 ::f,2,3 f,2,12 f,14,12 f,15,3 
58:3,2 0.002 0 -1 1,1 0.001 -1 0 2,1 0.002 0 -1 3.0053 3 1,13 0.001 -1 -1 2,13 0.003 0 -1 2,14 0.001 -1 1 3.0073 95 13,2 0.001 -1 1 14,1 0.001 1 1 14,2 0.001 0 -1 9.0097 155 14,14 0.001 -1 1 14,13 0.001 -1 0 13,13 0.001 -1 0 11.0107 155 ::f,2,3 f,2,12 f,14,12 f,15,3 
59:3,2 0.002 0 -1 1,1 0.001 -1 -1 2,1 0.002 1 -1 3.0053 3 1,13 0.001 -1 -1 2,13 0.003 1 -1 2,14 0.001 -1 0 3.0073 95 13,2 0.001 -1 0 14,1 0.001 1 1 14,2 0.001 0 -1 9.0097 155 14,14 0.001 -1 1 14,13 0.001 -1 0 13,13 0.001 -1 -1 11.0107 155 ::f,2,3 f,2,12 f,14,12 f,15,3 
60:3,2 0.002 0 -1 1,1 0.001 -1 -1 2,1 0.002 1 0 3.0053 3 1,13 0.001 0 -1 2,13 0.003 1 0 1,14 0.001 -1 0 3.0083 95 13,2 0.001 -1 0 14,1 0.001 0 1 14,2 0.001 1 -1 9.0097 155 14,14 0.001 -1 0 14,13 0.001 -1 -1 13,13 0.001 -1 -1 11.0107 155 ::f,2,3 f,2,12 f,14,12 f,15,3 
61:3,2 0.002 0 -1 1,1 0.001 0 -1 2,1 0.002 1 1 3.0053 3 1,13 0.001 0 -1 2,13 0.003 1 1 1,14 0.001 -1 0 3.0083 95 13,2 0.001 -1 -1 14,1 0.001 0 1 14,2 0.001 1 -1 9.0097 155 13,14 0.001 -1 0 14,13 0.001 -1 -1 13,13 0.001 0 -1 11.0117 155 ::f,2,3 f,2,12 f,14,12 f,15,3 
62:3,2 0.002 0 -1 1,1 0.001 0 -1 2,1 0.002 0 1 3.0053 3 1,13 0.001 1 -1 2,13 0.003 0 1 1,14 0.001 -1 -1 3.0083 95 13,2 0.001 -1 -1 14,1 0.001 0 1 14,2 0.001 1 0 9.0097 155 13,14 0.001 -1 0 14,13 0.001 0 -1 13,13 0.001 0 -1 11.0117 155 ::f,2,3 f,2,12 f,14,12 f,15,3 
63:3,2 0.002 0 -1 1,1 0.001 1 -1 2,1 0.002 -1 1 3.0053 3 1,13 0.001 1 -1 2,13 0.003 -1 1 1,14 0.001 -1 -1 6.0084 110 13,2 0.001 0 -1 14,1 0.001 -1 1 14,2 0.001 1 0 9.0097 155 13,14 0.001 -1 -1 14,13 0.001 0 -1 13,13 0.001 1 -1 16.0118 170 ::f,0,12 f,2,3 f,12,12 f,15,3 
64:3,2 0.002 0 -1 1,1 0.001 1 -1 2,1 0.002 -1 0 3.0053 3 1,13 0.001 1 0 2,13 0.003 -1 0 1,14 0.001 0 -1 6.0084 110 13,1 0.001 0 -1 14,1 0.001 -1 1 14,2 0.001 1 1 9.0107 155 13,14 0.001 -1 -1 14,13 0.001 1 -1 13,13 0.001 1 -1 16.0118 170 ::f,0,12 f,2,3 f,12,12 f,15,3 
65:3,2 0.002 0 -1 1,1 0.001 1 0 2,1 0.002 -1 -1 3.0053 3 1,13 0.001 1 0 2,13 0.003 -1 -1 1,14 0.001 0 -1 6.0084 110 13,1 0.001 0 -1 14,1 0.001 -1 0 14,2 0.001 1 1 12.0108 170 13,14 0.001 0 -1 14,13 0.001 1 -1 13,13 0.001 1 0 16.0118 170 ::f,0,12 f,2,3 f,12,0 f,12,12 
66:3,2 0.002 0 -1 1,1 0.001 1 0 2,1 0.002 0 -1 3.0053 3 1,13 0.001 1 0 2,13 0.003 0 -1 1,14 0.001 0 -1 6.0084 110 13,1 0.001 1 -1 14,1 0.001 -1 0 14,2 0.001 0 1 12.0108 170 13,14 0.001 0 -1 14,13 0.001 1 0 13,13 0.001 1 0 16.0118 170 ::f,0,12 f,2,3 f,12,0 f,12,12 
67:3,2 0.002 0 -1 1,1 0.001 1 0 2,1 0.002 1 -1 3.0053 3 1,13 0.001 1 1 2,13 0.003 1 -1 1,14 0.001 1 -1 6.0084 110 13,1 0.001 1 -1 14,1 0.001 -1 -1 14,2 0.001 0 1 12.0108 170 13,14 0.001 0 -1 14,13 0.001 1 0 13,13 0.001 1 0 16.0118 170 ::f,0,12 f,2,3 f,12,0 f,12,12 
68:3,2 0.002 0 -1 1,1 0.001 1 1 2,1 0.002 1 0 3.0053 3 1,13 0.001 1 1 2,13 0.003 1 0 1,14 0.001 1 -1 6.0084 110 13,1 0.001 1 0 14,1 0.001 -1 -1 14,2 0.001 -1 1 12.0108 170 13,14 0.001 1 -1 14,13 0.001 1 1 13,13 0.001 1 1 16.0118 170 ::f,0,12 f,2,3 f,12,0 f,12,12 
69:3,2 0.002 0 -1 1,1 0.001 1 1 2,1 0.002 1 1 3.0053 3 1,13 0.001 0 1 2,13 0.003 1 1 1,14 0.001 1 0 6.0084 110 13,1 0.001 1 0 14,1 0.001 0 -1 14,2 0.001 -1 1 12.0108 170 13,14 0.001 1 -1 14,13 0.001 1 1 13,13 0.001 1 1 16.0118 170 ::f,0,12 f,2,3 f,12,0 f,12,12 
70:3,2 0.002 0 -1 1,1 0.001 0 1 2,1 0.002 0 1 3.0053 3 1,13 0.001 0 1 2,13 0.003 0 1 1,14 0.001 1 0 6.0084 110 13,1 0.001 1 0 14,1 0.001 0 -1 14,2 0.001 -1 0 12.0108 170 13,14 0.001 1 0 14,13 0.001 0 1 13,13 0.001 0 1 16.0118 170 ::f,0,12 f,2,3 f,12,0 f,12,12 
71:3,2 0.002 0 -1 1,1 0.001 0 1 2,1 0.002 -1 1 3.0053 3 1,13 0.001 -1 1 2,13 0.003 -1 1 1,14 0.001 1 1 6.0084 110 13,1 0.001 1 1 14,1 0.001 1 -1 13,2 0.001 -1 0 12.0118 170 13,14 0.001 1 0 14,14 0.001 0 1 13,13 0.001 0 1 16.0128 170 ::f,0,12 f,2,3 f,12,0 f,12,12 
72:3,2 0.002 0 -1 1,1 0.001 -1 1 2,1 0.002 -1 0 3.0053 3 1,13 0.001 -1 1 2,13 0.003 -1 0 1,14 0.001 1 1 6.0084 110 13,1 0.001 1 1 14,1 0.001 1 -1 13,2 0.001 -1 0 12.0118 170 13,14 0.001 1 1 14,14 0.001 0 1 13,13 0.001 -1 1 16.0128 170 ::f,0,12 f,2,3 f,12,0 f,12,12 
73:3,2 0.002 0 -1 1,1 0.001 -1 1 2,1 0.002 -1 -1 3.0053 3 1,13 0.001 -1 0 2,13 0.003 -1 -1 1,14 0.001 0 1 6.0084 110 13,1 0.001 0 1 14,1 0.001 1 0 13,2 0.001 -1 -1 12.0118 170 13,14 0.001 1 1 14,14 0.001 -1 1 13,13 0.001 -1 1 16.0128 170 ::f,0,12 f,2,3 f,12,0 f,12,12 
74:3,2 0.002 0 -1 1,1 0.001 -1 0 2,1 0.002 0 -1 3.0053 3 1,13 0.001 -1 0 2,13 0.003 0 -1 1,14 0.001 0 1 6.0084 110 13,1 0.001 0 1 14,1 0.001 1 0 13,2 0.001 -1 -1 12.0118 170 13,14 0.001 0 1 14,14 0.001 -1 1 13,13 0.001 -1 0 16.0128 170 ::f,0,12 f,2,3 f,12,0 f,12,12 
75:3,2 0.002 0 -1 1,1 0.001 -1 0 2,1 0.002 1 -1 3.0053 3 1,13 0.001 -1 -1 2,13 0.003 1 -1 1,14 0.001 -1 1 6.0084 110 13,1 0.001 -1 1 14,1 0.001 1 1 13,2 0.001 0 -1 12.0118 170 13,14 0.001 0 1 14,14 0.001 -1 0 13,13 0.001 -1 0 16.0128 170 ::f,0,12 f,2,3 f,12,0 f,12,12 
76:3,2 0.002 0 -1 1,1 0.001 -1 -1 2,1 0.002 1 0 3.0053 3 1,13 0.001 -1 -1 2,13 0.003 1 0 1,14 0.001 -1 1 10.0085 125 13,1 0.001 -1 1 14,1 0.001 1 1 13,2 0.001 0 -1 12.0118 170 13,14 0.001 -1 1 14,14 0.001 -1 0 13,13 0.001 -1 -1 16.0128 170 ::f,2,3 f,3,14 f,12,0 f,12,12 
77:3,2 0.002 0 -1 1,1 0.001 -1 -1 2,1 0.002 1 1 3.0053 3 1,13 0.001 0 -1 2,13 0.003 1 1 1,14 0.001 -1 0 10.0085 125 13,1 0.001 -1 0 14,1 0.001 0 1 13,2 0.001 0 -1 12.0118 170 13,14 0.001 -1 1 14,14 0.001 -1 0 13,13 0.001 -1 -1 16.0129 185 ::f,2,3 f,3,14 f,12,0 f,12,12 
78:3,2 0.002 0 -1 1,1 0.001 0 -1 2,1 0.002 0 1 3.0053 3 1,13 0.001 0 -1 2,13 0.003 0 1 1,14 0.001 -1 0 10.0085 125 13,1 0.001 -1 0 14,2 0.001 0 1 13,2 0.001 1 -1 12.0128 170 13,14 0.001 -1 0 14,14 0.001 -1 -1 13,13 0.001 0 -1 16.0129 185 ::f,2,3 f,3,14 f,12,0 f,12,12 
79:3,2 0.002 0 -1 1,1 0.001 0 -1 2,1 0.002 -1 1 3.0053 3 1,13 0.001 1 -1 2,13 0.003 -1 1 1,14 0.001 -1 -1 10.0085 125 13,1 0.001 -1 -1 14,2 0.001 0 1 13,2 0.001 1 -1 12.0128 170 13,14 0.001 -1 0 14,14 0.001 -1 -1 13,13 0.001 0 -1 16.0129 185 ::f,2,3 f,3,14 f,12,0 f,12,12 
80:3,2 0.002 0 -1 1,1 0.001 1 -1 2,1 0.002 -1 0 3.0053 3 1,13 0.001 1 -1 2,13 0.003 -1 0 1,14 0.001 -1 -1 10.0085 125 13,1 0.001 -1 -1 14,2 0.001 -1 1 13,2 0.001 1 0 16.0129 185 13,14 0.001 -1 -1 14,14 0.001 -1 -1 13,13 0.001 1 -1 16.0129 185 ::f,2,3 f,3,14 f,12,12 f,14,0 
81:3,2 0.002 0 -1 1,1 0.001 1 -1 2,1 0.002 -1 -1 3.0053 3 1,13 0.001 1 0 2,13 0.003 -1 -1 1,14 0.001 0 -1 10.0085 125 13,1 0.001 0 -1 14,2 0.001 -1 1 13,2 0.001 1 0 16.0129 185 13,14 0.001 -1 -1 14,14 0.001 0 -1 13,13 0.001 1 -1 16.0129 185 ::f,2,3 f,3,14 f,12,12 f,14,0 
82:3,2 0.002 0 -1 1,1 0.001 1 0 2,1 0.002 0 -1 3.0053 3 1,13 0.001 1 0 2,13 0.003 0 -1 1,14 0.001 0 -1 10.0085 125 13,1 0.001 0 -1 14,2 0.001 -1 0 13,2 0.001 1 1 16.0129 185 13,14 0.001 0 -1 14,14 0.001 0 -1 13,13 0.001 1 0 16.0129 185 ::f,2,3 f,3,14 f,12,12 f,14,0 
83:3,2 0.002 0 -1 1,1 0.001 1 0 2,1 0.002 1 -1 3.0053 3 1,13 0.001 1 0 2,13 0.003 1 -1 1,14 0.001 0 -1 10.0085 125 13,1 0.001 1 -1 14,2 0.001 -1 0 13,2 0.001 1 1 16.0129 185 13,14 0.001 0 -1 14,14 0.001 1 -1 14,13 0.001 1 0 16.0139 185 ::f,2,3 f,3,14 f,12,12 f,14,0 
84:3,2 0.002 0 -1 1,1 0.001 1 0 2,1 0.002 1 0 3.0053 3 1,13 0.001 1 1 2,13 0.003 1 0 1,14 0.001 1 -1 10.0085 125 13,1 0.001 1 -1 14,2 0.001 -1 0 13,2 0.001 0 1 21.013 200 13,14 0.001 0 -1 14,14 0.001 1 -1 14,13 0.001 1 0 16.0139 185 ::f,2,3 f,3,14 f,12,12 f,14,3 
85:3,2 0.002 0 -1 1,1 0.001 1 1 2,1 0.002 1 1 3.0053 3 1,13 0.001 1 1 2,13 0.003 1 1 1,14 0.001 1 -1 10.0085 125 13,1 0.001 1 0 14,2 0.001 -1 -1 13,2 0.001 0 1 21.013 200 13,14 0.001 1 -1 14,14 0.001 1 0 14,13 0.001 1 1 16.0139 185 ::f,2,3 f,3,14 f,12,12 f,14,3 
86:3,2 0.002 0 -1 1,1 0.001 1 1 2,1 0.002 0 1 3.0053 3 1,13 0.001 0 1 2,13 0.003 0 1 1,14 0.001 1 0 10.0085 125 14,1 0.001 1 0 14,2 0.001 -1 -1 13,2 0.001 -1 1 21.014 200 13,14 0.001 1 -1 14,14 0.001 1 0 14,13 0.001 1 1 16.0139 185 ::f,2,3 f,3,14 f,12,12 f,14,3 
87:3,2 0.002 0 -1 1,1 0.001 0 1 2,1 0.002 -1 1 3.0053 3 1,13 0.001 0 1 2,13 0.003 -1 1 2,14 0.001 1 0 10.0095 125 14,1 0.001 1 0 14,2 0.001 0 -1 13,2 0.001 -1 1 21.014 200 13,14 0.001 1 0 14,14 0.001 1 1 14,13 0.001 0 1 16.0139 185 ::f,2,3 f,3,14 f,12,12 f,14,3 
88:3,2 0.002 0 -1 1,1 0.001 0 1 2,1 0.002 -1 0 3.0053 3 1,13 0.001 -1 1 2,13 0.003 -1 0 2,14 0.001 1 0 10.0096 140 14,1 0.001 1 1 14,2 0.001 0 -1 13,2 0.001 -1 0 21.014 200 13,14 0.001 1 0 14,14 0.001 1 1 14,13 0.001 0 1 16.0139 185 ::f,2,3 f,3,13 f,12,12 f,14,3 
89:3,2 0.002 0 -1 1,1 0.001 -1 1 2,1 0.002 -1 -1 3.0053 3 1,13 0.001 -1 1 2,13 0.003 -1 -1 2,14 0.001 1 1 10.0096 140 14,1 0.001 1 1 14,2 0.001 1 -1 13,2 0.001 -1 0 21.014 200 13,14 0.001 1 1 14,14 0.001 0 1 14,13 0.001 0 1 16.0139 185 ::f,2,3 f,3,13 f,12,12 f,14,3 
90:3,2 0.002 0 -1 1,1 0.001 -1 1 2,1 0.002 0 -1 3.0053 3 1,13 0.001 -1 0 2,13 0.003 0 -1 2,14 0.001 1 1 10.0096 140 14,1 0.001 0 1 14,2 0.001 1 -1 13,2 0.001 -1 -1 21.014 200 13,14 0.001 1 1 14,14 0.001 0 1 14,13 0.001 -1 1 16.0139 185 ::f,2,3 f,3,13 f,12,12 f,14,3 
91:3,2 0.002 0 -1 1,1 0.001 -1 0 2,1 0.002 1 -1 3.0053 3 1,13 0.001 -1 0 2,13 0.003 1 -1 2,14 0.001 0 1 10.0096 140 14,1 0.001 0 1 14,2 0.001 1 0 13,2 0.001 -1 -1 21.014 200 13,14 0.001 0 1 14,14 0.001 -1 1 14,13 0.001 -1 1 16.0139 185 ::f,2,3 f,3,13 f,12,12 f,14,3 
92:3,2 0.002 0 -1 1,1 0.001 -1 0 2,1 0.002 1 0 3.0053 3 1,13 0.001 -1 -1 2,13 0.003 1 0 2,14 0.001 0 1 10.0096 140 14,1 0.001 0 1 14,2 0.001 1 0 13,2 0.001 0 -1 21.014 200 13,14 0.001 0 1 14,14 0.001 -1 1 14,13 0.001 -1 0 16.0139 185 ::f,2,3 f,3,13 f,12,12 f,14,3 
93:3,2 0.002 0 -1 1,1 0.001 -1 -1 2,1 0.002 1 1 3.0053 3 1,13 0.001 -1 -1 2,13 0.003 1 1 2,14 0.001 -1 1 10.0096 140 14,1 0.001 -1 1 14,2 0.001 1 1 13,1 0.001 0 -1 21.015 200 13,14 0.001 -1 1 14,14 0.001 -1 0 14,13 0.001 -1 0 16.0139 185 ::f,2,3 f,3,13 f,12,12 f,14,3 
94:3,2 0.002 0 -1 1,1 0.001 -1 -1 2,1 0.002 0 1 3.0053 3 1,13 0.001 0 -1 2,13 0.003 0 1 2,14 0.001 -1 1 10.0096 140 14,1 0.001 -1 1 14,2 0.001 1 1 13,1 0.001 0 -1 21.015 200 13,14 0.001 -1 1 14,14 0.001 -1 0 14,13 0.001 -1 -1 16.0139 185 ::f,2,3 f,3,13 f,12,12 f,14,3 
95:3,2 0.002 0 -1 1,1 0.001 0 -1 2,1 0.002 -1 1 3.0053 3 1,13 0.001 0 -1 2,13 0.003 -1 1 2,14 0.001 -1 0 10.0096 140 14,1 0.001 -1 0 14,2 0.001 0 1 13,1 0.001 1 -1 21.015 200 13,14 0.001 -1 0 14,14 0.001 -1 0 14,13 0.001 -1 -1 16.0139 185 ::f,2,3 f,3,13 f,12,12 f,14,3 
96:3,2 0.002 0 -1 1,1 0.001 0 -1 2,1 0.002 -1 0 3.0053 3 1,13 0.001 1 -1 2,13 0.003 -1 0 1,14 0.001 -1 0 10.0106 140 14,1 0.001 -1 0 14,2 0.001 0 1 13,1 0.001 1 -1 21.0151 215 13,14 0.001 -1 0 14,14 0.001 -1 -1 14,13 0.001 0 -1 16.0139 185 ::f,2,3 f,3,13 f,12,1 f,12,12 
97:3,2 0.002 0 -1 1,1 0.001 1 -1 2,1 0.002 -1 -1 3.0053 3 1,13 0.001 1 -1 2,13 0.003 -1 -1 1,14 0.001 -1 0 10.0106 140 14,1 0.001 -1 0 14,2 0.001 -1 1 13,1 0.001 1 0 21.0151 215 13,14 0.001 -1 -1 13,13 0.001 -1 -1 14,13 0.001 0 -1 16.0149 185 ::f,2,3 f,3,13 f,12,1 f,12,12 
98:3,2 0.002 0 -1 1,1 0.001 1 -1 2,1 0.002 0 -1 3.0053 3 1,13 0.001 1 0 2,13 0.003 0 -1 1,14 0.001 -1 -1 10.0106 140 14,1 0.001 -1 0 14,2 0.001 -1 1 13,1 0.001 1 0 21.0151 215 13,14 0.001 -1 -1 13,13 0.001 -1 -1 14,13 0.001 1 -1 22.015 200 ::f,2,3 f,3,13 f,12,1 f,15,12 
99:3,2 0.002 0 -1 1,1 0.001 1 0 2,1 0.002 1 -1 3.0053 3 1,13 0.001 1 0 2,13 0.003 1 -1 1,14 0.001 -1 0 10.0106 140 14,1 0.001 -1 -1 14,2 0.001 -1 0 13,1 0.001 1 0 21.0151 215 13,14 0.001 0 -1 13,13 0.001 0 -1 14,13 0.001 1 -1 23.0151 215 ::f,2,3 f,3,13 f,12,1 f,13,12 
100:3,2 0.002 0 -1 1,1 0.001 1 0 2,1 0.002 1 0 3.0053 3 1,13 0.001 1 0 2,13 0.003 1 0 1,14 0.001 -1 -1 10.0106 140 14,1 0.001 -1 -1 13,2 0.001 -1 0 13,1 0.001 1 1 21.0161 215 13,14 0.001 0 -1 13,13 0.001 0 -1 14,13 0.001 1 0 30.0152 230 ::f,2,3 f,3,13 f,12,1 f,14,15 
101:3,2 0.002 0 -1 1,1 0.001 1 0 2,1 0.002 1 1 3.0053 3 1,13 0.001 1 1 2,13 0.003 1 1 1,14 0.001 -1 -1 10.0106 140 14,1 0.001 0 -1 13,2 0.001 -1 0 13,1 0.001 1 1 21.0161 215 13,14 0.001 0 -1 13,13 0.001 1 -1 14,13 0.001 1 0 30.0152 230 ::f,2,3 f,3,13 f,12,1 f,14,15 
102:3,2 0.002 0 -1 1,1 0.001 1 1 2,1 0.002 0 1 3.0053 3 1,13 0.001 1 1 2,13 0.003 0 1 1,14 0.001 0 -1 10.0106 140 14,1 0.001 0 -1 13,2 0.001 -1 -1 13,1 0.001 0 1 21.0161 215 13,14 0.001 1 -1 13,13 0.001 1 -1 14,13 0.001 1 1 30.0152 230 ::f,2,3 f,3,13 f,12,1 f,14,15 
103:3,2 0.002 0 -1 1,1 0.001 1 1 2,1 0.002 -1 1 3.0053 3 1,13 0.001 0 1 2,13 0.003 -1 1 1,14 0.001 0 -1 10.0106 140 14,1 0.001 1 -1 13,2 0.001 -1 -1 13,1 0.001 0 1 22.0162 230 13,14 0.001 1 -1 13,13 0.001 1 0 14,13 0.001 1 1 30.0152 230 ::f,2,3 f,3,13 f,14,2 f,14,15 
104:3,2 0.002 0 -1 1,1 0.001 0 1 2,1 0.002 -1 0 3.0053 3 1,13 0.001 0 1 2,13 0.003 -1 0 1,14 0.001 0 -1 10.0106 140 14,1 0.001 1 -1 13,2 0.001 0 -1 13,1 0.001 -1 1 22.0162 230 13,14 0.001 1 0 13,13 0.001 1 0 14,13 0.001 0 1 30.0152 230 ::f,2,3 f,3,13 f,14,2 f,14,15 
105:3,2 0.002 0 -1 1,1 0.001 0 1 2,1 0.002 -1 -1 3.0053 3 1,13 0.001 -1 1 2,13 0.003 -1 -1 1,14 0.001 1 -1 10.0106 140 14,1 0.001 1 0 13,2 0.001 0 -1 13,1 0.001 -1 1 22.0162 230 13,14 0.001 1 0 13,13 0.001 1 0 14,14 0.001 0 1 30.0162 230 ::f,2,3 f,3,13 f,14,2 f,14,15 
106:3,2 0.002 0 -1 1,1 0.001 -1 1 2,1 0.002 0 -1 3.0053 3 1,13 0.001 -1 1 2,13 0.003 0 -1 1,14 0.001 1 -1 10.0106 140 14,1 0.001 1 0 13,2 0.001 0 -1 13,1 0.001 -1 0 22.0162 230 13,14 0.001 1 1 13,13 0.001 1 1 14,14 0.001 0 1 32.0163 245 ::f,2,3 f,3,13 f,13,15 f,14,2 
107:3,2 0.002 0 -1 1,1 0.001 -1 1 2,1 0.002 1 -1 3.0053 3 1,13 0.001 -1 0 2,13 0.003 1 -1 1,14 0.001 1 0 10.0106 140 14,1 0.001 1 1 13,2 0.001 1 -1 13,1 0.001 -1 0 22.0162 230 13,14 0.001 1 1 13,13 0.001 1 1 14,14 0.001 -1 1 32.0163 245 ::f,2,3 f,3,13 f,13,15 f,14,2 
108:3,2 0.002 0 -1 1,1 0.001 -1 0 2,1 0.002 1 0 3.0053 3 1,13 0.001 -1 0 2,13 0.003 1 0 1,14 0.001 1 0 10.0106 140 14,1 0.001 1 1 13,2 0.001 1 -1 13,1 0.001 -1 -1 22.0162 230 13,14 0.001 0 1 13,13 0.001 0 1 14,14 0.001 -1 1 35.0164 260 ::f,2,3 f,3,13 f,13,12 f,14,2 
109:3,2 0.002 0 -1 1,1 0.001 -1 0 2,1 0.002 1 1 3.0053 3 1,13 0.001 -1 -1 2,13 0.003 1 1 1,14 0.001 1 1 10.0106 140 14,1 0.001 0 1 13,2 0.001 1 0 13,1 0.001 -1 -1 22.0162 230 13,14 0.001 0 1 13,13 0.001 0 1 14,14 0.001 -1 0 35.0164 260 ::f,2,3 f,3,13 f,13,12 f,14,2 
110:3,2 0.002 0 -1 1,1 0.001 -1 -1 2,1 0.002 0 1 3.0053 3 1,13 0.001 -1 -1 2,13 0.003 0 1 1,14 0.001 1 1 10.0106 140 14,1 0.001 0 1 13,2 0.001 1 0 13,1 0.001 0 -1 24.0163 245 13,14 0.001 -1 1 13,13 0.001 -1 1 14,14 0.001 -1 0 35.0164 260 ::f,2,3 f,3,13 f,13,12 f,15,2 
111:3,2 0.002 0 -1 1,1 0.001 -1 -1 2,1 0.002 -1 1 3.0053 3 1,13 0.001 0 -1 2,13 0.003 -1 1 1,14 0.001 0 1 10.0106 140 14,1 0.001 0 1 14,2 0.001 1 0 13,1 0.001 0 -1 24.0173 245 13,14 0.001 -1 1 13,13 0.001 -1 1 14,14 0.001 -1 0 35.0164 260 ::f,2,3 f,3,13 f,13,12 f,15,2 
112:3,2 0.002 0 -1 1,1 0.001 0 -1 2,1 0.002 -1 0 3.0053 3 1,13 0.001 0 -1 2,13 0.003 -1 0 1,14 0.001 0 1 10.0106 140 14,1 0.001 -1 1 14,2 0.001 1 0 13,1 0.001 1 -1 27.0174 260 13,14 0.001 -1 0 13,13 0.001 -1 0 14,14 0.001 -1 -1 35.0164 260 ::f,2,3 f,3,13 f,13,2 f,13,12 
113:3,2 0.002 0 -1 1,1 0.001 0 -1 2,1 0.002 -1 -1 3.0053 3 1,13 0.001 1 -1 2,13 0.003 -1 -1 1,14 0.001 -1 1 10.0106 140 14,1 0.001 -1 1 14,2 0.001 1 1 13,1 0.001 1 -1 33.0175 275 13,14 0.001 -1 0 13,13 0.001 -1 0 14,14 0.001 -1 -1 35.0164 260 ::f,2,3 f,3,13 f,13,12 f,15,3 
114:3,2 0.002 0 -1 1,1 0.001 1 -1 2,1 0.002 0 -1 3.0053 3 1,13 0.001 1 -1 2,13 0.003 0 -1 1,14 0.001 -1 1 10.0106 140 14,1 0.001 -1 0 14,2 0.001 1 1 13,1 0.001 1 0 37.0176 290 13,14 0.001 -1 -1 13,13 0.001 -1 -1 14,14 0.001 0 -1 35.0164 260 ::f,2,3 f,3,13 f,12,3 f,13,12 
115:3,2 0.002 0 -1 1,1 0.001 1 -1 2,1 0.002 1 -1 3.0053 3 1,13 0.001 1 0 2,13 0.003 1 -1 1,14 0.001 -1 0 10.0106 140 14,1 0.001 -1 0 14,2 0.001 0 1 13,1 0.001 1 0 37.0176 290 13,14 0.001 -1 -1 13,13 0.001 -1 -1 14,14 0.001 0 -1 35.0164 260 ::f,2,3 f,3,13 f,12,3 f,13,12 
116:3,2 0.002 0 -1 1,1 0.001 1 0 2,1 0.002 1 0 3.0053 3 1,13 0.001 1 0 2,13 0.003 1 0 1,14 0.001 -1 0 10.0106 140 14,1 0.001 -1 -1 14,2 0.001 0 1 13,1 0.001 1 0 37.0176 290 13,14 0.001 0 -1 13,13 0.001 0 -1 14,14 0.001 1 -1 35.0164 260 ::f,2,3 f,3,13 f,12,3 f,13,12 
117:3,2 0.002 0 -1 1,1 0.001 1 0 2,1 0.002 1 1 3.0053 3 1,13 0.001 1 0 2,13 0.003 1 1 1,14 0.001 -1 -1 10.0106 140 14,1 0.001 -1 -1 14,2 0.001 -1 1 13,1 0.001 1 1 37.0176 290 13,14 0.001 0 -1 13,13 0.001 0 -1 14,14 0.001 1 -1 43.0165 275 ::f,2,3 f,3,13 f,12,3 f,14,15 
118:3,2 0.002 0 -1 1,1 0.001 1 0 2,1 0.002 0 1 3.0053 3 1,13 0.001 1 1 2,13 0.003 0 1 1,14 0.001 -1 -1 10.0106 140 14,1 0.001 0 -1 14,2 0.001 -1 1 13,1 0.001 1 1 37.0176 290 13,14 0.001 0 -1 13,13 0.001 1 -1 14,14 0.001 1 0 43.0165 275 ::f,2,3 f,3,13 f,12,3 f,14,15 
119:3,2 0.002 0 -1 1,1 0.001 1 1 2,1 0.002 -1 1 3.0053 3 1,13 0.001 1 1 2,13 0.003 -1 1 1,14 0.001 0 -1 10.0106 140 14,1 0.001 0 -1 14,2 0.001 -1 0 13,1 0.001 0 1 37.0176 290 13,14 0.001 1 -1 13,13 0.001 1 -1 14,14 0.001 1 0 43.0165 275 ::f,2,3 f,3,13 f,12,3 f,14,15 
120:3,2 0.002 0 -1 1,1 0.001 1 1 2,1 0.002 -1 0 3.0053 3 1,13 0.001 0 1 2,13 0.003 -1 0 1,14 0.001 0 -1 10.0106 140 14,1 0.001 1 -1 13,2 0.001 -1 0 13,1 0.001 0 1 37.0186 290 13,14 0.001 1 -1 13,13 0.001 1 0 14,14 0.001 1 1 43.0165 275 ::f,2,3 f,3,13 f,12,3 f,14,15 
121:3,2 0.002 0 -1 1,1 0.001 0 1 2,1 0.002 -1 -1 3.0053 3 1,13 0.001 0 1 2,13 0.003 -1 -1 1,14 0.001 0 -1 10.0106 140 14,1 0.001 1 -1 13,2 0.001 -1 0 13,1 0.001 -1 1 37.0186 290 13,14 0.001 1 0 14,13 0.001 1 0 14,14 0.001 1 1 43.0175 275 ::f,2,3 f,3,13 f,12,3 f,14,15 
122:3,2 0.002 0 -1 1,1 0.001 0 1 2,1 0.002 0 -1 3.0053 3 1,13 0.001 -1 1 2,13 0.003 0 -1 1,14 0.001 1 -1 10.0106 140 14,1 0.001 1 0 13,2 0.001 -1 -1 13,1 0.001 -1 1 37.0186 290 13,14 0.001 1 0 14,13 0.001 1 0 14,14 0.001 0 1 43.0175 275 ::f,2,3 f,3,13 f,12,3 f,14,15 
123:3,2 0.002 0 -1 1,1 0.001 -1 1 2,1 0.002 1 -1 3.0053 3 1,13 0.001 -1 1 2,13 0.003 1 -1 1,14 0.001 1 -1 10.0106 140 14,1 0.001 1 0 13,2 0.001 -1 -1 13,1 0.001 -1 0 37.0186 290 13,14 0.001 1 1 14,13 0.001 1 1 14,14 0.001 0 1 47.0176 290 ::f,2,3 f,3,13 f,12,3 f,13,12 
124:3,2 0.002 0 -1 1,1 0.001 -1 1 2,1 0.002 1 0 3.0053 3 1,13 0.001 -1 0 2,13 0.003 1 0 1,14 0.001 1 0 10.0106 140 14,1 0.001 1 1 13,2 0.001 0 -1 13,1 0.001 -1 0 37.0186 290 13,14 0.001 1 1 14,13 0.001 1 1 14,14 0.001 -1 1 47.0176 290 ::f,2,3 f,3,13 f,12,3 f,13,12 
125:3,2 0.002 0 -1 1,1 0.001 -1 0 2,1 0.002 1 1 3.0053 3 1,13 0.001 -1 0 2,13 0.003 1 1 1,14 0.001 1 0 10.0106 140 14,1 0.001 1 1 13,2 0.001 0 -1 13,1 0.001 -1 -1 37.0186 290 13,14 0.001 0 1 14,13 0.001 0 1 14,14 0.001 -1 1 47.0176 290 ::f,2,3 f,3,13 f,12,3 f,13,12 
126:3,2 0.002 0 -1 1,1 0.001 -1 0 2,1 0.002 0 1 3.0053 3 1,13 0.001 -1 -1 2,13 0.003 0 1 1,14 0.001 1 1 10.0106 140 14,1 0.001 0 1 13,2 0.001 0 -1 13,1 0.001 -1 -1 37.0186 290 13,14 0.001 0 1 14,13 0.001 0 1 14,14 0.001 -1 0 47.0176 290 ::f,2,3 f,3,13 f,12,3 f,13,12 
127:3,2 0.002 0 -1 1,1 0.001 -1 -1 2,1 0.002 -1 1 3.0053 3 1,13 0.001 -1 -1 2,13 0.003 -1 1 1,14 0.001 1 1 10.0106 140 14,2 0.001 0 1 13,2 0.001 1 -1 13,1 0.001 0 -1 37.0196 290 13,14 0.001 -1 1 14,13 0.001 0 1 14,14 0.001 -1 0 47.0176 290 ::f,2,3 f,3,13 f,12,3 f,13,12 
128:3,2 0.002 0 -1 1,1 0.001 -1 -1 2,1 0.002 -1 0 3.0053 3 1,13 0.001 0 -1 2,13 0.003 -1 0 1,14 0.001 0 1 10.0106 140 14,2 0.001 0 1 13,2 0.001 1 -1 13,1 0.001 0 -1 37.0196 290 13,14 0.001 -1 1 14,13 0.001 -1 1 14,14 0.001 -1 0 47.0176 290 ::f,2,3 f,3,13 f,12,3 f,13,12 
129:3,2 0.002 0 -1 1,1 0.001 0 -1 2,1 0.002 -1 -1 3.0053 3 1,13 0.001 0 -1 2,13 0.003 -1 -1 1,14 0.001 0 1 10.0106 140 14,2 0.001 -1 1 13,2 0.001 1 0 13,1 0.001 1 -1 37.0196 290 13,14 0.001 -1 0 14,13 0.001 -1 1 14,14 0.001 -1 -1 47.0176 290 ::f,2,3 f,3,13 f,12,3 f,13,12 
130:3,2 0.002 0 -1 1,1 0.001 0 -1 2,1 0.002 0 -1 3.0053 3 1,13 0.001 1 -1 2,13 0.003 0 -1 1,14 0.001 -1 1 10.0106 140 14,2 0.001 -1 1 13,2 0.001 1 0 13,1 0.001 1 -1 37.0196 290 13,14 0.001 -1 0 14,13 0.001 -1 0 14,14 0.001 -1 -1 47.0176 290 ::f,2,3 f,3,13 f,12,3 f,13,12 
131:3,2 0.002 0 -1 1,1 0.001 1 -1 2,1 0.002 1 -1 3.0053 3 1,13 0.001 1 -1 2,13 0.003 1 -1 1,14 0.001 -1 1 10.0106 140 14,2 0.001 -1 0 13,2 0.001 1 1 13,1 0.001 1 0 37.0196 290 13,14 0.001 -1 -1 14,13 0.001 -1 0 14,14 0.001 0 -1 47.0176 290 ::f,2,3 f,3,13 f,12,3 f,13,12 
132:3,2 0.002 0 -1 1,1 0.001 1 -1 2,1 0.002 1 0 3.0053 3 1,13 0.001 1 0 2,13 0.003 1 0 1,14 0.001 -1 0 10.0106 140 14,2 0.001 -1 0 13,2 0.001 1 1 14,1 0.001 1 0 37.0206 290 13,14 0.001 -1 -1 14,13 0.001 -1 -1 14,14 0.001 0 -1 47.0176 290 ::f,2,3 f,3,13 f,12,3 f,13,12 
133:3,2 0.002 0 -1 1,1 0.001 1 0 2,1 0.002 1 1 3.0053 3 1,13 0.001 1 0 2,13 0.003 1 1 1,14 0.001 -1 0 10.0106 140 14,2 0.001 -1 0 13,2 0.001 0 1 14,1 0.001 1 0 37.0206 290 13,14 0.001 0 -1 14,13 0.001 -1 -1 14,14 0.001 1 -1 56.0177 305 ::f,2,3 f,3,13 f,12,3 f,15,12 
134:3,2 0.002 0 -1 1,1 0.001 1 0 2,1 0.002 0 1 3.0053 3 1,13 0.001 1 0 2,13 0.003 0 1 1,14 0.001 -1 -1 10.0106 140 14,2 0.001 -1 -1 13,2 0.001 0 1 14,1 0.001 1 1 37.0206 290 13,13 0.001 0 -1 14,13 0.001 0 -1 14,14 0.001 1 -1 56.0187 305 ::f,2,3 f,3,13 f,12,3 f,15,12 
135:3,2 0.002 0 -1 1,1 0.001 1 0 2,1 0.002 -1 1 3.0053 3 1,13 0.001 1 1 2,13 0.003 -1 1 1,14 0.001 -1 -1 10.0106 140 14,2 0.001 -1 -1 13,2 0.001 -1 1 14,1 0.001 1 1 37.0206 290 13,13 0.001 0 -1 14,13 0.001 0 -1 14,14 0.001 1 0 56.0187 305 ::f,2,3 f,3,13 f,12,3 f,15,12 
136:3,2 0.002 0 -1 1,1 0.001 1 1 2,1 0.002 -1 0 3.0053 3 1,13 0.001 1 1 2,13 0.003 -1 0 1,14 0.001 0 -1 10.0106 140 14,2 0.001 0 -1 13,2 0.001 -1 1 14,1 0.001 0 1 42.0207 305 13,13 0.001 1 -1 14,13 0.001 1 -1 14,14 0.001 1 0 56.0187 305 ::f,2,3 f,3,13 f,15,0 f,15,12 
137:3,2 0.002 0 -1 1,1 0.001 1 1 2,1 0.002 -1 -1 3.0053 3 1,13 0.001 0 1 2,13 0.003 -1 -1 1,14 0.001 0 -1 10.0106 140 14,2 0.001 0 -1 13,2 0.001 -1 0 14,1 0.001 0 1 42.0207 305 13,13 0.001 1 -1 14,13 0.001 1 -1 14,14 0.001 1 1 66.0188 320 ::f,2,3 f,3,13 f,12,15 f,15,0 
138:3,2 0.002 0 -1 1,1 0.001 0 1 2,1 0.002 0 -1 3.0053 3 1,13 0.001 0 1 2,13 0.003 0 -1 1,14 0.001 0 -1 10.0106 140 14,2 0.001 1 -1 13,2 0.001 -1 0 14,1 0.001 0 1 42.0207 305 13,13 0.001 1 0 14,13 0.001 1 0 14,14 0.001 1 1 66.0188 320 ::f,2,3 f,3,13 f,12,15 f,15,0 
139:3,2 0.002 0 -1 1,1 0.001 0 1 2,1 0.002 1 -1 3.0053 3 1,13 0.001 -1 1 2,13 0.003 1 -1 1,14 0.001 1 -1 10.0106 140 14,2 0.001 1 -1 13,2 0.001 -1 -1 14,1 0.001 -1 1 42.0207 305 13,13 0.001 1 0 14,13 0.001 1 0 14,14 0.001 0 1 66.0188 320 ::f,2,3 f,3,13 f,12,15 f,15,0 
140:3,2 0.002 0 -1 1,1 0.001 -1 1 2,1 0.002 1 0 3.0053 3 1,13 0.001 -1 1 2,13 0.003 1 0 1,14 0.001 1 -1 10.0106 140 14,2 0.001 1 0 13,2 0.001 -1 -1 14,1 0.001 -1 1 42.0207 305 13,13 0.001 1 0 14,13 0.001 1 1 14,14 0.001 0 1 66.0188 320 ::f,2,3 f,3,13 f,12,15 f,15,0 
141:3,2 0.002 0 -1 1,1 0.001 -1 1 2,1 0.002 1 1 3.0053 3 1,13 0.001 -1 0 2,13 0.003 1 1 1,14 0.001 1 0 10.0106 140 14,2 0.001 1 0 13,2 0.001 0 -1 14,1 0.001 -1 0 42.0207 305 13,13 0.001 1 1 14,13 0.001 1 1 14,14 0.001 -1 1 66.0188 320 ::f,2,3 f,3,13 f,12,15 f,15,0 
142:3,2 0.002 0 -1 1,1 0.001 -1 0 2,1 0.002 0 1 3.0053 3 1,13 0.001 -1 0 2,13 0.003 0 1 1,14 0.001 1 0 10.0106 140 14,2 0.001 1 1 13,1 0.001 0 -1 14,1 0.001 -1 0 42.0217 305 13,13 0.001 1 1 14,13 0.001 0 1 14,14 0.001 -1 1 66.0188 320 ::f,2,3 f,3,13 f,12,15 f,15,0 
143:3,2 0.002 0 -1 1,1 0.001 -1 0 2,1 0.002 -1 1 3.0053 3 1,13 0.001 -1 -1 2,13 0.003 -1 1 1,14 0.001 1 1 10.0106 140 14,2 0.001 1 1 13,1 0.001 0 -1 14,1 0.001 -1 -1 42.0217 305 13,13 0.001 0 1 14,13 0.001 0 1 14,14 0.001 -1 0 66.0188 320 ::f,2,3 f,3,13 f,12,15 f,15,0 
144:3,2 0.002 0 -1 1,1 0.001 -1 -1 2,1 0.002 -1 0 3.0053 3 1,13 0.001 -1 -1 2,13 0.003 -1 0 1,14 0.001 1 1 10.0106 140 14,2 0.001 0 1 13,1 0.001 1 -1 14,1 0.001 -1 -1 42.0217 305 13,13 0.001 0 1 14,13 0.001 0 1 13,14 0.001 -1 0 66.0198 320 ::f,2,3 f,3,13 f,12,15 f,15,0 
145:3,2 0.002 0 -1 1,1 0.001 -1 -1 2,1 0.002 -1 -1 3.0053 3 1,13 0.001 0 -1 2,13 0.003 -1 -1 1,14 0.001 0 1 10.0106 140 14,2 0.001 0 1 13,1 0.001 1 -1 14,1 0.001 0 -1 42.0217 305 13,13 0.001 -1 1 14,13 0.001 -1 1 13,14 0.001 -1 0 66.0198 320 ::f,2,3 f,3,13 f,12,15 f,15,0 
146:3,2 0.002 0 -1 1,1 0.001 0 -1 2,1 0.002 0 -1 3.0053 3 1,13 0.001 0 -1 2,13 0.003 0 -1 1,14 0.001 0 1 10.0106 140 14,2 0.001 -1 1 13,1 0.001 1 0 14,1 0.001 0 -1 42.0217 305 13,13 0.001 -1 1 14,13 0.001 -1 1 13,14 0.001 -1 -1 66.0198 320 ::f,2,3 f,3,13 f,12,15 f,15,0 
147:3,2 0.002 0 -1 1,1 0.001 0 -1 2,1 0.002 1 -1 3.0053 3 1,13 0.001 1 -1 2,13 0.003 1 -1 1,14 0.001 -1 1 10.0106 140 14,2 0.001 -1 1 13,1 0.001 1 0 14,1 0.001 1 -1 42.0217 305 13,13 0.001 -1 0 14,13 0.001 -1 1 13,14 0.001 -1 -1 66.0198 320 ::f,2,3 f,3,13 f,12,15 f,15,0 
148:3,2 0.002 0 -1 1,1 0.001 1 -1 2,1 0.002 1 0 3.0053 3 1,13 0.001 1 -1 2,13 0.003 1 0 1,14 0.001 -1 1 10.0106 140 14,2 0.001 -1 0 13,1 0.001 1 0 14,1 0.001 1 -1 46.0218 320 13,13 0.001 -1 0 14,13 0.001 -1 0 13,14 0.001 0 -1 66.0198 320 ::f,2,3 f,3,13 f,12,15 f,13,2 
149:3,2 0.002 0 -1 1,1 0.001 1 -1 2,1 0.002 1 1 3.0053 3 1,13 0.001 1 0 2,13 0.003 1 1 1,14 0.001 -1 0 10.0106 140 14,2 0.001 -1 0 13,1 0.001 1 1 14,1 0.001 1 0 46.0218 320 13,13 0.001 -1 -1 14,13 0.001 -1 0 13,14 0.001 0 -1 66.0198 320 ::f,2,3 f,3,13 f,12,15 f,13,2 
150:3,2 0.002 0 -1 1,1 0.001 1 0 2,1 0.002 0 1 3.0053 3 1,13 0.001 1 0 2,13 0.003 0 1 1,14 0.001 -1 0 10.0106 140 14,2 0.001 -1 0 13,1 0.001 1 1 14,1 0.001 1 0 53.0219 335 13,13 0.001 -1 -1 14,13 0.001 -1 -1 13,14 0.001 0 -1 66.0198 320 ::f,2,3 f,3,13 f,12,15 f,14,0 
151:3,2 0.002 0 -1 1,1 0.001 1 0 2,1 0.002 -1 1 3.0053 3 1,13 0.001 1 0 2,13 0.003 -1 1 1,14 0.001 -1 -1 10.0106 140 14,2 0.001 -1 -1 13,1 0.001 0 1 14,1 0.001 1 1 53.0219 335 13,13 0.001 0 -1 14,13 0.001 -1 -1 13,14 0.001 1 -1 66.0198 320 ::f,2,3 f,3,13 f,12,15 f,14,0 
152:3,2 0.002 0 -1 1,1 0.001 1 0 2,1 0.002 -1 0 3.0053 3 1,13 0.001 1 1 2,13 0.003 -1 0 1,14 0.001 -1 -1 10.0106 140 14,2 0.001 -1 -1 13,1 0.001 0 1 14,1 0.001 1 1 53.0219 335 13,13 0.001 0 -1 14,13 0.001 0 -1 13,14 0.001 1 -1 66.0198 320 ::f,2,3 f,3,13 f,12,15 f,14,0 
153:3,2 0.002 0 -1 1,1 0.001 1 1 2,1 0.002 -1 -1 3.0053 3 1,13 0.001 1 1 2,13 0.003 -1 -1 1,14 0.001 0 -1 10.0106 140 14,2 0.001 0 -1 13,1 0.001 -1 1 14,1 0.001 0 1 53.0219 335 13,13 0.001 1 -1 14,13 0.001 0 -1 13,14 0.001 1 0 66.0198 320 ::f,2,3 f,3,13 f,12,15 f,14,0 
154:3,2 0.002 0 -1 1,1 0.001 1 1 2,1 0.002 0 -1 3.0053 3 1,13 0.001 0 1 2,13 0.003 0 -1 1,14 0.001 0 -1 10.0106 140 14,2 0.001 0 -1 13,1 0.001 -1 1 14,1 0.001 0 1 53.0219 335 13,13 0.001 1 -1 14,13 0.001 1 -1 13,14 0.001 1 0 66.0198 320 ::f,2,3 f,3,13 f,12,15 f,14,0 
155:3,2 0.002 0 -1 1,1 0.001 0 1 2,1 0.002 1 -1 3.0053 3 1,13 0.001 0 1 2,13 0.003 1 -1 1,14 0.001 0 -1 10.0106 140 14,2 0.001 0 -1 13,1 0.001 -1 0 14,1 0.001 0 1 53.0219 335 13,13 0.001 1 0 14,13 0.001 1 -1 13,14 0.001 1 1 66.0198 320 ::f,2,3 f,3,13 f,12,15 f,14,0 
156:3,2 0.002 0 -1 1,1 0.001 0 1 2,1 0.002 1 0 3.0053 3 1,13 0.001 -1 1 2,13 0.003 1 0 1,14 0.001 1 -1 10.0106 140 14,2 0.001 1 -1 13,1 0.001 -1 0 14,1 0.001 -1 1 53.0219 335 13,13 0.001 1 0 14,13 0.001 1 0 13,14 0.001 1 1 66.0198 320 ::f,2,3 f,3,13 f,12,15 f,14,0 
157:3,2 0.002 0 -1 1,1 0.001 -1 1 2,1 0.002 1 1 3.0053 3 1,13 0.001 -1 1 2,13 0.003 1 1 1,14 0.001 1 -1 10.0106 140 14,2 0.001 1 -1 13,1 0.001 -1 -1 14,1 0.001 -1 1 53.0219 335 13,13 0.001 1 0 14,13 0.001 1 0 13,14 0.001 0 1 66.0198 320 ::f,2,3 f,3,13 f,12,15 f,14,0 
158:3,2 0.002 0 -1 1,1 0.001 -1 1 2,1 0.002 0 1 3.0053 3 1,13 0.001 -1 0 2,13 0.003 0 1 1,14 0.001 1 0 10.0106 140 14,2 0.001 1 0 13,1 0.001 -1 -1 14,1 0.001 -1 0 53.0219 335 13,13 0.001 1 1 14,13 0.001 1 1 13,14 0.001 0 1 66.0198 320 ::f,2,3 f,3,13 f,12,15 f,14,0 
159:3,2 0.002 0 -1 1,1 0.001 -1 0 2,1 0.002 -1 1 3.0053 3 1,13 0.001 -1 0 2,13 0.003 -1 1 1,14 0.001 1 0 10.0106 140 14,2 0.001 1 0 13,1 0.001 0 -1 14,1 0.001 -1 0 53.0219 335 13,13 0.001 1 1 14,13 0.001 1 1 13,14 0.001 -1 1 66.0198 320 ::f,2,3 f,3,13 f,12,15 f,14,0 
160:3,2 0.002 0 -1 1,1 0.001 -1 0 2,1 0.002 -1 0 3.0053 3 1,13 0.001 -1 -1 2,13 0.003 -1 0 1,14 0.001 1 1 10.0106 140 14,2 0.001 1 1 13,1 0.001 0 -1 14,1 0.001 -1 -1 53.0219 335 13,13 0.001 0 1 14,13 0.001 0 1 13,14 0.001 -1 1 71.0199 335 ::f,2,3 f,3,13 f,12,14 f,14,0 
161:3,2 0.002 0 -1 1,1 0.001 -1 -1 2,1 0.002 -1 -1 3.0053 3 1,13 0.001 -1 -1 2,13 0.003 -1 -1 1,14 0.001 1 1 10.0106 140 14,2 0.001 1 1 13,1 0.001 1 -1 14,1 0.001 -1 -1 53.0219 335 13,13 0.001 0 1 14,14 0.001 0 1 13,14 0.001 -1 0 71.0209 335 ::f,2,3 f,3,13 f,12,14 f,14,0 
162:3,2 0.002 0 -1 1,1 0.001 -1 -1 2,1 0.002 0 -1 3.0053 3 1,13 0.001 0 -1 2,13 0.003 0 -1 1,14 0.001 0 1 10.0106 140 14,2 0.001 0 1 13,1 0.001 1 -1 14,1 0.001 0 -1 59.022 350 13,13 0.001 -1 1 14,14 0.001 0 1 13,14 0.001 -1 0 77.021 350 ::f,2,3 f,3,13 f,15,2 f,15,15 
163:3,2 0.002 0 -1 1,1 0.001 0 -1 2,1 0.002 1 -1 3.0053 3 1,13 0.001 0 -1 2,13 0.003 1 -1 1,14 0.001 0 1 10.0106 140 14,2 0.001 0 1 13,1 0.001 1 0 14,1 0.001 0 -1 59.022 350 13,13 0.001 -1 1 14,14 0.001 -1 1 13,14 0.001 -1 -1 77.021 350 ::f,2,3 f,3,13 f,15,2 f,15,15 
164:3,2 0.002 0 -1 1,1 0.001 0 -1 2,1 0.002 1 0 3.0053 3 1,13 0.001 1 -1 2,13 0.003 1 0 1,14 0.001 -1 1 10.0106 140 14,2 0.001 -1 1 13,1 0.001 1 0 14,1 0.001 1 -1 59.022 350 13,13 0.001 -1 0 14,14 0.001 -1 1 13,14 0.001 -1 -1 77.021 350 ::f,2,3 f,3,13 f,15,2 f,15,15 
165:3,2 0.002 0 -1 1,1 0.001 1 -1 2,1 0.002 1 1 3.0053 3 1,13 0.001 1 -1 2,13 0.003 1 1 1,14 0.001 -1 1 10.0106 140 14,2 0.001 -1 1 13,1 0.001 1 0 14,1 0.001 1 -1 59.022 350 13,13 0.001 -1 0 14,14 0.001 -1 0 13,14 0.001 0 -1 77.021 350 ::f,2,3 f,3,13 f,15,2 f,15,15 
166:3,2 0.002 0 -1 1,1 0.001 1 -1 2,1 0.002 0 1 3.0053 3 1,13 0.001 1 0 2,13 0.003 0 1 1,14 0.001 -1 0 10.0106 140 14,2 0.001 -1 0 13,1 0.001 1 1 14,1 0.001 1 0 59.022 350 13,13 0.001 -1 -1 14,14 0.001 -1 0 13,14 0.001 0 -1 77.021 350 ::f,2,3 f,3,13 f,15,2 f,15,15 
167:3,2 0.002 0 -1 1,1 0.001 1 0 2,1 0.002 -1 1 3.0053 3 1,13 0.001 1 0 2,13 0.003 -1 1 1,14 0.001 -1 0 10.0106 140 13,2 0.001 -1 0 13,1 0.001 1 1 14,1 0.001 1 0 59.023 350 13,13 0.001 -1 -1 14,14 0.001 -1 0 13,14 0.001 0 -1 77.021 350 ::f,2,3 f,3,13 f,15,2 f,15,15 
168:3,2 0.002 0 -1 1,1 0.001 1 0 2,1 0.002 -1 0 3.0053 3 1,13 0.001 1 0 2,13 0.003 -1 0 1,14 0.001 -1 -1 10.0106 140 13,2 0.001 -1 0 13,1 0.001 0 1 14,1 0.001 1 1 59.023 350 13,13 0.001 0 -1 14,14 0.001 -1 -1 13,14 0.001 1 -1 77.021 350 ::f,2,3 f,3,13 f,15,2 f,15,15 
169:3,2 0.002 0 -1 1,1 0.001 1 0 2,1 0.002 -1 -1 3.0053 3 1,13 0.001 1 1 2,13 0.003 -1 -1 1,14 0.001 -1 -1 10.0106 140 13,2 0.001 -1 -1 13,1 0.001 0 1 14,1 0.001 1 1 64.0231 365 13,13 0.001 0 -1 14,14 0.001 -1 -1 13,14 0.001 1 -1 77.021 350 ::f,2,3 f,3,13 f,12,2 f,15,15 
170:3,2 0.002 0 -1 1,1 0.001 1 1 2,1 0.002 0 -1 3.0053 3 1,13 0.001 1 1 2,13 0.003 0 -1 1,14 0.001 0 -1 10.0106 140 13,2 0.001 -1 -1 13,1 0.001 -1 1 14,1 0.001 0 1 64.0231 365 13,13 0.001 1 -1 14,14 0.001 0 -1 13,14 0.001 1 0 77.021 350 ::f,2,3 f,3,13 f,12,2 f,15,15 
171:3,2 0.002 0 -1 1,1 0.001 1 1 2,1 0.002 1 -1 3.0053 3 1,13 0.001 0 1 2,13 0.003 1 -1 1,14 0.001 0 -1 10.0106 140 13,2 0.001 0 -1 13,1 0.001 -1 1 14,2 0.001 0 1 71.0242 380 13,13 0.001 1 -1 14,14 0.001 0 -1 13,14 0.001 1 0 77.021 350 ::f,2,3 f,3,13 f,15,3 f,15,15 
172:3,2 0.002 0 -1 1,1 0.001 0 1 2,1 0.002 1 0 3.0053 3 1,13 0.001 0 1 2,13 0.003 1 0 1,14 0.001 0 -1 10.0106 140 13,2 0.001 0 -1 13,1 0.001 -1 0 14,2 0.001 0 1 71.0242 380 13,13 0.001 1 0 14,14 0.001 1 -1 13,14 0.001 1 1 77.021 350 ::f,2,3 f,3,13 f,15,3 f,15,15 
173:3,2 0.002 0 -1 1,1 0.001 0 1 2,1 0.002 1 1 3.0053 3 1,13 0.001 -1 1 2,13 0.003 1 1 1,14 0.001 1 -1 10.0106 140 13,2 0.001 0 -1 13,1 0.001 -1 0 14,2 0.001 -1 1 71.0242 380 14,13 0.001 1 0 14,14 0.001 1 -1 13,14 0.001 1 1 77.022 350 ::f,2,3 f,3,13 f,15,3 f,15,15 
174:3,2 0.002 0 -1 1,1 0.001 -1 1 2,1 0.002 0 1 3.0053 3 1,13 0.001 -1 1 2,13 0.003 0 1 1,14 0.001 1 -1 10.0106 140 13,2 0.001 1 -1 13,1 0.001 -1 -1 14,2 0.001 -1 1 71.0242 380 14,13 0.001 1 0 14,14 0.001 1 0 13,14 0.001 0 1 77.022 350 ::f,2,3 f,3,13 f,15,3 f,15,15 
175:3,2 0.002 0 -1 1,1 0.001 -1 1 2,1 0.002 -1 1 3.0053 3 1,13 0.001 -1 0 2,13 0.003 -1 1 1,14 0.001 1 0 10.0106 140 13,2 0.001 1 -1 13,1 0.001 -1 -1 14,2 0.001 -1 0 71.0242 380 14,13 0.001 1 1 14,14 0.001 1 0 13,14 0.001 0 1 77.022 350 ::f,2,3 f,3,13 f,15,3 f,15,15 
176:3,2 0.002 0 -1 1,1 0.001 -1 0 2,1 0.002 -1 0 3.0053 3 1,13 0.001 -1 0 2,13 0.003 -1 0 1,14 0.001 1 0 10.0106 140 13,2 0.001 1 0 13,1 0.001 0 -1 14,2 0.001 -1 0 71.0242 380 14,13 0.001 1 1 14,14 0.001 1 1 13,14 0.001 -1 1 77.022 350 ::f,2,3 f,3,13 f,15,3 f,15,15 
177:3,2 0.002 0 -1 1,1 0.001 -1 0 2,1 0.002 -1 -1 3.0053 3 1,13 0.001 -1 -1 2,13 0.003 -1 -1 1,14 0.001 1 1 10.0106 140 13,2 0.001 1 0 13,1 0.001 0 -1 14,2 0.001 -1 0 71.0242 380 14,13 0.001 0 1 14,14 0.001 1 1 13,14 0.001 -1 1 87.0221 365 ::f,2,3 f,3,13 f,15,3 f,15,13 
178:3,2 0.002 0 -1 1,1 0.001 -1 -1 2,1 0.002 0 -1 3.0053 3 1,13 0.001 -1 -1 2,13 0.003 0 -1 1,14 0.001 1 1 10.0106 140 13,2 0.001 1 1 13,1 0.001 1 -1 14,2 0.001 -1 -1 71.0242 380 14,13 0.001 0 1 14,14 0.001 0 1 13,14 0.001 -1 0 87.0221 365 ::f,2,3 f,3,13 f,15,3 f,15,13 
179:3,2 0.002 0 -1 1,1 0.001 -1 -1 2,1 0.002 1 -1 3.0053 3 1,13 0.001 0 -1 2,13 0.003 1 -1 1,14 0.001 0 1 10.0106 140 13,2 0.001 1 1 13,1 0.001 1 -1 14,2 0.001 -1 -1 71.0242 380 14,13 0.001 0 1 14,14 0.001 0 1 13,14 0.001 -1 0 87.0221 365 ::f,2,3 f,3,13 f,15,3 f,15,13 
180:3,2 0.002 0 -1 1,1 0.001 0 -1 2,1 0.002 1 0 3.0053 3 1,13 0.001 0 -1 2,13 0.003 1 0 1,14 0.001 0 1 10.0106 140 13,2 0.001 0 1 13,1 0.001 1 0 14,2 0.001 0 -1 71.0242 380 14,13 0.001 -1 1 14,14 0.001 -1 1 13,14 0.001 -1 -1 87.0221 365 ::f,2,3 f,3,13 f,15,3 f,15,13 
181:3,2 0.002 0 -1 1,1 0.001 0 -1 2,1 0.002 1 1 3.0053 3 1,13 0.001 1 -1 2,13 0.003 1 1 1,14 0.001 -1 1 10.0106 140 13,2 0.001 0 1 14,1 0.001 1 0 14,2 0.001 0 -1 71.0252 380 14,13 0.001 -1 1 14,14 0.001 -1 1 13,14 0.001 -1 -1 87.0221 365 ::f,2,3 f,3,13 f,15,3 f,15,13 
182:3,2 0.002 0 -1 1,1 0.001 1 -1 2,1 0.002 0 1 3.0053 3 1,13 0.001 1 -1 2,13 0.003 0 1 1,14 0.001 -1 1 10.0106 140 13,2 0.001 -1 1 14,1 0.001 1 0 14,2 0.001 1 -1 71.0252 380 14,13 0.001 -1 0 14,14 0.001 -1 0 13,14 0.001 0 -1 87.0221 365 ::f,2,3 f,3,13 f,15,3 f,15,13 
183:3,2 0.002 0 -1 1,1 0.001 1 -1 2,1 0.002 -1 1 3.0053 3 1,13 0.001 1 0 2,13 0.003 -1 1 1,14 0.001 -1 0 10.0106 140 13,2 0.001 -1 1 14,1 0.001 1 1 14,2 0.001 1 -1 71.0252 380 14,13 0.001 -1 0 14,14 0.001 -1 0 13,13 0.001 0 -1 87.0231 365 ::f,2,3 f,3,13 f,15,3 f,15,13 
184:3,2 0.002 0 -1 1,1 0.001 1 0 2,1 0.002 -1 0 3.0053 3 1,13 0.001 1 0 2,13 0.003 -1 0 1,14 0.001 -1 0 10.0106 140 13,2 0.001 -1 0 14,1 0.001 1 1 14,2 0.001 1 0 71.0252 380 14,13 0.001 -1 -1 14,14 0.001 -1 0 13,13 0.001 0 -1 87.0231 365 ::f,2,3 f,3,13 f,15,3 f,15,13 
185:3,2 0.002 0 -1 1,1 0.001 1 0 2,1 0.002 -1 -1 3.0053 3 1,13 0.001 1 0 2,13 0.003 -1 -1 1,14 0.001 -1 -1 10.0106 140 13,2 0.001 -1 0 14,1 0.001 0 1 14,2 0.001 1 0 71.0252 380 14,13 0.001 -1 -1 14,14 0.001 -1 -1 13,13 0.001 1 -1 87.0231 365 ::f,2,3 f,3,13 f,15,3 f,15,13 
186:3,2 0.002 0 -1 1,1 0.001 1 0 2,1 0.002 0 -1 3.0053 3 1,13 0.001 1 1 2,13 0.003 0 -1 1,14 0.001 -1 -1 10.0106 140 13,2 0.001 -1 -1 14,1 0.001 0 1 14,2 0.001 1 1 71.0252 380 14,13 0.001 0 -1 14,14 0.001 -1 -1 13,13 0.001 1 -1 87.0231 365 ::f,2,3 f,3,13 f,15,3 f,15,13 
187:3,2 0.002 0 -1 1,1 0.001 1 1 2,1 0.002 1 -1 3.0053 3 1,13 0.001 1 1 2,13 0.003 1 -1 1,14 0.001 0 -1 10.0106 140 13,2 0.001 -1 -1 14,1 0.001 0 1 14,2 0.001 1 1 77.0253 395 14,13 0.001 0 -1 14,14 0.001 0 -1 13,13 0.001 1 0 87.0231 365 ::f,2,3 f,3,13 f,14,3 f,15,13 
188:3,2 0.002 0 -1 1,1 0.001 1 1 2,1 0.002 1 0 3.0053 3 1,13 0.001 0 1 2,13 0.003 1 0 1,14 0.001 0 -1 10.0106 140 13,2 0.001 0 -1 14,1 0.001 0 1 14,2 0.001 0 1 77.0253 395 14,13 0.001 1 -1 14,14 0.001 0 -1 13,13 0.001 1 0 87.0231 365 ::f,2,3 f,3,13 f,14,3 f,15,13 
189:3,2 0.002 0 -1 1,1 0.001 0 1 2,1 0.002 1 1 3.0053 3 1,13 0.001 0 1 2,13 0.003 1 1 1,14 0.001 0 -1 10.0106 140 13,1 0.001 0 -1 14,1 0.001 0 1 14,2 0.001 0 1 84.0264 410 14,13 0.001 1 -1 14,14 0.001 1 -1 13,13 0.001 1 0 87.0231 365 ::f,2,3 f,3,13 f,13,0 f,15,13 
190:3,2 0.002 0 -1 1,1 0.001 0 1 2,1 0.002 0 1 3.0053 3 1,13 0.001 -1 1 2,13 0.003 0 1 1,14 0.001 1 -1 10.0106 140 13,1 0.001 0 -1 14,1 0.001 -1 1 14,2 0.001 -1 1 92.0265 425 14,13 0.001 1 0 14,14 0.001 1 -1 13,13 0.001 1 1 97.0232 380 ::f,2,3 f,3,13 f,12,14 f,15,2 
191:3,2 0.002 0 -1 1,1 0.001 -1 1 2,1 0.002 -1 1 3.0053 3 1,13 0.001 -1 1 2,13 0.003 -1 1 1,14 0.001 1 -1 10.0106 140 13,1 0.001 1 -1 14,1 0.001 -1 0 14,2 0.001 -1 1 92.0265 425 14,13 0.001 1 0 14,14 0.001 1 0 13,13 0.001 0 1 97.0232 380 ::f,2,3 f,3,13 f,12,14 f,15,2 
192:3,2 0.002 0 -1 1,1 0.001 -1 1 2,1 0.002 -1 0 3.0053 3 1,13 0.001 -1 0 2,13 0.003 -1 0 1,14 0.001 1 0 10.0106 140 13,1 0.001 1 -1 14,1 0.001 -1 0 14,2 0.001 -1 0 92.0265 425 14,13 0.001 1 1 14,14 0.001 1 0 13,13 0.001 0 1 97.0232 380 ::f,2,3 f,3,13 f,12,14 f,15,2 
193:3,2 0.002 0 -1 1,1 0.001 -1 0 2,1 0.002 -1 -1 3.0053 3 1,13 0.001 -1 0 2,13 0.003 -1 -1 1,14 0.001 1 0 10.0106 140 13,1 0.001 1 0 14,1 0.001 -1 -1 13,2 0.001 -1 0 92.0275 425 14,13 0.001 1 1 14,14 0.001 1 1 13,13 0.001 -1 1 97.0232 380 ::f,2,3 f,3,13 f,12,14 f,15,2 
194:3,2 0.002 0 -1 1,1 0.001 -1 0 2,1 0.002 0 -1 3.0053 3 1,13 0.001 -1 -1 2,13 0.003 0 -1 1,14 0.001 1 1 10.0106 140 13,1 0.001 1 0 14,1 0.001 -1 -1 13,2 0.001 -1 0 92.0275 425 14,13 0.001 0 1 14,14 0.001 1 1 13,13 0.001 -1 1 104.023 395 ::f,2,3 f,3,13 f,12,12 f,15,2 
195:3,2 0.002 0 -1 1,1 0.001 -1 -1 2,1 0.002 1 -1 3.0053 3 1,13 0.001 -1 -1 2,13 0.003 1 -1 1,14 0.001 1 1 10.0106 140 13,1 0.001 1 0 14,1 0.001 0 -1 13,2 0.001 -1 -1 92.0275 425 14,13 0.001 0 1 14,14 0.001 0 1 13,13 0.001 -1 0 104.023 395 ::f,2,3 f,3,13 f,12,12 f,15,2 
196:3,2 0.002 0 -1 1,1 0.001 -1 -1 2,1 0.002 1 0 3.0053 3 1,13 0.001 0 -1 2,13 0.003 1 0 1,14 0.001 0 1 10.0106 140 13,1 0.001 1 1 14,1 0.001 0 -1 13,2 0.001 -1 -1 92.0275 425 14,13 0.001 0 1 14,14 0.001 0 1 13,13 0.001 -1 0 104.023 395 ::f,2,3 f,3,13 f,12,12 f,15,2 
197:3,2 0.002 0 -1 1,1 0.001 0 -1 2,1 0.002 1 1 3.0053 3 1,13 0.001 0 -1 2,13 0.003 1 1 1,14 0.001 0 1 10.0106 140 13,1 0.001 1 1 14,1 0.001 1 -1 13,2 0.001 0 -1 92.0275 425 14,13 0.001 -1 1 14,14 0.001 -1 1 13,13 0.001 -1 -1 104.023 395 ::f,2,3 f,3,13 f,12,12 f,15,2 
198:3,2 0.002 0 -1 1,1 0.001 0 -1 2,1 0.002 0 1 3.0053 3 1,13 0.001 1 -1 2,13 0.003 0 1 1,14 0.001 -1 1 10.0106 140 13,1 0.001 0 1 14,1 0.001 1 -1 13,2 0.001 0 -1 92.0275 425 14,13 0.001 -1 1 14,14 0.001 -1 1 13,13 0.001 -1 -1 112.023 410 ::f,2,3 f,3,13 f,15,2 f,15,12 
199:3,2 0.002 0 -1 1,1 0.001 1 -1 2,1 0.002 -1 1 3.0053 3 1,13 0.001 1 -1 2,13 0.003 -1 1 1,14 0.001 -1 1 10.0106 140 13,1 0.001 0 1 14,1 0.001 1 0 13,2 0.001 0 -1 92.0275 425 14,13 0.001 -1 0 14,14 0.001 -1 0 13,13 0.001 0 -1 112.023 410 ::f,2,3 f,3,13 f,15,2 f,15,12 
200:3,2 0.002 0 -1 1,1 0.001 1 -1 2,1 0.002 -1 0 3.0053 3 1,13 0.001 1 0 2,13 0.003 -1 0 1,14 0.001 -1 0 10.0106 140 13,1 0.001 -1 1 14,1 0.001 1 0 13,2 0.001 1 -1 92.0275 425 14,13 0.001 -1 0 13,14 0.001 -1 0 13,13 0.001 0 -1 112.024 410 ::f,2,3 f,3,13 f,15,2 f,15,12 
201:3,2 0.002 0 -1 1,1 0.001 1 0 2,1 0.002 -1 -1 3.0053 3 1,13 0.001 1 0 2,13 0.003 -1 -1 1,14 0.001 -1 0 10.0106 140 13,1 0.001 -1 1 14,1 0.001 1 1 13,2 0.001 1 -1 92.0275 425 14,13 0.001 -1 -1 13,14 0.001 -1 0 13,13 0.001 1 -1 112.024 410 ::f,2,3 f,3,13 f,15,2 f,15,12 
202:3,2 0.002 0 -1 1,1 0.001 1 0 2,1 0.002 0 -1 3.0053 3 1,13 0.001 1 0 2,13 0.003 0 -1 1,14 0.001 -1 -1 10.0106 140 13,1 0.001 -1 0 14,1 0.001 1 1 13,2 0.001 1 0 100.028 440 14,13 0.001 -1 -1 13,14 0.001 -1 -1 13,13 0.001 1 -1 112.024 410 ::f,2,3 f,3,13 f,13,3 f,15,12 
203:3,2 0.002 0 -1 1,1 0.001 1 0 2,1 0.002 1 -1 3.0053 3 1,13 0.001 1 1 2,13 0.003 1 -1 1,14 0.001 -1 -1 10.0106 140 13,1 0.001 -1 0 14,1 0.001 0 1 13,2 0.001 1 0 100.028 440 14,13 0.001 0 -1 13,14 0.001 -1 -1 13,13 0.001 1 0 112.024 410 ::f,2,3 f,3,13 f,13,3 f,15,12 
204:3,2 0.002 0 -1 1,1 0.001 1 1 2,1 0.002 1 0 3.0053 3 1,13 0.001 1 1 2,13 0.003 1 0 1,14 0.001 0 -1 10.0106 140 13,1 0.001 -1 -1 14,2 0.001 0 1 13,2 0.001 1 1 100.029 440 14,13 0.001 0 -1 13,14 0.001 0 -1 13,13 0.001 1 0 112.024 410 ::f,2,3 f,3,13 f,13,3 f,15,12 
205:3,2 0.002 0 -1 1,1 0.001 1 1 2,1 0.002 1 1 3.0053 3 1,13 0.001 0 1 2,13 0.003 1 1 1,14 0.001 0 -1 10.0106 140 13,1 0.001 -1 -1 14,2 0.001 0 1 13,2 0.001 1 1 100.029 440 14,13 0.001 1 -1 13,14 0.001 0 -1 13,13 0.001 1 0 112.024 410 ::f,2,3 f,3,13 f,13,3 f,15,12 
206:3,2 0.002 0 -1 1,1 0.001 0 1 2,1 0.002 0 1 3.0053 3 1,13 0.001 0 1 2,13 0.003 0 1 1,14 0.001 0 -1 10.0106 140 13,1 0.001 0 -1 14,2 0.001 -1 1 13,2 0.001 0 1 100.029 440 14,13 0.001 1 -1 13,14 0.001 0 -1 13,13 0.001 1 1 114.025 425 ::f,2,3 f,3,13 f,12,15 f,13,3 
207:3,2 0.002 0 -1 1,1 0.001 0 1 2,1 0.002 -1 1 3.0053 3 1,13 0.001 -1 1 2,13 0.003 -1 1 1,14 0.001 1 -1 10.0106 140 13,1 0.001 0 -1 14,2 0.001 -1 1 13,2 0.001 0 1 109.029 455 14,13 0.001 1 0 13,14 0.001 1 -1 13,13 0.001 1 1 114.025 425 ::f,2,3 f,3,13 f,12,15 f,15,3 
208:3,2 0.002 0 -1 1,1 0.001 -1 1 2,1 0.002 -1 0 3.0053 3 1,13 0.001 -1 1 2,13 0.003 -1 0 1,14 0.001 1 -1 10.0106 140 13,1 0.001 1 -1 14,2 0.001 -1 0 13,2 0.001 -1 1 109.029 455 14,13 0.001 1 0 13,14 0.001 1 -1 13,13 0.001 0 1 114.025 425 ::f,2,3 f,3,13 f,12,15 f,15,3 
209:3,2 0.002 0 -1 1,1 0.001 -1 1 2,1 0.002 -1 -1 3.0053 3 1,13 0.001 -1 0 2,13 0.003 -1 -1 1,14 0.001 1 0 10.0106 140 13,1 0.001 1 -1 14,2 0.001 -1 0 13,2 0.001 -1 1 109.029 455 14,13 0.001 1 1 13,14 0.001 1 0 13,13 0.001 0 1 114.025 425 ::f,2,3 f,3,13 f,12,15 f,15,3 
210:3,2 0.002 0 -1 1,1 0.001 -1 0 2,1 0.002 0 -1 3.0053 3 1,13 0.001 -1 0 2,13 0.003 0 -1 1,14 0.001 1 0 10.0106 140 13,1 0.001 1 0 14,2 0.001 -1 0 13,2 0.001 -1 0 109.029 455 14,13 0.001 1 1 13,14 0.001 1 0 13,13 0.001 -1 1 114.025 425 ::f,2,3 f,3,13 f,12,15 f,15,3 
211:3,2 0.002 0 -1 1,1 0.001 -1 0 2,1 0.002 1 -1 3.0053 3 1,13 0.001 -1 -1 2,13 0.003 1 -1 1,14 0.001 1 1 10.0106 140 14,1 0.001 1 0 14,2 0.001 -1 -1 13,2 0.001 -1 0 109.03 455 14,13 0.001 0 1 13,14 0.001 1 1 13,13 0.001 -1 1 114.025 425 ::f,2,3 f,3,13 f,12,15 f,15,3 
212:3,2 0.002 0 -1 1,1 0.001 -1 -1 2,1 0.002 1 0 3.0053 3 1,13 0.001 -1 -1 2,13 0.003 1 0 1,14 0.001 1 1 10.0106 140 14,1 0.001 1 0 14,2 0.001 -1 -1 13,2 0.001 -1 -1 109.03 455 14,14 0.001 0 1 13,14 0.001 1 1 13,13 0.001 -1 0 114.026 425 ::f,2,3 f,3,13 f,12,15 f,15,3 
213:3,2 0.002 0 -1 1,1 0.001 -1 -1 2,1 0.002 1 1 3.0053 3 1,13 0.001 0 -1 2,13 0.003 1 1 1,14 0.001 0 1 10.0106 140 14,1 0.001 1 1 14,2 0.001 0 -1 13,2 0.001 -1 -1 109.03 455 14,14 0.001 0 1 13,14 0.001 0 1 13,13 0.001 -1 0 114.026 425 ::f,2,3 f,3,13 f,12,15 f,15,3 
214:3,2 0.002 0 -1 1,1 0.001 0 -1 2,1 0.002 0 1 3.0053 3 1,13 0.001 0 -1 2,13 0.003 0 1 1,14 0.001 0 1 10.0106 140 14,1 0.001 1 1 14,2 0.001 0 -1 13,2 0.001 0 -1 109.03 455 14,14 0.001 -1 1 13,14 0.001 0 1 13,13 0.001 -1 -1 114.026 425 ::f,2,3 f,3,13 f,12,15 f,15,3 
215:3,2 0.002 0 -1 1,1 0.001 0 -1 2,1 0.002 -1 1 3.0053 3 1,13 0.001 1 -1 2,13 0.003 -1 1 1,14 0.001 -1 1 10.0106 140 14,1 0.001 0 1 14,2 0.001 1 -1 13,1 0.001 0 -1 109.031 455 14,14 0.001 -1 1 13,14 0.001 -1 1 13,13 0.001 -1 -1 114.026 425 ::f,2,3 f,3,13 f,12,15 f,15,3 
216:3,2 0.002 0 -1 1,1 0.001 1 -1 2,1 0.002 -1 0 3.0053 3 1,13 0.001 1 -1 2,13 0.003 -1 0 1,14 0.001 -1 1 10.0106 140 14,1 0.001 0 1 14,2 0.001 1 -1 13,1 0.001 0 -1 109.031 455 14,14 0.001 -1 0 13,14 0.001 -1 1 13,13 0.001 0 -1 124.026 440 ::f,2,3 f,3,13 f,13,15 f,15,3 
217:3,2 0.002 0 -1 1,1 0.001 1 -1 2,1 0.002 -1 -1 3.0053 3 1,13 0.001 1 0 2,13 0.003 -1 -1 1,14 0.001 -1 0 10.0106 140 14,1 0.001 0 1 14,2 0.001 1 0 13,1 0.001 1 -1 109.031 455 14,14 0.001 -1 0 13,14 0.001 -1 0 13,13 0.001 0 -1 124.026 440 ::f,2,3 f,3,13 f,13,15 f,15,3 
218:3,2 0.002 0 -1 1,1 0.001 1 0 2,1 0.002 0 -1 3.0053 3 1,13 0.001 1 0 2,13 0.003 0 -1 1,14 0.001 -1 0 10.0106 140 14,1 0.001 -1 1 14,2 0.001 1 0 13,1 0.001 1 -1 109.031 455 14,14 0.001 -1 0 13,14 0.001 -1 0 13,13 0.001 1 -1 124.026 440 ::f,2,3 f,3,13 f,13,15 f,15,3 
219:3,2 0.002 0 -1 1,1 0.001 1 0 2,1 0.002 1 -1 3.0053 3 1,13 0.001 1 0 2,13 0.003 1 -1 1,14 0.001 -1 -1 10.0106 140 14,1 0.001 -1 1 14,2 0.001 1 1 13,1 0.001 1 0 109.031 455 14,14 0.001 -1 -1 13,14 0.001 -1 -1 13,13 0.001 1 -1 124.026 440 ::f,2,3 f,3,13 f,13,15 f,15,3 
220:3,2 0.002 0 -1 1,1 0.001 1 0 2,1 0.002 1 0 3.0053 3 1,13 0.001 1 1 2,13 0.003 1 0 1,14 0.001 -1 -1 10.0106 140 14,1 0.001 -1 0 14,2 0.001 1 1 13,1 0.001 1 0 119.031 470 14,14 0.001 -1 -1 13,14 0.001 -1 -1 13,13 0.001 1 0 124.026 440 ::f,2,3 f,3,13 f,13,15 f,14,3 
221:3,2 0.002 0 -1 1,1 0.001 1 1 2,1 0.002 1 1 3.0053 3 1,13 0.001 1 1 2,13 0.003 1 1 1,14 0.001 0 -1 10.0106 140 14,1 0.001 -1 0 14,2 0.001 0 1 13,1 0.001 1 0 119.031 470 14,14 0.001 0 -1 13,14 0.001 0 -1 14,13 0.001 1 0 124.027 440 ::f,2,3 f,3,13 f,13,15 f,14,3 
222:3,2 0.002 0 -1 1,1 0.001 1 1 2,1 0.002 0 1 3.0053 3 1,13 0.001 0 1 2,13 0.003 0 1 1,14 0.001 0 -1 10.0106 140 14,1 0.001 -1 -1 14,2 0.001 0 1 13,1 0.001 1 1 129.031 485 14,14 0.001 0 -1 13,13 0.001 0 -1 14,13 0.001 1 0 124.028 440 ::f,2,3 f,3,13 f,12,0 f,13,15 
223:3,2 0.002 0 -1 1,1 0.001 0 1 2,1 0.002 -1 1 3.0053 3 1,13 0.001 0 1 2,13 0.003 -1 1 1,14 0.001 0 -1 10.0106 140 14,1 0.001 -1 -1 14,2 0.001 -1 1 13,1 0.001 1 1 129.031 485 14,14 0.001 1 -1 13,13 0.001 0 -1 14,13 0.001 1 1 124.028 440 ::f,2,3 f,3,13 f,12,0 f,13,15 
224:3,2 0.002 0 -1 1,1 0.001 0 1 2,1 0.002 -1 0 3.0053 3 1,13 0.001 -1 1 2,13 0.003 -1 0 1,14 0.001 1 -1 10.0106 140 14,1 0.001 0 -1 14,2 0.001 -1 1 13,1 0.001 0 1 129.031 485 14,14 0.001 1 -1 13,13 0.001 1 -1 14,13 0.001 1 1 124.028 440 ::f,2,3 f,3,13 f,12,0 f,13,15 
225:3,2 0.002 0 -1 1,1 0.001 -1 1 2,1 0.002 -1 -1 3.0053 3 1,13 0.001 -1 1 2,13 0.003 -1 -1 1,14 0.001 1 -1 10.0106 140 14,1 0.001 0 -1 14,2 0.001 -1 0 13,1 0.001 0 1 129.031 485 14,14 0.001 1 0 13,13 0.001 1 -1 14,13 0.001 0 1 124.028 440 ::f,2,3 f,3,13 f,12,0 f,13,15 
226:3,2 0.002 0 -1 1,1 0.001 -1 1 2,1 0.002 0 -1 3.0053 3 1,13 0.001 -1 0 2,13 0.003 0 -1 1,14 0.001 1 0 10.0106 140 14,1 0.001 1 -1 13,2 0.001 -1 0 13,1 0.001 -1 1 129.032 485 14,14 0.001 1 0 13,13 0.001 1 0 14,13 0.001 0 1 124.028 440 ::f,2,3 f,3,13 f,12,0 f,13,15 
227:3,2 0.002 0 -1 1,1 0.001 -1 0 2,1 0.002 1 -1 3.0053 3 1,13 0.001 -1 0 2,13 0.003 1 -1 1,14 0.001 1 0 10.0106 140 14,1 0.001 1 -1 13,2 0.001 -1 0 13,1 0.001 -1 1 129.032 485 14,14 0.001 1 1 13,13 0.001 1 0 14,13 0.001 0 1 124.028 440 ::f,2,3 f,3,13 f,12,0 f,13,15 
228:3,2 0.002 0 -1 1,1 0.001 -1 0 2,1 0.002 1 0 3.0053 3 1,13 0.001 -1 -1 2,13 0.003 1 0 1,14 0.001 1 1 10.0106 140 14,1 0.001 1 0 13,2 0.001 -1 -1 13,1 0.001 -1 0 129.032 485 14,14 0.001 1 1 13,13 0.001 1 0 14,13 0.001 -1 1 124.028 440 ::f,2,3 f,3,13 f,12,0 f,13,15 
229:3,2 0.002 0 -1 1,1 0.001 -1 -1 2,1 0.002 1 1 3.0053 3 1,13 0.001 -1 -1 2,13 0.003 1 1 1,14 0.001 1 1 10.0106 140 14,1 0.001 1 0 13,2 0.001 -1 -1 13,1 0.001 -1 0 129.032 485 14,14 0.001 0 1 13,13 0.001 1 1 14,13 0.001 -1 1 124.028 440 ::f,2,3 f,3,13 f,12,0 f,13,15 
230:3,2 0.002 0 -1 1,1 0.001 -1 -1 2,1 0.002 0 1 3.0053 3 1,13 0.001 0 -1 2,13 0.003 0 1 1,14 0.001 0 1 10.0106 140 14,1 0.001 1 1 13,2 0.001 0 -1 13,1 0.001 -1 -1 129.032 485 14,14 0.001 0 1 13,13 0.001 1 1 14,13 0.001 -1 0 124.028 440 ::f,2,3 f,3,13 f,12,0 f,13,15 
231:3,2 0.002 0 -1 1,1 0.001 0 -1 2,1 0.002 -1 1 3.0053 3 1,13 0.001 0 -1 2,13 0.003 -1 1 1,14 0.001 0 1 10.0106 140 14,1 0.001 1 1 13,2 0.001 0 -1 13,1 0.001 -1 -1 137.032 500 14,14 0.001 -1 1 13,13 0.001 0 1 14,13 0.001 -1 0 124.028 440 ::f,2,3 f,3,13 f,13,15 f,15,3 
232:3,2 0.002 0 -1 1,1 0.001 0 -1 2,1 0.002 -1 0 3.0053 3 1,13 0.001 1 -1 2,13 0.003 -1 0 1,14 0.001 -1 1 10.0106 140 14,1 0.001 0 1 13,2 0.001 0 -1 13,1 0.001 0 -1 137.032 500 14,14 0.001 -1 1 13,13 0.001 0 1 14,13 0.001 -1 -1 127.028 455 ::f,2,3 f,3,13 f,14,12 f,15,3 
233:3,2 0.002 0 -1 1,1 0.001 1 -1 2,1 0.002 -1 -1 3.0053 3 1,13 0.001 1 -1 2,13 0.003 -1 -1 1,14 0.001 -1 1 10.0106 140 14,2 0.001 0 1 13,2 0.001 1 -1 13,1 0.001 0 -1 137.033 500 14,14 0.001 -1 0 13,13 0.001 -1 1 14,13 0.001 -1 -1 127.028 455 ::f,2,3 f,3,13 f,14,12 f,15,3 
234:3,2 0.002 0 -1 1,1 0.001 1 -1 2,1 0.002 0 -1 3.0053 3 1,13 0.001 1 0 2,13 0.003 0 -1 1,14 0.001 -1 0 10.0106 140 14,2 0.001 0 1 13,2 0.001 1 -1 13,1 0.001 1 -1 137.033 500 13,14 0.001 -1 0 13,13 0.001 -1 1 14,13 0.001 0 -1 127.029 455 ::f,2,3 f,3,13 f,14,12 f,15,3 
235:3,2 0.002 0 -1 1,1 0.001 1 0 2,1 0.002 1 -1 3.0053 3 1,13 0.001 1 0 2,13 0.003 1 -1 1,14 0.001 -1 0 10.0106 140 14,2 0.001 -1 1 13,2 0.001 1 0 13,1 0.001 1 -1 137.033 500 13,14 0.001 -1 0 13,13 0.001 -1 0 14,13 0.001 0 -1 136.029 470 ::f,2,3 f,3,13 f,12,15 f,15,3 
236:3,2 0.002 0 -1 1,1 0.001 1 0 2,1 0.002 1 0 3.0053 3 1,13 0.001 1 0 2,13 0.003 1 0 1,14 0.001 -1 -1 10.0106 140 14,2 0.001 -1 1 13,2 0.001 1 0 13,1 0.001 1 0 137.033 500 13,14 0.001 -1 -1 13,13 0.001 -1 0 14,13 0.001 1 -1 136.029 470 ::f,2,3 f,3,13 f,12,15 f,15,3 
237:3,2 0.002 0 -1 1,1 0.001 1 0 2,1 0.002 1 1 3.0053 3 1,13 0.001 1 1 2,13 0.003 1 1 1,14 0.001 -1 -1 10.0106 140 14,2 0.001 -1 0 13,2 0.001 1 1 14,1 0.001 1 0 137.034 500 13,14 0.001 -1 -1 13,13 0.001 -1 -1 14,13 0.001 1 -1 136.029 470 ::f,2,3 f,3,13 f,12,15 f,15,3 
238:3,2 0.002 0 -1 1,1 0.001 1 1 2,1 0.002 0 1 3.0053 3 1,13 0.001 1 1 2,13 0.003 0 1 1,14 0.001 0 -1 10.0106 140 14,2 0.001 -1 0 13,2 0.001 1 1 14,1 0.001 1 0 137.034 500 13,14 0.001 0 -1 13,13 0.001 -1 -1 14,13 0.001 1 0 136.029 470 ::f,2,3 f,3,13 f,12,15 f,15,3 
239:3,2 0.002 0 -1 1,1 0.001 1 1 2,1 0.002 -1 1 3.0053 3 1,13 0.001 0 1 2,13 0.003 -1 1 1,14 0.001 0 -1 10.0106 140 14,2 0.001 -1 0 13,2 0.001 0 1 14,1 0.001 1 1 137.034 500 13,14 0.001 0 -1 13,13 0.001 0 -1 14,13 0.001 1 0 136.029 470 ::f,2,3 f,3,13 f,12,15 f,15,3 
240:3,2 0.002 0 -1 1,1 0.001 0 1 2,1 0.002 -1 0 3.0053 3 1,13 0.001 0 1 2,13 0.003 -1 0 1,14 0.001 0 -1 10.0106 140 14,2 0.001 -1 -1 13,2 0.001 0 1 14,1 0.001 1 1 137.034 500 13,14 0.001 0 -1 13,13 0.001 0 -1 14,13 0.001 1 1 136.029 470 ::f,2,3 f,3,13 f,12,15 f,15,3 
241:3,2 0.002 0 -1 1,1 0.001 0 1 2,1 0.002 -1 -1 3.0053 3 1,13 0.001 -1 1 2,13 0.003 -1 -1 1,14 0.001 1 -1 10.0106 140 14,2 0.001 -1 -1 13,2 0.001 -1 1 14,1 0.001 0 1 137.034 500 13,14 0.001 1 -1 13,13 0.001 1 -1 14,13 0.001 1 1 136.029 470 ::f,2,3 f,3,13 f,12,15 f,15,3 
242:3,2 0.002 0 -1 1,1 0.001 -1 1 2,1 0.002 0 -1 3.0053 3 1,13 0.001 -1 1 2,13 0.003 0 -1 1,14 0.001 1 -1 10.0106 140 14,2 0.001 0 -1 13,2 0.001 -1 1 14,1 0.001 0 1 137.034 500 13,14 0.001 1 -1 13,13 0.001 1 -1 14,13 0.001 0 1 136.029 470 ::f,2,3 f,3,13 f,12,15 f,15,3 
243:3,2 0.002 0 -1 1,1 0.001 -1 1 2,1 0.002 1 -1 3.0053 3 1,13 0.001 -1 0 2,13 0.003 1 -1 1,14 0.001 1 0 10.0106 140 14,2 0.001 0 -1 13,2 0.001 -1 0 14,1 0.001 0 1 137.034 500 13,14 0.001 1 0 13,13 0.001 1 0 14,14 0.001 0 1 136.03 470 ::f,2,3 f,3,13 f,12,15 f,15,3 
244:3,2 0.002 0 -1 1,1 0.001 -1 0 2,1 0.002 1 0 3.0053 3 1,13 0.001 -1 0 2,13 0.003 1 0 1,14 0.001 1 0 10.0106 140 14,2 0.001 1 -1 13,2 0.001 -1 0 14,1 0.001 -1 1 137.034 500 13,14 0.001 1 0 14,13 0.001 1 0 14,14 0.001 0 1 136.031 470 ::f,2,3 f,3,13 f,12,15 f,15,3 
245:3,2 0.002 0 -1 1,1 0.001 -1 0 2,1 0.002 1 1 3.0053 3 1,13 0.001 -1 -1 2,13 0.003 1 1 1,14 0.001 1 1 10.0106 140 14,2 0.001 1 -1 13,2 0.001 -1 -1 14,1 0.001 -1 1 137.034 500 13,14 0.001 1 1 14,13 0.001 1 0 14,14 0.001 -1 1 136.031 470 ::f,2,3 f,3,13 f,12,15 f,15,3 
246:3,2 0.002 0 -1 1,1 0.001 -1 -1 2,1 0.002 0 1 3.0053 3 1,13 0.001 -1 -1 2,13 0.003 0 1 1,14 0.001 1 1 10.0106 140 14,2 0.001 1 0 13,2 0.001 -1 -1 14,1 0.001 -1 0 137.034 500 13,14 0.001 1 1 14,13 0.001 1 1 14,14 0.001 -1 1 136.031 470 ::f,2,3 f,3,13 f,12,15 f,15,3 
247:3,2 0.002 0 -1 1,1 0.001 -1 -1 2,1 0.002 -1 1 3.0053 3 1,13 0.001 0 -1 2,13 0.003 -1 1 1,14 0.001 0 1 10.0106 140 14,2 0.001 1 0 13,2 0.001 0 -1 14,1 0.001 -1 0 137.034 500 13,14 0.001 0 1 14,13 0.001 1 1 14,14 0.001 -1 0 136.031 470 ::f,2,3 f,3,13 f,12,15 f,15,3 
248:3,2 0.002 0 -1 1,1 0.001 0 -1 2,1 0.002 -1 0 3.0053 3 1,13 0.001 0 -1 2,13 0.003 -1 0 1,14 0.001 0 1 10.0106 140 14,2 0.001 1 1 13,1 0.001 0 -1 14,1 0.001 -1 -1 137.035 500 13,14 0.001 0 1 14,13 0.001 0 1 14,14 0.001 -1 0 136.031 470 ::f,2,3 f,3,13 f,12,15 f,15,3 
249:3,2 0.002 0 -1 1,1 0.001 0 -1 2,1 0.002 -1 -1 3.0053 3 1,13 0.001 1 -1 2,13 0.003 -1 -1 1,14 0.001 -1 1 10.0106 140 14,2 0.001 1 1 13,1 0.001 0 -1 14,1 0.001 -1 -1 146.035 515 13,14 0.001 -1 1 14,13 0.001 0 1 14,14 0.001 -1 0 136.031 470 ::f,2,3 f,3,13 f,12,15 f,13,2 
250:3,2 0.002 0 -1 1,1 0.001 1 -1 2,1 0.002 0 -1 3.0053 3 1,13 0.001 1 -1 2,13 0.003 0 -1 1,14 0.001 -1 1 10.0106 140 14,2 0.001 0 1 13,1 0.001 1 -1 14,1 0.001 0 -1 146.035 515 13,14 0.001 -1 1 14,13 0.001 0 1 14,14 0.001 -1 -1 140.031 485 ::f,2,3 f,3,13 f,13,2 f,15,14 
251:3,2 0.002 0 -1 1,1 0.001 1 -1 2,1 0.002 1 -1 3.0053 3 1,13 0.001 1 0 2,13 0.003 1 -1 1,14 0.001 -1 0 10.0106 140 14,2 0.001 0 1 13,1 0.001 1 -1 14,1 0.001 0 -1 146.035 515 13,14 0.001 -1 0 14,13 0.001 -1 1 14,14 0.001 -1 -1 140.031 485 ::f,2,3 f,3,13 f,13,2 f,15,14 
252:3,2 0.002 0 -1 1,1 0.001 1 0 2,1 0.002 1 0 3.0053 3 1,13 0.001 1 0 2,13 0.003 1 0 1,14 0.001 -1 0 10.0106 140 14,2 0.001 -1 1 13,1 0.001 1 0 14,1 0.001 1 -1 146.035 515 13,14 0.001 -1 0 14,13 0.001 -1 1 14,14 0.001 0 -1 140.031 485 ::f,2,3 f,3,13 f,13,2 f,15,14 
253:3,2 0.002 0 -1 1,1 0.001 1 0 2,1 0.002 1 1 3.0053 3 1,13 0.001 1 0 2,13 0.003 1 1 1,14 0.001 -1 -1 10.0106 140 14,2 0.001 -1 1 13,1 0.001 1 0 14,1 0.001 1 -1 146.035 515 13,14 0.001 -1 -1 14,13 0.001 -1 0 14,14 0.001 0 -1 140.031 485 ::f,2,3 f,3,13 f,13,2 f,15,14 
254:3,2 0.002 0 -1 1,1 0.001 1 0 2,1 0.002 0 1 3.0053 3 1,13 0.001 1 1 2,13 0.003 0 1 1,14 0.001 -1 -1 10.0106 140 14,2 0.001 -1 0 13,1 0.001 1 0 14,1 0.001 1 0 146.035 515 13,14 0.001 -1 -1 14,13 0.001 -1 0 14,14 0.001 1 -1 140.031 485 ::f,2,3 f,3,13 f,13,2 f,15,14 
255:3,2 0.002 0 -1 1,1 0.001 1 1 2,1 0.002 -1 1 3.0053 3 1,13 0.001 1 1 2,13 0.003 -1 1 1,14 0.001 0 -1 10.0106 140 14,2 0.001 -1 0 13,1 0.001 1 1 14,1 0.001 1 0 146.035 515 13,14 0.001 0 -1 14,13 0.001 -1 -1 14,14 0.001 1 -1 140.031 485 ::f,2,3 f,3,13 f,13,2 f,15,14 
256:3,2 0.002 0 -1 1,1 0.001 1 1 2,1 0.002 -1 0 3.0053 3 1,13 0.001 0 1 2,13 0.003 -1 0 1,14 0.001 0 -1 10.0106 140 14,2 0.001 -1 0 13,1 0.001 1 1 14,1 0.001 1 1 156.035 530 13,13 0.001 0 -1 14,13 0.001 -1 -1 14,14 0.001 1 0 140.032 485 ::f,2,3 f,3,13 f,12,0 f,15,14 
257:3,2 0.002 0 -1 1,1 0.001 0 1 2,1 0.002 -1 -1 3.0053 3 1,13 0.001 0 1 2,13 0.003 -1 -1 1,14 0.001 0 -1 10.0106 140 14,2 0.001 -1 -1 13,1 0.001 0 1 14,1 0.001 1 1 156.035 530 13,13 0.001 0 -1 14,13 0.001 0 -1 14,14 0.001 1 0 150.032 500 ::f,2,3 f,3,13 f,12,0 f,15,13 
258:3,2 0.002 0 -1 1,1 0.001 0 1 2,1 0.002 0 -1 3.0053 3 1,13 0.001 -1 1 2,13 0.003 0 -1 1,14 0.001 1 -1 10.0106 140 14,2 0.001 -1 -1 13,1 0.001 0 1 14,1 0.001 0 1 156.035 530 13,13 0.001 1 -1 14,13 0.001 0 -1 14,14 0.001 1 1 150.032 500 ::f,2,3 f,3,13 f,12,0 f,15,13 
259:3,2 0.002 0 -1 1,1 0.001 -1 1 2,1 0.002 1 -1 3.0053 3 1,13 0.001 -1 1 2,13 0.003 1 -1 1,14 0.001 1 -1 10.0106 140 14,2 0.001 -1 -1 13,1 0.001 -1 1 14,1 0.001 0 1 156.035 530 13,13 0.001 1 -1 14,13 0.001 1 -1 14,14 0.001 1 1 150.032 500 ::f,2,3 f,3,13 f,12,0 f,15,13 
260:3,2 0.002 0 -1 1,1 0.001 -1 1 2,1 0.002 1 0 3.0053 3 1,13 0.001 -1 0 2,13 0.003 1 0 1,14 0.001 1 0 10.0106 140 14,2 0.001 0 -1 13,1 0.001 -1 1 14,1 0.001 0 1 156.035 530 13,13 0.001 1 0 14,13 0.001 1 -1 14,14 0.001 0 1 150.032 500 ::f,2,3 f,3,13 f,12,0 f,15,13 
261:3,2 0.002 0 -1 1,1 0.001 -1 0 2,1 0.002 1 1 3.0053 3 1,13 0.001 -1 0 2,13 0.003 1 1 1,14 0.001 1 0 10.0106 140 14,2 0.001 0 -1 13,1 0.001 -1 0 14,1 0.001 -1 1 156.035 530 13,13 0.001 1 0 14,13 0.001 1 0 14,14 0.001 0 1 150.032 500 ::f,2,3 f,3,13 f,12,0 f,15,13 
262:3,2 0.002 0 -1 1,1 0.001 -1 0 2,1 0.002 0 1 3.0053 3 1,13 0.001 -1 -1 2,13 0.003 0 1 1,14 0.001 1 1 10.0106 140 14,2 0.001 1 -1 13,1 0.001 -1 0 14,1 0.001 -1 1 156.035 530 13,13 0.001 1 0 14,13 0.001 1 0 14,14 0.001 -1 1 160.032 515 ::f,2,3 f,3,13 f,12,0 f,15,12 
263:3,2 0.002 0 -1 1,1 0.001 -1 -1 2,1 0.002 -1 1 3.0053 3 1,13 0.001 -1 -1 2,13 0.003 -1 1 1,14 0.001 1 1 10.0106 140 14,2 0.001 1 -1 13,1 0.001 -1 -1 14,1 0.001 -1 0 156.035 530 13,13 0.001 1 1 14,13 0.001 1 1 14,14 0.001 -1 1 160.032 515 ::f,2,3 f,3,13 f,12,0 f,15,12 
264:3,2 0.002 0 -1 1,1 0.001 -1 -1 2,1 0.002 -1 0 3.0053 3 1,13 0.001 0 -1 2,13 0.003 -1 0 1,14 0.001 0 1 10.0106 140 14,2 0.001 1 0 13,1 0.001 -1 -1 14,1 0.001 -1 0 166.035 545 13,13 0.001 0 1 14,13 0.001 1 1 14,14 0.001 -1 0 160.032 515 ::f,2,3 f,3,13 f,15,0 f,15,12 
265:3,2 0.002 0 -1 1,1 0.001 0 -1 2,1 0.002 -1 -1 3.0053 3 1,13 0.001 0 -1 2,13 0.003 -1 -1 1,14 0.001 0 1 10.0106 140 14,2 0.001 1 0 13,1 0.001 0 -1 14,1 0.001 -1 -1 166.035 545 13,13 0.001 0 1 14,13 0.001 0 1 13,14 0.001 -1 0 160.033 515 ::f,2,3 f,3,13 f,15,0 f,15,12 
266:3,2 0.002 0 -1 1,1 0.001 0 -1 2,1 0.002 0 -1 3.0053 3 1,13 0.001 1 -1 2,13 0.003 0 -1 1,14 0.001 -1 1 10.0106 140 14,2 0.001 1 1 13,1 0.001 0 -1 14,1 0.001 -1 -1 166.035 545 13,13 0.001 -1 1 14,14 0.001 0 1 13,14 0.001 -1 0 160.034 515 ::f,2,3 f,3,13 f,15,0 f,15,12 
267:3,2 0.002 0 -1 1,1 0.001 1 -1 2,1 0.002 1 -1 3.0053 3 1,13 0.001 1 -1 2,13 0.003 1 -1 1,14 0.001 -1 1 10.0106 140 14,2 0.001 1 1 13,1 0.001 1 -1 14,1 0.001 0 -1 166.035 545 13,13 0.001 -1 1 14,14 0.001 0 1 13,14 0.001 -1 -1 160.034 515 ::f,2,3 f,3,13 f,15,0 f,15,12 
268:3,2 0.002 0 -1 1,1 0.001 1 -1 2,1 0.002 1 0 3.0053 3 1,13 0.001 1 0 2,13 0.003 1 0 1,14 0.001 -1 0 10.0106 140 14,2 0.001 0 1 13,1 0.001 1 -1 14,1 0.001 0 -1 166.035 545 13,13 0.001 -1 0 14,14 0.001 -1 1 13,14 0.001 -1 -1 160.034 515 ::f,2,3 f,3,13 f,15,0 f,15,12 
269:3,2 0.002 0 -1 1,1 0.001 1 0 2,1 0.002 1 1 3.0053 3 1,13 0.001 1 0 2,13 0.003 1 1 1,14 0.001 -1 0 10.0106 140 14,2 0.001 0 1 13,1 0.001 1 0 14,1 0.001 1 -1 166.035 545 13,13 0.001 -1 0 14,14 0.001 -1 1 13,14 0.001 0 -1 160.034 515 ::f,2,3 f,3,13 f,15,0 f,15,12 
270:3,2 0.002 0 -1 1,1 0.001 1 0 2,1 0.002 0 1 3.0053 3 1,13 0.001 1 0 2,13 0.003 0 1 1,14 0.001 -1 -1 10.0106 140 14,2 0.001 -1 1 13,1 0.001 1 0 14,1 0.001 1 -1 175.035 560 13,13 0.001 -1 -1 14,14 0.001 -1 0 13,14 0.001 0 -1 160.034 515 ::f,2,3 f,3,13 f,12,3 f,15,12 
271:3,2 0.002 0 -1 1,1 0.001 1 0 2,1 0.002 -1 1 3.0053 3 1,13 0.001 1 1 2,13 0.003 -1 1 1,14 0.001 -1 -1 10.0106 140 14,2 0.001 -1 1 13,1 0.001 1 0 14,1 0.001 1 0 175.035 560 13,13 0.001 -1 -1 14,14 0.001 -1 0 13,14 0.001 0 -1 160.034 515 ::f,2,3 f,3,13 f,12,3 f,15,12 
272:3,2 0.002 0 -1 1,1 0.001 1 1 2,1 0.002 -1 0 3.0053 3 1,13 0.001 1 1 2,13 0.003 -1 0 1,14 0.001 0 -1 10.0106 140 14,2 0.001 -1 0 13,1 0.001 1 1 14,1 0.001 1 0 175.035 560 13,13 0.001 0 -1 14,14 0.001 -1 0 13,14 0.001 1 -1 160.034 515 ::f,2,3 f,3,13 f,12,3 f,15,12 
273:3,2 0.002 0 -1 1,1 0.001 1 1 2,1 0.002 -1 -1 3.0053 3 1,13 0.001 0 1 2,13 0.003 -1 -1 1,14 0.001 0 -1 10.0106 140 13,2 0.001 -1 0 13,1 0.001 1 1 14,1 0.001 1 1 175.036 560 13,13 0.001 0 -1 14,14 0.001 -1 -1 14,13 0.001 1 -1 160.035 515 ::f,2,3 f,3,13 f,12,3 f,15,12 
274:3,2 0.002 0 -1 1,1 0.001 0 1 2,1 0.002 0 -1 3.0053 3 1,13 0.001 0 1 2,13 0.003 0 -1 1,14 0.001 0 -1 10.0106 140 13,2 0.001 -1 0 13,1 0.001 0 1 14,1 0.001 1 1 175.036 560 13,13 0.001 1 -1 14,14 0.001 -1 -1 14,13 0.001 1 -1 170.035 530 ::f,2,3 f,3,13 f,12,3 f,12,12 
275:3,2 0.002 0 -1 1,1 0.001 0 1 2,1 0.002 1 -1 3.0053 3 1,13 0.001 -1 1 2,13 0.003 1 -1 1,14 0.001 1 -1 10.0106 140 13,2 0.001 -1 -1 13,1 0.001 0 1 14,1 0.001 0 1 175.036 560 13,13 0.001 1 -1 14,14 0.001 -1 -1 14,13 0.001 1 0 170.035 530 ::f,2,3 f,3,13 f,12,3 f,12,12 
276:3,2 0.002 0 -1 1,1 0.001 -1 1 2,1 0.002 1 0 3.0053 3 1,13 0.001 -1 1 2,13 0.003 1 0 1,14 0.001 1 -1 10.0106 140 13,2 0.001 -1 -1 13,1 0.001 -1 1 14,2 0.001 0 1 175.037 560 13,13 0.001 1 0 14,14 0.001 -1 -1 14,13 0.001 1 0 170.035 530 ::f,2,3 f,3,13 f,12,3 f,12,12 
277:3,2 0.002 0 -1 1,1 0.001 -1 1 2,1 0.002 1 1 3.0053 3 1,13 0.001 -1 0 2,13 0.003 1 1 1,14 0.001 1 0 10.0106 140 13,2 0.001 0 -1 13,1 0.001 -1 1 14,2 0.001 0 1 175.037 560 13,13 0.001 1 0 14,14 0.001 0 -1 14,13 0.001 1 1 170.035 530 ::f,2,3 f,3,13 f,12,3 f,12,12 
278:3,2 0.002 0 -1 1,1 0.001 -1 0 2,1 0.002 0 1 3.0053 3 1,13 0.001 -1 0 2,13 0.003 0 1 1,14 0.001 1 0 10.0106 140 13,2 0.001 0 -1 13,1 0.001 -1 0 14,2 0.001 -1 1 175.037 560 13,13 0.001 1 0 14,14 0.001 0 -1 14,13 0.001 1 1 170.035 530 ::f,2,3 f,3,13 f,12,3 f,12,12 
279:3,2 0.002 0 -1 1,1 0.001 -1 0 2,1 0.002 -1 1 3.0053 3 1,13 0.001 -1 -1 2,13 0.003 -1 1 1,14 0.001 1 1 10.0106 140 13,2 0.001 0 -1 13,1 0.001 -1 0 14,2 0.001 -1 1 175.037 560 13,13 0.001 1 1 14,14 0.001 1 -1 14,13 0.001 0 1 170.035 530 ::f,2,3 f,3,13 f,12,3 f,12,12 
280:3,2 0.002 0 -1 1,1 0.001 -1 -1 2,1 0.002 -1 0 3.0053 3 1,13 0.001 -1 -1 2,13 0.003 -1 0 1,14 0.001 1 1 10.0106 140 13,2 0.001 1 -1 13,1 0.001 -1 -1 14,2 0.001 -1 0 175.037 560 13,13 0.001 1 1 14,14 0.001 1 -1 14,13 0.001 0 1 170.035 530 ::f,2,3 f,3,13 f,12,3 f,12,12 
281:3,2 0.002 0 -1 1,1 0.001 -1 -1 2,1 0.002 -1 -1 3.0053 3 1,13 0.001 0 -1 2,13 0.003 -1 -1 1,14 0.001 0 1 10.0106 140 13,2 0.001 1 -1 13,1 0.001 -1 -1 14,2 0.001 -1 0 175.037 560 13,13 0.001 0 1 14,14 0.001 1 0 14,13 0.001 0 1 170.035 530 ::f,2,3 f,3,13 f,12,3 f,12,12 
282:3,2 0.002 0 -1 1,1 0.001 0 -1 2,1 0.002 0 -1 3.0053 3 1,13 0.001 0 -1 2,13 0.003 0 -1 1,14 0.001 0 1 10.0106 140 13,2 0.001 1 0 13,1 0.001 0 -1 14,2 0.001 -1 0 175.037 560 13,13 0.001 0 1 14,14 0.001 1 0 14,13 0.001 -1 1 170.035 530 ::f,2,3 f,3,13 f,12,3 f,12,12 
283:3,2 0.002 0 -1 1,1 0.001 0 -1 2,1 0.002 1 -1 3.0053 3 1,13 0.001 1 -1 2,13 0.003 1 -1 1,14 0.001 -1 1 10.0106 140 13,2 0.001 1 0 13,1 0.001 0 -1 14,2 0.001 -1 -1 175.037 560 13,13 0.001 -1 1 14,14 0.001 1 1 14,13 0.001 -1 1 170.035 530 ::f,2,3 f,3,13 f,12,3 f,12,12 
284:3,2 0.002 0 -1 1,1 0.001 1 -1 2,1 0.002 1 0 3.0053 3 1,13 0.001 1 -1 2,13 0.003 1 0 1,14 0.001 -1 1 10.0106 140 13,2 0.001 1 1 13,1 0.001 1 -1 14,2 0.001 -1 -1 175.037 560 13,13 0.001 -1 1 14,14 0.001 1 1 14,13 0.001 -1 0 170.035 530 ::f,2,3 f,3,13 f,12,3 f,12,12 
285:3,2 0.002 0 -1 1,1 0.001 1 -1 2,1 0.002 1 1 3.0053 3 1,13 0.001 1 0 2,13 0.003 1 1 1,14 0.001 -1 0 10.0106 140 13,2 0.001 1 1 13,1 0.001 1 -1 14,2 0.001 0 -1 175.037 560 13,13 0.001 -1 0 14,14 0.001 0 1 14,13 0.001 -1 0 170.035 530 ::f,2,3 f,3,13 f,12,3 f,12,12 
286:3,2 0.002 0 -1 1,1 0.001 1 0 2,1 0.002 0 1 3.0053 3 1,13 0.001 1 0 2,13 0.003 0 1 1,14 0.001 -1 0 10.0106 140 13,2 0.001 0 1 13,1 0.001 1 0 14,2 0.001 0 -1 175.037 560 13,13 0.001 -1 0 14,14 0.001 0 1 14,13 0.001 -1 -1 170.035 530 ::f,2,3 f,3,13 f,12,3 f,12,12 
287:3,2 0.002 0 -1 1,1 0.001 1 0 2,1 0.002 -1 1 3.0053 3 1,13 0.001 1 0 2,13 0.003 -1 1 1,14 0.001 -1 -1 10.0106 140 13,2 0.001 0 1 14,1 0.001 1 0 14,2 0.001 1 -1 175.038 560 13,13 0.001 -1 -1 14,14 0.001 -1 1 14,13 0.001 -1 -1 170.035 530 ::f,2,3 f,3,13 f,12,3 f,12,12 
288:3,2 0.002 0 -1 1,1 0.001 1 0 2,1 0.002 -1 0 3.0053 3 1,13 0.001 1 1 2,13 0.003 -1 0 1,14 0.001 -1 -1 10.0106 140 13,2 0.001 -1 1 14,1 0.001 1 0 14,2 0.001 1 -1 175.038 560 13,13 0.001 -1 -1 14,14 0.001 -1 1 14,13 0.001 0 -1 175.035 545 ::f,2,3 f,3,13 f,12,3 f,15,14 
289:3,2 0.002 0 -1 1,1 0.001 1 1 2,1 0.002 -1 -1 3.0053 3 1,13 0.001 1 1 2,13 0.003 -1 -1 1,14 0.001 0 -1 10.0106 140 13,2 0.001 -1 1 14,1 0.001 1 1 14,2 0.001 1 0 185.039 575 13,13 0.001 0 -1 14,14 0.001 -1 0 14,13 0.001 0 -1 175.035 545 ::f,2,3 f,3,13 f,13,3 f,15,14 
290:3,2 0.002 0 -1 1,1 0.001 1 1 2,1 0.002 0 -1 3.0053 3 1,13 0.001 0 1 2,13 0.003 0 -1 1,14 0.001 0 -1 10.0106 140 13,2 0.001 -1 0 14,1 0.001 1 1 14,2 0.001 1 0 185.039 575 13,13 0.001 0 -1 13,14 0.001 -1 0 14,13 0.001 1 -1 175.036 545 ::f,2,3 f,3,13 f,13,3 f,15,14 
291:3,2 0.002 0 -1 1,1 0.001 0 1 2,1 0.002 1 -1 3.0053 3 1,13 0.001 0 1 2,13 0.003 1 -1 1,14 0.001 0 -1 10.0106 140 13,2 0.001 -1 0 14,1 0.001 0 1 14,2 0.001 1 1 185.039 575 13,13 0.001 1 -1 13,14 0.001 -1 0 14,13 0.001 1 -1 175.036 545 ::f,2,3 f,3,13 f,13,3 f,15,14 
292:3,2 0.002 0 -1 1,1 0.001 0 1 2,1 0.002 1 0 3.0053 3 1,13 0.001 -1 1 2,13 0.003 1 0 1,14 0.001 1 -1 10.0106 140 13,2 0.001 -1 -1 14,1 0.001 0 1 14,2 0.001 1 1 185.039 575 13,13 0.001 1 -1 13,14 0.001 -1 -1 14,13 0.001 1 0 175.036 545 ::f,2,3 f,3,13 f,13,3 f,15,14 
293:3,2 0.002 0 -1 1,1 0.001 -1 1 2,1 0.002 1 1 3.0053 3 1,13 0.001 -1 1 2,13 0.003 1 1 1,14 0.001 1 -1 10.0106 140 13,2 0.001 -1 -1 14,1 0.001 0 1 14,2 0.001 0 1 185.039 575 13,13 0.001 1 0 13,14 0.001 -1 -1 14,13 0.001 1 0 175.036 545 ::f,2,3 f,3,13 f,13,3 f,15,14 
294:3,2 0.002 0 -1 1,1 0.001 -1 1 2,1 0.002 0 1 3.0053 3 1,13 0.001 -1 0 2,13 0.003 0 1 1,14 0.001 1 0 10.0106 140 13,2 0.001 0 -1 14,1 0.001 -1 1 14,2 0.001 0 1 185.039 575 13,13 0.001 1 0 13,14 0.001 0 -1 14,13 0.001 1 1 175.036 545 ::f,2,3 f,3,13 f,13,3 f,15,14 
295:3,2 0.002 0 -1 1,1 0.001 -1 0 2,1 0.002 -1 1 3.0053 3 1,13 0.001 -1 0 2,13 0.003 -1 1 1,14 0.001 1 0 10.0106 140 13,1 0.001 0 -1 14,1 0.001 -1 1 14,2 0.001 -1 1 185.04 575 13,13 0.001 1 0 13,14 0.001 0 -1 14,13 0.001 1 1 185.036 560 ::f,2,3 f,3,13 f,12,15 f,13,3 
296:3,2 0.002 0 -1 1,1 0.001 -1 0 2,1 0.002 -1 0 3.0053 3 1,13 0.001 -1 -1 2,13 0.003 -1 0 1,14 0.001 1 1 10.0106 140 13,1 0.001 0 -1 14,1 0.001 -1 0 14,2 0.001 -1 1 195.04 590 13,13 0.001 1 1 13,14 0.001 0 -1 14,13 0.001 0 1 185.036 560 ::f,2,3 f,3,13 f,12,1 f,12,15 
297:3,2 0.002 0 -1 1,1 0.001 -1 -1 2,1 0.002 -1 -1 3.0053 3 1,13 0.001 -1 -1 2,13 0.003 -1 -1 1,14 0.001 1 1 10.0106 140 13,1 0.001 1 -1 14,1 0.001 -1 0 14,2 0.001 -1 0 195.04 590 13,13 0.001 1 1 13,14 0.001 1 -1 14,14 0.001 0 1 185.037 560 ::f,2,3 f,3,13 f,12,1 f,12,15 
298:3,2 0.002 0 -1 1,1 0.001 -1 -1 2,1 0.002 0 -1 3.0053 3 1,13 0.001 0 -1 2,13 0.003 0 -1 1,14 0.001 0 1 10.0106 140 13,1 0.001 1 -1 14,1 0.001 -1 0 13,2 0.001 -1 0 195.041 590 13,13 0.001 0 1 13,14 0.001 1 -1 14,14 0.001 0 1 185.037 560 ::f,2,3 f,3,13 f,12,1 f,12,15 
299:3,2 0.002 0 -1 1,1 0.001 0 -1 2,1 0.002 1 -1 3.0053 3 1,13 0.001 0 -1 2,13 0.003 1 -1 1,14 0.001 0 1 10.0106 140 13,1 0.001 1 0 14,1 0.001 -1 -1 13,2 0.001 -1 0 195.041 590 13,13 0.001 0 1 13,14 0.001 1 0 14,14 0.001 -1 1 185.037 560 ::f,2,3 f,3,13 f,12,1 f,12,15 
