16
0:2,0 0.001 -1 0 2,2 0.003 1 0 3,3 0.002 1 -1 0.002 50 3,13 0.003 0 1 0,13 0.003 1 -1 1,12 0.002 1 -1 0 45 12,1 0.001 -1 1 15,0 0.003 1 0 14,3 0.002 0 1 0.002 50 14,14 0.001 1 0 15,14 0.003 1 1 14,15 0.002 1 1 0.001 50 ::f,0,2 f,0,15 s,3,14 f,13,15 f,14,1 
1:2,0 0.001 -1 0 2,2 0.001 1 0 3,3 0.001 1 -1 0.002 50 3,13 0.003 0 1 0,13 0.001 1 -1 1,12 0.001 1 -1 0 45 12,1 0.001 -1 1 15,0 0.001 1 0 14,3 0.001 0 1 0.002 50 14,14 0.001 1 0 15,14 0.001 1 1 14,15 0.001 1 1 0.001 50 ::f,0,2 f,0,15 s,3,14 f,13,15 f,14,1 
2:2,0 0.001 -1 -1 2,2 0.001 1 1 3,3 0.001 1 0 0.002 50 3,13 0.003 0 1 0,13 0.001 1 0 1,12 0.001 1 0 0 45 12,1 0.001 -1 0 15,0 0.001 1 1 14,3 0.001 -1 1 0.002 50 14,14 0.001 1 1 15,14 0.001 0 1 14,15 0.001 1 1 0.001 50 ::f,0,2 f,0,15 s,3,14 f,13,15 f,14,1 
3:2,0 0.001 -1 -1 2,2 0.001 1 1 3,3 0.001 1 0 0.002 50 3,13 0.003 0 1 0,13 0.001 1 0 1,12 0.001 1 0 0 45 12,1 0.001 -1 0 15,0 0.001 1 1 14,3 0.001 -1 1 0.002 50 14,14 0.001 1 1 15,14 0.001 0 1 14,15 0.001 1 1 0.001 50 ::f,0,2 f,0,15 s,3,14 f,13,15 f,14,1 
4:2,0 0.001 0 -1 2,2 0.001 0 1 3,3 0.001 1 1 0.002 50 3,13 0.003 0 1 0,13 0.001 1 1 1,12 0.001 1 1 0 45 12,1 0.001 -1 -1 15,0 0.001 0 1 14,3 0.001 -1 0 0.002 50 14,14 0.001 0 1 15,14 0.001 -1 1 14,15 0.001 1 1 0.001 50 ::f,0,2 f,0,15 s,3,14 f,13,15 f,14,1 
5:2,0 0.001 0 -1 2,2 0.001 0 1 3,3 0.001 1 1 0.002 50 3,13 0.003 0 1 0,13 0.001 1 1 2,13 0.001 1 1 0.001 45 12,1 0.001 -1 -1 15,0 0.001 0 1 14,3 0.001 -1 0 0.002 50 14,14 0.001 0 1 15,14 0.001 -1 1 14,15 0.001 1 1 0.001 50 ::f,0,2 f,0,15 s,3,14 f,13,15 f,14,1 
6:2,0 0.001 1 -1 2,2 0.001 -1 1 3,3 0.001 0 1 0.002 50 3,13 0.003 0 1 0,13 0.001 0 1 2,13 0.001 1 1 0.001 45 12,1 0.001 0 -1 15,0 0.001 -1 1 14,3 0.001 -1 -1 0.002 50 14,14 0.001 -1 1 15,14 0.001 -1 0 14,15 0.001 1 1 0.001 50 ::f,0,2 f,0,15 s,3,14 f,13,15 f,14,1 
7:2,0 0.001 1 -1 2,2 0.001 -1 1 3,3 0.001 0 1 0.002 50 3,13 0.003 0 1 0,14 0.001 0 1 2,13 0.001 0 1 0.002 45 12,1 0.001 0 -1 15,0 0.001 -1 1 13,2 0.001 -1 -1 0.0031 65 14,14 0.001 -1 1 15,14 0.001 -1 0 14,15 0.001 1 1 0.0011 65 ::f,0,2 f,0,15 s,3,14 f,13,3 f,15,13 
8:2,0 0.001 1 0 2,2 0.001 -1 0 3,3 0.001 -1 1 0.002 50 3,13 0.003 0 1 0,14 0.001 0 1 2,14 0.001 0 1 0.0031 60 12,1 0.001 1 -1 14,1 0.001 -1 1 13,2 0.001 -1 -1 0.0041 65 14,14 0.001 -1 0 15,14 0.001 -1 0 14,15 0.001 1 1 0.0011 65 ::f,0,2 f,1,13 s,3,14 f,13,3 f,15,13 
9:2,0 0.001 1 0 1,2 0.001 -1 0 3,3 0.001 -1 1 0.003 50 3,13 0.003 0 1 0,14 0.001 -1 1 2,14 0.001 0 1 0.0031 60 12,1 0.001 1 -1 14,1 0.001 -1 1 13,2 0.001 0 -1 0.0041 65 13,14 0.001 -1 0 14,14 0.001 -1 0 14,15 0.001 1 1 0.0031 65 ::f,0,2 f,1,13 s,3,14 f,13,3 f,15,13 
10:2,0 0.001 1 1 1,2 0.001 -1 0 3,3 0.001 -1 0 0.0031 65 3,13 0.003 0 1 0,14 0.001 -1 1 2,14 0.001 -1 1 0.0031 60 12,1 0.001 1 0 14,1 0.001 -1 0 13,1 0.001 0 -1 0.0051 65 13,14 0.001 -1 0 14,14 0.001 -1 0 14,15 0.001 1 1 0.0031 65 ::f,1,0 f,1,13 s,3,14 f,13,3 f,15,13 
11:2,0 0.001 1 1 1,2 0.001 -1 -1 2,3 0.001 -1 0 0.0041 65 3,13 0.003 0 1 0,14 0.001 -1 0 2,14 0.001 -1 1 0.0031 60 12,1 0.001 1 0 14,1 0.001 -1 0 13,1 0.001 0 -1 0.0051 65 13,14 0.001 -1 -1 14,14 0.001 -1 -1 14,15 0.001 1 1 0.0031 65 ::f,1,0 f,1,13 s,3,14 f,13,3 f,15,13 
12:2,0 0.001 0 1 1,2 0.001 -1 -1 2,3 0.001 -1 0 0.0041 65 3,13 0.003 0 1 0,14 0.001 -1 0 2,14 0.001 -1 0 0.0031 60 12,1 0.001 1 0 14,1 0.001 -1 0 13,1 0.001 1 -1 0.0051 65 13,14 0.001 -1 -1 14,14 0.001 -1 -1 14,15 0.001 1 1 0.0031 65 ::f,1,0 f,1,13 s,3,14 f,13,3 f,15,13 
13:2,1 0.001 0 1 1,2 0.001 0 -1 2,3 0.001 -1 -1 0.0051 65 3,13 0.003 0 1 0,14 0.001 -1 -1 1,14 0.001 -1 0 0.0041 60 12,1 0.001 1 1 14,1 0.001 -1 -1 13,1 0.001 1 -1 0.0051 65 13,14 0.001 0 -1 14,14 0.001 0 -1 14,15 0.001 1 1 0.0031 65 ::f,1,0 f,1,13 s,3,14 f,13,3 f,15,13 
14:2,2 0.001 0 1 1,1 0.001 0 -1 2,3 0.001 -1 -1 0.0071 65 3,13 0.003 0 1 0,14 0.001 -1 -1 1,14 0.001 -1 0 0.0041 60 12,1 0.001 1 1 14,1 0.001 -1 -1 13,1 0.001 1 0 0.0051 65 13,13 0.001 0 -1 14,14 0.001 0 -1 14,15 0.001 1 1 0.0041 65 ::f,1,0 f,1,13 s,3,14 f,13,3 f,15,13 
15:2,2 0.001 0 1 1,1 0.001 0 -1 2,3 0.001 0 -1 1.0072 80 3,13 0.003 0 1 0,14 0.001 0 -1 1,14 0.001 -1 -1 0.0041 60 12,1 0.001 0 1 14,1 0.001 0 -1 13,1 0.001 1 0 0.0051 65 13,13 0.001 0 -1 14,14 0.001 1 -1 14,15 0.001 1 1 0.0041 65 ::f,1,0 f,1,13 s,3,14 f,13,3 f,15,13 
16:2,2 0.001 -1 1 1,1 0.001 1 -1 2,3 0.001 0 -1 1.0072 80 3,13 0.003 0 1 0,13 0.001 0 -1 1,14 0.001 -1 -1 0.0051 60 12,1 0.001 0 1 14,1 0.001 0 -1 13,1 0.001 1 0 0.0051 65 13,13 0.001 1 -1 14,14 0.001 1 -1 14,15 0.001 1 1 0.0042 80 ::f,1,0 f,1,13 s,3,14 f,12,13 f,13,3 
17:2,2 0.001 -1 1 1,1 0.001 1 -1 2,3 0.001 1 -1 1.0072 80 3,13 0.003 0 1 0,13 0.001 0 -1 1,14 0.001 0 -1 0.0051 60 12,1 0.001 -1 1 14,1 0.001 1 -1 13,1 0.001 1 1 0.0051 65 13,13 0.001 1 -1 14,14 0.001 1 0 14,15 0.001 1 1 0.0042 80 ::f,1,0 f,1,13 s,3,14 f,12,13 f,13,3 
18:2,2 0.001 -1 0 1,1 0.001 1 0 2,3 0.001 1 -1 1.0072 80 3,13 0.003 0 1 0,13 0.001 1 -1 1,14 0.001 0 -1 0.0051 60 12,1 0.001 -1 1 14,1 0.001 1 -1 13,1 0.001 1 1 0.0051 65 13,13 0.001 1 0 14,14 0.001 1 0 14,15 0.001 1 1 0.0042 80 ::f,1,0 f,1,13 s,3,14 f,12,13 f,13,3 
19:1,2 0.001 -1 0 2,1 0.001 1 0 2,3 0.001 1 0 1.0092 80 3,13 0.003 0 1 0,13 0.001 1 -1 1,14 0.001 0 -1 0.0052 75 12,1 0.001 -1 0 14,1 0.001 1 0 13,1 0.001 0 1 0.0051 65 14,13 0.001 1 0 14,14 0.001 1 1 14,15 0.001 1 1 0.0052 80 ::f,0,15 f,1,0 s,3,14 f,12,13 f,13,3 
20:1,2 0.001 -1 0 2,1 0.001 1 0 2,3 0.001 1 0 1.0092 80 3,13 0.003 0 1 0,13 0.001 1 0 1,14 0.001 1 -1 0.0052 75 12,1 0.001 -1 0 14,1 0.001 1 0 13,2 0.001 0 1 0.0061 65 14,13 0.001 1 0 14,14 0.001 1 1 14,15 0.001 1 1 0.0052 80 ::f,0,15 f,1,0 s,3,14 f,12,13 f,13,3 
21:1,2 0.001 -1 -1 2,1 0.001 1 1 2,3 0.001 1 1 1.0092 80 3,13 0.003 0 1 1,13 0.001 1 0 1,14 0.001 1 -1 0.0062 75 12,1 0.001 -1 -1 14,1 0.001 1 1 13,2 0.001 0 1 0.0062 80 14,13 0.001 1 1 14,14 0.001 0 1 14,15 0.001 1 1 0.0052 80 ::f,0,15 f,1,0 s,3,14 f,12,13 f,15,3 
22:1,2 0.001 -1 -1 2,1 0.001 1 1 2,3 0.001 1 1 1.0092 80 3,13 0.003 0 1 2,13 0.001 1 0 1,14 0.001 1 0 0.0072 75 12,1 0.001 -1 -1 14,1 0.001 1 1 13,2 0.001 -1 1 0.0062 80 14,13 0.001 1 1 14,14 0.001 0 1 14,15 0.001 1 1 0.0052 80 ::f,0,15 f,1,0 s,3,14 f,12,13 f,15,3 
23:1,2 0.001 0 -1 2,1 0.001 0 1 2,3 0.001 0 1 1.0092 80 3,13 0.003 0 1 2,13 0.001 1 0 2,14 0.001 1 0 0.0082 75 12,1 0.001 0 -1 14,1 0.001 0 1 13,2 0.001 -1 1 0.0062 80 14,13 0.001 0 1 14,14 0.001 -1 1 14,15 0.001 1 1 0.0052 80 ::f,0,15 f,1,0 s,3,14 f,12,13 f,15,3 
24:1,1 0.001 0 -1 2,2 0.001 0 1 2,3 0.001 0 1 1.0112 80 3,13 0.003 0 1 2,13 0.001 1 1 2,14 0.001 1 0 0.0082 75 12,1 0.001 0 -1 14,2 0.001 0 1 13,2 0.001 -1 0 0.0072 80 14,13 0.001 0 1 14,14 0.001 -1 1 14,15 0.001 1 1 0.0052 80 ::f,0,15 f,1,0 s,3,14 f,12,13 f,15,3 
25:1,1 0.001 0 -1 2,2 0.001 0 1 2,3 0.001 -1 1 1.0113 95 3,13 0.003 0 1 2,13 0.001 1 1 2,14 0.001 1 1 0.0082 75 12,1 0.001 1 -1 14,2 0.001 0 1 13,2 0.001 -1 0 0.0072 80 14,13 0.001 0 1 14,14 0.001 -1 0 14,15 0.001 1 1 0.0052 80 ::f,0,15 f,3,0 s,3,14 f,12,13 f,15,3 
26:1,1 0.001 1 -1 2,2 0.001 -1 1 2,3 0.001 -1 1 1.0113 95 3,13 0.003 0 1 2,13 0.001 0 1 2,14 0.001 1 1 0.0082 75 12,1 0.001 1 -1 14,2 0.001 -1 1 13,2 0.001 -1 -1 0.0072 80 14,13 0.001 -1 1 13,14 0.001 -1 0 14,15 0.001 1 1 0.0062 80 ::f,0,15 f,3,0 s,3,14 f,12,13 f,15,3 
27:1,1 0.001 1 -1 2,2 0.001 -1 1 2,3 0.001 -1 0 1.0113 95 3,13 0.003 0 1 2,13 0.001 0 1 2,14 0.001 0 1 0.0082 75 12,1 0.001 1 0 14,2 0.001 -1 1 13,2 0.001 -1 -1 0.0072 80 14,13 0.001 -1 1 13,14 0.001 -1 0 14,15 0.001 1 1 0.0062 80 ::f,0,15 f,3,0 s,3,14 f,12,13 f,15,3 
28:1,1 0.001 1 0 2,2 0.001 -1 0 1,3 0.001 -1 0 1.0123 95 3,13 0.003 0 1 2,13 0.001 0 1 2,14 0.001 0 1 0.0082 75 13,1 0.001 1 0 14,2 0.001 -1 0 13,2 0.001 0 -1 0.0082 80 14,13 0.001 -1 0 13,14 0.001 -1 -1 14,15 0.001 1 1 0.0062 80 ::f,0,15 f,3,0 s,3,14 f,12,13 f,15,3 
29:2,1 0.001 1 0 1,2 0.001 -1 0 1,3 0.001 -1 0 1.0143 95 3,13 0.003 0 1 2,13 0.001 -1 1 2,14 0.001 -1 1 0.0082 75 13,1 0.001 1 0 14,2 0.001 -1 0 13,2 0.001 0 -1 0.0082 80 13,13 0.001 -1 0 13,14 0.001 -1 -1 14,15 0.001 1 1 1.0073 95 ::f,0,15 f,3,0 s,3,14 f,15,3 f,15,12 
30:2,1 0.001 1 0 1,2 0.001 -1 0 1,3 0.001 -1 -1 1.0143 95 3,13 0.003 0 1 1,14 0.001 -1 1 2,14 0.001 -1 1 0.0092 75 13,1 0.001 1 1 14,2 0.001 -1 0 13,2 0.001 0 -1 0.0082 80 13,13 0.001 -1 0 13,14 0.001 0 -1 14,15 0.001 1 1 1.0073 95 ::f,0,15 f,3,0 s,3,14 f,15,3 f,15,12 
31:2,1 0.001 1 1 1,2 0.001 -1 -1 1,3 0.001 -1 -1 1.0143 95 3,13 0.003 0 1 1,14 0.001 -1 1 2,14 0.001 -1 0 1.0093 90 13,1 0.001 1 1 14,2 0.001 -1 -1 13,2 0.001 1 -1 0.0082 80 13,13 0.001 -1 -1 13,14 0.001 0 -1 14,15 0.001 1 1 1.0073 95 ::f,0,14 f,3,0 s,3,14 f,15,3 f,15,12 
32:2,1 0.001 1 1 1,2 0.001 -1 -1 1,3 0.001 0 -1 1.0143 95 3,13 0.003 0 1 1,14 0.001 -1 0 2,14 0.001 -1 0 1.0093 90 13,1 0.001 1 1 14,2 0.001 -1 -1 13,2 0.001 1 -1 0.0082 80 13,13 0.001 -1 -1 13,14 0.001 0 -1 14,15 0.001 1 1 1.0073 95 ::f,0,14 f,3,0 s,3,14 f,15,3 f,15,12 
33:2,1 0.001 0 1 1,2 0.001 0 -1 1,3 0.001 0 -1 1.0143 95 3,13 0.003 0 1 1,14 0.001 -1 0 2,14 0.001 -1 0 3.0094 105 13,1 0.001 0 1 14,2 0.001 0 -1 13,2 0.001 1 0 0.0082 80 13,13 0.001 0 -1 13,14 0.001 1 -1 14,15 0.001 1 1 1.0073 95 ::f,3,0 s,3,14 f,3,15 f,15,3 f,15,12 
34:2,2 0.001 0 1 1,1 0.001 0 -1 1,2 0.001 0 -1 1.0173 95 3,13 0.003 0 1 1,14 0.001 -1 -1 2,14 0.001 -1 -1 3.0094 105 13,1 0.001 0 1 14,2 0.001 0 -1 13,2 0.001 1 0 0.0082 80 13,13 0.001 0 -1 14,13 0.001 1 -1 14,15 0.001 1 1 1.0083 95 ::f,3,0 s,3,14 f,3,15 f,15,3 f,15,12 
35:2,2 0.001 0 1 1,1 0.001 0 -1 1,2 0.001 0 -1 1.0173 95 3,13 0.003 0 1 1,14 0.001 -1 -1 2,14 0.001 -1 -1 3.0094 105 13,1 0.001 -1 1 14,2 0.001 1 -1 13,2 0.001 1 1 0.0082 80 13,13 0.001 1 -1 14,13 0.001 1 -1 14,15 0.001 1 1 3.0084 110 ::f,3,0 s,3,14 f,3,15 f,12,13 f,15,3 
36:2,2 0.001 -1 1 1,1 0.001 1 -1 1,2 0.001 1 -1 1.0173 95 3,13 0.003 0 1 1,14 0.001 0 -1 2,14 0.001 0 -1 3.0094 105 13,1 0.001 -1 1 14,2 0.001 1 -1 13,2 0.001 1 1 0.0082 80 13,13 0.001 1 -1 14,13 0.001 1 0 14,15 0.001 1 1 3.0084 110 ::f,3,0 s,3,14 f,3,15 f,12,13 f,15,3 
37:2,2 0.001 -1 1 1,1 0.001 1 -1 2,1 0.001 1 -1 1.0183 95 3,13 0.003 0 1 1,13 0.001 0 -1 2,14 0.001 0 -1 3.0104 105 13,1 0.001 -1 0 14,2 0.001 1 0 13,2 0.001 0 1 0.0082 80 13,13 0.001 1 0 14,13 0.001 1 0 14,15 0.001 1 1 3.0084 110 ::f,3,0 s,3,14 f,3,15 f,12,13 f,15,3 
38:2,2 0.001 -1 0 1,1 0.001 1 0 2,1 0.001 1 -1 1.0184 110 3,13 0.003 0 1 1,13 0.001 0 -1 2,14 0.001 1 -1 3.0104 105 13,1 0.001 -1 0 14,2 0.001 1 0 13,2 0.001 0 1 0.0082 80 13,13 0.001 1 0 14,13 0.001 1 1 14,15 0.001 1 1 3.0084 110 ::f,0,0 s,3,14 f,3,15 f,12,13 f,15,3 
39:1,2 0.001 -1 0 1,1 0.001 1 0 2,1 0.001 1 0 1.0194 110 3,13 0.003 0 1 1,13 0.001 1 -1 2,14 0.001 1 -1 3.0104 105 13,1 0.001 -1 -1 14,2 0.001 1 1 13,2 0.001 -1 1 0.0082 80 13,13 0.001 1 0 14,13 0.001 1 1 14,15 0.001 1 1 3.0084 110 ::f,0,0 s,3,14 f,3,15 f,12,13 f,15,3 
40:1,2 0.001 -1 0 1,1 0.001 1 0 2,1 0.001 1 0 1.0194 110 3,13 0.003 0 1 1,13 0.001 1 -1 2,14 0.001 1 0 3.0104 105 13,1 0.001 -1 -1 14,2 0.001 1 1 13,2 0.001 -1 1 1.0083 95 13,13 0.001 1 1 14,13 0.001 0 1 14,15 0.001 1 1 3.0084 110 ::f,0,0 s,3,14 f,3,15 f,12,2 f,12,13 
41:1,2 0.001 -1 -1 1,1 0.001 1 1 2,1 0.001 1 1 1.0194 110 3,13 0.003 0 1 1,13 0.001 1 0 2,14 0.001 1 0 3.0104 105 13,1 0.001 0 -1 14,2 0.001 0 1 13,2 0.001 -1 0 1.0083 95 13,13 0.001 1 1 14,14 0.001 0 1 14,15 0.001 1 1 3.0094 110 ::f,0,0 s,3,14 f,3,15 f,12,2 f,12,13 
42:1,2 0.001 -1 -1 1,1 0.001 1 1 2,1 0.001 1 1 1.0194 110 3,13 0.003 0 1 2,13 0.001 1 0 2,14 0.001 1 1 3.0114 105 13,1 0.001 0 -1 14,2 0.001 0 1 13,2 0.001 -1 0 2.0084 110 13,13 0.001 0 1 14,14 0.001 0 1 14,15 0.001 1 1 3.0094 110 ::f,0,0 s,3,14 f,3,15 f,12,13 f,13,0 
43:1,2 0.001 0 -1 1,1 0.001 0 1 2,1 0.001 0 1 1.0194 110 3,13 0.003 0 1 2,13 0.001 1 0 2,14 0.001 1 1 4.0115 120 13,1 0.001 1 -1 14,2 0.001 -1 1 13,2 0.001 -1 -1 2.0084 110 13,13 0.001 0 1 14,14 0.001 -1 1 14,15 0.001 1 1 3.0094 110 ::f,0,0 f,3,12 s,3,14 f,12,13 f,13,0 
44:1,2 0.001 0 -1 1,1 0.001 0 1 2,2 0.001 0 1 1.0204 110 3,13 0.003 0 1 2,13 0.001 1 1 2,14 0.001 0 1 4.0115 120 13,1 0.001 1 -1 14,2 0.001 -1 1 13,2 0.001 -1 -1 2.0084 110 13,13 0.001 -1 1 14,14 0.001 -1 1 14,15 0.001 1 1 3.0094 110 ::f,0,0 f,3,12 s,3,14 f,12,13 f,13,0 
45:1,2 0.001 0 -1 1,1 0.001 -1 1 2,2 0.001 0 1 1.0204 110 3,13 0.003 0 1 2,13 0.001 1 1 2,14 0.001 0 1 4.0115 120 13,1 0.001 1 0 14,2 0.001 -1 0 13,2 0.001 0 -1 2.0084 110 13,13 0.001 -1 1 14,14 0.001 -1 0 14,15 0.001 1 1 3.0094 110 ::f,0,0 f,3,12 s,3,14 f,12,13 f,13,0 
46:1,2 0.001 1 -1 1,1 0.001 -1 1 2,2 0.001 -1 1 1.0204 110 3,13 0.003 0 1 2,13 0.001 0 1 2,14 0.001 -1 1 4.0115 120 14,1 0.001 1 0 14,2 0.001 -1 0 13,1 0.001 0 -1 2.0104 110 13,13 0.001 -1 0 13,14 0.001 -1 0 14,15 0.001 1 1 3.0104 110 ::f,0,0 f,3,12 s,3,14 f,12,13 f,13,0 
47:1,2 0.001 1 -1 1,1 0.001 -1 0 2,2 0.001 -1 1 1.0204 110 3,13 0.003 0 1 2,13 0.001 0 1 2,14 0.001 -1 1 4.0115 120 14,1 0.001 1 0 14,2 0.001 -1 0 13,1 0.001 0 -1 4.0105 125 13,13 0.001 -1 0 13,14 0.001 -1 0 14,15 0.001 1 1 4.0105 125 ::f,0,0 f,3,12 s,3,14 f,12,0 f,15,13 
48:1,2 0.001 1 0 1,1 0.001 -1 0 2,2 0.001 -1 0 1.0204 110 3,13 0.003 0 1 2,13 0.001 0 1 2,14 0.001 -1 0 4.0115 120 14,1 0.001 1 1 14,2 0.001 -1 -1 13,1 0.001 1 -1 4.0105 125 13,13 0.001 -1 -1 13,14 0.001 -1 -1 14,15 0.001 1 1 4.0105 125 ::f,0,0 f,3,12 s,3,14 f,12,0 f,15,13 
49:1,2 0.001 1 0 1,1 0.001 -1 -1 2,2 0.001 -1 0 1.0204 110 3,13 0.003 0 1 2,13 0.001 -1 1 1,14 0.001 -1 0 4.0125 120 14,1 0.001 1 1 14,2 0.001 -1 -1 13,1 0.001 1 -1 4.0105 125 13,13 0.001 -1 -1 13,14 0.001 -1 -1 14,15 0.001 1 1 4.0105 125 ::f,0,0 f,3,12 s,3,14 f,12,0 f,15,13 
50:1,2 0.001 1 1 1,1 0.001 -1 -1 2,2 0.001 -1 0 3.0205 125 3,13 0.003 0 1 2,13 0.001 -1 1 1,14 0.001 -1 0 4.0125 120 14,1 0.001 0 1 14,2 0.001 -1 -1 13,1 0.001 1 0 4.0105 125 13,13 0.001 0 -1 13,14 0.001 0 -1 14,15 0.001 1 1 4.0105 125 ::f,3,3 f,3,12 s,3,14 f,12,0 f,15,13 
51:1,2 0.001 1 1 1,1 0.001 0 -1 2,2 0.001 -1 -1 3.0205 125 3,13 0.003 0 1 2,13 0.001 -1 0 1,14 0.001 -1 -1 4.0125 120 14,1 0.001 0 1 14,2 0.001 0 -1 13,1 0.001 1 0 4.0105 125 13,13 0.001 0 -1 13,14 0.001 0 -1 14,15 0.001 1 1 4.0105 125 ::f,3,3 f,3,12 s,3,14 f,12,0 f,15,13 
52:1,2 0.001 0 1 1,1 0.001 0 -1 2,2 0.001 -1 -1 3.0205 125 3,13 0.003 0 1 2,13 0.001 -1 0 1,14 0.001 -1 -1 4.0125 120 14,1 0.001 0 1 14,2 0.001 0 -1 13,1 0.001 1 0 4.0105 125 13,13 0.001 1 -1 13,14 0.001 0 -1 14,15 0.001 1 1 4.0105 125 ::f,3,3 f,3,12 s,3,14 f,12,0 f,15,13 
53:1,2 0.001 0 1 1,1 0.001 1 -1 2,2 0.001 0 -1 3.0205 125 3,13 0.003 0 1 2,13 0.001 -1 -1 1,14 0.001 0 -1 4.0125 120 14,1 0.001 -1 1 14,2 0.001 1 -1 13,1 0.001 1 1 4.0105 125 13,13 0.001 1 -1 13,14 0.001 1 -1 14,15 0.001 1 1 4.0105 125 ::f,3,3 f,3,12 s,3,14 f,12,0 f,15,13 
54:1,2 0.001 -1 1 1,1 0.001 1 -1 2,2 0.001 0 -1 3.0205 125 3,13 0.003 0 1 2,13 0.001 -1 -1 1,13 0.001 0 -1 4.0135 120 14,1 0.001 -1 1 14,2 0.001 1 -1 13,1 0.001 1 1 4.0105 125 13,13 0.001 1 0 13,14 0.001 1 -1 14,15 0.001 1 1 4.0105 125 ::f,3,3 f,3,12 s,3,14 f,12,0 f,15,13 
55:1,2 0.001 -1 1 1,1 0.001 1 0 2,2 0.001 1 -1 3.0205 125 3,13 0.003 0 1 2,13 0.001 0 -1 1,13 0.001 0 -1 4.0135 120 14,1 0.001 -1 0 14,2 0.001 1 0 13,1 0.001 0 1 4.0105 125 14,13 0.001 1 0 13,14 0.001 1 0 14,15 0.001 1 1 4.0115 125 ::f,3,3 f,3,12 s,3,14 f,12,0 f,15,13 
56:1,2 0.001 -1 0 2,1 0.001 1 0 2,2 0.001 1 -1 3.0215 125 3,13 0.003 0 1 2,13 0.001 0 -1 1,13 0.001 1 -1 4.0135 120 14,1 0.001 -1 0 14,2 0.001 1 0 13,1 0.001 0 1 4.0105 125 14,13 0.001 1 0 13,14 0.001 1 0 14,15 0.001 1 1 6.0116 140 ::f,3,3 f,3,12 s,3,14 f,12,0 f,15,15 
57:1,2 0.001 -1 0 2,1 0.001 1 0 2,2 0.001 1 0 3.0215 125 3,13 0.003 0 1 2,13 0.001 1 -1 1,13 0.001 1 -1 4.0135 120 14,1 0.001 -1 -1 14,2 0.001 1 1 13,1 0.001 -1 1 4.0105 125 14,13 0.001 1 1 13,14 0.001 1 1 14,15 0.001 1 1 6.0116 140 ::f,3,3 f,3,12 s,3,14 f,12,0 f,15,15 
58:1,2 0.001 -1 -1 2,1 0.001 1 1 2,2 0.001 1 0 3.0215 125 3,13 0.003 0 1 2,13 0.001 1 -1 1,13 0.001 1 0 7.0136 135 14,1 0.001 -1 -1 14,2 0.001 1 1 13,1 0.001 -1 1 4.0105 125 14,13 0.001 1 1 13,14 0.001 1 1 14,15 0.001 1 1 6.0116 140 ::f,1,14 f,3,3 s,3,14 f,12,0 f,15,15 
59:1,2 0.001 -1 -1 2,1 0.001 1 1 2,2 0.001 1 1 3.0215 125 3,13 0.003 0 1 2,13 0.001 1 0 1,13 0.001 1 0 7.0136 135 14,1 0.001 0 -1 14,2 0.001 0 1 13,1 0.001 -1 0 4.0105 125 14,13 0.001 0 1 13,14 0.001 0 1 14,15 0.001 1 1 6.0116 140 ::f,1,14 f,3,3 s,3,14 f,12,0 f,15,15 
60:1,2 0.001 0 -1 2,1 0.001 0 1 2,2 0.001 1 1 4.0216 140 3,13 0.003 0 1 2,13 0.001 1 0 1,13 0.001 1 0 7.0136 135 14,1 0.001 0 -1 14,2 0.001 0 1 13,1 0.001 -1 0 4.0105 125 14,14 0.001 0 1 13,14 0.001 0 1 14,15 0.001 1 1 6.0126 140 ::f,1,14 f,3,0 s,3,14 f,12,0 f,15,15 
61:1,1 0.001 0 -1 2,1 0.001 0 1 2,2 0.001 0 1 4.0226 140 3,13 0.003 0 1 2,13 0.001 1 1 1,13 0.001 1 1 7.0136 135 14,1 0.001 1 -1 14,2 0.001 -1 1 13,1 0.001 -1 -1 4.0105 125 14,14 0.001 0 1 13,14 0.001 -1 1 14,15 0.001 1 1 6.0126 140 ::f,1,14 f,3,0 s,3,14 f,12,0 f,15,15 
62:1,1 0.001 0 -1 2,1 0.001 0 1 2,2 0.001 0 1 4.0226 140 3,13 0.003 0 1 2,13 0.001 1 1 1,13 0.001 1 1 7.0136 135 14,1 0.001 1 -1 14,2 0.001 -1 1 13,1 0.001 -1 -1 7.0106 140 14,14 0.001 -1 1 13,14 0.001 -1 1 14,15 0.001 1 1 6.0126 140 ::f,1,14 f,3,0 s,3,14 f,15,3 f,15,15 
63:1,1 0.001 1 -1 2,1 0.001 -1 1 2,2 0.001 -1 1 4.0226 140 3,13 0.003 0 1 2,13 0.001 0 1 1,13 0.001 0 1 7.0136 135 14,1 0.001 1 0 14,2 0.001 -1 0 13,1 0.001 0 -1 7.0106 140 14,14 0.001 -1 1 13,14 0.001 -1 0 14,15 0.001 1 1 6.0126 140 ::f,1,14 f,3,0 s,3,14 f,15,3 f,15,15 
64:1,1 0.001 1 -1 2,1 0.001 -1 1 2,2 0.001 -1 1 4.0226 140 3,13 0.003 0 1 2,14 0.001 0 1 1,13 0.001 0 1 9.0147 150 14,1 0.001 1 0 13,2 0.001 -1 0 13,1 0.001 0 -1 7.0116 140 14,14 0.001 -1 0 13,14 0.001 -1 0 14,15 0.001 1 1 6.0126 140 ::f,0,12 f,3,0 s,3,14 f,15,3 f,15,15 
65:1,1 0.001 1 0 2,1 0.001 -1 0 2,2 0.001 -1 0 4.0226 140 3,13 0.003 0 1 2,14 0.001 0 1 1,13 0.001 -1 1 9.0147 150 14,1 0.001 1 1 13,2 0.001 -1 0 13,1 0.001 1 -1 7.0116 140 14,14 0.001 -1 0 13,14 0.001 -1 -1 14,15 0.001 1 1 6.0126 140 ::f,0,12 f,3,0 s,3,14 f,15,3 f,15,15 
66:1,1 0.001 1 0 2,1 0.001 -1 0 1,2 0.001 -1 0 4.0236 140 3,13 0.003 0 1 2,14 0.001 -1 1 1,13 0.001 -1 1 9.0147 150 14,1 0.001 1 1 13,2 0.001 -1 -1 13,1 0.001 1 -1 7.0116 140 14,14 0.001 -1 0 13,14 0.001 -1 -1 14,15 0.001 1 1 6.0126 140 ::f,0,12 f,3,0 s,3,14 f,15,3 f,15,15 
67:1,1 0.001 1 0 2,1 0.001 -1 -1 1,2 0.001 -1 0 4.0236 140 3,13 0.003 0 1 2,14 0.001 -1 1 1,13 0.001 -1 0 9.0147 150 14,1 0.001 0 1 13,2 0.001 -1 -1 13,1 0.001 1 0 7.0116 140 14,14 0.001 -1 -1 13,14 0.001 0 -1 14,15 0.001 1 1 6.0126 140 ::f,0,12 f,3,0 s,3,14 f,15,3 f,15,15 
68:1,1 0.001 1 1 2,1 0.001 -1 -1 1,2 0.001 -1 -1 4.0236 140 3,13 0.003 0 1 2,14 0.001 -1 0 1,13 0.001 -1 0 9.0147 150 14,2 0.001 0 1 13,2 0.001 0 -1 14,1 0.001 1 0 7.0136 140 14,14 0.001 -1 -1 13,13 0.001 0 -1 14,15 0.001 1 1 6.0136 140 ::f,0,12 f,3,0 s,3,14 f,15,3 f,15,15 
69:1,1 0.001 1 1 2,1 0.001 0 -1 1,2 0.001 -1 -1 4.0236 140 3,13 0.003 0 1 1,14 0.001 -1 0 1,13 0.001 -1 -1 9.0157 150 14,2 0.001 0 1 13,1 0.001 0 -1 14,1 0.001 1 0 7.0146 140 14,14 0.001 0 -1 13,13 0.001 0 -1 14,15 0.001 1 1 6.0136 140 ::f,0,12 f,3,0 s,3,14 f,15,3 f,15,15 
70:1,1 0.001 0 1 2,1 0.001 0 -1 1,2 0.001 0 -1 4.0236 140 3,13 0.003 0 1 1,14 0.001 -1 0 1,13 0.001 -1 -1 12.0158 165 14,2 0.001 -1 1 13,1 0.001 0 -1 14,1 0.001 1 1 7.0146 140 14,14 0.001 0 -1 13,13 0.001 1 -1 14,15 0.001 1 1 6.0136 140 ::f,1,15 f,3,0 s,3,14 f,15,3 f,15,15 
71:1,1 0.001 0 1 2,1 0.001 1 -1 1,2 0.001 0 -1 4.0236 140 3,13 0.003 0 1 1,14 0.001 -1 -1 1,13 0.001 0 -1 12.0158 165 14,2 0.001 -1 1 13,1 0.001 1 -1 14,1 0.001 1 1 7.0146 140 14,14 0.001 1 -1 13,13 0.001 1 -1 14,15 0.001 1 1 6.0136 140 ::f,1,15 f,3,0 s,3,14 f,15,3 f,15,15 
72:1,1 0.001 -1 1 2,1 0.001 1 -1 1,2 0.001 0 -1 7.0237 155 3,13 0.003 0 1 1,14 0.001 -1 -1 1,13 0.001 0 -1 12.0158 165 14,2 0.001 -1 0 13,1 0.001 1 -1 14,1 0.001 0 1 7.0146 140 14,14 0.001 1 -1 13,13 0.001 1 0 14,15 0.001 1 1 6.0136 140 ::f,1,15 f,3,1 s,3,14 f,15,3 f,15,15 
73:1,1 0.001 -1 1 2,1 0.001 1 0 1,2 0.001 1 -1 7.0237 155 3,13 0.003 0 1 1,14 0.001 0 -1 1,13 0.001 1 -1 12.0158 165 13,2 0.001 -1 0 13,1 0.001 1 0 14,2 0.001 0 1 7.0166 140 14,14 0.001 1 0 14,13 0.001 1 0 14,15 0.001 1 1 6.0146 140 ::f,1,15 f,3,1 s,3,14 f,15,3 f,15,15 
74:1,1 0.001 -1 0 2,1 0.001 1 0 1,2 0.001 1 -1 11.0238 170 3,13 0.003 0 1 1,14 0.001 0 -1 1,13 0.001 1 -1 12.0158 165 13,2 0.001 -1 0 14,1 0.001 1 0 14,2 0.001 0 1 7.0176 140 14,14 0.001 1 0 14,13 0.001 1 0 14,15 0.001 1 1 6.0146 140 ::f,1,15 f,3,3 s,3,14 f,15,3 f,15,15 
75:1,1 0.001 -1 0 2,1 0.001 1 1 1,2 0.001 1 0 11.0238 170 3,13 0.003 0 1 1,14 0.001 0 -1 1,13 0.001 1 0 12.0158 165 13,2 0.001 -1 -1 14,1 0.001 1 0 14,2 0.001 -1 1 7.0176 140 14,14 0.001 1 1 14,13 0.001 1 1 14,15 0.001 1 1 6.0146 140 ::f,1,15 f,3,3 s,3,14 f,15,3 f,15,15 
76:1,1 0.001 -1 -1 2,1 0.001 1 1 1,2 0.001 1 0 11.0238 170 3,13 0.003 0 1 1,14 0.001 1 -1 2,13 0.001 1 0 12.0168 165 13,2 0.001 -1 -1 14,1 0.001 1 1 14,2 0.001 -1 1 7.0176 140 14,14 0.001 1 1 14,13 0.001 1 1 14,15 0.001 1 1 9.0147 155 ::f,1,15 f,3,3 s,3,14 f,15,3 f,15,12 
77:1,1 0.001 -1 -1 2,1 0.001 0 1 1,2 0.001 1 1 11.0238 170 3,13 0.003 0 1 1,14 0.001 1 -1 2,13 0.001 1 0 12.0168 165 13,2 0.001 0 -1 14,1 0.001 1 1 14,2 0.001 -1 0 7.0176 140 14,14 0.001 0 1 14,13 0.001 0 1 14,15 0.001 1 1 9.0147 155 ::f,1,15 f,3,3 s,3,14 f,15,3 f,15,12 
78:1,1 0.001 0 -1 2,2 0.001 0 1 1,2 0.001 1 1 11.0248 170 3,13 0.003 0 1 1,14 0.001 1 0 2,13 0.001 1 1 12.0168 165 13,1 0.001 0 -1 14,1 0.001 0 1 13,2 0.001 -1 0 7.0196 140 14,14 0.001 0 1 14,13 0.001 0 1 14,15 0.001 1 1 9.0147 155 ::f,1,15 f,3,3 s,3,14 f,15,3 f,15,12 
79:1,1 0.001 0 -1 2,2 0.001 0 1 1,2 0.001 0 1 11.0248 170 3,13 0.003 0 1 2,14 0.001 1 0 2,13 0.001 1 1 12.0178 165 13,1 0.001 0 -1 14,2 0.001 0 1 13,2 0.001 -1 0 7.0206 140 14,14 0.001 -1 1 14,13 0.001 0 1 14,15 0.001 1 1 9.0147 155 ::f,1,15 f,3,3 s,3,14 f,15,3 f,15,12 
80:1,1 0.001 1 -1 2,2 0.001 -1 1 1,2 0.001 0 1 11.0248 170 3,13 0.003 0 1 2,14 0.001 1 0 2,13 0.001 0 1 12.0178 165 13,1 0.001 1 -1 14,2 0.001 0 1 13,2 0.001 -1 -1 7.0206 140 14,14 0.001 -1 1 14,13 0.001 -1 1 14,15 0.001 1 1 9.0147 155 ::f,1,15 f,3,3 s,3,14 f,15,3 f,15,12 
81:1,1 0.001 1 -1 2,2 0.001 -1 1 1,2 0.001 -1 1 11.0248 170 3,13 0.003 0 1 2,14 0.001 1 1 2,13 0.001 0 1 12.0178 165 13,1 0.001 1 -1 14,2 0.001 -1 1 13,2 0.001 -1 -1 7.0206 140 14,14 0.001 -1 0 14,13 0.001 -1 1 14,15 0.001 1 1 9.0147 155 ::f,1,15 f,3,3 s,3,14 f,15,3 f,15,12 
82:1,1 0.001 1 0 2,2 0.001 -1 0 1,2 0.001 -1 1 11.0248 170 3,13 0.003 0 1 2,14 0.001 1 1 2,13 0.001 0 1 12.0178 165 13,1 0.001 1 0 14,2 0.001 -1 1 13,2 0.001 0 -1 7.0206 140 13,14 0.001 -1 0 14,13 0.001 -1 0 14,15 0.001 1 1 9.0157 155 ::f,1,15 f,3,3 s,3,14 f,15,3 f,15,12 
83:2,1 0.001 1 0 2,2 0.001 -1 0 1,2 0.001 -1 0 11.0258 170 3,13 0.003 0 1 2,14 0.001 0 1 2,13 0.001 -1 1 12.0178 165 14,1 0.001 1 0 14,2 0.001 -1 0 13,1 0.001 0 -1 7.0226 140 13,14 0.001 -1 0 14,13 0.001 -1 0 14,15 0.001 1 1 9.0157 155 ::f,1,15 f,3,3 s,3,14 f,15,3 f,15,12 
84:2,1 0.001 1 0 2,2 0.001 -1 0 1,2 0.001 -1 0 11.0258 170 3,13 0.003 0 1 2,14 0.001 0 1 2,13 0.001 -1 1 12.0178 165 14,1 0.001 1 0 13,2 0.001 -1 0 13,1 0.001 0 -1 7.0236 140 13,14 0.001 -1 -1 14,13 0.001 -1 -1 14,15 0.001 1 1 9.0157 155 ::f,1,15 f,3,3 s,3,14 f,15,3 f,15,12 
85:2,1 0.001 1 1 2,2 0.001 -1 -1 1,2 0.001 -1 -1 11.0258 170 3,13 0.003 0 1 2,14 0.001 -1 1 2,13 0.001 -1 0 12.0178 165 14,1 0.001 1 1 13,2 0.001 -1 0 13,1 0.001 1 -1 7.0236 140 13,14 0.001 -1 -1 14,13 0.001 -1 -1 14,15 0.001 1 1 9.0157 155 ::f,1,15 f,3,3 s,3,14 f,15,3 f,15,12 
86:2,1 0.001 1 1 2,2 0.001 -1 -1 1,2 0.001 -1 -1 11.0258 170 3,13 0.003 0 1 2,14 0.001 -1 1 2,13 0.001 -1 0 20.018 195 14,1 0.001 1 1 13,2 0.001 -1 -1 13,1 0.001 1 -1 7.0236 140 13,14 0.001 0 -1 14,13 0.001 0 -1 14,15 0.001 1 1 9.0157 155 ::f,0,12 f,3,3 s,3,14 f,15,3 f,15,12 
87:2,1 0.001 0 1 2,2 0.001 0 -1 1,2 0.001 0 -1 11.0258 170 3,13 0.003 0 1 2,14 0.001 -1 0 2,13 0.001 -1 -1 20.018 195 14,1 0.001 0 1 13,2 0.001 -1 -1 13,1 0.001 1 0 7.0236 140 13,13 0.001 0 -1 14,13 0.001 0 -1 14,15 0.001 1 1 9.0167 155 ::f,0,12 f,3,3 s,3,14 f,15,3 f,15,12 
88:2,1 0.001 0 1 2,2 0.001 0 -1 1,1 0.001 0 -1 11.0268 170 3,13 0.003 0 1 1,14 0.001 -1 0 2,13 0.001 -1 -1 20.019 195 14,2 0.001 0 1 13,2 0.001 0 -1 14,1 0.001 1 0 7.0256 140 13,13 0.001 0 -1 14,13 0.001 1 -1 14,15 0.001 1 1 9.0167 155 ::f,0,12 f,3,3 s,3,14 f,15,3 f,15,12 
89:2,1 0.001 0 1 2,2 0.001 1 -1 1,1 0.001 0 -1 11.0268 170 3,13 0.003 0 1 1,14 0.001 -1 0 2,13 0.001 0 -1 20.019 195 14,2 0.001 0 1 13,1 0.001 0 -1 14,1 0.001 1 0 7.0266 140 13,13 0.001 1 -1 14,13 0.001 1 -1 14,15 0.001 1 1 12.0168 170 ::f,0,12 f,3,3 s,3,14 f,12,15 f,15,3 
90:2,1 0.001 -1 1 2,2 0.001 1 -1 1,1 0.001 1 -1 11.0268 170 3,13 0.003 0 1 1,14 0.001 -1 -1 2,13 0.001 0 -1 20.019 195 14,2 0.001 -1 1 13,1 0.001 0 -1 14,1 0.001 1 1 7.0266 140 13,13 0.001 1 -1 14,13 0.001 1 0 14,15 0.001 1 1 12.0168 170 ::f,0,12 f,3,3 s,3,14 f,12,15 f,15,3 
91:2,1 0.001 -1 1 2,2 0.001 1 0 1,1 0.001 1 -1 11.0268 170 3,13 0.003 0 1 1,14 0.001 -1 -1 2,13 0.001 1 -1 20.019 195 14,2 0.001 -1 1 13,1 0.001 1 -1 14,1 0.001 1 1 7.0266 140 13,13 0.001 1 0 14,13 0.001 1 0 14,15 0.001 1 1 12.0168 170 ::f,0,12 f,3,3 s,3,14 f,12,15 f,15,3 
92:2,1 0.001 -1 0 2,2 0.001 1 0 1,1 0.001 1 0 11.0268 170 3,13 0.003 0 1 1,14 0.001 0 -1 2,13 0.001 1 -1 20.019 195 14,2 0.001 -1 0 13,1 0.001 1 -1 14,1 0.001 0 1 7.0266 140 13,13 0.001 1 0 14,13 0.001 1 1 14,15 0.001 1 1 12.0168 170 ::f,0,12 f,3,3 s,3,14 f,12,15 f,15,3 
93:2,1 0.001 -1 0 2,2 0.001 1 1 1,1 0.001 1 0 11.0268 170 3,13 0.003 0 1 1,13 0.001 0 -1 2,13 0.001 1 0 20.02 195 13,2 0.001 -1 0 13,1 0.001 1 0 14,2 0.001 0 1 7.0286 140 13,13 0.001 1 0 14,13 0.001 1 1 14,15 0.001 1 1 12.0168 170 ::f,0,12 f,3,3 s,3,14 f,12,15 f,15,3 
94:2,1 0.001 -1 -1 2,2 0.001 1 1 1,1 0.001 1 0 16.0269 185 3,13 0.003 0 1 1,13 0.001 0 -1 2,13 0.001 1 0 20.02 195 13,2 0.001 -1 0 14,1 0.001 1 0 14,2 0.001 0 1 7.0296 140 13,13 0.001 1 1 14,13 0.001 0 1 14,15 0.001 1 1 12.0168 170 ::f,0,2 f,0,12 s,3,14 f,12,15 f,15,3 
95:2,1 0.001 -1 -1 2,2 0.001 0 1 1,1 0.001 1 1 16.0269 185 3,13 0.003 0 1 1,13 0.001 1 -1 2,13 0.001 1 1 20.02 195 13,2 0.001 -1 -1 14,1 0.001 1 0 14,2 0.001 -1 1 7.0296 140 13,13 0.001 1 1 14,14 0.001 0 1 14,15 0.001 1 1 12.0178 170 ::f,0,2 f,0,12 s,3,14 f,12,15 f,15,3 
96:2,1 0.001 0 -1 2,2 0.001 0 1 1,1 0.001 1 1 16.0269 185 3,13 0.003 0 1 1,13 0.001 1 -1 2,13 0.001 1 1 20.02 195 13,2 0.001 -1 -1 14,1 0.001 1 1 14,2 0.001 -1 1 7.0296 140 13,13 0.001 0 1 14,14 0.001 0 1 14,15 0.001 1 1 12.0178 170 ::f,0,2 f,0,12 s,3,14 f,12,15 f,15,3 
97:2,1 0.001 0 -1 2,2 0.001 -1 1 1,1 0.001 0 1 16.0269 185 3,13 0.003 0 1 1,13 0.001 1 0 2,13 0.001 0 1 20.02 195 13,2 0.001 0 -1 14,1 0.001 1 1 14,2 0.001 -1 0 7.0296 140 13,13 0.001 0 1 14,14 0.001 -1 1 14,15 0.001 1 1 12.0178 170 ::f,0,2 f,0,12 s,3,14 f,12,15 f,15,3 
98:2,1 0.001 1 -1 2,2 0.001 -1 1 1,1 0.001 0 1 16.0269 185 3,13 0.003 0 1 1,13 0.001 1 0 2,14 0.001 0 1 20.021 195 13,1 0.001 0 -1 14,1 0.001 0 1 13,2 0.001 -1 0 7.0316 140 13,13 0.001 -1 1 14,14 0.001 -1 1 14,15 0.001 1 1 12.0178 170 ::f,0,2 f,0,12 s,3,14 f,12,15 f,15,3 
99:2,1 0.001 1 -1 2,2 0.001 -1 0 1,1 0.001 -1 1 16.0269 185 3,13 0.003 0 1 1,13 0.001 1 0 2,14 0.001 0 1 20.021 195 13,1 0.001 0 -1 14,2 0.001 0 1 13,2 0.001 -1 0 7.0326 140 13,13 0.001 -1 1 14,14 0.001 -1 0 14,15 0.001 1 1 12.0178 170 ::f,0,2 f,0,12 s,3,14 f,12,15 f,15,3 
100:2,1 0.001 1 0 1,2 0.001 -1 0 1,1 0.001 -1 1 18.028 200 3,13 0.003 0 1 1,13 0.001 1 1 2,14 0.001 -1 1 20.021 195 13,1 0.001 1 -1 14,2 0.001 0 1 13,2 0.001 -1 -1 7.0326 140 13,13 0.001 -1 0 13,14 0.001 -1 0 14,15 0.001 1 1 12.0188 170 ::f,0,12 f,3,0 s,3,14 f,12,15 f,15,3 
101:2,1 0.001 1 0 1,2 0.001 -1 0 1,1 0.001 -1 0 18.028 200 3,13 0.003 0 1 1,13 0.001 1 1 2,14 0.001 -1 1 20.021 195 13,1 0.001 1 -1 14,2 0.001 -1 1 13,2 0.001 -1 -1 7.0326 140 13,13 0.001 -1 0 13,14 0.001 -1 0 14,15 0.001 1 1 12.0188 170 ::f,0,12 f,3,0 s,3,14 f,12,15 f,15,3 
102:2,1 0.001 1 1 1,2 0.001 -1 -1 1,1 0.001 -1 0 18.028 200 3,13 0.003 0 1 1,13 0.001 0 1 2,14 0.001 -1 0 20.021 195 13,1 0.001 1 0 14,2 0.001 -1 1 13,2 0.001 0 -1 7.0326 140 13,13 0.001 -1 -1 13,14 0.001 -1 -1 14,15 0.001 1 1 12.0188 170 ::f,0,12 f,3,0 s,3,14 f,12,15 f,15,3 
103:2,1 0.001 1 1 1,2 0.001 -1 -1 1,1 0.001 -1 -1 18.028 200 3,13 0.003 0 1 1,13 0.001 0 1 1,14 0.001 -1 0 20.022 195 14,1 0.001 1 0 14,2 0.001 -1 0 13,1 0.001 0 -1 7.0346 140 13,13 0.001 -1 -1 13,14 0.001 -1 -1 14,15 0.001 1 1 12.0188 170 ::f,0,12 f,3,0 s,3,14 f,12,15 f,15,3 
104:2,1 0.001 0 1 1,2 0.001 0 -1 1,1 0.001 -1 -1 18.028 200 3,13 0.003 0 1 1,13 0.001 -1 1 1,14 0.001 -1 0 20.022 195 14,1 0.001 1 0 13,2 0.001 -1 0 13,1 0.001 0 -1 7.0356 140 13,13 0.001 0 -1 13,14 0.001 0 -1 14,15 0.001 1 1 12.0188 170 ::f,0,12 f,3,0 s,3,14 f,12,15 f,15,3 
105:2,2 0.001 0 1 1,2 0.001 0 -1 1,1 0.001 0 -1 18.029 200 3,13 0.003 0 1 1,13 0.001 -1 1 1,14 0.001 -1 -1 20.022 195 14,1 0.001 1 1 13,2 0.001 -1 0 13,1 0.001 1 -1 7.0356 140 13,13 0.001 0 -1 13,14 0.001 0 -1 14,15 0.001 1 1 12.0188 170 ::f,0,12 f,3,0 s,3,14 f,12,15 f,15,3 
106:2,2 0.001 0 1 1,2 0.001 0 -1 1,1 0.001 0 -1 18.029 200 3,13 0.003 0 1 1,13 0.001 -1 0 1,14 0.001 -1 -1 20.022 195 14,1 0.001 1 1 13,2 0.001 -1 -1 13,1 0.001 1 -1 7.0356 140 13,13 0.001 1 -1 13,14 0.001 0 -1 14,15 0.001 1 1 12.0188 170 ::f,0,12 f,3,0 s,3,14 f,12,15 f,15,3 
107:2,2 0.001 -1 1 1,2 0.001 1 -1 1,1 0.001 1 -1 18.029 200 3,13 0.003 0 1 1,13 0.001 -1 0 1,14 0.001 0 -1 20.022 195 14,1 0.001 0 1 13,2 0.001 -1 -1 13,1 0.001 1 0 7.0356 140 13,13 0.001 1 -1 13,14 0.001 1 -1 14,15 0.001 1 1 12.0188 170 ::f,0,12 f,3,0 s,3,14 f,12,15 f,15,3 
108:2,2 0.001 -1 1 2,1 0.001 1 -1 1,1 0.001 1 -1 18.03 200 3,13 0.003 0 1 1,13 0.001 -1 -1 1,14 0.001 0 -1 20.022 195 14,2 0.001 0 1 13,2 0.001 0 -1 14,1 0.001 1 0 7.0376 140 13,13 0.001 1 0 13,14 0.001 1 -1 14,15 0.001 1 1 12.0188 170 ::f,0,12 f,3,0 s,3,14 f,12,15 f,15,3 
109:2,2 0.001 -1 0 2,1 0.001 1 -1 1,1 0.001 1 0 24.0301 215 3,13 0.003 0 1 1,13 0.001 -1 -1 1,14 0.001 0 -1 25.0221 210 14,2 0.001 0 1 13,1 0.001 0 -1 14,1 0.001 1 0 7.0386 140 14,13 0.001 1 0 13,14 0.001 1 0 14,15 0.001 1 1 12.0198 170 ::f,2,0 f,2,14 s,3,14 f,12,15 f,15,3 
110:1,2 0.001 -1 0 2,1 0.001 1 0 1,1 0.001 1 0 24.0311 215 3,13 0.003 0 1 1,13 0.001 0 -1 1,14 0.001 1 -1 25.0221 210 14,2 0.001 -1 1 13,1 0.001 0 -1 14,1 0.001 1 1 7.0386 140 14,13 0.001 1 0 13,14 0.001 1 0 14,15 0.001 1 1 12.0198 170 ::f,2,0 f,2,14 s,3,14 f,12,15 f,15,3 
111:1,2 0.001 -1 0 2,1 0.001 1 0 1,1 0.001 1 0 24.0311 215 3,13 0.003 0 1 1,13 0.001 0 -1 1,14 0.001 1 -1 25.0221 210 14,2 0.001 -1 1 13,1 0.001 1 -1 14,1 0.001 1 1 7.0386 140 14,13 0.001 1 1 13,14 0.001 1 1 14,15 0.001 1 1 12.0198 170 ::f,2,0 f,2,14 s,3,14 f,12,15 f,15,3 
112:1,2 0.001 -1 -1 2,1 0.001 1 1 1,1 0.001 1 1 24.0311 215 3,13 0.003 0 1 1,13 0.001 1 -1 1,14 0.001 1 0 25.0221 210 14,2 0.001 -1 0 13,1 0.001 1 -1 14,1 0.001 0 1 7.0386 140 14,13 0.001 1 1 13,14 0.001 1 1 14,15 0.001 1 1 12.0198 170 ::f,2,0 f,2,14 s,3,14 f,12,15 f,15,3 
113:1,2 0.001 -1 -1 2,1 0.001 1 1 1,1 0.001 1 1 24.0311 215 3,13 0.003 0 1 1,13 0.001 1 -1 1,14 0.001 1 0 25.0221 210 13,2 0.001 -1 0 13,1 0.001 1 0 14,2 0.001 0 1 7.0406 140 14,13 0.001 0 1 13,14 0.001 0 1 14,15 0.001 1 1 12.0198 170 ::f,2,0 f,2,14 s,3,14 f,12,15 f,15,3 
114:1,2 0.001 0 -1 2,1 0.001 0 1 1,1 0.001 0 1 24.0311 215 3,13 0.003 0 1 1,13 0.001 1 0 1,14 0.001 1 0 30.0222 225 13,2 0.001 -1 0 14,1 0.001 1 0 14,2 0.001 0 1 7.0416 140 14,14 0.001 0 1 13,14 0.001 0 1 14,15 0.001 1 1 12.0208 170 ::f,0,14 f,2,0 s,3,14 f,12,15 f,15,3 
115:1,2 0.001 0 -1 2,2 0.001 0 1 1,1 0.001 0 1 24.0321 215 3,13 0.003 0 1 2,13 0.001 1 0 1,14 0.001 1 1 30.0232 225 13,2 0.001 -1 -1 14,1 0.001 1 0 14,2 0.001 -1 1 7.0416 140 14,14 0.001 0 1 13,14 0.001 -1 1 14,15 0.001 1 1 12.0208 170 ::f,0,14 f,2,0 s,3,14 f,12,15 f,15,3 
116:1,2 0.001 0 -1 2,2 0.001 0 1 1,1 0.001 -1 1 24.0321 215 3,13 0.003 0 1 2,13 0.001 1 0 1,14 0.001 1 1 30.0232 225 13,2 0.001 -1 -1 14,1 0.001 1 1 14,2 0.001 -1 1 7.0416 140 14,14 0.001 -1 1 13,14 0.001 -1 1 14,15 0.001 1 1 16.0209 185 ::f,0,14 f,2,0 s,3,14 f,13,12 f,15,3 
117:1,2 0.001 1 -1 2,2 0.001 -1 1 1,1 0.001 -1 1 24.0321 215 3,13 0.003 0 1 2,13 0.001 1 1 1,14 0.001 0 1 30.0232 225 13,2 0.001 0 -1 14,1 0.001 1 1 14,2 0.001 -1 0 7.0416 140 14,14 0.001 -1 1 13,14 0.001 -1 0 14,15 0.001 1 1 16.0209 185 ::f,0,14 f,2,0 s,3,14 f,13,12 f,15,3 
118:1,2 0.001 1 -1 2,2 0.001 -1 1 1,1 0.001 -1 0 24.0321 215 3,13 0.003 0 1 2,13 0.001 1 1 1,14 0.001 0 1 30.0232 225 13,1 0.001 0 -1 14,1 0.001 0 1 13,2 0.001 -1 0 7.0436 140 14,14 0.001 -1 0 13,14 0.001 -1 0 14,15 0.001 1 1 16.0209 185 ::f,0,14 f,2,0 s,3,14 f,13,12 f,15,3 
119:1,2 0.001 1 0 2,2 0.001 -1 0 1,1 0.001 -1 0 24.0321 215 3,13 0.003 0 1 2,13 0.001 0 1 1,14 0.001 -1 1 30.0232 225 13,1 0.001 0 -1 14,2 0.001 0 1 13,2 0.001 -1 0 7.0446 140 14,14 0.001 -1 0 13,14 0.001 -1 -1 14,15 0.001 1 1 16.0209 185 ::f,0,14 f,2,0 s,3,14 f,13,12 f,15,3 
120:1,2 0.001 1 0 2,2 0.001 -1 0 1,1 0.001 -1 -1 24.0321 215 3,13 0.003 0 1 2,14 0.001 0 1 1,14 0.001 -1 1 30.0242 225 13,1 0.001 1 -1 14,2 0.001 0 1 13,2 0.001 -1 -1 7.0446 140 14,14 0.001 -1 0 13,14 0.001 -1 -1 14,15 0.001 1 1 16.0209 185 ::f,0,14 f,2,0 s,3,14 f,13,12 f,15,3 
121:1,2 0.001 1 1 2,2 0.001 -1 0 1,1 0.001 -1 -1 24.0321 215 3,13 0.003 0 1 2,14 0.001 0 1 1,14 0.001 -1 0 30.0242 225 13,1 0.001 1 -1 14,2 0.001 -1 1 13,2 0.001 -1 -1 7.0446 140 14,14 0.001 -1 -1 13,14 0.001 0 -1 14,15 0.001 1 1 16.0209 185 ::f,0,14 f,2,0 s,3,14 f,13,12 f,15,3 
122:1,2 0.001 1 1 2,2 0.001 -1 -1 1,1 0.001 0 -1 24.0321 215 3,13 0.003 0 1 2,14 0.001 -1 1 1,14 0.001 -1 0 36.0243 240 13,1 0.001 1 0 14,2 0.001 -1 1 13,2 0.001 0 -1 7.0446 140 14,14 0.001 -1 -1 13,13 0.001 0 -1 14,15 0.001 1 1 16.0219 185 ::f,2,0 f,2,13 s,3,14 f,13,12 f,15,3 
123:1,2 0.001 0 1 2,2 0.001 -1 -1 1,1 0.001 0 -1 24.0321 215 3,13 0.003 0 1 2,14 0.001 -1 1 1,14 0.001 -1 -1 36.0243 240 14,1 0.001 1 0 14,2 0.001 -1 0 13,1 0.001 0 -1 7.0466 140 14,14 0.001 0 -1 13,13 0.001 0 -1 14,15 0.001 1 1 21.022 200 ::f,2,0 f,2,13 s,3,14 f,13,14 f,15,3 
124:1,2 0.001 0 1 2,2 0.001 0 -1 1,1 0.001 1 -1 24.0321 215 3,13 0.003 0 1 2,14 0.001 -1 0 1,14 0.001 -1 -1 36.0243 240 14,1 0.001 1 0 13,2 0.001 -1 0 13,1 0.001 0 -1 7.0476 140 14,14 0.001 0 -1 13,13 0.001 1 -1 14,15 0.001 1 1 21.022 200 ::f,2,0 f,2,13 s,3,14 f,13,14 f,15,3 
125:1,2 0.001 -1 1 2,1 0.001 0 -1 1,1 0.001 1 -1 27.0332 230 3,13 0.003 0 1 2,14 0.001 -1 0 1,14 0.001 0 -1 36.0243 240 14,1 0.001 1 1 13,2 0.001 -1 0 13,1 0.001 1 -1 7.0476 140 14,14 0.001 1 -1 13,13 0.001 1 -1 14,15 0.001 1 1 21.022 200 ::f,2,3 f,2,13 s,3,14 f,13,14 f,15,3 
126:1,2 0.001 -1 1 2,1 0.001 0 -1 1,1 0.001 1 0 27.0332 230 3,13 0.003 0 1 2,14 0.001 -1 0 1,13 0.001 0 -1 36.0253 240 14,1 0.001 1 1 13,2 0.001 -1 -1 13,1 0.001 1 -1 7.0476 140 14,14 0.001 1 -1 13,13 0.001 1 0 14,15 0.001 1 1 21.022 200 ::f,2,3 f,2,13 s,3,14 f,13,14 f,15,3 
127:1,2 0.001 -1 0 2,1 0.001 1 -1 1,1 0.001 1 0 27.0332 230 3,13 0.003 0 1 2,14 0.001 -1 -1 1,13 0.001 0 -1 36.0253 240 14,1 0.001 0 1 13,2 0.001 -1 -1 13,1 0.001 1 0 7.0476 140 14,14 0.001 1 0 14,13 0.001 1 0 14,15 0.001 1 1 21.023 200 ::f,2,3 f,2,13 s,3,14 f,13,14 f,15,3 
128:1,2 0.001 -1 0 2,1 0.001 1 -1 1,1 0.001 1 0 27.0332 230 3,13 0.003 0 1 2,14 0.001 -1 -1 1,13 0.001 1 -1 36.0253 240 14,2 0.001 0 1 13,2 0.001 0 -1 14,1 0.001 1 0 7.0496 140 14,14 0.001 1 0 14,13 0.001 1 0 14,15 0.001 1 1 21.023 200 ::f,2,3 f,2,13 s,3,14 f,13,14 f,15,3 
129:1,2 0.001 -1 -1 2,1 0.001 1 0 1,1 0.001 1 1 27.0332 230 3,13 0.003 0 1 2,14 0.001 0 -1 1,13 0.001 1 -1 36.0253 240 14,2 0.001 0 1 13,1 0.001 0 -1 14,1 0.001 1 0 7.0506 140 14,14 0.001 1 1 14,13 0.001 1 1 14,15 0.001 1 1 21.023 200 ::f,2,3 f,2,13 s,3,14 f,13,14 f,15,3 
130:1,2 0.001 -1 -1 2,1 0.001 1 0 1,1 0.001 1 1 27.0332 230 3,13 0.003 0 1 2,14 0.001 0 -1 1,13 0.001 1 0 42.0254 255 14,2 0.001 -1 1 13,1 0.001 0 -1 14,1 0.001 1 1 7.0506 140 14,14 0.001 1 1 14,13 0.001 1 1 14,15 0.001 1 1 21.023 200 ::f,2,3 f,2,12 s,3,14 f,13,14 f,15,3 
131:1,2 0.001 0 -1 2,1 0.001 1 1 1,1 0.001 0 1 27.0332 230 3,13 0.003 0 1 2,13 0.001 0 -1 1,13 0.001 1 0 42.0264 255 14,2 0.001 -1 1 13,1 0.001 1 -1 14,1 0.001 1 1 7.0506 140 14,14 0.001 0 1 14,13 0.001 0 1 14,15 0.001 1 1 21.023 200 ::f,2,3 f,2,12 s,3,14 f,13,14 f,15,3 
132:1,2 0.001 0 -1 2,1 0.001 1 1 1,1 0.001 0 1 27.0332 230 3,13 0.003 0 1 2,13 0.001 0 -1 1,13 0.001 1 0 49.0265 270 14,2 0.001 -1 0 13,1 0.001 1 -1 14,1 0.001 0 1 7.0506 140 14,14 0.001 0 1 14,13 0.001 0 1 14,15 0.001 1 1 21.023 200 ::f,0,14 f,2,3 s,3,14 f,13,14 f,15,3 
133:1,2 0.001 0 -1 2,1 0.001 0 1 1,1 0.001 -1 1 27.0332 230 3,13 0.003 0 1 2,13 0.001 1 -1 1,13 0.001 1 1 49.0265 270 13,2 0.001 -1 0 13,1 0.001 1 0 14,2 0.001 0 1 7.0526 140 14,14 0.001 -1 1 14,13 0.001 0 1 14,15 0.001 1 1 21.023 200 ::f,0,14 f,2,3 s,3,14 f,13,14 f,15,3 
134:1,2 0.001 1 -1 2,2 0.001 0 1 1,1 0.001 -1 1 27.0342 230 3,13 0.003 0 1 2,13 0.001 1 -1 1,13 0.001 1 1 49.0265 270 13,2 0.001 -1 0 14,1 0.001 1 0 14,2 0.001 0 1 7.0536 140 14,14 0.001 -1 1 14,13 0.001 -1 1 14,15 0.001 1 1 21.023 200 ::f,0,14 f,2,3 s,3,14 f,13,14 f,15,3 
135:1,2 0.001 1 -1 2,2 0.001 0 1 1,1 0.001 -1 0 34.0343 245 3,13 0.003 0 1 2,13 0.001 1 0 1,13 0.001 0 1 49.0265 270 13,2 0.001 -1 -1 14,1 0.001 1 0 14,2 0.001 -1 1 7.0536 140 14,14 0.001 -1 0 14,13 0.001 -1 1 14,15 0.001 1 1 27.0231 215 ::f,0,14 f,3,2 s,3,14 f,15,3 f,15,14 
136:1,2 0.001 1 0 2,2 0.001 -1 1 1,1 0.001 -1 0 34.0343 245 3,13 0.003 0 1 2,13 0.001 1 0 1,13 0.001 0 1 49.0265 270 13,2 0.001 -1 -1 14,1 0.001 1 1 14,2 0.001 -1 1 7.0536 140 13,14 0.001 -1 0 14,13 0.001 -1 0 14,15 0.001 1 1 27.0241 215 ::f,0,14 f,3,2 s,3,14 f,15,3 f,15,14 
137:1,2 0.001 1 0 2,2 0.001 -1 1 1,1 0.001 -1 -1 34.0343 245 3,13 0.003 0 1 2,13 0.001 1 1 1,13 0.001 -1 1 49.0265 270 13,2 0.001 0 -1 14,1 0.001 1 1 14,2 0.001 -1 0 7.0536 140 13,14 0.001 -1 0 14,13 0.001 -1 0 14,15 0.001 1 1 27.0241 215 ::f,0,14 f,3,2 s,3,14 f,15,3 f,15,14 
138:1,2 0.001 1 0 2,2 0.001 -1 0 1,1 0.001 -1 -1 34.0343 245 3,13 0.003 0 1 2,13 0.001 1 1 1,13 0.001 -1 1 56.0266 285 13,1 0.001 0 -1 14,1 0.001 0 1 13,2 0.001 -1 0 7.0556 140 13,14 0.001 -1 -1 14,13 0.001 -1 -1 14,15 0.001 1 1 27.0241 215 ::f,3,2 s,3,14 f,3,15 f,15,3 f,15,14 
139:1,2 0.001 1 1 2,2 0.001 -1 0 1,1 0.001 0 -1 34.0343 245 3,13 0.003 0 1 2,13 0.001 0 1 1,13 0.001 -1 0 56.0266 285 13,1 0.001 0 -1 14,2 0.001 0 1 13,2 0.001 -1 0 7.0566 140 13,14 0.001 -1 -1 14,13 0.001 -1 -1 14,15 0.001 1 1 27.0241 215 ::f,3,2 s,3,14 f,3,15 f,15,3 f,15,14 
140:1,2 0.001 1 1 2,2 0.001 -1 0 1,1 0.001 0 -1 34.0343 245 3,13 0.003 0 1 2,14 0.001 0 1 1,13 0.001 -1 0 56.0276 285 13,1 0.001 1 -1 14,2 0.001 0 1 13,2 0.001 -1 -1 7.0566 140 13,14 0.001 0 -1 14,13 0.001 0 -1 14,15 0.001 1 1 27.0241 215 ::f,3,2 s,3,14 f,3,15 f,15,3 f,15,14 
141:1,2 0.001 0 1 2,2 0.001 -1 -1 1,1 0.001 1 -1 34.0343 245 3,13 0.003 0 1 2,14 0.001 0 1 1,13 0.001 -1 -1 56.0276 285 13,1 0.001 1 -1 14,2 0.001 -1 1 13,2 0.001 -1 -1 7.0566 140 13,13 0.001 0 -1 14,13 0.001 0 -1 14,15 0.001 1 1 27.0251 215 ::f,3,2 s,3,14 f,3,15 f,15,3 f,15,14 
142:1,2 0.001 0 1 2,2 0.001 -1 -1 1,1 0.001 1 -1 34.0343 245 3,13 0.003 0 1 2,14 0.001 -1 1 1,13 0.001 -1 -1 56.0276 285 13,1 0.001 1 0 14,2 0.001 -1 1 13,2 0.001 0 -1 7.0566 140 13,13 0.001 0 -1 14,13 0.001 1 -1 14,15 0.001 1 1 27.0251 215 ::f,3,2 s,3,14 f,3,15 f,15,3 f,15,14 
143:1,2 0.001 -1 1 2,2 0.001 0 -1 1,1 0.001 1 0 34.0343 245 3,13 0.003 0 1 2,14 0.001 -1 1 1,13 0.001 0 -1 56.0276 285 14,1 0.001 1 0 14,2 0.001 -1 0 13,1 0.001 0 -1 7.0586 140 13,13 0.001 1 -1 14,13 0.001 1 -1 14,15 0.001 1 1 27.0251 215 ::f,3,2 s,3,14 f,3,15 f,15,3 f,15,14 
144:1,2 0.001 -1 1 2,2 0.001 0 -1 2,1 0.001 1 0 34.0353 245 3,13 0.003 0 1 2,14 0.001 -1 0 1,13 0.001 0 -1 56.0276 285 14,1 0.001 1 0 13,2 0.001 -1 0 13,1 0.001 0 -1 7.0596 140 13,13 0.001 1 -1 14,13 0.001 1 0 14,15 0.001 1 1 27.0251 215 ::f,3,2 s,3,14 f,3,15 f,15,3 f,15,14 
145:1,2 0.001 -1 0 2,2 0.001 1 -1 2,1 0.001 1 0 34.0353 245 3,13 0.003 0 1 1,14 0.001 -1 0 1,13 0.001 1 -1 56.0286 285 14,1 0.001 1 1 13,2 0.001 -1 0 13,1 0.001 1 -1 7.0596 140 13,13 0.001 1 0 14,13 0.001 1 0 14,15 0.001 1 1 27.0251 215 ::f,3,2 s,3,14 f,3,15 f,15,3 f,15,14 
146:1,2 0.001 -1 0 2,2 0.001 1 -1 2,1 0.001 1 1 34.0353 245 3,13 0.003 0 1 1,14 0.001 -1 0 1,13 0.001 1 -1 56.0286 285 14,1 0.001 1 1 13,2 0.001 -1 -1 13,1 0.001 1 -1 7.0596 140 13,13 0.001 1 0 14,13 0.001 1 1 14,15 0.001 1 1 27.0251 215 ::f,3,2 s,3,14 f,3,15 f,15,3 f,15,14 
147:1,2 0.001 -1 -1 2,2 0.001 1 0 2,1 0.001 1 1 38.0354 260 3,13 0.003 0 1 1,14 0.001 -1 -1 1,13 0.001 1 0 56.0286 285 14,1 0.001 0 1 13,2 0.001 -1 -1 13,1 0.001 1 0 7.0596 140 13,13 0.001 1 0 14,13 0.001 1 1 14,15 0.001 1 1 34.0252 230 ::f,2,0 s,3,14 f,3,15 f,12,15 f,15,3 
148:1,2 0.001 -1 -1 2,2 0.001 1 0 2,1 0.001 0 1 38.0354 260 3,13 0.003 0 1 1,14 0.001 -1 -1 2,13 0.001 1 0 56.0296 285 14,2 0.001 0 1 13,2 0.001 0 -1 14,1 0.001 1 0 7.0616 140 13,13 0.001 1 1 14,13 0.001 0 1 14,15 0.001 1 1 34.0252 230 ::f,2,0 s,3,14 f,3,15 f,12,15 f,15,3 
149:1,2 0.001 0 -1 2,2 0.001 1 1 2,1 0.001 0 1 38.0354 260 3,13 0.003 0 1 1,14 0.001 0 -1 2,13 0.001 1 0 56.0296 285 14,2 0.001 0 1 13,1 0.001 0 -1 14,1 0.001 1 0 7.0626 140 13,13 0.001 1 1 14,14 0.001 0 1 14,15 0.001 1 1 34.0262 230 ::f,2,0 s,3,14 f,3,15 f,12,15 f,15,3 
150:1,1 0.001 0 -1 2,2 0.001 1 1 2,1 0.001 0 1 38.0364 260 3,13 0.003 0 1 1,13 0.001 0 -1 2,13 0.001 1 1 56.0306 285 14,2 0.001 -1 1 13,1 0.001 0 -1 14,1 0.001 1 1 7.0626 140 13,13 0.001 0 1 14,14 0.001 0 1 14,15 0.001 1 1 34.0262 230 ::f,2,0 s,3,14 f,3,15 f,12,15 f,15,3 
151:1,1 0.001 0 -1 2,2 0.001 0 1 2,1 0.001 -1 1 38.0364 260 3,13 0.003 0 1 1,13 0.001 0 -1 2,13 0.001 1 1 56.0306 285 14,2 0.001 -1 1 13,1 0.001 1 -1 14,1 0.001 1 1 7.0626 140 13,13 0.001 0 1 14,14 0.001 -1 1 14,15 0.001 1 1 34.0262 230 ::f,2,0 s,3,14 f,3,15 f,12,15 f,15,3 
152:1,1 0.001 1 -1 2,2 0.001 0 1 2,1 0.001 -1 1 38.0364 260 3,13 0.003 0 1 1,13 0.001 1 -1 2,13 0.001 0 1 56.0306 285 14,2 0.001 -1 0 13,1 0.001 1 -1 14,1 0.001 0 1 7.0626 140 13,13 0.001 -1 1 14,14 0.001 -1 1 14,15 0.001 1 1 34.0262 230 ::f,2,0 s,3,14 f,3,15 f,12,15 f,15,3 
153:1,1 0.001 1 -1 2,2 0.001 -1 1 1,2 0.001 -1 1 39.0375 275 3,13 0.003 0 1 1,13 0.001 1 -1 2,14 0.001 0 1 56.0316 285 13,2 0.001 -1 0 13,1 0.001 1 0 14,2 0.001 0 1 7.0646 140 13,13 0.001 -1 1 14,14 0.001 -1 0 14,15 0.001 1 1 34.0262 230 ::f,0,3 s,3,14 f,3,15 f,12,15 f,15,3 
154:1,1 0.001 1 0 2,2 0.001 -1 1 1,2 0.001 -1 1 44.0376 290 3,13 0.003 0 1 1,13 0.001 1 0 2,14 0.001 0 1 56.0316 285 13,2 0.001 -1 0 14,1 0.001 1 0 14,2 0.001 0 1 7.0656 140 13,13 0.001 -1 0 13,14 0.001 -1 0 14,15 0.001 1 1 34.0272 230 ::f,1,0 s,3,14 f,3,15 f,12,15 f,15,3 
155:2,1 0.001 1 0 2,2 0.001 -1 0 1,2 0.001 -1 0 44.0386 290 3,13 0.003 0 1 2,13 0.001 1 0 2,14 0.001 -1 1 56.0326 285 13,2 0.001 -1 -1 14,1 0.001 1 0 14,2 0.001 -1 1 7.0656 140 13,13 0.001 -1 0 13,14 0.001 -1 0 14,15 0.001 1 1 34.0272 230 ::f,1,0 s,3,14 f,3,15 f,12,15 f,15,3 
156:2,1 0.001 1 0 2,2 0.001 -1 0 1,2 0.001 -1 0 44.0386 290 3,13 0.003 0 1 2,13 0.001 1 0 2,14 0.001 -1 1 56.0326 285 13,2 0.001 -1 -1 14,1 0.001 1 1 14,2 0.001 -1 1 7.0656 140 13,13 0.001 -1 -1 13,14 0.001 -1 -1 14,15 0.001 1 1 34.0272 230 ::f,1,0 s,3,14 f,3,15 f,12,15 f,15,3 
157:2,1 0.001 1 1 2,2 0.001 -1 0 1,2 0.001 -1 -1 44.0386 290 3,13 0.003 0 1 2,13 0.001 1 1 2,14 0.001 -1 0 56.0326 285 13,2 0.001 0 -1 14,1 0.001 1 1 14,2 0.001 -1 0 7.0656 140 13,13 0.001 -1 -1 13,14 0.001 -1 -1 14,15 0.001 1 1 34.0272 230 ::f,1,0 s,3,14 f,3,15 f,12,15 f,15,3 
158:2,1 0.001 1 1 2,2 0.001 -1 -1 1,2 0.001 -1 -1 44.0386 290 3,13 0.003 0 1 2,13 0.001 1 1 1,14 0.001 -1 0 56.0336 285 13,1 0.001 0 -1 14,1 0.001 0 1 13,2 0.001 -1 0 7.0676 140 13,13 0.001 0 -1 13,14 0.001 0 -1 14,15 0.001 1 1 34.0272 230 ::f,1,0 s,3,14 f,3,15 f,12,15 f,15,3 
159:2,1 0.001 0 1 2,2 0.001 -1 -1 1,2 0.001 0 -1 44.0386 290 3,13 0.003 0 1 2,13 0.001 0 1 1,14 0.001 -1 0 56.0336 285 13,1 0.001 0 -1 14,2 0.001 0 1 13,2 0.001 -1 0 7.0686 140 13,13 0.001 0 -1 13,14 0.001 0 -1 14,15 0.001 1 1 34.0272 230 ::f,1,0 s,3,14 f,3,15 f,12,15 f,15,3 
160:2,1 0.001 0 1 2,2 0.001 0 -1 1,1 0.001 0 -1 44.0396 290 3,13 0.003 0 1 2,14 0.001 0 1 1,14 0.001 -1 -1 56.0346 285 13,1 0.001 1 -1 14,2 0.001 0 1 13,2 0.001 -1 -1 7.0686 140 13,13 0.001 1 -1 13,14 0.001 0 -1 14,15 0.001 1 1 34.0272 230 ::f,1,0 s,3,14 f,3,15 f,12,15 f,15,3 
161:2,1 0.001 0 1 2,2 0.001 0 -1 1,1 0.001 0 -1 50.0397 305 3,13 0.003 0 1 2,14 0.001 0 1 1,14 0.001 -1 -1 56.0346 285 13,1 0.001 1 -1 14,2 0.001 -1 1 13,2 0.001 -1 -1 7.0686 140 13,13 0.001 1 -1 13,14 0.001 1 -1 14,15 0.001 1 1 34.0272 230 ::f,2,0 s,3,14 f,3,15 f,12,15 f,15,3 
162:2,1 0.001 -1 1 2,2 0.001 0 -1 1,1 0.001 1 -1 50.0397 305 3,13 0.003 0 1 2,14 0.001 -1 1 1,14 0.001 0 -1 56.0346 285 13,1 0.001 1 0 14,2 0.001 -1 1 13,2 0.001 0 -1 7.0686 140 13,13 0.001 1 0 13,14 0.001 1 -1 14,15 0.001 1 1 34.0272 230 ::f,2,0 s,3,14 f,3,15 f,12,15 f,15,3 
163:2,1 0.001 -1 1 2,2 0.001 0 -1 1,1 0.001 1 -1 57.0398 320 3,13 0.003 0 1 2,14 0.001 -1 1 1,13 0.001 0 -1 56.0356 285 14,1 0.001 1 0 14,2 0.001 -1 0 13,1 0.001 0 -1 7.0706 140 14,13 0.001 1 0 13,14 0.001 1 0 14,15 0.001 1 1 34.0282 230 ::f,0,0 s,3,14 f,3,15 f,12,15 f,15,3 
164:2,1 0.001 -1 0 2,2 0.001 1 -1 1,1 0.001 1 0 57.0398 320 3,13 0.003 0 1 2,14 0.001 -1 0 1,13 0.001 0 -1 56.0356 285 14,1 0.001 1 0 13,2 0.001 -1 0 13,1 0.001 0 -1 7.0716 140 14,13 0.001 1 0 13,14 0.001 1 0 14,15 0.001 1 1 34.0282 230 ::f,0,0 s,3,14 f,3,15 f,12,15 f,15,3 
165:2,1 0.001 -1 0 2,2 0.001 1 0 1,1 0.001 1 0 57.0398 320 3,13 0.003 0 1 1,14 0.001 -1 0 1,13 0.001 1 -1 56.0366 285 14,1 0.001 1 1 13,2 0.001 -1 0 13,1 0.001 1 -1 7.0716 140 14,13 0.001 1 1 13,14 0.001 1 1 14,15 0.001 1 1 34.0282 230 ::f,0,0 s,3,14 f,3,15 f,12,15 f,15,3 
166:2,1 0.001 -1 -1 2,2 0.001 1 1 1,1 0.001 1 0 57.0398 320 3,13 0.003 0 1 1,14 0.001 -1 0 1,13 0.001 1 -1 56.0366 285 14,1 0.001 1 1 13,2 0.001 -1 -1 13,1 0.001 1 -1 7.0716 140 14,13 0.001 1 1 13,14 0.001 1 1 14,15 0.001 1 1 34.0282 230 ::f,0,0 s,3,14 f,3,15 f,12,15 f,15,3 
167:2,1 0.001 -1 -1 2,2 0.001 1 1 1,1 0.001 1 1 57.0398 320 3,13 0.003 0 1 1,14 0.001 -1 -1 1,13 0.001 1 0 56.0366 285 14,1 0.001 0 1 13,2 0.001 -1 -1 13,1 0.001 1 0 7.0716 140 14,13 0.001 0 1 13,14 0.001 0 1 14,15 0.001 1 1 34.0282 230 ::f,0,0 s,3,14 f,3,15 f,12,15 f,15,3 
168:2,1 0.001 0 -1 2,2 0.001 0 1 1,1 0.001 1 1 57.0398 320 3,13 0.003 0 1 1,14 0.001 -1 -1 2,13 0.001 1 0 56.0376 285 14,2 0.001 0 1 13,2 0.001 0 -1 14,1 0.001 1 0 7.0736 140 14,14 0.001 0 1 13,14 0.001 0 1 14,15 0.001 1 1 34.0292 230 ::f,0,0 s,3,14 f,3,15 f,12,15 f,15,3 
169:2,1 0.001 0 -1 2,2 0.001 0 1 1,1 0.001 0 1 57.0398 320 3,13 0.003 0 1 1,14 0.001 0 -1 2,13 0.001 1 0 56.0376 285 14,2 0.001 0 1 13,1 0.001 0 -1 14,1 0.001 1 0 7.0746 140 14,14 0.001 0 1 13,14 0.001 -1 1 14,15 0.001 1 1 34.0292 230 ::f,0,0 s,3,14 f,3,15 f,12,15 f,15,3 
170:2,1 0.001 1 -1 2,2 0.001 -1 1 1,1 0.001 0 1 57.0398 320 3,13 0.003 0 1 1,13 0.001 0 -1 2,13 0.001 1 1 56.0386 285 14,2 0.001 -1 1 13,1 0.001 0 -1 14,1 0.001 1 1 7.0746 140 14,14 0.001 -1 1 13,14 0.001 -1 1 14,15 0.001 1 1 42.0293 245 ::f,0,0 s,3,14 f,3,15 f,12,13 f,15,3 
171:2,1 0.001 1 -1 2,2 0.001 -1 1 1,1 0.001 -1 1 57.0398 320 3,13 0.003 0 1 1,13 0.001 0 -1 2,13 0.001 1 1 56.0386 285 14,2 0.001 -1 1 13,1 0.001 1 -1 14,1 0.001 1 1 7.0746 140 14,14 0.001 -1 1 13,14 0.001 -1 0 14,15 0.001 1 1 42.0293 245 ::f,0,0 s,3,14 f,3,15 f,12,13 f,15,3 
172:2,1 0.001 1 0 2,2 0.001 -1 0 1,1 0.001 -1 1 57.0398 320 3,13 0.003 0 1 1,13 0.001 1 -1 2,13 0.001 0 1 56.0386 285 14,2 0.001 -1 0 13,1 0.001 1 -1 14,1 0.001 0 1 7.0746 140 14,14 0.001 -1 0 13,14 0.001 -1 0 14,15 0.001 1 1 42.0293 245 ::f,0,0 s,3,14 f,3,15 f,12,13 f,15,3 
173:2,1 0.001 1 0 1,2 0.001 -1 0 1,1 0.001 -1 0 57.0408 320 3,13 0.003 0 1 1,13 0.001 1 -1 2,14 0.001 0 1 56.0396 285 13,2 0.001 -1 0 13,1 0.001 1 0 14,2 0.001 0 1 7.0766 140 14,14 0.001 -1 0 13,14 0.001 -1 -1 14,15 0.001 1 1 42.0293 245 ::f,0,0 s,3,14 f,3,15 f,12,13 f,15,3 
174:2,1 0.001 1 1 1,2 0.001 -1 0 1,1 0.001 -1 0 57.0408 320 3,13 0.003 0 1 1,13 0.001 1 0 2,14 0.001 0 1 56.0396 285 13,2 0.001 -1 0 14,1 0.001 1 0 14,2 0.001 0 1 7.0776 140 14,14 0.001 -1 0 13,14 0.001 -1 -1 14,15 0.001 1 1 51.0294 260 ::f,0,0 s,3,14 f,3,15 f,12,13 f,15,3 
175:2,1 0.001 1 1 1,2 0.001 -1 -1 1,1 0.001 -1 -1 57.0408 320 3,13 0.003 0 1 2,13 0.001 1 0 2,14 0.001 -1 1 56.0406 285 13,2 0.001 -1 -1 14,1 0.001 1 0 14,2 0.001 -1 1 7.0776 140 14,14 0.001 -1 -1 13,14 0.001 0 -1 14,15 0.001 1 1 51.0294 260 ::f,0,0 s,3,14 f,3,15 f,12,13 f,15,3 
176:2,1 0.001 0 1 1,2 0.001 -1 -1 1,1 0.001 -1 -1 65.0409 335 3,13 0.003 0 1 2,13 0.001 1 0 2,14 0.001 -1 1 56.0406 285 13,2 0.001 -1 -1 14,1 0.001 1 1 14,2 0.001 -1 1 7.0776 140 14,14 0.001 -1 -1 13,13 0.001 0 -1 14,15 0.001 1 1 51.0304 260 ::f,2,0 s,3,14 f,3,15 f,12,13 f,15,3 
177:2,2 0.001 0 1 1,2 0.001 0 -1 1,1 0.001 0 -1 65.0419 335 3,13 0.003 0 1 2,13 0.001 1 1 2,14 0.001 -1 0 56.0406 285 13,2 0.001 0 -1 14,1 0.001 1 1 14,2 0.001 -1 0 7.0776 140 14,14 0.001 0 -1 13,13 0.001 0 -1 14,15 0.001 1 1 51.0304 260 ::f,2,0 s,3,14 f,3,15 f,12,13 f,15,3 
178:2,2 0.001 0 1 1,2 0.001 0 -1 1,1 0.001 0 -1 65.0419 335 3,13 0.003 0 1 2,13 0.001 1 1 1,14 0.001 -1 0 56.0416 285 13,1 0.001 0 -1 14,1 0.001 0 1 13,2 0.001 -1 0 7.0796 140 14,14 0.001 0 -1 13,13 0.001 1 -1 14,15 0.001 1 1 51.0304 260 ::f,2,0 s,3,14 f,3,15 f,12,13 f,15,3 
179:2,2 0.001 -1 1 1,2 0.001 0 -1 1,1 0.001 1 -1 65.0419 335 3,13 0.003 0 1 2,13 0.001 0 1 1,14 0.001 -1 0 56.0416 285 13,1 0.001 0 -1 14,2 0.001 0 1 13,2 0.001 -1 0 7.0806 140 14,14 0.001 1 -1 13,13 0.001 1 -1 14,15 0.001 1 1 51.0304 260 ::f,2,0 s,3,14 f,3,15 f,12,13 f,15,3 
180:2,2 0.001 -1 1 1,2 0.001 1 -1 1,1 0.001 1 -1 74.042 350 3,13 0.003 0 1 2,14 0.001 0 1 1,14 0.001 -1 -1 56.0426 285 13,1 0.001 1 -1 14,2 0.001 0 1 13,2 0.001 -1 -1 7.0806 140 14,14 0.001 1 -1 13,13 0.001 1 0 14,15 0.001 1 1 51.0304 260 ::f,2,3 s,3,14 f,3,15 f,12,13 f,15,3 
181:2,2 0.001 -1 0 1,2 0.001 1 -1 1,1 0.001 1 0 74.042 350 3,13 0.003 0 1 2,14 0.001 0 1 1,14 0.001 -1 -1 56.0426 285 13,1 0.001 1 -1 14,2 0.001 -1 1 13,2 0.001 -1 -1 7.0806 140 14,14 0.001 1 0 14,13 0.001 1 0 14,15 0.001 1 1 51.0314 260 ::f,2,3 s,3,14 f,3,15 f,12,13 f,15,3 
182:2,2 0.001 -1 0 1,2 0.001 1 0 2,1 0.001 1 0 74.043 350 3,13 0.003 0 1 2,14 0.001 -1 1 1,14 0.001 0 -1 56.0426 285 13,1 0.001 1 0 14,2 0.001 -1 1 13,2 0.001 0 -1 7.0806 140 14,14 0.001 1 0 14,13 0.001 1 0 14,15 0.001 1 1 51.0314 260 ::f,2,3 s,3,14 f,3,15 f,12,13 f,15,3 
183:2,2 0.001 -1 0 1,2 0.001 1 0 2,1 0.001 1 0 74.043 350 3,13 0.003 0 1 2,14 0.001 -1 1 1,13 0.001 0 -1 56.0436 285 14,1 0.001 1 0 14,2 0.001 -1 0 13,1 0.001 0 -1 7.0826 140 14,14 0.001 1 1 14,13 0.001 1 1 14,15 0.001 1 1 51.0314 260 ::f,2,3 s,3,14 f,3,15 f,12,13 f,15,3 
184:2,2 0.001 -1 -1 1,2 0.001 1 1 2,1 0.001 1 1 74.043 350 3,13 0.003 0 1 2,14 0.001 -1 0 1,13 0.001 0 -1 56.0436 285 14,1 0.001 1 0 13,2 0.001 -1 0 13,1 0.001 0 -1 7.0836 140 14,14 0.001 1 1 14,13 0.001 1 1 14,15 0.001 1 1 51.0314 260 ::f,2,3 s,3,14 f,3,15 f,12,13 f,15,3 
185:2,2 0.001 -1 -1 1,2 0.001 1 1 2,1 0.001 1 1 82.0431 365 3,13 0.003 0 1 1,14 0.001 -1 0 1,13 0.001 1 -1 56.0446 285 14,1 0.001 1 1 13,2 0.001 -1 0 13,1 0.001 1 -1 7.0836 140 14,14 0.001 0 1 14,13 0.001 0 1 14,15 0.001 1 1 51.0314 260 ::f,2,3 s,3,14 f,3,15 f,12,13 f,15,3 
186:2,2 0.001 0 -1 1,2 0.001 0 1 2,1 0.001 0 1 82.0431 365 3,13 0.003 0 1 1,14 0.001 -1 0 1,13 0.001 1 -1 56.0446 285 14,1 0.001 1 1 13,2 0.001 -1 -1 13,1 0.001 1 -1 7.0836 140 14,14 0.001 0 1 14,13 0.001 0 1 14,15 0.001 1 1 51.0314 260 ::f,2,3 s,3,14 f,3,15 f,12,13 f,15,3 
187:2,2 0.001 0 -1 1,2 0.001 0 1 2,1 0.001 0 1 82.0431 365 3,13 0.003 0 1 1,14 0.001 -1 -1 1,13 0.001 1 0 56.0446 285 14,1 0.001 0 1 13,2 0.001 -1 -1 13,1 0.001 1 0 7.0836 140 14,14 0.001 -1 1 14,13 0.001 0 1 14,15 0.001 1 1 51.0314 260 ::f,2,3 s,3,14 f,3,15 f,12,13 f,15,3 
188:2,2 0.001 1 -1 1,2 0.001 -1 1 2,1 0.001 0 1 82.0431 365 3,13 0.003 0 1 1,14 0.001 -1 -1 2,13 0.001 1 0 56.0456 285 14,2 0.001 0 1 13,2 0.001 0 -1 14,1 0.001 1 0 7.0856 140 14,14 0.001 -1 1 14,13 0.001 -1 1 14,15 0.001 1 1 51.0314 260 ::f,2,3 s,3,14 f,3,15 f,12,13 f,15,3 
189:2,2 0.001 1 -1 1,2 0.001 -1 1 2,1 0.001 -1 1 82.0431 365 3,13 0.003 0 1 1,14 0.001 0 -1 2,13 0.001 1 0 56.0456 285 14,2 0.001 0 1 13,1 0.001 0 -1 14,1 0.001 1 0 7.0866 140 14,14 0.001 -1 0 14,13 0.001 -1 1 14,15 0.001 1 1 51.0314 260 ::f,2,3 s,3,14 f,3,15 f,12,13 f,15,3 
190:2,2 0.001 1 0 1,2 0.001 -1 0 2,1 0.001 -1 1 82.0431 365 3,13 0.003 0 1 1,13 0.001 0 -1 2,13 0.001 1 1 56.0466 285 14,2 0.001 -1 1 13,1 0.001 0 -1 14,1 0.001 1 1 7.0866 140 13,14 0.001 -1 0 14,13 0.001 -1 0 14,15 0.001 1 1 51.0324 260 ::f,2,3 s,3,14 f,3,15 f,12,13 f,15,3 
191:2,2 0.001 1 0 1,2 0.001 -1 0 2,1 0.001 -1 0 82.0431 365 3,13 0.003 0 1 1,13 0.001 0 -1 2,13 0.001 1 1 56.0466 285 14,2 0.001 -1 1 13,1 0.001 1 -1 14,1 0.001 1 1 7.0866 140 13,14 0.001 -1 0 13,13 0.001 -1 0 14,15 0.001 1 1 51.0334 260 ::f,2,3 s,3,14 f,3,15 f,12,13 f,15,3 
192:2,2 0.001 1 1 1,2 0.001 -1 -1 2,1 0.001 -1 0 82.0431 365 3,13 0.003 0 1 1,13 0.001 1 -1 2,13 0.001 0 1 56.0466 285 14,2 0.001 -1 0 13,1 0.001 1 -1 14,1 0.001 0 1 7.0866 140 13,14 0.001 -1 -1 13,13 0.001 -1 0 14,15 0.001 1 1 61.0335 275 ::f,2,3 s,3,14 f,3,15 f,14,12 f,15,3 
193:2,2 0.001 1 1 1,2 0.001 -1 -1 2,1 0.001 -1 -1 82.0431 365 3,13 0.003 0 1 1,13 0.001 1 -1 2,14 0.001 0 1 56.0476 285 13,2 0.001 -1 0 13,1 0.001 1 0 14,2 0.001 0 1 7.0886 140 13,14 0.001 -1 -1 13,13 0.001 -1 -1 14,15 0.001 1 1 61.0335 275 ::f,2,3 s,3,14 f,3,15 f,14,12 f,15,3 
194:2,2 0.001 0 1 1,2 0.001 0 -1 2,1 0.001 -1 -1 82.0431 365 3,13 0.003 0 1 1,13 0.001 1 0 2,14 0.001 0 1 56.0476 285 13,2 0.001 -1 0 14,1 0.001 1 0 14,2 0.001 0 1 7.0896 140 13,14 0.001 0 -1 13,13 0.001 -1 -1 14,15 0.001 1 1 61.0335 275 ::f,2,3 s,3,14 f,3,15 f,14,12 f,15,3 
195:2,2 0.001 0 1 1,1 0.001 0 -1 2,1 0.001 0 -1 84.0442 380 3,13 0.003 0 1 2,13 0.001 1 0 2,14 0.001 -1 1 56.0486 285 13,2 0.001 -1 -1 14,1 0.001 1 0 14,2 0.001 -1 1 7.0896 140 13,14 0.001 0 -1 13,13 0.001 0 -1 14,15 0.001 1 1 61.0335 275 ::f,1,0 s,3,14 f,3,15 f,14,12 f,15,3 
196:2,2 0.001 -1 1 1,1 0.001 0 -1 2,1 0.001 0 -1 93.0443 395 3,13 0.003 0 1 2,13 0.001 1 0 2,14 0.001 -1 1 56.0486 285 13,2 0.001 -1 -1 14,1 0.001 1 1 14,2 0.001 -1 1 7.0896 140 13,14 0.001 0 -1 13,13 0.001 0 -1 14,15 0.001 1 1 61.0335 275 ::f,1,0 s,3,14 f,3,15 f,14,12 f,15,3 
197:2,2 0.001 -1 1 1,1 0.001 1 -1 2,1 0.001 1 -1 93.0443 395 3,13 0.003 0 1 2,13 0.001 1 1 2,14 0.001 -1 0 56.0486 285 13,2 0.001 0 -1 14,1 0.001 1 1 14,2 0.001 -1 0 7.0896 140 13,14 0.001 1 -1 13,13 0.001 1 -1 14,15 0.001 1 1 61.0335 275 ::f,1,0 s,3,14 f,3,15 f,14,12 f,15,3 
198:2,2 0.001 -1 0 1,1 0.001 1 -1 2,1 0.001 1 -1 93.0443 395 3,13 0.003 0 1 2,13 0.001 1 1 1,14 0.001 -1 0 56.0496 285 13,1 0.001 0 -1 14,1 0.001 0 1 13,2 0.001 -1 0 7.0916 140 13,14 0.001 1 -1 13,13 0.001 1 -1 14,15 0.001 1 1 71.0336 290 ::f,1,0 s,3,14 f,3,15 f,12,13 f,15,3 
199:1,2 0.001 -1 0 1,1 0.001 1 0 2,1 0.001 1 0 93.0453 395 3,13 0.003 0 1 2,13 0.001 0 1 1,14 0.001 -1 0 56.0496 285 13,1 0.001 0 -1 14,2 0.001 0 1 13,2 0.001 -1 0 7.0926 140 13,14 0.001 1 0 13,13 0.001 1 0 14,15 0.001 1 1 71.0336 290 ::f,1,0 s,3,14 f,3,15 f,12,13 f,15,3 
200:1,2 0.001 -1 0 1,1 0.001 1 0 2,1 0.001 1 0 93.0453 395 3,13 0.003 0 1 2,14 0.001 0 1 1,14 0.001 -1 -1 56.0506 285 13,1 0.001 1 -1 14,2 0.001 0 1 13,2 0.001 -1 -1 7.0926 140 13,14 0.001 1 0 14,13 0.001 1 0 14,15 0.001 1 1 71.0346 290 ::f,1,0 s,3,14 f,3,15 f,12,13 f,15,3 
201:1,2 0.001 -1 -1 1,1 0.001 1 0 2,1 0.001 1 1 93.0453 395 3,13 0.003 0 1 2,14 0.001 0 1 1,14 0.001 -1 -1 56.0506 285 13,1 0.001 1 -1 14,2 0.001 -1 1 13,2 0.001 -1 -1 7.0926 140 13,14 0.001 1 1 14,13 0.001 1 0 14,15 0.001 1 1 71.0346 290 ::f,1,0 s,3,14 f,3,15 f,12,13 f,15,3 
202:1,2 0.001 -1 -1 1,1 0.001 1 1 2,1 0.001 1 1 93.0453 395 3,13 0.003 0 1 2,14 0.001 -1 1 1,14 0.001 0 -1 56.0506 285 13,1 0.001 1 0 14,2 0.001 -1 1 13,2 0.001 0 -1 7.0926 140 13,14 0.001 1 1 14,13 0.001 1 1 14,15 0.001 1 1 71.0346 290 ::f,1,0 s,3,14 f,3,15 f,12,13 f,15,3 
203:1,2 0.001 0 -1 1,1 0.001 1 1 2,1 0.001 0 1 93.0453 395 3,13 0.003 0 1 2,14 0.001 -1 1 1,13 0.001 0 -1 56.0516 285 14,1 0.001 1 0 14,2 0.001 -1 0 13,1 0.001 0 -1 7.0946 140 13,14 0.001 0 1 14,13 0.001 1 1 14,15 0.001 1 1 71.0346 290 ::f,1,0 s,3,14 f,3,15 f,12,13 f,15,3 
204:1,2 0.001 0 -1 1,1 0.001 0 1 2,2 0.001 0 1 93.0463 395 3,13 0.003 0 1 2,14 0.001 -1 0 1,13 0.001 0 -1 56.0516 285 14,1 0.001 1 0 13,2 0.001 -1 0 13,1 0.001 0 -1 7.0956 140 13,14 0.001 0 1 14,13 0.001 0 1 14,15 0.001 1 1 71.0346 290 ::f,1,0 s,3,14 f,3,15 f,12,13 f,15,3 
205:1,2 0.001 0 -1 1,1 0.001 0 1 2,2 0.001 0 1 93.0463 395 3,13 0.003 0 1 1,14 0.001 -1 0 1,13 0.001 1 -1 56.0526 285 14,1 0.001 1 1 13,2 0.001 -1 0 13,1 0.001 1 -1 7.0956 140 13,14 0.001 -1 1 14,14 0.001 0 1 14,15 0.001 1 1 71.0356 290 ::f,1,0 s,3,14 f,3,15 f,12,13 f,15,3 
206:1,2 0.001 1 -1 1,1 0.001 -1 1 2,2 0.001 -1 1 93.0463 395 3,13 0.003 0 1 1,14 0.001 -1 0 1,13 0.001 1 -1 56.0526 285 14,1 0.001 1 1 13,2 0.001 -1 -1 13,1 0.001 1 -1 7.0956 140 13,14 0.001 -1 1 14,14 0.001 0 1 14,15 0.001 1 1 71.0356 290 ::f,1,0 s,3,14 f,3,15 f,12,13 f,15,3 
207:1,2 0.001 1 -1 1,1 0.001 -1 1 2,2 0.001 -1 1 93.0463 395 3,13 0.003 0 1 1,14 0.001 -1 -1 1,13 0.001 1 0 56.0526 285 14,1 0.001 0 1 13,2 0.001 -1 -1 13,1 0.001 1 0 7.0956 140 13,14 0.001 -1 0 14,14 0.001 -1 1 14,15 0.001 1 1 71.0356 290 ::f,1,0 s,3,14 f,3,15 f,12,13 f,15,3 
208:1,2 0.001 1 0 1,1 0.001 -1 0 2,2 0.001 -1 0 93.0463 395 3,13 0.003 0 1 1,14 0.001 -1 -1 2,13 0.001 1 0 56.0536 285 14,2 0.001 0 1 13,2 0.001 0 -1 14,1 0.001 1 0 7.0976 140 13,14 0.001 -1 0 14,14 0.001 -1 1 14,15 0.001 1 1 71.0356 290 ::f,1,0 s,3,14 f,3,15 f,12,13 f,15,3 
209:1,2 0.001 1 0 1,1 0.001 -1 0 2,2 0.001 -1 0 93.0463 395 3,13 0.003 0 1 1,14 0.001 0 -1 2,13 0.001 1 0 56.0536 285 14,2 0.001 0 1 13,1 0.001 0 -1 14,1 0.001 1 0 7.0986 140 13,14 0.001 -1 -1 14,14 0.001 -1 0 14,15 0.001 1 1 71.0356 290 ::f,1,0 s,3,14 f,3,15 f,12,13 f,15,3 
210:1,2 0.001 1 1 1,1 0.001 -1 -1 2,2 0.001 -1 0 93.0463 395 3,13 0.003 0 1 1,13 0.001 0 -1 2,13 0.001 1 1 56.0546 285 14,2 0.001 -1 1 13,1 0.001 0 -1 14,1 0.001 1 1 7.0986 140 13,14 0.001 -1 -1 14,14 0.001 -1 0 14,15 0.001 1 1 75.0357 305 ::f,1,0 s,3,14 f,3,15 f,13,15 f,15,3 
211:1,2 0.001 1 1 1,1 0.001 -1 -1 2,2 0.001 -1 -1 93.0463 395 3,13 0.003 0 1 1,13 0.001 0 -1 2,13 0.001 1 1 56.0546 285 14,2 0.001 -1 1 13,1 0.001 1 -1 14,1 0.001 1 1 7.0986 140 13,14 0.001 0 -1 14,14 0.001 -1 0 14,15 0.001 1 1 75.0357 305 ::f,1,0 s,3,14 f,3,15 f,13,15 f,15,3 
212:1,2 0.001 0 1 1,1 0.001 0 -1 2,2 0.001 -1 -1 93.0463 395 3,13 0.003 0 1 1,13 0.001 1 -1 2,13 0.001 0 1 56.0546 285 14,2 0.001 -1 0 13,1 0.001 1 -1 14,1 0.001 0 1 7.0986 140 13,13 0.001 0 -1 14,14 0.001 -1 -1 14,15 0.001 1 1 75.0367 305 ::f,1,0 s,3,14 f,3,15 f,13,15 f,15,3 
213:1,2 0.001 0 1 1,1 0.001 0 -1 2,2 0.001 -1 -1 103.046 410 3,13 0.003 0 1 1,13 0.001 1 -1 2,14 0.001 0 1 56.0556 285 13,2 0.001 -1 0 13,1 0.001 1 0 14,2 0.001 0 1 7.1006 140 13,13 0.001 0 -1 14,14 0.001 -1 -1 14,15 0.001 1 1 75.0367 305 ::f,0,0 s,3,14 f,3,15 f,13,15 f,15,3 
214:1,2 0.001 -1 1 1,1 0.001 1 -1 2,2 0.001 -1 -1 103.046 410 3,13 0.003 0 1 1,13 0.001 1 0 2,14 0.001 0 1 56.0556 285 13,2 0.001 -1 0 14,1 0.001 1 0 14,2 0.001 0 1 7.1016 140 13,13 0.001 1 -1 14,14 0.001 0 -1 14,15 0.001 1 1 75.0367 305 ::f,0,0 s,3,14 f,3,15 f,13,15 f,15,3 
215:1,2 0.001 -1 1 1,1 0.001 1 -1 2,2 0.001 0 -1 103.046 410 3,13 0.003 0 1 2,13 0.001 1 0 2,14 0.001 -1 1 56.0566 285 13,2 0.001 -1 -1 14,1 0.001 1 0 14,2 0.001 -1 1 7.1016 140 13,13 0.001 1 -1 14,14 0.001 0 -1 14,15 0.001 1 1 75.0367 305 ::f,0,0 s,3,14 f,3,15 f,13,15 f,15,3 
216:1,2 0.001 -1 0 1,1 0.001 1 0 2,2 0.001 0 -1 103.046 410 3,13 0.003 0 1 2,13 0.001 1 0 2,14 0.001 -1 1 56.0566 285 13,2 0.001 -1 -1 14,1 0.001 1 1 14,2 0.001 -1 1 7.1016 140 13,13 0.001 1 0 14,14 0.001 1 -1 14,15 0.001 1 1 75.0367 305 ::f,0,0 s,3,14 f,3,15 f,13,15 f,15,3 
217:1,2 0.001 -1 0 2,1 0.001 1 0 2,2 0.001 1 -1 103.047 410 3,13 0.003 0 1 2,13 0.001 1 1 2,14 0.001 -1 0 56.0566 285 13,2 0.001 0 -1 14,1 0.001 1 1 14,2 0.001 -1 0 7.1016 140 14,13 0.001 1 0 14,14 0.001 1 -1 14,15 0.001 1 1 75.0377 305 ::f,0,0 s,3,14 f,3,15 f,13,15 f,15,3 
218:1,2 0.001 -1 -1 2,1 0.001 1 0 2,2 0.001 1 -1 103.047 410 3,13 0.003 0 1 2,13 0.001 1 1 1,14 0.001 -1 0 56.0576 285 13,1 0.001 0 -1 14,1 0.001 0 1 13,2 0.001 -1 0 7.1036 140 14,13 0.001 1 0 14,14 0.001 1 0 14,15 0.001 1 1 75.0377 305 ::f,0,0 s,3,14 f,3,15 f,13,15 f,15,3 
219:1,2 0.001 -1 -1 2,1 0.001 1 1 2,2 0.001 1 0 103.047 410 3,13 0.003 0 1 2,13 0.001 0 1 1,14 0.001 -1 0 56.0576 285 13,1 0.001 0 -1 14,2 0.001 0 1 13,2 0.001 -1 0 7.1046 140 14,13 0.001 1 1 14,14 0.001 1 0 14,15 0.001 1 1 75.0377 305 ::f,0,0 s,3,14 f,3,15 f,13,15 f,15,3 
220:1,2 0.001 0 -1 2,1 0.001 1 1 2,2 0.001 1 0 103.047 410 3,13 0.003 0 1 2,14 0.001 0 1 1,14 0.001 -1 -1 56.0586 285 13,1 0.001 1 -1 14,2 0.001 0 1 13,2 0.001 -1 -1 7.1046 140 14,13 0.001 1 1 14,14 0.001 1 1 14,15 0.001 1 1 75.0377 305 ::f,0,0 s,3,14 f,3,15 f,13,15 f,15,3 
221:1,1 0.001 0 -1 2,1 0.001 0 1 2,2 0.001 1 1 103.048 410 3,13 0.003 0 1 2,14 0.001 0 1 1,14 0.001 -1 -1 56.0586 285 13,1 0.001 1 -1 14,2 0.001 -1 1 13,2 0.001 -1 -1 7.1046 140 14,13 0.001 0 1 14,14 0.001 1 1 14,15 0.001 1 1 75.0377 305 ::f,0,0 s,3,14 f,3,15 f,13,15 f,15,3 
222:1,1 0.001 0 -1 2,1 0.001 0 1 2,2 0.001 1 1 103.048 410 3,13 0.003 0 1 2,14 0.001 -1 1 1,14 0.001 0 -1 56.0586 285 13,1 0.001 1 0 14,2 0.001 -1 1 13,2 0.001 0 -1 7.1046 140 14,13 0.001 0 1 14,14 0.001 0 1 14,15 0.001 1 1 75.0377 305 ::f,0,0 s,3,14 f,3,15 f,13,15 f,15,3 
223:1,1 0.001 1 -1 2,1 0.001 0 1 2,2 0.001 0 1 103.048 410 3,13 0.003 0 1 2,14 0.001 -1 1 1,13 0.001 0 -1 56.0596 285 14,1 0.001 1 0 14,2 0.001 -1 0 13,1 0.001 0 -1 7.1066 140 14,13 0.001 0 1 14,14 0.001 0 1 14,15 0.001 1 1 75.0377 305 ::f,0,0 s,3,14 f,3,15 f,13,15 f,15,3 
224:1,1 0.001 1 -1 2,1 0.001 -1 1 2,2 0.001 0 1 103.048 410 3,13 0.003 0 1 2,14 0.001 -1 0 1,13 0.001 0 -1 56.0596 285 14,1 0.001 1 0 13,2 0.001 -1 0 13,1 0.001 0 -1 7.1076 140 14,13 0.001 -1 1 14,14 0.001 -1 1 14,15 0.001 1 1 75.0377 305 ::f,0,0 s,3,14 f,3,15 f,13,15 f,15,3 
225:1,1 0.001 1 0 2,1 0.001 -1 1 2,2 0.001 -1 1 103.048 410 3,13 0.003 0 1 1,14 0.001 -1 0 1,13 0.001 1 -1 56.0606 285 14,1 0.001 1 1 13,2 0.001 -1 0 13,1 0.001 1 -1 7.1076 140 14,13 0.001 -1 1 14,14 0.001 -1 1 14,15 0.001 1 1 85.0378 320 ::f,0,0 s,3,14 f,3,15 f,13,15 f,15,3 
226:1,1 0.001 1 0 2,1 0.001 -1 0 2,2 0.001 -1 1 103.048 410 3,13 0.003 0 1 1,14 0.001 -1 0 1,13 0.001 1 -1 56.0606 285 14,1 0.001 1 1 13,2 0.001 -1 -1 13,1 0.001 1 -1 7.1076 140 14,13 0.001 -1 0 14,14 0.001 -1 0 14,15 0.001 1 1 85.0378 320 ::f,0,0 s,3,14 f,3,15 f,13,15 f,15,3 
227:1,1 0.001 1 0 2,1 0.001 -1 0 2,2 0.001 -1 0 103.048 410 3,13 0.003 0 1 1,14 0.001 -1 -1 1,13 0.001 1 0 56.0606 285 14,1 0.001 0 1 13,2 0.001 -1 -1 13,1 0.001 1 0 7.1076 140 14,13 0.001 -1 0 13,14 0.001 -1 0 14,15 0.001 1 1 85.0388 320 ::f,0,0 s,3,14 f,3,15 f,13,15 f,15,3 
228:1,1 0.001 1 1 2,1 0.001 -1 -1 1,2 0.001 -1 0 103.049 410 3,13 0.003 0 1 1,14 0.001 -1 -1 2,13 0.001 1 0 56.0616 285 14,2 0.001 0 1 13,2 0.001 0 -1 14,1 0.001 1 0 7.1096 140 14,13 0.001 -1 -1 13,14 0.001 -1 0 14,15 0.001 1 1 85.0388 320 ::f,0,0 s,3,14 f,3,15 f,13,15 f,15,3 
229:1,1 0.001 1 1 2,1 0.001 -1 -1 1,2 0.001 -1 0 103.049 410 3,13 0.003 0 1 1,14 0.001 0 -1 2,13 0.001 1 0 56.0616 285 14,2 0.001 0 1 13,1 0.001 0 -1 14,1 0.001 1 0 7.1106 140 14,13 0.001 -1 -1 13,14 0.001 -1 -1 14,15 0.001 1 1 85.0388 320 ::f,0,0 s,3,14 f,3,15 f,13,15 f,15,3 
230:1,1 0.001 0 1 2,1 0.001 0 -1 1,2 0.001 -1 -1 103.049 410 3,13 0.003 0 1 1,13 0.001 0 -1 2,13 0.001 1 1 56.0626 285 14,2 0.001 -1 1 13,1 0.001 0 -1 14,1 0.001 1 1 7.1106 140 14,13 0.001 0 -1 13,14 0.001 -1 -1 14,15 0.001 1 1 85.0388 320 ::f,0,0 s,3,14 f,3,15 f,13,15 f,15,3 
231:1,1 0.001 0 1 2,1 0.001 0 -1 1,2 0.001 -1 -1 103.049 410 3,13 0.003 0 1 1,13 0.001 0 -1 2,13 0.001 1 1 56.0626 285 14,2 0.001 -1 1 13,1 0.001 1 -1 14,1 0.001 1 1 7.1106 140 14,13 0.001 0 -1 13,14 0.001 0 -1 14,15 0.001 1 1 85.0388 320 ::f,0,0 s,3,14 f,3,15 f,13,15 f,15,3 
232:1,1 0.001 -1 1 2,1 0.001 1 -1 1,2 0.001 0 -1 103.049 410 3,13 0.003 0 1 1,13 0.001 1 -1 2,13 0.001 0 1 56.0626 285 14,2 0.001 -1 0 13,1 0.001 1 -1 14,1 0.001 0 1 7.1106 140 14,13 0.001 1 -1 13,13 0.001 0 -1 14,15 0.001 1 1 85.0398 320 ::f,0,0 s,3,14 f,3,15 f,13,15 f,15,3 
233:1,1 0.001 -1 1 2,1 0.001 1 -1 1,2 0.001 0 -1 103.049 410 3,13 0.003 0 1 1,13 0.001 1 -1 2,14 0.001 0 1 56.0636 285 13,2 0.001 -1 0 13,1 0.001 1 0 14,2 0.001 0 1 7.1126 140 14,13 0.001 1 -1 13,13 0.001 0 -1 14,15 0.001 1 1 85.0398 320 ::f,0,0 s,3,14 f,3,15 f,13,15 f,15,3 
234:1,1 0.001 -1 0 2,1 0.001 1 0 1,2 0.001 0 -1 103.049 410 3,13 0.003 0 1 1,13 0.001 1 0 2,14 0.001 0 1 56.0636 285 13,2 0.001 -1 0 14,1 0.001 1 0 14,2 0.001 0 1 7.1136 140 14,13 0.001 1 0 13,13 0.001 1 -1 14,15 0.001 1 1 85.0398 320 ::f,0,0 s,3,14 f,3,15 f,13,15 f,15,3 
235:1,1 0.001 -1 0 2,1 0.001 1 0 1,2 0.001 1 -1 103.049 410 3,13 0.003 0 1 2,13 0.001 1 0 2,14 0.001 -1 1 56.0646 285 13,2 0.001 -1 -1 14,1 0.001 1 0 14,2 0.001 -1 1 7.1136 140 14,13 0.001 1 0 13,13 0.001 1 -1 14,15 0.001 1 1 85.0398 320 ::f,0,0 s,3,14 f,3,15 f,13,15 f,15,3 
236:1,1 0.001 -1 -1 2,1 0.001 1 1 1,2 0.001 1 -1 103.049 410 3,13 0.003 0 1 2,13 0.001 1 0 2,14 0.001 -1 1 56.0646 285 13,2 0.001 -1 -1 14,1 0.001 1 1 14,2 0.001 -1 1 7.1136 140 14,13 0.001 1 1 13,13 0.001 1 0 14,15 0.001 1 1 85.0398 320 ::f,0,0 s,3,14 f,3,15 f,13,15 f,15,3 
237:1,1 0.001 -1 -1 2,1 0.001 1 1 1,2 0.001 1 0 106.05 425 3,13 0.003 0 1 2,13 0.001 1 1 2,14 0.001 -1 0 56.0646 285 13,2 0.001 0 -1 14,1 0.001 1 1 14,2 0.001 -1 0 7.1136 140 14,13 0.001 1 1 13,13 0.001 1 0 14,15 0.001 1 1 85.0398 320 ::f,2,3 s,3,14 f,3,15 f,13,15 f,15,3 
238:1,1 0.001 0 -1 2,1 0.001 0 1 1,2 0.001 1 0 106.05 425 3,13 0.003 0 1 2,13 0.001 1 1 1,14 0.001 -1 0 56.0656 285 13,1 0.001 0 -1 14,1 0.001 0 1 13,2 0.001 -1 0 7.1156 140 14,13 0.001 0 1 13,13 0.001 1 0 14,15 0.001 1 1 85.0398 320 ::f,2,3 s,3,14 f,3,15 f,13,15 f,15,3 
239:1,1 0.001 0 -1 2,2 0.001 0 1 1,2 0.001 1 1 106.051 425 3,13 0.003 0 1 2,13 0.001 0 1 1,14 0.001 -1 0 56.0656 285 13,1 0.001 0 -1 14,2 0.001 0 1 13,2 0.001 -1 0 7.1166 140 14,14 0.001 0 1 13,13 0.001 1 1 14,15 0.001 1 1 85.0408 320 ::f,2,3 s,3,14 f,3,15 f,13,15 f,15,3 
240:1,1 0.001 1 -1 2,2 0.001 0 1 1,2 0.001 1 1 116.051 440 3,13 0.003 0 1 2,14 0.001 0 1 1,14 0.001 -1 -1 56.0666 285 13,1 0.001 1 -1 14,2 0.001 0 1 13,2 0.001 -1 -1 7.1166 140 14,14 0.001 0 1 13,13 0.001 1 1 14,15 0.001 1 1 85.0408 320 ::f,3,0 s,3,14 f,3,15 f,13,15 f,15,3 
241:1,1 0.001 1 -1 2,2 0.001 -1 1 1,2 0.001 0 1 116.051 440 3,13 0.003 0 1 2,14 0.001 0 1 1,14 0.001 -1 -1 56.0666 285 13,1 0.001 1 -1 14,2 0.001 -1 1 13,2 0.001 -1 -1 7.1166 140 14,14 0.001 -1 1 13,13 0.001 0 1 14,15 0.001 1 1 85.0408 320 ::f,3,0 s,3,14 f,3,15 f,13,15 f,15,3 
242:1,1 0.001 1 0 2,2 0.001 -1 1 1,2 0.001 0 1 116.051 440 3,13 0.003 0 1 2,14 0.001 -1 1 1,14 0.001 0 -1 56.0666 285 13,1 0.001 1 0 14,2 0.001 -1 1 13,2 0.001 0 -1 7.1166 140 14,14 0.001 -1 1 13,13 0.001 0 1 14,15 0.001 1 1 90.0409 335 ::f,3,0 s,3,14 f,3,15 f,15,3 f,15,14 
243:2,1 0.001 1 0 2,2 0.001 -1 0 1,2 0.001 -1 1 116.052 440 3,13 0.003 0 1 2,14 0.001 -1 1 1,13 0.001 0 -1 56.0676 285 14,1 0.001 1 0 14,2 0.001 -1 0 13,1 0.001 0 -1 7.1186 140 14,14 0.001 -1 0 13,13 0.001 -1 1 14,15 0.001 1 1 90.0409 335 ::f,3,0 s,3,14 f,3,15 f,15,3 f,15,14 
244:2,1 0.001 1 0 2,2 0.001 -1 0 1,2 0.001 -1 1 116.052 440 3,13 0.003 0 1 2,14 0.001 -1 0 1,13 0.001 0 -1 56.0676 285 14,1 0.001 1 0 13,2 0.001 -1 0 13,1 0.001 0 -1 7.1196 140 13,14 0.001 -1 0 13,13 0.001 -1 1 14,15 0.001 1 1 90.0419 335 ::f,3,0 s,3,14 f,3,15 f,15,3 f,15,14 
245:2,1 0.001 1 1 2,2 0.001 -1 0 1,2 0.001 -1 0 116.052 440 3,13 0.003 0 1 1,14 0.001 -1 0 1,13 0.001 1 -1 56.0686 285 14,1 0.001 1 1 13,2 0.001 -1 0 13,1 0.001 1 -1 7.1196 140 13,14 0.001 -1 0 13,13 0.001 -1 0 14,15 0.001 1 1 90.0419 335 ::f,3,0 s,3,14 f,3,15 f,15,3 f,15,14 
246:2,1 0.001 1 1 2,2 0.001 -1 -1 1,2 0.001 -1 0 116.052 440 3,13 0.003 0 1 1,14 0.001 -1 0 1,13 0.001 1 -1 56.0686 285 14,1 0.001 1 1 13,2 0.001 -1 -1 13,1 0.001 1 -1 7.1196 140 13,14 0.001 -1 -1 13,13 0.001 -1 0 14,15 0.001 1 1 90.0419 335 ::f,3,0 s,3,14 f,3,15 f,15,3 f,15,14 
247:2,1 0.001 0 1 2,2 0.001 -1 -1 1,2 0.001 -1 -1 116.052 440 3,13 0.003 0 1 1,14 0.001 -1 -1 1,13 0.001 1 0 56.0686 285 14,1 0.001 0 1 13,2 0.001 -1 -1 13,1 0.001 1 0 7.1196 140 13,14 0.001 -1 -1 13,13 0.001 -1 -1 14,15 0.001 1 1 90.0419 335 ::f,3,0 s,3,14 f,3,15 f,15,3 f,15,14 
248:2,1 0.001 0 1 2,2 0.001 0 -1 1,2 0.001 -1 -1 116.052 440 3,13 0.003 0 1 1,14 0.001 -1 -1 2,13 0.001 1 0 56.0696 285 14,2 0.001 0 1 13,2 0.001 0 -1 14,1 0.001 1 0 7.1216 140 13,14 0.001 0 -1 13,13 0.001 -1 -1 14,15 0.001 1 1 90.0419 335 ::f,3,0 s,3,14 f,3,15 f,15,3 f,15,14 
249:2,1 0.001 0 1 2,2 0.001 0 -1 1,2 0.001 0 -1 116.052 440 3,13 0.003 0 1 1,14 0.001 0 -1 2,13 0.001 1 0 56.0696 285 14,2 0.001 0 1 13,1 0.001 0 -1 14,1 0.001 1 0 7.1226 140 13,14 0.001 0 -1 13,13 0.001 0 -1 14,15 0.001 1 1 90.0419 335 ::f,3,0 s,3,14 f,3,15 f,15,3 f,15,14 
250:2,1 0.001 -1 1 2,2 0.001 1 -1 1,1 0.001 0 -1 116.053 440 3,13 0.003 0 1 1,13 0.001 0 -1 2,13 0.001 1 1 56.0706 285 14,2 0.001 -1 1 13,1 0.001 0 -1 14,1 0.001 1 1 7.1226 140 13,14 0.001 0 -1 13,13 0.001 0 -1 14,15 0.001 1 1 90.0419 335 ::f,3,0 s,3,14 f,3,15 f,15,3 f,15,14 
251:2,1 0.001 -1 1 2,2 0.001 1 -1 1,1 0.001 0 -1 116.053 440 3,13 0.003 0 1 1,13 0.001 0 -1 2,13 0.001 1 1 56.0706 285 14,2 0.001 -1 1 13,1 0.001 1 -1 14,1 0.001 1 1 7.1226 140 13,14 0.001 1 -1 13,13 0.001 1 -1 14,15 0.001 1 1 90.0419 335 ::f,3,0 s,3,14 f,3,15 f,15,3 f,15,14 
252:2,1 0.001 -1 0 2,2 0.001 1 0 1,1 0.001 1 -1 116.053 440 3,13 0.003 0 1 1,13 0.001 1 -1 2,13 0.001 0 1 56.0706 285 14,2 0.001 -1 0 13,1 0.001 1 -1 14,1 0.001 0 1 7.1226 140 13,14 0.001 1 -1 13,13 0.001 1 -1 14,15 0.001 1 1 90.0419 335 ::f,3,0 s,3,14 f,3,15 f,15,3 f,15,14 
253:2,1 0.001 -1 0 2,2 0.001 1 0 1,1 0.001 1 -1 116.053 440 3,13 0.003 0 1 1,13 0.001 1 -1 2,14 0.001 0 1 56.0716 285 13,2 0.001 -1 0 13,1 0.001 1 0 14,2 0.001 0 1 7.1246 140 13,14 0.001 1 0 13,13 0.001 1 0 14,15 0.001 1 1 90.0419 335 ::f,3,0 s,3,14 f,3,15 f,15,3 f,15,14 
254:2,1 0.001 -1 -1 2,2 0.001 1 1 1,1 0.001 1 0 116.053 440 3,13 0.003 0 1 1,13 0.001 1 0 2,14 0.001 0 1 56.0716 285 13,2 0.001 -1 0 14,1 0.001 1 0 14,2 0.001 0 1 7.1256 140 14,14 0.001 1 0 14,13 0.001 1 0 14,15 0.001 1 1 90.0439 335 ::f,3,0 s,3,14 f,3,15 f,15,3 f,15,14 
255:2,1 0.001 -1 -1 2,2 0.001 1 1 1,1 0.001 1 0 116.053 440 3,13 0.003 0 1 2,13 0.001 1 0 2,14 0.001 -1 1 56.0726 285 13,2 0.001 -1 -1 14,1 0.001 1 0 14,2 0.001 -1 1 7.1256 140 14,14 0.001 1 0 14,13 0.001 1 0 14,15 0.001 1 1 96.044 350 ::f,3,0 s,3,14 f,3,15 f,15,3 f,15,14 
256:2,1 0.001 0 -1 2,2 0.001 0 1 1,1 0.001 1 0 116.053 440 3,13 0.003 0 1 2,13 0.001 1 0 2,14 0.001 -1 1 56.0726 285 13,2 0.001 -1 -1 14,1 0.001 1 1 14,2 0.001 -1 1 7.1256 140 14,14 0.001 1 1 14,13 0.001 1 1 14,15 0.001 1 1 96.044 350 ::f,3,0 s,3,14 f,3,15 f,15,3 f,15,14 
257:2,1 0.001 0 -1 2,2 0.001 0 1 1,1 0.001 1 1 116.053 440 3,13 0.003 0 1 2,13 0.001 1 1 2,14 0.001 -1 0 56.0726 285 13,2 0.001 0 -1 14,1 0.001 1 1 14,2 0.001 -1 0 7.1256 140 14,14 0.001 1 1 14,13 0.001 1 1 14,15 0.001 1 1 106.044 365 ::f,3,0 s,3,14 f,3,15 f,13,14 f,15,3 
258:2,1 0.001 1 -1 2,2 0.001 -1 1 1,1 0.001 1 1 116.053 440 3,13 0.003 0 1 2,13 0.001 1 1 1,14 0.001 -1 0 56.0736 285 13,1 0.001 0 -1 14,1 0.001 0 1 13,2 0.001 -1 0 7.1276 140 14,14 0.001 0 1 14,13 0.001 0 1 14,15 0.001 1 1 106.044 365 ::f,3,0 s,3,14 f,3,15 f,13,14 f,15,3 
259:2,1 0.001 1 -1 2,2 0.001 -1 1 1,1 0.001 1 1 120.053 455 3,13 0.003 0 1 2,13 0.001 0 1 1,14 0.001 -1 0 56.0736 285 13,1 0.001 0 -1 14,2 0.001 0 1 13,2 0.001 -1 0 7.1286 140 14,14 0.001 0 1 14,13 0.001 0 1 14,15 0.001 1 1 106.044 365 ::f,3,3 s,3,14 f,3,15 f,13,14 f,15,3 
260:2,1 0.001 1 0 2,2 0.001 -1 0 1,1 0.001 1 1 120.053 455 3,13 0.003 0 1 2,14 0.001 0 1 1,14 0.001 -1 -1 56.0746 285 13,1 0.001 1 -1 14,2 0.001 0 1 13,2 0.001 -1 -1 7.1286 140 14,14 0.001 -1 1 14,13 0.001 0 1 14,15 0.001 1 1 106.044 365 ::f,3,3 s,3,14 f,3,15 f,13,14 f,15,3 
261:2,1 0.001 1 0 1,2 0.001 -1 0 1,1 0.001 0 1 120.054 455 3,13 0.003 0 1 2,14 0.001 0 1 1,14 0.001 -1 -1 56.0746 285 13,1 0.001 1 -1 14,2 0.001 -1 1 13,2 0.001 -1 -1 7.1286 140 14,14 0.001 -1 1 14,13 0.001 -1 1 14,15 0.001 1 1 106.044 365 ::f,3,3 s,3,14 f,3,15 f,13,14 f,15,3 
262:2,1 0.001 1 1 1,2 0.001 -1 0 1,1 0.001 0 1 120.054 455 3,13 0.003 0 1 2,14 0.001 -1 1 1,14 0.001 0 -1 56.0746 285 13,1 0.001 1 0 14,2 0.001 -1 1 13,2 0.001 0 -1 7.1286 140 14,14 0.001 -1 0 14,13 0.001 -1 1 14,15 0.001 1 1 116.044 380 ::f,3,3 s,3,14 f,3,15 f,15,3 f,15,14 
263:2,1 0.001 1 1 1,2 0.001 -1 -1 1,1 0.001 -1 1 120.054 455 3,13 0.003 0 1 2,14 0.001 -1 1 1,13 0.001 0 -1 56.0756 285 14,1 0.001 1 0 14,2 0.001 -1 0 13,1 0.001 0 -1 7.1306 140 13,14 0.001 -1 0 14,13 0.001 -1 0 14,15 0.001 1 1 116.045 380 ::f,3,3 s,3,14 f,3,15 f,15,3 f,15,14 
264:2,1 0.001 0 1 1,2 0.001 -1 -1 1,1 0.001 -1 1 120.054 455 3,13 0.003 0 1 2,14 0.001 -1 0 1,13 0.001 0 -1 56.0756 285 14,1 0.001 1 0 13,2 0.001 -1 0 13,1 0.001 0 -1 7.1316 140 13,14 0.001 -1 0 14,13 0.001 -1 0 14,15 0.001 1 1 116.045 380 ::f,3,3 s,3,14 f,3,15 f,15,3 f,15,14 
265:2,2 0.001 0 1 1,2 0.001 0 -1 1,1 0.001 -1 0 120.055 455 3,13 0.003 0 1 1,14 0.001 -1 0 1,13 0.001 1 -1 56.0766 285 14,1 0.001 1 1 13,2 0.001 -1 0 13,1 0.001 1 -1 7.1316 140 13,14 0.001 -1 -1 14,13 0.001 -1 -1 14,15 0.001 1 1 116.045 380 ::f,3,3 s,3,14 f,3,15 f,15,3 f,15,14 
266:2,2 0.001 0 1 1,2 0.001 0 -1 1,1 0.001 -1 0 120.055 455 3,13 0.003 0 1 1,14 0.001 -1 0 1,13 0.001 1 -1 56.0766 285 14,1 0.001 1 1 13,2 0.001 -1 -1 13,1 0.001 1 -1 7.1316 140 13,14 0.001 -1 -1 14,13 0.001 -1 -1 14,15 0.001 1 1 116.045 380 ::f,3,3 s,3,14 f,3,15 f,15,3 f,15,14 
267:2,2 0.001 -1 1 1,2 0.001 0 -1 1,1 0.001 -1 -1 120.055 455 3,13 0.003 0 1 1,14 0.001 -1 -1 1,13 0.001 1 0 56.0766 285 14,1 0.001 0 1 13,2 0.001 -1 -1 13,1 0.001 1 0 7.1316 140 13,14 0.001 0 -1 14,13 0.001 0 -1 14,15 0.001 1 1 116.045 380 ::f,3,3 s,3,14 f,3,15 f,15,3 f,15,14 
268:2,2 0.001 -1 1 1,2 0.001 1 -1 1,1 0.001 -1 -1 120.055 455 3,13 0.003 0 1 1,14 0.001 -1 -1 2,13 0.001 1 0 56.0776 285 14,2 0.001 0 1 13,2 0.001 0 -1 14,1 0.001 1 0 7.1336 140 13,13 0.001 0 -1 14,13 0.001 0 -1 14,15 0.001 1 1 116.046 380 ::f,3,3 s,3,14 f,3,15 f,15,3 f,15,14 
269:2,2 0.001 -1 0 1,2 0.001 1 -1 1,1 0.001 0 -1 120.055 455 3,13 0.003 0 1 1,14 0.001 0 -1 2,13 0.001 1 0 56.0776 285 14,2 0.001 0 1 13,1 0.001 0 -1 14,1 0.001 1 0 7.1346 140 13,13 0.001 0 -1 14,13 0.001 1 -1 14,15 0.001 1 1 116.046 380 ::f,3,3 s,3,14 f,3,15 f,15,3 f,15,14 
270:2,2 0.001 -1 0 1,2 0.001 1 0 1,1 0.001 0 -1 120.055 455 3,13 0.003 0 1 1,13 0.001 0 -1 2,13 0.001 1 1 56.0786 285 14,2 0.001 -1 1 13,1 0.001 0 -1 14,1 0.001 1 1 7.1346 140 13,13 0.001 1 -1 14,13 0.001 1 -1 14,15 0.001 1 1 116.046 380 ::f,3,3 s,3,14 f,3,15 f,15,3 f,15,14 
271:2,2 0.001 -1 0 1,2 0.001 1 0 1,1 0.001 1 -1 120.055 455 3,13 0.003 0 1 1,13 0.001 0 -1 2,13 0.001 1 1 56.0786 285 14,2 0.001 -1 1 13,1 0.001 1 -1 14,1 0.001 1 1 7.1346 140 13,13 0.001 1 -1 14,13 0.001 1 0 14,15 0.001 1 1 116.046 380 ::f,3,3 s,3,14 f,3,15 f,15,3 f,15,14 
272:2,2 0.001 -1 -1 1,2 0.001 1 1 1,1 0.001 1 -1 120.055 455 3,13 0.003 0 1 1,13 0.001 1 -1 2,13 0.001 0 1 56.0786 285 14,2 0.001 -1 0 13,1 0.001 1 -1 14,1 0.001 0 1 7.1346 140 13,13 0.001 1 0 14,13 0.001 1 0 14,15 0.001 1 1 116.046 380 ::f,3,3 s,3,14 f,3,15 f,15,3 f,15,14 
273:2,2 0.001 -1 -1 1,2 0.001 1 1 1,1 0.001 1 0 120.055 455 3,13 0.003 0 1 1,13 0.001 1 -1 2,14 0.001 0 1 56.0796 285 13,2 0.001 -1 0 13,1 0.001 1 0 14,2 0.001 0 1 7.1366 140 13,13 0.001 1 0 14,13 0.001 1 1 14,15 0.001 1 1 116.046 380 ::f,3,3 s,3,14 f,3,15 f,15,3 f,15,14 
274:2,2 0.001 0 -1 1,2 0.001 0 1 2,1 0.001 1 0 120.056 455 3,13 0.003 0 1 1,13 0.001 1 0 2,14 0.001 0 1 56.0796 285 13,2 0.001 -1 0 14,1 0.001 1 0 14,2 0.001 0 1 7.1376 140 13,13 0.001 1 0 14,13 0.001 1 1 14,15 0.001 1 1 126.046 395 ::f,3,3 s,3,14 f,3,15 f,14,12 f,15,3 
275:2,2 0.001 0 -1 1,2 0.001 0 1 2,1 0.001 1 0 120.056 455 3,13 0.003 0 1 2,13 0.001 1 0 2,14 0.001 -1 1 56.0806 285 13,2 0.001 -1 -1 14,1 0.001 1 0 14,2 0.001 -1 1 7.1376 140 13,13 0.001 1 1 14,13 0.001 0 1 14,15 0.001 1 1 126.046 395 ::f,3,3 s,3,14 f,3,15 f,14,12 f,15,3 
276:2,2 0.001 1 -1 1,2 0.001 -1 1 2,1 0.001 1 1 120.056 455 3,13 0.003 0 1 2,13 0.001 1 0 2,14 0.001 -1 1 56.0806 285 13,2 0.001 -1 -1 14,1 0.001 1 1 14,2 0.001 -1 1 7.1376 140 13,13 0.001 1 1 14,14 0.001 0 1 14,15 0.001 1 1 126.047 395 ::f,3,3 s,3,14 f,3,15 f,14,12 f,15,3 
277:2,2 0.001 1 -1 1,2 0.001 -1 1 2,1 0.001 1 1 120.056 455 3,13 0.003 0 1 2,13 0.001 1 1 2,14 0.001 -1 0 56.0806 285 13,2 0.001 0 -1 14,1 0.001 1 1 14,2 0.001 -1 0 7.1376 140 13,13 0.001 0 1 14,14 0.001 0 1 14,15 0.001 1 1 126.047 395 ::f,3,3 s,3,14 f,3,15 f,14,12 f,15,3 
278:2,2 0.001 1 0 1,2 0.001 -1 0 2,1 0.001 0 1 120.056 455 3,13 0.003 0 1 2,13 0.001 1 1 1,14 0.001 -1 0 56.0816 285 13,1 0.001 0 -1 14,1 0.001 0 1 13,2 0.001 -1 0 7.1396 140 13,13 0.001 0 1 14,14 0.001 -1 1 14,15 0.001 1 1 126.047 395 ::f,3,3 s,3,14 f,3,15 f,14,12 f,15,3 
279:2,2 0.001 1 0 1,2 0.001 -1 0 2,1 0.001 0 1 120.056 455 3,13 0.003 0 1 2,13 0.001 0 1 1,14 0.001 -1 0 56.0816 285 13,1 0.001 0 -1 14,2 0.001 0 1 13,2 0.001 -1 0 7.1406 140 13,13 0.001 -1 1 14,14 0.001 -1 1 14,15 0.001 1 1 126.047 395 ::f,3,3 s,3,14 f,3,15 f,14,12 f,15,3 
280:2,2 0.001 1 1 1,2 0.001 -1 -1 2,1 0.001 0 1 120.056 455 3,13 0.003 0 1 2,14 0.001 0 1 1,14 0.001 -1 -1 56.0826 285 13,1 0.001 1 -1 14,2 0.001 0 1 13,2 0.001 -1 -1 7.1406 140 13,13 0.001 -1 1 14,14 0.001 -1 0 14,15 0.001 1 1 126.047 395 ::f,3,3 s,3,14 f,3,15 f,14,12 f,15,3 
281:2,2 0.001 1 1 1,2 0.001 -1 -1 2,1 0.001 -1 1 125.056 470 3,13 0.003 0 1 2,14 0.001 0 1 1,14 0.001 -1 -1 56.0826 285 13,1 0.001 1 -1 14,2 0.001 -1 1 13,2 0.001 -1 -1 7.1406 140 13,13 0.001 -1 0 13,14 0.001 -1 0 14,15 0.001 1 1 126.048 395 ::f,1,3 s,3,14 f,3,15 f,14,12 f,15,3 
282:2,2 0.001 0 1 1,2 0.001 0 -1 2,1 0.001 -1 1 125.056 470 3,13 0.003 0 1 2,14 0.001 -1 1 1,14 0.001 0 -1 56.0826 285 13,1 0.001 1 0 14,2 0.001 -1 1 13,2 0.001 0 -1 7.1406 140 13,13 0.001 -1 0 13,14 0.001 -1 0 14,15 0.001 1 1 126.048 395 ::f,1,3 s,3,14 f,3,15 f,14,12 f,15,3 
283:2,2 0.001 0 1 1,1 0.001 0 -1 2,1 0.001 -1 0 125.057 470 3,13 0.003 0 1 2,14 0.001 -1 1 1,13 0.001 0 -1 56.0836 285 14,1 0.001 1 0 14,2 0.001 -1 0 13,1 0.001 0 -1 7.1426 140 13,13 0.001 -1 -1 13,14 0.001 -1 -1 14,15 0.001 1 1 126.048 395 ::f,1,3 s,3,14 f,3,15 f,14,12 f,15,3 
284:2,2 0.001 -1 1 1,1 0.001 0 -1 2,1 0.001 -1 0 125.057 470 3,13 0.003 0 1 2,14 0.001 -1 0 1,13 0.001 0 -1 56.0836 285 14,1 0.001 1 0 13,2 0.001 -1 0 13,1 0.001 0 -1 7.1436 140 13,13 0.001 -1 -1 13,14 0.001 -1 -1 14,15 0.001 1 1 126.048 395 ::f,1,3 s,3,14 f,3,15 f,14,12 f,15,3 
285:2,2 0.001 -1 1 1,1 0.001 1 -1 2,1 0.001 -1 -1 131.057 485 3,13 0.003 0 1 1,14 0.001 -1 0 1,13 0.001 1 -1 56.0846 285 14,1 0.001 1 1 13,2 0.001 -1 0 13,1 0.001 1 -1 7.1436 140 13,13 0.001 0 -1 13,14 0.001 0 -1 14,15 0.001 1 1 126.048 395 ::f,0,3 s,3,14 f,3,15 f,14,12 f,15,3 
286:2,2 0.001 -1 0 1,1 0.001 1 -1 2,1 0.001 -1 -1 131.057 485 3,13 0.003 0 1 1,14 0.001 -1 0 1,13 0.001 1 -1 56.0846 285 14,1 0.001 1 1 13,2 0.001 -1 -1 13,1 0.001 1 -1 7.1436 140 13,13 0.001 0 -1 13,14 0.001 0 -1 14,15 0.001 1 1 126.048 395 ::f,0,3 s,3,14 f,3,15 f,14,12 f,15,3 
287:1,2 0.001 -1 0 1,1 0.001 1 0 2,1 0.001 0 -1 131.058 485 3,13 0.003 0 1 1,14 0.001 -1 -1 1,13 0.001 1 0 56.0846 285 14,1 0.001 0 1 13,2 0.001 -1 -1 13,1 0.001 1 0 7.1436 140 13,13 0.001 1 -1 13,14 0.001 0 -1 14,15 0.001 1 1 126.048 395 ::f,0,3 s,3,14 f,3,15 f,14,12 f,15,3 
288:1,2 0.001 -1 0 1,1 0.001 1 0 2,1 0.001 0 -1 131.058 485 3,13 0.003 0 1 1,14 0.001 -1 -1 2,13 0.001 1 0 56.0856 285 14,2 0.001 0 1 13,2 0.001 0 -1 14,1 0.001 1 0 7.1456 140 13,13 0.001 1 -1 13,14 0.001 0 -1 14,15 0.001 1 1 133.048 410 ::f,0,3 s,3,14 f,3,15 f,13,12 f,15,3 
289:1,2 0.001 -1 -1 1,1 0.001 1 0 2,1 0.001 1 -1 131.058 485 3,13 0.003 0 1 1,14 0.001 0 -1 2,13 0.001 1 0 56.0856 285 14,2 0.001 0 1 13,1 0.001 0 -1 14,1 0.001 1 0 7.1466 140 13,13 0.001 1 0 13,14 0.001 0 -1 14,15 0.001 1 1 133.048 410 ::f,0,3 s,3,14 f,3,15 f,13,12 f,15,3 
290:1,2 0.001 -1 -1 1,1 0.001 1 1 2,1 0.001 1 -1 131.058 485 3,13 0.003 0 1 1,13 0.001 0 -1 2,13 0.001 1 1 56.0866 285 14,2 0.001 -1 1 13,1 0.001 0 -1 14,1 0.001 1 1 7.1466 140 14,13 0.001 1 0 13,14 0.001 1 -1 14,15 0.001 1 1 133.049 410 ::f,0,3 s,3,14 f,3,15 f,13,12 f,15,3 
291:1,2 0.001 0 -1 1,1 0.001 1 1 2,1 0.001 1 0 131.058 485 3,13 0.003 0 1 1,13 0.001 0 -1 2,13 0.001 1 1 56.0866 285 14,2 0.001 -1 1 13,1 0.001 1 -1 14,1 0.001 1 1 7.1466 140 14,13 0.001 1 0 13,14 0.001 1 -1 14,15 0.001 1 1 133.049 410 ::f,0,3 s,3,14 f,3,15 f,13,12 f,15,3 
292:1,2 0.001 0 -1 1,1 0.001 0 1 2,1 0.001 1 0 131.058 485 3,13 0.003 0 1 1,13 0.001 1 -1 2,13 0.001 0 1 56.0866 285 14,2 0.001 -1 0 13,1 0.001 1 -1 14,1 0.001 0 1 7.1466 140 14,13 0.001 1 1 13,14 0.001 1 0 14,15 0.001 1 1 133.049 410 ::f,0,3 s,3,14 f,3,15 f,13,12 f,15,3 
293:1,2 0.001 0 -1 1,1 0.001 0 1 2,1 0.001 1 1 131.058 485 3,13 0.003 0 1 1,13 0.001 1 -1 2,14 0.001 0 1 56.0876 285 13,2 0.001 -1 0 13,1 0.001 1 0 14,2 0.001 0 1 7.1486 140 14,13 0.001 1 1 13,14 0.001 1 0 14,15 0.001 1 1 133.049 410 ::f,0,3 s,3,14 f,3,15 f,13,12 f,15,3 
294:1,2 0.001 1 -1 1,1 0.001 -1 1 2,1 0.001 1 1 131.058 485 3,13 0.003 0 1 1,13 0.001 1 0 2,14 0.001 0 1 56.0876 285 13,2 0.001 -1 0 14,1 0.001 1 0 14,2 0.001 0 1 7.1496 140 14,13 0.001 0 1 13,14 0.001 1 1 14,15 0.001 1 1 133.049 410 ::f,0,3 s,3,14 f,3,15 f,13,12 f,15,3 
295:1,2 0.001 1 -1 1,1 0.001 -1 1 2,1 0.001 0 1 131.058 485 3,13 0.003 0 1 2,13 0.001 1 0 2,14 0.001 -1 1 56.0886 285 13,2 0.001 -1 -1 14,1 0.001 1 0 14,2 0.001 -1 1 7.1496 140 14,14 0.001 0 1 13,14 0.001 1 1 14,15 0.001 1 1 133.05 410 ::f,0,3 s,3,14 f,3,15 f,13,12 f,15,3 
296:1,2 0.001 1 0 1,1 0.001 -1 0 2,2 0.001 0 1 131.059 485 3,13 0.003 0 1 2,13 0.001 1 0 2,14 0.001 -1 1 56.0886 285 13,2 0.001 -1 -1 14,1 0.001 1 1 14,2 0.001 -1 1 7.1496 140 14,14 0.001 0 1 13,14 0.001 0 1 14,15 0.001 1 1 133.05 410 ::f,0,3 s,3,14 f,3,15 f,13,12 f,15,3 
297:1,2 0.001 1 0 1,1 0.001 -1 0 2,2 0.001 0 1 131.059 485 3,13 0.003 0 1 2,13 0.001 1 1 2,14 0.001 -1 0 56.0886 285 13,2 0.001 0 -1 14,1 0.001 1 1 14,2 0.001 -1 0 7.1496 140 14,14 0.001 -1 1 13,14 0.001 0 1 14,15 0.001 1 1 133.05 410 ::f,0,3 s,3,14 f,3,15 f,13,12 f,15,3 
298:1,2 0.001 1 1 1,1 0.001 -1 -1 2,2 0.001 -1 1 131.059 485 3,13 0.003 0 1 2,13 0.001 1 1 1,14 0.001 -1 0 56.0896 285 13,1 0.001 0 -1 14,1 0.001 0 1 13,2 0.001 -1 0 7.1516 140 14,14 0.001 -1 1 13,14 0.001 -1 1 14,15 0.001 1 1 133.05 410 ::f,0,3 s,3,14 f,3,15 f,13,12 f,15,3 
299:1,2 0.001 1 1 1,1 0.001 -1 -1 2,2 0.001 -1 1 131.059 485 3,13 0.003 0 1 2,13 0.001 0 1 1,14 0.001 -1 0 56.0896 285 13,1 0.001 0 -1 14,2 0.001 0 1 13,2 0.001 -1 0 7.1526 140 14,14 0.001 -1 0 13,14 0.001 -1 1 14,15 0.001 1 1 133.05 410 ::f,0,3 s,3,14 f,3,15 f,13,12 f,15,3 
