16
0:3,0 0.001 -1 -1 3,1 0.003 1 -1 3,2 0.002 1 0 0.001 50 1,15 0.001 0 1 1,13 0.003 -1 0 3,13 0.002 1 1 0.002 50 15,0 0.001 1 -1 12,3 0.003 -1 1 12,2 0.002 -1 1 0.001 50 13,14 0.001 -1 1 12,13 0.003 1 0 14,14 0.002 1 -1 0.002 50 ::f,0,0 f,2,14 f,13,13 f,15,2 
1:3,0 0.001 -1 -1 3,1 0.001 1 -1 3,2 0.001 1 0 0.001 50 1,15 0.001 0 1 1,13 0.001 -1 0 3,13 0.001 1 1 0.002 50 15,0 0.001 1 -1 12,3 0.001 -1 1 12,2 0.001 -1 1 0.001 50 13,14 0.001 -1 0 12,13 0.001 1 0 14,14 0.001 1 -1 0.0021 65 ::f,0,0 f,2,14 f,15,2 f,15,14 
2:3,0 0.001 -1 -1 3,1 0.001 1 0 3,2 0.001 1 1 0.001 50 1,15 0.001 -1 1 1,13 0.001 -1 -1 3,13 0.001 0 1 0.002 50 15,0 0.001 1 0 12,3 0.001 -1 0 12,2 0.001 -1 0 0.001 50 13,14 0.001 -1 -1 12,13 0.001 1 1 14,14 0.001 1 0 0.0021 65 ::f,0,0 f,2,14 f,15,2 f,15,14 
3:3,0 0.001 -1 -1 3,1 0.001 1 0 3,2 0.001 1 1 0.001 50 1,15 0.001 -1 1 1,13 0.001 -1 -1 3,13 0.001 0 1 0.002 50 15,0 0.001 1 0 12,3 0.001 -1 0 12,2 0.001 -1 0 0.001 50 13,14 0.001 0 -1 12,13 0.001 1 1 14,14 0.001 1 0 0.0022 80 ::f,0,0 f,2,14 f,15,2 f,15,13 
4:3,0 0.001 -1 -1 3,1 0.001 1 1 3,2 0.001 0 1 0.001 50 1,15 0.001 -1 0 1,13 0.001 0 -1 3,13 0.001 -1 1 0.002 50 15,0 0.001 1 1 12,3 0.001 -1 -1 12,2 0.001 -1 -1 0.001 50 13,14 0.001 1 -1 12,13 0.001 0 1 14,14 0.001 1 1 0.0022 80 ::f,0,0 f,2,14 f,15,2 f,15,13 
5:3,0 0.001 -1 -1 3,1 0.001 1 1 3,2 0.001 0 1 0.001 50 1,15 0.001 -1 0 1,13 0.001 0 -1 3,13 0.001 -1 1 0.0021 65 15,0 0.001 1 1 12,3 0.001 -1 -1 12,2 0.001 -1 -1 0.001 50 13,14 0.001 1 0 12,13 0.001 0 1 14,14 0.001 1 1 0.0022 80 ::f,0,0 f,3,12 f,15,2 f,15,13 
6:3,0 0.001 -1 -1 3,1 0.001 0 1 3,2 0.001 -1 1 0.001 50 1,15 0.001 -1 -1 1,13 0.001 1 -1 3,13 0.001 -1 0 0.0021 65 15,0 0.001 0 1 12,3 0.001 0 -1 12,2 0.001 0 -1 0.001 50 13,14 0.001 1 1 12,13 0.001 -1 1 14,14 0.001 0 1 0.0022 80 ::f,0,0 f,3,12 f,15,2 f,15,13 
7:3,0 0.001 -1 -1 3,1 0.001 0 1 3,2 0.001 -1 1 0.001 50 1,15 0.001 -1 -1 1,13 0.001 1 -1 3,13 0.001 -1 0 0.0021 65 15,1 0.001 0 1 12,3 0.001 0 -1 12,1 0.001 0 -1 0.003 50 13,14 0.001 0 1 12,13 0.001 -1 1 14,14 0.001 0 1 0.0022 80 ::f,0,0 f,3,12 f,15,2 f,15,13 
8:3,0 0.001 -1 -1 3,1 0.001 0 1 3,2 0.001 -1 0 0.001 50 1,15 0.001 0 -1 1,13 0.001 1 0 3,13 0.001 -1 -1 0.0021 65 15,1 0.001 0 1 12,2 0.001 0 -1 12,1 0.001 0 -1 0.0041 65 13,14 0.001 -1 1 12,13 0.001 -1 0 14,14 0.001 -1 1 0.0022 80 ::f,0,0 f,3,12 f,14,3 f,15,13 
9:3,0 0.001 -1 -1 3,1 0.001 -1 1 2,2 0.001 -1 0 0.002 50 1,14 0.001 0 -1 2,13 0.001 1 0 3,13 0.001 -1 -1 0.0041 65 15,1 0.001 -1 1 12,2 0.001 0 -1 12,1 0.001 1 -1 0.0041 65 13,14 0.001 -1 0 12,13 0.001 -1 0 14,14 0.001 -1 1 0.0022 80 ::f,0,0 f,3,12 f,14,3 f,15,13 
10:3,0 0.001 -1 -1 3,1 0.001 -1 1 2,2 0.001 -1 0 0.002 50 1,14 0.001 0 -1 2,13 0.001 1 0 3,13 0.001 0 -1 0.0041 65 15,1 0.001 -1 1 12,2 0.001 1 -1 12,1 0.001 1 -1 0.0041 65 13,14 0.001 -1 -1 12,13 0.001 -1 -1 14,14 0.001 -1 0 0.0022 80 ::f,0,0 f,3,12 f,14,3 f,15,13 
11:3,0 0.001 -1 -1 3,1 0.001 -1 0 2,2 0.001 -1 -1 0.002 50 1,14 0.001 1 -1 2,13 0.001 1 1 3,13 0.001 0 -1 1.0042 80 15,1 0.001 -1 0 12,2 0.001 1 -1 12,1 0.001 1 0 0.0041 65 13,14 0.001 0 -1 12,13 0.001 -1 -1 14,14 0.001 -1 0 0.0022 80 ::f,0,0 f,0,14 f,14,3 f,15,13 
12:3,0 0.001 -1 -1 3,1 0.001 -1 0 1,1 0.001 -1 -1 0.003 50 1,14 0.001 1 -1 2,13 0.001 1 1 3,13 0.001 1 -1 1.0042 80 15,1 0.001 -1 0 12,2 0.001 1 0 13,1 0.001 1 0 0.0051 65 13,14 0.001 1 -1 12,13 0.001 0 -1 14,14 0.001 -1 0 0.0022 80 ::f,0,0 f,0,14 f,14,3 f,15,13 
13:3,0 0.001 -1 -1 2,1 0.001 -1 0 1,1 0.001 -1 -1 0.0041 65 1,14 0.001 1 0 2,13 0.001 0 1 3,13 0.001 1 -1 1.0042 80 14,1 0.001 -1 0 12,2 0.001 1 0 13,1 0.001 1 0 0.0061 65 13,14 0.001 1 0 12,13 0.001 0 -1 14,14 0.001 -1 -1 0.0022 80 ::f,0,14 f,1,0 f,14,3 f,15,13 
14:3,0 0.001 -1 -1 2,1 0.001 -1 0 1,1 0.001 0 -1 0.0041 65 1,14 0.001 1 0 2,14 0.001 0 1 3,13 0.001 1 0 1.0052 80 14,1 0.001 -1 0 12,2 0.001 1 1 13,1 0.001 1 1 0.0061 65 13,14 0.001 1 1 12,13 0.001 1 -1 14,14 0.001 -1 -1 0.0022 80 ::f,0,14 f,1,0 f,14,3 f,15,13 
15:3,0 0.001 -1 -1 2,1 0.001 -1 -1 1,1 0.001 0 -1 1.0042 80 1,14 0.001 1 1 2,14 0.001 0 1 3,13 0.001 1 0 1.0052 80 14,1 0.001 -1 -1 12,2 0.001 1 1 13,1 0.001 1 1 0.0061 65 13,14 0.001 0 1 12,13 0.001 1 -1 14,14 0.001 0 -1 0.0022 80 ::f,0,14 f,3,1 f,14,3 f,15,13 
16:3,0 0.001 -1 -1 2,1 0.001 -1 -1 1,1 0.001 1 -1 1.0042 80 1,14 0.001 1 1 2,14 0.001 -1 1 3,13 0.001 1 1 1.0052 80 14,1 0.001 -1 -1 12,2 0.001 0 1 13,1 0.001 0 1 0.0061 65 13,14 0.001 -1 1 12,13 0.001 1 0 14,14 0.001 0 -1 0.0022 80 ::f,0,14 f,3,1 f,14,3 f,15,13 
17:3,0 0.001 -1 -1 2,1 0.001 0 -1 1,1 0.001 1 -1 1.0042 80 1,14 0.001 0 1 2,14 0.001 -1 1 3,13 0.001 1 1 1.0052 80 14,1 0.001 0 -1 12,2 0.001 0 1 13,1 0.001 0 1 0.0061 65 13,14 0.001 -1 0 13,13 0.001 1 0 14,14 0.001 1 -1 0.0032 80 ::f,0,14 f,3,1 f,14,3 f,15,13 
18:3,0 0.001 -1 -1 2,1 0.001 0 -1 1,1 0.001 1 0 1.0042 80 1,14 0.001 0 1 2,14 0.001 -1 0 3,13 0.001 0 1 1.0052 80 14,1 0.001 0 -1 12,2 0.001 -1 1 13,1 0.001 -1 1 0.0061 65 13,14 0.001 -1 -1 14,13 0.001 1 0 14,14 0.001 1 -1 1.0043 95 ::f,0,14 f,3,1 f,14,3 f,15,15 
19:3,0 0.001 -1 -1 2,1 0.001 1 -1 1,1 0.001 1 0 1.0042 80 1,14 0.001 -1 1 2,14 0.001 -1 0 3,14 0.001 0 1 1.0062 80 14,1 0.001 1 -1 12,2 0.001 -1 1 13,1 0.001 -1 1 0.0061 65 13,14 0.001 0 -1 14,13 0.001 1 0 14,14 0.001 1 0 1.0043 95 ::f,0,14 f,3,1 f,14,3 f,15,15 
20:3,0 0.001 -1 -1 2,1 0.001 1 -1 1,1 0.001 1 0 1.0042 80 1,14 0.001 -1 1 2,14 0.001 -1 0 3,14 0.001 0 1 1.0062 80 14,1 0.001 1 -1 12,2 0.001 -1 0 13,1 0.001 -1 0 0.0061 65 13,14 0.001 1 -1 14,13 0.001 1 1 14,14 0.001 1 0 1.0043 95 ::f,0,14 f,3,1 f,14,3 f,15,15 
21:3,0 0.001 -1 -1 2,1 0.001 1 0 1,1 0.001 1 1 1.0042 80 1,14 0.001 -1 0 2,14 0.001 -1 -1 3,14 0.001 -1 1 1.0062 80 14,1 0.001 1 0 12,2 0.001 -1 0 13,1 0.001 -1 0 0.0061 65 13,14 0.001 1 0 14,13 0.001 1 1 14,14 0.001 1 1 1.0043 95 ::f,0,14 f,3,1 f,14,3 f,15,15 
22:3,0 0.001 -1 -1 2,1 0.001 1 0 1,1 0.001 1 1 1.0043 95 1,14 0.001 -1 0 2,14 0.001 -1 -1 3,14 0.001 -1 1 1.0063 95 14,1 0.001 1 0 12,2 0.001 -1 -1 13,1 0.001 -1 -1 0.0061 65 13,14 0.001 1 1 14,13 0.001 0 1 14,14 0.001 1 1 3.0044 110 ::f,1,2 f,2,13 f,13,12 f,14,3 
23:3,0 0.001 -1 -1 2,1 0.001 1 1 1,1 0.001 0 1 1.0043 95 1,14 0.001 -1 -1 2,14 0.001 0 -1 3,14 0.001 -1 0 1.0063 95 14,1 0.001 1 1 12,2 0.001 -1 -1 13,1 0.001 -1 -1 0.0061 65 13,14 0.001 0 1 14,13 0.001 0 1 14,14 0.001 0 1 3.0044 110 ::f,1,2 f,2,13 f,13,12 f,14,3 
24:3,0 0.001 -1 -1 2,1 0.001 1 1 1,1 0.001 0 1 3.0044 110 1,14 0.001 -1 -1 2,14 0.001 0 -1 3,14 0.001 -1 0 1.0064 110 14,1 0.001 1 1 12,2 0.001 0 -1 13,1 0.001 0 -1 0.0061 65 13,14 0.001 -1 1 14,13 0.001 0 1 14,14 0.001 0 1 3.0044 110 ::f,3,3 f,3,15 f,13,12 f,14,3 
25:3,0 0.001 -1 -1 2,1 0.001 0 1 1,1 0.001 -1 1 3.0044 110 1,14 0.001 0 -1 2,14 0.001 1 -1 3,14 0.001 -1 0 1.0064 110 14,1 0.001 0 1 12,1 0.001 0 -1 13,1 0.001 0 -1 0.0071 65 13,14 0.001 -1 0 14,13 0.001 -1 1 14,14 0.001 -1 1 3.0044 110 ::f,3,3 f,3,15 f,13,12 f,14,3 
26:3,0 0.001 -1 -1 2,2 0.001 0 1 1,1 0.001 -1 1 3.0054 110 1,13 0.001 0 -1 2,14 0.001 1 -1 3,14 0.001 -1 -1 1.0074 110 14,2 0.001 0 1 12,1 0.001 0 -1 13,1 0.001 1 -1 0.0081 65 13,14 0.001 -1 -1 14,13 0.001 -1 1 14,14 0.001 -1 1 3.0044 110 ::f,3,3 f,3,15 f,13,12 f,14,3 
27:3,0 0.001 -1 -1 2,2 0.001 0 1 1,1 0.001 -1 0 3.0054 110 1,13 0.001 0 -1 2,14 0.001 1 0 3,14 0.001 0 -1 1.0074 110 14,2 0.001 0 1 12,1 0.001 1 -1 13,1 0.001 1 -1 1.0082 80 13,14 0.001 0 -1 14,13 0.001 -1 0 14,14 0.001 -1 0 3.0044 110 ::f,3,3 f,3,15 f,13,12 f,14,1 
28:3,0 0.001 -1 -1 2,2 0.001 -1 1 1,1 0.001 -1 0 3.0054 110 1,13 0.001 1 -1 2,14 0.001 1 0 3,14 0.001 0 -1 1.0074 110 14,2 0.001 -1 1 12,1 0.001 1 -1 13,1 0.001 1 0 1.0082 80 13,14 0.001 1 -1 14,13 0.001 -1 0 14,14 0.001 -1 0 3.0044 110 ::f,3,3 f,3,15 f,13,12 f,14,1 
29:3,0 0.001 -1 -1 2,2 0.001 -1 1 1,1 0.001 -1 -1 3.0054 110 1,13 0.001 1 -1 2,14 0.001 1 1 3,14 0.001 1 -1 1.0074 110 14,2 0.001 -1 1 12,1 0.001 1 0 13,1 0.001 1 0 1.0082 80 13,14 0.001 1 0 14,13 0.001 -1 -1 14,14 0.001 -1 0 3.0044 110 ::f,3,3 f,3,15 f,13,12 f,14,1 
30:3,0 0.001 -1 -1 2,2 0.001 -1 0 1,1 0.001 -1 -1 3.0054 110 1,13 0.001 1 0 2,14 0.001 1 1 3,14 0.001 1 -1 2.0075 125 14,2 0.001 -1 0 12,1 0.001 1 0 13,1 0.001 1 0 1.0083 95 13,14 0.001 1 1 14,13 0.001 -1 -1 14,14 0.001 -1 -1 4.0045 125 ::f,1,12 f,3,3 f,14,3 f,15,14 
31:3,0 0.001 -1 -1 1,2 0.001 -1 0 1,1 0.001 0 -1 3.0064 110 2,13 0.001 1 0 2,14 0.001 0 1 3,14 0.001 1 0 2.0085 125 13,2 0.001 -1 0 12,1 0.001 1 0 13,1 0.001 1 1 1.0093 95 13,14 0.001 0 1 14,13 0.001 0 -1 14,14 0.001 -1 -1 4.0045 125 ::f,1,12 f,3,3 f,14,3 f,15,14 
32:3,0 0.001 -1 -1 1,2 0.001 -1 0 1,1 0.001 0 -1 3.0064 110 2,13 0.001 1 0 2,14 0.001 0 1 3,14 0.001 1 0 2.0085 125 13,2 0.001 -1 0 12,1 0.001 1 1 13,1 0.001 1 1 1.0093 95 13,14 0.001 -1 1 14,13 0.001 0 -1 14,14 0.001 0 -1 4.0045 125 ::f,1,12 f,3,3 f,14,3 f,15,14 
33:3,0 0.001 -1 -1 1,2 0.001 -1 -1 1,1 0.001 1 -1 3.0064 110 2,13 0.001 1 1 2,14 0.001 -1 1 3,14 0.001 1 1 2.0085 125 13,2 0.001 -1 -1 12,1 0.001 1 1 13,1 0.001 0 1 1.0093 95 13,14 0.001 -1 0 14,13 0.001 1 -1 14,14 0.001 0 -1 4.0045 125 ::f,1,12 f,3,3 f,14,3 f,15,14 
34:3,0 0.001 -1 -1 1,2 0.001 -1 -1 1,1 0.001 1 -1 3.0064 110 2,13 0.001 1 1 2,14 0.001 -1 1 3,14 0.001 1 1 2.0085 125 13,2 0.001 -1 -1 12,1 0.001 1 1 13,1 0.001 0 1 1.0093 95 13,14 0.001 -1 -1 14,13 0.001 1 -1 14,14 0.001 1 -1 4.0045 125 ::f,1,12 f,3,3 f,14,3 f,15,14 
35:3,0 0.001 -1 -1 1,2 0.001 0 -1 1,1 0.001 1 0 3.0064 110 2,13 0.001 0 1 2,14 0.001 -1 0 3,14 0.001 0 1 2.0085 125 13,2 0.001 0 -1 12,1 0.001 0 1 13,1 0.001 -1 1 1.0093 95 13,14 0.001 0 -1 14,13 0.001 1 0 14,14 0.001 1 -1 4.0045 125 ::f,1,12 f,3,3 f,14,3 f,15,14 
36:3,0 0.001 -1 -1 1,2 0.001 0 -1 2,1 0.001 1 0 3.0074 110 2,13 0.001 0 1 1,14 0.001 -1 0 3,14 0.001 0 1 2.0095 125 13,2 0.001 0 -1 12,1 0.001 0 1 13,1 0.001 -1 1 1.0093 95 13,14 0.001 1 -1 14,13 0.001 1 0 14,14 0.001 1 0 4.0045 125 ::f,1,12 f,3,3 f,14,3 f,15,14 
37:3,0 0.001 -1 -1 1,2 0.001 0 -1 2,1 0.001 1 0 3.0074 110 2,13 0.001 0 1 1,14 0.001 -1 0 3,14 0.001 -1 1 2.0095 125 13,2 0.001 0 -1 12,1 0.001 -1 1 13,1 0.001 -1 0 1.0093 95 13,14 0.001 1 0 14,13 0.001 1 1 14,14 0.001 1 0 7.0046 140 ::f,1,12 f,3,3 f,12,12 f,14,3 
38:3,0 0.001 -1 -1 1,2 0.001 1 -1 2,1 0.001 1 1 3.0074 110 2,13 0.001 -1 1 1,14 0.001 -1 -1 3,14 0.001 -1 1 2.0095 125 13,2 0.001 1 -1 12,1 0.001 -1 1 13,1 0.001 -1 0 1.0093 95 13,14 0.001 1 1 14,13 0.001 1 1 14,14 0.001 1 1 7.0046 140 ::f,1,12 f,3,3 f,12,12 f,14,3 
39:3,0 0.001 -1 -1 1,2 0.001 1 -1 2,1 0.001 1 1 3.0074 110 2,13 0.001 -1 1 1,14 0.001 -1 -1 3,14 0.001 -1 0 2.0095 125 13,2 0.001 1 -1 12,1 0.001 -1 0 13,1 0.001 -1 -1 1.0093 95 13,14 0.001 0 1 14,13 0.001 0 1 14,14 0.001 1 1 7.0046 140 ::f,1,12 f,3,3 f,12,12 f,14,3 
40:3,0 0.001 -1 -1 1,2 0.001 1 -1 2,1 0.001 0 1 3.0074 110 2,13 0.001 -1 0 1,14 0.001 0 -1 2,14 0.001 -1 0 2.0105 125 13,2 0.001 1 0 12,1 0.001 -1 0 13,1 0.001 -1 -1 1.0093 95 13,14 0.001 -1 1 14,13 0.001 0 1 14,14 0.001 0 1 7.0046 140 ::f,1,12 f,3,3 f,12,12 f,14,3 
41:3,0 0.001 -1 -1 1,2 0.001 1 0 2,2 0.001 0 1 3.0084 110 2,13 0.001 -1 0 1,13 0.001 0 -1 2,14 0.001 -1 0 2.0115 125 13,2 0.001 1 0 12,1 0.001 -1 -1 13,1 0.001 0 -1 1.0093 95 13,14 0.001 -1 0 14,13 0.001 0 1 14,14 0.001 0 1 7.0046 140 ::f,1,12 f,3,3 f,12,12 f,14,3 
42:3,0 0.001 -1 -1 1,2 0.001 1 0 2,2 0.001 0 1 3.0084 110 2,13 0.001 -1 -1 1,13 0.001 0 -1 2,14 0.001 -1 -1 4.0116 140 13,2 0.001 1 1 12,1 0.001 -1 -1 13,1 0.001 0 -1 1.0093 95 13,14 0.001 -1 -1 14,13 0.001 -1 1 14,14 0.001 -1 1 7.0046 140 ::f,0,15 f,3,3 f,12,12 f,14,3 
43:3,0 0.001 -1 -1 1,2 0.001 1 1 2,2 0.001 -1 1 3.0084 110 2,13 0.001 -1 -1 1,13 0.001 1 -1 2,14 0.001 -1 -1 4.0116 140 13,2 0.001 1 1 12,1 0.001 0 -1 13,1 0.001 1 -1 3.0094 110 13,14 0.001 0 -1 14,13 0.001 -1 1 14,14 0.001 -1 1 7.0046 140 ::f,0,15 f,3,3 f,12,12 f,15,1 
44:3,0 0.001 -1 -1 1,2 0.001 1 1 2,2 0.001 -1 1 3.0084 110 2,13 0.001 0 -1 1,13 0.001 1 -1 2,14 0.001 0 -1 4.0116 140 13,2 0.001 0 1 12,1 0.001 0 -1 13,1 0.001 1 -1 3.0094 110 13,14 0.001 1 -1 14,13 0.001 -1 0 14,14 0.001 -1 0 7.0046 140 ::f,0,15 f,3,3 f,12,12 f,15,1 
45:3,0 0.001 -1 -1 1,2 0.001 0 1 2,2 0.001 -1 0 3.0084 110 2,13 0.001 0 -1 1,13 0.001 1 0 2,14 0.001 0 -1 4.0116 140 13,2 0.001 0 1 12,1 0.001 1 -1 13,1 0.001 1 0 3.0094 110 13,14 0.001 1 0 14,13 0.001 -1 0 14,14 0.001 -1 0 7.0046 140 ::f,0,15 f,3,3 f,12,12 f,15,1 
46:3,0 0.001 -1 -1 1,2 0.001 0 1 2,2 0.001 -1 0 3.0084 110 2,13 0.001 1 -1 1,13 0.001 1 0 2,14 0.001 1 -1 4.0116 140 13,2 0.001 -1 1 12,1 0.001 1 -1 14,1 0.001 1 0 3.0104 110 13,14 0.001 1 1 14,13 0.001 -1 -1 14,14 0.001 -1 0 7.0046 140 ::f,0,15 f,3,3 f,12,12 f,15,1 
47:3,0 0.001 -1 -1 1,2 0.001 -1 1 2,2 0.001 -1 0 3.0084 110 2,13 0.001 1 -1 1,13 0.001 1 0 2,14 0.001 1 -1 4.0116 140 13,2 0.001 -1 1 12,1 0.001 1 0 14,1 0.001 1 0 4.0105 125 13,14 0.001 0 1 14,13 0.001 -1 -1 14,14 0.001 -1 -1 7.0046 140 ::f,0,15 f,3,3 f,12,12 f,13,1 
48:3,0 0.001 -1 -1 1,2 0.001 -1 1 2,2 0.001 -1 -1 3.0084 110 2,13 0.001 1 0 1,13 0.001 1 1 2,14 0.001 1 0 4.0116 140 13,2 0.001 -1 0 12,1 0.001 1 0 14,1 0.001 1 1 4.0105 125 13,14 0.001 -1 1 14,13 0.001 0 -1 13,13 0.001 -1 -1 7.0056 140 ::f,0,15 f,3,3 f,12,12 f,13,1 
49:3,0 0.001 -1 -1 1,2 0.001 -1 0 2,2 0.001 -1 -1 3.0084 110 2,13 0.001 1 0 1,13 0.001 1 1 2,14 0.001 1 0 4.0116 140 13,2 0.001 -1 0 12,1 0.001 1 0 14,1 0.001 1 1 4.0106 140 13,14 0.001 -1 0 14,13 0.001 0 -1 13,13 0.001 -1 -1 11.0057 155 ::f,0,15 f,3,3 f,14,2 f,14,12 
50:3,0 0.001 -1 -1 1,2 0.001 -1 0 2,2 0.001 0 -1 3.0084 110 2,13 0.001 1 1 1,13 0.001 0 1 2,14 0.001 1 1 4.0116 140 13,2 0.001 -1 -1 12,1 0.001 1 1 14,1 0.001 0 1 4.0106 140 13,14 0.001 -1 -1 14,13 0.001 1 -1 13,13 0.001 0 -1 11.0057 155 ::f,0,15 f,3,3 f,14,2 f,14,12 
51:3,0 0.001 -1 -1 1,2 0.001 -1 -1 2,2 0.001 0 -1 3.0084 110 2,13 0.001 1 1 1,13 0.001 0 1 2,14 0.001 1 1 4.0116 140 13,2 0.001 -1 -1 12,1 0.001 1 1 14,1 0.001 0 1 4.0106 140 13,14 0.001 0 -1 14,13 0.001 1 -1 13,13 0.001 0 -1 11.0057 155 ::f,0,15 f,3,3 f,14,2 f,14,12 
52:3,0 0.001 -1 -1 1,2 0.001 -1 -1 2,2 0.001 1 -1 3.0084 110 2,13 0.001 0 1 1,13 0.001 -1 1 2,14 0.001 0 1 4.0116 140 13,2 0.001 0 -1 12,1 0.001 0 1 14,1 0.001 0 1 6.0107 155 13,14 0.001 1 -1 14,13 0.001 1 0 13,13 0.001 1 -1 11.0057 155 ::f,0,15 f,3,3 f,13,0 f,14,12 
53:3,0 0.001 -1 -1 1,2 0.001 0 -1 2,2 0.001 1 -1 3.0084 110 2,13 0.001 0 1 1,13 0.001 -1 1 2,14 0.001 0 1 4.0116 140 13,1 0.001 0 -1 12,1 0.001 0 1 14,1 0.001 -1 1 6.0117 155 13,14 0.001 1 0 14,13 0.001 1 0 13,13 0.001 1 -1 16.0058 170 ::f,0,15 f,3,3 f,13,0 f,15,12 
54:3,0 0.001 -1 -1 1,1 0.001 0 -1 2,2 0.001 1 0 3.0094 110 2,13 0.001 0 1 1,13 0.001 -1 0 2,14 0.001 -1 1 4.0116 140 13,1 0.001 0 -1 12,1 0.001 -1 1 14,1 0.001 -1 1 9.0118 170 13,14 0.001 1 1 14,13 0.001 1 1 13,13 0.001 1 0 16.0058 170 ::f,0,15 f,3,3 f,13,0 f,15,12 
55:3,0 0.001 -1 -1 1,1 0.001 0 -1 2,2 0.001 1 0 3.0094 110 2,13 0.001 -1 1 1,13 0.001 -1 0 2,14 0.001 -1 1 4.0116 140 13,1 0.001 1 -1 12,1 0.001 -1 1 14,1 0.001 -1 0 9.0118 170 13,14 0.001 0 1 14,13 0.001 1 1 13,13 0.001 1 0 16.0058 170 ::f,0,15 f,3,3 f,13,0 f,15,12 
56:3,0 0.001 -1 -1 1,1 0.001 1 -1 2,2 0.001 1 1 3.0094 110 1,14 0.001 -1 1 1,13 0.001 -1 -1 2,14 0.001 -1 0 4.0126 140 13,1 0.001 1 -1 12,1 0.001 -1 0 14,1 0.001 -1 0 9.0118 170 13,14 0.001 -1 1 14,13 0.001 0 1 13,13 0.001 1 0 16.0058 170 ::f,0,15 f,3,3 f,13,0 f,15,12 
57:3,0 0.001 -1 -1 1,1 0.001 1 -1 2,2 0.001 1 1 6.0095 125 1,14 0.001 -1 1 1,13 0.001 -1 -1 2,14 0.001 -1 0 5.0127 155 13,1 0.001 1 0 12,1 0.001 -1 0 14,1 0.001 -1 0 9.0118 170 13,14 0.001 -1 0 14,14 0.001 0 1 13,13 0.001 1 1 16.0068 170 ::f,0,1 f,0,13 f,13,0 f,15,12 
58:3,0 0.001 -1 -1 1,1 0.001 1 0 2,2 0.001 0 1 6.0095 125 1,14 0.001 -1 0 1,13 0.001 0 -1 2,14 0.001 -1 0 5.0127 155 13,1 0.001 1 0 12,1 0.001 -1 -1 14,1 0.001 -1 -1 9.0118 170 13,14 0.001 -1 -1 14,14 0.001 0 1 13,13 0.001 1 1 16.0068 170 ::f,0,1 f,0,13 f,13,0 f,15,12 
59:3,0 0.001 -1 -1 2,1 0.001 1 0 2,2 0.001 0 1 6.0105 125 1,14 0.001 -1 0 1,13 0.001 0 -1 2,14 0.001 -1 -1 5.0127 155 13,1 0.001 1 0 12,1 0.001 -1 -1 14,1 0.001 -1 -1 12.0119 185 13,14 0.001 0 -1 14,14 0.001 -1 1 13,13 0.001 0 1 16.0068 170 ::f,0,1 f,0,13 f,12,3 f,15,12 
60:3,0 0.001 -1 -1 2,1 0.001 1 0 2,2 0.001 -1 1 6.0105 125 1,14 0.001 -1 -1 1,13 0.001 1 -1 2,14 0.001 -1 -1 5.0127 155 13,1 0.001 1 1 12,1 0.001 0 -1 14,1 0.001 0 -1 12.0119 185 13,14 0.001 1 -1 14,14 0.001 -1 1 13,13 0.001 0 1 16.0068 170 ::f,0,1 f,0,13 f,12,3 f,15,12 
61:3,0 0.001 -1 -1 2,1 0.001 1 1 2,2 0.001 -1 1 6.0105 125 1,14 0.001 -1 -1 1,13 0.001 1 -1 2,14 0.001 0 -1 7.0128 170 13,1 0.001 1 1 12,1 0.001 0 -1 14,1 0.001 0 -1 12.0119 185 13,14 0.001 1 0 14,14 0.001 -1 0 13,13 0.001 -1 1 16.0068 170 ::f,0,1 f,3,13 f,12,3 f,15,12 
62:3,0 0.001 -1 -1 2,1 0.001 1 1 2,2 0.001 -1 0 6.0105 125 1,14 0.001 0 -1 1,13 0.001 1 0 2,14 0.001 0 -1 7.0128 170 13,1 0.001 0 1 12,1 0.001 1 -1 14,1 0.001 1 -1 12.0119 185 13,14 0.001 1 1 14,14 0.001 -1 0 13,13 0.001 -1 1 16.0068 170 ::f,0,1 f,3,13 f,12,3 f,15,12 
63:3,0 0.001 -1 -1 2,1 0.001 0 1 1,2 0.001 -1 0 6.0115 125 1,14 0.001 0 -1 2,13 0.001 1 0 2,14 0.001 1 -1 7.0138 170 13,1 0.001 0 1 12,1 0.001 1 -1 14,1 0.001 1 -1 12.0119 185 13,14 0.001 0 1 14,14 0.001 -1 0 13,13 0.001 -1 0 16.0068 170 ::f,0,1 f,3,13 f,12,3 f,15,12 
64:3,0 0.001 -1 -1 2,2 0.001 0 1 1,2 0.001 -1 0 6.0125 125 1,14 0.001 0 -1 2,13 0.001 1 0 2,14 0.001 1 -1 10.0139 185 13,1 0.001 -1 1 12,1 0.001 1 0 14,1 0.001 1 0 12.0119 185 13,14 0.001 -1 1 14,14 0.001 -1 -1 13,13 0.001 -1 0 16.0068 170 ::f,0,1 f,0,14 f,12,3 f,15,12 
65:3,0 0.001 -1 -1 2,2 0.001 0 1 1,2 0.001 -1 -1 6.0125 125 1,14 0.001 1 -1 2,13 0.001 1 1 2,14 0.001 1 0 10.0139 185 13,1 0.001 -1 1 12,1 0.001 1 0 14,1 0.001 1 0 12.0119 185 13,14 0.001 -1 0 14,14 0.001 -1 -1 13,13 0.001 -1 -1 16.0068 170 ::f,0,1 f,0,14 f,12,3 f,15,12 
66:3,0 0.001 -1 -1 2,2 0.001 -1 1 1,2 0.001 -1 -1 10.0126 140 1,14 0.001 1 -1 2,13 0.001 1 1 2,14 0.001 1 0 10.0139 185 13,1 0.001 -1 0 12,1 0.001 1 0 14,1 0.001 1 1 12.0119 185 13,14 0.001 -1 -1 14,14 0.001 0 -1 13,13 0.001 -1 -1 16.0068 170 ::f,0,14 f,3,3 f,12,3 f,15,12 
67:3,0 0.001 -1 -1 2,2 0.001 -1 1 1,2 0.001 0 -1 10.0126 140 1,14 0.001 1 0 2,13 0.001 0 1 2,14 0.001 1 1 10.0139 185 13,1 0.001 -1 0 12,1 0.001 1 1 14,1 0.001 1 1 12.0119 185 13,14 0.001 0 -1 14,14 0.001 0 -1 13,13 0.001 0 -1 16.0068 170 ::f,0,14 f,3,3 f,12,3 f,15,12 
68:3,0 0.001 -1 -1 2,2 0.001 -1 0 1,1 0.001 0 -1 10.0136 140 1,14 0.001 1 0 2,13 0.001 0 1 2,14 0.001 1 1 10.0139 185 13,1 0.001 -1 -1 12,1 0.001 1 1 14,1 0.001 0 1 12.0119 185 13,14 0.001 1 -1 14,14 0.001 1 -1 13,13 0.001 0 -1 16.0068 170 ::f,0,14 f,3,3 f,12,3 f,15,12 
69:3,0 0.001 -1 -1 1,2 0.001 -1 0 1,1 0.001 0 -1 10.0146 140 1,14 0.001 1 1 2,13 0.001 0 1 2,14 0.001 0 1 10.0139 185 13,1 0.001 -1 -1 12,1 0.001 0 1 14,2 0.001 0 1 12.0129 185 13,14 0.001 1 0 14,14 0.001 1 -1 13,13 0.001 1 -1 16.0068 170 ::f,0,14 f,3,3 f,12,3 f,15,12 
70:3,0 0.001 -1 -1 1,2 0.001 -1 0 1,1 0.001 1 -1 10.0146 140 1,14 0.001 1 1 2,13 0.001 -1 1 2,14 0.001 0 1 10.0139 185 13,1 0.001 0 -1 12,2 0.001 0 1 14,2 0.001 0 1 12.0139 185 13,14 0.001 1 1 14,14 0.001 1 0 13,13 0.001 1 -1 16.0068 170 ::f,0,14 f,3,3 f,12,3 f,15,12 
71:3,0 0.001 -1 -1 1,2 0.001 -1 -1 1,1 0.001 1 -1 10.0146 140 1,14 0.001 0 1 2,13 0.001 -1 1 2,14 0.001 -1 1 10.0139 185 13,1 0.001 0 -1 12,2 0.001 0 1 14,2 0.001 -1 1 13.014 200 13,14 0.001 0 1 14,14 0.001 1 0 13,13 0.001 1 0 16.0068 170 ::f,0,14 f,3,3 f,15,0 f,15,12 
72:3,0 0.001 -1 -1 1,2 0.001 -1 -1 1,1 0.001 1 0 10.0146 140 1,14 0.001 0 1 2,13 0.001 -1 0 2,14 0.001 -1 1 10.0139 185 13,1 0.001 1 -1 12,2 0.001 -1 1 14,2 0.001 -1 1 13.014 200 13,14 0.001 -1 1 14,14 0.001 1 1 14,13 0.001 1 0 16.0078 170 ::f,0,14 f,3,3 f,15,0 f,15,12 
73:3,0 0.001 -1 -1 1,2 0.001 0 -1 2,1 0.001 1 0 10.0156 140 1,14 0.001 -1 1 2,13 0.001 -1 0 2,14 0.001 -1 0 10.0139 185 13,1 0.001 1 -1 12,2 0.001 -1 1 14,2 0.001 -1 0 13.014 200 13,14 0.001 -1 0 14,14 0.001 1 1 14,13 0.001 1 0 16.0078 170 ::f,0,14 f,3,3 f,15,0 f,15,12 
74:3,0 0.001 -1 -1 1,1 0.001 0 -1 2,1 0.001 1 0 10.0166 140 1,14 0.001 -1 1 2,13 0.001 -1 -1 2,14 0.001 -1 0 10.0139 185 13,1 0.001 1 0 12,2 0.001 -1 0 13,2 0.001 -1 0 13.015 200 13,14 0.001 -1 -1 14,14 0.001 0 1 14,13 0.001 1 1 16.0078 170 ::f,0,14 f,3,3 f,15,0 f,15,12 
75:3,0 0.001 -1 -1 1,1 0.001 0 -1 2,1 0.001 1 1 10.0166 140 1,14 0.001 -1 0 2,13 0.001 -1 -1 2,14 0.001 -1 0 10.0139 185 14,1 0.001 1 0 12,2 0.001 -1 0 13,2 0.001 -1 0 13.016 200 13,14 0.001 0 -1 14,14 0.001 0 1 14,13 0.001 1 1 16.0078 170 ::f,0,14 f,3,3 f,15,0 f,15,12 
76:3,0 0.001 -1 -1 1,1 0.001 1 -1 2,1 0.001 1 1 10.0166 140 1,14 0.001 -1 0 2,13 0.001 0 -1 2,14 0.001 -1 -1 13.014 200 14,1 0.001 1 0 12,2 0.001 -1 -1 13,2 0.001 -1 -1 13.016 200 13,14 0.001 1 -1 14,14 0.001 -1 1 14,13 0.001 0 1 16.0078 170 ::f,1,12 f,3,3 f,15,0 f,15,12 
77:3,0 0.001 -1 -1 1,1 0.001 1 -1 2,1 0.001 0 1 10.0166 140 1,14 0.001 -1 -1 2,13 0.001 0 -1 2,14 0.001 0 -1 13.014 200 14,1 0.001 1 1 12,2 0.001 -1 -1 13,2 0.001 -1 -1 13.016 200 13,14 0.001 1 0 14,14 0.001 -1 1 14,13 0.001 0 1 16.0078 170 ::f,1,12 f,3,3 f,15,0 f,15,12 
78:3,0 0.001 -1 -1 1,1 0.001 1 0 2,2 0.001 0 1 10.0176 140 1,14 0.001 -1 -1 2,13 0.001 1 -1 2,14 0.001 0 -1 13.014 200 14,1 0.001 1 1 12,2 0.001 0 -1 13,2 0.001 0 -1 13.016 200 13,14 0.001 1 1 14,14 0.001 -1 0 14,13 0.001 0 1 16.0078 170 ::f,1,12 f,3,3 f,15,0 f,15,12 
79:3,0 0.001 -1 -1 2,1 0.001 1 0 2,2 0.001 0 1 10.0186 140 1,14 0.001 0 -1 2,13 0.001 1 -1 2,14 0.001 1 -1 13.014 200 14,1 0.001 0 1 12,1 0.001 0 -1 13,1 0.001 0 -1 13.018 200 13,14 0.001 0 1 14,14 0.001 -1 0 14,13 0.001 -1 1 16.0078 170 ::f,1,12 f,3,3 f,15,0 f,15,12 
80:3,0 0.001 -1 -1 2,1 0.001 1 0 2,2 0.001 -1 1 10.0186 140 1,13 0.001 0 -1 2,13 0.001 1 0 2,14 0.001 1 -1 13.015 200 14,2 0.001 0 1 12,1 0.001 0 -1 13,1 0.001 0 -1 13.019 200 13,14 0.001 -1 1 14,14 0.001 -1 0 14,13 0.001 -1 1 16.0078 170 ::f,1,12 f,3,3 f,15,0 f,15,12 
81:3,0 0.001 -1 -1 2,1 0.001 1 1 2,2 0.001 -1 1 10.0186 140 1,13 0.001 0 -1 2,13 0.001 1 0 2,14 0.001 1 0 17.0151 215 14,2 0.001 0 1 12,1 0.001 1 -1 13,1 0.001 1 -1 13.019 200 13,14 0.001 -1 0 14,14 0.001 -1 -1 14,13 0.001 -1 0 16.0078 170 ::f,2,15 f,3,3 f,15,0 f,15,12 
82:3,0 0.001 -1 -1 2,1 0.001 1 1 2,2 0.001 -1 0 10.0186 140 1,13 0.001 1 -1 2,13 0.001 1 1 2,14 0.001 1 0 17.0151 215 14,2 0.001 -1 1 12,1 0.001 1 -1 13,1 0.001 1 -1 13.019 200 13,14 0.001 -1 -1 14,14 0.001 -1 -1 14,13 0.001 -1 0 16.0078 170 ::f,2,15 f,3,3 f,15,0 f,15,12 
83:3,0 0.001 -1 -1 2,1 0.001 0 1 1,2 0.001 -1 0 10.0196 140 1,13 0.001 1 -1 2,13 0.001 1 1 2,14 0.001 1 1 17.0151 215 14,2 0.001 -1 1 12,1 0.001 1 0 13,1 0.001 1 0 13.019 200 13,14 0.001 0 -1 14,14 0.001 0 -1 14,13 0.001 -1 -1 16.0078 170 ::f,2,15 f,3,3 f,15,0 f,15,12 
84:3,0 0.001 -1 -1 2,2 0.001 0 1 1,2 0.001 -1 0 10.0206 140 1,13 0.001 1 0 2,13 0.001 0 1 2,14 0.001 1 1 17.0151 215 14,2 0.001 -1 0 12,1 0.001 1 0 14,1 0.001 1 0 13.02 200 13,14 0.001 1 -1 14,14 0.001 0 -1 14,13 0.001 -1 -1 16.0078 170 ::f,2,15 f,3,3 f,15,0 f,15,12 
85:3,0 0.001 -1 -1 2,2 0.001 0 1 1,2 0.001 -1 -1 10.0206 140 1,13 0.001 1 0 2,13 0.001 0 1 2,14 0.001 0 1 17.0151 215 13,2 0.001 -1 0 13,1 0.001 1 0 14,1 0.001 1 0 13.022 200 13,14 0.001 1 0 14,14 0.001 1 -1 14,13 0.001 0 -1 16.0078 170 ::f,2,15 f,3,3 f,15,0 f,15,12 
86:3,0 0.001 -1 -1 2,2 0.001 -1 1 1,2 0.001 -1 -1 10.0206 140 1,13 0.001 1 0 2,13 0.001 0 1 2,14 0.001 0 1 19.0152 230 13,2 0.001 -1 0 13,1 0.001 1 0 14,1 0.001 1 1 13.022 200 13,14 0.001 1 1 14,14 0.001 1 -1 14,13 0.001 0 -1 16.0078 170 ::f,0,14 f,3,3 f,15,0 f,15,12 
87:3,0 0.001 -1 -1 2,2 0.001 -1 1 1,2 0.001 0 -1 10.0206 140 1,13 0.001 1 1 2,13 0.001 -1 1 2,14 0.001 -1 1 19.0152 230 13,2 0.001 -1 -1 13,1 0.001 1 1 14,1 0.001 1 1 13.022 200 13,14 0.001 0 1 14,14 0.001 1 0 14,13 0.001 1 -1 16.0078 170 ::f,0,14 f,3,3 f,15,0 f,15,12 
88:3,0 0.001 -1 -1 2,2 0.001 -1 0 1,1 0.001 0 -1 10.0216 140 1,13 0.001 1 1 2,13 0.001 -1 0 2,14 0.001 -1 1 19.0152 230 13,2 0.001 -1 -1 13,1 0.001 1 1 14,1 0.001 0 1 13.022 200 13,14 0.001 -1 1 14,14 0.001 1 0 14,13 0.001 1 -1 22.0079 185 ::f,0,14 f,3,3 f,12,14 f,15,0 
89:3,0 0.001 -1 -1 1,2 0.001 -1 0 1,1 0.001 0 -1 10.0226 140 1,13 0.001 0 1 2,13 0.001 -1 0 2,14 0.001 -1 0 19.0152 230 13,2 0.001 0 -1 13,1 0.001 0 1 14,2 0.001 0 1 13.023 200 13,14 0.001 -1 0 14,14 0.001 1 1 14,13 0.001 1 0 22.0079 185 ::f,0,14 f,3,3 f,12,14 f,15,0 
90:3,0 0.001 -1 -1 1,2 0.001 -1 0 1,1 0.001 1 -1 10.0226 140 1,13 0.001 0 1 2,13 0.001 -1 -1 1,14 0.001 -1 0 19.0162 230 13,2 0.001 0 -1 13,1 0.001 0 1 14,2 0.001 0 1 13.023 200 13,14 0.001 -1 -1 14,14 0.001 1 1 14,13 0.001 1 0 22.0079 185 ::f,0,14 f,3,3 f,12,14 f,15,0 
91:3,0 0.001 -1 -1 1,2 0.001 -1 -1 1,1 0.001 1 -1 10.0226 140 1,13 0.001 -1 1 2,13 0.001 -1 -1 1,14 0.001 -1 0 22.0163 245 13,2 0.001 0 -1 13,1 0.001 -1 1 14,2 0.001 -1 1 13.023 200 13,14 0.001 0 -1 14,14 0.001 0 1 14,13 0.001 1 1 22.0079 185 ::f,0,12 f,3,3 f,12,14 f,15,0 
92:3,0 0.001 -1 -1 1,2 0.001 -1 -1 1,1 0.001 1 0 10.0226 140 1,13 0.001 -1 1 2,13 0.001 0 -1 1,14 0.001 -1 -1 22.0163 245 13,2 0.001 1 -1 13,1 0.001 -1 1 14,2 0.001 -1 1 13.023 200 13,14 0.001 1 -1 14,14 0.001 0 1 14,13 0.001 1 1 22.0079 185 ::f,0,12 f,3,3 f,12,14 f,15,0 
93:3,0 0.001 -1 -1 1,2 0.001 0 -1 2,1 0.001 1 0 10.0236 140 1,13 0.001 -1 0 2,13 0.001 0 -1 1,14 0.001 -1 -1 22.0163 245 14,1 0.001 1 -1 13,1 0.001 -1 0 14,2 0.001 -1 0 13.024 200 13,14 0.001 1 0 14,14 0.001 -1 1 14,13 0.001 0 1 22.0079 185 ::f,0,12 f,3,3 f,12,14 f,15,0 
94:3,0 0.001 -1 -1 1,1 0.001 0 -1 2,1 0.001 1 0 10.0246 140 1,13 0.001 -1 0 2,13 0.001 1 -1 1,14 0.001 0 -1 22.0163 245 14,1 0.001 1 -1 13,1 0.001 -1 0 13,2 0.001 -1 0 17.0251 215 13,14 0.001 1 1 14,14 0.001 -1 1 14,13 0.001 0 1 22.0079 185 ::f,0,12 f,3,3 f,12,0 f,12,14 
95:3,0 0.001 -1 -1 1,1 0.001 0 -1 2,1 0.001 1 1 10.0246 140 1,13 0.001 -1 -1 2,13 0.001 1 -1 1,14 0.001 0 -1 22.0163 245 14,1 0.001 1 0 13,1 0.001 -1 -1 13,2 0.001 -1 0 17.0251 215 13,14 0.001 0 1 14,14 0.001 -1 0 14,13 0.001 0 1 22.0079 185 ::f,0,12 f,3,3 f,12,0 f,12,14 
96:3,0 0.001 -1 -1 1,1 0.001 1 -1 2,1 0.001 1 1 10.0246 140 1,13 0.001 -1 -1 2,13 0.001 1 0 1,14 0.001 0 -1 27.0164 260 14,1 0.001 1 0 13,1 0.001 -1 -1 13,2 0.001 -1 -1 19.0252 230 13,14 0.001 -1 1 14,14 0.001 -1 0 14,13 0.001 -1 1 22.0079 185 ::f,3,3 f,3,15 f,12,14 f,14,2 
97:3,0 0.001 -1 -1 1,1 0.001 1 -1 2,1 0.001 0 1 10.0246 140 1,13 0.001 0 -1 2,13 0.001 1 0 1,14 0.001 1 -1 27.0164 260 14,1 0.001 1 1 13,1 0.001 0 -1 13,2 0.001 -1 -1 19.0252 230 13,14 0.001 -1 0 14,14 0.001 -1 0 14,13 0.001 -1 1 22.0079 185 ::f,3,3 f,3,15 f,12,14 f,14,2 
98:3,0 0.001 -1 -1 1,1 0.001 1 0 2,2 0.001 0 1 10.0256 140 1,13 0.001 0 -1 2,13 0.001 1 1 1,14 0.001 1 -1 27.0164 260 14,1 0.001 1 1 13,1 0.001 0 -1 13,2 0.001 0 -1 19.0252 230 13,14 0.001 -1 -1 14,14 0.001 -1 -1 14,13 0.001 -1 0 22.0079 185 ::f,3,3 f,3,15 f,12,14 f,14,2 
99:3,0 0.001 -1 -1 2,1 0.001 1 0 2,2 0.001 0 1 10.0266 140 1,13 0.001 1 -1 2,13 0.001 1 1 1,14 0.001 1 0 27.0164 260 14,1 0.001 0 1 13,1 0.001 1 -1 13,2 0.001 0 -1 19.0252 230 13,14 0.001 0 -1 14,14 0.001 -1 -1 14,13 0.001 -1 0 22.0079 185 ::f,3,3 f,3,15 f,12,14 f,14,2 
100:3,0 0.001 -1 -1 2,1 0.001 1 0 2,2 0.001 -1 1 10.0266 140 1,13 0.001 1 -1 2,13 0.001 0 1 1,14 0.001 1 0 27.0164 260 14,1 0.001 0 1 13,1 0.001 1 -1 13,2 0.001 0 -1 19.0252 230 13,14 0.001 1 -1 14,14 0.001 0 -1 14,13 0.001 -1 -1 22.0079 185 ::f,3,3 f,3,15 f,12,14 f,14,2 
101:3,0 0.001 -1 -1 2,1 0.001 1 1 2,2 0.001 -1 1 10.0266 140 1,13 0.001 1 0 2,14 0.001 0 1 1,14 0.001 1 1 27.0174 260 14,1 0.001 0 1 13,1 0.001 1 0 13,2 0.001 1 -1 24.0253 245 13,14 0.001 1 0 14,14 0.001 0 -1 14,13 0.001 -1 -1 22.0079 185 ::f,3,3 f,3,15 f,12,0 f,12,14 
102:3,0 0.001 -1 -1 2,1 0.001 1 1 2,2 0.001 -1 0 10.0266 140 2,13 0.001 1 0 2,14 0.001 0 1 1,14 0.001 1 1 27.0184 260 14,1 0.001 -1 1 13,1 0.001 1 0 13,2 0.001 1 -1 24.0253 245 13,14 0.001 1 1 14,14 0.001 1 -1 14,13 0.001 0 -1 22.0079 185 ::f,3,3 f,3,15 f,12,0 f,12,14 
103:3,0 0.001 -1 -1 2,1 0.001 0 1 1,2 0.001 -1 0 10.0276 140 2,13 0.001 1 0 2,14 0.001 -1 1 1,14 0.001 0 1 27.0184 260 14,1 0.001 -1 1 13,1 0.001 1 0 13,2 0.001 1 0 24.0253 245 13,14 0.001 0 1 14,14 0.001 1 -1 14,13 0.001 0 -1 22.0079 185 ::f,3,3 f,3,15 f,12,0 f,12,14 
104:3,0 0.001 -1 -1 2,2 0.001 0 1 1,2 0.001 -1 0 10.0286 140 2,13 0.001 1 1 2,14 0.001 -1 1 1,14 0.001 0 1 27.0184 260 14,1 0.001 -1 0 13,1 0.001 1 1 13,2 0.001 1 0 24.0253 245 13,14 0.001 -1 1 14,14 0.001 1 0 14,13 0.001 1 -1 22.0079 185 ::f,3,3 f,3,15 f,12,0 f,12,14 
105:3,0 0.001 -1 -1 2,2 0.001 0 1 1,2 0.001 -1 -1 10.0286 140 2,13 0.001 1 1 2,14 0.001 -1 0 1,14 0.001 -1 1 27.0184 260 14,1 0.001 -1 0 13,1 0.001 1 1 13,2 0.001 1 1 24.0253 245 13,14 0.001 -1 0 14,14 0.001 1 0 14,13 0.001 1 -1 22.0079 185 ::f,3,3 f,3,15 f,12,0 f,12,14 
106:3,0 0.001 -1 -1 2,2 0.001 -1 1 1,2 0.001 -1 -1 10.0286 140 2,13 0.001 0 1 2,14 0.001 -1 0 1,14 0.001 -1 1 27.0184 260 14,1 0.001 -1 -1 13,1 0.001 0 1 13,2 0.001 1 1 24.0253 245 13,14 0.001 -1 -1 14,14 0.001 1 1 14,13 0.001 1 0 22.0079 185 ::f,3,3 f,3,15 f,12,0 f,12,14 
107:3,0 0.001 -1 -1 2,2 0.001 -1 1 1,2 0.001 0 -1 10.0286 140 2,13 0.001 0 1 2,14 0.001 -1 0 1,14 0.001 -1 0 27.0184 260 14,1 0.001 -1 -1 13,1 0.001 0 1 13,2 0.001 0 1 24.0253 245 13,14 0.001 0 -1 14,14 0.001 1 1 14,13 0.001 1 0 22.0079 185 ::f,3,3 f,3,15 f,12,0 f,12,14 
108:3,0 0.001 -1 -1 2,2 0.001 -1 0 1,1 0.001 0 -1 10.0296 140 2,13 0.001 0 1 2,14 0.001 -1 -1 1,14 0.001 -1 0 27.0184 260 14,1 0.001 0 -1 13,1 0.001 -1 1 13,2 0.001 0 1 24.0253 245 13,14 0.001 1 -1 14,14 0.001 0 1 14,13 0.001 1 1 22.0079 185 ::f,3,3 f,3,15 f,12,0 f,12,14 
109:3,0 0.001 -1 -1 1,2 0.001 -1 0 1,1 0.001 0 -1 10.0306 140 2,13 0.001 -1 1 2,14 0.001 -1 -1 1,14 0.001 -1 -1 27.0184 260 14,1 0.001 0 -1 13,1 0.001 -1 1 13,2 0.001 -1 1 24.0253 245 13,14 0.001 1 0 14,14 0.001 0 1 14,13 0.001 1 1 22.0079 185 ::f,3,3 f,3,15 f,12,0 f,12,14 
110:3,0 0.001 -1 -1 1,2 0.001 -1 0 1,1 0.001 1 -1 10.0306 140 2,13 0.001 -1 1 2,14 0.001 0 -1 1,14 0.001 -1 -1 27.0184 260 14,1 0.001 1 -1 13,1 0.001 -1 0 13,2 0.001 -1 1 24.0253 245 13,14 0.001 1 1 14,14 0.001 -1 1 14,13 0.001 0 1 22.0079 185 ::f,3,3 f,3,15 f,12,0 f,12,14 
111:3,0 0.001 -1 -1 1,2 0.001 -1 -1 1,1 0.001 1 -1 10.0306 140 2,13 0.001 -1 0 2,14 0.001 0 -1 1,14 0.001 0 -1 27.0184 260 14,1 0.001 1 -1 13,1 0.001 -1 0 13,2 0.001 -1 0 24.0253 245 13,14 0.001 0 1 14,14 0.001 -1 1 14,13 0.001 0 1 22.0079 185 ::f,3,3 f,3,15 f,12,0 f,12,14 
112:3,0 0.001 -1 -1 1,2 0.001 -1 -1 1,1 0.001 1 0 10.0306 140 2,13 0.001 -1 0 2,14 0.001 1 -1 1,13 0.001 0 -1 27.0194 260 14,1 0.001 1 0 13,1 0.001 -1 -1 13,2 0.001 -1 0 24.0253 245 13,14 0.001 -1 1 14,14 0.001 -1 0 14,13 0.001 0 1 22.0079 185 ::f,3,3 f,3,15 f,12,0 f,12,14 
113:3,0 0.001 -1 -1 1,2 0.001 0 -1 2,1 0.001 1 0 10.0316 140 2,13 0.001 -1 -1 2,14 0.001 1 -1 1,13 0.001 0 -1 27.0194 260 14,1 0.001 1 0 13,1 0.001 -1 -1 13,2 0.001 -1 -1 27.0254 260 13,14 0.001 -1 0 14,14 0.001 -1 0 14,13 0.001 -1 1 22.0079 185 ::f,3,3 f,3,15 f,12,14 f,15,0 
114:3,0 0.001 -1 -1 1,1 0.001 0 -1 2,1 0.001 1 0 10.0326 140 2,13 0.001 -1 -1 2,14 0.001 1 0 1,13 0.001 1 -1 27.0194 260 14,1 0.001 1 1 13,1 0.001 0 -1 13,2 0.001 -1 -1 27.0254 260 13,14 0.001 -1 -1 14,14 0.001 -1 0 14,13 0.001 -1 1 22.0079 185 ::f,3,3 f,3,15 f,12,14 f,15,0 
115:3,0 0.001 -1 -1 1,1 0.001 0 -1 2,1 0.001 1 1 10.0326 140 2,13 0.001 0 -1 2,14 0.001 1 0 1,13 0.001 1 -1 27.0194 260 14,1 0.001 1 1 13,1 0.001 0 -1 13,2 0.001 0 -1 27.0254 260 13,14 0.001 0 -1 14,14 0.001 -1 -1 14,13 0.001 -1 0 22.0079 185 ::f,3,3 f,3,15 f,12,14 f,15,0 
116:3,0 0.001 -1 -1 1,1 0.001 1 -1 2,1 0.001 1 1 10.0326 140 2,13 0.001 0 -1 2,14 0.001 1 1 1,13 0.001 1 0 27.0194 260 14,1 0.001 0 1 13,1 0.001 1 -1 13,2 0.001 0 -1 27.0254 260 13,14 0.001 1 -1 14,14 0.001 -1 -1 14,13 0.001 -1 0 22.0079 185 ::f,3,3 f,3,15 f,12,14 f,15,0 
117:3,0 0.001 -1 -1 1,1 0.001 1 -1 2,1 0.001 0 1 10.0326 140 2,13 0.001 1 -1 2,14 0.001 1 1 1,13 0.001 1 0 31.0195 275 14,2 0.001 0 1 13,1 0.001 1 -1 13,2 0.001 0 -1 27.0264 260 13,14 0.001 1 0 14,14 0.001 0 -1 14,13 0.001 -1 -1 22.0079 185 ::f,3,3 f,3,12 f,12,14 f,15,0 
118:3,0 0.001 -1 -1 1,1 0.001 1 0 2,2 0.001 0 1 10.0336 140 2,13 0.001 1 -1 2,14 0.001 0 1 1,13 0.001 1 0 37.0196 290 14,2 0.001 0 1 13,1 0.001 1 0 13,2 0.001 1 -1 27.0264 260 13,14 0.001 1 1 14,14 0.001 0 -1 14,13 0.001 -1 -1 22.0079 185 ::f,3,3 f,3,13 f,12,14 f,15,0 
119:3,0 0.001 -1 -1 2,1 0.001 1 0 2,2 0.001 0 1 10.0346 140 2,13 0.001 1 0 2,14 0.001 0 1 1,13 0.001 1 0 37.0196 290 14,2 0.001 -1 1 14,1 0.001 1 0 13,2 0.001 1 -1 27.0274 260 13,14 0.001 0 1 14,14 0.001 1 -1 14,13 0.001 0 -1 22.0079 185 ::f,3,3 f,3,13 f,12,14 f,15,0 
120:3,0 0.001 -1 -1 2,1 0.001 1 0 2,2 0.001 -1 1 10.0346 140 2,13 0.001 1 0 2,14 0.001 -1 1 1,13 0.001 1 1 44.0197 305 14,2 0.001 -1 1 14,1 0.001 1 0 13,2 0.001 1 -1 27.0274 260 13,14 0.001 -1 1 14,14 0.001 1 -1 14,13 0.001 0 -1 22.0079 185 ::f,2,15 f,3,3 f,12,14 f,15,0 
121:3,0 0.001 -1 -1 2,1 0.001 1 1 2,2 0.001 -1 1 10.0346 140 2,13 0.001 1 1 2,14 0.001 -1 1 1,13 0.001 0 1 44.0197 305 14,2 0.001 -1 0 14,1 0.001 1 1 13,2 0.001 1 0 27.0274 260 13,14 0.001 -1 0 14,14 0.001 1 0 14,13 0.001 1 -1 22.0079 185 ::f,2,15 f,3,3 f,12,14 f,15,0 
122:3,0 0.001 -1 -1 2,1 0.001 1 1 2,2 0.001 -1 0 10.0346 140 2,13 0.001 1 1 2,14 0.001 -1 0 1,13 0.001 0 1 44.0197 305 14,2 0.001 -1 0 14,1 0.001 1 1 13,2 0.001 1 0 27.0274 260 13,14 0.001 -1 -1 14,14 0.001 1 0 14,13 0.001 1 -1 22.0079 185 ::f,2,15 f,3,3 f,12,14 f,15,0 
123:3,0 0.001 -1 -1 2,1 0.001 0 1 1,2 0.001 -1 0 10.0356 140 2,13 0.001 0 1 1,14 0.001 -1 0 1,13 0.001 -1 1 44.0207 305 14,2 0.001 -1 0 14,1 0.001 0 1 13,2 0.001 1 1 27.0274 260 13,14 0.001 0 -1 14,14 0.001 1 1 14,13 0.001 1 0 22.0079 185 ::f,2,15 f,3,3 f,12,14 f,15,0 
124:3,0 0.001 -1 -1 2,2 0.001 0 1 1,2 0.001 -1 0 10.0366 140 2,14 0.001 0 1 1,14 0.001 -1 0 1,13 0.001 -1 1 44.0217 305 14,2 0.001 -1 -1 14,1 0.001 0 1 13,2 0.001 1 1 27.0274 260 13,14 0.001 1 -1 14,14 0.001 1 1 14,13 0.001 1 0 22.0079 185 ::f,2,15 f,3,3 f,12,14 f,15,0 
125:3,0 0.001 -1 -1 2,2 0.001 0 1 1,2 0.001 -1 -1 10.0366 140 2,14 0.001 0 1 1,14 0.001 -1 -1 1,13 0.001 -1 0 52.0218 320 14,2 0.001 -1 -1 14,1 0.001 0 1 13,2 0.001 0 1 27.0274 260 13,14 0.001 1 0 14,14 0.001 0 1 14,13 0.001 1 1 22.0079 185 ::f,2,13 f,3,3 f,12,14 f,15,0 
126:3,0 0.001 -1 -1 2,2 0.001 -1 1 1,2 0.001 -1 -1 10.0366 140 2,14 0.001 -1 1 1,14 0.001 -1 -1 1,13 0.001 -1 0 52.0218 320 14,2 0.001 0 -1 14,1 0.001 -1 1 13,2 0.001 0 1 27.0274 260 13,14 0.001 1 1 14,14 0.001 0 1 14,13 0.001 1 1 22.0079 185 ::f,2,13 f,3,3 f,12,14 f,15,0 
127:3,0 0.001 -1 -1 2,2 0.001 -1 1 1,2 0.001 0 -1 10.0366 140 2,14 0.001 -1 1 1,14 0.001 0 -1 1,13 0.001 -1 -1 52.0218 320 14,2 0.001 0 -1 14,1 0.001 -1 1 13,2 0.001 -1 1 27.0274 260 13,14 0.001 0 1 14,14 0.001 -1 1 14,13 0.001 0 1 22.0079 185 ::f,2,13 f,3,3 f,12,14 f,15,0 
128:3,0 0.001 -1 -1 2,2 0.001 -1 0 1,1 0.001 0 -1 10.0376 140 2,14 0.001 -1 0 1,14 0.001 0 -1 1,13 0.001 -1 -1 52.0218 320 14,2 0.001 1 -1 14,1 0.001 -1 0 13,2 0.001 -1 1 27.0274 260 13,14 0.001 -1 1 14,14 0.001 -1 1 14,13 0.001 0 1 22.0079 185 ::f,2,13 f,3,3 f,12,14 f,15,0 
129:3,0 0.001 -1 -1 1,2 0.001 -1 0 1,1 0.001 0 -1 10.0386 140 2,14 0.001 -1 0 1,14 0.001 0 -1 1,13 0.001 0 -1 52.0218 320 14,2 0.001 1 -1 14,1 0.001 -1 0 13,2 0.001 -1 0 27.0274 260 13,14 0.001 -1 0 14,14 0.001 -1 0 14,13 0.001 0 1 22.0079 185 ::f,2,13 f,3,3 f,12,14 f,15,0 
130:3,0 0.001 -1 -1 1,2 0.001 -1 0 1,1 0.001 1 -1 10.0386 140 2,14 0.001 -1 0 1,14 0.001 1 -1 1,13 0.001 0 -1 52.0218 320 14,2 0.001 1 0 14,1 0.001 -1 -1 13,2 0.001 -1 0 27.0274 260 13,14 0.001 -1 -1 14,14 0.001 -1 0 14,13 0.001 -1 1 22.0079 185 ::f,2,13 f,3,3 f,12,14 f,15,0 
131:3,0 0.001 -1 -1 1,2 0.001 -1 -1 1,1 0.001 1 -1 10.0386 140 2,14 0.001 -1 -1 1,14 0.001 1 -1 1,13 0.001 1 -1 57.0219 335 14,2 0.001 1 0 14,1 0.001 -1 -1 13,2 0.001 -1 -1 27.0274 260 13,14 0.001 0 -1 14,14 0.001 -1 0 14,13 0.001 -1 1 22.0079 185 ::f,2,15 f,3,3 f,12,14 f,15,0 
132:3,0 0.001 -1 -1 1,2 0.001 -1 -1 1,1 0.001 1 0 10.0386 140 2,14 0.001 -1 -1 1,14 0.001 1 0 1,13 0.001 1 -1 57.0219 335 14,2 0.001 1 1 14,1 0.001 0 -1 13,2 0.001 -1 -1 27.0274 260 13,14 0.001 1 -1 14,14 0.001 -1 -1 14,13 0.001 -1 0 22.0079 185 ::f,2,15 f,3,3 f,12,14 f,15,0 
133:3,0 0.001 -1 -1 1,2 0.001 0 -1 2,1 0.001 1 0 10.0396 140 2,14 0.001 0 -1 1,14 0.001 1 0 1,13 0.001 1 0 57.0219 335 14,2 0.001 1 1 14,1 0.001 0 -1 13,2 0.001 0 -1 27.0274 260 13,14 0.001 1 0 14,14 0.001 -1 -1 14,13 0.001 -1 0 22.0079 185 ::f,2,15 f,3,3 f,12,14 f,15,0 
134:3,0 0.001 -1 -1 1,1 0.001 0 -1 2,1 0.001 1 0 10.0406 140 2,14 0.001 0 -1 1,14 0.001 1 1 2,13 0.001 1 0 57.0229 335 14,2 0.001 0 1 14,1 0.001 1 -1 13,1 0.001 0 -1 27.0284 260 13,14 0.001 1 1 14,14 0.001 0 -1 14,13 0.001 -1 -1 22.0079 185 ::f,2,15 f,3,3 f,12,14 f,15,0 
135:3,0 0.001 -1 -1 1,1 0.001 0 -1 2,1 0.001 1 1 10.0406 140 2,14 0.001 1 -1 1,14 0.001 1 1 2,13 0.001 1 0 63.023 350 14,2 0.001 0 1 14,1 0.001 1 -1 13,1 0.001 0 -1 31.0285 275 13,14 0.001 0 1 14,14 0.001 0 -1 14,13 0.001 -1 -1 22.0079 185 ::f,3,3 f,3,14 f,12,0 f,12,14 
136:3,0 0.001 -1 -1 1,1 0.001 1 -1 2,1 0.001 1 1 10.0406 140 2,14 0.001 1 -1 1,14 0.001 0 1 2,13 0.001 1 1 63.023 350 14,2 0.001 -1 1 14,1 0.001 1 0 13,1 0.001 1 -1 31.0285 275 13,14 0.001 -1 1 14,14 0.001 1 -1 14,13 0.001 0 -1 22.0079 185 ::f,3,3 f,3,14 f,12,0 f,12,14 
137:3,0 0.001 -1 -1 1,1 0.001 1 -1 2,1 0.001 0 1 10.0406 140 2,14 0.001 1 0 1,14 0.001 0 1 2,13 0.001 1 1 67.0231 365 14,2 0.001 -1 1 14,1 0.001 1 0 13,1 0.001 1 -1 31.0285 275 13,14 0.001 -1 0 14,14 0.001 1 -1 14,13 0.001 0 -1 22.0079 185 ::f,0,12 f,3,3 f,12,0 f,12,14 
138:3,0 0.001 -1 -1 1,1 0.001 1 0 2,2 0.001 0 1 10.0416 140 2,14 0.001 1 0 1,14 0.001 -1 1 2,13 0.001 0 1 67.0231 365 14,2 0.001 -1 0 14,1 0.001 1 1 13,1 0.001 1 0 31.0285 275 13,14 0.001 -1 -1 14,14 0.001 1 0 14,13 0.001 1 -1 22.0079 185 ::f,0,12 f,3,3 f,12,0 f,12,14 
139:3,0 0.001 -1 -1 2,1 0.001 1 0 2,2 0.001 0 1 10.0426 140 2,14 0.001 1 1 1,14 0.001 -1 1 2,13 0.001 0 1 67.0231 365 13,2 0.001 -1 0 14,1 0.001 1 1 13,1 0.001 1 0 31.0295 275 13,14 0.001 0 -1 14,14 0.001 1 0 14,13 0.001 1 -1 22.0079 185 ::f,0,12 f,3,3 f,12,0 f,12,14 
140:3,0 0.001 -1 -1 2,1 0.001 1 0 2,2 0.001 -1 1 10.0426 140 2,14 0.001 1 1 1,14 0.001 -1 0 2,13 0.001 0 1 67.0231 365 13,2 0.001 -1 0 14,1 0.001 0 1 13,1 0.001 1 0 31.0295 275 13,14 0.001 1 -1 14,14 0.001 1 1 14,13 0.001 1 0 22.0079 185 ::f,0,12 f,3,3 f,12,0 f,12,14 
141:3,0 0.001 -1 -1 2,1 0.001 1 1 2,2 0.001 -1 1 10.0426 140 2,14 0.001 0 1 1,14 0.001 -1 0 2,13 0.001 -1 1 67.0231 365 13,2 0.001 -1 -1 14,2 0.001 0 1 13,1 0.001 1 1 31.0305 275 13,14 0.001 1 0 14,14 0.001 1 1 14,13 0.001 1 0 22.0079 185 ::f,0,12 f,3,3 f,12,0 f,12,14 
142:3,0 0.001 -1 -1 2,1 0.001 1 1 2,2 0.001 -1 0 10.0426 140 2,14 0.001 0 1 1,14 0.001 -1 -1 2,13 0.001 -1 1 67.0231 365 13,2 0.001 -1 -1 14,2 0.001 0 1 13,1 0.001 1 1 31.0305 275 13,14 0.001 1 1 14,14 0.001 0 1 14,13 0.001 1 1 22.0079 185 ::f,0,12 f,3,3 f,12,0 f,12,14 
143:3,0 0.001 -1 -1 2,1 0.001 0 1 1,2 0.001 -1 0 10.0436 140 2,14 0.001 -1 1 1,14 0.001 -1 -1 2,13 0.001 -1 0 67.0231 365 13,2 0.001 0 -1 14,2 0.001 -1 1 13,1 0.001 0 1 31.0305 275 13,14 0.001 0 1 14,14 0.001 0 1 14,13 0.001 1 1 22.0079 185 ::f,0,12 f,3,3 f,12,0 f,12,14 
144:3,0 0.001 -1 -1 2,2 0.001 0 1 1,2 0.001 -1 0 10.0446 140 2,14 0.001 -1 1 1,14 0.001 0 -1 2,13 0.001 -1 0 67.0231 365 13,2 0.001 0 -1 14,2 0.001 -1 1 13,1 0.001 0 1 31.0305 275 13,14 0.001 -1 1 14,14 0.001 -1 1 14,13 0.001 0 1 22.0079 185 ::f,0,12 f,3,3 f,12,0 f,12,14 
145:3,0 0.001 -1 -1 2,2 0.001 0 1 1,2 0.001 -1 -1 10.0446 140 2,14 0.001 -1 0 1,13 0.001 0 -1 2,13 0.001 -1 -1 67.0241 365 13,2 0.001 0 -1 14,2 0.001 -1 0 13,1 0.001 -1 1 31.0305 275 13,14 0.001 -1 0 14,14 0.001 -1 1 14,13 0.001 0 1 22.0079 185 ::f,0,12 f,3,3 f,12,0 f,12,14 
146:3,0 0.001 -1 -1 2,2 0.001 -1 1 1,2 0.001 -1 -1 10.0446 140 1,14 0.001 -1 0 1,13 0.001 0 -1 2,13 0.001 -1 -1 67.0251 365 13,2 0.001 1 -1 14,2 0.001 -1 0 13,1 0.001 -1 1 31.0305 275 13,14 0.001 -1 -1 14,14 0.001 -1 0 14,13 0.001 0 1 22.0079 185 ::f,0,12 f,3,3 f,12,0 f,12,14 
147:3,0 0.001 -1 -1 2,2 0.001 -1 1 1,2 0.001 0 -1 10.0446 140 1,14 0.001 -1 0 1,13 0.001 1 -1 2,13 0.001 0 -1 67.0251 365 13,2 0.001 1 -1 14,2 0.001 -1 0 13,1 0.001 -1 0 31.0305 275 13,14 0.001 0 -1 14,14 0.001 -1 0 14,13 0.001 -1 1 22.0079 185 ::f,0,12 f,3,3 f,12,0 f,12,14 
148:3,0 0.001 -1 -1 2,2 0.001 -1 0 1,1 0.001 0 -1 10.0456 140 1,14 0.001 -1 -1 1,13 0.001 1 -1 2,13 0.001 0 -1 67.0251 365 13,2 0.001 1 0 14,2 0.001 -1 -1 13,1 0.001 -1 0 31.0305 275 13,14 0.001 1 -1 14,14 0.001 -1 0 14,13 0.001 -1 1 22.0079 185 ::f,0,12 f,3,3 f,12,0 f,12,14 
149:3,0 0.001 -1 -1 1,2 0.001 -1 0 1,1 0.001 0 -1 10.0466 140 1,14 0.001 -1 -1 1,13 0.001 1 0 2,13 0.001 1 -1 67.0251 365 13,2 0.001 1 0 14,2 0.001 -1 -1 13,1 0.001 -1 -1 31.0305 275 13,14 0.001 1 0 14,14 0.001 -1 -1 14,13 0.001 -1 0 22.0079 185 ::f,0,12 f,3,3 f,12,0 f,12,14 
150:3,0 0.001 -1 -1 1,2 0.001 -1 0 1,1 0.001 1 -1 10.0466 140 1,14 0.001 0 -1 1,13 0.001 1 0 2,13 0.001 1 -1 67.0251 365 13,2 0.001 1 1 14,2 0.001 -1 -1 13,1 0.001 -1 -1 35.0306 290 13,14 0.001 1 1 14,14 0.001 -1 -1 14,13 0.001 -1 0 22.0079 185 ::f,0,12 f,3,3 f,12,1 f,12,14 
151:3,0 0.001 -1 -1 1,2 0.001 -1 -1 1,1 0.001 1 -1 10.0466 140 1,14 0.001 0 -1 1,13 0.001 1 0 2,13 0.001 1 0 67.0251 365 13,2 0.001 1 1 14,2 0.001 0 -1 13,1 0.001 0 -1 35.0306 290 13,14 0.001 0 1 14,14 0.001 0 -1 14,13 0.001 -1 -1 22.0079 185 ::f,0,12 f,3,3 f,12,1 f,12,14 
152:3,0 0.001 -1 -1 1,2 0.001 -1 -1 1,1 0.001 1 0 10.0466 140 1,14 0.001 0 -1 1,13 0.001 1 1 2,13 0.001 1 0 67.0251 365 13,2 0.001 0 1 14,2 0.001 1 -1 13,1 0.001 0 -1 35.0306 290 13,14 0.001 -1 1 14,14 0.001 0 -1 14,13 0.001 -1 -1 22.0079 185 ::f,0,12 f,3,3 f,12,1 f,12,14 
153:3,0 0.001 -1 -1 1,2 0.001 0 -1 2,1 0.001 1 0 10.0476 140 1,14 0.001 1 -1 1,13 0.001 1 1 2,13 0.001 1 1 67.0251 365 13,2 0.001 0 1 14,2 0.001 1 -1 13,1 0.001 1 -1 35.0306 290 13,14 0.001 -1 0 14,14 0.001 1 -1 14,13 0.001 0 -1 22.0079 185 ::f,0,12 f,3,3 f,12,1 f,12,14 
154:3,0 0.001 -1 -1 1,1 0.001 0 -1 2,1 0.001 1 0 10.0486 140 1,14 0.001 1 -1 1,13 0.001 0 1 2,13 0.001 1 1 67.0251 365 13,2 0.001 -1 1 14,2 0.001 1 0 13,1 0.001 1 -1 35.0306 290 13,14 0.001 -1 -1 14,14 0.001 1 -1 14,13 0.001 0 -1 22.0079 185 ::f,0,12 f,3,3 f,12,1 f,12,14 
155:3,0 0.001 -1 -1 1,1 0.001 0 -1 2,1 0.001 1 1 10.0486 140 1,14 0.001 1 0 1,13 0.001 0 1 2,13 0.001 0 1 67.0251 365 13,2 0.001 -1 1 14,2 0.001 1 0 13,1 0.001 1 0 35.0306 290 13,14 0.001 0 -1 14,14 0.001 1 0 14,13 0.001 1 -1 22.0079 185 ::f,0,12 f,3,3 f,12,1 f,12,14 
156:3,0 0.001 -1 -1 1,1 0.001 1 -1 2,1 0.001 1 1 10.0486 140 1,14 0.001 1 0 1,13 0.001 -1 1 2,14 0.001 0 1 67.0261 365 13,2 0.001 -1 0 14,2 0.001 1 1 14,1 0.001 1 0 35.0316 290 13,14 0.001 1 -1 14,14 0.001 1 0 14,13 0.001 1 -1 22.0079 185 ::f,0,12 f,3,3 f,12,1 f,12,14 
157:3,0 0.001 -1 -1 1,1 0.001 1 -1 2,1 0.001 0 1 10.0486 140 1,14 0.001 1 1 1,13 0.001 -1 1 2,14 0.001 0 1 67.0261 365 13,2 0.001 -1 0 14,2 0.001 1 1 14,1 0.001 1 0 35.0316 290 13,14 0.001 1 0 14,14 0.001 1 1 14,13 0.001 1 0 22.0079 185 ::f,0,12 f,3,3 f,12,1 f,12,14 
158:3,0 0.001 -1 -1 1,1 0.001 1 0 2,2 0.001 0 1 10.0496 140 1,14 0.001 1 1 1,13 0.001 -1 0 2,14 0.001 -1 1 67.0261 365 13,2 0.001 -1 -1 14,2 0.001 0 1 14,1 0.001 1 1 35.0316 290 13,14 0.001 1 1 14,14 0.001 1 1 14,13 0.001 1 0 22.0079 185 ::f,0,12 f,3,3 f,12,1 f,12,14 
159:3,0 0.001 -1 -1 2,1 0.001 1 0 2,2 0.001 0 1 10.0506 140 1,14 0.001 0 1 1,13 0.001 -1 0 2,14 0.001 -1 1 67.0261 365 13,2 0.001 -1 -1 14,2 0.001 0 1 14,1 0.001 1 1 41.0317 305 13,14 0.001 0 1 14,14 0.001 0 1 14,13 0.001 1 1 22.0079 185 ::f,0,12 f,3,3 f,12,0 f,12,14 
160:3,0 0.001 -1 -1 2,1 0.001 1 0 2,2 0.001 -1 1 10.0506 140 1,14 0.001 0 1 1,13 0.001 -1 -1 2,14 0.001 -1 0 67.0261 365 13,2 0.001 0 -1 14,2 0.001 -1 1 14,1 0.001 0 1 41.0317 305 13,14 0.001 -1 1 14,14 0.001 0 1 14,13 0.001 1 1 22.0079 185 ::f,0,12 f,3,3 f,12,0 f,12,14 
161:3,0 0.001 -1 -1 2,1 0.001 1 1 2,2 0.001 -1 1 10.0506 140 1,14 0.001 -1 1 1,13 0.001 -1 -1 2,14 0.001 -1 0 74.0262 380 13,1 0.001 0 -1 14,2 0.001 -1 1 14,1 0.001 0 1 41.0327 305 13,14 0.001 -1 0 14,14 0.001 -1 1 14,13 0.001 0 1 22.0079 185 ::f,1,12 f,3,3 f,12,0 f,12,14 
162:3,0 0.001 -1 -1 2,1 0.001 1 1 2,2 0.001 -1 0 10.0506 140 1,14 0.001 -1 1 1,13 0.001 0 -1 2,14 0.001 -1 0 74.0262 380 13,1 0.001 0 -1 14,2 0.001 -1 0 14,1 0.001 0 1 41.0327 305 13,14 0.001 -1 -1 14,14 0.001 -1 1 14,13 0.001 0 1 22.0079 185 ::f,1,12 f,3,3 f,12,0 f,12,14 
163:3,0 0.001 -1 -1 2,1 0.001 0 1 1,2 0.001 -1 0 10.0516 140 1,14 0.001 -1 0 1,13 0.001 0 -1 2,14 0.001 -1 -1 82.0263 395 13,1 0.001 1 -1 13,2 0.001 -1 0 14,1 0.001 -1 1 41.0337 305 13,14 0.001 0 -1 14,14 0.001 -1 0 14,13 0.001 0 1 22.0079 185 ::f,3,3 f,3,12 f,12,0 f,12,14 
164:3,0 0.001 -1 -1 2,2 0.001 0 1 1,2 0.001 -1 0 10.0526 140 1,14 0.001 -1 0 1,13 0.001 1 -1 2,14 0.001 -1 -1 82.0263 395 13,1 0.001 1 -1 13,2 0.001 -1 0 14,1 0.001 -1 1 41.0337 305 13,14 0.001 1 -1 14,14 0.001 -1 0 14,13 0.001 -1 1 22.0079 185 ::f,3,3 f,3,12 f,12,0 f,12,14 
165:3,0 0.001 -1 -1 2,2 0.001 0 1 1,2 0.001 -1 -1 10.0526 140 1,14 0.001 -1 -1 1,13 0.001 1 -1 2,14 0.001 0 -1 82.0263 395 13,1 0.001 1 0 13,2 0.001 -1 -1 14,1 0.001 -1 0 41.0337 305 13,14 0.001 1 0 14,14 0.001 -1 0 14,13 0.001 -1 1 22.0079 185 ::f,3,3 f,3,12 f,12,0 f,12,14 
166:3,0 0.001 -1 -1 2,2 0.001 -1 1 1,2 0.001 -1 -1 10.0526 140 1,14 0.001 -1 -1 1,13 0.001 1 0 2,14 0.001 0 -1 82.0263 395 13,1 0.001 1 0 13,2 0.001 -1 -1 14,1 0.001 -1 0 41.0337 305 13,14 0.001 1 1 14,14 0.001 -1 -1 14,13 0.001 -1 0 22.0079 185 ::f,3,3 f,3,12 f,12,0 f,12,14 
167:3,0 0.001 -1 -1 2,2 0.001 -1 1 1,2 0.001 0 -1 10.0526 140 1,14 0.001 0 -1 2,13 0.001 1 0 2,14 0.001 1 -1 82.0273 395 13,1 0.001 1 0 13,2 0.001 0 -1 14,1 0.001 -1 -1 41.0337 305 13,14 0.001 0 1 14,14 0.001 -1 -1 14,13 0.001 -1 0 22.0079 185 ::f,3,3 f,3,12 f,12,0 f,12,14 
168:3,0 0.001 -1 -1 2,2 0.001 -1 0 1,1 0.001 0 -1 10.0536 140 1,13 0.001 0 -1 2,13 0.001 1 0 2,14 0.001 1 -1 82.0283 395 13,1 0.001 1 1 13,2 0.001 0 -1 14,1 0.001 -1 -1 41.0337 305 13,14 0.001 -1 1 14,14 0.001 0 -1 14,13 0.001 -1 -1 22.0079 185 ::f,3,3 f,3,12 f,12,0 f,12,14 
169:3,0 0.001 -1 -1 1,2 0.001 -1 0 1,1 0.001 0 -1 10.0546 140 1,13 0.001 0 -1 2,13 0.001 1 1 2,14 0.001 1 0 82.0283 395 13,1 0.001 1 1 13,2 0.001 0 -1 14,1 0.001 0 -1 41.0337 305 13,14 0.001 -1 0 14,14 0.001 0 -1 14,13 0.001 -1 -1 22.0079 185 ::f,3,3 f,3,12 f,12,0 f,12,14 
170:3,0 0.001 -1 -1 1,2 0.001 -1 0 1,1 0.001 1 -1 10.0546 140 1,13 0.001 1 -1 2,13 0.001 1 1 2,14 0.001 1 0 82.0283 395 13,1 0.001 0 1 13,2 0.001 1 -1 14,1 0.001 0 -1 41.0337 305 13,14 0.001 -1 -1 14,14 0.001 1 -1 14,13 0.001 0 -1 22.0079 185 ::f,3,3 f,3,12 f,12,0 f,12,14 
171:3,0 0.001 -1 -1 1,2 0.001 -1 -1 1,1 0.001 1 -1 10.0546 140 1,13 0.001 1 -1 2,13 0.001 0 1 2,14 0.001 1 1 82.0283 395 13,1 0.001 0 1 13,2 0.001 1 -1 14,1 0.001 1 -1 41.0337 305 13,14 0.001 0 -1 14,14 0.001 1 -1 14,13 0.001 0 -1 22.0079 185 ::f,3,3 f,3,12 f,12,0 f,12,14 
172:3,0 0.001 -1 -1 1,2 0.001 -1 -1 1,1 0.001 1 0 10.0546 140 1,13 0.001 1 0 2,13 0.001 0 1 2,14 0.001 1 1 82.0283 395 13,1 0.001 -1 1 13,2 0.001 1 0 14,1 0.001 1 -1 41.0337 305 13,14 0.001 1 -1 14,14 0.001 1 0 14,13 0.001 1 -1 22.0079 185 ::f,3,3 f,3,12 f,12,0 f,12,14 
173:3,0 0.001 -1 -1 1,2 0.001 0 -1 2,1 0.001 1 0 10.0556 140 1,13 0.001 1 0 2,13 0.001 0 1 2,14 0.001 0 1 82.0283 395 13,1 0.001 -1 1 13,2 0.001 1 0 14,1 0.001 1 0 41.0337 305 13,14 0.001 1 0 14,14 0.001 1 0 14,13 0.001 1 -1 22.0079 185 ::f,3,3 f,3,12 f,12,0 f,12,14 
174:3,0 0.001 -1 -1 1,1 0.001 0 -1 2,1 0.001 1 0 10.0566 140 1,13 0.001 1 0 2,13 0.001 -1 1 2,14 0.001 0 1 82.0283 395 13,1 0.001 -1 0 13,2 0.001 1 1 14,1 0.001 1 0 41.0337 305 13,14 0.001 1 1 14,14 0.001 1 1 14,13 0.001 1 0 22.0079 185 ::f,3,3 f,3,12 f,12,0 f,12,14 
175:3,0 0.001 -1 -1 1,1 0.001 0 -1 2,1 0.001 1 1 10.0566 140 1,13 0.001 1 1 2,13 0.001 -1 1 2,14 0.001 -1 1 82.0283 395 13,1 0.001 -1 0 13,2 0.001 1 1 14,1 0.001 1 1 41.0337 305 13,14 0.001 0 1 14,14 0.001 1 1 14,13 0.001 1 0 22.0079 185 ::f,3,3 f,3,12 f,12,0 f,12,14 
176:3,0 0.001 -1 -1 1,1 0.001 1 -1 2,1 0.001 1 1 10.0566 140 1,13 0.001 1 1 2,13 0.001 -1 0 2,14 0.001 -1 1 82.0283 395 13,1 0.001 -1 -1 13,2 0.001 0 1 14,1 0.001 1 1 41.0337 305 13,14 0.001 -1 1 14,14 0.001 0 1 14,13 0.001 1 1 22.0079 185 ::f,3,3 f,3,12 f,12,0 f,12,14 
177:3,0 0.001 -1 -1 1,1 0.001 1 -1 2,1 0.001 0 1 10.0566 140 1,13 0.001 0 1 2,13 0.001 -1 0 2,14 0.001 -1 0 82.0283 395 13,1 0.001 -1 -1 13,2 0.001 0 1 14,1 0.001 0 1 48.0338 320 13,14 0.001 -1 0 14,14 0.001 0 1 14,13 0.001 1 1 22.0079 185 ::f,3,3 f,3,12 f,12,14 f,14,3 
178:3,0 0.001 -1 -1 1,1 0.001 1 0 2,2 0.001 0 1 10.0576 140 1,13 0.001 0 1 2,13 0.001 -1 -1 1,14 0.001 -1 0 82.0293 395 13,1 0.001 0 -1 13,2 0.001 -1 1 14,2 0.001 0 1 48.0348 320 13,14 0.001 -1 -1 14,14 0.001 -1 1 14,13 0.001 0 1 22.0079 185 ::f,3,3 f,3,12 f,12,14 f,14,3 
179:3,0 0.001 -1 -1 2,1 0.001 1 0 2,2 0.001 0 1 10.0586 140 1,13 0.001 -1 1 2,13 0.001 -1 -1 1,14 0.001 -1 0 82.0293 395 13,1 0.001 0 -1 13,2 0.001 -1 1 14,2 0.001 0 1 53.0349 335 13,14 0.001 0 -1 14,14 0.001 -1 1 14,13 0.001 0 1 22.0079 185 ::f,3,3 f,3,12 f,12,14 f,14,1 
180:3,0 0.001 -1 -1 2,1 0.001 1 0 2,2 0.001 -1 1 10.0586 140 1,13 0.001 -1 1 2,13 0.001 0 -1 1,14 0.001 -1 -1 82.0293 395 13,1 0.001 1 -1 13,2 0.001 -1 0 14,2 0.001 -1 1 53.0349 335 13,14 0.001 1 -1 14,14 0.001 -1 0 14,13 0.001 0 1 22.0079 185 ::f,3,3 f,3,12 f,12,14 f,14,1 
181:3,0 0.001 -1 -1 2,1 0.001 1 1 2,2 0.001 -1 1 10.0586 140 1,13 0.001 -1 0 2,13 0.001 0 -1 1,14 0.001 -1 -1 82.0293 395 13,1 0.001 1 -1 13,2 0.001 -1 0 14,2 0.001 -1 1 53.0349 335 13,14 0.001 1 0 14,14 0.001 -1 0 14,13 0.001 -1 1 22.0079 185 ::f,3,3 f,3,12 f,12,14 f,14,1 
182:3,0 0.001 -1 -1 2,1 0.001 1 1 2,2 0.001 -1 0 10.0586 140 1,13 0.001 -1 0 2,13 0.001 1 -1 1,14 0.001 0 -1 82.0293 395 13,1 0.001 1 0 13,2 0.001 -1 -1 14,2 0.001 -1 0 53.0349 335 13,14 0.001 1 1 14,14 0.001 -1 0 14,13 0.001 -1 1 22.0079 185 ::f,3,3 f,3,12 f,12,14 f,14,1 
183:3,0 0.001 -1 -1 2,1 0.001 0 1 1,2 0.001 -1 0 10.0596 140 1,13 0.001 -1 -1 2,13 0.001 1 -1 1,14 0.001 0 -1 91.0294 410 13,1 0.001 1 0 13,2 0.001 -1 -1 14,2 0.001 -1 0 53.0349 335 13,14 0.001 0 1 14,14 0.001 -1 -1 14,13 0.001 -1 0 22.0079 185 ::f,3,3 f,3,14 f,12,14 f,14,1 
184:3,0 0.001 -1 -1 2,2 0.001 0 1 1,2 0.001 -1 0 10.0606 140 1,13 0.001 -1 -1 2,13 0.001 1 0 1,14 0.001 0 -1 91.0294 410 13,1 0.001 1 0 13,2 0.001 0 -1 14,2 0.001 -1 0 61.035 350 13,14 0.001 -1 1 14,14 0.001 -1 -1 14,13 0.001 -1 0 22.0079 185 ::f,3,3 f,3,14 f,12,14 f,15,1 
185:3,0 0.001 -1 -1 2,2 0.001 0 1 1,2 0.001 -1 -1 10.0606 140 1,13 0.001 0 -1 2,13 0.001 1 0 1,14 0.001 1 -1 91.0294 410 14,1 0.001 1 0 13,1 0.001 0 -1 14,2 0.001 -1 -1 61.037 350 13,14 0.001 -1 0 14,14 0.001 0 -1 14,13 0.001 -1 -1 22.0079 185 ::f,3,3 f,3,14 f,12,14 f,15,1 
186:3,0 0.001 -1 -1 2,2 0.001 -1 1 1,2 0.001 -1 -1 10.0606 140 1,13 0.001 0 -1 2,13 0.001 1 1 1,14 0.001 1 -1 91.0294 410 14,1 0.001 1 0 13,1 0.001 0 -1 14,2 0.001 -1 -1 70.0371 365 13,14 0.001 -1 -1 14,14 0.001 0 -1 14,13 0.001 -1 -1 22.0079 185 ::f,3,3 f,3,14 f,12,14 f,15,1 
187:3,0 0.001 -1 -1 2,2 0.001 -1 1 1,2 0.001 0 -1 10.0606 140 1,13 0.001 1 -1 2,13 0.001 1 1 1,14 0.001 1 0 101.03 425 14,1 0.001 1 1 13,1 0.001 1 -1 14,2 0.001 0 -1 70.0371 365 13,14 0.001 0 -1 14,14 0.001 1 -1 14,13 0.001 0 -1 22.0079 185 ::f,2,15 f,3,3 f,12,14 f,15,1 
188:3,0 0.001 -1 -1 2,2 0.001 -1 0 1,1 0.001 0 -1 10.0616 140 1,13 0.001 1 -1 2,13 0.001 0 1 1,14 0.001 1 0 101.03 425 14,1 0.001 1 1 13,1 0.001 1 -1 14,2 0.001 0 -1 70.0371 365 13,14 0.001 1 -1 14,14 0.001 1 -1 14,13 0.001 0 -1 22.0079 185 ::f,2,15 f,3,3 f,12,14 f,15,1 
189:3,0 0.001 -1 -1 1,2 0.001 -1 0 1,1 0.001 0 -1 10.0626 140 1,13 0.001 1 0 2,14 0.001 0 1 1,14 0.001 1 1 101.031 425 14,1 0.001 0 1 13,1 0.001 1 0 14,2 0.001 1 -1 70.0371 365 13,14 0.001 1 0 14,14 0.001 1 0 14,13 0.001 1 -1 22.0079 185 ::f,2,15 f,3,3 f,12,14 f,15,1 
190:3,0 0.001 -1 -1 1,2 0.001 -1 0 1,1 0.001 1 -1 10.0626 140 2,13 0.001 1 0 2,14 0.001 0 1 1,14 0.001 1 1 111.032 440 14,1 0.001 0 1 13,1 0.001 1 0 14,2 0.001 1 -1 76.0372 380 13,14 0.001 1 1 14,14 0.001 1 0 14,13 0.001 1 -1 22.0079 185 ::f,0,13 f,3,3 f,12,3 f,12,14 
191:3,0 0.001 -1 -1 1,2 0.001 -1 -1 1,1 0.001 1 -1 10.0626 140 2,13 0.001 1 0 2,14 0.001 -1 1 1,14 0.001 0 1 111.032 440 14,1 0.001 0 1 13,1 0.001 1 0 14,2 0.001 1 0 76.0372 380 13,14 0.001 0 1 14,14 0.001 1 1 14,13 0.001 1 0 22.0079 185 ::f,0,13 f,3,3 f,12,3 f,12,14 
192:3,0 0.001 -1 -1 1,2 0.001 -1 -1 1,1 0.001 1 0 10.0626 140 2,13 0.001 1 1 2,14 0.001 -1 1 1,14 0.001 0 1 111.032 440 14,1 0.001 -1 1 13,1 0.001 1 1 14,2 0.001 1 0 76.0372 380 13,14 0.001 -1 1 14,14 0.001 1 1 14,13 0.001 1 0 22.0079 185 ::f,0,13 f,3,3 f,12,3 f,12,14 
193:3,0 0.001 -1 -1 1,2 0.001 0 -1 2,1 0.001 1 0 10.0636 140 2,13 0.001 1 1 2,14 0.001 -1 0 1,14 0.001 -1 1 111.032 440 13,2 0.001 -1 1 13,1 0.001 1 1 14,2 0.001 1 1 76.0382 380 13,14 0.001 -1 0 14,14 0.001 0 1 14,13 0.001 1 1 22.0079 185 ::f,0,13 f,3,3 f,12,3 f,12,14 
194:3,0 0.001 -1 -1 1,1 0.001 0 -1 2,1 0.001 1 0 10.0646 140 2,13 0.001 0 1 2,14 0.001 -1 0 1,14 0.001 -1 1 111.032 440 13,2 0.001 -1 1 13,1 0.001 0 1 14,2 0.001 1 1 86.0383 395 13,14 0.001 -1 -1 14,14 0.001 0 1 14,13 0.001 1 1 22.0079 185 ::f,0,13 f,3,3 f,12,14 f,15,0 
195:3,0 0.001 -1 -1 1,1 0.001 0 -1 2,1 0.001 1 1 10.0646 140 2,13 0.001 0 1 2,14 0.001 -1 0 1,14 0.001 -1 0 111.032 440 13,2 0.001 -1 0 13,1 0.001 0 1 14,2 0.001 0 1 86.0383 395 13,14 0.001 0 -1 14,14 0.001 -1 1 14,13 0.001 0 1 22.0079 185 ::f,0,13 f,3,3 f,12,14 f,15,0 
196:3,0 0.001 -1 -1 1,1 0.001 1 -1 2,1 0.001 1 1 10.0646 140 2,13 0.001 0 1 2,14 0.001 -1 -1 1,14 0.001 -1 0 111.032 440 13,2 0.001 -1 0 13,1 0.001 -1 1 14,2 0.001 0 1 86.0383 395 13,14 0.001 1 -1 14,14 0.001 -1 1 14,13 0.001 0 1 22.0079 185 ::f,0,13 f,3,3 f,12,14 f,15,0 
197:3,0 0.001 -1 -1 1,1 0.001 1 -1 2,1 0.001 0 1 10.0646 140 2,13 0.001 -1 1 2,14 0.001 -1 -1 1,14 0.001 -1 -1 111.032 440 13,2 0.001 -1 -1 13,1 0.001 -1 1 14,2 0.001 -1 1 86.0383 395 13,14 0.001 1 0 14,14 0.001 -1 0 14,13 0.001 0 1 22.0079 185 ::f,0,13 f,3,3 f,12,14 f,15,0 
198:3,0 0.001 -1 -1 1,1 0.001 1 0 2,2 0.001 0 1 10.0656 140 2,13 0.001 -1 1 2,14 0.001 0 -1 1,14 0.001 -1 -1 116.032 455 13,2 0.001 -1 -1 13,1 0.001 -1 0 14,2 0.001 -1 1 86.0383 395 13,14 0.001 1 1 14,14 0.001 -1 0 14,13 0.001 -1 1 22.0079 185 ::f,0,14 f,3,3 f,12,14 f,15,0 
199:3,0 0.001 -1 -1 2,1 0.001 1 0 2,2 0.001 0 1 10.0666 140 2,13 0.001 -1 0 2,14 0.001 0 -1 1,14 0.001 0 -1 116.032 455 13,2 0.001 0 -1 13,1 0.001 -1 0 14,2 0.001 -1 0 86.0383 395 13,14 0.001 0 1 14,14 0.001 -1 0 14,13 0.001 -1 1 22.0079 185 ::f,0,14 f,3,3 f,12,14 f,15,0 
200:3,0 0.001 -1 -1 2,1 0.001 1 0 2,2 0.001 -1 1 10.0666 140 2,13 0.001 -1 0 2,14 0.001 1 -1 1,13 0.001 0 -1 116.033 455 13,2 0.001 0 -1 13,1 0.001 -1 -1 14,2 0.001 -1 0 86.0383 395 13,14 0.001 -1 1 14,14 0.001 -1 -1 14,13 0.001 -1 0 22.0079 185 ::f,0,14 f,3,3 f,12,14 f,15,0 
201:3,0 0.001 -1 -1 2,1 0.001 1 1 2,2 0.001 -1 1 10.0666 140 2,13 0.001 -1 -1 2,14 0.001 1 -1 1,13 0.001 0 -1 116.033 455 13,2 0.001 0 -1 13,1 0.001 -1 -1 14,2 0.001 -1 0 86.0383 395 13,14 0.001 -1 0 14,14 0.001 -1 -1 14,13 0.001 -1 0 22.0079 185 ::f,0,14 f,3,3 f,12,14 f,15,0 
202:3,0 0.001 -1 -1 2,1 0.001 1 1 2,2 0.001 -1 0 10.0666 140 2,13 0.001 -1 -1 2,14 0.001 1 0 1,13 0.001 1 -1 116.033 455 13,2 0.001 1 -1 13,1 0.001 0 -1 14,2 0.001 -1 -1 86.0383 395 13,14 0.001 -1 -1 14,14 0.001 0 -1 14,13 0.001 -1 -1 22.0079 185 ::f,0,14 f,3,3 f,12,14 f,15,0 
203:3,0 0.001 -1 -1 2,1 0.001 0 1 1,2 0.001 -1 0 10.0676 140 2,13 0.001 0 -1 2,14 0.001 1 0 1,13 0.001 1 -1 116.033 455 14,1 0.001 1 -1 13,1 0.001 0 -1 14,2 0.001 -1 -1 86.0393 395 13,14 0.001 0 -1 14,14 0.001 0 -1 14,13 0.001 -1 -1 22.0079 185 ::f,0,14 f,3,3 f,12,14 f,15,0 
204:3,0 0.001 -1 -1 2,2 0.001 0 1 1,2 0.001 -1 0 10.0686 140 2,13 0.001 0 -1 2,14 0.001 1 1 1,13 0.001 1 0 116.033 455 14,1 0.001 1 -1 13,1 0.001 1 -1 14,2 0.001 -1 -1 96.0394 410 13,14 0.001 1 -1 14,14 0.001 1 -1 14,13 0.001 0 -1 22.0079 185 ::f,0,14 f,3,3 f,12,0 f,12,14 
205:3,0 0.001 -1 -1 2,2 0.001 0 1 1,2 0.001 -1 -1 10.0686 140 2,13 0.001 1 -1 2,14 0.001 1 1 1,13 0.001 1 0 116.033 455 14,1 0.001 1 0 13,1 0.001 1 -1 14,2 0.001 -1 -1 96.0394 410 13,14 0.001 1 0 14,14 0.001 1 -1 14,13 0.001 0 -1 22.0079 185 ::f,0,14 f,3,3 f,12,0 f,12,14 
206:3,0 0.001 -1 -1 2,2 0.001 -1 1 1,2 0.001 -1 -1 10.0686 140 2,13 0.001 1 -1 2,14 0.001 0 1 1,13 0.001 1 0 116.033 455 14,1 0.001 1 0 13,1 0.001 1 0 14,2 0.001 0 -1 96.0394 410 13,14 0.001 1 1 14,14 0.001 1 0 14,13 0.001 1 -1 22.0079 185 ::f,0,14 f,3,3 f,12,0 f,12,14 
207:3,0 0.001 -1 -1 2,2 0.001 -1 1 1,2 0.001 0 -1 10.0686 140 2,13 0.001 1 0 2,14 0.001 0 1 1,13 0.001 1 1 116.033 455 14,1 0.001 1 1 13,1 0.001 1 0 14,2 0.001 0 -1 96.0394 410 13,14 0.001 0 1 14,14 0.001 1 0 14,13 0.001 1 -1 22.0079 185 ::f,0,14 f,3,3 f,12,0 f,12,14 
208:3,0 0.001 -1 -1 2,2 0.001 -1 0 1,1 0.001 0 -1 10.0696 140 2,13 0.001 1 0 2,14 0.001 -1 1 1,13 0.001 1 1 116.033 455 14,1 0.001 1 1 13,1 0.001 1 0 14,2 0.001 1 -1 96.0394 410 13,14 0.001 -1 1 14,14 0.001 1 1 14,13 0.001 1 0 22.0079 185 ::f,0,14 f,3,3 f,12,0 f,12,14 
209:3,0 0.001 -1 -1 1,2 0.001 -1 0 1,1 0.001 0 -1 10.0706 140 2,13 0.001 1 1 2,14 0.001 -1 1 1,13 0.001 0 1 116.033 455 14,1 0.001 0 1 13,1 0.001 1 1 14,2 0.001 1 -1 96.0394 410 13,14 0.001 -1 0 14,14 0.001 1 1 14,13 0.001 1 0 22.0079 185 ::f,0,14 f,3,3 f,12,0 f,12,14 
210:3,0 0.001 -1 -1 1,2 0.001 -1 0 1,1 0.001 1 -1 10.0706 140 2,13 0.001 1 1 2,14 0.001 -1 0 1,13 0.001 0 1 116.033 455 14,1 0.001 0 1 13,1 0.001 1 1 14,2 0.001 1 0 96.0394 410 13,14 0.001 -1 -1 14,14 0.001 0 1 14,13 0.001 1 1 22.0079 185 ::f,0,14 f,3,3 f,12,0 f,12,14 
211:3,0 0.001 -1 -1 1,2 0.001 -1 -1 1,1 0.001 1 -1 10.0706 140 2,13 0.001 0 1 1,14 0.001 -1 0 1,13 0.001 -1 1 116.034 455 14,1 0.001 0 1 13,1 0.001 0 1 14,2 0.001 1 0 96.0394 410 13,14 0.001 0 -1 14,14 0.001 0 1 14,13 0.001 1 1 22.0079 185 ::f,0,14 f,3,3 f,12,0 f,12,14 
212:3,0 0.001 -1 -1 1,2 0.001 -1 -1 1,1 0.001 1 0 10.0706 140 2,14 0.001 0 1 1,14 0.001 -1 0 1,13 0.001 -1 1 126.035 470 14,1 0.001 -1 1 13,1 0.001 0 1 14,2 0.001 1 1 96.0394 410 13,14 0.001 1 -1 14,14 0.001 -1 1 14,13 0.001 0 1 22.0079 185 ::f,2,12 f,3,3 f,12,0 f,12,14 
213:3,0 0.001 -1 -1 1,2 0.001 0 -1 2,1 0.001 1 0 10.0716 140 2,14 0.001 0 1 1,14 0.001 -1 -1 1,13 0.001 -1 0 126.035 470 14,1 0.001 -1 1 13,1 0.001 -1 1 14,2 0.001 1 1 96.0394 410 13,14 0.001 1 0 14,14 0.001 -1 1 14,13 0.001 0 1 22.0079 185 ::f,2,12 f,3,3 f,12,0 f,12,14 
214:3,0 0.001 -1 -1 1,1 0.001 0 -1 2,1 0.001 1 0 10.0726 140 2,14 0.001 -1 1 1,14 0.001 -1 -1 1,13 0.001 -1 0 126.035 470 14,1 0.001 -1 0 13,1 0.001 -1 1 14,2 0.001 0 1 96.0394 410 13,14 0.001 1 1 14,14 0.001 -1 0 14,13 0.001 0 1 22.0079 185 ::f,2,12 f,3,3 f,12,0 f,12,14 
215:3,0 0.001 -1 -1 1,1 0.001 0 -1 2,1 0.001 1 1 10.0726 140 2,14 0.001 -1 1 1,14 0.001 0 -1 1,13 0.001 -1 -1 126.035 470 14,1 0.001 -1 0 13,1 0.001 -1 0 14,2 0.001 0 1 96.0394 410 13,14 0.001 0 1 14,14 0.001 -1 0 14,13 0.001 -1 1 22.0079 185 ::f,2,12 f,3,3 f,12,0 f,12,14 
216:3,0 0.001 -1 -1 1,1 0.001 1 -1 2,1 0.001 1 1 10.0726 140 2,14 0.001 -1 0 1,14 0.001 0 -1 1,13 0.001 -1 -1 126.035 470 14,1 0.001 -1 -1 13,1 0.001 -1 0 14,2 0.001 -1 1 96.0394 410 13,14 0.001 -1 1 14,14 0.001 -1 0 14,13 0.001 -1 1 22.0079 185 ::f,2,12 f,3,3 f,12,0 f,12,14 
217:3,0 0.001 -1 -1 1,1 0.001 1 -1 2,1 0.001 0 1 10.0726 140 2,14 0.001 -1 0 1,14 0.001 0 -1 1,13 0.001 0 -1 126.035 470 14,1 0.001 -1 -1 13,1 0.001 -1 -1 14,2 0.001 -1 1 96.0394 410 13,14 0.001 -1 0 14,14 0.001 -1 -1 14,13 0.001 -1 0 22.0079 185 ::f,2,12 f,3,3 f,12,0 f,12,14 
218:3,0 0.001 -1 -1 1,1 0.001 1 0 2,2 0.001 0 1 10.0736 140 2,14 0.001 -1 0 1,14 0.001 1 -1 1,13 0.001 0 -1 126.035 470 14,1 0.001 0 -1 13,1 0.001 -1 -1 14,2 0.001 -1 0 101.04 425 13,14 0.001 -1 -1 14,14 0.001 -1 -1 14,13 0.001 -1 0 22.0079 185 ::f,2,12 f,3,3 f,12,14 f,14,0 
219:3,0 0.001 -1 -1 2,1 0.001 1 0 2,2 0.001 0 1 10.0746 140 2,14 0.001 -1 -1 1,14 0.001 1 -1 1,13 0.001 1 -1 126.035 470 14,1 0.001 0 -1 13,1 0.001 0 -1 13,2 0.001 -1 0 111.041 440 13,14 0.001 0 -1 14,14 0.001 0 -1 14,13 0.001 -1 -1 22.0079 185 ::f,2,12 f,3,3 f,12,14 f,15,3 
220:3,0 0.001 -1 -1 2,1 0.001 1 0 2,2 0.001 -1 1 10.0746 140 2,14 0.001 -1 -1 1,14 0.001 1 0 1,13 0.001 1 -1 132.035 485 14,1 0.001 1 -1 13,1 0.001 0 -1 13,2 0.001 -1 0 111.041 440 13,14 0.001 1 -1 14,14 0.001 0 -1 14,13 0.001 -1 -1 22.0079 185 ::f,0,13 f,3,3 f,12,14 f,15,3 
221:3,0 0.001 -1 -1 2,1 0.001 1 1 2,2 0.001 -1 1 10.0746 140 2,14 0.001 0 -1 1,14 0.001 1 0 1,13 0.001 1 0 132.035 485 14,1 0.001 1 -1 13,1 0.001 1 -1 13,2 0.001 -1 -1 111.041 440 13,14 0.001 1 0 14,14 0.001 1 -1 14,13 0.001 0 -1 22.0079 185 ::f,0,13 f,3,3 f,12,14 f,15,3 
222:3,0 0.001 -1 -1 2,1 0.001 1 1 2,2 0.001 -1 0 10.0746 140 2,14 0.001 0 -1 1,14 0.001 1 1 2,13 0.001 1 0 132.036 485 14,1 0.001 1 0 13,1 0.001 1 -1 13,2 0.001 -1 -1 111.041 440 13,14 0.001 1 1 14,14 0.001 1 -1 14,13 0.001 0 -1 22.0079 185 ::f,0,13 f,3,3 f,12,14 f,15,3 
223:3,0 0.001 -1 -1 2,1 0.001 0 1 1,2 0.001 -1 0 10.0756 140 2,14 0.001 1 -1 1,14 0.001 1 1 2,13 0.001 1 0 132.036 485 14,1 0.001 1 0 13,1 0.001 1 0 13,2 0.001 0 -1 111.041 440 13,14 0.001 0 1 14,14 0.001 1 0 14,13 0.001 1 -1 22.0079 185 ::f,0,13 f,3,3 f,12,14 f,15,3 
224:3,0 0.001 -1 -1 2,2 0.001 0 1 1,2 0.001 -1 0 10.0766 140 2,14 0.001 1 -1 1,14 0.001 0 1 2,13 0.001 1 1 132.036 485 14,1 0.001 1 1 13,1 0.001 1 0 13,2 0.001 0 -1 111.041 440 13,14 0.001 -1 1 14,14 0.001 1 0 14,13 0.001 1 -1 22.0079 185 ::f,0,13 f,3,3 f,12,14 f,15,3 
225:3,0 0.001 -1 -1 2,2 0.001 0 1 1,2 0.001 -1 -1 10.0766 140 2,14 0.001 1 0 1,14 0.001 0 1 2,13 0.001 1 1 132.036 485 14,1 0.001 1 1 13,1 0.001 1 0 13,2 0.001 0 -1 111.041 440 13,14 0.001 -1 0 14,14 0.001 1 1 14,13 0.001 1 0 22.0079 185 ::f,0,13 f,3,3 f,12,14 f,15,3 
226:3,0 0.001 -1 -1 2,2 0.001 -1 1 1,2 0.001 -1 -1 10.0766 140 2,14 0.001 1 0 1,14 0.001 -1 1 2,13 0.001 0 1 132.036 485 14,1 0.001 0 1 13,1 0.001 1 1 13,2 0.001 1 -1 111.041 440 13,14 0.001 -1 -1 14,14 0.001 1 1 14,13 0.001 1 0 22.0079 185 ::f,0,13 f,3,3 f,12,14 f,15,3 
227:3,0 0.001 -1 -1 2,2 0.001 -1 1 1,2 0.001 0 -1 10.0766 140 2,14 0.001 1 1 1,14 0.001 -1 1 2,13 0.001 0 1 132.036 485 14,2 0.001 0 1 13,1 0.001 1 1 13,2 0.001 1 -1 111.042 440 13,14 0.001 0 -1 14,14 0.001 0 1 14,13 0.001 1 1 22.0079 185 ::f,0,13 f,3,3 f,12,14 f,15,3 
228:3,0 0.001 -1 -1 2,2 0.001 -1 0 1,1 0.001 0 -1 10.0776 140 2,14 0.001 1 1 1,14 0.001 -1 0 2,13 0.001 0 1 132.036 485 14,2 0.001 0 1 13,1 0.001 1 1 13,2 0.001 1 0 111.042 440 13,14 0.001 1 -1 14,14 0.001 0 1 14,13 0.001 1 1 22.0079 185 ::f,0,13 f,3,3 f,12,14 f,15,3 
229:3,0 0.001 -1 -1 1,2 0.001 -1 0 1,1 0.001 0 -1 10.0786 140 2,14 0.001 0 1 1,14 0.001 -1 0 2,13 0.001 -1 1 132.036 485 14,2 0.001 -1 1 13,1 0.001 0 1 13,2 0.001 1 0 111.042 440 13,14 0.001 1 0 14,14 0.001 -1 1 14,13 0.001 0 1 22.0079 185 ::f,0,13 f,3,3 f,12,14 f,15,3 
230:3,0 0.001 -1 -1 1,2 0.001 -1 0 1,1 0.001 1 -1 10.0786 140 2,14 0.001 0 1 1,14 0.001 -1 -1 2,13 0.001 -1 1 132.036 485 14,2 0.001 -1 1 13,1 0.001 0 1 13,2 0.001 1 1 111.042 440 13,14 0.001 1 1 14,14 0.001 -1 1 14,13 0.001 0 1 22.0079 185 ::f,0,13 f,3,3 f,12,14 f,15,3 
231:3,0 0.001 -1 -1 1,2 0.001 -1 -1 1,1 0.001 1 -1 10.0786 140 2,14 0.001 -1 1 1,14 0.001 -1 -1 2,13 0.001 -1 0 142.036 500 14,2 0.001 -1 0 13,1 0.001 -1 1 13,2 0.001 1 1 111.042 440 13,14 0.001 0 1 14,14 0.001 -1 0 14,13 0.001 0 1 22.0079 185 ::f,3,3 f,3,12 f,12,14 f,15,3 
232:3,0 0.001 -1 -1 1,2 0.001 -1 -1 1,1 0.001 1 0 10.0786 140 2,14 0.001 -1 1 1,14 0.001 0 -1 2,13 0.001 -1 0 142.036 500 14,2 0.001 -1 0 13,1 0.001 -1 1 13,2 0.001 0 1 111.042 440 13,14 0.001 -1 1 14,14 0.001 -1 0 14,13 0.001 -1 1 22.0079 185 ::f,3,3 f,3,12 f,12,14 f,15,3 
233:3,0 0.001 -1 -1 1,2 0.001 0 -1 2,1 0.001 1 0 10.0796 140 2,14 0.001 -1 0 1,13 0.001 0 -1 2,13 0.001 -1 -1 142.037 500 14,2 0.001 -1 0 13,1 0.001 -1 0 13,2 0.001 0 1 111.042 440 13,14 0.001 -1 0 14,14 0.001 -1 0 14,13 0.001 -1 1 22.0079 185 ::f,3,3 f,3,12 f,12,14 f,15,3 
234:3,0 0.001 -1 -1 1,1 0.001 0 -1 2,1 0.001 1 0 10.0806 140 1,14 0.001 -1 0 1,13 0.001 0 -1 2,13 0.001 -1 -1 142.038 500 14,2 0.001 -1 -1 13,1 0.001 -1 0 13,2 0.001 -1 1 111.042 440 13,14 0.001 -1 -1 14,14 0.001 -1 -1 14,13 0.001 -1 0 22.0079 185 ::f,3,3 f,3,12 f,12,14 f,15,3 
235:3,0 0.001 -1 -1 1,1 0.001 0 -1 2,1 0.001 1 1 10.0806 140 1,14 0.001 -1 0 1,13 0.001 1 -1 2,13 0.001 0 -1 142.038 500 14,2 0.001 -1 -1 13,1 0.001 -1 -1 13,2 0.001 -1 1 111.042 440 13,14 0.001 0 -1 14,14 0.001 -1 -1 14,13 0.001 -1 0 22.0079 185 ::f,3,3 f,3,12 f,12,14 f,15,3 
236:3,0 0.001 -1 -1 1,1 0.001 1 -1 2,1 0.001 1 1 10.0806 140 1,14 0.001 -1 -1 1,13 0.001 1 -1 2,13 0.001 0 -1 142.038 500 14,2 0.001 0 -1 13,1 0.001 -1 -1 13,2 0.001 -1 0 111.042 440 13,14 0.001 1 -1 14,14 0.001 0 -1 14,13 0.001 -1 -1 22.0079 185 ::f,3,3 f,3,12 f,12,14 f,15,3 
237:3,0 0.001 -1 -1 1,1 0.001 1 -1 2,1 0.001 0 1 10.0806 140 1,14 0.001 -1 -1 1,13 0.001 1 0 2,13 0.001 1 -1 142.038 500 14,2 0.001 0 -1 13,1 0.001 0 -1 13,2 0.001 -1 0 111.042 440 13,14 0.001 1 0 14,14 0.001 0 -1 14,13 0.001 -1 -1 22.0079 185 ::f,3,3 f,3,12 f,12,14 f,15,3 
238:3,0 0.001 -1 -1 1,1 0.001 1 0 2,2 0.001 0 1 10.0816 140 1,14 0.001 0 -1 1,13 0.001 1 0 2,13 0.001 1 -1 149.038 515 14,2 0.001 1 -1 13,1 0.001 0 -1 13,2 0.001 -1 -1 111.042 440 13,14 0.001 1 1 14,14 0.001 1 -1 14,13 0.001 0 -1 22.0079 185 ::f,0,14 f,3,3 f,12,14 f,15,3 
239:3,0 0.001 -1 -1 2,1 0.001 1 0 2,2 0.001 0 1 10.0826 140 1,14 0.001 0 -1 1,13 0.001 1 0 2,13 0.001 1 0 149.038 515 14,2 0.001 1 -1 13,1 0.001 1 -1 13,2 0.001 -1 -1 111.042 440 13,14 0.001 0 1 14,14 0.001 1 -1 14,13 0.001 0 -1 22.0079 185 ::f,0,14 f,3,3 f,12,14 f,15,3 
240:3,0 0.001 -1 -1 2,1 0.001 1 0 2,2 0.001 -1 1 10.0826 140 1,14 0.001 0 -1 1,13 0.001 1 1 2,13 0.001 1 0 149.038 515 14,2 0.001 1 0 13,1 0.001 1 -1 13,2 0.001 0 -1 111.042 440 13,14 0.001 -1 1 14,14 0.001 1 0 14,13 0.001 1 -1 22.0079 185 ::f,0,14 f,3,3 f,12,14 f,15,3 
241:3,0 0.001 -1 -1 2,1 0.001 1 1 2,2 0.001 -1 1 10.0826 140 1,14 0.001 1 -1 1,13 0.001 1 1 2,13 0.001 1 1 149.038 515 14,2 0.001 1 0 13,1 0.001 1 0 13,2 0.001 0 -1 111.042 440 13,14 0.001 -1 0 14,14 0.001 1 0 14,13 0.001 1 -1 22.0079 185 ::f,0,14 f,3,3 f,12,14 f,15,3 
242:3,0 0.001 -1 -1 2,1 0.001 1 1 2,2 0.001 -1 0 10.0826 140 1,14 0.001 1 -1 1,13 0.001 0 1 2,13 0.001 1 1 149.038 515 14,2 0.001 1 1 14,1 0.001 1 0 13,2 0.001 0 -1 111.043 440 13,14 0.001 -1 -1 14,14 0.001 1 1 14,13 0.001 1 0 22.0079 185 ::f,0,14 f,3,3 f,12,14 f,15,3 
243:3,0 0.001 -1 -1 2,1 0.001 0 1 1,2 0.001 -1 0 10.0836 140 1,14 0.001 1 0 1,13 0.001 0 1 2,13 0.001 0 1 149.038 515 14,2 0.001 1 1 14,1 0.001 1 0 13,2 0.001 1 -1 121.043 455 13,14 0.001 0 -1 14,14 0.001 1 1 14,13 0.001 1 0 22.0079 185 ::f,0,14 f,3,3 f,12,14 f,14,0 
244:3,0 0.001 -1 -1 2,2 0.001 0 1 1,2 0.001 -1 0 10.0846 140 1,14 0.001 1 0 1,13 0.001 -1 1 2,14 0.001 0 1 149.039 515 14,2 0.001 0 1 14,1 0.001 1 1 13,2 0.001 1 -1 121.043 455 13,14 0.001 1 -1 14,14 0.001 0 1 14,13 0.001 1 1 22.0079 185 ::f,0,14 f,3,3 f,12,14 f,14,0 
245:3,0 0.001 -1 -1 2,2 0.001 0 1 1,2 0.001 -1 -1 10.0846 140 1,14 0.001 1 1 1,13 0.001 -1 1 2,14 0.001 0 1 167.039 545 14,2 0.001 0 1 14,1 0.001 1 1 13,2 0.001 1 0 121.043 455 13,14 0.001 1 0 14,14 0.001 0 1 14,13 0.001 1 1 22.0079 185 ::f,0,14 f,3,3 f,12,14 f,14,0 
246:3,0 0.001 -1 -1 2,2 0.001 -1 1 1,2 0.001 -1 -1 10.0846 140 1,14 0.001 1 1 1,13 0.001 -1 0 2,14 0.001 -1 1 167.039 545 14,2 0.001 -1 1 14,1 0.001 0 1 13,2 0.001 1 0 121.043 455 13,14 0.001 1 1 14,14 0.001 -1 1 14,13 0.001 0 1 22.0079 185 ::f,0,14 f,3,3 f,12,14 f,14,0 
247:3,0 0.001 -1 -1 2,2 0.001 -1 1 1,2 0.001 0 -1 10.0846 140 1,14 0.001 0 1 1,13 0.001 -1 0 2,14 0.001 -1 1 167.039 545 14,2 0.001 -1 1 14,1 0.001 0 1 13,2 0.001 1 1 121.043 455 13,14 0.001 0 1 14,14 0.001 -1 1 14,13 0.001 0 1 22.0079 185 ::f,0,14 f,3,3 f,12,14 f,14,0 
248:3,0 0.001 -1 -1 2,2 0.001 -1 0 1,1 0.001 0 -1 10.0856 140 1,14 0.001 0 1 1,13 0.001 -1 -1 2,14 0.001 -1 0 167.039 545 14,2 0.001 -1 0 14,1 0.001 0 1 13,2 0.001 1 1 121.043 455 13,14 0.001 -1 1 14,14 0.001 -1 0 14,13 0.001 0 1 22.0079 185 ::f,0,14 f,3,3 f,12,14 f,14,0 
249:3,0 0.001 -1 -1 1,2 0.001 -1 0 1,1 0.001 0 -1 10.0866 140 1,14 0.001 -1 1 1,13 0.001 -1 -1 2,14 0.001 -1 0 167.039 545 14,2 0.001 -1 0 14,1 0.001 -1 1 13,2 0.001 0 1 121.043 455 13,14 0.001 -1 0 14,14 0.001 -1 0 14,13 0.001 -1 1 22.0079 185 ::f,0,14 f,3,3 f,12,14 f,14,0 
250:3,0 0.001 -1 -1 1,2 0.001 -1 0 1,1 0.001 1 -1 10.0866 140 1,14 0.001 -1 1 1,13 0.001 0 -1 2,14 0.001 -1 0 167.039 545 14,2 0.001 -1 0 14,1 0.001 -1 1 13,2 0.001 0 1 121.043 455 13,14 0.001 -1 -1 14,14 0.001 -1 0 14,13 0.001 -1 1 22.0079 185 ::f,0,14 f,3,3 f,12,14 f,14,0 
251:3,0 0.001 -1 -1 1,2 0.001 -1 -1 1,1 0.001 1 -1 10.0866 140 1,14 0.001 -1 0 1,13 0.001 0 -1 2,14 0.001 -1 -1 167.039 545 14,2 0.001 -1 -1 14,1 0.001 -1 0 13,2 0.001 -1 1 121.043 455 13,14 0.001 0 -1 14,14 0.001 -1 -1 14,13 0.001 -1 0 22.0079 185 ::f,0,14 f,3,3 f,12,14 f,14,0 
252:3,0 0.001 -1 -1 1,2 0.001 -1 -1 1,1 0.001 1 0 10.0866 140 1,14 0.001 -1 0 1,13 0.001 1 -1 2,14 0.001 -1 -1 176.039 560 14,2 0.001 -1 -1 14,1 0.001 -1 0 13,2 0.001 -1 1 121.043 455 13,14 0.001 1 -1 14,14 0.001 -1 -1 14,13 0.001 -1 0 22.0079 185 ::f,3,3 f,3,14 f,12,14 f,14,0 
253:3,0 0.001 -1 -1 1,2 0.001 0 -1 2,1 0.001 1 0 10.0876 140 1,14 0.001 -1 -1 1,13 0.001 1 -1 2,14 0.001 0 -1 176.039 560 14,2 0.001 0 -1 14,1 0.001 -1 -1 13,2 0.001 -1 0 121.043 455 13,14 0.001 1 0 14,14 0.001 0 -1 14,13 0.001 -1 -1 22.0079 185 ::f,3,3 f,3,14 f,12,14 f,14,0 
254:3,0 0.001 -1 -1 1,1 0.001 0 -1 2,1 0.001 1 0 10.0886 140 1,14 0.001 -1 -1 1,13 0.001 1 0 2,14 0.001 0 -1 176.039 560 14,2 0.001 0 -1 14,1 0.001 -1 -1 13,2 0.001 -1 0 121.043 455 13,14 0.001 1 1 14,14 0.001 0 -1 14,13 0.001 -1 -1 22.0079 185 ::f,3,3 f,3,14 f,12,14 f,14,0 
255:3,0 0.001 -1 -1 1,1 0.001 0 -1 2,1 0.001 1 1 10.0886 140 1,14 0.001 0 -1 2,13 0.001 1 0 2,14 0.001 1 -1 176.04 560 14,2 0.001 0 -1 14,1 0.001 0 -1 13,2 0.001 -1 -1 121.043 455 13,14 0.001 0 1 14,14 0.001 1 -1 14,13 0.001 0 -1 22.0079 185 ::f,3,3 f,3,14 f,12,14 f,14,0 
256:3,0 0.001 -1 -1 1,1 0.001 1 -1 2,1 0.001 1 1 10.0886 140 1,13 0.001 0 -1 2,13 0.001 1 0 2,14 0.001 1 -1 176.041 560 14,2 0.001 1 -1 14,1 0.001 0 -1 13,2 0.001 -1 -1 127.043 470 13,14 0.001 -1 1 14,14 0.001 1 -1 14,13 0.001 0 -1 22.0079 185 ::f,3,3 f,3,14 f,12,3 f,12,14 
257:3,0 0.001 -1 -1 1,1 0.001 1 -1 2,1 0.001 0 1 10.0886 140 1,13 0.001 0 -1 2,13 0.001 1 1 2,14 0.001 1 0 176.041 560 14,2 0.001 1 -1 14,1 0.001 1 -1 13,2 0.001 0 -1 127.043 470 13,14 0.001 -1 0 14,14 0.001 1 0 14,13 0.001 1 -1 22.0079 185 ::f,3,3 f,3,14 f,12,3 f,12,14 
258:3,0 0.001 -1 -1 1,1 0.001 1 0 2,2 0.001 0 1 10.0896 140 1,13 0.001 1 -1 2,13 0.001 1 1 2,14 0.001 1 0 186.042 575 14,2 0.001 1 0 14,1 0.001 1 -1 13,1 0.001 0 -1 127.044 470 13,14 0.001 -1 -1 14,14 0.001 1 0 14,13 0.001 1 -1 22.0079 185 ::f,0,14 f,3,3 f,12,3 f,12,14 
259:3,0 0.001 -1 -1 2,1 0.001 1 0 2,2 0.001 0 1 10.0906 140 1,13 0.001 1 -1 2,13 0.001 0 1 2,14 0.001 1 1 186.042 575 14,2 0.001 1 0 14,1 0.001 1 0 13,1 0.001 0 -1 127.044 470 13,14 0.001 0 -1 14,14 0.001 1 1 14,13 0.001 1 0 22.0079 185 ::f,0,14 f,3,3 f,12,3 f,12,14 
260:3,0 0.001 -1 -1 2,1 0.001 1 0 2,2 0.001 -1 1 10.0906 140 1,13 0.001 1 0 2,13 0.001 0 1 2,14 0.001 1 1 186.042 575 14,2 0.001 1 1 14,1 0.001 1 0 13,1 0.001 1 -1 127.044 470 13,14 0.001 1 -1 14,14 0.001 1 1 14,13 0.001 1 0 22.0079 185 ::f,0,14 f,3,3 f,12,3 f,12,14 
261:3,0 0.001 -1 -1 2,1 0.001 1 1 2,2 0.001 -1 1 10.0906 140 1,13 0.001 1 0 2,13 0.001 0 1 2,14 0.001 0 1 186.042 575 14,2 0.001 1 1 14,1 0.001 1 1 13,1 0.001 1 -1 127.044 470 13,14 0.001 1 0 14,14 0.001 0 1 14,13 0.001 1 1 22.0079 185 ::f,0,14 f,3,3 f,12,3 f,12,14 
262:3,0 0.001 -1 -1 2,1 0.001 1 1 2,2 0.001 -1 0 10.0906 140 1,13 0.001 1 0 2,13 0.001 -1 1 2,14 0.001 0 1 186.042 575 14,2 0.001 0 1 14,1 0.001 1 1 13,1 0.001 1 0 127.044 470 13,14 0.001 1 1 14,14 0.001 0 1 14,13 0.001 1 1 22.0079 185 ::f,0,14 f,3,3 f,12,3 f,12,14 
263:3,0 0.001 -1 -1 2,1 0.001 0 1 1,2 0.001 -1 0 10.0916 140 1,13 0.001 1 1 2,13 0.001 -1 1 2,14 0.001 -1 1 186.042 575 14,2 0.001 0 1 14,1 0.001 0 1 13,1 0.001 1 0 127.044 470 13,14 0.001 0 1 14,14 0.001 -1 1 14,13 0.001 0 1 22.0079 185 ::f,0,14 f,3,3 f,12,3 f,12,14 
264:3,0 0.001 -1 -1 2,2 0.001 0 1 1,2 0.001 -1 0 10.0926 140 1,13 0.001 1 1 2,13 0.001 -1 0 2,14 0.001 -1 1 186.042 575 14,2 0.001 -1 1 14,1 0.001 0 1 13,1 0.001 1 0 127.044 470 13,14 0.001 -1 1 14,14 0.001 -1 1 14,13 0.001 0 1 22.0079 185 ::f,0,14 f,3,3 f,12,3 f,12,14 
265:3,0 0.001 -1 -1 2,2 0.001 0 1 1,2 0.001 -1 -1 10.0926 140 1,13 0.001 0 1 2,13 0.001 -1 0 2,14 0.001 -1 0 186.042 575 14,2 0.001 -1 1 14,1 0.001 0 1 13,1 0.001 1 1 127.044 470 13,14 0.001 -1 0 14,14 0.001 -1 0 14,13 0.001 0 1 22.0079 185 ::f,0,14 f,3,3 f,12,3 f,12,14 
266:3,0 0.001 -1 -1 2,2 0.001 -1 1 1,2 0.001 -1 -1 10.0926 140 1,13 0.001 0 1 2,13 0.001 -1 -1 1,14 0.001 -1 0 186.043 575 14,2 0.001 -1 0 14,1 0.001 -1 1 13,1 0.001 1 1 127.044 470 13,14 0.001 -1 -1 14,14 0.001 -1 0 14,13 0.001 -1 1 22.0079 185 ::f,0,14 f,3,3 f,12,3 f,12,14 
267:3,0 0.001 -1 -1 2,2 0.001 -1 1 1,2 0.001 0 -1 10.0926 140 1,13 0.001 -1 1 2,13 0.001 -1 -1 1,14 0.001 -1 0 195.043 590 13,2 0.001 -1 0 14,1 0.001 -1 1 13,1 0.001 0 1 127.045 470 13,14 0.001 0 -1 14,14 0.001 -1 0 14,13 0.001 -1 1 22.0079 185 ::f,1,15 f,3,3 f,12,3 f,12,14 
268:3,0 0.001 -1 -1 2,2 0.001 -1 0 1,1 0.001 0 -1 10.0936 140 1,13 0.001 -1 1 2,13 0.001 0 -1 1,14 0.001 -1 -1 195.043 590 13,2 0.001 -1 0 14,1 0.001 -1 1 13,1 0.001 0 1 127.045 470 13,14 0.001 1 -1 14,14 0.001 -1 -1 14,13 0.001 -1 0 22.0079 185 ::f,1,15 f,3,3 f,12,3 f,12,14 
269:3,0 0.001 -1 -1 1,2 0.001 -1 0 1,1 0.001 0 -1 10.0946 140 1,13 0.001 -1 0 2,13 0.001 0 -1 1,14 0.001 -1 -1 195.043 590 13,2 0.001 -1 -1 14,1 0.001 -1 0 13,1 0.001 -1 1 127.045 470 13,14 0.001 1 0 14,14 0.001 -1 -1 14,13 0.001 -1 0 22.0079 185 ::f,1,15 f,3,3 f,12,3 f,12,14 
270:3,0 0.001 -1 -1 1,2 0.001 -1 0 1,1 0.001 1 -1 10.0946 140 1,13 0.001 -1 0 2,13 0.001 1 -1 1,14 0.001 0 -1 195.043 590 13,2 0.001 -1 -1 14,1 0.001 -1 0 13,1 0.001 -1 1 127.045 470 13,14 0.001 1 1 14,14 0.001 0 -1 14,13 0.001 -1 -1 22.0079 185 ::f,1,15 f,3,3 f,12,3 f,12,14 
271:3,0 0.001 -1 -1 1,2 0.001 -1 -1 1,1 0.001 1 -1 10.0946 140 1,13 0.001 -1 -1 2,13 0.001 1 -1 1,14 0.001 0 -1 195.043 590 13,2 0.001 0 -1 14,1 0.001 -1 -1 13,1 0.001 -1 0 127.045 470 13,14 0.001 0 1 14,14 0.001 0 -1 14,13 0.001 -1 -1 22.0079 185 ::f,1,15 f,3,3 f,12,3 f,12,14 
272:3,0 0.001 -1 -1 1,2 0.001 -1 -1 1,1 0.001 1 0 10.0946 140 1,13 0.001 -1 -1 2,13 0.001 1 0 1,14 0.001 0 -1 195.043 590 13,2 0.001 0 -1 14,1 0.001 -1 -1 13,1 0.001 -1 0 127.045 470 13,14 0.001 -1 1 14,14 0.001 1 -1 14,13 0.001 0 -1 22.0079 185 ::f,1,15 f,3,3 f,12,3 f,12,14 
273:3,0 0.001 -1 -1 1,2 0.001 0 -1 2,1 0.001 1 0 10.0956 140 1,13 0.001 0 -1 2,13 0.001 1 0 1,14 0.001 1 -1 195.043 590 13,2 0.001 0 -1 14,1 0.001 0 -1 13,1 0.001 -1 -1 127.045 470 13,14 0.001 -1 0 14,14 0.001 1 -1 14,13 0.001 0 -1 22.0079 185 ::f,1,15 f,3,3 f,12,3 f,12,14 
274:3,0 0.001 -1 -1 1,1 0.001 0 -1 2,1 0.001 1 0 10.0966 140 1,13 0.001 0 -1 2,13 0.001 1 1 1,14 0.001 1 -1 195.043 590 13,2 0.001 1 -1 14,1 0.001 0 -1 13,1 0.001 -1 -1 127.045 470 13,14 0.001 -1 -1 14,14 0.001 1 0 14,13 0.001 1 -1 22.0079 185 ::f,1,15 f,3,3 f,12,3 f,12,14 
275:3,0 0.001 -1 -1 1,1 0.001 0 -1 2,1 0.001 1 1 10.0966 140 1,13 0.001 1 -1 2,13 0.001 1 1 1,14 0.001 1 0 195.043 590 13,2 0.001 1 -1 14,1 0.001 1 -1 13,1 0.001 0 -1 127.045 470 13,14 0.001 0 -1 14,14 0.001 1 0 14,13 0.001 1 -1 22.0079 185 ::f,1,15 f,3,3 f,12,3 f,12,14 
276:3,0 0.001 -1 -1 1,1 0.001 1 -1 2,1 0.001 1 1 10.0966 140 1,13 0.001 1 -1 2,13 0.001 0 1 1,14 0.001 1 0 195.043 590 13,2 0.001 1 0 14,1 0.001 1 -1 13,1 0.001 0 -1 127.045 470 13,14 0.001 1 -1 14,14 0.001 1 1 14,13 0.001 1 0 22.0079 185 ::f,1,15 f,3,3 f,12,3 f,12,14 
277:3,0 0.001 -1 -1 1,1 0.001 1 -1 2,1 0.001 0 1 10.0966 140 1,13 0.001 1 0 2,14 0.001 0 1 1,14 0.001 1 1 195.044 590 13,2 0.001 1 0 14,1 0.001 1 0 13,1 0.001 1 -1 127.045 470 13,14 0.001 1 0 14,14 0.001 1 1 14,13 0.001 1 0 22.0079 185 ::f,1,15 f,3,3 f,12,3 f,12,14 
278:3,0 0.001 -1 -1 1,1 0.001 1 0 2,2 0.001 0 1 10.0976 140 2,13 0.001 1 0 2,14 0.001 0 1 1,14 0.001 1 1 195.045 590 13,2 0.001 1 1 14,1 0.001 1 0 13,1 0.001 1 -1 127.045 470 13,14 0.001 1 1 14,14 0.001 0 1 14,13 0.001 1 1 22.0079 185 ::f,1,15 f,3,3 f,12,3 f,12,14 
279:3,0 0.001 -1 -1 2,1 0.001 1 0 2,2 0.001 0 1 10.0986 140 2,13 0.001 1 0 2,14 0.001 -1 1 1,14 0.001 0 1 195.045 590 13,2 0.001 1 1 14,1 0.001 1 1 13,1 0.001 1 0 127.045 470 13,14 0.001 0 1 14,14 0.001 0 1 14,13 0.001 1 1 22.0079 185 ::f,1,15 f,3,3 f,12,3 f,12,14 
280:3,0 0.001 -1 -1 2,1 0.001 1 0 2,2 0.001 -1 1 10.0986 140 2,13 0.001 1 1 2,14 0.001 -1 1 1,14 0.001 0 1 205.045 605 13,2 0.001 0 1 14,1 0.001 1 1 13,1 0.001 1 0 127.045 470 13,14 0.001 -1 1 14,14 0.001 -1 1 14,13 0.001 0 1 22.0079 185 ::f,3,3 f,3,13 f,12,3 f,12,14 
281:3,0 0.001 -1 -1 2,1 0.001 1 1 2,2 0.001 -1 1 10.0986 140 2,13 0.001 1 1 2,14 0.001 -1 0 1,14 0.001 -1 1 205.045 605 13,2 0.001 0 1 14,1 0.001 0 1 13,1 0.001 1 0 127.045 470 13,14 0.001 -1 0 14,14 0.001 -1 1 14,13 0.001 0 1 22.0079 185 ::f,3,3 f,3,13 f,12,3 f,12,14 
282:3,0 0.001 -1 -1 2,1 0.001 1 1 2,2 0.001 -1 0 10.0986 140 2,13 0.001 0 1 2,14 0.001 -1 0 1,14 0.001 -1 1 205.045 605 13,2 0.001 -1 1 14,2 0.001 0 1 13,1 0.001 1 1 127.046 470 13,14 0.001 -1 -1 14,14 0.001 -1 0 14,13 0.001 0 1 22.0079 185 ::f,3,3 f,3,13 f,12,3 f,12,14 
283:3,0 0.001 -1 -1 2,1 0.001 0 1 1,2 0.001 -1 0 10.0996 140 2,13 0.001 0 1 2,14 0.001 -1 0 1,14 0.001 -1 0 205.045 605 13,2 0.001 -1 1 14,2 0.001 0 1 13,1 0.001 1 1 137.046 485 13,14 0.001 0 -1 14,14 0.001 -1 0 14,13 0.001 -1 1 22.0079 185 ::f,3,3 f,3,13 f,12,14 f,15,1 
284:3,0 0.001 -1 -1 2,2 0.001 0 1 1,2 0.001 -1 0 10.1006 140 2,13 0.001 0 1 2,14 0.001 -1 -1 1,14 0.001 -1 0 205.045 605 13,2 0.001 -1 0 14,2 0.001 -1 1 13,1 0.001 0 1 137.046 485 13,14 0.001 1 -1 14,14 0.001 -1 0 14,13 0.001 -1 1 22.0079 185 ::f,3,3 f,3,13 f,12,14 f,15,1 
285:3,0 0.001 -1 -1 2,2 0.001 0 1 1,2 0.001 -1 -1 10.1006 140 2,13 0.001 -1 1 2,14 0.001 -1 -1 1,14 0.001 -1 -1 205.045 605 13,2 0.001 -1 0 14,2 0.001 -1 1 13,1 0.001 0 1 137.046 485 13,14 0.001 1 0 14,14 0.001 -1 -1 14,13 0.001 -1 0 22.0079 185 ::f,3,3 f,3,13 f,12,14 f,15,1 
286:3,0 0.001 -1 -1 2,2 0.001 -1 1 1,2 0.001 -1 -1 10.1006 140 2,13 0.001 -1 1 2,14 0.001 0 -1 1,14 0.001 -1 -1 205.045 605 13,2 0.001 -1 -1 14,2 0.001 -1 0 13,1 0.001 -1 1 137.046 485 13,14 0.001 1 1 14,14 0.001 -1 -1 14,13 0.001 -1 0 22.0079 185 ::f,3,3 f,3,13 f,12,14 f,15,1 
287:3,0 0.001 -1 -1 2,2 0.001 -1 1 1,2 0.001 0 -1 10.1006 140 2,13 0.001 -1 0 2,14 0.001 0 -1 1,14 0.001 0 -1 205.045 605 13,2 0.001 -1 -1 14,2 0.001 -1 0 13,1 0.001 -1 1 137.046 485 13,14 0.001 0 1 14,14 0.001 0 -1 14,13 0.001 -1 -1 22.0079 185 ::f,3,3 f,3,13 f,12,14 f,15,1 
288:3,0 0.001 -1 -1 2,2 0.001 -1 0 1,1 0.001 0 -1 10.1016 140 2,13 0.001 -1 0 2,14 0.001 1 -1 1,13 0.001 0 -1 205.046 605 13,2 0.001 0 -1 14,2 0.001 -1 0 13,1 0.001 -1 0 137.046 485 13,14 0.001 -1 1 14,14 0.001 0 -1 14,13 0.001 -1 -1 22.0079 185 ::f,3,3 f,3,13 f,12,14 f,15,1 
289:3,0 0.001 -1 -1 1,2 0.001 -1 0 1,1 0.001 0 -1 10.1026 140 2,13 0.001 -1 -1 2,14 0.001 1 -1 1,13 0.001 0 -1 215.046 620 13,2 0.001 0 -1 14,2 0.001 -1 -1 13,1 0.001 -1 0 137.046 485 13,14 0.001 -1 0 14,14 0.001 1 -1 14,13 0.001 0 -1 22.0079 185 ::f,3,3 f,3,15 f,12,14 f,15,1 
290:3,0 0.001 -1 -1 1,2 0.001 -1 0 1,1 0.001 1 -1 10.1026 140 2,13 0.001 -1 -1 2,14 0.001 1 0 1,13 0.001 1 -1 215.046 620 13,2 0.001 0 -1 14,2 0.001 -1 -1 13,1 0.001 -1 -1 137.046 485 13,14 0.001 -1 -1 14,14 0.001 1 -1 14,13 0.001 0 -1 22.0079 185 ::f,3,3 f,3,15 f,12,14 f,15,1 
291:3,0 0.001 -1 -1 1,2 0.001 -1 -1 1,1 0.001 1 -1 10.1026 140 2,13 0.001 0 -1 2,14 0.001 1 0 1,13 0.001 1 -1 215.046 620 13,2 0.001 1 -1 14,2 0.001 0 -1 13,1 0.001 -1 -1 137.046 485 13,14 0.001 0 -1 14,14 0.001 1 0 14,13 0.001 1 -1 22.0079 185 ::f,3,3 f,3,15 f,12,14 f,15,1 
292:3,0 0.001 -1 -1 1,2 0.001 -1 -1 1,1 0.001 1 0 10.1026 140 2,13 0.001 0 -1 2,14 0.001 1 1 1,13 0.001 1 0 215.046 620 13,2 0.001 1 -1 14,2 0.001 0 -1 13,1 0.001 0 -1 137.046 485 13,14 0.001 1 -1 14,14 0.001 1 0 14,13 0.001 1 -1 22.0079 185 ::f,3,3 f,3,15 f,12,14 f,15,1 
293:3,0 0.001 -1 -1 1,2 0.001 0 -1 2,1 0.001 1 0 10.1036 140 2,13 0.001 1 -1 2,14 0.001 1 1 1,13 0.001 1 0 225.046 635 13,2 0.001 1 0 14,2 0.001 1 -1 13,1 0.001 0 -1 137.046 485 13,14 0.001 1 0 14,14 0.001 1 1 14,13 0.001 1 0 22.0079 185 ::f,0,13 f,3,3 f,12,14 f,15,1 
294:3,0 0.001 -1 -1 1,1 0.001 0 -1 2,1 0.001 1 0 10.1046 140 2,13 0.001 1 -1 2,14 0.001 0 1 1,13 0.001 1 0 225.046 635 13,2 0.001 1 0 14,2 0.001 1 -1 13,1 0.001 1 -1 144.046 500 13,14 0.001 1 1 14,14 0.001 1 1 14,13 0.001 1 0 22.0079 185 ::f,0,13 f,3,3 f,12,14 f,13,0 
295:3,0 0.001 -1 -1 1,1 0.001 0 -1 2,1 0.001 1 1 10.1046 140 2,13 0.001 1 0 2,14 0.001 0 1 1,13 0.001 1 1 225.046 635 13,2 0.001 1 1 14,2 0.001 1 0 13,1 0.001 1 -1 144.046 500 13,14 0.001 0 1 14,14 0.001 0 1 14,13 0.001 1 1 22.0079 185 ::f,0,13 f,3,3 f,12,14 f,13,0 
296:3,0 0.001 -1 -1 1,1 0.001 1 -1 2,1 0.001 1 1 10.1046 140 2,13 0.001 1 0 2,14 0.001 -1 1 1,13 0.001 1 1 225.046 635 13,2 0.001 1 1 14,2 0.001 1 0 13,1 0.001 1 0 144.046 500 13,14 0.001 -1 1 14,14 0.001 0 1 14,13 0.001 1 1 22.0079 185 ::f,0,13 f,3,3 f,12,14 f,13,0 
297:3,0 0.001 -1 -1 1,1 0.001 1 -1 2,1 0.001 0 1 10.1046 140 2,13 0.001 1 1 2,14 0.001 -1 1 1,13 0.001 0 1 225.046 635 13,2 0.001 0 1 14,2 0.001 1 1 14,1 0.001 1 0 144.047 500 13,14 0.001 -1 0 14,14 0.001 -1 1 14,13 0.001 0 1 22.0079 185 ::f,0,13 f,3,3 f,12,14 f,13,0 
298:3,0 0.001 -1 -1 1,1 0.001 1 0 2,2 0.001 0 1 10.1056 140 2,13 0.001 1 1 2,14 0.001 -1 0 1,13 0.001 0 1 225.046 635 13,2 0.001 0 1 14,2 0.001 1 1 14,1 0.001 1 0 144.047 500 13,14 0.001 -1 -1 14,14 0.001 -1 1 14,13 0.001 0 1 22.0079 185 ::f,0,13 f,3,3 f,12,14 f,13,0 
299:3,0 0.001 -1 -1 2,1 0.001 1 0 2,2 0.001 0 1 10.1066 140 2,13 0.001 0 1 1,14 0.001 -1 0 1,13 0.001 -1 1 225.047 635 13,2 0.001 -1 1 14,2 0.001 0 1 14,1 0.001 1 1 144.047 500 13,14 0.001 0 -1 14,14 0.001 -1 0 14,13 0.001 0 1 22.0079 185 ::f,0,13 f,3,3 f,12,14 f,13,0 
