16
0:3,2 0.001 1 0 2,2 0.003 1 1 1,2 0.002 -1 1 0.002 50 2,13 0.001 1 1 3,14 0.003 -1 1 2,14 0.002 0 -1 0.001 50 15,2 0.001 1 1 12,1 0.003 -1 1 14,0 0.002 -1 1 0.001 50 14,13 0.001 1 1 12,15 0.003 -1 1 15,15 0.002 -1 0 0.001 50 ::f,0,3 f,2,15 f,14,1 f,14,15 
1:3,2 0.001 1 0 2,2 0.001 1 1 1,2 0.001 -1 1 0.0021 65 2,13 0.001 1 1 3,14 0.001 -1 1 2,14 0.001 0 -1 0.0011 65 15,2 0.001 1 1 12,1 0.001 -1 1 14,0 0.002 0 1 0.001 50 14,13 0.001 1 1 12,15 0.003 -1 1 15,15 0.002 -1 0 0.001 50 ::f,0,2 f,3,13 f,14,1 f,14,15 
2:3,2 0.001 1 1 2,2 0.001 0 1 1,2 0.001 -1 0 0.0021 65 2,13 0.001 0 1 3,14 0.001 -1 0 2,14 0.001 1 -1 0.0011 65 15,2 0.001 0 1 12,1 0.001 -1 0 14,0 0.002 1 1 0.001 50 14,13 0.001 0 1 12,15 0.003 -1 1 15,15 0.002 -1 -1 0.001 50 ::f,0,2 f,3,13 f,14,1 f,14,15 
3:3,2 0.001 1 1 2,2 0.001 0 1 1,2 0.001 -1 0 0.0021 65 2,13 0.001 0 1 3,14 0.001 -1 0 2,14 0.001 1 -1 0.0012 80 15,2 0.001 0 1 12,1 0.001 -1 0 15,1 0.002 1 1 0.002 50 14,13 0.001 -1 1 12,15 0.003 -1 1 14,14 0.002 -1 -1 0.002 50 ::f,0,2 f,1,12 f,14,1 f,14,15 
4:3,2 0.001 0 1 2,2 0.001 -1 1 1,2 0.001 -1 -1 0.0021 65 2,13 0.001 -1 1 3,14 0.001 -1 -1 2,14 0.001 1 0 0.0012 80 15,2 0.001 -1 1 12,1 0.001 -1 -1 15,1 0.002 1 1 0.002 50 14,13 0.001 -1 0 12,15 0.003 -1 1 14,14 0.002 0 -1 0.002 50 ::f,0,2 f,1,12 f,14,1 f,14,15 
5:3,2 0.001 0 1 2,2 0.001 -1 1 1,2 0.001 -1 -1 0.0021 65 2,13 0.001 -1 1 3,14 0.001 -1 -1 2,14 0.001 1 0 0.0012 80 15,2 0.001 -1 1 12,1 0.001 -1 -1 15,1 0.002 1 1 0.002 50 14,13 0.001 -1 -1 12,15 0.003 -1 1 14,14 0.002 0 -1 0.002 50 ::f,0,2 f,1,12 f,14,1 f,14,15 
6:3,2 0.001 -1 1 2,2 0.001 -1 0 1,2 0.001 -1 -1 0.0021 65 2,13 0.001 -1 0 3,14 0.001 0 -1 2,14 0.001 1 1 0.0012 80 15,2 0.001 -1 0 12,1 0.001 0 -1 15,1 0.002 1 1 0.002 50 14,13 0.001 0 -1 12,15 0.003 -1 1 14,14 0.002 1 -1 0.002 50 ::f,0,2 f,1,12 f,14,1 f,14,15 
7:3,2 0.001 -1 1 2,2 0.001 -1 0 1,2 0.001 -1 -1 0.0021 65 2,13 0.001 -1 0 3,14 0.001 0 -1 2,14 0.001 1 1 0.0012 80 14,2 0.001 -1 0 12,1 0.001 0 -1 15,1 0.002 1 1 0.003 50 14,12 0.001 0 -1 12,15 0.003 -1 1 14,14 0.002 1 0 0.003 50 ::f,0,2 f,1,12 f,14,1 f,14,15 
8:3,2 0.001 -1 0 2,2 0.001 -1 0 1,2 0.001 -1 -1 0.0021 65 2,13 0.001 -1 -1 3,14 0.001 1 -1 2,14 0.001 0 1 0.0012 80 14,2 0.001 -1 0 12,1 0.001 1 -1 15,1 0.002 1 1 0.003 50 14,12 0.001 0 -1 12,15 0.003 -1 1 14,14 0.002 1 1 0.003 50 ::f,0,2 f,1,12 f,14,1 f,14,15 
9:3,2 0.001 -1 0 2,2 0.001 -1 -1 1,2 0.001 -1 -1 0.0021 65 2,13 0.001 -1 -1 3,14 0.001 1 -1 2,14 0.001 0 1 0.0013 95 14,2 0.001 -1 -1 12,1 0.001 1 -1 15,1 0.002 1 1 0.003 50 14,12 0.001 0 -1 12,15 0.003 -1 1 15,15 0.002 1 1 0.004 50 ::f,0,2 f,2,12 f,14,1 f,14,15 
10:3,2 0.001 -1 0 2,2 0.001 -1 -1 1,2 0.001 -1 -1 0.0021 65 2,13 0.001 0 -1 3,14 0.001 1 -1 2,14 0.001 -1 1 0.0013 95 14,2 0.001 -1 -1 12,1 0.001 1 0 15,1 0.002 1 1 0.003 50 14,12 0.001 0 -1 12,15 0.003 -1 1 15,15 0.002 0 1 0.004 50 ::f,0,2 f,2,12 f,14,1 f,14,15 
11:3,2 0.001 -1 -1 2,2 0.001 0 -1 1,2 0.001 -1 -1 0.0021 65 2,13 0.001 0 -1 3,14 0.001 1 -1 2,14 0.001 -1 1 1.0014 110 14,2 0.001 0 -1 13,1 0.001 1 0 15,1 0.002 1 1 0.004 50 14,12 0.001 0 -1 12,15 0.003 -1 1 15,15 0.002 0 1 0.004 50 ::f,0,2 f,3,13 f,14,1 f,14,15 
12:3,2 0.001 -1 -1 2,2 0.001 0 -1 1,2 0.001 0 -1 0.0021 65 2,13 0.001 1 -1 3,14 0.001 1 0 2,14 0.001 -1 0 1.0014 110 14,2 0.001 0 -1 14,1 0.001 1 0 15,1 0.002 1 1 0.0051 65 14,12 0.001 0 -1 12,15 0.003 -1 1 15,15 0.002 -1 1 0.004 50 ::f,0,2 f,3,13 f,14,3 f,14,15 
13:3,2 0.001 0 -1 2,2 0.001 1 -1 1,2 0.001 0 -1 0.0021 65 2,13 0.001 1 -1 3,14 0.001 1 0 1,14 0.001 -1 0 1.0024 110 14,2 0.001 1 -1 14,1 0.001 1 0 15,1 0.002 1 1 0.0051 65 14,12 0.001 0 -1 12,15 0.003 -1 1 15,15 0.002 -1 1 0.004 50 ::f,0,2 f,3,13 f,14,3 f,14,15 
14:3,2 0.001 0 -1 2,2 0.001 1 -1 1,2 0.001 0 -1 0.0021 65 2,13 0.001 1 0 3,14 0.001 1 1 1,14 0.001 -1 0 1.0024 110 14,2 0.001 1 -1 14,1 0.001 1 1 15,1 0.002 1 1 0.0051 65 14,12 0.001 0 -1 12,15 0.003 -1 1 15,15 0.002 -1 0 0.004 50 ::f,0,2 f,3,13 f,14,3 f,14,15 
15:3,2 0.001 1 -1 2,2 0.001 1 0 1,2 0.001 0 -1 0.0021 65 2,13 0.001 1 0 3,14 0.001 1 1 1,14 0.001 -1 -1 3.0025 125 14,2 0.001 1 0 14,1 0.001 1 1 15,1 0.002 1 1 0.0051 65 14,12 0.001 0 -1 12,15 0.003 -1 1 15,15 0.002 -1 0 0.004 50 ::f,0,2 f,0,14 f,14,3 f,14,15 
16:3,2 0.001 1 -1 2,2 0.001 1 0 1,1 0.001 0 -1 0.0031 65 2,13 0.001 1 1 3,14 0.001 0 1 1,14 0.001 -1 -1 3.0025 125 14,2 0.001 1 0 14,1 0.001 0 1 15,1 0.002 1 1 0.0051 65 14,12 0.001 0 -1 12,15 0.003 -1 1 15,15 0.002 -1 0 0.004 50 ::f,0,2 f,0,14 f,14,3 f,14,15 
17:3,2 0.001 1 0 2,2 0.001 1 1 1,1 0.001 0 -1 0.0031 65 2,13 0.001 1 1 3,14 0.001 0 1 1,14 0.001 0 -1 3.0025 125 14,2 0.001 1 1 14,1 0.001 0 1 15,1 0.002 1 1 0.0051 65 14,12 0.001 0 -1 12,15 0.003 -1 1 15,15 0.002 -1 -1 0.004 50 ::f,0,2 f,0,14 f,14,3 f,14,15 
18:3,2 0.001 1 0 2,2 0.001 1 1 1,1 0.001 0 -1 0.0031 65 2,13 0.001 0 1 3,14 0.001 -1 1 1,13 0.001 0 -1 3.0035 125 14,2 0.001 1 1 14,1 0.001 0 1 15,1 0.002 1 1 0.0051 65 14,12 0.001 0 -1 12,15 0.003 -1 1 14,14 0.002 -1 -1 0.005 50 ::f,0,2 f,0,14 f,14,3 f,14,15 
19:3,2 0.001 1 1 2,2 0.001 0 1 1,1 0.001 0 -1 0.0031 65 2,14 0.001 0 1 2,15 0.001 -1 1 1,13 0.001 0 -1 3.0055 125 14,2 0.001 0 1 14,1 0.001 -1 1 15,1 0.002 1 1 0.0051 65 14,12 0.001 0 -1 12,15 0.003 -1 1 14,14 0.002 0 -1 0.005 50 ::f,0,2 f,0,14 f,14,3 f,14,15 
20:3,2 0.001 1 1 2,2 0.001 0 1 1,1 0.001 1 -1 0.0031 65 2,14 0.001 0 1 2,15 0.001 -1 1 1,13 0.001 1 -1 3.0055 125 14,2 0.001 0 1 14,1 0.001 -1 1 15,1 0.002 1 1 1.0052 80 14,12 0.001 0 -1 12,15 0.003 -1 1 14,13 0.002 0 -1 0.006 50 ::f,0,2 f,0,14 f,13,3 f,14,15 
21:3,2 0.001 0 1 2,2 0.001 -1 1 2,0 0.001 1 -1 0.0041 65 2,14 0.001 -1 1 2,15 0.001 -1 1 1,13 0.001 1 -1 3.0055 125 14,2 0.001 -1 1 14,1 0.001 -1 0 15,1 0.002 1 1 1.0052 80 14,12 0.001 0 -1 12,15 0.003 -1 1 14,13 0.002 1 -1 0.006 50 ::f,0,2 f,0,14 f,13,3 f,14,15 
22:3,2 0.001 0 1 2,2 0.001 -1 1 2,0 0.001 1 -1 0.0041 65 2,14 0.001 -1 1 2,15 0.001 -1 1 1,13 0.001 1 0 3.0055 125 14,2 0.001 -1 1 13,1 0.001 -1 0 15,1 0.002 1 1 3.0063 95 14,12 0.001 0 -1 12,15 0.003 -1 1 14,13 0.002 1 0 0.006 50 ::f,0,2 f,0,14 f,12,1 f,14,15 
23:3,2 0.001 -1 1 2,2 0.001 -1 0 2,0 0.001 1 0 0.0041 65 2,14 0.001 -1 0 2,15 0.001 -1 0 2,13 0.001 1 0 3.0065 125 14,2 0.001 -1 0 13,1 0.001 -1 0 15,1 0.002 1 1 3.0064 110 14,12 0.001 0 -1 12,15 0.003 -1 1 15,13 0.002 1 0 0.007 50 ::f,0,2 f,0,14 f,14,1 f,14,15 
24:3,2 0.001 -1 1 1,2 0.001 -1 0 2,0 0.001 1 0 0.0051 65 1,14 0.001 -1 0 1,15 0.001 -1 0 2,13 0.001 1 0 3.0085 125 13,2 0.001 -1 0 13,1 0.001 -1 -1 15,1 0.002 1 1 3.0074 110 14,12 0.001 0 -1 12,15 0.003 -1 1 15,13 0.002 1 1 0.007 50 ::f,0,2 f,0,14 f,14,1 f,14,15 
25:3,2 0.001 -1 0 1,2 0.001 -1 0 2,0 0.001 1 1 0.0052 80 1,14 0.001 -1 0 1,15 0.001 -1 0 2,13 0.001 1 1 6.0086 140 13,2 0.001 -1 0 13,1 0.001 -1 -1 15,1 0.002 1 1 3.0074 110 14,12 0.001 0 -1 12,15 0.003 -1 1 15,13 0.002 1 1 0.007 50 ::f,0,0 f,3,12 f,14,1 f,14,15 
26:2,2 0.001 -1 0 1,2 0.001 -1 -1 2,0 0.001 1 1 0.0062 80 1,14 0.001 -1 -1 1,15 0.001 -1 0 2,13 0.001 1 1 6.0086 140 13,2 0.001 -1 -1 13,1 0.001 0 -1 15,1 0.002 1 1 3.0074 110 14,12 0.001 0 -1 12,15 0.003 -1 1 15,13 0.002 0 1 0.007 50 ::f,0,0 f,3,12 f,14,1 f,14,15 
27:2,2 0.001 -1 0 1,2 0.001 -1 -1 2,0 0.001 1 1 0.0062 80 1,14 0.001 -1 -1 1,15 0.001 -1 0 2,13 0.001 0 1 6.0086 140 13,2 0.001 -1 -1 13,1 0.001 0 -1 15,1 0.002 1 1 3.0074 110 14,12 0.001 0 -1 12,15 0.003 -1 1 15,14 0.002 0 1 0.008 50 ::f,0,0 f,3,12 f,14,1 f,14,15 
28:2,2 0.001 -1 -1 1,2 0.001 0 -1 2,0 0.001 1 1 0.0062 80 1,14 0.001 0 -1 1,15 0.001 -1 -1 2,14 0.001 0 1 6.0096 140 13,2 0.001 0 -1 13,1 0.001 1 -1 15,1 0.002 1 1 3.0074 110 14,12 0.001 0 -1 12,15 0.003 -1 1 15,14 0.002 -1 1 0.008 50 ::f,0,0 f,3,12 f,14,1 f,14,15 
29:1,1 0.001 -1 -1 1,2 0.001 0 -1 2,0 0.001 1 1 0.0072 80 1,13 0.001 0 -1 1,15 0.001 -1 -1 2,14 0.001 0 1 6.0106 140 13,2 0.001 0 -1 13,1 0.001 1 -1 15,1 0.002 1 1 3.0074 110 14,12 0.001 0 -1 12,15 0.003 -1 1 15,14 0.002 -1 0 0.008 50 ::f,0,0 f,3,12 f,14,1 f,14,15 
30:1,1 0.001 -1 -1 1,2 0.001 0 -1 2,0 0.001 0 1 0.0073 95 1,13 0.001 0 -1 1,15 0.001 -1 -1 2,14 0.001 -1 1 6.0106 140 13,2 0.001 0 -1 13,1 0.001 1 0 15,1 0.002 1 1 3.0074 110 14,12 0.001 0 -1 12,15 0.003 -1 1 14,14 0.002 -1 0 0.009 50 ::f,3,1 f,3,12 f,14,1 f,14,15 
31:1,1 0.001 0 -1 1,2 0.001 1 -1 2,1 0.001 0 1 0.0083 95 1,13 0.001 1 -1 1,15 0.001 0 -1 2,14 0.001 -1 1 6.0106 140 13,2 0.001 1 -1 13,1 0.001 1 0 15,1 0.002 1 1 3.0074 110 14,12 0.001 0 -1 12,15 0.003 -1 1 14,14 0.002 -1 -1 0.009 50 ::f,3,1 f,3,12 f,14,1 f,14,15 
32:1,1 0.001 0 -1 1,2 0.001 1 -1 2,1 0.001 0 1 0.0083 95 1,13 0.001 1 -1 1,15 0.001 0 -1 2,14 0.001 -1 0 6.0106 140 13,2 0.001 1 -1 13,1 0.001 1 0 15,1 0.002 1 1 6.0075 125 14,12 0.001 0 -1 12,15 0.003 -1 1 13,13 0.002 -1 -1 0.01 50 ::f,3,1 f,3,12 f,14,2 f,14,15 
33:1,1 0.001 1 -1 1,2 0.001 1 0 2,1 0.001 -1 1 0.0083 95 1,13 0.001 1 0 1,15 0.001 1 -1 1,14 0.001 -1 0 6.0116 140 13,2 0.001 1 0 13,1 0.001 1 1 15,1 0.002 1 1 6.0075 125 14,12 0.001 0 -1 12,15 0.003 -1 1 13,13 0.002 0 -1 0.01 50 ::f,3,1 f,3,12 f,14,2 f,14,15 
34:1,1 0.001 1 -1 1,2 0.001 1 0 2,1 0.001 -1 1 0.0083 95 2,13 0.001 1 0 1,15 0.001 1 -1 1,14 0.001 -1 0 6.0126 140 13,2 0.001 1 0 13,1 0.001 1 1 15,1 0.002 1 1 10.0076 140 14,12 0.001 0 -1 12,15 0.003 -1 1 13,13 0.002 1 -1 0.01 50 ::f,3,1 f,3,12 f,13,3 f,14,15 
35:1,1 0.001 1 0 1,2 0.001 1 1 2,1 0.001 -1 0 0.0083 95 2,13 0.001 1 0 1,15 0.001 1 -1 1,14 0.001 -1 -1 6.0126 140 13,2 0.001 1 1 13,1 0.001 0 1 15,1 0.002 1 1 10.0076 140 14,12 0.001 0 -1 12,15 0.003 -1 1 13,13 0.002 1 -1 0.01 50 ::f,3,1 f,3,12 f,13,3 f,14,15 
36:1,1 0.001 1 0 1,2 0.001 1 1 2,1 0.001 -1 0 0.0083 95 2,13 0.001 1 1 1,15 0.001 1 -1 1,14 0.001 -1 -1 6.0126 140 13,2 0.001 1 1 13,1 0.001 0 1 15,1 0.002 1 1 10.0076 140 14,12 0.001 0 -1 12,15 0.003 -1 1 13,13 0.002 1 -1 0.01 50 ::f,3,1 f,3,12 f,13,3 f,14,15 
37:1,1 0.001 1 0 1,2 0.001 0 1 2,1 0.001 -1 -1 0.0083 95 2,13 0.001 1 1 2,14 0.001 1 -1 1,14 0.001 0 -1 6.0136 140 13,2 0.001 0 1 13,1 0.001 0 1 15,1 0.002 1 1 10.0076 140 14,12 0.001 0 -1 12,15 0.003 -1 1 13,13 0.002 1 0 0.01 50 ::f,3,1 f,3,12 f,13,3 f,14,15 
38:1,1 0.001 1 1 1,2 0.001 0 1 2,1 0.001 -1 -1 0.0083 95 2,13 0.001 0 1 2,14 0.001 1 -1 1,13 0.001 0 -1 6.0146 140 13,2 0.001 0 1 13,1 0.001 -1 1 15,1 0.002 1 1 15.0077 155 14,12 0.001 0 -1 12,15 0.003 -1 1 14,13 0.002 1 0 0.011 50 ::f,3,1 f,3,12 f,14,3 f,14,15 
39:1,1 0.001 1 1 1,2 0.001 -1 1 2,1 0.001 0 -1 0.0083 95 2,13 0.001 0 1 2,14 0.001 1 -1 1,13 0.001 0 -1 6.0146 140 13,2 0.001 -1 1 13,1 0.001 -1 0 15,1 0.002 1 1 15.0077 155 14,12 0.001 0 -1 12,15 0.003 -1 1 14,13 0.002 1 1 0.011 50 ::f,3,1 f,3,12 f,14,3 f,14,15 
40:1,1 0.001 0 1 1,2 0.001 -1 1 2,1 0.001 0 -1 0.0083 95 2,13 0.001 0 1 2,14 0.001 1 -1 1,13 0.001 1 -1 6.0146 140 13,2 0.001 -1 1 13,1 0.001 -1 -1 15,1 0.002 1 1 15.0077 155 14,12 0.001 0 -1 12,15 0.003 -1 1 15,14 0.002 1 1 0.012 50 ::f,3,1 f,3,12 f,14,3 f,14,15 
41:1,1 0.001 0 1 1,2 0.001 -1 0 2,1 0.001 1 -1 0.0083 95 2,13 0.001 -1 1 2,14 0.001 1 -1 1,13 0.001 1 -1 6.0146 140 13,2 0.001 -1 0 13,1 0.001 -1 -1 15,1 0.002 1 1 15.0077 155 14,12 0.001 0 -1 12,15 0.003 -1 1 15,14 0.002 0 1 0.012 50 ::f,3,1 f,3,12 f,14,3 f,14,15 
42:1,1 0.001 -1 1 1,2 0.001 -1 0 2,1 0.001 1 -1 0.0083 95 2,13 0.001 -1 1 2,14 0.001 1 -1 1,13 0.001 1 0 6.0146 140 13,2 0.001 -1 0 13,1 0.001 0 -1 15,1 0.002 1 1 15.0077 155 14,12 0.001 0 -1 12,15 0.003 -1 1 15,14 0.002 -1 1 0.012 50 ::f,3,1 f,3,12 f,14,3 f,14,15 
43:1,1 0.001 -1 1 1,2 0.001 -1 -1 2,1 0.001 1 -1 0.0083 95 2,13 0.001 -1 0 2,14 0.001 1 -1 1,13 0.001 1 0 6.0146 140 13,2 0.001 -1 -1 13,1 0.001 0 -1 15,1 0.002 1 1 15.0077 155 14,12 0.001 0 -1 12,15 0.003 -1 1 15,14 0.002 -1 1 0.012 50 ::f,3,1 f,3,12 f,14,3 f,14,15 
44:1,1 0.001 -1 0 1,2 0.001 -1 -1 2,1 0.001 1 -1 0.0083 95 2,13 0.001 -1 0 2,14 0.001 1 -1 1,13 0.001 1 0 6.0146 140 13,2 0.001 -1 -1 13,1 0.001 1 -1 15,1 0.002 1 1 15.0077 155 14,12 0.001 0 -1 12,15 0.003 -1 1 15,14 0.002 -1 1 0.012 50 ::f,3,1 f,3,12 f,14,3 f,14,15 
45:1,1 0.001 -1 0 1,2 0.001 0 -1 2,1 0.001 1 0 0.0083 95 2,13 0.001 -1 -1 2,14 0.001 1 0 1,13 0.001 1 1 6.0146 140 13,2 0.001 0 -1 13,1 0.001 1 -1 15,1 0.002 1 1 15.0077 155 14,12 0.001 0 -1 12,15 0.003 -1 1 15,14 0.002 -1 0 0.012 50 ::f,3,1 f,3,12 f,14,3 f,14,15 
46:1,1 0.001 -1 -1 1,2 0.001 0 -1 2,1 0.001 1 0 0.0083 95 2,13 0.001 -1 -1 2,14 0.001 1 0 1,13 0.001 1 1 6.0146 140 13,2 0.001 0 -1 13,1 0.001 1 0 15,1 0.002 1 1 15.0077 155 14,12 0.001 0 -1 12,15 0.003 -1 1 14,14 0.002 -1 0 0.013 50 ::f,3,1 f,3,12 f,14,3 f,14,15 
47:1,1 0.001 -1 -1 1,2 0.001 0 -1 2,1 0.001 1 0 0.0083 95 2,13 0.001 0 -1 2,14 0.001 1 0 1,13 0.001 0 1 6.0146 140 13,2 0.001 0 -1 14,1 0.001 1 0 15,1 0.002 1 1 15.0087 155 14,12 0.001 0 -1 12,15 0.003 -1 1 14,14 0.002 -1 -1 0.013 50 ::f,3,1 f,3,12 f,14,3 f,14,15 
48:1,1 0.001 0 -1 1,2 0.001 1 -1 2,1 0.001 1 0 1.0084 110 2,13 0.001 0 -1 2,14 0.001 1 0 1,13 0.001 0 1 6.0146 140 13,2 0.001 1 -1 14,1 0.001 1 0 15,1 0.002 1 1 15.0087 155 14,12 0.001 0 -1 12,15 0.003 -1 1 13,13 0.002 -1 -1 0.014 50 ::f,0,3 f,3,12 f,14,3 f,14,15 
49:1,1 0.001 0 -1 1,2 0.001 1 -1 2,1 0.001 1 0 1.0084 110 2,13 0.001 1 -1 2,14 0.001 1 1 1,13 0.001 -1 1 6.0146 140 13,2 0.001 1 -1 14,1 0.001 1 1 15,1 0.002 1 1 15.0087 155 14,12 0.001 0 -1 12,15 0.003 -1 1 13,13 0.002 0 -1 0.014 50 ::f,0,3 f,3,12 f,14,3 f,14,15 
50:1,1 0.001 1 -1 1,2 0.001 1 0 2,1 0.001 1 0 1.0084 110 2,13 0.001 1 -1 2,14 0.001 1 1 1,13 0.001 -1 1 10.0147 155 13,2 0.001 1 0 14,1 0.001 1 1 15,1 0.002 1 1 15.0087 155 14,12 0.001 0 -1 12,15 0.003 -1 1 13,13 0.002 1 -1 0.014 50 ::f,0,3 f,2,12 f,14,3 f,14,15 
51:1,1 0.001 1 -1 1,2 0.001 1 0 2,1 0.001 1 0 1.0084 110 2,13 0.001 1 0 2,14 0.001 0 1 1,13 0.001 -1 0 10.0147 155 13,2 0.001 1 0 14,1 0.001 0 1 15,1 0.002 1 1 15.0087 155 14,12 0.001 0 -1 12,15 0.003 -1 1 13,13 0.002 1 -1 0.014 50 ::f,0,3 f,2,12 f,14,3 f,14,15 
52:1,1 0.001 1 0 1,2 0.001 1 1 2,1 0.001 1 0 1.0084 110 2,13 0.001 1 0 2,14 0.001 0 1 1,13 0.001 -1 0 10.0147 155 13,2 0.001 1 1 14,2 0.001 0 1 15,1 0.002 1 1 15.0097 155 14,12 0.001 0 -1 12,15 0.003 -1 1 13,13 0.002 1 -1 0.014 50 ::f,0,3 f,2,12 f,14,3 f,14,15 
53:1,1 0.001 1 0 1,2 0.001 1 1 2,1 0.001 1 0 1.0084 110 2,13 0.001 1 1 2,14 0.001 -1 1 1,13 0.001 -1 -1 10.0147 155 13,2 0.001 1 1 14,2 0.001 0 1 15,1 0.002 1 1 21.0098 170 14,12 0.001 0 -1 12,15 0.003 -1 1 13,13 0.002 1 0 0.014 50 ::f,0,3 f,2,12 f,14,1 f,14,15 
54:1,1 0.001 1 0 1,2 0.001 0 1 2,1 0.001 1 0 1.0084 110 2,13 0.001 1 1 1,15 0.001 -1 1 1,13 0.001 -1 -1 10.0157 155 13,2 0.001 0 1 14,2 0.001 -1 1 15,1 0.002 1 1 21.0098 170 14,12 0.001 0 -1 12,15 0.003 -1 1 14,13 0.002 1 0 0.015 50 ::f,0,3 f,2,12 f,14,1 f,14,15 
55:1,1 0.001 1 1 1,2 0.001 0 1 2,1 0.001 1 1 1.0084 110 2,13 0.001 0 1 1,15 0.001 -1 1 1,13 0.001 0 -1 10.0157 155 13,2 0.001 0 1 14,2 0.001 -1 1 15,1 0.002 1 1 21.0098 170 14,12 0.001 0 -1 12,15 0.003 -1 1 14,13 0.002 1 1 0.015 50 ::f,0,3 f,2,12 f,14,1 f,14,15 
56:1,1 0.001 1 1 1,2 0.001 -1 1 3,2 0.001 1 1 1.0094 110 2,14 0.001 0 1 1,15 0.001 -1 1 1,13 0.001 0 -1 10.0167 155 13,2 0.001 -1 1 14,2 0.001 -1 0 15,1 0.002 1 1 21.0098 170 14,12 0.001 0 -1 12,15 0.003 -1 1 15,14 0.002 1 1 0.016 50 ::f,0,3 f,2,12 f,14,1 f,14,15 
57:1,1 0.001 0 1 1,2 0.001 -1 1 3,2 0.001 1 1 2.0095 125 2,14 0.001 0 1 1,15 0.001 -1 1 1,13 0.001 1 -1 10.0167 155 13,2 0.001 -1 1 14,2 0.001 -1 0 15,1 0.002 1 1 21.0098 170 14,12 0.001 0 -1 12,15 0.003 -1 1 15,14 0.002 0 1 0.016 50 ::f,2,3 f,2,12 f,14,1 f,14,15 
58:1,1 0.001 0 1 1,2 0.001 -1 0 3,2 0.001 0 1 2.0095 125 2,14 0.001 -1 1 1,15 0.001 -1 1 1,13 0.001 1 -1 11.0168 170 13,2 0.001 -1 0 14,2 0.001 -1 0 15,1 0.002 1 1 21.0098 170 14,12 0.001 0 -1 12,15 0.003 -1 1 15,14 0.002 -1 1 0.016 50 ::f,2,3 f,2,13 f,14,1 f,14,15 
59:1,1 0.001 -1 1 1,2 0.001 -1 0 3,2 0.001 0 1 2.0095 125 2,14 0.001 -1 1 1,15 0.001 -1 1 1,13 0.001 1 0 11.0168 170 13,2 0.001 -1 0 14,2 0.001 -1 -1 15,1 0.002 1 1 21.0098 170 14,12 0.001 0 -1 12,15 0.003 -1 1 15,14 0.002 -1 1 0.016 50 ::f,2,3 f,2,13 f,14,1 f,14,15 
60:1,1 0.001 -1 1 1,2 0.001 -1 -1 3,2 0.001 -1 1 2.0095 125 2,14 0.001 -1 0 1,15 0.001 -1 1 1,13 0.001 1 0 11.0168 170 13,2 0.001 -1 -1 14,2 0.001 -1 -1 15,1 0.002 1 1 21.0098 170 14,12 0.001 0 -1 12,15 0.003 -1 1 15,14 0.002 -1 1 0.016 50 ::f,2,3 f,2,13 f,14,1 f,14,15 
61:1,1 0.001 -1 0 1,2 0.001 -1 -1 3,2 0.001 -1 1 2.0095 125 1,14 0.001 -1 0 1,15 0.001 -1 1 1,13 0.001 1 0 13.0179 185 13,2 0.001 -1 -1 14,2 0.001 0 -1 15,1 0.002 1 1 21.0098 170 14,12 0.001 0 -1 12,15 0.003 -1 1 15,14 0.002 -1 0 0.016 50 ::f,0,13 f,2,3 f,14,1 f,14,15 
62:1,1 0.001 -1 0 1,2 0.001 0 -1 3,2 0.001 -1 1 4.0096 140 1,14 0.001 -1 0 1,15 0.001 -1 0 1,13 0.001 1 1 13.0179 185 13,2 0.001 0 -1 14,2 0.001 0 -1 15,1 0.002 1 1 22.0099 185 14,12 0.001 0 -1 12,15 0.003 -1 1 14,14 0.002 -1 0 0.017 50 ::f,0,13 f,2,1 f,14,3 f,14,15 
63:1,1 0.001 -1 -1 1,2 0.001 0 -1 3,2 0.001 -1 0 4.0096 140 1,14 0.001 -1 -1 1,15 0.001 -1 0 1,13 0.001 1 1 13.0179 185 13,1 0.001 0 -1 14,2 0.001 1 -1 15,1 0.002 1 1 22.0109 185 14,12 0.001 0 -1 12,15 0.003 -1 1 14,14 0.002 -1 -1 0.017 50 ::f,0,13 f,2,1 f,14,3 f,14,15 
64:1,1 0.001 -1 -1 1,2 0.001 0 -1 3,2 0.001 -1 0 4.0096 140 1,14 0.001 -1 -1 1,15 0.001 -1 -1 2,14 0.001 1 1 18.019 200 13,1 0.001 0 -1 14,2 0.001 1 -1 15,1 0.002 1 1 22.0109 185 14,12 0.001 0 -1 12,15 0.003 -1 1 13,13 0.002 -1 -1 0.018 50 ::f,2,1 f,3,15 f,14,3 f,14,15 
65:1,1 0.001 0 -1 1,2 0.001 1 -1 3,2 0.001 -1 0 4.0096 140 1,14 0.001 0 -1 0,14 0.001 -1 -1 2,14 0.001 1 1 21.0201 215 13,1 0.001 1 -1 14,2 0.001 1 0 15,1 0.002 1 1 22.0109 185 14,12 0.001 0 -1 12,15 0.003 -1 1 13,13 0.002 0 -1 0.018 50 ::f,2,1 f,2,15 f,14,3 f,14,15 
66:1,1 0.001 0 -1 1,2 0.001 1 -1 3,2 0.001 -1 -1 6.0097 155 1,13 0.001 0 -1 0,14 0.001 -1 -1 2,14 0.001 0 1 21.0211 215 13,1 0.001 1 -1 14,2 0.001 1 0 15,1 0.002 1 1 22.0109 185 14,12 0.001 0 -1 12,15 0.003 -1 1 13,13 0.002 1 -1 0.018 50 ::f,2,15 f,3,3 f,14,3 f,14,15 
67:1,1 0.001 1 -1 1,2 0.001 1 0 3,2 0.001 -1 -1 6.0097 155 1,13 0.001 0 -1 0,14 0.001 -1 -1 2,14 0.001 0 1 25.0212 230 13,1 0.001 1 0 14,2 0.001 1 1 15,1 0.002 1 1 22.0109 185 14,12 0.001 0 -1 12,15 0.003 -1 1 13,13 0.002 1 -1 0.018 50 ::f,2,12 f,3,3 f,14,3 f,14,15 
68:1,1 0.001 1 -1 2,2 0.001 1 0 3,2 0.001 -1 -1 6.0107 155 1,13 0.001 1 -1 0,14 0.001 -1 -1 2,14 0.001 -1 1 25.0212 230 14,1 0.001 1 0 14,2 0.001 1 1 15,1 0.002 1 1 22.0119 185 14,12 0.001 0 -1 12,15 0.003 -1 1 13,13 0.002 1 -1 0.018 50 ::f,2,12 f,3,3 f,14,3 f,14,15 
69:1,1 0.001 1 0 2,2 0.001 1 0 3,2 0.001 -1 -1 6.0107 155 1,13 0.001 1 -1 0,14 0.001 0 -1 2,14 0.001 -1 1 31.0213 245 14,1 0.001 1 0 14,2 0.001 0 1 15,1 0.002 1 1 22.0119 185 14,12 0.001 0 -1 12,15 0.003 -1 1 13,13 0.002 1 0 0.018 50 ::f,0,13 f,3,3 f,14,3 f,14,15 
70:2,1 0.001 1 0 2,2 0.001 1 1 3,2 0.001 -1 -1 6.0117 155 1,13 0.001 1 0 0,14 0.001 0 -1 2,14 0.001 -1 0 31.0213 245 14,1 0.001 1 1 14,2 0.001 0 1 15,1 0.002 1 1 24.012 200 14,12 0.001 0 -1 12,15 0.003 -1 1 14,13 0.002 1 0 0.019 50 ::f,0,13 f,3,3 f,12,2 f,14,15 
71:2,1 0.001 1 0 2,2 0.001 1 1 3,2 0.001 -1 -1 9.0118 170 2,13 0.001 1 0 0,14 0.001 0 -1 1,14 0.001 -1 0 32.0234 260 14,1 0.001 1 1 14,2 0.001 -1 1 15,1 0.002 1 1 24.012 200 14,12 0.001 0 -1 12,15 0.003 -1 1 14,13 0.002 1 1 0.019 50 ::f,1,0 f,2,15 f,12,2 f,14,15 
72:2,1 0.001 1 1 2,2 0.001 0 1 3,2 0.001 -1 -1 9.0118 170 2,13 0.001 1 0 0,14 0.001 1 -1 1,14 0.001 -1 0 32.0234 260 14,1 0.001 0 1 14,2 0.001 -1 1 15,1 0.002 1 1 24.012 200 14,12 0.001 0 -1 12,15 0.003 -1 1 15,14 0.002 1 1 0.02 50 ::f,1,0 f,2,15 f,12,2 f,14,15 
73:2,1 0.001 1 1 2,2 0.001 0 1 3,2 0.001 -1 -1 9.0118 170 2,13 0.001 1 1 0,14 0.001 1 -1 1,14 0.001 -1 -1 32.0234 260 14,1 0.001 0 1 14,2 0.001 -1 0 15,1 0.002 1 1 24.012 200 14,12 0.001 0 -1 12,15 0.003 -1 1 15,14 0.002 0 1 0.02 50 ::f,1,0 f,2,15 f,12,2 f,14,15 
74:2,1 0.001 0 1 2,2 0.001 -1 1 3,2 0.001 0 -1 9.0118 170 2,13 0.001 1 1 0,14 0.001 1 -1 1,14 0.001 -1 -1 32.0234 260 14,1 0.001 0 1 13,2 0.001 -1 0 15,1 0.002 1 1 24.013 200 14,12 0.001 0 -1 12,15 0.003 -1 1 15,14 0.002 -1 1 0.02 50 ::f,1,0 f,2,15 f,12,2 f,14,15 
75:2,1 0.001 0 1 2,2 0.001 -1 1 3,2 0.001 0 -1 9.0118 170 2,13 0.001 0 1 0,14 0.001 1 -1 1,14 0.001 0 -1 32.0234 260 14,1 0.001 -1 1 13,2 0.001 -1 0 15,1 0.002 1 1 27.0131 215 14,12 0.001 0 -1 12,15 0.003 -1 1 15,14 0.002 -1 1 0.02 50 ::f,1,0 f,2,15 f,14,0 f,14,15 
76:2,1 0.001 0 1 2,2 0.001 -1 0 3,2 0.001 0 -1 9.0118 170 2,14 0.001 0 1 0,14 0.001 1 -1 1,13 0.001 0 -1 32.0254 260 14,1 0.001 -1 1 13,2 0.001 -1 -1 15,1 0.002 1 1 27.0131 215 14,12 0.001 0 -1 12,15 0.003 -1 1 15,14 0.002 -1 1 0.02 50 ::f,1,0 f,2,15 f,14,0 f,14,15 
77:2,1 0.001 -1 1 1,2 0.001 -1 0 3,2 0.001 0 -1 9.0128 170 2,14 0.001 0 1 0,14 0.001 1 0 1,13 0.001 0 -1 39.0255 275 14,1 0.001 -1 0 13,2 0.001 -1 -1 15,1 0.002 1 1 27.0131 215 14,12 0.001 0 -1 12,15 0.003 -1 1 15,14 0.002 -1 0 0.02 50 ::f,0,12 f,1,0 f,14,0 f,14,15 
78:2,1 0.001 -1 1 1,2 0.001 -1 0 3,2 0.001 0 -1 9.0128 170 2,14 0.001 -1 1 0,14 0.001 1 0 1,13 0.001 1 -1 39.0255 275 14,1 0.001 -1 0 13,2 0.001 0 -1 15,1 0.002 1 1 27.0131 215 14,12 0.001 0 -1 12,15 0.003 -1 1 14,14 0.002 -1 0 0.021 50 ::f,0,12 f,1,0 f,14,0 f,14,15 
79:2,1 0.001 -1 0 1,2 0.001 -1 -1 3,2 0.001 0 -1 9.0128 170 2,14 0.001 -1 1 0,14 0.001 1 1 1,13 0.001 1 -1 39.0255 275 14,1 0.001 -1 -1 13,1 0.001 0 -1 15,1 0.002 1 1 27.0141 215 14,12 0.001 0 -1 12,15 0.003 -1 1 14,14 0.002 -1 -1 0.021 50 ::f,0,12 f,1,0 f,14,0 f,14,15 
80:2,1 0.001 -1 0 1,2 0.001 -1 -1 3,2 0.001 0 -1 9.0128 170 2,14 0.001 -1 0 0,14 0.001 1 1 1,13 0.001 1 0 39.0255 275 14,1 0.001 -1 -1 13,1 0.001 0 -1 15,1 0.002 1 1 27.0141 215 14,12 0.001 0 -1 12,15 0.003 -1 1 13,13 0.002 -1 -1 0.022 50 ::f,0,12 f,1,0 f,14,0 f,14,15 
81:2,1 0.001 -1 -1 1,2 0.001 0 -1 3,2 0.001 0 -1 9.0128 170 1,14 0.001 -1 0 0,14 0.001 0 1 2,13 0.001 1 0 39.0275 275 14,1 0.001 0 -1 13,1 0.001 1 -1 15,1 0.002 1 1 27.0141 215 14,12 0.001 0 -1 12,15 0.003 -1 1 13,13 0.002 0 -1 0.022 50 ::f,0,12 f,1,0 f,14,0 f,14,15 
82:2,1 0.001 -1 -1 1,1 0.001 0 -1 3,2 0.001 0 -1 10.0139 185 1,14 0.001 -1 0 0,14 0.001 0 1 2,13 0.001 1 0 39.0275 275 14,1 0.001 0 -1 13,1 0.001 1 -1 15,1 0.002 1 1 34.0142 230 14,12 0.001 0 -1 12,15 0.003 -1 1 13,13 0.002 1 -1 0.022 50 ::f,0,3 f,0,12 f,14,15 f,15,0 
83:2,1 0.001 0 -1 1,1 0.001 0 -1 3,2 0.001 0 -1 10.0139 185 1,14 0.001 -1 -1 0,14 0.001 0 1 2,13 0.001 1 1 39.0275 275 14,1 0.001 1 -1 13,1 0.001 1 0 15,1 0.002 1 1 34.0142 230 14,12 0.001 0 -1 12,15 0.003 -1 1 13,13 0.002 1 -1 0.022 50 ::f,0,3 f,0,12 f,14,15 f,15,0 
84:2,1 0.001 0 -1 1,1 0.001 1 -1 3,2 0.001 1 -1 10.0139 185 1,14 0.001 -1 -1 0,14 0.001 0 1 2,13 0.001 1 1 39.0275 275 14,1 0.001 1 -1 13,1 0.001 1 0 15,1 0.002 1 1 42.0143 245 14,12 0.001 0 -1 12,15 0.003 -1 1 13,13 0.002 1 -1 0.022 50 ::f,0,3 f,0,12 f,12,0 f,14,15 
85:2,1 0.001 1 -1 1,1 0.001 1 -1 3,2 0.001 1 -1 10.0139 185 1,14 0.001 0 -1 0,14 0.001 0 1 2,13 0.001 0 1 39.0275 275 14,1 0.001 1 0 13,1 0.001 1 0 15,1 0.002 1 1 42.0143 245 14,12 0.001 0 -1 12,15 0.003 -1 1 13,13 0.002 1 0 0.022 50 ::f,0,3 f,0,12 f,12,0 f,14,15 
86:2,1 0.001 1 -1 1,1 0.001 1 0 3,2 0.001 1 -1 10.0139 185 1,13 0.001 0 -1 0,14 0.001 0 1 2,14 0.001 0 1 39.0295 275 14,1 0.001 1 0 13,1 0.001 1 1 15,1 0.002 1 1 42.0143 245 14,12 0.001 0 -1 12,15 0.003 -1 1 14,13 0.002 1 0 0.023 50 ::f,0,3 f,0,12 f,12,0 f,14,15 
87:2,1 0.001 1 0 1,1 0.001 1 0 3,2 0.001 1 -1 10.0139 185 1,13 0.001 0 -1 0,14 0.001 0 1 2,14 0.001 0 1 39.0295 275 14,1 0.001 1 1 13,1 0.001 1 1 15,1 0.002 1 1 42.0143 245 14,12 0.001 0 -1 12,15 0.003 -1 1 14,13 0.002 1 1 0.023 50 ::f,0,3 f,0,12 f,12,0 f,14,15 
88:2,1 0.001 1 0 1,1 0.001 1 0 3,2 0.001 1 0 10.0139 185 1,13 0.001 1 -1 0,14 0.001 0 1 2,14 0.001 -1 1 39.0295 275 14,1 0.001 1 1 13,1 0.001 0 1 15,1 0.002 1 1 42.0143 245 14,12 0.001 0 -1 12,15 0.003 -1 1 15,14 0.002 1 1 0.024 50 ::f,0,3 f,0,12 f,12,0 f,14,15 
89:2,1 0.001 1 1 1,1 0.001 1 1 3,2 0.001 1 0 10.0139 185 1,13 0.001 1 -1 0,14 0.001 -1 1 2,14 0.001 -1 1 39.0295 275 14,1 0.001 0 1 13,1 0.001 0 1 15,1 0.002 1 1 42.0143 245 14,12 0.001 0 -1 12,15 0.003 -1 1 15,14 0.002 0 1 0.024 50 ::f,0,3 f,0,12 f,12,0 f,14,15 
90:2,1 0.001 1 1 1,1 0.001 1 1 3,2 0.001 1 1 10.0139 185 1,13 0.001 1 0 0,14 0.001 -1 1 2,14 0.001 -1 0 39.0295 275 14,2 0.001 0 1 13,1 0.001 -1 1 15,1 0.002 1 1 42.0153 245 14,12 0.001 0 -1 12,15 0.003 -1 1 15,14 0.002 -1 1 0.024 50 ::f,0,3 f,0,12 f,12,0 f,14,15 
91:2,1 0.001 0 1 1,1 0.001 0 1 3,2 0.001 1 1 10.0139 185 2,13 0.001 1 0 0,14 0.001 -1 0 1,14 0.001 -1 0 39.0315 275 14,2 0.001 0 1 13,1 0.001 -1 1 15,1 0.002 1 1 42.0153 245 14,12 0.001 0 -1 12,15 0.003 -1 1 15,14 0.002 -1 1 0.024 50 ::f,0,3 f,0,12 f,12,0 f,14,15 
92:2,2 0.001 0 1 1,1 0.001 0 1 3,2 0.001 1 1 10.0149 185 2,13 0.001 1 0 0,14 0.001 -1 0 1,14 0.001 -1 0 39.0315 275 14,2 0.001 -1 1 13,1 0.001 -1 0 15,1 0.002 1 1 42.0153 245 14,12 0.001 0 -1 12,15 0.003 -1 1 15,14 0.002 -1 1 0.024 50 ::f,0,3 f,0,12 f,12,0 f,14,15 
93:2,2 0.001 0 1 1,1 0.001 -1 1 3,2 0.001 1 1 10.0149 185 2,13 0.001 1 1 0,14 0.001 -1 -1 1,14 0.001 -1 -1 39.0315 275 14,2 0.001 -1 1 13,1 0.001 -1 0 15,1 0.002 1 1 42.0153 245 14,12 0.001 0 -1 12,15 0.003 -1 1 15,14 0.002 -1 0 0.024 50 ::f,0,3 f,0,12 f,12,0 f,14,15 
94:2,2 0.001 -1 1 1,1 0.001 -1 1 3,2 0.001 0 1 10.0149 185 2,13 0.001 1 1 0,14 0.001 -1 -1 1,14 0.001 -1 -1 39.0315 275 14,2 0.001 -1 0 13,1 0.001 -1 -1 15,1 0.002 1 1 42.0153 245 14,12 0.001 0 -1 12,15 0.003 -1 1 14,14 0.002 -1 0 0.025 50 ::f,0,3 f,0,12 f,12,0 f,14,15 
95:2,2 0.001 -1 1 1,1 0.001 -1 0 3,2 0.001 0 1 10.0149 185 2,13 0.001 0 1 0,14 0.001 0 -1 1,14 0.001 0 -1 39.0315 275 13,2 0.001 -1 0 13,1 0.001 -1 -1 15,1 0.002 1 1 46.0164 260 14,12 0.001 0 -1 12,15 0.003 -1 1 14,14 0.002 -1 -1 0.025 50 ::f,0,3 f,0,12 f,12,0 f,14,15 
96:2,2 0.001 -1 0 1,1 0.001 -1 0 3,2 0.001 0 1 10.0149 185 2,14 0.001 0 1 0,13 0.001 0 -1 1,13 0.001 0 -1 39.0345 275 13,2 0.001 -1 0 13,1 0.001 0 -1 15,1 0.002 1 1 46.0164 260 14,12 0.001 0 -1 12,15 0.003 -1 1 13,13 0.002 -1 -1 0.026 50 ::f,0,3 f,0,12 f,12,0 f,14,15 
97:1,2 0.001 -1 0 1,1 0.001 -1 -1 3,2 0.001 0 1 10.0159 185 2,14 0.001 0 1 0,13 0.001 0 -1 1,13 0.001 0 -1 41.0346 290 13,2 0.001 -1 -1 13,1 0.001 0 -1 15,1 0.002 1 1 46.0164 260 14,12 0.001 0 -1 12,15 0.003 -1 1 13,13 0.002 0 -1 0.026 50 ::f,0,3 f,3,14 f,12,0 f,14,15 
98:1,2 0.001 -1 0 1,1 0.001 -1 -1 3,2 0.001 0 1 10.0159 185 2,14 0.001 -1 1 0,13 0.001 0 -1 1,13 0.001 1 -1 41.0346 290 13,2 0.001 -1 -1 13,1 0.001 1 -1 15,1 0.002 1 1 46.0164 260 14,12 0.001 0 -1 12,15 0.003 -1 1 13,13 0.002 1 -1 0.026 50 ::f,0,3 f,3,14 f,12,0 f,14,15 
99:1,2 0.001 -1 -1 1,1 0.001 0 -1 3,2 0.001 0 1 10.0159 185 2,14 0.001 -1 1 0,13 0.001 0 -1 1,13 0.001 1 -1 41.0346 290 13,2 0.001 0 -1 13,1 0.001 1 -1 15,1 0.002 1 1 46.0164 260 14,12 0.001 0 -1 12,15 0.003 -1 1 13,13 0.002 1 -1 0.026 50 ::f,0,3 f,3,14 f,12,0 f,14,15 
100:1,2 0.001 -1 -1 1,1 0.001 0 -1 3,2 0.001 -1 1 10.0159 185 2,14 0.001 -1 0 0,13 0.001 1 -1 1,13 0.001 1 0 41.0346 290 13,2 0.001 0 -1 13,1 0.001 1 0 15,1 0.002 1 1 46.0164 260 14,12 0.001 0 -1 12,15 0.003 -1 1 13,13 0.002 1 -1 0.026 50 ::f,0,3 f,3,14 f,12,0 f,14,15 
101:1,2 0.001 0 -1 1,1 0.001 1 -1 2,3 0.001 -1 1 10.0169 185 1,14 0.001 -1 0 1,12 0.001 1 -1 2,13 0.001 1 0 41.0376 290 13,2 0.001 0 -1 14,1 0.001 1 0 15,1 0.002 1 1 46.0174 260 14,12 0.001 0 -1 12,15 0.003 -1 1 13,13 0.002 1 0 0.026 50 ::f,0,3 f,3,14 f,12,0 f,14,15 
102:1,2 0.001 0 -1 1,1 0.001 1 -1 2,3 0.001 -1 1 10.0169 185 1,14 0.001 -1 0 1,12 0.001 1 -1 2,13 0.001 1 0 41.0376 290 13,2 0.001 1 -1 14,1 0.001 1 0 15,1 0.002 1 1 46.0174 260 14,12 0.001 0 -1 12,15 0.003 -1 1 14,13 0.002 1 0 0.027 50 ::f,0,3 f,3,14 f,12,0 f,14,15 
103:1,2 0.001 0 -1 1,1 0.001 1 0 2,3 0.001 -1 1 10.0169 185 1,14 0.001 -1 -1 1,12 0.001 1 -1 2,13 0.001 1 1 41.0376 290 13,2 0.001 1 -1 14,1 0.001 1 1 15,1 0.002 1 1 46.0174 260 14,12 0.001 0 -1 12,15 0.003 -1 1 14,13 0.002 1 1 0.027 50 ::f,0,3 f,3,14 f,12,0 f,14,15 
104:1,2 0.001 1 -1 2,1 0.001 1 0 2,3 0.001 -1 1 10.0179 185 1,14 0.001 -1 -1 1,12 0.001 1 -1 2,13 0.001 1 1 46.0377 305 13,2 0.001 1 0 14,1 0.001 1 1 15,1 0.002 1 1 46.0174 260 14,12 0.001 0 -1 12,15 0.003 -1 1 15,14 0.002 1 1 0.028 50 ::f,0,3 f,1,13 f,12,0 f,14,15 
105:1,2 0.001 1 -1 2,1 0.001 1 0 2,3 0.001 -1 1 10.0179 185 1,14 0.001 0 -1 1,12 0.001 1 0 2,13 0.001 0 1 46.0377 305 13,2 0.001 1 0 14,1 0.001 0 1 15,1 0.002 1 1 46.0174 260 14,12 0.001 0 -1 12,15 0.003 -1 1 15,14 0.002 0 1 0.028 50 ::f,0,3 f,1,13 f,12,0 f,14,15 
106:1,2 0.001 1 0 2,1 0.001 1 1 2,3 0.001 -1 1 10.0179 185 1,14 0.001 0 -1 2,12 0.001 1 0 2,14 0.001 0 1 46.0397 305 13,2 0.001 1 1 14,2 0.001 0 1 15,1 0.002 1 1 46.0184 260 14,12 0.001 0 -1 12,15 0.003 -1 1 15,14 0.002 -1 1 0.028 50 ::f,0,3 f,1,13 f,12,0 f,14,15 
107:1,2 0.001 1 0 2,1 0.001 1 1 2,3 0.001 -1 1 10.0179 185 1,14 0.001 0 -1 2,12 0.001 1 0 2,14 0.001 0 1 54.0398 320 13,2 0.001 1 1 14,2 0.001 0 1 15,1 0.002 1 1 46.0184 260 14,12 0.001 0 -1 12,15 0.003 -1 1 15,14 0.002 -1 1 0.028 50 ::f,0,3 f,3,15 f,12,0 f,14,15 
108:1,2 0.001 1 1 2,1 0.001 0 1 2,3 0.001 -1 1 10.0179 185 1,14 0.001 1 -1 2,12 0.001 1 0 2,14 0.001 -1 1 54.0398 320 13,2 0.001 0 1 14,2 0.001 -1 1 15,1 0.002 1 1 46.0184 260 14,12 0.001 0 -1 12,15 0.003 -1 1 15,14 0.002 -1 1 0.028 50 ::f,0,3 f,3,15 f,12,0 f,14,15 
109:1,2 0.001 1 1 2,2 0.001 0 1 2,3 0.001 -1 0 10.0189 185 1,14 0.001 1 -1 2,12 0.001 1 0 2,14 0.001 -1 1 54.0398 320 13,2 0.001 0 1 14,2 0.001 -1 1 15,1 0.002 1 1 46.0184 260 14,12 0.001 0 -1 12,15 0.003 -1 1 15,14 0.002 -1 0 0.028 50 ::f,0,3 f,3,15 f,12,0 f,14,15 
110:1,2 0.001 0 1 2,2 0.001 0 1 1,3 0.001 -1 0 10.0199 185 1,14 0.001 1 0 2,12 0.001 1 1 2,14 0.001 -1 0 54.0398 320 13,2 0.001 -1 1 14,2 0.001 -1 0 15,1 0.002 1 1 46.0184 260 14,12 0.001 0 -1 12,15 0.003 -1 1 14,14 0.002 -1 0 0.029 50 ::f,0,3 f,3,15 f,12,0 f,14,15 
111:1,2 0.001 0 1 2,2 0.001 -1 1 1,3 0.001 -1 0 13.02 200 1,14 0.001 1 0 3,13 0.001 1 1 2,14 0.001 -1 0 54.0408 320 13,2 0.001 -1 1 14,2 0.001 -1 0 15,1 0.002 1 1 46.0184 260 14,12 0.001 0 -1 12,15 0.003 -1 1 14,14 0.002 -1 -1 0.029 50 ::f,2,1 f,3,15 f,12,0 f,14,15 
112:1,2 0.001 -1 1 2,2 0.001 -1 1 1,3 0.001 -1 -1 13.02 200 1,14 0.001 1 1 3,13 0.001 1 1 2,14 0.001 -1 0 54.0408 320 13,2 0.001 -1 0 14,2 0.001 -1 0 15,1 0.002 1 1 46.0184 260 14,12 0.001 0 -1 12,15 0.003 -1 1 13,13 0.002 -1 -1 0.03 50 ::f,2,1 f,3,15 f,12,0 f,14,15 
113:1,2 0.001 -1 1 2,2 0.001 -1 0 0,2 0.001 -1 -1 13.021 200 1,14 0.001 1 1 3,13 0.001 0 1 2,14 0.001 -1 -1 54.0408 320 13,2 0.001 -1 0 14,2 0.001 -1 -1 15,1 0.002 1 1 46.0184 260 14,12 0.001 0 -1 12,15 0.003 -1 1 13,13 0.002 0 -1 0.03 50 ::f,2,1 f,3,15 f,12,0 f,14,15 
114:1,2 0.001 -1 0 2,2 0.001 -1 0 0,2 0.001 -1 -1 13.021 200 1,14 0.001 0 1 3,14 0.001 0 1 2,14 0.001 -1 -1 54.0418 320 13,2 0.001 -1 -1 13,1 0.001 -1 -1 15,1 0.002 1 1 46.0194 260 14,12 0.001 0 -1 12,15 0.003 -1 1 13,13 0.002 1 -1 0.03 50 ::f,2,1 f,3,15 f,12,0 f,14,15 
115:1,2 0.001 -1 0 2,2 0.001 -1 0 0,2 0.001 -1 -1 13.021 200 1,14 0.001 0 1 3,14 0.001 0 1 2,14 0.001 0 -1 54.0418 320 13,2 0.001 -1 -1 13,1 0.001 -1 -1 15,1 0.002 1 1 51.0195 275 14,12 0.001 0 -1 12,15 0.003 -1 1 13,13 0.002 1 -1 0.03 50 ::f,2,1 f,3,15 f,12,0 f,14,15 
116:1,2 0.001 -1 -1 2,2 0.001 -1 -1 0,2 0.001 -1 -1 13.021 200 1,14 0.001 -1 1 3,14 0.001 0 1 2,14 0.001 0 -1 54.0418 320 13,2 0.001 0 -1 13,1 0.001 0 -1 15,1 0.002 1 1 51.0195 275 14,12 0.001 0 -1 12,15 0.003 -1 1 13,13 0.002 1 -1 0.03 50 ::f,2,1 f,3,15 f,12,0 f,14,15 
117:1,2 0.001 -1 -1 2,2 0.001 -1 -1 0,2 0.001 0 -1 13.021 200 1,14 0.001 -1 1 3,14 0.001 0 1 2,14 0.001 1 -1 57.0419 335 13,2 0.001 0 -1 13,1 0.001 0 -1 15,1 0.002 1 1 51.0195 275 14,12 0.001 0 -1 12,15 0.003 -1 1 13,13 0.002 1 0 0.03 50 ::f,0,15 f,2,1 f,12,0 f,14,15 
118:1,2 0.001 0 -1 2,2 0.001 0 -1 0,1 0.001 0 -1 13.022 200 1,14 0.001 -1 0 3,14 0.001 0 1 2,14 0.001 1 -1 57.0419 335 13,2 0.001 0 -1 13,1 0.001 1 -1 15,1 0.002 1 1 51.0195 275 14,12 0.001 0 -1 12,15 0.003 -1 1 14,13 0.002 1 0 0.031 50 ::f,0,15 f,2,1 f,12,0 f,14,15 
119:1,1 0.001 0 -1 2,2 0.001 0 -1 0,1 0.001 0 -1 17.0231 215 1,14 0.001 -1 0 3,14 0.001 0 1 2,14 0.001 1 0 57.0419 335 13,2 0.001 1 -1 13,1 0.001 1 -1 15,1 0.002 1 1 51.0195 275 14,12 0.001 0 -1 12,15 0.003 -1 1 14,13 0.002 1 1 0.031 50 ::f,0,15 f,2,3 f,12,0 f,14,15 
120:1,1 0.001 0 -1 2,2 0.001 1 -1 0,1 0.001 1 -1 17.0231 215 1,14 0.001 -1 -1 3,14 0.001 0 1 2,14 0.001 1 0 57.0419 335 13,2 0.001 1 -1 13,1 0.001 1 0 15,1 0.002 1 1 51.0195 275 14,12 0.001 0 -1 12,15 0.003 -1 1 15,14 0.002 1 1 0.032 50 ::f,0,15 f,2,3 f,12,0 f,14,15 
121:1,1 0.001 1 -1 2,2 0.001 1 -1 1,0 0.001 1 -1 17.0241 215 1,14 0.001 -1 -1 3,14 0.001 0 1 2,14 0.001 1 1 57.0419 335 13,2 0.001 1 0 14,1 0.001 1 0 15,1 0.002 1 1 51.0205 275 14,12 0.001 0 -1 12,15 0.003 -1 1 15,14 0.002 0 1 0.032 50 ::f,0,15 f,2,3 f,12,0 f,14,15 
122:1,1 0.001 1 -1 2,2 0.001 1 0 1,0 0.001 1 -1 17.0241 215 1,14 0.001 0 -1 3,14 0.001 -1 1 2,14 0.001 1 1 57.0419 335 13,2 0.001 1 0 14,1 0.001 1 0 15,1 0.002 1 1 51.0205 275 14,12 0.001 0 -1 12,15 0.003 -1 1 15,14 0.002 -1 1 0.032 50 ::f,0,15 f,2,3 f,12,0 f,14,15 
123:1,1 0.001 1 0 2,2 0.001 1 0 1,0 0.001 1 0 17.0241 215 1,13 0.001 0 -1 3,14 0.001 -1 1 2,14 0.001 0 1 57.0429 335 13,2 0.001 1 1 14,1 0.001 1 1 15,1 0.002 1 1 51.0205 275 14,12 0.001 0 -1 12,15 0.003 -1 1 15,14 0.002 -1 1 0.032 50 ::f,0,15 f,2,3 f,12,0 f,14,15 
124:2,1 0.001 1 0 2,2 0.001 1 1 2,0 0.001 1 0 17.0261 215 1,13 0.001 0 -1 3,14 0.001 -1 1 2,14 0.001 0 1 57.0429 335 13,2 0.001 1 1 14,1 0.001 1 1 15,1 0.002 1 1 51.0205 275 14,12 0.001 0 -1 12,15 0.003 -1 1 15,14 0.002 -1 1 0.032 50 ::f,0,15 f,2,3 f,12,0 f,14,15 
125:2,1 0.001 1 0 2,2 0.001 1 1 2,0 0.001 1 0 17.0261 215 1,13 0.001 1 -1 3,14 0.001 -1 1 2,14 0.001 -1 1 57.0429 335 13,2 0.001 0 1 14,1 0.001 0 1 15,1 0.002 1 1 51.0205 275 14,12 0.001 0 -1 12,15 0.003 -1 1 15,14 0.002 -1 0 0.032 50 ::f,0,15 f,2,3 f,12,0 f,14,15 
126:2,1 0.001 1 1 2,2 0.001 0 1 2,0 0.001 1 0 17.0261 215 1,13 0.001 1 -1 3,14 0.001 -1 1 2,14 0.001 -1 1 57.0429 335 13,2 0.001 0 1 14,2 0.001 0 1 15,1 0.002 1 1 51.0215 275 14,12 0.001 0 -1 12,15 0.003 -1 1 14,14 0.002 -1 0 0.033 50 ::f,0,15 f,2,3 f,12,0 f,14,15 
127:2,1 0.001 1 1 2,2 0.001 0 1 2,0 0.001 1 0 26.0263 245 1,13 0.001 1 0 3,14 0.001 -1 0 2,14 0.001 -1 0 57.0429 335 13,2 0.001 -1 1 14,2 0.001 0 1 15,1 0.002 1 1 51.0215 275 14,12 0.001 0 -1 12,15 0.003 -1 1 14,14 0.002 -1 -1 0.033 50 ::f,0,15 f,1,3 f,12,0 f,14,15 
128:2,1 0.001 0 1 2,2 0.001 -1 1 2,0 0.001 1 1 26.0263 245 2,13 0.001 1 0 3,14 0.001 -1 0 1,14 0.001 -1 0 57.0449 335 13,2 0.001 -1 1 14,2 0.001 -1 1 15,1 0.002 1 1 51.0215 275 14,12 0.001 0 -1 12,15 0.003 -1 1 13,13 0.002 -1 -1 0.034 50 ::f,0,15 f,1,3 f,12,0 f,14,15 
129:2,1 0.001 0 1 2,2 0.001 -1 1 2,0 0.001 1 1 32.0264 260 2,13 0.001 1 0 3,14 0.001 -1 -1 1,14 0.001 -1 0 57.0449 335 13,2 0.001 -1 0 14,2 0.001 -1 1 15,1 0.002 1 1 51.0215 275 14,12 0.001 0 -1 12,15 0.003 -1 1 13,13 0.002 0 -1 0.034 50 ::f,0,3 f,0,15 f,12,0 f,14,15 
130:2,1 0.001 0 1 2,2 0.001 -1 0 2,0 0.001 1 1 32.0264 260 2,13 0.001 1 1 3,14 0.001 -1 -1 1,14 0.001 -1 -1 57.0449 335 13,2 0.001 -1 0 14,2 0.001 -1 0 15,1 0.002 1 1 51.0215 275 14,12 0.001 0 -1 12,15 0.003 -1 1 13,13 0.002 1 -1 0.034 50 ::f,0,3 f,0,15 f,12,0 f,14,15 
131:2,1 0.001 -1 1 1,2 0.001 -1 0 2,0 0.001 0 1 32.0274 260 2,13 0.001 1 1 3,14 0.001 -1 -1 1,14 0.001 -1 -1 57.0449 335 13,2 0.001 -1 -1 14,2 0.001 -1 0 15,1 0.002 1 1 51.0215 275 14,12 0.001 0 -1 12,15 0.003 -1 1 13,13 0.002 1 -1 0.034 50 ::f,0,3 f,0,15 f,12,0 f,14,15 
132:2,1 0.001 -1 1 1,2 0.001 -1 0 2,0 0.001 0 1 32.0274 260 2,13 0.001 0 1 3,14 0.001 -1 -1 1,14 0.001 0 -1 57.0449 335 13,2 0.001 -1 -1 14,2 0.001 -1 0 15,1 0.002 1 1 51.0215 275 14,12 0.001 0 -1 12,15 0.003 -1 1 13,13 0.002 1 -1 0.034 50 ::f,0,3 f,0,15 f,12,0 f,14,15 
133:2,1 0.001 -1 1 1,2 0.001 -1 -1 2,0 0.001 0 1 32.0274 260 2,14 0.001 0 1 2,13 0.001 -1 -1 1,13 0.001 0 -1 57.0479 335 13,2 0.001 0 -1 14,2 0.001 -1 -1 15,1 0.002 1 1 51.0215 275 14,12 0.001 0 -1 12,15 0.003 -1 1 13,13 0.002 1 0 0.034 50 ::f,0,3 f,0,15 f,12,0 f,14,15 
134:2,1 0.001 -1 0 1,2 0.001 -1 -1 2,0 0.001 -1 1 32.0274 260 2,14 0.001 0 1 2,13 0.001 -1 -1 1,13 0.001 0 -1 57.0479 335 13,1 0.001 0 -1 14,2 0.001 -1 -1 15,1 0.002 1 1 51.0225 275 14,12 0.001 0 -1 12,15 0.003 -1 1 14,13 0.002 1 0 0.035 50 ::f,0,3 f,0,15 f,12,0 f,14,15 
135:2,1 0.001 -1 0 1,2 0.001 0 -1 2,0 0.001 -1 1 32.0274 260 2,14 0.001 -1 1 2,13 0.001 0 -1 1,13 0.001 1 -1 57.0479 335 13,1 0.001 0 -1 14,2 0.001 -1 -1 15,1 0.002 1 1 51.0225 275 14,12 0.001 0 -1 12,15 0.003 -1 1 14,13 0.002 1 1 0.035 50 ::f,0,3 f,0,15 f,12,0 f,14,15 
136:2,1 0.001 -1 -1 1,1 0.001 0 -1 2,0 0.001 -1 1 32.0284 260 2,14 0.001 -1 1 2,13 0.001 0 -1 1,13 0.001 1 -1 57.0479 335 13,1 0.001 1 -1 14,2 0.001 0 -1 15,1 0.002 1 1 51.0225 275 14,12 0.001 0 -1 12,15 0.003 -1 1 15,14 0.002 1 1 0.036 50 ::f,0,3 f,0,15 f,12,0 f,14,15 
137:2,1 0.001 -1 -1 1,1 0.001 0 -1 2,0 0.001 -1 1 32.0284 260 2,14 0.001 -1 0 2,13 0.001 0 -1 1,13 0.001 1 0 57.0479 335 13,1 0.001 1 -1 14,2 0.001 0 -1 15,1 0.002 1 1 51.0225 275 14,12 0.001 0 -1 12,15 0.003 -1 1 15,14 0.002 0 1 0.036 50 ::f,0,3 f,0,15 f,12,0 f,14,15 
138:2,1 0.001 0 -1 1,1 0.001 1 -1 2,0 0.001 -1 1 32.0284 260 1,14 0.001 -1 0 2,13 0.001 0 -1 1,13 0.001 1 0 57.0489 335 13,1 0.001 1 0 14,2 0.001 1 -1 15,1 0.002 1 1 51.0225 275 14,12 0.001 0 -1 12,15 0.003 -1 1 15,14 0.002 -1 1 0.036 50 ::f,0,3 f,0,15 f,12,0 f,14,15 
139:2,1 0.001 0 -1 1,1 0.001 1 -1 2,0 0.001 -1 1 32.0284 260 1,14 0.001 -1 0 2,13 0.001 1 -1 1,13 0.001 1 0 57.0489 335 14,1 0.001 1 0 14,2 0.001 1 -1 15,1 0.002 1 1 51.0235 275 14,12 0.001 0 -1 12,15 0.003 -1 1 15,14 0.002 -1 1 0.036 50 ::f,0,3 f,0,15 f,12,0 f,14,15 
140:2,1 0.001 1 -1 1,1 0.001 1 0 2,0 0.001 -1 0 32.0284 260 1,14 0.001 -1 -1 2,13 0.001 1 -1 1,13 0.001 1 1 57.0489 335 14,1 0.001 1 0 14,2 0.001 1 0 15,1 0.002 1 1 51.0235 275 14,12 0.001 0 -1 12,15 0.003 -1 1 15,14 0.002 -1 1 0.036 50 ::f,0,3 f,0,15 f,12,0 f,14,15 
141:2,1 0.001 1 -1 1,1 0.001 1 0 2,0 0.001 -1 0 32.0284 260 1,14 0.001 -1 -1 2,13 0.001 1 -1 1,13 0.001 1 1 57.0489 335 14,1 0.001 1 1 14,2 0.001 1 0 15,1 0.002 1 1 51.0235 275 14,12 0.001 0 -1 12,15 0.003 -1 1 15,14 0.002 -1 0 0.036 50 ::f,0,3 f,0,15 f,12,0 f,14,15 
142:2,1 0.001 1 0 1,1 0.001 1 0 2,0 0.001 -1 -1 32.0284 260 1,14 0.001 0 -1 2,13 0.001 1 -1 1,13 0.001 0 1 57.0489 335 14,1 0.001 1 1 14,2 0.001 1 1 15,1 0.002 1 1 51.0235 275 14,12 0.001 0 -1 12,15 0.003 -1 1 14,14 0.002 -1 0 0.037 50 ::f,0,3 f,0,15 f,12,0 f,14,15 
143:2,1 0.001 1 0 1,1 0.001 1 1 2,0 0.001 -1 -1 32.0284 260 1,14 0.001 0 -1 2,13 0.001 1 0 1,13 0.001 0 1 57.0489 335 14,1 0.001 0 1 14,2 0.001 1 1 15,1 0.002 1 1 51.0235 275 14,12 0.001 0 -1 12,15 0.003 -1 1 14,14 0.002 -1 -1 0.037 50 ::f,0,3 f,0,15 f,12,0 f,14,15 
144:2,1 0.001 1 1 1,1 0.001 1 1 2,0 0.001 0 -1 32.0284 260 1,14 0.001 0 -1 2,13 0.001 1 0 1,13 0.001 -1 1 57.0489 335 14,1 0.001 0 1 14,2 0.001 0 1 15,1 0.002 1 1 51.0235 275 14,12 0.001 0 -1 12,15 0.003 -1 1 13,13 0.002 -1 -1 0.038 50 ::f,0,3 f,0,15 f,12,0 f,14,15 
145:2,1 0.001 1 1 1,1 0.001 0 1 2,0 0.001 0 -1 32.0284 260 1,14 0.001 1 -1 2,13 0.001 1 0 1,13 0.001 -1 1 57.0489 335 14,1 0.001 0 1 14,2 0.001 0 1 15,1 0.002 1 1 51.0235 275 14,12 0.001 0 -1 12,15 0.003 -1 1 13,13 0.002 0 -1 0.038 50 ::f,0,3 f,0,15 f,12,0 f,14,15 
146:2,1 0.001 0 1 1,1 0.001 0 1 2,0 0.001 1 -1 32.0284 260 1,14 0.001 1 -1 2,13 0.001 1 0 1,13 0.001 -1 0 57.0489 335 14,1 0.001 -1 1 14,2 0.001 -1 1 15,1 0.002 1 1 51.0235 275 14,12 0.001 0 -1 12,15 0.003 -1 1 13,13 0.002 1 -1 0.038 50 ::f,0,3 f,0,15 f,12,0 f,14,15 
147:2,2 0.001 0 1 1,1 0.001 -1 1 2,0 0.001 1 -1 32.0294 260 1,14 0.001 1 0 2,13 0.001 1 1 1,13 0.001 -1 0 57.0489 335 14,1 0.001 -1 1 14,2 0.001 -1 1 15,1 0.002 1 1 51.0235 275 14,12 0.001 0 -1 12,15 0.003 -1 1 13,13 0.002 1 -1 0.038 50 ::f,0,3 f,0,15 f,12,0 f,14,15 
148:2,2 0.001 0 1 1,1 0.001 -1 1 2,0 0.001 1 -1 32.0294 260 1,14 0.001 1 0 3,14 0.001 1 1 1,13 0.001 -1 -1 57.0499 335 14,1 0.001 -1 0 14,2 0.001 -1 0 15,1 0.002 1 1 51.0235 275 14,12 0.001 0 -1 12,15 0.003 -1 1 13,13 0.002 1 -1 0.038 50 ::f,0,3 f,0,15 f,12,0 f,14,15 
149:2,2 0.001 -1 1 1,1 0.001 -1 0 2,0 0.001 1 -1 32.0294 260 2,14 0.001 1 0 3,14 0.001 1 1 1,13 0.001 -1 -1 57.0509 335 14,1 0.001 -1 0 13,2 0.001 -1 0 15,1 0.002 1 1 51.0245 275 14,12 0.001 0 -1 12,15 0.003 -1 1 13,13 0.002 1 0 0.038 50 ::f,0,3 f,0,15 f,12,0 f,14,15 
150:2,2 0.001 -1 1 1,1 0.001 -1 0 2,0 0.001 1 0 32.0294 260 2,14 0.001 1 0 3,14 0.001 0 1 1,13 0.001 0 -1 57.0509 335 14,1 0.001 -1 -1 13,2 0.001 -1 0 15,1 0.002 1 1 51.0245 275 14,12 0.001 0 -1 12,15 0.003 -1 1 14,13 0.002 1 0 0.039 50 ::f,0,3 f,0,15 f,12,0 f,14,15 
151:2,2 0.001 -1 0 1,1 0.001 -1 -1 2,0 0.001 1 0 32.0294 260 2,14 0.001 1 1 3,14 0.001 0 1 1,13 0.001 0 -1 57.0509 335 14,1 0.001 -1 -1 13,2 0.001 -1 -1 15,1 0.002 1 1 51.0245 275 14,12 0.001 0 -1 12,15 0.003 -1 1 14,13 0.002 1 1 0.039 50 ::f,0,3 f,0,15 f,12,0 f,14,15 
152:1,2 0.001 -1 0 1,1 0.001 -1 -1 2,0 0.001 1 0 32.0304 260 2,14 0.001 1 1 3,14 0.001 -1 1 1,13 0.001 1 -1 57.0509 335 14,1 0.001 0 -1 13,2 0.001 -1 -1 15,1 0.002 1 1 51.0245 275 14,12 0.001 0 -1 12,15 0.003 -1 1 15,14 0.002 1 1 0.04 50 ::f,0,3 f,0,15 f,12,0 f,14,15 
153:1,2 0.001 -1 0 1,1 0.001 0 -1 2,0 0.001 1 0 32.0304 260 2,14 0.001 0 1 2,15 0.001 -1 1 1,13 0.001 1 -1 57.0519 335 14,1 0.001 0 -1 13,2 0.001 0 -1 15,1 0.002 1 1 51.0245 275 14,12 0.001 0 -1 12,15 0.003 -1 1 15,14 0.002 0 1 0.04 50 ::f,0,3 f,0,15 f,12,0 f,14,15 
154:1,2 0.001 -1 -1 1,1 0.001 0 -1 2,0 0.001 1 1 32.0304 260 2,14 0.001 0 1 2,15 0.001 -1 1 1,13 0.001 1 0 57.0519 335 14,1 0.001 1 -1 13,1 0.001 0 -1 15,1 0.002 1 1 51.0255 275 14,12 0.001 0 -1 12,15 0.003 -1 1 15,14 0.002 -1 1 0.04 50 ::f,0,3 f,0,15 f,12,0 f,14,15 
155:1,2 0.001 -1 -1 1,1 0.001 1 -1 3,1 0.001 1 1 32.0314 260 2,14 0.001 -1 1 2,15 0.001 -1 0 2,13 0.001 1 0 57.0529 335 14,1 0.001 1 -1 13,1 0.001 0 -1 15,1 0.002 1 1 51.0255 275 14,12 0.001 0 -1 12,15 0.003 -1 1 15,14 0.002 -1 1 0.04 50 ::f,0,3 f,0,15 f,12,0 f,14,15 
156:1,2 0.001 0 -1 1,1 0.001 1 -1 3,1 0.001 1 1 32.0314 260 2,14 0.001 -1 1 1,15 0.001 -1 0 2,13 0.001 1 0 57.0539 335 14,1 0.001 1 0 13,1 0.001 1 -1 15,1 0.002 1 1 51.0255 275 14,12 0.001 0 -1 12,15 0.003 -1 1 15,14 0.002 -1 1 0.04 50 ::f,0,3 f,0,15 f,12,0 f,14,15 
157:1,2 0.001 0 -1 1,1 0.001 1 0 3,1 0.001 1 1 32.0314 260 2,14 0.001 -1 0 1,15 0.001 -1 0 2,13 0.001 1 1 61.054 350 14,1 0.001 1 0 13,1 0.001 1 -1 15,1 0.002 1 1 51.0255 275 14,12 0.001 0 -1 12,15 0.003 -1 1 15,14 0.002 -1 0 0.04 50 ::f,0,3 f,3,14 f,12,0 f,14,15 
158:1,2 0.001 0 -1 2,1 0.001 1 0 3,1 0.001 1 1 32.0324 260 1,14 0.001 -1 0 1,15 0.001 -1 0 2,13 0.001 1 1 67.0551 365 14,1 0.001 1 1 13,1 0.001 1 0 15,1 0.002 1 1 51.0255 275 14,12 0.001 0 -1 12,15 0.003 -1 1 14,14 0.002 -1 0 0.041 50 ::f,0,3 f,2,15 f,12,0 f,14,15 
159:1,2 0.001 1 -1 2,1 0.001 1 0 3,1 0.001 0 1 32.0324 260 1,14 0.001 -1 0 1,15 0.001 -1 0 2,13 0.001 0 1 67.0551 365 14,1 0.001 1 1 13,1 0.001 1 0 15,1 0.002 1 1 51.0255 275 14,12 0.001 0 -1 12,15 0.003 -1 1 14,14 0.002 -1 -1 0.041 50 ::f,0,3 f,2,15 f,12,0 f,14,15 
160:1,2 0.001 1 -1 2,1 0.001 1 1 3,2 0.001 0 1 32.0334 260 1,14 0.001 -1 -1 1,15 0.001 -1 -1 2,14 0.001 0 1 67.0561 365 14,1 0.001 0 1 13,1 0.001 1 0 15,1 0.002 1 1 51.0255 275 14,12 0.001 0 -1 12,15 0.003 -1 1 13,13 0.002 -1 -1 0.042 50 ::f,0,3 f,2,15 f,12,0 f,14,15 
161:1,2 0.001 1 0 2,1 0.001 1 1 3,2 0.001 0 1 32.0334 260 1,14 0.001 -1 -1 0,14 0.001 -1 -1 2,14 0.001 0 1 74.0572 380 14,2 0.001 0 1 13,1 0.001 1 1 15,1 0.002 1 1 51.0265 275 14,12 0.001 0 -1 12,15 0.003 -1 1 13,13 0.002 0 -1 0.042 50 ::f,0,3 f,0,12 f,12,0 f,14,15 
162:2,2 0.001 1 0 2,1 0.001 0 1 3,2 0.001 0 1 32.0344 260 1,14 0.001 0 -1 0,14 0.001 -1 -1 2,14 0.001 -1 1 74.0572 380 14,2 0.001 0 1 13,1 0.001 1 1 15,1 0.002 1 1 51.0265 275 14,12 0.001 0 -1 12,15 0.003 -1 1 13,13 0.002 1 -1 0.042 50 ::f,0,3 f,0,12 f,12,0 f,14,15 
163:2,2 0.001 1 0 2,1 0.001 0 1 3,2 0.001 0 1 32.0344 260 1,13 0.001 0 -1 0,14 0.001 -1 -1 2,14 0.001 -1 1 74.0582 380 14,2 0.001 -1 1 13,1 0.001 0 1 15,1 0.002 1 1 51.0265 275 14,12 0.001 0 -1 12,15 0.003 -1 1 13,13 0.002 1 -1 0.042 50 ::f,0,3 f,0,12 f,12,0 f,14,15 
164:2,2 0.001 1 1 2,1 0.001 0 1 3,2 0.001 -1 1 32.0344 260 1,13 0.001 0 -1 0,14 0.001 -1 -1 2,14 0.001 -1 0 74.0582 380 14,2 0.001 -1 1 13,1 0.001 0 1 15,1 0.002 1 1 51.0265 275 14,12 0.001 0 -1 12,15 0.003 -1 1 13,13 0.002 1 -1 0.042 50 ::f,0,3 f,0,12 f,12,0 f,14,15 
165:2,2 0.001 1 1 2,1 0.001 -1 1 3,2 0.001 -1 1 32.0344 260 1,13 0.001 1 -1 0,14 0.001 -1 -1 1,14 0.001 -1 0 74.0592 380 14,2 0.001 -1 0 13,1 0.001 -1 1 15,1 0.002 1 1 51.0265 275 14,12 0.001 0 -1 12,15 0.003 -1 1 13,13 0.002 1 0 0.042 50 ::f,0,3 f,0,12 f,12,0 f,14,15 
166:2,2 0.001 0 1 1,2 0.001 -1 1 3,2 0.001 -1 1 32.0354 260 1,13 0.001 1 -1 0,14 0.001 -1 -1 1,14 0.001 -1 0 74.0592 380 13,2 0.001 -1 0 13,1 0.001 -1 1 15,1 0.002 1 1 51.0275 275 14,12 0.001 0 -1 12,15 0.003 -1 1 14,13 0.002 1 0 0.043 50 ::f,0,3 f,0,12 f,12,0 f,14,15 
167:2,2 0.001 0 1 1,2 0.001 -1 1 3,2 0.001 -1 0 39.0355 275 1,13 0.001 1 0 0,14 0.001 0 -1 1,14 0.001 -1 -1 74.0592 380 13,2 0.001 -1 0 13,1 0.001 -1 0 15,1 0.002 1 1 51.0275 275 14,12 0.001 0 -1 12,15 0.003 -1 1 14,13 0.002 1 1 0.043 50 ::f,0,12 f,2,3 f,12,0 f,14,15 
168:2,2 0.001 -1 1 1,2 0.001 -1 0 3,2 0.001 -1 0 39.0355 275 2,13 0.001 1 0 0,13 0.001 0 -1 1,14 0.001 -1 -1 74.0612 380 13,2 0.001 -1 -1 13,1 0.001 -1 0 15,1 0.002 1 1 51.0275 275 14,12 0.001 0 -1 12,15 0.003 -1 1 15,14 0.002 1 1 0.044 50 ::f,0,12 f,2,3 f,12,0 f,14,15 
169:2,2 0.001 -1 1 1,2 0.001 -1 0 3,2 0.001 -1 -1 39.0355 275 2,13 0.001 1 0 0,13 0.001 0 -1 1,14 0.001 0 -1 79.0613 395 13,2 0.001 -1 -1 13,1 0.001 -1 -1 15,1 0.002 1 1 51.0275 275 14,12 0.001 0 -1 12,15 0.003 -1 1 15,14 0.002 0 1 0.044 50 ::f,2,3 f,3,13 f,12,0 f,14,15 
170:2,2 0.001 -1 0 1,2 0.001 -1 -1 3,2 0.001 -1 -1 39.0355 275 2,13 0.001 1 1 0,13 0.001 1 -1 1,13 0.001 0 -1 79.0623 395 13,2 0.001 0 -1 13,1 0.001 -1 -1 15,1 0.002 1 1 57.0276 290 14,12 0.001 0 -1 12,15 0.003 -1 1 15,14 0.002 -1 1 0.044 50 ::f,2,3 f,3,13 f,13,3 f,14,15 
171:2,2 0.001 -1 0 1,2 0.001 -1 -1 3,2 0.001 -1 -1 39.0355 275 2,13 0.001 1 1 1,12 0.001 1 -1 1,13 0.001 0 -1 79.0633 395 13,2 0.001 0 -1 13,1 0.001 0 -1 15,1 0.002 1 1 57.0276 290 14,12 0.001 0 -1 12,15 0.003 -1 1 15,14 0.002 -1 1 0.044 50 ::f,2,3 f,3,13 f,13,3 f,14,15 
172:2,2 0.001 -1 0 1,2 0.001 0 -1 3,2 0.001 -1 -1 39.0355 275 2,13 0.001 0 1 1,12 0.001 1 -1 1,13 0.001 1 -1 79.0633 395 13,2 0.001 0 -1 13,1 0.001 0 -1 15,1 0.002 1 1 57.0276 290 14,12 0.001 0 -1 12,15 0.003 -1 1 15,14 0.002 -1 1 0.044 50 ::f,2,3 f,3,13 f,13,3 f,14,15 
173:2,2 0.001 -1 -1 1,1 0.001 0 -1 2,1 0.001 -1 -1 39.0375 275 2,14 0.001 0 1 1,12 0.001 1 0 1,13 0.001 1 -1 79.0643 395 13,2 0.001 1 -1 13,1 0.001 1 -1 15,1 0.002 1 1 57.0276 290 14,12 0.001 0 -1 12,15 0.003 -1 1 15,14 0.002 -1 0 0.044 50 ::f,2,3 f,3,13 f,13,3 f,14,15 
174:2,2 0.001 -1 -1 1,1 0.001 0 -1 2,1 0.001 -1 -1 39.0375 275 2,14 0.001 0 1 2,12 0.001 1 0 1,13 0.001 1 0 79.0653 395 13,2 0.001 1 -1 13,1 0.001 1 -1 15,1 0.002 1 1 57.0276 290 14,12 0.001 0 -1 12,15 0.003 -1 1 14,14 0.002 -1 0 0.045 50 ::f,2,3 f,3,13 f,13,3 f,14,15 
175:2,2 0.001 0 -1 1,1 0.001 1 -1 2,1 0.001 0 -1 39.0375 275 2,14 0.001 -1 1 2,12 0.001 1 0 2,13 0.001 1 0 79.0663 395 13,2 0.001 1 0 13,1 0.001 1 0 15,1 0.002 1 1 57.0276 290 14,12 0.001 0 -1 12,15 0.003 -1 1 14,14 0.002 -1 -1 0.045 50 ::f,2,3 f,3,13 f,13,3 f,14,15 
176:2,2 0.001 0 -1 1,1 0.001 1 -1 2,1 0.001 0 -1 39.0375 275 2,14 0.001 -1 1 2,12 0.001 1 1 2,13 0.001 1 0 87.0664 410 13,2 0.001 1 0 14,1 0.001 1 0 15,1 0.002 1 1 57.0286 290 14,12 0.001 0 -1 12,15 0.003 -1 1 13,13 0.002 -1 -1 0.046 50 ::f,1,15 f,2,3 f,13,3 f,14,15 
177:2,2 0.001 1 -1 1,1 0.001 1 0 2,1 0.001 1 -1 39.0375 275 2,14 0.001 -1 0 3,13 0.001 1 1 2,13 0.001 1 1 87.0674 410 13,2 0.001 1 1 14,1 0.001 1 0 15,1 0.002 1 1 57.0286 290 14,12 0.001 0 -1 12,15 0.003 -1 1 13,13 0.002 0 -1 0.046 50 ::f,1,15 f,2,3 f,13,3 f,14,15 
178:2,2 0.001 1 -1 1,1 0.001 1 0 2,1 0.001 1 -1 39.0375 275 1,14 0.001 -1 0 3,13 0.001 1 1 2,13 0.001 1 1 87.0684 410 13,2 0.001 1 1 14,1 0.001 1 1 15,1 0.002 1 1 57.0286 290 14,12 0.001 0 -1 12,15 0.003 -1 1 13,13 0.002 1 -1 0.046 50 ::f,1,15 f,2,3 f,13,3 f,14,15 
179:2,2 0.001 1 0 1,1 0.001 1 0 2,1 0.001 1 0 39.0375 275 1,14 0.001 -1 0 3,13 0.001 1 1 2,13 0.001 0 1 87.0684 410 13,2 0.001 0 1 14,1 0.001 1 1 15,1 0.002 1 1 57.0286 290 14,12 0.001 0 -1 12,15 0.003 -1 1 13,13 0.002 1 -1 0.046 50 ::f,1,15 f,2,3 f,13,3 f,14,15 
180:2,2 0.001 1 0 1,1 0.001 1 1 2,1 0.001 1 0 39.0375 275 1,14 0.001 -1 -1 3,13 0.001 1 1 2,14 0.001 0 1 87.0694 410 13,2 0.001 0 1 14,1 0.001 0 1 15,1 0.002 1 1 66.0287 305 14,12 0.001 0 -1 12,15 0.003 -1 1 13,13 0.002 1 -1 0.046 50 ::f,1,15 f,2,3 f,12,3 f,14,15 
181:2,2 0.001 1 1 1,1 0.001 1 1 2,1 0.001 1 1 39.0375 275 1,14 0.001 -1 -1 3,13 0.001 0 1 2,14 0.001 0 1 87.0694 410 13,2 0.001 -1 1 14,2 0.001 0 1 15,1 0.002 1 1 66.0297 305 14,12 0.001 0 -1 12,15 0.003 -1 1 13,13 0.002 1 0 0.046 50 ::f,1,15 f,2,3 f,12,3 f,14,15 
182:2,2 0.001 1 1 1,1 0.001 0 1 2,1 0.001 1 1 39.0375 275 1,14 0.001 0 -1 3,13 0.001 0 1 2,14 0.001 -1 1 87.0694 410 13,2 0.001 -1 1 14,2 0.001 0 1 15,1 0.002 1 1 76.0298 320 14,12 0.001 0 -1 12,15 0.003 -1 1 14,13 0.002 1 0 0.047 50 ::f,1,15 f,2,3 f,14,15 f,15,3 
183:2,2 0.001 0 1 1,1 0.001 0 1 2,1 0.001 1 1 39.0375 275 1,13 0.001 0 -1 3,13 0.001 0 1 2,14 0.001 -1 1 96.0705 425 13,2 0.001 -1 0 14,2 0.001 -1 1 15,1 0.002 1 1 76.0298 320 14,12 0.001 0 -1 12,15 0.003 -1 1 14,13 0.002 1 1 0.047 50 ::f,2,3 f,3,12 f,14,15 f,15,3 
184:2,2 0.001 0 1 1,1 0.001 -1 1 2,1 0.001 0 1 41.0376 290 1,13 0.001 0 -1 3,13 0.001 -1 1 2,14 0.001 -1 0 96.0705 425 13,2 0.001 -1 0 14,2 0.001 -1 1 15,1 0.002 1 1 76.0298 320 14,12 0.001 0 -1 12,15 0.003 -1 1 15,14 0.002 1 1 0.048 50 ::f,3,0 f,3,12 f,14,15 f,15,3 
185:2,2 0.001 -1 1 1,1 0.001 -1 1 2,1 0.001 0 1 41.0376 290 1,13 0.001 1 -1 3,13 0.001 -1 1 1,14 0.001 -1 0 96.0715 425 13,2 0.001 -1 -1 14,2 0.001 -1 0 15,1 0.002 1 1 76.0298 320 14,12 0.001 0 -1 12,15 0.003 -1 1 15,14 0.002 0 1 0.048 50 ::f,3,0 f,3,12 f,14,15 f,15,3 
186:2,2 0.001 -1 1 1,1 0.001 -1 0 2,1 0.001 0 1 41.0376 290 1,13 0.001 1 -1 2,14 0.001 -1 1 1,14 0.001 -1 0 96.0725 425 13,2 0.001 -1 -1 14,2 0.001 -1 0 15,1 0.002 1 1 76.0298 320 14,12 0.001 0 -1 12,15 0.003 -1 1 15,14 0.002 -1 1 0.048 50 ::f,3,0 f,3,12 f,14,15 f,15,3 
187:2,2 0.001 -1 0 1,1 0.001 -1 0 2,1 0.001 0 1 41.0376 290 1,13 0.001 1 0 2,14 0.001 -1 1 1,14 0.001 -1 -1 96.0725 425 13,2 0.001 0 -1 14,2 0.001 -1 0 15,1 0.002 1 1 76.0298 320 14,12 0.001 0 -1 12,15 0.003 -1 1 15,14 0.002 -1 1 0.048 50 ::f,3,0 f,3,12 f,14,15 f,15,3 
188:1,2 0.001 -1 0 1,1 0.001 -1 -1 2,1 0.001 0 1 41.0386 290 2,13 0.001 1 0 2,14 0.001 -1 0 1,14 0.001 -1 -1 96.0735 425 13,1 0.001 0 -1 14,2 0.001 -1 -1 15,1 0.002 1 1 76.0308 320 14,12 0.001 0 -1 12,15 0.003 -1 1 15,14 0.002 -1 1 0.048 50 ::f,3,0 f,3,12 f,14,15 f,15,3 
189:1,2 0.001 -1 0 1,1 0.001 -1 -1 2,1 0.001 0 1 41.0386 290 2,13 0.001 1 0 2,14 0.001 -1 0 1,14 0.001 0 -1 96.0735 425 13,1 0.001 0 -1 14,2 0.001 -1 -1 15,1 0.002 1 1 76.0308 320 14,12 0.001 0 -1 12,15 0.003 -1 1 15,14 0.002 -1 0 0.048 50 ::f,3,0 f,3,12 f,14,15 f,15,3 
190:1,2 0.001 -1 -1 1,1 0.001 0 -1 2,2 0.001 0 1 41.0396 290 2,13 0.001 1 1 2,14 0.001 -1 0 1,13 0.001 0 -1 96.0745 425 13,1 0.001 1 -1 14,2 0.001 0 -1 15,1 0.002 1 1 76.0308 320 14,12 0.001 0 -1 12,15 0.003 -1 1 14,14 0.002 -1 0 0.049 50 ::f,3,0 f,3,12 f,14,15 f,15,3 
191:1,2 0.001 -1 -1 1,1 0.001 0 -1 2,2 0.001 0 1 41.0396 290 2,13 0.001 1 1 2,14 0.001 -1 0 1,13 0.001 0 -1 96.0745 425 13,1 0.001 1 -1 14,2 0.001 0 -1 15,1 0.002 1 1 76.0308 320 14,12 0.001 0 -1 12,15 0.003 -1 1 14,14 0.002 -1 -1 0.049 50 ::f,3,0 f,3,12 f,14,15 f,15,3 
192:1,2 0.001 0 -1 1,1 0.001 1 -1 2,2 0.001 0 1 41.0396 290 2,13 0.001 0 1 2,14 0.001 -1 -1 1,13 0.001 1 -1 96.0745 425 13,1 0.001 1 0 14,2 0.001 1 -1 15,1 0.002 1 1 76.0308 320 14,12 0.001 0 -1 12,15 0.003 -1 1 13,13 0.002 -1 -1 0.05 50 ::f,3,0 f,3,12 f,14,15 f,15,3 
193:1,2 0.001 0 -1 1,1 0.001 1 -1 2,2 0.001 0 1 41.0396 290 2,13 0.001 0 1 2,14 0.001 -1 -1 1,13 0.001 1 -1 96.0745 425 14,1 0.001 1 0 14,2 0.001 1 -1 15,1 0.002 1 1 76.0318 320 14,12 0.001 0 -1 12,15 0.003 -1 1 13,13 0.002 0 -1 0.05 50 ::f,3,0 f,3,12 f,14,15 f,15,3 
194:1,2 0.001 0 -1 1,1 0.001 1 0 2,2 0.001 -1 1 41.0396 290 2,13 0.001 0 1 2,14 0.001 0 -1 1,13 0.001 1 0 96.0745 425 14,1 0.001 1 0 14,2 0.001 1 0 15,1 0.002 1 1 76.0318 320 14,12 0.001 0 -1 12,15 0.003 -1 1 13,13 0.002 1 -1 0.05 50 ::f,3,0 f,3,12 f,14,15 f,15,3 
195:1,2 0.001 1 -1 2,1 0.001 1 0 1,3 0.001 -1 1 41.0416 290 2,13 0.001 -1 1 2,14 0.001 0 -1 1,13 0.001 1 0 96.0745 425 14,1 0.001 1 1 14,2 0.001 1 0 15,1 0.002 1 1 76.0318 320 14,12 0.001 0 -1 12,15 0.003 -1 1 13,13 0.002 1 -1 0.05 50 ::f,3,0 f,3,12 f,14,15 f,15,3 
196:1,2 0.001 1 -1 2,1 0.001 1 0 1,3 0.001 -1 1 41.0416 290 2,13 0.001 -1 1 2,14 0.001 0 -1 1,13 0.001 1 0 96.0745 425 14,1 0.001 1 1 14,2 0.001 1 1 15,1 0.002 1 1 76.0318 320 14,12 0.001 0 -1 12,15 0.003 -1 1 13,13 0.002 1 -1 0.05 50 ::f,3,0 f,3,12 f,14,15 f,15,3 
197:1,2 0.001 1 -1 2,1 0.001 1 1 1,3 0.001 -1 1 41.0416 290 2,13 0.001 -1 0 2,14 0.001 1 -1 1,13 0.001 1 1 96.0745 425 14,1 0.001 0 1 14,2 0.001 1 1 15,1 0.002 1 1 83.0319 335 14,12 0.001 0 -1 12,15 0.003 -1 1 13,13 0.002 1 0 0.05 50 ::f,3,0 f,3,12 f,13,1 f,14,15 
198:1,2 0.001 1 0 2,1 0.001 1 1 1,3 0.001 -1 1 41.0416 290 2,13 0.001 -1 0 2,14 0.001 1 -1 1,13 0.001 1 1 96.0745 425 14,1 0.001 0 1 14,2 0.001 0 1 15,1 0.002 1 1 83.0319 335 14,12 0.001 0 -1 12,15 0.003 -1 1 14,13 0.002 1 0 0.051 50 ::f,3,0 f,3,12 f,13,1 f,14,15 
199:1,2 0.001 1 0 2,1 0.001 0 1 1,3 0.001 -1 0 41.0416 290 2,13 0.001 -1 -1 2,14 0.001 1 0 1,13 0.001 0 1 96.0745 425 14,1 0.001 0 1 14,2 0.001 0 1 15,1 0.002 1 1 83.0319 335 14,12 0.001 0 -1 12,15 0.003 -1 1 14,13 0.002 1 1 0.051 50 ::f,3,0 f,3,12 f,13,1 f,14,15 
200:1,2 0.001 1 1 2,2 0.001 0 1 1,3 0.001 -1 0 41.0426 290 2,13 0.001 -1 -1 2,14 0.001 1 0 1,13 0.001 0 1 96.0745 425 14,1 0.001 -1 1 14,2 0.001 -1 1 15,1 0.002 1 1 83.0319 335 14,12 0.001 0 -1 12,15 0.003 -1 1 15,14 0.002 1 1 0.052 50 ::f,3,0 f,3,12 f,13,1 f,14,15 
201:1,2 0.001 1 1 2,2 0.001 0 1 1,3 0.001 -1 -1 41.0426 290 2,13 0.001 0 -1 2,14 0.001 1 1 1,13 0.001 -1 1 96.0745 425 14,1 0.001 -1 1 14,2 0.001 -1 1 15,1 0.002 1 1 83.0319 335 14,12 0.001 0 -1 12,15 0.003 -1 1 15,14 0.002 0 1 0.052 50 ::f,3,0 f,3,12 f,13,1 f,14,15 
202:1,2 0.001 0 1 2,2 0.001 -1 1 0,2 0.001 -1 -1 41.0436 290 2,13 0.001 0 -1 2,14 0.001 1 1 1,13 0.001 -1 1 96.0745 425 14,1 0.001 -1 0 14,2 0.001 -1 0 15,1 0.002 1 1 83.0319 335 14,12 0.001 0 -1 12,15 0.003 -1 1 15,14 0.002 -1 1 0.052 50 ::f,3,0 f,3,12 f,13,1 f,14,15 
203:1,2 0.001 0 1 2,2 0.001 -1 1 0,2 0.001 -1 -1 41.0436 290 2,13 0.001 1 -1 2,14 0.001 1 1 1,13 0.001 -1 0 96.0745 425 14,1 0.001 -1 0 13,2 0.001 -1 0 15,1 0.002 1 1 93.033 350 14,12 0.001 0 -1 12,15 0.003 -1 1 15,14 0.002 -1 1 0.052 50 ::f,3,0 f,3,12 f,13,3 f,14,15 
204:1,2 0.001 -1 1 2,2 0.001 -1 0 0,2 0.001 0 -1 41.0436 290 2,13 0.001 1 -1 2,14 0.001 1 1 1,13 0.001 -1 0 105.075 440 14,1 0.001 -1 -1 13,2 0.001 -1 0 15,1 0.002 1 1 93.033 350 14,12 0.001 0 -1 12,15 0.003 -1 1 15,14 0.002 -1 1 0.052 50 ::f,1,12 f,3,0 f,13,3 f,14,15 
205:1,2 0.001 -1 1 2,2 0.001 -1 0 0,1 0.001 0 -1 41.0446 290 2,13 0.001 1 0 2,14 0.001 1 1 1,13 0.001 -1 -1 105.075 440 14,1 0.001 -1 -1 13,2 0.001 -1 -1 15,1 0.002 1 1 93.033 350 14,12 0.001 0 -1 12,15 0.003 -1 1 15,14 0.002 -1 0 0.052 50 ::f,1,12 f,3,0 f,13,3 f,14,15 
206:1,2 0.001 -1 0 2,2 0.001 -1 0 0,1 0.001 0 -1 41.0446 290 2,13 0.001 1 0 2,14 0.001 1 1 1,13 0.001 -1 -1 105.075 440 14,1 0.001 0 -1 13,2 0.001 -1 -1 15,1 0.002 1 1 93.033 350 14,12 0.001 0 -1 12,15 0.003 -1 1 14,14 0.002 -1 0 0.053 50 ::f,1,12 f,3,0 f,13,3 f,14,15 
207:1,2 0.001 -1 0 2,2 0.001 -1 -1 0,1 0.001 1 -1 41.0446 290 2,13 0.001 1 1 2,14 0.001 0 1 1,13 0.001 0 -1 105.075 440 14,1 0.001 0 -1 13,2 0.001 0 -1 15,1 0.002 1 1 93.033 350 14,12 0.001 0 -1 12,15 0.003 -1 1 14,14 0.002 -1 -1 0.053 50 ::f,1,12 f,3,0 f,13,3 f,14,15 
208:1,2 0.001 -1 -1 2,2 0.001 -1 -1 0,1 0.001 1 -1 41.0446 290 2,13 0.001 1 1 2,14 0.001 0 1 1,13 0.001 0 -1 115.075 455 14,1 0.001 1 -1 13,1 0.001 0 -1 15,1 0.002 1 1 93.034 350 14,12 0.001 0 -1 12,15 0.003 -1 1 13,13 0.002 -1 -1 0.054 50 ::f,0,14 f,3,0 f,13,3 f,14,15 
209:1,2 0.001 -1 -1 2,2 0.001 0 -1 0,1 0.001 1 -1 41.0446 290 2,13 0.001 0 1 2,14 0.001 -1 1 1,13 0.001 1 -1 115.075 455 14,1 0.001 1 -1 13,1 0.001 0 -1 15,1 0.002 1 1 93.034 350 14,12 0.001 0 -1 12,15 0.003 -1 1 13,13 0.002 0 -1 0.054 50 ::f,0,14 f,3,0 f,13,3 f,14,15 
210:1,2 0.001 0 -1 2,2 0.001 0 -1 0,1 0.001 1 -1 41.0446 290 2,13 0.001 0 1 1,15 0.001 -1 1 1,13 0.001 1 -1 115.076 455 14,1 0.001 1 0 13,1 0.001 1 -1 15,1 0.002 1 1 93.034 350 14,12 0.001 0 -1 12,15 0.003 -1 1 13,13 0.002 1 -1 0.054 50 ::f,0,14 f,3,0 f,13,3 f,14,15 
211:1,1 0.001 0 -1 2,2 0.001 1 -1 0,1 0.001 1 -1 41.0456 290 2,13 0.001 0 1 1,15 0.001 -1 1 1,13 0.001 1 0 115.076 455 14,1 0.001 1 0 13,1 0.001 1 -1 15,1 0.002 1 1 93.034 350 14,12 0.001 0 -1 12,15 0.003 -1 1 13,13 0.002 1 -1 0.054 50 ::f,0,14 f,3,0 f,13,3 f,14,15 
212:1,1 0.001 0 -1 2,2 0.001 1 -1 0,1 0.001 1 0 41.0456 290 2,13 0.001 -1 1 1,15 0.001 -1 0 1,13 0.001 1 0 115.076 455 14,1 0.001 1 1 13,1 0.001 1 0 15,1 0.002 1 1 93.034 350 14,12 0.001 0 -1 12,15 0.003 -1 1 13,13 0.002 1 -1 0.054 50 ::f,0,14 f,3,0 f,13,3 f,14,15 
213:1,1 0.001 1 -1 2,2 0.001 1 0 0,1 0.001 1 0 41.0456 290 2,13 0.001 -1 1 1,15 0.001 -1 0 1,13 0.001 1 0 115.076 455 14,1 0.001 1 1 13,1 0.001 1 0 15,1 0.002 1 1 93.034 350 14,12 0.001 0 -1 12,15 0.003 -1 1 13,13 0.002 1 0 0.054 50 ::f,0,14 f,3,0 f,13,3 f,14,15 
214:1,1 0.001 1 -1 2,2 0.001 1 0 0,1 0.001 1 0 41.0456 290 2,13 0.001 -1 0 1,15 0.001 -1 -1 1,13 0.001 1 1 115.076 455 14,1 0.001 0 1 13,1 0.001 1 0 15,1 0.002 1 1 93.034 350 14,12 0.001 0 -1 12,15 0.003 -1 1 14,13 0.002 1 0 0.055 50 ::f,0,14 f,3,0 f,13,3 f,14,15 
215:1,1 0.001 1 0 2,2 0.001 1 1 0,1 0.001 1 1 41.0456 290 2,13 0.001 -1 0 1,15 0.001 -1 -1 1,13 0.001 1 1 115.076 455 14,2 0.001 0 1 13,1 0.001 1 1 15,1 0.002 1 1 93.035 350 14,12 0.001 0 -1 12,15 0.003 -1 1 14,13 0.002 1 1 0.055 50 ::f,0,14 f,3,0 f,13,3 f,14,15 
216:2,1 0.001 1 0 2,2 0.001 1 1 0,1 0.001 1 1 41.0466 290 2,13 0.001 -1 -1 1,15 0.001 -1 -1 1,13 0.001 0 1 121.076 470 14,2 0.001 0 1 13,1 0.001 1 1 15,1 0.002 1 1 93.035 350 14,12 0.001 0 -1 12,15 0.003 -1 1 15,14 0.002 1 1 0.056 50 ::f,1,12 f,3,0 f,13,3 f,14,15 
217:2,1 0.001 1 0 2,2 0.001 0 1 0,1 0.001 1 1 41.0466 290 2,13 0.001 -1 -1 1,15 0.001 0 -1 1,14 0.001 0 1 131.077 485 14,2 0.001 -1 1 13,1 0.001 0 1 15,1 0.002 1 1 93.035 350 14,12 0.001 0 -1 12,15 0.003 -1 1 15,14 0.002 0 1 0.056 50 ::f,3,0 f,3,12 f,13,3 f,14,15 
218:2,1 0.001 1 1 2,2 0.001 0 1 0,1 0.001 1 1 41.0466 290 2,13 0.001 0 -1 1,15 0.001 0 -1 1,14 0.001 0 1 131.077 485 14,2 0.001 -1 1 13,2 0.001 0 1 15,1 0.002 1 1 103.036 365 14,12 0.001 0 -1 12,15 0.003 -1 1 15,14 0.002 -1 1 0.056 50 ::f,3,0 f,3,12 f,13,3 f,14,15 
219:2,1 0.001 1 1 2,2 0.001 -1 1 0,1 0.001 0 1 41.0466 290 2,13 0.001 0 -1 1,15 0.001 0 -1 1,14 0.001 -1 1 131.077 485 14,2 0.001 -1 0 13,2 0.001 0 1 15,1 0.002 1 1 111.036 380 14,12 0.001 0 -1 12,15 0.003 -1 1 15,14 0.002 -1 1 0.056 50 ::f,3,0 f,3,12 f,14,15 f,15,0 
220:2,1 0.001 0 1 2,2 0.001 -1 1 0,1 0.001 0 1 41.0466 290 2,13 0.001 1 -1 1,15 0.001 1 -1 1,14 0.001 -1 1 131.077 485 14,2 0.001 -1 0 13,2 0.001 -1 1 15,1 0.002 1 1 111.036 380 14,12 0.001 0 -1 12,15 0.003 -1 1 15,14 0.002 -1 1 0.056 50 ::f,3,0 f,3,12 f,14,15 f,15,0 
221:2,1 0.001 0 1 2,2 0.001 -1 0 0,1 0.001 -1 1 41.0466 290 2,13 0.001 1 -1 1,15 0.001 1 -1 1,14 0.001 -1 0 141.077 500 14,2 0.001 -1 0 13,2 0.001 -1 1 15,1 0.002 1 1 111.036 380 14,12 0.001 0 -1 12,15 0.003 -1 1 15,14 0.002 -1 0 0.056 50 ::f,3,0 f,3,12 f,14,15 f,15,0 
222:2,1 0.001 0 1 1,2 0.001 -1 0 0,1 0.001 -1 1 41.0476 290 2,13 0.001 1 0 1,15 0.001 1 0 1,14 0.001 -1 0 141.077 500 14,2 0.001 -1 -1 13,2 0.001 -1 0 15,1 0.002 1 1 111.036 380 14,12 0.001 0 -1 12,15 0.003 -1 1 14,14 0.002 -1 0 0.057 50 ::f,3,0 f,3,12 f,14,15 f,15,0 
223:2,1 0.001 -1 1 1,2 0.001 -1 0 0,1 0.001 -1 1 41.0476 290 2,13 0.001 1 0 1,15 0.001 1 0 1,14 0.001 -1 -1 141.077 500 14,2 0.001 -1 -1 13,2 0.001 -1 0 15,1 0.002 1 1 111.036 380 14,12 0.001 0 -1 12,15 0.003 -1 1 14,14 0.002 -1 -1 0.057 50 ::f,3,0 f,3,12 f,14,15 f,15,0 
224:2,1 0.001 -1 1 1,2 0.001 -1 -1 0,1 0.001 -1 1 41.0476 290 2,13 0.001 1 1 1,15 0.001 1 1 1,14 0.001 -1 -1 141.077 500 14,2 0.001 0 -1 13,2 0.001 -1 -1 15,1 0.002 1 1 111.036 380 14,12 0.001 0 -1 12,15 0.003 -1 1 13,13 0.002 -1 -1 0.058 50 ::f,3,0 f,3,12 f,14,15 f,15,0 
225:2,1 0.001 -1 0 1,2 0.001 -1 -1 0,1 0.001 -1 0 41.0476 290 2,13 0.001 1 1 1,15 0.001 1 1 1,14 0.001 0 -1 141.077 500 14,2 0.001 0 -1 13,2 0.001 -1 -1 15,1 0.002 1 1 111.036 380 14,12 0.001 0 -1 12,15 0.003 -1 1 13,13 0.002 0 -1 0.058 50 ::f,3,0 f,3,12 f,14,15 f,15,0 
226:1,1 0.001 -1 0 1,2 0.001 0 -1 0,1 0.001 -1 0 41.0486 290 2,13 0.001 0 1 1,15 0.001 0 1 1,13 0.001 0 -1 141.078 500 14,2 0.001 1 -1 13,2 0.001 0 -1 15,1 0.002 1 1 111.036 380 14,12 0.001 0 -1 12,15 0.003 -1 1 13,13 0.002 1 -1 0.058 50 ::f,3,0 f,3,12 f,14,15 f,15,0 
227:1,1 0.001 -1 0 1,2 0.001 0 -1 0,1 0.001 -1 -1 41.0486 290 2,14 0.001 0 1 1,15 0.001 0 1 1,13 0.001 0 -1 141.079 500 14,2 0.001 1 -1 13,1 0.001 0 -1 15,1 0.002 1 1 111.037 380 14,12 0.001 0 -1 12,15 0.003 -1 1 13,13 0.002 1 -1 0.058 50 ::f,3,0 f,3,12 f,14,15 f,15,0 
228:1,1 0.001 -1 -1 1,2 0.001 0 -1 0,1 0.001 -1 -1 41.0486 290 2,14 0.001 0 1 1,15 0.001 -1 1 1,13 0.001 1 -1 141.079 500 14,2 0.001 1 0 13,1 0.001 0 -1 15,1 0.002 1 1 111.037 380 14,12 0.001 0 -1 12,15 0.003 -1 1 13,13 0.002 1 -1 0.058 50 ::f,3,0 f,3,12 f,14,15 f,15,0 
229:1,1 0.001 -1 -1 1,2 0.001 1 -1 0,1 0.001 -1 -1 41.0486 290 2,14 0.001 -1 1 1,15 0.001 -1 1 1,13 0.001 1 -1 141.079 500 14,2 0.001 1 0 13,1 0.001 1 -1 15,1 0.002 1 1 111.037 380 14,12 0.001 0 -1 12,15 0.003 -1 1 13,13 0.002 1 0 0.058 50 ::f,3,0 f,3,12 f,14,15 f,15,0 
230:1,1 0.001 0 -1 2,1 0.001 1 -1 0,1 0.001 -1 -1 41.0496 290 2,14 0.001 -1 1 1,15 0.001 -1 0 1,13 0.001 1 0 141.079 500 14,2 0.001 1 1 13,1 0.001 1 -1 15,1 0.002 1 1 111.037 380 14,12 0.001 0 -1 12,15 0.003 -1 1 14,13 0.002 1 0 0.059 50 ::f,3,0 f,3,12 f,14,15 f,15,0 
231:1,1 0.001 0 -1 2,1 0.001 1 -1 0,1 0.001 0 -1 49.0497 305 2,14 0.001 -1 0 1,15 0.001 -1 0 2,13 0.001 1 0 141.08 500 14,2 0.001 1 1 13,1 0.001 1 0 15,1 0.002 1 1 111.037 380 14,12 0.001 0 -1 12,15 0.003 -1 1 14,13 0.002 1 1 0.059 50 ::f,3,0 f,3,12 f,14,15 f,15,0 
232:1,1 0.001 1 -1 2,1 0.001 1 0 0,1 0.001 0 -1 49.0497 305 1,14 0.001 -1 0 1,15 0.001 -1 -1 2,13 0.001 1 0 141.081 500 14,2 0.001 0 1 14,1 0.001 1 0 15,1 0.002 1 1 111.038 380 14,12 0.001 0 -1 12,15 0.003 -1 1 15,14 0.002 1 1 0.06 50 ::f,3,0 f,3,12 f,14,15 f,15,0 
233:1,1 0.001 1 -1 2,1 0.001 1 0 0,1 0.001 0 -1 49.0497 305 1,14 0.001 -1 0 0,14 0.001 -1 -1 2,13 0.001 1 1 141.082 500 14,2 0.001 0 1 14,1 0.001 1 0 15,1 0.002 1 1 111.038 380 14,12 0.001 0 -1 12,15 0.003 -1 1 15,14 0.002 0 1 0.06 50 ::f,3,0 f,3,12 f,14,15 f,15,0 
234:1,1 0.001 1 0 2,1 0.001 1 1 0,1 0.001 0 -1 49.0497 305 1,14 0.001 -1 -1 0,14 0.001 -1 -1 2,13 0.001 1 1 141.082 500 14,2 0.001 -1 1 14,1 0.001 1 1 15,1 0.002 1 1 111.038 380 14,12 0.001 0 -1 12,15 0.003 -1 1 15,14 0.002 -1 1 0.06 50 ::f,3,0 f,3,12 f,14,15 f,15,0 
235:1,1 0.001 1 0 2,1 0.001 1 1 0,1 0.001 1 -1 49.0497 305 1,14 0.001 -1 -1 0,14 0.001 0 -1 2,13 0.001 0 1 141.082 500 14,2 0.001 -1 1 14,1 0.001 1 1 15,1 0.002 1 1 111.038 380 14,12 0.001 0 -1 12,15 0.003 -1 1 15,14 0.002 -1 1 0.06 50 ::f,3,0 f,3,12 f,14,15 f,15,0 
236:1,1 0.001 1 0 2,1 0.001 0 1 1,0 0.001 1 -1 49.0507 305 1,14 0.001 0 -1 0,13 0.001 0 -1 2,14 0.001 0 1 141.084 500 14,2 0.001 -1 0 14,1 0.001 0 1 15,1 0.002 1 1 111.038 380 14,12 0.001 0 -1 12,15 0.003 -1 1 15,14 0.002 -1 1 0.06 50 ::f,3,0 f,3,12 f,14,15 f,15,0 
237:1,1 0.001 1 1 2,2 0.001 0 1 1,0 0.001 1 -1 49.0517 305 1,13 0.001 0 -1 0,13 0.001 0 -1 2,14 0.001 0 1 141.085 500 13,2 0.001 -1 0 14,2 0.001 0 1 15,1 0.002 1 1 111.04 380 14,12 0.001 0 -1 12,15 0.003 -1 1 15,14 0.002 -1 0 0.06 50 ::f,3,0 f,3,12 f,14,15 f,15,0 
238:1,1 0.001 1 1 2,2 0.001 0 1 1,0 0.001 1 0 49.0517 305 1,13 0.001 0 -1 0,13 0.001 1 -1 2,14 0.001 -1 1 141.085 500 13,2 0.001 -1 0 14,2 0.001 0 1 15,1 0.002 1 1 111.04 380 14,12 0.001 0 -1 12,15 0.003 -1 1 14,14 0.002 -1 0 0.061 50 ::f,3,0 f,3,12 f,14,15 f,15,0 
239:1,1 0.001 0 1 2,2 0.001 -1 1 1,0 0.001 1 0 49.0517 305 1,13 0.001 1 -1 1,12 0.001 1 -1 2,14 0.001 -1 1 141.086 500 13,2 0.001 -1 -1 14,2 0.001 -1 1 15,1 0.002 1 1 111.04 380 14,12 0.001 0 -1 12,15 0.003 -1 1 14,14 0.002 -1 -1 0.061 50 ::f,3,0 f,3,12 f,14,15 f,15,0 
240:1,1 0.001 0 1 2,2 0.001 -1 1 1,0 0.001 1 0 49.0517 305 1,13 0.001 1 -1 1,12 0.001 1 -1 2,14 0.001 -1 0 141.086 500 13,2 0.001 -1 -1 14,2 0.001 -1 1 15,1 0.002 1 1 111.04 380 14,12 0.001 0 -1 12,15 0.003 -1 1 13,13 0.002 -1 -1 0.062 50 ::f,3,0 f,3,12 f,14,15 f,15,0 
241:1,1 0.001 -1 1 2,2 0.001 -1 0 1,0 0.001 1 1 49.0517 305 1,13 0.001 1 0 1,12 0.001 1 -1 1,14 0.001 -1 0 141.087 500 13,2 0.001 0 -1 14,2 0.001 -1 0 15,1 0.002 1 1 111.04 380 14,12 0.001 0 -1 12,15 0.003 -1 1 13,13 0.002 0 -1 0.062 50 ::f,3,0 f,3,12 f,14,15 f,15,0 
242:1,1 0.001 -1 1 1,2 0.001 -1 0 1,0 0.001 1 1 49.0527 305 2,13 0.001 1 0 1,12 0.001 1 -1 1,14 0.001 -1 0 141.088 500 13,1 0.001 0 -1 13,2 0.001 -1 0 15,1 0.002 1 1 111.042 380 14,12 0.001 0 -1 12,15 0.003 -1 1 13,13 0.002 1 -1 0.062 50 ::f,3,0 f,3,12 f,14,15 f,15,0 
243:1,1 0.001 -1 0 1,2 0.001 -1 0 1,0 0.001 0 1 49.0527 305 2,13 0.001 1 0 1,12 0.001 1 0 1,14 0.001 -1 -1 141.088 500 13,1 0.001 0 -1 13,2 0.001 -1 0 15,1 0.002 1 1 111.042 380 14,12 0.001 0 -1 12,15 0.003 -1 1 13,13 0.002 1 -1 0.062 50 ::f,3,0 f,3,12 f,14,15 f,15,0 
244:1,1 0.001 -1 0 1,2 0.001 -1 -1 1,0 0.001 0 1 49.0527 305 2,13 0.001 1 1 2,12 0.001 1 0 1,14 0.001 -1 -1 141.089 500 13,1 0.001 1 -1 13,2 0.001 -1 -1 15,1 0.002 1 1 111.042 380 14,12 0.001 0 -1 12,15 0.003 -1 1 13,13 0.002 1 -1 0.062 50 ::f,3,0 f,3,12 f,14,15 f,15,0 
245:1,1 0.001 -1 -1 1,2 0.001 -1 -1 1,0 0.001 -1 1 49.0527 305 2,13 0.001 1 1 2,12 0.001 1 0 1,14 0.001 0 -1 148.089 515 13,1 0.001 1 -1 13,2 0.001 -1 -1 15,1 0.002 1 1 111.042 380 14,12 0.001 0 -1 12,15 0.003 -1 1 13,13 0.002 1 0 0.062 50 ::f,1,13 f,3,0 f,14,15 f,15,0 
246:1,1 0.001 -1 -1 1,2 0.001 0 -1 1,0 0.001 -1 1 49.0527 305 2,13 0.001 0 1 2,12 0.001 1 1 1,14 0.001 0 -1 148.089 515 13,1 0.001 1 0 13,2 0.001 0 -1 15,1 0.002 1 1 111.042 380 14,12 0.001 0 -1 12,15 0.003 -1 1 14,13 0.002 1 0 0.063 50 ::f,1,13 f,3,0 f,14,15 f,15,0 
247:1,1 0.001 0 -1 1,2 0.001 0 -1 1,0 0.001 -1 0 49.0527 305 2,14 0.001 0 1 3,13 0.001 1 1 1,14 0.001 0 -1 158.091 530 14,1 0.001 1 0 13,1 0.001 0 -1 15,1 0.002 1 1 111.044 380 14,12 0.001 0 -1 12,15 0.003 -1 1 14,13 0.002 1 1 0.063 50 ::f,1,13 f,3,0 f,14,15 f,15,0 
248:1,1 0.001 0 -1 1,2 0.001 0 -1 1,0 0.001 -1 0 49.0527 305 2,14 0.001 0 1 3,13 0.001 1 1 1,14 0.001 1 -1 158.091 530 14,1 0.001 1 0 13,1 0.001 0 -1 15,1 0.002 1 1 111.044 380 14,12 0.001 0 -1 12,15 0.003 -1 1 15,14 0.002 1 1 0.064 50 ::f,1,13 f,3,0 f,14,15 f,15,0 
249:1,1 0.001 1 -1 1,2 0.001 1 -1 1,0 0.001 -1 0 49.0527 305 2,14 0.001 -1 1 3,13 0.001 0 1 1,14 0.001 1 -1 158.091 530 14,1 0.001 1 1 13,1 0.001 1 -1 15,1 0.002 1 1 111.044 380 14,12 0.001 0 -1 12,15 0.003 -1 1 15,14 0.002 0 1 0.064 50 ::f,1,13 f,3,0 f,14,15 f,15,0 
250:1,1 0.001 1 -1 1,2 0.001 1 -1 1,0 0.001 -1 0 49.0527 305 2,14 0.001 -1 1 3,14 0.001 0 1 1,14 0.001 1 0 158.092 530 14,1 0.001 1 1 13,1 0.001 1 -1 15,1 0.002 1 1 111.044 380 14,12 0.001 0 -1 12,15 0.003 -1 1 15,14 0.002 -1 1 0.064 50 ::f,1,13 f,3,0 f,14,15 f,15,0 
251:1,1 0.001 1 0 1,2 0.001 1 0 1,0 0.001 -1 0 49.0527 305 2,14 0.001 -1 0 3,14 0.001 0 1 1,14 0.001 1 0 158.092 530 14,1 0.001 0 1 13,1 0.001 1 0 15,1 0.002 1 1 111.044 380 14,12 0.001 0 -1 12,15 0.003 -1 1 15,14 0.002 -1 1 0.064 50 ::f,1,13 f,3,0 f,14,15 f,15,0 
252:2,1 0.001 1 0 1,2 0.001 1 0 1,0 0.001 -1 0 49.0537 305 2,14 0.001 -1 0 3,14 0.001 -1 1 1,14 0.001 1 0 158.092 530 14,2 0.001 0 1 14,1 0.001 1 0 15,1 0.002 1 1 111.046 380 14,12 0.001 0 -1 12,15 0.003 -1 1 15,14 0.002 -1 1 0.064 50 ::f,1,13 f,3,0 f,14,15 f,15,0 
253:2,1 0.001 1 0 1,2 0.001 1 1 1,0 0.001 -1 0 49.0537 305 2,14 0.001 -1 0 3,14 0.001 -1 1 1,14 0.001 1 1 158.092 530 14,2 0.001 0 1 14,1 0.001 1 0 15,1 0.002 1 1 111.046 380 14,12 0.001 0 -1 12,15 0.003 -1 1 15,14 0.002 -1 0 0.064 50 ::f,1,13 f,3,0 f,14,15 f,15,0 
254:2,1 0.001 1 1 1,2 0.001 1 1 1,0 0.001 -1 0 49.0537 305 2,14 0.001 -1 -1 3,14 0.001 -1 1 1,14 0.001 1 1 158.092 530 14,2 0.001 -1 1 14,1 0.001 1 1 15,1 0.002 1 1 111.046 380 14,12 0.001 0 -1 12,15 0.003 -1 1 14,14 0.002 -1 0 0.065 50 ::f,1,13 f,3,0 f,14,15 f,15,0 
255:2,1 0.001 1 1 1,2 0.001 0 1 1,0 0.001 -1 -1 49.0537 305 2,14 0.001 -1 -1 3,14 0.001 -1 0 1,14 0.001 0 1 168.092 545 14,2 0.001 -1 1 14,1 0.001 1 1 15,1 0.002 1 1 111.046 380 14,12 0.001 0 -1 12,15 0.003 -1 1 14,14 0.002 -1 -1 0.065 50 ::f,3,0 f,3,12 f,14,15 f,15,0 
256:2,1 0.001 0 1 1,2 0.001 0 1 1,0 0.001 -1 -1 49.0537 305 2,14 0.001 0 -1 3,14 0.001 -1 0 1,14 0.001 0 1 168.092 545 14,2 0.001 -1 0 14,1 0.001 0 1 15,1 0.002 1 1 111.046 380 14,12 0.001 0 -1 12,15 0.003 -1 1 13,13 0.002 -1 -1 0.066 50 ::f,3,0 f,3,12 f,14,15 f,15,0 
257:2,2 0.001 0 1 1,2 0.001 -1 1 1,0 0.001 0 -1 49.0547 305 2,14 0.001 0 -1 3,14 0.001 -1 -1 1,14 0.001 -1 1 168.092 545 13,2 0.001 -1 0 14,2 0.001 0 1 15,1 0.002 1 1 111.048 380 14,12 0.001 0 -1 12,15 0.003 -1 1 13,13 0.002 0 -1 0.066 50 ::f,3,0 f,3,12 f,14,15 f,15,0 
258:2,2 0.001 0 1 1,2 0.001 -1 1 1,0 0.001 0 -1 49.0547 305 2,14 0.001 1 -1 3,14 0.001 -1 -1 1,14 0.001 -1 1 168.092 545 13,2 0.001 -1 0 14,2 0.001 0 1 15,1 0.002 1 1 111.048 380 14,12 0.001 0 -1 12,15 0.003 -1 1 13,13 0.002 1 -1 0.066 50 ::f,3,0 f,3,12 f,14,15 f,15,0 
259:2,2 0.001 -1 1 1,2 0.001 -1 0 1,0 0.001 1 -1 49.0547 305 2,14 0.001 1 -1 3,14 0.001 0 -1 1,14 0.001 -1 0 168.092 545 13,2 0.001 -1 -1 14,2 0.001 -1 1 15,1 0.002 1 1 111.048 380 14,12 0.001 0 -1 12,15 0.003 -1 1 13,13 0.002 1 -1 0.066 50 ::f,3,0 f,3,12 f,14,15 f,15,0 
260:2,2 0.001 -1 1 1,2 0.001 -1 0 1,0 0.001 1 -1 49.0547 305 2,14 0.001 1 0 3,14 0.001 0 -1 1,14 0.001 -1 0 168.092 545 13,2 0.001 -1 -1 14,2 0.001 -1 1 15,1 0.002 1 1 111.048 380 14,12 0.001 0 -1 12,15 0.003 -1 1 13,13 0.002 1 -1 0.066 50 ::f,3,0 f,3,12 f,14,15 f,15,0 
261:2,2 0.001 -1 0 1,2 0.001 -1 -1 1,0 0.001 1 0 49.0547 305 2,14 0.001 1 0 3,14 0.001 1 -1 1,14 0.001 -1 -1 168.092 545 13,2 0.001 0 -1 14,2 0.001 -1 0 15,1 0.002 1 1 111.048 380 14,12 0.001 0 -1 12,15 0.003 -1 1 13,13 0.002 1 0 0.066 50 ::f,3,0 f,3,12 f,14,15 f,15,0 
262:2,2 0.001 -1 0 1,2 0.001 -1 -1 2,0 0.001 1 0 49.0557 305 2,14 0.001 1 1 3,14 0.001 1 -1 1,14 0.001 -1 -1 168.092 545 13,1 0.001 0 -1 13,2 0.001 -1 0 15,1 0.002 1 1 111.05 380 14,12 0.001 0 -1 12,15 0.003 -1 1 14,13 0.002 1 0 0.067 50 ::f,3,0 f,3,12 f,14,15 f,15,0 
263:2,2 0.001 -1 0 1,2 0.001 0 -1 2,0 0.001 1 0 54.0558 320 2,14 0.001 1 1 3,14 0.001 1 0 1,14 0.001 0 -1 168.092 545 13,1 0.001 0 -1 13,2 0.001 -1 0 15,1 0.002 1 1 111.05 380 14,12 0.001 0 -1 12,15 0.003 -1 1 14,13 0.002 1 1 0.067 50 ::f,0,0 f,3,12 f,14,15 f,15,0 
264:2,2 0.001 -1 -1 1,1 0.001 0 -1 2,0 0.001 1 0 54.0568 320 2,14 0.001 0 1 3,14 0.001 1 0 1,13 0.001 0 -1 168.093 545 13,1 0.001 1 -1 13,2 0.001 -1 -1 15,1 0.002 1 1 111.05 380 14,12 0.001 0 -1 12,15 0.003 -1 1 15,14 0.002 1 1 0.068 50 ::f,0,0 f,3,12 f,14,15 f,15,0 
265:2,2 0.001 -1 -1 1,1 0.001 0 -1 2,0 0.001 1 0 54.0568 320 2,14 0.001 0 1 3,14 0.001 1 0 1,13 0.001 0 -1 168.093 545 13,1 0.001 1 -1 13,2 0.001 -1 -1 15,1 0.002 1 1 111.05 380 14,12 0.001 0 -1 12,15 0.003 -1 1 15,14 0.002 0 1 0.068 50 ::f,0,0 f,3,12 f,14,15 f,15,0 
266:2,2 0.001 -1 -1 1,1 0.001 1 -1 2,0 0.001 1 1 54.0568 320 2,14 0.001 -1 1 3,14 0.001 1 0 1,13 0.001 1 -1 168.093 545 13,1 0.001 1 0 13,2 0.001 0 -1 15,1 0.002 1 1 111.05 380 14,12 0.001 0 -1 12,15 0.003 -1 1 15,14 0.002 -1 1 0.068 50 ::f,0,0 f,3,12 f,14,15 f,15,0 
267:2,2 0.001 0 -1 1,1 0.001 1 -1 2,0 0.001 1 1 54.0568 320 2,14 0.001 -1 1 3,14 0.001 1 1 1,13 0.001 1 -1 168.093 545 14,1 0.001 1 0 13,1 0.001 0 -1 15,1 0.002 1 1 111.052 380 14,12 0.001 0 -1 12,15 0.003 -1 1 15,14 0.002 -1 1 0.068 50 ::f,0,0 f,3,12 f,14,15 f,15,0 
268:2,1 0.001 0 -1 1,1 0.001 1 0 2,0 0.001 1 1 54.0578 320 2,14 0.001 -1 0 3,14 0.001 1 1 1,13 0.001 1 0 168.093 545 14,1 0.001 1 0 13,1 0.001 0 -1 15,1 0.002 1 1 111.052 380 14,12 0.001 0 -1 12,15 0.003 -1 1 15,14 0.002 -1 1 0.068 50 ::f,0,0 f,3,12 f,14,15 f,15,0 
269:2,1 0.001 0 -1 1,1 0.001 1 0 2,0 0.001 0 1 54.0578 320 1,14 0.001 -1 0 3,14 0.001 1 1 2,13 0.001 1 0 168.095 545 14,1 0.001 1 1 13,1 0.001 1 -1 15,1 0.002 1 1 111.052 380 14,12 0.001 0 -1 12,15 0.003 -1 1 15,14 0.002 -1 0 0.068 50 ::f,0,0 f,3,12 f,14,15 f,15,0 
270:2,1 0.001 1 -1 1,1 0.001 1 0 2,0 0.001 0 1 54.0578 320 1,14 0.001 -1 0 3,14 0.001 1 1 2,13 0.001 1 0 168.095 545 14,1 0.001 1 1 13,1 0.001 1 -1 15,1 0.002 1 1 111.052 380 14,12 0.001 0 -1 12,15 0.003 -1 1 14,14 0.002 -1 0 0.069 50 ::f,0,0 f,3,12 f,14,15 f,15,0 
271:2,1 0.001 1 -1 1,1 0.001 1 1 2,0 0.001 -1 1 54.0578 320 1,14 0.001 -1 -1 3,14 0.001 0 1 2,13 0.001 1 1 168.095 545 14,1 0.001 0 1 13,1 0.001 1 0 15,1 0.002 1 1 111.052 380 14,12 0.001 0 -1 12,15 0.003 -1 1 14,14 0.002 -1 -1 0.069 50 ::f,0,0 f,3,12 f,14,15 f,15,0 
272:2,1 0.001 1 0 1,1 0.001 1 1 2,0 0.001 -1 1 54.0578 320 1,14 0.001 -1 -1 3,14 0.001 0 1 2,13 0.001 1 1 168.095 545 14,2 0.001 0 1 14,1 0.001 1 0 15,1 0.002 1 1 111.054 380 14,12 0.001 0 -1 12,15 0.003 -1 1 13,13 0.002 -1 -1 0.07 50 ::f,0,0 f,3,12 f,14,15 f,15,0 
273:2,1 0.001 1 0 1,1 0.001 0 1 2,0 0.001 -1 0 54.0578 320 1,14 0.001 0 -1 3,14 0.001 -1 1 2,13 0.001 0 1 168.095 545 14,2 0.001 0 1 14,1 0.001 1 0 15,1 0.002 1 1 111.054 380 14,12 0.001 0 -1 12,15 0.003 -1 1 13,13 0.002 0 -1 0.07 50 ::f,0,0 f,3,12 f,14,15 f,15,0 
274:2,1 0.001 1 1 1,1 0.001 0 1 2,0 0.001 -1 0 54.0578 320 1,13 0.001 0 -1 2,15 0.001 -1 1 2,14 0.001 0 1 168.098 545 14,2 0.001 -1 1 14,1 0.001 1 1 15,1 0.002 1 1 111.054 380 14,12 0.001 0 -1 12,15 0.003 -1 1 13,13 0.002 1 -1 0.07 50 ::f,0,0 f,3,12 f,14,15 f,15,0 
275:2,1 0.001 1 1 1,1 0.001 -1 1 2,0 0.001 -1 -1 54.0578 320 1,13 0.001 0 -1 2,15 0.001 -1 1 2,14 0.001 0 1 168.098 545 14,2 0.001 -1 1 14,1 0.001 1 1 15,1 0.002 1 1 111.054 380 14,12 0.001 0 -1 12,15 0.003 -1 1 13,13 0.002 1 -1 0.07 50 ::f,0,0 f,3,12 f,14,15 f,15,0 
276:2,1 0.001 0 1 1,1 0.001 -1 1 2,0 0.001 -1 -1 54.0578 320 1,13 0.001 1 -1 2,15 0.001 -1 1 2,14 0.001 -1 1 168.098 545 14,2 0.001 -1 0 14,1 0.001 0 1 15,1 0.002 1 1 111.054 380 14,12 0.001 0 -1 12,15 0.003 -1 1 13,13 0.002 1 -1 0.07 50 ::f,0,0 f,3,12 f,14,15 f,15,0 
277:2,2 0.001 0 1 1,1 0.001 -1 0 2,0 0.001 0 -1 54.0588 320 1,13 0.001 1 -1 2,15 0.001 -1 1 2,14 0.001 -1 1 168.098 545 13,2 0.001 -1 0 14,2 0.001 0 1 15,1 0.002 1 1 111.056 380 14,12 0.001 0 -1 12,15 0.003 -1 1 13,13 0.002 1 0 0.07 50 ::f,0,0 f,3,12 f,14,15 f,15,0 
278:2,2 0.001 0 1 1,1 0.001 -1 0 2,0 0.001 0 -1 54.0588 320 1,13 0.001 1 0 2,15 0.001 -1 1 2,14 0.001 -1 0 168.098 545 13,2 0.001 -1 0 14,2 0.001 0 1 15,1 0.002 1 1 111.056 380 14,12 0.001 0 -1 12,15 0.003 -1 1 14,13 0.002 1 0 0.071 50 ::f,0,0 f,3,12 f,14,15 f,15,0 
279:2,2 0.001 -1 1 1,1 0.001 -1 -1 2,0 0.001 1 -1 54.0588 320 2,13 0.001 1 0 2,15 0.001 -1 1 1,14 0.001 -1 0 168.1 545 13,2 0.001 -1 -1 14,2 0.001 -1 1 15,1 0.002 1 1 111.056 380 14,12 0.001 0 -1 12,15 0.003 -1 1 14,13 0.002 1 1 0.071 50 ::f,0,0 f,3,12 f,14,15 f,15,0 
280:2,2 0.001 -1 1 1,1 0.001 -1 -1 2,0 0.001 1 -1 63.0589 335 2,13 0.001 1 0 2,15 0.001 -1 0 1,14 0.001 -1 0 168.1 545 13,2 0.001 -1 -1 14,2 0.001 -1 1 15,1 0.002 1 1 111.056 380 14,12 0.001 0 -1 12,15 0.003 -1 1 15,14 0.002 1 1 0.072 50 ::f,0,3 f,3,12 f,14,15 f,15,0 
281:2,2 0.001 -1 0 1,1 0.001 0 -1 2,0 0.001 1 0 63.0589 335 2,13 0.001 1 1 2,15 0.001 -1 0 1,14 0.001 -1 -1 168.1 545 13,2 0.001 0 -1 14,2 0.001 -1 0 15,1 0.002 1 1 111.056 380 14,12 0.001 0 -1 12,15 0.003 -1 1 15,14 0.002 0 1 0.072 50 ::f,0,3 f,3,12 f,14,15 f,15,0 
282:1,2 0.001 -1 0 1,1 0.001 0 -1 2,0 0.001 1 0 63.0599 335 2,13 0.001 1 1 2,15 0.001 -1 0 1,14 0.001 -1 -1 168.1 545 13,1 0.001 0 -1 13,2 0.001 -1 0 15,1 0.002 1 1 111.058 380 14,12 0.001 0 -1 12,15 0.003 -1 1 15,14 0.002 -1 1 0.072 50 ::f,0,3 f,3,12 f,14,15 f,15,0 
283:1,2 0.001 -1 0 1,1 0.001 1 -1 2,0 0.001 1 0 63.0599 335 2,13 0.001 0 1 2,15 0.001 -1 -1 1,14 0.001 0 -1 168.1 545 13,1 0.001 0 -1 13,2 0.001 -1 0 15,1 0.002 1 1 111.058 380 14,12 0.001 0 -1 12,15 0.003 -1 1 15,14 0.002 -1 1 0.072 50 ::f,0,3 f,3,12 f,14,15 f,15,0 
284:1,2 0.001 -1 -1 1,1 0.001 1 -1 2,0 0.001 1 0 63.0599 335 2,14 0.001 0 1 2,15 0.001 -1 -1 1,13 0.001 0 -1 168.102 545 13,1 0.001 1 -1 13,2 0.001 -1 -1 15,1 0.002 1 1 111.058 380 14,12 0.001 0 -1 12,15 0.003 -1 1 15,14 0.002 -1 1 0.072 50 ::f,0,3 f,3,12 f,14,15 f,15,0 
285:1,2 0.001 -1 -1 1,1 0.001 1 0 2,0 0.001 1 1 63.0599 335 2,14 0.001 0 1 1,14 0.001 -1 -1 1,13 0.001 0 -1 168.103 545 13,1 0.001 1 -1 13,2 0.001 -1 -1 15,1 0.002 1 1 111.058 380 14,12 0.001 0 -1 12,15 0.003 -1 1 15,14 0.002 -1 0 0.072 50 ::f,0,3 f,3,12 f,14,15 f,15,0 
286:1,2 0.001 0 -1 2,1 0.001 1 0 3,1 0.001 1 1 63.0619 335 2,14 0.001 -1 1 1,14 0.001 -1 -1 1,13 0.001 1 -1 168.103 545 13,1 0.001 1 0 13,2 0.001 0 -1 15,1 0.002 1 1 111.058 380 14,12 0.001 0 -1 12,15 0.003 -1 1 14,14 0.002 -1 0 0.073 50 ::f,0,3 f,3,12 f,14,15 f,15,0 
287:1,1 0.001 0 -1 2,1 0.001 1 0 3,1 0.001 1 1 63.0629 335 2,14 0.001 -1 1 1,14 0.001 0 -1 1,13 0.001 1 -1 168.103 545 14,1 0.001 1 0 13,1 0.001 0 -1 15,1 0.002 1 1 111.06 380 14,12 0.001 0 -1 12,15 0.003 -1 1 14,14 0.002 -1 -1 0.073 50 ::f,0,3 f,3,12 f,14,15 f,15,0 
288:1,1 0.001 0 -1 2,1 0.001 1 1 3,1 0.001 0 1 63.0629 335 2,14 0.001 -1 0 1,14 0.001 0 -1 1,13 0.001 1 0 168.103 545 14,1 0.001 1 0 13,1 0.001 0 -1 15,1 0.002 1 1 111.06 380 14,12 0.001 0 -1 12,15 0.003 -1 1 13,13 0.002 -1 -1 0.074 50 ::f,0,3 f,3,12 f,14,15 f,15,0 
289:1,1 0.001 1 -1 2,1 0.001 1 1 3,2 0.001 0 1 63.0639 335 2,14 0.001 -1 0 1,14 0.001 1 -1 2,13 0.001 1 0 168.104 545 14,1 0.001 1 1 13,1 0.001 1 -1 15,1 0.002 1 1 111.06 380 14,12 0.001 0 -1 12,15 0.003 -1 1 13,13 0.002 0 -1 0.074 50 ::f,0,3 f,3,12 f,14,15 f,15,0 
290:1,1 0.001 1 -1 2,1 0.001 0 1 3,2 0.001 0 1 63.0639 335 2,14 0.001 -1 0 1,14 0.001 1 -1 2,13 0.001 1 0 168.104 545 14,1 0.001 1 1 13,1 0.001 1 -1 15,1 0.002 1 1 111.06 380 14,12 0.001 0 -1 12,15 0.003 -1 1 13,13 0.002 1 -1 0.074 50 ::f,0,3 f,3,12 f,14,15 f,15,0 
291:1,1 0.001 1 0 2,2 0.001 0 1 3,2 0.001 -1 1 63.0649 335 2,14 0.001 -1 -1 1,14 0.001 1 0 2,13 0.001 1 1 168.104 545 14,1 0.001 0 1 13,1 0.001 1 0 15,1 0.002 1 1 111.06 380 14,12 0.001 0 -1 12,15 0.003 -1 1 13,13 0.002 1 -1 0.074 50 ::f,0,3 f,3,12 f,14,15 f,15,0 
292:2,1 0.001 1 0 2,2 0.001 0 1 2,3 0.001 -1 1 63.0669 335 2,14 0.001 -1 -1 1,14 0.001 1 0 2,13 0.001 1 1 168.104 545 14,2 0.001 0 1 14,1 0.001 1 0 15,1 0.002 1 1 111.062 380 14,12 0.001 0 -1 12,15 0.003 -1 1 13,13 0.002 1 -1 0.074 50 ::f,0,3 f,3,12 f,14,15 f,15,0 
293:2,1 0.001 1 0 2,2 0.001 -1 1 2,3 0.001 -1 1 63.0669 335 2,14 0.001 0 -1 1,14 0.001 1 1 2,13 0.001 0 1 168.104 545 14,2 0.001 0 1 14,1 0.001 1 0 15,1 0.002 1 1 111.062 380 14,12 0.001 0 -1 12,15 0.003 -1 1 13,13 0.002 1 0 0.074 50 ::f,0,3 f,3,12 f,14,15 f,15,0 
294:2,1 0.001 1 1 2,2 0.001 -1 1 2,3 0.001 -1 0 63.0669 335 2,14 0.001 0 -1 1,14 0.001 1 1 2,13 0.001 0 1 168.104 545 14,2 0.001 -1 1 14,1 0.001 1 1 15,1 0.002 1 1 111.062 380 14,12 0.001 0 -1 12,15 0.003 -1 1 14,13 0.002 1 0 0.075 50 ::f,0,3 f,3,12 f,14,15 f,15,0 
295:2,1 0.001 1 1 2,2 0.001 -1 0 1,3 0.001 -1 0 63.0679 335 2,14 0.001 1 -1 1,14 0.001 0 1 2,13 0.001 0 1 168.104 545 14,2 0.001 -1 1 14,1 0.001 1 1 15,1 0.002 1 1 111.062 380 14,12 0.001 0 -1 12,15 0.003 -1 1 14,13 0.002 1 1 0.075 50 ::f,0,3 f,3,12 f,14,15 f,15,0 
296:2,1 0.001 0 1 1,2 0.001 -1 0 1,3 0.001 -1 0 69.069 350 2,14 0.001 1 -1 1,14 0.001 0 1 2,13 0.001 -1 1 168.104 545 14,2 0.001 -1 0 14,1 0.001 0 1 15,1 0.002 1 1 111.062 380 14,12 0.001 0 -1 12,15 0.003 -1 1 15,14 0.002 1 1 0.076 50 ::f,1,1 f,3,12 f,14,15 f,15,0 
297:2,2 0.001 0 1 1,2 0.001 -1 0 1,3 0.001 -1 -1 69.07 350 2,14 0.001 1 0 1,14 0.001 -1 1 2,13 0.001 -1 1 168.104 545 13,2 0.001 -1 0 14,2 0.001 0 1 15,1 0.002 1 1 111.064 380 14,12 0.001 0 -1 12,15 0.003 -1 1 15,14 0.002 0 1 0.076 50 ::f,1,1 f,3,12 f,14,15 f,15,0 
298:2,2 0.001 0 1 1,2 0.001 -1 -1 1,3 0.001 -1 -1 69.07 350 2,14 0.001 1 0 1,14 0.001 -1 1 2,13 0.001 -1 0 168.104 545 13,2 0.001 -1 0 14,2 0.001 0 1 15,1 0.002 1 1 111.064 380 14,12 0.001 0 -1 12,15 0.003 -1 1 15,14 0.002 -1 1 0.076 50 ::f,1,1 f,3,12 f,14,15 f,15,0 
299:2,2 0.001 -1 1 1,2 0.001 -1 -1 1,3 0.001 -1 -1 69.07 350 2,14 0.001 1 1 1,14 0.001 -1 0 2,13 0.001 -1 0 168.104 545 13,2 0.001 -1 -1 14,2 0.001 -1 1 15,1 0.002 1 1 111.064 380 14,12 0.001 0 -1 12,15 0.003 -1 1 15,14 0.002 -1 1 0.076 50 ::f,1,1 f,3,12 f,14,15 f,15,0 
