16
0:0,3 0.001 -1 1 3,3 0.003 1 1 2,3 0.002 0 1 0.002 50 0,13 0.001 0 -1 0,12 0.003 -1 -1 0,14 0.002 0 -1 0.002 50 13,0 0.001 1 0 13,1 0.003 0 -1 15,3 0.002 1 1 0.001 50 15,13 0.001 1 1 14,14 0.003 -1 0 15,15 0.002 1 0 0.001 50 ::f,1,3 f,3,15 f,12,14 f,14,3 
1:0,3 0.001 0 1 3,3 0.003 1 1 2,3 0.002 1 1 0.002 50 0,13 0.001 0 -1 0,12 0.003 -1 0 0,14 0.002 -1 -1 0.002 50 14,0 0.001 1 0 13,0 0.003 0 -1 15,3 0.002 1 0 0.003 50 15,13 0.001 1 0 13,14 0.003 -1 0 15,15 0.002 1 -1 0.002 50 ::f,1,3 f,3,15 f,12,14 f,14,3 
2:0,3 0.001 1 1 3,3 0.003 1 0 2,3 0.002 1 0 0.002 50 0,13 0.001 -1 -1 0,12 0.003 -1 1 0,14 0.002 -1 0 0.002 50 15,0 0.001 1 0 13,0 0.003 -1 -1 15,3 0.002 1 -1 0.004 50 15,13 0.001 1 -1 13,14 0.001 -1 0 15,15 0.002 0 -1 0.0021 65 ::f,1,3 f,3,15 f,13,13 f,14,3 
3:0,3 0.001 1 0 3,3 0.003 1 -1 2,3 0.002 1 -1 0.002 50 0,13 0.001 -1 0 0,12 0.003 0 1 0,14 0.002 -1 1 0.002 50 15,0 0.001 1 -1 13,0 0.003 -1 0 15,3 0.002 0 -1 0.004 50 15,13 0.001 0 -1 12,14 0.001 -1 0 15,14 0.002 0 -1 0.0041 65 ::f,1,3 f,3,15 f,13,13 f,14,3 
4:0,3 0.001 1 0 3,3 0.003 0 -1 3,2 0.002 1 -1 0.003 50 0,13 0.001 -1 1 0,12 0.003 1 1 0,14 0.002 0 1 0.002 50 15,0 0.001 0 -1 12,0 0.003 -1 0 15,2 0.002 0 -1 0.006 50 15,12 0.001 0 -1 12,14 0.001 -1 1 15,14 0.001 0 -1 0.0051 65 ::f,1,3 f,3,15 f,13,13 f,14,3 
5:0,3 0.001 1 0 3,3 0.003 -1 -1 3,2 0.001 1 -1 0.0031 65 0,13 0.001 0 1 1,13 0.003 1 1 0,15 0.002 0 1 0.004 50 15,0 0.001 -1 -1 12,0 0.003 -1 1 15,2 0.001 0 -1 0.006 50 15,12 0.001 -1 -1 12,14 0.001 0 1 15,13 0.001 0 -1 0.0061 65 ::f,1,3 f,3,15 f,13,13 f,14,3 
6:0,3 0.001 1 0 2,2 0.003 -1 -1 3,2 0.001 0 -1 0.0041 65 0,13 0.001 1 1 2,14 0.003 1 1 0,15 0.002 1 1 0.005 50 15,0 0.001 -1 0 12,0 0.003 0 1 15,1 0.001 0 -1 0.007 50 15,12 0.001 -1 0 12,15 0.001 0 1 15,13 0.001 0 -1 0.0071 65 ::f,1,3 f,3,15 f,13,13 f,14,3 
7:0,3 0.001 1 0 2,2 0.001 -1 -1 3,1 0.001 0 -1 0.0051 65 0,13 0.001 1 0 2,14 0.001 1 1 0,15 0.002 1 0 0.0051 65 14,0 0.001 -1 0 12,1 0.003 0 1 15,0 0.001 0 -1 0.01 50 14,12 0.001 -1 0 12,15 0.001 1 1 15,12 0.001 0 -1 0.0091 65 ::f,1,3 f,2,13 f,13,13 f,14,3 
8:0,3 0.001 1 0 2,2 0.001 -1 -1 3,1 0.001 0 -1 0.0051 65 1,13 0.001 1 0 3,15 0.001 1 1 1,15 0.002 1 0 0.0081 65 14,0 0.001 -1 0 12,2 0.003 0 1 15,0 0.001 -1 -1 0.011 50 14,12 0.001 -1 0 12,15 0.001 1 0 15,12 0.001 -1 -1 0.0091 65 ::f,1,3 f,2,13 f,13,13 f,14,3 
9:0,3 0.001 1 0 2,2 0.001 -1 -1 3,0 0.001 0 -1 1.0062 80 1,13 0.001 1 0 3,15 0.001 1 0 1,15 0.001 1 0 0.0083 95 13,0 0.001 -1 0 12,2 0.001 0 1 15,0 0.001 -1 0 0.012 50 13,12 0.001 -1 0 13,15 0.001 1 0 15,12 0.001 -1 0 0.0111 65 ::f,1,12 f,2,0 f,13,13 f,14,3 
10:1,3 0.001 1 0 1,1 0.001 -1 -1 3,0 0.001 -1 -1 1.0082 80 1,13 0.001 1 0 3,15 0.001 1 -1 2,15 0.001 1 0 0.0093 95 13,0 0.001 -1 0 12,3 0.001 0 1 14,0 0.001 -1 0 0.014 50 13,12 0.001 -1 0 14,15 0.001 1 0 14,12 0.001 -1 0 0.0131 65 ::f,1,12 f,2,0 f,13,13 f,14,3 
11:1,3 0.001 1 0 1,1 0.001 -1 -1 3,0 0.001 -1 0 1.0082 80 2,13 0.001 1 0 3,15 0.001 0 -1 2,15 0.001 1 0 0.0103 95 13,0 0.001 -1 0 12,3 0.001 1 1 14,0 0.001 -1 0 0.014 50 13,12 0.001 -1 0 15,15 0.001 1 0 14,12 0.001 -1 0 0.0141 65 ::f,1,12 f,2,0 f,13,13 f,14,3 
12:2,3 0.001 1 0 1,1 0.001 -1 0 3,0 0.001 -1 0 1.0092 80 2,13 0.001 1 0 3,14 0.001 0 -1 3,15 0.001 1 0 0.0123 95 12,0 0.001 -1 0 12,3 0.001 1 0 13,0 0.001 -1 0 0.016 50 13,12 0.001 -1 0 15,15 0.001 1 -1 14,12 0.001 -1 1 0.0141 65 ::f,1,12 f,2,0 f,13,13 f,14,3 
13:2,3 0.001 1 0 1,1 0.001 -1 1 3,0 0.001 -1 0 1.0093 95 2,13 0.001 1 -1 3,13 0.001 0 -1 3,15 0.001 1 -1 0.0133 95 12,0 0.001 -1 1 13,3 0.001 1 0 13,0 0.001 -1 0 0.017 50 12,12 0.001 -1 0 15,15 0.001 0 -1 14,12 0.001 -1 1 0.0151 65 ::f,1,12 f,3,3 f,13,13 f,14,3 
14:2,3 0.001 1 0 1,1 0.001 0 1 2,0 0.001 -1 0 3.0104 110 2,13 0.001 0 -1 3,12 0.001 0 -1 3,15 0.001 0 -1 0.0143 95 12,0 0.001 0 1 13,3 0.001 1 0 13,0 0.001 -1 1 0.0171 65 12,12 0.001 -1 1 15,14 0.001 0 -1 14,12 0.001 -1 1 0.0161 65 ::f,1,3 f,1,12 f,12,1 f,13,13 
15:3,3 0.001 1 0 1,2 0.001 0 1 2,0 0.001 -1 0 3.0124 110 2,13 0.001 -1 -1 3,12 0.001 -1 -1 3,14 0.001 0 -1 0.0153 95 12,0 0.001 0 1 14,3 0.001 1 0 13,0 0.001 -1 1 0.0181 65 12,12 0.001 0 1 15,14 0.001 0 -1 14,12 0.001 -1 1 0.0161 65 ::f,1,3 f,1,12 f,12,1 f,13,13 
16:3,3 0.001 1 -1 1,2 0.001 0 1 2,0 0.001 -1 0 3.0125 125 2,13 0.001 -1 0 3,12 0.001 -1 0 3,14 0.001 0 -1 0.0153 95 12,0 0.001 0 1 15,3 0.001 1 0 13,0 0.001 -1 1 0.0192 80 12,13 0.001 0 1 15,13 0.001 0 -1 14,12 0.001 -1 1 0.0181 65 ::f,0,1 f,1,12 f,13,3 f,13,13 
17:3,3 0.001 0 -1 1,2 0.001 1 1 1,0 0.001 -1 0 3.0135 125 1,13 0.001 -1 0 2,12 0.001 -1 0 3,13 0.001 0 -1 0.0183 95 12,1 0.001 0 1 15,3 0.001 1 -1 13,0 0.001 -1 1 0.0202 80 12,14 0.001 0 1 15,12 0.001 0 -1 14,12 0.001 -1 1 0.0201 65 ::f,0,1 f,1,12 f,13,3 f,13,13 
18:3,2 0.001 0 -1 1,2 0.001 1 0 1,0 0.001 -1 0 3.0145 125 1,13 0.001 -1 0 2,12 0.001 -1 0 3,12 0.001 0 -1 1.0194 110 12,2 0.001 0 1 15,3 0.001 0 -1 12,1 0.001 -1 1 0.0222 80 12,15 0.001 0 1 15,12 0.001 -1 -1 14,12 0.001 -1 1 0.0212 80 ::f,0,1 f,3,14 f,13,3 f,13,12 
19:3,2 0.001 0 -1 2,2 0.001 1 0 0,0 0.001 -1 0 3.0165 125 1,13 0.001 -1 1 1,12 0.001 -1 0 3,12 0.001 -1 -1 1.0204 110 12,3 0.001 0 1 15,2 0.001 0 -1 12,1 0.001 -1 1 0.0242 80 12,15 0.001 1 1 15,12 0.001 -1 0 13,13 0.001 -1 1 0.0222 80 ::f,0,1 f,3,14 f,13,3 f,13,12 
20:3,2 0.001 0 -1 2,2 0.001 1 0 0,0 0.001 -1 1 3.0165 125 1,13 0.001 0 1 1,12 0.001 -1 0 3,12 0.001 -1 0 1.0204 110 12,3 0.001 1 1 15,2 0.001 0 -1 12,1 0.001 0 1 0.0242 80 12,15 0.001 1 0 14,12 0.001 -1 0 12,14 0.001 -1 1 0.0242 80 ::f,0,1 f,3,14 f,13,3 f,13,12 
21:3,1 0.001 0 -1 2,2 0.001 1 -1 0,0 0.001 0 1 3.0175 125 1,14 0.001 0 1 1,12 0.001 -1 0 2,12 0.001 -1 0 1.0224 110 12,3 0.001 1 0 15,1 0.001 0 -1 12,2 0.001 0 1 0.0262 80 13,15 0.001 1 0 14,12 0.001 -1 0 12,14 0.001 -1 1 1.0253 95 ::f,0,1 f,3,14 f,13,3 f,15,13 
22:3,0 0.001 0 -1 2,2 0.001 0 -1 0,0 0.001 0 1 3.0185 125 1,14 0.001 0 1 0,12 0.001 -1 0 1,12 0.001 -1 0 1.0244 110 12,3 0.001 1 0 15,1 0.001 0 -1 12,2 0.001 0 1 0.0262 80 14,15 0.001 1 0 13,12 0.001 -1 0 12,14 0.001 0 1 1.0273 95 ::f,0,1 f,3,14 f,13,3 f,15,13 
23:3,0 0.001 -1 -1 2,1 0.001 0 -1 0,0 0.001 0 1 4.0196 140 1,14 0.001 1 1 0,12 0.001 -1 1 1,12 0.001 -1 0 1.0244 110 12,3 0.001 1 0 15,0 0.001 0 -1 12,2 0.001 1 1 0.0273 95 14,15 0.001 1 0 12,12 0.001 -1 0 12,15 0.001 0 1 1.0293 95 ::f,3,2 f,3,14 f,13,2 f,15,13 
24:3,0 0.001 -1 0 2,1 0.001 0 -1 0,1 0.001 0 1 4.0206 140 1,14 0.001 1 0 0,12 0.001 0 1 1,12 0.001 -1 1 1.0244 110 13,3 0.001 1 0 15,0 0.001 -1 -1 12,2 0.001 1 0 0.0283 95 15,15 0.001 1 0 12,12 0.001 -1 1 12,15 0.001 1 1 1.0303 95 ::f,3,2 f,3,14 f,13,2 f,15,13 
25:2,0 0.001 -1 0 2,1 0.001 -1 -1 0,1 0.001 0 1 4.0216 140 2,14 0.001 1 0 0,13 0.001 0 1 1,12 0.001 0 1 1.0264 110 14,3 0.001 1 0 15,0 0.001 -1 0 12,2 0.001 1 0 0.0293 95 15,15 0.001 1 -1 12,12 0.001 0 1 12,15 0.001 1 0 1.0303 95 ::f,3,2 f,3,14 f,13,2 f,15,13 
26:1,0 0.001 -1 0 2,1 0.001 -1 0 0,1 0.001 0 1 4.0226 140 2,14 0.001 1 0 0,13 0.001 0 1 1,13 0.001 0 1 4.0276 140 14,3 0.001 1 0 14,0 0.001 -1 0 12,2 0.001 1 0 1.0304 110 15,15 0.001 0 -1 12,13 0.001 0 1 13,15 0.001 1 0 1.0323 95 ::f,0,14 f,3,2 f,13,2 f,15,13 
27:1,0 0.001 -1 0 1,1 0.001 -1 0 0,2 0.001 0 1 4.0246 140 2,14 0.001 1 -1 0,13 0.001 0 1 1,14 0.001 0 1 7.0287 155 14,3 0.001 1 0 14,0 0.001 -1 0 12,2 0.001 1 0 1.0304 110 15,14 0.001 0 -1 12,14 0.001 0 1 14,15 0.001 1 0 1.0353 95 ::f,1,12 f,3,2 f,13,2 f,15,13 
28:0,0 0.001 -1 0 1,1 0.001 -1 0 0,2 0.001 0 1 4.0256 140 2,14 0.001 0 -1 0,14 0.001 0 1 1,15 0.001 0 1 7.0307 155 14,3 0.001 1 0 13,0 0.001 -1 0 12,2 0.001 1 0 1.0314 110 15,14 0.001 0 -1 12,15 0.001 0 1 14,15 0.001 1 0 1.0364 110 ::f,1,12 f,3,2 f,12,12 f,13,2 
29:0,0 0.001 -1 1 1,1 0.001 -1 1 0,3 0.001 0 1 4.0266 140 2,13 0.001 0 -1 0,14 0.001 0 1 1,15 0.001 1 1 7.0317 155 15,3 0.001 1 0 13,0 0.001 -1 0 12,2 0.001 1 0 1.0324 110 15,13 0.001 0 -1 12,15 0.001 1 1 15,15 0.001 1 0 1.0384 110 ::f,1,12 f,3,2 f,12,12 f,13,2 
30:0,0 0.001 0 1 1,1 0.001 0 1 0,3 0.001 1 1 4.0266 140 2,13 0.001 0 -1 0,15 0.001 0 1 1,15 0.001 1 0 7.0327 155 15,3 0.001 1 -1 12,0 0.001 -1 0 12,2 0.001 1 0 1.0334 110 15,13 0.001 0 -1 12,15 0.001 1 0 15,15 0.001 1 -1 1.0384 110 ::f,1,12 f,3,2 f,12,12 f,13,2 
31:0,1 0.001 0 1 1,2 0.001 0 1 0,3 0.001 1 0 4.0286 140 2,13 0.001 -1 -1 0,15 0.001 1 1 2,15 0.001 1 0 7.0337 155 15,3 0.001 0 -1 12,0 0.001 -1 1 12,2 0.001 1 0 1.0334 110 15,13 0.001 0 -1 13,15 0.001 1 0 15,15 0.001 0 -1 1.0394 110 ::f,1,12 f,3,2 f,12,12 f,13,2 
32:0,2 0.001 0 1 1,2 0.001 0 1 1,3 0.001 1 0 4.0306 140 2,13 0.001 -1 0 0,15 0.001 1 0 3,15 0.001 1 0 7.0347 155 15,2 0.001 0 -1 12,0 0.001 0 1 12,2 0.001 1 0 1.0344 110 15,12 0.001 0 -1 14,15 0.001 1 0 15,14 0.001 0 -1 1.0424 110 ::f,1,12 f,3,2 f,12,12 f,13,2 
33:0,3 0.001 0 1 1,2 0.001 1 1 2,3 0.001 1 0 4.0326 140 1,13 0.001 -1 0 1,15 0.001 1 0 3,15 0.001 1 -1 7.0367 155 15,2 0.001 0 -1 12,1 0.001 0 1 12,2 0.001 1 0 1.0354 110 15,12 0.001 -1 -1 15,15 0.001 1 0 15,13 0.001 0 -1 1.0444 110 ::f,1,12 f,3,2 f,12,12 f,13,2 
34:0,3 0.001 1 1 1,2 0.001 1 0 2,3 0.001 1 0 4.0326 140 1,13 0.001 -1 0 2,15 0.001 1 0 3,15 0.001 0 -1 7.0377 155 15,2 0.001 0 -1 12,1 0.001 0 1 12,2 0.001 1 0 1.0354 110 15,12 0.001 -1 0 15,15 0.001 1 -1 15,13 0.001 0 -1 1.0444 110 ::f,1,12 f,3,2 f,12,12 f,13,2 
35:0,3 0.001 1 0 2,2 0.001 1 0 3,3 0.001 1 0 4.0346 140 1,13 0.001 -1 1 2,15 0.001 1 0 3,14 0.001 0 -1 7.0387 155 15,1 0.001 0 -1 12,1 0.001 1 1 12,2 0.001 1 0 1.0364 110 14,12 0.001 -1 0 15,15 0.001 0 -1 15,12 0.001 0 -1 1.0464 110 ::f,1,12 f,3,2 f,12,12 f,13,2 
36:1,3 0.001 1 0 2,2 0.001 1 0 3,3 0.001 1 -1 5.0357 155 1,13 0.001 0 1 3,15 0.001 1 0 3,14 0.001 0 -1 7.0397 155 15,1 0.001 0 -1 12,1 0.001 1 1 12,2 0.001 1 0 1.0364 110 13,12 0.001 -1 0 15,14 0.001 0 -1 15,12 0.001 -1 -1 1.0484 110 ::f,1,12 f,3,0 f,12,12 f,13,2 
37:2,3 0.001 1 0 2,2 0.001 1 -1 3,3 0.001 0 -1 5.0367 155 1,14 0.001 0 1 3,15 0.001 1 -1 3,14 0.001 0 -1 7.0407 155 15,0 0.001 0 -1 12,1 0.001 1 1 13,2 0.001 1 0 2.0385 125 13,12 0.001 -1 0 15,14 0.001 0 -1 15,12 0.001 -1 0 2.0485 125 ::f,1,12 f,3,0 f,12,15 f,13,1 
38:2,3 0.001 1 0 2,2 0.001 0 -1 3,2 0.001 0 -1 5.0377 155 1,14 0.001 0 1 3,15 0.001 0 -1 3,13 0.001 0 -1 7.0417 155 15,0 0.001 -1 -1 12,1 0.001 1 1 14,2 0.001 1 0 2.0395 125 12,12 0.001 -1 0 15,13 0.001 0 -1 14,12 0.001 -1 0 2.0515 125 ::f,1,12 f,3,0 f,12,15 f,13,1 
39:3,3 0.001 1 0 2,1 0.001 0 -1 3,1 0.001 0 -1 5.0407 155 1,14 0.001 1 1 3,14 0.001 0 -1 3,12 0.001 0 -1 7.0437 155 15,0 0.001 -1 0 13,2 0.001 1 1 14,2 0.001 1 0 2.0405 125 12,12 0.001 -1 1 15,12 0.001 0 -1 14,12 0.001 -1 0 2.0525 125 ::f,1,12 f,3,0 f,12,15 f,13,1 
40:3,3 0.001 1 -1 2,1 0.001 0 -1 3,1 0.001 0 -1 7.0408 170 1,14 0.001 1 0 3,14 0.001 0 -1 3,12 0.001 -1 -1 7.0437 155 14,0 0.001 -1 0 13,2 0.001 1 1 15,2 0.001 1 0 2.0425 125 12,12 0.001 0 1 15,12 0.001 -1 -1 13,12 0.001 -1 0 2.0535 125 ::f,1,12 f,3,2 f,12,15 f,13,1 
41:3,3 0.001 0 -1 2,1 0.001 -1 -1 3,0 0.001 0 -1 7.0418 170 2,14 0.001 1 0 3,14 0.001 0 -1 3,12 0.001 -1 0 7.0447 155 14,0 0.001 -1 0 14,3 0.001 1 1 15,2 0.001 1 -1 2.0435 125 12,13 0.001 0 1 15,12 0.001 -1 0 12,12 0.001 -1 0 2.0555 125 ::f,1,12 f,3,2 f,12,15 f,13,1 
42:3,3 0.001 0 -1 2,1 0.001 -1 0 3,0 0.001 -1 -1 7.0418 170 2,14 0.001 1 0 3,13 0.001 0 -1 2,12 0.001 -1 0 7.0467 155 13,0 0.001 -1 0 14,3 0.001 1 1 15,2 0.001 0 -1 2.0445 125 12,14 0.001 0 1 14,12 0.001 -1 0 12,12 0.001 -1 1 2.0575 125 ::f,1,12 f,3,2 f,12,15 f,13,1 
43:3,3 0.001 0 -1 1,1 0.001 -1 0 3,0 0.001 -1 0 10.0429 185 2,14 0.001 1 -1 3,13 0.001 0 -1 2,12 0.001 -1 0 8.0468 170 13,0 0.001 -1 0 14,3 0.001 1 0 15,1 0.001 0 -1 2.0455 125 12,14 0.001 0 1 13,12 0.001 -1 0 12,12 0.001 0 1 4.0586 140 ::f,0,0 f,0,15 f,12,15 f,13,1 
44:3,2 0.001 0 -1 1,1 0.001 -1 0 2,0 0.001 -1 0 10.0449 185 2,14 0.001 0 -1 3,12 0.001 0 -1 1,12 0.001 -1 0 8.0488 170 12,0 0.001 -1 0 15,3 0.001 1 0 15,1 0.001 0 -1 2.0475 125 12,14 0.001 0 1 13,12 0.001 -1 0 12,13 0.001 0 1 4.0596 140 ::f,0,0 f,0,15 f,12,15 f,13,1 
45:3,2 0.001 0 -1 1,1 0.001 -1 1 2,0 0.001 -1 0 10.0449 185 2,13 0.001 0 -1 3,12 0.001 -1 -1 1,12 0.001 -1 0 8.0498 170 12,0 0.001 -1 1 15,3 0.001 1 -1 15,0 0.001 0 -1 2.0485 125 12,14 0.001 0 1 12,12 0.001 -1 0 12,13 0.001 0 1 4.0606 140 ::f,0,0 f,0,15 f,12,15 f,13,1 
46:3,2 0.001 0 -1 1,1 0.001 0 1 1,0 0.001 -1 0 10.0459 185 2,13 0.001 0 -1 3,12 0.001 -1 0 1,12 0.001 -1 0 8.0498 170 12,0 0.001 0 1 15,3 0.001 0 -1 15,0 0.001 -1 -1 2.0485 125 12,14 0.001 0 1 12,12 0.001 -1 1 12,13 0.001 1 1 4.0606 140 ::f,0,0 f,0,15 f,12,15 f,13,1 
47:3,2 0.001 0 -1 1,2 0.001 0 1 1,0 0.001 -1 0 13.047 200 2,13 0.001 -1 -1 2,12 0.001 -1 0 1,12 0.001 -1 0 8.0508 170 12,1 0.001 0 1 15,2 0.001 0 -1 15,0 0.001 -1 0 2.0505 125 12,14 0.001 0 1 12,12 0.001 0 1 13,14 0.001 1 1 7.0617 155 ::f,0,1 f,0,15 f,13,1 f,14,13 
48:3,1 0.001 0 -1 1,2 0.001 0 1 0,0 0.001 -1 0 13.049 200 2,13 0.001 -1 0 2,12 0.001 -1 0 1,12 0.001 -1 0 8.0508 170 12,2 0.001 0 1 15,2 0.001 0 -1 14,0 0.001 -1 0 2.0525 125 12,15 0.001 0 1 12,13 0.001 0 1 14,15 0.001 1 1 7.0647 155 ::f,0,1 f,0,15 f,13,1 f,14,13 
49:3,1 0.001 0 -1 1,2 0.001 1 1 0,0 0.001 -1 1 13.049 200 1,13 0.001 -1 0 2,12 0.001 -1 1 0,12 0.001 -1 0 8.0528 170 12,3 0.001 0 1 15,1 0.001 0 -1 13,0 0.001 -1 0 2.0555 125 12,15 0.001 1 1 12,14 0.001 0 1 14,15 0.001 1 1 7.0657 155 ::f,0,1 f,0,15 f,13,1 f,14,13 
50:3,1 0.001 0 -1 1,2 0.001 1 0 0,0 0.001 0 1 13.049 200 1,13 0.001 -1 0 2,12 0.001 0 1 0,12 0.001 -1 1 8.0528 170 12,3 0.001 1 1 15,1 0.001 0 -1 12,0 0.001 -1 0 2.0565 125 12,15 0.001 1 0 12,14 0.001 0 1 14,15 0.001 1 0 7.0657 155 ::f,0,1 f,0,15 f,13,1 f,14,13 
51:3,1 0.001 0 -1 2,2 0.001 1 0 0,0 0.001 0 1 13.05 200 1,13 0.001 -1 1 2,13 0.001 0 1 0,12 0.001 0 1 8.0538 170 12,3 0.001 1 0 15,0 0.001 0 -1 12,0 0.001 -1 1 2.0575 125 13,15 0.001 1 0 12,15 0.001 0 1 15,15 0.001 1 0 7.0687 155 ::f,0,1 f,0,15 f,13,1 f,14,13 
52:3,1 0.001 0 -1 2,2 0.001 1 0 0,0 0.001 0 1 13.05 200 1,13 0.001 0 1 2,14 0.001 0 1 0,13 0.001 0 1 8.0558 170 13,3 0.001 1 0 15,0 0.001 -1 -1 12,0 0.001 0 1 2.0585 125 14,15 0.001 1 0 12,15 0.001 1 1 15,15 0.001 1 -1 7.0697 155 ::f,0,1 f,0,15 f,13,1 f,14,13 
53:3,0 0.001 0 -1 2,2 0.001 1 -1 0,0 0.001 0 1 13.051 200 1,14 0.001 0 1 2,15 0.001 0 1 0,14 0.001 0 1 8.0588 170 14,3 0.001 1 0 15,0 0.001 -1 0 12,1 0.001 0 1 2.0605 125 14,15 0.001 1 0 12,15 0.001 1 0 15,15 0.001 0 -1 7.0697 155 ::f,0,1 f,0,15 f,13,1 f,14,13 
54:3,0 0.001 -1 -1 2,2 0.001 0 -1 0,0 0.001 0 1 17.0511 215 1,14 0.001 0 1 2,15 0.001 1 1 0,14 0.001 0 1 10.0589 185 14,3 0.001 1 0 14,0 0.001 -1 0 12,2 0.001 0 1 2.0625 125 14,15 0.001 1 -1 13,15 0.001 1 0 15,14 0.001 0 -1 7.0717 155 ::f,2,3 f,2,12 f,13,1 f,14,13 
55:3,0 0.001 -1 0 2,1 0.001 0 -1 0,1 0.001 0 1 17.0531 215 1,14 0.001 1 1 2,15 0.001 1 0 0,15 0.001 0 1 10.0599 185 15,3 0.001 1 0 14,0 0.001 -1 0 12,2 0.001 0 1 2.0635 125 14,15 0.001 0 -1 13,15 0.001 1 0 15,13 0.001 0 -1 7.0727 155 ::f,2,3 f,2,12 f,13,1 f,14,13 
56:2,0 0.001 -1 0 2,1 0.001 0 -1 0,2 0.001 0 1 17.0551 215 1,14 0.001 1 0 3,15 0.001 1 0 0,15 0.001 1 1 10.0609 185 15,3 0.001 1 -1 13,0 0.001 -1 0 12,3 0.001 0 1 2.0655 125 14,14 0.001 0 -1 14,15 0.001 1 0 15,12 0.001 0 -1 7.0757 155 ::f,2,3 f,2,12 f,13,1 f,14,13 
57:1,0 0.001 -1 0 2,1 0.001 -1 -1 0,2 0.001 0 1 17.0561 215 2,14 0.001 1 0 3,15 0.001 1 -1 0,15 0.001 1 0 10.0619 185 15,3 0.001 0 -1 13,0 0.001 -1 0 12,3 0.001 1 1 2.0655 125 14,14 0.001 0 -1 15,15 0.001 1 0 15,12 0.001 -1 -1 11.0768 170 ::f,2,3 f,2,12 f,13,1 f,14,12 
58:1,0 0.001 -1 0 2,1 0.001 -1 0 0,3 0.001 0 1 17.0571 215 2,14 0.001 1 0 3,15 0.001 0 -1 1,15 0.001 1 0 10.0629 185 15,2 0.001 0 -1 12,0 0.001 -1 0 12,3 0.001 1 0 2.0675 125 14,13 0.001 0 -1 15,15 0.001 1 -1 15,12 0.001 -1 0 11.0778 170 ::f,2,3 f,2,12 f,13,1 f,14,12 
59:0,0 0.001 -1 0 1,1 0.001 -1 0 0,3 0.001 1 1 17.0591 215 2,14 0.001 1 -1 3,14 0.001 0 -1 2,15 0.001 1 0 10.0649 185 15,1 0.001 0 -1 12,0 0.001 -1 1 13,3 0.001 1 0 2.0695 125 14,13 0.001 0 -1 15,15 0.001 0 -1 14,12 0.001 -1 0 16.0789 185 ::f,2,3 f,2,12 f,12,12 f,13,1 
60:0,0 0.001 -1 1 1,1 0.001 -1 0 0,3 0.001 1 0 17.0591 215 2,14 0.001 0 -1 3,13 0.001 0 -1 3,15 0.001 1 0 10.0669 185 15,1 0.001 0 -1 12,0 0.001 0 1 14,3 0.001 1 0 2.0705 125 14,13 0.001 0 -1 15,14 0.001 0 -1 13,12 0.001 -1 0 16.0809 185 ::f,2,3 f,2,12 f,12,12 f,13,1 
61:0,0 0.001 0 1 1,1 0.001 -1 1 1,3 0.001 1 0 17.0601 215 2,13 0.001 0 -1 3,12 0.001 0 -1 3,15 0.001 1 -1 10.0689 185 15,1 0.001 0 -1 12,1 0.001 0 1 15,3 0.001 1 0 2.0725 125 14,12 0.001 0 -1 15,14 0.001 0 -1 13,12 0.001 -1 0 17.082 200 ::f,2,3 f,2,12 f,12,13 f,13,1 
62:0,1 0.001 0 1 1,1 0.001 0 1 1,3 0.001 1 0 22.0612 230 2,13 0.001 0 -1 3,12 0.001 -1 -1 3,15 0.001 0 -1 12.069 200 15,0 0.001 0 -1 12,2 0.001 0 1 15,3 0.001 1 -1 2.0745 125 14,12 0.001 -1 -1 15,13 0.001 0 -1 12,12 0.001 -1 0 17.084 200 ::f,1,2 f,2,12 f,12,13 f,13,1 
63:0,2 0.001 0 1 1,1 0.001 0 1 2,3 0.001 1 0 22.0632 230 2,13 0.001 -1 -1 3,12 0.001 -1 0 3,14 0.001 0 -1 12.07 200 15,0 0.001 -1 -1 12,2 0.001 0 1 15,3 0.001 0 -1 2.0745 125 14,12 0.001 -1 0 15,12 0.001 0 -1 12,12 0.001 -1 1 17.085 200 ::f,1,2 f,2,12 f,12,13 f,13,1 
64:0,3 0.001 0 1 1,1 0.001 0 1 3,3 0.001 1 0 24.0653 245 2,13 0.001 -1 0 3,12 0.001 -1 0 3,14 0.001 0 -1 12.07 200 15,0 0.001 -1 0 12,3 0.001 0 1 15,2 0.001 0 -1 2.0765 125 13,12 0.001 -1 0 15,12 0.001 -1 -1 12,12 0.001 0 1 17.086 200 ::f,2,12 f,3,2 f,12,13 f,13,1 
65:0,3 0.001 1 1 1,2 0.001 0 1 3,3 0.001 1 -1 24.0663 245 1,13 0.001 -1 0 3,12 0.001 -1 0 3,14 0.001 0 -1 12.071 200 14,0 0.001 -1 0 12,3 0.001 1 1 15,2 0.001 0 -1 2.0775 125 13,12 0.001 -1 0 15,12 0.001 -1 0 12,12 0.001 0 1 17.086 200 ::f,2,12 f,3,2 f,12,13 f,13,1 
66:0,3 0.001 1 0 1,2 0.001 0 1 3,3 0.001 0 -1 24.0663 245 1,13 0.001 -1 0 3,12 0.001 -1 0 3,14 0.001 0 -1 19.0712 230 13,0 0.001 -1 0 12,3 0.001 1 0 15,1 0.001 0 -1 2.0795 125 13,12 0.001 -1 1 14,12 0.001 -1 0 12,12 0.001 0 1 19.0871 215 ::f,2,13 f,3,2 f,13,1 f,15,15 
67:1,3 0.001 1 0 1,2 0.001 1 1 3,3 0.001 0 -1 24.0673 245 1,13 0.001 -1 1 2,12 0.001 -1 0 3,13 0.001 0 -1 19.0732 230 12,0 0.001 -1 0 13,3 0.001 1 0 15,0 0.001 0 -1 2.0825 125 12,13 0.001 -1 1 13,12 0.001 -1 0 12,12 0.001 0 1 19.0891 215 ::f,2,13 f,3,2 f,13,1 f,15,15 
68:1,3 0.001 1 0 1,2 0.001 1 0 3,3 0.001 0 -1 30.0674 260 1,13 0.001 0 1 1,12 0.001 -1 0 3,12 0.001 0 -1 19.0752 230 12,0 0.001 -1 1 13,3 0.001 1 0 15,0 0.001 -1 -1 2.0825 125 12,13 0.001 -1 1 13,12 0.001 -1 0 12,12 0.001 1 1 19.0891 215 ::f,2,2 f,2,13 f,13,1 f,15,15 
69:2,3 0.001 1 0 1,2 0.001 1 0 3,2 0.001 0 -1 30.0694 260 1,14 0.001 0 1 1,12 0.001 -1 0 3,12 0.001 -1 -1 19.0762 230 12,0 0.001 0 1 14,3 0.001 1 0 15,0 0.001 -1 0 2.0835 125 12,13 0.001 0 1 13,12 0.001 -1 1 13,13 0.001 1 1 19.0901 215 ::f,2,2 f,2,13 f,13,1 f,15,15 
70:3,3 0.001 1 0 1,2 0.001 1 0 3,2 0.001 0 -1 33.0705 275 1,14 0.001 0 1 0,12 0.001 -1 0 3,12 0.001 -1 0 19.0772 230 12,1 0.001 0 1 14,3 0.001 1 0 14,0 0.001 -1 0 2.0855 125 12,14 0.001 0 1 12,13 0.001 -1 1 14,14 0.001 1 1 19.0931 215 ::f,0,0 f,2,13 f,13,1 f,15,15 
71:3,3 0.001 1 -1 1,2 0.001 1 0 3,2 0.001 0 -1 33.0705 275 1,14 0.001 1 1 0,12 0.001 -1 1 2,12 0.001 -1 0 19.0782 230 12,2 0.001 0 1 15,3 0.001 1 0 13,0 0.001 -1 0 2.0885 125 12,15 0.001 0 1 12,13 0.001 -1 1 14,14 0.001 1 1 22.0942 230 ::f,0,0 f,2,13 f,12,12 f,13,1 
72:3,3 0.001 0 -1 1,2 0.001 1 0 3,1 0.001 0 -1 33.0715 275 1,14 0.001 1 0 0,12 0.001 0 1 1,12 0.001 -1 0 19.0792 230 12,2 0.001 0 1 15,3 0.001 1 -1 12,0 0.001 -1 0 2.0895 125 12,15 0.001 1 1 12,13 0.001 0 1 15,15 0.001 1 1 22.0952 230 ::f,0,0 f,2,13 f,12,12 f,13,1 
73:3,2 0.001 0 -1 1,2 0.001 1 0 3,1 0.001 0 -1 33.0725 275 2,14 0.001 1 0 0,13 0.001 0 1 1,12 0.001 -1 0 19.0812 230 12,3 0.001 0 1 15,3 0.001 0 -1 12,0 0.001 -1 1 2.0905 125 12,15 0.001 1 0 12,14 0.001 0 1 15,15 0.001 1 0 22.0962 230 ::f,0,0 f,2,13 f,12,12 f,13,1 
74:3,2 0.001 0 -1 2,2 0.001 1 0 3,0 0.001 0 -1 33.0745 275 2,14 0.001 1 0 0,14 0.001 0 1 0,12 0.001 -1 0 19.0832 230 12,3 0.001 1 1 15,2 0.001 0 -1 12,0 0.001 0 1 2.0915 125 13,15 0.001 1 0 12,15 0.001 0 1 15,15 0.001 1 -1 22.0982 230 ::f,0,0 f,2,13 f,12,12 f,13,1 
75:3,1 0.001 0 -1 2,2 0.001 1 0 3,0 0.001 -1 -1 33.0755 275 2,14 0.001 1 -1 0,15 0.001 0 1 0,12 0.001 -1 1 19.0842 230 12,3 0.001 1 0 15,2 0.001 0 -1 12,1 0.001 0 1 2.0925 125 13,15 0.001 1 0 12,15 0.001 1 1 15,15 0.001 0 -1 22.0982 230 ::f,0,0 f,2,13 f,12,12 f,13,1 
76:3,1 0.001 0 -1 2,2 0.001 1 -1 3,0 0.001 -1 0 33.0755 275 2,14 0.001 0 -1 0,15 0.001 1 1 0,12 0.001 0 1 19.0842 230 13,3 0.001 1 0 15,2 0.001 0 -1 12,2 0.001 0 1 2.0945 125 14,15 0.001 1 0 12,15 0.001 1 0 15,14 0.001 0 -1 22.1002 230 ::f,0,0 f,2,13 f,12,12 f,13,1 
77:3,1 0.001 -1 -1 2,2 0.001 0 -1 2,0 0.001 -1 0 33.0765 275 2,14 0.001 0 -1 0,15 0.001 1 0 0,13 0.001 0 1 19.0852 230 13,3 0.001 1 0 15,2 0.001 0 -1 12,2 0.001 0 1 2.0945 125 14,15 0.001 1 0 13,15 0.001 1 0 15,13 0.001 0 -1 22.1022 230 ::f,0,0 f,2,13 f,12,12 f,13,1 
78:3,1 0.001 -1 0 2,1 0.001 0 -1 2,0 0.001 -1 0 33.0775 275 2,14 0.001 0 -1 1,15 0.001 1 0 0,14 0.001 0 1 22.0873 245 14,3 0.001 1 0 15,1 0.001 0 -1 12,3 0.001 0 1 2.0975 125 15,15 0.001 1 0 14,15 0.001 1 0 15,13 0.001 0 -1 22.1042 230 ::f,0,0 f,3,14 f,12,12 f,13,1 
79:3,1 0.001 -1 1 2,1 0.001 0 -1 1,0 0.001 -1 0 33.0785 275 2,14 0.001 0 -1 1,15 0.001 1 0 0,15 0.001 0 1 22.0883 245 14,3 0.001 1 0 15,0 0.001 0 -1 12,3 0.001 1 1 2.0985 125 15,15 0.001 1 -1 14,15 0.001 1 0 15,13 0.001 0 -1 22.1042 230 ::f,0,0 f,3,14 f,12,12 f,13,1 
80:2,2 0.001 -1 1 2,1 0.001 -1 -1 1,0 0.001 -1 0 40.0796 290 2,14 0.001 0 -1 2,15 0.001 1 0 0,15 0.001 1 1 22.0893 245 15,3 0.001 1 0 15,0 0.001 -1 -1 12,3 0.001 1 0 2.0995 125 15,15 0.001 0 -1 14,15 0.001 1 -1 15,12 0.001 0 -1 22.1052 230 ::f,3,2 f,3,14 f,12,12 f,13,1 
81:1,3 0.001 -1 1 2,1 0.001 -1 0 0,0 0.001 -1 0 40.0816 290 2,13 0.001 0 -1 2,15 0.001 1 0 0,15 0.001 1 0 22.0903 245 15,3 0.001 1 -1 15,0 0.001 -1 0 13,3 0.001 1 0 2.1005 125 15,14 0.001 0 -1 14,15 0.001 0 -1 15,12 0.001 -1 -1 22.1062 230 ::f,3,2 f,3,14 f,12,12 f,13,1 
82:1,3 0.001 0 1 1,1 0.001 -1 0 0,0 0.001 -1 1 40.0826 290 2,13 0.001 0 -1 3,15 0.001 1 0 1,15 0.001 1 0 22.0923 245 15,3 0.001 0 -1 14,0 0.001 -1 0 14,3 0.001 1 0 2.1025 125 15,14 0.001 0 -1 14,14 0.001 0 -1 15,12 0.001 -1 0 22.1072 230 ::f,3,2 f,3,14 f,12,12 f,13,1 
83:1,3 0.001 1 1 1,1 0.001 -1 0 0,0 0.001 0 1 40.0826 290 2,13 0.001 -1 -1 3,15 0.001 1 -1 1,15 0.001 1 0 22.0923 245 15,2 0.001 0 -1 14,0 0.001 -1 0 15,3 0.001 1 0 2.1045 125 15,13 0.001 0 -1 14,14 0.001 0 -1 14,12 0.001 -1 0 22.1092 230 ::f,3,2 f,3,14 f,12,12 f,13,1 
84:1,3 0.001 1 0 1,1 0.001 -1 1 0,1 0.001 0 1 40.0836 290 2,13 0.001 -1 0 3,15 0.001 0 -1 2,15 0.001 1 0 22.0933 245 15,1 0.001 0 -1 13,0 0.001 -1 0 15,3 0.001 1 -1 2.1065 125 15,12 0.001 0 -1 14,13 0.001 0 -1 14,12 0.001 -1 0 22.1112 230 ::f,3,2 f,3,14 f,12,12 f,13,1 
85:2,3 0.001 1 0 1,1 0.001 0 1 0,2 0.001 0 1 40.0856 290 1,13 0.001 -1 0 3,15 0.001 0 -1 2,15 0.001 1 0 22.0943 245 15,1 0.001 0 -1 13,0 0.001 -1 0 15,3 0.001 0 -1 2.1065 125 15,12 0.001 -1 -1 14,13 0.001 0 -1 13,12 0.001 -1 0 22.1122 230 ::f,3,2 f,3,14 f,12,12 f,13,1 
86:2,3 0.001 1 0 1,2 0.001 0 1 0,2 0.001 0 1 40.0866 290 1,13 0.001 -1 0 3,15 0.001 0 -1 2,15 0.001 1 -1 27.0944 260 15,1 0.001 0 -1 12,0 0.001 -1 0 15,2 0.001 0 -1 2.1085 125 15,12 0.001 -1 0 14,12 0.001 0 -1 13,12 0.001 -1 0 26.1133 245 ::f,1,12 f,3,2 f,12,14 f,13,1 
87:3,3 0.001 1 0 1,2 0.001 0 1 0,2 0.001 0 1 40.0876 290 1,13 0.001 -1 1 3,14 0.001 0 -1 2,15 0.001 0 -1 27.0954 260 15,1 0.001 0 -1 12,0 0.001 -1 1 15,2 0.001 0 -1 2.1085 125 15,12 0.001 -1 1 14,12 0.001 -1 -1 12,12 0.001 -1 0 26.1143 245 ::f,1,12 f,3,2 f,12,14 f,13,1 
88:3,3 0.001 1 -1 1,2 0.001 1 1 0,3 0.001 0 1 40.0886 290 1,13 0.001 0 1 3,14 0.001 0 -1 2,14 0.001 0 -1 27.0964 260 15,0 0.001 0 -1 12,0 0.001 0 1 15,1 0.001 0 -1 2.1105 125 14,13 0.001 -1 1 14,12 0.001 -1 0 12,12 0.001 -1 1 26.1153 245 ::f,1,12 f,3,2 f,12,14 f,13,1 
89:3,3 0.001 0 -1 1,2 0.001 1 0 0,3 0.001 1 1 40.0886 290 1,14 0.001 0 1 3,13 0.001 0 -1 2,14 0.001 0 -1 27.0984 260 15,0 0.001 -1 -1 12,1 0.001 0 1 15,1 0.001 0 -1 2.1115 125 14,13 0.001 -1 1 13,12 0.001 -1 0 12,12 0.001 0 1 26.1163 245 ::f,1,12 f,3,2 f,12,14 f,13,1 
90:3,3 0.001 0 -1 2,2 0.001 1 0 0,3 0.001 1 0 40.0896 290 1,14 0.001 0 1 3,12 0.001 0 -1 2,13 0.001 0 -1 27.1004 260 15,0 0.001 -1 0 12,2 0.001 0 1 15,1 0.001 -1 -1 2.1125 125 13,14 0.001 -1 1 13,12 0.001 -1 0 12,13 0.001 0 1 26.1183 245 ::f,1,12 f,3,2 f,12,14 f,13,1 
91:3,3 0.001 0 -1 2,2 0.001 1 0 1,3 0.001 1 0 44.0907 305 1,14 0.001 1 1 3,12 0.001 -1 -1 2,13 0.001 0 -1 27.1004 260 14,0 0.001 -1 0 12,2 0.001 0 1 15,1 0.001 -1 0 2.1135 125 13,14 0.001 -1 1 12,12 0.001 -1 0 12,13 0.001 0 1 31.1194 260 ::f,1,12 f,2,3 f,13,1 f,14,13 
92:3,2 0.001 0 -1 2,2 0.001 1 -1 1,3 0.001 1 0 52.0918 320 1,14 0.001 1 0 3,12 0.001 -1 0 2,12 0.001 0 -1 27.1014 260 14,0 0.001 -1 0 12,3 0.001 0 1 14,1 0.001 -1 0 2.1155 125 12,15 0.001 -1 1 12,12 0.001 -1 1 12,14 0.001 0 1 31.1214 260 ::f,1,1 f,1,12 f,13,1 f,14,13 
93:3,1 0.001 0 -1 2,2 0.001 0 -1 2,3 0.001 1 0 52.0938 320 2,14 0.001 1 0 3,12 0.001 -1 1 2,12 0.001 -1 -1 27.1024 260 13,0 0.001 -1 0 12,3 0.001 1 1 14,1 0.001 -1 0 4.1166 140 12,15 0.001 0 1 12,12 0.001 0 1 12,14 0.001 0 1 31.1214 260 ::f,1,1 f,1,12 f,14,13 f,15,0 
94:3,0 0.001 0 -1 2,1 0.001 0 -1 3,3 0.001 1 0 52.0968 320 2,14 0.001 1 0 2,13 0.001 -1 1 2,12 0.001 -1 0 27.1034 260 13,0 0.001 -1 0 12,3 0.001 1 0 13,1 0.001 -1 0 4.1176 140 12,15 0.001 1 1 12,13 0.001 0 1 12,14 0.001 1 1 31.1224 260 ::f,1,1 f,1,12 f,14,13 f,15,0 
95:3,0 0.001 -1 -1 2,1 0.001 0 -1 3,3 0.001 1 -1 52.0968 320 2,14 0.001 1 -1 1,14 0.001 -1 1 2,12 0.001 -1 0 27.1044 260 12,0 0.001 -1 0 13,3 0.001 1 0 12,1 0.001 -1 0 4.1206 140 12,15 0.001 1 0 12,13 0.001 0 1 13,15 0.001 1 1 31.1234 260 ::f,1,1 f,1,12 f,14,13 f,15,0 
96:3,0 0.001 -1 0 2,1 0.001 -1 -1 3,3 0.001 0 -1 52.0968 320 2,14 0.001 0 -1 0,15 0.001 -1 1 2,12 0.001 -1 0 31.1055 275 12,0 0.001 -1 1 13,3 0.001 1 0 12,1 0.001 -1 1 4.1206 140 12,15 0.001 1 -1 12,14 0.001 0 1 13,15 0.001 1 1 31.1244 260 ::f,1,1 f,3,12 f,14,13 f,15,0 
97:2,0 0.001 -1 0 2,1 0.001 -1 0 3,2 0.001 0 -1 52.0988 320 2,13 0.001 0 -1 0,15 0.001 0 1 1,12 0.001 -1 0 31.1075 275 12,0 0.001 0 1 13,3 0.001 1 0 12,1 0.001 0 1 4.1206 140 13,14 0.001 1 -1 12,15 0.001 0 1 13,15 0.001 1 0 31.1264 260 ::f,1,1 f,3,12 f,14,13 f,15,0 
98:1,0 0.001 -1 0 2,1 0.001 -1 0 3,2 0.001 0 -1 52.0998 320 2,13 0.001 0 -1 0,15 0.001 1 1 1,12 0.001 -1 0 31.1075 275 12,0 0.001 1 1 13,3 0.001 1 0 12,2 0.001 0 1 4.1216 140 13,14 0.001 1 -1 12,15 0.001 1 1 14,15 0.001 1 0 37.1275 275 ::f,1,1 f,3,12 f,12,12 f,15,0 
99:1,0 0.001 -1 0 2,1 0.001 -1 0 3,1 0.001 0 -1 56.1009 335 2,13 0.001 -1 -1 0,15 0.001 1 0 0,12 0.001 -1 0 31.1085 275 13,1 0.001 1 1 14,3 0.001 1 0 12,3 0.001 0 1 4.1246 140 14,13 0.001 1 -1 12,15 0.001 1 0 14,15 0.001 1 0 37.1285 275 ::f,2,3 f,3,12 f,12,12 f,15,0 
100:1,0 0.001 -1 0 2,1 0.001 -1 0 3,0 0.001 0 -1 56.1019 335 2,13 0.001 -1 0 1,15 0.001 1 0 0,12 0.001 -1 1 31.1095 275 14,2 0.001 1 1 14,3 0.001 1 0 12,3 0.001 1 1 4.1256 140 15,12 0.001 1 -1 13,15 0.001 1 0 15,15 0.001 1 0 37.1315 275 ::f,2,3 f,3,12 f,12,12 f,15,0 
101:1,0 0.001 -1 0 2,1 0.001 -1 0 3,0 0.001 -1 -1 56.1019 335 1,13 0.001 -1 0 2,15 0.001 1 0 0,12 0.001 0 1 31.1115 275 15,3 0.001 1 1 14,3 0.001 1 0 12,3 0.001 1 0 4.1266 140 15,12 0.001 0 -1 14,15 0.001 1 0 15,15 0.001 1 -1 37.1325 275 ::f,2,3 f,3,12 f,12,12 f,15,0 
102:0,0 0.001 -1 0 1,1 0.001 -1 0 3,0 0.001 -1 0 56.1039 335 1,13 0.001 -1 0 2,15 0.001 1 0 0,13 0.001 0 1 31.1125 275 15,3 0.001 1 0 14,3 0.001 1 -1 13,3 0.001 1 0 4.1276 140 15,12 0.001 -1 -1 14,15 0.001 1 0 15,15 0.001 0 -1 37.1325 275 ::f,2,3 f,3,12 f,12,12 f,15,0 
103:0,0 0.001 -1 1 1,1 0.001 -1 0 2,0 0.001 -1 0 56.1049 335 1,13 0.001 -1 1 2,15 0.001 1 0 0,14 0.001 0 1 31.1135 275 15,3 0.001 1 -1 15,2 0.001 1 -1 14,3 0.001 1 0 4.1296 140 15,12 0.001 -1 0 14,15 0.001 1 -1 15,14 0.001 0 -1 37.1335 275 ::f,2,3 f,3,12 f,12,12 f,15,0 
104:0,0 0.001 0 1 1,1 0.001 -1 1 1,0 0.001 -1 0 56.1059 335 1,13 0.001 0 1 3,15 0.001 1 0 0,14 0.001 0 1 31.1145 275 15,3 0.001 0 -1 15,2 0.001 1 -1 14,3 0.001 1 0 4.1296 140 14,12 0.001 -1 0 14,15 0.001 0 -1 15,13 0.001 0 -1 37.1355 275 ::f,2,3 f,3,12 f,12,12 f,15,0 
105:0,1 0.001 0 1 1,1 0.001 0 1 1,0 0.001 -1 0 56.1069 335 1,14 0.001 0 1 3,15 0.001 1 -1 0,15 0.001 0 1 31.1165 275 15,3 0.001 -1 -1 15,2 0.001 0 -1 14,3 0.001 1 -1 4.1296 140 13,12 0.001 -1 0 14,14 0.001 0 -1 15,13 0.001 0 -1 37.1375 275 ::f,2,3 f,3,12 f,12,12 f,15,0 
106:0,2 0.001 0 1 1,2 0.001 0 1 0,0 0.001 -1 0 56.1099 335 1,14 0.001 0 1 3,15 0.001 0 -1 0,15 0.001 1 1 31.1165 275 14,2 0.001 -1 -1 15,1 0.001 0 -1 15,2 0.001 1 -1 4.1326 140 13,12 0.001 -1 0 14,14 0.001 0 -1 15,12 0.001 0 -1 44.1386 290 ::f,2,3 f,3,12 f,12,13 f,15,0 
107:0,2 0.001 0 1 1,2 0.001 0 1 0,0 0.001 -1 1 56.1099 335 1,14 0.001 1 1 3,14 0.001 0 -1 0,15 0.001 1 0 31.1175 275 14,2 0.001 -1 -1 15,1 0.001 0 -1 15,2 0.001 1 -1 6.1327 155 12,12 0.001 -1 0 14,13 0.001 0 -1 15,12 0.001 -1 -1 44.1406 290 ::f,2,3 f,3,12 f,12,13 f,13,2 
108:0,2 0.001 0 1 1,2 0.001 1 1 0,0 0.001 0 1 56.1099 335 1,14 0.001 1 0 3,14 0.001 0 -1 1,15 0.001 1 0 31.1185 275 14,2 0.001 -1 -1 15,0 0.001 0 -1 15,2 0.001 0 -1 6.1337 155 12,12 0.001 -1 1 14,12 0.001 0 -1 15,12 0.001 -1 0 44.1416 290 ::f,2,3 f,3,12 f,12,13 f,13,2 
109:0,3 0.001 0 1 1,2 0.001 1 0 0,1 0.001 0 1 56.1119 335 2,14 0.001 1 0 3,13 0.001 0 -1 2,15 0.001 1 0 31.1215 275 14,2 0.001 -1 -1 15,0 0.001 -1 -1 15,1 0.001 0 -1 6.1347 155 12,12 0.001 0 1 14,12 0.001 -1 -1 15,12 0.001 -1 1 44.1416 290 ::f,2,3 f,3,12 f,12,13 f,13,2 
110:0,3 0.001 1 1 2,2 0.001 1 0 0,1 0.001 0 1 56.1129 335 2,14 0.001 1 0 3,13 0.001 0 -1 3,15 0.001 1 0 37.1226 290 13,1 0.001 -1 -1 15,0 0.001 -1 0 15,1 0.001 0 -1 6.1357 155 12,12 0.001 0 1 14,12 0.001 -1 0 14,13 0.001 -1 1 44.1426 290 ::f,1,14 f,2,3 f,12,13 f,13,2 
111:0,3 0.001 1 0 2,2 0.001 1 0 0,1 0.001 0 1 56.1129 335 2,14 0.001 1 -1 3,12 0.001 0 -1 3,15 0.001 1 -1 37.1236 290 12,0 0.001 -1 -1 14,0 0.001 -1 0 15,0 0.001 0 -1 6.1387 155 12,12 0.001 0 1 13,12 0.001 -1 0 13,14 0.001 -1 1 44.1446 290 ::f,1,14 f,2,3 f,12,13 f,13,2 
112:1,3 0.001 1 0 2,2 0.001 1 -1 0,2 0.001 0 1 56.1149 335 2,14 0.001 0 -1 3,12 0.001 -1 -1 3,15 0.001 0 -1 37.1236 290 12,0 0.001 -1 0 14,0 0.001 -1 0 15,0 0.001 -1 -1 6.1387 155 12,12 0.001 0 1 13,12 0.001 -1 0 12,15 0.001 -1 1 52.1457 305 ::f,1,14 f,2,3 f,13,2 f,15,13 
113:1,3 0.001 1 0 2,2 0.001 0 -1 0,2 0.001 0 1 61.115 350 2,13 0.001 0 -1 3,12 0.001 -1 0 3,14 0.001 0 -1 37.1256 290 12,0 0.001 -1 1 14,0 0.001 -1 0 15,0 0.001 -1 0 6.1387 155 12,13 0.001 0 1 12,12 0.001 -1 0 12,15 0.001 0 1 52.1477 305 ::f,1,14 f,3,3 f,13,2 f,15,13 
114:2,3 0.001 1 0 2,1 0.001 0 -1 0,3 0.001 0 1 61.118 350 2,13 0.001 0 -1 2,12 0.001 -1 0 3,14 0.001 0 -1 37.1266 290 12,0 0.001 0 1 13,0 0.001 -1 0 14,0 0.001 -1 0 6.1407 155 12,14 0.001 0 1 12,12 0.001 -1 1 12,15 0.001 1 1 52.1487 305 ::f,1,14 f,3,3 f,13,2 f,15,13 
115:2,3 0.001 1 0 2,1 0.001 0 -1 0,3 0.001 1 1 67.1181 365 2,13 0.001 -1 -1 1,12 0.001 -1 0 3,13 0.001 0 -1 37.1286 290 12,1 0.001 0 1 13,0 0.001 -1 0 14,0 0.001 -1 0 6.1417 155 12,14 0.001 0 1 12,12 0.001 0 1 12,15 0.001 1 0 52.1487 305 ::f,0,2 f,1,14 f,13,2 f,15,13 
116:3,3 0.001 1 0 2,1 0.001 -1 -1 0,3 0.001 1 0 67.1191 365 2,13 0.001 -1 0 1,12 0.001 -1 0 3,12 0.001 0 -1 37.1296 290 12,2 0.001 0 1 12,0 0.001 -1 0 13,0 0.001 -1 0 6.1447 155 12,14 0.001 1 1 12,13 0.001 0 1 13,15 0.001 1 0 52.1507 305 ::f,0,2 f,1,14 f,13,2 f,15,13 
117:3,3 0.001 1 -1 2,1 0.001 -1 0 1,3 0.001 1 0 67.1201 365 1,13 0.001 -1 0 1,12 0.001 -1 0 3,12 0.001 -1 -1 37.1306 290 12,3 0.001 0 1 12,0 0.001 -1 1 13,0 0.001 -1 0 6.1457 155 12,14 0.001 1 0 12,13 0.001 0 1 14,15 0.001 1 0 52.1517 305 ::f,0,2 f,1,14 f,13,2 f,15,13 
118:3,3 0.001 0 -1 1,1 0.001 -1 0 2,3 0.001 1 0 67.1221 365 1,13 0.001 -1 0 0,12 0.001 -1 0 3,12 0.001 -1 0 37.1316 290 12,3 0.001 1 1 12,0 0.001 0 1 13,0 0.001 -1 1 6.1457 155 13,14 0.001 1 0 12,14 0.001 0 1 15,15 0.001 1 0 52.1547 305 ::f,0,2 f,1,14 f,13,2 f,15,13 
119:3,2 0.001 0 -1 1,1 0.001 -1 0 2,3 0.001 1 0 67.1231 365 1,13 0.001 -1 1 0,12 0.001 -1 1 2,12 0.001 -1 0 37.1326 290 12,3 0.001 1 0 12,1 0.001 0 1 13,0 0.001 0 1 6.1467 155 14,14 0.001 1 0 12,15 0.001 0 1 15,15 0.001 1 -1 52.1567 305 ::f,0,2 f,1,14 f,13,2 f,15,13 
120:3,2 0.001 0 -1 1,1 0.001 -1 1 3,3 0.001 1 0 67.1241 365 1,13 0.001 0 1 0,12 0.001 0 1 2,12 0.001 -1 0 37.1326 290 13,3 0.001 1 0 12,2 0.001 0 1 13,1 0.001 0 1 6.1497 155 15,14 0.001 1 0 12,15 0.001 1 1 15,15 0.001 0 -1 52.1577 305 ::f,0,2 f,1,14 f,13,2 f,15,13 
121:3,1 0.001 0 -1 1,1 0.001 0 1 3,3 0.001 1 -1 67.1251 365 1,13 0.001 0 1 0,13 0.001 0 1 2,12 0.001 -1 0 37.1336 290 14,3 0.001 1 0 12,2 0.001 0 1 13,1 0.001 0 1 9.1508 170 15,14 0.001 1 -1 12,15 0.001 1 0 15,15 0.001 -1 -1 52.1577 305 ::f,0,2 f,1,14 f,15,2 f,15,13 
122:3,0 0.001 0 -1 1,2 0.001 0 1 3,3 0.001 0 -1 67.1271 365 1,13 0.001 0 1 0,14 0.001 0 1 1,12 0.001 -1 0 41.1357 305 14,3 0.001 1 0 12,3 0.001 0 1 13,2 0.001 0 1 9.1528 170 15,14 0.001 0 -1 13,15 0.001 1 0 14,14 0.001 -1 -1 52.1597 305 ::f,0,2 f,0,12 f,15,2 f,15,13 
123:3,0 0.001 -1 -1 1,2 0.001 0 1 3,2 0.001 0 -1 67.1281 365 1,13 0.001 0 1 0,14 0.001 0 1 1,12 0.001 -1 0 46.1358 320 14,3 0.001 1 0 12,3 0.001 1 1 13,3 0.001 0 1 9.1538 170 15,14 0.001 0 -1 14,15 0.001 1 0 13,13 0.001 -1 -1 52.1617 305 ::f,0,2 f,1,15 f,15,2 f,15,13 
124:3,0 0.001 -1 0 1,2 0.001 1 1 3,1 0.001 0 -1 67.1291 365 1,13 0.001 0 1 0,15 0.001 0 1 0,12 0.001 -1 0 46.1378 320 15,3 0.001 1 0 12,3 0.001 1 0 13,3 0.001 1 1 9.1548 170 15,14 0.001 0 -1 15,15 0.001 1 0 12,12 0.001 -1 -1 52.1637 305 ::f,0,2 f,1,15 f,15,2 f,15,13 
125:2,0 0.001 -1 0 1,2 0.001 1 0 3,0 0.001 0 -1 67.1311 365 1,14 0.001 0 1 0,15 0.001 1 1 0,12 0.001 -1 1 46.1388 320 15,3 0.001 1 -1 12,3 0.001 1 -1 13,3 0.001 1 0 9.1548 170 15,14 0.001 0 -1 15,15 0.001 1 -1 12,12 0.001 -1 0 61.1638 320 ::f,0,2 f,1,15 f,15,2 f,15,12 
126:1,0 0.001 -1 0 2,2 0.001 1 0 3,0 0.001 -1 -1 67.1331 365 1,14 0.001 0 1 0,15 0.001 1 0 0,12 0.001 0 1 51.1389 335 15,3 0.001 0 -1 13,2 0.001 1 -1 14,3 0.001 1 0 9.1568 170 15,13 0.001 0 -1 15,15 0.001 0 -1 12,12 0.001 -1 1 61.1648 320 ::f,0,2 f,2,12 f,15,2 f,15,12 
127:1,0 0.001 -1 0 2,2 0.001 1 0 3,0 0.001 -1 0 67.1331 365 1,14 0.001 1 1 1,15 0.001 1 0 0,13 0.001 0 1 51.1409 335 15,3 0.001 0 -1 13,2 0.001 1 -1 14,3 0.001 1 0 9.1568 170 15,13 0.001 0 -1 15,15 0.001 0 -1 12,12 0.001 0 1 71.1649 335 ::f,0,2 f,2,12 f,15,2 f,15,14 
128:1,0 0.001 -1 0 2,2 0.001 1 -1 2,0 0.001 -1 0 67.1341 365 1,14 0.001 1 0 2,15 0.001 1 0 0,14 0.001 0 1 51.1429 335 15,3 0.001 0 -1 14,1 0.001 1 -1 14,3 0.001 1 -1 10.1579 185 15,12 0.001 0 -1 15,15 0.001 0 -1 12,13 0.001 0 1 73.167 350 ::f,0,2 f,2,12 f,12,1 f,14,15 
129:0,0 0.001 -1 0 2,2 0.001 0 -1 2,0 0.001 -1 0 67.1351 365 2,14 0.001 1 0 2,15 0.001 1 0 0,14 0.001 0 1 51.1439 335 15,2 0.001 0 -1 15,0 0.001 1 -1 14,3 0.001 0 -1 10.1599 185 15,12 0.001 -1 -1 15,14 0.001 0 -1 12,14 0.001 0 1 73.169 350 ::f,0,2 f,2,12 f,12,1 f,14,15 
130:0,0 0.001 -1 1 2,1 0.001 0 -1 1,0 0.001 -1 0 67.1371 365 2,14 0.001 1 0 3,15 0.001 1 0 0,15 0.001 0 1 51.1459 335 15,2 0.001 0 -1 15,0 0.001 0 -1 14,2 0.001 0 -1 10.1609 185 15,12 0.001 -1 0 15,13 0.001 0 -1 12,15 0.001 0 1 73.171 350 ::f,0,2 f,2,12 f,12,1 f,14,15 
131:0,0 0.001 0 1 2,1 0.001 0 -1 1,0 0.001 -1 0 67.1371 365 2,14 0.001 1 -1 3,15 0.001 1 -1 0,15 0.001 1 1 51.1459 335 15,1 0.001 0 -1 15,0 0.001 -1 -1 14,2 0.001 0 -1 10.1619 185 14,12 0.001 -1 0 15,12 0.001 0 -1 12,15 0.001 1 1 73.173 350 ::f,0,2 f,2,12 f,12,1 f,14,15 
132:0,1 0.001 0 1 2,1 0.001 -1 -1 0,0 0.001 -1 0 67.1391 365 2,14 0.001 0 -1 3,15 0.001 0 -1 0,15 0.001 1 0 51.1459 335 15,1 0.001 0 -1 15,0 0.001 -1 0 14,1 0.001 0 -1 10.1629 185 13,12 0.001 -1 0 15,12 0.001 -1 -1 12,15 0.001 1 0 73.174 350 ::f,0,2 f,2,12 f,12,1 f,14,15 
133:0,1 0.001 0 1 2,1 0.001 -1 0 0,0 0.001 -1 1 74.1392 380 2,13 0.001 0 -1 3,14 0.001 0 -1 1,15 0.001 1 0 51.1489 335 15,1 0.001 -1 -1 14,0 0.001 -1 0 14,1 0.001 0 -1 10.1639 185 13,12 0.001 -1 0 15,12 0.001 -1 0 13,15 0.001 1 0 73.175 350 ::f,0,2 f,2,12 f,12,1 f,14,15 
134:0,1 0.001 0 1 1,1 0.001 -1 0 0,0 0.001 0 1 82.1403 395 2,13 0.001 0 -1 3,14 0.001 0 -1 1,15 0.001 1 0 57.149 350 15,1 0.001 -1 0 14,0 0.001 -1 0 14,1 0.001 -1 -1 10.1639 185 13,12 0.001 -1 0 14,12 0.001 -1 0 13,15 0.001 1 0 79.1761 365 ::f,0,2 f,0,12 f,12,1 f,14,15 
135:0,1 0.001 0 1 1,1 0.001 -1 0 0,0 0.001 1 1 82.1403 395 2,13 0.001 -1 -1 3,14 0.001 0 -1 1,15 0.001 1 0 57.149 350 15,1 0.001 -1 1 13,0 0.001 -1 0 14,1 0.001 -1 0 10.1649 185 13,12 0.001 -1 0 14,12 0.001 -1 0 13,15 0.001 1 0 79.1761 365 ::f,0,2 f,0,12 f,12,1 f,14,15 
136:0,1 0.001 0 1 1,1 0.001 -1 1 0,0 0.001 1 0 91.1404 410 2,13 0.001 -1 0 3,13 0.001 0 -1 2,15 0.001 1 0 57.151 350 14,2 0.001 -1 1 13,0 0.001 -1 0 13,1 0.001 -1 0 10.1669 185 12,12 0.001 -1 0 13,12 0.001 -1 0 13,15 0.001 1 0 86.1782 380 ::f,0,12 f,2,0 f,12,1 f,12,15 
137:0,2 0.001 0 1 1,1 0.001 0 1 1,0 0.001 1 0 91.1424 410 1,13 0.001 -1 0 3,13 0.001 0 -1 2,15 0.001 1 0 57.152 350 13,3 0.001 -1 1 13,0 0.001 -1 0 13,1 0.001 -1 0 14.168 200 12,12 0.001 -1 1 13,12 0.001 -1 0 14,15 0.001 1 0 86.1792 380 ::f,0,12 f,2,0 f,12,15 f,15,1 
138:0,2 0.001 0 1 1,2 0.001 0 1 1,0 0.001 1 0 91.1434 410 1,13 0.001 -1 0 3,12 0.001 0 -1 2,15 0.001 1 0 57.153 350 13,3 0.001 0 1 12,0 0.001 -1 0 12,1 0.001 -1 0 14.17 200 12,12 0.001 0 1 13,12 0.001 -1 1 14,15 0.001 1 0 86.1792 380 ::f,0,12 f,2,0 f,12,15 f,15,1 
139:0,3 0.001 0 1 1,2 0.001 0 1 1,0 0.001 1 0 91.1444 410 1,13 0.001 -1 1 3,12 0.001 -1 -1 3,15 0.001 1 0 57.154 350 13,3 0.001 1 1 12,0 0.001 -1 1 12,1 0.001 -1 1 14.17 200 12,13 0.001 0 1 13,12 0.001 0 1 14,15 0.001 1 0 86.1802 380 ::f,0,12 f,2,0 f,12,15 f,15,1 
140:0,3 0.001 1 1 1,2 0.001 1 1 1,0 0.001 1 0 91.1444 410 1,13 0.001 0 1 3,12 0.001 -1 0 3,15 0.001 1 -1 57.154 350 13,3 0.001 1 0 12,0 0.001 0 1 12,1 0.001 0 1 14.17 200 12,14 0.001 0 1 13,13 0.001 0 1 15,15 0.001 1 0 86.1832 380 ::f,0,12 f,2,0 f,12,15 f,15,1 
141:0,3 0.001 1 0 1,2 0.001 1 0 1,0 0.001 1 0 91.1444 410 1,14 0.001 0 1 2,12 0.001 -1 0 3,15 0.001 0 -1 57.156 350 14,3 0.001 1 0 12,0 0.001 1 1 12,2 0.001 0 1 14.172 200 12,14 0.001 0 1 13,14 0.001 0 1 15,15 0.001 1 -1 96.1843 395 ::f,0,12 f,2,0 f,14,14 f,15,1 
142:1,3 0.001 1 0 2,2 0.001 1 0 1,0 0.001 1 0 91.1464 410 1,14 0.001 0 1 2,12 0.001 -1 0 3,14 0.001 0 -1 57.157 350 15,3 0.001 1 0 13,1 0.001 1 1 12,3 0.001 0 1 14.175 200 12,15 0.001 0 1 13,15 0.001 0 1 15,15 0.001 0 -1 96.1863 395 ::f,0,12 f,2,0 f,14,14 f,15,1 
143:1,3 0.001 1 0 2,2 0.001 1 0 1,0 0.001 1 0 91.1464 410 1,14 0.001 1 1 1,12 0.001 -1 0 3,14 0.001 0 -1 57.158 350 15,3 0.001 1 -1 13,1 0.001 1 1 12,3 0.001 1 1 14.175 200 12,15 0.001 1 1 13,15 0.001 1 1 15,14 0.001 0 -1 96.1873 395 ::f,0,12 f,2,0 f,14,14 f,15,1 
144:2,3 0.001 1 0 2,2 0.001 1 -1 1,0 0.001 1 0 91.1474 410 1,14 0.001 1 0 1,12 0.001 -1 0 3,14 0.001 0 -1 64.1581 365 15,3 0.001 0 -1 13,1 0.001 1 1 12,3 0.001 1 0 14.175 200 12,15 0.001 1 0 13,15 0.001 1 0 15,13 0.001 0 -1 96.1883 395 ::f,0,15 f,2,0 f,14,14 f,15,1 
145:2,3 0.001 1 0 2,2 0.001 0 -1 1,0 0.001 1 0 91.1474 410 2,14 0.001 1 0 0,12 0.001 -1 0 3,14 0.001 0 -1 64.1601 365 15,2 0.001 0 -1 14,2 0.001 1 1 13,3 0.001 1 0 14.178 200 12,15 0.001 1 -1 14,15 0.001 1 0 15,13 0.001 0 -1 96.1893 395 ::f,0,15 f,2,0 f,14,14 f,15,1 
146:3,3 0.001 1 0 2,1 0.001 0 -1 1,0 0.001 1 0 91.1494 410 2,14 0.001 1 0 0,12 0.001 -1 1 3,13 0.001 0 -1 64.1611 365 15,2 0.001 0 -1 14,2 0.001 1 1 14,3 0.001 1 0 16.1791 215 13,14 0.001 1 -1 15,15 0.001 1 0 15,12 0.001 0 -1 96.1923 395 ::f,0,15 f,2,0 f,12,0 f,14,14 
147:3,3 0.001 1 -1 2,1 0.001 0 -1 2,0 0.001 1 0 96.1505 425 2,14 0.001 1 -1 0,12 0.001 0 1 3,13 0.001 0 -1 64.1611 365 15,1 0.001 0 -1 15,3 0.001 1 1 14,3 0.001 1 0 16.1811 215 13,14 0.001 1 -1 15,15 0.001 1 -1 15,12 0.001 -1 -1 96.1923 395 ::f,0,3 f,0,15 f,12,0 f,14,14 
148:3,3 0.001 0 -1 2,1 0.001 -1 -1 3,0 0.001 1 0 96.1515 425 2,14 0.001 0 -1 0,13 0.001 0 1 3,13 0.001 0 -1 64.1621 365 15,1 0.001 0 -1 15,3 0.001 1 0 14,3 0.001 1 0 16.1811 215 14,13 0.001 1 -1 15,15 0.001 0 -1 15,12 0.001 -1 0 96.1933 395 ::f,0,3 f,0,15 f,12,0 f,14,14 
149:3,2 0.001 0 -1 2,1 0.001 -1 0 3,0 0.001 1 -1 96.1525 425 2,13 0.001 0 -1 0,13 0.001 0 1 3,12 0.001 0 -1 64.1641 365 15,0 0.001 0 -1 15,3 0.001 1 -1 14,3 0.001 1 -1 16.1821 215 14,13 0.001 1 -1 15,14 0.001 0 -1 14,12 0.001 -1 0 96.1953 395 ::f,0,3 f,0,15 f,12,0 f,14,14 
150:3,1 0.001 0 -1 1,1 0.001 -1 0 3,0 0.001 0 -1 96.1545 425 2,13 0.001 0 -1 0,13 0.001 0 1 3,12 0.001 -1 -1 64.1641 365 15,0 0.001 -1 -1 15,3 0.001 0 -1 15,2 0.001 1 -1 16.1831 215 15,12 0.001 1 -1 15,14 0.001 0 -1 14,12 0.001 -1 0 96.1963 395 ::f,0,3 f,0,15 f,12,0 f,14,14 
151:3,1 0.001 0 -1 1,1 0.001 -1 0 3,0 0.001 -1 -1 96.1545 425 2,13 0.001 -1 -1 0,14 0.001 0 1 3,12 0.001 -1 0 64.1651 365 15,0 0.001 -1 0 15,3 0.001 -1 -1 15,2 0.001 1 -1 16.1831 215 15,12 0.001 0 -1 15,14 0.001 0 -1 13,12 0.001 -1 0 96.1973 395 ::f,0,3 f,0,15 f,12,0 f,14,14 
152:3,1 0.001 -1 -1 1,1 0.001 -1 1 3,0 0.001 -1 0 96.1545 425 2,13 0.001 -1 0 0,14 0.001 0 1 2,12 0.001 -1 0 72.1662 380 14,0 0.001 -1 0 14,2 0.001 -1 -1 15,2 0.001 0 -1 16.1851 215 15,12 0.001 -1 -1 15,13 0.001 0 -1 13,12 0.001 -1 0 96.1983 395 ::f,0,3 f,0,15 f,12,0 f,14,14 
153:2,0 0.001 -1 -1 1,1 0.001 0 1 3,0 0.001 -1 1 96.1555 425 1,13 0.001 -1 0 0,14 0.001 0 1 1,12 0.001 -1 0 81.1683 395 13,0 0.001 -1 0 14,2 0.001 -1 -1 15,1 0.001 0 -1 16.1871 215 15,12 0.001 -1 0 15,13 0.001 0 -1 13,12 0.001 -1 0 96.1983 395 ::f,0,3 f,0,13 f,12,0 f,14,14 
154:2,0 0.001 -1 -1 1,2 0.001 0 1 2,1 0.001 -1 1 96.1575 425 1,13 0.001 -1 0 0,15 0.001 0 1 0,12 0.001 -1 0 88.1704 410 13,0 0.001 -1 0 13,1 0.001 -1 -1 15,1 0.001 0 -1 19.1882 230 14,12 0.001 -1 0 15,12 0.001 0 -1 12,12 0.001 -1 0 96.2013 395 ::f,0,3 f,2,12 f,14,3 f,14,14 
155:2,0 0.001 -1 0 1,2 0.001 0 1 2,1 0.001 -1 1 96.1575 425 1,13 0.001 -1 1 0,15 0.001 1 1 0,12 0.001 -1 1 88.1704 410 12,0 0.001 -1 0 13,1 0.001 -1 -1 15,0 0.001 0 -1 19.1902 230 13,12 0.001 -1 0 15,12 0.001 -1 -1 12,12 0.001 -1 1 96.2023 395 ::f,0,3 f,2,12 f,14,3 f,14,14 
156:1,0 0.001 -1 0 1,2 0.001 1 1 2,1 0.001 0 1 96.1585 425 1,13 0.001 0 1 0,15 0.001 1 0 0,12 0.001 0 1 88.1704 410 12,0 0.001 -1 1 13,1 0.001 -1 0 15,0 0.001 -1 -1 19.1902 230 13,12 0.001 -1 0 15,12 0.001 -1 0 12,12 0.001 0 1 96.2023 395 ::f,0,3 f,2,12 f,14,3 f,14,14 
157:0,0 0.001 -1 0 1,2 0.001 1 0 2,2 0.001 0 1 96.1605 425 1,14 0.001 0 1 1,15 0.001 1 0 0,13 0.001 0 1 88.1734 410 12,0 0.001 0 1 12,1 0.001 -1 0 15,0 0.001 -1 0 19.1912 230 13,12 0.001 -1 1 14,12 0.001 -1 0 12,13 0.001 0 1 96.2043 395 ::f,0,3 f,2,12 f,14,3 f,14,14 
158:0,0 0.001 -1 1 1,2 0.001 1 0 2,3 0.001 0 1 96.1615 425 1,14 0.001 0 1 2,15 0.001 1 0 0,14 0.001 0 1 88.1754 410 12,0 0.001 1 1 12,1 0.001 -1 1 14,0 0.001 -1 0 19.1922 230 13,12 0.001 0 1 14,12 0.001 -1 0 12,13 0.001 0 1 96.2043 395 ::f,0,3 f,2,12 f,14,3 f,14,14 
159:0,0 0.001 0 1 1,2 0.001 1 0 2,3 0.001 1 1 96.1615 425 1,14 0.001 1 1 2,15 0.001 1 0 0,14 0.001 0 1 88.1754 410 13,1 0.001 1 1 12,1 0.001 0 1 13,0 0.001 -1 0 19.1942 230 13,13 0.001 0 1 13,12 0.001 -1 0 12,14 0.001 0 1 96.2073 395 ::f,0,3 f,2,12 f,14,3 f,14,14 
160:0,1 0.001 0 1 1,2 0.001 1 0 2,3 0.001 1 0 96.1625 425 1,14 0.001 1 0 3,15 0.001 1 0 0,15 0.001 0 1 88.1774 410 13,1 0.001 1 1 12,2 0.001 0 1 12,0 0.001 -1 0 19.1962 230 13,14 0.001 0 1 12,12 0.001 -1 0 12,14 0.001 0 1 96.2093 395 ::f,0,3 f,2,12 f,14,3 f,14,14 
161:0,2 0.001 0 1 1,2 0.001 1 0 3,3 0.001 1 0 96.1645 425 2,14 0.001 1 0 3,15 0.001 1 -1 0,15 0.001 1 1 88.1784 410 13,1 0.001 1 1 12,3 0.001 0 1 12,0 0.001 -1 1 19.1972 230 13,14 0.001 0 1 12,12 0.001 -1 1 12,14 0.001 0 1 96.2093 395 ::f,0,3 f,2,12 f,14,3 f,14,14 
162:0,2 0.001 0 1 2,2 0.001 1 0 3,3 0.001 1 -1 106.166 440 2,14 0.001 1 0 3,15 0.001 0 -1 0,15 0.001 1 0 88.1784 410 14,2 0.001 1 1 12,3 0.001 1 1 12,0 0.001 0 1 19.1982 230 13,14 0.001 0 1 12,12 0.001 0 1 12,15 0.001 0 1 96.2103 395 ::f,2,12 f,3,1 f,14,3 f,14,14 
163:0,3 0.001 0 1 2,2 0.001 1 0 3,3 0.001 0 -1 106.167 440 2,14 0.001 1 -1 3,14 0.001 0 -1 1,15 0.001 1 0 88.1804 410 14,2 0.001 1 1 12,3 0.001 1 0 12,1 0.001 0 1 19.1992 230 13,15 0.001 0 1 12,13 0.001 0 1 12,15 0.001 1 1 96.2123 395 ::f,2,12 f,3,1 f,14,3 f,14,14 
164:0,3 0.001 1 1 2,2 0.001 1 -1 3,2 0.001 0 -1 106.168 440 2,14 0.001 0 -1 3,13 0.001 0 -1 1,15 0.001 1 0 88.1814 410 14,2 0.001 1 1 13,3 0.001 1 0 12,2 0.001 0 1 19.2012 230 13,15 0.001 1 1 12,14 0.001 0 1 12,15 0.001 1 0 96.2133 395 ::f,2,12 f,3,1 f,14,3 f,14,14 
165:0,3 0.001 1 0 2,2 0.001 0 -1 3,2 0.001 0 -1 115.168 455 2,13 0.001 0 -1 3,13 0.001 0 -1 1,15 0.001 1 0 88.1824 410 15,3 0.001 1 1 13,3 0.001 1 0 12,3 0.001 0 1 22.2033 245 13,15 0.001 1 0 12,14 0.001 0 1 12,15 0.001 1 -1 96.2133 395 ::f,0,0 f,2,12 f,14,3 f,14,14 
166:1,3 0.001 1 0 2,1 0.001 0 -1 3,1 0.001 0 -1 115.171 455 2,13 0.001 0 -1 3,12 0.001 0 -1 1,15 0.001 1 0 102.184 440 15,3 0.001 1 0 13,3 0.001 1 0 12,3 0.001 1 1 22.2033 245 14,15 0.001 1 0 12,14 0.001 1 1 13,14 0.001 1 -1 96.2153 395 ::f,0,0 f,1,12 f,14,3 f,14,14 
167:1,3 0.001 1 0 2,1 0.001 0 -1 3,0 0.001 0 -1 115.172 455 2,13 0.001 -1 -1 3,12 0.001 -1 -1 2,15 0.001 1 0 102.185 440 15,3 0.001 1 -1 13,3 0.001 1 0 12,3 0.001 1 0 22.2033 245 14,15 0.001 1 0 13,15 0.001 1 1 14,13 0.001 1 -1 96.2173 395 ::f,0,0 f,1,12 f,14,3 f,14,14 
168:2,3 0.001 1 0 2,1 0.001 -1 -1 3,0 0.001 -1 -1 115.173 455 2,13 0.001 -1 0 3,12 0.001 -1 0 2,15 0.001 1 0 102.185 440 15,3 0.001 0 -1 13,3 0.001 1 0 12,3 0.001 1 -1 26.2034 260 15,15 0.001 1 0 13,15 0.001 1 1 14,13 0.001 1 -1 96.2183 395 ::f,0,0 f,1,12 f,13,1 f,14,14 
169:2,3 0.001 1 0 2,1 0.001 -1 0 3,0 0.001 -1 0 115.173 455 1,13 0.001 -1 0 2,12 0.001 -1 0 3,15 0.001 1 0 102.188 440 15,2 0.001 0 -1 14,3 0.001 1 0 13,2 0.001 1 -1 26.2064 260 15,15 0.001 1 -1 13,15 0.001 1 0 14,13 0.001 1 -1 96.2183 395 ::f,0,0 f,1,12 f,13,1 f,14,14 
170:2,3 0.001 1 0 1,1 0.001 -1 0 2,0 0.001 -1 0 115.175 455 1,13 0.001 -1 0 2,12 0.001 -1 0 3,15 0.001 1 -1 112.188 455 15,2 0.001 0 -1 15,3 0.001 1 0 14,1 0.001 1 -1 26.2084 260 15,15 0.001 0 -1 14,15 0.001 1 0 14,13 0.001 1 -1 96.2193 395 ::f,0,0 f,1,15 f,13,1 f,14,14 
171:3,3 0.001 1 0 1,1 0.001 -1 0 1,0 0.001 -1 0 115.177 455 1,13 0.001 -1 1 1,12 0.001 -1 0 3,15 0.001 0 -1 112.189 455 15,2 0.001 0 -1 15,3 0.001 1 -1 15,0 0.001 1 -1 26.2094 260 15,14 0.001 0 -1 15,15 0.001 1 0 15,12 0.001 1 -1 96.2223 395 ::f,0,0 f,1,15 f,13,1 f,14,14 
172:3,3 0.001 1 -1 1,1 0.001 -1 1 1,0 0.001 -1 0 125.177 470 1,13 0.001 0 1 1,12 0.001 -1 0 3,14 0.001 0 -1 112.19 455 15,1 0.001 0 -1 15,3 0.001 0 -1 15,0 0.001 0 -1 26.2104 260 15,13 0.001 0 -1 15,15 0.001 1 -1 15,12 0.001 0 -1 96.2233 395 ::f,1,15 f,2,2 f,13,1 f,14,14 
173:3,3 0.001 0 -1 1,1 0.001 0 1 0,0 0.001 -1 0 125.178 470 1,14 0.001 0 1 1,12 0.001 -1 0 3,14 0.001 0 -1 112.191 455 15,1 0.001 0 -1 15,2 0.001 0 -1 15,0 0.001 -1 -1 26.2114 260 15,13 0.001 0 -1 15,15 0.001 0 -1 15,12 0.001 -1 -1 96.2233 395 ::f,1,15 f,2,2 f,13,1 f,14,14 
174:3,2 0.001 0 -1 1,2 0.001 0 1 0,0 0.001 -1 1 125.18 470 1,14 0.001 0 1 1,12 0.001 -1 0 3,14 0.001 0 -1 121.191 470 15,1 0.001 -1 -1 15,2 0.001 0 -1 15,0 0.001 -1 0 26.2114 260 15,13 0.001 -1 -1 15,14 0.001 0 -1 15,12 0.001 -1 0 96.2243 395 ::f,2,2 f,3,12 f,13,1 f,14,14 
175:3,2 0.001 0 -1 1,2 0.001 0 1 0,0 0.001 0 1 125.18 470 1,14 0.001 1 1 0,12 0.001 -1 0 3,13 0.001 0 -1 121.193 470 14,0 0.001 -1 -1 15,1 0.001 0 -1 15,0 0.001 -1 1 26.2134 260 14,12 0.001 -1 -1 15,14 0.001 0 -1 15,12 0.001 -1 1 96.2253 395 ::f,2,2 f,3,12 f,13,1 f,14,14 
176:3,1 0.001 0 -1 1,2 0.001 1 1 0,1 0.001 0 1 125.182 470 1,14 0.001 1 0 0,12 0.001 -1 1 3,13 0.001 0 -1 128.193 485 14,0 0.001 -1 -1 15,1 0.001 0 -1 14,1 0.001 -1 1 26.2144 260 14,12 0.001 -1 -1 15,14 0.001 0 -1 14,13 0.001 -1 1 96.2263 395 ::f,2,2 f,2,13 f,13,1 f,14,14 
177:3,1 0.001 0 -1 1,2 0.001 1 0 0,1 0.001 0 1 125.182 470 2,14 0.001 1 0 0,12 0.001 0 1 3,12 0.001 0 -1 128.195 485 14,0 0.001 -1 0 15,0 0.001 0 -1 13,2 0.001 -1 1 26.2164 260 14,12 0.001 -1 0 15,13 0.001 0 -1 13,14 0.001 -1 1 96.2283 395 ::f,2,2 f,2,13 f,13,1 f,14,14 
178:3,1 0.001 0 -1 1,2 0.001 1 0 0,2 0.001 0 1 125.183 470 2,14 0.001 1 0 0,13 0.001 0 1 3,12 0.001 -1 -1 128.196 485 13,0 0.001 -1 0 15,0 0.001 -1 -1 13,2 0.001 -1 1 26.2174 260 13,12 0.001 -1 0 15,12 0.001 0 -1 12,15 0.001 -1 1 96.2313 395 ::f,2,2 f,2,13 f,13,1 f,14,14 
179:3,1 0.001 0 -1 1,2 0.001 1 0 0,2 0.001 0 1 125.183 470 2,14 0.001 1 -1 0,13 0.001 0 1 3,12 0.001 -1 0 128.196 485 12,0 0.001 -1 0 15,0 0.001 -1 0 12,3 0.001 -1 1 26.2194 260 12,12 0.001 -1 0 15,12 0.001 -1 -1 12,15 0.001 0 1 96.2323 395 ::f,2,2 f,2,13 f,13,1 f,14,14 
180:3,0 0.001 0 -1 1,2 0.001 1 0 0,2 0.001 0 1 125.184 470 2,14 0.001 0 -1 0,14 0.001 0 1 2,12 0.001 -1 0 128.198 485 12,0 0.001 -1 1 14,0 0.001 -1 0 12,3 0.001 0 1 26.2204 260 12,12 0.001 -1 1 15,12 0.001 -1 0 12,15 0.001 1 1 96.2323 395 ::f,2,2 f,2,13 f,13,1 f,14,14 
181:3,0 0.001 -1 -1 1,2 0.001 1 0 0,3 0.001 0 1 131.185 485 2,14 0.001 0 -1 0,14 0.001 0 1 1,12 0.001 -1 0 128.199 485 12,0 0.001 0 1 13,0 0.001 -1 0 12,3 0.001 1 1 26.2214 260 12,12 0.001 0 1 14,12 0.001 -1 0 12,15 0.001 1 0 96.2333 395 ::f,2,2 f,2,13 f,13,1 f,14,14 
182:3,0 0.001 -1 0 1,2 0.001 1 0 0,3 0.001 1 1 138.185 500 2,14 0.001 0 -1 0,15 0.001 0 1 1,12 0.001 -1 0 138.2 500 12,1 0.001 0 1 13,0 0.001 -1 0 12,3 0.001 1 0 26.2224 260 12,13 0.001 0 1 13,12 0.001 -1 0 13,15 0.001 1 0 96.2363 395 ::f,2,2 f,3,14 f,13,1 f,14,14 
183:2,0 0.001 -1 0 1,2 0.001 1 0 0,3 0.001 1 0 138.186 500 2,14 0.001 0 -1 0,15 0.001 1 1 1,12 0.001 -1 0 138.2 500 12,2 0.001 0 1 12,0 0.001 -1 0 13,3 0.001 1 0 26.2254 260 12,14 0.001 0 1 12,12 0.001 -1 0 13,15 0.001 1 0 96.2383 395 ::f,2,2 f,3,14 f,13,1 f,14,14 
184:1,0 0.001 -1 0 1,2 0.001 1 0 1,3 0.001 1 0 146.188 515 2,13 0.001 0 -1 0,15 0.001 1 0 0,12 0.001 -1 0 138.202 500 12,3 0.001 0 1 12,0 0.001 -1 1 14,3 0.001 1 0 26.2274 260 12,14 0.001 0 1 12,12 0.001 -1 1 13,15 0.001 1 0 96.2383 395 ::f,3,1 f,3,14 f,13,1 f,14,14 
185:1,0 0.001 -1 0 1,2 0.001 1 0 2,3 0.001 1 0 146.189 515 2,13 0.001 0 -1 1,15 0.001 1 0 0,12 0.001 -1 1 138.203 500 12,3 0.001 1 1 12,0 0.001 0 1 15,3 0.001 1 0 26.2284 260 12,15 0.001 0 1 12,12 0.001 0 1 14,15 0.001 1 0 96.2403 395 ::f,3,1 f,3,14 f,13,1 f,14,14 
186:0,0 0.001 -1 0 2,2 0.001 1 0 2,3 0.001 1 0 146.191 515 2,13 0.001 -1 -1 1,15 0.001 1 0 0,12 0.001 0 1 138.203 500 12,3 0.001 1 0 12,1 0.001 0 1 15,3 0.001 1 -1 26.2294 260 12,15 0.001 1 1 12,13 0.001 0 1 14,15 0.001 1 0 96.2413 395 ::f,3,1 f,3,14 f,13,1 f,14,14 
187:0,0 0.001 -1 1 2,2 0.001 1 0 3,3 0.001 1 0 146.192 515 2,13 0.001 -1 0 2,15 0.001 1 0 0,13 0.001 0 1 138.205 500 13,3 0.001 1 0 12,2 0.001 0 1 15,3 0.001 0 -1 26.2314 260 12,15 0.001 1 0 12,14 0.001 0 1 14,15 0.001 1 0 96.2423 395 ::f,3,1 f,3,14 f,13,1 f,14,14 
188:0,0 0.001 0 1 2,2 0.001 1 -1 3,3 0.001 1 -1 146.192 515 1,13 0.001 -1 0 2,15 0.001 1 0 0,14 0.001 0 1 138.207 500 14,3 0.001 1 0 12,3 0.001 0 1 15,2 0.001 0 -1 26.2344 260 13,15 0.001 1 0 12,15 0.001 0 1 15,15 0.001 1 0 96.2453 395 ::f,3,1 f,3,14 f,13,1 f,14,14 
189:0,1 0.001 0 1 2,2 0.001 0 -1 3,3 0.001 0 -1 146.193 515 1,13 0.001 -1 0 3,15 0.001 1 0 0,15 0.001 0 1 138.209 500 15,3 0.001 1 0 12,3 0.001 1 1 15,2 0.001 0 -1 26.2354 260 13,15 0.001 1 0 12,15 0.001 1 1 15,15 0.001 1 -1 96.2453 395 ::f,3,1 f,3,14 f,13,1 f,14,14 
190:0,2 0.001 0 1 2,1 0.001 0 -1 3,2 0.001 0 -1 146.196 515 1,13 0.001 -1 1 3,15 0.001 1 -1 0,15 0.001 1 1 138.209 500 15,3 0.001 1 -1 12,3 0.001 1 0 15,1 0.001 0 -1 26.2364 260 14,15 0.001 1 0 12,15 0.001 1 0 15,15 0.001 0 -1 96.2463 395 ::f,3,1 f,3,14 f,13,1 f,14,14 
191:0,3 0.001 0 1 2,1 0.001 0 -1 3,2 0.001 0 -1 156.197 530 1,13 0.001 0 1 3,15 0.001 0 -1 0,15 0.001 1 0 138.209 500 15,3 0.001 0 -1 13,3 0.001 1 0 15,0 0.001 0 -1 26.2384 260 14,15 0.001 1 0 13,15 0.001 1 0 15,14 0.001 0 -1 96.2483 395 ::f,0,0 f,3,14 f,13,1 f,14,14 
192:0,3 0.001 1 1 2,1 0.001 -1 -1 3,1 0.001 0 -1 156.198 530 1,14 0.001 0 1 3,15 0.001 0 -1 1,15 0.001 1 0 138.211 500 15,2 0.001 0 -1 14,3 0.001 1 0 15,0 0.001 -1 -1 26.2404 260 15,15 0.001 1 0 14,15 0.001 1 0 15,13 0.001 0 -1 96.2513 395 ::f,0,0 f,3,14 f,13,1 f,14,14 
193:0,3 0.001 1 0 2,1 0.001 -1 0 3,1 0.001 0 -1 156.198 530 1,14 0.001 0 1 3,15 0.001 0 -1 1,15 0.001 1 0 148.211 515 15,1 0.001 0 -1 14,3 0.001 1 0 15,0 0.001 -1 0 26.2414 260 15,15 0.001 1 -1 14,15 0.001 1 0 15,13 0.001 0 -1 96.2513 395 ::f,0,0 f,3,12 f,13,1 f,14,14 
194:1,3 0.001 1 0 1,1 0.001 -1 0 3,1 0.001 0 -1 156.2 530 1,14 0.001 1 1 3,14 0.001 0 -1 2,15 0.001 1 0 148.213 515 15,1 0.001 0 -1 14,3 0.001 1 0 14,0 0.001 -1 0 26.2424 260 15,15 0.001 0 -1 14,15 0.001 1 -1 15,13 0.001 0 -1 96.2513 395 ::f,0,0 f,3,12 f,13,1 f,14,14 
195:1,3 0.001 1 0 1,1 0.001 -1 0 3,1 0.001 0 -1 156.2 530 1,14 0.001 1 0 3,14 0.001 0 -1 3,15 0.001 1 0 148.214 515 15,0 0.001 0 -1 15,3 0.001 1 0 13,0 0.001 -1 0 26.2454 260 15,14 0.001 0 -1 14,15 0.001 0 -1 15,12 0.001 0 -1 96.2533 395 ::f,0,0 f,3,12 f,13,1 f,14,14 
196:2,3 0.001 1 0 1,1 0.001 -1 1 3,0 0.001 0 -1 156.202 530 2,14 0.001 1 0 3,14 0.001 0 -1 3,15 0.001 1 -1 148.215 515 15,0 0.001 -1 -1 15,3 0.001 1 -1 12,0 0.001 -1 0 26.2464 260 15,14 0.001 0 -1 14,15 0.001 0 -1 15,12 0.001 -1 -1 96.2533 395 ::f,0,0 f,3,12 f,13,1 f,14,14 
197:3,3 0.001 1 0 1,1 0.001 0 1 3,0 0.001 -1 -1 156.203 530 2,14 0.001 1 0 3,13 0.001 0 -1 3,15 0.001 0 -1 148.216 515 15,0 0.001 -1 0 15,3 0.001 0 -1 12,0 0.001 -1 1 26.2464 260 15,13 0.001 0 -1 14,15 0.001 0 -1 15,12 0.001 -1 0 99.2544 410 ::f,0,0 f,3,12 f,13,1 f,14,13 
198:3,3 0.001 1 -1 1,2 0.001 0 1 3,0 0.001 -1 0 156.204 530 2,14 0.001 1 -1 3,13 0.001 0 -1 3,14 0.001 0 -1 158.217 530 14,0 0.001 -1 0 15,2 0.001 0 -1 12,0 0.001 0 1 26.2484 260 15,13 0.001 0 -1 14,14 0.001 0 -1 14,12 0.001 -1 0 99.2564 410 ::f,0,0 f,0,13 f,13,1 f,14,13 
199:3,3 0.001 0 -1 1,2 0.001 0 1 2,0 0.001 -1 0 156.205 530 2,14 0.001 0 -1 3,12 0.001 0 -1 3,14 0.001 0 -1 158.218 530 13,0 0.001 -1 0 15,1 0.001 0 -1 12,1 0.001 0 1 26.2514 260 15,12 0.001 0 -1 14,14 0.001 0 -1 13,12 0.001 -1 0 103.259 425 ::f,0,0 f,0,13 f,13,1 f,15,15 
200:3,2 0.001 0 -1 1,2 0.001 1 1 2,0 0.001 -1 0 156.206 530 2,13 0.001 0 -1 3,12 0.001 -1 -1 3,14 0.001 0 -1 158.219 530 12,0 0.001 -1 0 15,0 0.001 0 -1 12,2 0.001 0 1 26.2544 260 15,12 0.001 -1 -1 14,13 0.001 0 -1 13,12 0.001 -1 0 103.26 425 ::f,0,0 f,0,13 f,13,1 f,15,15 
201:3,1 0.001 0 -1 1,2 0.001 1 0 2,0 0.001 -1 0 156.207 530 2,13 0.001 0 -1 3,12 0.001 -1 0 3,13 0.001 0 -1 158.22 530 12,0 0.001 -1 1 15,0 0.001 -1 -1 12,2 0.001 0 1 26.2544 260 15,12 0.001 -1 0 14,12 0.001 0 -1 13,12 0.001 -1 0 103.261 425 ::f,0,0 f,0,13 f,13,1 f,15,15 
202:3,0 0.001 0 -1 2,2 0.001 1 0 1,0 0.001 -1 0 156.21 530 2,13 0.001 -1 -1 2,12 0.001 -1 0 3,13 0.001 0 -1 158.221 530 12,0 0.001 0 1 15,0 0.001 -1 0 12,3 0.001 0 1 26.2554 260 15,12 0.001 -1 1 14,12 0.001 -1 -1 13,12 0.001 -1 0 103.261 425 ::f,0,0 f,0,13 f,13,1 f,15,15 
203:3,0 0.001 -1 -1 2,2 0.001 1 0 1,0 0.001 -1 0 166.21 545 2,13 0.001 -1 0 1,12 0.001 -1 0 3,13 0.001 0 -1 158.222 530 12,1 0.001 0 1 14,0 0.001 -1 0 12,3 0.001 1 1 26.2574 260 14,13 0.001 -1 1 14,12 0.001 -1 0 13,12 0.001 -1 0 103.262 425 ::f,0,13 f,3,2 f,13,1 f,15,15 
204:3,0 0.001 -1 0 2,2 0.001 1 -1 0,0 0.001 -1 0 166.211 545 1,13 0.001 -1 0 1,12 0.001 -1 0 3,13 0.001 0 -1 158.223 530 12,2 0.001 0 1 14,0 0.001 -1 0 12,3 0.001 1 0 26.2584 260 13,14 0.001 -1 1 14,12 0.001 -1 1 12,12 0.001 -1 0 103.264 425 ::f,0,13 f,3,2 f,13,1 f,15,15 
205:2,0 0.001 -1 0 2,2 0.001 0 -1 0,0 0.001 -1 1 166.212 545 1,13 0.001 -1 0 0,12 0.001 -1 0 3,12 0.001 0 -1 168.225 545 12,2 0.001 0 1 13,0 0.001 -1 0 13,3 0.001 1 0 26.2604 260 13,14 0.001 -1 1 13,13 0.001 -1 1 12,12 0.001 -1 1 103.265 425 ::f,3,2 f,3,14 f,13,1 f,15,15 
206:1,0 0.001 -1 0 2,1 0.001 0 -1 0,0 0.001 0 1 166.214 545 1,13 0.001 -1 1 0,12 0.001 -1 1 3,12 0.001 -1 -1 168.225 545 12,3 0.001 0 1 12,0 0.001 -1 0 14,3 0.001 1 0 26.2634 260 13,14 0.001 -1 1 12,14 0.001 -1 1 12,12 0.001 0 1 103.266 425 ::f,3,2 f,3,14 f,13,1 f,15,15 
207:1,0 0.001 -1 0 2,1 0.001 0 -1 0,1 0.001 0 1 166.215 545 1,13 0.001 0 1 0,12 0.001 0 1 3,12 0.001 -1 0 168.225 545 12,3 0.001 1 1 12,0 0.001 -1 1 15,3 0.001 1 0 26.2644 260 12,15 0.001 -1 1 12,14 0.001 -1 1 12,13 0.001 0 1 103.268 425 ::f,3,2 f,3,14 f,13,1 f,15,15 
208:0,0 0.001 -1 0 2,1 0.001 -1 -1 0,2 0.001 0 1 166.217 545 1,14 0.001 0 1 0,13 0.001 0 1 2,12 0.001 -1 0 168.228 545 12,3 0.001 1 0 12,0 0.001 0 1 15,3 0.001 1 -1 26.2644 260 12,15 0.001 0 1 12,14 0.001 0 1 12,13 0.001 0 1 103.268 425 ::f,3,2 f,3,14 f,13,1 f,15,15 
209:0,0 0.001 -1 1 2,1 0.001 -1 0 0,3 0.001 0 1 166.218 545 1,14 0.001 0 1 0,13 0.001 0 1 1,12 0.001 -1 0 168.229 545 13,3 0.001 1 0 12,1 0.001 0 1 15,3 0.001 0 -1 26.2664 260 12,15 0.001 1 1 12,14 0.001 1 1 12,13 0.001 1 1 103.268 425 ::f,3,2 f,3,14 f,13,1 f,15,15 
210:0,0 0.001 0 1 1,1 0.001 -1 0 0,3 0.001 1 1 166.219 545 1,14 0.001 1 1 0,14 0.001 0 1 1,12 0.001 -1 0 168.23 545 13,3 0.001 1 0 12,2 0.001 0 1 15,2 0.001 0 -1 26.2684 260 12,15 0.001 1 0 13,15 0.001 1 1 13,14 0.001 1 1 103.27 425 ::f,3,2 f,3,14 f,13,1 f,15,15 
211:0,1 0.001 0 1 1,1 0.001 -1 0 0,3 0.001 1 0 166.22 545 1,14 0.001 1 0 0,14 0.001 0 1 0,12 0.001 -1 0 168.231 545 14,3 0.001 1 0 12,3 0.001 0 1 15,2 0.001 0 -1 26.2704 260 12,15 0.001 1 -1 13,15 0.001 1 1 14,15 0.001 1 1 103.271 425 ::f,3,2 f,3,14 f,13,1 f,15,15 
212:0,2 0.001 0 1 1,1 0.001 -1 1 1,3 0.001 1 0 166.222 545 2,14 0.001 1 0 0,14 0.001 0 1 0,12 0.001 -1 1 168.232 545 14,3 0.001 1 0 12,3 0.001 1 1 15,1 0.001 0 -1 26.2714 260 13,14 0.001 1 -1 13,15 0.001 1 0 14,15 0.001 1 1 103.272 425 ::f,3,2 f,3,14 f,13,1 f,15,15 
213:0,2 0.001 0 1 1,1 0.001 0 1 2,3 0.001 1 0 166.223 545 2,14 0.001 1 0 0,15 0.001 0 1 0,12 0.001 0 1 178.233 560 15,3 0.001 1 0 12,3 0.001 1 0 15,0 0.001 0 -1 26.2734 260 14,13 0.001 1 -1 13,15 0.001 1 -1 14,15 0.001 1 0 103.273 425 ::f,2,12 f,3,2 f,13,1 f,15,15 
214:0,3 0.001 0 1 1,2 0.001 0 1 2,3 0.001 1 0 166.225 545 2,14 0.001 1 -1 0,15 0.001 1 1 0,13 0.001 0 1 178.234 560 15,3 0.001 1 -1 13,3 0.001 1 0 15,0 0.001 -1 -1 26.2744 260 14,13 0.001 1 -1 14,14 0.001 1 -1 14,15 0.001 1 0 103.274 425 ::f,2,12 f,3,2 f,13,1 f,15,15 
215:0,3 0.001 1 1 1,2 0.001 0 1 3,3 0.001 1 0 166.226 545 2,14 0.001 0 -1 0,15 0.001 1 0 0,14 0.001 0 1 178.235 560 15,3 0.001 0 -1 14,3 0.001 1 0 15,0 0.001 -1 0 26.2754 260 14,13 0.001 1 -1 15,13 0.001 1 -1 14,15 0.001 1 0 111.275 440 ::f,2,12 f,3,2 f,12,15 f,13,1 
216:0,3 0.001 1 0 1,2 0.001 1 1 3,3 0.001 1 -1 166.226 545 2,13 0.001 0 -1 1,15 0.001 1 0 0,15 0.001 0 1 178.238 560 15,2 0.001 0 -1 15,3 0.001 1 0 14,0 0.001 -1 0 26.2784 260 15,12 0.001 1 -1 15,13 0.001 1 -1 15,15 0.001 1 0 111.277 440 ::f,2,12 f,3,2 f,12,15 f,13,1 
217:1,3 0.001 1 0 1,2 0.001 1 0 3,3 0.001 0 -1 166.227 545 2,13 0.001 0 -1 1,15 0.001 1 0 0,15 0.001 1 1 188.239 575 15,2 0.001 0 -1 15,3 0.001 1 -1 13,0 0.001 -1 0 26.2794 260 15,12 0.001 0 -1 15,13 0.001 0 -1 15,15 0.001 1 -1 111.277 440 ::f,3,2 f,3,12 f,12,15 f,13,1 
218:1,3 0.001 1 0 2,2 0.001 1 0 3,3 0.001 0 -1 166.228 545 2,13 0.001 -1 -1 2,15 0.001 1 0 0,15 0.001 1 0 188.24 575 15,2 0.001 0 -1 15,3 0.001 0 -1 12,0 0.001 -1 0 26.2804 260 15,12 0.001 -1 -1 15,13 0.001 0 -1 15,15 0.001 0 -1 111.277 440 ::f,3,2 f,3,12 f,12,15 f,13,1 
219:2,3 0.001 1 0 2,2 0.001 1 0 3,2 0.001 0 -1 175.23 560 2,13 0.001 -1 0 2,15 0.001 1 0 1,15 0.001 1 0 188.241 575 15,2 0.001 0 -1 15,3 0.001 -1 -1 12,0 0.001 -1 1 26.2804 260 15,12 0.001 -1 0 15,13 0.001 0 -1 15,14 0.001 0 -1 111.278 440 ::f,3,0 f,3,12 f,12,15 f,13,1 
220:2,3 0.001 1 0 2,2 0.001 1 -1 3,1 0.001 0 -1 175.231 560 1,13 0.001 -1 0 3,15 0.001 1 0 2,15 0.001 1 0 188.244 575 15,2 0.001 0 -1 14,2 0.001 -1 -1 12,0 0.001 0 1 26.2814 260 14,12 0.001 -1 0 15,12 0.001 0 -1 15,13 0.001 0 -1 111.281 440 ::f,3,0 f,3,12 f,12,15 f,13,1 
221:2,3 0.001 1 0 2,2 0.001 0 -1 3,1 0.001 0 -1 185.232 575 1,13 0.001 -1 0 3,15 0.001 1 -1 2,15 0.001 1 0 188.244 575 15,1 0.001 0 -1 14,2 0.001 -1 -1 12,1 0.001 0 1 31.2835 275 13,12 0.001 -1 0 15,12 0.001 -1 -1 15,13 0.001 0 -1 111.282 440 ::f,0,2 f,3,12 f,12,15 f,14,3 
222:3,3 0.001 1 0 2,1 0.001 0 -1 3,0 0.001 0 -1 185.235 575 1,13 0.001 -1 1 3,15 0.001 0 -1 2,15 0.001 1 -1 188.244 575 15,1 0.001 0 -1 13,1 0.001 -1 -1 12,2 0.001 0 1 31.2855 275 12,12 0.001 -1 0 15,12 0.001 -1 0 15,13 0.001 -1 -1 111.283 440 ::f,0,2 f,3,12 f,12,15 f,14,3 
223:3,3 0.001 1 -1 2,1 0.001 0 -1 3,0 0.001 -1 -1 185.235 575 1,13 0.001 0 1 3,14 0.001 0 -1 2,15 0.001 0 -1 188.245 575 15,1 0.001 0 -1 12,0 0.001 -1 -1 12,3 0.001 0 1 31.2875 275 12,12 0.001 -1 1 14,12 0.001 -1 0 15,13 0.001 -1 0 111.284 440 ::f,0,2 f,3,12 f,12,15 f,14,3 
224:3,3 0.001 0 -1 2,1 0.001 -1 -1 3,0 0.001 -1 0 185.235 575 1,14 0.001 0 1 3,14 0.001 0 -1 2,14 0.001 0 -1 188.247 575 15,0 0.001 0 -1 12,0 0.001 -1 0 12,3 0.001 1 1 31.2885 275 12,12 0.001 0 1 13,12 0.001 -1 0 14,13 0.001 -1 0 111.286 440 ::f,0,2 f,3,12 f,12,15 f,14,3 
225:3,2 0.001 0 -1 2,1 0.001 -1 0 2,0 0.001 -1 0 185.237 575 1,14 0.001 0 1 3,14 0.001 0 -1 2,13 0.001 0 -1 188.248 575 15,0 0.001 -1 -1 12,0 0.001 -1 1 12,3 0.001 1 0 31.2885 275 12,13 0.001 0 1 12,12 0.001 -1 0 13,13 0.001 -1 0 111.289 440 ::f,0,2 f,3,12 f,12,15 f,14,3 
226:3,2 0.001 0 -1 1,1 0.001 -1 0 1,0 0.001 -1 0 185.239 575 1,14 0.001 1 1 3,14 0.001 0 -1 2,13 0.001 0 -1 188.248 575 15,0 0.001 -1 0 12,0 0.001 0 1 13,3 0.001 1 0 31.2895 275 12,14 0.001 0 1 12,12 0.001 -1 1 13,13 0.001 -1 0 111.29 440 ::f,0,2 f,3,12 f,12,15 f,14,3 
227:3,1 0.001 0 -1 1,1 0.001 -1 0 1,0 0.001 -1 0 185.24 575 1,14 0.001 1 0 3,13 0.001 0 -1 2,13 0.001 0 -1 188.249 575 14,0 0.001 -1 0 12,1 0.001 0 1 13,3 0.001 1 0 36.2916 290 12,14 0.001 0 1 12,12 0.001 0 1 12,13 0.001 -1 0 121.291 455 ::f,0,2 f,3,12 f,14,12 f,15,2 
228:3,1 0.001 0 -1 1,1 0.001 -1 1 1,0 0.001 -1 0 185.24 575 2,14 0.001 1 0 3,13 0.001 0 -1 2,12 0.001 0 -1 198.251 590 13,0 0.001 -1 0 12,2 0.001 0 1 14,3 0.001 1 0 36.2946 290 12,15 0.001 0 1 12,12 0.001 1 1 12,13 0.001 -1 1 121.292 455 ::f,0,2 f,3,14 f,14,12 f,15,2 
229:3,0 0.001 0 -1 1,1 0.001 0 1 0,0 0.001 -1 0 185.242 575 2,14 0.001 1 0 3,12 0.001 0 -1 2,12 0.001 -1 -1 208.252 605 13,0 0.001 -1 0 12,3 0.001 0 1 15,3 0.001 1 0 36.2966 290 12,15 0.001 1 1 13,13 0.001 1 1 12,13 0.001 0 1 121.293 455 ::f,0,2 f,0,12 f,14,12 f,15,2 
230:3,0 0.001 -1 -1 1,2 0.001 0 1 0,0 0.001 -1 1 185.243 575 2,14 0.001 1 -1 3,12 0.001 -1 -1 2,12 0.001 -1 0 208.252 605 12,0 0.001 -1 0 12,3 0.001 1 1 15,3 0.001 1 -1 36.2976 290 12,15 0.001 1 0 14,14 0.001 1 1 12,14 0.001 0 1 121.295 455 ::f,0,2 f,0,12 f,14,12 f,15,2 
231:3,0 0.001 -1 0 1,2 0.001 0 1 0,0 0.001 0 1 185.243 575 2,14 0.001 0 -1 3,12 0.001 -1 0 1,12 0.001 -1 0 208.253 605 12,0 0.001 -1 1 12,3 0.001 1 0 15,3 0.001 0 -1 36.2976 290 13,15 0.001 1 0 15,15 0.001 1 1 12,15 0.001 0 1 121.298 455 ::f,0,2 f,0,12 f,14,12 f,15,2 
232:2,0 0.001 -1 0 1,2 0.001 1 1 0,1 0.001 0 1 185.245 575 2,13 0.001 0 -1 2,12 0.001 -1 0 1,12 0.001 -1 0 216.255 620 12,0 0.001 0 1 13,3 0.001 1 0 15,3 0.001 0 -1 36.2986 290 13,15 0.001 1 0 15,15 0.001 1 0 12,15 0.001 1 1 121.298 455 ::f,0,2 f,2,15 f,14,12 f,15,2 
233:2,0 0.001 -1 0 1,2 0.001 1 0 0,1 0.001 0 1 195.245 590 2,13 0.001 0 -1 2,12 0.001 -1 0 0,12 0.001 -1 0 216.256 620 12,1 0.001 0 1 14,3 0.001 1 0 15,3 0.001 0 -1 42.3007 305 14,15 0.001 1 0 15,15 0.001 1 -1 12,15 0.001 1 0 121.299 455 ::f,0,2 f,2,15 f,12,3 f,14,12 
234:1,0 0.001 -1 0 2,2 0.001 1 0 0,1 0.001 0 1 195.247 590 2,13 0.001 -1 -1 1,12 0.001 -1 0 0,12 0.001 -1 1 216.257 620 12,2 0.001 0 1 14,3 0.001 1 0 15,2 0.001 0 -1 42.3027 305 14,15 0.001 1 0 15,15 0.001 0 -1 13,15 0.001 1 0 121.3 455 ::f,0,2 f,2,15 f,12,3 f,14,12 
235:1,0 0.001 -1 0 2,2 0.001 1 0 0,1 0.001 0 1 205.247 605 2,13 0.001 -1 0 1,12 0.001 -1 0 0,12 0.001 0 1 216.257 620 12,2 0.001 0 1 14,3 0.001 1 0 15,1 0.001 0 -1 46.3038 320 14,15 0.001 1 -1 15,14 0.001 0 -1 13,15 0.001 1 0 121.301 455 ::f,2,1 f,2,15 f,14,12 f,15,3 
236:0,0 0.001 -1 0 2,2 0.001 1 -1 0,2 0.001 0 1 205.249 605 1,13 0.001 -1 0 1,12 0.001 -1 1 0,13 0.001 0 1 216.259 620 12,3 0.001 0 1 14,3 0.001 1 0 15,0 0.001 0 -1 52.3059 335 14,15 0.001 0 -1 15,14 0.001 0 -1 13,15 0.001 1 -1 121.301 455 ::f,2,1 f,2,15 f,12,2 f,14,12 
237:0,0 0.001 -1 1 2,2 0.001 0 -1 0,2 0.001 0 1 205.249 605 1,13 0.001 -1 0 1,12 0.001 0 1 0,14 0.001 0 1 216.26 620 12,3 0.001 1 1 15,3 0.001 1 0 15,0 0.001 -1 -1 52.3069 335 14,14 0.001 0 -1 15,13 0.001 0 -1 13,15 0.001 0 -1 121.303 455 ::f,2,1 f,2,15 f,12,2 f,14,12 
238:0,0 0.001 0 1 2,2 0.001 0 -1 0,3 0.001 0 1 205.25 605 1,13 0.001 -1 1 1,12 0.001 1 1 0,15 0.001 0 1 216.261 620 12,3 0.001 1 0 15,3 0.001 1 -1 15,0 0.001 -1 0 52.3069 335 14,14 0.001 0 -1 15,12 0.001 0 -1 13,14 0.001 0 -1 121.305 455 ::f,2,1 f,2,15 f,12,2 f,14,12 
239:0,1 0.001 0 1 2,2 0.001 0 -1 0,3 0.001 1 1 215.251 620 1,13 0.001 0 1 2,13 0.001 1 1 0,15 0.001 1 1 216.262 620 13,3 0.001 1 0 15,3 0.001 0 -1 14,0 0.001 -1 0 52.3089 335 14,13 0.001 0 -1 15,12 0.001 -1 -1 13,13 0.001 0 -1 121.307 455 ::f,0,0 f,2,15 f,12,2 f,14,12 
240:0,2 0.001 0 1 2,2 0.001 0 -1 0,3 0.001 1 0 215.252 620 1,14 0.001 0 1 2,13 0.001 1 1 0,15 0.001 1 0 216.263 620 13,3 0.001 1 0 15,2 0.001 0 -1 13,0 0.001 -1 0 52.3109 335 14,13 0.001 0 -1 15,12 0.001 -1 0 13,12 0.001 0 -1 131.308 470 ::f,0,0 f,2,15 f,12,2 f,12,12 
241:0,2 0.001 0 1 2,2 0.001 0 -1 1,3 0.001 1 0 215.253 620 1,14 0.001 0 1 3,14 0.001 1 1 1,15 0.001 1 0 216.265 620 14,3 0.001 1 0 15,2 0.001 0 -1 12,0 0.001 -1 0 52.3129 335 14,12 0.001 0 -1 15,12 0.001 -1 1 13,12 0.001 -1 -1 131.309 470 ::f,0,0 f,2,15 f,12,2 f,12,12 
242:0,3 0.001 0 1 2,1 0.001 0 -1 1,3 0.001 1 0 215.255 620 1,14 0.001 1 1 3,14 0.001 1 0 1,15 0.001 1 0 225.265 635 15,3 0.001 1 0 15,2 0.001 0 -1 12,0 0.001 -1 1 52.3139 335 14,12 0.001 -1 -1 14,13 0.001 -1 1 13,12 0.001 -1 0 131.31 470 ::f,0,0 f,2,13 f,12,2 f,12,12 
243:0,3 0.001 1 1 2,1 0.001 0 -1 2,3 0.001 1 0 215.256 620 1,14 0.001 1 0 3,14 0.001 1 -1 2,15 0.001 1 0 225.266 635 15,3 0.001 1 -1 15,2 0.001 0 -1 12,0 0.001 0 1 52.3139 335 14,12 0.001 -1 0 13,14 0.001 -1 1 13,12 0.001 -1 0 131.311 470 ::f,0,0 f,2,13 f,12,2 f,12,12 
244:0,3 0.001 1 0 2,1 0.001 -1 -1 2,3 0.001 1 0 215.256 620 2,14 0.001 1 0 3,14 0.001 0 -1 3,15 0.001 1 0 225.268 635 15,3 0.001 0 -1 15,1 0.001 0 -1 12,1 0.001 0 1 52.3159 335 14,12 0.001 -1 1 12,15 0.001 -1 1 13,12 0.001 -1 0 131.312 470 ::f,0,0 f,2,13 f,12,2 f,12,12 
245:1,3 0.001 1 0 2,1 0.001 -1 0 2,3 0.001 1 0 215.257 620 2,14 0.001 1 0 3,13 0.001 0 -1 3,15 0.001 1 -1 225.269 635 15,2 0.001 0 -1 15,0 0.001 0 -1 12,1 0.001 0 1 59.318 350 13,13 0.001 -1 1 12,15 0.001 0 1 13,12 0.001 -1 0 131.313 470 ::f,0,0 f,2,13 f,12,12 f,13,2 
246:1,3 0.001 1 0 1,1 0.001 -1 0 3,3 0.001 1 0 215.259 620 2,14 0.001 1 -1 3,12 0.001 0 -1 3,15 0.001 0 -1 225.27 635 15,2 0.001 0 -1 15,0 0.001 -1 -1 12,2 0.001 0 1 59.319 350 12,14 0.001 -1 1 12,15 0.001 1 1 13,12 0.001 -1 0 140.314 485 ::f,0,0 f,2,13 f,13,2 f,13,14 
247:2,3 0.001 1 0 1,1 0.001 -1 0 3,3 0.001 1 -1 215.26 620 2,14 0.001 0 -1 3,12 0.001 -1 -1 3,14 0.001 0 -1 225.271 635 15,1 0.001 0 -1 15,0 0.001 -1 0 12,3 0.001 0 1 59.321 350 12,14 0.001 -1 1 12,15 0.001 1 0 12,12 0.001 -1 0 140.315 485 ::f,0,0 f,2,13 f,13,2 f,13,14 
248:2,3 0.001 1 0 1,1 0.001 -1 1 3,3 0.001 0 -1 215.26 620 2,14 0.001 0 -1 3,12 0.001 -1 0 3,14 0.001 0 -1 225.271 635 15,1 0.001 0 -1 14,0 0.001 -1 0 12,3 0.001 1 1 59.322 350 12,14 0.001 0 1 13,15 0.001 1 0 12,12 0.001 -1 1 140.316 485 ::f,0,0 f,2,13 f,13,2 f,13,14 
249:2,3 0.001 1 -1 1,1 0.001 0 1 3,2 0.001 0 -1 215.261 620 2,14 0.001 0 -1 2,12 0.001 -1 0 3,13 0.001 0 -1 235.273 650 15,0 0.001 0 -1 13,0 0.001 -1 0 12,3 0.001 1 0 59.324 350 12,15 0.001 0 1 14,15 0.001 1 0 12,12 0.001 0 1 140.318 485 ::f,0,0 f,1,12 f,13,2 f,13,14 
250:2,3 0.001 0 -1 1,2 0.001 0 1 3,1 0.001 0 -1 215.263 620 2,14 0.001 0 -1 2,12 0.001 -1 0 3,12 0.001 0 -1 245.274 665 15,0 0.001 -1 -1 13,0 0.001 -1 0 13,3 0.001 1 0 59.325 350 12,15 0.001 1 1 14,15 0.001 1 0 12,13 0.001 0 1 140.319 485 ::f,0,0 f,1,15 f,13,2 f,13,14 
251:2,2 0.001 0 -1 1,2 0.001 0 1 3,1 0.001 0 -1 215.264 620 2,13 0.001 0 -1 1,12 0.001 -1 0 3,12 0.001 -1 -1 245.276 665 15,0 0.001 -1 0 12,0 0.001 -1 0 14,3 0.001 1 0 59.327 350 12,15 0.001 1 0 15,15 0.001 1 0 12,13 0.001 0 1 140.32 485 ::f,0,0 f,1,15 f,13,2 f,13,14 
252:2,2 0.001 0 -1 1,2 0.001 1 1 3,0 0.001 0 -1 215.265 620 2,13 0.001 0 -1 1,12 0.001 -1 0 3,12 0.001 -1 0 245.276 665 14,0 0.001 -1 0 12,0 0.001 -1 1 14,3 0.001 1 0 59.328 350 13,15 0.001 1 0 15,15 0.001 1 -1 12,14 0.001 0 1 140.322 485 ::f,0,0 f,1,15 f,13,2 f,13,14 
253:2,2 0.001 0 -1 1,2 0.001 1 0 3,0 0.001 -1 -1 215.265 620 2,13 0.001 -1 -1 0,12 0.001 -1 0 2,12 0.001 -1 0 245.278 665 14,0 0.001 -1 0 12,0 0.001 0 1 15,3 0.001 1 0 59.329 350 14,15 0.001 1 0 15,15 0.001 0 -1 12,14 0.001 0 1 140.323 485 ::f,0,0 f,1,15 f,13,2 f,13,14 
254:2,2 0.001 0 -1 1,2 0.001 1 0 3,0 0.001 -1 0 215.265 620 2,13 0.001 -1 0 0,12 0.001 -1 1 1,12 0.001 -1 0 245.279 665 13,0 0.001 -1 0 12,1 0.001 0 1 15,3 0.001 1 -1 59.331 350 14,15 0.001 1 0 15,14 0.001 0 -1 12,14 0.001 0 1 140.324 485 ::f,0,0 f,1,15 f,13,2 f,13,14 
255:2,1 0.001 0 -1 1,2 0.001 1 0 2,0 0.001 -1 0 215.267 620 1,13 0.001 -1 0 0,12 0.001 0 1 1,12 0.001 -1 0 245.28 665 13,0 0.001 -1 0 12,2 0.001 0 1 15,3 0.001 0 -1 59.332 350 15,15 0.001 1 0 15,14 0.001 0 -1 12,14 0.001 0 1 140.325 485 ::f,0,0 f,1,15 f,13,2 f,13,14 
256:2,1 0.001 0 -1 1,2 0.001 1 0 1,0 0.001 -1 0 215.268 620 1,13 0.001 -1 0 0,13 0.001 0 1 0,12 0.001 -1 0 245.282 665 12,0 0.001 -1 0 12,3 0.001 0 1 15,2 0.001 0 -1 59.335 350 15,15 0.001 1 -1 15,13 0.001 0 -1 12,15 0.001 0 1 140.327 485 ::f,0,0 f,1,15 f,13,2 f,13,14 
257:2,0 0.001 0 -1 1,2 0.001 1 0 1,0 0.001 -1 0 225.269 635 1,13 0.001 -1 1 0,14 0.001 0 1 0,12 0.001 -1 1 245.283 665 12,0 0.001 -1 1 12,3 0.001 1 1 15,2 0.001 0 -1 59.335 350 15,15 0.001 0 -1 15,12 0.001 0 -1 12,15 0.001 1 1 140.328 485 ::f,0,0 f,1,15 f,13,2 f,13,14 
258:2,0 0.001 -1 -1 2,2 0.001 1 0 1,0 0.001 -1 0 235.27 650 1,13 0.001 0 1 0,14 0.001 0 1 0,12 0.001 0 1 245.283 665 12,0 0.001 0 1 12,3 0.001 1 0 15,1 0.001 0 -1 59.336 350 15,14 0.001 0 -1 15,12 0.001 -1 -1 12,15 0.001 1 0 140.329 485 ::f,0,1 f,1,15 f,13,2 f,13,14 
259:2,0 0.001 -1 0 2,2 0.001 1 0 0,0 0.001 -1 0 235.271 650 1,14 0.001 0 1 0,15 0.001 0 1 0,13 0.001 0 1 245.286 665 12,1 0.001 0 1 13,3 0.001 1 0 15,0 0.001 0 -1 59.339 350 15,14 0.001 0 -1 15,12 0.001 -1 0 13,15 0.001 1 0 140.33 485 ::f,0,1 f,1,15 f,13,2 f,13,14 
260:1,0 0.001 -1 0 2,2 0.001 1 -1 0,0 0.001 -1 1 235.272 650 1,14 0.001 0 1 0,15 0.001 1 1 0,14 0.001 0 1 255.287 680 12,2 0.001 0 1 14,3 0.001 1 0 15,0 0.001 -1 -1 59.341 350 15,13 0.001 0 -1 14,12 0.001 -1 0 14,15 0.001 1 0 140.333 485 ::f,0,1 f,2,12 f,13,2 f,13,14 
261:1,0 0.001 -1 0 2,2 0.001 0 -1 0,0 0.001 0 1 235.272 650 1,14 0.001 1 1 0,15 0.001 1 0 0,14 0.001 0 1 255.287 680 12,2 0.001 0 1 14,3 0.001 1 0 15,0 0.001 -1 0 59.341 350 15,12 0.001 0 -1 13,12 0.001 -1 0 14,15 0.001 1 0 140.335 485 ::f,0,1 f,2,12 f,13,2 f,13,14 
262:1,0 0.001 -1 1 2,1 0.001 0 -1 0,0 0.001 0 1 235.273 650 1,14 0.001 1 0 1,15 0.001 1 0 0,15 0.001 0 1 255.289 680 12,3 0.001 0 1 15,3 0.001 1 0 14,0 0.001 -1 0 59.344 350 15,12 0.001 -1 -1 12,12 0.001 -1 0 14,15 0.001 1 0 140.336 485 ::f,0,1 f,2,12 f,13,2 f,13,14 
263:1,0 0.001 -1 1 2,1 0.001 0 -1 0,0 0.001 0 1 235.273 650 2,14 0.001 1 0 2,15 0.001 1 0 0,15 0.001 1 1 255.291 680 12,3 0.001 1 1 15,3 0.001 1 -1 13,0 0.001 -1 0 59.345 350 15,12 0.001 -1 0 12,12 0.001 -1 1 15,15 0.001 1 0 140.337 485 ::f,0,1 f,2,12 f,13,2 f,13,14 
264:1,0 0.001 -1 1 2,1 0.001 -1 -1 0,0 0.001 0 1 235.273 650 2,14 0.001 1 0 3,15 0.001 1 0 0,15 0.001 1 0 255.292 680 12,3 0.001 1 0 15,3 0.001 0 -1 12,0 0.001 -1 0 59.346 350 14,12 0.001 -1 0 12,12 0.001 0 1 15,15 0.001 1 -1 140.338 485 ::f,0,1 f,2,12 f,13,2 f,13,14 
265:1,0 0.001 -1 1 2,1 0.001 -1 0 0,0 0.001 0 1 235.273 650 2,14 0.001 1 -1 3,15 0.001 1 -1 1,15 0.001 1 0 255.293 680 13,3 0.001 1 0 15,2 0.001 0 -1 12,0 0.001 -1 1 59.348 350 14,12 0.001 -1 0 12,13 0.001 0 1 15,15 0.001 0 -1 140.339 485 ::f,0,1 f,2,12 f,13,2 f,13,14 
266:1,0 0.001 -1 1 1,1 0.001 -1 0 0,1 0.001 0 1 245.275 665 2,14 0.001 0 -1 3,15 0.001 0 -1 1,15 0.001 1 0 255.293 680 14,3 0.001 1 0 15,2 0.001 0 -1 12,0 0.001 0 1 59.349 350 13,12 0.001 -1 0 12,14 0.001 0 1 15,14 0.001 0 -1 140.342 485 ::f,2,3 f,2,12 f,13,2 f,13,14 
267:1,0 0.001 -1 1 1,1 0.001 -1 0 0,1 0.001 0 1 245.275 665 2,13 0.001 0 -1 3,14 0.001 0 -1 2,15 0.001 1 0 255.296 680 14,3 0.001 1 0 15,2 0.001 0 -1 12,1 0.001 0 1 59.35 350 13,12 0.001 -1 0 12,15 0.001 0 1 15,13 0.001 0 -1 140.344 485 ::f,2,3 f,2,12 f,13,2 f,13,14 
268:1,0 0.001 0 1 1,1 0.001 -1 1 0,1 0.001 0 1 245.275 665 2,13 0.001 0 -1 3,14 0.001 0 -1 2,15 0.001 1 0 265.296 695 15,3 0.001 1 0 15,1 0.001 0 -1 12,2 0.001 0 1 59.353 350 12,12 0.001 -1 0 12,15 0.001 1 1 15,12 0.001 0 -1 140.346 485 ::f,2,3 f,2,14 f,13,2 f,13,14 
269:1,0 0.001 1 1 1,1 0.001 0 1 0,2 0.001 0 1 245.276 665 2,13 0.001 -1 -1 3,13 0.001 0 -1 3,15 0.001 1 0 265.298 695 15,3 0.001 1 -1 15,0 0.001 0 -1 12,3 0.001 0 1 59.355 350 12,12 0.001 -1 1 12,15 0.001 1 0 15,12 0.001 -1 -1 140.346 485 ::f,2,3 f,2,14 f,13,2 f,13,14 
270:2,1 0.001 1 1 1,2 0.001 0 1 0,2 0.001 0 1 245.278 665 2,13 0.001 -1 0 3,13 0.001 0 -1 3,15 0.001 1 -1 265.298 695 15,3 0.001 0 -1 15,0 0.001 -1 -1 12,3 0.001 1 1 59.355 350 12,12 0.001 0 1 13,15 0.001 1 0 15,12 0.001 -1 0 140.347 485 ::f,2,3 f,2,14 f,13,2 f,13,14 
271:2,1 0.001 1 1 1,2 0.001 0 1 0,3 0.001 0 1 245.279 665 1,13 0.001 -1 0 3,13 0.001 0 -1 3,15 0.001 0 -1 265.299 695 15,2 0.001 0 -1 15,0 0.001 -1 0 12,3 0.001 1 0 59.356 350 12,13 0.001 0 1 14,15 0.001 1 0 14,12 0.001 -1 0 140.35 485 ::f,2,3 f,2,14 f,13,2 f,13,14 
272:3,2 0.001 1 1 1,2 0.001 1 1 0,3 0.001 1 1 245.28 665 1,13 0.001 -1 0 3,12 0.001 0 -1 3,14 0.001 0 -1 265.301 695 15,2 0.001 0 -1 14,0 0.001 -1 0 13,3 0.001 1 0 59.358 350 12,14 0.001 0 1 14,15 0.001 1 0 13,12 0.001 -1 0 140.352 485 ::f,2,3 f,2,14 f,13,2 f,13,14 
273:3,2 0.001 1 0 1,2 0.001 1 0 0,3 0.001 1 0 245.28 665 1,13 0.001 -1 1 3,12 0.001 -1 -1 3,14 0.001 0 -1 265.301 695 15,1 0.001 0 -1 14,0 0.001 -1 0 14,3 0.001 1 0 59.36 350 12,14 0.001 0 1 15,15 0.001 1 0 12,12 0.001 -1 0 140.354 485 ::f,2,3 f,2,14 f,13,2 f,13,14 
274:3,2 0.001 1 -1 2,2 0.001 1 0 1,3 0.001 1 0 245.282 665 1,13 0.001 0 1 3,12 0.001 -1 0 3,13 0.001 0 -1 265.302 695 15,1 0.001 0 -1 13,0 0.001 -1 0 14,3 0.001 1 0 59.361 350 12,15 0.001 0 1 15,15 0.001 1 -1 12,12 0.001 -1 1 140.355 485 ::f,2,3 f,2,14 f,13,2 f,13,14 
275:3,2 0.001 0 -1 2,2 0.001 1 0 1,3 0.001 1 0 255.282 680 1,14 0.001 0 1 2,12 0.001 -1 0 3,12 0.001 0 -1 265.305 695 15,0 0.001 0 -1 13,0 0.001 -1 0 15,3 0.001 1 0 59.363 350 12,15 0.001 1 1 15,15 0.001 0 -1 12,12 0.001 0 1 140.355 485 ::f,2,1 f,2,14 f,13,2 f,13,14 
276:3,1 0.001 0 -1 2,2 0.001 1 -1 2,3 0.001 1 0 255.284 680 1,14 0.001 0 1 2,12 0.001 -1 0 3,12 0.001 -1 -1 265.305 695 15,0 0.001 -1 -1 13,0 0.001 -1 0 15,3 0.001 1 -1 59.363 350 12,15 0.001 1 0 15,14 0.001 0 -1 12,13 0.001 0 1 140.357 485 ::f,2,1 f,2,14 f,13,2 f,13,14 
277:3,1 0.001 0 -1 2,2 0.001 0 -1 2,3 0.001 1 0 255.284 680 1,14 0.001 1 1 1,12 0.001 -1 0 3,12 0.001 -1 0 265.306 695 15,0 0.001 -1 0 12,0 0.001 -1 0 15,3 0.001 0 -1 59.364 350 13,15 0.001 1 0 15,14 0.001 0 -1 12,13 0.001 0 1 140.358 485 ::f,2,1 f,2,14 f,13,2 f,13,14 
278:3,0 0.001 0 -1 2,2 0.001 0 -1 3,3 0.001 1 0 255.286 680 1,14 0.001 1 0 1,12 0.001 -1 0 2,12 0.001 -1 0 265.307 695 14,0 0.001 -1 0 12,0 0.001 -1 1 15,2 0.001 0 -1 59.366 350 13,15 0.001 1 0 15,13 0.001 0 -1 12,13 0.001 0 1 140.359 485 ::f,2,1 f,2,14 f,13,2 f,13,14 
279:3,0 0.001 -1 -1 2,2 0.001 0 -1 3,3 0.001 1 -1 265.286 695 1,14 0.001 1 0 0,12 0.001 -1 0 2,12 0.001 -1 0 265.308 695 14,0 0.001 -1 0 12,0 0.001 0 1 15,2 0.001 0 -1 59.366 350 13,15 0.001 1 0 15,12 0.001 0 -1 12,14 0.001 0 1 140.361 485 ::f,1,3 f,2,14 f,13,2 f,13,14 
280:3,0 0.001 -1 0 2,2 0.001 0 -1 3,3 0.001 0 -1 265.286 695 1,14 0.001 1 0 0,12 0.001 -1 1 1,12 0.001 -1 0 275.309 710 14,0 0.001 -1 0 12,1 0.001 0 1 15,1 0.001 0 -1 59.368 350 14,15 0.001 1 0 15,12 0.001 -1 -1 12,14 0.001 0 1 140.362 485 ::f,1,3 f,1,15 f,13,2 f,13,14 
281:2,0 0.001 -1 0 2,2 0.001 0 -1 3,2 0.001 0 -1 265.288 695 1,14 0.001 1 0 0,12 0.001 0 1 1,12 0.001 -1 0 275.309 710 13,0 0.001 -1 0 12,2 0.001 0 1 15,0 0.001 0 -1 59.371 350 15,15 0.001 1 0 15,12 0.001 -1 0 12,14 0.001 0 1 140.363 485 ::f,1,3 f,1,15 f,13,2 f,13,14 
282:2,0 0.001 -1 0 2,1 0.001 0 -1 3,1 0.001 0 -1 265.29 695 1,14 0.001 1 0 0,13 0.001 0 1 0,12 0.001 -1 0 275.311 710 13,0 0.001 -1 0 12,2 0.001 0 1 15,0 0.001 -1 -1 59.371 350 15,15 0.001 1 -1 14,12 0.001 -1 0 12,15 0.001 0 1 140.365 485 ::f,1,3 f,1,15 f,13,2 f,13,14 
283:1,0 0.001 -1 0 2,1 0.001 0 -1 3,1 0.001 0 -1 265.291 695 2,14 0.001 1 0 0,14 0.001 0 1 0,12 0.001 -1 1 275.313 710 13,0 0.001 -1 0 12,3 0.001 0 1 15,0 0.001 -1 0 59.372 350 15,15 0.001 0 -1 13,12 0.001 -1 0 12,15 0.001 1 1 140.366 485 ::f,1,3 f,1,15 f,13,2 f,13,14 
284:1,0 0.001 -1 0 2,1 0.001 -1 -1 3,1 0.001 0 -1 265.291 695 2,14 0.001 1 0 0,15 0.001 0 1 0,12 0.001 0 1 275.314 710 12,0 0.001 -1 0 12,3 0.001 1 1 14,0 0.001 -1 0 59.374 350 15,14 0.001 0 -1 12,12 0.001 -1 0 12,15 0.001 1 0 140.368 485 ::f,1,3 f,1,15 f,13,2 f,13,14 
285:0,0 0.001 -1 0 2,1 0.001 -1 0 3,0 0.001 0 -1 265.293 695 2,14 0.001 1 -1 0,15 0.001 1 1 0,13 0.001 0 1 275.315 710 12,0 0.001 -1 1 12,3 0.001 1 0 13,0 0.001 -1 0 59.375 350 15,14 0.001 0 -1 12,12 0.001 -1 1 13,15 0.001 1 0 140.369 485 ::f,1,3 f,1,15 f,13,2 f,13,14 
286:0,0 0.001 -1 1 1,1 0.001 -1 0 3,0 0.001 -1 -1 265.294 695 2,14 0.001 0 -1 0,15 0.001 1 0 0,14 0.001 0 1 275.316 710 12,0 0.001 0 1 13,3 0.001 1 0 13,0 0.001 -1 0 59.376 350 15,14 0.001 0 -1 12,12 0.001 0 1 14,15 0.001 1 0 140.37 485 ::f,1,3 f,1,15 f,13,2 f,13,14 
287:0,0 0.001 0 1 1,1 0.001 -1 0 3,0 0.001 -1 0 265.294 695 2,13 0.001 0 -1 0,15 0.001 1 0 0,14 0.001 0 1 275.317 710 12,1 0.001 0 1 13,3 0.001 1 0 12,0 0.001 -1 0 59.378 350 15,13 0.001 0 -1 12,13 0.001 0 1 15,15 0.001 1 0 140.373 485 ::f,1,3 f,1,15 f,13,2 f,13,14 
288:0,1 0.001 0 1 1,1 0.001 -1 1 2,0 0.001 -1 0 265.296 695 2,13 0.001 0 -1 0,15 0.001 1 0 0,14 0.001 1 1 285.318 725 12,2 0.001 0 1 13,3 0.001 1 0 12,0 0.001 -1 1 59.379 350 15,13 0.001 0 -1 12,14 0.001 0 1 15,15 0.001 1 -1 140.374 485 ::f,1,3 f,1,12 f,13,2 f,13,14 
289:0,2 0.001 0 1 1,1 0.001 0 1 2,0 0.001 -1 0 265.297 695 2,13 0.001 -1 -1 1,15 0.001 1 0 0,14 0.001 1 0 285.319 725 12,3 0.001 0 1 14,3 0.001 1 0 12,0 0.001 0 1 59.381 350 15,13 0.001 0 -1 12,15 0.001 0 1 15,15 0.001 0 -1 140.375 485 ::f,1,3 f,1,12 f,13,2 f,13,14 
290:0,2 0.001 0 1 1,2 0.001 0 1 1,0 0.001 -1 0 265.299 695 2,13 0.001 -1 0 2,15 0.001 1 0 1,14 0.001 1 0 285.321 725 12,3 0.001 1 1 15,3 0.001 1 0 12,1 0.001 0 1 59.383 350 15,13 0.001 0 -1 12,15 0.001 1 1 15,14 0.001 0 -1 140.376 485 ::f,1,3 f,1,12 f,13,2 f,13,14 
291:0,3 0.001 0 1 1,2 0.001 0 1 1,0 0.001 -1 0 275.3 710 1,13 0.001 -1 0 2,15 0.001 1 0 1,14 0.001 1 0 285.322 725 12,3 0.001 1 0 15,3 0.001 1 -1 12,2 0.001 0 1 59.384 350 15,12 0.001 0 -1 12,15 0.001 1 0 15,13 0.001 0 -1 140.378 485 ::f,0,1 f,1,12 f,13,2 f,13,14 
292:0,3 0.001 1 1 1,2 0.001 1 1 0,0 0.001 -1 0 275.301 710 1,13 0.001 -1 0 3,15 0.001 1 0 1,14 0.001 1 0 285.322 725 13,3 0.001 1 0 15,3 0.001 0 -1 12,3 0.001 0 1 59.386 350 15,12 0.001 -1 -1 13,15 0.001 1 0 15,13 0.001 0 -1 140.379 485 ::f,0,1 f,1,12 f,13,2 f,13,14 
293:0,3 0.001 1 0 1,2 0.001 1 0 0,0 0.001 -1 1 275.301 710 1,13 0.001 -1 1 3,15 0.001 1 -1 2,14 0.001 1 0 285.323 725 13,3 0.001 1 0 15,2 0.001 0 -1 12,3 0.001 1 1 59.387 350 15,12 0.001 -1 0 14,15 0.001 1 0 15,13 0.001 -1 -1 140.38 485 ::f,0,1 f,1,12 f,13,2 f,13,14 
294:1,3 0.001 1 0 2,2 0.001 1 0 0,0 0.001 0 1 275.303 710 1,13 0.001 0 1 3,15 0.001 0 -1 2,14 0.001 1 0 285.323 725 14,3 0.001 1 0 15,2 0.001 0 -1 12,3 0.001 1 0 59.388 350 14,12 0.001 -1 0 14,15 0.001 1 0 15,13 0.001 -1 0 140.381 485 ::f,0,1 f,1,12 f,13,2 f,13,14 
295:2,3 0.001 1 0 2,2 0.001 1 0 0,0 0.001 0 1 275.304 710 1,14 0.001 0 1 3,14 0.001 0 -1 2,14 0.001 1 0 285.325 725 15,3 0.001 1 0 15,2 0.001 0 -1 13,3 0.001 1 0 59.39 350 13,12 0.001 -1 0 15,15 0.001 1 0 14,13 0.001 -1 0 140.384 485 ::f,0,1 f,1,12 f,13,2 f,13,14 
296:2,3 0.001 1 0 2,2 0.001 1 -1 0,0 0.001 0 1 275.304 710 1,14 0.001 0 1 3,13 0.001 0 -1 3,14 0.001 1 0 285.327 725 15,3 0.001 1 -1 15,1 0.001 0 -1 14,3 0.001 1 0 59.392 350 13,12 0.001 -1 0 15,15 0.001 1 -1 13,13 0.001 -1 0 140.385 485 ::f,0,1 f,1,12 f,13,2 f,13,14 
297:2,3 0.001 1 0 2,2 0.001 0 -1 0,0 0.001 0 1 285.305 725 1,14 0.001 1 1 3,13 0.001 0 -1 3,14 0.001 1 -1 285.327 725 15,3 0.001 0 -1 15,0 0.001 0 -1 14,3 0.001 1 0 59.393 350 13,12 0.001 -1 0 15,15 0.001 0 -1 13,13 0.001 -1 0 140.385 485 ::f,1,3 f,1,12 f,13,2 f,13,14 
298:3,3 0.001 1 0 2,1 0.001 0 -1 0,1 0.001 0 1 285.308 725 1,14 0.001 1 0 3,12 0.001 0 -1 3,14 0.001 0 -1 285.328 725 15,2 0.001 0 -1 15,0 0.001 -1 -1 15,3 0.001 1 0 59.395 350 13,12 0.001 -1 0 15,14 0.001 0 -1 13,13 0.001 -1 0 140.386 485 ::f,1,3 f,1,12 f,13,2 f,13,14 
299:3,3 0.001 1 -1 2,1 0.001 0 -1 0,2 0.001 0 1 285.309 725 2,14 0.001 1 0 3,12 0.001 -1 -1 3,13 0.001 0 -1 285.33 725 15,2 0.001 0 -1 15,0 0.001 -1 0 15,3 0.001 1 -1 59.395 350 12,12 0.001 -1 0 15,14 0.001 0 -1 13,13 0.001 -1 0 140.387 485 ::f,1,3 f,1,12 f,13,2 f,13,14 
