16
0:1,0 0.001 0 -1 3,1 0.003 1 1 2,0 0.002 -1 0 0.001 50 1,14 0.001 -1 1 3,14 0.003 1 0 1,13 0.002 1 1 0.002 50 13,2 0.001 1 1 14,2 0.003 0 -1 15,3 0.002 -1 1 0.002 50 12,13 0.001 -1 -1 13,13 0.003 1 -1 12,15 0.002 0 -1 0.002 50 ::f,1,3 f,2,15 f,12,2 f,14,13 
1:1,0 0.001 -1 -1 3,1 0.003 1 0 2,0 0.002 -1 1 0.001 50 0,15 0.001 -1 1 3,14 0.003 1 -1 2,14 0.002 1 1 0.004 50 14,3 0.001 1 1 14,1 0.003 0 -1 15,3 0.002 -1 0 0.004 50 12,13 0.001 -1 0 14,12 0.003 1 -1 12,14 0.002 0 -1 0.004 50 ::f,1,3 f,2,15 f,12,2 f,14,13 
2:1,0 0.001 -1 0 3,1 0.003 1 -1 2,0 0.002 0 1 0.001 50 0,15 0.002 -1 1 3,14 0.003 0 -1 3,15 0.002 1 1 0.005 50 14,3 0.002 1 1 14,0 0.003 0 -1 15,3 0.002 -1 0 0.005 46 12,13 0.001 -1 1 14,12 0.003 1 0 12,14 0.001 0 -1 0.004 50 :15,4 :f,1,3 f,2,15 f,12,2 f,14,13 
3:0,0 0.001 -1 0 3,1 0.003 0 -1 2,0 0.002 1 1 0.002 50 0,15 0.002 -1 0 3,14 0.003 -1 -1 3,15 0.002 1 1 0.005 50 14,3 0.002 0 1 14,0 0.002 0 -1 15,3 0.002 -1 0 0.005 46 12,13 0.001 0 1 15,12 0.003 1 0 12,14 0.001 -1 -1 0.005 50 ::f,1,3 f,2,15 f,12,2 f,14,13 
4:0,0 0.001 -1 1 3,0 0.003 0 -1 2,0 0.002 1 0 0.003 50 0,15 0.002 -1 -1 3,14 0.003 -1 0 3,15 0.002 0 1 0.005 50 14,3 0.002 -1 1 14,0 0.002 1 -1 15,3 0.002 -1 0 0.005 46 12,13 0.001 1 1 15,12 0.002 1 0 12,14 0.001 -1 0 0.005 50 ::f,1,3 f,2,15 f,12,2 f,14,13 
5:0,0 0.001 0 1 3,0 0.003 -1 -1 2,0 0.002 1 -1 0.003 50 0,15 0.002 0 -1 2,14 0.003 -1 0 3,15 0.002 -1 1 0.006 50 14,3 0.002 -1 0 14,0 0.002 1 0 15,3 0.002 -1 0 0.005 46 13,14 0.001 1 1 15,12 0.002 1 1 12,14 0.001 -1 1 0.006 50 ::f,1,3 f,2,15 f,12,2 f,14,13 
6:0,1 0.001 0 1 3,0 0.003 -1 0 2,0 0.002 0 -1 0.004 50 0,14 0.002 0 -1 2,14 0.001 -1 0 3,15 0.002 -1 0 0.007 50 13,3 0.002 -1 0 15,0 0.002 1 0 14,3 0.002 -1 0 0.008 46 14,15 0.001 1 1 15,12 0.002 0 1 12,14 0.001 0 1 0.007 50 ::f,1,3 f,2,15 f,12,2 f,14,13 
7:0,1 0.001 0 1 3,0 0.003 -1 1 2,0 0.002 -1 -1 0.004 50 0,13 0.002 0 -1 2,14 0.001 -1 1 3,15 0.002 -1 0 0.008 50 12,3 0.002 -1 0 15,0 0.002 1 0 13,3 0.002 -1 0 0.01 46 14,15 0.001 1 1 15,13 0.002 0 1 12,15 0.001 0 1 0.009 50 ::f,1,3 f,2,15 f,12,2 f,14,13 
8:0,2 0.001 0 1 2,1 0.003 -1 1 2,0 0.002 -1 0 0.006 50 0,12 0.002 0 -1 2,14 0.001 0 1 3,15 0.002 -1 0 0.009 50 12,3 0.002 -1 0 15,0 0.002 1 1 13,3 0.002 -1 0 0.01 38 14,15 0.001 1 0 15,14 0.002 0 1 12,15 0.001 1 1 0.01 50 :11,3 12,3 :f,1,3 f,2,15 f,12,2 f,14,13 
9:0,2 0.001 0 1 1,2 0.003 -1 1 2,0 0.002 -1 1 0.007 50 0,12 0.002 0 -1 2,14 0.001 1 1 3,15 0.002 -1 0 0.009 46 12,3 0.002 -1 -1 15,0 0.002 0 1 13,3 0.002 -1 0 0.01 38 15,15 0.001 1 0 15,14 0.002 0 1 12,15 0.001 1 0 0.011 46 :10,3 0,11 15,15 :f,1,3 f,2,15 f,12,2 f,14,13 
10:0,2 0.001 0 1 0,3 0.003 -1 1 2,0 0.002 0 1 0.008 50 0,12 0.002 1 -1 2,14 0.001 1 0 3,15 0.002 -1 0 0.009 42 12,3 0.002 0 -1 15,1 0.002 0 1 13,3 0.002 -1 0 0.011 38 15,15 0.001 1 0 15,14 0.002 0 1 13,15 0.001 1 0 0.012 46 :9,3 0,10 2,15 :f,1,3 f,2,15 f,12,2 f,14,13 
11:0,2 0.001 0 1 0,3 0.003 0 1 2,1 0.002 0 1 0.009 50 0,12 0.002 1 0 2,14 0.001 1 -1 3,15 0.002 -1 0 0.009 42 12,3 0.002 0 -1 15,2 0.002 0 1 13,3 0.002 -1 0 0.012 38 15,15 0.001 1 -1 15,14 0.002 0 1 13,15 0.001 1 0 0.012 46 :8,3 0,9 1,15 :f,1,3 f,2,15 f,12,2 f,14,13 
12:0,2 0.001 1 1 0,3 0.003 1 1 2,1 0.001 0 1 0.009 50 1,12 0.002 1 0 2,14 0.001 0 -1 3,15 0.002 -1 0 0.01 42 12,3 0.002 0 -1 15,3 0.002 0 1 13,3 0.002 -1 0 0.013 38 15,15 0.001 0 -1 15,14 0.002 0 1 14,15 0.001 1 0 0.013 46 :7,3 0,8 0,15 :f,1,3 f,2,15 f,12,2 f,14,13 
13:0,2 0.001 1 1 0,3 0.003 1 0 2,1 0.001 1 1 0.009 50 2,12 0.002 1 0 2,14 0.001 -1 -1 3,15 0.002 -1 0 0.011 42 12,3 0.002 0 -1 15,3 0.002 0 1 13,3 0.002 -1 0 0.013 34 15,15 0.001 -1 -1 15,14 0.002 0 1 14,15 0.001 1 0 0.013 46 :6,3 0,7 15,4 :f,1,3 f,2,15 f,12,2 f,14,13 
14:0,2 0.001 1 1 0,3 0.003 1 0 2,1 0.001 1 0 0.009 50 3,12 0.002 1 0 2,14 0.001 -1 0 3,15 0.002 -1 0 0.012 42 12,3 0.002 0 -1 15,3 0.002 -1 1 13,3 0.002 -1 0 0.013 34 14,14 0.001 -1 -1 15,15 0.002 0 1 14,15 0.001 1 -1 0.015 46 :5,3 0,6 15,5 :f,1,3 f,2,15 f,12,2 f,14,13 
15:0,2 0.001 1 1 1,3 0.003 1 0 2,1 0.001 1 -1 0.0101 65 3,12 0.002 1 0 2,14 0.001 -1 1 3,15 0.002 -1 0 0.012 38 12,3 0.002 0 -1 15,3 0.002 -1 0 13,3 0.002 -1 0 0.013 34 13,13 0.001 -1 -1 15,15 0.002 0 1 15,14 0.001 1 -1 0.017 46 :4,3 0,5 15,6 4,12 :f,2,15 f,3,0 f,12,2 f,14,13 
16:0,2 0.001 1 1 2,3 0.003 1 0 2,1 0.001 0 -1 0.0111 65 3,12 0.002 1 1 2,14 0.001 0 1 3,15 0.002 -1 0 0.012 38 12,3 0.002 0 -1 14,3 0.002 -1 0 13,3 0.002 -1 0 0.014 34 13,13 0.001 -1 -1 15,15 0.002 -1 1 15,14 0.001 0 -1 0.017 46 :3,3 0,4 15,7 5,12 :f,2,15 f,3,0 f,12,2 f,14,13 
17:1,3 0.001 1 1 2,3 0.001 1 0 2,1 0.001 -1 -1 0.0121 65 3,12 0.002 0 1 2,14 0.001 1 1 3,15 0.002 -1 0 0.012 38 12,3 0.002 0 -1 14,3 0.002 -1 0 13,3 0.002 -1 0 0.014 34 13,13 0.001 -1 -1 15,15 0.002 -1 0 15,13 0.001 0 -1 0.018 46 :2,3 0,3 15,8 6,12 :f,2,15 f,3,0 f,12,2 f,14,13 
18:1,3 0.001 1 0 2,3 0.001 1 0 2,1 0.001 -1 0 0.0121 65 3,13 0.002 0 1 2,14 0.001 1 0 3,15 0.002 -1 0 0.013 38 12,3 0.002 0 -1 14,3 0.002 -1 0 13,3 0.002 -1 0 3.014 34 13,13 0.001 -1 -1 14,15 0.002 -1 0 15,12 0.001 0 -1 0.02 46 :0,2 15,9 7,12 :f,2,15 f,3,0 f,12,2 f,14,13 
19:1,3 0.001 1 -1 3,3 0.001 1 0 2,1 0.001 -1 1 0.0131 65 3,14 0.002 0 1 2,14 0.001 1 -1 3,15 0.002 -1 0 0.014 38 12,3 0.002 0 -1 14,3 0.002 -1 0 13,3 0.002 -1 0 3.014 34 12,12 0.001 -1 -1 13,15 0.002 -1 0 15,12 0.001 0 -1 0.022 46 :0,1 15,10 8,12 :f,2,15 f,3,0 f,12,2 f,14,13 
20:2,2 0.001 1 -1 3,3 0.001 1 -1 2,1 0.001 0 1 0.0141 65 3,14 0.002 0 1 2,14 0.001 0 -1 3,15 0.002 -1 0 0.014 38 12,3 0.002 0 -1 14,3 0.002 -1 0 13,3 0.002 -1 0 3.014 30 12,12 0.001 -1 0 12,15 0.002 -1 0 15,12 0.001 -1 -1 0.023 46 :0,0 15,11 9,12 13,3 :f,2,15 f,3,0 f,12,2 f,14,13 
21:2,2 0.001 1 -1 3,3 0.001 0 -1 2,1 0.001 1 1 0.0141 65 3,14 0.002 0 1 2,14 0.001 -1 -1 3,15 0.002 -1 0 0.014 38 12,3 0.002 0 -1 14,3 0.002 -1 0 13,3 0.002 -1 0 3.014 30 12,12 0.001 -1 1 12,15 0.002 -1 -1 15,12 0.001 -1 0 0.023 46 :15,12 10,12 :f,2,15 f,3,0 f,12,2 f,14,13 
22:2,2 0.001 1 -1 3,2 0.001 0 -1 2,1 0.001 1 0 0.0151 65 3,14 0.002 0 1 2,14 0.001 -1 0 3,15 0.002 -1 0 0.014 38 12,3 0.002 0 -1 14,3 0.002 -1 0 13,3 0.002 -1 0 6.014 26 12,12 0.001 0 1 12,15 0.002 0 -1 14,12 0.001 -1 0 0.024 46 :11,12 12,3 :f,2,15 f,3,0 f,12,2 f,14,13 
23:3,1 0.001 1 -1 3,2 0.001 0 -1 2,1 0.001 1 -1 0.0161 65 3,14 0.002 0 1 2,14 0.001 -1 1 3,15 0.002 -1 0 0.014 38 12,3 0.002 0 -1 14,3 0.002 -1 0 13,3 0.002 -1 0 6.014 26 12,13 0.001 0 1 12,14 0.002 0 -1 13,12 0.001 -1 0 0.027 46 :12,12 :f,2,15 f,3,0 f,12,2 f,14,13 
24:3,1 0.001 0 -1 3,2 0.001 -1 -1 2,1 0.001 0 -1 0.0161 65 3,14 0.002 0 1 2,14 0.001 0 1 3,15 0.002 -1 0 0.014 38 12,3 0.002 0 -1 14,3 0.002 -1 0 13,3 0.002 -1 0 6.014 26 12,13 0.001 0 1 12,14 0.002 0 -1 13,12 0.001 -1 0 0.027 42 :13,12 12,13 :f,2,15 f,3,0 f,12,2 f,14,13 
25:3,1 0.001 0 -1 3,2 0.001 -1 0 2,1 0.001 -1 -1 0.0161 65 3,14 0.002 0 1 2,14 0.001 1 1 3,15 0.002 -1 0 3.014 34 12,3 0.002 0 -1 14,3 0.002 -1 0 13,3 0.002 -1 0 6.014 26 12,13 0.001 1 1 12,14 0.002 0 -1 12,12 0.001 -1 0 0.028 42 :3,15 :f,2,15 f,3,0 f,12,2 f,14,13 
26:3,1 0.001 0 -1 2,2 0.001 -1 0 2,1 0.001 -1 0 1.0172 80 3,14 0.002 0 1 2,14 0.001 1 0 3,15 0.002 -1 0 3.014 34 12,3 0.002 0 -1 14,3 0.002 -1 0 13,3 0.002 -1 0 6.014 22 13,14 0.001 1 1 12,13 0.002 0 -1 12,12 0.001 -1 1 0.03 42 :12,3 :f,2,0 f,2,15 f,12,2 f,14,13 
27:3,0 0.001 0 -1 1,2 0.001 -1 0 2,1 0.001 -1 1 1.0192 80 3,14 0.002 0 1 2,14 0.001 1 -1 3,15 0.002 -1 0 3.014 34 12,3 0.002 0 -1 14,3 0.002 -1 0 13,3 0.002 -1 0 6.014 22 14,15 0.001 1 1 12,13 0.002 0 -1 12,12 0.001 0 1 0.031 38 :12,12 :f,2,0 f,2,15 f,12,2 f,14,13 
28:3,0 0.001 -1 -1 1,2 0.001 -1 0 2,1 0.001 0 1 1.0192 80 3,14 0.002 0 1 2,14 0.001 0 -1 3,15 0.002 -1 0 3.014 30 12,3 0.002 0 -1 14,3 0.002 -1 0 13,3 0.002 -1 0 6.014 22 14,15 0.001 1 1 12,13 0.002 0 -1 12,12 0.001 1 1 0.031 38 :3,15 :f,2,0 f,2,15 f,12,2 f,14,13 
29:3,0 0.001 -1 0 0,2 0.001 -1 0 2,1 0.001 1 1 1.0202 80 3,14 0.002 0 1 2,14 0.001 -1 -1 3,15 0.002 -1 0 3.014 30 12,3 0.002 0 -1 14,3 0.002 -1 0 13,3 0.002 -1 0 6.014 22 14,15 0.001 1 0 12,13 0.002 0 -1 13,13 0.001 1 1 0.032 38 ::f,2,0 f,2,15 f,12,2 f,14,13 
30:3,0 0.001 -1 0 0,2 0.001 -1 1 2,1 0.001 1 0 1.0202 80 3,14 0.002 0 1 2,14 0.001 -1 0 3,15 0.002 -1 0 3.014 30 12,3 0.002 0 -1 14,3 0.002 -1 0 13,3 0.002 -1 0 6.014 22 15,15 0.001 1 0 12,12 0.002 0 -1 13,13 0.001 1 1 0.034 38 ::f,2,0 f,2,15 f,12,2 f,14,13 
31:3,0 0.001 -1 0 0,2 0.001 0 1 2,1 0.001 1 -1 1.0202 80 3,14 0.002 0 1 2,14 0.001 -1 1 3,15 0.002 -1 0 3.014 30 12,3 0.002 0 -1 14,3 0.002 -1 0 13,3 0.002 -1 0 6.014 18 15,15 0.001 1 0 12,12 0.002 0 -1 14,14 0.001 1 1 0.035 34 :13,3 12,11 :f,2,0 f,2,15 f,12,2 f,14,13 
32:3,0 0.001 -1 0 0,3 0.001 0 1 2,1 0.001 0 -1 1.0212 80 3,14 0.002 0 1 2,14 0.001 0 1 3,15 0.002 -1 0 3.014 26 12,3 0.002 0 -1 14,3 0.002 -1 0 13,3 0.002 -1 0 6.014 18 15,15 0.001 1 -1 12,12 0.002 1 -1 14,14 0.001 1 1 0.035 34 :12,10 3,15 :f,2,0 f,2,15 f,12,2 f,14,13 
33:3,0 0.001 -1 0 0,3 0.001 1 1 2,1 0.001 -1 -1 1.0212 80 3,14 0.002 0 1 2,14 0.001 1 1 3,15 0.002 -1 0 3.014 26 12,3 0.002 0 -1 14,3 0.002 -1 0 13,3 0.002 -1 0 6.014 18 15,15 0.001 0 -1 12,12 0.002 1 0 14,14 0.001 1 0 0.035 34 :12,9 :f,2,0 f,2,15 f,12,2 f,14,13 
34:3,0 0.001 -1 0 0,3 0.001 1 0 2,1 0.001 -1 0 3.0213 95 3,14 0.002 0 1 2,14 0.001 1 0 3,15 0.002 -1 0 3.014 22 12,3 0.002 0 -1 14,3 0.002 -1 0 13,3 0.002 -1 0 6.014 18 15,14 0.001 0 -1 13,12 0.002 1 0 14,14 0.001 1 -1 0.037 34 :12,8 2,15 :f,0,2 f,2,15 f,12,2 f,14,13 
35:2,0 0.001 -1 0 1,3 0.001 1 0 2,1 0.001 -1 1 3.0233 95 3,14 0.002 0 1 2,14 0.001 1 -1 3,15 0.002 -1 0 3.014 22 12,3 0.002 0 -1 14,3 0.002 -1 0 13,3 0.002 -1 0 6.014 14 15,13 0.001 0 -1 14,12 0.002 1 0 14,14 0.001 0 -1 0.039 34 :12,7 1,15 13,3 :f,0,2 f,2,15 f,12,2 f,14,13 
36:1,0 0.001 -1 0 1,3 0.001 1 0 2,1 0.001 0 1 3.0243 95 3,14 0.002 0 1 2,14 0.001 0 -1 3,15 0.002 -1 0 3.014 22 12,3 0.002 0 -1 14,3 0.002 -1 0 13,3 0.002 -1 0 6.014 14 15,12 0.001 0 -1 14,12 0.002 1 0 14,14 0.001 0 -1 0.04 34 :12,6 0,15 :f,0,2 f,2,15 f,12,2 f,14,13 
37:0,0 0.001 -1 0 1,3 0.001 1 0 2,1 0.001 1 1 3.0253 95 3,14 0.002 0 1 2,14 0.001 -1 -1 3,15 0.002 -1 0 3.014 22 12,3 0.002 0 -1 14,3 0.002 -1 0 13,3 0.002 -1 0 6.014 14 15,12 0.001 -1 -1 14,12 0.002 1 0 14,14 0.001 0 -1 0.04 34 :12,5 :f,0,2 f,2,15 f,12,2 f,14,13 
38:0,0 0.001 -1 1 2,3 0.001 1 0 2,1 0.001 1 0 3.0263 95 3,14 0.002 0 1 2,14 0.001 -1 0 3,15 0.002 -1 0 3.014 22 12,3 0.002 0 -1 14,3 0.002 -1 0 13,3 0.002 -1 0 6.014 10 15,12 0.001 -1 0 14,12 0.002 1 0 14,14 0.001 0 -1 0.0401 49 :12,4 13,3 :f,0,2 f,2,15 f,12,2 f,12,12 
39:0,0 0.001 0 1 3,3 0.001 1 0 2,1 0.001 1 -1 3.0273 95 3,14 0.002 0 1 2,14 0.001 -1 1 3,15 0.002 -1 0 3.014 22 12,3 0.002 0 -1 14,3 0.002 -1 0 13,3 0.002 -1 0 6.014 6 15,12 0.001 -1 1 14,12 0.002 1 0 14,13 0.001 0 -1 0.0411 49 :12,3 12,3 :f,0,2 f,2,15 f,12,2 f,12,12 
40:0,1 0.001 0 1 3,3 0.001 1 -1 2,1 0.001 0 -1 3.0283 95 3,14 0.002 0 1 2,14 0.001 0 1 3,15 0.002 -1 0 3.014 22 12,3 0.002 0 -1 14,3 0.002 -1 0 13,3 0.002 -1 0 6.014 6 15,12 0.001 0 1 14,12 0.002 1 0 14,13 0.001 0 -1 3.0411 45 :15,12 :f,0,2 f,2,15 f,12,2 f,12,12 
41:0,1 0.001 0 1 3,3 0.001 0 -1 2,1 0.001 -1 -1 6.0284 110 3,14 0.002 0 1 2,14 0.001 1 1 3,15 0.002 -1 0 3.014 22 12,3 0.002 0 -1 14,3 0.002 -1 0 13,3 0.002 -1 0 6.014 6 15,13 0.001 0 1 15,12 0.002 1 0 14,12 0.001 0 -1 3.0441 45 ::f,2,0 f,2,15 f,12,2 f,12,12 
42:0,2 0.001 0 1 3,2 0.001 0 -1 2,1 0.001 -1 0 6.0304 110 3,14 0.002 0 1 2,14 0.001 1 0 3,15 0.002 -1 0 3.014 22 12,3 0.002 0 -1 14,3 0.002 -1 0 13,3 0.002 -1 0 6.014 6 15,14 0.001 0 1 15,12 0.002 1 0 14,12 0.001 -1 -1 3.0451 45 ::f,2,0 f,2,15 f,12,2 f,12,12 
43:0,2 0.001 0 1 3,2 0.001 0 -1 2,1 0.001 -1 1 6.0304 110 3,14 0.002 0 1 2,14 0.001 1 -1 3,15 0.002 -1 0 3.014 22 12,3 0.002 0 -1 14,3 0.002 -1 0 13,3 0.002 -1 0 6.014 6 15,14 0.001 0 1 15,12 0.002 1 1 14,12 0.001 -1 0 3.0451 45 ::f,2,0 f,2,15 f,12,2 f,12,12 
44:0,3 0.001 0 1 3,1 0.001 0 -1 2,1 0.001 0 1 6.0324 110 3,14 0.002 0 1 2,14 0.001 0 -1 3,15 0.002 -1 0 3.014 22 12,3 0.002 0 -1 14,3 0.002 -1 0 13,3 0.002 -1 0 6.014 6 15,14 0.001 0 1 15,12 0.002 0 1 13,12 0.001 -1 0 3.0461 45 ::f,2,0 f,2,15 f,12,2 f,12,12 
45:0,3 0.001 1 1 3,1 0.001 0 -1 2,1 0.001 1 1 6.0324 110 3,14 0.002 0 1 2,14 0.001 -1 -1 3,15 0.002 -1 0 3.014 22 12,3 0.002 0 -1 14,3 0.002 -1 0 13,3 0.002 -1 0 6.014 2 15,15 0.001 0 1 15,13 0.002 0 1 13,12 0.001 -1 0 4.0482 60 :12,3 :f,2,0 f,2,15 f,12,2 f,14,14 
46:0,3 0.001 1 0 3,0 0.001 0 -1 2,1 0.001 1 0 6.0334 110 3,14 0.002 0 1 2,14 0.001 -1 0 3,15 0.002 -1 0 3.014 22 12,3 0.002 0 -1 14,3 0.002 -1 -1 13,3 0.002 -1 -1 6.014 2 15,15 0.001 0 1 15,14 0.002 0 1 12,12 0.001 -1 0 4.0502 60 ::f,2,0 f,2,15 f,12,2 f,14,14 
47:1,3 0.001 1 0 3,0 0.001 -1 -1 2,1 0.001 1 -1 6.0344 110 3,14 0.002 0 1 2,14 0.001 -1 1 3,15 0.002 -1 0 3.014 22 12,3 0.002 1 -1 14,3 0.002 0 -1 13,3 0.002 0 -1 6.014 2 15,15 0.001 1 1 15,14 0.002 0 1 12,12 0.001 -1 1 4.0502 56 :15,15 :f,2,0 f,2,15 f,12,2 f,14,14 
48:1,3 0.001 1 0 3,0 0.001 -1 0 2,1 0.001 0 -1 6.0344 110 3,14 0.002 0 1 2,14 0.001 0 1 3,15 0.002 -1 0 3.014 22 12,3 0.002 1 0 14,3 0.002 1 -1 13,3 0.002 1 -1 6.014 2 15,15 0.001 1 0 15,14 0.002 0 1 12,12 0.001 0 1 4.0502 56 ::f,2,0 f,2,15 f,12,2 f,14,14 
49:2,3 0.001 1 0 3,0 0.001 -1 0 2,1 0.001 -1 -1 6.0354 110 3,14 0.002 0 1 2,14 0.001 1 1 3,15 0.002 -1 0 3.014 22 12,3 0.002 1 1 14,3 0.002 1 0 13,3 0.002 1 0 6.014 2 15,15 0.001 1 -1 15,14 0.002 0 1 12,13 0.001 0 1 4.0512 56 ::f,2,0 f,2,15 f,12,2 f,14,14 
50:2,3 0.001 1 0 3,0 0.001 -1 0 2,1 0.001 -1 0 6.0354 110 3,14 0.002 0 1 2,14 0.001 1 0 3,15 0.002 -1 0 3.014 22 12,3 0.002 0 1 14,3 0.002 1 1 13,3 0.002 1 1 6.014 2 15,15 0.001 0 -1 15,14 0.002 0 1 12,14 0.001 0 1 4.0522 56 ::f,2,0 f,2,15 f,12,2 f,14,14 
51:2,3 0.001 1 0 3,0 0.001 -1 0 2,1 0.001 -1 1 6.0354 110 3,14 0.002 0 1 2,14 0.001 1 -1 3,15 0.002 -1 0 3.014 14 12,3 0.002 -1 1 14,3 0.002 0 1 13,3 0.002 0 1 6.014 2 15,15 0.001 -1 -1 15,14 0.002 0 1 12,15 0.001 0 1 4.0532 56 :3,15 2,15 :f,2,0 f,2,15 f,12,2 f,14,14 
52:3,3 0.001 1 0 3,0 0.001 -1 0 2,1 0.001 0 1 6.0364 110 3,14 0.002 0 1 2,14 0.001 0 -1 3,15 0.002 -1 0 3.014 14 12,3 0.002 -1 0 14,3 0.002 -1 1 13,3 0.002 -1 1 6.014 2 15,15 0.001 -1 -1 15,14 0.002 0 1 12,15 0.001 1 1 4.0532 56 :1,15 :f,2,0 f,2,15 f,12,2 f,14,14 
53:3,3 0.001 1 -1 3,0 0.001 -1 0 2,1 0.001 1 1 6.0364 110 3,14 0.002 0 1 2,14 0.001 -1 -1 3,15 0.002 -1 0 3.014 14 12,3 0.002 -1 -1 14,3 0.002 -1 0 13,3 0.002 -1 0 6.014 2 15,15 0.001 -1 -1 15,14 0.002 0 1 12,15 0.001 1 0 4.0532 56 :0,15 :f,2,0 f,2,15 f,12,2 f,14,14 
54:3,3 0.001 0 -1 3,0 0.001 -1 0 2,1 0.001 1 0 6.0364 110 3,14 0.002 0 1 2,14 0.001 -1 0 3,15 0.002 -1 0 3.014 14 12,3 0.002 0 -1 14,3 0.002 -1 -1 13,3 0.002 -1 -1 6.014 2 15,15 0.001 -1 -1 15,14 0.002 0 1 13,15 0.001 1 0 4.0543 71 ::f,2,0 f,2,15 f,12,2 f,15,12 
55:3,2 0.001 0 -1 3,0 0.001 -1 0 2,1 0.001 1 -1 6.0375 125 3,14 0.002 0 1 2,14 0.001 -1 1 3,15 0.002 -1 0 3.014 14 12,3 0.002 1 -1 14,3 0.002 0 -1 13,3 0.002 0 -1 6.014 2 14,14 0.001 -1 -1 15,15 0.002 0 1 14,15 0.001 1 0 4.0573 71 ::f,2,3 f,2,15 f,12,2 f,15,12 
56:3,2 0.001 0 -1 2,0 0.001 -1 0 2,1 0.001 0 -1 6.0385 125 3,14 0.002 0 1 2,14 0.001 0 1 3,15 0.002 -1 0 3.014 10 12,3 0.002 1 0 14,3 0.002 1 -1 13,3 0.002 1 -1 6.014 2 14,14 0.001 -1 -1 15,15 0.002 0 1 14,15 0.001 1 0 4.0573 71 :2,15 :f,2,3 f,2,15 f,12,2 f,15,12 
57:3,1 0.001 0 -1 1,0 0.001 -1 0 2,1 0.001 -1 -1 6.0405 125 3,14 0.002 0 1 2,14 0.001 1 1 3,15 0.002 -1 0 3.014 10 12,3 0.002 1 1 14,3 0.002 1 0 13,3 0.002 1 0 6.014 2 13,13 0.001 -1 -1 15,15 0.002 -1 1 14,15 0.001 1 -1 4.0583 71 :1,15 :f,2,3 f,2,15 f,12,2 f,15,12 
58:3,1 0.001 0 -1 0,0 0.001 -1 0 2,1 0.001 -1 0 6.0415 125 3,14 0.002 0 1 2,14 0.001 1 0 3,15 0.002 -1 0 3.014 10 12,3 0.002 0 1 14,3 0.002 1 1 13,3 0.002 1 1 6.014 2 12,12 0.001 -1 -1 15,15 0.002 -1 0 15,14 0.001 1 -1 4.0603 71 :0,15 :f,2,3 f,2,15 f,12,2 f,15,12 
59:3,0 0.001 0 -1 0,0 0.001 -1 1 2,1 0.001 -1 1 6.0425 125 3,14 0.002 0 1 2,14 0.001 1 -1 3,15 0.002 -1 0 3.014 10 12,3 0.002 -1 1 14,3 0.002 0 1 13,3 0.002 0 1 6.014 2 12,12 0.001 -1 0 14,15 0.002 -1 0 15,14 0.001 0 -1 4.0613 71 ::f,2,3 f,2,15 f,12,2 f,15,12 
60:3,0 0.001 -1 -1 0,0 0.001 0 1 2,1 0.001 0 1 6.0425 125 3,14 0.002 0 1 2,14 0.001 0 -1 3,15 0.002 -1 0 3.014 10 12,3 0.002 -1 0 14,3 0.002 -1 1 13,3 0.002 -1 1 6.014 2 12,12 0.001 -1 1 13,15 0.002 -1 0 15,13 0.001 0 -1 4.0633 71 ::f,2,3 f,2,15 f,12,2 f,15,12 
61:3,0 0.001 -1 0 0,1 0.001 0 1 2,1 0.001 1 1 6.0435 125 3,14 0.002 0 1 2,14 0.001 -1 -1 3,15 0.002 -1 0 3.014 6 12,3 0.002 -1 -1 14,3 0.002 -1 0 13,3 0.002 -1 0 6.014 2 12,12 0.001 0 1 12,15 0.002 -1 0 15,13 0.001 0 -1 6.0644 86 :2,15 :f,2,3 f,2,15 f,12,2 f,14,15 
62:2,0 0.001 -1 0 0,2 0.001 0 1 2,1 0.001 1 0 6.0455 125 3,14 0.002 0 1 2,14 0.001 -1 0 3,15 0.002 -1 0 3.014 6 12,3 0.002 0 -1 14,3 0.002 -1 -1 13,3 0.002 -1 -1 6.014 2 12,13 0.001 0 1 12,15 0.002 -1 0 15,12 0.001 0 -1 6.0664 82 :1,15 11,15 :f,2,3 f,2,15 f,12,2 f,14,15 
63:1,0 0.001 -1 0 0,3 0.001 0 1 2,1 0.001 1 -1 6.0475 125 3,14 0.002 0 1 2,14 0.001 -1 1 3,15 0.002 -1 0 3.014 6 12,3 0.002 1 -1 14,3 0.002 0 -1 13,3 0.002 0 -1 6.014 2 12,14 0.001 0 1 12,15 0.002 -1 -1 15,12 0.001 -1 -1 6.0674 82 :0,15 10,15 :f,2,3 f,2,15 f,12,2 f,14,15 
64:1,0 0.001 -1 0 0,3 0.001 1 1 2,1 0.001 0 -1 6.0475 125 3,14 0.002 0 1 2,14 0.001 0 1 3,15 0.002 -1 0 3.014 6 12,3 0.002 1 0 14,3 0.002 1 -1 13,3 0.002 1 -1 6.014 2 12,14 0.001 0 1 12,15 0.002 0 -1 15,12 0.001 -1 0 6.0674 82 :9,15 :f,2,3 f,2,15 f,12,2 f,14,15 
65:0,0 0.001 -1 0 0,3 0.001 1 0 2,1 0.001 -1 -1 6.0485 125 3,14 0.002 0 1 2,14 0.001 1 1 3,15 0.002 -1 0 3.014 6 12,3 0.002 1 1 14,3 0.002 1 0 13,3 0.002 1 0 6.014 2 12,14 0.001 1 1 12,15 0.002 0 -1 14,12 0.001 -1 0 6.0684 82 :8,15 :f,2,3 f,2,15 f,12,2 f,14,15 
66:0,0 0.001 -1 1 1,3 0.001 1 0 2,1 0.001 -1 0 6.0495 125 3,14 0.002 0 1 2,14 0.001 1 0 3,15 0.002 -1 0 3.014 6 12,3 0.002 0 1 14,3 0.002 1 1 13,3 0.002 1 1 6.014 2 13,15 0.001 1 1 12,14 0.002 0 -1 13,12 0.001 -1 0 6.0714 82 :7,15 :f,2,3 f,2,15 f,12,2 f,14,15 
67:0,0 0.001 0 1 1,3 0.001 1 0 2,1 0.001 -1 1 7.0496 140 3,14 0.002 0 1 2,14 0.001 1 -1 3,15 0.002 -1 0 3.014 2 12,3 0.002 -1 1 14,3 0.002 0 1 13,3 0.002 0 1 6.014 2 13,15 0.001 1 1 12,13 0.002 0 -1 12,12 0.001 -1 0 6.0734 82 :6,15 3,15 :f,1,1 f,2,15 f,12,2 f,14,15 
68:0,1 0.001 0 1 2,3 0.001 1 0 2,1 0.001 0 1 7.0516 140 3,14 0.002 0 1 2,14 0.001 0 -1 3,15 0.002 -1 -1 3.014 2 12,3 0.002 -1 0 14,3 0.002 -1 1 13,3 0.002 -1 1 6.014 2 13,15 0.001 1 0 12,13 0.002 0 -1 12,12 0.001 -1 1 6.0734 78 :5,15 12,12 :f,1,1 f,2,15 f,12,2 f,14,15 
69:0,2 0.001 0 1 2,3 0.001 1 0 2,1 0.001 1 1 7.0526 140 3,14 0.002 -1 1 2,14 0.001 -1 -1 3,15 0.002 0 -1 3.014 2 12,3 0.002 -1 -1 14,3 0.002 -1 0 13,3 0.002 -1 0 6.014 2 13,15 0.001 1 0 12,13 0.002 0 -1 12,12 0.001 0 1 6.0734 78 :4,15 :f,1,1 f,2,15 f,12,2 f,14,15 
70:0,2 0.001 0 1 2,3 0.001 1 0 2,1 0.001 1 0 7.0526 140 3,14 0.002 -1 0 2,14 0.001 -1 0 3,15 0.002 1 -1 3.014 2 12,3 0.002 0 -1 14,3 0.002 -1 -1 13,3 0.002 -1 -1 6.014 2 13,15 0.001 1 0 12,13 0.002 0 -1 12,12 0.001 1 1 6.0734 78 :3,15 :f,1,1 f,2,15 f,12,2 f,14,15 
71:0,3 0.001 0 1 3,3 0.001 1 0 2,1 0.001 1 -1 7.0546 140 3,14 0.002 -1 -1 2,14 0.001 -1 1 3,15 0.002 1 0 3.014 2 12,3 0.002 1 -1 14,3 0.002 0 -1 13,3 0.002 0 -1 6.014 2 13,15 0.001 1 0 12,13 0.002 0 -1 12,12 0.001 1 1 10.0735 93 ::f,1,1 f,2,15 f,12,2 f,13,13 
72:0,3 0.001 1 1 3,3 0.001 1 -1 2,1 0.001 0 -1 7.0546 140 3,14 0.002 0 -1 2,14 0.001 0 1 3,15 0.002 1 1 3.014 2 12,3 0.002 1 0 14,3 0.002 1 -1 13,3 0.002 1 -1 6.014 2 14,15 0.001 1 0 12,13 0.002 0 -1 12,12 0.001 1 1 10.0745 93 ::f,1,1 f,2,15 f,12,2 f,13,13 
73:0,3 0.001 1 0 3,3 0.001 0 -1 2,1 0.001 -1 -1 7.0546 140 3,14 0.002 1 -1 2,14 0.001 1 1 3,15 0.002 0 1 3.014 2 12,3 0.002 1 1 14,3 0.002 1 0 13,3 0.002 1 0 6.014 2 14,15 0.001 1 0 12,13 0.002 0 -1 12,12 0.001 1 1 13.0746 108 ::f,1,1 f,2,15 f,12,2 f,14,13 
74:1,3 0.001 1 0 3,2 0.001 0 -1 2,1 0.001 -1 0 7.0566 140 3,14 0.002 1 0 2,14 0.001 1 0 3,15 0.002 -1 1 3.014 2 12,3 0.002 0 1 14,3 0.002 1 1 13,3 0.002 1 1 6.014 2 14,15 0.001 1 0 12,13 0.002 0 -1 13,13 0.001 1 1 13.0756 108 ::f,1,1 f,2,15 f,12,2 f,14,13 
75:1,3 0.001 1 0 3,1 0.001 0 -1 2,1 0.001 -1 1 7.0576 140 3,14 0.002 1 1 2,14 0.001 1 -1 3,15 0.002 -1 0 3.014 2 12,3 0.002 -1 1 14,3 0.002 0 1 13,3 0.002 0 1 6.014 2 14,15 0.001 1 0 12,12 0.002 0 -1 13,13 0.001 1 1 13.0766 108 ::f,1,1 f,2,15 f,12,2 f,14,13 
76:2,3 0.001 1 0 3,1 0.001 0 -1 2,1 0.001 0 1 7.0586 140 3,14 0.002 0 1 2,14 0.001 0 -1 3,15 0.002 -1 -1 3.014 2 12,3 0.002 -1 0 14,3 0.002 -1 1 13,3 0.002 -1 1 6.014 2 14,15 0.001 1 0 12,12 0.002 0 -1 13,13 0.001 1 1 13.0766 104 :12,11 :f,1,1 f,2,15 f,12,2 f,14,13 
77:2,3 0.001 1 0 3,0 0.001 0 -1 2,1 0.001 1 1 7.0596 140 3,14 0.002 -1 1 2,14 0.001 -1 -1 3,15 0.002 0 -1 3.014 2 12,3 0.002 -1 -1 14,3 0.002 -1 0 13,3 0.002 -1 0 6.014 2 15,15 0.001 1 0 12,12 0.002 1 -1 13,13 0.001 1 1 13.0776 104 :12,10 :f,1,1 f,2,15 f,12,2 f,14,13 
78:2,3 0.001 1 0 3,0 0.001 -1 -1 2,1 0.001 1 0 7.0596 140 3,14 0.002 -1 0 2,14 0.001 -1 0 3,15 0.002 1 -1 3.014 2 12,3 0.002 0 -1 14,3 0.002 -1 -1 13,3 0.002 -1 -1 6.014 2 15,15 0.001 1 0 12,12 0.002 1 0 14,14 0.001 1 1 13.0786 104 :12,9 :f,1,1 f,2,15 f,12,2 f,14,13 
79:3,3 0.001 1 0 3,0 0.001 -1 0 2,1 0.001 1 -1 7.0606 140 3,14 0.002 -1 -1 2,14 0.001 -1 1 3,15 0.002 1 0 3.014 2 12,3 0.002 1 -1 14,3 0.002 0 -1 13,3 0.002 0 -1 6.014 2 15,15 0.001 1 -1 13,12 0.002 1 0 14,14 0.001 1 1 13.0796 104 :12,8 :f,1,1 f,2,15 f,12,2 f,14,13 
80:3,3 0.001 1 -1 2,0 0.001 -1 0 2,1 0.001 0 -1 7.0616 140 3,14 0.002 0 -1 2,14 0.001 0 1 3,15 0.002 1 1 3.014 2 12,3 0.002 1 0 14,3 0.002 1 -1 13,3 0.002 1 -1 6.014 2 15,15 0.001 0 -1 14,12 0.002 1 0 14,14 0.001 1 0 13.0806 104 :12,7 :f,1,1 f,2,15 f,12,2 f,14,13 
81:3,3 0.001 0 -1 1,0 0.001 -1 0 2,1 0.001 -1 -1 7.0626 140 3,14 0.002 1 -1 2,14 0.001 1 1 3,15 0.002 0 1 3.014 2 12,3 0.002 1 1 14,3 0.002 1 0 13,3 0.002 1 0 6.014 2 15,14 0.001 0 -1 15,12 0.002 1 0 14,14 0.001 1 -1 13.0826 104 :12,6 :f,1,1 f,2,15 f,12,2 f,14,13 
82:3,2 0.001 0 -1 0,0 0.001 -1 0 2,1 0.001 -1 0 7.0646 140 3,14 0.002 1 0 2,14 0.001 1 0 3,15 0.002 -1 1 3.014 2 12,3 0.002 0 1 14,3 0.002 1 1 13,3 0.002 1 1 6.014 2 15,14 0.001 0 -1 15,12 0.002 1 0 15,13 0.001 1 -1 13.0836 104 :12,5 :f,1,1 f,2,15 f,12,2 f,14,13 
83:3,2 0.001 0 -1 0,0 0.001 -1 1 2,1 0.001 -1 1 7.0646 140 3,14 0.002 1 1 2,14 0.001 1 -1 3,15 0.002 -1 0 3.014 2 12,3 0.002 -1 1 14,3 0.002 0 1 13,3 0.002 0 1 6.014 2 15,14 0.001 0 -1 15,12 0.002 1 1 15,13 0.001 0 -1 13.0836 104 :12,4 :f,1,1 f,2,15 f,12,2 f,14,13 
84:3,1 0.001 0 -1 0,0 0.001 0 1 2,1 0.001 0 1 7.0656 140 3,14 0.002 0 1 2,14 0.001 0 -1 3,15 0.002 -1 -1 3.014 2 12,3 0.002 -1 0 14,3 0.002 -1 1 13,3 0.002 -1 1 6.014 2 15,14 0.001 -1 -1 15,12 0.002 0 1 15,13 0.001 -1 -1 13.0836 104 :12,3 :f,1,1 f,2,15 f,12,2 f,14,13 
85:3,1 0.001 0 -1 0,1 0.001 0 1 2,1 0.001 1 1 7.0666 140 3,14 0.002 -1 1 2,14 0.001 -1 -1 3,15 0.002 0 -1 3.014 2 12,3 0.002 -1 -1 14,3 0.002 -1 0 13,3 0.002 -1 0 6.014 2 15,14 0.001 -1 -1 15,12 0.002 0 1 14,12 0.001 -1 -1 16.0846 104 ::f,1,1 f,2,15 f,12,2 f,14,13 
86:3,0 0.001 0 -1 0,2 0.001 0 1 2,1 0.001 1 0 7.0686 140 3,14 0.002 -1 0 2,14 0.001 -1 0 3,15 0.002 1 -1 3.014 2 12,3 0.002 0 -1 14,3 0.002 -1 -1 13,3 0.002 -1 -1 6.014 2 15,14 0.001 -1 -1 15,13 0.002 0 1 14,12 0.001 -1 0 18.0857 119 ::f,1,1 f,2,15 f,12,2 f,12,13 
87:3,0 0.001 -1 -1 0,3 0.001 0 1 2,1 0.001 1 -1 7.0696 140 3,14 0.002 -1 -1 2,14 0.001 -1 1 3,15 0.002 1 0 3.014 2 12,3 0.002 1 -1 14,3 0.002 0 -1 13,3 0.002 0 -1 6.014 2 14,13 0.001 -1 -1 15,14 0.002 0 1 13,12 0.001 -1 0 18.0887 119 ::f,1,1 f,2,15 f,12,2 f,12,13 
88:3,0 0.001 -1 0 0,3 0.001 1 1 2,1 0.001 0 -1 7.0696 140 3,14 0.001 -1 -1 2,14 0.001 0 1 3,15 0.002 1 1 3.014 2 12,3 0.002 1 0 14,3 0.002 1 -1 13,3 0.002 1 -1 6.014 2 14,13 0.001 -1 -1 15,15 0.002 0 1 12,12 0.001 -1 0 18.0907 119 ::f,1,1 f,2,15 f,12,2 f,12,13 
89:2,0 0.001 -1 0 0,3 0.001 1 0 2,1 0.001 -1 -1 7.0706 140 3,14 0.001 0 -1 2,14 0.001 1 1 3,15 0.002 0 1 3.014 2 12,3 0.002 1 1 14,3 0.002 1 0 13,3 0.002 1 0 6.014 2 13,12 0.001 -1 -1 15,15 0.002 -1 1 12,12 0.001 -1 1 18.0917 119 ::f,1,1 f,2,15 f,12,2 f,12,13 
90:1,0 0.001 -1 0 1,3 0.001 1 0 2,1 0.001 -1 0 7.0726 140 3,14 0.001 1 -1 2,14 0.001 1 0 3,15 0.002 -1 1 3.014 2 12,3 0.002 0 1 14,3 0.002 1 1 13,3 0.002 1 1 6.014 2 13,12 0.001 -1 0 15,15 0.002 -1 0 12,12 0.001 0 1 18.0917 119 ::f,1,1 f,2,15 f,12,2 f,12,13 
91:1,0 0.001 -1 0 1,3 0.001 1 0 2,1 0.001 -1 1 7.0726 140 3,14 0.001 1 0 2,14 0.001 1 -1 3,15 0.002 -1 0 3.014 2 12,3 0.002 -1 1 14,3 0.002 0 1 13,3 0.002 0 1 6.014 2 13,12 0.001 -1 1 14,15 0.002 -1 0 12,12 0.001 0 1 18.0927 119 ::f,1,1 f,2,15 f,12,2 f,12,13 
92:0,0 0.001 -1 0 2,3 0.001 1 0 2,1 0.001 0 1 7.0746 140 3,14 0.001 1 1 2,14 0.001 0 -1 3,15 0.002 -1 -1 3.014 2 12,3 0.002 -1 0 14,3 0.002 -1 1 13,3 0.002 -1 1 6.014 2 13,12 0.001 -1 1 13,15 0.002 -1 0 12,12 0.001 0 1 22.0938 134 ::f,1,1 f,2,15 f,12,2 f,14,14 
93:0,0 0.001 -1 1 3,3 0.001 1 0 2,1 0.001 1 1 7.0756 140 3,14 0.001 0 1 2,14 0.001 -1 -1 3,15 0.002 0 -1 3.014 2 12,3 0.002 -1 -1 14,3 0.002 -1 0 13,3 0.002 -1 0 6.014 2 12,13 0.001 -1 1 12,15 0.002 -1 0 12,12 0.001 0 1 22.0958 134 ::f,1,1 f,2,15 f,12,2 f,14,14 
94:0,0 0.001 0 1 3,3 0.001 1 -1 2,1 0.001 1 0 7.0756 140 3,14 0.001 -1 1 2,14 0.001 -1 0 3,15 0.002 1 -1 3.014 2 12,3 0.002 0 -1 14,3 0.002 -1 -1 13,3 0.002 -1 -1 6.014 2 12,13 0.001 -1 1 12,15 0.002 -1 0 12,12 0.001 1 1 22.0958 130 :11,15 :f,1,1 f,2,15 f,12,2 f,14,14 
95:0,1 0.001 0 1 3,3 0.001 0 -1 2,1 0.001 1 -1 7.0766 140 3,14 0.001 -1 0 2,14 0.001 -1 1 3,15 0.002 1 0 3.014 2 12,3 0.002 1 -1 14,3 0.002 0 -1 13,3 0.002 0 -1 6.014 2 12,13 0.001 0 1 12,15 0.002 -1 -1 13,13 0.001 1 1 22.0968 130 :10,15 :f,1,1 f,2,15 f,12,2 f,14,14 
96:0,1 0.001 0 1 3,2 0.001 0 -1 2,1 0.001 0 -1 7.0776 140 3,14 0.001 -1 -1 2,14 0.001 0 1 3,15 0.002 1 1 3.014 2 12,3 0.002 1 0 14,3 0.002 1 -1 13,3 0.002 1 -1 6.014 2 12,14 0.001 0 1 12,15 0.002 0 -1 13,13 0.001 1 1 27.0979 145 :9,15 :f,1,1 f,2,15 f,12,2 f,14,13 
97:0,1 0.001 0 1 3,1 0.001 0 -1 2,1 0.001 -1 -1 7.0786 140 3,14 0.001 -1 -1 2,14 0.001 1 1 3,15 0.002 0 1 3.014 2 12,3 0.002 1 1 14,3 0.002 1 0 13,3 0.002 1 0 6.014 2 12,14 0.001 0 1 12,15 0.002 0 -1 14,14 0.001 1 1 27.0989 145 :8,15 :f,1,1 f,2,15 f,12,2 f,14,13 
98:0,1 0.001 0 1 3,1 0.001 0 -1 2,1 0.001 -1 0 7.0786 140 3,14 0.001 0 -1 2,14 0.001 1 0 3,15 0.002 -1 1 3.014 2 12,3 0.002 0 1 14,3 0.002 1 1 13,3 0.002 1 1 6.014 2 12,14 0.001 1 1 12,15 0.002 0 -1 15,15 0.001 1 1 27.0999 145 :7,15 :f,1,1 f,2,15 f,12,2 f,14,13 
99:0,2 0.001 0 1 3,1 0.001 0 -1 2,1 0.001 -1 1 7.0796 140 3,14 0.001 1 -1 2,14 0.001 1 -1 3,15 0.002 -1 0 3.014 2 12,3 0.002 -1 1 14,3 0.002 0 1 13,3 0.002 0 1 6.014 2 13,15 0.001 1 1 12,14 0.002 0 -1 15,15 0.001 1 0 27.1019 145 :6,15 :f,1,1 f,2,15 f,12,2 f,14,13 
100:0,2 0.001 0 1 3,1 0.001 0 -1 2,1 0.001 0 1 7.0796 140 3,14 0.001 1 0 2,14 0.001 0 -1 3,15 0.002 -1 -1 3.014 2 12,3 0.002 -1 0 14,3 0.002 -1 1 13,3 0.002 -1 1 6.014 2 13,15 0.001 1 1 12,13 0.002 0 -1 15,15 0.001 1 -1 27.1029 145 :5,15 :f,1,1 f,2,15 f,12,2 f,14,13 
101:0,2 0.001 0 1 3,1 0.001 0 -1 2,1 0.001 1 1 7.0796 140 3,14 0.001 1 1 2,14 0.001 -1 -1 3,15 0.002 0 -1 3.014 2 12,3 0.002 -1 -1 14,3 0.002 -1 0 13,3 0.002 -1 0 6.014 2 13,15 0.001 1 0 12,12 0.002 0 -1 15,15 0.001 0 -1 27.1039 145 :4,15 :f,1,1 f,2,15 f,12,2 f,14,13 
102:0,3 0.001 0 1 3,0 0.001 0 -1 2,1 0.001 1 0 7.0816 140 3,14 0.001 0 1 2,14 0.001 -1 0 3,15 0.002 1 -1 3.014 2 12,3 0.002 0 -1 14,3 0.002 -1 -1 13,3 0.002 -1 -1 6.014 2 14,15 0.001 1 0 12,12 0.002 0 -1 15,14 0.001 0 -1 27.1059 141 :3,15 12,11 :f,1,1 f,2,15 f,12,2 f,14,13 
103:0,3 0.001 1 1 3,0 0.001 -1 -1 2,1 0.001 1 -1 7.0816 140 3,14 0.001 -1 1 2,14 0.001 -1 1 3,15 0.002 1 0 3.014 2 12,3 0.002 1 -1 14,3 0.002 0 -1 13,3 0.002 0 -1 6.014 2 14,15 0.001 1 0 12,12 0.002 1 -1 15,13 0.001 0 -1 30.1069 141 :12,10 :f,1,1 f,2,15 f,12,2 f,14,13 
104:0,3 0.001 1 0 3,0 0.001 -1 0 2,1 0.001 0 -1 7.0816 140 3,14 0.001 -1 0 2,14 0.001 0 1 3,15 0.002 1 1 3.014 2 12,3 0.002 1 0 14,3 0.002 1 -1 13,3 0.002 1 -1 6.014 2 14,15 0.001 1 0 12,12 0.002 1 0 15,13 0.001 0 -1 30.1069 141 :12,9 :f,1,1 f,2,15 f,12,2 f,14,13 
105:1,3 0.001 1 0 2,0 0.001 -1 0 2,1 0.001 -1 -1 7.0836 140 3,14 0.001 -1 -1 2,14 0.001 1 1 3,15 0.002 0 1 3.014 2 12,3 0.002 1 1 14,3 0.002 1 0 13,3 0.002 1 0 6.014 2 15,15 0.001 1 0 13,12 0.002 1 0 15,13 0.001 0 -1 30.1089 141 :12,8 :f,1,1 f,2,15 f,12,2 f,14,13 
106:2,3 0.001 1 0 1,0 0.001 -1 0 2,1 0.001 -1 0 7.0856 140 3,14 0.001 0 -1 2,14 0.001 1 0 3,15 0.002 -1 1 3.014 2 12,3 0.002 0 1 14,3 0.002 1 1 13,3 0.002 1 1 6.014 2 15,15 0.001 1 0 14,12 0.002 1 0 15,12 0.001 0 -1 30.1109 141 :12,7 :f,1,1 f,2,15 f,12,2 f,14,13 
107:3,3 0.001 1 0 0,0 0.001 -1 0 2,1 0.001 -1 1 7.0876 140 3,14 0.001 1 -1 2,14 0.001 1 -1 3,15 0.002 -1 0 3.014 2 12,3 0.002 -1 1 14,3 0.002 0 1 13,3 0.002 0 1 6.014 2 15,15 0.001 1 -1 14,12 0.002 1 0 15,12 0.001 -1 -1 30.1109 137 :12,6 15,12 :f,1,1 f,2,15 f,12,2 f,14,13 
108:3,3 0.001 1 -1 0,0 0.001 -1 1 2,1 0.001 0 1 7.0876 140 3,14 0.001 1 0 2,14 0.001 0 -1 3,15 0.002 -1 -1 3.014 2 12,3 0.002 -1 0 14,3 0.002 -1 1 13,3 0.002 -1 1 6.014 2 15,15 0.001 0 -1 14,12 0.002 1 0 15,12 0.001 -1 0 30.1109 137 :12,5 :f,1,1 f,2,15 f,12,2 f,14,13 
109:3,3 0.001 0 -1 0,0 0.001 0 1 2,1 0.001 1 1 7.0876 140 3,14 0.001 1 1 2,14 0.001 -1 -1 3,15 0.002 0 -1 3.014 2 12,3 0.002 -1 -1 14,3 0.002 -1 0 13,3 0.002 -1 0 6.014 2 15,14 0.001 0 -1 14,12 0.002 1 0 15,12 0.001 -1 1 30.1119 137 :12,4 :f,1,1 f,2,15 f,12,2 f,14,13 
110:3,2 0.001 0 -1 0,1 0.001 0 1 2,1 0.001 1 0 7.0896 140 3,14 0.001 0 1 2,14 0.001 -1 0 3,15 0.002 1 -1 3.014 2 12,3 0.002 0 -1 14,3 0.002 -1 -1 13,3 0.002 -1 -1 6.014 2 15,13 0.001 0 -1 14,12 0.002 1 0 15,12 0.001 -1 1 30.1129 137 :12,3 :f,1,1 f,2,15 f,12,2 f,14,13 
111:3,2 0.001 0 -1 0,1 0.001 0 1 2,1 0.001 1 -1 7.0896 140 3,14 0.001 -1 1 2,14 0.001 -1 1 3,15 0.002 1 0 3.014 2 12,3 0.002 1 -1 14,3 0.002 0 -1 13,3 0.002 0 -1 6.014 2 15,13 0.001 0 -1 14,12 0.002 1 0 15,12 0.001 -1 1 33.1129 137 ::f,1,1 f,2,15 f,12,2 f,14,13 
112:3,1 0.001 0 -1 0,2 0.001 0 1 2,1 0.001 0 -1 7.0916 140 3,14 0.001 -1 0 2,14 0.001 0 1 3,15 0.002 1 1 3.014 2 12,3 0.002 1 0 14,3 0.002 1 -1 13,3 0.002 1 -1 6.014 2 15,13 0.001 -1 -1 14,12 0.002 1 0 15,12 0.001 -1 1 39.113 152 ::f,1,1 f,2,15 f,12,2 f,13,15 
113:3,1 0.001 0 -1 0,3 0.001 0 1 2,1 0.001 -1 -1 7.0926 140 3,14 0.001 -1 -1 2,14 0.001 1 1 3,15 0.002 0 1 3.014 2 12,3 0.002 1 1 14,3 0.002 1 0 13,3 0.002 1 0 6.014 2 15,13 0.001 -1 0 14,12 0.002 1 0 14,13 0.001 -1 1 39.114 152 ::f,1,1 f,2,15 f,12,2 f,13,15 
114:3,1 0.001 0 -1 0,3 0.001 1 1 2,1 0.001 -1 0 7.0926 140 3,14 0.001 0 -1 2,14 0.001 1 0 3,15 0.002 -1 1 3.014 2 12,3 0.002 0 1 14,3 0.002 1 1 13,3 0.002 1 1 6.014 2 15,13 0.001 -1 1 15,12 0.002 1 0 14,13 0.001 -1 1 39.115 152 ::f,1,1 f,2,15 f,12,2 f,13,15 
115:3,0 0.001 0 -1 0,3 0.001 1 0 2,1 0.001 -1 1 7.0936 140 3,14 0.001 1 -1 2,14 0.001 1 -1 3,15 0.002 -1 0 3.014 2 12,3 0.002 -1 1 14,3 0.002 0 1 13,3 0.002 0 1 6.014 2 14,14 0.001 -1 1 15,12 0.002 1 0 13,14 0.001 -1 1 39.117 152 ::f,1,1 f,2,15 f,12,2 f,13,15 
116:3,0 0.001 -1 -1 1,3 0.001 1 0 2,1 0.001 0 1 7.0946 140 3,14 0.001 1 0 2,14 0.001 0 -1 3,15 0.002 -1 -1 3.014 2 12,3 0.002 -1 0 14,3 0.002 -1 1 13,3 0.002 -1 1 6.014 2 14,14 0.001 -1 1 15,12 0.002 1 1 13,14 0.001 -1 1 42.1171 167 ::f,1,1 f,2,15 f,12,2 f,14,15 
117:3,0 0.001 -1 0 1,3 0.001 1 0 2,1 0.001 1 1 7.0946 140 3,14 0.001 1 1 2,14 0.001 -1 -1 3,15 0.002 0 -1 3.014 2 12,3 0.002 -1 -1 14,3 0.002 -1 0 13,3 0.002 -1 0 6.014 2 13,15 0.001 -1 1 15,12 0.002 0 1 12,15 0.001 -1 1 42.1191 167 ::f,1,1 f,2,15 f,12,2 f,14,15 
118:2,0 0.001 -1 0 2,3 0.001 1 0 2,1 0.001 1 0 7.0966 140 3,14 0.001 0 1 2,14 0.001 -1 0 3,15 0.002 1 -1 3.014 2 12,3 0.002 0 -1 14,3 0.002 -1 -1 13,3 0.002 -1 -1 6.014 2 13,15 0.001 -1 1 15,13 0.002 0 1 12,15 0.001 0 1 42.1201 167 ::f,1,1 f,2,15 f,12,2 f,14,15 
119:1,0 0.001 -1 0 2,3 0.001 1 0 2,1 0.001 1 -1 7.0976 140 3,14 0.001 -1 1 2,14 0.001 -1 1 3,15 0.002 1 0 3.014 2 12,3 0.002 1 -1 14,3 0.002 0 -1 13,3 0.002 0 -1 6.014 2 13,15 0.001 0 1 15,14 0.002 0 1 12,15 0.001 1 1 42.1211 167 ::f,1,1 f,2,15 f,12,2 f,14,15 
120:1,0 0.001 -1 0 3,3 0.001 1 0 2,1 0.001 0 -1 7.0986 140 3,14 0.001 -1 0 2,14 0.001 0 1 3,15 0.002 1 1 3.014 2 12,3 0.002 1 0 14,3 0.002 1 -1 13,3 0.002 1 -1 6.014 2 13,15 0.001 1 1 15,15 0.002 0 1 12,15 0.001 1 0 42.1221 167 ::f,1,1 f,2,15 f,12,2 f,14,15 
121:1,0 0.001 -1 0 3,3 0.001 1 -1 2,1 0.001 -1 -1 7.0986 140 3,14 0.001 -1 -1 2,14 0.001 1 1 3,15 0.002 0 1 3.014 2 12,3 0.002 1 1 14,3 0.002 1 0 13,3 0.002 1 0 6.014 2 13,15 0.001 1 0 15,15 0.002 0 1 12,15 0.001 1 -1 42.1221 167 ::f,1,1 f,2,15 f,12,2 f,14,15 
122:0,0 0.001 -1 0 3,3 0.001 0 -1 2,1 0.001 -1 0 7.0996 140 3,14 0.001 0 -1 2,14 0.001 1 0 3,15 0.002 -1 1 3.014 2 12,3 0.002 0 1 14,3 0.002 1 1 13,3 0.002 1 1 6.014 2 13,15 0.001 1 0 15,15 0.002 -1 1 13,14 0.001 1 -1 42.1231 167 ::f,1,1 f,2,15 f,12,2 f,14,15 
123:0,0 0.001 -1 1 3,2 0.001 0 -1 2,1 0.001 -1 1 7.1006 140 3,14 0.001 1 -1 2,14 0.001 1 -1 3,15 0.002 -1 0 3.014 2 12,3 0.002 -1 1 14,3 0.002 0 1 13,3 0.002 0 1 6.014 2 13,15 0.001 1 0 15,15 0.002 -1 0 13,14 0.001 1 -1 53.1233 197 ::f,1,1 f,2,15 f,12,2 f,14,15 
124:0,0 0.001 0 1 3,1 0.001 0 -1 2,1 0.001 0 1 7.1016 140 3,14 0.001 1 0 2,14 0.001 0 -1 3,15 0.002 -1 -1 3.014 2 12,3 0.002 -1 0 14,3 0.002 -1 1 13,3 0.002 -1 1 6.014 2 13,15 0.001 1 0 15,15 0.002 -1 0 14,13 0.001 1 -1 53.1243 197 ::f,1,1 f,2,15 f,12,2 f,14,15 
125:0,1 0.001 0 1 3,1 0.001 0 -1 2,1 0.001 1 1 7.1026 140 3,14 0.001 1 1 2,14 0.001 -1 -1 3,15 0.002 0 -1 3.014 2 12,3 0.002 -1 -1 14,3 0.002 -1 0 13,3 0.002 -1 0 6.014 2 13,15 0.001 1 0 15,15 0.002 -1 0 15,12 0.001 1 -1 58.1254 212 ::f,1,1 f,2,15 f,12,2 f,14,15 
126:0,1 0.001 0 1 3,1 0.001 0 -1 2,1 0.001 1 0 7.1026 140 3,14 0.001 0 1 2,14 0.001 -1 0 3,15 0.002 1 -1 3.014 2 12,3 0.002 0 -1 14,3 0.002 -1 -1 13,3 0.002 -1 -1 6.014 2 13,15 0.001 1 0 15,15 0.002 -1 0 15,12 0.001 0 -1 64.1255 227 ::f,1,1 f,2,15 f,12,2 f,14,15 
127:0,2 0.001 0 1 3,1 0.001 0 -1 2,1 0.001 1 -1 7.1036 140 3,14 0.001 -1 1 2,14 0.001 -1 1 3,15 0.002 1 0 3.014 2 12,3 0.002 1 -1 14,3 0.002 0 -1 13,3 0.002 0 -1 6.014 2 13,15 0.001 1 0 14,15 0.002 -1 0 15,12 0.001 -1 -1 71.1266 242 ::f,1,1 f,2,15 f,12,2 f,13,12 
128:0,3 0.001 0 1 3,0 0.001 0 -1 2,1 0.001 0 -1 7.1056 140 3,14 0.001 -1 0 2,14 0.001 0 1 3,15 0.002 1 1 3.014 2 12,3 0.002 1 0 14,3 0.002 1 -1 13,3 0.002 1 -1 6.014 2 13,15 0.001 1 0 14,15 0.002 -1 0 15,12 0.001 -1 0 71.1266 238 :13,15 :f,1,1 f,2,15 f,12,2 f,13,12 
129:0,3 0.001 1 1 3,0 0.001 -1 -1 2,1 0.001 -1 -1 7.1056 140 3,14 0.001 -1 -1 2,14 0.001 1 1 3,15 0.002 0 1 3.014 2 12,3 0.002 1 1 14,3 0.002 1 0 13,3 0.002 1 0 6.014 2 13,15 0.001 1 -1 14,15 0.002 -1 0 14,12 0.001 -1 0 71.1276 238 ::f,1,1 f,2,15 f,12,2 f,13,12 
130:0,3 0.001 1 0 3,0 0.001 -1 0 2,1 0.001 -1 0 7.1056 140 3,14 0.001 0 -1 2,14 0.001 1 0 3,15 0.002 -1 1 3.014 2 12,3 0.002 0 1 14,3 0.002 1 1 13,3 0.002 1 1 6.014 2 14,14 0.001 1 -1 13,15 0.002 -1 0 14,12 0.001 -1 0 79.1297 253 ::f,1,1 f,2,15 f,12,2 f,15,12 
131:1,3 0.001 1 0 2,0 0.001 -1 0 2,1 0.001 -1 1 7.1076 140 3,14 0.001 1 -1 2,14 0.001 1 -1 3,15 0.002 -1 0 3.014 2 12,3 0.002 -1 1 14,3 0.002 0 1 13,3 0.002 0 1 6.014 2 14,14 0.001 1 -1 12,15 0.002 -1 0 13,12 0.001 -1 0 79.1317 253 ::f,1,1 f,2,15 f,12,2 f,15,12 
132:1,3 0.001 1 0 1,0 0.001 -1 0 2,1 0.001 0 1 7.1086 140 3,14 0.001 1 0 2,14 0.001 0 -1 3,15 0.002 -1 -1 3.014 2 12,3 0.002 -1 0 14,3 0.002 -1 1 13,3 0.002 -1 1 6.014 2 14,14 0.001 1 -1 12,15 0.002 -1 0 13,12 0.001 -1 0 79.1317 249 :11,15 :f,1,1 f,2,15 f,12,2 f,15,12 
133:2,3 0.001 1 0 0,0 0.001 -1 0 2,1 0.001 1 1 7.1106 140 3,14 0.001 1 1 2,14 0.001 -1 -1 3,15 0.002 0 -1 3.014 2 12,3 0.002 -1 -1 14,3 0.002 -1 0 13,3 0.002 -1 0 6.014 2 15,13 0.001 1 -1 12,15 0.002 -1 -1 13,12 0.001 -1 0 79.1327 249 :10,15 :f,1,1 f,2,15 f,12,2 f,15,12 
134:3,3 0.001 1 0 0,0 0.001 -1 1 2,1 0.001 1 0 7.1116 140 3,14 0.001 0 1 2,14 0.001 -1 0 3,15 0.002 1 -1 3.014 2 12,3 0.002 0 -1 14,3 0.002 -1 -1 13,3 0.002 -1 -1 6.014 2 15,13 0.001 0 -1 12,15 0.002 0 -1 13,12 0.001 -1 0 79.1327 249 :9,15 :f,1,1 f,2,15 f,12,2 f,15,12 
135:3,3 0.001 1 -1 0,0 0.001 0 1 2,1 0.001 1 -1 7.1116 140 3,14 0.001 -1 1 2,14 0.001 -1 1 3,15 0.002 1 0 3.014 2 12,3 0.002 1 -1 14,3 0.002 0 -1 13,3 0.002 0 -1 6.014 2 15,13 0.001 0 -1 12,14 0.002 0 -1 12,12 0.001 -1 0 79.1347 249 :8,15 :f,1,1 f,2,15 f,12,2 f,15,12 
136:3,3 0.001 0 -1 0,1 0.001 0 1 2,1 0.001 0 -1 7.1126 140 3,14 0.001 -1 1 1,15 0.001 -1 1 3,15 0.002 1 1 3.0151 17 12,3 0.002 1 0 14,3 0.002 1 -1 13,3 0.002 1 -1 6.014 2 15,13 0.001 0 -1 12,13 0.002 0 -1 12,12 0.001 -1 1 79.1357 249 :7,15 :f,0,15 f,1,1 f,12,2 f,15,12 
137:3,2 0.001 0 -1 0,2 0.001 0 1 2,1 0.001 -1 -1 7.1146 140 2,15 0.001 -1 1 1,15 0.001 -1 1 3,15 0.002 0 1 3.0161 17 12,3 0.002 1 1 14,3 0.002 1 0 13,3 0.002 1 0 6.014 2 15,13 0.001 0 -1 12,13 0.002 0 -1 12,12 0.001 0 1 79.1357 245 :6,15 12,12 :f,0,15 f,1,1 f,12,2 f,15,12 
138:3,1 0.001 0 -1 0,3 0.001 0 1 2,1 0.001 -1 0 7.1166 140 2,15 0.002 -1 1 1,15 0.001 0 1 3,15 0.002 -1 1 3.0161 17 12,3 0.002 0 1 14,3 0.002 1 1 13,3 0.002 1 1 6.014 2 15,13 0.001 0 -1 12,13 0.002 0 -1 12,12 0.001 1 1 87.1358 260 :5,15 :f,0,15 f,1,1 f,12,2 f,12,15 
139:3,0 0.001 0 -1 0,3 0.001 1 1 2,1 0.001 -1 1 7.1176 140 2,15 0.002 -1 1 1,15 0.001 1 1 3,15 0.002 -1 0 3.0161 17 12,3 0.002 -1 1 14,3 0.002 0 1 13,3 0.002 0 1 6.014 2 15,12 0.001 0 -1 12,13 0.002 0 -1 13,13 0.001 1 1 87.1378 260 :4,15 :f,0,15 f,1,1 f,12,2 f,12,15 
140:3,0 0.001 -1 -1 0,3 0.001 1 0 2,1 0.001 0 1 7.1176 140 2,15 0.002 -1 0 1,15 0.001 1 0 3,15 0.002 -1 0 3.0161 17 12,3 0.002 -1 0 14,3 0.002 -1 1 13,3 0.002 -1 1 6.014 2 15,12 0.001 -1 -1 12,12 0.002 0 -1 14,14 0.001 1 1 87.1398 260 :3,15 :f,0,15 f,1,1 f,12,2 f,12,15 
141:3,0 0.001 -1 0 1,3 0.001 1 0 2,1 0.001 1 1 7.1186 140 2,15 0.002 -1 0 1,15 0.001 1 -1 3,15 0.002 -1 0 3.0161 17 12,3 0.002 -1 -1 14,3 0.002 -1 0 13,3 0.002 -1 0 6.014 2 15,12 0.001 -1 0 12,12 0.002 0 -1 15,15 0.001 1 1 90.1408 256 :12,11 :f,0,15 f,1,1 f,12,2 f,12,15 
142:2,0 0.001 -1 0 1,3 0.001 1 0 2,1 0.001 1 0 7.1196 140 2,15 0.002 -1 0 1,15 0.001 0 -1 3,15 0.002 -1 0 3.0161 17 12,3 0.002 0 -1 14,3 0.002 -1 -1 13,3 0.002 -1 -1 6.014 2 14,12 0.001 -1 0 12,12 0.002 1 -1 15,15 0.001 1 0 90.1418 256 :12,10 :f,0,15 f,1,1 f,12,2 f,12,15 
143:1,0 0.001 -1 0 2,3 0.001 1 0 2,1 0.001 1 -1 7.1216 140 2,15 0.002 -1 0 1,15 0.001 -1 -1 3,15 0.002 -1 0 3.0161 17 12,3 0.002 1 -1 14,3 0.002 0 -1 13,3 0.002 0 -1 6.014 2 13,12 0.001 -1 0 12,12 0.002 1 0 15,15 0.001 1 -1 90.1428 256 :12,9 :f,0,15 f,1,1 f,12,2 f,12,15 
144:1,0 0.001 -1 0 2,3 0.001 1 0 2,1 0.001 0 -1 7.1216 140 2,15 0.002 -1 0 1,15 0.001 -1 0 3,15 0.002 -1 0 3.0161 17 12,3 0.002 1 0 14,3 0.002 1 -1 13,3 0.002 1 -1 6.014 2 13,12 0.001 -1 0 12,12 0.002 1 0 15,15 0.001 0 -1 90.1428 256 :12,8 :f,0,15 f,1,1 f,12,2 f,12,15 
145:0,0 0.001 -1 0 2,3 0.001 1 0 2,1 0.001 -1 -1 7.1226 140 2,15 0.002 -1 0 1,15 0.001 -1 1 3,15 0.002 -1 0 3.0161 17 12,3 0.002 1 1 14,3 0.002 1 0 13,3 0.002 1 0 6.014 2 13,12 0.001 -1 1 12,12 0.002 1 0 15,14 0.001 0 -1 90.1438 256 :12,7 :f,0,15 f,1,1 f,12,2 f,12,15 
146:0,0 0.001 -1 1 2,3 0.001 1 0 2,1 0.001 -1 0 7.1226 140 2,15 0.002 -1 0 1,15 0.001 0 1 3,15 0.002 -1 0 3.0161 17 12,3 0.002 0 1 14,3 0.002 1 1 13,3 0.002 1 1 6.014 2 12,13 0.001 -1 1 13,12 0.002 1 0 15,13 0.001 0 -1 90.1468 256 :12,6 :f,0,15 f,1,1 f,12,2 f,12,15 
147:0,0 0.001 0 1 3,3 0.001 1 0 2,1 0.001 -1 1 7.1236 140 2,15 0.002 -1 0 1,15 0.001 1 1 3,15 0.002 -1 0 3.0161 13 12,3 0.002 -1 1 14,3 0.002 0 1 13,3 0.002 0 1 6.014 2 12,13 0.001 -1 1 14,12 0.002 1 0 15,12 0.001 0 -1 90.1488 256 :12,5 2,15 :f,0,15 f,1,1 f,12,2 f,12,15 
148:0,1 0.001 0 1 3,3 0.001 1 -1 2,1 0.001 0 1 7.1246 140 2,15 0.002 -1 0 1,15 0.001 1 0 3,15 0.002 -1 0 3.0161 13 12,3 0.001 -1 1 14,3 0.002 -1 1 13,3 0.002 -1 1 6.014 2 12,13 0.001 0 1 14,12 0.002 1 0 15,12 0.001 -1 -1 90.1488 252 :12,4 15,12 :f,0,15 f,1,1 f,12,2 f,12,15 
149:0,1 0.001 0 1 3,3 0.001 0 -1 2,1 0.001 1 1 7.1246 140 2,15 0.002 -1 0 1,15 0.001 1 -1 3,15 0.002 -1 0 3.0161 13 12,3 0.001 -1 0 14,3 0.002 -1 0 13,3 0.002 -1 0 6.014 2 12,14 0.001 0 1 14,12 0.002 1 0 15,12 0.001 -1 0 90.1498 252 :12,3 :f,0,15 f,1,1 f,12,2 f,12,15 
150:0,2 0.001 0 1 3,2 0.001 0 -1 2,1 0.001 1 0 7.1266 140 2,15 0.002 -1 0 2,14 0.001 1 -1 3,15 0.002 -1 0 3.0171 13 12,3 0.001 -1 -1 14,3 0.002 -1 -1 13,3 0.002 -1 -1 6.014 2 12,14 0.001 0 1 14,12 0.002 1 0 15,12 0.001 -1 1 102.15 267 ::f,0,15 f,1,1 f,12,2 f,15,13 
151:0,3 0.001 0 1 3,2 0.001 0 -1 2,1 0.001 1 -1 7.1276 140 1,15 0.002 -1 0 2,14 0.001 1 -1 2,15 0.002 -1 0 3.0191 13 12,3 0.001 0 -1 14,3 0.002 0 -1 13,3 0.002 0 -1 6.014 2 12,15 0.001 0 1 14,12 0.002 1 0 14,13 0.001 -1 1 102.152 267 ::f,0,15 f,1,1 f,12,2 f,15,13 
152:0,3 0.001 1 1 3,1 0.001 0 -1 2,1 0.001 0 -1 7.1286 140 1,15 0.002 -1 0 2,14 0.001 0 -1 2,15 0.002 -1 0 3.0191 13 12,3 0.001 1 -1 14,3 0.002 1 -1 13,3 0.002 1 -1 6.014 2 12,15 0.001 0 1 15,12 0.002 1 0 13,14 0.001 -1 1 102.154 267 ::f,0,15 f,1,1 f,12,2 f,15,13 
153:0,3 0.001 1 0 3,0 0.001 0 -1 2,1 0.001 -1 -1 7.1296 140 1,15 0.002 -1 0 2,14 0.001 -1 -1 2,15 0.002 -1 0 3.0191 9 12,3 0.001 1 0 14,3 0.002 1 0 13,3 0.002 1 0 6.014 2 12,15 0.001 1 1 15,12 0.002 1 0 13,14 0.001 -1 1 102.154 267 :0,15 :f,0,15 f,1,1 f,12,2 f,15,13 
154:1,3 0.001 1 0 3,0 0.001 -1 -1 2,1 0.001 -1 0 7.1306 140 1,15 0.002 -1 0 1,13 0.001 -1 -1 2,15 0.002 -1 0 3.0201 9 12,3 0.001 1 1 14,3 0.002 1 1 13,3 0.002 1 1 6.014 2 12,15 0.001 1 0 15,12 0.002 1 1 13,14 0.001 0 1 102.154 267 ::f,0,15 f,1,1 f,12,2 f,15,13 
155:1,3 0.001 1 0 3,0 0.001 -1 0 2,1 0.001 -1 1 7.1306 140 1,15 0.002 -1 0 1,13 0.001 -1 -1 2,15 0.002 -1 0 3.0201 9 12,3 0.001 0 1 14,3 0.002 0 1 13,3 0.002 0 1 6.014 2 13,15 0.001 1 0 15,12 0.002 0 1 13,14 0.001 1 1 102.155 267 ::f,0,15 f,1,1 f,12,2 f,15,13 
156:2,3 0.001 1 0 2,0 0.001 -1 0 2,1 0.001 0 1 7.1326 140 1,15 0.002 -1 0 1,13 0.001 -1 0 2,15 0.002 -1 0 3.0201 9 12,3 0.001 -1 1 14,3 0.002 -1 1 13,3 0.002 -1 1 6.014 2 13,15 0.001 1 0 15,12 0.002 0 1 14,15 0.001 1 1 102.156 267 ::f,0,15 f,1,1 f,12,2 f,15,13 
157:2,3 0.001 1 0 1,0 0.001 -1 0 2,1 0.001 1 1 7.1336 140 1,15 0.002 -1 0 1,13 0.001 -1 1 2,15 0.002 -1 0 3.0201 9 12,3 0.001 -1 0 14,3 0.002 -1 0 13,3 0.002 -1 0 6.014 2 13,15 0.001 1 0 15,12 0.002 0 1 14,15 0.001 1 0 102.156 267 ::f,0,15 f,1,1 f,12,2 f,15,13 
158:3,3 0.001 1 0 0,0 0.001 -1 0 2,1 0.001 1 0 7.1356 140 1,15 0.002 -1 0 1,13 0.001 0 1 2,15 0.002 -1 0 3.0201 5 12,3 0.001 -1 -1 14,3 0.002 -1 -1 13,3 0.002 -1 -1 6.014 2 13,15 0.001 1 -1 15,12 0.002 0 1 15,15 0.001 1 0 102.157 267 :0,15 :f,0,15 f,1,1 f,12,2 f,15,13 
159:3,3 0.001 1 -1 0,0 0.001 -1 1 2,1 0.001 1 -1 7.1356 140 1,15 0.002 -1 0 1,13 0.001 1 1 2,15 0.002 -1 0 3.0201 5 12,3 0.001 0 -1 14,3 0.002 0 -1 13,3 0.002 0 -1 6.014 2 14,14 0.001 1 -1 15,12 0.002 0 1 15,15 0.001 1 -1 102.158 267 ::f,0,15 f,1,1 f,12,2 f,15,13 
160:3,3 0.001 0 -1 0,0 0.001 0 1 2,1 0.001 0 -1 7.1356 140 1,15 0.002 -1 0 1,13 0.001 1 0 2,15 0.002 -1 0 3.0201 5 12,3 0.001 1 -1 14,3 0.002 1 -1 13,3 0.002 1 -1 6.014 2 14,14 0.001 1 -1 15,13 0.002 0 1 15,15 0.001 0 -1 112.159 282 ::f,0,15 f,1,1 f,12,2 f,14,12 
161:3,2 0.001 0 -1 0,1 0.001 0 1 2,1 0.001 -1 -1 7.1376 140 1,15 0.002 -1 0 1,13 0.001 1 -1 2,15 0.002 -1 0 3.0201 5 12,3 0.001 1 0 14,3 0.002 1 0 13,3 0.002 1 0 6.014 2 14,14 0.001 1 -1 15,14 0.002 0 1 15,15 0.001 -1 -1 112.16 282 ::f,0,15 f,1,1 f,12,2 f,14,12 
162:3,2 0.001 0 -1 0,2 0.001 0 1 2,1 0.001 -1 0 7.1386 140 1,15 0.002 -1 0 1,13 0.001 0 -1 2,15 0.002 -1 0 3.0201 5 12,3 0.001 1 1 14,3 0.002 1 1 13,3 0.002 1 1 6.014 2 15,13 0.001 1 -1 15,14 0.002 0 1 14,14 0.001 -1 -1 112.162 278 :15,15 :f,0,15 f,1,1 f,12,2 f,14,12 
163:3,1 0.001 0 -1 0,2 0.001 0 1 2,1 0.001 -1 1 7.1396 140 1,15 0.002 -1 0 1,13 0.001 -1 -1 2,15 0.002 -1 0 3.0201 5 12,3 0.001 0 1 14,3 0.002 0 1 13,3 0.002 0 1 6.014 2 15,13 0.001 0 -1 15,15 0.002 0 1 13,13 0.001 -1 -1 112.164 278 ::f,0,15 f,1,1 f,12,2 f,14,12 
164:3,0 0.001 0 -1 0,3 0.001 0 1 2,1 0.001 0 1 7.1416 140 1,15 0.002 -1 0 1,13 0.001 -1 0 2,15 0.002 -1 0 3.0201 5 12,3 0.001 -1 1 14,3 0.002 -1 1 13,3 0.002 -1 1 6.014 2 15,12 0.001 0 -1 15,15 0.002 0 1 12,12 0.001 -1 -1 112.166 278 ::f,0,15 f,1,1 f,12,2 f,14,12 
165:3,0 0.001 -1 -1 0,3 0.001 1 1 2,1 0.001 1 1 7.1416 140 1,15 0.002 -1 0 1,13 0.001 -1 1 2,15 0.002 -1 0 3.0201 5 12,3 0.001 -1 0 14,3 0.002 -1 0 13,3 0.002 -1 0 6.014 2 15,12 0.001 -1 -1 15,15 0.002 -1 1 12,12 0.001 -1 0 112.166 278 ::f,0,15 f,1,1 f,12,2 f,14,12 
166:3,0 0.001 -1 0 0,3 0.001 1 0 2,1 0.001 1 0 7.1416 140 1,15 0.002 -1 0 1,13 0.001 0 1 2,15 0.002 -1 0 3.0201 5 12,3 0.001 -1 -1 14,3 0.002 -1 -1 13,3 0.002 -1 -1 6.014 2 15,12 0.001 -1 0 15,15 0.002 -1 0 12,12 0.001 -1 1 112.166 278 ::f,0,15 f,1,1 f,12,2 f,14,12 
167:2,0 0.001 -1 0 1,3 0.001 1 0 2,1 0.001 1 -1 7.1436 140 1,15 0.002 -1 0 1,13 0.001 1 1 2,15 0.002 -1 0 3.0201 5 12,3 0.001 0 -1 14,3 0.002 0 -1 13,3 0.002 0 -1 6.014 2 15,12 0.001 -1 0 14,15 0.002 -1 0 12,12 0.001 0 1 112.167 278 ::f,0,15 f,1,1 f,12,2 f,14,12 
168:2,0 0.001 -1 0 1,3 0.001 1 0 2,1 0.001 0 -1 7.1436 140 1,15 0.002 -1 0 1,13 0.001 1 0 2,15 0.002 -1 0 3.0201 5 12,3 0.001 1 -1 14,3 0.002 1 -1 13,3 0.002 1 -1 6.014 2 15,12 0.001 -1 0 13,15 0.002 -1 0 12,13 0.001 0 1 112.169 278 ::f,0,15 f,1,1 f,12,2 f,14,12 
169:1,0 0.001 -1 0 1,3 0.001 1 0 2,1 0.001 -1 -1 7.1446 140 1,15 0.002 -1 0 1,13 0.001 1 -1 2,15 0.002 -1 0 3.0201 5 12,3 0.001 1 0 14,3 0.002 1 0 13,3 0.002 1 0 6.014 2 15,12 0.001 -1 0 12,15 0.002 -1 0 12,13 0.001 0 1 122.17 293 ::f,0,15 f,1,1 f,12,2 f,14,15 
170:0,0 0.001 -1 0 2,3 0.001 1 0 2,1 0.001 -1 0 7.1466 140 1,15 0.002 -1 0 1,13 0.001 0 -1 2,15 0.002 -1 0 3.0201 5 12,3 0.001 1 1 14,3 0.002 1 1 13,3 0.002 1 1 6.014 2 14,12 0.001 -1 0 12,15 0.002 -1 0 12,14 0.001 0 1 122.172 289 :11,15 :f,0,15 f,1,1 f,12,2 f,14,15 
171:0,0 0.001 -1 1 2,3 0.001 1 0 2,1 0.001 -1 1 7.1466 140 1,15 0.002 -1 0 1,13 0.001 -1 -1 2,15 0.002 -1 0 3.0201 5 12,3 0.001 0 1 14,3 0.002 0 1 13,3 0.002 0 1 6.014 2 13,12 0.001 -1 0 12,15 0.002 -1 -1 12,14 0.001 0 1 122.173 289 :10,15 :f,0,15 f,1,1 f,12,2 f,14,15 
172:0,0 0.001 0 1 2,3 0.001 1 0 2,1 0.001 0 1 7.1466 140 1,15 0.002 -1 0 1,13 0.001 -1 0 2,15 0.002 -1 0 3.0201 5 12,3 0.001 -1 1 14,3 0.002 -1 1 13,3 0.002 -1 1 6.014 2 13,12 0.001 -1 0 12,15 0.002 0 -1 12,14 0.001 1 1 122.173 289 :9,15 :f,0,15 f,1,1 f,12,2 f,14,15 
173:0,1 0.001 0 1 2,3 0.001 1 0 2,1 0.001 1 1 7.1476 140 1,15 0.002 -1 0 1,13 0.001 -1 1 2,15 0.002 -1 0 3.0201 5 12,3 0.001 -1 0 14,3 0.002 -1 0 13,3 0.002 -1 0 6.014 2 12,12 0.001 -1 0 12,15 0.002 0 -1 13,15 0.001 1 1 122.175 289 :8,15 :f,0,15 f,1,1 f,12,2 f,14,15 
174:0,2 0.001 0 1 2,3 0.001 1 0 2,1 0.001 1 0 7.1486 140 1,15 0.002 -1 0 1,13 0.001 0 1 2,15 0.002 -1 0 3.0201 5 12,3 0.001 -1 -1 14,3 0.002 -1 -1 13,3 0.002 -1 -1 6.014 2 12,12 0.001 -1 0 12,14 0.002 0 -1 13,15 0.001 1 0 122.176 289 :7,15 :f,0,15 f,1,1 f,12,2 f,14,15 
175:0,2 0.001 0 1 3,3 0.001 1 0 2,1 0.001 1 -1 7.1496 140 1,15 0.002 -1 0 1,13 0.001 1 1 2,15 0.002 -1 0 3.0201 5 12,3 0.001 0 -1 14,3 0.002 0 -1 13,3 0.002 0 -1 6.014 2 12,12 0.001 -1 1 12,13 0.002 0 -1 13,15 0.001 1 0 122.177 289 :6,15 :f,0,15 f,1,1 f,12,2 f,14,15 
176:0,2 0.001 0 1 3,3 0.001 1 -1 2,1 0.001 0 -1 7.1496 140 1,15 0.002 -1 0 1,13 0.001 1 0 2,15 0.002 -1 0 3.0201 5 12,3 0.001 1 -1 14,3 0.002 1 -1 13,3 0.002 1 -1 6.014 2 12,12 0.001 0 1 12,13 0.002 0 -1 13,15 0.001 1 0 131.177 300 :5,15 12,12 :f,0,15 f,1,1 f,12,2 f,13,12 
177:0,3 0.001 0 1 3,3 0.001 0 -1 2,1 0.001 -1 -1 7.1506 140 1,15 0.002 -1 0 1,13 0.001 1 -1 2,15 0.002 -1 0 3.0201 5 12,3 0.001 1 0 14,3 0.002 1 0 13,3 0.002 1 0 6.014 2 12,12 0.001 1 1 12,13 0.002 0 -1 14,15 0.001 1 0 131.178 300 :4,15 :f,0,15 f,1,1 f,12,2 f,13,12 
178:0,3 0.001 1 1 3,2 0.001 0 -1 2,1 0.001 -1 0 7.1516 140 1,15 0.002 -1 0 1,13 0.001 0 -1 2,15 0.002 -1 0 3.0201 5 12,3 0.001 1 1 14,3 0.002 1 1 13,3 0.002 1 1 6.014 2 13,13 0.001 1 1 12,12 0.002 0 -1 14,15 0.001 1 0 131.18 300 :3,15 :f,0,15 f,1,1 f,12,2 f,13,12 
179:0,3 0.001 1 0 3,1 0.001 0 -1 2,1 0.001 -1 1 7.1526 140 1,15 0.002 -1 0 1,13 0.001 -1 -1 2,15 0.002 -1 0 3.0201 5 12,3 0.001 0 1 14,3 0.002 0 1 13,3 0.002 0 1 6.014 2 14,14 0.001 1 1 12,12 0.002 0 -1 15,15 0.001 1 0 131.182 296 :2,15 12,11 :f,0,15 f,1,1 f,12,2 f,13,12 
180:1,3 0.001 1 0 3,1 0.001 0 -1 2,1 0.001 0 1 7.1536 140 1,15 0.002 -1 0 1,13 0.001 -1 0 2,15 0.002 -1 0 3.0201 5 12,3 0.001 -1 1 14,3 0.002 -1 1 13,3 0.002 -1 1 6.014 2 14,14 0.001 1 1 12,12 0.002 1 -1 15,15 0.001 1 -1 134.182 296 :12,10 :f,0,15 f,1,1 f,12,2 f,13,12 
181:1,3 0.001 1 0 3,0 0.001 0 -1 2,1 0.001 1 1 7.1546 140 1,15 0.002 -1 0 1,13 0.001 -1 1 2,15 0.002 -1 0 3.0201 5 12,3 0.001 -1 0 14,3 0.002 -1 0 13,3 0.002 -1 0 6.014 2 14,14 0.001 1 0 12,12 0.002 1 0 15,15 0.001 0 -1 134.182 296 :12,9 :f,0,15 f,1,1 f,12,2 f,13,12 
182:1,3 0.001 1 0 3,0 0.001 -1 -1 2,1 0.001 1 0 7.1546 140 1,15 0.002 -1 0 1,13 0.001 0 1 2,15 0.002 -1 0 3.0201 5 12,3 0.001 -1 -1 14,3 0.002 -1 -1 13,3 0.002 -1 -1 6.014 2 15,14 0.001 1 0 12,12 0.002 1 0 15,15 0.001 -1 -1 134.183 296 :12,8 :f,0,15 f,1,1 f,12,2 f,13,12 
183:1,3 0.001 1 0 3,0 0.001 -1 0 2,1 0.001 1 -1 7.1546 140 1,15 0.002 -1 0 1,13 0.001 1 1 2,15 0.002 -1 0 3.0201 5 12,3 0.001 0 -1 14,3 0.002 0 -1 13,3 0.002 0 -1 6.014 2 15,14 0.001 1 0 12,12 0.002 1 0 14,14 0.001 -1 -1 134.184 296 :12,7 :f,0,15 f,1,1 f,12,2 f,13,12 
184:1,3 0.001 1 0 2,0 0.001 -1 0 2,1 0.001 0 -1 7.1556 140 1,15 0.002 -1 0 1,13 0.001 1 0 2,15 0.002 -1 0 3.0201 5 12,3 0.001 1 -1 14,3 0.002 1 -1 13,3 0.002 1 -1 6.014 2 15,14 0.001 1 -1 12,12 0.002 1 0 14,14 0.001 -1 -1 134.184 296 :12,6 :f,0,15 f,1,1 f,12,2 f,13,12 
185:1,3 0.001 1 0 2,0 0.001 -1 0 2,1 0.001 -1 -1 7.1556 140 1,15 0.002 -1 0 1,13 0.001 1 -1 2,15 0.002 -1 0 3.0201 5 12,3 0.001 1 0 14,3 0.002 1 0 13,3 0.002 1 0 6.014 2 15,14 0.001 0 -1 12,12 0.002 1 0 13,13 0.001 -1 -1 134.185 292 :12,5 13,12 :f,0,15 f,1,1 f,12,2 f,13,12 
186:2,3 0.001 1 0 1,0 0.001 -1 0 2,1 0.001 -1 0 7.1576 140 1,15 0.002 -1 0 1,13 0.001 0 -1 2,15 0.002 -1 0 3.0201 1 12,3 0.001 1 1 14,3 0.002 1 1 13,3 0.002 1 1 6.014 2 15,13 0.001 0 -1 12,12 0.002 1 0 13,13 0.001 -1 -1 134.186 292 :12,4 14,12 1,15 :f,0,15 f,1,1 f,12,2 f,13,12 
187:3,3 0.001 1 0 0,0 0.001 -1 0 2,1 0.001 -1 1 7.1596 140 1,15 0.002 -1 0 1,13 0.001 -1 -1 2,15 0.002 -1 -1 3.0201 1 12,3 0.001 0 1 14,3 0.002 0 1 13,3 0.002 0 1 6.014 2 15,13 0.001 0 -1 12,12 0.002 1 0 13,13 0.001 -1 0 134.186 292 :12,3 15,12 :f,0,15 f,1,1 f,12,2 f,13,12 
188:3,3 0.001 1 -1 0,0 0.001 -1 1 2,1 0.001 0 1 7.1596 140 1,15 0.002 -1 -1 1,13 0.001 -1 0 2,15 0.002 0 -1 3.0201 1 12,3 0.001 -1 1 14,3 0.002 -1 1 13,3 0.002 -1 1 6.014 2 15,12 0.001 0 -1 12,12 0.002 1 0 12,13 0.001 -1 0 137.188 292 ::f,0,15 f,1,1 f,12,2 f,13,12 
189:3,3 0.001 0 -1 0,0 0.001 0 1 2,1 0.001 1 1 7.1596 140 1,15 0.002 0 -1 1,13 0.001 -1 1 2,15 0.002 1 -1 3.0201 1 12,3 0.001 -1 0 14,3 0.002 -1 0 13,3 0.002 -1 0 6.014 2 15,12 0.001 -1 -1 12,12 0.002 1 0 12,13 0.001 -1 1 137.188 292 ::f,0,15 f,1,1 f,12,2 f,13,12 
190:3,2 0.001 0 -1 0,1 0.001 0 1 2,1 0.001 1 0 7.1616 140 1,15 0.002 1 -1 1,13 0.001 0 1 2,15 0.002 1 0 3.0201 1 12,3 0.001 -1 -1 14,3 0.002 -1 -1 13,3 0.002 -1 -1 6.014 2 15,12 0.001 -1 0 12,12 0.002 1 0 12,13 0.001 0 1 137.188 288 :13,12 :f,0,15 f,1,1 f,12,2 f,13,12 
191:3,2 0.001 0 -1 0,2 0.001 0 1 2,1 0.001 1 -1 7.1626 140 1,15 0.002 1 0 1,13 0.001 1 1 2,15 0.002 1 1 3.0201 1 12,3 0.001 0 -1 14,3 0.002 0 -1 13,3 0.002 0 -1 6.014 2 15,12 0.001 -1 1 12,12 0.002 1 0 12,14 0.001 0 1 137.189 288 :14,12 :f,0,15 f,1,1 f,12,2 f,13,12 
192:3,2 0.001 0 -1 0,2 0.001 0 1 2,1 0.001 0 -1 7.1626 140 1,15 0.002 1 1 1,13 0.001 1 0 2,15 0.002 0 1 3.0201 1 12,3 0.001 1 -1 14,3 0.002 1 -1 13,3 0.002 1 -1 6.014 2 14,13 0.001 -1 1 12,12 0.002 1 0 12,14 0.001 0 1 137.19 288 :15,12 :f,0,15 f,1,1 f,12,2 f,13,12 
193:3,1 0.001 0 -1 0,3 0.001 0 1 2,1 0.001 -1 -1 7.1646 140 1,15 0.001 1 1 1,13 0.001 1 -1 2,15 0.002 -1 1 3.0201 1 12,3 0.001 1 0 14,3 0.002 1 0 13,3 0.002 1 0 6.014 2 13,14 0.001 -1 1 12,12 0.002 1 0 12,15 0.001 0 1 137.192 288 ::f,0,15 f,1,1 f,12,2 f,13,12 
194:3,0 0.001 0 -1 0,3 0.001 1 1 2,1 0.001 -1 0 7.1656 140 1,15 0.001 1 1 1,13 0.001 0 -1 2,15 0.002 -1 0 3.0201 1 12,3 0.001 1 1 14,3 0.002 1 1 13,3 0.002 1 1 6.014 2 13,14 0.001 -1 1 12,12 0.002 1 0 12,15 0.001 1 1 137.192 288 ::f,0,15 f,1,1 f,12,2 f,13,12 
195:3,0 0.001 -1 -1 0,3 0.001 1 0 2,1 0.001 -1 1 7.1656 140 1,15 0.001 0 1 1,13 0.001 -1 -1 2,15 0.002 -1 -1 3.0201 1 12,3 0.001 0 1 14,3 0.002 0 1 13,3 0.002 0 1 6.014 2 13,14 0.001 0 1 12,12 0.002 1 0 12,15 0.001 1 0 137.192 288 ::f,0,15 f,1,1 f,12,2 f,13,12 
196:3,0 0.001 -1 0 1,3 0.001 1 0 2,1 0.001 0 1 7.1666 140 1,15 0.001 -1 1 1,13 0.001 -1 0 2,15 0.002 0 -1 3.0201 1 12,3 0.001 -1 1 14,3 0.002 -1 1 13,3 0.002 -1 1 6.014 2 13,15 0.001 0 1 12,12 0.002 1 0 12,15 0.001 1 -1 137.193 288 ::f,0,15 f,1,1 f,12,2 f,13,12 
197:2,0 0.001 -1 0 1,3 0.001 1 0 2,1 0.001 1 1 7.1676 140 1,15 0.001 -1 0 1,13 0.001 -1 1 2,15 0.002 1 -1 3.0201 1 12,3 0.001 -1 0 14,3 0.002 -1 0 13,3 0.002 -1 0 6.014 2 13,15 0.001 0 1 12,12 0.002 1 0 13,14 0.001 1 -1 137.194 288 ::f,0,15 f,1,1 f,12,2 f,13,12 
198:1,0 0.001 -1 0 1,3 0.001 1 0 2,1 0.001 1 0 7.1686 140 1,15 0.001 -1 -1 1,13 0.001 0 1 2,15 0.002 1 0 3.0201 1 12,3 0.001 -1 -1 14,3 0.002 -1 -1 13,3 0.002 -1 -1 6.014 2 13,15 0.001 1 1 12,12 0.002 1 0 13,14 0.001 1 -1 137.194 288 ::f,0,15 f,1,1 f,12,2 f,13,12 
199:1,0 0.001 -1 0 2,3 0.001 1 0 2,1 0.001 1 -1 7.1696 140 1,15 0.001 0 -1 1,13 0.001 1 1 2,15 0.002 1 1 3.0201 1 12,3 0.001 0 -1 14,3 0.002 0 -1 13,3 0.002 0 -1 6.014 2 13,15 0.001 1 0 12,12 0.002 1 0 13,14 0.001 1 -1 137.194 288 ::f,0,15 f,1,1 f,12,2 f,13,12 
200:1,0 0.001 -1 0 2,3 0.001 1 0 2,1 0.001 0 -1 7.1696 140 1,15 0.001 1 -1 1,13 0.001 1 0 2,15 0.002 0 1 3.0201 1 12,3 0.001 1 -1 14,3 0.002 1 -1 13,3 0.002 1 -1 6.014 2 14,15 0.001 1 0 12,12 0.002 1 0 13,14 0.001 1 -1 137.195 288 ::f,0,15 f,1,1 f,12,2 f,13,12 
201:0,0 0.001 -1 0 2,3 0.001 1 0 2,1 0.001 -1 -1 7.1706 140 1,15 0.001 1 0 1,13 0.001 1 -1 2,15 0.002 -1 1 3.0201 1 12,3 0.001 1 0 14,3 0.002 1 0 13,3 0.002 1 0 6.014 2 15,15 0.001 1 0 12,12 0.002 1 0 14,13 0.001 1 -1 137.197 288 ::f,0,15 f,1,1 f,12,2 f,13,12 
202:0,0 0.001 -1 1 3,3 0.001 1 0 2,1 0.001 -1 0 7.1716 140 1,15 0.001 1 1 1,13 0.001 0 -1 2,15 0.002 -1 0 3.0201 1 12,3 0.001 1 1 14,3 0.002 1 1 13,3 0.002 1 1 6.014 2 15,15 0.001 1 0 12,12 0.002 1 0 15,12 0.001 1 -1 137.198 288 ::f,0,15 f,1,1 f,12,2 f,13,12 
203:0,0 0.001 0 1 3,3 0.001 1 -1 2,1 0.001 -1 1 7.1716 140 1,15 0.001 0 1 1,13 0.001 -1 -1 2,15 0.002 -1 -1 3.0201 1 12,3 0.001 0 1 14,3 0.002 0 1 13,3 0.002 0 1 6.014 2 15,15 0.001 1 -1 12,12 0.002 1 0 15,12 0.001 0 -1 137.198 284 :13,12 :f,0,15 f,1,1 f,12,2 f,13,12 
204:0,1 0.001 0 1 3,3 0.001 0 -1 2,1 0.001 0 1 7.1726 140 1,15 0.001 -1 1 1,13 0.001 -1 0 2,15 0.002 0 -1 3.0201 1 12,3 0.001 -1 1 14,3 0.002 -1 1 13,3 0.002 -1 1 6.014 2 15,15 0.001 0 -1 12,12 0.002 1 0 15,12 0.001 -1 -1 137.198 284 :14,12 :f,0,15 f,1,1 f,12,2 f,13,12 
205:0,1 0.001 0 1 3,2 0.001 0 -1 2,1 0.001 1 1 7.1736 140 1,15 0.001 -1 0 1,13 0.001 -1 1 2,15 0.002 1 -1 3.0201 1 12,3 0.001 -1 0 14,3 0.002 -1 0 13,3 0.002 -1 0 6.014 2 15,14 0.001 0 -1 12,12 0.002 1 0 15,12 0.001 -1 0 137.199 284 :15,12 :f,0,15 f,1,1 f,12,2 f,13,12 
206:0,2 0.001 0 1 3,2 0.001 0 -1 2,1 0.001 1 0 7.1746 140 1,15 0.001 -1 -1 1,13 0.001 0 1 2,15 0.002 1 0 3.0201 1 12,3 0.001 -1 -1 14,3 0.002 -1 -1 13,3 0.002 -1 -1 6.014 2 15,13 0.001 0 -1 12,12 0.002 1 0 14,12 0.001 -1 0 137.201 284 ::f,0,15 f,1,1 f,12,2 f,13,12 
207:0,2 0.001 0 1 3,2 0.001 0 -1 2,1 0.001 1 -1 7.1746 140 1,15 0.001 0 -1 1,13 0.001 1 1 2,15 0.002 1 1 3.0201 1 12,3 0.001 0 -1 14,3 0.002 0 -1 13,3 0.002 0 -1 6.014 2 15,13 0.001 0 -1 12,12 0.002 1 0 14,12 0.001 -1 0 147.201 299 ::f,0,15 f,1,1 f,12,2 f,13,13 
208:0,2 0.001 0 1 3,1 0.001 0 -1 2,1 0.001 0 -1 7.1756 140 1,15 0.001 1 -1 1,13 0.001 1 0 2,15 0.002 0 1 3.0201 1 12,3 0.001 1 -1 14,3 0.002 1 -1 13,3 0.002 1 -1 6.014 2 15,13 0.001 0 -1 13,12 0.002 1 0 14,12 0.001 -1 0 147.202 299 ::f,0,15 f,1,1 f,12,2 f,13,13 
209:0,3 0.001 0 1 3,1 0.001 0 -1 2,1 0.001 -1 -1 7.1766 140 1,15 0.001 1 0 1,13 0.001 1 -1 2,15 0.002 -1 1 3.0201 1 12,3 0.001 1 0 14,3 0.002 1 0 13,3 0.002 1 0 6.014 2 15,12 0.001 0 -1 13,12 0.002 1 0 14,12 0.001 -1 1 147.203 295 :14,12 :f,0,15 f,1,1 f,12,2 f,13,13 
210:0,3 0.001 1 1 3,1 0.001 0 -1 2,1 0.001 -1 0 7.1766 140 1,15 0.001 1 1 1,13 0.001 0 -1 2,15 0.002 -1 0 3.0201 1 12,3 0.001 1 1 14,3 0.002 1 1 13,3 0.002 1 1 6.014 2 15,12 0.001 -1 -1 13,12 0.002 1 0 14,12 0.001 -1 1 147.203 295 ::f,0,15 f,1,1 f,12,2 f,13,13 
211:0,3 0.001 1 0 3,0 0.001 0 -1 2,1 0.001 -1 1 7.1776 140 1,15 0.001 0 1 1,13 0.001 -1 -1 2,15 0.002 -1 -1 3.0201 1 12,3 0.001 0 1 14,3 0.002 0 1 13,3 0.002 0 1 6.014 2 15,12 0.001 -1 0 13,12 0.002 1 0 14,12 0.001 -1 1 147.203 295 ::f,0,15 f,1,1 f,12,2 f,13,13 
212:1,3 0.001 1 0 3,0 0.001 -1 -1 2,1 0.001 0 1 7.1786 140 1,15 0.001 -1 1 1,13 0.001 -1 0 2,15 0.002 0 -1 3.0201 1 12,3 0.001 -1 1 14,3 0.002 -1 1 13,3 0.002 -1 1 6.014 2 15,12 0.001 -1 1 13,12 0.002 1 0 14,12 0.001 -1 1 157.203 310 ::f,0,15 f,1,1 f,12,2 f,12,12 
213:2,3 0.001 1 0 3,0 0.001 -1 0 2,1 0.001 1 1 7.1796 140 1,15 0.001 -1 0 1,13 0.001 -1 1 2,15 0.002 1 -1 3.0201 1 12,3 0.001 -1 0 14,3 0.002 -1 0 13,3 0.002 -1 0 6.014 2 14,13 0.001 -1 1 13,12 0.002 1 0 13,13 0.001 -1 1 157.205 310 ::f,0,15 f,1,1 f,12,2 f,12,12 
214:2,3 0.001 1 0 2,0 0.001 -1 0 2,1 0.001 1 0 7.1806 140 1,15 0.001 -1 -1 1,13 0.001 0 1 2,15 0.002 1 0 3.0201 1 12,3 0.001 -1 -1 14,3 0.002 -1 -1 13,3 0.002 -1 -1 6.014 2 13,14 0.001 -1 1 14,12 0.002 1 0 13,13 0.001 -1 1 157.207 310 ::f,0,15 f,1,1 f,12,2 f,12,12 
215:2,3 0.001 1 0 1,0 0.001 -1 0 2,1 0.001 1 -1 7.1816 140 1,15 0.001 0 -1 1,13 0.001 1 1 2,15 0.002 1 1 3.0201 1 12,3 0.001 0 -1 14,3 0.002 0 -1 13,3 0.002 0 -1 6.014 2 13,14 0.001 -1 1 15,12 0.002 1 0 12,14 0.001 -1 1 157.209 310 ::f,0,15 f,1,1 f,12,2 f,12,12 
216:3,3 0.001 1 0 1,0 0.001 -1 0 2,1 0.001 0 -1 7.1826 140 1,15 0.001 1 -1 1,13 0.001 1 0 2,15 0.002 0 1 3.0201 1 12,3 0.001 1 -1 14,3 0.002 1 -1 13,3 0.002 1 -1 6.014 2 12,15 0.001 -1 1 15,12 0.002 1 0 12,14 0.001 0 1 157.21 310 ::f,0,15 f,1,1 f,12,2 f,12,12 
217:3,3 0.001 1 -1 1,0 0.001 -1 0 2,1 0.001 -1 -1 7.1826 140 1,15 0.001 1 0 1,13 0.001 1 -1 2,15 0.002 -1 1 3.0201 1 12,3 0.001 1 0 14,3 0.002 1 0 13,3 0.002 1 0 6.014 2 12,15 0.001 -1 1 15,12 0.002 1 1 12,14 0.001 1 1 157.21 310 ::f,0,15 f,1,1 f,12,2 f,12,12 
218:3,3 0.001 0 -1 1,0 0.001 -1 0 2,1 0.001 -1 0 7.1826 140 1,15 0.001 1 1 1,13 0.001 0 -1 2,15 0.002 -1 0 3.0201 1 12,3 0.001 1 1 14,3 0.002 1 1 13,3 0.002 1 1 6.014 2 12,15 0.001 0 1 15,12 0.002 0 1 13,15 0.001 1 1 157.211 310 ::f,0,15 f,1,1 f,12,2 f,12,12 
219:3,2 0.001 0 -1 0,0 0.001 -1 0 2,1 0.001 -1 1 7.1846 140 1,15 0.001 1 1 1,13 0.001 -1 -1 2,15 0.002 -1 -1 3.0201 1 12,3 0.001 0 1 14,3 0.002 0 1 13,3 0.002 0 1 6.014 2 12,15 0.001 1 1 15,13 0.002 0 1 13,15 0.001 1 0 157.212 310 ::f,0,15 f,1,1 f,12,2 f,12,12 
220:3,1 0.001 0 -1 0,0 0.001 -1 1 2,1 0.001 0 1 7.1856 140 1,15 0.001 1 1 1,13 0.001 -1 0 2,15 0.002 0 -1 3.0201 1 12,3 0.001 -1 1 14,3 0.002 -1 1 13,3 0.002 -1 1 6.014 2 12,15 0.001 1 0 15,14 0.002 0 1 14,15 0.001 1 0 157.214 310 ::f,0,15 f,1,1 f,12,2 f,12,12 
221:3,0 0.001 0 -1 0,0 0.001 0 1 2,1 0.001 1 1 7.1866 140 1,15 0.001 0 1 1,13 0.001 -1 1 2,15 0.002 1 -1 3.0201 1 12,3 0.001 -1 0 14,3 0.002 -1 0 13,3 0.002 -1 0 6.014 2 13,15 0.001 1 0 15,15 0.002 0 1 14,15 0.001 1 0 157.216 310 ::f,0,15 f,1,1 f,12,2 f,12,12 
222:3,0 0.001 -1 -1 0,1 0.001 0 1 2,1 0.001 1 0 7.1876 140 1,15 0.001 -1 1 1,13 0.001 0 1 2,15 0.002 1 0 3.0201 1 12,3 0.001 -1 -1 14,3 0.002 -1 -1 13,3 0.002 -1 -1 6.014 2 13,15 0.001 1 0 15,15 0.002 0 1 14,15 0.001 1 -1 157.216 310 ::f,0,15 f,1,1 f,12,2 f,12,12 
223:3,0 0.001 -1 0 0,1 0.001 0 1 2,1 0.001 1 -1 7.1876 140 1,15 0.001 -1 0 1,13 0.001 1 1 2,15 0.002 1 1 3.0201 1 12,3 0.001 0 -1 14,3 0.002 0 -1 13,3 0.002 0 -1 6.014 2 13,15 0.001 1 -1 15,15 0.002 -1 1 15,14 0.001 1 -1 157.217 310 ::f,0,15 f,1,1 f,12,2 f,12,12 
224:2,0 0.001 -1 0 0,1 0.001 0 1 2,1 0.001 0 -1 7.1886 140 1,15 0.001 -1 -1 1,13 0.001 1 0 2,15 0.002 0 1 3.0201 1 12,3 0.001 1 -1 14,3 0.002 1 -1 13,3 0.002 1 -1 6.014 2 14,14 0.001 1 -1 15,15 0.002 -1 0 15,14 0.001 0 -1 157.218 310 ::f,0,15 f,1,1 f,12,2 f,12,12 
225:1,0 0.001 -1 0 0,1 0.001 0 1 2,1 0.001 -1 -1 7.1896 140 1,15 0.001 0 -1 1,13 0.001 1 -1 2,15 0.002 -1 1 3.0201 1 12,3 0.001 1 0 14,3 0.002 1 0 13,3 0.002 1 0 6.014 2 14,14 0.001 1 -1 14,15 0.002 -1 0 15,13 0.001 0 -1 157.22 310 ::f,0,15 f,1,1 f,12,2 f,12,12 
226:1,0 0.001 -1 0 0,2 0.001 0 1 2,1 0.001 -1 0 7.1906 140 1,15 0.001 1 -1 1,13 0.001 0 -1 2,15 0.002 -1 0 3.0201 1 12,3 0.001 1 1 14,3 0.002 1 1 13,3 0.002 1 1 6.014 2 14,14 0.001 1 -1 13,15 0.002 -1 0 15,12 0.001 0 -1 157.222 310 ::f,0,15 f,1,1 f,12,2 f,12,12 
227:0,0 0.001 -1 0 0,2 0.001 0 1 2,1 0.001 -1 1 7.1916 140 1,15 0.001 1 0 1,13 0.001 -1 -1 2,15 0.002 -1 -1 3.0201 1 12,3 0.001 0 1 14,3 0.002 0 1 13,3 0.002 0 1 6.014 2 15,13 0.001 1 -1 12,15 0.002 -1 0 15,12 0.001 -1 -1 157.224 310 ::f,0,15 f,1,1 f,12,2 f,12,12 
228:0,0 0.001 -1 1 0,3 0.001 0 1 2,1 0.001 0 1 7.1926 140 1,15 0.001 1 1 1,13 0.001 -1 0 2,15 0.002 0 -1 3.0201 1 12,3 0.001 -1 1 14,3 0.002 -1 1 13,3 0.002 -1 1 6.014 2 15,13 0.001 0 -1 12,15 0.002 -1 0 15,12 0.001 -1 0 157.224 306 :11,15 :f,0,15 f,1,1 f,12,2 f,12,12 
229:0,0 0.001 0 1 0,3 0.001 1 1 2,1 0.001 1 1 7.1926 140 1,15 0.001 1 1 1,13 0.001 -1 1 2,15 0.002 1 -1 3.0201 1 12,3 0.001 -1 0 14,3 0.002 -1 0 13,3 0.002 -1 0 6.014 2 15,13 0.001 -1 -1 12,15 0.002 -1 -1 14,12 0.001 -1 0 157.225 306 :10,15 :f,0,15 f,1,1 f,12,2 f,12,12 
230:0,1 0.001 0 1 0,3 0.001 1 0 2,1 0.001 1 0 7.1936 140 1,15 0.001 0 1 1,13 0.001 0 1 2,15 0.002 1 0 3.0201 1 12,3 0.001 -1 -1 14,3 0.002 -1 -1 13,3 0.002 -1 -1 6.014 2 15,13 0.001 -1 0 12,15 0.002 0 -1 13,12 0.001 -1 0 157.226 306 :9,15 :f,0,15 f,1,1 f,12,2 f,12,12 
231:0,2 0.001 0 1 1,3 0.001 1 0 2,1 0.001 1 -1 7.1956 140 1,15 0.001 -1 1 1,13 0.001 1 1 2,15 0.002 1 1 3.0201 1 12,3 0.001 0 -1 14,3 0.002 0 -1 13,3 0.002 0 -1 6.014 2 14,13 0.001 -1 0 12,14 0.002 0 -1 13,12 0.001 -1 0 167.229 321 :8,15 :f,0,15 f,1,1 f,12,2 f,12,15 
232:0,3 0.001 0 1 1,3 0.001 1 0 2,1 0.001 0 -1 7.1966 140 1,15 0.001 -1 0 1,13 0.001 1 0 2,15 0.002 0 1 3.0201 1 12,3 0.001 1 -1 14,3 0.002 1 -1 13,3 0.002 1 -1 6.014 2 14,13 0.001 -1 0 12,13 0.002 0 -1 12,12 0.001 -1 0 167.231 321 :7,15 :f,0,15 f,1,1 f,12,2 f,12,15 
233:0,3 0.001 1 1 2,3 0.001 1 0 2,1 0.001 -1 -1 7.1976 140 1,15 0.001 -1 -1 1,13 0.001 1 -1 2,15 0.002 -1 1 3.0201 1 12,3 0.001 1 0 14,3 0.002 1 0 13,3 0.002 1 0 6.014 2 13,13 0.001 -1 0 12,13 0.002 0 -1 12,12 0.001 -1 1 167.232 317 :6,15 12,12 :f,0,15 f,1,1 f,12,2 f,12,15 
234:0,3 0.001 1 0 2,3 0.001 1 0 2,1 0.001 -1 0 7.1976 140 1,15 0.001 0 -1 1,13 0.001 0 -1 2,15 0.002 -1 0 3.0201 1 12,3 0.001 1 1 14,3 0.002 1 1 13,3 0.002 1 1 6.014 2 13,13 0.001 -1 0 12,13 0.002 0 -1 12,12 0.001 0 1 167.232 317 :5,15 :f,0,15 f,1,1 f,12,2 f,12,15 
235:1,3 0.001 1 0 2,3 0.001 1 0 2,1 0.001 -1 1 7.1986 140 1,15 0.001 1 -1 1,13 0.001 -1 -1 2,15 0.002 -1 -1 3.0201 1 12,3 0.001 0 1 14,3 0.002 0 1 13,3 0.002 0 1 6.014 2 13,13 0.001 -1 1 12,13 0.002 0 -1 12,12 0.001 1 1 167.232 317 :4,15 :f,0,15 f,1,1 f,12,2 f,12,15 
236:1,3 0.001 1 0 3,3 0.001 1 0 2,1 0.001 0 1 7.1996 140 1,15 0.001 1 0 1,13 0.001 -1 0 2,15 0.002 0 -1 3.0201 1 12,3 0.001 -1 1 14,3 0.002 -1 1 13,3 0.002 -1 1 6.014 2 12,14 0.001 -1 1 12,13 0.002 0 -1 13,13 0.001 1 1 167.234 317 :3,15 :f,0,15 f,1,1 f,12,2 f,12,15 
237:2,3 0.001 1 0 3,3 0.001 1 -1 2,1 0.001 1 1 7.2006 140 1,15 0.001 1 1 1,13 0.001 -1 1 2,15 0.002 1 -1 3.0201 1 12,3 0.001 -1 0 14,3 0.002 -1 0 13,3 0.002 -1 0 6.014 2 12,14 0.001 -1 1 12,12 0.002 0 -1 14,14 0.001 1 1 167.236 317 :2,15 :f,0,15 f,1,1 f,12,2 f,12,15 
238:2,3 0.001 1 0 3,3 0.001 0 -1 2,1 0.001 1 0 7.2006 140 1,15 0.001 0 1 1,13 0.001 0 1 2,15 0.002 1 0 3.0201 1 12,3 0.001 -1 -1 14,3 0.002 -1 -1 13,3 0.002 -1 -1 6.014 2 12,14 0.001 0 1 12,12 0.002 0 -1 15,15 0.001 1 1 170.237 313 :12,11 :f,0,15 f,1,1 f,12,2 f,12,15 
239:2,3 0.001 1 -1 3,2 0.001 0 -1 2,1 0.001 1 -1 7.2016 140 1,15 0.001 -1 1 1,13 0.001 1 1 2,15 0.002 1 1 3.0201 1 12,3 0.001 0 -1 14,3 0.002 0 -1 13,3 0.002 0 -1 6.014 2 12,14 0.001 0 1 12,12 0.002 1 -1 15,15 0.001 1 0 170.237 313 :12,10 :f,0,15 f,1,1 f,12,2 f,12,15 
240:2,3 0.001 0 -1 3,1 0.001 0 -1 2,1 0.001 0 -1 7.2026 140 1,15 0.001 -1 0 1,13 0.001 1 0 2,15 0.002 0 1 3.0201 1 12,3 0.001 1 -1 14,3 0.002 1 -1 13,3 0.002 1 -1 6.014 2 12,14 0.001 0 1 12,12 0.002 1 0 15,15 0.001 1 -1 170.237 313 :12,9 :f,0,15 f,1,1 f,12,2 f,12,15 
241:2,2 0.001 0 -1 3,1 0.001 0 -1 2,1 0.001 -1 -1 7.2036 140 1,15 0.001 -1 -1 1,13 0.001 1 -1 2,15 0.002 -1 1 3.0201 1 12,3 0.001 1 0 14,3 0.002 1 0 13,3 0.002 1 0 6.014 2 12,14 0.001 0 1 13,12 0.002 1 0 15,15 0.001 0 -1 180.238 328 :12,8 :f,0,15 f,1,1 f,12,2 f,13,14 
242:2,2 0.001 0 -1 3,0 0.001 0 -1 2,1 0.001 -1 0 7.2046 140 1,15 0.001 0 -1 1,13 0.001 0 -1 2,15 0.002 -1 0 3.0201 1 12,3 0.001 1 1 14,3 0.002 1 1 13,3 0.002 1 1 6.014 2 12,15 0.001 0 1 14,12 0.002 1 0 15,14 0.001 0 -1 180.241 328 :12,7 :f,0,15 f,1,1 f,12,2 f,13,14 
243:2,2 0.001 -1 -1 3,0 0.001 -1 -1 2,1 0.001 -1 1 7.2046 140 1,15 0.001 1 -1 1,13 0.001 -1 -1 2,15 0.002 -1 -1 3.0201 1 12,3 0.001 0 1 14,3 0.002 0 1 13,3 0.002 0 1 6.014 2 12,15 0.001 0 1 15,12 0.002 1 0 15,14 0.001 0 -1 180.242 328 :12,6 :f,0,15 f,1,1 f,12,2 f,13,14 
244:2,2 0.001 -1 -1 3,0 0.001 -1 0 2,1 0.001 0 1 7.2046 140 1,15 0.001 1 0 1,13 0.001 -1 0 2,15 0.002 0 -1 3.0201 1 12,3 0.001 -1 1 14,3 0.002 -1 1 13,3 0.002 -1 1 6.014 2 12,15 0.001 1 1 15,12 0.002 1 0 15,13 0.001 0 -1 180.243 328 :12,5 :f,0,15 f,1,1 f,12,2 f,13,14 
245:2,2 0.001 -1 -1 2,0 0.001 -1 0 2,1 0.001 1 1 11.2057 155 1,15 0.001 1 1 1,13 0.001 -1 1 2,15 0.002 1 -1 3.0201 1 12,3 0.001 -1 1 14,3 0.002 -1 0 13,3 0.002 -1 0 6.014 2 12,15 0.001 1 0 15,12 0.002 1 1 15,13 0.001 0 -1 180.243 328 :12,4 :f,0,15 f,2,3 f,12,2 f,13,14 
246:1,1 0.001 -1 -1 1,0 0.001 -1 0 2,1 0.001 1 0 11.2077 155 1,15 0.001 0 1 1,13 0.001 0 1 2,15 0.002 1 0 3.0201 1 12,3 0.001 -1 0 14,3 0.002 -1 -1 13,3 0.002 -1 -1 6.014 2 13,15 0.001 1 0 15,12 0.002 0 1 15,13 0.001 -1 -1 180.244 328 :12,3 :f,0,15 f,2,3 f,12,2 f,13,14 
247:1,1 0.001 -1 -1 0,0 0.001 -1 0 2,1 0.001 1 -1 11.2087 155 1,15 0.001 -1 1 1,13 0.001 1 1 2,15 0.002 1 1 3.0201 1 12,3 0.001 -1 -1 14,3 0.002 0 -1 13,3 0.002 0 -1 6.014 2 14,15 0.001 1 0 15,12 0.002 0 1 14,12 0.001 -1 -1 183.246 328 ::f,0,15 f,2,3 f,12,2 f,13,14 
248:1,1 0.001 -1 -1 0,0 0.001 -1 1 2,1 0.001 0 -1 11.2087 155 1,15 0.001 -1 0 1,13 0.001 1 0 2,15 0.002 0 1 3.0201 1 12,3 0.001 0 -1 14,3 0.002 1 -1 13,3 0.002 1 -1 6.014 2 14,15 0.001 1 0 15,13 0.002 0 1 14,12 0.001 -1 0 183.247 328 ::f,0,15 f,2,3 f,12,2 f,13,14 
249:1,1 0.001 -1 0 0,0 0.001 0 1 2,1 0.001 -1 -1 11.2087 155 1,15 0.001 -1 -1 1,13 0.001 1 -1 2,15 0.002 -1 1 3.0201 1 12,3 0.001 1 -1 14,3 0.002 1 0 13,3 0.002 1 0 6.014 2 15,15 0.001 1 0 15,14 0.002 0 1 13,12 0.001 -1 0 183.25 328 ::f,0,15 f,2,3 f,12,2 f,13,14 
250:0,1 0.001 -1 0 0,0 0.001 1 1 2,1 0.001 -1 0 11.2097 155 1,15 0.001 0 -1 1,13 0.001 0 -1 2,15 0.002 -1 0 3.0201 1 12,3 0.001 1 0 14,3 0.002 1 1 13,3 0.002 1 1 6.014 2 15,15 0.001 1 0 15,14 0.002 0 1 12,12 0.001 -1 0 183.251 328 ::f,0,15 f,2,3 f,12,2 f,13,14 
251:0,1 0.001 -1 1 1,1 0.001 1 1 2,1 0.001 -1 1 11.2107 155 1,15 0.001 1 -1 1,13 0.001 -1 -1 2,15 0.002 -1 -1 3.0201 1 12,3 0.001 1 1 14,3 0.002 0 1 13,3 0.002 0 1 6.014 2 15,15 0.001 1 -1 15,14 0.002 0 1 12,12 0.001 -1 1 183.251 328 ::f,0,15 f,2,3 f,12,2 f,13,14 
252:0,1 0.001 0 1 2,2 0.001 1 1 2,1 0.001 0 1 11.2117 155 1,15 0.001 1 0 1,13 0.001 -1 0 2,15 0.002 0 -1 3.0201 1 12,3 0.001 0 1 14,3 0.002 -1 1 13,3 0.002 -1 1 6.014 2 15,15 0.001 0 -1 15,14 0.002 0 1 12,12 0.001 0 1 183.251 328 ::f,0,15 f,2,3 f,12,2 f,13,14 
253:0,2 0.001 0 1 3,3 0.001 1 1 2,1 0.001 1 1 11.2137 155 1,15 0.001 1 1 1,13 0.001 -1 1 2,15 0.002 1 -1 3.0201 1 12,3 0.001 -1 1 14,3 0.002 -1 0 13,3 0.002 -1 0 6.014 2 15,15 0.001 -1 -1 15,14 0.002 0 1 12,13 0.001 0 1 183.252 328 ::f,0,15 f,2,3 f,12,2 f,13,14 
254:0,2 0.001 0 1 3,3 0.001 1 0 2,1 0.001 1 0 11.2137 155 1,15 0.001 0 1 1,13 0.001 0 1 2,15 0.002 1 0 3.0201 1 12,3 0.001 -1 0 14,3 0.002 -1 -1 13,3 0.002 -1 -1 6.014 2 14,14 0.001 -1 -1 15,15 0.002 0 1 12,14 0.001 0 1 183.255 328 ::f,0,15 f,2,3 f,12,2 f,13,14 
255:0,3 0.001 0 1 3,3 0.001 1 -1 2,1 0.001 1 -1 11.2147 155 1,15 0.001 -1 1 1,13 0.001 1 1 2,15 0.002 1 1 3.0201 1 12,3 0.001 -1 -1 14,3 0.002 0 -1 13,3 0.002 0 -1 6.014 2 14,14 0.001 -1 -1 15,15 0.002 0 1 12,14 0.001 0 1 183.255 328 ::f,0,15 f,2,3 f,12,2 f,13,14 
256:0,3 0.001 1 1 3,3 0.001 0 -1 2,1 0.001 0 -1 11.2147 155 1,15 0.001 -1 0 1,13 0.001 1 0 2,15 0.002 0 1 3.0201 1 12,3 0.001 0 -1 14,3 0.002 1 -1 13,3 0.002 1 -1 6.014 2 13,13 0.001 -1 -1 15,15 0.002 -1 1 12,15 0.001 0 1 183.257 328 ::f,0,15 f,2,3 f,12,2 f,13,14 
257:0,3 0.001 1 0 3,2 0.001 0 -1 2,1 0.001 -1 -1 11.2157 155 1,15 0.001 -1 -1 1,13 0.001 1 -1 2,15 0.002 -1 1 3.0201 1 12,3 0.001 1 -1 14,3 0.002 1 0 13,3 0.002 1 0 6.014 2 13,13 0.001 -1 -1 15,15 0.002 -1 0 12,15 0.001 1 1 183.257 328 ::f,0,15 f,2,3 f,12,2 f,13,14 
258:1,3 0.001 1 0 3,1 0.001 0 -1 2,1 0.001 -1 0 11.2177 155 1,15 0.001 0 -1 1,13 0.001 0 -1 2,15 0.002 -1 0 3.0201 1 12,3 0.001 1 0 14,3 0.002 1 1 13,3 0.002 1 1 6.014 2 12,12 0.001 -1 -1 14,15 0.002 -1 0 12,15 0.001 1 0 183.259 328 ::f,0,15 f,2,3 f,12,2 f,13,14 
259:1,3 0.001 1 0 3,0 0.001 0 -1 2,1 0.001 -1 1 16.2188 170 1,15 0.001 1 -1 1,13 0.001 -1 -1 2,15 0.002 -1 -1 3.0201 1 12,3 0.001 1 1 14,3 0.002 0 1 13,3 0.002 0 1 6.014 2 12,12 0.001 -1 0 13,15 0.002 -1 0 12,15 0.001 1 -1 183.26 328 ::f,0,15 f,1,1 f,12,2 f,13,14 
260:2,3 0.001 1 0 3,0 0.001 -1 -1 2,1 0.001 0 1 16.2198 170 1,15 0.001 1 0 1,13 0.001 -1 0 2,15 0.002 0 -1 3.0201 1 12,3 0.001 0 1 14,3 0.002 -1 1 13,3 0.002 -1 1 6.014 2 12,12 0.001 -1 1 13,15 0.002 -1 0 12,15 0.001 1 -1 183.26 324 :12,15 :f,0,15 f,1,1 f,12,2 f,13,14 
261:2,3 0.001 1 0 3,0 0.001 -1 0 2,1 0.001 1 1 16.2198 170 1,15 0.001 1 1 1,13 0.001 -1 1 2,15 0.002 1 -1 3.0201 1 12,3 0.001 -1 1 14,3 0.002 -1 0 13,3 0.002 -1 0 6.014 2 12,12 0.001 0 1 13,15 0.002 -1 0 12,15 0.001 1 -1 193.26 339 ::f,0,15 f,1,1 f,12,2 f,15,12 
262:3,3 0.001 1 0 2,0 0.001 -1 0 2,1 0.001 1 0 16.2218 170 1,15 0.001 0 1 1,13 0.001 0 1 2,15 0.002 1 0 3.0201 1 12,3 0.001 -1 0 14,3 0.002 -1 -1 13,3 0.002 -1 -1 6.014 2 12,13 0.001 0 1 13,15 0.002 -1 0 13,14 0.001 1 -1 193.262 339 ::f,0,15 f,1,1 f,12,2 f,15,12 
263:3,3 0.001 1 -1 1,0 0.001 -1 0 2,1 0.001 1 -1 16.2228 170 1,15 0.001 -1 1 1,13 0.001 1 1 2,15 0.002 1 1 3.0201 1 12,3 0.001 -1 -1 14,3 0.002 0 -1 13,3 0.002 0 -1 6.014 2 12,14 0.001 0 1 12,15 0.002 -1 0 13,14 0.001 1 -1 193.264 339 ::f,0,15 f,1,1 f,12,2 f,15,12 
264:3,3 0.001 0 -1 1,0 0.001 -1 0 2,1 0.001 0 -1 16.2228 170 1,15 0.001 -1 0 1,13 0.001 1 0 2,15 0.002 0 1 3.0201 1 12,3 0.001 0 -1 14,3 0.002 1 -1 13,3 0.002 1 -1 6.014 2 12,14 0.001 0 1 12,15 0.002 -1 -1 14,13 0.001 1 -1 193.265 339 ::f,0,15 f,1,1 f,12,2 f,15,12 
265:3,2 0.001 0 -1 0,0 0.001 -1 0 2,1 0.001 -1 -1 16.2248 170 1,15 0.001 -1 -1 1,13 0.001 1 -1 2,15 0.002 -1 1 3.0201 1 12,3 0.001 1 -1 14,3 0.002 1 0 13,3 0.002 1 0 6.014 2 12,14 0.001 1 1 12,15 0.002 0 -1 14,13 0.001 1 -1 203.265 354 ::f,0,15 f,1,1 f,12,2 f,12,13 
266:3,2 0.001 0 -1 0,0 0.001 -1 1 2,1 0.001 -1 0 16.2248 170 1,15 0.001 0 -1 1,13 0.001 0 -1 2,15 0.002 -1 0 3.0201 1 12,3 0.001 1 0 14,3 0.002 1 1 13,3 0.002 1 1 6.014 2 13,15 0.001 1 1 12,14 0.002 0 -1 15,12 0.001 1 -1 203.268 354 ::f,0,15 f,1,1 f,12,2 f,12,13 
267:3,2 0.001 0 -1 0,0 0.001 0 1 2,1 0.001 -1 1 16.2248 170 1,15 0.001 1 -1 1,13 0.001 -1 -1 2,15 0.002 -1 -1 3.0201 1 12,3 0.001 1 1 14,3 0.002 0 1 13,3 0.002 0 1 6.014 2 13,15 0.001 1 1 12,14 0.002 0 -1 15,12 0.001 0 -1 203.268 354 ::f,0,15 f,1,1 f,12,2 f,12,13 
268:3,2 0.001 0 -1 0,1 0.001 0 1 2,1 0.001 0 1 16.2258 170 1,15 0.001 1 0 1,13 0.001 -1 0 2,15 0.002 0 -1 3.0201 1 12,3 0.001 0 1 14,3 0.002 -1 1 13,3 0.002 -1 1 6.014 2 13,15 0.001 1 0 12,14 0.002 0 -1 15,12 0.001 -1 -1 203.268 354 ::f,0,15 f,1,1 f,12,2 f,12,13 
269:3,1 0.001 0 -1 0,1 0.001 0 1 2,1 0.001 1 1 16.2268 170 1,15 0.001 1 1 1,13 0.001 -1 1 2,15 0.002 1 -1 3.0201 1 12,3 0.001 -1 1 14,3 0.002 -1 0 13,3 0.002 -1 0 6.014 2 14,15 0.001 1 0 12,14 0.002 0 -1 15,12 0.001 -1 0 203.269 354 ::f,0,15 f,1,1 f,12,2 f,12,13 
270:3,1 0.001 0 -1 0,2 0.001 0 1 2,1 0.001 1 0 16.2278 170 1,15 0.001 0 1 1,13 0.001 0 1 2,15 0.002 1 0 3.0201 1 12,3 0.001 -1 0 14,3 0.002 -1 -1 13,3 0.002 -1 -1 6.014 2 15,15 0.001 1 0 12,14 0.002 0 -1 14,12 0.001 -1 0 203.271 354 ::f,0,15 f,1,1 f,12,2 f,12,13 
271:3,0 0.001 0 -1 0,2 0.001 0 1 2,1 0.001 1 -1 16.2288 170 1,15 0.001 -1 1 1,13 0.001 1 1 2,15 0.002 1 1 3.0201 1 12,3 0.001 -1 -1 14,3 0.002 0 -1 13,3 0.002 0 -1 6.014 2 15,15 0.001 1 0 12,14 0.002 0 -1 13,12 0.001 -1 0 203.272 354 ::f,0,15 f,1,1 f,12,2 f,12,13 
272:3,0 0.001 -1 -1 0,3 0.001 0 1 2,1 0.001 0 -1 16.2298 170 1,15 0.001 -1 0 1,13 0.001 1 0 2,15 0.002 0 1 3.0201 1 12,3 0.001 0 -1 14,3 0.002 1 -1 13,3 0.002 1 -1 6.014 2 15,15 0.001 1 -1 12,14 0.002 0 -1 13,12 0.001 -1 0 203.272 354 ::f,0,15 f,1,1 f,12,2 f,12,13 
273:3,0 0.001 -1 0 0,3 0.001 1 1 2,1 0.001 -1 -1 16.2298 170 1,15 0.001 -1 -1 1,13 0.001 1 -1 2,15 0.002 -1 1 3.0201 1 12,3 0.001 1 -1 14,3 0.002 1 0 13,3 0.002 1 0 6.014 2 15,15 0.001 0 -1 12,14 0.002 0 -1 12,12 0.001 -1 0 203.273 354 ::f,0,15 f,1,1 f,12,2 f,12,13 
274:2,0 0.001 -1 0 0,3 0.001 1 0 2,1 0.001 -1 0 16.2308 170 1,15 0.001 -1 -1 1,13 0.001 0 -1 2,15 0.002 -1 0 3.0201 1 12,3 0.001 1 0 14,3 0.002 1 1 13,3 0.002 1 1 6.014 2 15,14 0.001 0 -1 12,14 0.002 0 -1 12,12 0.001 -1 1 203.274 354 ::f,0,15 f,1,1 f,12,2 f,12,13 
275:1,0 0.001 -1 0 1,3 0.001 1 0 2,1 0.001 -1 1 16.2328 170 1,15 0.001 0 -1 1,13 0.001 -1 -1 2,15 0.002 -1 -1 3.0201 1 12,3 0.001 1 1 14,3 0.002 0 1 13,3 0.002 0 1 6.014 2 15,13 0.001 0 -1 12,14 0.002 0 -1 12,12 0.001 0 1 203.275 354 ::f,0,15 f,1,1 f,12,2 f,12,13 
276:0,0 0.001 -1 0 2,3 0.001 1 0 2,1 0.001 0 1 16.2348 170 1,15 0.001 1 -1 1,13 0.001 -1 0 2,15 0.002 0 -1 3.0201 1 12,3 0.001 0 1 14,3 0.002 -1 1 13,3 0.002 -1 1 6.014 2 15,13 0.001 0 -1 12,14 0.002 0 -1 12,12 0.001 0 1 203.275 354 ::f,0,15 f,1,1 f,12,2 f,12,13 
277:0,0 0.001 -1 1 2,3 0.001 1 0 2,1 0.001 1 1 16.2348 170 1,15 0.001 1 0 1,13 0.001 -1 1 2,15 0.002 1 -1 3.0201 1 12,3 0.001 -1 1 14,3 0.002 -1 0 13,3 0.002 -1 0 6.014 2 15,13 0.001 0 -1 12,14 0.002 0 -1 12,12 0.001 0 1 213.275 369 ::f,0,15 f,1,1 f,12,2 f,13,13 
278:0,0 0.001 0 1 3,3 0.001 1 0 2,1 0.001 1 0 16.2358 170 1,15 0.001 1 1 1,13 0.001 0 1 2,15 0.002 1 0 3.0201 1 12,3 0.001 -1 0 14,3 0.002 -1 -1 13,3 0.002 -1 -1 6.014 2 15,12 0.001 0 -1 12,13 0.002 0 -1 12,12 0.001 0 1 213.277 369 ::f,0,15 f,1,1 f,12,2 f,13,13 
279:0,1 0.001 0 1 3,3 0.001 1 -1 2,1 0.001 1 -1 16.2368 170 1,15 0.001 0 1 1,13 0.001 1 1 2,15 0.002 1 1 3.0201 1 12,3 0.001 -1 -1 14,3 0.002 0 -1 13,3 0.002 0 -1 6.014 2 15,12 0.001 -1 -1 12,13 0.002 0 -1 12,12 0.001 1 1 213.277 365 :12,12 :f,0,15 f,1,1 f,12,2 f,13,13 
280:0,1 0.001 0 1 3,3 0.001 0 -1 2,1 0.001 0 -1 16.2368 170 1,15 0.001 -1 1 1,13 0.001 1 0 2,15 0.002 0 1 3.0201 1 12,3 0.001 0 -1 14,3 0.002 1 -1 13,3 0.002 1 -1 6.014 2 15,12 0.001 -1 0 12,13 0.002 0 -1 12,12 0.001 1 1 213.277 365 ::f,0,15 f,1,1 f,12,2 f,13,13 
281:0,2 0.001 0 1 3,2 0.001 0 -1 2,1 0.001 -1 -1 16.2388 170 1,15 0.001 -1 0 1,13 0.001 1 -1 2,15 0.002 -1 1 3.0201 1 12,3 0.001 1 -1 14,3 0.002 1 0 13,3 0.002 1 0 6.014 2 14,12 0.001 -1 0 12,13 0.002 0 -1 12,12 0.001 1 1 213.278 361 :12,12 :f,0,15 f,1,1 f,12,2 f,13,13 
282:0,3 0.001 0 1 3,1 0.001 0 -1 2,1 0.001 -1 0 16.2408 170 1,15 0.001 -1 -1 1,13 0.001 0 -1 2,15 0.002 -1 0 3.0201 1 12,3 0.001 1 0 14,3 0.002 1 1 13,3 0.002 1 1 6.014 2 13,12 0.001 -1 0 12,13 0.002 0 -1 12,12 0.001 1 1 223.279 376 ::f,0,15 f,1,1 f,12,2 f,15,15 
283:0,3 0.001 1 1 3,1 0.001 0 -1 2,1 0.001 -1 1 16.2408 170 1,15 0.001 0 -1 1,13 0.001 -1 -1 2,15 0.002 -1 -1 3.0201 1 12,3 0.001 1 1 14,3 0.002 0 1 13,3 0.002 0 1 6.014 2 13,12 0.001 -1 0 12,13 0.002 0 -1 13,13 0.001 1 1 223.28 376 ::f,0,15 f,1,1 f,12,2 f,15,15 
284:0,3 0.001 1 0 3,0 0.001 0 -1 2,1 0.001 0 1 16.2418 170 1,15 0.001 1 -1 1,13 0.001 -1 0 2,15 0.002 0 -1 3.0201 1 12,3 0.001 0 1 14,3 0.002 -1 1 13,3 0.002 -1 1 6.014 2 12,12 0.001 -1 0 12,13 0.002 0 -1 14,14 0.001 1 1 223.282 376 ::f,0,15 f,1,1 f,12,2 f,15,15 
285:1,3 0.001 1 0 3,0 0.001 -1 -1 2,1 0.001 1 1 16.2428 170 1,15 0.001 1 0 1,13 0.001 -1 1 2,15 0.002 1 -1 3.0201 1 12,3 0.001 -1 1 14,3 0.002 -1 0 13,3 0.002 -1 0 6.014 2 12,12 0.001 -1 0 12,13 0.002 0 -1 14,14 0.001 1 1 233.282 391 ::f,0,15 f,1,1 f,12,2 f,13,14 
286:1,3 0.001 1 0 3,0 0.001 -1 0 2,1 0.001 1 0 16.2428 170 1,15 0.001 1 1 1,13 0.001 0 1 2,15 0.002 1 0 3.0201 1 12,3 0.001 -1 0 14,3 0.002 -1 -1 13,3 0.002 -1 -1 6.014 2 12,12 0.001 -1 1 12,13 0.002 0 -1 15,15 0.001 1 1 233.283 387 :12,12 :f,0,15 f,1,1 f,12,2 f,13,14 
287:1,3 0.001 1 0 2,0 0.001 -1 0 2,1 0.001 1 -1 16.2438 170 1,15 0.001 0 1 1,13 0.001 1 1 2,15 0.002 1 1 3.0201 1 12,3 0.001 -1 -1 14,3 0.002 0 -1 13,3 0.002 0 -1 6.014 2 12,12 0.001 0 1 12,13 0.002 0 -1 15,15 0.001 1 0 233.283 387 ::f,0,15 f,1,1 f,12,2 f,13,14 
288:2,3 0.001 1 0 1,0 0.001 -1 0 2,1 0.001 0 -1 16.2458 170 1,15 0.001 -1 1 1,13 0.001 1 0 2,15 0.002 0 1 3.0201 1 12,3 0.001 0 -1 14,3 0.002 1 -1 13,3 0.002 1 -1 6.014 2 12,12 0.001 1 1 12,13 0.002 0 -1 15,15 0.001 1 -1 233.283 387 ::f,0,15 f,1,1 f,12,2 f,13,14 
289:3,3 0.001 1 0 0,0 0.001 -1 0 2,1 0.001 -1 -1 16.2478 170 1,15 0.001 -1 0 1,13 0.001 1 -1 2,15 0.002 -1 1 3.0201 1 12,3 0.001 1 -1 14,3 0.002 1 0 13,3 0.002 1 0 6.014 2 13,13 0.001 1 1 12,12 0.002 0 -1 15,15 0.001 0 -1 233.285 387 ::f,0,15 f,1,1 f,12,2 f,13,14 
290:3,3 0.001 1 -1 0,0 0.001 -1 1 2,1 0.001 -1 0 16.2478 170 1,15 0.001 -1 -1 1,13 0.001 0 -1 2,15 0.002 -1 0 3.0201 1 12,3 0.001 1 0 14,3 0.002 1 1 13,3 0.002 1 1 6.014 2 14,14 0.001 1 1 12,12 0.002 0 -1 15,14 0.001 0 -1 233.287 383 :12,11 :f,0,15 f,1,1 f,12,2 f,13,14 
291:3,3 0.001 0 -1 0,0 0.001 0 1 2,1 0.001 -1 1 16.2478 170 1,15 0.001 0 -1 1,13 0.001 -1 -1 2,15 0.002 -1 -1 3.0201 1 12,3 0.001 1 1 14,3 0.002 0 1 13,3 0.002 0 1 6.014 2 14,14 0.001 1 1 12,12 0.002 1 -1 15,13 0.001 0 -1 233.288 383 :12,10 :f,0,15 f,1,1 f,12,2 f,13,14 
292:3,2 0.001 0 -1 0,1 0.001 0 1 2,1 0.001 0 1 16.2498 170 1,15 0.001 1 -1 1,13 0.001 -1 0 2,15 0.002 0 -1 3.0201 1 12,3 0.001 0 1 14,3 0.002 -1 1 13,3 0.002 -1 1 6.014 2 15,15 0.001 1 1 12,12 0.002 1 0 15,12 0.001 0 -1 233.29 383 :12,9 :f,0,15 f,1,1 f,12,2 f,13,14 
293:3,1 0.001 0 -1 0,1 0.001 0 1 2,1 0.001 1 1 16.2508 170 1,15 0.001 1 0 1,13 0.001 -1 1 2,15 0.002 1 -1 3.0201 1 12,3 0.001 -1 1 14,3 0.002 -1 0 13,3 0.002 -1 0 6.014 2 15,15 0.001 1 1 13,12 0.002 1 0 15,12 0.001 -1 -1 233.291 383 :12,8 :f,0,15 f,1,1 f,12,2 f,13,14 
294:3,1 0.001 0 -1 0,2 0.001 0 1 2,1 0.001 1 0 16.2518 170 1,15 0.001 1 1 1,13 0.001 0 1 2,15 0.002 1 0 3.0201 1 12,3 0.001 -1 0 14,3 0.002 -1 -1 13,3 0.002 -1 -1 6.014 2 15,15 0.001 1 0 14,12 0.002 1 0 15,12 0.001 -1 0 233.292 383 :12,7 :f,0,15 f,1,1 f,12,2 f,13,14 
295:3,0 0.001 0 -1 0,3 0.001 0 1 2,1 0.001 1 -1 16.2538 170 1,15 0.001 0 1 1,13 0.001 1 1 2,15 0.002 1 1 3.0201 1 12,3 0.001 -1 -1 14,3 0.002 0 -1 13,3 0.002 0 -1 6.014 2 15,15 0.001 1 -1 14,12 0.002 1 0 15,12 0.001 -1 1 233.292 383 :12,6 :f,0,15 f,1,1 f,12,2 f,13,14 
296:3,0 0.001 -1 -1 0,3 0.001 1 1 2,1 0.001 0 -1 16.2538 170 1,15 0.001 -1 1 1,13 0.001 1 0 2,15 0.002 0 1 3.0201 1 12,3 0.001 0 -1 14,3 0.002 1 -1 13,3 0.002 1 -1 6.014 2 15,15 0.001 0 -1 14,12 0.002 1 0 14,13 0.001 -1 1 233.293 383 :12,5 :f,0,15 f,1,1 f,12,2 f,13,14 
297:3,0 0.001 -1 0 0,3 0.001 1 0 2,1 0.001 -1 -1 16.2538 170 1,15 0.001 -1 0 1,13 0.001 1 -1 2,15 0.002 -1 1 3.0201 1 12,3 0.001 1 -1 14,3 0.002 1 0 13,3 0.002 1 0 6.014 2 15,14 0.001 0 -1 15,12 0.002 1 0 14,13 0.001 -1 1 243.295 398 :12,4 :f,0,15 f,1,1 f,12,2 f,14,12 
298:2,0 0.001 -1 0 1,3 0.001 1 0 2,1 0.001 -1 0 16.2558 170 1,15 0.001 -1 -1 1,13 0.001 0 -1 2,15 0.002 -1 0 3.0201 1 12,3 0.001 1 0 14,3 0.002 1 1 13,3 0.002 1 1 6.014 2 15,14 0.001 0 -1 15,12 0.002 1 1 13,14 0.001 -1 1 243.296 398 :12,3 :f,0,15 f,1,1 f,12,2 f,14,12 
299:1,0 0.001 -1 0 1,3 0.001 1 0 2,1 0.001 -1 1 16.2568 170 1,15 0.001 0 -1 1,13 0.001 -1 -1 2,15 0.002 -1 -1 3.0201 1 12,3 0.001 1 1 14,3 0.002 0 1 13,3 0.002 0 1 6.014 2 15,13 0.001 0 -1 15,12 0.002 0 1 13,14 0.001 -1 1 246.297 398 ::f,0,15 f,1,1 f,12,2 f,14,12 
