16
0:1,1 0.001 1 0 1,0 0.003 -1 0 2,3 0.002 -1 1 0.002 50 2,12 0.001 1 -1 3,13 0.003 0 -1 0,12 0.002 -1 -1 0.002 50 14,0 0.001 0 -1 12,0 0.003 -1 0 15,3 0.002 1 0 0.001 50 15,15 0.001 1 1 13,12 0.003 0 1 12,12 0.002 -1 -1 0.001 50 ::f,2,1 f,3,12 f,12,2 f,13,14 
1:1,1 0.001 1 0 0,0 0.003 -1 0 2,3 0.002 0 1 0.003 50 2,12 0.001 1 0 3,13 0.001 0 -1 0,12 0.002 -1 0 0.0021 65 14,0 0.001 -1 -1 12,0 0.003 -1 1 15,3 0.002 1 -1 0.001 50 15,15 0.001 1 0 13,13 0.003 0 1 12,12 0.002 -1 0 0.002 50 ::f,1,12 f,2,1 f,12,2 f,13,14 
2:1,1 0.001 1 0 0,0 0.003 -1 1 2,3 0.002 1 1 0.0031 65 3,12 0.001 1 0 3,13 0.001 0 -1 0,12 0.002 -1 1 0.0031 65 14,0 0.001 -1 0 12,0 0.003 0 1 15,3 0.002 0 -1 0.001 50 15,15 0.001 1 -1 13,13 0.001 0 1 12,12 0.002 -1 1 0.0021 65 ::f,1,12 f,2,0 f,12,2 f,14,13 
3:2,1 0.001 1 0 0,0 0.003 0 1 2,3 0.002 1 0 0.0041 65 3,12 0.001 1 1 3,13 0.001 -1 -1 0,12 0.002 0 1 0.0031 65 13,0 0.001 -1 0 12,1 0.003 0 1 15,2 0.002 0 -1 0.004 50 15,15 0.001 0 -1 13,14 0.001 0 1 12,12 0.002 0 1 0.0031 65 ::f,1,12 f,2,0 f,12,2 f,14,13 
4:3,1 0.001 1 0 0,1 0.003 0 1 3,3 0.002 1 0 0.0071 65 3,12 0.001 0 1 2,12 0.001 -1 -1 0,13 0.002 0 1 0.0051 65 12,0 0.001 -1 0 12,1 0.001 0 1 15,1 0.002 0 -1 0.0061 65 15,14 0.001 0 -1 13,14 0.001 0 1 12,13 0.002 0 1 0.0051 65 ::f,1,12 f,2,0 f,13,3 f,14,13 
5:3,1 0.001 1 -1 0,2 0.003 0 1 3,3 0.002 1 -1 0.0081 65 3,13 0.001 0 1 2,12 0.001 -1 0 0,14 0.002 0 1 0.0071 65 12,0 0.001 -1 1 12,2 0.001 0 1 15,0 0.002 0 -1 0.0081 65 15,13 0.001 0 -1 13,15 0.001 0 1 12,14 0.002 0 1 0.0081 65 ::f,1,12 f,2,0 f,13,3 f,14,13 
6:3,1 0.001 0 -1 0,2 0.001 0 1 3,3 0.002 0 -1 0.0081 65 3,13 0.001 0 1 2,12 0.001 -1 0 0,14 0.001 0 1 0.0071 65 12,0 0.001 0 1 12,3 0.001 0 1 15,0 0.002 -1 -1 0.0091 65 15,13 0.001 0 -1 13,15 0.001 1 1 12,14 0.001 0 1 0.0081 65 ::f,1,12 f,2,0 f,13,3 f,14,13 
7:3,0 0.001 0 -1 0,3 0.001 0 1 3,2 0.002 0 -1 0.0111 65 3,14 0.001 0 1 2,12 0.001 -1 0 0,15 0.001 0 1 0.0091 65 12,1 0.001 0 1 12,3 0.001 1 1 15,0 0.002 -1 0 0.0101 65 15,13 0.001 0 -1 13,15 0.001 1 0 12,15 0.001 0 1 0.0091 65 ::f,1,12 f,2,0 f,13,3 f,14,13 
8:3,0 0.001 -1 -1 0,3 0.001 1 1 3,1 0.002 0 -1 0.0121 65 3,14 0.001 0 1 2,12 0.001 -1 0 0,15 0.001 1 1 1.0092 80 12,1 0.001 0 1 12,3 0.001 1 0 14,0 0.002 -1 0 0.0111 65 15,12 0.001 0 -1 14,15 0.001 1 0 12,15 0.001 1 1 0.0111 65 ::f,2,0 f,3,15 f,13,3 f,14,13 
9:3,0 0.001 -1 0 0,3 0.001 1 0 3,1 0.001 0 -1 0.0121 65 3,14 0.001 0 1 1,12 0.001 -1 0 0,15 0.001 1 0 1.0103 95 12,2 0.001 0 1 12,3 0.001 1 0 13,0 0.002 -1 0 0.0131 65 15,12 0.001 -1 -1 14,15 0.001 1 0 12,15 0.001 1 0 0.0111 65 ::f,2,0 f,2,14 f,13,3 f,14,13 
10:3,0 0.001 -1 0 1,3 0.001 1 0 3,1 0.001 -1 -1 0.0131 65 3,15 0.001 0 1 0,12 0.001 -1 0 1,15 0.001 1 0 1.0133 95 12,2 0.001 0 1 12,3 0.001 1 0 12,0 0.002 -1 0 1.0142 80 15,12 0.001 -1 0 15,15 0.001 1 0 13,15 0.001 1 0 0.0131 65 ::f,2,0 f,2,14 f,14,1 f,14,13 
11:3,0 0.001 -1 0 1,3 0.001 1 0 3,1 0.001 -1 -1 0.0131 65 3,15 0.001 -1 1 0,12 0.001 -1 1 1,15 0.001 1 0 1.0133 95 12,2 0.001 1 1 13,3 0.001 1 0 12,0 0.002 -1 1 1.0152 80 14,12 0.001 -1 0 15,15 0.001 1 -1 14,15 0.001 1 0 0.0151 65 ::f,2,0 f,2,14 f,14,1 f,14,13 
12:3,0 0.001 -1 0 2,3 0.001 1 0 2,0 0.001 -1 -1 1.0152 80 3,15 0.001 -1 0 0,12 0.001 0 1 1,15 0.001 1 0 1.0133 95 12,2 0.001 1 0 14,3 0.001 1 0 12,0 0.002 0 1 1.0162 80 13,12 0.001 -1 0 15,15 0.001 0 -1 14,15 0.001 1 0 0.0161 65 ::f,0,3 f,2,14 f,14,1 f,14,13 
13:3,0 0.001 -1 0 2,3 0.001 1 0 2,0 0.001 -1 0 1.0152 80 2,15 0.001 -1 0 0,13 0.001 0 1 1,15 0.001 1 0 1.0153 95 13,2 0.001 1 0 14,3 0.001 1 0 12,1 0.002 0 1 1.0182 80 12,12 0.001 -1 0 15,14 0.001 0 -1 15,15 0.001 1 0 0.0191 65 ::f,0,3 f,2,14 f,14,1 f,14,13 
14:3,0 0.001 -1 1 3,3 0.001 1 0 1,0 0.001 -1 0 1.0172 80 2,15 0.001 -1 0 0,14 0.001 0 1 1,15 0.001 1 -1 1.0163 95 13,2 0.001 1 0 14,3 0.001 1 0 12,1 0.001 0 1 1.0182 80 12,12 0.001 -1 1 15,13 0.001 0 -1 15,15 0.001 1 -1 0.0201 65 ::f,0,3 f,2,14 f,14,1 f,14,13 
15:2,1 0.001 -1 1 3,3 0.001 1 -1 0,0 0.001 -1 0 1.0192 80 2,15 0.001 -1 0 0,15 0.001 0 1 1,15 0.001 1 -1 1.0173 95 14,2 0.001 1 0 15,3 0.001 1 0 12,1 0.001 0 1 1.0202 80 12,12 0.001 0 1 15,12 0.001 0 -1 15,15 0.001 0 -1 0.0211 65 ::f,0,3 f,2,14 f,14,1 f,14,13 
16:1,2 0.001 -1 1 3,3 0.001 0 -1 0,0 0.001 -1 1 1.0202 80 2,15 0.001 -1 0 0,15 0.001 1 1 1,15 0.001 1 -1 1.0174 110 14,2 0.001 1 0 15,3 0.001 1 -1 12,2 0.001 0 1 1.0212 80 12,13 0.001 0 1 15,12 0.001 -1 -1 15,14 0.001 0 -1 0.0231 65 ::f,0,3 f,1,12 f,14,1 f,14,13 
17:1,2 0.001 -1 1 3,3 0.001 0 -1 0,0 0.001 0 1 3.0203 95 2,15 0.001 -1 0 0,15 0.001 1 0 2,14 0.001 1 -1 1.0184 110 14,2 0.001 1 0 15,3 0.001 0 -1 12,3 0.001 0 1 1.0222 80 12,14 0.001 0 1 15,12 0.001 -1 0 15,13 0.001 0 -1 0.0251 65 ::f,1,12 f,3,2 f,14,1 f,14,13 
18:0,3 0.001 -1 1 3,3 0.001 0 -1 0,1 0.001 0 1 3.0224 110 1,15 0.001 -1 0 0,15 0.001 1 -1 2,14 0.001 1 -1 1.0194 110 15,2 0.001 1 0 15,3 0.001 -1 -1 12,3 0.001 1 1 1.0232 80 12,14 0.001 0 1 14,12 0.001 -1 0 15,13 0.001 0 -1 0.0261 65 ::f,1,12 f,3,2 f,14,1 f,14,13 
19:0,3 0.001 0 1 3,3 0.001 0 -1 0,1 0.001 0 1 3.0224 110 1,15 0.001 -1 0 1,14 0.001 1 -1 2,14 0.001 1 -1 1.0204 110 15,2 0.001 1 -1 14,2 0.001 -1 -1 12,3 0.001 1 0 1.0242 80 12,15 0.001 0 1 13,12 0.001 -1 0 15,13 0.001 0 -1 0.0281 65 ::f,1,12 f,3,2 f,14,1 f,14,13 
20:0,3 0.001 1 1 3,3 0.001 0 -1 0,2 0.001 0 1 4.0235 125 0,15 0.001 -1 0 2,13 0.001 1 -1 3,13 0.001 1 -1 1.0234 110 15,2 0.001 0 -1 13,1 0.001 -1 -1 13,3 0.001 1 0 1.0262 80 12,15 0.001 1 1 12,12 0.001 -1 0 15,12 0.001 0 -1 0.0301 65 ::f,1,12 f,3,2 f,14,1 f,14,13 
21:0,3 0.001 1 0 3,3 0.001 0 -1 0,2 0.001 0 1 4.0235 125 0,15 0.001 -1 -1 2,13 0.001 1 -1 3,13 0.001 0 -1 1.0234 110 15,1 0.001 0 -1 12,0 0.001 -1 -1 14,3 0.001 1 0 1.0292 80 12,15 0.001 1 0 12,12 0.001 -1 1 15,12 0.001 -1 -1 0.0301 65 ::f,1,12 f,3,2 f,14,1 f,14,13 
22:1,3 0.001 1 0 3,3 0.001 0 -1 0,2 0.001 0 1 6.0246 140 0,15 0.001 0 -1 2,13 0.001 1 -1 3,12 0.001 0 -1 1.0244 110 15,1 0.001 0 -1 12,0 0.001 -1 0 14,3 0.001 1 0 1.0292 80 13,15 0.001 1 0 12,12 0.001 0 1 15,12 0.001 -1 0 0.0311 65 ::f,0,3 f,1,12 f,14,1 f,14,13 
23:1,3 0.001 1 0 3,2 0.001 0 -1 0,2 0.001 0 1 6.0256 140 0,14 0.001 0 -1 2,13 0.001 1 -1 3,12 0.001 -1 -1 1.0254 110 15,0 0.001 0 -1 12,0 0.001 -1 1 15,3 0.001 1 0 1.0312 80 13,15 0.001 1 0 12,13 0.001 0 1 14,12 0.001 -1 0 0.0331 65 ::f,0,3 f,1,12 f,14,1 f,14,13 
24:1,3 0.001 1 0 3,1 0.001 0 -1 0,2 0.001 0 1 6.0267 155 0,13 0.001 0 -1 2,13 0.001 0 -1 3,12 0.001 -1 0 1.0264 110 15,0 0.001 -1 -1 12,0 0.001 0 1 15,3 0.001 1 -1 1.0312 80 13,15 0.001 1 0 12,14 0.001 0 1 13,12 0.001 -1 0 0.0351 65 ::f,1,12 f,3,0 f,14,1 f,14,13 
25:1,3 0.001 1 0 3,1 0.001 0 -1 0,3 0.001 0 1 9.0278 170 0,13 0.001 0 -1 2,12 0.001 0 -1 3,12 0.001 -1 1 1.0274 110 15,0 0.001 -1 0 12,1 0.001 0 1 15,3 0.001 0 -1 1.0322 80 14,15 0.001 1 0 12,15 0.001 0 1 12,12 0.001 -1 0 0.0381 65 ::f,1,2 f,1,12 f,14,1 f,14,13 
26:1,3 0.001 1 0 3,0 0.001 0 -1 0,3 0.001 1 1 9.0288 170 0,12 0.001 0 -1 2,12 0.001 -1 -1 2,13 0.001 -1 1 1.0294 110 14,0 0.001 -1 0 12,2 0.001 0 1 15,2 0.001 0 -1 1.0352 80 15,15 0.001 1 0 12,15 0.001 1 1 12,12 0.001 -1 1 0.0391 65 ::f,1,2 f,1,12 f,14,1 f,14,13 
27:2,3 0.001 1 0 3,0 0.001 -1 -1 0,3 0.001 1 0 9.0298 170 0,12 0.001 1 -1 2,12 0.001 -1 0 1,14 0.001 -1 1 1.0304 110 13,0 0.001 -1 0 12,3 0.001 0 1 15,1 0.001 0 -1 1.0382 80 15,15 0.001 1 -1 12,15 0.001 1 0 12,12 0.001 0 1 0.0391 65 ::f,1,2 f,1,12 f,14,1 f,14,13 
28:2,3 0.001 1 0 3,0 0.001 -1 0 1,3 0.001 1 0 9.0308 170 0,12 0.001 1 0 2,12 0.001 -1 0 0,15 0.001 -1 1 1.0314 110 13,0 0.001 -1 0 12,3 0.001 1 1 15,1 0.001 0 -1 1.0382 80 15,15 0.001 0 -1 13,15 0.001 1 0 12,13 0.001 0 1 0.0411 65 ::f,1,2 f,1,12 f,14,1 f,14,13 
29:3,3 0.001 1 0 2,0 0.001 -1 0 1,3 0.001 1 0 9.0328 170 0,12 0.001 1 0 2,12 0.001 -1 0 0,15 0.001 0 1 1.0314 110 12,0 0.001 -1 0 12,3 0.001 1 0 15,1 0.001 0 -1 1.0392 80 15,14 0.001 0 -1 13,15 0.001 1 0 12,14 0.001 0 1 0.0431 65 ::f,1,2 f,1,12 f,14,1 f,14,13 
30:3,3 0.001 1 -1 1,0 0.001 -1 0 2,3 0.001 1 0 9.0348 170 0,12 0.001 1 0 2,12 0.001 -1 0 0,15 0.001 1 1 3.0315 125 12,0 0.001 -1 1 13,3 0.001 1 0 15,1 0.001 0 -1 1.0402 80 15,13 0.001 0 -1 14,15 0.001 1 0 12,14 0.001 0 1 0.0451 65 ::f,1,2 f,2,15 f,14,1 f,14,13 
31:3,3 0.001 0 -1 1,0 0.001 -1 0 2,3 0.001 1 0 9.0348 170 1,12 0.001 1 0 2,12 0.001 -1 0 0,15 0.001 1 0 3.0325 125 12,0 0.001 0 1 13,3 0.001 1 0 15,0 0.001 0 -1 1.0412 80 15,13 0.001 0 -1 14,15 0.001 1 0 12,14 0.001 0 1 0.0451 65 ::f,1,2 f,2,15 f,14,1 f,14,13 
32:3,2 0.001 0 -1 0,0 0.001 -1 0 3,3 0.001 1 0 9.0378 170 1,12 0.001 1 0 2,12 0.001 -1 1 1,15 0.001 1 0 3.0335 125 12,1 0.001 0 1 13,3 0.001 1 0 15,0 0.001 -1 -1 1.0422 80 15,12 0.001 0 -1 14,15 0.001 1 0 12,15 0.001 0 1 0.0471 65 ::f,1,2 f,2,15 f,14,1 f,14,13 
33:3,1 0.001 0 -1 0,0 0.001 -1 1 3,3 0.001 1 -1 9.0388 170 1,12 0.001 1 0 1,13 0.001 -1 1 1,15 0.001 1 0 4.0346 140 12,2 0.001 0 1 13,3 0.001 1 0 15,0 0.001 -1 0 1.0432 80 15,12 0.001 -1 -1 15,15 0.001 1 0 12,15 0.001 1 1 0.0481 65 ::f,0,15 f,1,2 f,14,1 f,14,13 
34:3,1 0.001 0 -1 0,0 0.001 0 1 3,3 0.001 0 -1 9.0388 170 2,12 0.001 1 0 0,14 0.001 -1 1 2,15 0.001 1 0 4.0376 140 12,2 0.001 0 1 14,3 0.001 1 0 14,0 0.001 -1 0 1.0452 80 15,12 0.001 -1 0 15,15 0.001 1 -1 12,15 0.001 1 0 0.0481 65 ::f,0,15 f,1,2 f,14,1 f,14,13 
35:3,1 0.001 0 -1 0,1 0.001 0 1 3,2 0.001 0 -1 9.0408 170 2,12 0.001 1 0 0,14 0.001 0 1 2,15 0.001 1 0 4.0376 140 12,3 0.001 0 1 14,3 0.001 1 0 13,0 0.001 -1 0 1.0472 80 14,12 0.001 -1 0 15,15 0.001 0 -1 13,15 0.001 1 0 0.0501 65 ::f,0,15 f,1,2 f,14,1 f,14,13 
36:3,0 0.001 0 -1 0,1 0.001 0 1 3,1 0.001 0 -1 9.0428 170 2,12 0.001 1 0 0,14 0.001 0 1 3,15 0.001 1 0 4.0386 140 12,3 0.001 1 1 14,3 0.001 1 0 13,0 0.001 -1 0 1.0472 80 13,12 0.001 -1 0 15,14 0.001 0 -1 13,15 0.001 1 0 0.0521 65 ::f,0,15 f,1,2 f,14,1 f,14,13 
37:3,0 0.001 -1 -1 0,1 0.001 0 1 3,1 0.001 0 -1 9.0428 170 3,12 0.001 1 0 0,14 0.001 0 1 3,15 0.001 1 -1 7.0397 155 12,3 0.001 1 0 14,3 0.001 1 0 13,0 0.001 -1 0 1.0472 80 12,12 0.001 -1 0 15,13 0.001 0 -1 13,15 0.001 1 0 0.0541 65 ::f,0,15 f,1,2 f,14,1 f,14,13 
38:3,0 0.001 -1 0 0,1 0.001 0 1 3,1 0.001 -1 -1 9.0428 170 3,12 0.001 1 1 0,14 0.001 0 1 3,15 0.001 0 -1 11.0398 170 13,3 0.001 1 0 15,3 0.001 1 0 12,0 0.001 -1 0 1.0502 80 12,12 0.001 -1 1 15,12 0.001 0 -1 14,15 0.001 1 0 0.0561 65 ::f,1,2 f,2,13 f,14,1 f,14,13 
39:2,0 0.001 -1 0 0,1 0.001 0 1 3,1 0.001 -1 0 9.0438 170 3,12 0.001 0 1 0,15 0.001 0 1 3,14 0.001 0 -1 11.0418 170 13,3 0.001 1 0 15,3 0.001 1 -1 12,0 0.001 -1 1 1.0502 80 12,12 0.001 0 1 15,12 0.001 -1 -1 14,15 0.001 1 0 0.0561 65 ::f,1,2 f,2,13 f,14,1 f,14,13 
40:1,0 0.001 -1 0 0,2 0.001 0 1 2,1 0.001 -1 0 9.0468 170 3,13 0.001 0 1 0,15 0.001 1 1 3,14 0.001 0 -1 11.0428 170 14,3 0.001 1 0 15,3 0.001 0 -1 12,0 0.001 0 1 1.0512 80 12,13 0.001 0 1 15,12 0.001 -1 0 14,15 0.001 1 0 0.0571 65 ::f,1,2 f,2,13 f,14,1 f,14,13 
41:1,0 0.001 -1 0 0,3 0.001 0 1 1,1 0.001 -1 0 9.0488 170 3,13 0.001 0 1 0,15 0.001 1 0 3,14 0.001 -1 -1 11.0428 170 14,3 0.001 1 0 15,2 0.001 0 -1 12,1 0.001 0 1 1.0532 80 12,14 0.001 0 1 14,12 0.001 -1 0 15,15 0.001 1 0 0.0601 65 ::f,1,2 f,2,13 f,14,1 f,14,13 
42:0,0 0.001 -1 0 0,3 0.001 1 1 0,1 0.001 -1 0 9.0508 170 3,13 0.001 0 1 1,15 0.001 1 0 3,14 0.001 -1 -1 11.0438 170 15,3 0.001 1 0 15,1 0.001 0 -1 12,2 0.001 0 1 1.0562 80 12,15 0.001 0 1 13,12 0.001 -1 0 15,15 0.001 1 -1 0.0621 65 ::f,1,2 f,2,13 f,14,1 f,14,13 
43:0,0 0.001 -1 1 0,3 0.001 1 0 0,1 0.001 -1 1 9.0508 170 3,13 0.001 0 1 1,15 0.001 1 0 3,14 0.001 -1 -1 11.0438 170 15,3 0.001 1 -1 15,1 0.001 0 -1 12,2 0.001 0 1 1.0562 80 12,15 0.001 1 1 13,12 0.001 -1 0 15,15 0.001 0 -1 0.0621 65 ::f,1,2 f,2,13 f,14,1 f,14,13 
44:0,0 0.001 0 1 1,3 0.001 1 0 0,1 0.001 0 1 9.0518 170 3,13 0.001 0 1 1,15 0.001 1 0 3,14 0.001 -1 -1 13.0439 185 15,3 0.001 0 -1 15,1 0.001 0 -1 12,3 0.001 0 1 1.0572 80 12,15 0.001 1 0 12,12 0.001 -1 0 15,14 0.001 0 -1 0.0641 65 ::f,1,2 f,1,13 f,14,1 f,14,13 
45:0,0 0.001 1 1 1,3 0.001 1 0 0,2 0.001 0 1 9.0528 170 3,13 0.001 0 1 2,15 0.001 1 0 2,13 0.001 -1 -1 13.0459 185 15,2 0.001 0 -1 15,0 0.001 0 -1 12,3 0.001 1 1 1.0592 80 13,15 0.001 1 0 12,12 0.001 -1 1 15,13 0.001 0 -1 0.0661 65 ::f,1,2 f,1,13 f,14,1 f,14,13 
46:1,1 0.001 1 1 2,3 0.001 1 0 0,2 0.001 0 1 9.0548 170 3,14 0.001 0 1 3,15 0.001 1 0 1,12 0.001 -1 -1 13.0489 185 15,2 0.001 0 -1 15,0 0.001 -1 -1 12,3 0.001 1 0 1.0592 80 13,15 0.001 1 0 12,12 0.001 0 1 15,13 0.001 0 -1 0.0661 65 ::f,1,2 f,1,13 f,14,1 f,14,13 
47:2,2 0.001 1 1 2,3 0.001 1 0 0,3 0.001 0 1 9.0568 170 3,14 0.001 0 1 3,15 0.001 1 -1 1,12 0.001 -1 0 13.0489 185 15,1 0.001 0 -1 15,0 0.001 -1 0 13,3 0.001 1 0 1.0612 80 14,15 0.001 1 0 12,13 0.001 0 1 15,13 0.001 0 -1 0.0681 65 ::f,1,2 f,1,13 f,14,1 f,14,13 
48:3,3 0.001 1 1 2,3 0.001 1 0 0,3 0.001 1 1 9.0578 170 3,14 0.001 0 1 3,15 0.001 0 -1 0,12 0.001 -1 0 13.0499 185 15,1 0.001 0 -1 14,0 0.001 -1 0 13,3 0.001 1 0 1.0622 80 15,15 0.001 1 0 12,13 0.001 0 1 15,13 0.001 0 -1 0.0691 65 ::f,1,2 f,1,13 f,14,1 f,14,13 
49:3,3 0.001 1 0 2,3 0.001 1 -1 0,3 0.001 1 0 9.0578 170 3,14 0.001 0 1 3,15 0.001 -1 -1 0,12 0.001 -1 1 13.0499 185 15,0 0.001 0 -1 13,0 0.001 -1 0 14,3 0.001 1 0 1.0652 80 15,15 0.001 1 -1 12,13 0.001 0 1 15,13 0.001 0 -1 0.0691 65 ::f,1,2 f,1,13 f,14,1 f,14,13 
50:3,3 0.001 1 -1 3,2 0.001 1 -1 1,3 0.001 1 0 9.0598 170 3,14 0.001 0 1 2,14 0.001 -1 -1 0,12 0.001 0 1 13.0509 185 15,0 0.001 -1 -1 12,0 0.001 -1 0 14,3 0.001 1 0 1.0662 80 15,15 0.001 0 -1 12,13 0.001 0 1 15,12 0.001 0 -1 0.0701 65 ::f,1,2 f,1,13 f,14,1 f,14,13 
51:3,3 0.001 0 -1 3,2 0.001 0 -1 1,3 0.001 1 0 9.0598 170 3,15 0.001 0 1 2,14 0.001 -1 -1 0,13 0.001 0 1 18.053 200 15,0 0.001 -1 0 12,0 0.001 -1 1 14,3 0.001 1 0 1.0662 80 15,14 0.001 0 -1 12,14 0.001 0 1 15,12 0.001 -1 -1 0.0721 65 ::f,0,15 f,1,2 f,14,1 f,14,13 
52:3,3 0.001 -1 -1 3,1 0.001 0 -1 2,3 0.001 1 0 9.0618 170 3,15 0.001 -1 1 1,13 0.001 -1 -1 0,13 0.001 0 1 18.054 200 14,0 0.001 -1 0 12,0 0.001 0 1 15,3 0.001 1 0 1.0682 80 15,13 0.001 0 -1 12,14 0.001 0 1 15,12 0.001 -1 0 0.0731 65 ::f,0,15 f,1,2 f,14,1 f,14,13 
53:2,2 0.001 -1 -1 3,1 0.001 0 -1 3,3 0.001 1 0 9.0638 170 3,15 0.001 -1 0 1,13 0.001 -1 -1 0,14 0.001 0 1 18.055 200 13,0 0.001 -1 0 12,1 0.001 0 1 15,3 0.001 1 -1 1.0702 80 15,13 0.001 0 -1 12,14 0.001 0 1 14,12 0.001 -1 0 0.0741 65 ::f,0,15 f,1,2 f,14,1 f,14,13 
54:1,1 0.001 -1 -1 3,1 0.001 0 -1 3,3 0.001 1 -1 9.0648 170 2,15 0.001 -1 0 1,13 0.001 -1 -1 0,14 0.001 0 1 21.0561 215 12,0 0.001 -1 0 12,1 0.001 0 1 15,3 0.001 0 -1 1.0712 80 15,12 0.001 0 -1 12,15 0.001 0 1 13,12 0.001 -1 0 0.0771 65 ::f,1,2 f,3,14 f,14,1 f,14,13 
55:1,1 0.001 -1 -1 3,0 0.001 0 -1 3,3 0.001 0 -1 9.0658 170 2,15 0.001 -1 0 1,13 0.001 -1 -1 0,15 0.001 0 1 21.0571 215 12,0 0.001 -1 1 12,1 0.001 0 1 15,2 0.001 0 -1 1.0722 80 15,12 0.001 -1 -1 12,15 0.001 1 1 13,12 0.001 -1 0 0.0771 65 ::f,1,2 f,3,14 f,14,1 f,14,13 
56:1,1 0.001 -1 -1 3,0 0.001 -1 -1 3,2 0.001 0 -1 9.0668 170 1,15 0.001 -1 0 1,13 0.001 -1 -1 0,15 0.001 1 1 21.0581 215 12,0 0.001 0 1 12,1 0.001 0 1 15,2 0.001 0 -1 1.0722 80 15,12 0.001 -1 0 12,15 0.001 1 0 13,12 0.001 -1 0 0.0771 65 ::f,1,2 f,3,14 f,14,1 f,14,13 
57:0,0 0.001 -1 -1 3,0 0.001 -1 0 3,1 0.001 0 -1 9.0688 170 1,15 0.001 -1 0 0,12 0.001 -1 -1 0,15 0.001 1 0 21.0591 215 12,0 0.001 1 1 12,2 0.001 0 1 15,1 0.001 0 -1 1.0742 80 14,12 0.001 -1 0 13,15 0.001 1 0 12,12 0.001 -1 0 0.0801 65 ::f,1,2 f,3,14 f,14,1 f,14,13 
58:0,0 0.001 -1 0 2,0 0.001 -1 0 3,1 0.001 0 -1 9.0698 170 1,15 0.001 -1 0 0,12 0.001 -1 0 0,15 0.001 1 0 21.0591 215 13,1 0.001 1 1 12,3 0.001 0 1 15,0 0.001 0 -1 1.0772 80 13,12 0.001 -1 0 13,15 0.001 1 0 12,12 0.001 -1 1 0.0811 65 ::f,1,2 f,3,14 f,14,1 f,14,13 
59:0,0 0.001 -1 1 1,0 0.001 -1 0 3,1 0.001 0 -1 9.0708 170 1,15 0.001 -1 0 0,12 0.001 -1 1 0,15 0.001 1 0 21.0591 215 14,2 0.001 1 1 12,3 0.001 1 1 15,0 0.001 -1 -1 1.0782 80 13,12 0.001 -1 0 13,15 0.001 1 0 12,12 0.001 0 1 0.0811 65 ::f,1,2 f,3,14 f,14,1 f,14,13 
60:0,0 0.001 0 1 1,0 0.001 -1 0 3,0 0.001 0 -1 9.0718 170 1,15 0.001 -1 0 0,12 0.001 0 1 0,15 0.001 1 -1 21.0591 215 15,3 0.001 1 1 12,3 0.001 1 0 15,0 0.001 -1 0 1.0792 80 13,12 0.001 -1 1 14,15 0.001 1 0 12,13 0.001 0 1 0.0831 65 ::f,1,2 f,3,14 f,14,1 f,14,13 
61:0,1 0.001 0 1 0,0 0.001 -1 0 3,0 0.001 -1 -1 9.0738 170 1,15 0.001 -1 0 0,13 0.001 0 1 1,14 0.001 1 -1 21.0611 215 15,3 0.001 1 0 13,3 0.001 1 0 14,0 0.001 -1 0 1.0812 80 13,12 0.001 0 1 15,15 0.001 1 0 12,14 0.001 0 1 0.0851 65 ::f,1,2 f,3,14 f,14,1 f,14,13 
62:0,1 0.001 0 1 0,0 0.001 -1 1 3,0 0.001 -1 0 9.0738 170 0,15 0.001 -1 0 0,13 0.001 0 1 1,14 0.001 1 -1 21.0621 215 15,3 0.001 1 -1 13,3 0.001 1 0 13,0 0.001 -1 0 1.0822 80 13,13 0.001 0 1 15,15 0.001 1 -1 12,15 0.001 0 1 0.0871 65 ::f,1,2 f,3,14 f,14,1 f,14,13 
63:0,1 0.001 0 1 0,0 0.001 0 1 2,0 0.001 -1 0 9.0748 170 0,15 0.001 -1 -1 0,14 0.001 0 1 1,14 0.001 1 -1 21.0631 215 15,3 0.001 0 -1 14,3 0.001 1 0 12,0 0.001 -1 0 1.0842 80 13,13 0.001 0 1 15,15 0.001 0 -1 12,15 0.001 1 1 0.0871 65 ::f,1,2 f,3,14 f,14,1 f,14,13 
64:0,1 0.001 0 1 0,0 0.001 1 1 1,0 0.001 -1 0 9.0758 170 0,15 0.001 0 -1 0,14 0.001 0 1 2,13 0.001 1 -1 21.0641 215 15,2 0.001 0 -1 15,3 0.001 1 0 12,0 0.001 -1 1 1.0862 80 13,13 0.001 0 1 15,14 0.001 0 -1 12,15 0.001 1 0 0.0881 65 ::f,1,2 f,3,14 f,14,1 f,14,13 
65:0,2 0.001 0 1 1,1 0.001 1 1 1,0 0.001 -1 0 9.0778 170 0,15 0.001 0 -1 0,14 0.001 1 1 2,13 0.001 1 -1 21.0641 215 15,1 0.001 0 -1 15,3 0.001 1 -1 12,0 0.001 0 1 1.0872 80 13,14 0.001 0 1 15,13 0.001 0 -1 13,15 0.001 1 0 0.0911 65 ::f,1,2 f,3,14 f,14,1 f,14,13 
66:0,3 0.001 0 1 1,1 0.001 1 1 0,0 0.001 -1 0 9.0798 170 0,15 0.001 0 -1 1,15 0.001 1 1 3,12 0.001 1 -1 21.0661 215 15,0 0.001 0 -1 15,3 0.001 0 -1 12,1 0.001 0 1 1.0892 80 13,14 0.001 0 1 15,13 0.001 0 -1 13,15 0.001 1 0 0.0911 65 ::f,1,2 f,3,14 f,14,1 f,14,13 
67:0,3 0.001 1 1 2,2 0.001 1 1 0,0 0.001 -1 1 9.0808 170 0,14 0.001 0 -1 1,15 0.001 1 0 3,12 0.001 0 -1 21.0671 215 15,0 0.001 -1 -1 15,2 0.001 0 -1 12,2 0.001 0 1 1.0912 80 13,14 0.001 1 1 15,13 0.001 0 -1 14,15 0.001 1 0 0.0921 65 ::f,1,2 f,3,14 f,14,1 f,14,13 
68:0,3 0.001 1 0 3,3 0.001 1 1 0,0 0.001 0 1 9.0818 170 0,14 0.001 0 -1 2,15 0.001 1 0 3,12 0.001 -1 -1 21.0681 215 15,0 0.001 -1 0 15,2 0.001 0 -1 12,3 0.001 0 1 1.0922 80 13,14 0.001 1 0 15,12 0.001 0 -1 14,15 0.001 1 0 0.0931 65 ::f,1,2 f,3,14 f,14,1 f,14,13 
69:1,3 0.001 1 0 3,3 0.001 1 0 0,1 0.001 0 1 9.0838 170 0,13 0.001 0 -1 2,15 0.001 1 0 3,12 0.001 -1 0 21.0691 215 14,0 0.001 -1 0 15,1 0.001 0 -1 12,3 0.001 1 1 1.0942 80 14,14 0.001 1 0 15,12 0.001 -1 -1 15,15 0.001 1 0 0.0951 65 ::f,1,2 f,3,14 f,14,1 f,14,13 
70:1,3 0.001 1 0 3,3 0.001 1 -1 0,2 0.001 0 1 9.0848 170 0,12 0.001 0 -1 2,15 0.001 1 0 2,12 0.001 -1 0 21.0711 215 13,0 0.001 -1 0 15,0 0.001 0 -1 12,3 0.001 1 0 1.0962 80 14,14 0.001 1 0 15,12 0.001 -1 0 15,15 0.001 1 -1 0.0951 65 ::f,1,2 f,3,14 f,14,1 f,14,13 
71:2,3 0.001 1 0 3,3 0.001 0 -1 0,3 0.001 0 1 9.0868 170 0,12 0.001 1 -1 2,15 0.001 1 0 1,12 0.001 -1 0 21.0721 215 12,0 0.001 -1 0 15,0 0.001 -1 -1 13,3 0.001 1 0 1.0982 80 15,14 0.001 1 0 14,12 0.001 -1 0 15,15 0.001 0 -1 0.0971 65 ::f,1,2 f,3,14 f,14,1 f,14,13 
72:2,3 0.001 1 0 3,2 0.001 0 -1 0,3 0.001 1 1 9.0878 170 0,12 0.001 1 0 3,15 0.001 1 0 1,12 0.001 -1 0 21.0731 215 12,0 0.001 -1 1 15,0 0.001 -1 0 13,3 0.001 1 0 1.0982 80 15,14 0.001 1 -1 13,12 0.001 -1 0 15,15 0.001 -1 -1 0.0981 65 ::f,1,2 f,3,14 f,14,1 f,14,13 
73:3,3 0.001 1 0 3,2 0.001 0 -1 0,3 0.001 1 0 9.0888 170 0,12 0.001 1 0 3,15 0.001 1 -1 1,12 0.001 -1 1 21.0731 215 12,0 0.001 0 1 14,0 0.001 -1 0 14,3 0.001 1 0 1.1002 80 15,14 0.001 0 -1 13,12 0.001 -1 0 14,14 0.001 -1 -1 0.0991 65 ::f,1,2 f,3,14 f,14,1 f,14,13 
74:3,3 0.001 1 -1 3,1 0.001 0 -1 1,3 0.001 1 0 9.0908 170 0,12 0.001 1 0 3,15 0.001 0 -1 0,13 0.001 -1 1 21.0741 215 12,1 0.001 0 1 13,0 0.001 -1 0 14,3 0.001 1 0 1.1022 80 15,13 0.001 0 -1 13,12 0.001 -1 0 13,13 0.001 -1 -1 0.1011 65 ::f,1,2 f,3,14 f,14,1 f,14,13 
75:3,3 0.001 0 -1 3,1 0.001 0 -1 2,3 0.001 1 0 9.0918 170 1,12 0.001 1 0 3,15 0.001 0 -1 0,13 0.001 0 1 21.0751 215 12,1 0.001 0 1 13,0 0.001 -1 0 15,3 0.001 1 0 1.1032 80 15,12 0.001 0 -1 12,12 0.001 -1 0 13,13 0.001 -1 -1 0.1031 65 ::f,1,2 f,3,14 f,14,1 f,14,13 
76:3,2 0.001 0 -1 3,0 0.001 0 -1 3,3 0.001 1 0 9.0948 170 1,12 0.001 1 0 3,15 0.001 0 -1 0,14 0.001 0 1 27.0762 230 12,2 0.001 0 1 12,0 0.001 -1 0 15,3 0.001 1 -1 1.1052 80 15,12 0.001 -1 -1 12,12 0.001 -1 1 13,13 0.001 -1 0 0.1031 65 ::f,1,2 f,1,15 f,14,1 f,14,13 
77:3,2 0.001 0 -1 3,0 0.001 -1 -1 3,3 0.001 1 -1 9.0948 170 2,12 0.001 1 0 3,14 0.001 0 -1 0,15 0.001 0 1 27.0792 230 12,3 0.001 0 1 12,0 0.001 -1 1 15,3 0.001 0 -1 1.1062 80 15,12 0.001 -1 0 12,12 0.001 0 1 12,13 0.001 -1 0 0.1041 65 ::f,1,2 f,1,15 f,14,1 f,14,13 
78:3,2 0.001 0 -1 3,0 0.001 -1 0 3,3 0.001 0 -1 9.0948 170 3,12 0.001 1 0 3,14 0.001 0 -1 0,15 0.001 1 1 27.0802 230 12,3 0.001 1 1 12,0 0.001 0 1 15,2 0.001 0 -1 1.1072 80 14,12 0.001 -1 0 12,12 0.001 1 1 12,13 0.001 -1 1 0.1051 65 ::f,1,2 f,1,15 f,14,1 f,14,13 
79:3,1 0.001 0 -1 2,0 0.001 -1 0 3,2 0.001 0 -1 9.0978 170 3,12 0.001 1 1 3,13 0.001 0 -1 0,15 0.001 1 0 27.0812 230 12,3 0.001 1 0 12,1 0.001 0 1 15,2 0.001 0 -1 1.1082 80 13,12 0.001 -1 0 13,13 0.001 1 1 12,13 0.001 0 1 0.1071 65 ::f,1,2 f,1,15 f,14,1 f,14,13 
80:3,1 0.001 0 -1 1,0 0.001 -1 0 3,2 0.001 0 -1 9.0988 170 3,12 0.001 0 1 3,13 0.001 0 -1 0,15 0.001 1 0 27.0812 230 13,3 0.001 1 0 12,2 0.001 0 1 15,2 0.001 0 -1 1.1102 80 12,12 0.001 -1 0 13,13 0.001 1 1 12,14 0.001 0 1 0.1091 65 ::f,1,2 f,1,15 f,14,1 f,14,13 
81:3,1 0.001 0 -1 0,0 0.001 -1 0 3,2 0.001 -1 -1 9.0998 170 3,12 0.001 0 1 3,13 0.001 -1 -1 0,15 0.001 1 0 31.0813 245 14,3 0.001 1 0 12,2 0.001 0 1 15,2 0.001 0 -1 1.1112 80 12,12 0.001 -1 1 14,14 0.001 1 1 12,15 0.001 0 1 0.1111 65 ::f,0,12 f,1,2 f,14,1 f,14,13 
82:3,0 0.001 0 -1 0,0 0.001 -1 1 2,1 0.001 -1 -1 9.1018 170 3,12 0.001 0 1 2,12 0.001 -1 -1 1,15 0.001 1 0 31.0833 245 14,3 0.001 1 0 12,2 0.001 0 1 15,1 0.001 0 -1 1.1122 80 12,12 0.001 0 1 14,14 0.001 1 1 12,15 0.001 1 1 0.1111 65 ::f,0,12 f,1,2 f,14,1 f,14,13 
83:3,0 0.001 -1 -1 0,0 0.001 0 1 2,1 0.001 -1 -1 9.1018 170 3,13 0.001 0 1 2,12 0.001 -1 0 2,15 0.001 1 0 31.0853 245 15,3 0.001 1 0 12,3 0.001 0 1 15,0 0.001 0 -1 1.1152 80 12,13 0.001 0 1 14,14 0.001 1 1 12,15 0.001 1 0 0.1121 65 ::f,0,12 f,1,2 f,14,1 f,14,13 
84:3,0 0.001 -1 0 0,1 0.001 0 1 2,1 0.001 -1 -1 9.1028 170 3,14 0.001 0 1 1,12 0.001 -1 0 2,15 0.001 1 0 31.0873 245 15,3 0.001 1 -1 12,3 0.001 1 1 15,0 0.001 -1 -1 1.1152 80 12,13 0.001 0 1 14,14 0.001 1 1 13,15 0.001 1 0 0.1131 65 ::f,0,12 f,1,2 f,14,1 f,14,13 
85:2,0 0.001 -1 0 0,2 0.001 0 1 1,0 0.001 -1 -1 9.1058 170 3,14 0.001 0 1 1,12 0.001 -1 0 3,15 0.001 1 0 38.0884 260 15,3 0.001 0 -1 12,3 0.001 1 0 15,0 0.001 -1 0 1.1152 80 12,14 0.001 0 1 15,15 0.001 1 1 14,15 0.001 1 0 0.1161 65 ::f,1,2 f,2,14 f,14,1 f,14,13 
86:2,0 0.001 -1 0 0,2 0.001 0 1 1,0 0.001 -1 0 9.1058 170 3,14 0.001 0 1 0,12 0.001 -1 0 3,15 0.001 1 -1 38.0894 260 15,2 0.001 0 -1 13,3 0.001 1 0 14,0 0.001 -1 0 1.1182 80 12,15 0.001 0 1 15,15 0.001 1 0 14,15 0.001 1 0 0.1171 65 ::f,1,2 f,2,14 f,14,1 f,14,13 
87:2,0 0.001 -1 1 0,2 0.001 0 1 0,0 0.001 -1 0 9.1068 170 3,14 0.001 0 1 0,12 0.001 -1 1 3,15 0.001 0 -1 38.0894 260 15,2 0.001 0 -1 13,3 0.001 1 0 13,0 0.001 -1 0 1.1192 80 12,15 0.001 1 1 15,15 0.001 1 -1 14,15 0.001 1 -1 0.1171 65 ::f,1,2 f,2,14 f,14,1 f,14,13 
88:1,1 0.001 -1 1 0,2 0.001 0 1 0,0 0.001 -1 1 9.1078 170 3,14 0.001 0 1 0,12 0.001 0 1 3,15 0.001 -1 -1 38.0894 260 15,1 0.001 0 -1 13,3 0.001 1 0 12,0 0.001 -1 0 1.1212 80 12,15 0.001 1 0 15,15 0.001 0 -1 15,14 0.001 1 -1 0.1181 65 ::f,1,2 f,2,14 f,14,1 f,14,13 
89:1,1 0.001 -1 1 0,3 0.001 0 1 0,0 0.001 0 1 9.1088 170 3,14 0.001 0 1 0,13 0.001 0 1 3,15 0.001 -1 -1 38.0904 260 15,0 0.001 0 -1 14,3 0.001 1 0 12,0 0.001 -1 1 1.1232 80 13,15 0.001 1 0 15,15 0.001 -1 -1 15,14 0.001 0 -1 0.1191 65 ::f,1,2 f,2,14 f,14,1 f,14,13 
90:0,2 0.001 -1 1 0,3 0.001 1 1 0,1 0.001 0 1 9.1108 170 3,14 0.001 0 1 0,14 0.001 0 1 3,15 0.001 -1 -1 43.0915 275 15,0 0.001 -1 -1 15,3 0.001 1 0 12,0 0.001 0 1 1.1242 80 13,15 0.001 1 0 14,14 0.001 -1 -1 15,13 0.001 0 -1 0.1211 65 ::f,1,2 f,1,15 f,14,1 f,14,13 
91:0,2 0.001 0 1 0,3 0.001 1 0 0,1 0.001 0 1 9.1108 170 3,14 0.001 0 1 0,15 0.001 0 1 2,14 0.001 -1 -1 43.0935 275 15,0 0.001 -1 0 15,3 0.001 1 -1 12,1 0.001 0 1 1.1252 80 14,15 0.001 1 0 13,13 0.001 -1 -1 15,12 0.001 0 -1 0.1241 65 ::f,1,2 f,1,15 f,14,1 f,14,13 
92:0,2 0.001 1 1 1,3 0.001 1 0 0,1 0.001 1 1 9.1118 170 3,15 0.001 0 1 0,15 0.001 1 1 2,14 0.001 -1 -1 43.0945 275 14,0 0.001 -1 0 15,3 0.001 0 -1 12,1 0.001 0 1 1.1262 80 14,15 0.001 1 0 13,13 0.001 -1 -1 15,12 0.001 -1 -1 0.1241 65 ::f,1,2 f,1,15 f,14,1 f,14,13 
93:0,2 0.001 1 0 1,3 0.001 1 0 0,1 0.001 1 1 9.1118 170 3,15 0.001 -1 1 0,15 0.001 1 0 1,13 0.001 -1 -1 43.0955 275 13,0 0.001 -1 0 15,2 0.001 0 -1 12,1 0.001 0 1 1.1282 80 15,15 0.001 1 0 13,13 0.001 -1 -1 15,12 0.001 -1 0 0.1251 65 ::f,1,2 f,1,15 f,14,1 f,14,13 
94:0,2 0.001 1 0 2,3 0.001 1 0 0,1 0.001 1 1 10.1129 185 3,15 0.001 -1 0 0,15 0.001 1 0 0,12 0.001 -1 -1 43.0965 275 12,0 0.001 -1 0 15,2 0.001 0 -1 12,2 0.001 0 1 1.1302 80 15,15 0.001 1 -1 12,12 0.001 -1 -1 14,12 0.001 -1 0 0.1271 65 ::f,1,15 f,3,2 f,14,1 f,14,13 
95:1,2 0.001 1 0 2,3 0.001 1 0 0,1 0.001 1 1 10.1139 185 2,15 0.001 -1 0 0,15 0.001 1 0 0,12 0.001 -1 0 43.0975 275 12,0 0.001 -1 1 15,1 0.001 0 -1 12,2 0.001 0 1 1.1312 80 15,15 0.001 0 -1 12,12 0.001 -1 0 13,12 0.001 -1 0 0.1281 65 ::f,1,15 f,3,2 f,14,1 f,14,13 
96:2,2 0.001 1 0 3,3 0.001 1 0 1,2 0.001 1 1 10.1169 185 2,15 0.001 -1 0 1,15 0.001 1 0 0,12 0.001 -1 1 44.0986 290 12,0 0.001 0 1 15,0 0.001 0 -1 12,3 0.001 0 1 1.1332 80 15,14 0.001 0 -1 12,12 0.001 -1 1 13,12 0.001 -1 0 0.1291 65 ::f,3,2 f,3,14 f,14,1 f,14,13 
97:2,2 0.001 1 0 3,3 0.001 1 -1 1,2 0.001 1 1 13.117 200 2,15 0.001 -1 0 1,15 0.001 1 0 0,12 0.001 0 1 44.0986 290 12,1 0.001 0 1 15,0 0.001 -1 -1 12,3 0.001 1 1 1.1342 80 15,14 0.001 0 -1 12,12 0.001 0 1 13,12 0.001 -1 1 0.1291 65 ::f,1,3 f,3,14 f,14,1 f,14,13 
98:3,2 0.001 1 0 3,3 0.001 0 -1 2,3 0.001 1 1 13.119 200 2,15 0.001 -1 0 1,15 0.001 1 -1 0,13 0.001 0 1 44.0996 290 12,2 0.001 0 1 15,0 0.001 -1 0 12,3 0.001 1 0 1.1352 80 15,13 0.001 0 -1 12,13 0.001 0 1 13,12 0.001 0 1 0.1311 65 ::f,1,3 f,3,14 f,14,1 f,14,13 
99:3,2 0.001 1 -1 3,3 0.001 -1 -1 2,3 0.001 1 0 13.119 200 2,15 0.001 -1 0 2,14 0.001 1 -1 0,13 0.001 0 1 44.1006 290 12,2 0.001 0 1 14,0 0.001 -1 0 13,3 0.001 1 0 1.1372 80 15,12 0.001 0 -1 12,14 0.001 0 1 13,13 0.001 0 1 0.1341 65 ::f,1,3 f,3,14 f,14,1 f,14,13 
100:3,2 0.001 0 -1 2,2 0.001 -1 -1 3,3 0.001 1 0 13.121 200 1,15 0.001 -1 0 2,14 0.001 1 -1 0,14 0.001 0 1 44.1026 290 12,3 0.001 0 1 13,0 0.001 -1 0 13,3 0.001 1 0 1.1392 80 15,12 0.001 -1 -1 12,14 0.001 0 1 13,13 0.001 0 1 0.1341 65 ::f,1,3 f,3,14 f,14,1 f,14,13 
101:3,1 0.001 0 -1 2,2 0.001 -1 -1 3,3 0.001 1 -1 13.122 200 1,15 0.001 -1 0 3,13 0.001 1 -1 0,15 0.001 0 1 44.1046 290 12,3 0.001 1 1 12,0 0.001 -1 0 14,3 0.001 1 0 1.1412 80 15,12 0.001 -1 0 12,15 0.001 0 1 13,13 0.001 0 1 0.1351 65 ::f,1,3 f,3,14 f,14,1 f,14,13 
102:3,0 0.001 0 -1 2,2 0.001 -1 -1 3,3 0.001 0 -1 13.123 200 1,15 0.001 -1 0 3,13 0.001 0 -1 0,15 0.001 1 1 44.1046 290 12,3 0.001 1 0 12,0 0.001 -1 1 15,3 0.001 1 0 1.1422 80 14,12 0.001 -1 0 12,15 0.001 1 1 13,13 0.001 0 1 0.1361 65 ::f,1,3 f,3,14 f,14,1 f,14,13 
103:3,0 0.001 -1 -1 1,1 0.001 -1 -1 3,2 0.001 0 -1 13.125 200 1,15 0.001 -1 0 3,12 0.001 0 -1 0,15 0.001 1 0 44.1056 290 13,3 0.001 1 0 12,0 0.001 0 1 15,3 0.001 1 -1 1.1432 80 13,12 0.001 -1 0 12,15 0.001 1 0 13,13 0.001 0 1 0.1371 65 ::f,1,3 f,3,14 f,14,1 f,14,13 
104:3,0 0.001 -1 0 0,0 0.001 -1 -1 3,1 0.001 0 -1 13.127 200 1,15 0.001 -1 0 3,12 0.001 -1 -1 0,15 0.001 1 -1 44.1056 290 13,3 0.001 1 0 12,1 0.001 0 1 15,3 0.001 0 -1 1.1442 80 13,12 0.001 -1 0 13,15 0.001 1 0 13,14 0.001 0 1 0.1391 65 ::f,1,3 f,3,14 f,14,1 f,14,13 
105:2,0 0.001 -1 0 0,0 0.001 -1 0 3,1 0.001 0 -1 13.128 200 1,15 0.001 -1 0 3,12 0.001 -1 0 1,14 0.001 1 -1 44.1066 290 13,3 0.001 1 0 12,1 0.001 0 1 15,2 0.001 0 -1 1.1452 80 13,12 0.001 -1 0 13,15 0.001 1 0 13,14 0.001 0 1 0.1391 65 ::f,1,3 f,3,14 f,14,1 f,14,13 
106:2,0 0.001 -1 0 0,0 0.001 -1 1 3,1 0.001 0 -1 13.128 200 0,15 0.001 -1 0 2,12 0.001 -1 0 1,14 0.001 1 -1 44.1086 290 14,3 0.001 1 0 12,2 0.001 0 1 15,1 0.001 0 -1 1.1482 80 12,12 0.001 -1 0 14,15 0.001 1 0 13,15 0.001 0 1 0.1421 65 ::f,1,3 f,3,14 f,14,1 f,14,13 
107:1,0 0.001 -1 0 0,0 0.001 0 1 3,1 0.001 0 -1 13.129 200 0,15 0.001 -1 -1 1,12 0.001 -1 0 1,14 0.001 1 -1 44.1096 290 15,3 0.001 1 0 12,3 0.001 0 1 15,1 0.001 0 -1 1.1502 80 12,12 0.001 -1 1 15,15 0.001 1 0 13,15 0.001 1 1 0.1431 65 ::f,1,3 f,3,14 f,14,1 f,14,13 
108:1,0 0.001 -1 0 0,1 0.001 0 1 3,0 0.001 0 -1 13.131 200 0,15 0.001 0 -1 1,12 0.001 -1 0 2,13 0.001 1 -1 44.1106 290 15,3 0.001 1 -1 12,3 0.001 1 1 15,0 0.001 0 -1 1.1512 80 12,12 0.001 0 1 15,15 0.001 1 -1 13,15 0.001 1 0 0.1431 65 ::f,1,3 f,3,14 f,14,1 f,14,13 
109:0,0 0.001 -1 0 0,1 0.001 0 1 3,0 0.001 -1 -1 13.132 200 0,14 0.001 0 -1 0,12 0.001 -1 0 2,13 0.001 1 -1 44.1126 290 15,3 0.001 0 -1 12,3 0.001 1 0 15,0 0.001 -1 -1 1.1512 80 12,13 0.001 0 1 15,15 0.001 0 -1 14,15 0.001 1 0 0.1451 65 ::f,1,3 f,3,14 f,14,1 f,14,13 
110:0,0 0.001 -1 1 0,2 0.001 0 1 3,0 0.001 -1 0 13.133 200 0,14 0.001 0 -1 0,12 0.001 -1 1 3,12 0.001 1 -1 44.1136 290 15,2 0.001 0 -1 13,3 0.001 1 0 15,0 0.001 -1 0 1.1532 80 12,14 0.001 0 1 15,14 0.001 0 -1 15,15 0.001 1 0 0.1481 65 ::f,1,3 f,3,14 f,14,1 f,14,13 
111:0,0 0.001 0 1 0,2 0.001 0 1 2,0 0.001 -1 0 13.134 200 0,13 0.001 0 -1 0,12 0.001 0 1 3,12 0.001 0 -1 44.1146 290 15,2 0.001 0 -1 13,3 0.001 1 0 14,0 0.001 -1 0 1.1542 80 12,15 0.001 0 1 15,14 0.001 0 -1 15,15 0.001 1 -1 0.1491 65 ::f,1,3 f,3,14 f,14,1 f,14,13 
112:0,1 0.001 0 1 0,2 0.001 0 1 1,0 0.001 -1 0 13.136 200 0,13 0.001 0 -1 0,12 0.001 1 1 3,12 0.001 -1 -1 44.1146 290 15,1 0.001 0 -1 14,3 0.001 1 0 13,0 0.001 -1 0 1.1572 80 12,15 0.001 1 1 15,13 0.001 0 -1 15,15 0.001 0 -1 0.1501 65 ::f,1,3 f,3,14 f,14,1 f,14,13 
113:0,1 0.001 0 1 0,3 0.001 0 1 1,0 0.001 -1 0 13.137 200 0,13 0.001 0 -1 1,13 0.001 1 1 3,12 0.001 -1 0 44.1156 290 15,1 0.001 0 -1 14,3 0.001 1 0 12,0 0.001 -1 0 1.1582 80 12,15 0.001 1 0 15,12 0.001 0 -1 15,14 0.001 0 -1 0.1521 65 ::f,1,3 f,3,14 f,14,1 f,14,13 
114:0,2 0.001 0 1 0,3 0.001 1 1 1,0 0.001 -1 0 13.138 200 0,12 0.001 0 -1 1,13 0.001 1 1 2,12 0.001 -1 0 44.1176 290 15,1 0.001 0 -1 15,3 0.001 1 0 12,0 0.001 -1 1 1.1592 80 13,15 0.001 1 0 15,12 0.001 -1 -1 15,13 0.001 0 -1 0.1541 65 ::f,1,3 f,3,14 f,14,1 f,14,13 
115:0,2 0.001 0 1 0,3 0.001 1 0 1,0 0.001 -1 0 13.138 200 0,12 0.001 1 -1 2,14 0.001 1 1 1,12 0.001 -1 0 44.1196 290 15,0 0.001 0 -1 15,3 0.001 1 -1 12,0 0.001 0 1 1.1602 80 14,15 0.001 1 0 15,12 0.001 -1 0 15,13 0.001 0 -1 0.1551 65 ::f,1,3 f,3,14 f,14,1 f,14,13 
116:0,2 0.001 0 1 0,3 0.001 1 0 1,0 0.001 -1 0 13.138 200 0,12 0.001 1 0 2,14 0.001 1 1 1,12 0.001 -1 0 44.1196 290 15,0 0.001 -1 -1 15,3 0.001 0 -1 12,1 0.001 0 1 1.1612 80 14,15 0.001 1 0 14,12 0.001 -1 0 15,12 0.001 0 -1 0.1571 65 ::f,1,3 f,3,14 f,14,1 f,14,13 
117:0,2 0.001 1 1 0,3 0.001 1 0 0,0 0.001 -1 0 17.1391 215 0,12 0.001 1 0 3,15 0.001 1 1 1,12 0.001 -1 1 44.1206 290 15,0 0.001 -1 0 15,2 0.001 0 -1 12,2 0.001 0 1 1.1632 80 14,15 0.001 1 0 13,12 0.001 -1 0 15,12 0.001 -1 -1 0.1581 65 ::f,2,3 f,3,14 f,14,1 f,14,13 
118:1,3 0.001 1 1 0,3 0.001 1 0 0,0 0.001 -1 1 17.1401 215 0,12 0.001 1 0 3,15 0.001 1 0 0,13 0.001 -1 1 44.1216 290 14,0 0.001 -1 0 15,2 0.001 0 -1 12,2 0.001 0 1 1.1642 80 15,15 0.001 1 0 12,12 0.001 -1 0 15,12 0.001 -1 0 0.1601 65 ::f,2,3 f,3,14 f,14,1 f,14,13 
119:1,3 0.001 1 0 0,3 0.001 1 -1 0,0 0.001 0 1 17.1401 215 1,12 0.001 1 0 3,15 0.001 1 -1 0,13 0.001 0 1 44.1226 290 13,0 0.001 -1 0 15,1 0.001 0 -1 12,3 0.001 0 1 1.1672 80 15,15 0.001 1 -1 12,12 0.001 -1 1 14,12 0.001 -1 0 0.1611 65 ::f,2,3 f,3,14 f,14,1 f,14,13 
120:1,3 0.001 1 0 1,2 0.001 1 -1 0,1 0.001 0 1 17.1421 215 2,12 0.001 1 0 3,15 0.001 0 -1 0,14 0.001 0 1 44.1246 290 12,0 0.001 -1 0 15,1 0.001 0 -1 12,3 0.001 1 1 1.1682 80 15,15 0.001 0 -1 12,12 0.001 0 1 14,12 0.001 -1 0 0.1611 65 ::f,2,3 f,3,14 f,14,1 f,14,13 
121:1,3 0.001 1 0 1,2 0.001 1 -1 0,2 0.001 0 1 21.1432 230 2,12 0.001 1 0 3,15 0.001 0 -1 0,14 0.001 0 1 44.1246 290 12,0 0.001 -1 1 15,0 0.001 0 -1 12,3 0.001 1 0 1.1692 80 15,14 0.001 0 -1 12,13 0.001 0 1 13,12 0.001 -1 0 0.1641 65 ::f,2,2 f,3,14 f,14,1 f,14,13 
122:2,3 0.001 1 0 1,2 0.001 1 -1 0,2 0.001 0 1 21.1442 230 3,12 0.001 1 0 3,15 0.001 0 -1 0,15 0.001 0 1 44.1266 290 12,0 0.001 0 1 15,0 0.001 -1 -1 13,3 0.001 1 0 1.1702 80 15,13 0.001 0 -1 12,13 0.001 0 1 12,12 0.001 -1 0 0.1661 65 ::f,2,2 f,3,14 f,14,1 f,14,13 
123:3,3 0.001 1 0 2,1 0.001 1 -1 0,2 0.001 0 1 21.1462 230 3,12 0.001 1 1 3,15 0.001 0 -1 0,15 0.001 1 1 44.1266 290 12,1 0.001 0 1 15,0 0.001 -1 0 14,3 0.001 1 0 1.1722 80 15,13 0.001 0 -1 12,14 0.001 0 1 12,12 0.001 -1 1 0.1671 65 ::f,2,2 f,3,14 f,14,1 f,14,13 
124:3,3 0.001 1 -1 3,0 0.001 1 -1 0,3 0.001 0 1 21.1482 230 3,12 0.001 0 1 3,15 0.001 0 -1 0,15 0.001 1 0 44.1266 290 12,1 0.001 0 1 14,0 0.001 -1 0 15,3 0.001 1 0 1.1742 80 15,13 0.001 0 -1 12,14 0.001 0 1 12,12 0.001 0 1 0.1671 65 ::f,2,2 f,3,14 f,14,1 f,14,13 
125:3,3 0.001 0 -1 3,0 0.001 0 -1 0,3 0.001 1 1 21.1482 230 3,13 0.001 0 1 3,15 0.001 0 -1 1,15 0.001 1 0 52.1287 305 12,1 0.001 0 1 13,0 0.001 -1 0 15,3 0.001 1 -1 1.1752 80 15,12 0.001 0 -1 12,14 0.001 0 1 12,13 0.001 0 1 0.1691 65 ::f,1,12 f,2,2 f,14,1 f,14,13 
126:3,2 0.001 0 -1 3,0 0.001 -1 -1 0,3 0.001 1 0 21.1492 230 3,13 0.001 0 1 3,14 0.001 0 -1 1,15 0.001 1 0 52.1297 305 12,2 0.001 0 1 12,0 0.001 -1 0 15,3 0.001 0 -1 1.1772 80 15,12 0.001 -1 -1 12,15 0.001 0 1 12,13 0.001 0 1 0.1701 65 ::f,1,12 f,2,2 f,14,1 f,14,13 
127:3,2 0.001 0 -1 3,0 0.001 -1 0 1,3 0.001 1 0 21.1502 230 3,13 0.001 0 1 3,14 0.001 0 -1 1,15 0.001 1 0 52.1297 305 12,2 0.001 0 1 12,0 0.001 -1 1 15,2 0.001 0 -1 1.1782 80 15,12 0.001 -1 0 12,15 0.001 1 1 12,14 0.001 0 1 0.1711 65 ::f,1,12 f,2,2 f,14,1 f,14,13 
128:3,1 0.001 0 -1 2,0 0.001 -1 0 1,3 0.001 1 0 21.1522 230 3,13 0.001 0 1 3,14 0.001 -1 -1 2,15 0.001 1 0 52.1307 305 12,2 0.001 0 1 12,0 0.001 0 1 15,1 0.001 0 -1 1.1792 80 14,12 0.001 -1 0 12,15 0.001 1 0 12,14 0.001 0 1 0.1721 65 ::f,1,12 f,2,2 f,14,1 f,14,13 
129:3,0 0.001 0 -1 1,0 0.001 -1 0 1,3 0.001 1 0 21.1542 230 3,13 0.001 0 1 2,13 0.001 -1 -1 2,15 0.001 1 0 52.1317 305 12,3 0.001 0 1 12,1 0.001 0 1 15,1 0.001 0 -1 1.1812 80 13,12 0.001 -1 0 13,15 0.001 1 0 12,15 0.001 0 1 0.1751 65 ::f,1,12 f,2,2 f,14,1 f,14,13 
130:3,0 0.001 -1 -1 1,0 0.001 -1 0 2,3 0.001 1 0 21.1552 230 3,14 0.001 0 1 2,13 0.001 -1 -1 2,15 0.001 1 0 61.1328 320 12,3 0.001 1 1 12,1 0.001 0 1 15,1 0.001 0 -1 1.1812 80 13,12 0.001 -1 0 14,15 0.001 1 0 12,15 0.001 1 1 0.1761 65 ::f,0,13 f,2,2 f,14,1 f,14,13 
131:3,0 0.001 -1 0 1,0 0.001 -1 0 2,3 0.001 1 0 21.1552 230 3,15 0.001 0 1 1,12 0.001 -1 -1 2,15 0.001 1 0 61.1348 320 12,3 0.001 1 0 12,2 0.001 0 1 15,0 0.001 0 -1 1.1832 80 13,12 0.001 -1 0 14,15 0.001 1 0 12,15 0.001 1 0 0.1761 65 ::f,0,13 f,2,2 f,14,1 f,14,13 
132:2,0 0.001 -1 0 0,0 0.001 -1 0 3,3 0.001 1 0 21.1582 230 3,15 0.001 -1 1 1,12 0.001 -1 0 2,15 0.001 1 -1 61.1348 320 13,3 0.001 1 0 12,3 0.001 0 1 15,0 0.001 -1 -1 1.1852 80 12,12 0.001 -1 0 15,15 0.001 1 0 13,15 0.001 1 0 0.1791 65 ::f,0,13 f,2,2 f,14,1 f,14,13 
133:1,0 0.001 -1 0 0,0 0.001 -1 1 3,3 0.001 1 -1 21.1592 230 3,15 0.001 -1 0 0,12 0.001 -1 0 3,14 0.001 1 -1 61.1368 320 13,3 0.001 1 0 12,3 0.001 1 1 15,0 0.001 -1 0 1.1852 80 12,12 0.001 -1 1 15,15 0.001 1 -1 13,15 0.001 1 0 0.1791 65 ::f,0,13 f,2,2 f,14,1 f,14,13 
134:1,0 0.001 -1 0 0,0 0.001 0 1 3,3 0.001 0 -1 21.1592 230 2,15 0.001 -1 0 0,12 0.001 -1 1 3,14 0.001 0 -1 61.1378 320 13,3 0.001 1 0 12,3 0.001 1 0 14,0 0.001 -1 0 1.1862 80 12,12 0.001 0 1 15,15 0.001 0 -1 14,15 0.001 1 0 0.1801 65 ::f,0,13 f,2,2 f,14,1 f,14,13 
135:1,0 0.001 -1 1 0,1 0.001 0 1 3,2 0.001 0 -1 21.1612 230 2,15 0.001 -1 0 0,12 0.001 0 1 3,13 0.001 0 -1 61.1388 320 14,3 0.001 1 0 13,3 0.001 1 0 13,0 0.001 -1 0 1.1892 80 12,13 0.001 0 1 15,14 0.001 0 -1 15,15 0.001 1 0 0.1831 65 ::f,0,13 f,2,2 f,14,1 f,14,13 
136:1,0 0.001 0 1 0,2 0.001 0 1 3,1 0.001 0 -1 21.1632 230 1,15 0.001 -1 0 0,12 0.001 0 1 3,13 0.001 0 -1 61.1398 320 14,3 0.001 1 0 13,3 0.001 1 0 13,0 0.001 -1 0 1.1892 80 12,13 0.001 0 1 15,13 0.001 0 -1 15,15 0.001 1 -1 0.1841 65 ::f,0,13 f,2,2 f,14,1 f,14,13 
137:1,1 0.001 0 1 0,2 0.001 0 1 3,1 0.001 0 -1 21.1642 230 1,15 0.001 -1 0 0,12 0.001 0 1 3,13 0.001 0 -1 71.1399 335 15,3 0.001 1 0 14,3 0.001 1 0 13,0 0.001 -1 0 1.1912 80 12,13 0.001 0 1 15,13 0.001 0 -1 15,15 0.001 0 -1 0.1841 65 ::f,2,2 f,3,15 f,14,1 f,14,13 
138:1,1 0.001 0 1 0,3 0.001 0 1 3,0 0.001 0 -1 21.1662 230 0,15 0.001 -1 0 0,13 0.001 0 1 3,12 0.001 0 -1 71.1429 335 15,3 0.001 1 -1 14,3 0.001 1 0 12,0 0.001 -1 0 1.1922 80 12,13 0.001 0 1 15,12 0.001 0 -1 15,14 0.001 0 -1 0.1861 65 ::f,2,2 f,3,15 f,14,1 f,14,13 
139:1,1 0.001 0 1 0,3 0.001 1 1 3,0 0.001 -1 -1 21.1662 230 0,15 0.001 -1 -1 0,14 0.001 0 1 3,12 0.001 -1 -1 71.1439 335 15,3 0.001 0 -1 14,3 0.001 1 -1 12,0 0.001 -1 1 1.1922 80 12,14 0.001 0 1 15,12 0.001 -1 -1 15,13 0.001 0 -1 0.1881 65 ::f,2,2 f,3,15 f,14,1 f,14,13 
140:1,2 0.001 0 1 0,3 0.001 1 0 3,0 0.001 -1 0 21.1672 230 0,15 0.001 0 -1 0,14 0.001 0 1 3,12 0.001 -1 0 71.1439 335 15,2 0.001 0 -1 14,3 0.001 0 -1 12,0 0.001 0 1 1.1932 80 12,14 0.001 0 1 15,12 0.001 -1 0 15,13 0.001 0 -1 0.1881 65 ::f,2,2 f,3,15 f,14,1 f,14,13 
141:1,3 0.001 0 1 0,3 0.001 1 -1 2,0 0.001 -1 0 21.1692 230 0,15 0.001 0 -1 0,14 0.001 1 1 2,12 0.001 -1 0 71.1449 335 15,2 0.001 0 -1 14,2 0.001 0 -1 12,1 0.001 0 1 1.1952 80 12,14 0.001 0 1 14,12 0.001 -1 0 15,12 0.001 0 -1 0.1901 65 ::f,2,2 f,3,15 f,14,1 f,14,13 
142:1,3 0.001 1 1 1,2 0.001 1 -1 1,0 0.001 -1 0 21.1712 230 0,15 0.001 0 -1 1,15 0.001 1 1 1,12 0.001 -1 0 71.1469 335 15,2 0.001 0 -1 14,2 0.001 0 -1 12,1 0.001 0 1 3.1953 95 12,14 0.001 0 1 13,12 0.001 -1 0 15,12 0.001 -1 -1 0.1911 65 ::f,2,2 f,3,15 f,12,3 f,14,13 
143:1,3 0.001 1 0 1,2 0.001 1 -1 0,0 0.001 -1 0 21.1722 230 0,14 0.001 0 -1 1,15 0.001 1 0 1,12 0.001 -1 0 71.1479 335 15,1 0.001 0 -1 14,1 0.001 0 -1 12,1 0.001 0 1 3.1973 95 12,14 0.001 0 1 12,12 0.001 -1 0 15,12 0.001 -1 0 0.1921 65 ::f,2,2 f,3,15 f,12,3 f,14,13 
144:2,3 0.001 1 0 1,2 0.001 1 -1 0,0 0.001 -1 1 21.1732 230 0,13 0.001 0 -1 2,15 0.001 1 0 1,12 0.001 -1 0 71.1499 335 15,1 0.001 0 -1 14,1 0.001 0 -1 12,2 0.001 0 1 3.1983 95 12,15 0.001 0 1 12,12 0.001 -1 1 14,12 0.001 -1 0 0.1941 65 ::f,2,2 f,3,15 f,12,3 f,14,13 
145:2,3 0.001 1 0 1,2 0.001 1 -1 0,0 0.001 0 1 21.1732 230 0,13 0.001 0 -1 2,15 0.001 1 0 0,12 0.001 -1 0 81.151 350 15,1 0.001 0 -1 14,0 0.001 0 -1 12,2 0.001 0 1 3.1994 110 12,15 0.001 1 1 12,12 0.001 0 1 13,12 0.001 -1 0 0.1951 65 ::f,1,15 f,2,2 f,13,3 f,14,13 
146:2,3 0.001 1 0 1,2 0.001 1 -1 0,1 0.001 0 1 21.1742 230 0,13 0.001 0 -1 3,15 0.001 1 0 0,12 0.001 -1 1 81.152 350 15,0 0.001 0 -1 14,0 0.001 -1 -1 12,3 0.001 0 1 3.2014 110 12,15 0.001 1 0 12,13 0.001 0 1 13,12 0.001 -1 0 0.1961 65 ::f,1,15 f,2,2 f,13,3 f,14,13 
147:3,3 0.001 1 0 2,1 0.001 1 -1 0,2 0.001 0 1 21.1772 230 0,13 0.001 0 -1 3,15 0.001 1 -1 0,12 0.001 0 1 81.152 350 15,0 0.001 -1 -1 14,0 0.001 -1 0 12,3 0.001 1 1 3.2014 110 13,15 0.001 1 0 12,13 0.001 0 1 13,12 0.001 -1 0 0.1971 65 ::f,1,15 f,2,2 f,13,3 f,14,13 
148:3,3 0.001 1 -1 3,0 0.001 1 -1 0,2 0.001 0 1 21.1782 230 0,13 0.001 0 -1 3,15 0.001 0 -1 0,12 0.001 1 1 81.152 350 15,0 0.001 -1 0 13,0 0.001 -1 0 12,3 0.001 1 0 3.2024 110 13,15 0.001 1 0 12,14 0.001 0 1 12,12 0.001 -1 0 0.1991 65 ::f,1,15 f,2,2 f,13,3 f,14,13 
149:3,3 0.001 0 -1 3,0 0.001 0 -1 0,3 0.001 0 1 21.1792 230 0,13 0.001 0 -1 3,14 0.001 0 -1 1,13 0.001 1 1 81.154 350 14,0 0.001 -1 0 12,0 0.001 -1 0 12,3 0.001 1 0 3.2044 110 14,15 0.001 1 0 12,14 0.001 0 1 12,12 0.001 -1 1 0.2001 65 ::f,1,15 f,2,2 f,13,3 f,14,13 
150:3,2 0.001 0 -1 3,0 0.001 -1 -1 0,3 0.001 1 1 21.1802 230 0,12 0.001 0 -1 3,14 0.001 0 -1 2,14 0.001 1 1 81.156 350 13,0 0.001 -1 0 12,0 0.001 -1 1 12,3 0.001 1 0 4.2055 125 14,15 0.001 1 0 12,15 0.001 0 1 12,12 0.001 0 1 0.2011 65 ::f,1,15 f,2,2 f,12,2 f,14,13 
151:3,1 0.001 0 -1 3,0 0.001 -1 0 0,3 0.001 1 0 21.1812 230 0,12 0.001 1 -1 3,13 0.001 0 -1 2,14 0.001 1 1 81.157 350 13,0 0.001 -1 0 12,0 0.001 0 1 13,3 0.001 1 0 4.2065 125 15,15 0.001 1 0 12,15 0.001 1 1 12,13 0.001 0 1 0.2031 65 ::f,1,15 f,2,2 f,12,2 f,14,13 
152:3,1 0.001 0 -1 2,0 0.001 -1 0 1,3 0.001 1 0 21.1832 230 0,12 0.001 1 0 3,13 0.001 0 -1 2,14 0.001 1 1 81.157 350 13,0 0.001 -1 1 12,1 0.001 0 1 13,3 0.001 1 0 4.2075 125 15,15 0.001 1 -1 12,15 0.001 1 0 12,14 0.001 0 1 0.2041 65 ::f,1,15 f,2,2 f,12,2 f,14,13 
153:3,0 0.001 0 -1 1,0 0.001 -1 0 2,3 0.001 1 0 21.1862 230 1,12 0.001 1 0 3,12 0.001 0 -1 3,15 0.001 1 1 81.16 350 13,0 0.001 0 1 12,1 0.001 0 1 14,3 0.001 1 0 7.2086 140 15,15 0.001 0 -1 13,15 0.001 1 0 12,14 0.001 0 1 0.2051 65 ::f,1,15 f,2,2 f,14,1 f,14,13 
154:3,0 0.001 -1 -1 1,0 0.001 -1 0 3,3 0.001 1 0 21.1872 230 2,12 0.001 1 0 3,12 0.001 -1 -1 3,15 0.001 1 0 81.161 350 13,1 0.001 0 1 12,2 0.001 0 1 14,3 0.001 1 0 7.2106 140 15,14 0.001 0 -1 13,15 0.001 1 0 12,15 0.001 0 1 0.2071 65 ::f,1,15 f,2,2 f,14,1 f,14,13 
155:3,0 0.001 -1 0 0,0 0.001 -1 0 3,3 0.001 1 -1 21.1882 230 2,12 0.001 1 0 3,12 0.001 -1 0 3,15 0.001 1 -1 81.161 350 13,2 0.001 0 1 12,3 0.001 0 1 15,3 0.001 1 0 7.2136 140 15,14 0.001 0 -1 14,15 0.001 1 0 12,15 0.001 1 1 0.2081 65 ::f,1,15 f,2,2 f,14,1 f,14,13 
156:2,0 0.001 -1 0 0,0 0.001 -1 1 3,3 0.001 0 -1 21.1892 230 2,12 0.001 1 0 3,12 0.001 -1 1 3,15 0.001 0 -1 81.161 350 13,2 0.001 0 1 12,3 0.001 1 1 15,3 0.001 1 -1 7.2136 140 15,14 0.001 0 -1 14,15 0.001 1 0 12,15 0.001 1 0 0.2081 65 ::f,1,15 f,2,2 f,14,1 f,14,13 
157:1,0 0.001 -1 0 0,0 0.001 0 1 3,2 0.001 0 -1 21.1912 230 2,12 0.001 1 0 2,13 0.001 -1 1 3,14 0.001 0 -1 81.163 350 13,2 0.001 0 1 12,3 0.001 1 0 15,3 0.001 0 -1 7.2136 140 15,13 0.001 0 -1 15,15 0.001 1 0 13,15 0.001 1 0 0.2111 65 ::f,1,15 f,2,2 f,14,1 f,14,13 
158:1,0 0.001 -1 0 0,1 0.001 0 1 3,2 0.001 0 -1 21.1922 230 3,12 0.001 1 0 1,14 0.001 -1 1 3,13 0.001 0 -1 81.166 350 13,3 0.001 0 1 12,3 0.001 1 -1 15,2 0.001 0 -1 7.2156 140 15,13 0.001 0 -1 15,15 0.001 1 -1 13,15 0.001 1 0 0.2111 65 ::f,1,15 f,2,2 f,14,1 f,14,13 
159:0,0 0.001 -1 0 0,2 0.001 0 1 3,2 0.001 0 -1 21.1942 230 3,12 0.001 1 1 1,14 0.001 -1 1 3,13 0.001 0 -1 81.166 350 13,3 0.001 1 1 13,2 0.001 1 -1 15,2 0.001 0 -1 7.2166 140 15,12 0.001 0 -1 15,15 0.001 0 -1 14,15 0.001 1 0 0.2131 65 ::f,1,15 f,2,2 f,14,1 f,14,13 
160:0,0 0.001 -1 1 0,3 0.001 0 1 3,2 0.001 0 -1 21.1952 230 3,12 0.001 0 1 0,15 0.001 -1 1 3,13 0.001 -1 -1 81.167 350 13,3 0.001 1 0 13,2 0.001 1 -1 15,1 0.001 0 -1 11.2177 155 15,12 0.001 -1 -1 15,14 0.001 0 -1 14,15 0.001 1 0 0.2141 65 ::f,1,15 f,2,2 f,14,3 f,14,13 
161:0,0 0.001 0 1 0,3 0.001 1 1 3,1 0.001 0 -1 21.1962 230 3,12 0.001 0 1 0,15 0.001 0 1 2,12 0.001 -1 -1 81.168 350 13,3 0.001 1 0 14,1 0.001 1 -1 15,1 0.001 0 -1 11.2187 155 15,12 0.001 -1 0 15,13 0.001 0 -1 15,15 0.001 1 0 0.2161 65 ::f,1,15 f,2,2 f,14,3 f,14,13 
162:0,1 0.001 0 1 0,3 0.001 1 0 3,1 0.001 0 -1 21.1972 230 3,13 0.001 0 1 0,15 0.001 1 1 2,12 0.001 -1 0 81.169 350 13,3 0.001 1 0 14,1 0.001 1 -1 15,0 0.001 0 -1 11.2198 170 14,12 0.001 -1 0 15,12 0.001 0 -1 15,15 0.001 1 -1 0.2181 65 ::f,1,15 f,2,2 f,13,0 f,14,13 
163:0,2 0.001 0 1 1,3 0.001 1 0 3,1 0.001 0 -1 21.1992 230 3,14 0.001 0 1 0,15 0.001 1 0 1,12 0.001 -1 0 81.171 350 14,3 0.001 1 0 14,1 0.001 1 -1 15,0 0.001 -1 -1 11.2208 170 13,12 0.001 -1 0 15,12 0.001 -1 -1 15,15 0.001 0 -1 0.2191 65 ::f,1,15 f,2,2 f,13,0 f,14,13 
164:0,3 0.001 0 1 1,3 0.001 1 0 3,0 0.001 0 -1 21.2012 230 3,14 0.001 0 1 0,15 0.001 1 0 0,12 0.001 -1 0 81.172 350 15,3 0.001 1 0 14,1 0.001 0 -1 15,0 0.001 -1 0 11.2218 170 12,12 0.001 -1 0 15,12 0.001 -1 0 15,14 0.001 0 -1 0.2211 65 ::f,1,15 f,2,2 f,13,0 f,14,13 
165:0,3 0.001 1 1 2,3 0.001 1 0 3,0 0.001 -1 -1 21.2022 230 3,15 0.001 0 1 0,15 0.001 1 0 0,12 0.001 -1 1 81.173 350 15,3 0.001 1 -1 14,0 0.001 0 -1 15,0 0.001 -1 1 11.2228 170 12,12 0.001 -1 1 14,12 0.001 -1 0 15,14 0.001 0 -1 0.2221 65 ::f,1,15 f,2,2 f,13,0 f,14,13 
166:0,3 0.001 1 0 2,3 0.001 1 0 3,0 0.001 -1 0 21.2022 230 3,15 0.001 -1 1 0,15 0.001 1 0 0,12 0.001 0 1 81.173 350 15,3 0.001 0 -1 14,0 0.001 -1 -1 14,1 0.001 -1 1 11.2238 170 12,12 0.001 0 1 13,12 0.001 -1 0 15,14 0.001 0 -1 0.2231 65 ::f,1,15 f,2,2 f,13,0 f,14,13 
167:1,3 0.001 1 0 3,3 0.001 1 0 2,0 0.001 -1 0 21.2052 230 3,15 0.001 -1 0 0,15 0.001 1 0 0,13 0.001 0 1 81.174 350 15,2 0.001 0 -1 14,0 0.001 -1 0 14,1 0.001 -1 1 11.2248 170 12,13 0.001 0 1 13,12 0.001 -1 0 15,13 0.001 0 -1 0.2251 65 ::f,1,15 f,2,2 f,13,0 f,14,13 
168:1,3 0.001 1 0 3,3 0.001 1 -1 1,0 0.001 -1 0 21.2062 230 2,15 0.001 -1 0 0,15 0.001 1 0 0,14 0.001 0 1 91.1761 365 15,1 0.001 0 -1 14,0 0.001 -1 0 14,1 0.001 -1 1 11.2258 170 12,13 0.001 0 1 12,12 0.001 -1 0 15,12 0.001 0 -1 0.2271 65 ::f,2,2 f,2,14 f,13,0 f,14,13 
169:1,3 0.001 1 0 3,3 0.001 0 -1 0,0 0.001 -1 0 21.2072 230 2,15 0.001 -1 0 1,15 0.001 1 0 0,14 0.001 0 1 91.1771 365 15,0 0.001 0 -1 14,0 0.001 -1 0 13,2 0.001 -1 1 11.2278 170 12,14 0.001 0 1 12,12 0.001 -1 1 15,12 0.001 -1 -1 0.2281 65 ::f,2,2 f,2,14 f,13,0 f,14,13 
170:1,3 0.001 1 0 3,2 0.001 0 -1 0,0 0.001 -1 1 21.2082 230 2,15 0.001 -1 0 1,15 0.001 1 0 0,14 0.001 0 1 91.1771 365 15,0 0.001 -1 -1 14,0 0.001 -1 0 12,3 0.001 -1 1 11.2288 170 12,15 0.001 0 1 12,12 0.001 0 1 15,12 0.001 -1 0 0.2291 65 ::f,2,2 f,2,14 f,13,0 f,14,13 
171:2,3 0.001 1 0 3,2 0.001 0 -1 0,0 0.001 0 1 21.2092 230 2,15 0.001 -1 0 1,15 0.001 1 -1 0,15 0.001 0 1 91.1781 365 15,0 0.001 -1 0 14,0 0.001 -1 0 12,3 0.001 0 1 11.2288 170 12,15 0.001 1 1 12,13 0.001 0 1 14,12 0.001 -1 0 0.2311 65 ::f,2,2 f,2,14 f,13,0 f,14,13 
172:2,3 0.001 1 0 3,1 0.001 0 -1 0,1 0.001 0 1 21.2112 230 2,15 0.001 -1 0 1,15 0.001 1 -1 0,15 0.001 1 1 91.1781 365 15,0 0.001 -1 1 14,0 0.001 -1 0 12,3 0.001 1 1 16.2289 185 12,15 0.001 1 0 12,14 0.001 0 1 13,12 0.001 -1 0 0.2331 65 ::f,2,2 f,2,14 f,13,0 f,14,13 
173:3,3 0.001 1 0 3,1 0.001 0 -1 0,1 0.001 0 1 21.2122 230 2,15 0.001 -1 0 1,15 0.001 1 -1 0,15 0.001 1 0 101.178 380 14,1 0.001 -1 1 14,0 0.001 -1 0 12,3 0.001 1 0 22.23 200 13,15 0.001 1 0 12,15 0.001 0 1 13,12 0.001 -1 0 0.2351 65 ::f,2,2 f,2,14 f,14,13 f,15,3 
174:3,3 0.001 1 -1 3,1 0.001 0 -1 0,2 0.001 0 1 21.2132 230 2,15 0.001 -1 0 1,15 0.001 1 -1 0,15 0.001 1 -1 111.178 395 13,2 0.001 -1 1 13,0 0.001 -1 0 13,3 0.001 1 0 22.233 200 14,15 0.001 1 0 12,15 0.001 1 1 13,12 0.001 -1 0 0.2361 65 ::f,2,2 f,2,13 f,14,13 f,15,3 
175:3,3 0.001 0 -1 3,1 0.001 0 -1 0,3 0.001 0 1 21.2142 230 2,15 0.001 -1 0 2,14 0.001 1 -1 1,14 0.001 1 -1 111.18 395 12,3 0.001 -1 1 13,0 0.001 -1 0 13,3 0.001 1 0 22.234 200 15,15 0.001 1 0 12,15 0.001 1 0 12,12 0.001 -1 0 0.2381 65 ::f,2,2 f,2,13 f,14,13 f,15,3 
176:3,2 0.001 0 -1 3,0 0.001 0 -1 0,3 0.001 1 1 21.2162 230 1,15 0.001 -1 0 2,14 0.001 1 -1 1,14 0.001 1 -1 117.181 410 12,3 0.001 0 1 12,0 0.001 -1 0 13,3 0.001 1 0 22.235 200 15,15 0.001 1 -1 13,15 0.001 1 0 12,12 0.001 -1 1 0.2391 65 ::f,0,15 f,2,2 f,14,13 f,15,3 
177:3,1 0.001 0 -1 3,0 0.001 -1 -1 0,3 0.001 1 0 21.2172 230 1,15 0.001 -1 0 2,14 0.001 1 -1 2,13 0.001 1 -1 119.183 425 12,3 0.001 1 1 12,0 0.001 -1 1 13,3 0.001 1 0 22.235 200 15,15 0.001 0 -1 14,15 0.001 1 0 12,12 0.001 0 1 0.2401 65 ::f,2,2 f,3,12 f,14,13 f,15,3 
178:3,1 0.001 0 -1 3,0 0.001 -1 0 1,3 0.001 1 0 21.2182 230 0,15 0.001 -1 0 2,14 0.001 1 -1 2,13 0.001 1 -1 126.184 440 12,3 0.001 1 0 12,0 0.001 0 1 14,3 0.001 1 0 22.236 200 15,14 0.001 0 -1 14,15 0.001 1 0 12,13 0.001 0 1 0.2421 65 ::f,0,12 f,2,2 f,14,13 f,15,3 
179:3,1 0.001 -1 -1 2,0 0.001 -1 0 1,3 0.001 1 0 21.2192 230 0,15 0.001 -1 -1 3,13 0.001 1 -1 3,12 0.001 1 -1 126.186 440 13,3 0.001 1 0 12,1 0.001 0 1 14,3 0.001 1 0 24.2381 215 15,14 0.001 0 -1 14,15 0.001 1 0 12,13 0.001 0 1 0.2421 65 ::f,0,12 f,2,2 f,14,13 f,15,3 
180:3,1 0.001 -1 0 1,0 0.001 -1 0 1,3 0.001 1 0 21.2202 230 0,15 0.001 0 -1 3,13 0.001 0 -1 3,12 0.001 0 -1 126.186 440 13,3 0.001 1 0 12,2 0.001 0 1 14,3 0.001 1 0 24.2391 215 15,14 0.001 0 -1 15,15 0.001 1 0 12,13 0.001 0 1 0.2431 65 ::f,0,12 f,2,2 f,14,13 f,15,3 
181:2,1 0.001 -1 0 1,0 0.001 -1 0 1,3 0.001 1 0 21.2212 230 0,14 0.001 0 -1 3,13 0.001 -1 -1 3,12 0.001 -1 -1 126.187 440 13,3 0.001 1 -1 12,2 0.001 0 1 14,3 0.001 1 0 24.2391 215 15,13 0.001 0 -1 15,15 0.001 1 -1 12,14 0.001 0 1 0.2451 65 ::f,0,12 f,2,2 f,14,13 f,15,3 
182:1,1 0.001 -1 0 0,0 0.001 -1 0 2,3 0.001 1 0 21.2242 230 0,14 0.001 0 -1 2,12 0.001 -1 -1 3,12 0.001 -1 0 126.188 440 14,2 0.001 1 -1 12,2 0.001 0 1 14,3 0.001 1 0 27.2402 230 15,12 0.001 0 -1 15,15 0.001 0 -1 12,14 0.001 0 1 0.2461 65 ::f,0,12 f,2,2 f,12,1 f,14,13 
183:0,1 0.001 -1 0 0,0 0.001 -1 1 3,3 0.001 1 0 21.2262 230 0,13 0.001 0 -1 2,12 0.001 -1 0 3,12 0.001 -1 1 126.189 440 14,2 0.001 1 -1 12,3 0.001 0 1 15,3 0.001 1 0 27.2422 230 15,12 0.001 -1 -1 15,14 0.001 0 -1 12,14 0.001 0 1 0.2471 65 ::f,0,12 f,2,2 f,12,1 f,14,13 
184:0,1 0.001 -1 1 0,0 0.001 0 1 3,3 0.001 1 -1 21.2262 230 0,13 0.001 0 -1 1,12 0.001 -1 0 2,13 0.001 -1 1 129.191 455 14,2 0.001 1 -1 12,3 0.001 1 1 15,3 0.001 1 -1 27.2422 230 15,12 0.001 -1 0 15,13 0.001 0 -1 12,14 0.001 0 1 0.2481 65 ::f,0,14 f,2,2 f,12,1 f,14,13 
185:0,1 0.001 0 1 0,0 0.001 1 1 3,3 0.001 0 -1 21.2262 230 0,12 0.001 0 -1 1,12 0.001 -1 0 1,14 0.001 -1 1 129.193 455 15,1 0.001 1 -1 12,3 0.001 1 0 15,3 0.001 0 -1 27.2432 230 14,12 0.001 -1 0 15,12 0.001 0 -1 12,14 0.001 0 1 0.2501 65 ::f,0,14 f,2,2 f,12,1 f,14,13 
186:0,2 0.001 0 1 1,1 0.001 1 1 3,2 0.001 0 -1 21.2292 230 0,12 0.001 1 -1 1,12 0.001 -1 1 1,14 0.001 -1 1 129.193 455 15,1 0.001 0 -1 13,3 0.001 1 0 15,2 0.001 0 -1 27.2452 230 13,12 0.001 -1 0 15,12 0.001 -1 -1 12,15 0.001 0 1 0.2521 65 ::f,0,14 f,2,2 f,12,1 f,14,13 
187:0,2 0.001 0 1 1,1 0.001 1 1 3,1 0.001 0 -1 26.2303 245 0,12 0.001 1 0 0,13 0.001 -1 1 0,15 0.001 -1 1 129.195 455 15,0 0.001 0 -1 14,3 0.001 1 0 15,1 0.001 0 -1 27.2482 230 13,12 0.001 -1 0 15,12 0.001 -1 0 12,15 0.001 1 1 0.2521 65 ::f,0,14 f,2,0 f,12,1 f,14,13 
188:0,3 0.001 0 1 2,2 0.001 1 1 3,1 0.001 0 -1 26.2323 245 1,12 0.001 1 0 0,13 0.001 0 1 0,15 0.001 0 1 129.196 455 15,0 0.001 -1 -1 14,3 0.001 1 0 15,1 0.001 0 -1 27.2482 230 12,12 0.001 -1 0 14,12 0.001 -1 0 12,15 0.001 1 0 0.2541 65 ::f,0,14 f,2,0 f,12,1 f,14,13 
189:0,3 0.001 1 1 2,2 0.001 1 1 3,1 0.001 0 -1 26.2323 245 2,12 0.001 1 0 0,13 0.001 0 1 0,15 0.001 1 1 129.197 455 15,0 0.001 -1 0 14,3 0.001 1 0 15,1 0.001 -1 -1 27.2482 230 12,12 0.001 -1 1 13,12 0.001 -1 0 13,15 0.001 1 0 0.2561 65 ::f,0,14 f,2,0 f,12,1 f,14,13 
190:0,3 0.001 1 0 3,3 0.001 1 1 3,0 0.001 0 -1 26.2343 245 2,12 0.001 1 0 0,13 0.001 0 1 0,15 0.001 1 0 129.197 455 14,0 0.001 -1 0 14,3 0.001 1 0 15,1 0.001 -1 0 27.2492 230 12,12 0.001 0 1 13,12 0.001 -1 0 14,15 0.001 1 0 0.2571 65 ::f,0,14 f,2,0 f,12,1 f,14,13 
191:1,3 0.001 1 0 3,3 0.001 1 0 3,0 0.001 -1 -1 26.2353 245 3,12 0.001 1 0 0,13 0.001 0 1 1,15 0.001 1 0 139.199 470 13,0 0.001 -1 0 15,3 0.001 1 0 14,1 0.001 -1 0 27.2522 230 12,13 0.001 0 1 12,12 0.001 -1 0 14,15 0.001 1 0 0.2591 65 ::f,1,14 f,2,0 f,12,1 f,14,13 
192:1,3 0.001 1 0 3,3 0.001 1 -1 3,0 0.001 -1 0 26.2353 245 3,12 0.001 1 1 0,14 0.001 0 1 1,15 0.001 1 0 139.2 470 13,0 0.001 -1 0 15,3 0.001 1 -1 13,1 0.001 -1 0 27.2532 230 12,13 0.001 0 1 12,12 0.001 -1 1 15,15 0.001 1 0 0.2601 65 ::f,1,14 f,2,0 f,12,1 f,14,13 
193:2,3 0.001 1 0 3,3 0.001 0 -1 3,0 0.001 -1 0 26.2363 245 3,12 0.001 0 1 0,14 0.001 0 1 2,15 0.001 1 0 139.201 470 12,0 0.001 -1 0 15,3 0.001 0 -1 13,1 0.001 -1 0 31.2543 245 12,14 0.001 0 1 12,12 0.001 0 1 15,15 0.001 1 -1 0.2611 65 ::f,1,14 f,2,0 f,14,1 f,14,13 
194:2,3 0.001 1 0 3,2 0.001 0 -1 3,0 0.001 -1 0 26.2373 245 3,13 0.001 0 1 0,15 0.001 0 1 2,15 0.001 1 0 139.203 470 12,0 0.001 -1 1 15,2 0.001 0 -1 12,1 0.001 -1 0 31.2563 245 12,14 0.001 0 1 12,13 0.001 0 1 15,15 0.001 0 -1 0.2621 65 ::f,1,14 f,2,0 f,14,1 f,14,13 
195:3,3 0.001 1 0 3,1 0.001 0 -1 3,0 0.001 -1 0 28.2394 260 3,14 0.001 0 1 0,15 0.001 1 1 3,15 0.001 1 0 139.205 470 12,0 0.001 0 1 15,1 0.001 0 -1 12,1 0.001 -1 1 31.2573 245 12,15 0.001 0 1 12,14 0.001 0 1 15,14 0.001 0 -1 0.2651 65 ::f,0,2 f,1,14 f,14,1 f,14,13 
196:3,3 0.001 1 -1 3,1 0.001 0 -1 2,0 0.001 -1 0 28.2404 260 3,14 0.001 0 1 0,15 0.001 1 0 3,15 0.001 1 -1 139.205 470 12,0 0.001 1 1 15,0 0.001 0 -1 12,1 0.001 0 1 31.2583 245 12,15 0.001 1 1 12,14 0.001 0 1 15,13 0.001 0 -1 0.2661 65 ::f,0,2 f,1,14 f,14,1 f,14,13 
197:3,3 0.001 0 -1 3,0 0.001 0 -1 2,0 0.001 -1 0 28.2414 260 3,14 0.001 0 1 1,15 0.001 1 0 3,15 0.001 0 -1 139.206 470 13,1 0.001 1 1 15,0 0.001 -1 -1 12,2 0.001 0 1 31.2603 245 12,15 0.001 1 0 12,14 0.001 0 1 15,12 0.001 0 -1 0.2671 65 ::f,0,2 f,1,14 f,14,1 f,14,13 
198:3,2 0.001 0 -1 3,0 0.001 -1 -1 1,0 0.001 -1 0 28.2434 260 3,14 0.001 0 1 1,15 0.001 1 0 3,15 0.001 -1 -1 139.206 470 14,2 0.001 1 1 15,0 0.001 -1 0 12,2 0.001 0 1 31.2613 245 13,15 0.001 1 0 12,15 0.001 0 1 15,12 0.001 -1 -1 0.2691 65 ::f,0,2 f,1,14 f,14,1 f,14,13 
199:3,1 0.001 0 -1 3,0 0.001 -1 0 0,0 0.001 -1 0 28.2454 260 3,14 0.001 0 1 2,15 0.001 1 0 2,14 0.001 -1 -1 139.208 470 15,3 0.001 1 1 14,0 0.001 -1 0 12,3 0.001 0 1 31.2643 245 13,15 0.001 1 0 12,15 0.001 1 1 15,12 0.001 -1 0 0.2691 65 ::f,0,2 f,1,14 f,14,1 f,14,13 
200:3,1 0.001 0 -1 2,0 0.001 -1 0 0,0 0.001 -1 1 28.2464 260 3,15 0.001 0 1 2,15 0.001 1 0 1,13 0.001 -1 -1 139.21 470 15,3 0.001 1 0 13,0 0.001 -1 0 12,3 0.001 1 1 31.2653 245 14,15 0.001 1 0 12,15 0.001 1 0 14,12 0.001 -1 0 0.2711 65 ::f,0,2 f,1,14 f,14,1 f,14,13 
201:3,0 0.001 0 -1 1,0 0.001 -1 0 0,0 0.001 0 1 28.2484 260 3,15 0.001 -1 1 2,15 0.001 1 -1 1,13 0.001 -1 -1 139.21 470 15,3 0.001 1 -1 12,0 0.001 -1 0 12,3 0.001 1 0 31.2663 245 14,15 0.001 1 0 13,15 0.001 1 0 13,12 0.001 -1 0 0.2731 65 ::f,0,2 f,1,14 f,14,1 f,14,13 
202:3,0 0.001 -1 -1 1,0 0.001 -1 0 0,1 0.001 0 1 28.2494 260 3,15 0.001 -1 0 3,14 0.001 1 -1 0,12 0.001 -1 -1 139.212 470 15,3 0.001 0 -1 12,0 0.001 -1 1 13,3 0.001 1 0 31.2673 245 14,15 0.001 1 0 13,15 0.001 1 0 12,12 0.001 -1 0 0.2741 65 ::f,0,2 f,1,14 f,14,1 f,14,13 
203:3,0 0.001 -1 0 0,0 0.001 -1 0 0,1 0.001 0 1 31.2505 275 2,15 0.001 -1 0 3,14 0.001 0 -1 0,12 0.001 -1 0 139.213 470 15,2 0.001 0 -1 12,0 0.001 0 1 13,3 0.001 1 0 31.2683 245 15,15 0.001 1 0 14,15 0.001 1 0 12,12 0.001 -1 1 0.2761 65 ::f,1,2 f,1,14 f,14,1 f,14,13 
204:2,0 0.001 -1 0 0,0 0.001 -1 1 0,2 0.001 0 1 31.2525 275 2,15 0.001 -1 0 3,13 0.001 0 -1 0,12 0.001 -1 1 139.214 470 15,1 0.001 0 -1 12,1 0.001 0 1 14,3 0.001 1 0 31.2713 245 15,15 0.001 1 -1 14,15 0.001 1 0 12,12 0.001 0 1 0.2761 65 ::f,1,2 f,1,14 f,14,1 f,14,13 
205:1,0 0.001 -1 0 0,0 0.001 0 1 0,3 0.001 0 1 31.2545 275 1,15 0.001 -1 0 3,13 0.001 0 -1 0,12 0.001 0 1 139.215 470 15,0 0.001 0 -1 12,2 0.001 0 1 14,3 0.001 1 0 31.2733 245 15,15 0.001 0 -1 14,15 0.001 1 -1 12,13 0.001 0 1 0.2771 65 ::f,1,2 f,1,14 f,14,1 f,14,13 
206:1,0 0.001 -1 0 0,1 0.001 0 1 0,3 0.001 1 1 31.2555 275 1,15 0.001 -1 0 3,12 0.001 0 -1 0,13 0.001 0 1 139.217 470 15,0 0.001 -1 -1 12,3 0.001 0 1 15,3 0.001 1 0 31.2753 245 15,14 0.001 0 -1 14,15 0.001 0 -1 12,13 0.001 0 1 0.2781 65 ::f,1,2 f,1,14 f,14,1 f,14,13 
207:0,0 0.001 -1 0 0,1 0.001 0 1 0,3 0.001 1 0 31.2565 275 1,15 0.001 -1 0 3,12 0.001 -1 -1 0,14 0.001 0 1 139.218 470 15,0 0.001 -1 0 12,3 0.001 1 1 15,3 0.001 1 -1 31.2753 245 15,14 0.001 0 -1 14,14 0.001 0 -1 12,14 0.001 0 1 0.2801 65 ::f,1,2 f,1,14 f,14,1 f,14,13 
208:0,0 0.001 -1 1 0,2 0.001 0 1 1,3 0.001 1 0 31.2585 275 0,15 0.001 -1 0 3,12 0.001 -1 0 0,14 0.001 0 1 139.219 470 14,0 0.001 -1 0 12,3 0.001 1 0 15,3 0.001 0 -1 31.2763 245 15,13 0.001 0 -1 14,14 0.001 0 -1 12,14 0.001 0 1 1.2812 80 ::f,1,2 f,1,14 f,13,13 f,14,1 
209:0,0 0.001 0 1 0,2 0.001 0 1 1,3 0.001 1 0 31.2585 275 0,15 0.001 -1 -1 2,12 0.001 -1 0 0,14 0.001 1 1 139.22 470 13,0 0.001 -1 0 13,3 0.001 1 0 15,2 0.001 0 -1 31.2793 245 15,12 0.001 0 -1 14,13 0.001 0 -1 12,15 0.001 0 1 1.2842 80 ::f,1,2 f,1,14 f,13,13 f,14,1 
210:0,1 0.001 0 1 0,2 0.001 0 1 2,3 0.001 1 0 31.2605 275 0,15 0.001 0 -1 1,12 0.001 -1 0 1,15 0.001 1 1 139.222 470 13,0 0.001 -1 0 14,3 0.001 1 0 15,2 0.001 0 -1 31.2803 245 15,12 0.001 -1 -1 14,13 0.001 0 -1 12,15 0.001 1 1 1.2842 80 ::f,1,2 f,1,14 f,13,13 f,14,1 
211:0,1 0.001 0 1 0,3 0.001 0 1 2,3 0.001 1 0 31.2615 275 0,14 0.001 0 -1 0,12 0.001 -1 0 1,15 0.001 1 0 139.224 470 12,0 0.001 -1 0 14,3 0.001 1 0 15,1 0.001 0 -1 31.2823 245 15,12 0.001 -1 0 14,13 0.001 0 -1 12,15 0.001 1 0 1.2842 80 ::f,1,2 f,1,14 f,13,13 f,14,1 
212:0,2 0.001 0 1 0,3 0.001 1 1 2,3 0.001 1 0 31.2625 275 0,13 0.001 0 -1 0,12 0.001 -1 1 2,15 0.001 1 0 139.226 470 12,0 0.001 -1 1 15,3 0.001 1 0 15,0 0.001 0 -1 31.2843 245 14,12 0.001 -1 0 14,13 0.001 0 -1 13,15 0.001 1 0 1.2862 80 ::f,1,2 f,1,14 f,13,13 f,14,1 
213:0,2 0.001 0 1 0,3 0.001 1 0 2,3 0.001 1 0 31.2625 275 0,13 0.001 0 -1 0,12 0.001 0 1 3,15 0.001 1 0 139.227 470 12,0 0.001 0 1 15,3 0.001 1 -1 15,0 0.001 -1 -1 31.2843 245 13,12 0.001 -1 0 14,12 0.001 0 -1 13,15 0.001 1 0 1.2882 80 ::f,1,2 f,1,14 f,13,13 f,14,1 
214:0,2 0.001 0 1 1,3 0.001 1 0 2,3 0.001 1 0 31.2635 275 0,13 0.001 0 -1 0,12 0.001 1 1 3,15 0.001 1 -1 139.227 470 12,1 0.001 0 1 15,3 0.001 0 -1 15,0 0.001 -1 0 31.2853 245 12,12 0.001 -1 0 14,12 0.001 -1 -1 14,15 0.001 1 0 1.2902 80 ::f,1,2 f,1,14 f,13,13 f,14,1 
215:0,3 0.001 0 1 1,3 0.001 1 0 3,3 0.001 1 0 31.2655 275 0,13 0.001 0 -1 1,13 0.001 1 1 3,15 0.001 0 -1 139.228 470 12,1 0.001 0 1 15,2 0.001 0 -1 14,0 0.001 -1 0 31.2873 245 12,12 0.001 -1 1 14,12 0.001 -1 0 14,15 0.001 1 0 1.2902 80 ::f,1,2 f,1,14 f,13,13 f,14,1 
216:0,3 0.001 1 1 2,3 0.001 1 0 3,3 0.001 1 -1 31.2665 275 0,12 0.001 0 -1 1,13 0.001 1 1 3,14 0.001 0 -1 139.23 470 12,2 0.001 0 1 15,1 0.001 0 -1 13,0 0.001 -1 0 31.2903 245 12,12 0.001 0 1 13,12 0.001 -1 0 15,15 0.001 1 0 1.2922 80 ::f,1,2 f,1,14 f,13,13 f,14,1 
217:0,3 0.001 1 0 2,3 0.001 1 0 3,3 0.001 0 -1 31.2665 275 0,12 0.001 1 -1 2,14 0.001 1 1 3,13 0.001 0 -1 139.232 470 12,2 0.001 0 1 15,1 0.001 0 -1 13,0 0.001 -1 0 31.2903 245 12,13 0.001 0 1 12,12 0.001 -1 0 15,15 0.001 1 -1 1.2942 80 ::f,1,2 f,1,14 f,13,13 f,14,1 
218:1,3 0.001 1 0 2,3 0.001 1 -1 3,2 0.001 0 -1 31.2685 275 0,12 0.001 1 0 2,14 0.001 1 1 3,12 0.001 0 -1 139.233 470 12,2 0.001 0 1 15,0 0.001 0 -1 13,0 0.001 -1 0 31.2913 245 12,14 0.001 0 1 12,12 0.001 -1 1 15,15 0.001 0 -1 1.2952 80 ::f,1,2 f,1,14 f,13,13 f,14,1 
219:1,3 0.001 1 0 2,3 0.001 0 -1 3,2 0.001 0 -1 31.2685 275 1,12 0.001 1 0 3,15 0.001 1 1 3,12 0.001 -1 -1 139.235 470 12,3 0.001 0 1 15,0 0.001 -1 -1 13,0 0.001 -1 0 31.2923 245 12,14 0.001 0 1 12,12 0.001 0 1 15,14 0.001 0 -1 1.2962 80 ::f,1,2 f,1,14 f,13,13 f,14,1 
220:1,3 0.001 1 -1 2,2 0.001 0 -1 3,1 0.001 0 -1 31.2705 275 2,12 0.001 1 0 3,15 0.001 1 0 3,12 0.001 -1 0 139.236 470 12,3 0.001 1 1 15,0 0.001 -1 0 12,0 0.001 -1 0 31.2933 245 12,15 0.001 0 1 12,13 0.001 0 1 15,14 0.001 0 -1 1.2982 80 ::f,1,2 f,1,14 f,13,13 f,14,1 
221:1,3 0.001 0 -1 2,1 0.001 0 -1 3,1 0.001 0 -1 31.2715 275 2,12 0.001 1 0 3,15 0.001 1 -1 3,12 0.001 -1 1 139.236 470 12,3 0.001 1 0 14,0 0.001 -1 0 12,0 0.001 -1 1 31.2943 245 12,15 0.001 1 1 12,13 0.001 0 1 15,13 0.001 0 -1 1.2992 80 ::f,1,2 f,1,14 f,13,13 f,14,1 
222:1,3 0.001 0 -1 2,1 0.001 0 -1 3,1 0.001 0 -1 31.2715 275 2,12 0.001 1 0 3,15 0.001 0 -1 2,13 0.001 -1 1 139.237 470 13,3 0.001 1 0 13,0 0.001 -1 0 12,0 0.001 0 1 31.2963 245 12,15 0.001 1 0 12,13 0.001 0 1 15,12 0.001 0 -1 1.3002 80 ::f,1,2 f,1,14 f,13,13 f,14,1 
223:1,3 0.001 0 -1 2,0 0.001 0 -1 3,0 0.001 0 -1 36.2736 290 3,12 0.001 1 0 3,14 0.001 0 -1 2,13 0.001 -1 1 147.239 485 13,3 0.001 1 0 13,0 0.001 -1 0 12,1 0.001 0 1 31.2973 245 13,15 0.001 1 0 12,13 0.001 0 1 15,12 0.001 -1 -1 1.3012 80 ::f,1,15 f,3,3 f,13,13 f,14,1 
224:1,2 0.001 0 -1 2,0 0.001 -1 -1 3,0 0.001 -1 -1 36.2746 290 3,12 0.001 1 1 3,14 0.001 0 -1 1,14 0.001 -1 1 147.24 485 14,3 0.001 1 0 12,0 0.001 -1 0 12,1 0.001 0 1 31.2993 245 13,15 0.001 1 0 12,13 0.001 0 1 15,12 0.001 -1 0 1.3012 80 ::f,1,15 f,3,3 f,13,13 f,14,1 
225:1,1 0.001 0 -1 2,0 0.001 -1 0 3,0 0.001 -1 0 36.2756 290 3,12 0.001 0 1 3,13 0.001 0 -1 0,15 0.001 -1 1 147.242 485 15,3 0.001 1 0 12,0 0.001 -1 1 12,2 0.001 0 1 31.3013 245 14,15 0.001 1 0 12,14 0.001 0 1 14,12 0.001 -1 0 1.3042 80 ::f,1,15 f,3,3 f,13,13 f,14,1 
226:1,0 0.001 0 -1 2,0 0.001 -1 1 3,0 0.001 -1 1 36.2766 290 3,12 0.001 0 1 3,13 0.001 0 -1 0,15 0.001 0 1 147.242 485 15,3 0.001 1 -1 12,0 0.001 0 1 12,2 0.001 0 1 31.3013 245 14,15 0.001 1 0 12,14 0.001 0 1 13,12 0.001 -1 0 1.3052 80 ::f,1,15 f,3,3 f,13,13 f,14,1 
227:1,0 0.001 -1 -1 1,1 0.001 -1 1 2,1 0.001 -1 1 36.2786 290 3,12 0.001 0 1 3,13 0.001 -1 -1 0,15 0.001 1 1 147.242 485 15,3 0.001 0 -1 12,1 0.001 0 1 12,3 0.001 0 1 31.3033 245 15,15 0.001 1 0 12,14 0.001 0 1 13,12 0.001 -1 0 1.3062 80 ::f,1,15 f,3,3 f,13,13 f,14,1 
228:1,0 0.001 -1 0 0,2 0.001 -1 1 1,2 0.001 -1 1 36.2806 290 3,12 0.001 0 1 2,12 0.001 -1 -1 0,15 0.001 1 0 147.243 485 15,2 0.001 0 -1 12,2 0.001 0 1 12,3 0.001 1 1 31.3053 245 15,15 0.001 1 -1 12,14 0.001 0 1 12,12 0.001 -1 0 1.3072 80 ::f,1,15 f,3,3 f,13,13 f,14,1 
229:0,0 0.001 -1 0 0,2 0.001 0 1 1,2 0.001 -1 1 36.2816 290 3,13 0.001 0 1 2,12 0.001 -1 0 0,15 0.001 1 0 147.244 485 15,1 0.001 0 -1 12,2 0.001 0 1 12,3 0.001 1 0 31.3063 245 15,15 0.001 0 -1 12,15 0.001 0 1 12,12 0.001 -1 1 1.3082 80 ::f,1,15 f,3,3 f,13,13 f,14,1 
230:0,0 0.001 -1 1 0,3 0.001 0 1 1,2 0.001 -1 1 36.2826 290 3,14 0.001 0 1 1,12 0.001 -1 0 0,15 0.001 1 0 147.246 485 15,1 0.001 0 -1 12,2 0.001 1 1 13,3 0.001 1 0 31.3073 245 15,14 0.001 0 -1 12,15 0.001 1 1 12,12 0.001 0 1 1.3092 80 ::f,1,15 f,3,3 f,13,13 f,14,1 
231:0,0 0.001 0 1 0,3 0.001 1 1 1,2 0.001 0 1 36.2826 290 3,15 0.001 0 1 0,12 0.001 -1 0 0,15 0.001 1 0 156.248 500 15,0 0.001 0 -1 12,2 0.001 1 0 13,3 0.001 1 0 31.3083 245 15,13 0.001 0 -1 12,15 0.001 1 0 12,13 0.001 0 1 1.3112 80 ::f,0,13 f,3,3 f,13,13 f,14,1 
232:0,1 0.001 0 1 0,3 0.001 1 0 1,3 0.001 0 1 36.2846 290 3,15 0.001 -1 1 0,12 0.001 -1 1 1,15 0.001 1 0 156.249 500 15,0 0.001 -1 -1 13,2 0.001 1 0 13,3 0.001 1 0 31.3093 245 15,13 0.001 0 -1 13,15 0.001 1 0 12,14 0.001 0 1 1.3132 80 ::f,0,13 f,3,3 f,13,13 f,14,1 
233:0,2 0.001 0 1 0,3 0.001 1 -1 1,3 0.001 1 1 36.2856 290 3,15 0.001 -1 0 0,12 0.001 0 1 2,15 0.001 1 0 156.25 500 15,0 0.001 -1 0 13,2 0.001 1 0 14,3 0.001 1 0 31.3103 245 15,12 0.001 0 -1 13,15 0.001 1 0 12,14 0.001 0 1 1.3142 80 ::f,0,13 f,3,3 f,13,13 f,14,1 
234:0,2 0.001 0 1 1,2 0.001 1 -1 1,3 0.001 1 0 36.2866 290 3,15 0.001 -1 0 0,12 0.001 0 1 2,15 0.001 1 0 156.25 500 14,0 0.001 -1 0 14,2 0.001 1 0 15,3 0.001 1 0 31.3133 245 15,12 0.001 -1 -1 14,15 0.001 1 0 12,15 0.001 0 1 1.3162 80 ::f,0,13 f,3,3 f,13,13 f,14,1 
235:0,3 0.001 0 1 2,1 0.001 1 -1 2,3 0.001 1 0 36.2896 290 3,15 0.001 -1 0 0,12 0.001 0 1 2,15 0.001 1 -1 156.25 500 13,0 0.001 -1 0 15,2 0.001 1 0 15,3 0.001 1 -1 31.3153 245 15,12 0.001 -1 0 14,15 0.001 1 0 12,15 0.001 1 1 1.3162 80 ::f,0,13 f,3,3 f,13,13 f,14,1 
236:0,3 0.001 1 1 2,1 0.001 1 -1 2,3 0.001 1 0 40.2897 305 3,15 0.001 -1 0 0,12 0.001 0 1 3,14 0.001 1 -1 156.251 500 12,0 0.001 -1 0 15,2 0.001 1 -1 15,3 0.001 0 -1 31.3163 245 14,12 0.001 -1 0 14,15 0.001 1 0 12,15 0.001 1 0 1.3172 80 ::f,0,1 f,0,13 f,13,13 f,14,1 
237:0,3 0.001 1 0 3,0 0.001 1 -1 3,3 0.001 1 0 40.2917 305 2,15 0.001 -1 0 0,12 0.001 0 1 3,14 0.001 0 -1 166.252 515 12,0 0.001 -1 1 15,2 0.001 0 -1 15,3 0.001 -1 -1 31.3163 245 13,12 0.001 -1 0 14,15 0.001 1 0 13,15 0.001 1 0 1.3192 80 ::f,0,1 f,2,14 f,13,13 f,14,1 
238:1,3 0.001 1 0 3,0 0.001 0 -1 3,3 0.001 1 -1 40.2927 305 2,15 0.001 -1 0 0,13 0.001 0 1 3,13 0.001 0 -1 166.254 515 12,0 0.001 0 1 15,1 0.001 0 -1 14,2 0.001 -1 -1 31.3183 245 13,12 0.001 -1 0 15,15 0.001 1 0 13,15 0.001 1 0 1.3202 80 ::f,0,1 f,2,14 f,13,13 f,14,1 
239:1,3 0.001 1 0 3,0 0.001 -1 -1 3,3 0.001 0 -1 40.2927 305 1,15 0.001 -1 0 0,13 0.001 0 1 3,12 0.001 0 -1 166.256 515 12,1 0.001 0 1 15,1 0.001 0 -1 13,1 0.001 -1 -1 31.3203 245 12,12 0.001 -1 0 15,15 0.001 1 -1 13,15 0.001 1 0 1.3212 80 ::f,0,1 f,2,14 f,13,13 f,14,1 
240:2,3 0.001 1 0 3,0 0.001 -1 0 3,2 0.001 0 -1 40.2947 305 1,15 0.001 -1 0 0,14 0.001 0 1 3,12 0.001 -1 -1 166.257 515 12,2 0.001 0 1 15,1 0.001 0 -1 12,0 0.001 -1 -1 31.3223 245 12,12 0.001 -1 1 15,15 0.001 0 -1 14,15 0.001 1 0 1.3222 80 ::f,0,1 f,2,14 f,13,13 f,14,1 
241:3,3 0.001 1 0 2,0 0.001 -1 0 3,1 0.001 0 -1 40.2977 305 1,15 0.001 -1 0 0,15 0.001 0 1 3,12 0.001 -1 0 166.258 515 12,2 0.001 0 1 15,0 0.001 0 -1 12,0 0.001 -1 0 31.3233 245 12,12 0.001 0 1 15,14 0.001 0 -1 14,15 0.001 1 0 1.3232 80 ::f,0,1 f,2,14 f,13,13 f,14,1 
242:3,3 0.001 1 -1 1,0 0.001 -1 0 3,0 0.001 0 -1 40.2997 305 1,15 0.001 -1 0 0,15 0.001 1 1 2,12 0.001 -1 0 166.259 515 12,2 0.001 0 1 15,0 0.001 -1 -1 12,0 0.001 -1 1 31.3233 245 12,13 0.001 0 1 15,14 0.001 0 -1 14,15 0.001 1 0 1.3242 80 ::f,0,1 f,2,14 f,13,13 f,14,1 
243:3,3 0.001 0 -1 1,0 0.001 -1 0 3,0 0.001 -1 -1 40.2997 305 1,15 0.001 -1 0 0,15 0.001 1 0 1,12 0.001 -1 0 166.26 515 12,3 0.001 0 1 15,0 0.001 -1 0 12,0 0.001 0 1 31.3243 245 12,14 0.001 0 1 15,13 0.001 0 -1 14,15 0.001 1 0 1.3262 80 ::f,0,1 f,2,14 f,13,13 f,14,1 
244:3,2 0.001 0 -1 0,0 0.001 -1 0 3,0 0.001 -1 0 40.3017 305 1,15 0.001 -1 0 0,15 0.001 1 -1 0,12 0.001 -1 0 166.261 515 12,3 0.001 1 1 14,0 0.001 -1 0 12,1 0.001 0 1 31.3263 245 12,14 0.001 0 1 15,13 0.001 0 -1 15,15 0.001 1 0 1.3272 80 ::f,0,1 f,2,14 f,13,13 f,14,1 
245:3,2 0.001 0 -1 0,0 0.001 -1 1 2,0 0.001 -1 0 40.3027 305 1,15 0.001 -1 0 1,14 0.001 1 -1 0,12 0.001 -1 1 166.262 515 12,3 0.001 1 0 13,0 0.001 -1 0 12,1 0.001 0 1 31.3273 245 12,15 0.001 0 1 15,12 0.001 0 -1 15,15 0.001 1 -1 1.3292 80 ::f,0,1 f,2,14 f,13,13 f,14,1 
246:3,1 0.001 0 -1 0,0 0.001 0 1 1,0 0.001 -1 0 40.3047 305 0,15 0.001 -1 0 1,14 0.001 1 -1 0,12 0.001 0 1 166.263 515 13,3 0.001 1 0 12,0 0.001 -1 0 12,2 0.001 0 1 31.3303 245 12,15 0.001 1 1 15,12 0.001 -1 -1 15,15 0.001 0 -1 1.3292 80 ::f,0,1 f,2,14 f,13,13 f,14,1 
247:3,1 0.001 0 -1 0,0 0.001 0 1 1,0 0.001 -1 0 40.3047 305 0,15 0.001 -1 -1 1,14 0.001 1 -1 0,13 0.001 0 1 166.264 515 14,3 0.001 1 0 12,0 0.001 -1 1 12,2 0.001 0 1 31.3313 245 12,15 0.001 1 0 15,12 0.001 -1 0 15,14 0.001 0 -1 1.3302 80 ::f,0,1 f,2,14 f,13,13 f,14,1 
248:3,1 0.001 0 -1 0,0 0.001 0 1 1,0 0.001 -1 1 40.3047 305 0,15 0.001 0 -1 2,13 0.001 1 -1 0,13 0.001 0 1 166.265 515 14,3 0.001 1 0 12,0 0.001 0 1 12,3 0.001 0 1 31.3323 245 13,15 0.001 1 0 14,12 0.001 -1 0 15,13 0.001 0 -1 1.3332 80 ::f,0,1 f,2,14 f,13,13 f,14,1 
249:3,1 0.001 0 -1 0,0 0.001 0 1 1,0 0.001 -1 1 40.3047 305 0,14 0.001 0 -1 2,13 0.001 1 -1 0,13 0.001 0 1 166.266 515 15,3 0.001 1 0 12,1 0.001 0 1 12,3 0.001 1 1 31.3343 245 13,15 0.001 1 0 13,12 0.001 -1 0 15,13 0.001 0 -1 1.3342 80 ::f,0,1 f,2,14 f,13,13 f,14,1 
250:3,1 0.001 0 -1 0,0 0.001 0 1 0,1 0.001 -1 1 46.3058 320 0,14 0.001 0 -1 2,13 0.001 1 -1 0,13 0.001 1 1 166.266 515 15,3 0.001 1 -1 12,1 0.001 0 1 12,3 0.001 1 0 31.3343 245 13,15 0.001 1 0 13,12 0.001 -1 0 15,12 0.001 0 -1 1.3352 80 ::f,0,2 f,2,14 f,13,13 f,14,1 
251:3,0 0.001 0 -1 0,0 0.001 0 1 0,1 0.001 0 1 46.3068 320 0,14 0.001 0 -1 3,12 0.001 1 -1 1,14 0.001 1 1 166.268 515 15,3 0.001 0 -1 12,2 0.001 0 1 13,3 0.001 1 0 31.3363 245 14,15 0.001 1 0 13,12 0.001 -1 0 15,12 0.001 -1 -1 1.3362 80 ::f,0,2 f,2,14 f,13,13 f,14,1 
252:3,0 0.001 -1 -1 0,0 0.001 1 1 0,1 0.001 0 1 46.3068 320 0,13 0.001 0 -1 3,12 0.001 0 -1 2,15 0.001 1 1 166.27 515 15,2 0.001 0 -1 12,3 0.001 0 1 14,3 0.001 1 0 31.3393 245 15,15 0.001 1 0 12,12 0.001 -1 0 15,12 0.001 -1 0 1.3382 80 ::f,0,2 f,2,14 f,13,13 f,14,1 
253:3,0 0.001 -1 0 1,1 0.001 1 1 0,1 0.001 0 1 46.3078 320 0,13 0.001 0 -1 3,12 0.001 -1 -1 2,15 0.001 1 0 166.27 515 15,1 0.001 0 -1 12,3 0.001 1 1 14,3 0.001 1 0 31.3403 245 15,15 0.001 1 -1 12,12 0.001 -1 1 14,12 0.001 -1 0 1.3392 80 ::f,0,2 f,2,14 f,13,13 f,14,1 
254:2,0 0.001 -1 0 1,1 0.001 1 1 0,1 0.001 0 1 51.3089 335 0,13 0.001 0 -1 3,12 0.001 -1 0 3,15 0.001 1 0 166.271 515 15,1 0.001 0 -1 12,3 0.001 1 0 14,3 0.001 1 0 31.3403 245 15,15 0.001 0 -1 12,12 0.001 0 1 13,12 0.001 -1 0 1.3402 80 ::f,2,14 f,3,2 f,13,13 f,14,1 
255:2,0 0.001 -1 0 2,2 0.001 1 1 0,2 0.001 0 1 51.3109 335 0,13 0.001 0 -1 2,12 0.001 -1 0 3,15 0.001 1 -1 166.272 515 15,1 0.001 0 -1 13,3 0.001 1 0 15,3 0.001 1 0 31.3423 245 15,14 0.001 0 -1 12,13 0.001 0 1 13,12 0.001 -1 0 1.3422 80 ::f,2,14 f,3,2 f,13,13 f,14,1 
256:1,0 0.001 -1 0 3,3 0.001 1 1 0,2 0.001 0 1 51.3129 335 0,12 0.001 0 -1 1,12 0.001 -1 0 3,15 0.001 0 -1 166.274 515 15,0 0.001 0 -1 13,3 0.001 1 0 15,3 0.001 1 -1 31.3433 245 15,14 0.001 0 -1 12,13 0.001 0 1 12,12 0.001 -1 0 1.3432 80 ::f,2,14 f,3,2 f,13,13 f,14,1 
257:1,0 0.001 -1 0 3,3 0.001 1 0 0,3 0.001 0 1 51.3139 335 0,12 0.001 1 -1 1,12 0.001 -1 0 3,14 0.001 0 -1 166.275 515 15,0 0.001 -1 -1 13,3 0.001 1 0 15,3 0.001 0 -1 31.3433 245 15,13 0.001 0 -1 12,14 0.001 0 1 12,12 0.001 -1 1 1.3452 80 ::f,2,14 f,3,2 f,13,13 f,14,1 
258:0,0 0.001 -1 0 3,3 0.001 1 -1 0,3 0.001 1 1 51.3149 335 0,12 0.001 1 0 1,12 0.001 -1 1 3,13 0.001 0 -1 166.276 515 15,0 0.001 -1 0 14,3 0.001 1 0 15,2 0.001 0 -1 31.3453 245 15,13 0.001 0 -1 12,15 0.001 0 1 12,12 0.001 0 1 1.3462 80 ::f,2,14 f,3,2 f,13,13 f,14,1 
259:0,0 0.001 -1 1 3,3 0.001 0 -1 0,3 0.001 1 0 51.3149 335 0,12 0.001 1 0 0,13 0.001 -1 1 3,13 0.001 0 -1 166.277 515 14,0 0.001 -1 0 15,3 0.001 1 0 15,1 0.001 0 -1 31.3483 245 15,12 0.001 0 -1 12,15 0.001 1 1 12,13 0.001 0 1 1.3482 80 ::f,2,14 f,3,2 f,13,13 f,14,1 
260:0,0 0.001 0 1 3,3 0.001 0 -1 1,3 0.001 1 0 51.3159 335 1,12 0.001 1 0 0,13 0.001 0 1 3,12 0.001 0 -1 166.279 515 13,0 0.001 -1 0 15,3 0.001 1 -1 15,1 0.001 0 -1 31.3493 245 15,12 0.001 -1 -1 12,15 0.001 1 0 12,13 0.001 0 1 1.3482 80 ::f,2,14 f,3,2 f,13,13 f,14,1 
261:0,1 0.001 0 1 3,3 0.001 0 -1 1,3 0.001 1 0 58.317 350 1,12 0.001 1 0 0,14 0.001 0 1 3,12 0.001 -1 -1 166.28 515 13,0 0.001 -1 0 15,3 0.001 0 -1 15,1 0.001 0 -1 31.3493 245 15,12 0.001 -1 0 13,15 0.001 1 0 12,14 0.001 0 1 1.3502 80 ::f,1,2 f,2,14 f,13,13 f,14,1 
262:0,2 0.001 0 1 3,2 0.001 0 -1 2,3 0.001 1 0 58.32 350 2,12 0.001 1 0 0,14 0.001 0 1 3,12 0.001 -1 0 166.281 515 12,0 0.001 -1 0 15,2 0.001 0 -1 15,0 0.001 0 -1 31.3523 245 14,12 0.001 -1 0 13,15 0.001 1 0 12,15 0.001 0 1 1.3522 80 ::f,1,2 f,2,14 f,13,13 f,14,1 
263:0,2 0.001 0 1 3,1 0.001 0 -1 2,3 0.001 1 0 58.321 350 2,12 0.001 1 0 0,15 0.001 0 1 3,12 0.001 -1 1 166.282 515 12,0 0.001 -1 1 15,2 0.001 0 -1 15,0 0.001 -1 -1 31.3523 245 13,12 0.001 -1 0 13,15 0.001 1 0 12,15 0.001 1 1 1.3532 80 ::f,1,2 f,2,14 f,13,13 f,14,1 
264:0,2 0.001 0 1 3,0 0.001 0 -1 2,3 0.001 1 0 58.322 350 2,12 0.001 1 0 0,15 0.001 1 1 2,13 0.001 -1 1 166.283 515 12,0 0.001 0 1 15,1 0.001 0 -1 15,0 0.001 -1 0 31.3533 245 12,12 0.001 -1 0 14,15 0.001 1 0 12,15 0.001 1 0 1.3552 80 ::f,1,2 f,2,14 f,13,13 f,14,1 
265:0,2 0.001 0 1 3,0 0.001 -1 -1 2,3 0.001 1 0 58.322 350 3,12 0.001 1 0 0,15 0.001 1 0 1,14 0.001 -1 1 166.285 515 12,1 0.001 0 1 15,1 0.001 0 -1 14,0 0.001 -1 0 31.3553 245 12,12 0.001 -1 1 14,15 0.001 1 0 13,15 0.001 1 0 1.3562 80 ::f,1,2 f,2,14 f,13,13 f,14,1 
266:0,3 0.001 0 1 3,0 0.001 -1 0 3,3 0.001 1 0 58.324 350 3,12 0.001 1 1 1,15 0.001 1 0 1,14 0.001 -1 1 166.286 515 12,1 0.001 0 1 15,0 0.001 0 -1 13,0 0.001 -1 0 31.3573 245 12,12 0.001 0 1 14,15 0.001 1 0 13,15 0.001 1 0 1.3562 80 ::f,1,2 f,2,14 f,13,13 f,14,1 
267:0,3 0.001 1 1 2,0 0.001 -1 0 3,3 0.001 1 -1 58.325 350 3,12 0.001 0 1 1,15 0.001 1 0 0,15 0.001 -1 1 166.287 515 12,1 0.001 0 1 15,0 0.001 -1 -1 13,0 0.001 -1 0 31.3573 245 12,13 0.001 0 1 14,15 0.001 1 0 13,15 0.001 1 -1 1.3572 80 ::f,1,2 f,2,14 f,13,13 f,14,1 
268:0,3 0.001 1 0 1,0 0.001 -1 0 3,3 0.001 0 -1 58.326 350 3,13 0.001 0 1 1,15 0.001 1 0 0,15 0.001 0 1 166.288 515 12,1 0.001 0 1 15,0 0.001 -1 0 12,0 0.001 -1 0 31.3583 245 12,13 0.001 0 1 15,15 0.001 1 0 14,14 0.001 1 -1 1.3592 80 ::f,1,2 f,2,14 f,13,13 f,14,1 
269:1,3 0.001 1 0 0,0 0.001 -1 0 3,2 0.001 0 -1 58.329 350 3,13 0.001 0 1 1,15 0.001 1 0 0,15 0.001 1 1 166.288 515 12,1 0.001 0 1 14,0 0.001 -1 0 12,0 0.001 -1 1 31.3593 245 12,13 0.001 0 1 15,15 0.001 1 -1 14,14 0.001 1 -1 1.3592 80 ::f,1,2 f,2,14 f,13,13 f,14,1 
270:1,3 0.001 1 0 0,0 0.001 -1 1 3,2 0.001 0 -1 58.329 350 3,14 0.001 0 1 1,15 0.001 1 0 0,15 0.001 1 0 166.289 515 12,2 0.001 0 1 13,0 0.001 -1 0 12,0 0.001 0 1 31.3613 245 12,13 0.001 0 1 15,15 0.001 0 -1 14,14 0.001 1 -1 1.3592 80 ::f,1,2 f,2,14 f,13,13 f,14,1 
271:2,3 0.001 1 0 0,0 0.001 0 1 3,1 0.001 0 -1 58.331 350 3,14 0.001 0 1 2,15 0.001 1 0 1,15 0.001 1 0 166.291 515 12,2 0.001 0 1 13,0 0.001 -1 0 12,1 0.001 0 1 31.3623 245 12,14 0.001 0 1 15,14 0.001 0 -1 14,14 0.001 1 -1 1.3612 80 ::f,1,2 f,2,14 f,13,13 f,14,1 
272:2,3 0.001 1 0 0,1 0.001 0 1 3,1 0.001 0 -1 58.332 350 3,15 0.001 0 1 2,15 0.001 1 0 1,15 0.001 1 0 166.292 515 12,3 0.001 0 1 12,0 0.001 -1 0 12,2 0.001 0 1 31.3653 245 12,14 0.001 0 1 15,13 0.001 0 -1 14,14 0.001 1 -1 1.3622 80 ::f,1,2 f,2,14 f,13,13 f,14,1 
273:2,3 0.001 1 0 0,2 0.001 0 1 3,1 0.001 0 -1 58.333 350 3,15 0.001 -1 1 2,15 0.001 1 -1 1,15 0.001 1 -1 166.292 515 12,3 0.001 1 1 12,0 0.001 -1 1 12,2 0.001 0 1 31.3653 245 12,14 0.001 0 1 15,13 0.001 0 -1 14,14 0.001 0 -1 1.3622 80 ::f,1,2 f,2,14 f,13,13 f,14,1 
274:3,3 0.001 1 0 0,2 0.001 0 1 3,0 0.001 0 -1 58.335 350 3,15 0.001 -1 0 3,14 0.001 1 -1 1,15 0.001 1 -1 166.293 515 12,3 0.001 1 0 12,0 0.001 0 1 12,2 0.001 1 1 31.3653 245 12,14 0.001 0 1 15,12 0.001 0 -1 14,13 0.001 0 -1 1.3642 80 ::f,1,2 f,2,14 f,13,13 f,14,1 
275:3,3 0.001 1 -1 0,3 0.001 0 1 3,0 0.001 -1 -1 58.336 350 2,15 0.001 -1 0 3,14 0.001 0 -1 1,15 0.001 1 -1 176.294 530 13,3 0.001 1 0 12,1 0.001 0 1 12,2 0.001 1 0 31.3673 245 12,15 0.001 0 1 15,12 0.001 -1 -1 14,13 0.001 0 -1 1.3652 80 ::f,0,13 f,1,2 f,13,13 f,14,1 
276:3,3 0.001 0 -1 0,3 0.001 1 1 3,0 0.001 -1 0 58.336 350 2,15 0.001 -1 0 3,13 0.001 0 -1 2,14 0.001 1 -1 176.296 530 14,3 0.001 1 0 12,1 0.001 0 1 13,2 0.001 1 0 31.3693 245 12,15 0.001 1 1 15,12 0.001 -1 0 14,13 0.001 0 -1 1.3652 80 ::f,0,13 f,1,2 f,13,13 f,14,1 
277:3,2 0.001 0 -1 0,3 0.001 1 0 2,0 0.001 -1 0 58.338 350 1,15 0.001 -1 0 3,12 0.001 0 -1 2,14 0.001 1 -1 176.298 530 14,3 0.001 1 0 12,2 0.001 0 1 14,2 0.001 1 0 31.3713 245 12,15 0.001 1 0 14,12 0.001 -1 0 14,13 0.001 0 -1 1.3662 80 ::f,0,13 f,1,2 f,13,13 f,14,1 
278:3,2 0.001 0 -1 1,3 0.001 1 0 1,0 0.001 -1 0 58.34 350 0,15 0.001 -1 0 3,12 0.001 -1 -1 2,14 0.001 1 -1 176.299 530 14,3 0.001 1 0 12,3 0.001 0 1 14,2 0.001 1 0 31.3723 245 13,15 0.001 1 0 13,12 0.001 -1 0 14,12 0.001 0 -1 1.3692 80 ::f,0,13 f,1,2 f,13,13 f,14,1 
279:3,1 0.001 0 -1 1,3 0.001 1 0 0,0 0.001 -1 0 58.342 350 0,15 0.001 -1 -1 3,12 0.001 -1 0 3,13 0.001 1 -1 176.3 530 15,3 0.001 1 0 12,3 0.001 1 1 15,2 0.001 1 0 31.3743 245 13,15 0.001 1 0 13,12 0.001 -1 0 14,12 0.001 -1 -1 1.3692 80 ::f,0,13 f,1,2 f,13,13 f,14,1 
280:3,1 0.001 0 -1 2,3 0.001 1 0 0,0 0.001 -1 1 58.343 350 0,15 0.001 0 -1 2,12 0.001 -1 0 3,13 0.001 0 -1 176.301 530 15,3 0.001 1 -1 12,3 0.001 1 0 15,2 0.001 1 -1 31.3743 245 14,15 0.001 1 0 12,12 0.001 -1 0 14,12 0.001 -1 0 1.3712 80 ::f,0,13 f,1,2 f,13,13 f,14,1 
281:3,1 0.001 0 -1 2,3 0.001 1 0 0,0 0.001 0 1 58.343 350 0,14 0.001 0 -1 1,12 0.001 -1 0 3,12 0.001 0 -1 176.304 530 15,3 0.001 0 -1 13,3 0.001 1 0 15,2 0.001 0 -1 31.3753 245 14,15 0.001 1 0 12,12 0.001 -1 1 13,12 0.001 -1 0 1.3722 80 ::f,0,13 f,1,2 f,13,13 f,14,1 
282:3,0 0.001 0 -1 3,3 0.001 1 0 0,1 0.001 0 1 58.346 350 0,14 0.001 0 -1 0,12 0.001 -1 0 3,12 0.001 -1 -1 180.305 545 15,3 0.001 -1 -1 13,3 0.001 1 0 15,1 0.001 0 -1 31.3763 245 15,15 0.001 1 0 12,12 0.001 0 1 13,12 0.001 -1 0 1.3732 80 ::f,1,2 f,2,13 f,13,13 f,14,1 
283:3,0 0.001 -1 -1 3,3 0.001 1 -1 0,1 0.001 0 1 58.346 350 0,13 0.001 0 -1 0,12 0.001 -1 1 3,12 0.001 -1 0 180.306 545 14,2 0.001 -1 -1 13,3 0.001 1 0 15,0 0.001 0 -1 31.3783 245 15,15 0.001 1 -1 12,13 0.001 0 1 12,12 0.001 -1 0 1.3752 80 ::f,1,2 f,2,13 f,13,13 f,14,1 
284:3,0 0.001 -1 0 3,3 0.001 0 -1 0,2 0.001 0 1 58.347 350 0,13 0.001 0 -1 0,12 0.001 0 1 2,12 0.001 -1 0 180.307 545 14,2 0.001 -1 -1 14,3 0.001 1 0 15,0 0.001 -1 -1 31.3793 245 15,15 0.001 0 -1 12,14 0.001 0 1 12,12 0.001 -1 1 1.3762 80 ::f,1,2 f,2,13 f,13,13 f,14,1 
285:2,0 0.001 -1 0 3,2 0.001 0 -1 0,2 0.001 0 1 58.349 350 0,13 0.001 0 -1 0,12 0.001 1 1 1,12 0.001 -1 0 180.308 545 14,2 0.001 -1 -1 15,3 0.001 1 0 15,0 0.001 -1 0 31.3803 245 15,14 0.001 0 -1 12,15 0.001 0 1 12,12 0.001 0 1 1.3782 80 ::f,1,2 f,2,13 f,13,13 f,14,1 
286:1,0 0.001 -1 0 3,1 0.001 0 -1 0,3 0.001 0 1 58.352 350 0,13 0.001 0 -1 1,13 0.001 1 1 1,12 0.001 -1 0 180.309 545 14,2 0.001 -1 -1 15,3 0.001 1 -1 14,0 0.001 -1 0 31.3813 245 15,13 0.001 0 -1 12,15 0.001 1 1 12,13 0.001 0 1 1.3802 80 ::f,1,2 f,2,13 f,13,13 f,14,1 
287:0,0 0.001 -1 0 3,1 0.001 0 -1 0,3 0.001 1 1 58.353 350 0,12 0.001 0 -1 2,14 0.001 1 1 1,12 0.001 -1 0 180.311 545 13,1 0.001 -1 -1 15,3 0.001 0 -1 13,0 0.001 -1 0 31.3833 245 15,12 0.001 0 -1 12,15 0.001 1 0 12,13 0.001 0 1 1.3812 80 ::f,1,2 f,2,13 f,13,13 f,14,1 
288:0,0 0.001 -1 1 3,0 0.001 0 -1 0,3 0.001 1 0 58.354 350 0,12 0.001 1 -1 2,14 0.001 1 1 1,12 0.001 -1 1 180.311 545 13,1 0.001 -1 -1 15,2 0.001 0 -1 13,0 0.001 -1 0 31.3843 245 15,12 0.001 -1 -1 13,15 0.001 1 0 12,14 0.001 0 1 1.3832 80 ::f,1,2 f,2,13 f,13,13 f,14,1 
289:0,0 0.001 0 1 3,0 0.001 -1 -1 1,3 0.001 1 0 58.355 350 0,12 0.001 1 0 3,15 0.001 1 1 0,13 0.001 -1 1 180.313 545 12,0 0.001 -1 -1 15,1 0.001 0 -1 13,0 0.001 -1 0 31.3863 245 15,12 0.001 -1 0 13,15 0.001 1 0 12,15 0.001 0 1 1.3842 80 ::f,1,2 f,2,13 f,13,13 f,14,1 
290:0,1 0.001 0 1 3,0 0.001 -1 0 2,3 0.001 1 0 58.357 350 1,12 0.001 1 0 3,15 0.001 1 0 0,13 0.001 0 1 180.314 545 12,0 0.001 -1 0 15,0 0.001 0 -1 13,0 0.001 -1 1 31.3873 245 14,12 0.001 -1 0 13,15 0.001 1 0 12,15 0.001 1 1 1.3852 80 ::f,1,2 f,2,13 f,13,13 f,14,1 
291:0,1 0.001 0 1 2,0 0.001 -1 0 3,3 0.001 1 0 58.359 350 2,12 0.001 1 0 3,15 0.001 1 -1 0,14 0.001 0 1 180.316 545 12,0 0.001 -1 1 15,0 0.001 -1 -1 12,1 0.001 -1 1 31.3883 245 13,12 0.001 -1 0 14,15 0.001 1 0 12,15 0.001 1 0 1.3872 80 ::f,1,2 f,2,13 f,13,13 f,14,1 
292:0,1 0.001 0 1 1,0 0.001 -1 0 3,3 0.001 1 -1 58.36 350 2,12 0.001 1 0 3,15 0.001 0 -1 0,15 0.001 0 1 180.317 545 12,0 0.001 0 1 15,0 0.001 -1 0 12,1 0.001 0 1 31.3883 245 12,12 0.001 -1 0 14,15 0.001 1 0 13,15 0.001 1 0 1.3892 80 ::f,1,2 f,2,13 f,13,13 f,14,1 
293:0,2 0.001 0 1 1,0 0.001 -1 0 3,3 0.001 0 -1 58.361 350 3,12 0.001 1 0 3,14 0.001 0 -1 0,15 0.001 1 1 180.319 545 12,0 0.001 1 1 14,0 0.001 -1 0 12,2 0.001 0 1 31.3903 245 12,12 0.001 -1 1 15,15 0.001 1 0 13,15 0.001 1 0 1.3902 80 ::f,1,2 f,2,13 f,13,13 f,14,1 
294:0,2 0.001 0 1 0,0 0.001 -1 0 3,2 0.001 0 -1 58.363 350 3,12 0.001 1 1 3,14 0.001 0 -1 0,15 0.001 1 0 180.319 545 13,1 0.001 1 1 13,0 0.001 -1 0 12,2 0.001 0 1 31.3923 245 12,12 0.001 0 1 15,15 0.001 1 -1 13,15 0.001 1 0 1.3902 80 ::f,1,2 f,2,13 f,13,13 f,14,1 
295:0,2 0.001 0 1 0,0 0.001 -1 1 3,2 0.001 0 -1 58.363 350 3,12 0.001 0 1 3,13 0.001 0 -1 1,15 0.001 1 0 180.321 545 13,1 0.001 1 1 12,0 0.001 -1 0 12,3 0.001 0 1 31.3943 245 12,13 0.001 0 1 15,15 0.001 0 -1 14,15 0.001 1 0 1.3922 80 ::f,1,2 f,2,13 f,13,13 f,14,1 
296:0,3 0.001 0 1 0,0 0.001 0 1 3,1 0.001 0 -1 58.365 350 3,12 0.001 0 1 3,13 0.001 0 -1 1,15 0.001 1 0 180.321 545 14,2 0.001 1 1 12,0 0.001 -1 1 12,3 0.001 1 1 31.3953 245 12,13 0.001 0 1 15,14 0.001 0 -1 14,15 0.001 1 0 1.3932 80 ::f,1,2 f,2,13 f,13,13 f,14,1 
297:0,3 0.001 1 1 0,1 0.001 0 1 3,1 0.001 0 -1 58.366 350 3,12 0.001 0 1 3,13 0.001 -1 -1 2,15 0.001 1 0 180.322 545 14,2 0.001 1 1 12,0 0.001 0 1 12,3 0.001 1 0 31.3953 245 12,14 0.001 0 1 15,14 0.001 0 -1 14,15 0.001 1 0 1.3942 80 ::f,1,2 f,2,13 f,13,13 f,14,1 
298:0,3 0.001 1 0 0,1 0.001 0 1 3,1 0.001 0 -1 58.366 350 3,12 0.001 0 1 2,12 0.001 -1 -1 2,15 0.001 1 0 180.323 545 15,3 0.001 1 1 12,1 0.001 0 1 13,3 0.001 1 0 31.3983 245 12,15 0.001 0 1 15,13 0.001 0 -1 15,15 0.001 1 0 1.3972 80 ::f,1,2 f,2,13 f,13,13 f,14,1 
299:1,3 0.001 1 0 0,1 0.001 0 1 3,0 0.001 0 -1 58.368 350 3,13 0.001 0 1 2,12 0.001 -1 0 2,15 0.001 1 0 180.324 545 15,3 0.001 1 0 12,1 0.001 0 1 14,3 0.001 1 0 31.3993 245 12,15 0.001 1 1 15,13 0.001 0 -1 15,15 0.001 1 -1 1.3972 80 ::f,1,2 f,2,13 f,13,13 f,14,1 
