16
0:0,3 0.001 -1 0 2,1 0.003 1 0 1,2 0.002 0 -1 0.002 50 2,14 0.001 -1 -1 1,12 0.003 0 -1 0,14 0.002 0 -1 0.002 50 15,1 0.001 0 -1 14,0 0.003 0 -1 12,2 0.002 -1 -1 0.002 50 14,13 0.001 1 0 12,14 0.003 0 -1 14,12 0.002 0 1 0.001 50 ::f,2,2 f,3,12 f,15,0 f,15,14 
1:0,3 0.001 -1 -1 2,1 0.001 1 0 1,2 0.001 0 -1 0.002 50 1,13 0.001 -1 -1 1,12 0.003 1 -1 0,14 0.001 0 -1 0.003 50 15,1 0.001 0 -1 14,0 0.003 1 -1 12,2 0.002 0 -1 0.0021 65 14,13 0.001 1 0 12,13 0.003 0 -1 14,12 0.001 0 1 0.002 50 ::f,2,2 f,3,12 f,13,0 f,15,14 
2:0,3 0.001 -1 0 2,1 0.001 1 0 1,1 0.001 0 -1 0.003 50 0,12 0.001 -1 -1 1,12 0.003 0 -1 0,14 0.001 0 -1 0.004 50 15,0 0.001 0 -1 14,0 0.003 0 -1 12,1 0.002 0 -1 0.0041 65 14,13 0.001 1 0 12,12 0.003 0 -1 14,12 0.001 -1 1 0.003 50 ::f,2,2 f,3,12 f,13,0 f,15,14 
3:0,3 0.001 -1 1 3,1 0.001 1 0 1,0 0.001 0 -1 0.005 50 0,12 0.001 -1 0 1,12 0.003 -1 -1 0,13 0.001 0 -1 0.005 50 15,0 0.001 1 -1 14,0 0.003 -1 -1 12,0 0.002 0 -1 0.0051 65 15,13 0.001 1 0 12,12 0.003 -1 -1 13,13 0.001 -1 1 0.005 50 ::f,2,2 f,3,12 f,13,0 f,15,14 
4:0,3 0.001 0 1 3,1 0.001 1 -1 1,0 0.001 -1 -1 0.005 50 0,12 0.001 -1 1 1,12 0.003 -1 0 0,13 0.001 0 -1 0.005 50 15,0 0.001 1 0 14,0 0.003 -1 0 12,0 0.002 -1 -1 0.0051 65 15,13 0.001 1 -1 12,12 0.003 -1 0 12,14 0.001 -1 1 0.006 50 ::f,2,2 f,3,12 f,13,0 f,15,14 
5:0,3 0.001 1 1 3,1 0.001 0 -1 1,0 0.001 -1 0 0.005 50 0,12 0.001 0 1 1,12 0.003 -1 1 0,13 0.001 -1 -1 0.005 50 15,0 0.001 1 1 14,0 0.003 -1 0 12,0 0.002 -1 0 0.0051 65 15,13 0.001 0 -1 12,12 0.003 -1 1 12,14 0.001 -1 1 0.006 50 ::f,2,2 f,3,12 f,13,0 f,15,14 
6:0,3 0.001 1 0 3,0 0.001 0 -1 0,0 0.001 -1 0 0.007 50 0,12 0.001 1 1 1,12 0.003 0 1 0,13 0.001 -1 0 0.005 50 15,0 0.001 0 1 14,0 0.001 -1 0 12,0 0.002 -1 1 0.0052 80 15,12 0.001 0 -1 12,12 0.003 0 1 12,14 0.001 -1 0 0.007 50 ::f,2,2 f,3,12 f,13,1 f,15,14 
7:1,3 0.001 1 0 3,0 0.001 -1 -1 0,0 0.001 -1 1 0.008 50 1,13 0.001 1 1 1,12 0.003 1 1 0,13 0.001 -1 1 0.006 50 15,1 0.001 0 1 13,0 0.001 -1 0 12,0 0.002 0 1 0.0072 80 15,12 0.001 -1 -1 12,13 0.003 0 1 12,14 0.001 -1 -1 0.008 50 ::f,2,2 f,3,12 f,13,1 f,15,14 
8:2,3 0.001 1 0 3,0 0.001 -1 0 0,0 0.001 0 1 0.009 50 2,14 0.001 1 1 2,13 0.003 1 1 0,13 0.001 0 1 0.008 50 15,2 0.001 0 1 13,0 0.001 -1 0 12,1 0.002 0 1 0.0092 80 15,12 0.001 -1 0 12,13 0.001 0 1 12,14 0.001 0 -1 0.008 50 ::f,2,2 f,3,12 f,13,1 f,15,14 
9:2,3 0.001 1 0 2,0 0.001 -1 0 0,1 0.001 0 1 0.011 50 2,14 0.001 1 1 2,13 0.001 1 1 0,14 0.001 0 1 0.009 50 15,2 0.001 0 1 12,0 0.001 -1 0 12,1 0.001 0 1 0.0102 80 14,12 0.001 -1 0 12,13 0.001 1 1 12,14 0.001 1 -1 0.009 50 ::f,2,2 f,3,12 f,13,1 f,15,14 
10:2,3 0.001 1 0 1,0 0.001 -1 0 0,2 0.001 0 1 0.013 50 2,14 0.001 1 1 3,14 0.001 1 1 0,15 0.001 0 1 0.011 50 15,2 0.001 0 1 12,0 0.001 -1 1 12,2 0.001 0 1 0.0112 80 13,12 0.001 -1 0 13,14 0.001 1 1 13,13 0.001 1 -1 0.012 50 ::f,2,2 f,3,12 f,13,1 f,15,14 
11:3,3 0.001 1 0 1,0 0.001 -1 0 0,3 0.001 0 1 0.015 50 3,15 0.001 1 1 3,14 0.001 1 0 0,15 0.001 1 1 0.012 50 15,3 0.001 0 1 12,0 0.001 0 1 12,2 0.001 0 1 0.0122 80 12,12 0.001 -1 0 13,14 0.001 1 1 14,12 0.001 1 -1 0.014 50 ::f,2,2 f,3,12 f,13,1 f,15,14 
12:3,3 0.001 1 -1 0,0 0.001 -1 0 0,3 0.001 1 1 0.016 50 3,15 0.001 1 0 3,14 0.001 1 -1 0,15 0.001 1 0 0.012 50 15,3 0.001 -1 1 12,1 0.001 0 1 12,2 0.001 0 1 0.0132 80 12,12 0.001 -1 1 14,15 0.001 1 1 14,12 0.001 1 0 0.015 50 ::f,2,2 f,3,12 f,13,1 f,15,14 
13:3,3 0.001 0 -1 0,0 0.001 -1 1 0,3 0.001 1 0 0.016 50 3,15 0.001 1 -1 3,14 0.001 0 -1 1,15 0.001 1 0 0.013 50 15,3 0.001 -1 0 12,1 0.001 0 1 12,3 0.001 0 1 0.0142 80 12,12 0.001 0 1 14,15 0.001 1 0 15,12 0.001 1 0 0.016 50 ::f,2,2 f,3,12 f,13,1 f,15,14 
14:3,2 0.001 0 -1 0,0 0.001 0 1 1,3 0.001 1 0 0.018 50 3,15 0.001 0 -1 3,13 0.001 0 -1 2,15 0.001 1 0 0.015 50 14,3 0.001 -1 0 12,2 0.001 0 1 12,3 0.001 1 1 0.0162 80 12,13 0.001 0 1 15,15 0.001 1 0 15,12 0.001 1 1 0.018 50 ::f,2,2 f,3,12 f,13,1 f,15,14 
15:3,2 0.001 0 -1 0,1 0.001 0 1 1,3 0.001 1 0 0.019 50 3,14 0.001 0 -1 3,13 0.001 0 -1 3,15 0.001 1 0 0.0171 65 13,3 0.001 -1 0 12,2 0.001 0 1 12,3 0.001 1 0 0.0172 80 12,13 0.001 0 1 15,15 0.001 1 -1 15,12 0.001 0 1 0.018 50 ::f,1,14 f,2,2 f,13,1 f,15,14 
16:3,1 0.001 0 -1 0,2 0.001 0 1 2,3 0.001 1 0 0.022 50 3,14 0.001 0 -1 3,12 0.001 0 -1 3,15 0.001 1 -1 0.0181 65 13,3 0.001 -1 0 12,2 0.001 1 1 12,3 0.001 1 -1 0.0172 80 12,14 0.001 0 1 15,15 0.001 0 -1 15,13 0.001 0 1 0.02 50 ::f,1,14 f,2,2 f,13,1 f,15,14 
17:3,1 0.001 0 -1 0,3 0.001 0 1 3,3 0.001 1 0 0.024 50 3,13 0.001 0 -1 3,12 0.001 -1 -1 3,15 0.001 0 -1 0.0191 65 13,3 0.001 -1 -1 12,2 0.001 1 0 13,2 0.001 1 -1 0.0182 80 12,14 0.001 0 1 15,15 0.001 0 -1 15,13 0.001 0 1 0.0201 65 ::f,1,14 f,2,2 f,13,1 f,14,12 
18:3,1 0.001 0 -1 0,3 0.001 1 1 3,3 0.001 1 -1 0.024 50 3,13 0.001 0 -1 3,12 0.001 -1 0 3,14 0.001 0 -1 0.0201 65 13,3 0.001 0 -1 12,2 0.001 1 -1 14,1 0.001 1 -1 0.0192 80 12,15 0.001 0 1 15,14 0.001 0 -1 15,13 0.001 0 1 0.0221 65 ::f,1,14 f,2,2 f,13,1 f,14,12 
19:3,0 0.001 0 -1 0,3 0.001 1 0 3,3 0.001 0 -1 0.025 50 3,13 0.001 -1 -1 2,12 0.001 -1 0 3,14 0.001 0 -1 0.0211 65 13,2 0.001 0 -1 12,2 0.001 1 -1 15,0 0.001 1 -1 0.0212 80 12,15 0.001 1 1 15,14 0.001 0 -1 15,13 0.001 -1 1 0.0221 65 ::f,1,14 f,2,2 f,13,1 f,14,12 
20:3,0 0.001 -1 -1 1,3 0.001 1 0 3,2 0.001 0 -1 0.027 50 3,13 0.001 -1 0 2,12 0.001 -1 0 3,14 0.001 -1 -1 0.0211 65 13,2 0.001 0 -1 13,1 0.001 1 -1 15,0 0.001 0 -1 1.0223 95 12,15 0.001 1 0 15,14 0.001 -1 -1 14,14 0.001 -1 1 0.0231 65 ::f,1,14 f,2,2 f,12,3 f,14,12 
21:3,0 0.001 -1 0 1,3 0.001 1 0 3,2 0.001 0 -1 0.027 50 2,13 0.001 -1 0 2,12 0.001 -1 0 3,14 0.001 -1 0 0.0221 65 13,2 0.001 0 -1 14,0 0.001 1 -1 15,0 0.001 -1 -1 1.0233 95 13,15 0.001 1 0 14,13 0.001 -1 -1 14,14 0.001 -1 1 0.0251 65 ::f,1,14 f,2,2 f,12,3 f,14,12 
22:2,0 0.001 -1 0 2,3 0.001 1 0 3,1 0.001 0 -1 0.03 50 2,13 0.001 -1 0 1,12 0.001 -1 0 2,14 0.001 -1 0 0.0241 65 13,1 0.001 0 -1 14,0 0.001 0 -1 15,0 0.001 -1 0 1.0243 95 13,15 0.001 1 0 13,12 0.001 -1 -1 14,14 0.001 -1 0 0.0261 65 ::f,1,14 f,2,2 f,12,3 f,14,12 
23:1,0 0.001 -1 0 2,3 0.001 1 0 3,1 0.001 0 -1 0.031 50 1,13 0.001 -1 0 1,12 0.001 -1 0 2,14 0.001 -1 0 0.0252 80 13,0 0.001 0 -1 14,0 0.001 -1 -1 15,0 0.001 -1 1 1.0253 95 14,15 0.001 1 0 13,12 0.001 -1 0 13,14 0.001 -1 0 0.0281 65 ::f,2,2 f,2,13 f,12,3 f,14,12 
24:1,0 0.001 -1 0 3,3 0.001 1 0 3,1 0.001 0 -1 0.032 50 1,13 0.001 -1 0 1,12 0.001 -1 0 1,14 0.001 -1 0 0.0262 80 13,0 0.001 1 -1 14,0 0.001 -1 0 14,1 0.001 -1 1 1.0263 95 14,15 0.001 1 0 12,12 0.001 -1 0 12,14 0.001 -1 0 0.0301 65 ::f,2,2 f,2,13 f,12,3 f,14,12 
25:0,0 0.001 -1 0 3,3 0.001 1 -1 3,0 0.001 0 -1 0.034 50 0,13 0.001 -1 0 0,12 0.001 -1 0 0,14 0.001 -1 0 0.0292 80 13,0 0.001 1 0 14,0 0.001 -1 1 13,2 0.001 -1 1 1.0273 95 14,15 0.001 1 0 12,12 0.001 -1 1 12,14 0.001 -1 -1 0.0301 65 ::f,2,2 f,2,13 f,12,3 f,14,12 
26:0,0 0.001 -1 1 3,3 0.001 0 -1 3,0 0.001 -1 -1 0.034 50 0,13 0.001 -1 1 0,12 0.001 -1 1 0,14 0.001 -1 1 0.0292 80 13,0 0.001 1 1 13,1 0.001 -1 1 13,2 0.001 -1 1 1.0284 110 15,15 0.001 1 0 12,12 0.001 0 1 12,14 0.001 0 -1 0.0311 65 ::f,2,2 f,2,13 f,14,12 f,15,0 
27:0,0 0.001 0 1 3,2 0.001 0 -1 3,0 0.001 -1 0 0.035 50 0,13 0.001 0 1 0,12 0.001 0 1 0,14 0.001 0 1 0.0292 80 14,1 0.001 1 1 13,1 0.001 -1 1 12,3 0.001 -1 1 1.0304 110 15,15 0.001 1 -1 12,13 0.001 0 1 12,14 0.001 1 -1 0.0321 65 ::f,2,2 f,2,13 f,14,12 f,15,0 
28:0,1 0.001 0 1 3,1 0.001 0 -1 2,0 0.001 -1 0 0.038 50 0,13 0.001 1 1 0,12 0.001 1 1 0,15 0.001 0 1 0.0302 80 14,1 0.001 1 1 12,2 0.001 -1 1 12,3 0.001 0 1 1.0314 110 15,15 0.001 0 -1 12,13 0.001 0 1 13,13 0.001 1 -1 0.0331 65 ::f,2,2 f,2,13 f,14,12 f,15,0 
29:0,1 0.001 0 1 3,0 0.001 0 -1 1,0 0.001 -1 0 0.04 50 1,14 0.001 1 1 1,13 0.001 1 1 0,15 0.001 1 1 0.0322 80 15,2 0.001 1 1 12,2 0.001 0 1 12,3 0.001 1 1 1.0324 110 15,14 0.001 0 -1 12,14 0.001 0 1 13,13 0.001 1 -1 1.0352 80 ::f,2,2 f,2,13 f,14,12 f,15,0 
30:0,1 0.001 0 1 3,0 0.001 -1 -1 1,0 0.001 -1 0 0.04 50 1,14 0.001 1 1 1,13 0.001 1 1 0,15 0.001 1 0 0.0322 80 15,2 0.001 0 1 12,2 0.001 1 1 12,3 0.001 1 0 1.0324 110 15,14 0.001 0 -1 12,14 0.001 0 1 13,13 0.001 1 -1 3.0353 95 ::f,2,2 f,2,13 f,15,0 f,15,15 
31:0,1 0.001 0 1 3,0 0.001 -1 0 1,0 0.001 -1 0 0.04 50 2,15 0.001 1 1 2,14 0.001 1 1 1,15 0.001 1 0 0.0352 80 15,3 0.001 0 1 13,3 0.001 1 1 12,3 0.001 1 -1 1.0344 110 15,13 0.001 0 -1 12,14 0.001 0 1 14,12 0.001 1 -1 3.0373 95 ::f,2,2 f,2,13 f,15,0 f,15,15 
32:0,2 0.001 0 1 2,0 0.001 -1 0 0,0 0.001 -1 0 0.043 50 2,15 0.001 1 0 2,14 0.001 1 1 1,15 0.001 1 0 0.0352 80 15,3 0.001 -1 1 13,3 0.001 1 0 13,2 0.001 1 -1 1.0354 110 15,13 0.001 0 -1 12,15 0.001 0 1 14,12 0.001 1 0 3.0383 95 ::f,2,2 f,2,13 f,15,0 f,15,15 
33:0,3 0.001 0 1 2,0 0.001 -1 0 0,0 0.001 -1 1 0.044 50 3,15 0.001 1 0 2,14 0.001 1 1 2,15 0.001 1 0 0.0372 80 15,3 0.001 -1 0 14,3 0.001 1 0 13,2 0.001 1 -1 1.0364 110 15,12 0.001 0 -1 12,15 0.001 1 1 14,12 0.001 1 1 3.0393 95 ::f,2,2 f,2,13 f,15,0 f,15,15 
34:0,3 0.001 1 1 1,0 0.001 -1 0 0,0 0.001 0 1 0.045 50 3,15 0.001 1 -1 2,14 0.001 1 0 2,15 0.001 1 0 0.0372 80 15,3 0.001 -1 -1 14,3 0.001 1 0 14,1 0.001 1 -1 1.0374 110 15,12 0.001 -1 -1 12,15 0.001 1 0 15,13 0.001 1 1 3.0403 95 ::f,2,2 f,2,13 f,15,0 f,15,15 
35:0,3 0.001 1 0 1,0 0.001 -1 0 0,1 0.001 0 1 0.046 50 3,15 0.001 0 -1 3,14 0.001 1 0 2,15 0.001 1 -1 0.0382 80 14,2 0.001 -1 -1 15,3 0.001 1 0 14,1 0.001 1 -1 2.0395 125 15,12 0.001 -1 0 13,15 0.001 1 0 15,13 0.001 0 1 3.0413 95 ::f,2,2 f,2,13 f,13,2 f,15,15 
36:1,3 0.001 1 0 0,0 0.001 -1 0 0,1 0.001 0 1 0.048 50 3,15 0.001 -1 -1 3,14 0.001 1 -1 2,15 0.001 0 -1 0.0382 80 14,2 0.001 -1 -1 15,3 0.001 1 -1 15,0 0.001 1 -1 2.0405 125 14,12 0.001 -1 0 13,15 0.001 1 0 15,14 0.001 0 1 3.0433 95 ::f,2,2 f,2,13 f,13,2 f,15,15 
37:1,3 0.001 1 0 0,0 0.001 -1 1 0,2 0.001 0 1 0.049 50 2,14 0.001 -1 -1 3,14 0.001 0 -1 2,15 0.001 -1 -1 0.0392 80 13,1 0.001 -1 -1 15,3 0.001 0 -1 15,0 0.001 0 -1 2.0415 125 14,12 0.001 -1 0 13,15 0.001 1 0 15,14 0.001 0 1 6.0434 110 ::f,2,2 f,2,13 f,12,15 f,13,2 
38:1,3 0.001 1 0 0,0 0.001 0 1 0,2 0.001 0 1 0.049 50 1,13 0.001 -1 -1 3,13 0.001 0 -1 1,14 0.001 -1 -1 0.0422 80 13,1 0.001 -1 -1 15,2 0.001 0 -1 15,0 0.001 -1 -1 2.0425 125 14,12 0.001 -1 0 13,15 0.001 1 0 15,15 0.001 0 1 6.0444 110 ::f,2,2 f,2,13 f,12,15 f,13,2 
39:1,3 0.001 1 0 0,1 0.001 0 1 0,3 0.001 0 1 0.051 50 1,13 0.001 -1 -1 3,13 0.001 0 -1 0,13 0.001 -1 -1 0.0432 80 13,1 0.001 -1 -1 15,1 0.001 0 -1 15,0 0.001 -1 0 2.0435 125 13,12 0.001 -1 0 14,15 0.001 1 0 15,15 0.001 -1 1 6.0464 110 ::f,2,2 f,2,13 f,12,15 f,13,2 
40:2,3 0.001 1 0 0,1 0.001 0 1 0,3 0.001 1 1 0.052 50 0,12 0.001 -1 -1 3,12 0.001 0 -1 0,13 0.001 -1 0 0.0452 80 13,1 0.001 -1 -1 15,1 0.001 0 -1 14,0 0.001 -1 0 2.0445 125 13,12 0.001 -1 0 14,15 0.001 1 0 15,15 0.001 -1 0 6.0464 110 ::f,2,2 f,2,13 f,12,15 f,13,2 
41:2,3 0.001 1 0 0,2 0.001 0 1 0,3 0.001 1 0 0.053 50 0,12 0.001 -1 0 3,12 0.001 -1 -1 0,13 0.001 -1 1 0.0452 80 12,0 0.001 -1 -1 15,0 0.001 0 -1 13,0 0.001 -1 0 2.0475 125 12,12 0.001 -1 0 14,15 0.001 1 -1 15,15 0.001 -1 -1 6.0474 110 ::f,2,2 f,2,13 f,12,15 f,13,2 
42:3,3 0.001 1 0 0,2 0.001 0 1 1,3 0.001 1 0 0.055 50 0,12 0.001 -1 1 3,12 0.001 -1 0 0,13 0.001 0 1 0.0452 80 12,0 0.001 0 -1 15,0 0.001 -1 -1 13,0 0.001 -1 0 2.0475 125 12,12 0.001 -1 1 15,14 0.001 1 -1 14,14 0.001 -1 -1 6.0494 110 ::f,2,2 f,2,13 f,12,15 f,13,2 
43:3,3 0.001 1 -1 0,3 0.001 0 1 1,3 0.001 1 0 0.056 50 0,12 0.001 0 1 2,12 0.001 -1 0 0,14 0.001 0 1 0.0472 80 12,0 0.001 1 -1 15,0 0.001 -1 0 13,0 0.001 -1 1 2.0475 125 12,12 0.001 0 1 15,14 0.001 0 -1 14,14 0.001 -1 -1 6.0494 110 ::f,2,2 f,2,13 f,12,15 f,13,2 
44:3,3 0.001 0 -1 0,3 0.001 1 1 2,3 0.001 1 0 0.057 50 0,13 0.001 0 1 1,12 0.001 -1 0 0,15 0.001 0 1 0.0502 80 12,0 0.001 1 0 14,0 0.001 -1 0 12,1 0.001 -1 1 2.0495 125 12,13 0.001 0 1 15,13 0.001 0 -1 13,13 0.001 -1 -1 6.0524 110 ::f,2,2 f,2,13 f,12,15 f,13,2 
45:3,2 0.001 0 -1 0,3 0.001 1 0 3,3 0.001 1 0 0.059 50 0,13 0.001 0 1 1,12 0.001 -1 0 0,15 0.001 1 1 0.0502 80 13,0 0.001 1 0 14,0 0.001 -1 0 12,1 0.001 0 1 2.0505 125 12,13 0.001 0 1 15,13 0.001 0 -1 13,13 0.001 -1 -1 6.0524 110 ::f,2,2 f,2,13 f,12,15 f,13,2 
46:3,2 0.001 0 -1 1,3 0.001 1 0 3,3 0.001 1 -1 0.06 50 0,14 0.001 0 1 1,12 0.001 -1 0 0,15 0.001 1 0 0.0512 80 13,0 0.001 1 0 14,0 0.001 -1 1 12,2 0.001 0 1 2.0515 125 12,14 0.001 0 1 15,12 0.001 0 -1 13,13 0.001 -1 -1 6.0544 110 ::f,2,2 f,2,13 f,12,15 f,13,2 
47:3,1 0.001 0 -1 1,3 0.001 1 0 3,3 0.001 0 -1 0.061 50 0,14 0.001 0 1 0,12 0.001 -1 0 1,15 0.001 1 0 0.0532 80 13,0 0.001 1 1 13,1 0.001 -1 1 12,3 0.001 0 1 2.0535 125 12,14 0.001 0 1 15,12 0.001 -1 -1 13,13 0.001 -1 -1 6.0545 125 ::f,2,2 f,2,13 f,13,2 f,13,12 
48:3,1 0.001 0 -1 1,3 0.001 1 0 3,2 0.001 0 -1 0.062 50 0,15 0.001 0 1 0,12 0.001 -1 1 2,15 0.001 1 0 0.0552 80 14,1 0.001 1 1 13,1 0.001 -1 1 12,3 0.001 1 1 2.0545 125 12,15 0.001 0 1 15,12 0.001 -1 0 13,13 0.001 -1 -1 6.0555 125 ::f,2,2 f,2,13 f,13,2 f,13,12 
49:3,1 0.001 0 -1 2,3 0.001 1 0 3,2 0.001 0 -1 0.063 50 0,15 0.001 1 1 0,12 0.001 0 1 2,15 0.001 1 0 0.0552 80 15,2 0.001 1 1 13,1 0.001 -1 1 12,3 0.001 1 0 2.0555 125 12,15 0.001 1 1 14,12 0.001 -1 0 13,13 0.001 -1 -1 6.0565 125 ::f,2,2 f,2,13 f,13,2 f,13,12 
50:3,0 0.001 0 -1 2,3 0.001 1 0 3,1 0.001 0 -1 0.065 50 0,15 0.001 1 0 0,13 0.001 0 1 3,15 0.001 1 0 0.0572 80 15,2 0.001 0 1 12,2 0.001 -1 1 13,3 0.001 1 0 2.0575 125 12,15 0.001 1 0 14,12 0.001 -1 0 12,12 0.001 -1 -1 6.0576 140 ::f,2,2 f,2,13 f,13,2 f,15,15 
51:3,0 0.001 -1 -1 3,3 0.001 1 0 3,1 0.001 0 -1 0.066 50 1,15 0.001 1 0 0,14 0.001 0 1 3,15 0.001 1 -1 0.0592 80 15,3 0.001 0 1 12,2 0.001 0 1 14,3 0.001 1 0 2.0595 125 13,15 0.001 1 0 13,12 0.001 -1 0 12,12 0.001 0 -1 6.0596 140 ::f,2,2 f,2,13 f,13,2 f,15,15 
52:3,0 0.001 -1 0 3,3 0.001 1 -1 3,1 0.001 -1 -1 0.066 50 1,15 0.001 1 0 0,15 0.001 0 1 3,15 0.001 0 -1 0.0602 80 15,3 0.001 -1 1 12,3 0.001 0 1 14,3 0.001 1 0 2.0605 125 14,15 0.001 1 0 13,12 0.001 -1 0 12,12 0.001 1 -1 6.0606 140 ::f,2,2 f,2,13 f,13,2 f,15,15 
53:2,0 0.001 -1 0 3,3 0.001 0 -1 3,1 0.001 -1 0 0.067 50 1,15 0.001 1 0 0,15 0.001 1 1 3,14 0.001 0 -1 0.0612 80 15,3 0.001 -1 0 12,3 0.001 1 1 14,3 0.001 1 -1 2.0605 125 14,15 0.001 1 0 13,12 0.001 -1 1 12,12 0.001 1 0 7.0607 155 ::f,2,2 f,2,13 f,12,13 f,13,2 
54:2,0 0.001 -1 0 3,2 0.001 0 -1 2,1 0.001 -1 0 0.069 50 2,15 0.001 1 0 0,15 0.001 1 0 3,13 0.001 0 -1 0.0632 80 15,3 0.001 -1 -1 12,3 0.001 1 0 15,2 0.001 1 -1 2.0615 125 15,15 0.001 1 0 13,12 0.001 -1 1 12,12 0.001 1 1 7.0617 155 ::f,2,2 f,2,13 f,12,13 f,13,2 
55:1,0 0.001 -1 0 3,2 0.001 0 -1 1,1 0.001 -1 0 0.071 50 2,15 0.001 1 0 1,15 0.001 1 0 3,13 0.001 0 -1 0.0642 80 14,2 0.001 -1 -1 13,3 0.001 1 0 15,2 0.001 0 -1 2.0635 125 15,15 0.001 1 -1 13,12 0.001 -1 1 13,13 0.001 1 1 8.0628 170 ::f,2,2 f,2,13 f,13,2 f,14,12 
56:1,0 0.001 -1 0 3,1 0.001 0 -1 1,1 0.001 -1 0 0.072 50 3,15 0.001 1 0 2,15 0.001 1 0 3,13 0.001 0 -1 0.0662 80 13,1 0.001 -1 -1 14,3 0.001 1 0 15,1 0.001 0 -1 2.0665 125 15,15 0.001 0 -1 12,13 0.001 -1 1 13,13 0.001 1 1 8.0638 170 ::f,2,2 f,2,13 f,13,2 f,14,12 
57:1,0 0.001 -1 0 3,1 0.001 0 -1 0,1 0.001 -1 0 0.073 50 3,15 0.001 1 -1 2,15 0.001 1 0 3,12 0.001 0 -1 0.0672 80 12,0 0.001 -1 -1 14,3 0.001 1 0 15,0 0.001 0 -1 2.0685 125 15,14 0.001 0 -1 12,13 0.001 0 1 14,14 0.001 1 1 8.0658 170 ::f,2,2 f,2,13 f,13,2 f,14,12 
58:0,0 0.001 -1 0 3,0 0.001 0 -1 0,1 0.001 -1 1 0.075 50 3,15 0.001 0 -1 2,15 0.001 1 -1 3,12 0.001 -1 -1 0.0672 80 12,0 0.001 0 -1 15,3 0.001 1 0 15,0 0.001 -1 -1 2.0695 125 15,14 0.001 0 -1 12,14 0.001 0 1 14,14 0.001 1 1 8.0668 170 ::f,2,2 f,2,13 f,13,2 f,14,12 
59:0,0 0.001 -1 1 3,0 0.001 -1 -1 0,1 0.001 0 1 0.075 50 3,14 0.001 0 -1 2,15 0.001 0 -1 3,12 0.001 -1 0 0.0682 80 12,0 0.001 1 -1 15,3 0.001 1 -1 15,0 0.001 -1 0 2.0695 125 15,14 0.001 0 -1 12,15 0.001 0 1 14,14 0.001 1 1 8.0678 170 ::f,2,2 f,2,13 f,13,2 f,14,12 
60:0,0 0.001 0 1 3,0 0.001 -1 0 0,2 0.001 0 1 0.076 50 3,13 0.001 0 -1 2,14 0.001 0 -1 2,12 0.001 -1 0 0.0712 80 12,0 0.001 1 0 15,3 0.001 0 -1 14,0 0.001 -1 0 2.0705 125 15,13 0.001 0 -1 12,15 0.001 1 1 14,14 0.001 1 1 8.0688 170 ::f,2,2 f,2,13 f,13,2 f,14,12 
61:0,1 0.001 0 1 2,0 0.001 -1 0 0,3 0.001 0 1 0.079 50 3,13 0.001 0 -1 2,14 0.001 0 -1 2,12 0.001 -1 0 1.0713 95 13,0 0.001 1 0 15,2 0.001 0 -1 14,0 0.001 -1 0 2.0725 125 15,13 0.001 0 -1 12,15 0.001 1 0 15,15 0.001 1 1 8.0698 170 ::f,0,14 f,2,2 f,13,2 f,14,12 
62:0,2 0.001 0 1 1,0 0.001 -1 0 0,3 0.001 1 1 0.081 50 3,12 0.001 0 -1 2,13 0.001 0 -1 2,12 0.001 -1 0 1.0733 95 13,0 0.001 1 0 15,2 0.001 0 -1 14,0 0.001 -1 1 2.0725 125 15,12 0.001 0 -1 13,15 0.001 1 0 15,15 0.001 0 1 8.0718 170 ::f,0,14 f,2,2 f,13,2 f,14,12 
63:0,2 0.001 0 1 0,0 0.001 -1 0 0,3 0.001 1 0 0.082 50 3,12 0.001 -1 -1 2,13 0.001 0 -1 2,12 0.001 -1 0 1.0733 95 13,0 0.001 1 1 15,2 0.001 0 -1 13,1 0.001 -1 1 2.0735 125 15,12 0.001 -1 -1 13,15 0.001 1 0 15,15 0.001 -1 1 8.0718 170 ::f,0,14 f,2,2 f,13,2 f,14,12 
64:0,2 0.001 1 1 0,0 0.001 -1 1 1,3 0.001 1 0 0.083 50 3,12 0.001 -1 0 2,13 0.001 -1 -1 1,12 0.001 -1 0 1.0743 95 14,1 0.001 1 1 15,1 0.001 0 -1 13,1 0.001 -1 1 2.0755 125 15,12 0.001 -1 0 14,15 0.001 1 0 15,15 0.001 -1 0 8.0728 170 ::f,0,14 f,2,2 f,13,2 f,14,12 
65:0,2 0.001 1 0 0,0 0.001 0 1 2,3 0.001 1 0 0.084 50 2,12 0.001 -1 0 2,13 0.001 -1 0 1,12 0.001 -1 0 1.0753 95 14,1 0.001 1 1 15,0 0.001 0 -1 12,2 0.001 -1 1 2.0775 125 15,12 0.001 -1 0 14,15 0.001 1 0 15,15 0.001 -1 -1 8.0728 170 ::f,0,14 f,2,2 f,13,2 f,14,12 
66:1,2 0.001 1 0 0,1 0.001 0 1 2,3 0.001 1 0 0.086 50 2,12 0.001 -1 0 1,13 0.001 -1 0 0,12 0.001 -1 0 1.0773 95 15,2 0.001 1 1 15,0 0.001 -1 -1 12,2 0.001 0 1 2.0785 125 15,12 0.001 -1 0 14,15 0.001 1 -1 14,14 0.001 -1 -1 8.0738 170 ::f,0,14 f,2,2 f,13,2 f,14,12 
67:1,2 0.001 1 0 0,1 0.001 0 1 2,3 0.001 1 0 0.0861 65 1,12 0.001 -1 0 0,13 0.001 -1 0 0,12 0.001 -1 1 1.0793 95 15,2 0.001 0 1 15,0 0.001 -1 0 12,3 0.001 0 1 2.0795 125 15,12 0.001 -1 0 15,14 0.001 1 -1 14,14 0.001 -1 -1 10.0749 185 ::f,0,14 f,3,2 f,13,2 f,13,14 
68:2,2 0.001 1 0 0,1 0.001 0 1 2,3 0.001 1 0 0.0871 65 1,12 0.001 -1 0 0,13 0.001 -1 1 0,12 0.001 0 1 1.0793 95 15,3 0.001 0 1 14,0 0.001 -1 0 12,3 0.001 1 1 2.0815 125 14,12 0.001 -1 0 15,14 0.001 0 -1 13,13 0.001 -1 -1 10.0769 185 ::f,0,14 f,3,2 f,13,2 f,13,14 
69:2,2 0.001 1 0 0,2 0.001 0 1 3,3 0.001 1 0 1.0892 80 1,12 0.001 -1 1 0,13 0.001 0 1 0,12 0.001 1 1 1.0793 95 15,3 0.001 -1 1 13,0 0.001 -1 0 12,3 0.001 1 0 2.0825 125 13,12 0.001 -1 0 15,13 0.001 0 -1 13,13 0.001 -1 -1 10.0789 185 ::f,0,0 f,0,14 f,13,2 f,13,14 
70:3,2 0.001 1 0 0,3 0.001 0 1 3,3 0.001 1 -1 1.0912 80 1,12 0.001 0 1 0,13 0.001 0 1 1,13 0.001 1 1 1.0803 95 15,3 0.001 -1 0 13,0 0.001 -1 0 13,3 0.001 1 0 2.0835 125 13,12 0.001 -1 0 15,12 0.001 0 -1 13,13 0.001 -1 -1 10.0799 185 ::f,0,0 f,0,14 f,13,2 f,13,14 
71:3,2 0.001 1 -1 0,3 0.001 1 1 3,3 0.001 0 -1 1.0912 80 1,12 0.001 1 1 0,13 0.001 0 1 2,14 0.001 1 1 3.0814 110 14,3 0.001 -1 0 13,0 0.001 -1 0 13,3 0.001 1 0 2.0845 125 13,12 0.001 -1 0 15,12 0.001 -1 -1 13,13 0.001 -1 -1 10.0799 185 ::f,0,0 f,3,15 f,13,2 f,13,14 
72:3,2 0.001 0 -1 0,3 0.001 1 0 3,3 0.001 -1 -1 1.0912 80 2,13 0.001 1 1 0,14 0.001 0 1 2,14 0.001 1 1 4.0835 125 14,3 0.001 -1 0 13,0 0.001 -1 0 13,3 0.001 1 -1 2.0845 125 12,12 0.001 -1 0 15,12 0.001 -1 0 13,13 0.001 -1 -1 10.0809 185 ::f,0,0 f,1,12 f,13,2 f,13,14 
73:3,1 0.001 0 -1 1,3 0.001 1 0 2,2 0.001 -1 -1 1.0942 80 3,14 0.001 1 1 0,15 0.001 0 1 3,15 0.001 1 1 4.0865 125 14,3 0.001 -1 -1 12,0 0.001 -1 0 14,2 0.001 1 -1 2.0865 125 12,12 0.001 -1 1 14,12 0.001 -1 0 13,13 0.001 0 -1 10.0819 185 ::f,0,0 f,1,12 f,13,2 f,13,14 
74:3,1 0.001 0 -1 1,3 0.001 1 0 2,2 0.001 -1 -1 1.0942 80 3,14 0.001 1 0 0,15 0.001 1 1 3,15 0.001 1 0 4.0865 125 14,3 0.001 -1 -1 12,0 0.001 -1 1 15,1 0.001 1 -1 2.0875 125 12,12 0.001 0 1 13,12 0.001 -1 0 13,13 0.001 1 -1 10.0829 185 ::f,0,0 f,1,12 f,13,2 f,13,14 
75:3,1 0.001 0 -1 1,3 0.001 1 0 2,2 0.001 -1 -1 1.0942 80 3,14 0.001 1 -1 0,15 0.001 1 0 3,15 0.001 1 -1 4.0865 125 14,3 0.001 -1 -1 12,0 0.001 0 1 15,1 0.001 0 -1 2.0875 125 12,13 0.001 0 1 13,12 0.001 -1 0 14,12 0.001 1 -1 10.0849 185 ::f,0,0 f,1,12 f,13,2 f,13,14 
76:3,1 0.001 0 -1 2,3 0.001 1 0 1,1 0.001 -1 -1 1.0962 80 3,14 0.001 0 -1 1,15 0.001 1 0 3,15 0.001 0 -1 4.0875 125 14,3 0.001 -1 -1 12,1 0.001 0 1 15,0 0.001 0 -1 2.0895 125 12,14 0.001 0 1 12,12 0.001 -1 0 14,12 0.001 1 0 10.0869 185 ::f,0,0 f,1,12 f,13,2 f,13,14 
77:3,0 0.001 0 -1 3,3 0.001 1 0 1,1 0.001 -1 -1 1.0983 95 3,13 0.001 0 -1 1,15 0.001 1 0 3,14 0.001 0 -1 4.0895 125 14,3 0.001 -1 -1 12,2 0.001 0 1 15,0 0.001 -1 -1 4.0906 140 12,15 0.001 0 1 12,12 0.001 -1 1 15,12 0.001 1 0 10.0889 185 ::f,0,3 f,1,12 f,13,3 f,13,14 
78:3,0 0.001 -1 -1 3,3 0.001 1 -1 0,0 0.001 -1 -1 1.0993 95 3,13 0.001 0 -1 1,15 0.001 1 0 3,14 0.001 0 -1 4.0895 125 13,2 0.001 -1 -1 12,3 0.001 0 1 15,0 0.001 -1 0 4.0926 140 12,15 0.001 1 1 12,12 0.001 0 1 15,12 0.001 1 1 10.0889 185 ::f,0,3 f,1,12 f,13,3 f,13,14 
79:3,0 0.001 -1 0 3,3 0.001 0 -1 0,0 0.001 -1 0 1.0993 95 3,12 0.001 0 -1 2,15 0.001 1 0 3,13 0.001 0 -1 4.0925 125 13,2 0.001 -1 -1 12,3 0.001 1 1 14,0 0.001 -1 0 4.0936 140 12,15 0.001 1 0 12,13 0.001 0 1 15,12 0.001 0 1 10.0899 185 ::f,0,3 f,1,12 f,13,3 f,13,14 
80:2,0 0.001 -1 0 3,2 0.001 0 -1 0,0 0.001 -1 1 1.1013 95 3,12 0.001 -1 -1 3,15 0.001 1 0 3,13 0.001 0 -1 4.0935 125 13,2 0.001 -1 -1 12,3 0.001 1 0 13,0 0.001 -1 0 4.0946 140 13,15 0.001 1 0 12,14 0.001 0 1 15,13 0.001 0 1 10.0929 185 ::f,0,3 f,1,12 f,13,3 f,13,14 
81:2,0 0.001 -1 0 3,1 0.001 0 -1 0,0 0.001 0 1 1.1023 95 3,12 0.001 -1 0 3,15 0.001 1 -1 3,13 0.001 -1 -1 4.0935 125 12,1 0.001 -1 -1 12,3 0.001 1 0 12,0 0.001 -1 0 4.0966 140 14,15 0.001 1 0 12,14 0.001 0 1 15,14 0.001 0 1 10.0949 185 ::f,0,3 f,1,12 f,13,3 f,13,14 
82:1,0 0.001 -1 0 3,1 0.001 0 -1 0,1 0.001 0 1 1.1043 95 2,12 0.001 -1 0 3,15 0.001 0 -1 3,13 0.001 -1 0 4.0945 125 12,1 0.001 0 -1 12,3 0.001 1 0 12,0 0.001 -1 1 5.0967 155 14,15 0.001 1 0 12,15 0.001 0 1 15,15 0.001 0 1 10.0969 185 ::f,0,3 f,1,12 f,13,14 f,14,3 
83:0,0 0.001 -1 0 3,0 0.001 0 -1 0,1 0.001 0 1 1.1063 95 2,12 0.001 -1 0 3,14 0.001 0 -1 3,13 0.001 -1 0 4.0956 140 12,1 0.001 1 -1 13,3 0.001 1 0 12,0 0.001 0 1 5.0977 155 14,15 0.001 1 0 12,15 0.001 1 1 15,15 0.001 -1 1 10.0969 185 ::f,0,3 f,2,13 f,13,14 f,14,3 
84:0,0 0.001 -1 1 3,0 0.001 -1 -1 0,2 0.001 0 1 1.1073 95 1,12 0.001 -1 0 3,14 0.001 0 -1 3,13 0.001 -1 0 6.0967 155 13,0 0.001 1 -1 13,3 0.001 1 0 12,1 0.001 0 1 7.0998 170 14,15 0.001 1 -1 12,15 0.001 1 0 15,15 0.001 -1 0 10.0969 185 ::f,0,3 f,1,13 f,13,14 f,14,2 
85:0,0 0.001 0 1 3,0 0.001 -1 0 0,2 0.001 0 1 2.1074 110 1,12 0.001 -1 0 3,14 0.001 -1 -1 2,13 0.001 -1 0 6.0977 155 13,0 0.001 1 0 14,3 0.001 1 0 12,2 0.001 0 1 7.1018 170 15,14 0.001 1 -1 13,15 0.001 1 0 14,15 0.001 -1 0 10.0999 185 ::f,1,13 f,2,3 f,13,14 f,14,2 
86:0,1 0.001 0 1 2,0 0.001 -1 0 0,3 0.001 0 1 2.1104 110 1,12 0.001 -1 0 3,14 0.001 -1 0 2,13 0.001 -1 0 9.0978 170 14,0 0.001 1 0 14,3 0.001 1 0 12,2 0.001 0 1 7.1028 170 15,14 0.001 0 -1 13,15 0.001 1 0 14,15 0.001 -1 0 10.0999 185 ::f,2,3 f,2,14 f,13,14 f,14,2 
87:0,1 0.001 0 1 1,0 0.001 -1 0 0,3 0.001 1 1 2.1114 110 0,12 0.001 -1 0 3,14 0.001 -1 0 1,13 0.001 -1 0 9.0998 170 15,0 0.001 1 0 15,3 0.001 1 0 12,3 0.001 0 1 7.1058 170 15,13 0.001 0 -1 13,15 0.001 1 -1 14,15 0.001 -1 -1 10.1009 185 ::f,2,3 f,2,14 f,13,14 f,14,2 
88:0,2 0.001 0 1 1,0 0.001 -1 0 0,3 0.001 1 0 2.1124 110 0,12 0.001 -1 1 3,14 0.001 -1 0 0,13 0.001 -1 0 12.1009 185 15,0 0.001 1 1 15,3 0.001 1 -1 12,3 0.001 1 1 7.1058 170 15,12 0.001 0 -1 14,14 0.001 1 -1 14,15 0.001 -1 -1 10.1029 185 ::f,2,3 f,2,12 f,13,14 f,14,2 
89:0,2 0.001 0 1 1,0 0.001 -1 0 1,3 0.001 1 0 2.1134 110 0,12 0.001 0 1 2,14 0.001 -1 0 0,13 0.001 -1 1 12.1019 185 15,0 0.001 0 1 15,3 0.001 0 -1 12,3 0.001 1 0 7.1058 170 15,12 0.001 -1 -1 14,14 0.001 1 -1 14,15 0.001 -1 -1 10.1029 185 ::f,2,3 f,2,12 f,13,14 f,14,2 
90:0,3 0.001 0 1 0,0 0.001 -1 0 1,3 0.001 1 0 4.1155 125 0,12 0.001 1 1 2,14 0.001 -1 0 0,13 0.001 0 1 12.1019 185 15,1 0.001 0 1 15,2 0.001 0 -1 13,3 0.001 1 0 7.1088 170 15,12 0.001 -1 0 15,13 0.001 1 -1 14,15 0.001 -1 -1 14.104 200 ::f,2,12 f,3,2 f,14,2 f,15,14 
91:0,3 0.001 1 1 0,0 0.001 -1 1 2,3 0.001 1 0 4.1165 125 1,13 0.001 1 1 1,14 0.001 -1 0 0,14 0.001 0 1 12.1049 185 15,1 0.001 0 1 15,2 0.001 0 -1 13,3 0.001 1 0 7.1088 170 14,12 0.001 -1 0 15,13 0.001 0 -1 13,14 0.001 -1 -1 14.106 200 ::f,2,12 f,3,2 f,14,2 f,15,14 
92:0,3 0.001 1 0 0,0 0.001 0 1 3,3 0.001 1 0 4.1175 125 1,13 0.001 1 1 1,14 0.001 -1 0 0,15 0.001 0 1 12.1059 185 15,1 0.001 -1 1 15,2 0.001 -1 -1 14,3 0.001 1 0 7.1098 170 14,12 0.001 -1 0 15,12 0.001 0 -1 12,13 0.001 -1 -1 14.108 200 ::f,2,12 f,3,2 f,14,2 f,15,14 
93:1,3 0.001 1 0 0,1 0.001 0 1 3,3 0.001 1 -1 4.1195 125 1,13 0.001 1 1 0,14 0.001 -1 0 0,15 0.001 1 1 12.1069 185 15,1 0.001 -1 1 14,1 0.001 -1 -1 14,3 0.001 1 0 7.1108 170 13,12 0.001 -1 0 15,12 0.001 -1 -1 12,13 0.001 0 -1 14.109 200 ::f,2,12 f,3,2 f,14,2 f,15,14 
94:2,3 0.001 1 0 0,1 0.001 0 1 3,3 0.001 0 -1 4.1205 125 1,13 0.001 1 1 0,14 0.001 -1 1 0,15 0.001 1 0 12.1069 185 15,1 0.001 -1 1 13,0 0.001 -1 -1 15,3 0.001 1 0 7.1128 170 12,12 0.001 -1 0 15,12 0.001 -1 0 12,13 0.001 1 -1 14.11 200 ::f,2,12 f,3,2 f,14,2 f,15,14 
95:2,3 0.001 1 0 0,1 0.001 0 1 3,3 0.001 0 -1 4.1205 125 2,14 0.001 1 1 0,14 0.001 0 1 1,15 0.001 1 0 12.1089 185 15,1 0.001 -1 1 13,0 0.001 -1 0 15,3 0.001 1 -1 7.1128 170 12,12 0.001 -1 1 14,12 0.001 -1 0 13,12 0.001 1 -1 14.112 200 ::f,2,12 f,3,2 f,14,2 f,15,14 
96:2,3 0.001 1 -1 0,1 0.001 0 1 3,3 0.001 0 -1 4.1205 125 3,15 0.001 1 1 0,15 0.001 0 1 2,15 0.001 1 0 12.1119 185 15,1 0.001 -1 1 12,0 0.001 -1 0 15,3 0.001 0 -1 10.1139 185 12,12 0.001 0 1 14,12 0.001 -1 0 13,12 0.001 1 0 14.112 200 ::f,2,12 f,3,2 f,15,2 f,15,14 
97:2,3 0.001 1 -1 0,2 0.001 0 1 3,3 0.001 0 -1 7.1216 140 3,15 0.001 1 0 0,15 0.001 1 1 2,15 0.001 1 0 12.1119 185 14,2 0.001 -1 1 12,0 0.001 -1 1 15,3 0.001 0 -1 10.1149 185 12,13 0.001 0 1 14,12 0.001 -1 1 13,12 0.001 1 1 14.113 200 ::f,2,2 f,2,12 f,15,2 f,15,14 
98:3,2 0.001 1 -1 0,2 0.001 0 1 3,3 0.001 0 -1 7.1226 140 3,15 0.001 1 -1 0,15 0.001 1 0 2,15 0.001 1 -1 12.1119 185 13,3 0.001 -1 1 12,0 0.001 0 1 15,3 0.001 0 -1 12.116 200 12,13 0.001 0 1 13,13 0.001 -1 1 14,13 0.001 1 1 14.115 200 ::f,2,2 f,2,12 f,13,0 f,15,14 
99:3,2 0.001 0 -1 0,3 0.001 0 1 3,3 0.001 -1 -1 7.1236 140 3,15 0.001 0 -1 1,15 0.001 1 0 3,14 0.001 1 -1 12.1139 185 13,3 0.001 -1 0 12,1 0.001 0 1 15,2 0.001 0 -1 12.118 200 12,14 0.001 0 1 13,13 0.001 -1 1 14,13 0.001 1 1 19.1161 215 ::f,2,2 f,2,12 f,13,0 f,13,15 
100:3,1 0.001 0 -1 0,3 0.001 1 1 3,3 0.001 -1 -1 7.1246 140 3,15 0.001 -1 -1 1,15 0.001 1 0 3,14 0.001 0 -1 12.1139 185 12,3 0.001 -1 0 12,1 0.001 0 1 15,2 0.001 0 -1 12.119 200 12,14 0.001 0 1 13,13 0.001 0 1 15,14 0.001 1 1 19.1171 215 ::f,2,2 f,2,12 f,13,0 f,13,15 
101:3,0 0.001 0 -1 0,3 0.001 1 0 3,3 0.001 -1 -1 11.1257 155 2,14 0.001 -1 -1 1,15 0.001 1 0 3,13 0.001 0 -1 12.1159 185 12,3 0.001 -1 -1 12,2 0.001 0 1 15,1 0.001 0 -1 12.121 200 12,14 0.001 0 1 13,14 0.001 0 1 15,14 0.001 0 1 19.1181 215 ::f,0,2 f,2,12 f,13,0 f,13,15 
102:3,0 0.001 -1 -1 1,3 0.001 1 0 2,2 0.001 -1 -1 11.1277 155 2,14 0.001 -1 -1 1,15 0.001 1 0 3,12 0.001 0 -1 12.1169 185 12,3 0.001 0 -1 12,2 0.001 0 1 15,0 0.001 0 -1 12.122 200 12,14 0.001 0 1 13,14 0.001 0 1 15,15 0.001 0 1 21.1192 230 ::f,0,2 f,2,12 f,13,0 f,13,12 
103:3,0 0.001 -1 0 2,3 0.001 1 0 2,2 0.001 -1 -1 11.1287 155 1,13 0.001 -1 -1 2,15 0.001 1 0 3,12 0.001 -1 -1 12.1189 185 12,3 0.001 1 -1 12,2 0.001 1 1 15,0 0.001 -1 -1 12.122 200 12,15 0.001 0 1 13,15 0.001 0 1 15,15 0.001 -1 1 21.1212 230 ::f,0,2 f,2,12 f,13,0 f,13,12 
104:2,0 0.001 -1 0 2,3 0.001 1 0 1,1 0.001 -1 -1 11.1307 155 1,13 0.001 -1 -1 3,15 0.001 1 0 3,12 0.001 -1 0 12.1199 185 13,2 0.001 1 -1 13,3 0.001 1 1 15,0 0.001 -1 0 12.124 200 12,15 0.001 1 1 13,15 0.001 1 1 15,15 0.001 -1 0 21.1212 230 ::f,0,2 f,2,12 f,13,0 f,13,12 
105:2,0 0.001 -1 0 3,3 0.001 1 0 1,1 0.001 -1 -1 11.1317 155 1,13 0.001 -1 -1 3,15 0.001 1 -1 3,12 0.001 -1 0 12.1199 185 13,2 0.001 1 -1 13,3 0.001 1 0 14,0 0.001 -1 0 12.125 200 12,15 0.001 1 0 13,15 0.001 1 0 14,15 0.001 -1 0 21.1222 230 ::f,0,2 f,2,12 f,13,0 f,13,12 
106:2,0 0.001 -1 0 3,3 0.001 1 -1 0,0 0.001 -1 -1 11.1327 155 0,12 0.001 -1 -1 3,15 0.001 0 -1 3,12 0.001 -1 0 16.121 200 14,1 0.001 1 -1 14,3 0.001 1 0 14,0 0.001 -1 0 15.1271 215 12,15 0.001 1 -1 13,15 0.001 1 -1 14,15 0.001 -1 0 21.1222 230 ::f,0,2 f,2,14 f,13,12 f,15,3 
107:2,0 0.001 -1 0 3,3 0.001 0 -1 0,0 0.001 -1 0 11.1327 155 0,12 0.001 -1 0 3,14 0.001 0 -1 2,12 0.001 -1 0 16.123 200 14,1 0.001 1 -1 14,3 0.001 1 0 13,0 0.001 -1 0 18.1282 230 13,14 0.001 1 -1 14,14 0.001 1 -1 13,15 0.001 -1 0 21.1252 230 ::f,0,2 f,2,14 f,13,1 f,13,12 
108:2,0 0.001 -1 0 3,2 0.001 0 -1 0,0 0.001 -1 1 11.1337 155 0,12 0.001 -1 1 3,13 0.001 0 -1 1,12 0.001 -1 0 16.125 200 14,1 0.001 1 -1 15,3 0.001 1 0 13,0 0.001 -1 0 18.1292 230 14,13 0.001 1 -1 14,14 0.001 1 -1 13,15 0.001 -1 0 21.1262 230 ::f,0,2 f,2,14 f,13,1 f,13,12 
109:1,0 0.001 -1 0 3,2 0.001 0 -1 0,0 0.001 0 1 11.1347 155 0,12 0.001 0 1 3,13 0.001 0 -1 1,12 0.001 -1 0 16.125 200 14,1 0.001 1 -1 15,3 0.001 1 -1 12,0 0.001 -1 0 18.1302 230 14,13 0.001 1 -1 15,13 0.001 1 -1 13,15 0.001 -1 0 21.1272 230 ::f,0,2 f,2,14 f,13,1 f,13,12 
110:1,0 0.001 -1 0 3,1 0.001 0 -1 0,1 0.001 0 1 11.1367 155 0,13 0.001 0 1 3,13 0.001 0 -1 0,12 0.001 -1 0 16.127 200 15,0 0.001 1 -1 15,3 0.001 0 -1 12,0 0.001 -1 1 18.1312 230 15,12 0.001 1 -1 15,13 0.001 0 -1 13,15 0.001 -1 0 21.1282 230 ::f,0,2 f,2,14 f,13,1 f,13,12 
111:0,0 0.001 -1 0 3,0 0.001 0 -1 0,1 0.001 0 1 16.1388 170 0,14 0.001 0 1 3,12 0.001 0 -1 0,12 0.001 -1 1 16.129 200 15,0 0.001 1 0 15,2 0.001 0 -1 12,0 0.001 0 1 18.1322 230 15,12 0.001 0 -1 15,13 0.001 -1 -1 12,15 0.001 -1 0 21.1292 230 ::f,0,3 f,2,14 f,13,1 f,13,12 
112:0,0 0.001 -1 1 3,0 0.001 -1 -1 0,2 0.001 0 1 16.1398 170 0,14 0.001 0 1 3,12 0.001 -1 -1 0,12 0.001 0 1 16.129 200 15,0 0.001 1 1 15,1 0.001 0 -1 12,1 0.001 0 1 18.1342 230 15,12 0.001 -1 -1 14,12 0.001 -1 -1 12,15 0.001 -1 -1 21.1302 230 ::f,0,3 f,2,14 f,13,1 f,13,12 
113:0,0 0.001 0 1 3,0 0.001 -1 0 0,2 0.001 0 1 22.1399 185 0,14 0.001 0 1 3,12 0.001 -1 0 0,13 0.001 0 1 16.13 200 15,0 0.001 0 1 15,1 0.001 0 -1 12,2 0.001 0 1 18.1352 230 15,12 0.001 -1 0 14,12 0.001 -1 0 12,15 0.001 0 -1 21.1302 230 ::f,2,14 f,3,2 f,13,1 f,13,12 
114:0,1 0.001 0 1 2,0 0.001 -1 0 0,3 0.001 0 1 22.1429 185 0,15 0.001 0 1 2,12 0.001 -1 0 0,14 0.001 0 1 16.133 200 15,0 0.001 -1 1 15,1 0.001 -1 -1 12,3 0.001 0 1 18.1362 230 15,12 0.001 -1 1 14,12 0.001 -1 0 12,14 0.001 0 -1 21.1312 230 ::f,2,14 f,3,2 f,13,1 f,13,12 
115:0,1 0.001 0 1 1,0 0.001 -1 0 0,3 0.001 1 1 22.1439 185 0,15 0.001 1 1 1,12 0.001 -1 0 0,14 0.001 0 1 16.134 200 14,1 0.001 -1 1 14,0 0.001 -1 -1 12,3 0.001 1 1 18.1382 230 14,13 0.001 -1 1 14,12 0.001 -1 0 12,13 0.001 0 -1 24.1333 245 ::f,2,14 f,3,2 f,13,1 f,13,13 
116:0,2 0.001 0 1 1,0 0.001 -1 0 0,3 0.001 1 0 22.1449 185 0,15 0.001 1 0 1,12 0.001 -1 0 0,14 0.001 1 1 16.134 200 13,2 0.001 -1 1 14,0 0.001 -1 0 12,3 0.001 1 0 18.1392 230 13,14 0.001 -1 1 13,12 0.001 -1 0 12,13 0.001 0 -1 24.1353 245 ::f,2,14 f,3,2 f,13,1 f,13,13 
117:0,2 0.001 0 1 0,0 0.001 -1 0 1,3 0.001 1 0 22.1469 185 1,15 0.001 1 0 0,12 0.001 -1 0 0,14 0.001 1 0 16.136 200 13,2 0.001 -1 1 13,0 0.001 -1 0 13,3 0.001 1 0 18.1412 230 13,14 0.001 -1 1 12,12 0.001 -1 0 12,13 0.001 0 -1 24.1363 245 ::f,2,14 f,3,2 f,13,1 f,13,13 
118:0,3 0.001 0 1 0,0 0.001 -1 1 2,3 0.001 1 0 22.1489 185 2,15 0.001 1 0 0,12 0.001 -1 1 1,14 0.001 1 0 16.138 200 12,3 0.001 -1 1 12,0 0.001 -1 0 14,3 0.001 1 0 18.1442 230 12,15 0.001 -1 1 12,12 0.001 -1 1 12,13 0.001 1 -1 24.1373 245 ::f,2,14 f,3,2 f,13,1 f,13,13 
119:0,3 0.001 1 1 0,0 0.001 0 1 3,3 0.001 1 0 22.1499 185 2,15 0.001 1 0 0,12 0.001 0 1 1,14 0.001 1 0 21.1381 215 12,3 0.001 -1 0 12,0 0.001 -1 1 14,3 0.001 1 0 18.1442 230 12,15 0.001 0 1 12,12 0.001 0 1 13,12 0.001 1 -1 24.1383 245 ::f,3,2 f,3,12 f,13,1 f,13,13 
120:0,3 0.001 1 0 0,1 0.001 0 1 3,3 0.001 1 -1 22.1509 185 2,15 0.001 1 0 0,13 0.001 0 1 2,14 0.001 1 0 21.1401 215 12,3 0.001 -1 -1 12,0 0.001 0 1 15,3 0.001 1 0 18.1452 230 12,15 0.001 1 1 12,13 0.001 0 1 13,12 0.001 1 0 24.1393 245 ::f,3,2 f,3,12 f,13,1 f,13,13 
121:1,3 0.001 1 0 0,1 0.001 0 1 3,3 0.001 0 -1 22.1519 185 3,15 0.001 1 0 0,13 0.001 0 1 3,14 0.001 1 0 21.1421 215 12,3 0.001 0 -1 12,1 0.001 0 1 15,3 0.001 1 -1 18.1462 230 12,15 0.001 1 0 12,14 0.001 0 1 14,12 0.001 1 0 24.1413 245 ::f,3,2 f,3,12 f,13,1 f,13,13 
122:1,3 0.001 1 0 0,2 0.001 0 1 3,3 0.001 0 -1 22.1529 185 3,15 0.001 1 -1 0,14 0.001 0 1 3,14 0.001 1 -1 21.1431 215 12,2 0.001 0 -1 12,1 0.001 0 1 15,3 0.001 0 -1 18.1472 230 13,15 0.001 1 0 12,14 0.001 0 1 15,12 0.001 1 0 24.1433 245 ::f,3,2 f,3,12 f,13,1 f,13,13 
123:2,3 0.001 1 0 0,2 0.001 0 1 3,3 0.001 0 -1 22.1539 185 3,15 0.001 0 -1 0,14 0.001 0 1 3,14 0.001 0 -1 21.1431 215 12,2 0.001 0 -1 12,1 0.001 1 1 15,2 0.001 0 -1 18.1482 230 13,15 0.001 1 0 12,14 0.001 0 1 15,12 0.001 1 1 24.1433 245 ::f,3,2 f,3,12 f,13,1 f,13,13 
124:2,3 0.001 1 0 0,2 0.001 0 1 3,3 0.001 0 -1 29.154 200 3,15 0.001 -1 -1 0,14 0.001 0 1 3,13 0.001 0 -1 21.1441 215 12,2 0.001 1 -1 13,2 0.001 1 1 15,2 0.001 0 -1 18.1492 230 13,15 0.001 1 0 12,14 0.001 0 1 15,12 0.001 0 1 24.1433 245 ::f,2,1 f,3,12 f,13,1 f,13,13 
125:2,3 0.001 1 -1 0,3 0.001 0 1 3,2 0.001 0 -1 29.156 200 2,14 0.001 -1 -1 0,14 0.001 0 1 3,13 0.001 0 -1 27.1452 230 12,2 0.001 1 -1 13,2 0.001 1 1 15,1 0.001 0 -1 18.1502 230 14,15 0.001 1 0 12,15 0.001 0 1 15,13 0.001 0 1 24.1463 245 ::f,1,15 f,2,1 f,13,1 f,13,13 
126:2,3 0.001 0 -1 0,3 0.001 1 1 3,2 0.001 0 -1 29.156 200 2,14 0.001 -1 -1 0,15 0.001 0 1 3,12 0.001 0 -1 27.1472 230 12,2 0.001 1 -1 14,3 0.001 1 1 15,0 0.001 0 -1 18.1522 230 14,15 0.001 1 0 12,15 0.001 1 1 15,14 0.001 0 1 24.1473 245 ::f,1,15 f,2,1 f,13,1 f,13,13 
127:2,2 0.001 0 -1 0,3 0.001 1 0 3,1 0.001 0 -1 29.158 200 1,13 0.001 -1 -1 0,15 0.001 1 1 3,12 0.001 -1 -1 27.1482 230 12,2 0.001 1 -1 14,3 0.001 1 0 15,0 0.001 -1 -1 18.1522 230 15,15 0.001 1 0 12,15 0.001 1 0 15,14 0.001 0 1 24.1483 245 ::f,1,15 f,2,1 f,13,1 f,13,13 
128:2,2 0.001 0 -1 1,3 0.001 1 0 3,1 0.001 0 -1 31.1591 215 1,13 0.001 -1 -1 0,15 0.001 1 0 3,12 0.001 -1 0 27.1482 230 12,2 0.001 1 -1 15,3 0.001 1 0 15,0 0.001 -1 0 22.1533 245 15,15 0.001 1 -1 13,15 0.001 1 0 15,14 0.001 -1 1 24.1493 245 ::f,0,2 f,1,15 f,13,13 f,14,2 
129:2,1 0.001 0 -1 1,3 0.001 1 0 3,0 0.001 0 -1 31.1611 215 0,12 0.001 -1 -1 0,15 0.001 1 0 2,12 0.001 -1 0 27.1502 230 13,1 0.001 1 -1 15,3 0.001 1 -1 14,0 0.001 -1 0 22.1553 245 15,15 0.001 0 -1 13,15 0.001 1 0 14,15 0.001 -1 1 24.1503 245 ::f,0,2 f,1,15 f,13,13 f,14,2 
130:2,1 0.001 0 -1 2,3 0.001 1 0 3,0 0.001 -1 -1 31.1621 215 0,12 0.001 -1 0 0,15 0.001 1 0 2,12 0.001 -1 0 27.1502 230 13,1 0.001 1 -1 15,3 0.001 0 -1 13,0 0.001 -1 0 22.1563 245 15,14 0.001 0 -1 13,15 0.001 1 0 14,15 0.001 -1 0 24.1513 245 ::f,0,2 f,1,15 f,13,13 f,14,2 
131:2,0 0.001 0 -1 2,3 0.001 1 0 3,0 0.001 -1 0 31.1631 215 0,12 0.001 -1 1 0,15 0.001 1 0 1,12 0.001 -1 0 27.1512 230 14,0 0.001 1 -1 15,2 0.001 0 -1 12,0 0.001 -1 0 22.1593 245 15,14 0.001 0 -1 13,15 0.001 1 -1 14,15 0.001 -1 -1 24.1513 245 ::f,0,2 f,1,15 f,13,13 f,14,2 
132:2,0 0.001 -1 -1 3,3 0.001 1 0 3,0 0.001 -1 1 31.1641 215 0,12 0.001 0 1 0,15 0.001 1 0 1,12 0.001 -1 0 27.1512 230 14,0 0.001 1 0 15,1 0.001 0 -1 12,0 0.001 -1 1 22.1603 245 15,13 0.001 0 -1 14,14 0.001 1 -1 13,14 0.001 -1 -1 24.1543 245 ::f,0,2 f,1,15 f,13,13 f,14,2 
133:2,0 0.001 -1 0 3,3 0.001 1 -1 2,1 0.001 -1 1 31.1651 215 0,13 0.001 0 1 0,15 0.001 1 0 1,12 0.001 -1 0 31.1523 245 15,0 0.001 1 0 15,1 0.001 0 -1 12,0 0.001 0 1 22.1613 245 15,13 0.001 0 -1 14,14 0.001 1 -1 12,13 0.001 -1 -1 24.1553 245 ::f,0,2 f,0,12 f,13,13 f,14,2 
134:1,0 0.001 -1 0 3,3 0.001 0 -1 1,2 0.001 -1 1 31.1671 215 0,13 0.001 0 1 1,15 0.001 1 0 1,12 0.001 -1 0 31.1533 245 15,0 0.001 1 1 15,1 0.001 -1 -1 12,1 0.001 0 1 22.1623 245 15,12 0.001 0 -1 15,13 0.001 1 -1 12,13 0.001 0 -1 24.1573 245 ::f,0,2 f,0,12 f,13,13 f,14,2 
135:1,0 0.001 -1 0 3,2 0.001 0 -1 1,2 0.001 -1 1 31.1681 215 0,14 0.001 0 1 1,15 0.001 1 0 1,12 0.001 -1 0 38.1544 260 15,0 0.001 0 1 14,0 0.001 -1 -1 12,2 0.001 0 1 22.1643 245 15,12 0.001 -1 -1 15,13 0.001 0 -1 12,12 0.001 0 -1 24.1583 245 ::f,0,2 f,3,14 f,13,13 f,14,2 
136:0,0 0.001 -1 0 3,2 0.001 0 -1 1,2 0.001 -1 1 31.1691 215 0,14 0.001 0 1 1,15 0.001 1 0 0,12 0.001 -1 0 38.1554 260 15,1 0.001 0 1 14,0 0.001 -1 0 12,3 0.001 0 1 22.1663 245 15,12 0.001 -1 0 15,13 0.001 -1 -1 12,12 0.001 1 -1 24.1583 245 ::f,0,2 f,3,14 f,13,13 f,14,2 
137:0,0 0.001 -1 1 3,1 0.001 0 -1 0,3 0.001 -1 1 31.1711 215 0,14 0.001 0 1 2,15 0.001 1 0 0,12 0.001 -1 1 38.1564 260 15,2 0.001 0 1 13,0 0.001 -1 0 12,3 0.001 1 1 22.1683 245 14,12 0.001 -1 0 15,13 0.001 -1 0 12,12 0.001 1 0 24.1593 245 ::f,0,2 f,3,14 f,13,13 f,14,2 
138:0,0 0.001 0 1 3,1 0.001 0 -1 0,3 0.001 0 1 31.1711 215 0,15 0.001 0 1 3,15 0.001 1 0 0,12 0.001 0 1 38.1584 260 15,3 0.001 0 1 13,0 0.001 -1 0 12,3 0.001 1 0 22.1693 245 14,12 0.001 -1 0 14,13 0.001 -1 0 13,12 0.001 1 0 24.1613 245 ::f,0,2 f,3,14 f,13,13 f,14,2 
139:0,1 0.001 0 1 3,0 0.001 0 -1 0,3 0.001 1 1 31.1731 215 0,15 0.001 1 1 3,15 0.001 1 -1 0,13 0.001 0 1 38.1594 260 15,3 0.001 -1 1 12,0 0.001 -1 0 13,3 0.001 1 0 22.1713 245 14,12 0.001 -1 0 14,13 0.001 -1 0 13,12 0.001 1 0 28.1614 260 ::f,0,2 f,3,14 f,14,2 f,15,12 
140:0,1 0.001 0 1 3,0 0.001 -1 -1 0,3 0.001 1 0 34.1732 230 0,15 0.001 1 0 3,15 0.001 0 -1 0,13 0.001 0 1 38.1594 260 15,3 0.001 -1 0 12,0 0.001 -1 1 14,3 0.001 1 0 22.1723 245 14,12 0.001 -1 1 13,13 0.001 -1 0 13,12 0.001 1 1 28.1624 260 ::f,2,0 f,3,14 f,14,2 f,15,12 
141:0,2 0.001 0 1 3,0 0.001 -1 0 1,3 0.001 1 0 34.1752 230 1,15 0.001 1 0 3,15 0.001 0 -1 0,14 0.001 0 1 38.1614 260 15,3 0.001 -1 -1 12,0 0.001 0 1 14,3 0.001 1 0 22.1723 245 14,12 0.001 0 1 13,13 0.001 -1 0 14,13 0.001 1 1 28.1634 260 ::f,2,0 f,3,14 f,14,2 f,15,12 
142:0,3 0.001 0 1 3,0 0.001 -1 0 1,3 0.001 1 0 34.1762 230 2,15 0.001 1 0 3,15 0.001 0 -1 0,14 0.001 0 1 38.1624 260 15,3 0.001 -1 -1 12,1 0.001 0 1 14,3 0.001 1 -1 22.1733 245 14,12 0.001 1 1 12,13 0.001 -1 0 14,13 0.001 1 1 28.1644 260 ::f,2,0 f,3,14 f,14,2 f,15,12 
143:0,3 0.001 1 1 3,0 0.001 -1 0 1,3 0.001 1 0 34.1763 245 2,15 0.001 1 0 3,15 0.001 0 -1 0,15 0.001 0 1 38.1634 260 15,3 0.001 -1 -1 12,1 0.001 0 1 15,2 0.001 1 -1 27.1744 260 15,13 0.001 1 1 12,13 0.001 -1 1 15,14 0.001 1 1 28.1664 260 ::f,1,1 f,3,14 f,13,0 f,15,12 
144:0,3 0.001 1 0 2,0 0.001 -1 0 2,3 0.001 1 0 34.1783 245 2,15 0.001 1 -1 3,15 0.001 0 -1 0,15 0.001 1 1 43.1635 275 14,2 0.001 -1 -1 12,2 0.001 0 1 15,2 0.001 0 -1 27.1764 260 15,13 0.001 1 0 12,13 0.001 0 1 15,14 0.001 0 1 28.1664 260 ::f,1,1 f,1,13 f,13,0 f,15,12 
145:1,3 0.001 1 0 2,0 0.001 -1 0 2,3 0.001 1 0 34.1793 245 3,14 0.001 1 -1 3,15 0.001 0 -1 0,15 0.001 1 0 43.1645 275 13,1 0.001 -1 -1 12,2 0.001 0 1 15,1 0.001 0 -1 27.1784 260 15,13 0.001 1 -1 12,14 0.001 0 1 15,15 0.001 0 1 28.1684 260 ::f,1,1 f,1,13 f,13,0 f,15,12 
146:1,3 0.001 1 0 2,0 0.001 -1 0 2,3 0.001 1 0 34.1793 245 3,14 0.001 0 -1 3,15 0.001 -1 -1 1,15 0.001 1 0 43.1655 275 12,0 0.001 -1 -1 12,3 0.001 0 1 15,0 0.001 0 -1 27.1814 260 15,13 0.001 0 -1 12,15 0.001 0 1 15,15 0.001 -1 1 28.1694 260 ::f,1,1 f,1,13 f,13,0 f,15,12 
147:1,3 0.001 1 -1 1,0 0.001 -1 0 2,3 0.001 1 0 34.1803 245 3,13 0.001 0 -1 2,14 0.001 -1 -1 1,15 0.001 1 0 43.1675 275 12,0 0.001 0 -1 12,3 0.001 1 1 15,0 0.001 -1 -1 27.1814 260 15,13 0.001 0 -1 12,15 0.001 1 1 15,15 0.001 -1 0 28.1694 260 ::f,1,1 f,1,13 f,13,0 f,15,12 
148:2,2 0.001 1 -1 1,0 0.001 -1 0 3,3 0.001 1 0 34.1823 245 3,13 0.001 0 -1 2,14 0.001 -1 -1 2,15 0.001 1 0 49.1686 290 12,0 0.001 1 -1 12,3 0.001 1 0 15,0 0.001 -1 0 27.1814 260 15,13 0.001 0 -1 12,15 0.001 1 0 14,15 0.001 -1 0 28.1704 260 ::f,1,1 f,2,13 f,13,0 f,15,12 
149:2,2 0.001 1 -1 0,0 0.001 -1 0 3,3 0.001 1 -1 34.1833 245 3,13 0.001 0 -1 1,13 0.001 -1 -1 3,15 0.001 1 0 49.1706 290 12,0 0.001 1 0 13,3 0.001 1 0 14,0 0.001 -1 0 27.1834 260 15,13 0.001 0 -1 13,15 0.001 1 0 14,15 0.001 -1 0 28.1714 260 ::f,1,1 f,2,13 f,13,0 f,15,12 
150:2,2 0.001 1 -1 0,0 0.001 -1 1 3,3 0.001 0 -1 34.1833 245 3,12 0.001 0 -1 0,12 0.001 -1 -1 3,15 0.001 1 -1 49.1726 290 12,0 0.001 1 0 13,3 0.001 1 0 14,0 0.001 -1 0 31.1835 275 15,13 0.001 0 -1 13,15 0.001 1 0 14,15 0.001 -1 -1 28.1714 260 ::f,1,1 f,2,13 f,14,2 f,15,12 
151:3,1 0.001 1 -1 0,0 0.001 0 1 3,2 0.001 0 -1 34.1853 245 3,12 0.001 -1 -1 0,12 0.001 -1 0 3,15 0.001 0 -1 49.1726 290 13,0 0.001 1 0 14,3 0.001 1 0 14,0 0.001 -1 0 31.1855 275 15,13 0.001 0 -1 13,15 0.001 1 -1 13,14 0.001 -1 -1 28.1724 260 ::f,1,1 f,2,13 f,14,2 f,15,12 
152:3,1 0.001 0 -1 0,1 0.001 0 1 3,2 0.001 0 -1 34.1863 245 3,12 0.001 -1 0 0,12 0.001 -1 1 3,14 0.001 0 -1 49.1736 290 13,0 0.001 1 0 14,3 0.001 1 0 14,0 0.001 -1 1 31.1855 275 15,13 0.001 0 -1 14,14 0.001 1 -1 13,14 0.001 -1 -1 31.1735 275 ::f,1,1 f,2,13 f,14,2 f,14,15 
153:3,0 0.001 0 -1 0,1 0.001 0 1 3,1 0.001 0 -1 34.1883 245 2,12 0.001 -1 0 0,12 0.001 0 1 3,14 0.001 0 -1 49.1746 290 13,0 0.001 1 1 15,3 0.001 1 0 13,1 0.001 -1 1 31.1875 275 15,12 0.001 0 -1 15,13 0.001 1 -1 12,13 0.001 -1 -1 31.1765 275 ::f,1,1 f,2,13 f,14,2 f,14,15 
154:3,0 0.001 -1 -1 0,2 0.001 0 1 3,1 0.001 0 -1 34.1893 245 2,12 0.001 -1 0 0,13 0.001 0 1 3,13 0.001 0 -1 49.1766 290 14,1 0.001 1 1 15,3 0.001 1 -1 13,1 0.001 -1 1 31.1885 275 15,12 0.001 -1 -1 15,13 0.001 0 -1 12,13 0.001 0 -1 31.1765 275 ::f,1,1 f,2,13 f,14,2 f,14,15 
155:3,0 0.001 -1 0 0,3 0.001 0 1 3,1 0.001 -1 -1 34.1903 245 1,12 0.001 -1 0 0,13 0.001 0 1 3,13 0.001 0 -1 49.1776 290 14,1 0.001 1 1 15,3 0.001 0 -1 12,2 0.001 -1 1 31.1895 275 15,12 0.001 -1 0 15,13 0.001 -1 -1 12,12 0.001 0 -1 31.1775 275 ::f,1,1 f,2,13 f,14,2 f,14,15 
156:2,0 0.001 -1 0 0,3 0.001 1 1 3,1 0.001 -1 0 34.1913 245 0,12 0.001 -1 0 0,14 0.001 0 1 3,13 0.001 0 -1 49.1796 290 15,2 0.001 1 1 15,3 0.001 -1 -1 12,2 0.001 0 1 31.1905 275 14,12 0.001 -1 0 15,13 0.001 -1 0 12,12 0.001 1 -1 31.1785 275 ::f,1,1 f,2,13 f,14,2 f,14,15 
157:2,0 0.001 -1 0 0,3 0.001 1 0 2,1 0.001 -1 0 34.1923 245 0,12 0.001 -1 1 0,14 0.001 0 1 3,12 0.001 0 -1 49.1806 290 15,2 0.001 0 1 15,3 0.001 -1 -1 12,3 0.001 0 1 31.1915 275 14,12 0.001 -1 0 14,13 0.001 -1 0 12,12 0.001 1 0 31.1795 275 ::f,1,1 f,2,13 f,14,2 f,14,15 
158:1,0 0.001 -1 0 1,3 0.001 1 0 2,1 0.001 -1 0 42.1944 260 0,12 0.001 0 1 0,15 0.001 0 1 3,12 0.001 -1 -1 49.1816 290 15,2 0.001 -1 1 15,3 0.001 -1 -1 12,3 0.001 1 1 31.1915 275 13,12 0.001 -1 0 14,13 0.001 -1 0 12,12 0.001 1 1 31.1805 275 ::f,2,13 f,3,3 f,14,2 f,14,15 
159:0,0 0.001 -1 0 2,3 0.001 1 0 1,1 0.001 -1 0 42.1974 260 0,13 0.001 0 1 0,15 0.001 1 1 3,12 0.001 -1 0 49.1826 290 14,3 0.001 -1 1 15,3 0.001 -1 -1 12,3 0.001 1 0 35.1926 290 13,12 0.001 -1 0 13,13 0.001 -1 0 12,12 0.001 0 1 31.1815 275 ::f,2,13 f,3,3 f,14,15 f,15,1 
160:0,0 0.001 -1 1 2,3 0.001 1 0 0,1 0.001 -1 0 43.1985 275 0,13 0.001 0 1 0,15 0.001 1 0 2,12 0.001 -1 0 49.1836 290 14,3 0.001 -1 0 14,2 0.001 -1 -1 13,3 0.001 1 0 35.1946 290 13,12 0.001 -1 1 13,13 0.001 -1 0 12,13 0.001 0 1 31.1825 275 ::f,0,2 f,2,13 f,14,15 f,15,1 
161:0,0 0.001 0 1 3,3 0.001 1 0 0,1 0.001 -1 1 43.1995 275 0,14 0.001 0 1 1,15 0.001 1 0 1,12 0.001 -1 0 49.1866 290 14,3 0.001 -1 -1 14,2 0.001 -1 -1 13,3 0.001 1 0 35.1946 290 13,12 0.001 0 1 13,13 0.001 -1 0 12,13 0.001 0 1 31.1825 275 ::f,0,2 f,2,13 f,14,15 f,15,1 
162:0,0 0.001 1 1 3,3 0.001 1 -1 0,1 0.001 0 1 43.1995 275 0,14 0.001 0 1 2,15 0.001 1 0 1,12 0.001 -1 0 49.1876 290 13,2 0.001 -1 -1 14,2 0.001 -1 -1 14,3 0.001 1 0 35.1966 290 13,12 0.001 1 1 13,13 0.001 -1 1 12,13 0.001 0 1 31.1825 275 ::f,0,2 f,2,13 f,14,15 f,15,1 
163:1,1 0.001 1 1 3,3 0.001 0 -1 0,1 0.001 0 1 43.2005 275 0,14 0.001 0 1 3,15 0.001 1 0 0,12 0.001 -1 0 49.1896 290 13,2 0.001 -1 -1 13,1 0.001 -1 -1 15,3 0.001 1 0 35.1986 290 14,13 0.001 1 1 12,14 0.001 -1 1 12,13 0.001 0 1 31.1845 275 ::f,0,2 f,2,13 f,14,15 f,15,1 
164:1,1 0.001 1 1 3,2 0.001 0 -1 0,1 0.001 0 1 52.2016 290 0,15 0.001 0 1 3,15 0.001 1 -1 0,12 0.001 -1 1 49.1906 290 12,1 0.001 -1 -1 13,1 0.001 -1 -1 15,3 0.001 1 -1 35.1996 290 14,13 0.001 1 1 12,14 0.001 0 1 12,13 0.001 -1 1 31.1845 275 ::f,0,0 f,2,13 f,14,15 f,15,1 
165:2,2 0.001 1 1 3,2 0.001 0 -1 0,2 0.001 0 1 52.2036 290 0,15 0.001 1 1 3,15 0.001 0 -1 0,12 0.001 0 1 49.1906 290 12,1 0.001 0 -1 12,0 0.001 -1 -1 15,3 0.001 0 -1 35.2006 290 15,14 0.001 1 1 12,15 0.001 0 1 12,13 0.001 -1 0 31.1865 275 ::f,0,0 f,2,13 f,14,15 f,15,1 
166:3,3 0.001 1 1 3,1 0.001 0 -1 0,3 0.001 0 1 52.2066 290 0,15 0.001 1 0 3,14 0.001 0 -1 0,13 0.001 0 1 49.1926 290 12,1 0.001 1 -1 12,0 0.001 -1 0 15,2 0.001 0 -1 35.2016 290 15,14 0.001 1 0 12,15 0.001 1 1 12,13 0.001 -1 -1 31.1865 275 ::f,0,0 f,2,13 f,14,15 f,15,1 
167:3,3 0.001 1 0 3,0 0.001 0 -1 0,3 0.001 1 1 52.2076 290 1,15 0.001 1 0 3,13 0.001 0 -1 0,14 0.001 0 1 49.1956 290 13,0 0.001 1 -1 12,0 0.001 -1 1 15,2 0.001 0 -1 40.2027 305 15,14 0.001 1 -1 12,15 0.001 1 0 12,13 0.001 0 -1 31.1865 275 ::f,0,0 f,2,13 f,14,15 f,15,3 
168:3,3 0.001 1 -1 3,0 0.001 -1 -1 0,3 0.001 1 0 52.2076 290 2,15 0.001 1 0 3,12 0.001 0 -1 0,15 0.001 0 1 49.1986 290 13,0 0.001 1 0 12,0 0.001 0 1 15,1 0.001 0 -1 40.2037 305 15,14 0.001 0 -1 13,15 0.001 1 0 12,12 0.001 0 -1 31.1885 275 ::f,0,0 f,2,13 f,14,15 f,15,3 
169:3,3 0.001 0 -1 3,0 0.001 -1 0 1,3 0.001 1 0 52.2086 290 2,15 0.001 1 0 3,12 0.001 -1 -1 0,15 0.001 1 1 49.1986 290 14,0 0.001 1 0 12,1 0.001 0 1 15,1 0.001 0 -1 40.2057 305 15,13 0.001 0 -1 13,15 0.001 1 0 12,12 0.001 1 -1 36.1896 290 ::f,0,0 f,2,13 f,15,3 f,15,12 
170:3,2 0.001 0 -1 2,0 0.001 -1 0 2,3 0.001 1 0 52.2116 290 2,15 0.001 1 0 3,12 0.001 -1 0 0,15 0.001 1 0 49.1986 290 15,0 0.001 1 0 12,2 0.001 0 1 15,1 0.001 0 -1 40.2077 305 15,13 0.001 0 -1 14,15 0.001 1 0 12,12 0.001 1 0 40.1907 305 ::f,0,0 f,2,13 f,14,14 f,15,3 
171:3,1 0.001 0 -1 1,0 0.001 -1 0 2,3 0.001 1 0 52.2136 290 3,15 0.001 1 0 2,12 0.001 -1 0 1,15 0.001 1 0 49.2016 290 15,0 0.001 1 1 12,2 0.001 0 1 15,1 0.001 -1 -1 40.2077 305 15,12 0.001 0 -1 14,15 0.001 1 0 13,12 0.001 1 0 40.1927 305 ::f,0,0 f,2,13 f,14,14 f,15,3 
172:3,1 0.001 0 -1 1,0 0.001 -1 0 2,3 0.001 1 0 54.2137 305 3,15 0.001 1 -1 1,12 0.001 -1 0 2,15 0.001 1 0 49.2036 290 15,0 0.001 0 1 12,3 0.001 0 1 14,0 0.001 -1 -1 40.2097 305 15,12 0.001 -1 -1 15,15 0.001 1 0 14,12 0.001 1 0 40.1947 305 ::f,0,2 f,2,13 f,14,14 f,15,3 
173:3,1 0.001 0 -1 0,0 0.001 -1 0 3,3 0.001 1 0 54.2157 305 3,15 0.001 0 -1 1,12 0.001 -1 0 2,15 0.001 1 0 49.2036 290 15,1 0.001 0 1 12,3 0.001 1 1 14,0 0.001 -1 0 40.2107 305 15,12 0.001 -1 0 15,15 0.001 1 -1 14,12 0.001 1 0 40.1947 305 ::f,0,2 f,2,13 f,14,14 f,15,3 
174:3,0 0.001 0 -1 0,0 0.001 -1 1 3,3 0.001 1 -1 54.2167 305 3,14 0.001 0 -1 0,12 0.001 -1 0 3,15 0.001 1 0 49.2066 290 15,2 0.001 0 1 12,3 0.001 1 0 13,0 0.001 -1 0 40.2127 305 15,12 0.001 -1 1 15,15 0.001 0 -1 14,12 0.001 1 1 40.1947 305 ::f,0,2 f,2,13 f,14,14 f,15,3 
175:3,0 0.001 -1 -1 0,0 0.001 0 1 3,3 0.001 0 -1 54.2167 305 3,13 0.001 0 -1 0,12 0.001 -1 1 3,15 0.001 1 -1 49.2076 290 15,2 0.001 0 1 13,3 0.001 1 0 12,0 0.001 -1 0 46.2148 320 14,13 0.001 -1 1 15,14 0.001 0 -1 15,13 0.001 1 1 40.1977 305 ::f,0,2 f,2,13 f,14,1 f,14,14 
176:3,0 0.001 -1 0 0,1 0.001 0 1 3,2 0.001 0 -1 54.2187 305 3,13 0.001 0 -1 0,12 0.001 0 1 3,15 0.001 0 -1 49.2076 290 15,3 0.001 0 1 14,3 0.001 1 0 12,0 0.001 -1 1 46.2168 320 13,14 0.001 -1 1 15,14 0.001 0 -1 15,13 0.001 0 1 40.1987 305 ::f,0,2 f,2,13 f,14,1 f,14,14 
177:2,0 0.001 -1 0 0,1 0.001 0 1 3,2 0.001 0 -1 57.2198 320 3,13 0.001 0 -1 0,13 0.001 0 1 3,14 0.001 0 -1 49.2096 290 15,3 0.001 -1 1 14,3 0.001 1 0 12,0 0.001 0 1 46.2168 320 12,15 0.001 -1 1 15,14 0.001 -1 -1 15,13 0.001 -1 1 40.1997 305 ::f,2,13 f,3,0 f,14,1 f,14,14 
178:2,0 0.001 -1 0 0,2 0.001 0 1 3,1 0.001 0 -1 57.2218 320 3,12 0.001 0 -1 0,14 0.001 0 1 3,14 0.001 0 -1 49.2116 290 15,3 0.001 -1 0 14,3 0.001 1 -1 12,1 0.001 0 1 46.2178 320 12,15 0.001 0 1 14,13 0.001 -1 -1 15,13 0.001 -1 1 40.2007 305 ::f,2,13 f,3,0 f,14,1 f,14,14 
179:1,0 0.001 -1 0 0,3 0.001 0 1 3,1 0.001 0 -1 67.2239 335 3,12 0.001 -1 -1 0,14 0.001 0 1 3,13 0.001 0 -1 49.2126 290 15,3 0.001 -1 -1 15,2 0.001 1 -1 12,1 0.001 0 1 46.2188 320 12,15 0.001 1 1 14,13 0.001 -1 -1 15,13 0.001 -1 1 40.2007 305 ::f,2,0 f,2,13 f,14,1 f,14,14 
180:1,0 0.001 -1 0 0,3 0.001 1 1 3,0 0.001 0 -1 67.2249 335 3,12 0.001 -1 0 0,14 0.001 0 1 3,13 0.001 0 -1 49.2126 290 14,2 0.001 -1 -1 15,2 0.001 0 -1 12,1 0.001 0 1 46.2198 320 12,15 0.001 1 0 13,12 0.001 -1 -1 15,13 0.001 -1 1 40.2017 305 ::f,2,0 f,2,13 f,14,1 f,14,14 
181:1,0 0.001 -1 0 0,3 0.001 1 0 3,0 0.001 -1 -1 67.2249 335 2,12 0.001 -1 0 0,15 0.001 0 1 3,12 0.001 0 -1 49.2156 290 13,1 0.001 -1 -1 15,1 0.001 0 -1 12,1 0.001 0 1 46.2218 320 13,15 0.001 1 0 13,12 0.001 -1 0 15,13 0.001 -1 1 46.2028 320 ::f,2,0 f,2,13 f,12,13 f,14,1 
182:1,0 0.001 -1 0 1,3 0.001 1 0 3,0 0.001 -1 0 67.2259 335 2,12 0.001 -1 0 0,15 0.001 1 1 3,12 0.001 -1 -1 49.2156 290 13,1 0.001 -1 -1 15,0 0.001 0 -1 12,2 0.001 0 1 46.2238 320 13,15 0.001 1 0 12,12 0.001 -1 0 14,14 0.001 -1 1 46.2048 320 ::f,2,0 f,2,13 f,12,13 f,14,1 
183:0,0 0.001 -1 0 1,3 0.001 1 0 3,0 0.001 -1 0 67.2269 335 1,12 0.001 -1 0 0,15 0.001 1 0 3,12 0.001 -1 0 49.2166 290 13,1 0.001 -1 -1 15,0 0.001 -1 -1 12,2 0.001 0 1 46.2238 320 14,15 0.001 1 0 12,12 0.001 -1 1 13,15 0.001 -1 1 46.2068 320 ::f,2,0 f,2,13 f,12,13 f,14,1 
184:0,0 0.001 -1 1 2,3 0.001 1 0 3,0 0.001 -1 0 77.228 350 0,12 0.001 -1 0 1,15 0.001 1 0 2,12 0.001 -1 0 49.2196 290 13,1 0.001 -1 -1 15,0 0.001 -1 0 12,2 0.001 0 1 46.2238 320 14,15 0.001 1 0 12,12 0.001 0 1 13,15 0.001 -1 0 46.2068 320 ::f,1,3 f,2,13 f,12,13 f,14,1 
185:0,0 0.001 0 1 2,3 0.001 1 0 2,0 0.001 -1 0 77.229 350 0,12 0.001 -1 1 2,15 0.001 1 0 1,12 0.001 -1 0 49.2216 290 13,1 0.001 -1 -1 14,0 0.001 -1 0 12,3 0.001 0 1 46.2258 320 14,15 0.001 1 0 12,12 0.001 0 1 12,15 0.001 -1 0 46.2078 320 ::f,1,3 f,2,13 f,12,13 f,14,1 
186:0,1 0.001 0 1 3,3 0.001 1 0 2,0 0.001 -1 0 77.231 350 0,12 0.001 0 1 3,15 0.001 1 0 1,12 0.001 -1 0 49.2226 290 12,0 0.001 -1 -1 14,0 0.001 -1 0 12,3 0.001 1 1 46.2268 320 14,15 0.001 1 0 12,12 0.001 0 1 12,15 0.001 -1 -1 46.2078 320 ::f,1,3 f,2,13 f,12,13 f,14,1 
187:0,1 0.001 0 1 3,3 0.001 1 -1 2,0 0.001 -1 0 77.231 350 0,13 0.001 0 1 3,15 0.001 1 -1 0,12 0.001 -1 0 49.2246 290 12,0 0.001 0 -1 13,0 0.001 -1 0 12,3 0.001 1 0 46.2278 320 15,15 0.001 1 0 12,12 0.001 0 1 12,15 0.001 0 -1 46.2088 320 ::f,1,3 f,2,13 f,12,13 f,14,1 
188:0,1 0.001 0 1 3,3 0.001 0 -1 1,0 0.001 -1 0 77.232 350 0,13 0.001 0 1 3,15 0.001 0 -1 0,12 0.001 -1 1 49.2246 290 12,0 0.001 1 -1 13,0 0.001 -1 0 13,3 0.001 1 0 46.2288 320 15,15 0.001 1 -1 12,12 0.001 0 1 12,14 0.001 0 -1 52.2099 335 ::f,1,3 f,2,13 f,14,1 f,15,14 
189:0,1 0.001 0 1 3,2 0.001 0 -1 1,0 0.001 -1 0 77.233 350 0,14 0.001 0 1 3,14 0.001 0 -1 0,12 0.001 0 1 49.2266 290 12,0 0.001 1 0 13,0 0.001 -1 1 14,3 0.001 1 0 46.2298 320 15,15 0.001 0 -1 12,13 0.001 0 1 12,14 0.001 0 -1 52.2109 335 ::f,1,3 f,2,13 f,14,1 f,15,14 
190:0,2 0.001 0 1 3,2 0.001 0 -1 0,0 0.001 -1 0 77.235 350 0,15 0.001 0 1 3,13 0.001 0 -1 0,13 0.001 0 1 49.2296 290 12,0 0.001 1 1 12,1 0.001 -1 1 14,3 0.001 1 0 46.2308 320 15,15 0.001 0 -1 12,13 0.001 0 1 12,14 0.001 1 -1 52.2109 335 ::f,1,3 f,2,13 f,14,1 f,15,14 
191:0,3 0.001 0 1 3,1 0.001 0 -1 0,0 0.001 -1 1 77.237 350 0,15 0.001 1 1 3,13 0.001 0 -1 0,13 0.001 0 1 49.2296 290 13,1 0.001 1 1 12,1 0.001 0 1 15,3 0.001 1 0 46.2328 320 15,15 0.001 0 -1 12,13 0.001 1 1 13,13 0.001 1 -1 57.212 350 ::f,1,3 f,2,13 f,13,14 f,14,1 
192:0,3 0.001 1 1 3,0 0.001 0 -1 0,0 0.001 0 1 77.238 350 0,15 0.001 1 0 3,12 0.001 0 -1 0,14 0.001 0 1 49.2316 290 13,1 0.001 1 1 12,2 0.001 0 1 15,3 0.001 1 -1 46.2338 320 15,14 0.001 0 -1 12,13 0.001 1 1 14,12 0.001 1 -1 57.214 350 ::f,1,3 f,2,13 f,13,14 f,14,1 
193:0,3 0.001 1 0 3,0 0.001 -1 -1 0,1 0.001 0 1 77.239 350 1,15 0.001 1 0 3,12 0.001 -1 -1 0,15 0.001 0 1 49.2336 290 14,2 0.001 1 1 12,2 0.001 0 1 15,3 0.001 0 -1 46.2348 320 15,14 0.001 0 -1 12,13 0.001 1 1 14,12 0.001 1 0 64.2141 365 ::f,1,3 f,2,13 f,12,14 f,14,1 
194:0,3 0.001 1 0 3,0 0.001 -1 0 0,2 0.001 0 1 77.24 350 1,15 0.001 1 0 3,12 0.001 -1 0 0,15 0.001 1 1 49.2336 290 14,2 0.001 1 1 12,3 0.001 0 1 15,2 0.001 0 -1 46.2368 320 15,13 0.001 0 -1 13,14 0.001 1 1 15,12 0.001 1 0 64.2171 365 ::f,1,3 f,2,13 f,12,14 f,14,1 
195:0,3 0.001 1 0 2,0 0.001 -1 0 0,2 0.001 0 1 81.2411 365 2,15 0.001 1 0 2,12 0.001 -1 0 0,15 0.001 1 0 49.2356 290 15,3 0.001 1 1 12,3 0.001 1 1 15,2 0.001 0 -1 46.2378 320 15,13 0.001 0 -1 13,14 0.001 1 1 15,12 0.001 1 1 64.2171 365 ::f,1,1 f,2,13 f,12,14 f,14,1 
196:1,3 0.001 1 0 2,0 0.001 -1 0 0,3 0.001 0 1 81.2431 365 3,15 0.001 1 0 2,12 0.001 -1 0 1,15 0.001 1 0 49.2376 290 15,3 0.001 0 1 12,3 0.001 1 0 15,2 0.001 0 -1 46.2378 320 15,13 0.001 -1 -1 14,15 0.001 1 1 15,12 0.001 0 1 64.2181 365 ::f,1,1 f,2,13 f,12,14 f,14,1 
197:1,3 0.001 1 0 1,0 0.001 -1 0 0,3 0.001 1 1 81.2441 365 3,15 0.001 1 -1 1,12 0.001 -1 0 1,15 0.001 1 0 49.2386 290 15,3 0.001 -1 1 13,3 0.001 1 0 15,2 0.001 0 -1 46.2388 320 14,12 0.001 -1 -1 14,15 0.001 1 0 15,13 0.001 0 1 64.2201 365 ::f,1,1 f,2,13 f,12,14 f,14,1 
198:2,3 0.001 1 0 0,0 0.001 -1 0 0,3 0.001 1 0 81.2461 365 3,15 0.001 0 -1 1,12 0.001 -1 0 2,15 0.001 1 0 49.2396 290 15,3 0.001 -1 0 14,3 0.001 1 0 15,1 0.001 0 -1 46.2408 320 14,12 0.001 -1 0 15,15 0.001 1 0 15,14 0.001 0 1 64.2221 365 ::f,1,1 f,2,13 f,12,14 f,14,1 
199:2,3 0.001 1 0 0,0 0.001 -1 1 1,3 0.001 1 0 81.2471 365 3,14 0.001 0 -1 0,12 0.001 -1 0 2,15 0.001 1 0 49.2416 290 15,3 0.001 -1 -1 14,3 0.001 1 0 15,0 0.001 0 -1 46.2418 320 13,12 0.001 -1 0 15,15 0.001 1 -1 15,14 0.001 0 1 64.2231 365 ::f,1,1 f,2,13 f,12,14 f,14,1 
200:3,3 0.001 1 0 0,0 0.001 0 1 1,3 0.001 1 0 81.2481 365 3,14 0.001 0 -1 0,12 0.001 -1 1 2,15 0.001 1 0 49.2416 290 14,2 0.001 -1 -1 15,3 0.001 1 0 15,0 0.001 -1 -1 46.2438 320 12,12 0.001 -1 0 15,15 0.001 0 -1 15,14 0.001 -1 1 64.2241 365 ::f,1,1 f,2,13 f,12,14 f,14,1 
201:3,3 0.001 1 -1 0,1 0.001 0 1 2,3 0.001 1 0 81.2501 365 3,13 0.001 0 -1 0,12 0.001 0 1 2,15 0.001 1 0 49.2426 290 14,2 0.001 -1 -1 15,3 0.001 1 -1 15,0 0.001 -1 0 46.2438 320 12,12 0.001 -1 1 15,15 0.001 -1 -1 14,15 0.001 -1 1 64.2251 365 ::f,1,1 f,2,13 f,12,14 f,14,1 
202:3,3 0.001 0 -1 0,1 0.001 0 1 2,3 0.001 1 0 81.2501 365 3,13 0.001 0 -1 0,13 0.001 0 1 3,15 0.001 1 0 49.2446 290 13,1 0.001 -1 -1 15,3 0.001 0 -1 14,0 0.001 -1 0 46.2458 320 12,12 0.001 0 1 14,14 0.001 -1 -1 14,15 0.001 -1 0 64.2261 365 ::f,1,1 f,2,13 f,12,14 f,14,1 
203:3,2 0.001 0 -1 0,1 0.001 0 1 3,3 0.001 1 0 81.2521 365 3,12 0.001 0 -1 0,14 0.001 0 1 3,15 0.001 1 -1 49.2466 290 13,1 0.001 -1 -1 15,2 0.001 0 -1 14,0 0.001 -1 0 46.2468 320 12,13 0.001 0 1 13,13 0.001 -1 -1 13,15 0.001 -1 0 64.2291 365 ::f,1,1 f,2,13 f,12,14 f,14,1 
204:3,1 0.001 0 -1 0,2 0.001 0 1 3,3 0.001 1 -1 81.2541 365 3,12 0.001 -1 -1 0,14 0.001 0 1 3,15 0.001 0 -1 49.2466 290 13,1 0.001 -1 -1 15,1 0.001 0 -1 13,0 0.001 -1 0 46.2488 320 12,13 0.001 0 1 13,13 0.001 -1 -1 12,15 0.001 -1 0 70.2302 380 ::f,1,1 f,2,13 f,13,12 f,14,1 
205:3,1 0.001 0 -1 0,3 0.001 0 1 3,3 0.001 0 -1 81.2551 365 3,12 0.001 -1 0 0,15 0.001 0 1 3,14 0.001 0 -1 49.2486 290 13,1 0.001 -1 -1 15,1 0.001 0 -1 13,0 0.001 -1 0 46.2488 320 12,14 0.001 0 1 13,13 0.001 -1 -1 12,15 0.001 -1 -1 70.2312 380 ::f,1,1 f,2,13 f,13,12 f,14,1 
206:3,0 0.001 0 -1 0,3 0.001 1 1 3,2 0.001 0 -1 81.2571 365 2,12 0.001 -1 0 0,15 0.001 1 1 3,13 0.001 0 -1 49.2506 290 12,0 0.001 -1 -1 15,0 0.001 0 -1 13,0 0.001 -1 0 46.2508 320 12,14 0.001 0 1 13,13 0.001 -1 -1 12,15 0.001 0 -1 70.2312 380 ::f,1,1 f,2,13 f,13,12 f,14,1 
207:3,0 0.001 -1 -1 0,3 0.001 1 0 3,2 0.001 0 -1 81.2571 365 1,12 0.001 -1 0 0,15 0.001 1 0 3,12 0.001 0 -1 49.2526 290 12,0 0.001 0 -1 15,0 0.001 -1 -1 13,0 0.001 -1 1 46.2508 320 12,14 0.001 1 1 12,12 0.001 -1 -1 12,15 0.001 1 -1 70.2322 380 ::f,1,1 f,2,13 f,13,12 f,14,1 
208:3,0 0.001 -1 0 1,3 0.001 1 0 3,2 0.001 0 -1 81.2581 365 1,12 0.001 -1 0 1,15 0.001 1 0 3,12 0.001 -1 -1 49.2536 290 12,0 0.001 1 -1 15,0 0.001 -1 0 12,1 0.001 -1 1 46.2518 320 13,15 0.001 1 1 12,12 0.001 -1 0 13,14 0.001 1 -1 70.2342 380 ::f,1,1 f,2,13 f,13,12 f,14,1 
209:2,0 0.001 -1 0 2,3 0.001 1 0 3,1 0.001 0 -1 81.2611 365 0,12 0.001 -1 0 2,15 0.001 1 0 3,12 0.001 -1 0 49.2556 290 12,0 0.001 1 0 14,0 0.001 -1 0 12,1 0.001 0 1 46.2528 320 13,15 0.001 1 0 12,12 0.001 -1 1 13,14 0.001 1 -1 70.2342 380 ::f,1,1 f,2,13 f,13,12 f,14,1 
210:2,0 0.001 -1 0 2,3 0.001 1 0 3,0 0.001 0 -1 81.2621 365 0,12 0.001 -1 1 2,15 0.001 1 0 2,12 0.001 -1 0 49.2566 290 13,0 0.001 1 0 14,0 0.001 -1 0 12,2 0.001 0 1 46.2548 320 14,15 0.001 1 0 12,12 0.001 0 1 14,13 0.001 1 -1 70.2362 380 ::f,1,1 f,2,13 f,13,12 f,14,1 
211:2,0 0.001 -1 0 2,3 0.001 1 0 3,0 0.001 -1 -1 81.2621 365 0,12 0.001 0 1 2,15 0.001 1 0 2,12 0.001 -1 0 49.2566 290 13,0 0.001 1 0 14,0 0.001 -1 1 12,2 0.001 0 1 46.2548 320 14,15 0.001 1 0 12,13 0.001 0 1 14,13 0.001 1 -1 70.2372 380 ::f,1,1 f,2,13 f,13,12 f,14,1 
212:1,0 0.001 -1 0 3,3 0.001 1 0 3,0 0.001 -1 0 81.2641 365 0,13 0.001 0 1 3,15 0.001 1 0 1,12 0.001 -1 0 49.2596 290 13,0 0.001 1 1 13,1 0.001 -1 1 12,2 0.001 0 1 46.2558 320 15,15 0.001 1 0 12,14 0.001 0 1 14,13 0.001 1 -1 70.2392 380 ::f,1,1 f,2,13 f,13,12 f,14,1 
213:1,0 0.001 -1 0 3,3 0.001 1 -1 2,0 0.001 -1 0 81.2651 365 0,13 0.001 0 1 3,15 0.001 1 -1 0,12 0.001 -1 0 49.2606 290 13,0 0.001 1 1 13,1 0.001 -1 1 12,3 0.001 0 1 46.2568 320 15,15 0.001 1 -1 12,14 0.001 0 1 14,13 0.001 1 -1 70.2392 380 ::f,1,1 f,2,13 f,13,12 f,14,1 
214:1,0 0.001 -1 0 3,3 0.001 0 -1 2,0 0.001 -1 0 81.2651 365 0,13 0.001 0 1 3,15 0.001 0 -1 0,12 0.001 -1 1 49.2606 290 13,0 0.001 1 1 12,2 0.001 -1 1 12,3 0.001 1 1 46.2578 320 15,15 0.001 0 -1 12,14 0.001 0 1 14,13 0.001 1 -1 70.2392 380 ::f,1,1 f,2,13 f,13,12 f,14,1 
215:0,0 0.001 -1 0 3,2 0.001 0 -1 1,0 0.001 -1 0 81.2681 365 0,14 0.001 0 1 3,14 0.001 0 -1 0,12 0.001 0 1 49.2626 290 13,0 0.001 1 1 12,2 0.001 0 1 12,3 0.001 1 0 46.2578 320 15,14 0.001 0 -1 12,14 0.001 0 1 15,12 0.001 1 -1 70.2412 380 ::f,1,1 f,2,13 f,13,12 f,14,1 
216:0,0 0.001 -1 1 3,1 0.001 0 -1 1,0 0.001 -1 0 81.2691 365 0,14 0.001 0 1 3,14 0.001 0 -1 0,13 0.001 0 1 49.2636 290 13,0 0.001 1 1 12,2 0.001 1 1 13,3 0.001 1 0 46.2588 320 15,14 0.001 0 -1 12,15 0.001 0 1 15,12 0.001 1 0 70.2422 380 ::f,1,1 f,2,13 f,13,12 f,14,1 
217:0,0 0.001 0 1 3,1 0.001 0 -1 1,0 0.001 -1 1 81.2691 365 0,15 0.001 0 1 3,14 0.001 0 -1 0,13 0.001 0 1 49.2646 290 13,0 0.001 1 1 12,2 0.001 1 0 13,3 0.001 1 0 53.2589 335 15,14 0.001 0 -1 12,15 0.001 1 1 15,12 0.001 1 1 70.2422 380 ::f,1,1 f,2,13 f,13,12 f,15,3 
218:0,1 0.001 0 1 3,1 0.001 0 -1 1,0 0.001 0 1 81.2701 365 0,15 0.001 1 1 3,13 0.001 0 -1 0,14 0.001 0 1 49.2666 290 14,1 0.001 1 1 13,2 0.001 1 0 13,3 0.001 1 0 53.2609 335 15,13 0.001 0 -1 12,15 0.001 1 0 15,12 0.001 0 1 70.2432 380 ::f,1,1 f,2,13 f,13,12 f,15,3 
219:0,1 0.001 0 1 3,0 0.001 0 -1 1,0 0.001 0 1 81.2711 365 0,15 0.001 1 0 3,12 0.001 0 -1 0,14 0.001 0 1 49.2676 290 15,2 0.001 1 1 13,2 0.001 1 0 14,3 0.001 1 0 53.2629 335 15,13 0.001 0 -1 13,15 0.001 1 0 15,12 0.001 -1 1 70.2442 380 ::f,1,1 f,2,13 f,13,12 f,15,3 
220:0,2 0.001 0 1 3,0 0.001 -1 -1 1,0 0.001 0 1 81.2721 365 1,15 0.001 1 0 3,12 0.001 -1 -1 0,15 0.001 0 1 49.2696 290 15,2 0.001 0 1 13,2 0.001 1 0 14,3 0.001 1 0 59.263 350 15,13 0.001 -1 -1 14,15 0.001 1 0 14,13 0.001 -1 1 70.2462 380 ::f,1,1 f,2,13 f,13,12 f,14,2 
221:0,3 0.001 0 1 3,0 0.001 -1 0 1,0 0.001 0 1 81.2731 365 2,15 0.001 1 0 3,12 0.001 -1 0 0,15 0.001 1 1 49.2706 290 15,3 0.001 0 1 13,2 0.001 1 0 14,3 0.001 1 0 64.2641 365 14,12 0.001 -1 -1 14,15 0.001 1 0 14,13 0.001 -1 1 70.2472 380 ::f,1,1 f,2,13 f,13,12 f,15,1 
222:0,3 0.001 1 1 2,0 0.001 -1 0 1,0 0.001 0 1 91.2742 380 3,15 0.001 1 0 2,12 0.001 -1 0 0,15 0.001 1 0 49.2726 290 15,3 0.001 -1 1 14,2 0.001 1 0 14,3 0.001 1 -1 64.2651 365 14,12 0.001 -1 0 15,15 0.001 1 0 13,14 0.001 -1 1 70.2492 380 ::f,0,1 f,2,13 f,13,12 f,15,1 
223:0,3 0.001 1 0 2,0 0.001 -1 0 1,1 0.001 0 1 91.2752 380 3,15 0.001 1 -1 1,12 0.001 -1 0 1,15 0.001 1 0 49.2746 290 15,3 0.001 -1 0 15,2 0.001 1 0 14,3 0.001 0 -1 64.2661 365 14,12 0.001 -1 0 15,15 0.001 1 -1 12,15 0.001 -1 1 70.2502 380 ::f,0,1 f,2,13 f,13,12 f,15,1 
224:1,3 0.001 1 0 1,0 0.001 -1 0 1,1 0.001 0 1 91.2772 380 3,15 0.001 0 -1 1,12 0.001 -1 0 2,15 0.001 1 0 49.2756 290 15,3 0.001 -1 -1 15,2 0.001 1 -1 14,2 0.001 0 -1 64.2671 365 14,12 0.001 -1 0 15,15 0.001 0 -1 12,15 0.001 -1 0 70.2502 380 ::f,0,1 f,2,13 f,13,12 f,15,1 
225:1,3 0.001 1 0 1,0 0.001 -1 0 1,1 0.001 0 1 91.2772 380 3,14 0.001 0 -1 0,12 0.001 -1 0 2,15 0.001 1 0 49.2776 290 15,3 0.001 0 -1 15,2 0.001 0 -1 14,2 0.001 0 -1 64.2671 365 14,12 0.001 -1 0 15,14 0.001 0 -1 12,15 0.001 -1 -1 77.2513 395 ::f,0,1 f,2,13 f,14,14 f,15,1 
226:2,3 0.001 1 0 1,0 0.001 -1 0 1,2 0.001 0 1 91.2792 380 3,13 0.001 0 -1 0,12 0.001 -1 1 3,15 0.001 1 0 49.2796 290 15,3 0.001 1 -1 15,2 0.001 0 -1 14,2 0.001 0 -1 64.2671 365 13,12 0.001 -1 0 15,14 0.001 0 -1 12,15 0.001 0 -1 77.2523 395 ::f,0,1 f,2,13 f,14,14 f,15,1 
227:3,3 0.001 1 0 1,0 0.001 -1 0 1,3 0.001 0 1 91.2812 380 3,13 0.001 0 -1 0,12 0.001 0 1 3,15 0.001 1 -1 49.2796 290 15,3 0.001 1 0 15,2 0.001 0 -1 14,2 0.001 0 -1 64.2671 365 13,12 0.001 -1 0 15,13 0.001 0 -1 12,14 0.001 0 -1 77.2543 395 ::f,0,1 f,2,13 f,14,14 f,15,1 
228:3,3 0.001 1 -1 0,0 0.001 -1 0 1,3 0.001 1 1 91.2822 380 3,12 0.001 0 -1 0,13 0.001 0 1 3,15 0.001 0 -1 49.2816 290 15,3 0.001 1 1 15,2 0.001 0 -1 14,1 0.001 0 -1 70.2682 380 13,12 0.001 -1 0 15,13 0.001 0 -1 12,13 0.001 0 -1 77.2553 395 ::f,0,1 f,2,13 f,12,0 f,14,14 
229:3,3 0.001 0 -1 0,0 0.001 -1 1 1,3 0.001 1 0 91.2822 380 3,12 0.001 -1 -1 0,14 0.001 0 1 3,14 0.001 0 -1 49.2836 290 15,3 0.001 0 1 15,1 0.001 0 -1 14,0 0.001 0 -1 70.2702 380 12,12 0.001 -1 0 15,13 0.001 0 -1 12,13 0.001 0 -1 77.2563 395 ::f,0,1 f,2,13 f,12,0 f,14,14 
230:3,2 0.001 0 -1 0,0 0.001 0 1 2,3 0.001 1 0 91.2842 380 3,12 0.001 -1 0 0,14 0.001 0 1 3,13 0.001 0 -1 49.2846 290 15,3 0.001 -1 1 15,0 0.001 0 -1 14,0 0.001 -1 -1 70.2712 380 12,12 0.001 -1 1 15,12 0.001 0 -1 12,13 0.001 1 -1 77.2573 395 ::f,0,1 f,2,13 f,12,0 f,14,14 
231:3,1 0.001 0 -1 0,0 0.001 0 1 2,3 0.001 1 0 91.2852 380 2,12 0.001 -1 0 0,15 0.001 0 1 3,12 0.001 0 -1 49.2876 290 15,3 0.001 -1 0 15,0 0.001 -1 -1 14,0 0.001 -1 0 70.2712 380 12,12 0.001 0 1 15,12 0.001 -1 -1 13,12 0.001 1 -1 77.2583 395 ::f,0,1 f,2,13 f,12,0 f,14,14 
232:3,0 0.001 0 -1 0,0 0.001 0 1 3,3 0.001 1 0 91.2872 380 2,12 0.001 -1 0 0,15 0.001 1 1 3,12 0.001 -1 -1 49.2876 290 14,3 0.001 -1 0 15,0 0.001 -1 0 13,0 0.001 -1 0 70.2732 380 12,13 0.001 0 1 15,12 0.001 -1 0 13,12 0.001 1 0 77.2593 395 ::f,0,1 f,2,13 f,12,0 f,14,14 
233:3,0 0.001 -1 -1 0,0 0.001 0 1 3,3 0.001 1 -1 95.2873 395 1,12 0.001 -1 0 0,15 0.001 1 0 3,12 0.001 -1 0 49.2886 290 13,3 0.001 -1 0 14,0 0.001 -1 0 13,0 0.001 -1 0 77.2753 395 12,14 0.001 0 1 14,12 0.001 -1 0 13,12 0.001 1 1 77.2613 395 ::f,2,3 f,2,13 f,14,2 f,14,14 
234:3,0 0.001 -1 0 0,1 0.001 0 1 3,3 0.001 0 -1 95.2883 395 1,12 0.001 -1 0 1,15 0.001 1 0 2,12 0.001 -1 0 49.2906 290 12,3 0.001 -1 0 14,0 0.001 -1 0 12,0 0.001 -1 0 77.2773 395 12,14 0.001 0 1 14,12 0.001 -1 0 14,13 0.001 1 1 77.2623 395 ::f,2,3 f,2,13 f,14,2 f,14,14 
235:2,0 0.001 -1 0 0,1 0.001 0 1 3,2 0.001 0 -1 95.2903 395 1,12 0.001 -1 0 2,15 0.001 1 0 2,12 0.001 -1 0 49.2916 290 12,3 0.001 -1 -1 13,0 0.001 -1 0 12,0 0.001 -1 1 77.2783 395 12,14 0.001 0 1 13,12 0.001 -1 0 15,14 0.001 1 1 77.2643 395 ::f,2,3 f,2,13 f,14,2 f,14,14 
236:1,0 0.001 -1 0 0,2 0.001 0 1 3,2 0.001 0 -1 95.2923 395 0,12 0.001 -1 0 2,15 0.001 1 0 1,12 0.001 -1 0 49.2936 290 12,3 0.001 0 -1 13,0 0.001 -1 0 12,0 0.001 0 1 77.2783 395 12,15 0.001 0 1 12,12 0.001 -1 0 15,14 0.001 0 1 77.2663 395 ::f,2,3 f,2,13 f,14,2 f,14,14 
237:0,0 0.001 -1 0 0,3 0.001 0 1 3,1 0.001 0 -1 95.2953 395 0,12 0.001 -1 1 3,15 0.001 1 0 1,12 0.001 -1 0 49.2946 290 12,2 0.001 0 -1 13,0 0.001 -1 1 12,1 0.001 0 1 77.2803 395 12,15 0.001 1 1 12,12 0.001 -1 1 15,15 0.001 0 1 77.2673 395 ::f,2,3 f,2,13 f,14,2 f,14,14 
238:0,0 0.001 -1 1 0,3 0.001 1 1 3,0 0.001 0 -1 95.2963 395 0,12 0.001 0 1 3,15 0.001 1 -1 1,12 0.001 -1 1 49.2946 290 12,2 0.001 0 -1 13,0 0.001 0 1 12,1 0.001 0 1 77.2803 395 12,15 0.001 1 0 12,12 0.001 0 1 15,15 0.001 -1 1 77.2673 395 ::f,2,3 f,2,13 f,14,2 f,14,14 
239:0,0 0.001 0 1 0,3 0.001 1 0 3,0 0.001 -1 -1 95.2963 395 0,13 0.001 0 1 3,15 0.001 0 -1 1,12 0.001 0 1 49.2956 290 12,2 0.001 1 -1 13,1 0.001 0 1 12,1 0.001 1 1 77.2813 395 13,15 0.001 1 0 12,13 0.001 0 1 15,15 0.001 -1 0 77.2693 395 ::f,2,3 f,2,13 f,14,2 f,14,14 
240:0,1 0.001 0 1 1,3 0.001 1 0 3,0 0.001 -1 0 95.2983 395 0,14 0.001 0 1 3,14 0.001 0 -1 1,13 0.001 0 1 49.2986 290 12,2 0.001 1 0 13,2 0.001 0 1 12,1 0.001 1 0 77.2823 395 14,15 0.001 1 0 12,13 0.001 0 1 15,15 0.001 -1 -1 77.2703 395 ::f,2,3 f,2,13 f,14,2 f,14,14 
241:0,1 0.001 0 1 1,3 0.001 1 0 2,0 0.001 -1 0 100.299 410 0,14 0.001 0 1 3,13 0.001 0 -1 1,13 0.001 0 1 49.2996 290 12,2 0.001 1 1 13,2 0.001 0 1 13,1 0.001 1 0 77.2833 395 14,15 0.001 1 0 12,14 0.001 0 1 15,15 0.001 -1 -1 77.2713 395 ::f,2,13 f,3,1 f,14,2 f,14,14 
242:0,2 0.001 0 1 2,3 0.001 1 0 2,0 0.001 -1 0 100.301 410 0,14 0.001 0 1 3,13 0.001 0 -1 1,13 0.001 0 1 49.2996 290 13,3 0.001 1 1 13,2 0.001 0 1 14,1 0.001 1 0 77.2853 395 14,15 0.001 1 -1 12,14 0.001 0 1 15,15 0.001 -1 -1 84.2714 410 ::f,2,13 f,3,1 f,13,13 f,14,2 
243:0,2 0.001 0 1 2,3 0.001 1 0 1,0 0.001 -1 0 100.302 410 0,14 0.001 0 1 3,13 0.001 0 -1 1,14 0.001 0 1 49.3006 290 13,3 0.001 0 1 13,2 0.001 1 1 14,1 0.001 1 0 77.2853 395 15,14 0.001 1 -1 12,15 0.001 0 1 14,14 0.001 -1 -1 84.2744 410 ::f,2,13 f,3,1 f,13,13 f,14,2 
244:0,3 0.001 0 1 3,3 0.001 1 0 1,0 0.001 -1 0 100.304 410 0,15 0.001 0 1 3,13 0.001 0 -1 1,14 0.001 0 1 49.3016 290 13,3 0.001 -1 1 14,3 0.001 1 1 15,1 0.001 1 0 77.2873 395 15,14 0.001 0 -1 12,15 0.001 1 1 14,14 0.001 -1 -1 92.2745 425 ::f,2,13 f,3,1 f,13,15 f,14,2 
245:0,3 0.001 1 1 3,3 0.001 1 -1 1,0 0.001 -1 0 100.304 410 0,15 0.001 1 1 3,13 0.001 0 -1 1,14 0.001 0 1 49.3016 290 13,3 0.001 -1 0 14,3 0.001 1 0 15,1 0.001 1 -1 77.2873 395 15,13 0.001 0 -1 12,15 0.001 1 0 13,13 0.001 -1 -1 92.2765 425 ::f,2,13 f,3,1 f,13,15 f,14,2 
246:0,3 0.001 1 0 3,3 0.001 0 -1 0,0 0.001 -1 0 100.305 410 0,15 0.001 1 0 3,13 0.001 0 -1 1,15 0.001 0 1 49.3026 290 12,3 0.001 -1 0 15,3 0.001 1 0 15,1 0.001 0 -1 77.2893 395 15,13 0.001 0 -1 12,15 0.001 1 0 13,13 0.001 -1 -1 92.2765 425 ::f,2,13 f,3,1 f,13,15 f,14,2 
247:1,3 0.001 1 0 3,2 0.001 0 -1 0,0 0.001 -1 1 100.307 410 0,15 0.001 1 -1 3,12 0.001 0 -1 1,15 0.001 1 1 49.3036 290 12,3 0.001 -1 -1 15,3 0.001 1 -1 15,0 0.001 0 -1 77.2903 395 15,12 0.001 0 -1 12,15 0.001 1 0 12,12 0.001 -1 -1 100.279 440 ::f,2,13 f,3,1 f,14,2 f,14,14 
248:1,3 0.001 1 0 3,2 0.001 0 -1 0,0 0.001 0 1 106.308 425 1,14 0.001 1 -1 3,12 0.001 -1 -1 1,15 0.001 1 0 49.3046 290 12,3 0.001 0 -1 15,3 0.001 0 -1 15,0 0.001 -1 -1 77.2903 395 15,12 0.001 -1 -1 13,15 0.001 1 0 12,12 0.001 0 -1 100.28 440 ::f,1,2 f,2,13 f,14,2 f,14,14 
249:1,3 0.001 1 0 3,1 0.001 0 -1 0,1 0.001 0 1 106.31 425 1,14 0.001 1 -1 3,12 0.001 -1 0 2,15 0.001 1 0 50.3057 305 12,2 0.001 0 -1 15,2 0.001 0 -1 15,0 0.001 -1 0 77.2923 395 15,12 0.001 -1 0 13,15 0.001 1 0 12,12 0.001 1 -1 100.28 440 ::f,1,2 f,2,13 f,14,2 f,14,14 
250:2,3 0.001 1 0 3,1 0.001 0 -1 0,2 0.001 0 1 106.312 425 1,14 0.001 1 -1 2,12 0.001 -1 0 3,15 0.001 1 0 52.3078 320 12,1 0.001 0 -1 15,2 0.001 0 -1 14,0 0.001 -1 0 77.2943 395 14,12 0.001 -1 0 14,15 0.001 1 0 12,12 0.001 1 0 100.282 440 ::f,1,2 f,3,13 f,14,2 f,14,14 
251:3,3 0.001 1 0 3,0 0.001 0 -1 0,2 0.001 0 1 106.314 425 2,13 0.001 1 -1 1,12 0.001 -1 0 3,15 0.001 1 -1 52.3098 320 12,1 0.001 0 -1 15,2 0.001 0 -1 13,0 0.001 -1 0 77.2953 395 13,12 0.001 -1 0 15,15 0.001 1 0 12,12 0.001 1 1 100.284 440 ::f,1,2 f,3,13 f,14,2 f,14,14 
252:3,3 0.001 1 -1 3,0 0.001 -1 -1 0,3 0.001 0 1 106.315 425 2,13 0.001 1 -1 0,12 0.001 -1 0 3,15 0.001 0 -1 52.3108 320 12,1 0.001 0 -1 15,2 0.001 0 -1 13,0 0.001 -1 0 77.2953 395 13,12 0.001 -1 0 15,15 0.001 1 -1 13,13 0.001 1 1 100.285 440 ::f,1,2 f,3,13 f,14,2 f,14,14 
253:3,3 0.001 0 -1 3,0 0.001 -1 0 0,3 0.001 1 1 106.315 425 3,12 0.001 1 -1 0,12 0.001 -1 1 3,14 0.001 0 -1 52.3128 320 12,1 0.001 0 -1 15,1 0.001 0 -1 12,0 0.001 -1 0 77.2973 395 12,12 0.001 -1 0 15,15 0.001 0 -1 13,13 0.001 1 1 109.286 455 ::f,1,2 f,3,13 f,14,2 f,14,13 
254:3,2 0.001 0 -1 2,0 0.001 -1 0 0,3 0.001 1 0 106.317 425 3,12 0.001 0 -1 0,12 0.001 0 1 3,14 0.001 0 -1 60.3129 335 12,1 0.001 0 -1 15,1 0.001 0 -1 12,0 0.001 -1 1 77.2973 395 12,12 0.001 -1 1 15,14 0.001 0 -1 14,14 0.001 1 1 109.288 455 ::f,1,2 f,2,12 f,14,2 f,14,13 
255:3,1 0.001 0 -1 2,0 0.001 -1 0 1,3 0.001 1 0 106.319 425 3,12 0.001 -1 -1 0,13 0.001 0 1 3,13 0.001 0 -1 60.3149 335 12,1 0.001 1 -1 15,1 0.001 0 -1 12,0 0.001 0 1 77.2973 395 12,12 0.001 0 1 15,14 0.001 0 -1 14,14 0.001 1 1 109.288 455 ::f,1,2 f,2,12 f,14,2 f,14,13 
256:3,1 0.001 0 -1 1,0 0.001 -1 0 1,3 0.001 1 0 106.32 425 3,12 0.001 -1 0 0,14 0.001 0 1 3,13 0.001 0 -1 60.3159 335 13,0 0.001 1 -1 15,0 0.001 0 -1 12,1 0.001 0 1 77.3003 395 12,13 0.001 0 1 15,13 0.001 0 -1 14,14 0.001 1 1 109.29 455 ::f,1,2 f,2,12 f,14,2 f,14,13 
257:3,0 0.001 0 -1 0,0 0.001 -1 0 2,3 0.001 1 0 106.323 425 3,12 0.001 -1 0 0,14 0.001 0 1 3,13 0.001 -1 -1 60.3159 335 13,0 0.001 1 0 15,0 0.001 -1 -1 12,1 0.001 0 1 77.3003 395 12,13 0.001 0 1 15,12 0.001 0 -1 14,14 0.001 1 1 109.291 455 ::f,1,2 f,2,12 f,14,2 f,14,13 
258:3,0 0.001 -1 -1 0,0 0.001 -1 1 3,3 0.001 1 0 106.324 425 3,12 0.001 -1 0 0,14 0.001 0 1 3,13 0.001 -1 -1 60.3159 335 14,0 0.001 1 0 15,0 0.001 -1 0 12,1 0.001 0 1 77.3013 395 12,14 0.001 0 1 15,12 0.001 -1 -1 14,14 0.001 1 1 109.292 455 ::f,1,2 f,2,12 f,14,2 f,14,13 
259:3,0 0.001 -1 0 0,0 0.001 0 1 3,3 0.001 1 -1 106.324 425 3,12 0.001 -1 0 0,15 0.001 0 1 2,12 0.001 -1 -1 63.318 350 14,0 0.001 1 0 15,0 0.001 -1 1 12,2 0.001 0 1 77.3023 395 12,14 0.001 0 1 15,12 0.001 -1 0 15,15 0.001 1 1 109.293 455 ::f,1,2 f,2,13 f,14,2 f,14,13 
260:2,0 0.001 -1 0 0,1 0.001 0 1 3,3 0.001 0 -1 106.326 425 3,12 0.001 -1 0 0,15 0.001 1 1 2,12 0.001 -1 0 63.318 350 14,0 0.001 1 1 14,1 0.001 -1 1 12,3 0.001 0 1 77.3043 395 12,14 0.001 0 1 14,12 0.001 -1 0 15,15 0.001 0 1 109.294 455 ::f,1,2 f,2,13 f,14,2 f,14,13 
261:2,0 0.001 -1 0 0,1 0.001 0 1 3,2 0.001 0 -1 106.327 425 3,12 0.001 -1 1 0,15 0.001 1 0 1,12 0.001 -1 0 63.319 350 15,1 0.001 1 1 13,2 0.001 -1 1 12,3 0.001 1 1 77.3063 395 12,15 0.001 0 1 14,12 0.001 -1 0 15,15 0.001 -1 1 109.295 455 ::f,1,2 f,2,13 f,14,2 f,14,13 
262:1,0 0.001 -1 0 0,2 0.001 0 1 3,2 0.001 0 -1 106.329 425 3,12 0.001 -1 1 1,15 0.001 1 0 0,12 0.001 -1 0 63.321 350 15,1 0.001 0 1 13,2 0.001 -1 1 12,3 0.001 1 0 77.3063 395 12,15 0.001 1 1 13,12 0.001 -1 0 15,15 0.001 -1 0 109.296 455 ::f,1,2 f,2,13 f,14,2 f,14,13 
263:1,0 0.001 -1 0 0,2 0.001 0 1 3,1 0.001 0 -1 106.33 425 3,12 0.001 -1 1 1,15 0.001 1 0 0,12 0.001 -1 1 67.3211 365 15,2 0.001 0 1 13,2 0.001 0 1 13,3 0.001 1 0 77.3083 395 12,15 0.001 1 0 12,12 0.001 -1 0 14,15 0.001 -1 0 109.298 455 ::f,1,2 f,3,14 f,14,2 f,14,13 
264:1,0 0.001 -1 0 0,3 0.001 0 1 3,1 0.001 0 -1 106.331 425 2,13 0.001 -1 1 1,15 0.001 1 0 0,12 0.001 0 1 67.3221 365 15,3 0.001 0 1 13,2 0.001 1 1 14,3 0.001 1 0 77.3103 395 13,15 0.001 1 0 12,12 0.001 -1 1 14,15 0.001 -1 0 109.299 455 ::f,1,2 f,3,14 f,14,2 f,14,13 
265:0,0 0.001 -1 0 0,3 0.001 1 1 3,0 0.001 0 -1 106.333 425 1,14 0.001 -1 1 2,15 0.001 1 0 0,13 0.001 0 1 67.3251 365 15,3 0.001 -1 1 13,2 0.001 1 0 14,3 0.001 1 0 77.3103 395 13,15 0.001 1 0 12,12 0.001 0 1 14,15 0.001 -1 -1 109.299 455 ::f,1,2 f,3,14 f,14,2 f,14,13 
266:0,0 0.001 -1 1 0,3 0.001 1 0 3,0 0.001 -1 -1 106.333 425 1,14 0.001 -1 1 3,15 0.001 1 0 0,13 0.001 0 1 67.3261 365 15,3 0.001 -1 0 13,2 0.001 1 0 14,3 0.001 1 -1 77.3103 395 13,15 0.001 1 -1 12,13 0.001 0 1 13,14 0.001 -1 -1 109.301 455 ::f,1,2 f,3,14 f,14,2 f,14,13 
267:0,0 0.001 0 1 1,3 0.001 1 0 3,0 0.001 -1 0 106.334 425 0,15 0.001 -1 1 3,15 0.001 1 -1 0,14 0.001 0 1 67.3281 365 15,3 0.001 -1 -1 13,2 0.001 1 0 15,2 0.001 1 -1 84.3114 410 14,14 0.001 1 -1 12,13 0.001 0 1 13,14 0.001 -1 -1 109.302 455 ::f,1,2 f,3,14 f,13,0 f,14,13 
268:0,1 0.001 0 1 1,3 0.001 1 0 2,0 0.001 -1 0 106.336 425 0,15 0.001 0 1 3,15 0.001 0 -1 0,14 0.001 0 1 67.3281 365 14,2 0.001 -1 -1 13,2 0.001 1 0 15,2 0.001 0 -1 84.3124 410 15,13 0.001 1 -1 12,14 0.001 0 1 12,13 0.001 -1 -1 109.305 455 ::f,1,2 f,3,14 f,13,0 f,14,13 
269:0,2 0.001 0 1 2,3 0.001 1 0 1,0 0.001 -1 0 106.339 425 0,15 0.001 1 1 3,15 0.001 0 -1 0,14 0.001 1 1 67.3281 365 14,2 0.001 -1 -1 13,2 0.001 1 -1 15,1 0.001 0 -1 84.3134 410 15,13 0.001 0 -1 12,15 0.001 0 1 12,13 0.001 0 -1 109.306 455 ::f,1,2 f,3,14 f,13,0 f,14,13 
270:0,2 0.001 0 1 3,3 0.001 1 0 1,0 0.001 -1 0 106.34 425 0,15 0.001 1 0 3,15 0.001 0 -1 1,15 0.001 1 1 67.3291 365 13,1 0.001 -1 -1 14,1 0.001 1 -1 15,0 0.001 0 -1 84.3164 410 15,12 0.001 0 -1 12,15 0.001 1 1 12,12 0.001 0 -1 109.308 455 ::f,1,2 f,3,14 f,13,0 f,14,13 
271:0,3 0.001 0 1 3,3 0.001 1 -1 0,0 0.001 -1 0 106.342 425 0,15 0.001 1 -1 3,15 0.001 0 -1 1,15 0.001 1 0 74.3292 380 12,0 0.001 -1 -1 14,1 0.001 1 -1 15,0 0.001 -1 -1 84.3174 410 15,12 0.001 -1 -1 12,15 0.001 1 0 12,12 0.001 1 -1 109.308 455 ::f,1,2 f,1,14 f,13,0 f,14,13 
272:0,3 0.001 1 1 3,3 0.001 0 -1 0,0 0.001 -1 1 106.342 425 0,15 0.001 1 -1 3,14 0.001 0 -1 2,15 0.001 1 0 74.3312 380 12,0 0.001 0 -1 14,1 0.001 0 -1 15,0 0.001 -1 0 84.3174 410 15,12 0.001 -1 0 13,15 0.001 1 0 12,12 0.001 1 0 109.309 455 ::f,1,2 f,1,14 f,13,0 f,14,13 
273:0,3 0.001 1 0 3,2 0.001 0 -1 0,0 0.001 0 1 106.343 425 0,15 0.001 1 -1 3,14 0.001 0 -1 3,15 0.001 1 0 74.3322 380 12,0 0.001 1 -1 14,0 0.001 0 -1 15,0 0.001 -1 1 84.3184 410 14,12 0.001 -1 0 13,15 0.001 1 0 13,12 0.001 1 0 109.311 455 ::f,1,2 f,1,14 f,13,0 f,14,13 
274:1,3 0.001 1 0 3,2 0.001 0 -1 0,1 0.001 0 1 106.345 425 0,15 0.001 1 -1 3,13 0.001 0 -1 3,15 0.001 1 -1 79.3333 395 12,0 0.001 1 0 14,0 0.001 -1 -1 14,1 0.001 -1 1 84.3194 410 14,12 0.001 -1 0 13,15 0.001 1 0 13,12 0.001 1 0 109.311 455 ::f,1,2 f,1,15 f,13,0 f,14,13 
275:1,3 0.001 1 0 3,1 0.001 0 -1 0,1 0.001 0 1 106.346 425 1,14 0.001 1 -1 3,12 0.001 0 -1 3,15 0.001 0 -1 79.3353 395 12,0 0.001 1 0 14,0 0.001 -1 0 13,2 0.001 -1 1 84.3204 410 14,12 0.001 -1 1 14,15 0.001 1 0 13,12 0.001 1 1 109.312 455 ::f,1,2 f,1,15 f,13,0 f,14,13 
276:2,3 0.001 1 0 3,1 0.001 0 -1 0,1 0.001 0 1 106.347 425 1,14 0.001 1 -1 3,12 0.001 -1 -1 3,14 0.001 0 -1 79.3363 395 12,0 0.001 1 0 14,0 0.001 -1 0 13,2 0.001 -1 1 84.3204 410 13,13 0.001 -1 1 14,15 0.001 1 0 13,12 0.001 1 1 109.313 455 ::f,1,2 f,1,15 f,13,0 f,14,13 
277:2,3 0.001 1 0 3,0 0.001 0 -1 0,2 0.001 0 1 106.349 425 2,13 0.001 1 -1 3,12 0.001 -1 0 3,14 0.001 0 -1 79.3373 395 12,0 0.001 1 0 13,0 0.001 -1 0 13,2 0.001 -1 1 92.3215 425 12,14 0.001 -1 1 14,15 0.001 1 0 13,12 0.001 1 1 119.314 470 ::f,1,2 f,1,15 f,12,2 f,15,13 
278:3,3 0.001 1 0 3,0 0.001 -1 -1 0,2 0.001 0 1 106.35 425 2,13 0.001 1 -1 2,12 0.001 -1 0 3,13 0.001 0 -1 79.3393 395 12,0 0.001 1 0 13,0 0.001 -1 0 12,3 0.001 -1 1 92.3225 425 12,14 0.001 0 1 15,15 0.001 1 0 14,13 0.001 1 1 119.316 470 ::f,1,2 f,1,15 f,12,2 f,15,13 
279:3,3 0.001 1 -1 3,0 0.001 -1 0 0,3 0.001 0 1 106.351 425 3,12 0.001 1 -1 2,12 0.001 -1 0 3,13 0.001 0 -1 79.3403 395 12,0 0.001 1 1 13,0 0.001 -1 1 12,3 0.001 0 1 92.3225 425 12,15 0.001 0 1 15,15 0.001 1 -1 14,13 0.001 1 1 119.317 470 ::f,1,2 f,1,15 f,12,2 f,15,13 
280:3,3 0.001 0 -1 2,0 0.001 -1 0 0,3 0.001 1 1 106.352 425 3,12 0.001 0 -1 2,12 0.001 -1 0 3,13 0.001 -1 -1 79.3403 395 13,1 0.001 1 1 12,1 0.001 -1 1 12,3 0.001 1 1 92.3245 425 12,15 0.001 1 1 15,15 0.001 0 -1 15,14 0.001 1 1 119.318 470 ::f,1,2 f,1,15 f,12,2 f,15,13 
281:3,2 0.001 0 -1 2,0 0.001 -1 0 0,3 0.001 1 0 106.353 425 3,12 0.001 -1 -1 1,12 0.001 -1 0 2,12 0.001 -1 -1 79.3423 395 13,1 0.001 1 1 12,1 0.001 0 1 12,3 0.001 1 0 92.3245 425 12,15 0.001 1 0 15,15 0.001 -1 -1 15,14 0.001 0 1 119.318 470 ::f,1,2 f,1,15 f,12,2 f,15,13 
282:3,1 0.001 0 -1 1,0 0.001 -1 0 1,3 0.001 1 0 106.356 425 3,12 0.001 -1 0 1,12 0.001 -1 0 2,12 0.001 -1 0 79.3423 395 14,2 0.001 1 1 12,1 0.001 0 1 13,3 0.001 1 0 92.3265 425 13,15 0.001 1 0 14,14 0.001 -1 -1 15,15 0.001 0 1 119.321 470 ::f,1,2 f,1,15 f,12,2 f,15,13 
283:3,0 0.001 0 -1 0,0 0.001 -1 0 1,3 0.001 1 0 106.358 425 3,12 0.001 -1 1 0,12 0.001 -1 0 1,12 0.001 -1 0 79.3443 395 14,2 0.001 1 1 12,1 0.001 0 1 13,3 0.001 1 0 108.327 455 14,15 0.001 1 0 13,13 0.001 -1 -1 15,15 0.001 -1 1 119.323 470 ::f,1,2 f,1,15 f,13,2 f,15,13 
284:3,0 0.001 -1 -1 0,0 0.001 -1 1 1,3 0.001 1 0 106.358 425 2,13 0.001 -1 1 0,12 0.001 -1 1 1,12 0.001 -1 0 79.3453 395 15,3 0.001 1 1 12,2 0.001 0 1 14,3 0.001 1 0 108.33 455 14,15 0.001 1 0 13,13 0.001 -1 -1 15,15 0.001 -1 0 119.323 470 ::f,1,2 f,1,15 f,13,2 f,15,13 
285:3,0 0.001 -1 0 0,0 0.001 0 1 2,3 0.001 1 0 106.359 425 2,13 0.001 -1 1 0,12 0.001 0 1 1,12 0.001 -1 1 79.3453 395 15,3 0.001 0 1 12,2 0.001 0 1 14,3 0.001 1 0 108.33 455 14,15 0.001 1 -1 12,12 0.001 -1 -1 15,15 0.001 -1 -1 119.324 470 ::f,1,2 f,1,15 f,13,2 f,15,13 
286:2,0 0.001 -1 0 0,1 0.001 0 1 2,3 0.001 1 0 106.361 425 1,14 0.001 -1 1 0,13 0.001 0 1 1,12 0.001 0 1 79.3473 395 15,3 0.001 -1 1 12,3 0.001 0 1 14,3 0.001 1 -1 108.331 455 15,14 0.001 1 -1 12,12 0.001 -1 0 14,14 0.001 -1 -1 119.326 470 ::f,1,2 f,1,15 f,13,2 f,15,13 
287:1,0 0.001 -1 0 0,1 0.001 0 1 3,3 0.001 1 0 106.363 425 0,15 0.001 -1 1 0,14 0.001 0 1 1,13 0.001 0 1 79.3503 395 15,3 0.001 -1 0 12,3 0.001 1 1 15,2 0.001 1 -1 108.332 455 15,14 0.001 0 -1 12,12 0.001 -1 1 14,14 0.001 -1 -1 119.326 470 ::f,1,2 f,1,15 f,13,2 f,15,13 
288:1,0 0.001 -1 0 0,1 0.001 0 1 3,3 0.001 1 -1 106.363 425 0,15 0.001 0 1 0,14 0.001 0 1 1,13 0.001 0 1 79.3503 395 14,3 0.001 -1 0 12,3 0.001 1 0 15,2 0.001 0 -1 108.333 455 15,14 0.001 0 -1 12,12 0.001 0 1 13,13 0.001 -1 -1 119.327 470 ::f,1,2 f,1,15 f,13,2 f,15,13 
289:0,0 0.001 -1 0 0,2 0.001 0 1 3,3 0.001 0 -1 106.365 425 0,15 0.001 1 1 0,14 0.001 1 1 1,13 0.001 0 1 79.3503 395 13,3 0.001 -1 0 12,3 0.001 1 -1 15,1 0.001 0 -1 108.335 455 15,14 0.001 0 -1 12,13 0.001 0 1 13,13 0.001 -1 -1 119.328 470 ::f,1,2 f,1,15 f,13,2 f,15,13 
290:0,0 0.001 -1 1 0,3 0.001 0 1 3,2 0.001 0 -1 106.367 425 0,15 0.001 1 0 0,14 0.001 1 1 1,14 0.001 0 1 79.3513 395 13,3 0.001 -1 0 12,3 0.001 1 -1 15,0 0.001 0 -1 108.336 455 15,14 0.001 0 -1 12,13 0.001 0 1 13,13 0.001 -1 -1 127.328 485 ::f,1,2 f,1,15 f,13,2 f,13,12 
291:0,0 0.001 0 1 0,3 0.001 1 1 3,2 0.001 0 -1 106.367 425 0,15 0.001 1 0 0,14 0.001 1 1 1,15 0.001 0 1 87.3524 410 13,3 0.001 -1 -1 12,3 0.001 1 -1 15,0 0.001 -1 -1 108.336 455 15,13 0.001 0 -1 12,13 0.001 0 1 13,13 0.001 -1 -1 127.329 485 ::f,0,12 f,1,2 f,13,2 f,13,12 
292:0,1 0.001 0 1 0,3 0.001 1 0 3,1 0.001 0 -1 106.369 425 0,15 0.001 1 0 0,14 0.001 1 1 1,15 0.001 1 1 87.3524 410 12,2 0.001 -1 -1 12,3 0.001 1 -1 15,0 0.001 -1 0 117.337 470 15,13 0.001 0 -1 12,13 0.001 0 1 13,13 0.001 -1 -1 127.329 485 ::f,0,12 f,1,2 f,13,2 f,13,12 
293:0,2 0.001 0 1 1,3 0.001 1 0 3,1 0.001 0 -1 106.371 425 0,15 0.001 1 -1 0,14 0.001 1 0 1,15 0.001 1 0 87.3524 410 12,2 0.001 0 -1 12,3 0.001 1 -1 14,0 0.001 -1 0 127.338 485 15,12 0.001 0 -1 12,14 0.001 0 1 13,13 0.001 -1 -1 127.331 485 ::f,0,12 f,1,2 f,12,1 f,13,12 
294:0,3 0.001 0 1 2,3 0.001 1 0 3,1 0.001 0 -1 106.373 425 1,14 0.001 1 -1 0,14 0.001 1 -1 2,15 0.001 1 0 87.3544 410 12,2 0.001 0 -1 13,2 0.001 1 -1 13,0 0.001 -1 0 127.34 485 15,12 0.001 -1 -1 12,15 0.001 0 1 13,13 0.001 -1 -1 127.332 485 ::f,0,12 f,1,2 f,12,1 f,13,12 
295:0,3 0.001 1 1 2,3 0.001 1 0 3,0 0.001 0 -1 106.374 425 2,13 0.001 1 -1 1,13 0.001 1 -1 3,15 0.001 1 0 87.3574 410 12,2 0.001 0 -1 13,2 0.001 1 -1 12,0 0.001 -1 0 127.341 485 15,12 0.001 -1 0 12,15 0.001 1 1 12,12 0.001 -1 -1 127.333 485 ::f,0,12 f,1,2 f,12,1 f,13,12 
296:0,3 0.001 1 0 3,3 0.001 1 0 3,0 0.001 -1 -1 106.375 425 3,12 0.001 1 -1 2,12 0.001 1 -1 3,15 0.001 1 -1 87.3594 410 12,2 0.001 0 -1 14,1 0.001 1 -1 12,0 0.001 -1 1 136.342 500 14,12 0.001 -1 0 12,15 0.001 1 0 12,12 0.001 0 -1 127.334 485 ::f,0,12 f,1,2 f,13,12 f,14,3 
297:1,3 0.001 1 0 3,3 0.001 1 -1 3,0 0.001 -1 0 106.376 425 3,12 0.001 0 -1 2,12 0.001 0 -1 3,15 0.001 0 -1 87.3594 410 12,1 0.001 0 -1 14,1 0.001 1 -1 12,0 0.001 0 1 136.343 500 14,12 0.001 -1 0 13,15 0.001 1 0 12,12 0.001 1 -1 136.335 500 ::f,0,12 f,1,2 f,14,3 f,15,13 
298:1,3 0.001 1 0 3,3 0.001 0 -1 2,0 0.001 -1 0 106.377 425 3,12 0.001 -1 -1 2,12 0.001 -1 -1 3,14 0.001 0 -1 87.3604 410 12,1 0.001 0 -1 14,1 0.001 1 -1 12,0 0.001 1 1 136.343 500 13,12 0.001 -1 0 14,15 0.001 1 0 12,12 0.001 1 0 136.337 500 ::f,0,12 f,1,2 f,14,3 f,15,13 
299:2,3 0.001 1 0 3,2 0.001 0 -1 1,0 0.001 -1 0 106.38 425 3,12 0.001 -1 0 2,12 0.001 -1 0 3,14 0.001 0 -1 87.3604 410 12,1 0.001 1 -1 15,0 0.001 1 -1 13,1 0.001 1 1 136.345 500 13,12 0.001 -1 0 15,15 0.001 1 0 12,12 0.001 1 1 136.338 500 ::f,0,12 f,1,2 f,14,3 f,15,13 
