16
0:3,2 0.001 0 -1 2,2 0.003 1 0 0,0 0.002 -1 0 0.001 50 3,12 0.001 1 0 3,15 0.003 1 1 2,13 0.002 0 1 0.001 50 15,1 0.001 1 0 15,0 0.003 1 1 14,1 0.002 0 -1 0.001 50 13,13 0.001 1 -1 15,13 0.003 1 -1 14,12 0.002 0 -1 0.001 50 ::f,0,12 f,1,0 f,12,14 f,13,3 
1:3,2 0.001 0 -1 2,2 0.001 1 0 0,0 0.002 -1 -1 0.001 50 3,12 0.001 1 1 3,15 0.003 0 1 2,13 0.001 0 1 0.001 50 15,1 0.001 1 1 15,0 0.003 0 1 14,1 0.001 0 -1 0.001 50 13,13 0.001 1 -1 15,13 0.003 1 0 14,12 0.002 1 -1 0.001 50 ::f,0,12 f,1,0 f,12,14 f,13,3 
2:3,1 0.001 0 -1 3,2 0.001 1 0 0,0 0.002 0 -1 0.003 50 3,12 0.001 0 1 3,15 0.003 -1 1 2,14 0.001 0 1 0.002 50 15,1 0.001 0 1 15,0 0.003 -1 1 14,0 0.001 0 -1 0.002 50 13,13 0.001 1 0 15,13 0.003 1 1 14,12 0.002 1 0 0.001 50 ::f,0,12 f,1,0 f,12,14 f,13,3 
3:3,1 0.001 0 -1 3,2 0.001 1 1 0,0 0.002 1 -1 0.003 50 3,13 0.001 0 1 3,15 0.003 -1 0 2,15 0.001 0 1 0.004 50 15,1 0.001 -1 1 14,1 0.003 -1 1 14,0 0.001 1 -1 0.003 50 14,13 0.001 1 0 15,13 0.003 0 1 14,12 0.002 1 1 0.002 50 ::f,0,12 f,1,0 f,12,14 f,13,3 
4:3,1 0.001 0 -1 3,2 0.001 0 1 0,0 0.002 1 0 0.003 50 3,14 0.001 0 1 3,15 0.003 -1 -1 2,15 0.001 -1 1 0.005 50 14,2 0.001 -1 1 13,2 0.003 -1 1 14,0 0.001 1 0 0.005 50 14,13 0.001 1 0 15,14 0.003 0 1 14,12 0.002 0 1 0.003 50 ::f,0,12 f,1,0 f,12,14 f,13,3 
5:3,0 0.001 0 -1 3,3 0.001 0 1 0,0 0.002 1 0 0.005 50 3,14 0.001 0 1 2,14 0.003 -1 -1 2,15 0.001 -1 0 0.006 50 14,2 0.001 -1 0 12,3 0.003 -1 1 15,0 0.001 1 0 0.007 50 15,13 0.001 1 0 15,15 0.003 0 1 14,12 0.002 -1 1 0.005 50 ::f,0,12 f,1,0 f,12,14 f,13,3 
6:3,0 0.001 1 -1 3,3 0.001 -1 1 0,0 0.002 1 0 0.005 50 3,15 0.001 0 1 2,14 0.001 -1 -1 1,15 0.001 -1 0 0.008 50 13,2 0.001 -1 0 12,3 0.003 -1 0 15,0 0.001 1 1 0.008 50 15,13 0.001 1 1 15,15 0.003 -1 1 14,12 0.002 -1 0 0.005 50 ::f,0,12 f,1,0 f,12,14 f,13,3 
7:3,0 0.001 1 0 3,3 0.001 -1 0 0,0 0.001 1 0 0.0051 65 3,15 0.001 -1 1 1,13 0.001 -1 -1 0,15 0.001 -1 0 0.01 50 13,2 0.001 -1 -1 12,3 0.003 -1 -1 15,0 0.001 0 1 0.008 50 15,13 0.001 0 1 15,15 0.003 -1 0 14,12 0.002 -1 -1 0.005 50 ::f,0,12 f,3,1 f,12,14 f,13,3 
8:3,0 0.001 1 1 2,3 0.001 -1 0 1,0 0.001 1 0 0.0071 65 3,15 0.001 -1 0 1,13 0.001 -1 -1 0,15 0.001 -1 -1 0.0101 65 13,2 0.001 0 -1 12,3 0.003 0 -1 15,1 0.001 0 1 0.009 50 15,14 0.001 0 1 14,15 0.003 -1 0 14,12 0.002 0 -1 0.007 50 ::f,2,15 f,3,1 f,12,14 f,13,3 
9:3,0 0.001 0 1 1,3 0.001 -1 0 1,0 0.001 1 0 0.0081 65 3,15 0.001 -1 0 0,12 0.001 -1 -1 0,15 0.001 0 -1 0.0111 65 13,1 0.001 0 -1 12,2 0.003 0 -1 15,2 0.001 0 1 0.012 50 15,15 0.001 0 1 13,15 0.003 -1 0 14,12 0.002 1 -1 0.009 50 ::f,2,15 f,3,1 f,12,14 f,13,3 
10:3,0 0.001 0 1 1,3 0.001 -1 0 2,0 0.001 1 0 0.0091 65 3,15 0.001 -1 0 0,12 0.001 0 -1 0,14 0.001 0 -1 0.0121 65 13,1 0.001 1 -1 12,1 0.003 0 -1 15,2 0.001 0 1 0.013 50 15,15 0.001 -1 1 12,15 0.003 -1 0 14,12 0.002 1 0 0.01 50 ::f,2,15 f,3,1 f,12,14 f,13,3 
11:3,0 0.001 0 1 0,3 0.001 -1 0 2,0 0.001 1 0 0.0101 65 3,15 0.001 -1 0 0,12 0.001 1 -1 0,13 0.001 0 -1 0.0132 80 13,1 0.001 1 0 12,0 0.003 0 -1 15,3 0.001 0 1 0.015 50 15,15 0.001 -1 0 12,15 0.003 -1 -1 14,12 0.002 1 1 0.01 50 ::f,3,1 f,3,12 f,12,14 f,13,3 
12:3,0 0.001 0 1 0,3 0.001 -1 -1 2,0 0.001 1 1 0.0102 80 2,15 0.001 -1 0 0,12 0.001 1 0 0,13 0.001 0 -1 0.0142 80 14,1 0.001 1 0 12,0 0.003 1 -1 15,3 0.001 -1 1 0.016 50 14,15 0.001 -1 0 12,15 0.003 0 -1 14,12 0.002 0 1 0.011 50 ::f,1,2 f,3,12 f,12,14 f,13,3 
13:3,1 0.001 0 1 0,3 0.001 0 -1 2,0 0.001 0 1 0.0112 80 2,15 0.001 -1 0 1,12 0.001 1 0 0,12 0.001 0 -1 0.0162 80 14,1 0.001 1 1 12,0 0.003 1 0 15,3 0.001 -1 0 0.016 50 13,15 0.001 -1 0 12,15 0.003 0 -1 14,12 0.002 -1 1 0.012 50 ::f,1,2 f,3,12 f,12,14 f,13,3 
14:3,1 0.001 0 1 0,2 0.001 0 -1 2,1 0.001 0 1 0.0132 80 2,15 0.001 -1 0 2,12 0.001 1 0 0,12 0.001 1 -1 0.0172 80 14,1 0.001 0 1 13,0 0.003 1 0 14,3 0.001 -1 0 0.018 50 13,15 0.001 -1 0 12,15 0.003 0 -1 14,12 0.002 -1 0 0.012 50 ::f,1,2 f,3,12 f,12,14 f,13,3 
15:3,1 0.001 0 1 0,1 0.001 0 -1 2,1 0.001 0 1 0.0142 80 1,15 0.001 -1 0 2,12 0.001 1 0 0,12 0.001 1 0 1.0183 95 14,2 0.001 0 1 14,0 0.003 1 0 14,3 0.001 -1 0 0.0201 65 13,15 0.001 -1 -1 12,15 0.001 0 -1 14,12 0.002 -1 -1 0.0121 65 ::f,1,2 f,2,15 f,12,2 f,12,14 
16:3,1 0.001 0 1 0,0 0.001 0 -1 2,2 0.001 0 1 0.0162 80 1,15 0.001 -1 0 3,12 0.001 1 0 1,12 0.001 1 0 1.0203 95 14,2 0.001 -1 1 14,0 0.001 1 0 13,3 0.001 -1 0 0.0211 65 13,15 0.001 -1 -1 12,15 0.001 0 -1 14,12 0.002 0 -1 0.0121 65 ::f,1,2 f,2,15 f,12,2 f,12,14 
17:3,2 0.001 0 1 0,0 0.001 1 -1 2,3 0.001 0 1 0.0182 80 0,15 0.001 -1 0 3,12 0.001 1 1 2,12 0.001 1 0 1.0223 95 14,2 0.001 -1 0 15,0 0.001 1 0 13,3 0.001 -1 0 0.0221 65 13,15 0.001 -1 -1 12,14 0.001 0 -1 14,12 0.002 1 -1 0.0132 80 ::f,1,2 f,2,15 f,12,2 f,14,15 
18:3,3 0.001 0 1 0,0 0.001 1 0 2,3 0.001 -1 1 0.0192 80 0,15 0.001 -1 -1 3,12 0.001 0 1 2,12 0.001 1 0 1.0223 95 13,2 0.001 -1 0 15,0 0.001 1 1 13,3 0.001 -1 0 0.0231 65 13,15 0.001 -1 -1 12,14 0.001 0 -1 14,12 0.002 1 0 0.0132 80 ::f,1,2 f,2,15 f,12,2 f,14,15 
19:3,3 0.001 -1 1 1,0 0.001 1 0 2,3 0.001 -1 0 0.0202 80 0,15 0.001 0 -1 3,13 0.001 0 1 3,12 0.001 1 0 1.0243 95 13,2 0.001 -1 -1 15,0 0.001 0 1 12,3 0.001 -1 0 0.0241 65 13,15 0.001 0 -1 12,14 0.001 0 -1 14,12 0.002 1 1 0.0132 80 ::f,1,2 f,2,15 f,12,2 f,14,15 
20:3,3 0.001 -1 0 2,0 0.001 1 0 1,3 0.001 -1 0 0.0222 80 0,14 0.001 0 -1 3,14 0.001 0 1 3,12 0.001 1 1 1.0263 95 13,2 0.001 0 -1 15,1 0.001 0 1 12,3 0.001 -1 -1 0.0251 65 13,14 0.001 0 -1 12,13 0.001 0 -1 14,12 0.002 0 1 0.0152 80 ::f,1,2 f,2,15 f,12,2 f,14,15 
21:2,3 0.001 -1 0 3,0 0.001 1 0 0,3 0.001 -1 0 0.0252 80 0,13 0.001 0 -1 3,14 0.001 0 1 3,12 0.001 0 1 1.0273 95 13,1 0.001 0 -1 15,2 0.001 0 1 12,3 0.001 0 -1 0.0271 65 13,13 0.001 0 -1 12,12 0.001 0 -1 14,12 0.002 -1 1 0.0172 80 ::f,1,2 f,2,15 f,12,2 f,14,15 
22:1,3 0.001 -1 0 3,0 0.001 1 1 0,3 0.001 -1 -1 0.0262 80 0,12 0.001 0 -1 3,15 0.001 0 1 3,13 0.001 0 1 1.0303 95 13,1 0.001 1 -1 15,3 0.001 0 1 12,3 0.001 0 -1 0.0281 65 13,12 0.001 0 -1 12,12 0.001 1 -1 14,12 0.002 -1 0 0.0182 80 ::f,1,2 f,2,15 f,12,2 f,14,15 
23:1,3 0.001 -1 0 3,0 0.001 0 1 0,3 0.001 0 -1 0.0262 80 0,12 0.001 1 -1 3,15 0.001 -1 1 3,14 0.001 0 1 1.0313 95 13,1 0.001 1 0 15,3 0.001 -1 1 12,3 0.001 0 -1 0.0281 65 13,12 0.001 1 -1 12,12 0.001 1 0 14,12 0.002 -1 -1 0.0182 80 ::f,1,2 f,2,15 f,12,2 f,14,15 
24:1,3 0.001 -1 -1 3,1 0.001 0 1 0,2 0.001 0 -1 0.0282 80 0,12 0.001 1 0 3,15 0.001 -1 0 3,14 0.001 0 1 1.0313 95 14,1 0.001 1 0 15,3 0.001 -1 0 12,3 0.001 0 -1 1.0292 80 13,12 0.001 1 0 12,12 0.001 1 1 14,12 0.002 0 -1 0.0182 80 ::f,1,2 f,2,15 f,13,3 f,14,15 
25:1,3 0.001 0 -1 3,2 0.001 0 1 0,1 0.001 0 -1 0.0302 80 1,12 0.001 1 0 3,15 0.001 -1 0 3,14 0.001 -1 1 1.0323 95 14,1 0.001 1 1 14,3 0.001 -1 0 12,2 0.001 0 -1 1.0312 80 13,12 0.001 1 1 13,13 0.001 1 1 14,12 0.002 1 -1 0.0192 80 ::f,1,2 f,2,15 f,13,3 f,14,15 
26:1,3 0.001 0 -1 3,2 0.001 0 1 0,1 0.001 0 -1 0.0302 80 2,12 0.001 1 0 3,15 0.001 -1 0 3,14 0.001 -1 1 1.0333 95 14,1 0.001 0 1 14,3 0.001 -1 0 12,1 0.001 0 -1 1.0323 95 14,13 0.001 1 1 14,14 0.001 1 1 14,12 0.002 1 0 0.0212 80 ::f,1,2 f,2,15 f,13,0 f,14,15 
27:1,3 0.001 0 -1 3,3 0.001 0 1 0,0 0.001 0 -1 0.0322 80 3,12 0.001 1 0 3,15 0.001 -1 0 2,15 0.001 -1 1 3.0354 110 14,2 0.001 0 1 13,3 0.001 -1 0 12,1 0.001 0 -1 1.0343 95 14,13 0.001 1 1 15,15 0.001 1 1 14,12 0.002 1 1 0.0222 80 ::f,1,2 f,2,14 f,13,0 f,14,15 
28:1,3 0.001 0 -1 3,3 0.001 -1 1 0,0 0.001 1 -1 0.0322 80 3,12 0.001 1 1 3,15 0.001 -1 0 2,15 0.001 -1 0 3.0354 110 14,2 0.001 -1 1 13,3 0.001 -1 0 12,0 0.001 0 -1 1.0353 95 15,14 0.001 1 1 15,15 0.001 0 1 14,12 0.002 0 1 0.0232 80 ::f,1,2 f,2,14 f,13,0 f,14,15 
29:1,3 0.001 0 -1 3,3 0.001 -1 0 0,0 0.001 1 0 1.0323 95 3,12 0.001 0 1 3,15 0.001 -1 -1 1,15 0.001 -1 0 3.0364 110 14,2 0.001 -1 0 12,3 0.001 -1 0 12,0 0.001 1 -1 1.0363 95 15,14 0.001 0 1 15,15 0.001 -1 1 14,12 0.002 -1 1 0.0232 80 ::f,1,2 f,2,14 f,13,0 f,14,15 
30:1,3 0.001 0 -1 2,3 0.001 -1 0 1,0 0.001 1 0 1.0343 95 3,13 0.001 0 1 3,15 0.001 -1 -1 0,15 0.001 -1 0 3.0384 110 13,2 0.001 -1 0 12,3 0.001 -1 -1 12,0 0.001 1 0 1.0373 95 15,14 0.001 -1 1 15,15 0.001 -1 0 14,12 0.002 -1 0 0.0232 80 ::f,1,2 f,2,14 f,13,0 f,14,15 
31:1,3 0.001 0 -1 2,3 0.001 -1 0 2,0 0.001 1 0 1.0353 95 3,14 0.001 0 1 3,15 0.001 -1 -1 0,15 0.001 -1 -1 6.0395 125 13,2 0.001 -1 -1 12,3 0.001 0 -1 12,0 0.001 1 0 1.0373 95 15,14 0.001 -1 1 15,15 0.001 -1 0 14,12 0.002 -1 -1 0.0232 80 ::f,0,12 f,1,2 f,13,0 f,14,15 
32:1,3 0.001 0 -1 2,3 0.001 -1 -1 2,0 0.001 1 0 3.0354 110 3,14 0.001 0 1 2,14 0.001 -1 -1 0,15 0.001 0 -1 6.0405 125 13,2 0.001 0 -1 12,2 0.001 0 -1 12,0 0.001 1 0 1.0383 95 15,14 0.001 -1 1 15,15 0.001 -1 0 14,12 0.002 0 -1 0.0232 80 ::f,0,12 f,3,2 f,13,0 f,14,15 
33:1,2 0.001 0 -1 2,3 0.001 0 -1 2,0 0.001 1 0 3.0364 110 3,15 0.001 0 1 1,13 0.001 -1 -1 0,14 0.001 0 -1 6.0435 125 13,1 0.001 0 -1 12,1 0.001 0 -1 12,0 0.001 1 0 3.0404 110 15,14 0.001 -1 1 15,15 0.001 -1 0 14,12 0.002 1 -1 2.0234 110 ::f,0,12 f,3,2 f,12,2 f,12,13 
34:1,1 0.001 0 -1 2,2 0.001 0 -1 3,0 0.001 1 0 3.0394 110 3,15 0.001 -1 1 1,13 0.001 -1 -1 0,13 0.001 0 -1 10.0446 140 13,1 0.001 1 -1 12,1 0.001 0 -1 13,0 0.001 1 0 3.0414 110 14,15 0.001 -1 1 15,15 0.001 -1 0 14,12 0.002 1 0 2.0244 110 ::f,1,14 f,3,2 f,12,2 f,12,13 
35:1,0 0.001 0 -1 2,1 0.001 0 -1 3,0 0.001 1 1 3.0414 110 3,15 0.001 -1 0 0,12 0.001 -1 -1 0,13 0.001 0 -1 10.0456 140 13,1 0.001 1 0 12,0 0.001 0 -1 14,0 0.001 1 0 3.0434 110 14,15 0.001 -1 0 15,15 0.001 -1 -1 14,12 0.002 1 1 2.0244 110 ::f,1,14 f,3,2 f,12,2 f,12,13 
36:1,0 0.001 1 -1 2,0 0.001 0 -1 3,0 0.001 0 1 3.0424 110 2,15 0.001 -1 0 0,12 0.001 0 -1 0,13 0.001 1 -1 10.0466 140 14,1 0.001 1 0 12,0 0.001 1 -1 14,0 0.001 1 0 3.0444 110 13,15 0.001 -1 0 14,14 0.001 -1 -1 14,12 0.002 0 1 2.0264 110 ::f,1,14 f,3,2 f,12,2 f,12,13 
37:1,0 0.001 1 0 2,0 0.001 1 -1 3,1 0.001 0 1 3.0434 110 1,15 0.001 -1 0 0,12 0.001 1 -1 1,12 0.001 1 -1 10.0486 140 14,1 0.001 1 1 12,0 0.001 1 0 14,0 0.001 1 0 3.0444 110 12,15 0.001 -1 0 13,13 0.001 -1 -1 14,12 0.002 -1 1 2.0284 110 ::f,1,14 f,3,2 f,12,2 f,12,13 
38:1,0 0.001 1 1 2,0 0.001 1 0 3,1 0.001 0 1 4.0435 125 0,15 0.001 -1 0 0,12 0.001 1 0 1,12 0.001 1 0 10.0496 140 14,1 0.001 0 1 13,0 0.001 1 0 15,0 0.001 1 0 3.0464 110 12,15 0.001 -1 -1 12,12 0.001 -1 -1 14,12 0.002 -1 0 2.0294 110 ::f,1,14 f,2,1 f,12,2 f,12,13 
39:1,0 0.001 1 1 3,0 0.001 1 0 3,2 0.001 0 1 4.0455 125 0,15 0.001 -1 -1 0,12 0.001 1 1 2,12 0.001 1 0 10.0506 140 14,2 0.001 0 1 14,0 0.001 1 0 15,0 0.001 1 1 3.0484 110 12,15 0.001 0 -1 12,12 0.001 0 -1 14,12 0.002 -1 -1 2.0294 110 ::f,1,14 f,2,1 f,12,2 f,12,13 
40:1,0 0.001 1 1 3,0 0.001 1 1 3,3 0.001 0 1 4.0465 125 0,15 0.001 0 -1 1,13 0.001 1 1 3,12 0.001 1 0 10.0526 140 14,2 0.001 -1 1 14,0 0.001 1 0 15,0 0.001 0 1 3.0484 110 12,14 0.001 0 -1 12,12 0.001 1 -1 14,12 0.002 0 -1 2.0304 110 ::f,1,14 f,2,1 f,12,2 f,12,13 
41:1,0 0.001 1 1 3,0 0.001 0 1 3,3 0.001 -1 1 7.0466 140 0,14 0.001 0 -1 1,13 0.001 1 1 3,12 0.001 1 1 10.0536 140 14,2 0.001 -1 0 14,0 0.001 1 1 15,1 0.001 0 1 3.0494 110 12,14 0.001 0 -1 12,12 0.001 1 0 14,12 0.002 1 -1 4.0305 125 ::f,1,14 f,2,0 f,12,2 f,15,12 
42:2,1 0.001 1 1 3,1 0.001 0 1 3,3 0.001 -1 0 7.0486 140 0,13 0.001 0 -1 2,14 0.001 1 1 3,12 0.001 0 1 10.0556 140 13,2 0.001 -1 0 14,0 0.001 0 1 15,2 0.001 0 1 3.0514 110 12,13 0.001 0 -1 13,12 0.001 1 0 14,12 0.002 1 0 4.0325 125 ::f,1,14 f,2,0 f,12,2 f,15,12 
43:2,1 0.001 1 1 3,2 0.001 0 1 2,3 0.001 -1 0 7.0506 140 0,12 0.001 0 -1 2,14 0.001 1 1 3,13 0.001 0 1 10.0576 140 13,2 0.001 -1 -1 14,1 0.001 0 1 15,2 0.001 0 1 3.0524 110 12,12 0.001 0 -1 13,12 0.001 1 0 14,12 0.002 1 1 4.0335 125 ::f,1,14 f,2,0 f,12,2 f,15,12 
44:2,1 0.001 1 1 3,2 0.001 0 1 1,3 0.001 -1 0 7.0516 140 0,12 0.001 1 -1 3,15 0.001 1 1 3,14 0.001 0 1 10.0596 140 13,2 0.001 0 -1 14,2 0.001 0 1 15,2 0.001 0 1 3.0534 110 12,12 0.001 1 -1 13,12 0.001 1 1 14,12 0.002 0 1 4.0335 125 ::f,1,14 f,2,0 f,12,2 f,15,12 
45:2,1 0.001 0 1 3,2 0.001 0 1 0,3 0.001 -1 0 7.0526 140 0,12 0.001 1 0 3,15 0.001 0 1 3,14 0.001 0 1 10.0596 140 13,1 0.001 0 -1 14,2 0.001 0 1 15,2 0.001 0 1 3.0544 110 12,12 0.001 1 0 14,13 0.001 1 1 14,12 0.002 -1 1 4.0345 125 ::f,1,14 f,2,0 f,12,2 f,15,12 
46:2,2 0.001 0 1 3,3 0.001 0 1 0,3 0.001 -1 -1 7.0546 140 1,12 0.001 1 0 3,15 0.001 -1 1 3,14 0.001 -1 1 10.0606 140 13,1 0.001 1 -1 14,2 0.001 0 1 15,3 0.001 0 1 3.0554 110 13,12 0.001 1 0 15,14 0.001 1 1 14,12 0.002 -1 0 4.0365 125 ::f,1,14 f,2,0 f,12,2 f,15,12 
47:2,3 0.001 0 1 3,3 0.001 -1 1 0,3 0.001 0 -1 7.0556 140 2,12 0.001 1 0 3,15 0.001 -1 0 2,15 0.001 -1 1 10.0626 140 13,1 0.001 1 0 14,2 0.001 0 1 15,3 0.001 -1 1 3.0554 110 13,12 0.001 1 0 15,14 0.001 0 1 14,12 0.002 -1 -1 4.0365 125 ::f,1,14 f,2,0 f,12,2 f,15,12 
48:2,3 0.001 -1 1 3,3 0.001 -1 0 0,2 0.001 0 -1 7.0566 140 3,12 0.001 1 0 3,15 0.001 -1 -1 2,15 0.001 -1 0 10.0636 140 14,1 0.001 1 0 14,3 0.001 0 1 15,3 0.001 -1 0 3.0574 110 13,12 0.001 1 1 15,15 0.001 0 1 14,12 0.002 0 -1 4.0375 125 ::f,1,14 f,2,0 f,12,2 f,15,12 
49:2,3 0.001 -1 0 3,3 0.001 -1 -1 0,1 0.001 0 -1 7.0576 140 3,12 0.001 1 1 2,14 0.001 -1 -1 1,15 0.001 -1 0 10.0656 140 14,1 0.001 1 1 14,3 0.001 -1 1 15,3 0.001 -1 -1 3.0574 110 14,13 0.001 1 1 15,15 0.001 -1 1 14,12 0.002 1 -1 4.0385 125 ::f,1,14 f,2,0 f,12,2 f,15,12 
50:1,3 0.001 -1 0 2,2 0.001 -1 -1 0,0 0.001 0 -1 7.0606 140 3,12 0.001 0 1 2,14 0.001 -1 -1 0,15 0.001 -1 0 10.0666 140 14,1 0.001 0 1 14,3 0.001 -1 0 14,2 0.001 -1 -1 3.0584 110 15,14 0.001 1 1 15,15 0.001 -1 0 14,12 0.002 1 0 4.0395 125 ::f,1,14 f,2,0 f,12,2 f,15,12 
51:0,3 0.001 -1 0 2,2 0.001 -1 -1 0,0 0.001 1 -1 7.0616 140 3,13 0.001 0 1 2,14 0.001 -1 -1 0,15 0.001 -1 -1 10.0676 140 14,1 0.001 0 1 13,3 0.001 -1 0 14,2 0.001 -1 -1 3.0594 110 15,14 0.001 0 1 14,15 0.001 -1 0 14,12 0.002 1 1 4.0405 125 ::f,1,14 f,2,0 f,12,2 f,15,12 
52:0,3 0.001 -1 -1 1,1 0.001 -1 -1 0,0 0.001 1 0 7.0626 140 3,14 0.001 0 1 1,13 0.001 -1 -1 0,15 0.001 0 -1 10.0696 140 14,1 0.001 0 1 12,3 0.001 -1 0 14,2 0.001 -1 -1 3.0604 110 15,15 0.001 0 1 13,15 0.001 -1 0 14,12 0.002 0 1 4.0425 125 ::f,1,14 f,2,0 f,12,2 f,15,12 
53:0,3 0.001 0 -1 1,1 0.001 -1 -1 1,0 0.001 1 0 7.0636 140 3,15 0.001 0 1 1,13 0.001 -1 -1 0,14 0.001 0 -1 10.0716 140 14,1 0.001 0 1 12,3 0.001 -1 -1 13,1 0.001 -1 -1 3.0614 110 15,15 0.001 -1 1 13,15 0.001 -1 0 14,12 0.002 -1 1 4.0425 125 ::f,1,14 f,2,0 f,12,2 f,15,12 
54:0,2 0.001 0 -1 0,0 0.001 -1 -1 1,0 0.001 1 0 9.0657 155 3,15 0.001 -1 1 0,12 0.001 -1 -1 0,13 0.001 0 -1 10.0736 140 14,2 0.001 0 1 12,3 0.001 0 -1 12,0 0.001 -1 -1 3.0634 110 15,15 0.001 -1 0 12,15 0.001 -1 0 14,12 0.002 -1 0 4.0435 125 ::f,1,2 f,1,14 f,12,2 f,15,12 
55:0,1 0.001 0 -1 0,0 0.001 0 -1 2,0 0.001 1 0 9.0677 155 3,15 0.001 -1 0 0,12 0.001 0 -1 0,13 0.001 0 -1 10.0736 140 14,2 0.001 -1 1 12,3 0.001 0 -1 12,0 0.001 0 -1 3.0634 110 14,15 0.001 -1 0 12,15 0.001 -1 -1 14,12 0.002 -1 -1 4.0445 125 ::f,1,2 f,1,14 f,12,2 f,15,12 
56:0,1 0.001 0 -1 0,0 0.001 1 -1 2,0 0.001 1 0 9.0677 155 2,15 0.001 -1 0 0,12 0.001 1 -1 0,13 0.001 1 -1 10.0746 140 14,2 0.001 -1 0 12,3 0.001 0 -1 12,0 0.001 1 -1 3.0634 110 13,15 0.001 -1 0 12,15 0.001 0 -1 14,12 0.002 0 -1 4.0455 125 ::f,1,2 f,1,14 f,12,2 f,15,12 
57:0,1 0.001 1 -1 0,0 0.001 1 0 2,0 0.001 1 0 9.0677 155 1,15 0.001 -1 0 0,12 0.001 1 0 1,12 0.001 1 -1 10.0766 140 13,2 0.001 -1 0 12,3 0.001 0 -1 12,0 0.001 1 0 4.0645 125 13,15 0.001 -1 0 12,14 0.001 0 -1 14,12 0.002 1 -1 4.0465 125 ::f,1,2 f,1,14 f,15,3 f,15,12 
58:1,0 0.001 1 -1 0,0 0.001 1 1 3,0 0.001 1 0 9.0697 155 1,15 0.001 -1 0 0,12 0.001 1 1 1,12 0.001 1 0 10.0766 140 13,2 0.001 -1 -1 12,2 0.001 0 -1 13,0 0.001 1 0 4.0665 125 12,15 0.001 -1 0 12,13 0.001 0 -1 14,12 0.002 1 0 4.0485 125 ::f,1,2 f,1,14 f,15,3 f,15,12 
59:1,0 0.001 1 0 1,1 0.001 1 1 3,0 0.001 1 1 9.0707 155 0,15 0.001 -1 0 1,13 0.001 1 1 2,12 0.001 1 0 10.0796 140 13,2 0.001 0 -1 12,1 0.001 0 -1 14,0 0.001 1 0 4.0685 125 12,15 0.001 -1 -1 12,13 0.001 0 -1 14,12 0.002 1 1 4.0485 125 ::f,1,2 f,1,14 f,15,3 f,15,12 
60:2,0 0.001 1 0 1,1 0.001 1 1 3,0 0.001 0 1 9.0717 155 0,15 0.001 -1 -1 1,13 0.001 1 1 2,12 0.001 1 0 10.0796 140 13,1 0.001 0 -1 12,1 0.001 0 -1 15,0 0.001 1 0 4.0705 125 12,15 0.001 0 -1 12,12 0.001 0 -1 14,12 0.002 0 1 4.0495 125 ::f,1,2 f,1,14 f,15,3 f,15,12 
61:2,0 0.001 1 0 2,2 0.001 1 1 3,1 0.001 0 1 9.0737 155 0,15 0.001 0 -1 2,14 0.001 1 1 2,12 0.001 1 0 10.0806 140 13,1 0.001 1 -1 12,1 0.001 0 -1 15,0 0.001 1 1 4.0705 125 12,14 0.001 0 -1 12,12 0.001 1 -1 14,12 0.002 -1 1 4.0505 125 ::f,1,2 f,1,14 f,15,3 f,15,12 
62:3,0 0.001 1 0 3,3 0.001 1 1 3,2 0.001 0 1 9.0767 155 0,14 0.001 0 -1 3,15 0.001 1 1 2,12 0.001 1 0 10.0826 140 13,1 0.001 1 0 12,0 0.001 0 -1 15,0 0.001 0 1 4.0715 125 12,13 0.001 0 -1 12,12 0.001 1 0 14,12 0.002 -1 0 4.0515 125 ::f,1,2 f,1,14 f,15,3 f,15,12 
63:3,0 0.001 1 1 3,3 0.001 0 1 3,2 0.001 0 1 9.0767 155 0,13 0.001 0 -1 3,15 0.001 0 1 3,12 0.001 1 0 10.0846 140 14,1 0.001 1 0 12,0 0.001 1 -1 15,1 0.001 0 1 4.0735 125 12,13 0.001 0 -1 13,12 0.001 1 0 14,12 0.002 -1 -1 4.0525 125 ::f,1,2 f,1,14 f,15,3 f,15,12 
64:3,0 0.001 0 1 3,3 0.001 -1 1 3,2 0.001 -1 1 9.0767 155 0,12 0.001 0 -1 3,15 0.001 -1 1 3,12 0.001 1 1 10.0856 140 14,1 0.001 1 1 12,0 0.001 1 0 15,2 0.001 0 1 4.0745 125 12,12 0.001 0 -1 13,12 0.001 1 0 14,12 0.002 0 -1 4.0535 125 ::f,1,2 f,1,14 f,15,3 f,15,12 
65:3,1 0.001 0 1 3,3 0.001 -1 0 2,3 0.001 -1 1 9.0787 155 0,12 0.001 1 -1 3,15 0.001 -1 0 3,12 0.001 0 1 10.0856 140 14,1 0.001 0 1 13,0 0.001 1 0 15,2 0.001 0 1 7.0756 140 12,12 0.001 1 -1 13,12 0.001 1 1 14,12 0.002 1 -1 4.0535 125 ::f,1,2 f,1,14 f,12,0 f,15,12 
66:3,2 0.001 0 1 3,3 0.001 -1 -1 2,3 0.001 -1 0 9.0797 155 0,12 0.001 1 0 2,15 0.001 -1 0 3,13 0.001 0 1 10.0876 140 14,2 0.001 0 1 14,0 0.001 1 0 15,3 0.001 0 1 7.0786 140 12,12 0.001 1 0 14,13 0.001 1 1 14,12 0.002 1 0 4.0545 125 ::f,1,2 f,1,14 f,12,0 f,15,12 
67:3,2 0.001 0 1 2,2 0.001 -1 -1 1,3 0.001 -1 0 9.0817 155 1,12 0.001 1 0 1,15 0.001 -1 0 3,14 0.001 0 1 10.0906 140 14,2 0.001 -1 1 15,0 0.001 1 0 15,3 0.001 -1 1 7.0796 140 13,12 0.001 1 0 15,14 0.001 1 1 14,12 0.002 1 1 4.0565 125 ::f,1,2 f,1,14 f,12,0 f,15,12 
68:3,3 0.001 0 1 1,1 0.001 -1 -1 0,3 0.001 -1 0 9.0847 155 2,12 0.001 1 0 0,15 0.001 -1 0 3,14 0.001 0 1 10.0926 140 14,2 0.001 -1 0 15,0 0.001 1 1 15,3 0.001 -1 0 7.0796 140 13,12 0.001 1 0 15,14 0.001 0 1 14,12 0.002 0 1 4.0565 125 ::f,1,2 f,1,14 f,12,0 f,15,12 
69:3,3 0.001 -1 1 0,0 0.001 -1 -1 0,3 0.001 -1 -1 9.0857 155 3,12 0.001 1 0 0,15 0.001 -1 -1 3,15 0.001 0 1 10.0946 140 13,2 0.001 -1 0 15,0 0.001 0 1 14,3 0.001 -1 0 7.0816 140 13,12 0.001 1 1 15,15 0.001 0 1 14,12 0.002 -1 1 4.0575 125 ::f,1,2 f,1,14 f,12,0 f,15,12 
70:3,3 0.001 -1 0 0,0 0.001 0 -1 0,3 0.001 0 -1 9.0857 155 3,12 0.001 1 1 0,15 0.001 0 -1 3,15 0.001 -1 1 10.0946 140 13,2 0.001 -1 -1 15,1 0.001 0 1 13,3 0.001 -1 0 7.0836 140 14,13 0.001 1 1 15,15 0.001 -1 1 14,12 0.002 -1 0 4.0585 125 ::f,1,2 f,1,14 f,12,0 f,15,12 
71:2,3 0.001 -1 0 0,0 0.001 1 -1 0,2 0.001 0 -1 9.0877 155 3,12 0.001 0 1 0,14 0.001 0 -1 3,15 0.001 -1 0 10.0956 140 13,2 0.001 0 -1 15,2 0.001 0 1 13,3 0.001 -1 0 7.0846 140 15,14 0.001 1 1 15,15 0.001 -1 0 14,12 0.002 -1 -1 4.0595 125 ::f,1,2 f,1,14 f,12,0 f,15,12 
72:1,3 0.001 -1 0 0,0 0.001 1 0 0,1 0.001 0 -1 9.0897 155 3,13 0.001 0 1 0,13 0.001 0 -1 2,15 0.001 -1 0 10.0986 140 13,1 0.001 0 -1 15,2 0.001 0 1 13,3 0.001 -1 0 7.0856 140 15,14 0.001 0 1 14,15 0.001 -1 0 14,12 0.002 0 -1 4.0605 125 ::f,1,2 f,1,14 f,12,0 f,15,12 
73:1,3 0.001 -1 0 1,0 0.001 1 0 0,1 0.001 0 -1 9.0907 155 3,14 0.001 0 1 0,13 0.001 0 -1 1,15 0.001 -1 0 10.1006 140 13,1 0.001 1 -1 15,2 0.001 0 1 12,3 0.001 -1 0 7.0866 140 15,15 0.001 0 1 13,15 0.001 -1 0 14,12 0.002 1 -1 4.0625 125 ::f,1,2 f,1,14 f,12,0 f,15,12 
74:0,3 0.001 -1 0 2,0 0.001 1 0 0,0 0.001 0 -1 9.0937 155 3,15 0.001 0 1 0,12 0.001 0 -1 1,15 0.001 -1 0 10.1026 140 13,1 0.001 1 0 15,3 0.001 0 1 12,3 0.001 -1 -1 7.0876 140 15,15 0.001 -1 1 12,15 0.001 -1 0 14,12 0.002 1 0 4.0635 125 ::f,1,2 f,1,14 f,12,0 f,15,12 
75:0,3 0.001 -1 -1 2,0 0.001 1 0 0,0 0.001 1 -1 9.0937 155 3,15 0.001 -1 1 0,12 0.001 1 -1 0,15 0.001 -1 0 10.1036 140 14,1 0.001 1 0 15,3 0.001 -1 1 12,3 0.001 0 -1 7.0886 140 15,15 0.001 -1 0 12,15 0.001 -1 -1 14,12 0.002 1 1 4.0635 125 ::f,1,2 f,1,14 f,12,0 f,15,12 
76:0,3 0.001 0 -1 3,0 0.001 1 0 0,0 0.001 1 0 9.0947 155 3,15 0.001 -1 0 0,12 0.001 1 0 0,15 0.001 -1 -1 10.1036 140 14,1 0.001 1 1 15,3 0.001 -1 0 12,2 0.001 0 -1 7.0896 140 14,15 0.001 -1 0 12,15 0.001 0 -1 14,12 0.002 0 1 4.0645 125 ::f,1,2 f,1,14 f,12,0 f,15,12 
77:0,2 0.001 0 -1 3,0 0.001 1 1 1,0 0.001 1 0 9.0967 155 2,15 0.001 -1 0 1,12 0.001 1 0 0,15 0.001 0 -1 10.1056 140 14,1 0.001 0 1 14,3 0.001 -1 0 12,1 0.001 0 -1 7.0916 140 13,15 0.001 -1 0 12,14 0.001 0 -1 14,12 0.002 -1 1 4.0665 125 ::f,1,2 f,1,14 f,12,0 f,15,12 
78:0,1 0.001 0 -1 3,0 0.001 0 1 2,0 0.001 1 0 9.0987 155 1,15 0.001 -1 0 2,12 0.001 1 0 0,14 0.001 0 -1 10.1086 140 14,2 0.001 0 1 13,3 0.001 -1 0 12,1 0.001 0 -1 11.0937 155 13,15 0.001 -1 0 12,13 0.001 0 -1 14,12 0.002 -1 0 4.0675 125 ::f,1,2 f,1,14 f,13,2 f,15,12 
79:0,0 0.001 0 -1 3,1 0.001 0 1 2,0 0.001 1 0 9.1007 155 0,15 0.001 -1 0 2,12 0.001 1 0 0,13 0.001 0 -1 10.1106 140 14,2 0.001 -1 1 13,3 0.001 -1 0 12,0 0.001 0 -1 11.0947 155 13,15 0.001 -1 0 12,13 0.001 0 -1 14,12 0.002 -1 -1 4.0675 125 ::f,1,2 f,1,14 f,13,2 f,15,12 
80:0,0 0.001 1 -1 3,2 0.001 0 1 3,0 0.001 1 0 9.1027 155 0,15 0.001 -1 -1 3,12 0.001 1 0 0,12 0.001 0 -1 10.1126 140 14,2 0.001 -1 0 13,3 0.001 -1 0 12,0 0.001 1 -1 11.0947 155 12,15 0.001 -1 0 12,12 0.001 0 -1 14,12 0.002 0 -1 4.0695 125 ::f,1,2 f,1,14 f,13,2 f,15,12 
81:0,0 0.001 1 0 3,2 0.001 0 1 3,0 0.001 1 1 9.1027 155 0,15 0.001 0 -1 3,12 0.001 1 1 0,12 0.001 1 -1 10.1126 140 14,2 0.001 -1 0 12,3 0.001 -1 0 12,0 0.001 1 0 11.0957 155 12,15 0.001 -1 -1 12,12 0.001 1 -1 14,12 0.002 1 -1 4.0695 125 ::f,1,2 f,1,14 f,13,2 f,15,12 
82:1,0 0.001 1 0 3,3 0.001 0 1 3,0 0.001 0 1 9.1047 155 0,14 0.001 0 -1 3,12 0.001 0 1 0,12 0.001 1 0 10.1136 140 14,2 0.001 -1 0 12,3 0.001 -1 -1 13,0 0.001 1 0 11.0967 155 12,15 0.001 0 -1 12,12 0.001 1 0 14,12 0.002 1 0 4.0695 125 ::f,1,2 f,1,14 f,13,2 f,15,12 
83:2,0 0.001 1 0 3,3 0.001 -1 1 3,1 0.001 0 1 9.1067 155 0,13 0.001 0 -1 3,13 0.001 0 1 1,12 0.001 1 0 10.1166 140 14,2 0.001 -1 0 12,3 0.001 0 -1 14,0 0.001 1 0 11.0977 155 12,14 0.001 0 -1 13,12 0.001 1 0 14,12 0.002 1 1 4.0715 125 ::f,1,2 f,1,14 f,13,2 f,15,12 
84:3,0 0.001 1 0 3,3 0.001 -1 0 3,2 0.001 0 1 9.1087 155 0,12 0.001 0 -1 3,14 0.001 0 1 2,12 0.001 1 0 10.1196 140 14,2 0.001 -1 0 12,2 0.001 0 -1 15,0 0.001 1 0 11.0997 155 12,13 0.001 0 -1 13,12 0.001 1 0 14,12 0.002 0 1 4.0725 125 ::f,1,2 f,1,14 f,13,2 f,15,12 
85:3,0 0.001 1 1 2,3 0.001 -1 0 3,2 0.001 0 1 9.1097 155 0,12 0.001 1 -1 3,15 0.001 0 1 2,12 0.001 1 0 10.1206 140 14,2 0.001 -1 0 12,1 0.001 0 -1 15,0 0.001 1 1 11.1007 155 12,12 0.001 0 -1 13,12 0.001 1 1 14,12 0.002 -1 1 4.0735 125 ::f,1,2 f,1,14 f,13,2 f,15,12 
86:3,0 0.001 0 1 1,3 0.001 -1 0 3,2 0.001 0 1 9.1107 155 0,12 0.001 1 0 3,15 0.001 -1 1 2,12 0.001 1 0 10.1206 140 14,2 0.001 -1 0 12,1 0.001 0 -1 15,0 0.001 0 1 11.1007 155 12,12 0.001 1 -1 14,13 0.001 1 1 14,12 0.002 -1 0 4.0745 125 ::f,1,2 f,1,14 f,13,2 f,15,12 
87:3,1 0.001 0 1 0,3 0.001 -1 0 3,3 0.001 0 1 9.1137 155 1,12 0.001 1 0 3,15 0.001 -1 0 3,12 0.001 1 0 10.1226 140 14,2 0.001 -1 0 12,1 0.001 0 -1 15,1 0.001 0 1 11.1017 155 12,12 0.001 1 0 15,14 0.001 1 1 14,12 0.002 -1 -1 4.0755 125 ::f,1,2 f,1,14 f,13,2 f,15,12 
88:3,2 0.001 0 1 0,3 0.001 -1 -1 3,3 0.001 -1 1 9.1147 155 2,12 0.001 1 0 2,15 0.001 -1 0 3,12 0.001 1 1 10.1246 140 14,2 0.001 -1 0 12,0 0.001 0 -1 15,2 0.001 0 1 11.1037 155 13,12 0.001 1 0 15,14 0.001 0 1 14,12 0.002 0 -1 4.0765 125 ::f,1,2 f,1,14 f,13,2 f,15,12 
89:3,2 0.001 0 1 0,3 0.001 0 -1 3,3 0.001 -1 0 9.1147 155 2,12 0.001 1 0 1,15 0.001 -1 0 3,12 0.001 0 1 10.1256 140 14,2 0.001 -1 0 12,0 0.001 1 -1 15,3 0.001 0 1 11.1047 155 13,12 0.001 1 0 15,15 0.001 0 1 14,12 0.002 1 -1 4.0775 125 ::f,1,2 f,1,14 f,13,2 f,15,12 
90:3,2 0.001 -1 1 0,2 0.001 0 -1 2,3 0.001 -1 0 9.1167 155 2,12 0.001 1 1 0,15 0.001 -1 0 3,13 0.001 0 1 10.1276 140 14,2 0.001 -1 0 12,0 0.001 1 0 15,3 0.001 -1 1 11.1047 155 13,12 0.001 1 1 15,15 0.001 -1 1 14,12 0.002 1 0 4.0775 125 ::f,1,2 f,1,14 f,13,2 f,15,12 
91:3,2 0.001 -1 0 0,1 0.001 0 -1 1,3 0.001 -1 0 9.1187 155 2,12 0.001 0 1 0,15 0.001 -1 -1 3,14 0.001 0 1 10.1286 140 14,2 0.001 -1 0 13,0 0.001 1 0 15,3 0.001 -1 0 11.1057 155 14,13 0.001 1 1 15,15 0.001 -1 0 14,12 0.002 1 1 4.0785 125 ::f,1,2 f,1,14 f,13,2 f,15,12 
92:2,2 0.001 -1 0 0,1 0.001 0 -1 0,3 0.001 -1 0 9.1207 155 2,13 0.001 0 1 0,15 0.001 0 -1 3,14 0.001 0 1 10.1296 140 14,2 0.001 -1 0 14,0 0.001 1 0 14,3 0.001 -1 0 11.1077 155 15,14 0.001 1 1 14,15 0.001 -1 0 14,12 0.002 0 1 4.0805 125 ::f,1,2 f,1,14 f,13,2 f,15,12 
93:2,2 0.001 -1 0 0,1 0.001 0 -1 0,3 0.001 -1 -1 13.1208 170 2,14 0.001 0 1 0,14 0.001 0 -1 3,14 0.001 0 1 10.1316 140 14,2 0.001 -1 0 15,0 0.001 1 0 13,3 0.001 -1 0 11.1097 155 15,14 0.001 0 1 13,15 0.001 -1 0 14,12 0.002 -1 1 4.0815 125 ::f,1,14 f,2,1 f,13,2 f,15,12 
94:1,2 0.001 -1 0 0,1 0.001 0 -1 0,3 0.001 0 -1 13.1218 170 2,14 0.001 0 1 0,13 0.001 0 -1 3,14 0.001 0 1 10.1326 140 14,2 0.001 -1 0 15,0 0.001 1 1 12,3 0.001 -1 0 11.1107 155 15,15 0.001 0 1 12,15 0.001 -1 0 14,12 0.002 -1 0 4.0835 125 ::f,1,14 f,2,1 f,13,2 f,15,12 
95:1,2 0.001 -1 0 0,0 0.001 0 -1 0,2 0.001 0 -1 13.1238 170 2,14 0.001 0 1 0,12 0.001 0 -1 3,15 0.001 0 1 10.1346 140 14,2 0.001 -1 0 15,0 0.001 0 1 12,3 0.001 -1 -1 11.1107 155 15,15 0.001 -1 1 12,15 0.001 -1 -1 14,12 0.002 -1 -1 4.0835 125 ::f,1,14 f,2,1 f,13,2 f,15,12 
96:1,2 0.001 -1 0 0,0 0.001 1 -1 0,1 0.001 0 -1 13.1248 170 2,15 0.001 0 1 0,12 0.001 1 -1 3,15 0.001 -1 1 10.1356 140 14,2 0.001 -1 0 15,1 0.001 0 1 12,3 0.001 0 -1 11.1117 155 15,15 0.001 -1 0 12,15 0.001 0 -1 14,12 0.002 0 -1 4.0835 125 ::f,1,14 f,2,1 f,13,2 f,15,12 
97:0,2 0.001 -1 0 0,0 0.001 1 0 0,1 0.001 0 -1 13.1258 170 2,15 0.001 -1 1 0,12 0.001 1 0 3,15 0.001 -1 0 10.1356 140 14,2 0.001 -1 0 15,2 0.001 0 1 12,2 0.001 0 -1 11.1137 155 14,15 0.001 -1 0 12,14 0.001 0 -1 14,12 0.002 1 -1 4.0855 125 ::f,1,14 f,2,1 f,13,2 f,15,12 
98:0,2 0.001 -1 -1 1,0 0.001 1 0 0,0 0.001 0 -1 13.1278 170 2,15 0.001 -1 0 1,12 0.001 1 0 3,15 0.001 -1 -1 10.1366 140 14,2 0.001 -1 0 15,2 0.001 0 1 12,1 0.001 0 -1 11.1147 155 13,15 0.001 -1 0 12,13 0.001 0 -1 14,12 0.002 1 0 4.0875 125 ::f,1,14 f,2,1 f,13,2 f,15,12 
99:0,2 0.001 0 -1 2,0 0.001 1 0 0,0 0.001 1 -1 13.1288 170 1,15 0.001 -1 0 2,12 0.001 1 0 2,14 0.001 -1 -1 10.1396 140 14,2 0.001 -1 0 15,3 0.001 0 1 12,0 0.001 0 -1 11.1167 155 12,15 0.001 -1 0 12,12 0.001 0 -1 14,12 0.002 1 1 4.0895 125 ::f,1,14 f,2,1 f,13,2 f,15,12 
100:0,1 0.001 0 -1 3,0 0.001 1 0 0,0 0.001 1 0 13.1308 170 0,15 0.001 -1 0 2,12 0.001 1 0 2,14 0.001 -1 -1 10.1406 140 14,2 0.001 -1 0 15,3 0.001 -1 1 12,0 0.001 1 -1 11.1167 155 12,15 0.001 -1 -1 12,12 0.001 1 -1 14,12 0.002 0 1 4.0895 125 ::f,1,14 f,2,1 f,13,2 f,15,12 
101:0,1 0.001 0 -1 3,0 0.001 1 1 1,0 0.001 1 0 13.1318 170 0,15 0.001 -1 -1 3,12 0.001 1 0 2,14 0.001 -1 -1 10.1416 140 14,2 0.001 -1 0 15,3 0.001 -1 0 12,0 0.001 1 0 11.1167 155 12,15 0.001 0 -1 12,12 0.001 1 0 14,12 0.002 -1 1 4.0895 125 ::f,1,14 f,2,1 f,13,2 f,15,12 
102:0,0 0.001 0 -1 3,0 0.001 0 1 2,0 0.001 1 0 13.1338 170 0,15 0.001 0 -1 3,12 0.001 1 1 2,14 0.001 -1 -1 10.1416 140 14,2 0.001 -1 0 14,3 0.001 -1 0 13,0 0.001 1 0 11.1187 155 12,14 0.001 0 -1 13,12 0.001 1 0 14,12 0.002 -1 0 4.0915 125 ::f,1,14 f,2,1 f,13,2 f,15,12 
103:0,0 0.001 1 -1 3,1 0.001 0 1 3,0 0.001 1 0 13.1358 170 0,14 0.001 0 -1 3,12 0.001 0 1 1,13 0.001 -1 -1 10.1436 140 14,2 0.001 -1 0 13,3 0.001 -1 0 14,0 0.001 1 0 11.1207 155 12,13 0.001 0 -1 13,12 0.001 1 0 14,12 0.002 -1 -1 4.0925 125 ::f,1,14 f,2,1 f,13,2 f,15,12 
104:0,0 0.001 1 0 3,2 0.001 0 1 3,0 0.001 1 1 13.1368 170 0,13 0.001 0 -1 3,13 0.001 0 1 1,13 0.001 -1 -1 10.1456 140 14,2 0.001 -1 0 12,3 0.001 -1 0 14,0 0.001 1 0 11.1217 155 12,13 0.001 0 -1 13,12 0.001 1 1 14,12 0.002 0 -1 4.0925 125 ::f,1,14 f,2,1 f,13,2 f,15,12 
105:1,0 0.001 1 0 3,2 0.001 0 1 3,0 0.001 0 1 13.1378 170 0,12 0.001 0 -1 3,14 0.001 0 1 1,13 0.001 -1 -1 10.1476 140 14,2 0.001 -1 0 12,3 0.001 -1 -1 15,0 0.001 1 0 11.1227 155 12,13 0.001 0 -1 14,13 0.001 1 1 14,12 0.002 1 -1 4.0935 125 ::f,1,14 f,2,1 f,13,2 f,15,12 
106:2,0 0.001 1 0 3,2 0.001 0 1 3,1 0.001 0 1 13.1398 170 0,12 0.001 1 -1 3,14 0.001 0 1 1,13 0.001 0 -1 10.1476 140 14,2 0.001 -1 0 12,3 0.001 0 -1 15,0 0.001 1 1 11.1227 155 12,12 0.001 0 -1 15,14 0.001 1 1 14,12 0.002 1 0 4.0955 125 ::f,1,14 f,2,1 f,13,2 f,15,12 
107:2,0 0.001 1 0 3,2 0.001 0 1 3,1 0.001 0 1 13.1398 170 0,12 0.001 1 0 3,14 0.001 0 1 1,12 0.001 0 -1 10.1486 140 14,2 0.001 -1 0 12,2 0.001 0 -1 15,0 0.001 0 1 11.1237 155 12,12 0.001 1 -1 15,14 0.001 0 1 14,12 0.002 1 1 4.0955 125 ::f,1,14 f,2,1 f,13,2 f,15,12 
108:3,0 0.001 1 0 3,3 0.001 0 1 3,2 0.001 0 1 13.1428 170 0,12 0.001 1 1 3,15 0.001 0 1 1,12 0.001 1 -1 10.1496 140 14,2 0.001 -1 0 12,1 0.001 0 -1 15,1 0.001 0 1 11.1257 155 12,12 0.001 1 0 15,15 0.001 0 1 14,12 0.002 0 1 4.0965 125 ::f,1,14 f,2,1 f,13,2 f,15,12 
109:3,0 0.001 1 1 3,3 0.001 -1 1 3,2 0.001 0 1 13.1428 170 1,13 0.001 1 1 3,15 0.001 -1 1 1,12 0.001 1 0 10.1506 140 14,2 0.001 -1 0 12,0 0.001 0 -1 15,2 0.001 0 1 11.1277 155 13,12 0.001 1 0 15,15 0.001 -1 1 14,12 0.002 -1 1 4.0975 125 ::f,1,14 f,2,1 f,13,2 f,15,12 
110:3,0 0.001 0 1 3,3 0.001 -1 0 3,2 0.001 -1 1 13.1428 170 2,14 0.001 1 1 3,15 0.001 -1 0 2,12 0.001 1 0 10.1526 140 14,2 0.001 -1 0 12,0 0.001 1 -1 15,3 0.001 0 1 11.1287 155 13,12 0.001 1 0 15,15 0.001 -1 0 14,12 0.002 -1 0 4.0975 125 ::f,1,14 f,2,1 f,13,2 f,15,12 
111:3,1 0.001 0 1 2,3 0.001 -1 0 3,2 0.001 -1 0 13.1448 170 2,14 0.001 1 1 2,15 0.001 -1 0 3,12 0.001 1 0 10.1546 140 14,2 0.001 -1 0 12,0 0.001 1 0 15,3 0.001 -1 1 11.1287 155 13,12 0.001 1 1 14,15 0.001 -1 0 14,12 0.002 -1 -1 4.0985 125 ::f,1,14 f,2,1 f,13,2 f,15,12 
112:3,1 0.001 0 1 1,3 0.001 -1 0 2,2 0.001 -1 0 13.1468 170 3,15 0.001 1 1 1,15 0.001 -1 0 3,12 0.001 1 1 10.1566 140 14,2 0.001 -1 0 13,0 0.001 1 0 15,3 0.001 -1 0 11.1297 155 14,13 0.001 1 1 13,15 0.001 -1 0 14,12 0.002 0 -1 4.1005 125 ::f,1,14 f,2,1 f,13,2 f,15,12 
113:3,2 0.001 0 1 0,3 0.001 -1 0 2,2 0.001 -1 0 13.1488 170 3,15 0.001 0 1 0,15 0.001 -1 0 3,12 0.001 0 1 10.1576 140 14,2 0.001 -1 0 14,0 0.001 1 0 14,3 0.001 -1 0 11.1317 155 15,14 0.001 1 1 13,15 0.001 -1 0 14,12 0.002 1 -1 4.1015 125 ::f,1,14 f,2,1 f,13,2 f,15,12 
114:3,2 0.001 0 1 0,3 0.001 -1 -1 2,2 0.001 -1 0 13.1488 170 3,15 0.001 -1 1 0,15 0.001 -1 -1 3,13 0.001 0 1 10.1586 140 14,2 0.001 -1 0 14,0 0.001 1 0 13,3 0.001 -1 0 11.1327 155 15,14 0.001 0 1 12,15 0.001 -1 0 14,12 0.002 1 0 4.1025 125 ::f,1,14 f,2,1 f,13,2 f,15,12 
115:3,3 0.001 0 1 0,3 0.001 0 -1 1,2 0.001 -1 0 13.1508 170 3,15 0.001 -1 0 0,15 0.001 0 -1 3,14 0.001 0 1 10.1596 140 14,2 0.001 -1 0 15,0 0.001 1 0 12,3 0.001 -1 0 11.1347 155 15,15 0.001 0 1 12,15 0.001 -1 -1 14,12 0.002 1 1 4.1035 125 ::f,1,14 f,2,1 f,13,2 f,15,12 
116:3,3 0.001 -1 1 0,2 0.001 0 -1 1,2 0.001 -1 0 13.1518 170 2,15 0.001 -1 0 0,14 0.001 0 -1 3,14 0.001 0 1 10.1616 140 14,2 0.001 -1 0 15,0 0.001 1 1 12,3 0.001 -1 -1 11.1347 155 15,15 0.001 -1 1 12,15 0.001 0 -1 14,12 0.002 0 1 4.1035 125 ::f,1,14 f,2,1 f,13,2 f,15,12 
117:3,3 0.001 -1 0 0,1 0.001 0 -1 0,2 0.001 -1 0 13.1538 170 1,15 0.001 -1 0 0,13 0.001 0 -1 3,14 0.001 0 1 10.1636 140 14,2 0.001 -1 0 15,0 0.001 0 1 12,3 0.001 0 -1 11.1347 155 15,15 0.001 -1 0 12,14 0.001 0 -1 14,12 0.002 -1 1 4.1045 125 ::f,1,14 f,2,1 f,13,2 f,15,12 
118:2,3 0.001 -1 0 0,1 0.001 0 -1 0,2 0.001 -1 -1 13.1548 170 0,15 0.001 -1 0 0,12 0.001 0 -1 3,15 0.001 0 1 10.1666 140 14,2 0.001 -1 0 15,1 0.001 0 1 12,2 0.001 0 -1 11.1367 155 14,15 0.001 -1 0 12,13 0.001 0 -1 14,12 0.002 -1 0 4.1065 125 ::f,1,14 f,2,1 f,13,2 f,15,12 
119:1,3 0.001 -1 0 0,1 0.001 0 -1 0,2 0.001 0 -1 13.1558 170 0,15 0.001 -1 -1 0,12 0.001 1 -1 3,15 0.001 -1 1 10.1666 140 14,2 0.001 -1 0 15,2 0.001 0 1 12,1 0.001 0 -1 11.1387 155 13,15 0.001 -1 0 12,13 0.001 0 -1 14,12 0.002 -1 -1 4.1075 125 ::f,1,14 f,2,1 f,13,2 f,15,12 
120:0,3 0.001 -1 0 0,1 0.001 0 -1 0,2 0.001 1 -1 13.1568 170 0,15 0.001 0 -1 0,12 0.001 1 0 3,15 0.001 -1 0 10.1666 140 14,2 0.001 -1 0 15,2 0.001 0 1 12,0 0.001 0 -1 11.1397 155 12,15 0.001 -1 0 12,12 0.001 0 -1 14,12 0.002 0 -1 4.1095 125 ::f,1,14 f,2,1 f,13,2 f,15,12 
121:0,3 0.001 -1 -1 0,0 0.001 0 -1 1,1 0.001 1 -1 13.1588 170 0,14 0.001 0 -1 1,12 0.001 1 0 2,15 0.001 -1 0 10.1696 140 14,2 0.001 -1 0 15,3 0.001 0 1 12,0 0.001 1 -1 11.1407 155 12,15 0.001 -1 -1 12,12 0.001 1 -1 14,12 0.002 1 -1 4.1095 125 ::f,1,14 f,2,1 f,13,2 f,15,12 
122:0,3 0.001 0 -1 0,0 0.001 1 -1 1,1 0.001 1 -1 13.1588 170 0,13 0.001 0 -1 2,12 0.001 1 0 1,15 0.001 -1 0 10.1726 140 14,2 0.001 -1 0 15,3 0.001 -1 1 12,0 0.001 1 0 11.1407 155 12,15 0.001 0 -1 12,12 0.001 1 0 14,12 0.002 1 0 4.1095 125 ::f,1,14 f,2,1 f,13,2 f,15,12 
123:0,2 0.001 0 -1 0,0 0.001 1 0 1,1 0.001 1 -1 13.1598 170 0,13 0.001 0 -1 3,12 0.001 1 0 0,15 0.001 -1 0 10.1746 140 14,2 0.001 -1 0 15,3 0.001 -1 0 13,0 0.001 1 0 11.1417 155 12,14 0.001 0 -1 13,12 0.001 1 0 14,12 0.002 1 1 4.1115 125 ::f,1,14 f,2,1 f,13,2 f,15,12 
124:0,1 0.001 0 -1 1,0 0.001 1 0 2,0 0.001 1 -1 13.1628 170 0,12 0.001 0 -1 3,12 0.001 1 1 0,15 0.001 -1 -1 10.1756 140 14,2 0.001 -1 0 14,3 0.001 -1 0 14,0 0.001 1 0 11.1437 155 12,13 0.001 0 -1 13,12 0.001 1 0 14,12 0.002 0 1 4.1125 125 ::f,1,14 f,2,1 f,13,2 f,15,12 
125:0,0 0.001 0 -1 1,0 0.001 1 0 2,0 0.001 1 0 13.1638 170 0,12 0.001 1 -1 3,12 0.001 0 1 0,15 0.001 0 -1 10.1756 140 14,2 0.001 -1 0 13,3 0.001 -1 0 14,0 0.001 1 0 11.1447 155 12,13 0.001 0 -1 13,12 0.001 1 1 14,12 0.002 -1 1 4.1125 125 ::f,1,14 f,2,1 f,13,2 f,15,12 
126:0,0 0.001 1 -1 1,0 0.001 1 1 3,0 0.001 1 0 13.1648 170 0,12 0.001 1 0 3,13 0.001 0 1 0,14 0.001 0 -1 10.1776 140 14,2 0.001 -1 0 12,3 0.001 -1 0 14,0 0.001 1 0 11.1457 155 12,12 0.001 0 -1 14,13 0.001 1 1 14,12 0.002 -1 0 4.1145 125 ::f,1,14 f,2,1 f,13,2 f,15,12 
127:0,0 0.001 1 0 1,0 0.001 1 1 3,0 0.001 1 1 13.1648 170 1,12 0.001 1 0 3,14 0.001 0 1 0,13 0.001 0 -1 10.1806 140 14,2 0.001 -1 0 12,3 0.001 -1 -1 15,0 0.001 1 0 11.1467 155 12,12 0.001 1 -1 15,14 0.001 1 1 14,12 0.002 -1 -1 4.1155 125 ::f,1,14 f,2,1 f,13,2 f,15,12 
128:0,0 0.001 1 1 1,0 0.001 1 1 3,0 0.001 0 1 13.1649 185 2,12 0.001 1 0 3,14 0.001 0 1 0,12 0.001 0 -1 10.1826 140 14,2 0.001 -1 0 12,3 0.001 0 -1 15,0 0.001 1 1 11.1467 155 12,12 0.001 1 0 15,14 0.001 0 1 14,12 0.002 0 -1 4.1155 125 ::f,0,3 f,1,14 f,13,2 f,15,12 
129:1,1 0.001 1 1 2,1 0.001 1 1 3,1 0.001 0 1 13.1679 185 2,12 0.001 1 0 3,15 0.001 0 1 0,12 0.001 1 -1 10.1836 140 14,2 0.001 -1 0 12,2 0.001 0 -1 15,0 0.001 0 1 11.1477 155 13,12 0.001 1 0 15,15 0.001 0 1 14,12 0.002 1 -1 4.1175 125 ::f,0,3 f,1,14 f,13,2 f,15,12 
130:2,2 0.001 1 1 3,2 0.001 1 1 3,1 0.001 0 1 13.1699 185 3,12 0.001 1 0 3,15 0.001 -1 1 0,12 0.001 1 0 10.1846 140 14,2 0.001 -1 0 12,1 0.001 0 -1 15,1 0.001 0 1 11.1497 155 13,12 0.001 1 0 15,15 0.001 -1 1 14,12 0.002 1 0 4.1175 125 ::f,0,3 f,1,14 f,13,2 f,15,12 
131:2,2 0.001 1 1 3,2 0.001 0 1 3,1 0.001 -1 1 13.1699 185 3,12 0.001 1 1 3,15 0.001 -1 0 1,12 0.001 1 0 10.1856 140 14,2 0.001 -1 0 12,1 0.001 0 -1 15,2 0.001 0 1 11.1507 155 13,12 0.001 1 1 15,15 0.001 -1 0 14,12 0.002 1 1 4.1175 125 ::f,0,3 f,1,14 f,13,2 f,15,12 
132:2,2 0.001 1 1 3,3 0.001 0 1 3,1 0.001 -1 0 13.1709 185 3,12 0.001 0 1 2,15 0.001 -1 0 2,12 0.001 1 0 10.1876 140 14,2 0.001 -1 0 12,0 0.001 0 -1 15,2 0.001 0 1 11.1517 155 14,13 0.001 1 1 14,15 0.001 -1 0 14,12 0.002 0 1 4.1195 125 ::f,0,3 f,1,14 f,13,2 f,15,12 
133:2,2 0.001 1 1 3,3 0.001 -1 1 2,1 0.001 -1 0 13.1719 185 3,13 0.001 0 1 1,15 0.001 -1 0 2,12 0.001 1 0 10.1896 140 14,2 0.001 -1 0 12,0 0.001 1 -1 15,3 0.001 0 1 11.1527 155 15,14 0.001 1 1 13,15 0.001 -1 0 14,12 0.002 -1 1 4.1215 125 ::f,0,3 f,1,14 f,13,2 f,15,12 
134:2,2 0.001 0 1 3,3 0.001 -1 0 2,1 0.001 -1 0 13.1719 185 3,14 0.001 0 1 0,15 0.001 -1 0 3,12 0.001 1 0 10.1926 140 14,2 0.001 -1 0 12,0 0.001 1 0 15,3 0.001 -1 1 11.1527 155 15,14 0.001 0 1 13,15 0.001 -1 0 14,12 0.002 -1 0 4.1215 125 ::f,0,3 f,1,14 f,13,2 f,15,12 
135:2,3 0.001 0 1 3,3 0.001 -1 -1 2,1 0.001 -1 0 13.1729 185 3,15 0.001 0 1 0,15 0.001 -1 -1 3,12 0.001 1 1 10.1936 140 14,2 0.001 -1 0 13,0 0.001 1 0 15,3 0.001 -1 0 11.1537 155 15,15 0.001 0 1 13,15 0.001 -1 0 14,12 0.002 -1 -1 4.1225 125 ::f,0,3 f,1,14 f,13,2 f,15,12 
136:2,3 0.001 -1 1 2,2 0.001 -1 -1 1,1 0.001 -1 0 13.1749 185 3,15 0.001 -1 1 0,15 0.001 0 -1 3,12 0.001 0 1 10.1936 140 14,2 0.001 -1 0 14,0 0.001 1 0 14,3 0.001 -1 0 11.1557 155 15,15 0.001 -1 1 13,15 0.001 -1 0 14,12 0.002 0 -1 4.1225 125 ::f,0,3 f,1,14 f,13,2 f,15,12 
137:2,3 0.001 -1 0 2,2 0.001 -1 -1 1,1 0.001 -1 0 13.1749 185 3,15 0.001 -1 0 0,14 0.001 0 -1 3,13 0.001 0 1 10.1956 140 14,2 0.001 -1 0 14,0 0.001 1 0 13,3 0.001 -1 0 11.1567 155 15,15 0.001 -1 0 13,15 0.001 -1 0 14,12 0.002 1 -1 4.1225 125 ::f,0,3 f,1,14 f,13,2 f,15,12 
138:1,3 0.001 -1 0 2,2 0.001 0 -1 1,1 0.001 -1 0 13.1759 185 2,15 0.001 -1 0 0,13 0.001 0 -1 3,14 0.001 0 1 10.1986 140 14,2 0.001 -1 0 15,0 0.001 1 0 12,3 0.001 -1 0 11.1587 155 14,15 0.001 -1 0 12,15 0.001 -1 0 14,12 0.002 1 0 4.1245 125 ::f,0,3 f,1,14 f,13,2 f,15,12 
139:1,3 0.001 -1 0 2,1 0.001 0 -1 0,1 0.001 -1 0 18.178 200 1,15 0.001 -1 0 0,12 0.001 0 -1 3,14 0.001 0 1 10.2006 140 14,2 0.001 -1 0 15,0 0.001 1 1 12,3 0.001 -1 -1 11.1587 155 13,15 0.001 -1 0 12,15 0.001 -1 -1 14,12 0.002 1 1 4.1255 125 ::f,0,0 f,1,14 f,13,2 f,15,12 
140:0,3 0.001 -1 0 2,0 0.001 0 -1 0,1 0.001 -1 -1 18.18 200 1,15 0.001 -1 0 0,12 0.001 1 -1 3,15 0.001 0 1 10.2016 140 14,2 0.001 -1 0 15,0 0.001 0 1 12,3 0.001 0 -1 11.1587 155 13,15 0.001 -1 0 12,15 0.001 0 -1 14,12 0.002 0 1 4.1255 125 ::f,0,0 f,1,14 f,13,2 f,15,12 
141:0,3 0.001 -1 -1 2,0 0.001 1 -1 0,1 0.001 0 -1 18.18 200 0,15 0.001 -1 0 0,12 0.001 1 0 3,15 0.001 -1 1 10.2026 140 14,2 0.001 -1 0 15,1 0.001 0 1 12,2 0.001 0 -1 11.1607 155 13,15 0.001 -1 -1 12,14 0.001 0 -1 14,12 0.002 -1 1 4.1265 125 ::f,0,0 f,1,14 f,13,2 f,15,12 
142:0,3 0.001 0 -1 2,0 0.001 1 0 0,1 0.001 0 -1 18.18 200 0,15 0.001 -1 -1 1,12 0.001 1 0 3,15 0.001 -1 0 10.2036 140 14,2 0.001 -1 0 15,2 0.001 0 1 12,1 0.001 0 -1 11.1627 155 13,15 0.001 0 -1 12,13 0.001 0 -1 14,12 0.002 -1 0 4.1275 125 ::f,0,0 f,1,14 f,13,2 f,15,12 
143:0,2 0.001 0 -1 3,0 0.001 1 0 0,1 0.001 0 -1 18.182 200 0,15 0.001 0 -1 2,12 0.001 1 0 2,15 0.001 -1 0 10.2056 140 14,2 0.001 -1 0 15,3 0.001 0 1 12,0 0.001 0 -1 11.1647 155 13,14 0.001 0 -1 12,13 0.001 0 -1 14,12 0.002 -1 -1 4.1285 125 ::f,0,0 f,1,14 f,13,2 f,15,12 
144:0,2 0.001 0 -1 3,0 0.001 1 1 0,1 0.001 0 -1 21.1821 215 0,14 0.001 0 -1 2,12 0.001 1 0 1,15 0.001 -1 0 10.2076 140 14,2 0.001 -1 0 15,3 0.001 -1 1 12,0 0.001 1 -1 11.1647 155 13,13 0.001 0 -1 12,13 0.001 0 -1 14,12 0.002 0 -1 4.1295 125 ::f,1,14 f,3,3 f,13,2 f,15,12 
145:0,2 0.001 1 -1 3,0 0.001 0 1 0,0 0.001 0 -1 21.1831 215 0,13 0.001 0 -1 3,12 0.001 1 0 1,15 0.001 -1 0 10.2096 140 14,2 0.001 -1 0 15,3 0.001 -1 0 12,0 0.001 1 0 11.1647 155 13,13 0.001 0 -1 12,13 0.001 0 -1 14,12 0.002 1 -1 4.1295 125 ::f,1,14 f,3,3 f,13,2 f,15,12 
146:1,1 0.001 1 -1 3,1 0.001 0 1 0,0 0.001 1 -1 21.1851 215 0,12 0.001 0 -1 3,12 0.001 1 1 0,15 0.001 -1 0 10.2116 140 14,2 0.001 -1 0 14,3 0.001 -1 0 13,0 0.001 1 0 11.1667 155 13,13 0.001 0 -1 12,12 0.001 0 -1 14,12 0.002 1 0 4.1305 125 ::f,1,14 f,3,3 f,13,2 f,15,12 
147:2,0 0.001 1 -1 3,2 0.001 0 1 0,0 0.001 1 0 21.1871 215 0,12 0.001 1 -1 3,12 0.001 0 1 0,15 0.001 -1 -1 10.2116 140 14,2 0.001 -1 0 13,3 0.001 -1 0 14,0 0.001 1 0 11.1687 155 13,12 0.001 0 -1 12,12 0.001 1 -1 14,12 0.002 1 1 4.1315 125 ::f,1,14 f,3,3 f,13,2 f,15,12 
148:2,0 0.001 1 0 3,2 0.001 0 1 1,0 0.001 1 0 22.1882 230 0,12 0.001 1 0 3,13 0.001 0 1 0,15 0.001 0 -1 10.2126 140 14,2 0.001 -1 0 13,3 0.001 -1 0 14,0 0.001 1 0 11.1687 155 13,12 0.001 1 -1 12,12 0.001 1 0 14,12 0.002 0 1 4.1315 125 ::f,0,1 f,1,14 f,13,2 f,15,12 
149:3,0 0.001 1 0 3,3 0.001 0 1 2,0 0.001 1 0 22.1912 230 1,12 0.001 1 0 3,14 0.001 0 1 0,14 0.001 0 -1 10.2156 140 14,2 0.001 -1 0 12,3 0.001 -1 0 14,0 0.001 1 0 11.1697 155 13,12 0.001 1 0 12,12 0.001 1 1 14,12 0.002 -1 1 4.1315 125 ::f,0,1 f,1,14 f,13,2 f,15,12 
150:3,0 0.001 1 1 3,3 0.001 -1 1 2,0 0.001 1 0 22.1912 230 2,12 0.001 1 0 3,15 0.001 0 1 0,13 0.001 0 -1 10.2186 140 14,2 0.001 -1 0 12,3 0.001 -1 -1 15,0 0.001 1 0 11.1707 155 13,12 0.001 1 1 13,13 0.001 1 1 14,12 0.002 -1 0 4.1325 125 ::f,0,1 f,1,14 f,13,2 f,15,12 
151:3,0 0.001 0 1 3,3 0.001 -1 0 2,0 0.001 1 1 22.1912 230 3,12 0.001 1 0 3,15 0.001 -1 1 0,13 0.001 0 -1 10.2196 140 14,2 0.001 -1 0 12,3 0.001 0 -1 15,0 0.001 1 1 11.1707 155 14,13 0.001 1 1 13,13 0.001 1 1 14,12 0.002 -1 -1 4.1335 125 ::f,0,1 f,1,14 f,13,2 f,15,12 
152:3,1 0.001 0 1 2,3 0.001 -1 0 2,0 0.001 0 1 22.1932 230 3,12 0.001 1 1 3,15 0.001 -1 0 0,12 0.001 0 -1 10.2206 140 14,2 0.001 -1 0 12,2 0.001 0 -1 15,0 0.001 0 1 11.1717 155 15,14 0.001 1 1 14,14 0.001 1 1 14,12 0.002 0 -1 4.1355 125 ::f,0,1 f,1,14 f,13,2 f,15,12 
153:3,2 0.001 0 1 1,3 0.001 -1 0 2,1 0.001 0 1 22.1962 230 3,12 0.001 0 1 2,15 0.001 -1 0 0,12 0.001 1 -1 10.2216 140 14,2 0.001 -1 0 12,1 0.001 0 -1 15,1 0.001 0 1 11.1737 155 15,14 0.001 0 1 15,15 0.001 1 1 14,12 0.002 1 -1 4.1365 125 ::f,0,1 f,1,14 f,13,2 f,15,12 
154:3,3 0.001 0 1 1,3 0.001 -1 0 2,2 0.001 0 1 22.1982 230 3,13 0.001 0 1 1,15 0.001 -1 0 0,12 0.001 1 0 10.2236 140 14,2 0.001 -1 0 12,0 0.001 0 -1 15,2 0.001 0 1 11.1757 155 15,14 0.001 -1 1 15,15 0.001 0 1 14,12 0.002 1 0 4.1365 125 ::f,0,1 f,1,14 f,13,2 f,15,12 
155:3,3 0.001 -1 1 0,3 0.001 -1 0 2,2 0.001 0 1 22.1992 230 3,14 0.001 0 1 0,15 0.001 -1 0 1,12 0.001 1 0 10.2266 140 14,2 0.001 -1 0 12,0 0.001 1 -1 15,3 0.001 0 1 11.1767 155 14,15 0.001 -1 1 15,15 0.001 -1 1 14,12 0.002 1 1 4.1375 125 ::f,0,1 f,1,14 f,13,2 f,15,12 
156:3,3 0.001 -1 0 0,3 0.001 -1 -1 2,3 0.001 0 1 22.2002 230 3,14 0.001 0 1 0,15 0.001 -1 -1 2,12 0.001 1 0 10.2276 140 14,2 0.001 -1 0 12,0 0.001 1 0 15,3 0.001 -1 1 11.1767 155 14,15 0.001 -1 0 15,15 0.001 -1 0 14,12 0.002 0 1 4.1375 125 ::f,0,1 f,1,14 f,13,2 f,15,12 
157:3,3 0.001 -1 -1 0,3 0.001 0 -1 2,3 0.001 -1 1 22.2002 230 3,14 0.001 0 1 0,15 0.001 0 -1 3,12 0.001 1 0 10.2286 140 14,2 0.001 -1 0 13,0 0.001 1 0 15,3 0.001 -1 0 11.1777 155 13,15 0.001 -1 0 14,15 0.001 -1 0 14,12 0.002 -1 1 4.1395 125 ::f,0,1 f,1,14 f,13,2 f,15,12 
158:2,2 0.001 -1 -1 0,2 0.001 0 -1 2,3 0.001 -1 0 22.2022 230 3,15 0.001 0 1 0,14 0.001 0 -1 3,12 0.001 1 1 10.2306 140 14,2 0.001 -1 0 14,0 0.001 1 0 14,3 0.001 -1 0 11.1797 155 13,15 0.001 -1 0 14,15 0.001 -1 0 14,12 0.002 -1 0 4.1395 125 ::f,0,1 f,1,14 f,13,2 f,15,12 
159:1,1 0.001 -1 -1 0,2 0.001 0 -1 1,3 0.001 -1 0 24.2043 245 3,15 0.001 -1 1 0,13 0.001 0 -1 3,12 0.001 0 1 10.2316 140 14,2 0.001 -1 0 15,0 0.001 1 0 13,3 0.001 -1 0 11.1817 155 12,15 0.001 -1 0 13,15 0.001 -1 0 14,12 0.002 -1 -1 4.1415 125 ::f,1,14 f,2,2 f,13,2 f,15,12 
160:0,0 0.001 -1 -1 0,1 0.001 0 -1 0,3 0.001 -1 0 24.2073 245 3,15 0.001 -1 0 0,12 0.001 0 -1 3,13 0.001 0 1 10.2336 140 14,2 0.001 -1 0 15,0 0.001 1 1 12,3 0.001 -1 0 11.1827 155 12,15 0.001 -1 -1 13,15 0.001 -1 0 14,12 0.002 0 -1 4.1415 125 ::f,1,14 f,2,2 f,13,2 f,15,12 
161:0,0 0.001 0 -1 0,1 0.001 0 -1 0,3 0.001 -1 -1 24.2073 245 2,15 0.001 -1 0 0,12 0.001 1 -1 3,14 0.001 0 1 10.2356 140 14,2 0.001 -1 0 15,0 0.001 0 1 12,3 0.001 -1 -1 11.1827 155 12,15 0.001 0 -1 13,15 0.001 -1 -1 14,12 0.002 1 -1 4.1415 125 ::f,1,14 f,2,2 f,13,2 f,15,12 
162:0,0 0.001 1 -1 0,1 0.001 1 -1 0,3 0.001 0 -1 24.2073 245 1,15 0.001 -1 0 0,12 0.001 1 0 3,14 0.001 0 1 10.2366 140 14,2 0.001 -1 0 15,1 0.001 0 1 12,3 0.001 0 -1 11.1837 155 12,14 0.001 0 -1 13,15 0.001 0 -1 14,12 0.002 1 0 4.1425 125 ::f,1,14 f,2,2 f,13,2 f,15,12 
163:0,0 0.001 1 0 1,0 0.001 1 -1 0,2 0.001 0 -1 24.2093 245 0,15 0.001 -1 0 1,12 0.001 1 0 3,14 0.001 0 1 10.2386 140 14,2 0.001 -1 0 15,2 0.001 0 1 12,2 0.001 0 -1 11.1857 155 12,13 0.001 0 -1 13,14 0.001 0 -1 14,12 0.002 1 1 4.1445 125 ::f,1,14 f,2,2 f,13,2 f,15,12 
164:0,0 0.001 1 1 1,0 0.001 1 0 0,1 0.001 0 -1 24.2103 245 0,15 0.001 -1 -1 2,12 0.001 1 0 3,15 0.001 0 1 10.2406 140 14,2 0.001 -1 0 15,2 0.001 0 1 12,1 0.001 0 -1 11.1867 155 12,12 0.001 0 -1 13,13 0.001 0 -1 14,12 0.002 0 1 4.1465 125 ::f,1,14 f,2,2 f,13,2 f,15,12 
165:1,1 0.001 1 1 2,0 0.001 1 0 0,1 0.001 0 -1 24.2123 245 0,15 0.001 0 -1 2,12 0.001 1 0 3,15 0.001 -1 1 10.2406 140 14,2 0.001 -1 0 15,3 0.001 0 1 12,0 0.001 0 -1 11.1887 155 12,12 0.001 1 -1 13,12 0.001 0 -1 14,12 0.002 -1 1 4.1475 125 ::f,1,14 f,2,2 f,13,2 f,15,12 
166:1,1 0.001 1 1 3,0 0.001 1 0 0,1 0.001 0 -1 30.2134 260 0,14 0.001 0 -1 3,12 0.001 1 0 3,15 0.001 -1 0 10.2426 140 14,2 0.001 -1 0 15,3 0.001 -1 1 12,0 0.001 1 -1 11.1887 155 12,12 0.001 1 0 13,12 0.001 1 -1 14,12 0.002 -1 0 4.1475 125 ::f,0,3 f,1,14 f,13,2 f,15,12 
167:2,2 0.001 1 1 3,0 0.001 1 1 0,0 0.001 0 -1 30.2154 260 0,13 0.001 0 -1 3,12 0.001 1 1 2,15 0.001 -1 0 10.2446 140 14,2 0.001 -1 0 15,3 0.001 -1 0 12,0 0.001 1 0 11.1887 155 12,12 0.001 1 1 13,12 0.001 1 0 14,12 0.002 -1 -1 4.1475 125 ::f,0,3 f,1,14 f,13,2 f,15,12 
168:2,2 0.001 1 1 3,0 0.001 0 1 0,0 0.001 1 -1 30.2154 260 0,13 0.001 0 -1 3,12 0.001 0 1 1,15 0.001 -1 0 10.2456 140 14,2 0.001 -1 0 14,3 0.001 -1 0 13,0 0.001 1 0 11.1907 155 13,13 0.001 1 1 13,12 0.001 1 1 14,12 0.002 0 -1 4.1485 125 ::f,0,3 f,1,14 f,13,2 f,15,12 
169:2,2 0.001 1 1 3,1 0.001 0 1 0,0 0.001 1 0 30.2164 260 0,12 0.001 0 -1 3,13 0.001 0 1 0,15 0.001 -1 0 10.2486 140 14,2 0.001 -1 0 13,3 0.001 -1 0 14,0 0.001 1 0 11.1927 155 13,13 0.001 1 1 14,13 0.001 1 1 14,12 0.002 1 -1 4.1495 125 ::f,0,3 f,1,14 f,13,2 f,15,12 
170:3,3 0.001 1 1 3,2 0.001 0 1 1,0 0.001 1 0 30.2194 260 0,12 0.001 1 -1 3,14 0.001 0 1 0,15 0.001 -1 -1 10.2496 140 14,2 0.001 -1 0 13,3 0.001 -1 0 15,0 0.001 1 0 11.1937 155 13,13 0.001 1 1 15,14 0.001 1 1 14,12 0.002 1 0 4.1505 125 ::f,0,3 f,1,14 f,13,2 f,15,12 
171:3,3 0.001 0 1 3,2 0.001 0 1 2,0 0.001 1 0 30.2204 260 0,12 0.001 1 0 3,15 0.001 0 1 0,15 0.001 0 -1 10.2506 140 14,2 0.001 -1 0 13,3 0.001 -1 0 15,0 0.001 1 1 11.1937 155 13,13 0.001 1 1 15,14 0.001 0 1 14,12 0.002 1 1 4.1505 125 ::f,0,3 f,1,14 f,13,2 f,15,12 
172:3,3 0.001 -1 1 3,2 0.001 -1 1 3,0 0.001 1 0 30.2214 260 1,12 0.001 1 0 3,15 0.001 -1 1 0,14 0.001 0 -1 10.2526 140 14,2 0.001 -1 0 13,3 0.001 -1 0 15,0 0.001 0 1 11.1937 155 14,14 0.001 1 1 15,15 0.001 0 1 14,12 0.002 0 1 4.1525 125 ::f,0,3 f,1,14 f,13,2 f,15,12 
173:3,3 0.001 -1 0 2,3 0.001 -1 1 3,0 0.001 1 1 30.2224 260 2,12 0.001 1 0 3,15 0.001 -1 0 0,13 0.001 0 -1 10.2546 140 14,2 0.001 -1 0 13,3 0.001 -1 0 15,1 0.001 0 1 11.1947 155 14,14 0.001 1 1 15,15 0.001 -1 1 14,12 0.002 -1 1 4.1525 125 ::f,0,3 f,1,14 f,13,2 f,15,12 
174:3,3 0.001 -1 -1 2,3 0.001 -1 0 3,0 0.001 0 1 30.2224 260 2,12 0.001 1 0 2,15 0.001 -1 0 0,12 0.001 0 -1 10.2566 140 14,2 0.001 -1 0 12,3 0.001 -1 0 15,2 0.001 0 1 11.1967 155 14,14 0.001 0 1 15,15 0.001 -1 0 14,12 0.002 -1 0 4.1525 125 ::f,0,3 f,1,14 f,13,2 f,15,12 
175:2,2 0.001 -1 -1 1,3 0.001 -1 0 3,1 0.001 0 1 30.2254 260 3,12 0.001 1 0 1,15 0.001 -1 0 0,12 0.001 1 -1 10.2586 140 14,2 0.001 -1 0 12,3 0.001 -1 -1 15,3 0.001 0 1 11.1977 155 14,15 0.001 0 1 15,15 0.001 -1 -1 14,12 0.002 -1 -1 4.1535 125 ::f,0,3 f,1,14 f,13,2 f,15,12 
176:1,1 0.001 -1 -1 1,3 0.001 -1 0 3,2 0.001 0 1 33.2275 275 3,12 0.001 1 1 0,15 0.001 -1 0 0,12 0.001 1 0 10.2596 140 14,2 0.001 -1 0 12,3 0.001 0 -1 15,3 0.001 -1 1 11.1977 155 14,15 0.001 -1 1 14,14 0.001 -1 -1 14,12 0.002 0 -1 4.1545 125 ::f,1,14 f,3,0 f,13,2 f,15,12 
177:1,1 0.001 -1 -1 0,3 0.001 -1 0 3,2 0.001 0 1 33.2285 275 3,12 0.001 0 1 0,15 0.001 -1 -1 1,12 0.001 1 0 10.2606 140 14,2 0.001 -1 0 12,2 0.001 0 -1 15,3 0.001 -1 0 11.1987 155 14,15 0.001 -1 0 13,13 0.001 -1 -1 14,12 0.002 1 -1 4.1555 125 ::f,1,14 f,3,0 f,13,2 f,15,12 
178:1,1 0.001 -1 -1 0,3 0.001 -1 -1 3,2 0.001 0 1 33.2285 275 3,13 0.001 0 1 0,15 0.001 0 -1 2,12 0.001 1 0 10.2626 140 14,2 0.001 -1 0 12,1 0.001 0 -1 14,3 0.001 -1 0 11.2007 155 13,15 0.001 -1 0 13,13 0.001 -1 -1 14,12 0.002 1 0 4.1565 125 ::f,1,14 f,3,0 f,13,2 f,15,12 
179:1,1 0.001 -1 -1 0,3 0.001 0 -1 3,3 0.001 0 1 33.2295 275 3,14 0.001 0 1 0,14 0.001 0 -1 2,12 0.001 1 0 10.2646 140 14,2 0.001 -1 0 12,0 0.001 0 -1 13,3 0.001 -1 0 11.2027 155 12,15 0.001 -1 0 13,13 0.001 -1 -1 14,12 0.002 1 1 4.1575 125 ::f,1,14 f,3,0 f,13,2 f,15,12 
180:0,0 0.001 -1 -1 0,2 0.001 0 -1 3,3 0.001 -1 1 33.2315 275 3,14 0.001 0 1 0,13 0.001 0 -1 3,12 0.001 1 0 10.2666 140 14,2 0.001 -1 0 12,0 0.001 1 -1 12,3 0.001 -1 0 11.2037 155 12,15 0.001 -1 -1 13,13 0.001 -1 -1 14,12 0.002 0 1 4.1575 125 ::f,1,14 f,3,0 f,13,2 f,15,12 
181:0,0 0.001 0 -1 0,1 0.001 0 -1 3,3 0.001 -1 0 33.2325 275 3,15 0.001 0 1 0,12 0.001 0 -1 3,12 0.001 1 1 10.2686 140 14,2 0.001 -1 0 12,0 0.001 1 0 12,3 0.001 -1 -1 11.2037 155 12,15 0.001 0 -1 13,13 0.001 -1 -1 14,12 0.002 -1 1 4.1575 125 ::f,1,14 f,3,0 f,13,2 f,15,12 
182:0,0 0.001 1 -1 0,1 0.001 0 -1 2,3 0.001 -1 0 33.2335 275 3,15 0.001 -1 1 0,12 0.001 1 -1 3,12 0.001 0 1 10.2686 140 14,2 0.001 -1 0 13,0 0.001 1 0 12,3 0.001 0 -1 11.2047 155 12,14 0.001 0 -1 12,12 0.001 -1 -1 14,12 0.002 -1 0 4.1595 125 ::f,1,14 f,3,0 f,13,2 f,15,12 
183:0,0 0.001 1 0 0,1 0.001 1 -1 1,3 0.001 -1 0 33.2345 275 3,15 0.001 -1 0 0,12 0.001 1 0 3,13 0.001 0 1 10.2696 140 14,2 0.001 -1 0 14,0 0.001 1 0 12,2 0.001 0 -1 11.2067 155 12,13 0.001 0 -1 12,12 0.001 0 -1 14,12 0.002 -1 -1 4.1605 125 ::f,1,14 f,3,0 f,13,2 f,15,12 
184:1,0 0.001 1 0 0,1 0.001 1 0 0,3 0.001 -1 0 33.2365 275 2,15 0.001 -1 0 1,12 0.001 1 0 3,14 0.001 0 1 10.2726 140 14,2 0.001 -1 0 14,0 0.001 1 0 12,1 0.001 0 -1 11.2077 155 12,13 0.001 0 -1 12,12 0.001 1 -1 14,12 0.002 0 -1 4.1605 125 ::f,1,14 f,3,0 f,13,2 f,15,12 
185:2,0 0.001 1 0 1,1 0.001 1 0 0,3 0.001 -1 -1 33.2385 275 1,15 0.001 -1 0 2,12 0.001 1 0 3,14 0.001 0 1 10.2746 140 14,2 0.001 -1 0 14,0 0.001 1 0 12,0 0.001 0 -1 11.2087 155 12,13 0.001 1 -1 12,12 0.001 1 0 14,12 0.002 1 -1 4.1605 125 ::f,1,14 f,3,0 f,13,2 f,15,12 
186:2,0 0.001 1 0 1,1 0.001 1 0 0,3 0.001 0 -1 40.2386 290 0,15 0.001 -1 0 2,12 0.001 1 0 3,15 0.001 0 1 10.2766 140 14,2 0.001 -1 0 15,0 0.001 1 0 12,0 0.001 1 -1 11.2097 155 13,12 0.001 1 -1 12,12 0.001 1 1 14,12 0.002 1 0 4.1615 125 ::f,1,14 f,2,2 f,13,2 f,15,12 
187:3,0 0.001 1 0 2,1 0.001 1 0 0,2 0.001 0 -1 40.2416 290 0,15 0.001 -1 -1 3,12 0.001 1 0 3,15 0.001 -1 1 10.2776 140 14,2 0.001 -1 0 15,0 0.001 1 1 12,0 0.001 1 0 11.2097 155 13,12 0.001 1 0 13,13 0.001 1 1 14,12 0.002 1 1 4.1625 125 ::f,1,14 f,2,2 f,13,2 f,15,12 
188:3,0 0.001 1 1 3,1 0.001 1 0 0,1 0.001 0 -1 40.2436 290 0,15 0.001 0 -1 3,12 0.001 1 1 3,15 0.001 -1 0 10.2776 140 14,2 0.001 -1 0 15,0 0.001 0 1 13,0 0.001 1 0 11.2107 155 13,12 0.001 1 1 14,14 0.001 1 1 14,12 0.002 0 1 4.1635 125 ::f,1,14 f,2,2 f,13,2 f,15,12 
189:3,0 0.001 0 1 3,1 0.001 1 1 0,1 0.001 0 -1 40.2436 290 0,14 0.001 0 -1 3,12 0.001 0 1 2,15 0.001 -1 0 10.2796 140 14,2 0.001 -1 0 15,1 0.001 0 1 14,0 0.001 1 0 11.2127 155 14,13 0.001 1 1 14,14 0.001 1 1 14,12 0.002 -1 1 4.1645 125 ::f,1,14 f,2,2 f,13,2 f,15,12 
190:3,0 0.001 -1 1 3,1 0.001 0 1 0,0 0.001 0 -1 40.2446 290 0,13 0.001 0 -1 3,13 0.001 0 1 1,15 0.001 -1 0 10.2826 140 14,2 0.001 -1 0 15,2 0.001 0 1 15,0 0.001 1 0 11.2147 155 14,13 0.001 1 1 14,14 0.001 1 1 14,12 0.002 -1 0 4.1645 125 ::f,1,14 f,2,2 f,13,2 f,15,12 
191:2,1 0.001 -1 1 3,2 0.001 0 1 0,0 0.001 1 -1 40.2466 290 0,12 0.001 0 -1 3,14 0.001 0 1 0,15 0.001 -1 0 10.2856 140 14,2 0.001 -1 0 15,2 0.001 0 1 15,0 0.001 1 1 11.2147 155 14,13 0.001 1 1 15,15 0.001 1 1 14,12 0.002 -1 -1 4.1655 125 ::f,1,14 f,2,2 f,13,2 f,15,12 
192:1,2 0.001 -1 1 3,3 0.001 0 1 0,0 0.001 1 0 40.2486 290 0,12 0.001 1 -1 3,14 0.001 0 1 0,15 0.001 -1 -1 10.2856 140 14,2 0.001 -1 0 15,3 0.001 0 1 15,0 0.001 0 1 11.2157 155 14,13 0.001 1 1 15,15 0.001 0 1 14,12 0.002 0 -1 4.1655 125 ::f,1,14 f,2,2 f,13,2 f,15,12 
193:1,2 0.001 -1 1 3,3 0.001 -1 1 1,0 0.001 1 0 40.2496 290 0,12 0.001 1 0 3,15 0.001 0 1 0,15 0.001 0 -1 10.2866 140 14,2 0.001 -1 0 15,3 0.001 -1 1 15,1 0.001 0 1 11.2167 155 15,14 0.001 1 1 15,15 0.001 -1 1 14,12 0.002 1 -1 4.1665 125 ::f,1,14 f,2,2 f,13,2 f,15,12 
194:1,2 0.001 -1 1 3,3 0.001 -1 0 2,0 0.001 1 0 40.2506 290 1,12 0.001 1 0 3,15 0.001 -1 1 0,14 0.001 0 -1 10.2886 140 14,2 0.001 -1 0 15,3 0.001 -1 0 15,2 0.001 0 1 11.2177 155 15,14 0.001 0 1 15,15 0.001 -1 0 14,12 0.002 1 0 4.1665 125 ::f,1,14 f,2,2 f,13,2 f,15,12 
195:1,2 0.001 -1 1 2,3 0.001 -1 0 3,0 0.001 1 0 40.2526 290 2,12 0.001 1 0 3,15 0.001 -1 0 0,13 0.001 0 -1 10.2906 140 14,2 0.001 -1 0 14,3 0.001 -1 0 15,2 0.001 0 1 11.2187 155 15,14 0.001 -1 1 14,15 0.001 -1 0 14,12 0.002 1 1 4.1675 125 ::f,1,14 f,2,2 f,13,2 f,15,12 
196:1,2 0.001 -1 1 1,3 0.001 -1 0 3,0 0.001 1 1 40.2536 290 2,12 0.001 1 0 2,15 0.001 -1 0 0,12 0.001 0 -1 10.2926 140 14,2 0.001 -1 0 13,3 0.001 -1 0 15,3 0.001 0 1 11.2207 155 15,14 0.001 -1 0 13,15 0.001 -1 0 14,12 0.002 0 1 4.1685 125 ::f,1,14 f,2,2 f,13,2 f,15,12 
197:0,3 0.001 -1 1 1,3 0.001 -1 0 3,0 0.001 0 1 40.2546 290 3,12 0.001 1 0 1,15 0.001 -1 0 0,12 0.001 1 -1 10.2946 140 14,2 0.001 -1 0 12,3 0.001 -1 0 15,3 0.001 -1 1 11.2217 155 14,14 0.001 -1 0 13,15 0.001 -1 0 14,12 0.002 -1 1 4.1695 125 ::f,1,14 f,2,2 f,13,2 f,15,12 
198:0,3 0.001 -1 0 1,3 0.001 -1 -1 3,1 0.001 0 1 40.2556 290 3,12 0.001 1 1 0,15 0.001 -1 0 0,12 0.001 1 0 10.2956 140 14,2 0.001 -1 0 12,3 0.001 -1 -1 15,3 0.001 -1 0 11.2217 155 13,14 0.001 -1 0 13,15 0.001 -1 0 14,12 0.002 -1 0 4.1705 125 ::f,1,14 f,2,2 f,13,2 f,15,12 
199:0,3 0.001 -1 -1 0,2 0.001 -1 -1 3,2 0.001 0 1 40.2576 290 3,12 0.001 0 1 0,15 0.001 -1 -1 1,12 0.001 1 0 10.2966 140 14,2 0.001 -1 0 12,3 0.001 0 -1 14,3 0.001 -1 0 11.2227 155 13,14 0.001 -1 0 12,15 0.001 -1 0 14,12 0.002 -1 -1 4.1715 125 ::f,1,14 f,2,2 f,13,2 f,15,12 
200:0,3 0.001 0 -1 0,2 0.001 0 -1 3,3 0.001 0 1 40.2586 290 3,13 0.001 0 1 0,15 0.001 0 -1 2,12 0.001 1 0 10.2986 140 14,2 0.001 -1 0 12,2 0.001 0 -1 13,3 0.001 -1 0 11.2247 155 13,14 0.001 -1 0 12,15 0.001 -1 -1 14,12 0.002 0 -1 4.1715 125 ::f,1,14 f,2,2 f,13,2 f,15,12 
201:0,3 0.001 1 -1 0,1 0.001 0 -1 3,3 0.001 -1 1 40.2596 290 3,14 0.001 0 1 0,14 0.001 0 -1 3,12 0.001 1 0 10.3016 140 14,2 0.001 -1 0 12,1 0.001 0 -1 12,3 0.001 -1 0 11.2267 155 13,14 0.001 -1 0 12,15 0.001 0 -1 14,12 0.002 1 -1 4.1715 125 ::f,1,14 f,2,2 f,13,2 f,15,12 
202:1,2 0.001 1 -1 0,1 0.001 0 -1 3,3 0.001 -1 0 40.2606 290 3,14 0.001 0 1 0,13 0.001 0 -1 3,12 0.001 1 1 10.3026 140 14,2 0.001 -1 0 12,0 0.001 0 -1 12,3 0.001 -1 -1 11.2277 155 13,14 0.001 -1 0 12,14 0.001 0 -1 14,12 0.002 1 0 4.1725 125 ::f,1,14 f,2,2 f,13,2 f,15,12 
203:1,2 0.001 1 -1 0,0 0.001 0 -1 2,3 0.001 -1 0 40.2626 290 3,15 0.001 0 1 0,13 0.001 0 -1 3,12 0.001 0 1 10.3036 140 14,2 0.001 -1 0 12,0 0.001 1 -1 12,3 0.001 0 -1 11.2277 155 13,14 0.001 -1 0 12,13 0.001 0 -1 14,12 0.002 1 1 4.1735 125 ::f,1,14 f,2,2 f,13,2 f,15,12 
204:2,1 0.001 1 -1 0,0 0.001 1 -1 1,3 0.001 -1 0 40.2646 290 3,15 0.001 -1 1 0,12 0.001 0 -1 3,13 0.001 0 1 10.3056 140 14,2 0.001 -1 0 12,0 0.001 1 0 12,2 0.001 0 -1 11.2287 155 12,14 0.001 -1 0 12,13 0.001 0 -1 14,12 0.002 0 1 4.1745 125 ::f,1,14 f,2,2 f,13,2 f,15,12 
205:3,0 0.001 1 -1 0,0 0.001 1 0 0,3 0.001 -1 0 40.2666 290 3,15 0.001 -1 0 0,12 0.001 1 -1 3,14 0.001 0 1 10.3066 140 14,2 0.001 -1 0 13,0 0.001 1 0 12,1 0.001 0 -1 11.2307 155 12,14 0.001 -1 -1 12,12 0.001 0 -1 14,12 0.002 -1 1 4.1755 125 ::f,1,14 f,2,2 f,13,2 f,15,12 
206:3,0 0.001 1 0 1,0 0.001 1 0 0,3 0.001 -1 -1 40.2676 290 2,15 0.001 -1 0 0,12 0.001 1 0 3,14 0.001 0 1 10.3076 140 14,2 0.001 -1 0 14,0 0.001 1 0 12,1 0.001 0 -1 11.2317 155 12,14 0.001 0 -1 12,12 0.001 1 -1 14,12 0.002 -1 0 4.1755 125 ::f,1,14 f,2,2 f,13,2 f,15,12 
207:3,0 0.001 1 1 2,0 0.001 1 0 0,3 0.001 0 -1 40.2686 290 1,15 0.001 -1 0 1,12 0.001 1 0 3,14 0.001 0 1 10.3096 140 14,2 0.001 -1 0 15,0 0.001 1 0 12,1 0.001 0 -1 11.2327 155 12,13 0.001 0 -1 12,12 0.001 1 0 14,12 0.002 -1 -1 4.1765 125 ::f,1,14 f,2,2 f,13,2 f,15,12 
208:3,0 0.001 0 1 2,0 0.001 1 0 0,2 0.001 0 -1 40.2696 290 1,15 0.001 -1 0 2,12 0.001 1 0 3,15 0.001 0 1 10.3116 140 14,2 0.001 -1 0 15,0 0.001 1 1 12,0 0.001 0 -1 11.2337 155 12,13 0.001 0 -1 13,12 0.001 1 0 14,12 0.002 0 -1 4.1775 125 ::f,1,14 f,2,2 f,13,2 f,15,12 
209:3,1 0.001 0 1 3,0 0.001 1 0 0,1 0.001 0 -1 40.2726 290 0,15 0.001 -1 0 3,12 0.001 1 0 3,15 0.001 -1 1 10.3136 140 14,2 0.001 -1 0 15,0 0.001 0 1 12,0 0.001 1 -1 11.2337 155 12,12 0.001 0 -1 13,12 0.001 1 0 14,12 0.002 1 -1 4.1785 125 ::f,1,14 f,2,2 f,13,2 f,15,12 
210:3,2 0.001 0 1 3,0 0.001 1 1 0,1 0.001 0 -1 40.2736 290 0,15 0.001 -1 -1 3,12 0.001 1 1 3,15 0.001 -1 0 10.3136 140 14,2 0.001 -1 0 15,1 0.001 0 1 12,0 0.001 1 0 11.2347 155 12,12 0.001 1 -1 13,12 0.001 1 1 14,12 0.002 1 0 4.1785 125 ::f,1,14 f,2,2 f,13,2 f,15,12 
211:3,2 0.001 0 1 3,0 0.001 0 1 0,0 0.001 0 -1 40.2746 290 0,15 0.001 0 -1 3,12 0.001 0 1 2,15 0.001 -1 0 10.3146 140 14,2 0.001 -1 0 15,2 0.001 0 1 13,0 0.001 1 0 11.2367 155 12,12 0.001 1 0 14,13 0.001 1 1 14,12 0.002 1 1 4.1795 125 ::f,1,14 f,2,2 f,13,2 f,15,12 
212:3,3 0.001 0 1 3,1 0.001 0 1 0,0 0.001 1 -1 40.2766 290 0,14 0.001 0 -1 3,13 0.001 0 1 1,15 0.001 -1 0 10.3176 140 14,2 0.001 -1 0 15,3 0.001 0 1 14,0 0.001 1 0 11.2387 155 13,12 0.001 1 0 15,14 0.001 1 1 14,12 0.002 0 1 4.1815 125 ::f,1,14 f,2,2 f,13,2 f,15,12 
213:3,3 0.001 -1 1 3,2 0.001 0 1 0,0 0.001 1 0 40.2776 290 0,13 0.001 0 -1 3,14 0.001 0 1 1,15 0.001 -1 0 10.3196 140 14,2 0.001 -1 0 15,3 0.001 -1 1 15,0 0.001 1 0 11.2397 155 13,12 0.001 1 0 15,14 0.001 0 1 14,12 0.002 -1 1 4.1815 125 ::f,1,14 f,2,2 f,13,2 f,15,12 
214:3,3 0.001 -1 0 3,2 0.001 0 1 1,0 0.001 1 0 40.2786 290 0,13 0.001 0 -1 3,15 0.001 0 1 1,15 0.001 -1 0 10.3206 140 14,2 0.001 -1 0 15,3 0.001 -1 0 15,0 0.001 1 1 11.2397 155 13,12 0.001 1 1 15,15 0.001 0 1 14,12 0.002 -1 0 4.1825 125 ::f,1,14 f,2,2 f,13,2 f,15,12 
215:2,3 0.001 -1 0 3,3 0.001 0 1 2,0 0.001 1 0 40.2816 290 0,13 0.001 0 -1 3,15 0.001 -1 1 0,15 0.001 -1 0 10.3216 140 14,2 0.001 -1 0 14,3 0.001 -1 0 15,0 0.001 0 1 11.2407 155 14,13 0.001 1 1 15,15 0.001 -1 1 14,12 0.002 -1 -1 4.1835 125 ::f,1,14 f,2,2 f,13,2 f,15,12 
216:1,3 0.001 -1 0 3,3 0.001 -1 1 3,0 0.001 1 0 40.2836 290 0,13 0.001 0 -1 3,15 0.001 -1 0 0,15 0.001 -1 -1 10.3216 140 14,2 0.001 -1 0 13,3 0.001 -1 0 15,1 0.001 0 1 11.2427 155 15,14 0.001 1 1 15,15 0.001 -1 0 14,12 0.002 0 -1 4.1845 125 ::f,1,14 f,2,2 f,13,2 f,15,12 
217:0,3 0.001 -1 0 3,3 0.001 -1 0 3,0 0.001 1 1 40.2846 290 0,13 0.001 0 -1 2,15 0.001 -1 0 0,15 0.001 0 -1 10.3226 140 14,2 0.001 -1 0 12,3 0.001 -1 0 15,2 0.001 0 1 11.2447 155 15,14 0.001 0 1 14,15 0.001 -1 0 14,12 0.002 1 -1 4.1855 125 ::f,1,14 f,2,2 f,13,2 f,15,12 
218:0,3 0.001 -1 -1 2,3 0.001 -1 0 3,0 0.001 0 1 40.2856 290 0,12 0.001 0 -1 1,15 0.001 -1 0 0,14 0.001 0 -1 10.3256 140 14,2 0.001 -1 0 12,3 0.001 -1 -1 15,3 0.001 0 1 11.2457 155 15,15 0.001 0 1 13,15 0.001 -1 0 14,12 0.002 1 0 4.1875 125 ::f,1,14 f,2,2 f,13,2 f,15,12 
219:0,3 0.001 0 -1 1,3 0.001 -1 0 3,1 0.001 0 1 40.2876 290 0,12 0.001 1 -1 1,15 0.001 -1 0 0,13 0.001 0 -1 10.3266 140 14,2 0.001 -1 0 12,3 0.001 0 -1 15,3 0.001 -1 1 11.2457 155 15,15 0.001 -1 1 13,15 0.001 -1 0 14,12 0.002 1 1 4.1875 125 ::f,1,14 f,2,2 f,13,2 f,15,12 
220:0,2 0.001 0 -1 1,3 0.001 -1 0 3,2 0.001 0 1 40.2896 290 0,12 0.001 1 0 0,15 0.001 -1 0 0,13 0.001 0 -1 10.3276 140 14,2 0.001 -1 0 12,2 0.001 0 -1 15,3 0.001 -1 0 11.2467 155 15,15 0.001 -1 0 13,15 0.001 -1 0 14,12 0.002 0 1 4.1875 125 ::f,1,14 f,2,2 f,13,2 f,15,12 
221:0,1 0.001 0 -1 0,3 0.001 -1 0 3,2 0.001 0 1 40.2916 290 1,12 0.001 1 0 0,15 0.001 -1 -1 0,12 0.001 0 -1 10.3296 140 14,2 0.001 -1 0 12,1 0.001 0 -1 14,3 0.001 -1 0 11.2487 155 14,15 0.001 -1 0 12,15 0.001 -1 0 14,12 0.002 -1 1 4.1895 125 ::f,1,14 f,2,2 f,13,2 f,15,12 
222:0,1 0.001 0 -1 0,3 0.001 -1 -1 3,3 0.001 0 1 40.2926 290 2,12 0.001 1 0 0,15 0.001 0 -1 0,12 0.001 1 -1 10.3306 140 14,2 0.001 -1 0 12,1 0.001 0 -1 13,3 0.001 -1 0 11.2497 155 13,15 0.001 -1 0 12,15 0.001 -1 -1 14,12 0.002 -1 0 4.1905 125 ::f,1,14 f,2,2 f,13,2 f,15,12 
223:0,1 0.001 0 -1 0,3 0.001 0 -1 3,3 0.001 -1 1 40.2926 290 3,12 0.001 1 0 0,14 0.001 0 -1 0,12 0.001 1 0 10.3326 140 14,2 0.001 -1 0 12,1 0.001 0 -1 12,3 0.001 -1 0 11.2507 155 13,15 0.001 -1 0 12,15 0.001 0 -1 14,12 0.002 -1 -1 4.1905 125 ::f,1,14 f,2,2 f,13,2 f,15,12 
224:0,1 0.001 0 -1 0,2 0.001 0 -1 3,3 0.001 -1 0 40.2936 290 3,12 0.001 1 1 0,13 0.001 0 -1 1,12 0.001 1 0 10.3346 140 14,2 0.001 -1 0 12,0 0.001 0 -1 12,3 0.001 -1 -1 11.2517 155 13,15 0.001 -1 -1 12,14 0.001 0 -1 14,12 0.002 0 -1 4.1915 125 ::f,1,14 f,2,2 f,13,2 f,15,12 
225:0,0 0.001 0 -1 0,1 0.001 0 -1 2,3 0.001 -1 0 40.2966 290 3,12 0.001 0 1 0,12 0.001 0 -1 2,12 0.001 1 0 10.3366 140 14,2 0.001 -1 0 12,0 0.001 1 -1 12,3 0.001 0 -1 11.2517 155 13,15 0.001 0 -1 12,13 0.001 0 -1 14,12 0.002 1 -1 4.1925 125 ::f,1,14 f,2,2 f,13,2 f,15,12 
226:0,0 0.001 1 -1 0,1 0.001 0 -1 1,3 0.001 -1 0 40.2976 290 3,13 0.001 0 1 0,12 0.001 1 -1 3,12 0.001 1 0 10.3386 140 14,2 0.001 -1 0 12,0 0.001 1 0 12,2 0.001 0 -1 11.2527 155 13,14 0.001 0 -1 12,12 0.001 0 -1 14,12 0.002 1 0 4.1945 125 ::f,1,14 f,2,2 f,13,2 f,15,12 
227:0,0 0.001 1 0 0,1 0.001 1 -1 0,3 0.001 -1 0 40.2986 290 3,14 0.001 0 1 0,12 0.001 1 0 3,12 0.001 1 1 10.3396 140 14,2 0.001 -1 0 13,0 0.001 1 0 12,1 0.001 0 -1 11.2547 155 13,13 0.001 0 -1 12,12 0.001 1 -1 14,12 0.002 1 1 4.1955 125 ::f,1,14 f,2,2 f,13,2 f,15,12 
228:1,0 0.001 1 0 0,1 0.001 1 0 0,3 0.001 -1 -1 40.2996 290 3,14 0.001 0 1 1,12 0.001 1 0 3,12 0.001 0 1 10.3406 140 14,2 0.001 -1 0 14,0 0.001 1 0 12,1 0.001 0 -1 11.2557 155 13,12 0.001 0 -1 12,12 0.001 1 0 14,12 0.002 0 1 4.1965 125 ::f,1,14 f,2,2 f,13,2 f,15,12 
229:2,0 0.001 1 0 1,1 0.001 1 0 0,3 0.001 0 -1 40.3016 290 3,14 0.001 0 1 2,12 0.001 1 0 3,13 0.001 0 1 10.3426 140 14,2 0.001 -1 0 15,0 0.001 1 0 12,0 0.001 0 -1 11.2577 155 13,12 0.001 1 -1 12,12 0.001 1 1 14,12 0.002 -1 1 4.1965 125 ::f,1,14 f,2,2 f,13,2 f,15,12 
230:2,0 0.001 1 0 2,1 0.001 1 0 0,2 0.001 0 -1 40.3036 290 3,15 0.001 0 1 2,12 0.001 1 0 3,14 0.001 0 1 10.3446 140 14,2 0.001 -1 0 15,0 0.001 1 1 12,0 0.001 1 -1 11.2577 155 13,12 0.001 1 0 13,13 0.001 1 1 14,12 0.002 -1 0 4.1975 125 ::f,1,14 f,2,2 f,13,2 f,15,12 
231:2,0 0.001 1 0 3,1 0.001 1 0 0,1 0.001 0 -1 40.3056 290 3,15 0.001 -1 1 3,12 0.001 1 0 3,14 0.001 0 1 10.3456 140 14,2 0.001 -1 0 15,0 0.001 0 1 12,0 0.001 1 0 11.2577 155 13,12 0.001 1 1 13,13 0.001 1 1 14,12 0.002 -1 -1 4.1975 125 ::f,1,14 f,2,2 f,13,2 f,15,12 
232:2,0 0.001 1 0 3,1 0.001 1 1 0,0 0.001 0 -1 40.3066 290 3,15 0.001 -1 0 3,12 0.001 1 1 3,14 0.001 -1 1 10.3456 140 14,2 0.001 -1 0 15,1 0.001 0 1 13,0 0.001 1 0 11.2597 155 14,13 0.001 1 1 13,13 0.001 1 1 14,12 0.002 0 -1 4.1985 125 ::f,1,14 f,2,2 f,13,2 f,15,12 
233:3,0 0.001 1 0 3,1 0.001 0 1 0,0 0.001 1 -1 40.3076 290 2,15 0.001 -1 0 3,12 0.001 0 1 3,14 0.001 -1 0 10.3466 140 14,2 0.001 -1 0 15,2 0.001 0 1 14,0 0.001 1 0 11.2617 155 14,13 0.001 1 1 14,14 0.001 1 1 14,12 0.002 1 -1 4.1995 125 ::f,1,14 f,2,2 f,13,2 f,15,12 
234:3,0 0.001 1 1 3,2 0.001 0 1 0,0 0.001 1 0 40.3086 290 1,15 0.001 -1 0 3,13 0.001 0 1 2,14 0.001 -1 0 10.3496 140 14,2 0.001 -1 0 15,3 0.001 0 1 14,0 0.001 1 0 11.2627 155 15,14 0.001 1 1 14,14 0.001 1 1 14,12 0.002 1 0 4.2005 125 ::f,1,14 f,2,2 f,13,2 f,15,12 
235:3,0 0.001 0 1 3,3 0.001 0 1 1,0 0.001 1 0 40.3106 290 1,15 0.001 -1 0 3,14 0.001 0 1 2,14 0.001 -1 0 10.3507 155 14,2 0.001 -1 0 15,3 0.001 -1 1 15,0 0.001 1 0 11.2637 155 15,14 0.001 0 1 14,14 0.001 1 1 14,12 0.002 1 1 4.2005 125 ::f,1,14 f,2,2 f,13,2 f,15,12 
236:3,1 0.001 0 1 3,3 0.001 -1 1 2,0 0.001 1 0 40.3126 290 1,15 0.001 -1 0 3,15 0.001 0 1 2,14 0.001 -1 0 11.3518 170 14,2 0.001 -1 0 15,3 0.001 -1 0 15,0 0.001 1 1 11.2637 155 15,15 0.001 0 1 14,14 0.001 1 1 14,12 0.002 0 1 4.2015 125 ::f,1,14 f,2,2 f,13,2 f,15,12 
237:3,2 0.001 0 1 3,3 0.001 -1 0 3,0 0.001 1 0 40.3146 290 1,15 0.001 -1 0 3,15 0.001 -1 1 2,14 0.001 -1 0 13.3519 185 14,2 0.001 -1 0 14,3 0.001 -1 0 15,0 0.001 0 1 11.2647 155 15,15 0.001 -1 1 14,14 0.001 0 1 14,12 0.002 -1 1 4.2015 125 ::f,0,12 f,2,2 f,13,2 f,15,12 
238:3,2 0.001 0 1 2,3 0.001 -1 0 3,0 0.001 1 1 40.3156 290 0,15 0.001 -1 0 3,15 0.001 -1 0 1,14 0.001 -1 0 13.3539 185 14,2 0.001 -1 0 13,3 0.001 -1 0 15,1 0.001 0 1 11.2667 155 15,15 0.001 -1 0 14,15 0.001 0 1 14,12 0.002 -1 0 4.2025 125 ::f,0,12 f,2,2 f,13,2 f,15,12 
239:3,3 0.001 0 1 1,3 0.001 -1 0 3,0 0.001 0 1 40.3176 290 0,15 0.001 -1 -1 2,15 0.001 -1 0 0,14 0.001 -1 0 13.3559 185 14,2 0.001 -1 0 12,3 0.001 -1 0 15,2 0.001 0 1 11.2687 155 15,15 0.001 -1 -1 14,15 0.001 -1 1 14,12 0.002 -1 -1 4.2025 125 ::f,0,12 f,2,2 f,13,2 f,15,12 
240:3,3 0.001 -1 1 0,3 0.001 -1 0 3,1 0.001 0 1 40.3196 290 0,15 0.001 0 -1 1,15 0.001 -1 0 0,14 0.001 -1 -1 13.3569 185 14,2 0.001 -1 0 12,3 0.001 -1 -1 15,3 0.001 0 1 11.2697 155 14,14 0.001 -1 -1 14,15 0.001 -1 0 14,12 0.002 0 -1 4.2035 125 ::f,0,12 f,2,2 f,13,2 f,15,12 
241:3,3 0.001 -1 0 0,3 0.001 -1 -1 3,2 0.001 0 1 40.3206 290 0,15 0.001 1 -1 1,15 0.001 -1 0 0,14 0.001 0 -1 13.3569 185 14,2 0.001 -1 0 12,3 0.001 0 -1 15,3 0.001 -1 1 11.2697 155 13,13 0.001 -1 -1 13,15 0.001 -1 0 14,12 0.002 1 -1 4.2055 125 ::f,0,12 f,2,2 f,13,2 f,15,12 
242:2,3 0.001 -1 0 0,3 0.001 0 -1 3,2 0.001 0 1 40.3216 290 1,14 0.001 1 -1 0,15 0.001 -1 0 0,13 0.001 0 -1 13.3599 185 14,2 0.001 -1 0 12,2 0.001 0 -1 15,3 0.001 -1 0 11.2707 155 12,12 0.001 -1 -1 12,15 0.001 -1 0 14,12 0.002 1 0 4.2075 125 ::f,0,12 f,2,2 f,13,2 f,15,12 
243:1,3 0.001 -1 0 0,2 0.001 0 -1 3,2 0.001 0 1 40.3236 290 1,14 0.001 1 -1 0,15 0.001 -1 -1 0,13 0.001 0 -1 16.36 200 14,2 0.001 -1 0 12,1 0.001 0 -1 14,3 0.001 -1 0 11.2727 155 12,12 0.001 0 -1 12,15 0.001 -1 -1 14,12 0.002 1 1 4.2075 125 ::f,2,2 f,3,14 f,13,2 f,15,12 
244:0,3 0.001 -1 0 0,1 0.001 0 -1 3,3 0.001 0 1 40.3266 290 2,13 0.001 1 -1 0,15 0.001 0 -1 0,12 0.001 0 -1 16.362 200 14,2 0.001 -1 0 12,0 0.001 0 -1 13,3 0.001 -1 0 11.2747 155 12,12 0.001 1 -1 12,15 0.001 0 -1 14,12 0.002 0 1 4.2075 125 ::f,2,2 f,3,14 f,13,2 f,15,12 
245:0,3 0.001 -1 -1 0,0 0.001 0 -1 3,3 0.001 -1 1 40.3276 290 2,13 0.001 1 -1 0,14 0.001 0 -1 0,12 0.001 1 -1 16.363 200 14,2 0.001 -1 0 12,0 0.001 1 -1 12,3 0.001 -1 0 11.2757 155 12,12 0.001 1 0 12,14 0.001 0 -1 14,12 0.002 -1 1 4.2085 125 ::f,2,2 f,3,14 f,13,2 f,15,12 
246:0,3 0.001 0 -1 0,0 0.001 1 -1 3,3 0.001 -1 0 40.3276 290 2,13 0.001 1 -1 0,13 0.001 0 -1 0,12 0.001 1 0 16.364 200 14,2 0.001 -1 0 12,0 0.001 1 0 12,3 0.001 -1 -1 11.2757 155 13,12 0.001 1 0 12,13 0.001 0 -1 14,12 0.002 -1 0 4.2105 125 ::f,2,2 f,3,14 f,13,2 f,15,12 
247:0,2 0.001 0 -1 0,0 0.001 1 0 2,3 0.001 -1 0 40.3296 290 2,13 0.001 1 -1 0,13 0.001 0 -1 1,12 0.001 1 0 16.365 200 14,2 0.001 -1 0 13,0 0.001 1 0 12,3 0.001 0 -1 11.2767 155 13,12 0.001 1 0 12,13 0.001 0 -1 14,12 0.002 -1 -1 4.2105 125 ::f,2,2 f,3,14 f,13,2 f,15,12 
248:0,1 0.001 0 -1 1,0 0.001 1 0 1,3 0.001 -1 0 40.3326 290 3,12 0.001 1 -1 0,12 0.001 0 -1 2,12 0.001 1 0 16.368 200 14,2 0.001 -1 0 14,0 0.001 1 0 12,2 0.001 0 -1 11.2787 155 13,12 0.001 1 1 12,13 0.001 0 -1 14,12 0.002 0 -1 4.2105 125 ::f,2,2 f,3,14 f,13,2 f,15,12 
249:0,0 0.001 0 -1 2,0 0.001 1 0 0,3 0.001 -1 0 40.3356 290 3,12 0.001 1 0 0,12 0.001 1 -1 2,12 0.001 1 0 16.368 200 14,2 0.001 -1 0 15,0 0.001 1 0 12,1 0.001 0 -1 11.2807 155 14,13 0.001 1 1 12,12 0.001 0 -1 14,12 0.002 1 -1 4.2125 125 ::f,2,2 f,3,14 f,13,2 f,15,12 
250:0,0 0.001 1 -1 2,0 0.001 1 0 0,3 0.001 -1 -1 40.3356 290 3,12 0.001 1 1 0,12 0.001 1 0 2,12 0.001 1 1 16.368 200 14,2 0.001 -1 0 15,0 0.001 1 1 12,0 0.001 0 -1 11.2817 155 15,14 0.001 1 1 12,12 0.001 1 -1 14,12 0.002 1 0 4.2135 125 ::f,2,2 f,3,14 f,13,2 f,15,12 
251:0,0 0.001 1 0 3,0 0.001 1 0 0,3 0.001 0 -1 40.3366 290 3,12 0.001 0 1 1,12 0.001 1 0 3,13 0.001 1 1 16.37 200 14,2 0.001 -1 0 15,0 0.001 0 1 12,0 0.001 1 -1 11.2817 155 15,14 0.001 0 1 12,12 0.001 1 0 14,12 0.002 1 1 4.2135 125 ::f,2,2 f,3,14 f,13,2 f,15,12 
252:1,0 0.001 1 0 3,0 0.001 1 1 0,2 0.001 0 -1 40.3386 290 3,12 0.001 -1 1 2,12 0.001 1 0 3,13 0.001 0 1 16.371 200 14,2 0.001 -1 0 15,1 0.001 0 1 12,0 0.001 1 0 11.2827 155 15,15 0.001 0 1 13,12 0.001 1 0 14,12 0.002 0 1 4.2155 125 ::f,2,2 f,3,14 f,13,2 f,15,12 
253:2,0 0.001 1 0 3,0 0.001 0 1 0,1 0.001 0 -1 40.3406 290 2,13 0.001 -1 1 3,12 0.001 1 0 3,13 0.001 0 1 16.373 200 14,2 0.001 -1 0 15,2 0.001 0 1 13,0 0.001 1 0 11.2847 155 15,15 0.001 -1 1 13,12 0.001 1 0 14,12 0.002 -1 1 4.2155 125 ::f,2,2 f,3,14 f,13,2 f,15,12 
254:2,0 0.001 1 0 3,1 0.001 0 1 0,1 0.001 0 -1 40.3416 290 1,14 0.001 -1 1 3,12 0.001 1 1 3,13 0.001 0 1 20.3741 215 14,2 0.001 -1 0 15,3 0.001 0 1 14,0 0.001 1 0 11.2867 155 15,15 0.001 -1 0 13,12 0.001 1 1 14,12 0.002 -1 0 4.2155 125 ::f,2,2 f,2,12 f,13,2 f,15,12 
255:3,0 0.001 1 0 3,2 0.001 0 1 0,1 0.001 0 -1 40.3436 290 0,15 0.001 -1 1 3,12 0.001 0 1 3,14 0.001 0 1 20.3761 215 14,2 0.001 -1 0 15,3 0.001 -1 1 14,0 0.001 1 0 11.2867 155 14,15 0.001 -1 0 14,13 0.001 1 1 14,12 0.002 -1 -1 4.2175 125 ::f,2,2 f,2,12 f,13,2 f,15,12 
256:3,0 0.001 1 1 3,3 0.001 0 1 0,0 0.001 0 -1 40.3456 290 0,15 0.001 -1 0 3,13 0.001 0 1 3,14 0.001 0 1 20.3771 215 14,2 0.001 -1 0 15,3 0.001 -1 0 15,0 0.001 1 0 11.2877 155 13,15 0.001 -1 0 15,14 0.001 1 1 14,12 0.002 0 -1 4.2195 125 ::f,2,2 f,2,12 f,13,2 f,15,12 
257:3,0 0.001 0 1 3,3 0.001 -1 1 0,0 0.001 1 -1 40.3456 290 0,15 0.001 -1 -1 3,13 0.001 0 1 3,15 0.001 0 1 20.3781 215 14,2 0.001 -1 0 14,3 0.001 -1 0 15,0 0.001 1 1 11.2887 155 12,15 0.001 -1 0 15,14 0.001 0 1 14,12 0.002 1 -1 4.2205 125 ::f,2,2 f,2,12 f,13,2 f,15,12 
258:3,1 0.001 0 1 3,3 0.001 -1 0 0,0 0.001 1 0 40.3466 290 0,15 0.001 0 -1 3,14 0.001 0 1 3,15 0.001 -1 1 20.3791 215 14,2 0.001 -1 0 13,3 0.001 -1 0 15,0 0.001 0 1 11.2897 155 12,15 0.001 -1 -1 15,15 0.001 0 1 14,12 0.002 1 0 4.2215 125 ::f,2,2 f,2,12 f,13,2 f,15,12 
259:3,2 0.001 0 1 2,3 0.001 -1 0 1,0 0.001 1 0 40.3496 290 0,14 0.001 0 -1 3,14 0.001 0 1 3,15 0.001 -1 0 20.3801 215 14,2 0.001 -1 0 12,3 0.001 -1 0 15,1 0.001 0 1 11.2917 155 12,15 0.001 0 -1 15,15 0.001 -1 1 14,12 0.002 1 1 4.2215 125 ::f,2,2 f,2,12 f,13,2 f,15,12 
260:3,3 0.001 0 1 1,3 0.001 -1 0 2,0 0.001 1 0 40.3526 290 0,13 0.001 0 -1 3,14 0.001 -1 1 2,15 0.001 -1 0 20.3821 215 14,2 0.001 -1 0 12,3 0.001 -1 -1 15,2 0.001 0 1 11.2927 155 12,14 0.001 0 -1 15,15 0.001 -1 0 14,12 0.002 0 1 4.2225 125 ::f,2,2 f,2,12 f,13,2 f,15,12 
261:3,3 0.001 -1 1 1,3 0.001 -1 0 2,0 0.001 1 0 40.3526 290 0,13 0.001 0 -1 3,14 0.001 -1 0 1,15 0.001 -1 0 20.3831 215 14,2 0.001 -1 0 12,3 0.001 0 -1 15,2 0.001 0 1 11.2927 155 12,13 0.001 0 -1 14,15 0.001 -1 0 14,12 0.002 -1 1 4.2245 125 ::f,2,2 f,2,12 f,13,2 f,15,12 
262:3,3 0.001 -1 0 1,3 0.001 -1 0 2,0 0.001 1 0 40.3526 290 0,13 0.001 0 -1 2,14 0.001 -1 0 0,15 0.001 -1 0 20.3851 215 14,2 0.001 -1 0 12,2 0.001 0 -1 15,3 0.001 0 1 11.2947 155 12,12 0.001 0 -1 13,15 0.001 -1 0 14,12 0.002 -1 0 4.2265 125 ::f,2,2 f,2,12 f,13,2 f,15,12 
263:2,3 0.001 -1 0 0,3 0.001 -1 0 2,0 0.001 1 0 40.3546 290 0,12 0.001 0 -1 2,14 0.001 -1 0 0,15 0.001 -1 -1 20.3861 215 14,2 0.001 -1 0 12,1 0.001 0 -1 15,3 0.001 -1 1 11.2957 155 12,12 0.001 1 -1 12,15 0.001 -1 0 14,12 0.002 -1 -1 4.2275 125 ::f,2,2 f,2,12 f,13,2 f,15,12 
264:1,3 0.001 -1 0 0,3 0.001 -1 -1 2,0 0.001 1 0 40.3556 290 0,12 0.001 1 -1 1,14 0.001 -1 0 0,15 0.001 0 -1 20.3871 215 14,2 0.001 -1 0 12,1 0.001 0 -1 15,3 0.001 -1 0 11.2957 155 12,12 0.001 1 0 12,15 0.001 -1 -1 14,12 0.002 0 -1 4.2275 125 ::f,2,2 f,2,12 f,13,2 f,15,12 
265:1,3 0.001 -1 0 0,3 0.001 0 -1 2,0 0.001 1 0 40.3556 290 0,12 0.001 1 0 1,14 0.001 -1 0 0,14 0.001 0 -1 20.3881 215 14,2 0.001 -1 0 12,0 0.001 0 -1 14,3 0.001 -1 0 11.2977 155 13,12 0.001 1 0 12,15 0.001 0 -1 14,12 0.002 1 -1 4.2285 125 ::f,2,2 f,2,12 f,13,2 f,15,12 
266:1,3 0.001 -1 -1 0,2 0.001 0 -1 3,0 0.001 1 0 40.3576 290 1,12 0.001 1 0 1,14 0.001 -1 0 0,13 0.001 0 -1 20.3901 215 14,2 0.001 -1 0 12,0 0.001 1 -1 13,3 0.001 -1 0 11.2987 155 13,12 0.001 1 0 12,14 0.001 0 -1 14,12 0.002 1 0 4.2295 125 ::f,2,2 f,2,12 f,13,2 f,15,12 
267:1,3 0.001 0 -1 0,1 0.001 0 -1 3,0 0.001 1 1 40.3586 290 1,12 0.001 1 0 0,14 0.001 -1 0 0,12 0.001 0 -1 21.3922 230 14,2 0.001 -1 0 12,0 0.001 1 0 12,3 0.001 -1 0 11.2997 155 13,12 0.001 1 1 12,13 0.001 0 -1 14,12 0.002 1 1 4.2305 125 ::f,2,2 f,3,15 f,13,2 f,15,12 
268:1,2 0.001 0 -1 0,0 0.001 0 -1 3,0 0.001 0 1 40.3606 290 2,12 0.001 1 0 0,14 0.001 -1 -1 0,12 0.001 1 -1 21.3932 230 14,2 0.001 -1 0 13,0 0.001 1 0 12,3 0.001 -1 -1 11.3007 155 14,13 0.001 1 1 12,13 0.001 0 -1 14,12 0.002 0 1 4.2315 125 ::f,2,2 f,3,15 f,13,2 f,15,12 
269:1,1 0.001 0 -1 0,0 0.001 1 -1 3,1 0.001 0 1 40.3626 290 2,12 0.001 1 0 0,14 0.001 0 -1 0,12 0.001 1 0 21.3932 230 14,2 0.001 -1 0 14,0 0.001 1 0 12,3 0.001 0 -1 11.3017 155 15,14 0.001 1 1 12,12 0.001 0 -1 14,12 0.002 -1 1 4.2335 125 ::f,2,2 f,3,15 f,13,2 f,15,12 
270:1,0 0.001 0 -1 0,0 0.001 1 0 3,2 0.001 0 1 40.3646 290 3,12 0.001 1 0 0,13 0.001 0 -1 1,12 0.001 1 0 21.3962 230 14,2 0.001 -1 0 14,0 0.001 1 0 12,2 0.001 0 -1 11.3027 155 15,14 0.001 0 1 12,12 0.001 1 -1 14,12 0.002 -1 0 4.2335 125 ::f,2,2 f,3,15 f,13,2 f,15,12 
271:1,0 0.001 1 -1 0,0 0.001 1 1 3,3 0.001 0 1 40.3656 290 3,12 0.001 1 1 0,12 0.001 0 -1 2,12 0.001 1 0 21.3982 230 14,2 0.001 -1 0 14,0 0.001 1 0 12,1 0.001 0 -1 11.3037 155 15,15 0.001 0 1 12,12 0.001 1 0 14,12 0.002 -1 -1 4.2345 125 ::f,2,2 f,3,15 f,13,2 f,15,12 
272:1,0 0.001 1 0 1,1 0.001 1 1 3,3 0.001 -1 1 40.3666 290 3,12 0.001 0 1 0,12 0.001 1 -1 2,12 0.001 1 0 21.3982 230 14,2 0.001 -1 0 15,0 0.001 1 0 12,1 0.001 0 -1 11.3047 155 15,15 0.001 -1 1 13,12 0.001 1 0 14,12 0.002 0 -1 4.2355 125 ::f,2,2 f,3,15 f,13,2 f,15,12 
273:2,0 0.001 1 0 1,1 0.001 1 1 3,3 0.001 -1 0 44.3677 305 3,13 0.001 0 1 0,12 0.001 1 0 3,12 0.001 1 0 21.4002 230 14,2 0.001 -1 0 15,0 0.001 1 1 12,0 0.001 0 -1 11.3057 155 15,15 0.001 -1 0 13,12 0.001 1 0 14,12 0.002 1 -1 4.2355 125 ::f,2,3 f,3,15 f,13,2 f,15,12 
274:3,0 0.001 1 0 2,2 0.001 1 1 3,3 0.001 -1 0 44.3697 305 3,14 0.001 0 1 1,12 0.001 1 0 3,12 0.001 1 1 21.4022 230 14,2 0.001 -1 0 15,0 0.001 0 1 12,0 0.001 1 -1 11.3057 155 14,15 0.001 -1 0 13,12 0.001 1 1 14,12 0.002 1 0 4.2365 125 ::f,2,3 f,3,15 f,13,2 f,15,12 
275:3,0 0.001 1 1 2,2 0.001 1 1 3,3 0.001 -1 0 44.3697 305 3,14 0.001 0 1 1,12 0.001 1 0 3,12 0.001 0 1 28.4024 260 14,2 0.001 -1 0 15,1 0.001 0 1 12,0 0.001 1 0 11.3067 155 13,15 0.001 -1 0 14,13 0.001 1 1 14,12 0.002 1 1 4.2385 125 ::f,0,15 f,2,3 f,13,2 f,15,12 
276:3,0 0.001 0 1 2,2 0.001 0 1 3,3 0.001 -1 0 44.3697 305 3,15 0.001 0 1 2,12 0.001 1 0 3,13 0.001 0 1 28.4054 260 14,2 0.001 -1 0 15,2 0.001 0 1 13,0 0.001 1 0 11.3087 155 12,15 0.001 -1 0 15,14 0.001 1 1 14,12 0.002 0 1 4.2405 125 ::f,0,15 f,2,3 f,13,2 f,15,12 
277:3,1 0.001 0 1 2,2 0.001 0 1 3,3 0.001 -1 0 48.3708 320 3,15 0.001 -1 1 3,12 0.001 1 0 3,14 0.001 0 1 28.4074 260 14,2 0.001 -1 0 15,2 0.001 0 1 14,0 0.001 1 0 11.3097 155 12,15 0.001 -1 -1 15,14 0.001 0 1 14,12 0.002 -1 1 4.2405 125 ::f,0,15 f,2,0 f,13,2 f,15,12 
278:3,2 0.001 0 1 2,3 0.001 0 1 3,3 0.001 -1 0 48.3728 320 3,15 0.001 -1 0 3,12 0.001 1 1 3,14 0.001 0 1 28.4074 260 14,2 0.001 -1 0 15,3 0.001 0 1 15,0 0.001 1 0 11.3117 155 12,15 0.001 0 -1 15,15 0.001 0 1 14,12 0.002 -1 0 4.2415 125 ::f,0,15 f,2,0 f,13,2 f,15,12 
279:3,2 0.001 0 1 2,3 0.001 -1 1 3,3 0.001 -1 -1 48.3728 320 2,15 0.001 -1 0 3,12 0.001 0 1 3,15 0.001 0 1 28.4094 260 14,2 0.001 -1 0 15,3 0.001 -1 1 15,0 0.001 1 1 11.3117 155 12,14 0.001 0 -1 15,15 0.001 -1 1 14,12 0.002 -1 -1 4.2425 125 ::f,0,15 f,2,0 f,13,2 f,15,12 
280:3,2 0.001 -1 1 2,3 0.001 -1 0 2,2 0.001 -1 -1 48.3738 320 1,15 0.001 -1 0 3,13 0.001 0 1 3,15 0.001 -1 1 28.4114 260 14,2 0.001 -1 0 15,3 0.001 -1 0 15,0 0.001 0 1 11.3117 155 12,13 0.001 0 -1 15,15 0.001 -1 0 14,12 0.002 0 -1 4.2435 125 ::f,0,15 f,2,0 f,13,2 f,15,12 
281:3,2 0.001 -1 0 1,3 0.001 -1 0 2,2 0.001 -1 -1 48.3748 320 1,15 0.001 -1 0 3,14 0.001 0 1 3,15 0.001 -1 0 31.4125 275 14,2 0.001 -1 0 14,3 0.001 -1 0 15,1 0.001 0 1 11.3137 155 12,13 0.001 0 -1 14,15 0.001 -1 0 14,12 0.002 1 -1 4.2445 125 ::f,0,14 f,2,0 f,13,2 f,15,12 
282:3,2 0.001 -1 -1 0,3 0.001 -1 0 1,1 0.001 -1 -1 48.3768 320 0,15 0.001 -1 0 3,14 0.001 0 1 2,15 0.001 -1 0 31.4145 275 14,2 0.001 -1 0 13,3 0.001 -1 0 15,2 0.001 0 1 11.3157 155 12,12 0.001 0 -1 13,15 0.001 -1 0 14,12 0.002 1 0 4.2465 125 ::f,0,14 f,2,0 f,13,2 f,15,12 
283:2,1 0.001 -1 -1 0,3 0.001 -1 -1 1,1 0.001 -1 -1 48.3778 320 0,15 0.001 -1 -1 3,15 0.001 0 1 1,15 0.001 -1 0 31.4165 275 14,2 0.001 -1 0 12,3 0.001 -1 0 15,2 0.001 0 1 11.3167 155 12,12 0.001 1 -1 12,15 0.001 -1 0 14,12 0.002 1 1 4.2475 125 ::f,0,14 f,2,0 f,13,2 f,15,12 
284:2,1 0.001 -1 -1 0,3 0.001 0 -1 0,0 0.001 -1 -1 48.3788 320 0,15 0.001 0 -1 3,15 0.001 -1 1 1,15 0.001 -1 0 31.4165 275 14,2 0.001 -1 0 12,3 0.001 -1 -1 15,3 0.001 0 1 11.3177 155 12,12 0.001 1 0 12,15 0.001 -1 -1 14,12 0.002 0 1 4.2475 125 ::f,0,14 f,2,0 f,13,2 f,15,12 
285:2,1 0.001 -1 -1 0,2 0.001 0 -1 0,0 0.001 0 -1 48.3798 320 0,15 0.001 0 -1 3,15 0.001 -1 0 1,15 0.001 -1 -1 31.4165 275 14,2 0.001 -1 0 12,3 0.001 0 -1 15,3 0.001 -1 1 11.3177 155 13,12 0.001 1 0 12,15 0.001 0 -1 14,12 0.002 -1 1 4.2485 125 ::f,0,14 f,2,0 f,13,2 f,15,12 
286:1,0 0.001 -1 -1 0,1 0.001 0 -1 0,0 0.001 1 -1 48.3818 320 0,15 0.001 0 -1 2,15 0.001 -1 0 1,15 0.001 -1 -1 31.4175 275 14,2 0.001 -1 0 12,2 0.001 0 -1 15,3 0.001 -1 0 11.3187 155 13,12 0.001 1 0 12,14 0.001 0 -1 14,12 0.002 -1 0 4.2495 125 ::f,0,14 f,2,0 f,13,2 f,15,12 
287:1,0 0.001 0 -1 0,1 0.001 0 -1 0,0 0.001 1 0 48.3818 320 0,15 0.001 0 -1 2,15 0.001 -1 0 0,14 0.001 -1 -1 35.4186 290 14,2 0.001 -1 0 12,1 0.001 0 -1 14,3 0.001 -1 0 11.3207 155 13,12 0.001 1 1 12,13 0.001 0 -1 14,12 0.002 -1 -1 4.2505 125 ::f,2,0 f,3,14 f,13,2 f,15,12 
288:1,0 0.001 1 -1 0,1 0.001 1 -1 0,0 0.001 1 1 48.3818 320 0,15 0.001 0 -1 1,15 0.001 -1 0 0,14 0.001 0 -1 35.4196 290 14,2 0.001 -1 0 12,0 0.001 0 -1 13,3 0.001 -1 0 11.3227 155 14,13 0.001 1 1 12,13 0.001 0 -1 14,12 0.002 0 -1 4.2515 125 ::f,2,0 f,3,14 f,13,2 f,15,12 
289:1,0 0.001 1 0 0,1 0.001 1 0 1,1 0.001 1 1 48.3828 320 0,15 0.001 1 -1 1,15 0.001 -1 0 0,13 0.001 0 -1 35.4206 290 14,2 0.001 -1 0 12,0 0.001 1 -1 12,3 0.001 -1 0 11.3237 155 15,14 0.001 1 1 12,12 0.001 0 -1 14,12 0.002 1 -1 4.2535 125 ::f,2,0 f,3,14 f,13,2 f,15,12 
290:1,0 0.001 1 0 0,1 0.001 1 1 1,1 0.001 1 1 48.3828 320 1,14 0.001 1 -1 0,15 0.001 -1 0 0,12 0.001 0 -1 35.4236 290 14,2 0.001 -1 0 12,0 0.001 1 0 12,3 0.001 -1 -1 11.3237 155 15,14 0.001 0 1 12,12 0.001 1 -1 14,12 0.002 1 0 4.2535 125 ::f,2,0 f,3,14 f,13,2 f,15,12 
291:1,0 0.001 1 0 1,2 0.001 1 1 1,1 0.001 1 1 48.3838 320 2,13 0.001 1 -1 0,15 0.001 -1 -1 0,12 0.001 1 -1 35.4246 290 14,2 0.001 -1 0 13,0 0.001 1 0 12,3 0.001 0 -1 11.3247 155 15,15 0.001 0 1 12,12 0.001 1 0 14,12 0.002 1 1 4.2545 125 ::f,2,0 f,3,14 f,13,2 f,15,12 
292:1,0 0.001 1 0 2,3 0.001 1 1 2,2 0.001 1 1 56.3859 335 3,12 0.001 1 -1 0,15 0.001 0 -1 0,12 0.001 1 0 35.4256 290 14,2 0.001 -1 0 14,0 0.001 1 0 12,2 0.001 0 -1 11.3267 155 15,15 0.001 -1 1 13,12 0.001 1 0 14,12 0.002 0 1 4.2555 125 ::f,2,1 f,3,14 f,13,2 f,15,12 
293:2,0 0.001 1 0 2,3 0.001 0 1 2,2 0.001 1 1 56.3869 335 3,12 0.001 1 0 0,14 0.001 0 -1 1,12 0.001 1 0 35.4276 290 14,2 0.001 -1 0 14,0 0.001 1 0 12,1 0.001 0 -1 11.3277 155 15,15 0.001 -1 0 13,12 0.001 1 0 14,12 0.002 -1 1 4.2555 125 ::f,2,1 f,3,14 f,13,2 f,15,12 
294:3,0 0.001 1 0 2,3 0.001 -1 1 3,3 0.001 1 1 56.3889 335 3,12 0.001 1 1 0,13 0.001 0 -1 2,12 0.001 1 0 35.4296 290 14,2 0.001 -1 0 15,0 0.001 1 0 12,1 0.001 0 -1 11.3287 155 14,15 0.001 -1 0 13,12 0.001 1 1 14,12 0.002 -1 0 4.2565 125 ::f,2,1 f,3,14 f,13,2 f,15,12 
295:3,0 0.001 1 1 2,3 0.001 -1 0 3,3 0.001 0 1 56.3889 335 3,12 0.001 0 1 0,12 0.001 0 -1 2,12 0.001 1 0 35.4306 290 14,2 0.001 -1 0 15,0 0.001 1 1 12,0 0.001 0 -1 11.3297 155 13,15 0.001 -1 0 14,13 0.001 1 1 14,12 0.002 -1 -1 4.2585 125 ::f,2,1 f,3,14 f,13,2 f,15,12 
296:3,0 0.001 0 1 1,3 0.001 -1 0 3,3 0.001 -1 1 56.3899 335 3,13 0.001 0 1 0,12 0.001 1 -1 3,12 0.001 1 0 35.4326 290 14,2 0.001 -1 0 15,0 0.001 0 1 12,0 0.001 1 -1 11.3297 155 13,15 0.001 -1 0 15,14 0.001 1 1 14,12 0.002 0 -1 4.2595 125 ::f,2,1 f,3,14 f,13,2 f,15,12 
297:3,1 0.001 0 1 0,3 0.001 -1 0 3,3 0.001 -1 0 56.3919 335 3,13 0.001 0 1 0,12 0.001 1 0 3,12 0.001 1 1 40.4327 305 14,2 0.001 -1 0 15,1 0.001 0 1 12,0 0.001 1 0 11.3307 155 12,15 0.001 -1 0 15,14 0.001 0 1 14,12 0.002 1 -1 4.2605 125 ::f,0,13 f,2,1 f,13,2 f,15,12 
298:3,2 0.001 0 1 0,3 0.001 -1 -1 2,3 0.001 -1 0 56.3939 335 3,14 0.001 0 1 1,12 0.001 1 0 3,12 0.001 0 1 40.4347 305 14,2 0.001 -1 0 15,2 0.001 0 1 13,0 0.001 1 0 11.3327 155 12,15 0.001 -1 -1 15,15 0.001 0 1 14,12 0.002 1 0 4.2615 125 ::f,0,13 f,2,1 f,13,2 f,15,12 
299:3,3 0.001 0 1 0,3 0.001 0 -1 1,3 0.001 -1 0 56.3959 335 3,15 0.001 0 1 2,12 0.001 1 0 3,13 0.001 0 1 40.4377 305 14,2 0.001 -1 0 15,2 0.001 0 1 14,0 0.001 1 0 11.3337 155 12,15 0.001 0 -1 15,15 0.001 -1 1 14,12 0.002 1 1 4.2615 125 ::f,0,13 f,2,1 f,13,2 f,15,12 
