16
0:0,2 0.001 0 1 3,0 0.003 0 -1 0,3 0.002 -1 1 0.001 50 0,12 0.001 -1 -1 2,12 0.003 1 0 3,14 0.002 1 1 0.002 50 15,0 0.001 1 -1 13,1 0.003 -1 1 13,3 0.002 -1 1 0.001 50 13,13 0.001 1 -1 15,12 0.003 -1 0 13,14 0.002 1 0 0.001 50 ::f,1,14 f,3,3 f,12,3 f,14,12 
1:0,2 0.001 0 1 3,0 0.003 1 -1 0,3 0.002 -1 0 0.001 50 0,12 0.001 0 -1 3,12 0.003 1 0 3,14 0.002 0 1 0.003 50 15,0 0.001 1 0 13,1 0.001 -1 1 13,3 0.002 -1 0 0.001 50 13,13 0.001 1 -1 14,12 0.003 -1 0 13,14 0.002 1 1 0.0021 65 ::f,1,14 f,3,3 f,12,3 f,14,13 
2:0,2 0.001 -1 1 3,0 0.003 1 0 0,3 0.002 -1 -1 0.001 50 0,12 0.001 1 -1 3,12 0.003 1 1 3,15 0.002 0 1 0.004 50 15,0 0.001 1 1 12,2 0.001 -1 1 13,3 0.002 -1 0 0.002 50 13,13 0.001 1 -1 13,12 0.003 -1 0 13,14 0.002 0 1 0.0031 65 ::f,1,14 f,3,3 f,12,3 f,14,13 
3:0,2 0.001 -1 0 3,0 0.003 1 1 0,3 0.002 0 -1 0.001 50 0,12 0.001 1 0 3,12 0.003 0 1 3,15 0.002 -1 1 0.004 50 15,0 0.001 0 1 12,2 0.001 -1 0 13,3 0.002 -1 0 0.002 50 14,12 0.001 1 -1 13,12 0.001 -1 0 13,14 0.002 -1 1 0.0041 65 ::f,1,14 f,3,3 f,12,3 f,14,13 
4:0,2 0.001 -1 -1 3,0 0.003 0 1 0,3 0.002 1 -1 0.001 50 1,12 0.001 1 0 3,13 0.003 0 1 3,15 0.002 -1 0 0.006 50 15,1 0.001 0 1 12,2 0.001 -1 -1 13,3 0.002 -1 0 0.003 50 14,12 0.001 1 0 13,12 0.001 -1 0 13,14 0.002 -1 0 0.0041 65 ::f,1,14 f,3,3 f,12,3 f,14,13 
5:0,2 0.001 0 -1 3,1 0.003 0 1 1,2 0.002 1 -1 0.003 50 2,12 0.001 1 0 3,14 0.003 0 1 2,15 0.002 -1 0 0.009 50 15,2 0.001 0 1 12,2 0.001 0 -1 13,3 0.001 -1 0 0.0041 65 15,12 0.001 1 0 12,12 0.001 -1 0 13,14 0.002 -1 -1 0.0061 65 ::f,1,14 f,3,3 f,14,13 f,15,0 
6:0,1 0.001 0 -1 3,2 0.003 0 1 1,2 0.001 1 -1 0.005 50 3,12 0.001 1 0 3,15 0.003 0 1 1,15 0.002 -1 0 0.012 50 15,3 0.001 0 1 12,1 0.001 0 -1 12,3 0.001 -1 0 0.0071 65 15,12 0.001 1 1 12,12 0.001 -1 -1 13,14 0.002 0 -1 0.0061 65 ::f,1,14 f,3,3 f,14,13 f,15,0 
7:0,0 0.001 0 -1 3,2 0.001 0 1 2,1 0.001 1 -1 0.0071 65 3,12 0.001 1 1 3,15 0.003 -1 1 0,15 0.002 -1 0 0.013 50 15,3 0.001 -1 1 12,0 0.001 0 -1 12,3 0.001 -1 -1 0.0081 65 15,12 0.001 0 1 12,12 0.001 0 -1 13,14 0.002 1 -1 0.0061 65 ::f,1,14 f,3,1 f,14,13 f,15,0 
8:0,0 0.001 1 -1 3,3 0.001 0 1 2,1 0.001 1 -1 0.0081 65 3,12 0.001 0 1 3,15 0.003 -1 0 0,15 0.002 -1 -1 0.013 50 15,3 0.001 -1 0 12,0 0.001 1 -1 12,3 0.001 0 -1 0.0081 65 15,13 0.001 0 1 12,12 0.001 1 -1 13,14 0.002 1 0 0.0071 65 ::f,1,14 f,3,1 f,14,13 f,15,0 
9:0,0 0.001 1 0 3,3 0.001 -1 1 3,0 0.001 1 -1 0.0091 65 3,13 0.001 0 1 2,15 0.003 -1 0 0,15 0.002 0 -1 0.015 50 14,3 0.001 -1 0 12,0 0.001 1 0 12,2 0.001 0 -1 0.0101 65 15,14 0.001 0 1 12,12 0.001 1 0 13,14 0.002 1 1 0.0081 65 ::f,1,14 f,3,1 f,14,13 f,15,0 
10:1,0 0.001 1 0 3,3 0.001 -1 0 3,0 0.001 1 0 0.0101 65 3,14 0.001 0 1 1,15 0.003 -1 0 0,14 0.002 0 -1 0.018 50 13,3 0.001 -1 0 13,0 0.001 1 0 12,1 0.001 0 -1 0.0131 65 15,15 0.001 0 1 13,12 0.001 1 0 13,14 0.002 0 1 0.0101 65 ::f,1,14 f,3,1 f,14,13 f,15,0 
11:2,0 0.001 1 0 2,3 0.001 -1 0 3,0 0.001 1 1 0.0121 65 3,15 0.001 0 1 0,15 0.003 -1 0 0,13 0.002 0 -1 0.021 50 12,3 0.001 -1 0 14,0 0.001 1 0 12,0 0.001 0 -1 0.0161 65 15,15 0.001 -1 1 14,12 0.001 1 0 13,14 0.002 -1 1 0.0111 65 ::f,1,14 f,3,1 f,14,13 f,15,0 
12:2,0 0.001 1 0 1,3 0.001 -1 0 3,0 0.001 0 1 0.0131 65 3,15 0.001 -1 1 0,15 0.003 -1 -1 0,12 0.002 0 -1 0.022 50 12,3 0.001 -1 -1 14,0 0.001 1 0 12,0 0.001 1 -1 0.0162 80 15,15 0.001 -1 0 15,12 0.001 1 0 13,14 0.002 -1 0 0.0121 65 ::f,1,14 f,3,1 f,13,3 f,14,13 
13:2,0 0.001 1 1 0,3 0.001 -1 0 3,0 0.001 0 1 0.0141 65 3,15 0.001 -1 0 0,15 0.003 0 -1 0,12 0.002 1 -1 0.022 50 12,3 0.001 0 -1 15,0 0.001 1 0 12,0 0.001 1 0 0.0172 80 14,15 0.001 -1 0 15,12 0.001 1 1 13,14 0.002 -1 -1 0.0131 65 ::f,1,14 f,3,1 f,13,3 f,14,13 
14:2,0 0.001 1 1 0,3 0.001 -1 -1 3,0 0.001 0 1 0.0141 65 2,15 0.001 -1 0 0,14 0.003 0 -1 0,12 0.002 1 0 0.024 50 12,2 0.001 0 -1 15,0 0.001 1 1 13,0 0.001 1 0 0.0192 80 13,15 0.001 -1 0 15,12 0.001 0 1 13,14 0.002 0 -1 0.0141 65 ::f,1,14 f,3,1 f,13,3 f,14,13 
15:2,0 0.001 1 1 0,3 0.001 0 -1 3,1 0.001 0 1 0.0152 80 1,15 0.001 -1 0 0,13 0.003 0 -1 1,12 0.002 1 0 0.027 50 12,1 0.001 0 -1 15,0 0.001 0 1 14,0 0.001 1 0 0.0212 80 12,15 0.001 -1 0 15,13 0.001 0 1 13,14 0.002 1 -1 0.0161 65 ::f,1,2 f,1,14 f,13,3 f,14,13 
16:2,0 0.001 1 1 0,2 0.001 0 -1 3,2 0.001 0 1 0.0172 80 1,15 0.001 -1 0 0,12 0.003 0 -1 2,12 0.002 1 0 0.029 50 12,0 0.001 0 -1 15,1 0.001 0 1 14,0 0.001 1 0 0.0232 80 12,15 0.001 -1 -1 15,14 0.001 0 1 13,14 0.002 1 0 0.0171 65 ::f,1,2 f,1,14 f,13,3 f,14,13 
17:3,1 0.001 1 1 0,1 0.001 0 -1 3,2 0.001 0 1 0.0192 80 0,15 0.001 -1 0 0,12 0.003 1 -1 2,12 0.001 1 0 0.03 50 12,0 0.001 1 -1 15,2 0.001 0 1 15,0 0.001 1 0 0.0252 80 12,15 0.001 0 -1 15,15 0.001 0 1 13,14 0.002 1 1 0.0181 65 ::f,1,2 f,1,14 f,13,3 f,14,13 
18:3,1 0.001 0 1 0,1 0.001 0 -1 3,2 0.001 0 1 0.0192 80 0,15 0.001 -1 -1 0,12 0.003 1 0 3,12 0.001 1 0 0.031 50 12,0 0.001 1 0 15,2 0.001 0 1 15,0 0.001 1 1 0.0252 80 12,14 0.001 0 -1 15,15 0.001 -1 1 13,14 0.002 0 1 0.0191 65 ::f,1,2 f,1,14 f,13,3 f,14,13 
19:3,1 0.001 -1 1 0,1 0.001 0 -1 3,2 0.001 0 1 0.0192 80 0,15 0.001 0 -1 1,12 0.003 1 0 3,12 0.001 1 1 0.032 50 13,0 0.001 1 0 15,2 0.001 0 1 15,0 0.001 0 1 0.0262 80 12,13 0.001 0 -1 15,15 0.001 -1 0 13,14 0.002 -1 1 0.0201 65 ::f,1,2 f,1,14 f,13,3 f,14,13 
20:2,2 0.001 -1 1 0,1 0.001 0 -1 3,2 0.001 0 1 0.0202 80 0,14 0.001 0 -1 2,12 0.003 1 0 3,12 0.001 0 1 0.034 50 14,0 0.001 1 0 15,2 0.001 0 1 15,1 0.001 0 1 0.0282 80 12,12 0.001 0 -1 14,15 0.001 -1 0 13,14 0.002 -1 0 0.0221 65 ::f,1,2 f,1,14 f,13,3 f,14,13 
21:2,2 0.001 -1 1 0,0 0.001 0 -1 3,3 0.001 0 1 0.0222 80 0,13 0.001 0 -1 2,12 0.001 1 0 3,13 0.001 0 1 0.036 50 15,0 0.001 1 0 15,3 0.001 0 1 15,2 0.001 0 1 0.0312 80 12,12 0.001 1 -1 13,15 0.001 -1 0 13,14 0.002 -1 -1 0.0231 65 ::f,1,2 f,1,14 f,13,3 f,14,13 
22:1,3 0.001 -1 1 0,0 0.001 1 -1 3,3 0.001 -1 1 0.0232 80 0,12 0.001 0 -1 3,12 0.001 1 0 3,14 0.001 0 1 0.039 50 15,0 0.001 1 1 15,3 0.001 -1 1 15,2 0.001 0 1 0.0312 80 12,12 0.001 1 0 13,15 0.001 -1 0 13,14 0.002 0 -1 0.0231 65 ::f,1,2 f,1,14 f,13,3 f,14,13 
23:1,3 0.001 -1 0 0,0 0.001 1 0 3,3 0.001 -1 0 0.0232 80 0,12 0.001 1 -1 3,12 0.001 1 1 3,14 0.001 0 1 0.039 50 15,0 0.001 0 1 15,3 0.001 -1 0 15,2 0.001 -1 1 0.0312 80 13,12 0.001 1 0 12,15 0.001 -1 0 13,14 0.002 1 -1 0.0251 65 ::f,1,2 f,1,14 f,13,3 f,14,13 
24:0,3 0.001 -1 0 1,0 0.001 1 0 2,3 0.001 -1 0 0.0262 80 0,12 0.001 1 0 3,12 0.001 0 1 3,15 0.001 0 1 0.04 50 15,1 0.001 0 1 14,3 0.001 -1 0 15,2 0.001 -1 0 0.0332 80 14,12 0.001 1 0 12,15 0.001 -1 -1 13,14 0.002 1 0 0.0261 65 ::f,1,2 f,1,14 f,13,3 f,14,13 
25:0,3 0.001 -1 -1 2,0 0.001 1 0 1,3 0.001 -1 0 0.0282 80 1,12 0.001 1 0 3,13 0.001 0 1 3,15 0.001 -1 1 0.042 50 15,1 0.001 0 1 14,3 0.001 -1 0 14,2 0.001 -1 0 1.0343 95 15,12 0.001 1 0 12,15 0.001 0 -1 13,14 0.002 1 1 0.0271 65 ::f,1,2 f,1,14 f,13,0 f,14,13 
26:0,3 0.001 0 -1 3,0 0.001 1 0 1,3 0.001 -1 0 0.0292 80 2,12 0.001 1 0 3,14 0.001 0 1 3,15 0.001 -1 0 0.044 50 15,2 0.001 0 1 13,3 0.001 -1 0 13,2 0.001 -1 0 1.0373 95 15,12 0.001 1 1 12,14 0.001 0 -1 13,14 0.002 0 1 0.0281 65 ::f,1,2 f,1,14 f,13,0 f,14,13 
27:0,2 0.001 0 -1 3,0 0.001 1 1 0,3 0.001 -1 0 0.0312 80 3,12 0.001 1 0 3,14 0.001 0 1 2,15 0.001 -1 0 0.046 50 15,3 0.001 0 1 13,3 0.001 -1 0 13,2 0.001 -1 0 1.0383 95 15,12 0.001 0 1 12,13 0.001 0 -1 13,14 0.002 -1 1 0.0291 65 ::f,1,2 f,1,14 f,13,0 f,14,13 
28:0,1 0.001 0 -1 3,0 0.001 0 1 0,3 0.001 -1 -1 0.0322 80 3,12 0.001 1 1 3,15 0.001 0 1 1,15 0.001 -1 0 0.048 50 15,3 0.001 -1 1 12,3 0.001 -1 0 13,2 0.001 -1 0 1.0393 95 15,13 0.001 0 1 12,12 0.001 0 -1 13,14 0.002 -1 0 0.0311 65 ::f,1,2 f,1,14 f,13,0 f,14,13 
29:0,1 0.001 0 -1 3,1 0.001 0 1 0,3 0.001 0 -1 0.0332 80 3,12 0.001 0 1 3,15 0.001 -1 1 1,15 0.001 -1 0 0.048 50 15,3 0.001 -1 0 12,3 0.001 -1 -1 12,2 0.001 -1 0 1.0403 95 15,14 0.001 0 1 12,12 0.001 1 -1 13,14 0.002 -1 -1 0.0321 65 ::f,1,2 f,1,14 f,13,0 f,14,13 
30:0,1 0.001 0 -1 3,2 0.001 0 1 0,2 0.001 0 -1 0.0352 80 3,13 0.001 0 1 3,15 0.001 -1 0 0,15 0.001 -1 0 0.05 50 14,3 0.001 -1 0 12,3 0.001 0 -1 12,2 0.001 -1 -1 1.0413 95 15,15 0.001 0 1 12,12 0.001 1 0 13,14 0.002 0 -1 0.0331 65 ::f,1,2 f,1,14 f,13,0 f,14,13 
31:0,1 0.001 0 -1 3,2 0.001 0 1 0,2 0.001 0 -1 0.0352 80 3,14 0.001 0 1 2,15 0.001 -1 0 0,15 0.001 -1 -1 0.052 50 13,3 0.001 -1 0 12,3 0.001 1 -1 12,2 0.001 0 -1 1.0423 95 15,15 0.001 -1 1 13,12 0.001 1 0 13,14 0.002 1 -1 0.0341 65 ::f,1,2 f,1,14 f,13,0 f,14,13 
32:0,0 0.001 0 -1 3,3 0.001 0 1 0,1 0.001 0 -1 0.0382 80 3,14 0.001 0 1 1,15 0.001 -1 0 0,15 0.001 0 -1 0.053 50 13,3 0.001 -1 0 13,2 0.001 1 -1 12,1 0.001 0 -1 1.0443 95 15,15 0.001 -1 0 14,12 0.001 1 0 13,14 0.002 1 0 0.0351 65 ::f,1,2 f,1,14 f,13,0 f,14,13 
33:0,0 0.001 1 -1 3,3 0.001 -1 1 0,1 0.001 0 -1 0.0382 80 3,14 0.001 0 1 1,15 0.001 -1 0 0,14 0.001 0 -1 0.054 50 12,3 0.001 -1 0 13,2 0.001 1 -1 12,0 0.001 0 -1 1.0463 95 14,15 0.001 -1 0 15,12 0.001 1 0 13,14 0.002 1 1 0.0371 65 ::f,1,2 f,1,14 f,13,0 f,14,13 
34:0,0 0.001 1 0 3,3 0.001 -1 0 0,1 0.001 1 -1 0.0382 80 3,15 0.001 0 1 0,15 0.001 -1 0 0,13 0.001 0 -1 0.057 50 12,3 0.001 -1 -1 14,1 0.001 1 -1 12,0 0.001 1 -1 1.0473 95 13,15 0.001 -1 0 15,12 0.001 1 1 13,14 0.002 0 1 0.0381 65 ::f,1,2 f,1,14 f,13,0 f,14,13 
35:1,0 0.001 1 0 2,3 0.001 -1 0 0,1 0.001 1 0 0.0402 80 3,15 0.001 -1 1 0,15 0.001 -1 -1 0,12 0.001 0 -1 0.058 50 12,3 0.001 0 -1 14,1 0.001 1 -1 12,0 0.001 1 0 1.0473 95 12,15 0.001 -1 0 15,12 0.001 0 1 13,14 0.002 -1 1 0.0391 65 ::f,1,2 f,1,14 f,13,0 f,14,13 
36:2,0 0.001 1 0 1,3 0.001 -1 0 1,1 0.001 1 0 0.0432 80 3,15 0.001 -1 0 0,15 0.001 0 -1 0,12 0.001 1 -1 0.058 50 12,2 0.001 0 -1 14,1 0.001 1 -1 12,0 0.001 1 0 1.0483 95 12,15 0.001 -1 -1 15,13 0.001 0 1 13,14 0.002 -1 0 0.0401 65 ::f,1,2 f,1,14 f,13,0 f,14,13 
37:2,0 0.001 1 0 0,3 0.001 -1 0 2,1 0.001 1 0 0.0452 80 2,15 0.001 -1 0 0,14 0.001 0 -1 0,12 0.001 1 0 0.06 50 12,1 0.001 0 -1 15,0 0.001 1 -1 12,0 0.001 1 0 1.0503 95 12,15 0.001 0 -1 15,14 0.001 0 1 13,14 0.002 -1 -1 0.0411 65 ::f,1,2 f,1,14 f,13,0 f,14,13 
38:3,0 0.001 1 0 0,3 0.001 -1 -1 3,1 0.001 1 0 0.0472 80 1,15 0.001 -1 0 0,13 0.001 0 -1 1,12 0.001 1 0 0.063 50 12,1 0.001 0 -1 15,0 0.001 1 0 12,0 0.001 1 0 2.0504 110 12,14 0.001 0 -1 15,15 0.001 0 1 13,14 0.002 0 -1 0.0431 65 ::f,1,2 f,1,14 f,14,1 f,14,13 
39:3,0 0.001 1 1 0,3 0.001 0 -1 3,1 0.001 1 1 0.0472 80 1,15 0.001 -1 0 0,12 0.001 0 -1 2,12 0.001 1 0 0.065 50 12,1 0.001 1 -1 15,0 0.001 1 1 13,0 0.001 1 0 2.0514 110 12,13 0.001 0 -1 15,15 0.001 -1 1 13,14 0.002 1 -1 0.0441 65 ::f,1,2 f,1,14 f,14,1 f,14,13 
40:3,0 0.001 0 1 0,2 0.001 0 -1 3,1 0.001 0 1 0.0482 80 0,15 0.001 -1 0 0,12 0.001 1 -1 3,12 0.001 1 0 0.067 50 12,1 0.001 1 0 15,0 0.001 0 1 14,0 0.001 1 0 2.0524 110 12,12 0.001 0 -1 15,15 0.001 -1 0 13,14 0.002 1 0 0.0451 65 ::f,1,2 f,1,14 f,14,1 f,14,13 
41:3,0 0.001 -1 1 0,1 0.001 0 -1 3,2 0.001 0 1 0.0502 80 0,15 0.001 -1 -1 0,12 0.001 1 0 3,12 0.001 1 1 0.067 50 13,1 0.001 1 0 15,1 0.001 0 1 14,0 0.001 1 0 2.0544 110 12,12 0.001 1 -1 14,15 0.001 -1 0 13,14 0.002 1 1 0.0461 65 ::f,1,2 f,1,14 f,14,1 f,14,13 
42:2,1 0.001 -1 1 0,1 0.001 0 -1 3,3 0.001 0 1 0.0522 80 0,15 0.001 0 -1 1,12 0.001 1 0 3,12 0.001 0 1 0.068 50 13,1 0.001 1 0 15,1 0.001 0 1 15,0 0.001 1 0 4.0556 140 12,12 0.001 1 0 13,15 0.001 -1 0 13,14 0.002 0 1 0.0471 65 ::f,1,2 f,1,14 f,13,2 f,14,13 
43:2,1 0.001 -1 1 0,1 0.001 0 -1 3,3 0.001 -1 1 1.0523 95 0,14 0.001 0 -1 2,12 0.001 1 0 3,13 0.001 0 1 0.071 50 14,1 0.001 1 0 15,2 0.001 0 1 15,0 0.001 1 1 4.0576 140 13,12 0.001 1 0 13,15 0.001 -1 0 13,14 0.002 -1 1 0.0481 65 ::f,0,2 f,1,14 f,13,2 f,14,13 
44:1,2 0.001 -1 1 0,0 0.001 0 -1 3,3 0.001 -1 0 1.0543 95 0,13 0.001 0 -1 2,12 0.001 1 0 3,14 0.001 0 1 0.073 50 15,1 0.001 1 0 15,2 0.001 0 1 15,0 0.001 0 1 4.0586 140 14,12 0.001 1 0 12,15 0.001 -1 0 13,14 0.002 -1 0 0.0501 65 ::f,0,2 f,1,14 f,13,2 f,14,13 
45:0,3 0.001 -1 1 0,0 0.001 1 -1 2,3 0.001 -1 0 1.0563 95 0,12 0.001 0 -1 3,12 0.001 1 0 3,14 0.001 0 1 0.075 50 15,1 0.001 1 1 15,2 0.001 0 1 15,0 0.001 -1 1 4.0586 140 14,12 0.001 1 0 12,15 0.001 -1 -1 13,14 0.002 -1 -1 0.0501 65 ::f,0,2 f,1,14 f,13,2 f,14,13 
46:0,3 0.001 -1 0 0,0 0.001 1 0 1,3 0.001 -1 0 1.0573 95 0,12 0.001 1 -1 3,12 0.001 1 1 3,15 0.001 0 1 0.076 50 15,1 0.001 0 1 15,3 0.001 0 1 14,1 0.001 -1 1 4.0606 140 15,12 0.001 1 0 12,15 0.001 0 -1 13,14 0.002 0 -1 0.0511 65 ::f,0,2 f,1,14 f,13,2 f,14,13 
47:0,3 0.001 -1 -1 1,0 0.001 1 0 1,3 0.001 -1 0 1.0583 95 0,12 0.001 1 0 3,12 0.001 0 1 3,15 0.001 -1 1 0.076 50 15,2 0.001 0 1 15,3 0.001 -1 1 14,1 0.001 -1 1 6.0617 155 15,12 0.001 1 1 12,14 0.001 0 -1 13,14 0.002 1 -1 0.0521 65 ::f,0,2 f,1,14 f,14,0 f,14,13 
48:0,3 0.001 0 -1 2,0 0.001 1 0 1,3 0.001 -1 -1 1.0593 95 1,12 0.001 1 0 3,13 0.001 0 1 3,15 0.001 -1 0 0.078 50 15,2 0.001 0 1 15,3 0.001 -1 0 13,2 0.001 -1 1 6.0627 155 15,12 0.001 0 1 12,13 0.001 0 -1 13,14 0.002 1 0 0.0531 65 ::f,0,2 f,1,14 f,14,0 f,14,13 
49:0,3 0.001 0 -1 2,0 0.001 1 0 1,3 0.001 -1 -1 1.0593 95 2,12 0.001 1 0 3,14 0.001 0 1 2,15 0.001 -1 0 0.081 50 15,2 0.001 -1 1 14,3 0.001 -1 0 12,3 0.001 -1 1 6.0647 155 15,13 0.001 0 1 12,13 0.001 0 -1 13,14 0.002 1 1 0.0541 65 ::f,0,2 f,1,14 f,14,0 f,14,13 
50:0,3 0.001 0 -1 2,0 0.001 1 0 1,3 0.001 -1 -1 1.0594 110 2,12 0.001 1 0 3,15 0.001 0 1 1,15 0.001 -1 0 0.083 50 15,2 0.001 -1 0 13,3 0.001 -1 0 12,3 0.001 -1 0 6.0657 155 15,14 0.001 0 1 12,12 0.001 0 -1 13,14 0.002 0 1 0.0561 65 ::f,1,2 f,1,14 f,14,0 f,14,13 
51:0,2 0.001 0 -1 3,0 0.001 1 0 1,3 0.001 -1 -1 1.0614 110 3,12 0.001 1 0 3,15 0.001 -1 1 0,15 0.001 -1 0 0.085 50 14,2 0.001 -1 0 13,3 0.001 -1 0 12,3 0.001 -1 -1 6.0667 155 15,15 0.001 0 1 12,12 0.001 1 -1 13,14 0.002 -1 1 0.0571 65 ::f,1,2 f,1,14 f,14,0 f,14,13 
52:0,1 0.001 0 -1 3,0 0.001 1 1 0,2 0.001 -1 -1 1.0634 110 3,12 0.001 1 1 3,15 0.001 -1 0 0,15 0.001 -1 -1 0.085 50 13,2 0.001 -1 0 13,3 0.001 -1 -1 12,3 0.001 0 -1 6.0677 155 15,15 0.001 -1 1 12,12 0.001 1 0 13,14 0.002 -1 0 0.0571 65 ::f,1,2 f,1,14 f,14,0 f,14,13 
53:0,0 0.001 0 -1 3,0 0.001 0 1 0,2 0.001 0 -1 1.0644 110 3,12 0.001 0 1 2,15 0.001 -1 0 0,15 0.001 0 -1 0.086 50 13,2 0.001 -1 0 12,2 0.001 -1 -1 12,3 0.001 1 -1 6.0687 155 15,15 0.001 -1 0 13,12 0.001 1 0 13,14 0.002 -1 -1 0.0581 65 ::f,1,2 f,1,14 f,14,0 f,14,13 
54:0,0 0.001 1 -1 3,1 0.001 0 1 0,1 0.001 0 -1 1.0664 110 3,13 0.001 0 1 1,15 0.001 -1 0 0,14 0.001 0 -1 0.089 50 13,2 0.001 -1 0 12,2 0.001 0 -1 12,3 0.001 1 0 6.0687 155 14,15 0.001 -1 0 14,12 0.001 1 0 13,14 0.002 0 -1 0.0601 65 ::f,1,2 f,1,14 f,14,0 f,14,13 
55:0,0 0.001 1 0 3,2 0.001 0 1 0,1 0.001 0 -1 1.0674 110 3,14 0.001 0 1 1,15 0.001 -1 0 0,13 0.001 0 -1 0.091 50 13,2 0.001 -1 -1 12,1 0.001 0 -1 13,3 0.001 1 0 6.0707 155 13,15 0.001 -1 0 14,12 0.001 1 0 13,14 0.002 1 -1 0.0611 65 ::f,1,2 f,1,14 f,14,0 f,14,13 
56:1,0 0.001 1 0 3,3 0.001 0 1 0,0 0.001 0 -1 1.0704 110 3,14 0.001 0 1 0,15 0.001 -1 0 0,13 0.001 0 -1 0.092 50 13,2 0.001 0 -1 12,1 0.001 0 -1 13,3 0.001 1 0 6.0707 155 13,15 0.001 -1 0 14,12 0.001 1 0 13,14 0.002 1 0 0.0611 65 ::f,1,2 f,1,14 f,14,0 f,14,13 
57:2,0 0.001 1 0 3,3 0.001 -1 1 0,0 0.001 1 -1 1.0714 110 3,14 0.001 0 1 0,15 0.001 -1 -1 0,12 0.001 0 -1 0.093 50 13,1 0.001 0 -1 12,0 0.001 0 -1 13,3 0.001 1 0 6.0727 155 12,15 0.001 -1 0 15,12 0.001 1 0 13,14 0.002 1 1 0.0631 65 ::f,1,2 f,1,14 f,14,0 f,14,13 
58:3,0 0.001 1 0 3,3 0.001 -1 0 0,0 0.001 1 0 1.0724 110 3,15 0.001 0 1 0,15 0.001 0 -1 0,12 0.001 1 -1 0.094 50 13,0 0.001 0 -1 12,0 0.001 1 -1 13,3 0.001 1 0 6.0737 155 12,15 0.001 -1 -1 15,12 0.001 1 1 13,14 0.002 0 1 0.0631 65 ::f,1,2 f,1,14 f,14,0 f,14,13 
59:3,0 0.001 1 1 2,3 0.001 -1 0 1,0 0.001 1 0 1.0744 110 3,15 0.001 -1 1 0,14 0.001 0 -1 0,12 0.001 1 0 0.095 50 13,0 0.001 1 -1 12,0 0.001 1 0 13,3 0.001 1 0 6.0737 155 12,15 0.001 0 -1 15,12 0.001 0 1 13,14 0.002 -1 1 0.0631 65 ::f,1,2 f,1,14 f,14,0 f,14,13 
60:3,0 0.001 0 1 1,3 0.001 -1 0 2,0 0.001 1 0 1.0764 110 3,15 0.001 -1 0 0,13 0.001 0 -1 1,12 0.001 1 0 0.097 50 13,0 0.001 1 0 12,0 0.001 1 1 13,3 0.001 1 0 6.0737 155 12,14 0.001 0 -1 15,13 0.001 0 1 13,14 0.002 -1 0 0.0651 65 ::f,1,2 f,1,14 f,14,0 f,14,13 
61:3,1 0.001 0 1 0,3 0.001 -1 0 3,0 0.001 1 0 1.0794 110 2,15 0.001 -1 0 0,12 0.001 0 -1 2,12 0.001 1 0 0.1 50 13,0 0.001 1 0 13,1 0.001 1 1 14,3 0.001 1 0 6.0757 155 12,13 0.001 0 -1 15,14 0.001 0 1 13,14 0.002 -1 -1 0.0671 65 ::f,1,2 f,1,14 f,14,0 f,14,13 
62:3,2 0.001 0 1 0,3 0.001 -1 -1 3,0 0.001 1 1 1.0804 110 1,15 0.001 -1 0 0,12 0.001 1 -1 2,12 0.001 1 0 0.101 50 13,0 0.001 1 0 13,1 0.001 1 1 15,3 0.001 1 0 6.0767 155 12,13 0.001 0 -1 15,14 0.001 0 1 13,14 0.002 0 -1 0.0671 65 ::f,1,2 f,1,14 f,14,0 f,14,13 
63:3,2 0.001 0 1 0,3 0.001 0 -1 3,0 0.001 0 1 1.0804 110 1,15 0.001 -1 0 0,12 0.001 1 0 3,12 0.001 1 0 0.102 50 13,0 0.001 1 0 13,1 0.001 1 1 15,3 0.001 1 1 7.0768 170 12,12 0.001 0 -1 15,15 0.001 0 1 13,14 0.002 1 -1 0.0691 65 ::f,1,2 f,1,14 f,14,13 f,15,1 
64:3,2 0.001 0 1 0,2 0.001 0 -1 3,1 0.001 0 1 1.0824 110 0,15 0.001 -1 0 1,12 0.001 1 0 3,12 0.001 1 1 0.104 50 14,0 0.001 1 0 13,1 0.001 1 1 15,3 0.001 0 1 7.0778 170 12,12 0.001 1 -1 15,15 0.001 -1 1 13,14 0.002 1 0 0.0691 65 ::f,1,2 f,1,14 f,14,13 f,15,1 
65:3,3 0.001 0 1 0,1 0.001 0 -1 3,2 0.001 0 1 1.0854 110 0,15 0.001 -1 -1 2,12 0.001 1 0 3,12 0.001 0 1 0.105 50 15,0 0.001 1 0 14,2 0.001 1 1 15,3 0.001 -1 1 7.0798 170 12,12 0.001 1 0 15,15 0.001 -1 0 13,14 0.002 1 1 0.0691 65 ::f,1,2 f,1,14 f,14,13 f,15,1 
66:3,3 0.001 -1 1 0,1 0.001 0 -1 3,2 0.001 0 1 1.0854 110 0,15 0.001 0 -1 2,12 0.001 1 0 3,13 0.001 0 1 0.106 50 15,0 0.001 1 1 14,2 0.001 1 1 15,3 0.001 -1 0 7.0798 170 13,12 0.001 1 0 14,15 0.001 -1 0 13,14 0.002 0 1 0.0711 65 ::f,1,2 f,1,14 f,14,13 f,15,1 
67:3,3 0.001 -1 0 0,1 0.001 0 -1 3,2 0.001 -1 1 1.0854 110 0,14 0.001 0 -1 3,12 0.001 1 0 3,14 0.001 0 1 0.109 50 15,0 0.001 0 1 14,2 0.001 0 1 14,3 0.001 -1 0 7.0808 170 14,12 0.001 1 0 13,15 0.001 -1 0 13,14 0.002 -1 1 0.0731 65 ::f,1,2 f,1,14 f,14,13 f,15,1 
68:2,3 0.001 -1 0 0,1 0.001 0 -1 3,2 0.001 -1 0 1.0864 110 0,13 0.001 0 -1 3,12 0.001 1 1 3,14 0.001 0 1 0.11 50 15,0 0.001 0 1 14,2 0.001 -1 1 13,3 0.001 -1 0 7.0818 170 15,12 0.001 1 0 12,15 0.001 -1 0 13,14 0.002 -1 0 0.0751 65 ::f,1,2 f,1,14 f,14,13 f,15,1 
69:1,3 0.001 -1 0 0,0 0.001 0 -1 2,2 0.001 -1 0 1.0894 110 0,12 0.001 0 -1 3,12 0.001 0 1 3,14 0.001 0 1 0.111 50 15,0 0.001 0 1 14,2 0.001 -1 0 12,3 0.001 -1 0 7.0828 170 15,12 0.001 1 1 12,15 0.001 -1 -1 13,14 0.002 -1 -1 0.0751 65 ::f,1,2 f,1,14 f,14,13 f,15,1 
70:0,3 0.001 -1 0 0,0 0.001 1 -1 2,2 0.001 -1 0 2.0905 125 0,12 0.001 1 -1 3,13 0.001 0 1 3,14 0.001 0 1 0.112 50 15,0 0.001 0 1 13,2 0.001 -1 0 12,3 0.001 -1 -1 9.0839 185 15,12 0.001 0 1 12,15 0.001 0 -1 13,14 0.002 0 -1 0.0751 65 ::f,1,14 f,2,0 f,13,1 f,14,13 
71:0,3 0.001 -1 -1 0,0 0.001 1 0 1,2 0.001 -1 0 2.0915 125 0,12 0.001 1 0 3,13 0.001 0 1 3,14 0.001 0 1 0.112 50 15,1 0.001 0 1 12,2 0.001 -1 0 12,3 0.001 0 -1 9.0859 185 15,13 0.001 0 1 12,14 0.001 0 -1 13,14 0.002 1 -1 0.0771 65 ::f,1,14 f,2,0 f,13,1 f,14,13 
72:0,3 0.001 0 -1 1,0 0.001 1 0 1,2 0.001 -1 0 2.0925 125 1,12 0.001 1 0 3,13 0.001 -1 1 3,15 0.001 0 1 0.114 50 15,1 0.001 0 1 12,2 0.001 -1 -1 12,3 0.001 1 -1 9.0859 185 15,14 0.001 0 1 12,13 0.001 0 -1 13,14 0.002 1 0 0.0791 65 ::f,1,14 f,2,0 f,13,1 f,14,13 
73:0,2 0.001 0 -1 1,0 0.001 1 0 1,2 0.001 -1 0 3.0936 140 2,12 0.001 1 0 2,14 0.001 -1 1 3,15 0.001 -1 1 0.116 50 15,1 0.001 0 1 12,2 0.001 0 -1 13,2 0.001 1 -1 9.0869 185 15,15 0.001 0 1 12,12 0.001 0 -1 13,14 0.002 1 1 0.0811 65 ::f,1,3 f,1,14 f,13,1 f,14,13 
74:0,1 0.001 0 -1 2,0 0.001 1 0 0,2 0.001 -1 0 3.0966 140 2,12 0.001 1 0 1,15 0.001 -1 1 3,15 0.001 -1 0 0.117 50 15,2 0.001 0 1 12,1 0.001 0 -1 13,2 0.001 1 -1 9.0889 185 15,15 0.001 -1 1 12,12 0.001 1 -1 13,14 0.002 0 1 0.0811 65 ::f,1,3 f,1,14 f,13,1 f,14,13 
75:0,0 0.001 0 -1 3,0 0.001 1 0 0,2 0.001 -1 -1 3.0986 140 3,12 0.001 1 0 1,15 0.001 -1 0 2,15 0.001 -1 0 0.119 50 15,3 0.001 0 1 12,0 0.001 0 -1 13,2 0.001 1 -1 9.0909 185 15,15 0.001 -1 0 12,12 0.001 1 0 13,14 0.002 -1 1 0.0811 65 ::f,1,3 f,1,14 f,13,1 f,14,13 
76:0,0 0.001 1 -1 3,0 0.001 1 1 0,2 0.001 0 -1 3.0986 140 3,12 0.001 1 1 0,15 0.001 -1 0 1,15 0.001 -1 0 0.121 50 15,3 0.001 -1 1 12,0 0.001 1 -1 14,1 0.001 1 -1 9.0919 185 14,15 0.001 -1 0 13,12 0.001 1 0 13,14 0.002 -1 0 0.0831 65 ::f,1,3 f,1,14 f,13,1 f,14,13 
77:0,0 0.001 1 0 3,0 0.001 0 1 0,1 0.001 0 -1 3.0996 140 3,12 0.001 0 1 0,15 0.001 -1 -1 1,15 0.001 -1 0 0.121 50 15,3 0.001 -1 0 12,0 0.001 1 0 14,1 0.001 1 -1 9.0919 185 13,15 0.001 -1 0 14,12 0.001 1 0 13,14 0.002 -1 -1 0.0851 65 ::f,1,3 f,1,14 f,13,1 f,14,13 
78:1,0 0.001 1 0 3,1 0.001 0 1 0,0 0.001 0 -1 3.1026 140 3,13 0.001 0 1 0,15 0.001 0 -1 1,15 0.001 -1 -1 0.122 50 14,3 0.001 -1 0 13,0 0.001 1 0 14,1 0.001 1 -1 9.0939 185 13,15 0.001 -1 0 15,12 0.001 1 0 13,14 0.002 0 -1 0.0861 65 ::f,1,3 f,1,14 f,13,1 f,14,13 
79:2,0 0.001 1 0 3,2 0.001 0 1 0,0 0.001 1 -1 3.1046 140 3,14 0.001 0 1 0,14 0.001 0 -1 1,15 0.001 0 -1 0.124 50 13,3 0.001 -1 0 14,0 0.001 1 0 15,0 0.001 1 -1 9.0969 185 12,15 0.001 -1 0 15,12 0.001 1 1 13,14 0.002 1 -1 0.0871 65 ::f,1,3 f,1,14 f,13,1 f,14,13 
80:3,0 0.001 1 0 3,2 0.001 0 1 0,0 0.001 1 0 3.1056 140 3,14 0.001 0 1 0,13 0.001 0 -1 1,15 0.001 0 -1 0.125 50 12,3 0.001 -1 0 14,0 0.001 1 0 15,0 0.001 1 0 9.0979 185 12,15 0.001 -1 -1 15,12 0.001 0 1 13,14 0.002 1 0 0.0871 65 ::f,1,3 f,1,14 f,13,1 f,14,13 
81:3,0 0.001 1 1 3,2 0.001 0 1 1,0 0.001 1 0 3.1066 140 3,15 0.001 0 1 0,12 0.001 0 -1 1,15 0.001 0 -1 0.127 50 12,3 0.001 -1 -1 14,0 0.001 1 1 15,0 0.001 1 1 9.0979 185 12,15 0.001 0 -1 15,13 0.001 0 1 13,14 0.002 1 1 0.0881 65 ::f,1,3 f,1,14 f,13,1 f,14,13 
82:3,0 0.001 0 1 3,3 0.001 0 1 2,0 0.001 1 0 3.1086 140 3,15 0.001 -1 1 0,12 0.001 1 -1 1,15 0.001 0 -1 0.1271 65 12,3 0.001 0 -1 15,1 0.001 1 1 15,0 0.001 0 1 9.0989 185 12,14 0.001 0 -1 15,14 0.001 0 1 13,14 0.002 0 1 0.0901 65 ::f,1,3 f,2,12 f,13,1 f,14,13 
83:3,1 0.001 0 1 3,3 0.001 -1 1 3,0 0.001 1 0 3.1106 140 3,15 0.001 -1 0 0,12 0.001 1 0 1,14 0.001 0 -1 0.1281 65 12,2 0.001 0 -1 15,1 0.001 0 1 15,0 0.001 -1 1 9.0999 185 12,13 0.001 0 -1 15,15 0.001 0 1 13,14 0.002 -1 1 0.0921 65 ::f,1,3 f,2,12 f,13,1 f,14,13 
84:3,2 0.001 0 1 3,3 0.001 -1 0 3,0 0.001 1 1 3.1116 140 2,15 0.001 -1 0 1,12 0.001 1 0 1,13 0.001 0 -1 0.1311 65 12,1 0.001 0 -1 15,2 0.001 0 1 14,1 0.001 -1 1 9.1029 185 12,12 0.001 0 -1 15,15 0.001 -1 1 13,14 0.002 -1 0 0.0931 65 ::f,1,3 f,2,12 f,13,1 f,14,13 
85:3,2 0.001 0 1 2,3 0.001 -1 0 3,0 0.001 0 1 3.1126 140 1,15 0.001 -1 0 1,12 0.001 1 0 1,13 0.001 0 -1 0.1322 80 12,0 0.001 0 -1 15,3 0.001 0 1 14,1 0.001 -1 1 9.1049 185 12,12 0.001 1 -1 15,15 0.001 -1 0 13,14 0.002 -1 -1 0.0931 65 ::f,1,3 f,2,13 f,13,1 f,14,13 
86:3,3 0.001 0 1 2,3 0.001 -1 0 3,1 0.001 0 1 5.1147 155 1,15 0.001 -1 0 2,12 0.001 1 0 1,12 0.001 0 -1 0.1342 80 12,0 0.001 1 -1 15,3 0.001 -1 1 13,2 0.001 -1 1 9.1059 185 12,12 0.001 1 0 14,15 0.001 -1 0 13,14 0.002 0 -1 0.0941 65 ::f,2,1 f,2,13 f,13,1 f,14,13 
87:3,3 0.001 -1 1 1,3 0.001 -1 0 3,2 0.001 0 1 5.1167 155 0,15 0.001 -1 0 3,12 0.001 1 0 1,12 0.001 1 -1 0.1362 80 12,0 0.001 1 0 15,3 0.001 -1 0 12,3 0.001 -1 1 9.1069 185 13,12 0.001 1 0 13,15 0.001 -1 0 13,14 0.002 1 -1 0.0961 65 ::f,2,1 f,2,13 f,13,1 f,14,13 
88:3,3 0.001 -1 0 1,3 0.001 -1 0 3,2 0.001 0 1 5.1167 155 0,15 0.001 -1 -1 3,12 0.001 1 1 1,12 0.001 1 0 0.1362 80 13,0 0.001 1 0 14,3 0.001 -1 0 12,3 0.001 -1 0 9.1089 185 14,12 0.001 1 0 13,15 0.001 -1 0 13,14 0.002 1 0 0.0971 65 ::f,2,1 f,2,13 f,13,1 f,14,13 
89:2,3 0.001 -1 0 0,3 0.001 -1 0 3,3 0.001 0 1 5.1197 155 0,15 0.001 0 -1 3,12 0.001 0 1 2,12 0.001 1 0 0.1372 80 14,0 0.001 1 0 13,3 0.001 -1 0 12,3 0.001 -1 -1 9.1109 185 14,12 0.001 1 0 13,15 0.001 -1 0 13,14 0.002 1 1 0.0971 65 ::f,2,1 f,2,13 f,13,1 f,14,13 
90:1,3 0.001 -1 0 0,3 0.001 -1 -1 3,3 0.001 -1 1 5.1207 155 0,14 0.001 0 -1 3,13 0.001 0 1 3,12 0.001 1 0 0.1402 80 15,0 0.001 1 0 13,3 0.001 -1 0 12,3 0.001 0 -1 9.1119 185 15,12 0.001 1 0 12,15 0.001 -1 0 13,14 0.002 0 1 0.0991 65 ::f,2,1 f,2,13 f,13,1 f,14,13 
91:1,3 0.001 -1 0 0,3 0.001 0 -1 3,3 0.001 -1 0 5.1207 155 0,13 0.001 0 -1 3,14 0.001 0 1 3,12 0.001 1 1 0.1422 80 15,0 0.001 1 1 13,3 0.001 -1 -1 12,2 0.001 0 -1 9.1129 185 15,12 0.001 1 1 12,15 0.001 -1 -1 13,14 0.002 -1 1 0.0991 65 ::f,2,1 f,2,13 f,13,1 f,14,13 
92:1,3 0.001 -1 -1 0,2 0.001 0 -1 2,3 0.001 -1 0 5.1227 155 0,12 0.001 0 -1 3,14 0.001 0 1 3,12 0.001 0 1 0.1432 80 15,0 0.001 0 1 13,3 0.001 0 -1 12,1 0.001 0 -1 9.1139 185 15,12 0.001 0 1 12,15 0.001 0 -1 13,14 0.002 -1 0 0.0991 65 ::f,2,1 f,2,13 f,13,1 f,14,13 
93:1,3 0.001 0 -1 0,1 0.001 0 -1 2,3 0.001 -1 0 5.1237 155 0,12 0.001 1 -1 3,15 0.001 0 1 3,13 0.001 0 1 0.1452 80 15,1 0.001 0 1 13,2 0.001 0 -1 12,0 0.001 0 -1 9.1169 185 15,13 0.001 0 1 12,14 0.001 0 -1 13,14 0.002 -1 -1 0.1011 65 ::f,2,1 f,2,13 f,13,1 f,14,13 
94:1,2 0.001 0 -1 0,0 0.001 0 -1 1,3 0.001 -1 0 5.1267 155 0,12 0.001 1 0 3,15 0.001 -1 1 3,14 0.001 0 1 0.1462 80 15,2 0.001 0 1 13,2 0.001 0 -1 12,0 0.001 1 -1 12.118 200 15,14 0.001 0 1 12,13 0.001 0 -1 13,14 0.002 0 -1 0.1031 65 ::f,2,1 f,2,13 f,12,1 f,14,13 
95:1,2 0.001 0 -1 0,0 0.001 1 -1 0,3 0.001 -1 0 5.1277 155 1,12 0.001 1 0 3,15 0.001 -1 0 3,14 0.001 0 1 0.1472 80 15,3 0.001 0 1 13,1 0.001 0 -1 12,0 0.001 1 0 12.12 200 15,15 0.001 0 1 12,13 0.001 0 -1 13,14 0.002 1 -1 0.1041 65 ::f,2,1 f,2,13 f,12,1 f,14,13 
96:1,1 0.001 0 -1 0,0 0.001 1 0 0,3 0.001 -1 -1 5.1287 155 2,12 0.001 1 0 2,15 0.001 -1 0 3,15 0.001 0 1 0.1502 80 15,3 0.001 -1 1 13,0 0.001 0 -1 12,0 0.001 1 1 12.121 200 15,15 0.001 -1 1 12,12 0.001 0 -1 13,14 0.002 1 0 0.1051 65 ::f,2,1 f,2,13 f,12,1 f,14,13 
97:1,0 0.001 0 -1 0,0 0.001 1 1 0,3 0.001 0 -1 5.1297 155 2,12 0.001 1 0 1,15 0.001 -1 0 3,15 0.001 -1 1 0.1512 80 15,3 0.001 -1 0 13,0 0.001 1 -1 13,1 0.001 1 1 12.122 200 15,15 0.001 -1 0 12,12 0.001 1 -1 13,14 0.002 1 1 0.1051 65 ::f,2,1 f,2,13 f,12,1 f,14,13 
98:1,0 0.001 1 -1 1,1 0.001 1 1 0,2 0.001 0 -1 5.1317 155 3,12 0.001 1 0 0,15 0.001 -1 0 3,15 0.001 -1 0 0.1532 80 14,3 0.001 -1 0 13,0 0.001 1 0 14,2 0.001 1 1 12.124 200 14,15 0.001 -1 0 12,12 0.001 1 0 13,14 0.002 0 1 0.1061 65 ::f,2,1 f,2,13 f,12,1 f,14,13 
99:1,0 0.001 1 0 1,1 0.001 1 1 0,1 0.001 0 -1 5.1327 155 3,12 0.001 1 1 0,15 0.001 -1 -1 2,15 0.001 -1 0 0.1542 80 13,3 0.001 -1 0 14,0 0.001 1 0 15,3 0.001 1 1 12.127 200 13,15 0.001 -1 0 13,12 0.001 1 0 13,14 0.002 -1 1 0.1081 65 ::f,2,1 f,2,13 f,12,1 f,14,13 
100:2,0 0.001 1 0 2,2 0.001 1 1 0,0 0.001 0 -1 5.1357 155 3,12 0.001 0 1 0,15 0.001 0 -1 1,15 0.001 -1 0 0.1552 80 13,3 0.001 -1 0 15,0 0.001 1 0 15,3 0.001 0 1 12.128 200 12,15 0.001 -1 0 14,12 0.001 1 0 13,14 0.002 -1 0 0.1101 65 ::f,2,1 f,2,13 f,12,1 f,14,13 
101:3,0 0.001 1 0 2,2 0.001 1 1 0,0 0.001 1 -1 5.1367 155 3,13 0.001 0 1 0,14 0.001 0 -1 1,15 0.001 -1 0 0.1572 80 12,3 0.001 -1 0 15,0 0.001 1 1 15,3 0.001 -1 1 12.129 200 12,15 0.001 -1 -1 15,12 0.001 1 0 13,14 0.002 -1 -1 0.1111 65 ::f,2,1 f,2,13 f,12,1 f,14,13 
102:3,0 0.001 1 1 3,3 0.001 1 1 0,0 0.001 1 0 5.1377 155 3,14 0.001 0 1 0,13 0.001 0 -1 0,15 0.001 -1 0 0.1602 80 12,3 0.001 -1 -1 15,0 0.001 0 1 15,3 0.001 -1 0 12.129 200 12,15 0.001 0 -1 15,12 0.001 1 1 13,14 0.002 0 -1 0.1111 65 ::f,2,1 f,2,13 f,12,1 f,14,13 
103:3,0 0.001 0 1 3,3 0.001 0 1 1,0 0.001 1 0 5.1387 155 3,14 0.001 0 1 0,12 0.001 0 -1 0,15 0.001 -1 -1 0.1612 80 12,3 0.001 0 -1 15,1 0.001 0 1 14,3 0.001 -1 0 12.131 200 12,14 0.001 0 -1 15,12 0.001 0 1 13,14 0.002 1 -1 0.1121 65 ::f,2,1 f,2,13 f,12,1 f,14,13 
104:3,1 0.001 0 1 3,3 0.001 -1 1 2,0 0.001 1 0 5.1407 155 3,14 0.001 0 1 0,12 0.001 1 -1 0,15 0.001 0 -1 0.1612 80 12,2 0.001 0 -1 15,2 0.001 0 1 13,3 0.001 -1 0 12.134 200 12,13 0.001 0 -1 15,13 0.001 0 1 13,14 0.002 1 0 0.1141 65 ::f,2,1 f,2,13 f,12,1 f,14,13 
105:3,2 0.001 0 1 3,3 0.001 -1 0 2,0 0.001 1 0 5.1417 155 3,15 0.001 0 1 0,12 0.001 1 0 0,14 0.001 0 -1 0.1632 80 12,2 0.001 0 -1 15,2 0.001 0 1 13,3 0.001 -1 0 15.1341 215 12,12 0.001 0 -1 15,14 0.001 0 1 13,14 0.002 1 1 0.1161 65 ::f,2,1 f,2,13 f,12,1 f,14,13 
106:3,2 0.001 0 1 2,3 0.001 -1 0 2,0 0.001 1 0 5.1427 155 3,15 0.001 -1 1 1,12 0.001 1 0 0,13 0.001 0 -1 0.1652 80 12,2 0.001 0 -1 15,3 0.001 0 1 12,3 0.001 -1 0 15.1361 215 12,12 0.001 1 -1 15,15 0.001 0 1 13,14 0.002 0 1 0.1171 65 ::f,2,1 f,2,13 f,12,1 f,14,13 
107:3,3 0.001 0 1 1,3 0.001 -1 0 2,0 0.001 1 0 5.1447 155 3,15 0.001 -1 0 2,12 0.001 1 0 0,13 0.001 0 -1 0.1662 80 12,2 0.001 0 -1 15,3 0.001 -1 1 12,3 0.001 -1 -1 15.1361 215 12,12 0.001 1 0 15,15 0.001 -1 1 13,14 0.002 -1 1 0.1171 65 ::f,2,1 f,2,13 f,12,1 f,14,13 
108:3,3 0.001 -1 1 1,3 0.001 -1 0 3,0 0.001 1 0 5.1457 155 2,15 0.001 -1 0 3,12 0.001 1 0 0,12 0.001 0 -1 0.1692 80 12,2 0.001 0 -1 15,3 0.001 -1 0 12,3 0.001 0 -1 19.1362 230 13,12 0.001 1 0 15,15 0.001 -1 0 13,14 0.002 -1 0 0.1181 65 ::f,2,1 f,2,13 f,13,1 f,14,13 
109:3,3 0.001 -1 0 0,3 0.001 -1 0 3,0 0.001 1 1 5.1467 155 1,15 0.001 -1 0 3,12 0.001 1 1 0,12 0.001 1 -1 0.1702 80 12,1 0.001 0 -1 14,3 0.001 -1 0 12,2 0.001 0 -1 19.1392 230 14,12 0.001 1 0 14,15 0.001 -1 0 13,14 0.002 -1 -1 0.1201 65 ::f,2,1 f,2,13 f,13,1 f,14,13 
110:2,3 0.001 -1 0 0,3 0.001 -1 -1 3,0 0.001 0 1 5.1477 155 0,15 0.001 -1 0 3,12 0.001 0 1 0,12 0.001 1 0 0.1712 80 12,0 0.001 0 -1 13,3 0.001 -1 0 12,1 0.001 0 -1 19.1422 230 15,12 0.001 1 0 13,15 0.001 -1 0 13,14 0.002 0 -1 0.1221 65 ::f,2,1 f,2,13 f,13,1 f,14,13 
111:1,3 0.001 -1 0 0,3 0.001 0 -1 3,1 0.001 0 1 5.1497 155 0,15 0.001 -1 -1 3,13 0.001 0 1 1,12 0.001 1 0 0.1732 80 12,0 0.001 1 -1 13,3 0.001 -1 0 12,1 0.001 0 -1 19.1422 230 15,12 0.001 1 1 12,15 0.001 -1 0 13,14 0.002 1 -1 0.1231 65 ::f,2,1 f,2,13 f,13,1 f,14,13 
112:1,3 0.001 -1 0 0,2 0.001 0 -1 3,2 0.001 0 1 5.1517 155 0,15 0.001 0 -1 3,14 0.001 0 1 2,12 0.001 1 0 0.1752 80 12,0 0.001 1 0 13,3 0.001 -1 0 12,1 0.001 1 -1 19.1422 230 15,12 0.001 0 1 12,15 0.001 -1 -1 13,14 0.002 1 0 0.1231 65 ::f,2,1 f,2,13 f,13,1 f,14,13 
113:0,3 0.001 -1 0 0,1 0.001 0 -1 3,3 0.001 0 1 5.1547 155 0,14 0.001 0 -1 3,15 0.001 0 1 3,12 0.001 1 0 0.1782 80 13,0 0.001 1 0 13,3 0.001 -1 0 12,1 0.001 1 0 19.1432 230 15,13 0.001 0 1 12,15 0.001 0 -1 13,14 0.002 1 1 0.1241 65 ::f,2,1 f,2,13 f,13,1 f,14,13 
114:0,3 0.001 -1 -1 0,0 0.001 0 -1 3,3 0.001 -1 1 5.1557 155 0,13 0.001 0 -1 3,15 0.001 -1 1 3,12 0.001 1 1 0.1792 80 14,0 0.001 1 0 12,3 0.001 -1 0 12,1 0.001 1 0 19.1452 230 15,14 0.001 0 1 12,14 0.001 0 -1 13,14 0.002 0 1 0.1261 65 ::f,2,1 f,2,13 f,13,1 f,14,13 
115:0,3 0.001 0 -1 0,0 0.001 1 -1 3,3 0.001 -1 0 5.1557 155 0,12 0.001 0 -1 3,15 0.001 -1 0 3,12 0.001 0 1 0.1802 80 15,0 0.001 1 0 12,3 0.001 -1 -1 12,1 0.001 1 0 19.1462 230 15,15 0.001 0 1 12,13 0.001 0 -1 13,14 0.002 -1 1 0.1281 65 ::f,2,1 f,2,13 f,13,1 f,14,13 
116:0,2 0.001 0 -1 0,0 0.001 1 0 2,3 0.001 -1 0 5.1577 155 0,12 0.001 1 -1 2,15 0.001 -1 0 3,13 0.001 0 1 0.1822 80 15,0 0.001 1 1 12,3 0.001 0 -1 12,1 0.001 1 0 22.1463 245 15,15 0.001 -1 1 12,12 0.001 0 -1 13,14 0.002 -1 0 0.1291 65 ::f,2,1 f,2,13 f,14,13 f,15,2 
117:0,1 0.001 0 -1 1,0 0.001 1 0 1,3 0.001 -1 0 5.1607 155 0,12 0.001 1 0 1,15 0.001 -1 0 3,14 0.001 0 1 0.1842 80 15,0 0.001 0 1 12,2 0.001 0 -1 13,1 0.001 1 0 22.1483 245 15,15 0.001 -1 0 12,12 0.001 1 -1 13,14 0.002 -1 -1 0.1291 65 ::f,2,1 f,2,13 f,14,13 f,15,2 
118:0,1 0.001 0 -1 2,0 0.001 1 0 1,3 0.001 -1 0 5.1617 155 1,12 0.001 1 0 0,15 0.001 -1 0 3,15 0.001 0 1 0.1872 80 15,1 0.001 0 1 12,1 0.001 0 -1 13,1 0.001 1 0 22.1503 245 14,15 0.001 -1 0 12,12 0.001 1 0 13,14 0.002 0 -1 0.1301 65 ::f,2,1 f,2,13 f,14,13 f,15,2 
119:0,0 0.001 0 -1 3,0 0.001 1 0 0,3 0.001 -1 0 5.1647 155 2,12 0.001 1 0 0,15 0.001 -1 -1 3,15 0.001 -1 1 0.1882 80 15,1 0.001 0 1 12,0 0.001 0 -1 13,1 0.001 1 0 27.1514 260 13,15 0.001 -1 0 13,12 0.001 1 0 13,14 0.002 1 -1 0.1321 65 ::f,2,1 f,2,13 f,14,13 f,15,2 
120:0,0 0.001 1 -1 3,0 0.001 1 1 0,3 0.001 -1 -1 5.1647 155 2,12 0.001 1 0 0,15 0.001 0 -1 3,15 0.001 -1 0 0.1882 80 15,1 0.001 0 1 12,0 0.001 1 -1 13,1 0.001 1 0 27.1514 260 12,15 0.001 -1 0 14,12 0.001 1 0 13,14 0.002 1 0 0.1341 65 ::f,2,1 f,2,13 f,14,13 f,15,2 
121:0,0 0.001 1 0 3,0 0.001 0 1 0,3 0.001 0 -1 5.1647 155 3,12 0.001 1 0 0,14 0.001 0 -1 2,15 0.001 -1 0 0.1912 80 15,1 0.001 0 1 12,0 0.001 1 0 14,1 0.001 1 0 33.1525 275 12,15 0.001 -1 -1 14,12 0.001 1 0 13,14 0.002 1 1 0.1341 65 ::f,2,1 f,2,13 f,12,2 f,14,13 
122:1,0 0.001 1 0 3,1 0.001 0 1 0,2 0.001 0 -1 5.1677 155 3,12 0.001 1 1 0,13 0.001 0 -1 1,15 0.001 -1 0 0.1932 80 15,2 0.001 0 1 13,0 0.001 1 0 14,1 0.001 1 0 33.1545 275 12,15 0.001 0 -1 15,12 0.001 1 0 13,14 0.002 0 1 0.1351 65 ::f,2,1 f,2,13 f,12,2 f,14,13 
123:2,0 0.001 1 0 3,2 0.001 0 1 0,1 0.001 0 -1 5.1707 155 3,12 0.001 0 1 0,13 0.001 0 -1 0,15 0.001 -1 0 0.1942 80 15,3 0.001 0 1 14,0 0.001 1 0 14,1 0.001 1 0 33.1565 275 12,14 0.001 0 -1 15,12 0.001 1 1 13,14 0.002 -1 1 0.1361 65 ::f,2,1 f,2,13 f,12,2 f,14,13 
124:3,0 0.001 1 0 3,2 0.001 0 1 0,0 0.001 0 -1 5.1727 155 3,13 0.001 0 1 0,12 0.001 0 -1 0,15 0.001 -1 -1 0.1962 80 15,3 0.001 -1 1 15,0 0.001 1 0 14,1 0.001 1 0 33.1575 275 12,13 0.001 0 -1 15,12 0.001 0 1 13,14 0.002 -1 0 0.1371 65 ::f,2,1 f,2,13 f,12,2 f,14,13 
125:3,0 0.001 1 1 3,2 0.001 0 1 0,0 0.001 1 -1 5.1727 155 3,14 0.001 0 1 0,12 0.001 1 -1 0,15 0.001 0 -1 0.1972 80 15,3 0.001 -1 0 15,0 0.001 1 1 15,1 0.001 1 0 33.1585 275 12,12 0.001 0 -1 15,13 0.001 0 1 13,14 0.002 -1 -1 0.1391 65 ::f,2,1 f,2,13 f,12,2 f,14,13 
126:3,0 0.001 0 1 3,2 0.001 0 1 0,0 0.001 1 0 5.1727 155 3,15 0.001 0 1 0,12 0.001 1 0 0,14 0.001 0 -1 0.1992 80 14,3 0.001 -1 0 15,0 0.001 0 1 15,1 0.001 1 1 33.1595 275 12,12 0.001 1 -1 15,14 0.001 0 1 13,14 0.002 0 -1 0.1401 65 ::f,2,1 f,2,13 f,12,2 f,14,13 
127:3,1 0.001 0 1 3,3 0.001 0 1 1,0 0.001 1 0 5.1757 155 3,15 0.001 -1 1 1,12 0.001 1 0 0,13 0.001 0 -1 0.2012 80 13,3 0.001 -1 0 15,0 0.001 -1 1 15,1 0.001 0 1 33.1605 275 12,12 0.001 1 0 15,15 0.001 0 1 13,14 0.002 1 -1 0.1411 65 ::f,2,1 f,2,13 f,12,2 f,14,13 
128:3,2 0.001 0 1 3,3 0.001 -1 1 2,0 0.001 1 0 5.1777 155 3,15 0.001 -1 0 2,12 0.001 1 0 0,12 0.001 0 -1 0.2032 80 12,3 0.001 -1 0 14,1 0.001 -1 1 15,2 0.001 0 1 33.1635 275 13,12 0.001 1 0 15,15 0.001 -1 1 13,14 0.002 1 0 0.1421 65 ::f,2,1 f,2,13 f,12,2 f,14,13 
129:3,2 0.001 0 1 3,3 0.001 -1 0 3,0 0.001 1 0 5.1787 155 2,15 0.001 -1 0 3,12 0.001 1 0 0,12 0.001 1 -1 0.2052 80 12,3 0.001 -1 -1 13,2 0.001 -1 1 15,3 0.001 0 1 33.1655 275 14,12 0.001 1 0 15,15 0.001 -1 0 13,14 0.002 1 1 0.1431 65 ::f,2,1 f,2,13 f,12,2 f,14,13 
130:3,2 0.001 -1 1 2,3 0.001 -1 0 3,0 0.001 1 1 5.1797 155 1,15 0.001 -1 0 3,12 0.001 1 1 0,12 0.001 1 0 0.2062 80 12,3 0.001 0 -1 13,2 0.001 -1 1 15,3 0.001 -1 1 33.1655 275 14,12 0.001 1 0 14,15 0.001 -1 0 13,14 0.002 0 1 0.1441 65 ::f,2,1 f,2,13 f,12,2 f,14,13 
131:3,2 0.001 -1 0 1,3 0.001 -1 0 3,0 0.001 0 1 5.1807 155 1,15 0.001 -1 0 3,12 0.001 0 1 1,12 0.001 1 0 0.2072 80 12,3 0.001 0 -1 13,2 0.001 -1 0 15,3 0.001 -1 0 33.1655 275 15,12 0.001 1 0 13,15 0.001 -1 0 13,14 0.002 -1 1 0.1461 65 ::f,2,1 f,2,13 f,12,2 f,14,13 
132:2,2 0.001 -1 0 0,3 0.001 -1 0 3,1 0.001 0 1 5.1837 155 0,15 0.001 -1 0 3,13 0.001 0 1 2,12 0.001 1 0 0.2102 80 12,3 0.001 0 -1 13,2 0.001 -1 0 14,3 0.001 -1 0 33.1665 275 15,12 0.001 1 1 12,15 0.001 -1 0 13,14 0.002 -1 0 0.1471 65 ::f,2,1 f,2,13 f,12,2 f,14,13 
133:1,2 0.001 -1 0 0,3 0.001 -1 -1 3,2 0.001 0 1 5.1857 155 0,15 0.001 -1 -1 3,14 0.001 0 1 3,12 0.001 1 0 0.2122 80 12,3 0.001 0 -1 12,2 0.001 -1 0 13,3 0.001 -1 0 40.1686 290 15,12 0.001 0 1 12,15 0.001 -1 -1 13,14 0.002 -1 -1 0.1471 65 ::f,2,1 f,2,13 f,14,13 f,15,1 
134:0,2 0.001 -1 0 0,3 0.001 0 -1 3,3 0.001 0 1 5.1877 155 0,15 0.001 0 -1 3,15 0.001 0 1 3,12 0.001 1 1 0.2132 80 12,3 0.001 0 -1 12,2 0.001 -1 -1 13,3 0.001 -1 0 40.1686 290 15,13 0.001 0 1 12,15 0.001 0 -1 13,14 0.002 0 -1 0.1481 65 ::f,2,1 f,2,13 f,14,13 f,15,1 
135:0,2 0.001 -1 -1 0,3 0.001 1 -1 3,3 0.001 -1 1 5.1877 155 0,14 0.001 0 -1 3,15 0.001 -1 1 3,12 0.001 0 1 0.2142 80 12,3 0.001 1 -1 12,2 0.001 0 -1 13,3 0.001 -1 -1 40.1686 290 15,14 0.001 0 1 12,14 0.001 0 -1 13,14 0.002 1 -1 0.1501 65 ::f,2,1 f,2,13 f,14,13 f,15,1 
136:0,2 0.001 0 -1 1,2 0.001 1 -1 3,3 0.001 -1 0 5.1887 155 0,13 0.001 0 -1 3,15 0.001 -1 0 3,13 0.001 0 1 0.2162 80 13,2 0.001 1 -1 12,1 0.001 0 -1 12,2 0.001 -1 -1 40.1716 290 15,15 0.001 0 1 12,13 0.001 0 -1 13,14 0.002 1 0 0.1521 65 ::f,2,1 f,2,13 f,14,13 f,15,1 
137:0,1 0.001 0 -1 1,2 0.001 1 -1 2,3 0.001 -1 0 8.1908 170 0,13 0.001 0 -1 2,15 0.001 -1 0 3,14 0.001 0 1 0.2182 80 14,1 0.001 1 -1 12,0 0.001 0 -1 12,2 0.001 0 -1 40.1736 290 15,15 0.001 -1 1 12,12 0.001 0 -1 13,14 0.002 1 1 0.1531 65 ::f,1,1 f,2,13 f,14,13 f,15,1 
138:0,0 0.001 0 -1 2,1 0.001 1 -1 1,3 0.001 -1 0 8.1938 170 0,13 0.001 0 -1 1,15 0.001 -1 0 3,15 0.001 0 1 0.2202 80 15,0 0.001 1 -1 12,0 0.001 1 -1 12,1 0.001 0 -1 40.1756 290 15,15 0.001 -1 0 12,12 0.001 1 -1 13,14 0.002 0 1 0.1531 65 ::f,1,1 f,2,13 f,14,13 f,15,1 
139:0,0 0.001 1 -1 3,0 0.001 1 -1 1,3 0.001 -1 0 8.1948 170 0,12 0.001 0 -1 0,15 0.001 -1 0 3,15 0.001 -1 1 0.2222 80 15,0 0.001 1 0 12,0 0.001 1 0 12,1 0.001 0 -1 40.1756 290 14,15 0.001 -1 0 12,12 0.001 1 0 13,14 0.002 -1 1 0.1541 65 ::f,1,1 f,2,13 f,14,13 f,15,1 
140:0,0 0.001 1 0 3,0 0.001 1 0 1,3 0.001 -1 0 8.1948 170 0,12 0.001 1 -1 0,15 0.001 -1 -1 3,15 0.001 -1 0 0.2222 80 15,0 0.001 1 1 13,0 0.001 1 0 12,0 0.001 0 -1 40.1776 290 13,15 0.001 -1 0 13,12 0.001 1 0 13,14 0.002 -1 0 0.1561 65 ::f,1,1 f,2,13 f,14,13 f,15,1 
141:1,0 0.001 1 0 3,0 0.001 1 1 0,3 0.001 -1 0 8.1968 170 0,12 0.001 1 0 0,15 0.001 0 -1 2,15 0.001 -1 0 0.2232 80 15,0 0.001 0 1 14,0 0.001 1 0 12,0 0.001 1 -1 40.1786 290 12,15 0.001 -1 0 14,12 0.001 1 0 13,14 0.002 -1 -1 0.1581 65 ::f,1,1 f,2,13 f,14,13 f,15,1 
142:2,0 0.001 1 0 3,0 0.001 0 1 0,3 0.001 -1 -1 8.1978 170 1,12 0.001 1 0 0,14 0.001 0 -1 1,15 0.001 -1 0 0.2262 80 15,0 0.001 0 1 14,0 0.001 1 0 12,0 0.001 1 0 40.1786 290 12,15 0.001 -1 -1 14,12 0.001 1 0 13,14 0.002 0 -1 0.1581 65 ::f,1,1 f,2,13 f,14,13 f,15,1 
143:2,0 0.001 1 0 3,1 0.001 0 1 0,3 0.001 0 -1 8.1988 170 2,12 0.001 1 0 0,13 0.001 0 -1 1,15 0.001 -1 0 0.2282 80 15,0 0.001 0 1 14,0 0.001 1 1 13,0 0.001 1 0 40.1796 290 12,15 0.001 0 -1 15,12 0.001 1 0 13,14 0.002 1 -1 0.1591 65 ::f,1,1 f,2,13 f,14,13 f,15,1 
144:3,0 0.001 1 0 3,2 0.001 0 1 0,2 0.001 0 -1 8.2018 170 2,12 0.001 1 0 0,13 0.001 0 -1 0,15 0.001 -1 0 0.2292 80 15,0 0.001 0 1 15,1 0.001 1 1 14,0 0.001 1 0 48.1817 305 12,14 0.001 0 -1 15,12 0.001 1 1 13,14 0.002 1 0 0.1601 65 ::f,1,1 f,2,13 f,13,1 f,14,13 
145:3,0 0.001 1 1 3,3 0.001 0 1 0,1 0.001 0 -1 8.2038 170 3,12 0.001 1 0 0,12 0.001 0 -1 0,15 0.001 -1 -1 0.2312 80 15,0 0.001 0 1 15,1 0.001 0 1 14,0 0.001 1 0 48.1817 305 12,13 0.001 0 -1 15,12 0.001 0 1 13,14 0.002 1 1 0.1611 65 ::f,1,1 f,2,13 f,13,1 f,14,13 
146:3,0 0.001 0 1 3,3 0.001 -1 1 0,0 0.001 0 -1 8.2048 170 3,12 0.001 1 1 0,12 0.001 1 -1 0,15 0.001 0 -1 0.2312 80 15,0 0.001 -1 1 15,2 0.001 0 1 14,0 0.001 1 1 48.1827 305 12,12 0.001 0 -1 15,13 0.001 0 1 13,14 0.002 0 1 0.1631 65 ::f,1,1 f,2,13 f,13,1 f,14,13 
147:3,1 0.001 0 1 3,3 0.001 -1 0 0,0 0.001 1 -1 8.2058 170 3,12 0.001 0 1 0,12 0.001 1 0 0,14 0.001 0 -1 0.2322 80 14,1 0.001 -1 1 15,3 0.001 0 1 15,1 0.001 1 1 48.1857 305 12,12 0.001 1 -1 15,14 0.001 0 1 13,14 0.002 -1 1 0.1641 65 ::f,1,1 f,2,13 f,13,1 f,14,13 
148:3,2 0.001 0 1 2,3 0.001 -1 0 0,0 0.001 1 0 8.2078 170 3,13 0.001 0 1 1,12 0.001 1 0 0,13 0.001 0 -1 0.2352 80 13,2 0.001 -1 1 15,3 0.001 -1 1 15,1 0.001 0 1 48.1867 305 12,12 0.001 1 0 15,15 0.001 0 1 13,14 0.002 -1 0 0.1651 65 ::f,1,1 f,2,13 f,13,1 f,14,13 
149:3,3 0.001 0 1 1,3 0.001 -1 0 1,0 0.001 1 0 8.2108 170 3,14 0.001 0 1 2,12 0.001 1 0 0,13 0.001 0 -1 0.2372 80 12,3 0.001 -1 1 15,3 0.001 -1 0 15,2 0.001 0 1 48.1887 305 13,12 0.001 1 0 15,15 0.001 -1 1 13,14 0.002 -1 -1 0.1661 65 ::f,1,1 f,2,13 f,13,1 f,14,13 
150:3,3 0.001 -1 1 1,3 0.001 -1 0 2,0 0.001 1 0 8.2118 170 3,15 0.001 0 1 3,12 0.001 1 0 0,12 0.001 0 -1 0.2402 80 12,3 0.001 -1 0 14,3 0.001 -1 0 15,2 0.001 0 1 48.1897 305 14,12 0.001 1 0 15,15 0.001 -1 0 13,14 0.002 0 -1 0.1671 65 ::f,1,1 f,2,13 f,13,1 f,14,13 
151:3,3 0.001 -1 0 1,3 0.001 -1 0 3,0 0.001 1 0 8.2128 170 3,15 0.001 -1 1 3,12 0.001 1 1 0,12 0.001 1 -1 0.2402 80 12,3 0.001 -1 -1 13,3 0.001 -1 0 15,3 0.001 0 1 48.1917 305 14,12 0.001 1 0 14,15 0.001 -1 0 13,14 0.002 1 -1 0.1681 65 ::f,1,1 f,2,13 f,13,1 f,14,13 
152:2,3 0.001 -1 0 0,3 0.001 -1 0 3,0 0.001 1 1 8.2148 170 3,15 0.001 -1 0 3,12 0.001 0 1 0,12 0.001 1 0 0.2402 80 12,3 0.001 0 -1 13,3 0.001 -1 0 15,3 0.001 -1 1 48.1917 305 14,12 0.001 1 0 13,15 0.001 -1 0 13,14 0.002 1 0 0.1691 65 ::f,1,1 f,2,13 f,13,1 f,14,13 
153:1,3 0.001 -1 0 0,3 0.001 -1 -1 3,0 0.001 0 1 8.2158 170 2,15 0.001 -1 0 3,13 0.001 0 1 1,12 0.001 1 0 0.2432 80 12,2 0.001 0 -1 12,3 0.001 -1 0 15,3 0.001 -1 0 48.1937 305 15,12 0.001 1 0 13,15 0.001 -1 0 13,14 0.002 1 1 0.1701 65 ::f,1,1 f,2,13 f,13,1 f,14,13 
154:1,3 0.001 -1 0 0,3 0.001 0 -1 3,1 0.001 0 1 8.2168 170 1,15 0.001 -1 0 3,14 0.001 0 1 2,12 0.001 1 0 0.2462 80 12,1 0.001 0 -1 12,3 0.001 -1 -1 14,3 0.001 -1 0 48.1957 305 15,12 0.001 1 1 12,15 0.001 -1 0 13,14 0.002 0 1 0.1711 65 ::f,1,1 f,2,13 f,13,1 f,14,13 
155:1,3 0.001 -1 -1 0,2 0.001 0 -1 3,2 0.001 0 1 8.2188 170 1,15 0.001 -1 0 3,15 0.001 0 1 2,12 0.001 1 0 0.2472 80 12,0 0.001 0 -1 12,3 0.001 0 -1 13,3 0.001 -1 0 48.1977 305 15,12 0.001 0 1 12,15 0.001 -1 -1 13,14 0.002 -1 1 0.1711 65 ::f,1,1 f,2,13 f,13,1 f,14,13 
156:1,3 0.001 0 -1 0,1 0.001 0 -1 3,2 0.001 0 1 8.2198 170 0,15 0.001 -1 0 3,15 0.001 -1 1 3,12 0.001 1 0 0.2492 80 12,0 0.001 1 -1 12,2 0.001 0 -1 12,3 0.001 -1 0 48.1997 305 15,13 0.001 0 1 12,15 0.001 0 -1 13,14 0.002 -1 0 0.1721 65 ::f,1,1 f,2,13 f,13,1 f,14,13 
157:1,2 0.001 0 -1 0,0 0.001 0 -1 3,3 0.001 0 1 8.2228 170 0,15 0.001 -1 -1 3,15 0.001 -1 0 3,12 0.001 1 1 0.2492 80 12,0 0.001 1 0 12,1 0.001 0 -1 12,3 0.001 -1 -1 48.2007 305 15,14 0.001 0 1 12,14 0.001 0 -1 13,14 0.002 -1 -1 0.1741 65 ::f,1,1 f,2,13 f,13,1 f,14,13 
158:1,2 0.001 0 -1 0,0 0.001 1 -1 3,3 0.001 -1 1 10.2229 185 0,15 0.001 0 -1 2,15 0.001 -1 0 3,12 0.001 0 1 0.2502 80 13,0 0.001 1 0 12,1 0.001 0 -1 12,3 0.001 0 -1 48.2017 305 15,15 0.001 0 1 12,13 0.001 0 -1 13,14 0.002 0 -1 0.1761 65 ::f,1,3 f,2,13 f,13,1 f,14,13 
159:1,1 0.001 0 -1 0,0 0.001 1 0 3,3 0.001 -1 0 10.2239 185 0,14 0.001 0 -1 1,15 0.001 -1 0 3,13 0.001 0 1 0.2532 80 14,0 0.001 1 0 12,0 0.001 0 -1 12,2 0.001 0 -1 48.2047 305 15,15 0.001 -1 1 12,12 0.001 0 -1 13,14 0.002 1 -1 0.1771 65 ::f,1,3 f,2,13 f,13,1 f,14,13 
160:1,0 0.001 0 -1 0,0 0.001 1 1 2,3 0.001 -1 0 10.2259 185 0,13 0.001 0 -1 1,15 0.001 -1 0 3,14 0.001 0 1 0.2552 80 15,0 0.001 1 0 12,0 0.001 1 -1 12,1 0.001 0 -1 48.2067 305 15,15 0.001 -1 0 12,12 0.001 1 -1 13,14 0.002 1 0 0.1771 65 ::f,1,3 f,2,13 f,13,1 f,14,13 
161:1,0 0.001 1 -1 1,1 0.001 1 1 2,3 0.001 -1 0 12.227 200 0,13 0.001 0 -1 1,15 0.001 -1 0 3,14 0.001 0 1 0.2552 80 15,0 0.001 1 1 12,0 0.001 1 0 12,1 0.001 0 -1 48.2067 305 14,15 0.001 -1 0 12,12 0.001 1 0 13,14 0.002 1 1 0.1781 65 ::f,2,1 f,2,13 f,13,1 f,14,13 
162:1,0 0.001 1 0 2,2 0.001 1 1 1,3 0.001 -1 0 12.229 200 0,12 0.001 0 -1 0,15 0.001 -1 0 3,14 0.001 0 1 0.2572 80 15,0 0.001 0 1 13,0 0.001 1 0 12,0 0.001 0 -1 48.2087 305 13,15 0.001 -1 0 13,12 0.001 1 0 13,14 0.002 0 1 0.1801 65 ::f,2,1 f,2,13 f,13,1 f,14,13 
163:2,0 0.001 1 0 3,3 0.001 1 1 1,3 0.001 -1 0 12.231 200 0,12 0.001 1 -1 0,15 0.001 -1 -1 3,15 0.001 0 1 0.2582 80 15,1 0.001 0 1 14,0 0.001 1 0 12,0 0.001 1 -1 48.2107 305 12,15 0.001 -1 0 14,12 0.001 1 0 13,14 0.002 -1 1 0.1821 65 ::f,2,1 f,2,13 f,13,1 f,14,13 
164:3,0 0.001 1 0 3,3 0.001 0 1 0,3 0.001 -1 0 12.233 200 0,12 0.001 1 0 0,15 0.001 0 -1 3,15 0.001 -1 1 0.2582 80 15,2 0.001 0 1 15,0 0.001 1 0 12,0 0.001 1 0 48.2127 305 12,15 0.001 -1 -1 14,12 0.001 1 0 13,14 0.002 -1 0 0.1821 65 ::f,2,1 f,2,13 f,13,1 f,14,13 
165:3,0 0.001 1 1 3,3 0.001 -1 1 0,3 0.001 -1 -1 12.233 200 1,12 0.001 1 0 0,14 0.001 0 -1 3,15 0.001 -1 0 0.2602 80 15,3 0.001 0 1 15,0 0.001 1 1 13,0 0.001 1 0 48.2147 305 12,15 0.001 0 -1 15,12 0.001 1 0 13,14 0.002 -1 -1 0.1831 65 ::f,2,1 f,2,13 f,13,1 f,14,13 
166:3,0 0.001 0 1 3,3 0.001 -1 0 0,3 0.001 0 -1 12.233 200 2,12 0.001 1 0 0,13 0.001 0 -1 2,15 0.001 -1 0 0.2632 80 15,3 0.001 -1 1 15,0 0.001 0 1 14,0 0.001 1 0 48.2157 305 12,14 0.001 0 -1 15,12 0.001 1 1 13,14 0.002 0 -1 0.1841 65 ::f,2,1 f,2,13 f,13,1 f,14,13 
167:3,1 0.001 0 1 2,3 0.001 -1 0 0,2 0.001 0 -1 12.236 200 3,12 0.001 1 0 0,12 0.001 0 -1 1,15 0.001 -1 0 0.2662 80 15,3 0.001 -1 0 15,1 0.001 0 1 15,0 0.001 1 0 48.2177 305 12,13 0.001 0 -1 15,12 0.001 0 1 13,14 0.002 1 -1 0.1851 65 ::f,2,1 f,2,13 f,13,1 f,14,13 
168:3,2 0.001 0 1 1,3 0.001 -1 0 0,1 0.001 0 -1 12.239 200 3,12 0.001 1 1 0,12 0.001 1 -1 1,15 0.001 -1 0 0.2662 80 14,3 0.001 -1 0 15,2 0.001 0 1 15,0 0.001 1 1 48.2197 305 12,12 0.001 0 -1 15,13 0.001 0 1 13,14 0.002 1 0 0.1871 65 ::f,2,1 f,2,13 f,13,1 f,14,13 
169:3,3 0.001 0 1 0,3 0.001 -1 0 0,0 0.001 0 -1 12.242 200 3,12 0.001 0 1 0,12 0.001 1 0 0,15 0.001 -1 0 0.2672 80 13,3 0.001 -1 0 15,3 0.001 0 1 15,0 0.001 0 1 48.2217 305 12,12 0.001 1 -1 15,14 0.001 0 1 13,14 0.002 1 1 0.1881 65 ::f,2,1 f,2,13 f,13,1 f,14,13 
170:3,3 0.001 -1 1 0,3 0.001 -1 -1 0,0 0.001 1 -1 12.242 200 3,13 0.001 0 1 1,12 0.001 1 0 0,15 0.001 -1 -1 0.2692 80 12,3 0.001 -1 0 15,3 0.001 -1 1 15,1 0.001 0 1 48.2237 305 12,12 0.001 1 0 15,14 0.001 0 1 13,14 0.002 0 1 0.1881 65 ::f,2,1 f,2,13 f,13,1 f,14,13 
171:3,3 0.001 -1 0 0,3 0.001 0 -1 0,0 0.001 1 0 12.242 200 3,14 0.001 0 1 2,12 0.001 1 0 0,15 0.001 0 -1 0.2712 80 12,3 0.001 -1 -1 15,3 0.001 -1 0 15,2 0.001 0 1 48.2247 305 13,12 0.001 1 0 15,14 0.001 0 1 13,14 0.002 -1 1 0.1891 65 ::f,2,1 f,2,13 f,13,1 f,14,13 
172:2,3 0.001 -1 0 0,2 0.001 0 -1 1,0 0.001 1 0 12.245 200 3,15 0.001 0 1 3,12 0.001 1 0 0,14 0.001 0 -1 0.2742 80 12,3 0.001 0 -1 14,3 0.001 -1 0 15,2 0.001 0 1 48.2257 305 14,12 0.001 1 0 15,15 0.001 0 1 13,14 0.002 -1 0 0.1911 65 ::f,2,1 f,2,13 f,13,1 f,14,13 
173:1,3 0.001 -1 0 0,1 0.001 0 -1 2,0 0.001 1 0 12.248 200 3,15 0.001 -1 1 3,12 0.001 1 1 0,13 0.001 0 -1 0.2752 80 12,2 0.001 0 -1 13,3 0.001 -1 0 15,3 0.001 0 1 48.2287 305 14,12 0.001 1 0 15,15 0.001 -1 1 13,14 0.002 -1 -1 0.1911 65 ::f,2,1 f,2,13 f,13,1 f,14,13 
174:0,3 0.001 -1 0 0,1 0.001 0 -1 2,0 0.001 1 0 12.249 200 3,15 0.001 -1 0 3,12 0.001 0 1 0,12 0.001 0 -1 0.2762 80 12,1 0.001 0 -1 12,3 0.001 -1 0 15,3 0.001 -1 1 48.2307 305 15,12 0.001 1 0 15,15 0.001 -1 0 13,14 0.002 0 -1 0.1921 65 ::f,2,1 f,2,13 f,13,1 f,14,13 
175:0,3 0.001 -1 -1 0,1 0.001 0 -1 3,0 0.001 1 0 12.25 200 2,15 0.001 -1 0 3,13 0.001 0 1 0,12 0.001 1 -1 0.2782 80 12,0 0.001 0 -1 12,3 0.001 -1 -1 15,3 0.001 -1 0 48.2317 305 15,12 0.001 1 1 14,15 0.001 -1 0 13,14 0.002 1 -1 0.1931 65 ::f,2,1 f,2,13 f,13,1 f,14,13 
176:0,3 0.001 0 -1 0,0 0.001 0 -1 3,0 0.001 1 1 12.251 200 1,15 0.001 -1 0 3,14 0.001 0 1 0,12 0.001 1 0 0.2802 80 12,0 0.001 1 -1 12,3 0.001 0 -1 14,3 0.001 -1 0 48.2327 305 15,12 0.001 0 1 13,15 0.001 -1 0 13,14 0.002 1 0 0.1941 65 ::f,2,1 f,2,13 f,13,1 f,14,13 
177:0,2 0.001 0 -1 0,0 0.001 1 -1 3,0 0.001 0 1 12.252 200 0,15 0.001 -1 0 3,14 0.001 0 1 1,12 0.001 1 0 0.2822 80 12,0 0.001 1 0 12,2 0.001 0 -1 13,3 0.001 -1 0 48.2347 305 15,13 0.001 0 1 12,15 0.001 -1 0 13,14 0.002 1 1 0.1961 65 ::f,2,1 f,2,13 f,13,1 f,14,13 
178:0,1 0.001 0 -1 0,0 0.001 1 0 3,1 0.001 0 1 12.254 200 0,15 0.001 -1 -1 3,15 0.001 0 1 2,12 0.001 1 0 0.2842 80 13,0 0.001 1 0 12,1 0.001 0 -1 13,3 0.001 -1 0 48.2367 305 15,14 0.001 0 1 12,15 0.001 -1 -1 13,14 0.002 0 1 0.1971 65 ::f,2,1 f,2,13 f,13,1 f,14,13 
179:0,1 0.001 0 -1 1,0 0.001 1 0 3,2 0.001 0 1 12.256 200 0,15 0.001 0 -1 3,15 0.001 -1 1 2,12 0.001 1 0 0.2842 80 14,0 0.001 1 0 12,1 0.001 0 -1 13,3 0.001 -1 0 48.2377 305 15,14 0.001 0 1 12,15 0.001 0 -1 13,14 0.002 -1 1 0.1971 65 ::f,2,1 f,2,13 f,13,1 f,14,13 
180:0,0 0.001 0 -1 2,0 0.001 1 0 3,2 0.001 0 1 12.258 200 0,14 0.001 0 -1 3,15 0.001 -1 0 2,12 0.001 1 0 0.2852 80 15,0 0.001 1 0 12,0 0.001 0 -1 12,3 0.001 -1 0 48.2407 305 15,15 0.001 0 1 12,14 0.001 0 -1 13,14 0.002 -1 0 0.1991 65 ::f,2,1 f,2,13 f,13,1 f,14,13 
181:0,0 0.001 1 -1 3,0 0.001 1 0 3,3 0.001 0 1 12.26 200 0,13 0.001 0 -1 2,15 0.001 -1 0 3,12 0.001 1 0 0.2882 80 15,0 0.001 1 1 12,0 0.001 1 -1 12,3 0.001 -1 -1 48.2407 305 15,15 0.001 -1 1 12,13 0.001 0 -1 13,14 0.002 -1 -1 0.2001 65 ::f,2,1 f,2,13 f,13,1 f,14,13 
182:0,0 0.001 1 0 3,0 0.001 1 1 3,3 0.001 -1 1 12.26 200 0,12 0.001 0 -1 1,15 0.001 -1 0 3,12 0.001 1 1 0.2902 80 15,0 0.001 0 1 12,0 0.001 1 0 12,3 0.001 0 -1 48.2407 305 15,15 0.001 -1 0 12,12 0.001 0 -1 13,14 0.002 0 -1 0.2011 65 ::f,2,1 f,2,13 f,13,1 f,14,13 
183:1,0 0.001 1 0 3,0 0.001 0 1 3,3 0.001 -1 0 12.261 200 0,12 0.001 1 -1 0,15 0.001 -1 0 3,12 0.001 0 1 0.2912 80 15,1 0.001 0 1 13,0 0.001 1 0 12,2 0.001 0 -1 48.2437 305 14,15 0.001 -1 0 12,12 0.001 1 -1 13,14 0.002 1 -1 0.2021 65 ::f,2,1 f,2,13 f,13,1 f,14,13 
184:2,0 0.001 1 0 3,1 0.001 0 1 2,3 0.001 -1 0 12.264 200 0,12 0.001 1 0 0,15 0.001 -1 -1 3,13 0.001 0 1 0.2922 80 15,2 0.001 0 1 14,0 0.001 1 0 12,1 0.001 0 -1 48.2467 305 13,15 0.001 -1 0 12,12 0.001 1 0 13,14 0.002 1 0 0.2031 65 ::f,2,1 f,2,13 f,13,1 f,14,13 
185:3,0 0.001 1 0 3,2 0.001 0 1 1,3 0.001 -1 0 12.267 200 1,12 0.001 1 0 0,15 0.001 0 -1 3,14 0.001 0 1 0.2942 80 15,3 0.001 0 1 15,0 0.001 1 0 12,1 0.001 0 -1 48.2487 305 13,15 0.001 -1 0 13,12 0.001 1 0 13,14 0.002 1 1 0.2041 65 ::f,2,1 f,2,13 f,13,1 f,14,13 
186:3,0 0.001 1 1 3,3 0.001 0 1 1,3 0.001 -1 0 12.268 200 2,12 0.001 1 0 0,14 0.001 0 -1 3,15 0.001 0 1 0.2972 80 15,3 0.001 -1 1 15,0 0.001 1 1 12,1 0.001 0 -1 48.2487 305 12,15 0.001 -1 0 14,12 0.001 1 0 13,14 0.002 0 1 0.2061 65 ::f,2,1 f,2,13 f,13,1 f,14,13 
187:3,0 0.001 0 1 3,3 0.001 -1 1 1,3 0.001 -1 0 12.268 200 3,12 0.001 1 0 0,13 0.001 0 -1 3,15 0.001 -1 1 0.2992 80 15,3 0.001 -1 0 15,0 0.001 0 1 12,0 0.001 0 -1 48.2497 305 12,15 0.001 -1 -1 14,12 0.001 1 0 13,14 0.002 -1 1 0.2061 65 ::f,2,1 f,2,13 f,13,1 f,14,13 
188:3,1 0.001 0 1 3,3 0.001 -1 0 0,3 0.001 -1 0 12.27 200 3,12 0.001 1 1 0,13 0.001 0 -1 3,15 0.001 -1 0 0.2992 80 14,3 0.001 -1 0 15,1 0.001 0 1 12,0 0.001 1 -1 48.2517 305 12,15 0.001 0 -1 15,12 0.001 1 0 13,14 0.002 -1 0 0.2071 65 ::f,2,1 f,2,13 f,13,1 f,14,13 
189:3,2 0.001 0 1 2,3 0.001 -1 0 0,3 0.001 -1 -1 12.272 200 3,12 0.001 0 1 0,12 0.001 0 -1 2,15 0.001 -1 0 0.3012 80 13,3 0.001 -1 0 15,2 0.001 0 1 12,0 0.001 1 0 48.2537 305 12,14 0.001 0 -1 15,12 0.001 1 1 13,14 0.002 -1 -1 0.2081 65 ::f,2,1 f,2,13 f,13,1 f,14,13 
190:3,2 0.001 0 1 1,3 0.001 -1 0 0,3 0.001 0 -1 12.273 200 3,13 0.001 0 1 0,12 0.001 1 -1 1,15 0.001 -1 0 0.3032 80 12,3 0.001 -1 0 15,2 0.001 0 1 13,0 0.001 1 0 48.2557 305 12,13 0.001 0 -1 15,12 0.001 0 1 13,14 0.002 0 -1 0.2091 65 ::f,2,1 f,2,13 f,13,1 f,14,13 
191:3,3 0.001 0 1 1,3 0.001 -1 0 0,2 0.001 0 -1 12.275 200 3,14 0.001 0 1 0,12 0.001 1 0 0,15 0.001 -1 0 0.3052 80 12,3 0.001 -1 -1 15,2 0.001 0 1 14,0 0.001 1 0 48.2567 305 12,12 0.001 0 -1 15,13 0.001 0 1 13,14 0.002 1 -1 0.2111 65 ::f,2,1 f,2,13 f,13,1 f,14,13 
192:3,3 0.001 -1 1 0,3 0.001 -1 0 0,1 0.001 0 -1 12.277 200 3,14 0.001 0 1 1,12 0.001 1 0 0,15 0.001 -1 -1 0.3062 80 12,3 0.001 0 -1 15,3 0.001 0 1 14,0 0.001 1 0 48.2577 305 12,12 0.001 1 -1 15,14 0.001 0 1 13,14 0.002 1 0 0.2121 65 ::f,2,1 f,2,13 f,13,1 f,14,13 
193:3,3 0.001 -1 0 0,3 0.001 -1 -1 0,1 0.001 0 -1 12.277 200 3,14 0.001 0 1 2,12 0.001 1 0 0,15 0.001 0 -1 0.3072 80 12,2 0.001 0 -1 15,3 0.001 -1 1 14,0 0.001 1 0 48.2587 305 12,12 0.001 1 0 15,15 0.001 0 1 13,14 0.002 1 1 0.2131 65 ::f,2,1 f,2,13 f,13,1 f,14,13 
194:2,3 0.001 -1 0 0,3 0.001 0 -1 0,0 0.001 0 -1 12.279 200 3,14 0.001 0 1 3,12 0.001 1 0 0,14 0.001 0 -1 0.3092 80 12,1 0.001 0 -1 15,3 0.001 -1 0 14,0 0.001 1 0 48.2597 305 13,12 0.001 1 0 15,15 0.001 -1 1 13,14 0.002 0 1 0.2141 65 ::f,2,1 f,2,13 f,13,1 f,14,13 
195:1,3 0.001 -1 0 0,2 0.001 0 -1 0,0 0.001 1 -1 12.281 200 3,15 0.001 0 1 3,12 0.001 1 1 0,13 0.001 0 -1 0.3112 80 12,0 0.001 0 -1 14,3 0.001 -1 0 15,0 0.001 1 0 48.2627 305 14,12 0.001 1 0 15,15 0.001 -1 0 13,14 0.002 -1 1 0.2151 65 ::f,2,1 f,2,13 f,13,1 f,14,13 
196:1,3 0.001 -1 0 0,1 0.001 0 -1 0,0 0.001 1 0 12.282 200 3,15 0.001 -1 1 3,12 0.001 0 1 0,12 0.001 0 -1 0.3122 80 12,0 0.001 1 -1 13,3 0.001 -1 0 15,0 0.001 1 1 48.2637 305 15,12 0.001 1 0 14,15 0.001 -1 0 13,14 0.002 -1 0 0.2171 65 ::f,2,1 f,2,13 f,13,1 f,14,13 
197:0,3 0.001 -1 0 0,1 0.001 0 -1 1,0 0.001 1 0 12.284 200 3,15 0.001 -1 0 3,13 0.001 0 1 0,12 0.001 1 -1 0.3132 80 12,0 0.001 1 0 12,3 0.001 -1 0 15,0 0.001 0 1 48.2647 305 15,12 0.001 1 1 13,15 0.001 -1 0 13,14 0.002 -1 -1 0.2181 65 ::f,2,1 f,2,13 f,13,1 f,14,13 
198:0,3 0.001 -1 -1 0,0 0.001 0 -1 2,0 0.001 1 0 12.286 200 2,15 0.001 -1 0 3,14 0.001 0 1 0,12 0.001 1 0 0.3152 80 13,0 0.001 1 0 12,3 0.001 -1 -1 15,1 0.001 0 1 48.2667 305 15,12 0.001 0 1 13,15 0.001 -1 0 13,14 0.002 0 -1 0.2181 65 ::f,2,1 f,2,13 f,13,1 f,14,13 
199:0,3 0.001 0 -1 0,0 0.001 1 -1 3,0 0.001 1 0 12.287 200 1,15 0.001 -1 0 3,15 0.001 0 1 1,12 0.001 1 0 0.3182 80 14,0 0.001 1 0 12,3 0.001 0 -1 15,2 0.001 0 1 48.2687 305 15,13 0.001 0 1 13,15 0.001 -1 0 13,14 0.002 1 -1 0.2191 65 ::f,2,1 f,2,13 f,13,1 f,14,13 
200:0,2 0.001 0 -1 0,0 0.001 1 0 3,0 0.001 1 1 12.288 200 0,15 0.001 -1 0 3,15 0.001 -1 1 2,12 0.001 1 0 0.3202 80 15,0 0.001 1 0 12,2 0.001 0 -1 15,2 0.001 0 1 48.2707 305 15,14 0.001 0 1 13,15 0.001 -1 0 13,14 0.002 1 0 0.2201 65 ::f,2,1 f,2,13 f,13,1 f,14,13 
201:0,1 0.001 0 -1 1,0 0.001 1 0 3,0 0.001 0 1 12.29 200 0,15 0.001 -1 -1 3,15 0.001 -1 0 3,12 0.001 1 0 0.3212 80 15,0 0.001 1 1 12,1 0.001 0 -1 15,2 0.001 0 1 48.2717 305 15,15 0.001 0 1 12,15 0.001 -1 0 13,14 0.002 1 1 0.2221 65 ::f,2,1 f,2,13 f,13,1 f,14,13 
202:0,0 0.001 0 -1 2,0 0.001 1 0 3,1 0.001 0 1 12.293 200 0,15 0.001 0 -1 2,15 0.001 -1 0 3,12 0.001 1 1 0.3222 80 15,0 0.001 0 1 12,0 0.001 0 -1 15,3 0.001 0 1 48.2737 305 15,15 0.001 -1 1 12,15 0.001 -1 -1 13,14 0.002 0 1 0.2221 65 ::f,2,1 f,2,13 f,13,1 f,14,13 
203:0,0 0.001 1 -1 3,0 0.001 1 0 3,2 0.001 0 1 12.295 200 0,14 0.001 0 -1 1,15 0.001 -1 0 3,12 0.001 0 1 0.3242 80 15,1 0.001 0 1 12,0 0.001 1 -1 15,3 0.001 -1 1 48.2747 305 15,15 0.001 -1 0 12,15 0.001 0 -1 13,14 0.002 -1 1 0.2221 65 ::f,2,1 f,2,13 f,13,1 f,14,13 
204:0,0 0.001 1 0 3,0 0.001 1 1 3,3 0.001 0 1 12.296 200 0,13 0.001 0 -1 1,15 0.001 -1 0 3,13 0.001 0 1 0.3262 80 15,2 0.001 0 1 12,0 0.001 1 0 15,3 0.001 -1 0 48.2757 305 14,15 0.001 -1 0 12,14 0.001 0 -1 13,14 0.002 -1 0 0.2241 65 ::f,2,1 f,2,13 f,13,1 f,14,13 
205:1,0 0.001 1 0 3,0 0.001 0 1 3,3 0.001 -1 1 12.297 200 0,13 0.001 0 -1 1,15 0.001 -1 0 3,14 0.001 0 1 0.3272 80 15,2 0.001 0 1 13,0 0.001 1 0 14,3 0.001 -1 0 48.2777 305 13,15 0.001 -1 0 12,13 0.001 0 -1 13,14 0.002 -1 -1 0.2261 65 ::f,2,1 f,2,13 f,13,1 f,14,13 
206:2,0 0.001 1 0 3,1 0.001 0 1 3,3 0.001 -1 0 12.299 200 0,12 0.001 0 -1 0,15 0.001 -1 0 3,15 0.001 0 1 0.3302 80 15,3 0.001 0 1 14,0 0.001 1 0 13,3 0.001 -1 0 48.2807 305 13,15 0.001 -1 0 12,12 0.001 0 -1 13,14 0.002 0 -1 0.2271 65 ::f,2,1 f,2,13 f,13,1 f,14,13 
207:3,0 0.001 1 0 3,2 0.001 0 1 2,3 0.001 -1 0 12.302 200 0,12 0.001 1 -1 0,15 0.001 -1 -1 3,15 0.001 -1 1 0.3302 80 15,3 0.001 -1 1 14,0 0.001 1 0 12,3 0.001 -1 0 48.2817 305 13,15 0.001 -1 0 12,12 0.001 1 -1 13,14 0.002 1 -1 0.2271 65 ::f,2,1 f,2,13 f,13,1 f,14,13 
208:3,0 0.001 1 1 3,2 0.001 0 1 1,3 0.001 -1 0 12.303 200 0,12 0.001 1 0 0,15 0.001 0 -1 3,15 0.001 -1 0 0.3302 80 15,3 0.001 -1 0 14,0 0.001 1 0 12,3 0.001 -1 -1 48.2817 305 12,15 0.001 -1 0 12,12 0.001 1 0 13,14 0.002 1 0 0.2281 65 ::f,2,1 f,2,13 f,13,1 f,14,13 
209:3,0 0.001 0 1 3,3 0.001 0 1 1,3 0.001 -1 0 12.304 200 1,12 0.001 1 0 0,14 0.001 0 -1 2,15 0.001 -1 0 0.3332 80 14,3 0.001 -1 0 15,0 0.001 1 0 12,3 0.001 0 -1 48.2837 305 12,15 0.001 -1 -1 13,12 0.001 1 0 13,14 0.002 1 1 0.2291 65 ::f,2,1 f,2,13 f,13,1 f,14,13 
210:3,1 0.001 0 1 3,3 0.001 -1 1 0,3 0.001 -1 0 12.306 200 2,12 0.001 1 0 0,13 0.001 0 -1 1,15 0.001 -1 0 0.3362 80 13,3 0.001 -1 0 15,0 0.001 1 1 12,2 0.001 0 -1 48.2857 305 12,15 0.001 0 -1 14,12 0.001 1 0 13,14 0.002 0 1 0.2301 65 ::f,2,1 f,2,13 f,13,1 f,14,13 
211:3,2 0.001 0 1 3,3 0.001 -1 0 0,3 0.001 -1 -1 12.307 200 2,12 0.001 1 0 0,13 0.001 0 -1 1,15 0.001 -1 0 0.3362 80 12,3 0.001 -1 0 15,0 0.001 0 1 12,1 0.001 0 -1 48.2877 305 12,14 0.001 0 -1 14,12 0.001 1 0 13,14 0.002 -1 1 0.2311 65 ::f,2,1 f,2,13 f,13,1 f,14,13 
212:3,2 0.001 0 1 2,3 0.001 -1 0 0,3 0.001 0 -1 12.308 200 2,12 0.001 1 0 0,13 0.001 0 -1 1,15 0.001 -1 0 0.3362 80 12,3 0.001 -1 -1 15,1 0.001 0 1 12,1 0.001 0 -1 48.2887 305 12,13 0.001 0 -1 15,12 0.001 1 0 13,14 0.002 -1 0 0.2331 65 ::f,2,1 f,2,13 f,13,1 f,14,13 
213:3,3 0.001 0 1 1,3 0.001 -1 0 0,2 0.001 0 -1 12.311 200 3,12 0.001 1 0 0,13 0.001 0 -1 1,15 0.001 -1 0 0.3372 80 12,3 0.001 0 -1 15,2 0.001 0 1 12,0 0.001 0 -1 48.2907 305 12,13 0.001 0 -1 15,12 0.001 1 1 13,14 0.002 -1 -1 0.2331 65 ::f,2,1 f,2,13 f,13,1 f,14,13 
214:3,3 0.001 -1 1 0,3 0.001 -1 0 0,1 0.001 0 -1 12.313 200 3,12 0.001 1 1 0,12 0.001 0 -1 0,15 0.001 -1 0 0.3392 80 12,2 0.001 0 -1 15,2 0.001 0 1 12,0 0.001 1 -1 48.2917 305 12,12 0.001 0 -1 15,12 0.001 0 1 13,14 0.002 0 -1 0.2341 65 ::f,2,1 f,2,13 f,13,1 f,14,13 
215:3,3 0.001 -1 0 0,3 0.001 -1 -1 0,1 0.001 0 -1 12.313 200 3,12 0.001 0 1 0,12 0.001 1 -1 0,15 0.001 -1 -1 0.3392 80 12,1 0.001 0 -1 15,3 0.001 0 1 12,0 0.001 1 0 48.2937 305 12,12 0.001 1 -1 15,13 0.001 0 1 13,14 0.002 1 -1 0.2351 65 ::f,2,1 f,2,13 f,13,1 f,14,13 
216:2,3 0.001 -1 0 0,3 0.001 0 -1 0,1 0.001 0 -1 12.314 200 3,13 0.001 0 1 0,12 0.001 1 0 0,15 0.001 0 -1 0.3402 80 12,1 0.001 0 -1 15,3 0.001 -1 1 13,0 0.001 1 0 48.2947 305 12,12 0.001 1 0 15,14 0.001 0 1 13,14 0.002 1 0 0.2361 65 ::f,2,1 f,2,13 f,13,1 f,14,13 
217:1,3 0.001 -1 0 0,2 0.001 0 -1 0,0 0.001 0 -1 12.317 200 3,14 0.001 0 1 1,12 0.001 1 0 0,14 0.001 0 -1 0.3432 80 12,0 0.001 0 -1 15,3 0.001 -1 0 14,0 0.001 1 0 48.2967 305 13,12 0.001 1 0 15,15 0.001 0 1 13,14 0.002 1 1 0.2381 65 ::f,2,1 f,2,13 f,13,1 f,14,13 
218:0,3 0.001 -1 0 0,1 0.001 0 -1 0,0 0.001 1 -1 12.319 200 3,15 0.001 0 1 2,12 0.001 1 0 0,13 0.001 0 -1 0.3462 80 12,0 0.001 1 -1 14,3 0.001 -1 0 14,0 0.001 1 0 48.2977 305 14,12 0.001 1 0 15,15 0.001 -1 1 13,14 0.002 0 1 0.2391 65 ::f,2,1 f,2,13 f,13,1 f,14,13 
219:0,3 0.001 -1 -1 0,1 0.001 0 -1 0,0 0.001 1 0 12.319 200 3,15 0.001 -1 1 2,12 0.001 1 0 0,12 0.001 0 -1 0.3472 80 12,0 0.001 1 0 13,3 0.001 -1 0 14,0 0.001 1 0 48.2987 305 15,12 0.001 1 0 15,15 0.001 -1 0 13,14 0.002 -1 1 0.2401 65 ::f,2,1 f,2,13 f,13,1 f,14,13 
220:0,3 0.001 0 -1 0,1 0.001 1 -1 1,0 0.001 1 0 12.32 200 3,15 0.001 -1 0 3,12 0.001 1 0 0,12 0.001 1 -1 0.3482 80 13,0 0.001 1 0 13,3 0.001 -1 0 14,0 0.001 1 0 48.2997 305 15,12 0.001 1 1 14,15 0.001 -1 0 13,14 0.002 -1 0 0.2411 65 ::f,2,1 f,2,13 f,13,1 f,14,13 
221:0,2 0.001 0 -1 0,1 0.001 1 0 2,0 0.001 1 0 12.322 200 2,15 0.001 -1 0 3,12 0.001 1 1 0,12 0.001 1 0 0.3492 80 13,0 0.001 1 0 12,3 0.001 -1 0 15,0 0.001 1 0 48.3017 305 15,12 0.001 0 1 13,15 0.001 -1 0 13,14 0.002 -1 -1 0.2421 65 ::f,2,1 f,2,13 f,13,1 f,14,13 
222:0,2 0.001 0 -1 1,1 0.001 1 0 3,0 0.001 1 0 12.324 200 1,15 0.001 -1 0 3,12 0.001 0 1 1,12 0.001 1 0 0.3512 80 14,0 0.001 1 0 12,3 0.001 -1 -1 15,0 0.001 1 1 48.3027 305 15,13 0.001 0 1 12,15 0.001 -1 0 13,14 0.002 0 -1 0.2441 65 ::f,2,1 f,2,13 f,13,1 f,14,13 
223:0,1 0.001 0 -1 1,1 0.001 1 0 3,0 0.001 1 1 16.3251 215 0,15 0.001 -1 0 3,13 0.001 0 1 2,12 0.001 1 0 0.3542 80 14,0 0.001 1 0 12,3 0.001 0 -1 15,0 0.001 0 1 48.3027 305 15,14 0.001 0 1 12,15 0.001 -1 -1 13,14 0.002 1 -1 0.2451 65 ::f,2,1 f,2,13 f,13,1 f,14,13 
224:0,0 0.001 0 -1 1,1 0.001 1 0 3,0 0.001 0 1 21.3262 230 0,15 0.001 -1 -1 3,14 0.001 0 1 3,12 0.001 1 0 0.3562 80 14,0 0.001 1 1 12,2 0.001 0 -1 15,1 0.001 0 1 48.3047 305 15,15 0.001 0 1 12,15 0.001 0 -1 13,14 0.002 1 0 0.2461 65 ::f,2,13 f,3,2 f,13,1 f,14,13 
225:0,0 0.001 1 -1 2,1 0.001 1 0 3,1 0.001 0 1 21.3282 230 0,15 0.001 0 -1 3,15 0.001 0 1 3,12 0.001 1 1 0.3572 80 14,0 0.001 0 1 12,1 0.001 0 -1 15,2 0.001 0 1 48.3067 305 15,15 0.001 -1 1 12,14 0.001 0 -1 13,14 0.002 1 1 0.2471 65 ::f,2,13 f,3,2 f,13,1 f,14,13 
226:0,0 0.001 1 0 2,1 0.001 1 0 3,1 0.001 0 1 24.3283 245 0,14 0.001 0 -1 3,15 0.001 -1 1 3,12 0.001 0 1 0.3582 80 14,1 0.001 0 1 12,1 0.001 0 -1 15,3 0.001 0 1 48.3087 305 15,15 0.001 -1 0 12,13 0.001 0 -1 13,14 0.002 0 1 0.2481 65 ::f,2,13 f,3,3 f,13,1 f,14,13 
227:1,0 0.001 1 0 2,1 0.001 1 1 3,2 0.001 0 1 24.3303 245 0,13 0.001 0 -1 3,15 0.001 -1 0 3,13 0.001 0 1 0.3602 80 14,2 0.001 0 1 12,0 0.001 0 -1 15,3 0.001 -1 1 48.3107 305 14,15 0.001 -1 0 12,12 0.001 0 -1 13,14 0.002 -1 1 0.2501 65 ::f,2,13 f,3,3 f,13,1 f,14,13 
228:2,0 0.001 1 0 2,1 0.001 0 1 3,2 0.001 0 1 28.3314 260 0,13 0.001 0 -1 2,15 0.001 -1 0 3,14 0.001 0 1 0.3622 80 14,3 0.001 0 1 12,0 0.001 1 -1 15,3 0.001 -1 0 48.3117 305 13,15 0.001 -1 0 12,12 0.001 1 -1 13,14 0.002 -1 0 0.2511 65 ::f,0,2 f,2,13 f,13,1 f,14,13 
229:3,0 0.001 1 0 2,2 0.001 0 1 3,3 0.001 0 1 28.3344 260 0,12 0.001 0 -1 1,15 0.001 -1 0 3,15 0.001 0 1 0.3652 80 14,3 0.001 -1 1 12,0 0.001 1 0 15,3 0.001 -1 -1 48.3117 305 13,15 0.001 -1 0 12,12 0.001 1 0 13,14 0.002 -1 -1 0.2511 65 ::f,0,2 f,2,13 f,13,1 f,14,13 
230:3,0 0.001 1 1 2,2 0.001 0 1 3,3 0.001 -1 1 28.3344 260 0,12 0.001 1 -1 0,15 0.001 -1 0 3,15 0.001 -1 1 0.3662 80 14,3 0.001 -1 0 13,0 0.001 1 0 14,2 0.001 -1 -1 48.3137 305 12,15 0.001 -1 0 13,12 0.001 1 0 13,14 0.002 0 -1 0.2531 65 ::f,0,2 f,2,13 f,13,1 f,14,13 
231:3,0 0.001 0 1 2,2 0.001 0 1 3,3 0.001 -1 0 28.3344 260 0,12 0.001 1 0 0,15 0.001 -1 -1 3,15 0.001 -1 0 0.3662 80 13,3 0.001 -1 0 14,0 0.001 1 0 14,2 0.001 -1 -1 52.3158 320 12,15 0.001 -1 -1 14,12 0.001 1 0 13,14 0.002 1 -1 0.2541 65 ::f,0,2 f,2,13 f,13,2 f,14,13 
232:3,1 0.001 0 1 2,3 0.001 0 1 3,3 0.001 -1 -1 28.3364 260 1,12 0.001 1 0 0,15 0.001 0 -1 2,15 0.001 -1 0 0.3682 80 12,3 0.001 -1 0 15,0 0.001 1 0 13,1 0.001 -1 -1 52.3188 320 12,15 0.001 0 -1 14,12 0.001 1 0 13,14 0.002 1 0 0.2541 65 ::f,0,2 f,2,13 f,13,2 f,14,13 
233:3,2 0.001 0 1 2,3 0.001 -1 1 2,2 0.001 -1 -1 28.3384 260 2,12 0.001 1 0 0,14 0.001 0 -1 1,15 0.001 -1 0 0.3712 80 12,3 0.001 -1 -1 15,0 0.001 1 1 12,0 0.001 -1 -1 52.3198 320 12,14 0.001 0 -1 14,12 0.001 1 0 13,14 0.002 1 1 0.2551 65 ::f,0,2 f,2,13 f,13,2 f,14,13 
234:3,2 0.001 0 1 2,3 0.001 -1 0 2,2 0.001 -1 -1 28.3384 260 3,12 0.001 1 0 0,13 0.001 0 -1 0,15 0.001 -1 0 0.3742 80 12,3 0.001 0 -1 15,0 0.001 0 1 12,0 0.001 0 -1 52.3198 320 12,13 0.001 0 -1 15,12 0.001 1 0 13,14 0.002 0 1 0.2571 65 ::f,0,2 f,2,13 f,13,2 f,14,13 
235:3,3 0.001 0 1 1,3 0.001 -1 0 1,1 0.001 -1 -1 28.3414 260 3,12 0.001 1 1 0,13 0.001 0 -1 0,15 0.001 -1 -1 0.3742 80 12,2 0.001 0 -1 15,1 0.001 0 1 12,0 0.001 1 -1 52.3218 320 12,12 0.001 0 -1 15,12 0.001 1 1 13,14 0.002 -1 1 0.2581 65 ::f,0,2 f,2,13 f,13,2 f,14,13 
236:3,3 0.001 -1 1 0,3 0.001 -1 0 1,1 0.001 -1 -1 28.3424 260 3,12 0.001 0 1 0,12 0.001 0 -1 0,15 0.001 0 -1 0.3752 80 12,1 0.001 0 -1 15,2 0.001 0 1 12,0 0.001 1 0 52.3238 320 12,12 0.001 1 -1 15,12 0.001 0 1 13,14 0.002 -1 0 0.2581 65 ::f,0,2 f,2,13 f,13,2 f,14,13 
237:3,3 0.001 -1 0 0,3 0.001 -1 -1 1,1 0.001 -1 -1 28.3424 260 3,13 0.001 0 1 0,12 0.001 1 -1 0,14 0.001 0 -1 0.3772 80 12,1 0.001 0 -1 15,2 0.001 0 1 13,0 0.001 1 0 52.3248 320 12,12 0.001 1 0 15,13 0.001 0 1 13,14 0.002 -1 -1 0.2591 65 ::f,0,2 f,2,13 f,13,2 f,14,13 
238:2,3 0.001 -1 0 0,3 0.001 0 -1 0,0 0.001 -1 -1 28.3444 260 3,14 0.001 0 1 0,12 0.001 1 0 0,13 0.001 0 -1 0.3792 80 12,0 0.001 0 -1 15,2 0.001 0 1 14,0 0.001 1 0 52.3268 320 13,12 0.001 1 0 15,14 0.001 0 1 13,14 0.002 0 -1 0.2611 65 ::f,0,2 f,2,13 f,13,2 f,14,13 
239:1,3 0.001 -1 0 0,3 0.001 0 -1 0,0 0.001 0 -1 28.3454 260 3,15 0.001 0 1 1,12 0.001 1 0 0,13 0.001 0 -1 0.3812 80 12,0 0.001 1 -1 15,3 0.001 0 1 14,0 0.001 1 0 52.3278 320 14,12 0.001 1 0 15,15 0.001 0 1 13,14 0.002 1 -1 0.2631 65 ::f,0,2 f,2,13 f,13,2 f,14,13 
240:1,3 0.001 -1 0 0,3 0.001 0 -1 0,0 0.001 1 -1 28.3454 260 3,15 0.001 -1 1 2,12 0.001 1 0 0,12 0.001 0 -1 0.3832 80 12,0 0.001 1 0 15,3 0.001 -1 1 15,0 0.001 1 0 52.3288 320 14,12 0.001 1 0 15,15 0.001 -1 1 13,14 0.002 1 0 0.2631 65 ::f,0,2 f,2,13 f,13,2 f,14,13 
241:1,3 0.001 -1 -1 0,3 0.001 0 -1 0,0 0.001 1 0 34.3455 275 3,15 0.001 -1 0 3,12 0.001 1 0 0,12 0.001 1 -1 0.3842 80 13,0 0.001 1 0 15,3 0.001 -1 0 15,0 0.001 1 1 52.3298 320 15,12 0.001 1 0 15,15 0.001 -1 0 13,14 0.002 1 1 0.2641 65 ::f,1,2 f,2,13 f,13,2 f,14,13 
242:0,2 0.001 -1 -1 0,3 0.001 0 -1 1,0 0.001 1 0 34.3475 275 2,15 0.001 -1 0 3,12 0.001 1 1 0,12 0.001 1 0 0.3852 80 14,0 0.001 1 0 14,3 0.001 -1 0 15,0 0.001 0 1 52.3318 320 15,12 0.001 1 1 14,15 0.001 -1 0 13,14 0.002 0 1 0.2651 65 ::f,1,2 f,2,13 f,13,2 f,14,13 
243:0,2 0.001 0 -1 0,3 0.001 1 -1 2,0 0.001 1 0 34.3485 275 1,15 0.001 -1 0 3,12 0.001 0 1 1,12 0.001 1 0 0.3872 80 14,0 0.001 1 0 13,3 0.001 -1 0 15,1 0.001 0 1 52.3338 320 15,12 0.001 0 1 13,15 0.001 -1 0 13,14 0.002 -1 1 0.2661 65 ::f,1,2 f,2,13 f,13,2 f,14,13 
244:0,1 0.001 0 -1 0,3 0.001 1 -1 3,0 0.001 1 0 34.3505 275 0,15 0.001 -1 0 3,13 0.001 0 1 2,12 0.001 1 0 0.3902 80 15,0 0.001 1 0 12,3 0.001 -1 0 15,2 0.001 0 1 52.3368 320 15,13 0.001 0 1 13,15 0.001 -1 0 13,14 0.002 -1 0 0.2671 65 ::f,1,2 f,2,13 f,13,2 f,14,13 
245:0,1 0.001 0 -1 0,3 0.001 1 -1 3,0 0.001 1 1 41.3506 290 0,15 0.001 -1 -1 3,14 0.001 0 1 2,12 0.001 1 0 0.3912 80 15,0 0.001 1 1 12,3 0.001 -1 -1 15,3 0.001 0 1 52.3378 320 15,14 0.001 0 1 12,15 0.001 -1 0 13,14 0.002 -1 -1 0.2691 65 ::f,1,2 f,2,13 f,13,2 f,14,13 
246:0,1 0.001 0 -1 0,3 0.001 1 -1 3,0 0.001 0 1 49.3507 305 0,15 0.001 0 -1 3,15 0.001 0 1 2,12 0.001 1 0 0.3922 80 15,0 0.001 0 1 12,3 0.001 0 -1 15,3 0.001 -1 1 52.3378 320 15,15 0.001 0 1 12,15 0.001 -1 -1 13,14 0.002 0 -1 0.2701 65 ::f,2,13 f,3,3 f,13,2 f,14,13 
247:0,0 0.001 0 -1 1,2 0.001 1 -1 3,1 0.001 0 1 49.3537 305 0,14 0.001 0 -1 3,15 0.001 -1 1 3,12 0.001 1 0 0.3942 80 15,1 0.001 0 1 12,2 0.001 0 -1 15,3 0.001 -1 0 52.3398 320 15,15 0.001 -1 1 12,15 0.001 0 -1 13,14 0.002 1 -1 0.2701 65 ::f,2,13 f,3,3 f,13,2 f,14,13 
248:0,0 0.001 1 -1 2,1 0.001 1 -1 3,2 0.001 0 1 49.3557 305 0,13 0.001 0 -1 3,15 0.001 -1 0 3,12 0.001 1 1 0.3952 80 15,2 0.001 0 1 12,1 0.001 0 -1 14,3 0.001 -1 0 52.3428 320 15,15 0.001 -1 0 12,14 0.001 0 -1 13,14 0.002 1 0 0.2711 65 ::f,2,13 f,3,3 f,13,2 f,14,13 
249:0,0 0.001 1 0 2,1 0.001 1 -1 3,2 0.001 0 1 54.3558 320 0,13 0.001 0 -1 2,15 0.001 -1 0 3,12 0.001 0 1 0.3962 80 15,3 0.001 0 1 12,0 0.001 0 -1 13,3 0.001 -1 0 52.3458 320 14,15 0.001 -1 0 12,13 0.001 0 -1 13,14 0.002 1 1 0.2731 65 ::f,0,2 f,2,13 f,13,2 f,14,13 
250:1,0 0.001 1 0 3,0 0.001 1 -1 3,3 0.001 0 1 54.3588 320 0,12 0.001 0 -1 1,15 0.001 -1 0 3,13 0.001 0 1 0.3992 80 15,3 0.001 -1 1 12,0 0.001 1 -1 13,3 0.001 -1 0 52.3458 320 13,15 0.001 -1 0 12,13 0.001 0 -1 13,14 0.002 0 1 0.2741 65 ::f,0,2 f,2,13 f,13,2 f,14,13 
251:2,0 0.001 1 0 3,0 0.001 1 0 3,3 0.001 -1 1 54.3598 320 0,12 0.001 1 -1 0,15 0.001 -1 0 3,14 0.001 0 1 0.4012 80 15,3 0.001 -1 0 12,0 0.001 1 0 12,3 0.001 -1 0 52.3468 320 12,15 0.001 -1 0 12,12 0.001 0 -1 13,14 0.002 -1 1 0.2761 65 ::f,0,2 f,2,13 f,13,2 f,14,13 
252:2,0 0.001 1 0 3,0 0.001 1 1 3,3 0.001 -1 0 54.3598 320 0,12 0.001 1 0 0,15 0.001 -1 -1 3,15 0.001 0 1 0.4022 80 14,3 0.001 -1 0 13,0 0.001 1 0 12,3 0.001 -1 -1 52.3488 320 12,15 0.001 -1 -1 12,12 0.001 1 -1 13,14 0.002 -1 0 0.2761 65 ::f,0,2 f,2,13 f,13,2 f,14,13 
253:2,0 0.001 1 1 3,0 0.001 0 1 2,3 0.001 -1 0 54.3608 320 1,12 0.001 1 0 0,15 0.001 0 -1 3,15 0.001 -1 1 0.4032 80 13,3 0.001 -1 0 14,0 0.001 1 0 12,3 0.001 0 -1 52.3508 320 12,15 0.001 0 -1 12,12 0.001 1 0 13,14 0.002 -1 -1 0.2761 65 ::f,0,2 f,2,13 f,13,2 f,14,13 
254:3,1 0.001 1 1 3,0 0.001 -1 1 1,3 0.001 -1 0 54.3628 320 2,12 0.001 1 0 0,14 0.001 0 -1 3,15 0.001 -1 0 0.4052 80 13,3 0.001 -1 0 14,0 0.001 1 0 12,2 0.001 0 -1 52.3518 320 12,14 0.001 0 -1 13,12 0.001 1 0 13,14 0.002 0 -1 0.2781 65 ::f,0,2 f,2,13 f,13,2 f,14,13 
255:3,1 0.001 0 1 2,1 0.001 -1 1 0,3 0.001 -1 0 54.3648 320 3,12 0.001 1 0 0,13 0.001 0 -1 2,15 0.001 -1 0 0.4082 80 12,3 0.001 -1 0 15,0 0.001 1 0 12,1 0.001 0 -1 52.3548 320 12,13 0.001 0 -1 14,12 0.001 1 0 13,14 0.002 1 -1 0.2801 65 ::f,0,2 f,2,13 f,13,2 f,14,13 
256:3,2 0.001 0 1 1,2 0.001 -1 1 0,3 0.001 -1 -1 54.3668 320 3,12 0.001 1 1 0,12 0.001 0 -1 1,15 0.001 -1 0 0.4102 80 12,3 0.001 -1 -1 15,0 0.001 1 1 12,0 0.001 0 -1 52.3558 320 12,12 0.001 0 -1 15,12 0.001 1 0 13,14 0.002 1 0 0.2821 65 ::f,0,2 f,2,13 f,13,2 f,14,13 
257:3,3 0.001 0 1 1,2 0.001 -1 1 0,3 0.001 0 -1 54.3678 320 3,12 0.001 0 1 0,12 0.001 1 -1 0,15 0.001 -1 0 0.4112 80 12,3 0.001 0 -1 15,0 0.001 0 1 12,0 0.001 1 -1 52.3558 320 12,12 0.001 1 -1 15,12 0.001 1 1 13,14 0.002 1 1 0.2821 65 ::f,0,2 f,2,13 f,13,2 f,14,13 
258:3,3 0.001 -1 1 1,2 0.001 -1 0 0,3 0.001 0 -1 54.3678 320 3,13 0.001 0 1 0,12 0.001 1 0 0,15 0.001 -1 -1 0.4122 80 12,2 0.001 0 -1 15,1 0.001 0 1 12,0 0.001 1 0 52.3578 320 12,12 0.001 1 0 15,12 0.001 0 1 13,14 0.002 0 1 0.2821 65 ::f,0,2 f,2,13 f,13,2 f,14,13 
259:3,3 0.001 -1 0 1,2 0.001 -1 0 0,3 0.001 0 -1 54.3678 320 3,14 0.001 0 1 1,12 0.001 1 0 0,15 0.001 0 -1 0.4142 80 12,1 0.001 0 -1 15,2 0.001 0 1 13,0 0.001 1 0 52.3608 320 13,12 0.001 1 0 15,13 0.001 0 1 13,14 0.002 -1 1 0.2841 65 ::f,0,2 f,2,13 f,13,2 f,14,13 
260:2,3 0.001 -1 0 1,2 0.001 -1 0 0,2 0.001 0 -1 63.3699 335 3,14 0.001 0 1 2,12 0.001 1 0 0,14 0.001 0 -1 0.4162 80 12,0 0.001 0 -1 15,3 0.001 0 1 14,0 0.001 1 0 52.3638 320 14,12 0.001 1 0 15,14 0.001 0 1 13,14 0.002 -1 0 0.2861 65 ::f,2,13 f,3,3 f,13,2 f,14,13 
261:1,3 0.001 -1 0 1,2 0.001 -1 0 0,1 0.001 0 -1 63.3719 335 3,15 0.001 0 1 3,12 0.001 1 0 0,13 0.001 0 -1 0.4192 80 12,0 0.001 1 -1 15,3 0.001 -1 1 15,0 0.001 1 0 52.3648 320 14,12 0.001 1 0 15,15 0.001 0 1 13,14 0.002 -1 -1 0.2871 65 ::f,2,13 f,3,3 f,13,2 f,14,13 
262:0,3 0.001 -1 0 0,2 0.001 -1 0 0,0 0.001 0 -1 63.3749 335 3,15 0.001 -1 1 3,12 0.001 1 1 0,12 0.001 0 -1 0.4202 80 12,0 0.001 1 0 15,3 0.001 -1 0 15,0 0.001 1 1 52.3648 320 15,12 0.001 1 0 15,15 0.001 -1 1 13,14 0.002 0 -1 0.2881 65 ::f,2,13 f,3,3 f,13,2 f,14,13 
263:0,3 0.001 -1 -1 0,2 0.001 -1 -1 0,0 0.001 1 -1 63.3749 335 3,15 0.001 -1 0 3,12 0.001 0 1 0,12 0.001 1 -1 0.4202 80 13,0 0.001 1 0 14,3 0.001 -1 0 15,0 0.001 0 1 52.3668 320 15,12 0.001 1 1 15,15 0.001 -1 0 13,14 0.002 1 -1 0.2881 65 ::f,2,13 f,3,3 f,13,2 f,14,13 
264:0,3 0.001 0 -1 0,2 0.001 0 -1 0,0 0.001 1 0 63.3749 335 2,15 0.001 -1 0 3,13 0.001 0 1 0,12 0.001 1 0 0.4222 80 14,0 0.001 1 0 13,3 0.001 -1 0 15,1 0.001 0 1 52.3698 320 15,12 0.001 0 1 14,15 0.001 -1 0 13,14 0.002 1 0 0.2891 65 ::f,2,13 f,3,3 f,13,2 f,14,13 
265:0,3 0.001 1 -1 0,1 0.001 0 -1 1,0 0.001 1 0 63.3769 335 1,15 0.001 -1 0 3,14 0.001 0 1 1,12 0.001 1 0 0.4252 80 15,0 0.001 1 0 13,3 0.001 -1 0 15,2 0.001 0 1 52.3718 320 15,13 0.001 0 1 13,15 0.001 -1 0 13,14 0.002 1 1 0.2911 65 ::f,2,13 f,3,3 f,13,2 f,14,13 
266:1,2 0.001 1 -1 0,0 0.001 0 -1 2,0 0.001 1 0 63.3799 335 1,15 0.001 -1 0 3,14 0.001 0 1 2,12 0.001 1 0 0.4262 80 15,0 0.001 1 1 12,3 0.001 -1 0 15,2 0.001 0 1 52.3728 320 15,14 0.001 0 1 13,15 0.001 -1 0 13,14 0.002 0 1 0.2921 65 ::f,2,13 f,3,3 f,13,2 f,14,13 
267:1,2 0.001 1 -1 0,0 0.001 1 -1 2,0 0.001 1 0 63.3799 335 1,15 0.001 -1 0 3,15 0.001 0 1 3,12 0.001 1 0 0.4282 80 15,0 0.001 0 1 12,3 0.001 -1 -1 15,2 0.001 0 1 52.3728 320 15,15 0.001 0 1 12,15 0.001 -1 0 13,14 0.002 -1 1 0.2941 65 ::f,2,13 f,3,3 f,13,2 f,14,13 
268:2,1 0.001 1 -1 0,0 0.001 1 0 3,0 0.001 1 0 63.3819 335 0,15 0.001 -1 0 3,15 0.001 -1 1 3,12 0.001 1 1 0.4292 80 15,1 0.001 0 1 12,3 0.001 0 -1 15,3 0.001 0 1 52.3748 320 15,15 0.001 -1 1 12,15 0.001 -1 -1 13,14 0.002 -1 0 0.2941 65 ::f,2,13 f,3,3 f,13,2 f,14,13 
269:2,1 0.001 1 -1 1,0 0.001 1 0 3,0 0.001 1 1 63.3829 335 0,15 0.001 -1 -1 3,15 0.001 -1 0 3,12 0.001 0 1 0.4292 80 15,2 0.001 0 1 12,2 0.001 0 -1 15,3 0.001 -1 1 52.3768 320 15,15 0.001 -1 0 12,15 0.001 0 -1 13,14 0.002 -1 -1 0.2941 65 ::f,2,13 f,3,3 f,13,2 f,14,13 
270:2,1 0.001 1 0 2,0 0.001 1 0 3,0 0.001 0 1 63.3839 335 0,15 0.001 0 -1 2,15 0.001 -1 0 3,13 0.001 0 1 0.4312 80 15,2 0.001 0 1 12,1 0.001 0 -1 15,3 0.001 -1 0 52.3778 320 14,15 0.001 -1 0 12,14 0.001 0 -1 13,14 0.002 0 -1 0.2961 65 ::f,2,13 f,3,3 f,13,2 f,14,13 
271:3,1 0.001 1 0 2,0 0.001 1 0 3,0 0.001 -1 1 63.3849 335 0,14 0.001 0 -1 1,15 0.001 -1 0 3,14 0.001 0 1 0.4342 80 15,2 0.001 -1 1 12,1 0.001 0 -1 14,3 0.001 -1 0 52.3788 320 13,15 0.001 -1 0 12,13 0.001 0 -1 13,14 0.002 1 -1 0.2981 65 ::f,2,13 f,3,3 f,13,2 f,14,13 
272:3,1 0.001 1 1 2,0 0.001 1 1 2,1 0.001 -1 1 63.3859 335 0,13 0.001 0 -1 1,15 0.001 -1 0 3,14 0.001 0 1 0.4352 80 15,2 0.001 -1 0 12,0 0.001 0 -1 13,3 0.001 -1 0 52.3808 320 13,15 0.001 -1 0 12,12 0.001 0 -1 13,14 0.002 1 0 0.2991 65 ::f,2,13 f,3,3 f,13,2 f,14,13 
273:3,1 0.001 0 1 2,0 0.001 0 1 2,1 0.001 -1 1 63.3859 335 0,13 0.001 0 -1 0,15 0.001 -1 0 3,15 0.001 0 1 0.4372 80 14,2 0.001 -1 0 12,0 0.001 1 -1 12,3 0.001 -1 0 52.3828 320 12,15 0.001 -1 0 12,12 0.001 1 -1 13,14 0.002 1 1 0.3001 65 ::f,2,13 f,3,3 f,13,2 f,14,13 
274:3,2 0.001 0 1 2,0 0.001 -1 1 1,2 0.001 -1 1 63.3879 335 0,12 0.001 0 -1 0,15 0.001 -1 -1 3,15 0.001 -1 1 0.4382 80 14,2 0.001 -1 0 12,0 0.001 1 0 12,3 0.001 -1 -1 61.3829 335 12,15 0.001 -1 -1 12,12 0.001 1 0 13,14 0.002 0 1 0.3001 65 ::f,2,13 f,3,3 f,14,1 f,14,13 
275:3,2 0.001 0 1 1,1 0.001 -1 1 0,3 0.001 -1 1 66.39 350 0,12 0.001 1 -1 0,15 0.001 0 -1 3,15 0.001 -1 0 0.4382 80 13,2 0.001 -1 0 13,0 0.001 1 0 12,3 0.001 0 -1 61.3849 335 12,15 0.001 0 -1 13,12 0.001 1 0 13,14 0.002 -1 1 0.3011 65 ::f,0,1 f,2,13 f,14,1 f,14,13 
276:3,3 0.001 0 1 1,1 0.001 -1 1 0,3 0.001 -1 0 66.391 350 0,12 0.001 1 0 0,14 0.001 0 -1 2,15 0.001 -1 0 0.4402 80 12,2 0.001 -1 0 14,0 0.001 1 0 12,3 0.001 1 -1 61.3869 335 12,14 0.001 0 -1 14,12 0.001 1 0 13,14 0.002 -1 0 0.3031 65 ::f,0,1 f,2,13 f,14,1 f,14,13 
277:3,3 0.001 -1 1 0,2 0.001 -1 1 0,3 0.001 -1 -1 66.392 350 1,12 0.001 1 0 0,13 0.001 0 -1 1,15 0.001 -1 0 0.4432 80 12,2 0.001 -1 -1 15,0 0.001 1 0 13,2 0.001 1 -1 61.3889 335 12,13 0.001 0 -1 14,12 0.001 1 0 13,14 0.002 -1 -1 0.3041 65 ::f,0,1 f,2,13 f,14,1 f,14,13 
278:3,3 0.001 -1 0 0,2 0.001 -1 0 0,3 0.001 0 -1 66.392 350 2,12 0.001 1 0 0,12 0.001 0 -1 1,15 0.001 -1 0 0.4452 80 12,2 0.001 0 -1 15,0 0.001 1 1 13,2 0.001 1 -1 66.389 350 12,12 0.001 0 -1 15,12 0.001 1 0 13,14 0.002 0 -1 0.3061 65 ::f,0,1 f,2,13 f,14,1 f,14,13 
279:2,3 0.001 -1 0 0,2 0.001 -1 -1 0,3 0.001 1 -1 66.393 350 3,12 0.001 1 0 0,12 0.001 1 -1 0,15 0.001 -1 0 0.4472 80 12,1 0.001 0 -1 15,0 0.001 0 1 13,2 0.001 1 -1 66.39 350 12,12 0.001 1 -1 15,12 0.001 1 1 13,14 0.002 1 -1 0.3061 65 ::f,0,1 f,2,13 f,14,1 f,14,13 
280:1,3 0.001 -1 0 0,2 0.001 0 -1 1,2 0.001 1 -1 66.395 350 3,12 0.001 1 1 0,12 0.001 1 0 0,15 0.001 -1 -1 0.4472 80 12,0 0.001 0 -1 15,1 0.001 0 1 13,2 0.001 1 -1 72.3921 365 12,12 0.001 1 0 15,12 0.001 0 1 13,14 0.002 1 0 0.3061 65 ::f,0,1 f,2,13 f,14,13 f,15,0 
281:0,3 0.001 -1 0 0,2 0.001 0 -1 1,2 0.001 1 -1 66.396 350 3,12 0.001 0 1 1,12 0.001 1 0 0,15 0.001 0 -1 0.4482 80 12,0 0.001 1 -1 15,2 0.001 0 1 14,1 0.001 1 -1 72.3941 365 13,12 0.001 1 0 15,13 0.001 0 1 13,14 0.002 1 1 0.3081 65 ::f,0,1 f,2,13 f,14,13 f,15,0 
282:0,3 0.001 -1 -1 0,2 0.001 0 -1 2,1 0.001 1 -1 76.3971 365 3,13 0.001 0 1 2,12 0.001 1 0 0,14 0.001 0 -1 0.4512 80 12,0 0.001 1 0 15,2 0.001 0 1 14,1 0.001 1 -1 79.3942 380 14,12 0.001 1 0 15,14 0.001 0 1 13,14 0.002 0 1 0.3101 65 ::f,2,13 f,3,1 f,13,0 f,14,13 
283:0,3 0.001 0 -1 0,1 0.001 0 -1 2,1 0.001 1 -1 76.3981 365 3,14 0.001 0 1 3,12 0.001 1 0 0,13 0.001 0 -1 0.4542 80 12,0 0.001 1 0 15,2 0.001 0 1 15,0 0.001 1 -1 79.3952 380 14,12 0.001 1 0 15,15 0.001 0 1 13,14 0.002 -1 1 0.3111 65 ::f,2,13 f,3,1 f,13,0 f,14,13 
284:0,2 0.001 0 -1 0,0 0.001 0 -1 3,0 0.001 1 -1 76.4011 365 3,15 0.001 0 1 3,12 0.001 1 1 0,13 0.001 0 -1 0.4552 80 12,0 0.001 1 0 15,2 0.001 0 1 15,0 0.001 1 0 79.3952 380 15,12 0.001 1 0 15,15 0.001 -1 1 13,14 0.002 -1 0 0.3121 65 ::f,2,13 f,3,1 f,13,0 f,14,13 
285:0,1 0.001 0 -1 0,0 0.001 1 -1 3,0 0.001 1 0 76.4021 365 3,15 0.001 -1 1 3,12 0.001 0 1 0,13 0.001 0 -1 0.4552 80 12,0 0.001 1 0 15,2 0.001 0 1 15,0 0.001 1 1 93.3954 410 15,12 0.001 1 1 15,15 0.001 -1 0 13,14 0.002 -1 -1 0.3121 65 ::f,2,13 f,3,1 f,13,3 f,14,13 
286:0,1 0.001 0 -1 0,0 0.001 1 0 3,0 0.001 1 1 76.4021 365 3,15 0.001 -1 0 3,13 0.001 0 1 0,13 0.001 0 -1 0.4562 80 13,0 0.001 1 0 15,3 0.001 0 1 15,0 0.001 0 1 93.3974 410 15,12 0.001 0 1 14,15 0.001 -1 0 13,14 0.002 0 -1 0.3131 65 ::f,2,13 f,3,1 f,13,3 f,14,13 
287:0,1 0.001 1 -1 1,0 0.001 1 0 3,0 0.001 0 1 76.4031 365 2,15 0.001 -1 0 3,14 0.001 0 1 0,12 0.001 0 -1 0.4592 80 14,0 0.001 1 0 15,3 0.001 -1 1 15,1 0.001 0 1 93.3994 410 15,13 0.001 0 1 13,15 0.001 -1 0 13,14 0.002 1 -1 0.3151 65 ::f,2,13 f,3,1 f,13,3 f,14,13 
288:0,1 0.001 1 0 2,0 0.001 1 0 3,0 0.001 0 1 76.4041 365 1,15 0.001 -1 0 3,14 0.001 0 1 0,12 0.001 1 -1 0.4602 80 15,0 0.001 1 0 15,3 0.001 -1 0 15,2 0.001 0 1 93.4014 410 15,14 0.001 0 1 13,15 0.001 -1 0 13,14 0.002 1 0 0.3161 65 ::f,2,13 f,3,1 f,13,3 f,14,13 
289:1,1 0.001 1 0 2,0 0.001 1 0 3,0 0.001 0 1 76.4051 365 1,15 0.001 -1 0 3,15 0.001 0 1 0,12 0.001 1 0 0.4612 80 15,0 0.001 1 1 14,3 0.001 -1 0 15,2 0.001 0 1 93.4024 410 15,15 0.001 0 1 12,15 0.001 -1 0 13,14 0.002 1 1 0.3181 65 ::f,2,13 f,3,1 f,13,3 f,14,13 
290:2,1 0.001 1 0 2,0 0.001 1 1 3,0 0.001 0 1 76.4061 365 0,15 0.001 -1 0 3,15 0.001 -1 1 1,12 0.001 1 0 0.4632 80 15,0 0.001 0 1 14,3 0.001 -1 0 15,3 0.001 0 1 98.4035 425 15,15 0.001 -1 1 12,15 0.001 -1 -1 13,14 0.002 0 1 0.3181 65 ::f,2,13 f,3,1 f,12,2 f,14,13 
291:2,1 0.001 1 0 2,0 0.001 1 1 3,0 0.001 0 1 86.4063 395 0,15 0.001 -1 -1 3,15 0.001 -1 0 2,12 0.001 1 0 0.4642 80 15,1 0.001 0 1 13,3 0.001 -1 0 15,3 0.001 -1 1 98.4055 425 15,15 0.001 -1 0 12,15 0.001 0 -1 13,14 0.002 -1 1 0.3181 65 ::f,1,2 f,2,13 f,12,2 f,14,13 
292:3,1 0.001 1 0 2,0 0.001 1 1 3,0 0.001 0 1 86.4073 395 0,15 0.001 0 -1 2,15 0.001 -1 0 2,12 0.001 1 0 0.4652 80 15,2 0.001 0 1 12,3 0.001 -1 0 15,3 0.001 -1 0 98.4075 425 14,15 0.001 -1 0 12,14 0.001 0 -1 13,14 0.002 -1 0 0.3201 65 ::f,1,2 f,2,13 f,12,2 f,14,13 
293:3,1 0.001 1 1 2,0 0.001 0 1 3,0 0.001 -1 1 86.4073 395 0,14 0.001 0 -1 1,15 0.001 -1 0 3,12 0.001 1 0 0.4682 80 15,2 0.001 0 1 12,3 0.001 -1 -1 14,3 0.001 -1 0 98.4085 425 13,15 0.001 -1 0 12,13 0.001 0 -1 13,14 0.002 -1 -1 0.3221 65 ::f,1,2 f,2,13 f,12,2 f,14,13 
294:3,1 0.001 0 1 2,1 0.001 0 1 3,0 0.001 -1 0 86.4083 395 0,13 0.001 0 -1 1,15 0.001 -1 0 3,12 0.001 1 1 0.4692 80 15,3 0.001 0 1 12,3 0.001 0 -1 13,3 0.001 -1 0 98.4105 425 13,15 0.001 -1 0 12,13 0.001 0 -1 13,14 0.002 0 -1 0.3221 65 ::f,1,2 f,2,13 f,12,2 f,14,13 
295:3,2 0.001 0 1 2,2 0.001 0 1 2,0 0.001 -1 0 86.4113 395 0,13 0.001 0 -1 0,15 0.001 -1 0 3,12 0.001 0 1 0.4702 80 15,3 0.001 -1 1 12,3 0.001 0 -1 13,3 0.001 -1 0 98.4105 425 12,15 0.001 -1 0 12,13 0.001 0 -1 13,14 0.002 1 -1 0.3231 65 ::f,1,2 f,2,13 f,12,2 f,14,13 
296:3,3 0.001 0 1 2,3 0.001 0 1 1,0 0.001 -1 0 86.4143 395 0,12 0.001 0 -1 0,15 0.001 -1 -1 3,13 0.001 0 1 0.4722 80 15,3 0.001 -1 0 12,3 0.001 0 -1 13,3 0.001 -1 -1 98.4105 425 12,15 0.001 -1 -1 12,13 0.001 0 -1 13,14 0.002 1 0 0.3231 65 ::f,1,2 f,2,13 f,12,2 f,14,13 
297:3,3 0.001 -1 1 2,3 0.001 -1 1 1,0 0.001 -1 0 86.4143 395 0,12 0.001 1 -1 0,15 0.001 0 -1 3,14 0.001 0 1 0.4732 80 14,3 0.001 -1 0 12,3 0.001 0 -1 12,2 0.001 -1 -1 104.413 440 12,15 0.001 0 -1 12,12 0.001 0 -1 13,14 0.002 1 1 0.3241 65 ::f,1,2 f,2,13 f,14,0 f,14,13 
298:3,3 0.001 -1 0 2,3 0.001 -1 0 0,0 0.001 -1 0 86.4153 395 0,12 0.001 1 0 0,14 0.001 0 -1 3,14 0.001 0 1 0.4742 80 13,3 0.001 -1 0 12,3 0.001 0 -1 12,2 0.001 0 -1 104.414 440 12,14 0.001 0 -1 12,12 0.001 1 -1 13,14 0.002 0 1 0.3251 65 ::f,1,2 f,2,13 f,14,0 f,14,13 
299:3,3 0.001 -1 -1 1,3 0.001 -1 0 0,0 0.001 -1 -1 86.4163 395 1,12 0.001 1 0 0,13 0.001 0 -1 3,15 0.001 0 1 0.4772 80 13,3 0.001 -1 0 12,3 0.001 1 -1 12,1 0.001 0 -1 104.415 440 12,13 0.001 0 -1 12,12 0.001 1 0 13,14 0.002 -1 1 0.3261 65 ::f,1,2 f,2,13 f,14,0 f,14,13 
