16
0:1,1 0.001 -1 1 0,1 0.003 1 0 1,3 0.002 -1 0 0.002 50 1,14 0.001 -1 0 2,15 0.003 1 1 2,13 0.002 1 0 0 50 14,1 0.001 1 1 13,2 0.003 1 1 14,3 0.002 1 1 0.001 50 12,15 0.001 -1 0 13,15 0.003 -1 1 15,13 0.002 -1 0 0 50 ::f,0,3 f,3,13 f,13,1 f,14,12 
1:0,2 0.001 -1 1 1,1 0.003 1 0 1,3 0.002 -1 0 0.004 50 0,14 0.001 -1 0 2,15 0.001 1 1 2,13 0.002 1 0 0.001 50 15,2 0.001 1 1 13,2 0.003 1 1 14,3 0.001 1 1 0.002 50 12,15 0.001 -1 1 13,15 0.003 0 1 15,13 0.002 -1 1 0 50 ::f,0,3 f,3,13 f,13,1 f,14,12 
2:0,2 0.001 0 1 1,1 0.001 1 0 1,3 0.002 -1 1 0.004 50 0,14 0.001 -1 0 2,15 0.001 1 0 2,13 0.002 1 -1 0.001 50 15,2 0.001 1 1 13,2 0.003 1 0 14,3 0.001 1 0 0.002 50 12,15 0.001 0 1 13,15 0.003 1 1 14,14 0.002 -1 1 0.001 50 ::f,0,3 f,3,13 f,13,1 f,14,12 
3:0,2 0.001 1 1 2,1 0.001 1 0 1,3 0.002 0 1 0.005 50 0,14 0.002 -1 0 3,15 0.001 1 0 2,13 0.002 0 -1 0.002 50 15,2 0.001 1 0 14,2 0.003 1 0 15,3 0.001 1 0 0.004 50 12,15 0.001 1 1 13,15 0.003 1 0 14,14 0.001 -1 1 0.001 50 ::f,0,3 f,3,13 f,13,1 f,14,12 
4:0,2 0.001 1 0 2,1 0.001 1 0 1,3 0.002 1 1 0.005 50 0,14 0.002 -1 0 3,15 0.001 1 0 2,12 0.002 0 -1 0.003 50 15,2 0.001 1 -1 14,2 0.001 1 0 15,3 0.001 1 0 0.004 50 12,15 0.001 1 0 14,15 0.003 1 0 14,14 0.001 -1 1 0.002 50 ::f,0,3 f,3,13 f,13,1 f,14,12 
5:1,2 0.001 1 0 3,1 0.001 1 0 1,3 0.002 1 0 0.007 50 0,14 0.002 -1 0 3,15 0.001 1 -1 2,12 0.001 0 -1 0.003 50 15,2 0.001 0 -1 14,2 0.001 1 -1 15,3 0.001 1 -1 0.004 50 13,15 0.001 1 0 14,15 0.001 1 0 14,14 0.001 -1 1 0.003 50 ::f,0,3 f,3,13 f,13,1 f,14,12 
6:1,2 0.001 1 0 3,1 0.001 1 0 1,3 0.002 1 -1 0.007 50 0,14 0.002 -1 0 3,15 0.001 0 -1 2,12 0.001 -1 -1 0.003 50 15,2 0.001 -1 -1 15,1 0.001 1 -1 15,3 0.001 0 -1 0.005 50 13,15 0.001 1 0 14,15 0.001 1 0 14,14 0.001 -1 1 0.003 50 ::f,0,3 f,3,13 f,13,1 f,14,12 
7:2,2 0.001 1 0 3,1 0.001 1 -1 1,3 0.002 0 -1 0.008 50 0,14 0.002 -1 0 3,14 0.001 0 -1 2,12 0.001 -1 0 0.004 50 14,1 0.001 -1 -1 15,1 0.001 1 -1 15,2 0.001 0 -1 0.007 50 13,15 0.001 1 0 15,15 0.001 1 0 14,14 0.001 0 1 0.004 50 ::f,0,3 f,3,13 f,13,1 f,14,12 
8:2,2 0.001 1 0 3,1 0.001 0 -1 1,2 0.002 0 -1 0.009 50 0,14 0.002 -1 0 3,14 0.001 0 -1 1,12 0.001 -1 0 0.0051 65 13,0 0.001 -1 -1 15,1 0.001 0 -1 15,2 0.001 0 -1 0.008 50 14,15 0.001 1 0 15,15 0.001 1 0 14,14 0.001 0 1 0.005 50 ::f,0,3 f,3,15 f,13,1 f,14,12 
9:2,2 0.001 1 0 3,0 0.001 0 -1 1,2 0.001 0 -1 0.01 50 0,14 0.002 -1 0 3,13 0.001 0 -1 0,12 0.001 -1 0 0.0071 65 13,0 0.001 -1 -1 15,0 0.001 0 -1 15,1 0.001 0 -1 0.01 50 14,15 0.001 1 0 15,15 0.001 1 -1 14,14 0.001 0 1 0.005 50 ::f,0,3 f,3,15 f,13,1 f,14,12 
10:2,2 0.001 1 -1 3,0 0.001 0 -1 1,2 0.001 0 -1 0.01 50 0,14 0.002 -1 0 3,13 0.001 0 -1 0,12 0.001 -1 0 0.0071 65 13,0 0.001 -1 0 15,0 0.001 0 -1 15,1 0.001 0 -1 0.01 50 14,15 0.001 1 -1 15,15 0.001 0 -1 14,14 0.001 1 1 0.005 50 ::f,0,3 f,3,15 f,13,1 f,14,12 
11:3,1 0.001 1 -1 3,0 0.001 -1 -1 1,2 0.001 0 -1 0.011 50 0,14 0.002 -1 0 3,12 0.001 0 -1 0,12 0.001 -1 1 0.0081 65 12,0 0.001 -1 0 15,0 0.001 -1 -1 15,1 0.001 -1 -1 0.011 50 15,14 0.001 1 -1 15,15 0.001 -1 -1 14,14 0.001 1 0 0.006 50 ::f,0,3 f,3,15 f,13,1 f,14,12 
12:3,1 0.001 1 -1 3,0 0.001 -1 0 1,1 0.001 0 -1 0.012 50 0,14 0.002 -1 0 3,12 0.001 0 -1 0,12 0.001 0 1 0.0081 65 12,0 0.001 -1 0 15,0 0.001 -1 0 14,0 0.001 -1 -1 0.012 50 15,14 0.001 1 -1 15,15 0.001 -1 0 14,14 0.001 1 0 0.006 50 ::f,0,3 f,3,15 f,13,1 f,14,12 
13:3,1 0.001 0 -1 2,0 0.001 -1 0 1,1 0.001 0 -1 0.013 50 0,14 0.002 -1 0 3,12 0.001 -1 -1 0,13 0.001 0 1 0.0091 65 12,0 0.001 -1 1 15,0 0.001 -1 1 14,0 0.001 -1 -1 0.012 50 15,14 0.001 0 -1 14,15 0.001 -1 0 14,14 0.001 1 0 0.007 50 ::f,0,3 f,3,15 f,13,1 f,14,12 
14:3,0 0.001 0 -1 1,0 0.001 -1 0 1,1 0.001 0 -1 0.015 50 0,14 0.002 -1 0 3,12 0.001 -1 0 0,13 0.001 0 1 0.0091 65 12,0 0.001 0 1 14,1 0.001 -1 1 14,0 0.001 -1 0 0.013 50 15,13 0.001 0 -1 13,15 0.001 -1 0 15,14 0.001 1 0 0.01 50 ::f,0,3 f,3,15 f,13,1 f,14,12 
15:3,0 0.001 0 -1 0,0 0.001 -1 0 1,1 0.001 -1 -1 0.016 50 0,14 0.002 -1 0 2,12 0.001 -1 0 0,13 0.001 1 1 0.0101 65 12,1 0.001 0 1 13,2 0.001 -1 1 13,0 0.001 -1 0 0.016 50 15,13 0.001 0 -1 13,15 0.001 -1 0 15,14 0.001 1 0 0.01 50 ::f,0,3 f,3,15 f,13,1 f,14,12 
16:3,0 0.001 -1 -1 0,0 0.001 -1 0 1,1 0.001 -1 0 0.016 50 0,14 0.002 -1 0 2,12 0.001 -1 0 1,14 0.001 1 1 0.0111 65 12,1 0.001 0 1 13,2 0.001 -1 1 13,0 0.001 -1 0 0.016 50 15,12 0.001 0 -1 12,15 0.001 -1 0 15,14 0.001 1 -1 0.012 50 ::f,0,3 f,3,15 f,13,1 f,14,12 
17:3,0 0.001 -1 0 0,0 0.001 -1 1 0,1 0.001 -1 0 0.017 50 0,14 0.002 -1 0 2,12 0.001 -1 0 1,14 0.001 1 1 0.0111 65 12,2 0.001 0 1 12,3 0.001 -1 1 13,0 0.001 -1 1 0.018 50 15,12 0.001 0 -1 12,15 0.001 -1 0 15,14 0.001 0 -1 0.012 50 ::f,0,3 f,3,15 f,13,1 f,14,12 
18:2,0 0.001 -1 0 0,0 0.001 0 1 0,1 0.001 -1 0 0.018 50 0,14 0.002 -1 0 2,12 0.001 -1 1 1,14 0.001 1 1 0.0111 65 12,2 0.001 0 1 12,3 0.001 -1 1 12,1 0.001 -1 1 0.019 50 15,12 0.001 -1 -1 12,15 0.001 -1 1 15,14 0.001 -1 -1 0.012 50 ::f,0,3 f,3,15 f,13,1 f,14,12 
19:2,0 0.001 -1 0 0,0 0.001 0 1 0,1 0.001 -1 1 0.018 50 0,14 0.002 -1 0 1,13 0.001 -1 1 2,15 0.001 1 1 0.0131 65 12,2 0.001 1 1 12,3 0.001 0 1 12,1 0.001 -1 1 0.019 50 15,12 0.001 -1 0 12,15 0.001 0 1 14,13 0.001 -1 -1 0.013 50 ::f,0,3 f,3,15 f,13,1 f,14,12 
20:1,0 0.001 -1 0 0,0 0.001 0 1 0,1 0.001 0 1 0.019 50 0,14 0.002 -1 0 1,13 0.001 -1 1 2,15 0.001 1 1 0.0131 65 12,2 0.001 1 0 12,3 0.001 1 1 12,1 0.001 0 1 0.019 50 15,12 0.001 -1 1 12,15 0.001 1 1 14,13 0.001 -1 -1 0.013 50 ::f,0,3 f,3,15 f,13,1 f,14,12 
21:1,0 0.001 -1 0 0,0 0.001 0 1 0,2 0.001 0 1 0.02 50 0,14 0.002 -1 0 1,13 0.001 0 1 2,15 0.001 1 0 0.0131 65 13,2 0.001 1 0 12,3 0.001 1 0 12,2 0.001 0 1 0.021 50 15,12 0.001 0 1 12,15 0.001 1 0 13,12 0.001 -1 -1 0.014 50 ::f,0,3 f,3,15 f,13,1 f,14,12 
22:1,0 0.001 -1 1 0,1 0.001 0 1 0,2 0.001 0 1 0.0211 65 0,14 0.002 -1 0 1,13 0.001 1 1 2,15 0.001 1 -1 0.0131 65 13,2 0.001 1 0 12,3 0.001 1 -1 12,2 0.001 0 1 0.021 50 15,12 0.001 0 1 12,15 0.001 1 -1 13,12 0.001 -1 -1 0.014 50 ::f,2,3 f,3,15 f,13,1 f,14,12 
23:1,0 0.001 0 1 0,1 0.001 0 1 0,2 0.001 1 1 0.0211 65 0,14 0.002 -1 0 2,14 0.001 1 1 3,14 0.001 1 -1 0.0151 65 13,2 0.001 1 0 12,3 0.001 0 -1 12,2 0.001 1 1 0.021 50 15,13 0.001 0 1 13,14 0.001 1 -1 13,12 0.001 -1 0 0.016 50 ::f,2,3 f,3,15 f,13,1 f,14,12 
24:1,1 0.001 0 1 0,1 0.001 0 1 1,3 0.001 1 1 0.0231 65 0,14 0.002 -1 0 2,14 0.001 1 1 3,14 0.001 1 -1 1.0152 80 13,2 0.001 1 0 12,3 0.001 -1 -1 13,3 0.001 1 1 0.022 50 15,14 0.001 0 1 13,14 0.001 1 -1 13,12 0.001 -1 1 0.017 50 ::f,2,3 f,3,15 f,13,1 f,14,12 
25:1,1 0.001 0 1 0,2 0.001 0 1 1,3 0.001 1 1 0.0241 65 0,14 0.002 -1 0 2,14 0.001 1 1 3,14 0.001 0 -1 3.0153 95 14,2 0.001 1 0 12,3 0.001 -1 0 13,3 0.001 1 1 0.023 50 15,14 0.001 0 1 13,14 0.001 1 -1 12,13 0.001 -1 1 0.018 50 ::f,2,3 f,3,13 f,13,1 f,14,12 
26:1,2 0.001 0 1 0,2 0.001 0 1 1,3 0.001 1 0 0.0251 65 0,14 0.002 -1 0 2,14 0.001 1 0 3,14 0.001 -1 -1 3.0153 95 14,2 0.001 1 0 12,3 0.001 -1 1 13,3 0.001 1 0 0.023 50 15,14 0.001 0 1 13,14 0.001 1 -1 12,13 0.001 -1 1 0.018 50 ::f,2,3 f,3,13 f,13,1 f,14,12 
27:1,2 0.001 0 1 0,2 0.001 0 1 1,3 0.001 1 0 0.0251 65 0,14 0.002 -1 0 2,14 0.001 1 0 3,14 0.001 -1 0 3.0153 95 15,2 0.001 1 0 12,3 0.001 0 1 14,3 0.001 1 0 0.025 50 15,15 0.001 0 1 14,13 0.001 1 -1 12,13 0.001 0 1 0.02 50 ::f,2,3 f,3,13 f,13,1 f,14,12 
28:1,2 0.001 0 1 0,3 0.001 0 1 1,3 0.001 1 0 1.0262 80 0,14 0.002 -1 0 2,14 0.001 1 -1 3,14 0.001 -1 1 3.0153 95 15,2 0.001 1 0 12,3 0.001 1 1 14,3 0.001 1 0 0.025 50 15,15 0.001 0 1 14,13 0.001 1 -1 12,14 0.001 0 1 0.021 50 ::f,1,1 f,3,13 f,13,1 f,14,12 
29:1,2 0.001 1 1 0,3 0.001 0 1 2,3 0.001 1 0 1.0272 80 0,14 0.002 -1 0 2,14 0.001 0 -1 3,14 0.001 0 1 3.0153 95 15,2 0.001 1 -1 12,3 0.001 1 0 14,3 0.001 1 0 0.025 50 15,15 0.001 1 1 14,13 0.001 1 -1 12,14 0.001 0 1 0.021 50 ::f,1,1 f,3,13 f,13,1 f,14,12 
30:1,2 0.001 1 0 0,3 0.001 1 1 2,3 0.001 1 0 1.0272 80 0,14 0.002 -1 0 2,13 0.001 0 -1 3,14 0.001 1 1 3.0163 95 15,2 0.001 0 -1 13,3 0.001 1 0 15,3 0.001 1 0 0.027 50 15,15 0.001 1 0 15,12 0.001 1 -1 12,14 0.001 0 1 0.022 50 ::f,1,1 f,3,13 f,13,1 f,14,12 
31:2,2 0.001 1 0 0,3 0.001 1 0 2,3 0.001 1 0 1.0282 80 0,14 0.002 -1 0 2,13 0.001 0 -1 3,14 0.001 1 0 3.0163 95 15,1 0.001 0 -1 13,3 0.001 1 0 15,3 0.001 1 0 0.028 50 15,15 0.001 1 -1 15,12 0.001 1 -1 12,15 0.001 0 1 0.023 50 ::f,1,1 f,3,13 f,13,1 f,14,12 
32:3,2 0.001 1 0 1,3 0.001 1 0 3,3 0.001 1 0 1.0312 80 0,14 0.002 -1 0 2,12 0.001 0 -1 3,14 0.001 1 -1 3.0173 95 15,1 0.001 0 -1 13,3 0.001 1 0 15,3 0.001 1 -1 0.028 50 15,15 0.001 0 -1 15,12 0.001 0 -1 12,15 0.001 0 1 0.023 50 ::f,1,1 f,3,13 f,13,1 f,14,12 
33:3,2 0.001 1 0 1,3 0.001 1 0 3,3 0.001 1 0 1.0312 80 0,14 0.002 -1 0 2,12 0.001 0 -1 3,14 0.001 0 -1 3.0173 95 15,0 0.001 0 -1 13,3 0.001 1 0 15,3 0.001 0 -1 0.029 50 15,15 0.001 -1 -1 15,12 0.001 -1 -1 12,15 0.001 1 1 0.023 50 ::f,1,1 f,3,13 f,13,1 f,14,12 
34:3,2 0.001 1 -1 1,3 0.001 1 0 3,3 0.001 1 -1 1.0312 80 0,14 0.002 -1 0 2,12 0.001 -1 -1 3,14 0.001 -1 -1 3.0173 95 15,0 0.001 0 -1 14,3 0.001 1 0 15,3 0.001 -1 -1 0.03 50 14,14 0.001 -1 -1 15,12 0.001 -1 0 12,15 0.001 1 0 0.024 50 ::f,1,1 f,3,13 f,13,1 f,14,12 
35:3,2 0.001 0 -1 2,3 0.001 1 0 3,3 0.001 0 -1 1.0322 80 0,14 0.002 -1 0 2,12 0.001 -1 0 2,13 0.001 -1 -1 3.0183 95 15,0 0.001 -1 -1 14,3 0.001 1 0 15,3 0.001 -1 0 0.03 50 13,13 0.001 -1 -1 15,12 0.001 -1 0 13,15 0.001 1 0 0.026 50 ::f,1,1 f,3,13 f,13,1 f,14,12 
36:3,1 0.001 0 -1 2,3 0.001 1 0 3,3 0.001 -1 -1 1.0332 80 0,14 0.002 -1 0 2,12 0.001 -1 1 2,13 0.001 -1 -1 3.0183 95 15,0 0.001 -1 0 14,3 0.001 1 -1 15,3 0.001 -1 1 0.03 50 13,13 0.001 -1 -1 15,12 0.001 -1 0 13,15 0.001 1 0 0.0261 65 ::f,1,1 f,3,13 f,13,1 f,13,14 
37:3,1 0.001 0 -1 2,3 0.001 1 0 2,2 0.001 -1 -1 1.0342 80 0,14 0.002 -1 0 1,13 0.001 -1 1 2,13 0.001 -1 -1 3.0193 95 14,0 0.001 -1 0 15,2 0.001 1 -1 15,3 0.001 0 1 0.032 50 13,13 0.001 -1 -1 14,12 0.001 -1 0 13,15 0.001 1 0 0.0271 65 ::f,1,1 f,3,13 f,13,1 f,13,14 
38:3,1 0.001 0 -1 3,3 0.001 1 0 2,2 0.001 -1 -1 3.0353 95 0,14 0.002 -1 0 1,13 0.001 -1 1 2,13 0.001 -1 0 3.0193 95 14,0 0.001 -1 0 15,2 0.001 1 -1 15,3 0.001 1 1 0.032 50 12,12 0.001 -1 -1 14,12 0.001 -1 0 14,15 0.001 1 0 0.0291 65 ::f,1,0 f,3,13 f,13,1 f,13,14 
39:3,0 0.001 0 -1 3,3 0.001 1 0 2,2 0.001 -1 0 3.0363 95 0,14 0.002 -1 0 1,13 0.001 0 1 2,13 0.001 -1 1 3.0193 95 14,0 0.001 -1 0 15,2 0.001 0 -1 15,3 0.001 1 0 0.032 50 12,12 0.001 -1 -1 13,12 0.001 -1 0 14,15 0.001 1 0 0.0301 65 ::f,1,0 f,3,13 f,13,1 f,13,14 
40:3,0 0.001 0 -1 3,3 0.001 1 -1 1,2 0.001 -1 0 3.0373 95 0,14 0.002 -1 0 1,13 0.001 1 1 1,14 0.001 -1 1 3.0203 95 14,0 0.001 -1 0 15,1 0.001 0 -1 15,3 0.001 1 -1 0.033 50 12,12 0.001 -1 0 13,12 0.001 -1 0 14,15 0.001 1 0 0.0301 65 ::f,1,0 f,3,13 f,13,1 f,13,14 
41:3,0 0.001 -1 -1 3,3 0.001 0 -1 0,2 0.001 -1 0 3.0383 95 0,14 0.002 -1 0 2,14 0.001 1 1 1,14 0.001 -1 1 3.0213 95 13,0 0.001 -1 0 15,1 0.001 0 -1 15,3 0.001 0 -1 0.034 50 12,12 0.001 -1 1 13,12 0.001 -1 1 14,15 0.001 1 0 0.0301 65 ::f,1,0 f,3,13 f,13,1 f,13,14 
42:3,0 0.001 -1 0 3,2 0.001 0 -1 0,2 0.001 -1 0 3.0393 95 0,14 0.002 -1 0 3,15 0.001 1 1 1,14 0.001 0 1 3.0223 95 13,0 0.001 -1 0 15,1 0.001 0 -1 15,2 0.001 0 -1 0.035 50 12,12 0.001 0 1 12,13 0.001 -1 1 15,15 0.001 1 0 0.0321 65 ::f,1,0 f,3,13 f,13,1 f,13,14 
43:2,0 0.001 -1 0 3,1 0.001 0 -1 0,2 0.001 -1 1 3.0413 95 0,14 0.002 -1 0 3,15 0.001 1 1 1,15 0.001 0 1 3.0233 95 12,0 0.001 -1 0 15,1 0.001 -1 -1 15,2 0.001 0 -1 0.036 50 12,12 0.001 1 1 12,13 0.001 -1 1 15,15 0.001 1 0 0.0321 65 ::f,1,0 f,3,13 f,13,1 f,13,14 
44:2,0 0.001 -1 0 3,0 0.001 0 -1 0,2 0.001 0 1 3.0424 110 0,14 0.002 -1 0 3,15 0.001 1 0 1,15 0.001 0 1 3.0233 95 12,0 0.001 -1 0 14,0 0.001 -1 -1 15,1 0.001 0 -1 0.038 50 13,13 0.001 1 1 12,13 0.001 0 1 15,15 0.001 1 -1 0.0331 65 ::f,2,2 f,3,13 f,13,1 f,13,14 
45:2,0 0.001 -1 0 3,0 0.001 0 -1 0,3 0.001 0 1 3.0434 110 0,14 0.002 -1 0 3,15 0.001 1 -1 1,15 0.001 1 1 3.0233 95 12,0 0.001 -1 1 14,0 0.001 -1 -1 15,1 0.001 0 -1 0.038 50 14,14 0.001 1 1 12,14 0.001 0 1 15,15 0.001 0 -1 0.0351 65 ::f,2,2 f,3,13 f,13,1 f,13,14 
46:2,0 0.001 -1 0 3,0 0.001 -1 -1 0,3 0.001 0 1 3.0434 110 0,14 0.002 -1 0 3,15 0.001 0 -1 1,15 0.001 1 0 3.0233 95 12,0 0.001 0 1 14,0 0.001 -1 0 15,0 0.001 0 -1 0.039 50 14,14 0.001 1 1 12,14 0.001 0 1 15,14 0.001 0 -1 0.0361 65 ::f,2,2 f,3,13 f,13,1 f,13,14 
47:2,0 0.001 -1 1 3,0 0.001 -1 0 0,3 0.001 1 1 3.0434 110 0,14 0.002 -1 0 3,14 0.001 0 -1 2,15 0.001 1 0 3.0253 95 12,1 0.001 0 1 14,0 0.001 -1 1 15,0 0.001 0 -1 0.04 50 14,14 0.001 1 0 12,14 0.001 0 1 15,13 0.001 0 -1 0.0371 65 ::f,2,2 f,3,13 f,13,1 f,13,14 
48:1,1 0.001 -1 1 3,0 0.001 -1 1 0,3 0.001 1 0 3.0444 110 0,14 0.002 -1 0 3,14 0.001 0 -1 2,15 0.001 1 0 6.0255 125 12,2 0.001 0 1 14,0 0.001 0 1 15,0 0.001 -1 -1 0.041 50 15,14 0.001 1 0 12,15 0.001 0 1 15,13 0.001 0 -1 0.0391 65 ::f,2,2 f,3,13 f,13,1 f,13,14 
49:0,2 0.001 -1 1 2,1 0.001 -1 1 0,3 0.001 1 -1 3.0464 110 0,14 0.002 -1 0 3,14 0.001 0 -1 3,15 0.001 1 0 10.0266 140 12,2 0.001 0 1 14,1 0.001 0 1 15,0 0.001 -1 0 0.042 50 15,14 0.001 1 0 12,15 0.001 0 1 15,13 0.001 0 -1 0.0391 65 ::f,0,12 f,2,2 f,13,1 f,13,14 
50:0,2 0.001 -1 1 2,1 0.001 -1 1 0,3 0.001 0 -1 3.0464 110 0,14 0.002 -1 0 3,13 0.001 0 -1 3,15 0.001 1 0 10.0276 140 12,3 0.001 0 1 14,2 0.001 0 1 14,0 0.001 -1 0 0.045 50 15,14 0.001 1 -1 12,15 0.001 1 1 15,12 0.001 0 -1 0.0401 65 ::f,0,12 f,2,2 f,13,1 f,13,14 
51:0,2 0.001 0 1 1,2 0.001 -1 1 0,3 0.001 -1 -1 3.0474 110 0,14 0.002 -1 0 3,13 0.001 0 -1 3,15 0.001 1 -1 10.0276 140 12,3 0.001 0 1 14,3 0.001 0 1 13,0 0.001 -1 0 0.047 50 15,14 0.001 0 -1 12,15 0.001 1 0 15,12 0.001 0 -1 0.0401 65 ::f,0,12 f,2,2 f,13,1 f,13,14 
52:0,2 0.001 1 1 1,2 0.001 -1 1 0,3 0.001 -1 0 3.0474 110 0,14 0.002 -1 0 3,12 0.001 0 -1 3,15 0.001 0 -1 10.0286 140 12,3 0.001 1 1 14,3 0.001 0 1 13,0 0.001 -1 0 0.047 50 15,13 0.001 0 -1 12,15 0.001 1 -1 15,12 0.001 -1 -1 0.0411 65 ::f,0,12 f,2,2 f,13,1 f,13,14 
53:1,3 0.001 1 1 1,2 0.001 -1 1 0,3 0.001 -1 1 3.0484 110 0,14 0.002 -1 0 3,12 0.001 0 -1 3,14 0.001 0 -1 10.0296 140 12,3 0.001 1 0 14,3 0.001 1 1 13,0 0.001 -1 0 0.047 50 15,13 0.001 0 -1 12,15 0.001 1 -1 15,12 0.001 -1 0 0.0411 65 ::f,0,12 f,2,2 f,13,1 f,13,14 
54:1,3 0.001 1 1 1,2 0.001 -1 1 0,3 0.001 0 1 3.0484 110 0,14 0.002 -1 0 3,12 0.001 -1 -1 3,14 0.001 0 -1 10.0296 140 12,3 0.001 1 -1 14,3 0.001 1 0 12,0 0.001 -1 0 0.048 50 15,13 0.001 0 -1 12,15 0.001 1 -1 14,12 0.001 -1 0 1.0422 80 ::f,0,12 f,2,2 f,13,1 f,13,12 
55:1,3 0.001 1 0 1,2 0.001 -1 1 0,3 0.001 1 1 3.0484 110 0,14 0.002 -1 0 3,12 0.001 -1 0 3,14 0.001 0 -1 10.0296 140 13,2 0.001 1 -1 14,3 0.001 1 -1 12,0 0.001 -1 0 0.049 50 15,13 0.001 -1 -1 13,14 0.001 1 -1 14,12 0.001 -1 0 1.0433 95 ::f,0,12 f,2,2 f,13,1 f,14,14 
56:2,3 0.001 1 0 1,2 0.001 -1 1 0,3 0.001 1 0 3.0494 110 0,14 0.002 -1 0 2,12 0.001 -1 0 3,13 0.001 0 -1 10.0316 140 13,2 0.001 1 -1 15,2 0.001 1 -1 12,0 0.001 -1 1 0.05 50 15,13 0.001 -1 0 13,14 0.001 1 -1 13,12 0.001 -1 0 1.0443 95 ::f,0,12 f,2,2 f,13,1 f,14,14 
57:2,3 0.001 1 0 1,2 0.001 -1 1 1,3 0.001 1 0 3.0504 110 0,14 0.002 -1 0 2,12 0.001 -1 0 3,13 0.001 0 -1 10.0316 140 14,1 0.001 1 -1 15,2 0.001 1 -1 12,0 0.001 0 1 0.051 50 15,13 0.001 -1 1 14,13 0.001 1 -1 12,12 0.001 -1 0 1.0463 95 ::f,0,12 f,2,2 f,13,1 f,14,14 
58:2,3 0.001 1 0 1,2 0.001 -1 1 1,3 0.001 1 0 3.0504 110 0,14 0.002 -1 0 1,12 0.001 -1 0 3,12 0.001 0 -1 10.0336 140 14,1 0.001 1 -1 15,2 0.001 0 -1 12,1 0.001 0 1 0.052 50 15,13 0.001 0 1 15,12 0.001 1 -1 12,12 0.001 -1 0 1.0473 95 ::f,0,12 f,2,2 f,13,1 f,14,14 
59:3,3 0.001 1 0 0,3 0.001 -1 1 2,3 0.001 1 0 3.0534 110 0,14 0.002 -1 0 1,12 0.001 -1 0 3,12 0.001 0 -1 15.0337 155 14,1 0.001 1 -1 15,2 0.001 -1 -1 12,2 0.001 0 1 0.053 50 15,14 0.001 0 1 15,12 0.001 1 -1 12,12 0.001 -1 1 1.0483 95 ::f,1,14 f,2,2 f,13,1 f,14,14 
60:3,3 0.001 1 0 0,3 0.001 -1 1 2,3 0.001 1 0 3.0534 110 0,14 0.002 -1 0 1,12 0.001 -1 0 3,12 0.001 -1 -1 15.0337 155 15,0 0.001 1 -1 14,1 0.001 -1 -1 12,2 0.001 0 1 0.055 50 15,15 0.001 0 1 15,12 0.001 0 -1 12,12 0.001 0 1 1.0493 95 ::f,1,14 f,2,2 f,13,1 f,14,14 
61:3,3 0.001 1 -1 0,3 0.001 0 1 2,3 0.001 1 -1 3.0534 110 0,14 0.002 -1 0 1,12 0.001 -1 1 3,12 0.001 -1 0 15.0337 155 15,0 0.001 1 -1 13,0 0.001 -1 -1 12,2 0.001 0 1 0.056 50 15,15 0.001 0 1 15,12 0.001 -1 -1 12,12 0.001 1 1 1.0493 95 ::f,1,14 f,2,2 f,13,1 f,14,14 
62:3,3 0.001 0 -1 0,3 0.001 1 1 3,2 0.001 1 -1 3.0544 110 0,14 0.002 -1 0 0,13 0.001 -1 1 3,12 0.001 -1 1 15.0347 155 15,0 0.001 0 -1 13,0 0.001 -1 -1 12,3 0.001 0 1 0.057 50 15,15 0.001 1 1 15,12 0.001 -1 0 13,13 0.001 1 1 1.0503 95 ::f,1,14 f,2,2 f,13,1 f,14,14 
63:3,3 0.001 -1 -1 0,3 0.001 1 0 3,2 0.001 1 -1 3.0544 110 0,14 0.002 -1 0 0,13 0.001 -1 1 2,13 0.001 -1 1 15.0357 155 15,0 0.001 -1 -1 13,0 0.001 -1 0 12,3 0.001 0 1 0.057 50 15,15 0.001 1 0 14,12 0.001 -1 0 13,13 0.001 1 1 2.0514 110 ::f,1,14 f,2,2 f,13,1 f,15,12 
64:3,3 0.001 -1 0 1,3 0.001 1 0 3,2 0.001 0 -1 3.0554 110 0,14 0.002 -1 0 0,13 0.001 0 1 2,13 0.001 -1 1 16.0358 170 15,0 0.001 -1 0 12,0 0.001 -1 0 12,3 0.001 1 1 0.058 50 15,15 0.001 1 -1 14,12 0.001 -1 0 14,14 0.001 1 1 2.0524 110 ::f,2,2 f,2,12 f,13,1 f,15,12 
65:2,3 0.001 -1 0 1,3 0.001 1 0 3,1 0.001 0 -1 3.0574 110 0,14 0.002 -1 0 0,13 0.001 1 1 1,14 0.001 -1 1 16.0368 170 15,0 0.001 -1 1 12,0 0.001 -1 0 12,3 0.001 1 0 0.058 50 15,15 0.001 0 -1 14,12 0.001 -1 0 14,14 0.001 1 1 2.0524 110 ::f,2,2 f,2,12 f,13,1 f,15,12 
66:2,3 0.001 -1 0 1,3 0.001 1 0 3,1 0.001 0 -1 3.0574 110 0,14 0.002 -1 0 0,13 0.001 1 0 1,14 0.001 -1 1 16.0368 170 14,1 0.001 -1 1 12,0 0.001 -1 1 13,3 0.001 1 0 0.06 50 15,14 0.001 0 -1 13,12 0.001 -1 0 15,15 0.001 1 1 2.0554 110 ::f,2,2 f,2,12 f,13,1 f,15,12 
67:2,3 0.001 -1 1 1,3 0.001 1 0 3,1 0.001 0 -1 3.0574 110 0,14 0.002 -1 0 1,13 0.001 1 0 0,15 0.001 -1 1 16.0388 170 14,1 0.001 -1 1 12,0 0.001 0 1 14,3 0.001 1 0 0.061 50 15,14 0.001 0 -1 13,12 0.001 -1 0 15,15 0.001 1 1 2.0554 110 ::f,2,2 f,2,12 f,13,1 f,15,12 
68:2,3 0.001 0 1 1,3 0.001 1 0 3,0 0.001 0 -1 3.0584 110 0,14 0.002 -1 0 1,13 0.001 1 0 0,15 0.001 -1 1 16.0388 170 13,2 0.001 -1 1 12,1 0.001 0 1 14,3 0.001 1 0 0.063 50 15,14 0.001 0 -1 12,12 0.001 -1 0 15,15 0.001 1 0 2.0564 110 ::f,2,2 f,2,12 f,13,1 f,15,12 
69:2,3 0.001 1 1 1,3 0.001 1 0 3,0 0.001 0 -1 3.0584 110 0,14 0.002 -1 0 2,13 0.001 1 0 0,15 0.001 0 1 16.0398 170 12,3 0.001 -1 1 12,2 0.001 0 1 14,3 0.001 1 0 0.065 50 15,14 0.001 0 -1 12,12 0.001 -1 0 15,15 0.001 1 -1 2.0564 110 ::f,2,2 f,2,12 f,13,1 f,15,12 
70:2,3 0.001 1 0 1,3 0.001 1 0 3,0 0.001 -1 -1 3.0584 110 0,14 0.002 -1 0 3,13 0.001 1 0 0,15 0.001 1 1 16.0408 170 12,3 0.001 -1 1 12,2 0.001 0 1 14,3 0.001 1 -1 0.065 50 15,13 0.001 0 -1 12,12 0.001 -1 1 15,15 0.001 0 -1 2.0574 110 ::f,2,2 f,2,12 f,13,1 f,15,12 
71:2,3 0.001 1 -1 1,3 0.001 1 0 3,0 0.001 -1 0 3.0584 110 0,14 0.002 -1 0 3,13 0.001 1 0 0,15 0.001 1 0 16.0408 170 12,3 0.001 0 1 12,2 0.001 1 1 14,3 0.001 0 -1 0.065 50 15,13 0.001 0 -1 12,12 0.001 0 1 15,14 0.001 0 -1 2.0585 125 ::f,2,2 f,2,12 f,13,1 f,14,15 
72:2,3 0.001 1 -1 1,3 0.001 1 0 2,0 0.001 -1 0 3.0594 110 0,14 0.002 -1 0 3,13 0.001 1 -1 1,15 0.001 1 0 16.0418 170 12,3 0.001 1 1 13,3 0.001 1 1 14,2 0.001 0 -1 0.067 50 15,13 0.001 0 -1 12,13 0.001 0 1 15,14 0.001 0 -1 2.0595 125 ::f,2,2 f,2,12 f,13,1 f,14,15 
73:3,2 0.001 1 -1 2,3 0.001 1 0 2,0 0.001 -1 0 3.0614 110 0,14 0.002 -1 0 3,13 0.001 0 -1 2,15 0.001 1 0 16.0428 170 12,3 0.001 1 0 13,3 0.001 1 1 14,2 0.001 0 -1 0.067 50 15,13 0.001 0 -1 12,14 0.001 0 1 15,14 0.001 0 -1 2.0605 125 ::f,2,2 f,2,12 f,13,1 f,14,15 
74:3,2 0.001 1 -1 3,3 0.001 1 0 1,0 0.001 -1 0 3.0634 110 0,14 0.002 -1 0 3,13 0.001 -1 -1 2,15 0.001 1 0 16.0428 170 12,3 0.001 1 -1 13,3 0.001 1 0 14,1 0.001 0 -1 0.068 50 15,12 0.001 0 -1 12,14 0.001 0 1 15,13 0.001 0 -1 2.0625 125 ::f,2,2 f,2,12 f,13,1 f,14,15 
75:3,2 0.001 0 -1 3,3 0.001 1 0 0,0 0.001 -1 0 3.0644 110 0,14 0.002 -1 0 3,13 0.001 -1 0 3,15 0.001 1 0 16.0438 170 13,2 0.001 1 -1 14,3 0.001 1 0 14,1 0.001 0 -1 0.07 50 15,12 0.001 0 -1 12,14 0.001 0 1 15,13 0.001 0 -1 2.0625 125 ::f,2,2 f,2,12 f,13,1 f,14,15 
76:3,1 0.001 0 -1 3,3 0.001 1 -1 0,0 0.001 -1 0 3.0654 110 0,14 0.002 -1 0 2,13 0.001 -1 0 3,15 0.001 1 0 16.0448 170 13,2 0.001 1 -1 14,3 0.001 1 0 14,1 0.001 0 -1 0.07 50 15,12 0.001 -1 -1 12,14 0.001 0 1 15,13 0.001 0 -1 2.0625 125 ::f,2,2 f,2,12 f,13,1 f,14,15 
77:3,1 0.001 0 -1 3,3 0.001 0 -1 0,0 0.001 -1 1 3.0654 110 0,14 0.002 -1 0 1,13 0.001 -1 0 3,15 0.001 1 -1 16.0458 170 13,2 0.001 0 -1 14,3 0.001 1 -1 14,0 0.001 0 -1 0.071 50 15,12 0.001 -1 0 12,15 0.001 0 1 15,13 0.001 -1 -1 2.0635 125 ::f,2,2 f,2,12 f,13,1 f,14,15 
78:3,1 0.001 0 -1 3,2 0.001 0 -1 0,0 0.001 0 1 3.0664 110 0,14 0.002 -1 0 1,13 0.001 -1 0 3,15 0.001 0 -1 16.0458 170 13,2 0.001 -1 -1 15,2 0.001 1 -1 14,0 0.001 0 -1 0.072 50 14,12 0.001 -1 0 12,15 0.001 0 1 15,13 0.001 -1 0 2.0645 125 ::f,2,2 f,2,12 f,13,1 f,14,15 
79:3,1 0.001 0 -1 3,2 0.001 0 -1 0,1 0.001 0 1 3.0674 110 0,14 0.002 -1 0 0,13 0.001 -1 0 3,15 0.001 -1 -1 16.0468 170 12,1 0.001 -1 -1 15,2 0.001 1 -1 14,0 0.001 -1 -1 0.073 50 14,12 0.001 -1 0 12,15 0.001 1 1 14,13 0.001 -1 0 2.0655 125 ::f,2,2 f,2,12 f,13,1 f,14,15 
80:3,1 0.001 0 -1 3,2 0.001 0 -1 0,1 0.001 0 1 3.0674 110 0,14 0.002 -1 0 0,13 0.001 -1 0 2,14 0.001 -1 -1 16.0478 170 12,1 0.001 -1 -1 15,2 0.001 0 -1 14,0 0.001 -1 0 0.073 50 13,12 0.001 -1 0 12,15 0.001 1 0 14,13 0.001 -1 0 2.0665 125 ::f,2,2 f,2,12 f,13,1 f,14,15 
81:3,0 0.001 0 -1 3,1 0.001 0 -1 0,2 0.001 0 1 3.0704 110 0,14 0.002 -1 0 0,13 0.001 -1 1 2,14 0.001 -1 -1 16.0478 170 12,1 0.001 -1 0 15,1 0.001 0 -1 13,0 0.001 -1 0 0.075 50 13,12 0.001 -1 0 12,15 0.001 1 -1 14,13 0.001 -1 0 2.0665 125 ::f,2,2 f,2,12 f,13,1 f,14,15 
82:3,0 0.001 0 -1 3,1 0.001 0 -1 0,2 0.001 0 1 3.0704 110 0,14 0.002 -1 0 0,13 0.001 0 1 1,13 0.001 -1 -1 16.0488 170 12,1 0.001 -1 1 15,1 0.001 0 -1 13,0 0.001 -1 0 0.075 50 12,12 0.001 -1 0 13,14 0.001 1 -1 13,13 0.001 -1 0 2.0695 125 ::f,2,2 f,2,12 f,13,1 f,14,15 
83:3,0 0.001 -1 -1 3,1 0.001 0 -1 0,3 0.001 0 1 3.0714 110 0,14 0.002 -1 0 0,13 0.001 0 1 1,13 0.001 -1 -1 16.0488 170 12,1 0.001 0 1 15,1 0.001 0 -1 12,0 0.001 -1 0 0.076 50 12,12 0.001 -1 0 14,13 0.001 1 -1 13,13 0.001 -1 0 2.0705 125 ::f,2,2 f,2,12 f,13,1 f,14,15 
84:3,0 0.001 -1 0 3,1 0.001 0 -1 0,3 0.001 0 1 3.0714 110 0,14 0.002 -1 0 0,13 0.001 0 1 0,12 0.001 -1 -1 16.0498 170 12,1 0.001 1 1 15,1 0.001 0 -1 12,0 0.001 -1 0 0.076 50 12,12 0.001 -1 1 14,13 0.001 1 -1 12,13 0.001 -1 0 2.0715 125 ::f,2,2 f,2,12 f,13,1 f,14,15 
85:2,0 0.001 -1 0 3,0 0.001 0 -1 0,3 0.001 1 1 3.0734 110 0,14 0.002 -1 0 0,13 0.001 0 1 0,12 0.001 -1 -1 16.0498 170 12,1 0.001 1 0 15,0 0.001 0 -1 12,0 0.001 -1 1 0.077 50 12,12 0.001 0 1 14,13 0.001 1 -1 12,13 0.001 -1 0 2.0715 125 ::f,2,2 f,2,12 f,13,1 f,14,15 
86:2,0 0.001 -1 0 3,0 0.001 0 -1 0,3 0.001 1 0 3.0734 110 0,14 0.002 -1 0 0,13 0.001 0 1 0,12 0.001 -1 0 16.0498 170 12,1 0.001 1 0 15,0 0.001 0 -1 12,0 0.001 0 1 0.077 50 12,12 0.001 1 1 15,12 0.001 1 -1 12,13 0.001 -1 1 2.0725 125 ::f,2,2 f,2,12 f,13,1 f,14,15 
87:2,0 0.001 -1 0 3,0 0.001 -1 -1 1,3 0.001 1 0 3.0744 110 0,14 0.002 -1 0 0,13 0.001 1 1 0,12 0.001 -1 1 16.0498 170 12,1 0.001 1 0 15,0 0.001 -1 -1 12,0 0.001 1 1 0.0771 65 13,13 0.001 1 1 15,12 0.001 1 -1 12,13 0.001 0 1 2.0735 125 ::f,2,2 f,2,12 f,14,2 f,14,15 
88:2,0 0.001 -1 0 3,0 0.001 -1 0 2,3 0.001 1 0 3.0754 110 0,14 0.002 -1 0 1,14 0.001 1 1 0,12 0.001 0 1 16.0508 170 13,1 0.001 1 0 15,0 0.001 -1 0 12,0 0.001 1 0 0.0781 65 14,14 0.001 1 1 15,12 0.001 0 -1 12,14 0.001 0 1 2.0755 125 ::f,2,2 f,2,12 f,14,2 f,14,15 
89:1,0 0.001 -1 0 2,0 0.001 -1 0 2,3 0.001 1 0 3.0774 110 0,14 0.002 -1 0 1,14 0.001 1 1 0,12 0.001 1 1 16.0508 170 13,1 0.001 1 0 15,0 0.001 -1 1 13,0 0.001 1 0 0.0791 65 14,14 0.001 1 1 15,12 0.001 -1 -1 12,14 0.001 0 1 2.0755 125 ::f,2,2 f,2,12 f,14,2 f,14,15 
90:0,0 0.001 -1 0 1,0 0.001 -1 0 2,3 0.001 1 0 3.0794 110 0,14 0.002 -1 0 2,15 0.001 1 1 1,13 0.001 1 1 16.0528 170 14,1 0.001 1 0 15,0 0.001 0 1 13,0 0.001 1 0 0.0801 65 14,14 0.001 1 1 15,12 0.001 -1 0 12,15 0.001 0 1 2.0765 125 ::f,2,2 f,2,12 f,14,2 f,14,15 
91:0,0 0.001 -1 0 1,0 0.001 -1 0 3,3 0.001 1 0 3.0804 110 0,14 0.002 -1 0 2,15 0.001 1 1 1,13 0.001 1 1 16.0528 170 15,1 0.001 1 0 15,0 0.001 1 1 13,0 0.001 1 0 0.0811 65 15,15 0.001 1 1 15,12 0.001 -1 1 12,15 0.001 0 1 2.0775 125 ::f,2,2 f,2,12 f,14,2 f,14,15 
92:0,0 0.001 -1 1 1,0 0.001 -1 0 3,3 0.001 1 0 3.0804 110 0,14 0.002 -1 0 2,15 0.001 1 0 2,14 0.001 1 1 16.0538 170 15,1 0.001 1 0 15,0 0.001 1 0 13,0 0.001 1 0 0.0811 65 15,15 0.001 1 1 14,13 0.001 -1 1 12,15 0.001 1 1 2.0785 125 ::f,2,2 f,2,12 f,14,2 f,14,15 
93:0,0 0.001 0 1 1,0 0.001 -1 0 3,3 0.001 1 -1 3.0804 110 0,14 0.002 -1 0 2,15 0.001 1 -1 2,14 0.001 1 1 16.0538 170 15,1 0.001 1 -1 15,0 0.001 1 -1 13,0 0.001 1 0 0.0811 65 15,15 0.001 1 0 14,13 0.001 -1 1 12,15 0.001 1 0 2.0785 125 ::f,2,2 f,2,12 f,14,2 f,14,15 
94:0,1 0.001 0 1 0,0 0.001 -1 0 3,3 0.001 0 -1 3.0824 110 0,14 0.002 -1 0 2,15 0.001 0 -1 2,14 0.001 1 0 16.0538 170 15,1 0.001 0 -1 15,0 0.001 0 -1 14,0 0.001 1 0 0.0821 65 15,15 0.001 1 -1 13,14 0.001 -1 1 13,15 0.001 1 0 2.0805 125 ::f,2,2 f,2,12 f,14,2 f,14,15 
95:0,1 0.001 0 1 0,0 0.001 -1 0 3,2 0.001 0 -1 3.0834 110 0,14 0.002 -1 0 2,15 0.001 -1 -1 2,14 0.001 1 -1 16.0538 170 15,1 0.001 -1 -1 15,0 0.001 -1 -1 14,0 0.001 1 0 0.0821 65 15,15 0.001 0 -1 12,15 0.001 -1 1 13,15 0.001 1 0 2.0815 125 ::f,2,2 f,2,12 f,14,2 f,14,15 
96:0,2 0.001 0 1 0,0 0.001 -1 1 3,2 0.001 0 -1 3.0844 110 0,14 0.002 -1 0 1,14 0.001 -1 -1 2,14 0.001 0 -1 16.0548 170 15,1 0.001 -1 0 15,0 0.001 -1 0 14,0 0.001 1 -1 0.0821 65 15,14 0.001 0 -1 12,15 0.001 -1 1 13,15 0.001 1 0 2.0825 125 ::f,2,2 f,2,12 f,14,2 f,14,15 
97:0,3 0.001 0 1 0,0 0.001 0 1 3,1 0.001 0 -1 3.0864 110 0,14 0.002 -1 0 0,13 0.001 -1 -1 2,13 0.001 0 -1 16.0568 170 14,1 0.001 -1 0 15,0 0.001 -1 1 14,0 0.001 0 -1 0.0831 65 15,14 0.001 0 -1 12,15 0.001 0 1 13,15 0.001 1 0 4.0826 140 ::f,2,2 f,2,12 f,13,13 f,14,2 
98:0,3 0.001 0 1 0,1 0.001 0 1 3,0 0.001 0 -1 3.0884 110 0,14 0.002 -1 0 0,13 0.001 -1 -1 2,13 0.001 0 -1 18.0569 185 14,1 0.001 -1 0 15,0 0.001 0 1 14,0 0.001 -1 -1 0.0831 65 15,14 0.001 0 -1 12,15 0.001 1 1 14,15 0.001 1 0 4.0836 140 ::f,1,15 f,2,2 f,13,13 f,14,2 
99:0,3 0.001 1 1 0,2 0.001 0 1 3,0 0.001 0 -1 3.0894 110 0,14 0.002 -1 0 0,13 0.001 -1 0 2,12 0.001 0 -1 18.0579 185 14,1 0.001 -1 0 15,1 0.001 0 1 14,0 0.001 -1 0 0.0841 65 15,13 0.001 0 -1 12,15 0.001 1 0 14,15 0.001 1 0 4.0846 140 ::f,1,15 f,2,2 f,13,13 f,14,2 
100:0,3 0.001 1 0 0,2 0.001 0 1 3,0 0.001 -1 -1 3.0894 110 0,14 0.002 -1 0 0,13 0.001 -1 1 2,12 0.001 0 -1 18.0579 185 14,1 0.001 -1 1 15,1 0.001 0 1 13,0 0.001 -1 0 0.0851 65 15,13 0.001 0 -1 12,15 0.001 1 -1 15,15 0.001 1 0 4.0856 140 ::f,1,15 f,2,2 f,13,13 f,14,2 
101:1,3 0.001 1 0 0,3 0.001 0 1 3,0 0.001 -1 0 3.0914 110 0,14 0.002 -1 0 0,13 0.001 0 1 2,12 0.001 -1 -1 18.0579 185 13,2 0.001 -1 1 15,1 0.001 1 1 12,0 0.001 -1 0 0.0871 65 15,13 0.001 0 -1 13,14 0.001 1 -1 15,15 0.001 1 0 4.0866 140 ::f,1,15 f,2,2 f,13,13 f,14,2 
102:1,3 0.001 1 0 0,3 0.001 0 1 2,0 0.001 -1 0 3.0924 110 0,14 0.002 -1 0 0,13 0.001 1 1 2,12 0.001 -1 0 18.0579 185 13,2 0.001 -1 1 15,1 0.001 1 0 12,0 0.001 -1 0 0.0871 65 15,12 0.001 0 -1 13,14 0.001 1 -1 15,15 0.001 1 -1 4.0876 140 ::f,1,15 f,2,2 f,13,13 f,14,2 
103:1,3 0.001 1 0 0,3 0.001 1 1 1,0 0.001 -1 0 3.0934 110 0,14 0.002 -1 0 1,14 0.001 1 1 1,12 0.001 -1 0 18.0599 185 13,2 0.001 -1 1 15,1 0.001 1 -1 12,0 0.001 -1 1 0.0871 65 15,12 0.001 0 -1 14,13 0.001 1 -1 15,15 0.001 0 -1 4.0886 140 ::f,1,15 f,2,2 f,13,13 f,14,2 
104:2,3 0.001 1 0 0,3 0.001 1 0 1,0 0.001 -1 0 3.0944 110 0,14 0.002 -1 0 2,15 0.001 1 1 1,12 0.001 -1 0 18.0609 185 13,2 0.001 0 1 15,1 0.001 0 -1 12,0 0.001 0 1 0.0871 65 15,12 0.001 -1 -1 14,13 0.001 1 -1 15,14 0.001 0 -1 4.0896 140 ::f,1,15 f,2,2 f,13,13 f,14,2 
105:3,3 0.001 1 0 1,3 0.001 1 0 1,0 0.001 -1 0 3.0964 110 0,14 0.002 -1 0 2,15 0.001 1 1 0,12 0.001 -1 0 18.0619 185 13,3 0.001 0 1 15,1 0.001 -1 -1 12,1 0.001 0 1 0.0891 65 15,12 0.001 -1 0 14,13 0.001 0 -1 15,13 0.001 0 -1 4.0906 140 ::f,1,15 f,2,2 f,13,13 f,14,2 
106:3,3 0.001 1 0 2,3 0.001 1 0 0,0 0.001 -1 0 3.0984 110 0,14 0.002 -1 0 2,15 0.001 1 0 0,12 0.001 -1 0 18.0619 185 13,3 0.001 0 1 14,0 0.001 -1 -1 12,1 0.001 0 1 0.0901 65 15,12 0.001 -1 1 14,12 0.001 0 -1 15,13 0.001 0 -1 4.0916 140 ::f,1,15 f,2,2 f,13,13 f,14,2 
107:3,3 0.001 1 -1 2,3 0.001 1 0 0,0 0.001 -1 0 3.0984 110 0,14 0.002 -1 0 2,15 0.001 1 -1 0,12 0.001 -1 1 18.0619 185 13,3 0.001 1 1 14,0 0.001 -1 -1 12,2 0.001 0 1 0.0911 65 14,13 0.001 -1 1 14,12 0.001 0 -1 15,13 0.001 0 -1 4.0926 140 ::f,1,15 f,2,2 f,13,13 f,14,2 
108:3,3 0.001 0 -1 2,3 0.001 1 0 0,0 0.001 -1 1 3.0984 110 0,14 0.002 -1 0 3,14 0.001 1 -1 0,12 0.001 0 1 18.0629 185 13,3 0.001 1 0 14,0 0.001 -1 0 12,2 0.001 0 1 0.0911 65 14,13 0.001 -1 1 14,12 0.001 -1 -1 15,12 0.001 0 -1 4.0936 140 ::f,1,15 f,2,2 f,13,13 f,14,2 
109:3,2 0.001 0 -1 3,3 0.001 1 0 0,0 0.001 0 1 3.1004 110 0,14 0.002 -1 0 3,14 0.001 1 -1 0,12 0.001 1 1 18.0629 185 14,3 0.001 1 0 13,0 0.001 -1 0 12,3 0.001 0 1 0.0941 65 14,13 0.001 -1 1 14,12 0.001 -1 0 15,12 0.001 0 -1 4.0936 140 ::f,1,15 f,2,2 f,13,13 f,14,2 
110:3,2 0.001 0 -1 3,3 0.001 1 0 0,1 0.001 0 1 3.1014 110 0,14 0.002 -1 0 3,14 0.001 0 -1 1,13 0.001 1 1 18.0639 185 15,3 0.001 1 0 13,0 0.001 -1 0 12,3 0.001 0 1 0.0951 65 13,14 0.001 -1 1 14,12 0.001 -1 1 15,12 0.001 -1 -1 4.0946 140 ::f,1,15 f,2,2 f,13,13 f,14,2 
111:3,2 0.001 0 -1 3,3 0.001 1 -1 0,1 0.001 0 1 3.1014 110 0,14 0.002 -1 0 3,13 0.001 0 -1 1,13 0.001 1 1 18.0649 185 15,3 0.001 1 0 13,0 0.001 -1 1 12,3 0.001 1 1 0.0951 65 12,15 0.001 -1 1 14,12 0.001 -1 1 15,12 0.001 -1 0 4.0956 140 ::f,1,15 f,2,2 f,13,13 f,14,2 
112:3,1 0.001 0 -1 3,3 0.001 0 -1 0,2 0.001 0 1 3.1034 110 0,14 0.002 -1 0 3,13 0.001 0 -1 2,14 0.001 1 1 18.0659 185 15,3 0.001 1 -1 12,1 0.001 -1 1 12,3 0.001 1 0 0.0961 65 12,15 0.001 -1 1 14,12 0.001 -1 1 15,12 0.001 -1 1 6.0957 155 ::f,1,15 f,2,2 f,12,13 f,14,2 
113:3,1 0.001 0 -1 3,2 0.001 0 -1 0,2 0.001 0 1 3.1044 110 0,14 0.002 -1 0 3,13 0.001 0 -1 2,14 0.001 1 1 18.0659 185 15,3 0.001 0 -1 12,1 0.001 -1 1 13,3 0.001 1 0 0.0971 65 12,15 0.001 0 1 13,13 0.001 -1 1 14,13 0.001 -1 1 6.0977 155 ::f,1,15 f,2,2 f,12,13 f,14,2 
114:3,0 0.001 0 -1 3,1 0.001 0 -1 0,2 0.001 1 1 3.1064 110 0,14 0.002 -1 0 3,12 0.001 0 -1 2,14 0.001 1 1 18.0669 185 15,2 0.001 0 -1 12,1 0.001 0 1 13,3 0.001 1 0 0.0981 65 12,15 0.001 1 1 13,13 0.001 -1 1 14,13 0.001 -1 1 6.0977 155 ::f,1,15 f,2,2 f,12,13 f,14,2 
115:3,0 0.001 0 -1 3,1 0.001 0 -1 1,3 0.001 1 1 3.1074 110 0,14 0.002 -1 0 3,12 0.001 0 -1 2,14 0.001 1 1 18.0669 185 15,1 0.001 0 -1 12,2 0.001 0 1 13,3 0.001 1 0 0.1001 65 12,15 0.001 1 0 13,13 0.001 -1 1 13,14 0.001 -1 1 6.0987 155 ::f,1,15 f,2,2 f,12,13 f,14,2 
116:3,0 0.001 -1 -1 3,1 0.001 0 -1 1,3 0.001 1 1 3.1074 110 0,14 0.002 -1 0 3,12 0.001 -1 -1 3,15 0.001 1 1 18.0679 185 15,1 0.001 0 -1 12,3 0.001 0 1 14,3 0.001 1 0 0.1021 65 13,15 0.001 1 0 12,14 0.001 -1 1 12,15 0.001 -1 1 6.1017 155 ::f,1,15 f,2,2 f,12,13 f,14,2 
117:3,0 0.001 -1 0 3,1 0.001 0 -1 1,3 0.001 1 0 3.1074 110 0,14 0.002 -1 0 3,12 0.001 -1 0 3,15 0.001 1 1 18.0679 185 15,1 0.001 0 -1 12,3 0.001 0 1 14,3 0.001 1 0 0.1021 65 13,15 0.001 1 0 12,14 0.001 -1 1 12,15 0.001 -1 1 6.1017 155 ::f,1,15 f,2,2 f,12,13 f,14,2 
118:3,0 0.001 -1 1 3,1 0.001 0 -1 2,3 0.001 1 0 3.1084 110 0,14 0.002 -1 0 2,12 0.001 -1 0 3,15 0.001 1 0 18.0689 185 15,0 0.001 0 -1 12,3 0.001 1 1 14,3 0.001 1 0 0.1031 65 14,15 0.001 1 0 12,14 0.001 0 1 12,15 0.001 0 1 6.1027 155 ::f,1,15 f,2,2 f,12,13 f,14,2 
119:2,1 0.001 -1 1 3,1 0.001 0 -1 3,3 0.001 1 0 3.1104 110 0,14 0.002 -1 0 2,12 0.001 -1 0 3,15 0.001 1 -1 18.0689 185 15,0 0.001 0 -1 12,3 0.001 1 0 14,3 0.001 1 0 0.1031 65 14,15 0.001 1 0 12,14 0.001 1 1 12,15 0.001 1 1 6.1027 155 ::f,1,15 f,2,2 f,12,13 f,14,2 
120:1,2 0.001 -1 1 3,0 0.001 0 -1 3,3 0.001 1 0 3.1124 110 0,14 0.002 -1 0 2,12 0.001 -1 0 3,15 0.001 0 -1 18.0689 185 15,0 0.001 -1 -1 13,3 0.001 1 0 15,3 0.001 1 0 0.1051 65 14,15 0.001 1 0 13,15 0.001 1 1 12,15 0.001 1 0 6.1037 155 ::f,1,15 f,2,2 f,12,13 f,14,2 
121:1,2 0.001 -1 1 3,0 0.001 0 -1 3,3 0.001 1 -1 3.1124 110 0,14 0.002 -1 0 1,12 0.001 -1 0 3,14 0.001 0 -1 18.0709 185 15,0 0.001 -1 0 14,3 0.001 1 0 15,3 0.001 1 0 0.1061 65 14,15 0.001 1 0 13,15 0.001 1 1 12,15 0.001 1 0 6.1037 155 ::f,1,15 f,2,2 f,12,13 f,14,2 
122:0,3 0.001 -1 1 3,0 0.001 -1 -1 3,3 0.001 0 -1 3.1134 110 0,14 0.002 -1 0 1,12 0.001 -1 0 3,14 0.001 0 -1 18.0709 185 15,0 0.001 -1 1 14,3 0.001 1 0 15,3 0.001 1 -1 0.1061 65 15,15 0.001 1 0 13,15 0.001 1 0 12,15 0.001 1 0 6.1047 155 ::f,1,15 f,2,2 f,12,13 f,14,2 
123:0,3 0.001 -1 1 3,0 0.001 -1 0 3,2 0.001 0 -1 3.1144 110 0,14 0.002 -1 0 1,12 0.001 -1 1 3,13 0.001 0 -1 18.0719 185 14,1 0.001 -1 1 14,3 0.001 1 -1 15,3 0.001 0 -1 0.1071 65 15,15 0.001 1 0 14,15 0.001 1 0 13,15 0.001 1 0 6.1067 155 ::f,1,15 f,2,2 f,12,13 f,14,2 
124:0,3 0.001 0 1 2,0 0.001 -1 0 3,1 0.001 0 -1 3.1164 110 0,14 0.002 -1 0 0,13 0.001 -1 1 3,12 0.001 0 -1 18.0739 185 14,1 0.001 -1 1 15,2 0.001 1 -1 15,3 0.001 -1 -1 0.1081 65 15,15 0.001 1 -1 14,15 0.001 1 0 13,15 0.001 1 0 6.1067 155 ::f,1,15 f,2,2 f,12,13 f,14,2 
125:0,3 0.001 1 1 2,0 0.001 -1 0 3,1 0.001 0 -1 3.1164 110 0,14 0.002 -1 0 0,13 0.001 -1 1 3,12 0.001 0 -1 18.0739 185 13,2 0.001 -1 1 15,2 0.001 1 -1 15,3 0.001 -1 -1 0.1091 65 15,15 0.001 0 -1 14,15 0.001 1 -1 13,15 0.001 1 0 6.1067 155 ::f,1,15 f,2,2 f,12,13 f,14,2 
126:0,3 0.001 1 0 2,0 0.001 -1 0 3,1 0.001 0 -1 3.1164 110 0,14 0.002 -1 0 0,13 0.001 0 1 3,12 0.001 -1 -1 18.0739 185 12,3 0.001 -1 1 15,2 0.001 0 -1 15,3 0.001 -1 -1 0.1102 80 15,14 0.001 0 -1 14,15 0.001 0 -1 13,15 0.001 1 0 6.1077 155 ::f,1,15 f,2,2 f,12,13 f,13,1 
127:1,3 0.001 1 0 1,0 0.001 -1 0 3,0 0.001 0 -1 3.1194 110 0,14 0.002 -1 0 0,13 0.001 1 1 3,12 0.001 -1 0 18.0739 185 12,3 0.001 -1 1 15,1 0.001 0 -1 14,2 0.001 -1 -1 0.1122 80 15,13 0.001 0 -1 14,14 0.001 0 -1 14,15 0.001 1 0 6.1107 155 ::f,1,15 f,2,2 f,12,13 f,13,1 
128:1,3 0.001 1 0 1,0 0.001 -1 0 3,0 0.001 0 -1 3.1194 110 0,14 0.002 -1 0 1,14 0.001 1 1 2,12 0.001 -1 0 18.0759 185 12,3 0.001 0 1 15,0 0.001 0 -1 14,2 0.001 -1 -1 1.1133 95 15,13 0.001 0 -1 14,13 0.001 0 -1 14,15 0.001 1 0 6.1117 155 ::f,1,15 f,2,2 f,12,13 f,15,1 
129:2,3 0.001 1 0 1,0 0.001 -1 0 3,0 0.001 -1 -1 3.1204 110 0,14 0.002 -1 0 1,14 0.001 1 1 2,12 0.001 -1 0 18.0759 185 12,3 0.001 1 1 15,0 0.001 0 -1 13,1 0.001 -1 -1 1.1143 95 15,13 0.001 0 -1 14,13 0.001 0 -1 15,15 0.001 1 0 6.1127 155 ::f,1,15 f,2,2 f,12,13 f,15,1 
130:2,3 0.001 1 0 0,0 0.001 -1 0 3,0 0.001 -1 0 3.1214 110 0,14 0.002 -1 0 2,15 0.001 1 1 1,12 0.001 -1 0 18.0779 185 12,3 0.001 1 0 15,0 0.001 -1 -1 12,0 0.001 -1 -1 1.1153 95 15,13 0.001 0 -1 14,13 0.001 0 -1 15,15 0.001 1 0 6.1127 155 ::f,1,15 f,2,2 f,12,13 f,15,1 
131:3,3 0.001 1 0 0,0 0.001 -1 0 2,0 0.001 -1 0 3.1234 110 0,14 0.002 -1 0 2,15 0.001 1 1 1,12 0.001 -1 0 18.0779 185 13,3 0.001 1 0 15,0 0.001 -1 0 12,0 0.001 -1 -1 1.1163 95 15,13 0.001 -1 -1 14,12 0.001 0 -1 15,15 0.001 1 -1 6.1137 155 ::f,1,15 f,2,2 f,12,13 f,15,1 
132:3,3 0.001 1 0 0,0 0.001 -1 1 2,0 0.001 -1 0 3.1234 110 0,14 0.002 -1 0 2,15 0.001 1 0 0,12 0.001 -1 0 18.0789 185 13,3 0.001 1 0 15,0 0.001 -1 1 12,0 0.001 -1 0 1.1163 95 15,13 0.001 -1 0 14,12 0.001 0 -1 15,15 0.001 0 -1 6.1137 155 ::f,1,15 f,2,2 f,12,13 f,15,1 
133:3,3 0.001 1 -1 0,0 0.001 0 1 1,0 0.001 -1 0 3.1244 110 0,14 0.002 -1 0 3,15 0.001 1 0 0,12 0.001 -1 0 18.0799 185 14,3 0.001 1 0 14,1 0.001 -1 1 12,0 0.001 -1 1 1.1183 95 14,13 0.001 -1 0 14,12 0.001 -1 -1 15,14 0.001 0 -1 6.1157 155 ::f,1,15 f,2,2 f,12,13 f,15,1 
134:3,3 0.001 0 -1 0,1 0.001 0 1 1,0 0.001 -1 0 3.1254 110 0,14 0.002 -1 0 3,15 0.001 1 0 0,12 0.001 -1 1 18.0799 185 14,3 0.001 1 0 13,2 0.001 -1 1 12,0 0.001 0 1 1.1193 95 14,13 0.001 -1 0 14,12 0.001 -1 0 15,14 0.001 0 -1 6.1157 155 ::f,1,15 f,2,2 f,12,13 f,15,1 
135:3,2 0.001 0 -1 0,1 0.001 0 1 0,0 0.001 -1 0 3.1274 110 0,14 0.002 -1 0 3,15 0.001 1 -1 0,12 0.001 0 1 18.0799 185 14,3 0.001 1 0 13,2 0.001 -1 1 12,1 0.001 0 1 1.1203 95 13,13 0.001 -1 0 13,12 0.001 -1 0 15,14 0.001 0 -1 6.1177 155 ::f,1,15 f,2,2 f,12,13 f,15,1 
136:3,2 0.001 0 -1 0,2 0.001 0 1 0,0 0.001 -1 0 3.1284 110 0,14 0.002 -1 0 3,15 0.001 0 -1 0,13 0.001 0 1 18.0809 185 14,3 0.001 1 0 12,3 0.001 -1 1 12,2 0.001 0 1 1.1223 95 13,13 0.001 -1 0 13,12 0.001 -1 0 15,13 0.001 0 -1 7.1188 170 ::f,1,15 f,2,2 f,13,14 f,15,1 
137:3,1 0.001 0 -1 0,2 0.001 0 1 0,0 0.001 -1 1 3.1294 110 0,14 0.002 -1 0 3,14 0.001 0 -1 0,13 0.001 0 1 18.0819 185 15,3 0.001 1 0 12,3 0.001 -1 1 12,2 0.001 0 1 1.1233 95 12,13 0.001 -1 0 12,12 0.001 -1 0 15,12 0.001 0 -1 7.1218 170 ::f,1,15 f,2,2 f,13,14 f,15,1 
138:3,1 0.001 0 -1 0,3 0.001 0 1 0,0 0.001 0 1 3.1304 110 0,14 0.002 -1 0 3,14 0.001 0 -1 0,13 0.001 1 1 18.0819 185 15,3 0.001 1 0 12,3 0.001 0 1 12,2 0.001 1 1 1.1233 95 12,13 0.001 -1 0 12,12 0.001 -1 0 15,12 0.001 0 -1 7.1218 170 ::f,1,15 f,2,2 f,13,14 f,15,1 
139:3,0 0.001 0 -1 0,3 0.001 0 1 0,1 0.001 0 1 3.1324 110 0,14 0.002 -1 0 3,14 0.001 0 -1 0,13 0.001 1 0 18.0819 185 15,3 0.001 1 -1 12,3 0.001 1 1 12,2 0.001 1 0 1.1233 95 12,13 0.001 -1 1 12,12 0.001 -1 1 15,12 0.001 -1 -1 7.1218 170 ::f,1,15 f,2,2 f,13,14 f,15,1 
140:3,0 0.001 0 -1 0,3 0.001 1 1 0,2 0.001 0 1 3.1334 110 0,14 0.002 -1 0 3,13 0.001 0 -1 0,13 0.001 1 0 18.0829 185 15,3 0.001 0 -1 12,3 0.001 1 0 12,2 0.001 1 -1 1.1233 95 12,13 0.001 0 1 12,12 0.001 0 1 15,12 0.001 -1 0 7.1218 170 ::f,1,15 f,2,2 f,13,14 f,15,1 
141:3,0 0.001 -1 -1 0,3 0.001 1 0 0,2 0.001 0 1 3.1334 110 0,14 0.002 -1 0 3,12 0.001 0 -1 1,13 0.001 1 0 18.0849 185 15,3 0.001 -1 -1 13,3 0.001 1 0 12,2 0.001 1 -1 1.1243 95 12,13 0.001 1 1 12,12 0.001 0 1 14,12 0.001 -1 0 7.1228 170 ::f,1,15 f,2,2 f,13,14 f,15,1 
142:3,0 0.001 -1 0 1,3 0.001 1 0 0,3 0.001 0 1 3.1354 110 0,14 0.002 -1 0 3,12 0.001 0 -1 2,13 0.001 1 0 18.0859 185 14,2 0.001 -1 -1 13,3 0.001 1 0 12,2 0.001 1 -1 1.1253 95 12,13 0.001 1 1 12,12 0.001 0 1 13,12 0.001 -1 0 7.1238 170 ::f,1,15 f,2,2 f,13,14 f,15,1 
143:2,0 0.001 -1 0 2,3 0.001 1 0 0,3 0.001 0 1 3.1374 110 0,14 0.002 -1 0 3,12 0.001 -1 -1 2,13 0.001 1 0 18.0859 185 14,2 0.001 -1 -1 13,3 0.001 1 0 13,1 0.001 1 -1 1.1263 95 12,13 0.001 1 1 12,12 0.001 1 1 13,12 0.001 -1 0 9.1239 185 ::f,1,15 f,2,2 f,13,14 f,15,1 
144:2,0 0.001 -1 0 2,3 0.001 1 0 0,3 0.001 1 1 3.1374 110 0,14 0.002 -1 0 3,12 0.001 -1 0 3,13 0.001 1 0 18.0869 185 14,2 0.001 -1 -1 14,3 0.001 1 0 13,1 0.001 1 -1 1.1273 95 12,13 0.001 1 1 12,12 0.001 1 1 13,12 0.001 -1 0 9.1239 185 ::f,1,15 f,2,2 f,13,14 f,15,1 
145:1,0 0.001 -1 0 3,3 0.001 1 0 0,3 0.001 1 0 3.1394 110 0,14 0.002 -1 0 2,12 0.001 -1 0 3,13 0.001 1 0 18.0879 185 14,2 0.001 -1 0 15,3 0.001 1 0 14,0 0.001 1 -1 1.1293 95 12,13 0.001 1 1 13,13 0.001 1 1 13,12 0.001 -1 1 12.125 200 ::f,1,15 f,2,2 f,14,12 f,15,1 
146:1,0 0.001 -1 0 3,3 0.001 1 0 1,3 0.001 1 0 3.1404 110 0,14 0.002 -1 0 1,12 0.001 -1 0 3,13 0.001 1 -1 18.0889 185 13,2 0.001 -1 0 15,3 0.001 1 0 14,0 0.001 1 -1 1.1303 95 12,13 0.001 1 0 13,13 0.001 1 1 13,12 0.001 0 1 12.125 200 ::f,1,15 f,2,2 f,14,12 f,15,1 
147:1,0 0.001 -1 0 3,3 0.001 1 -1 1,3 0.001 1 0 3.1404 110 0,14 0.002 -1 0 0,12 0.001 -1 0 3,13 0.001 0 -1 18.0899 185 13,2 0.001 -1 0 15,3 0.001 1 -1 14,0 0.001 0 -1 1.1303 95 12,13 0.001 1 0 14,14 0.001 1 1 13,13 0.001 0 1 12.127 200 ::f,1,15 f,2,2 f,14,12 f,15,1 
148:0,0 0.001 -1 0 3,3 0.001 0 -1 2,3 0.001 1 0 3.1424 110 0,14 0.002 -1 0 0,12 0.001 -1 0 3,12 0.001 0 -1 18.0909 185 13,2 0.001 -1 0 15,3 0.001 0 -1 14,0 0.001 -1 -1 1.1303 95 12,13 0.001 1 -1 14,14 0.001 1 1 13,13 0.001 0 1 12.127 200 ::f,1,15 f,2,2 f,14,12 f,15,1 
149:0,0 0.001 -1 0 3,2 0.001 0 -1 3,3 0.001 1 0 3.1444 110 0,14 0.002 -1 0 0,12 0.001 -1 1 3,12 0.001 0 -1 18.0909 185 12,2 0.001 -1 0 15,3 0.001 -1 -1 14,0 0.001 -1 0 1.1313 95 13,12 0.001 1 -1 15,15 0.001 1 1 13,14 0.001 0 1 12.13 200 ::f,1,15 f,2,2 f,14,12 f,15,1 
150:0,0 0.001 -1 1 3,2 0.001 0 -1 3,3 0.001 1 0 3.1444 110 0,14 0.002 -1 0 0,12 0.001 0 1 3,12 0.001 -1 -1 18.0909 185 12,2 0.001 -1 0 14,2 0.001 -1 -1 13,0 0.001 -1 0 1.1333 95 13,12 0.001 1 -1 15,15 0.001 1 1 13,15 0.001 0 1 12.131 200 ::f,1,15 f,2,2 f,14,12 f,15,1 
151:0,0 0.001 0 1 3,2 0.001 0 -1 3,3 0.001 1 -1 3.1444 110 0,14 0.002 -1 0 0,13 0.001 0 1 3,12 0.001 -1 0 18.0919 185 12,2 0.001 -1 1 13,1 0.001 -1 -1 13,0 0.001 -1 0 1.1343 95 13,12 0.001 0 -1 15,15 0.001 1 0 13,15 0.001 0 1 12.131 200 ::f,1,15 f,2,2 f,14,12 f,15,1 
152:0,1 0.001 0 1 3,1 0.001 0 -1 3,3 0.001 0 -1 3.1464 110 0,14 0.002 -1 0 0,13 0.001 0 1 2,12 0.001 -1 0 18.0929 185 12,2 0.001 0 1 13,1 0.001 -1 -1 13,0 0.001 -1 0 1.1343 95 13,12 0.001 -1 -1 15,15 0.001 1 -1 13,15 0.001 1 1 12.131 200 ::f,1,15 f,2,2 f,14,12 f,15,1 
153:0,2 0.001 0 1 3,0 0.001 0 -1 3,3 0.001 -1 -1 3.1484 110 0,14 0.002 -1 0 0,13 0.001 1 1 2,12 0.001 -1 0 18.0929 185 12,2 0.001 1 1 13,1 0.001 -1 0 12,0 0.001 -1 0 1.1353 95 13,12 0.001 -1 0 15,15 0.001 0 -1 13,15 0.001 1 0 12.131 200 ::f,1,15 f,2,2 f,14,12 f,15,1 
154:0,3 0.001 0 1 3,0 0.001 0 -1 3,3 0.001 -1 0 3.1494 110 0,14 0.002 -1 0 1,14 0.001 1 1 2,12 0.001 -1 0 18.0939 185 13,3 0.001 1 1 13,1 0.001 -1 1 12,0 0.001 -1 0 1.1363 95 12,12 0.001 -1 0 15,15 0.001 -1 -1 14,15 0.001 1 0 12.133 200 ::f,1,15 f,2,2 f,14,12 f,15,1 
155:0,3 0.001 0 1 3,0 0.001 -1 -1 2,3 0.001 -1 0 3.1504 110 0,14 0.002 -1 0 1,14 0.001 1 1 1,12 0.001 -1 0 18.0949 185 13,3 0.001 1 1 12,2 0.001 -1 1 12,0 0.001 -1 1 1.1373 95 12,12 0.001 -1 0 14,14 0.001 -1 -1 14,15 0.001 1 0 12.134 200 ::f,1,15 f,2,2 f,14,12 f,15,1 
156:0,3 0.001 1 1 3,0 0.001 -1 0 1,3 0.001 -1 0 3.1514 110 0,14 0.002 -1 0 2,15 0.001 1 1 0,12 0.001 -1 0 18.0969 185 13,3 0.001 1 0 12,2 0.001 -1 1 12,0 0.001 0 1 1.1373 95 12,12 0.001 -1 1 14,14 0.001 -1 -1 14,15 0.001 1 0 12.134 200 ::f,1,15 f,2,2 f,14,12 f,15,1 
157:0,3 0.001 1 0 2,0 0.001 -1 0 1,3 0.001 -1 0 3.1524 110 0,14 0.002 -1 0 2,15 0.001 1 1 0,12 0.001 -1 0 18.0969 185 14,3 0.001 1 0 12,2 0.001 0 1 12,1 0.001 0 1 1.1393 95 12,12 0.001 0 1 13,13 0.001 -1 -1 15,15 0.001 1 0 12.136 200 ::f,1,15 f,2,2 f,14,12 f,15,1 
158:0,3 0.001 1 -1 2,0 0.001 -1 0 1,3 0.001 -1 1 3.1524 110 0,14 0.002 -1 0 2,15 0.001 1 0 0,12 0.001 -1 1 18.0969 185 14,3 0.001 1 0 12,3 0.001 0 1 12,2 0.001 0 1 1.1413 95 12,13 0.001 0 1 13,13 0.001 -1 -1 15,15 0.001 1 0 12.137 200 ::f,1,15 f,2,2 f,14,12 f,15,1 
159:0,3 0.001 0 -1 1,0 0.001 -1 0 1,3 0.001 0 1 3.1534 110 0,14 0.002 -1 0 3,15 0.001 1 0 0,12 0.001 0 1 18.0979 185 14,3 0.001 1 0 12,3 0.001 0 1 12,2 0.001 0 1 1.1413 95 12,13 0.001 0 1 13,13 0.001 -1 -1 15,15 0.001 1 -1 12.137 200 ::f,1,15 f,2,2 f,14,12 f,15,1 
160:0,2 0.001 0 -1 0,0 0.001 -1 0 1,3 0.001 1 1 3.1554 110 0,14 0.002 -1 0 3,15 0.001 1 0 0,13 0.001 0 1 18.0989 185 14,3 0.001 1 0 12,3 0.001 1 1 12,2 0.001 1 1 1.1413 95 12,13 0.001 0 1 12,12 0.001 -1 -1 15,15 0.001 0 -1 12.138 200 ::f,1,15 f,2,2 f,14,12 f,15,1 
161:0,1 0.001 0 -1 0,0 0.001 -1 0 1,3 0.001 1 0 3.1564 110 0,14 0.002 -1 0 3,15 0.001 1 -1 0,13 0.001 0 1 18.0989 185 15,3 0.001 1 0 12,3 0.001 1 0 13,3 0.001 1 1 1.1433 95 12,13 0.001 1 1 12,12 0.001 -1 -1 15,14 0.001 0 -1 12.139 200 ::f,1,15 f,2,2 f,14,12 f,15,1 
162:0,1 0.001 0 -1 0,0 0.001 -1 1 2,3 0.001 1 0 3.1574 110 0,14 0.002 -1 0 3,15 0.001 0 -1 0,13 0.001 1 1 18.0989 185 15,3 0.001 1 0 12,3 0.001 1 -1 13,3 0.001 1 1 1.1433 95 13,14 0.001 1 1 12,12 0.001 -1 0 15,14 0.001 0 -1 12.14 200 ::f,1,15 f,2,2 f,14,12 f,15,1 
163:0,1 0.001 -1 -1 0,0 0.001 0 1 2,3 0.001 1 0 3.1574 110 0,14 0.002 -1 0 3,14 0.001 0 -1 1,14 0.001 1 1 18.1009 185 15,3 0.001 1 -1 13,2 0.001 1 -1 13,3 0.001 1 0 1.1443 95 14,15 0.001 1 1 12,12 0.001 -1 1 15,13 0.001 0 -1 12.142 200 ::f,1,15 f,2,2 f,14,12 f,15,1 
164:0,1 0.001 -1 0 0,0 0.001 0 1 3,3 0.001 1 0 3.1584 110 0,14 0.002 -1 0 3,14 0.001 0 -1 2,15 0.001 1 1 18.1019 185 15,3 0.001 0 -1 13,2 0.001 1 -1 14,3 0.001 1 0 1.1453 95 14,15 0.001 1 1 12,12 0.001 0 1 15,12 0.001 0 -1 12.143 200 ::f,1,15 f,2,2 f,14,12 f,15,1 
165:0,1 0.001 -1 1 0,0 0.001 0 1 3,3 0.001 1 0 3.1584 110 0,14 0.002 -1 0 3,14 0.001 0 -1 2,15 0.001 1 1 18.1019 185 15,3 0.001 -1 -1 13,2 0.001 1 -1 14,3 0.001 1 0 1.1453 95 14,15 0.001 1 0 12,13 0.001 0 1 15,12 0.001 0 -1 12.144 200 ::f,1,15 f,2,2 f,14,12 f,15,1 
166:0,1 0.001 0 1 0,0 0.001 0 1 3,3 0.001 1 -1 3.1584 110 0,14 0.002 -1 0 3,14 0.001 0 -1 2,15 0.001 1 0 18.1019 185 14,2 0.001 -1 -1 14,1 0.001 1 -1 14,3 0.001 1 -1 1.1473 95 15,15 0.001 1 0 12,13 0.001 0 1 15,12 0.001 -1 -1 12.145 200 ::f,1,15 f,2,2 f,14,12 f,15,1 
167:0,2 0.001 0 1 0,1 0.001 0 1 3,3 0.001 0 -1 3.1604 110 0,14 0.002 -1 0 3,13 0.001 0 -1 3,15 0.001 1 0 18.1039 185 13,1 0.001 -1 -1 15,0 0.001 1 -1 15,2 0.001 1 -1 1.1503 95 15,15 0.001 1 0 12,13 0.001 0 1 15,12 0.001 -1 0 12.145 200 ::f,1,15 f,2,2 f,14,12 f,15,1 
168:0,2 0.001 0 1 0,1 0.001 0 1 3,3 0.001 -1 -1 3.1604 110 0,14 0.002 -1 0 3,13 0.001 0 -1 3,15 0.001 1 0 18.1039 185 13,1 0.001 -1 -1 15,0 0.001 1 -1 15,2 0.001 1 -1 1.1503 95 15,15 0.001 1 -1 12,14 0.001 0 1 15,12 0.001 -1 1 12.146 200 ::f,1,15 f,2,2 f,14,12 f,15,1 
169:0,3 0.001 0 1 0,2 0.001 0 1 3,3 0.001 -1 -1 3.1624 110 0,14 0.002 -1 0 3,12 0.001 0 -1 3,15 0.001 1 -1 18.1049 185 13,1 0.001 -1 -1 15,0 0.001 0 -1 15,2 0.001 0 -1 1.1503 95 15,15 0.001 0 -1 12,14 0.001 0 1 14,13 0.001 -1 1 12.147 200 ::f,1,15 f,2,2 f,14,12 f,15,1 
170:0,3 0.001 0 1 0,2 0.001 0 1 3,3 0.001 -1 -1 6.1625 125 0,14 0.002 -1 0 3,12 0.001 0 -1 3,15 0.001 0 -1 18.1049 185 13,1 0.001 -1 0 15,0 0.001 -1 -1 15,2 0.001 -1 -1 1.1503 95 15,14 0.001 0 -1 12,15 0.001 0 1 14,13 0.001 -1 1 12.149 200 ::f,1,15 f,2,0 f,14,12 f,15,1 
171:0,3 0.001 1 1 0,2 0.001 0 1 2,2 0.001 -1 -1 6.1635 125 0,14 0.002 -1 0 3,12 0.001 -1 -1 3,15 0.001 -1 -1 18.1049 185 12,1 0.001 -1 0 15,0 0.001 -1 0 14,1 0.001 -1 -1 1.1523 95 15,13 0.001 0 -1 12,15 0.001 0 1 13,14 0.001 -1 1 12.151 200 ::f,1,15 f,2,0 f,14,12 f,15,1 
172:0,3 0.001 1 0 0,2 0.001 0 1 1,1 0.001 -1 -1 6.1645 125 0,14 0.002 -1 0 3,12 0.001 -1 0 2,14 0.001 -1 -1 18.1059 185 12,1 0.001 -1 0 14,0 0.001 -1 0 14,1 0.001 -1 -1 1.1533 95 15,13 0.001 0 -1 12,15 0.001 1 1 13,14 0.001 -1 1 12.151 200 ::f,1,15 f,2,0 f,14,12 f,15,1 
173:1,3 0.001 1 0 0,3 0.001 0 1 1,1 0.001 -1 -1 6.1665 125 0,14 0.002 -1 0 2,12 0.001 -1 0 2,14 0.001 -1 -1 18.1069 185 12,1 0.001 -1 1 14,0 0.001 -1 0 14,1 0.001 -1 -1 1.1533 95 15,13 0.001 0 -1 12,15 0.001 1 0 13,14 0.001 -1 1 12.151 200 ::f,1,15 f,2,0 f,14,12 f,15,1 
174:2,3 0.001 1 0 0,3 0.001 0 1 0,0 0.001 -1 -1 6.1685 125 0,14 0.002 -1 0 1,12 0.001 -1 0 1,13 0.001 -1 -1 18.1089 185 12,1 0.001 0 1 13,0 0.001 -1 0 14,1 0.001 -1 0 1.1543 95 15,12 0.001 0 -1 13,15 0.001 1 0 12,15 0.001 -1 1 12.154 200 ::f,1,15 f,2,0 f,14,12 f,15,1 
175:2,3 0.001 1 0 0,3 0.001 1 1 0,0 0.001 -1 -1 6.1685 125 0,14 0.002 -1 0 1,12 0.001 -1 0 1,13 0.001 -1 -1 18.1089 185 12,2 0.001 0 1 12,0 0.001 -1 0 13,1 0.001 -1 0 1.1573 95 15,12 0.001 0 -1 13,15 0.001 1 0 12,15 0.001 -1 1 12.154 200 ::f,1,15 f,2,0 f,14,12 f,15,1 
176:3,3 0.001 1 0 0,3 0.001 1 0 0,0 0.001 -1 0 6.1695 125 0,14 0.002 -1 0 1,12 0.001 -1 0 1,13 0.001 -1 -1 18.1089 185 12,2 0.001 0 1 12,0 0.001 -1 0 13,1 0.001 -1 0 1.1573 95 15,12 0.001 -1 -1 13,15 0.001 1 0 12,15 0.001 0 1 12.154 200 ::f,1,15 f,2,0 f,14,12 f,15,1 
177:3,3 0.001 1 0 1,3 0.001 1 0 0,0 0.001 -1 1 6.1705 125 0,14 0.002 -1 0 0,12 0.001 -1 0 1,13 0.001 -1 0 18.1099 185 12,3 0.001 0 1 12,0 0.001 -1 1 13,1 0.001 -1 0 1.1583 95 15,12 0.001 -1 0 13,15 0.001 1 -1 12,15 0.001 1 1 12.154 200 ::f,1,15 f,2,0 f,14,12 f,15,1 
178:3,3 0.001 1 -1 1,3 0.001 1 0 0,0 0.001 0 1 6.1705 125 0,14 0.002 -1 0 0,12 0.001 -1 0 1,13 0.001 -1 1 18.1099 185 12,3 0.001 0 1 12,0 0.001 0 1 13,1 0.001 -1 0 1.1583 95 15,12 0.001 -1 0 14,14 0.001 1 -1 12,15 0.001 1 0 12.155 200 ::f,1,15 f,2,0 f,14,12 f,15,1 
179:3,3 0.001 0 -1 2,3 0.001 1 0 0,1 0.001 0 1 6.1725 125 0,14 0.002 -1 0 0,12 0.001 -1 1 1,13 0.001 0 1 18.1099 185 12,3 0.001 1 1 12,1 0.001 0 1 13,1 0.001 -1 0 1.1593 95 15,12 0.001 -1 0 14,14 0.001 1 -1 12,15 0.001 1 -1 19.1552 230 ::f,1,15 f,2,0 f,14,12 f,15,1 
180:3,3 0.001 -1 -1 2,3 0.001 1 0 0,2 0.001 0 1 6.1735 125 0,14 0.002 -1 0 0,12 0.001 0 1 1,14 0.001 0 1 18.1109 185 12,3 0.001 1 0 12,1 0.001 0 1 13,1 0.001 -1 1 1.1593 95 15,12 0.001 -1 0 14,14 0.001 1 -1 13,14 0.001 1 -1 19.1562 230 ::f,1,15 f,2,0 f,14,12 f,15,1 
181:2,2 0.001 -1 -1 3,3 0.001 1 0 0,2 0.001 0 1 6.1755 125 0,14 0.002 -1 0 0,13 0.001 0 1 1,14 0.001 0 1 21.112 200 12,3 0.001 1 -1 12,2 0.001 0 1 13,1 0.001 0 1 1.1603 95 15,12 0.001 -1 0 15,13 0.001 1 -1 14,13 0.001 1 -1 24.1583 245 ::f,2,0 f,2,14 f,13,12 f,15,1 
182:2,2 0.001 -1 -1 3,3 0.001 1 0 0,3 0.001 0 1 6.1765 125 0,14 0.002 -1 0 0,13 0.001 0 1 1,14 0.001 1 1 21.112 200 12,3 0.001 1 -1 12,2 0.001 0 1 13,1 0.001 1 1 1.1603 95 14,12 0.001 -1 0 15,13 0.001 1 -1 14,13 0.001 1 -1 24.1593 245 ::f,2,0 f,2,14 f,13,12 f,15,1 
183:1,1 0.001 -1 -1 3,3 0.001 1 -1 0,3 0.001 0 1 6.1775 125 0,14 0.002 -1 0 0,13 0.001 0 1 2,15 0.001 1 1 21.113 200 13,2 0.001 1 -1 12,3 0.001 0 1 14,2 0.001 1 1 1.1633 95 14,12 0.001 -1 0 15,13 0.001 0 -1 15,12 0.001 1 -1 30.1604 260 ::f,2,0 f,2,14 f,15,1 f,15,15 
184:1,1 0.001 -1 -1 3,3 0.001 0 -1 0,3 0.001 1 1 6.1775 125 0,14 0.002 -1 0 0,13 0.001 1 1 2,15 0.001 1 1 21.113 200 14,1 0.001 1 -1 12,3 0.001 0 1 15,3 0.001 1 1 1.1653 95 13,12 0.001 -1 0 15,13 0.001 -1 -1 15,12 0.001 1 -1 30.1614 260 ::f,2,0 f,2,14 f,15,1 f,15,15 
185:0,0 0.001 -1 -1 3,2 0.001 0 -1 0,3 0.001 1 0 6.1795 125 0,14 0.002 -1 0 1,14 0.001 1 1 2,15 0.001 1 0 21.114 200 14,1 0.001 1 -1 12,3 0.001 1 1 15,3 0.001 1 1 1.1653 95 13,12 0.001 -1 0 14,12 0.001 -1 -1 15,12 0.001 0 -1 30.1624 260 ::f,2,0 f,2,14 f,15,1 f,15,15 
186:0,0 0.001 -1 -1 3,1 0.001 0 -1 1,3 0.001 1 0 6.1815 125 0,14 0.002 -1 0 1,14 0.001 1 1 2,15 0.001 1 -1 21.114 200 14,1 0.001 1 -1 12,3 0.001 1 0 15,3 0.001 1 0 1.1653 95 13,12 0.001 -1 0 14,12 0.001 -1 -1 15,12 0.001 -1 -1 30.1624 260 ::f,2,0 f,2,14 f,15,1 f,15,15 
187:0,0 0.001 -1 0 3,0 0.001 0 -1 1,3 0.001 1 0 6.1825 125 0,14 0.002 -1 0 1,14 0.001 1 0 3,14 0.001 1 -1 21.115 200 15,0 0.001 1 -1 13,3 0.001 1 0 15,3 0.001 1 -1 1.1673 95 13,12 0.001 -1 0 14,12 0.001 -1 0 15,12 0.001 -1 0 30.1624 260 ::f,2,0 f,2,14 f,15,1 f,15,15 
188:0,0 0.001 -1 1 3,0 0.001 0 -1 2,3 0.001 1 0 6.1835 125 0,14 0.002 -1 0 1,14 0.001 1 0 3,14 0.001 1 -1 27.1151 215 15,0 0.001 1 -1 13,3 0.001 1 0 15,3 0.001 0 -1 1.1673 95 12,12 0.001 -1 0 14,12 0.001 -1 1 15,12 0.001 -1 1 30.1634 260 ::f,2,0 f,2,12 f,15,1 f,15,15 
189:0,0 0.001 0 1 3,0 0.001 -1 -1 2,3 0.001 1 0 6.1835 125 0,14 0.002 -1 0 2,14 0.001 1 0 3,14 0.001 0 -1 27.1161 215 15,0 0.001 0 -1 14,3 0.001 1 0 15,3 0.001 -1 -1 1.1683 95 12,12 0.001 -1 0 13,13 0.001 -1 1 14,13 0.001 -1 1 30.1654 260 ::f,2,0 f,2,12 f,15,1 f,15,15 
190:0,0 0.001 1 1 3,0 0.001 -1 0 2,3 0.001 1 0 6.1835 125 0,14 0.002 -1 0 2,14 0.001 1 0 3,13 0.001 0 -1 27.1171 215 15,0 0.001 -1 -1 14,3 0.001 1 0 14,2 0.001 -1 -1 1.1693 95 12,12 0.001 -1 1 12,14 0.001 -1 1 14,13 0.001 -1 1 30.1664 260 ::f,2,0 f,2,12 f,15,1 f,15,15 
191:1,1 0.001 1 1 3,0 0.001 -1 0 2,3 0.001 1 -1 6.1845 125 0,14 0.002 -1 0 3,14 0.001 1 0 3,13 0.001 0 -1 27.1181 215 15,0 0.001 -1 0 15,3 0.001 1 0 13,1 0.001 -1 -1 1.1713 95 12,12 0.001 0 1 12,14 0.001 -1 1 13,14 0.001 -1 1 30.1674 260 ::f,2,0 f,2,12 f,15,1 f,15,15 
192:2,2 0.001 1 1 3,0 0.001 -1 0 3,2 0.001 1 -1 6.1866 140 0,14 0.002 -1 0 3,14 0.001 1 0 3,12 0.001 0 -1 27.1191 215 14,0 0.001 -1 0 15,3 0.001 1 0 12,0 0.001 -1 -1 1.1733 95 12,13 0.001 0 1 12,14 0.001 0 1 12,15 0.001 -1 1 30.1694 260 ::f,1,2 f,2,12 f,15,1 f,15,15 
193:2,2 0.001 1 1 2,0 0.001 -1 0 3,2 0.001 1 -1 6.1876 140 0,14 0.002 -1 0 3,14 0.001 1 -1 3,12 0.001 0 -1 27.1191 215 14,0 0.001 -1 0 15,3 0.001 1 -1 12,0 0.001 -1 -1 1.1733 95 12,13 0.001 0 1 12,14 0.001 1 1 12,15 0.001 -1 1 30.1694 260 ::f,1,2 f,2,12 f,15,1 f,15,15 
194:2,2 0.001 1 1 2,0 0.001 -1 0 3,2 0.001 0 -1 6.1876 140 0,14 0.002 -1 0 3,14 0.001 0 -1 3,12 0.001 -1 -1 27.1191 215 13,0 0.001 -1 0 15,3 0.001 0 -1 12,0 0.001 -1 0 1.1743 95 12,13 0.001 1 1 13,15 0.001 1 1 12,15 0.001 0 1 30.1704 260 ::f,1,2 f,2,12 f,15,1 f,15,15 
195:2,2 0.001 1 1 2,0 0.001 -1 0 3,1 0.001 0 -1 6.1886 140 0,14 0.002 -1 0 3,13 0.001 0 -1 3,12 0.001 -1 0 27.1201 215 13,0 0.001 -1 0 15,3 0.001 -1 -1 12,0 0.001 -1 1 1.1743 95 13,14 0.001 1 1 13,15 0.001 1 1 12,15 0.001 1 1 30.1714 260 ::f,1,2 f,2,12 f,15,1 f,15,15 
196:3,3 0.001 1 1 2,0 0.001 -1 0 3,1 0.001 0 -1 6.1896 140 0,14 0.002 -1 0 3,13 0.001 0 -1 3,12 0.001 -1 1 27.1201 215 13,0 0.001 -1 1 14,2 0.001 -1 -1 12,0 0.001 0 1 1.1753 95 13,14 0.001 1 1 13,15 0.001 1 0 12,15 0.001 1 0 30.1714 260 ::f,1,2 f,2,12 f,15,1 f,15,15 
197:3,3 0.001 1 1 1,0 0.001 -1 0 3,0 0.001 0 -1 6.1916 140 0,14 0.002 -1 0 3,13 0.001 0 -1 3,12 0.001 0 1 27.1201 215 13,0 0.001 0 1 13,1 0.001 -1 -1 12,0 0.001 1 1 1.1763 95 13,14 0.001 1 1 13,15 0.001 1 -1 12,15 0.001 1 -1 30.1714 260 ::f,1,2 f,2,12 f,15,1 f,15,15 
198:3,3 0.001 1 0 0,0 0.001 -1 0 3,0 0.001 0 -1 6.1926 140 0,14 0.002 -1 0 3,13 0.001 -1 -1 3,12 0.001 1 1 27.1201 215 13,0 0.001 1 1 13,1 0.001 -1 -1 12,0 0.001 1 0 1.1763 95 14,15 0.001 1 1 14,14 0.001 1 -1 13,14 0.001 1 -1 30.1744 260 ::f,1,2 f,2,12 f,15,1 f,15,15 
199:3,3 0.001 1 -1 0,0 0.001 -1 0 3,0 0.001 -1 -1 6.1926 140 0,14 0.002 -1 0 3,13 0.001 -1 0 3,12 0.001 1 0 27.1201 215 13,0 0.001 1 0 13,1 0.001 -1 0 12,0 0.001 1 -1 1.1763 95 14,15 0.001 1 1 14,14 0.001 1 -1 13,14 0.001 1 -1 30.1744 260 ::f,1,2 f,2,12 f,15,1 f,15,15 
200:3,3 0.001 0 -1 0,0 0.001 -1 1 3,0 0.001 -1 0 6.1926 140 0,14 0.002 -1 0 2,13 0.001 -1 0 3,12 0.001 1 -1 27.1211 215 13,0 0.001 1 0 12,1 0.001 -1 0 12,0 0.001 0 -1 1.1773 95 14,15 0.001 1 0 15,13 0.001 1 -1 14,13 0.001 1 -1 30.1764 260 ::f,1,2 f,2,12 f,15,1 f,15,15 
201:3,3 0.001 -1 -1 0,0 0.001 0 1 3,0 0.001 -1 1 6.1926 140 0,14 0.002 -1 0 2,13 0.001 -1 0 3,12 0.001 0 -1 27.1211 215 14,0 0.001 1 0 12,1 0.001 -1 0 12,0 0.001 -1 -1 1.1783 95 14,15 0.001 1 0 15,13 0.001 1 -1 15,12 0.001 1 -1 30.1774 260 ::f,1,2 f,2,12 f,15,1 f,15,15 
202:2,2 0.001 -1 -1 0,1 0.001 0 1 2,1 0.001 -1 1 6.1956 140 0,14 0.002 -1 0 1,13 0.001 -1 0 3,12 0.001 -1 -1 27.1221 215 14,0 0.001 1 0 12,1 0.001 -1 1 12,0 0.001 -1 0 1.1783 95 14,15 0.001 1 0 15,13 0.001 0 -1 15,12 0.001 1 -1 37.1775 275 ::f,1,2 f,2,12 f,14,12 f,15,1 
203:2,2 0.001 -1 -1 0,2 0.001 0 1 2,1 0.001 -1 1 10.1967 155 0,14 0.002 -1 0 0,13 0.001 -1 0 3,12 0.001 -1 0 27.1231 215 15,0 0.001 1 0 12,1 0.001 0 1 12,0 0.001 -1 1 1.1793 95 15,15 0.001 1 0 15,13 0.001 -1 -1 15,12 0.001 0 -1 37.1785 275 ::f,0,0 f,2,12 f,14,12 f,15,1 
204:2,2 0.001 -1 -1 0,2 0.001 0 1 2,1 0.001 -1 1 10.1967 155 0,14 0.002 -1 0 0,13 0.001 -1 0 3,12 0.001 -1 1 27.1231 215 15,0 0.001 1 0 12,1 0.001 1 1 12,0 0.001 0 1 1.1793 95 15,15 0.001 1 0 15,13 0.001 -1 0 15,12 0.001 -1 -1 37.1785 275 ::f,0,0 f,2,12 f,14,12 f,15,1 
205:1,1 0.001 -1 -1 0,3 0.001 0 1 1,2 0.001 -1 1 10.1997 155 0,14 0.002 -1 0 0,13 0.001 -1 1 2,13 0.001 -1 1 27.1241 215 15,0 0.001 1 -1 13,2 0.001 1 1 12,1 0.001 0 1 1.1813 95 15,15 0.001 1 -1 15,13 0.001 -1 1 15,12 0.001 -1 0 37.1785 275 ::f,0,0 f,2,12 f,14,12 f,15,1 
206:1,1 0.001 -1 -1 0,3 0.001 0 1 1,2 0.001 -1 1 11.1998 170 0,14 0.002 -1 0 0,13 0.001 0 1 2,13 0.001 -1 1 27.1241 215 15,0 0.001 0 -1 14,3 0.001 1 1 12,1 0.001 0 1 1.1823 95 15,15 0.001 0 -1 14,14 0.001 -1 1 15,12 0.001 -1 0 37.1795 275 ::f,2,12 f,3,2 f,14,12 f,15,1 
207:0,0 0.001 -1 -1 0,3 0.001 1 1 1,2 0.001 0 1 11.2008 170 0,14 0.002 -1 0 0,13 0.001 1 1 1,14 0.001 -1 1 27.1251 215 15,0 0.001 -1 -1 14,3 0.001 1 1 12,1 0.001 0 1 1.1823 95 15,14 0.001 0 -1 14,14 0.001 -1 1 15,12 0.001 -1 0 40.1806 290 ::f,2,12 f,3,2 f,14,15 f,15,1 
208:0,0 0.001 -1 -1 0,3 0.001 1 0 1,3 0.001 0 1 11.2018 170 0,14 0.002 -1 0 0,13 0.001 1 0 0,15 0.001 -1 1 27.1261 215 15,0 0.001 -1 0 14,3 0.001 1 0 12,2 0.001 0 1 1.1833 95 15,14 0.001 0 -1 13,15 0.001 -1 1 14,12 0.001 -1 0 40.1826 290 ::f,2,12 f,3,2 f,14,15 f,15,1 
209:0,0 0.001 -1 0 0,3 0.001 1 -1 1,3 0.001 0 1 11.2018 170 0,14 0.002 -1 0 1,13 0.001 1 0 0,15 0.001 -1 1 27.1271 215 15,0 0.001 -1 1 15,3 0.001 1 0 12,2 0.001 0 1 1.1843 95 15,13 0.001 0 -1 13,15 0.001 -1 1 14,12 0.001 -1 0 40.1836 290 ::f,2,12 f,3,2 f,14,15 f,15,1 
210:0,0 0.001 -1 1 1,2 0.001 1 -1 1,3 0.001 1 1 11.2028 170 0,14 0.002 -1 0 1,13 0.001 1 0 0,15 0.001 0 1 27.1271 215 14,1 0.001 -1 1 15,3 0.001 1 0 12,3 0.001 0 1 1.1863 95 15,13 0.001 0 -1 13,15 0.001 0 1 13,12 0.001 -1 0 40.1846 290 ::f,2,12 f,3,2 f,14,15 f,15,1 
211:0,0 0.001 0 1 2,1 0.001 1 -1 1,3 0.001 1 0 11.2038 170 0,14 0.002 -1 0 2,13 0.001 1 0 0,15 0.001 1 1 27.1281 215 14,1 0.001 -1 1 15,3 0.001 1 -1 12,3 0.001 0 1 1.1863 95 15,13 0.001 -1 -1 13,15 0.001 1 1 12,12 0.001 -1 0 40.1856 290 ::f,2,12 f,3,2 f,14,15 f,15,1 
212:0,1 0.001 0 1 2,1 0.001 1 -1 2,3 0.001 1 0 11.2058 170 0,14 0.002 -1 0 2,13 0.001 1 0 0,15 0.001 1 0 27.1281 215 13,2 0.001 -1 1 15,3 0.001 0 -1 12,3 0.001 1 1 1.1873 95 15,13 0.001 -1 0 13,15 0.001 1 0 12,12 0.001 -1 0 40.1856 290 ::f,2,12 f,3,2 f,14,15 f,15,1 
213:0,1 0.001 0 1 2,1 0.001 1 -1 3,3 0.001 1 0 11.2068 170 0,14 0.002 -1 0 2,13 0.001 1 0 0,15 0.001 1 -1 27.1281 215 13,2 0.001 -1 1 15,2 0.001 0 -1 12,3 0.001 1 0 1.1883 95 15,13 0.001 -1 1 13,15 0.001 1 -1 12,12 0.001 -1 1 40.1856 290 ::f,2,12 f,3,2 f,14,15 f,15,1 
214:0,1 0.001 0 1 2,1 0.001 1 -1 3,3 0.001 1 0 11.2068 170 0,14 0.002 -1 0 3,13 0.001 1 0 0,15 0.001 0 -1 27.1291 215 13,2 0.001 0 1 15,2 0.001 0 -1 13,3 0.001 1 0 1.1894 110 14,14 0.001 -1 1 13,15 0.001 0 -1 12,12 0.001 0 1 40.1866 290 ::f,2,12 f,3,2 f,14,15 f,15,1 
215:0,2 0.001 0 1 3,0 0.001 1 -1 3,3 0.001 1 -1 11.2088 170 0,14 0.002 -1 0 3,13 0.001 1 0 0,15 0.001 -1 -1 27.1291 215 13,2 0.001 1 1 15,2 0.001 -1 -1 14,3 0.001 1 0 1.1904 110 14,14 0.001 -1 1 13,14 0.001 0 -1 12,12 0.001 1 1 40.1876 290 ::f,2,12 f,3,2 f,14,15 f,15,1 
216:0,3 0.001 0 1 3,0 0.001 1 -1 3,3 0.001 0 -1 11.2098 170 0,14 0.002 -1 0 3,13 0.001 1 -1 0,15 0.001 -1 0 27.1291 215 13,2 0.001 1 1 14,1 0.001 -1 -1 14,3 0.001 1 0 1.1914 110 13,15 0.001 -1 1 13,14 0.001 0 -1 13,13 0.001 1 1 40.1896 290 ::f,2,12 f,3,2 f,14,15 f,15,1 
217:0,3 0.001 0 1 3,0 0.001 0 -1 3,3 0.001 -1 -1 11.2098 170 0,14 0.002 -1 0 3,13 0.001 0 -1 0,15 0.001 -1 1 27.1291 215 13,2 0.001 1 1 14,1 0.001 -1 -1 14,3 0.001 1 0 1.1914 110 13,15 0.001 -1 1 13,14 0.001 0 -1 13,13 0.001 1 1 40.1896 290 ::f,2,12 f,3,2 f,14,15 f,15,1 
218:0,3 0.001 1 1 3,0 0.001 -1 -1 2,2 0.001 -1 -1 11.2108 170 0,14 0.002 -1 0 3,12 0.001 0 -1 0,15 0.001 0 1 27.1301 215 13,2 0.001 1 0 13,0 0.001 -1 -1 15,3 0.001 1 0 1.1934 110 13,15 0.001 0 1 13,14 0.001 -1 -1 14,14 0.001 1 1 40.1906 290 ::f,2,12 f,3,2 f,14,15 f,15,1 
219:0,3 0.001 1 0 3,0 0.001 -1 0 1,1 0.001 -1 -1 11.2118 170 0,14 0.002 -1 0 3,12 0.001 0 -1 0,15 0.001 1 1 27.1301 215 14,2 0.001 1 0 13,0 0.001 -1 -1 15,3 0.001 1 0 1.1944 110 13,15 0.001 1 1 12,13 0.001 -1 -1 14,14 0.001 1 1 40.1916 290 ::f,2,12 f,3,2 f,14,15 f,15,1 
220:1,3 0.001 1 0 2,0 0.001 -1 0 1,1 0.001 -1 -1 11.2138 170 0,14 0.002 -1 0 3,12 0.001 -1 -1 0,15 0.001 1 0 27.1301 215 15,2 0.001 1 0 13,0 0.001 -1 0 15,3 0.001 1 -1 1.1954 110 13,15 0.001 1 0 12,13 0.001 -1 -1 14,14 0.001 1 1 40.1916 290 ::f,2,12 f,3,2 f,14,15 f,15,1 
221:1,3 0.001 1 0 1,0 0.001 -1 0 0,0 0.001 -1 -1 11.2158 170 0,14 0.002 -1 0 3,12 0.001 -1 0 1,15 0.001 1 0 27.1311 215 15,2 0.001 1 0 12,0 0.001 -1 0 15,3 0.001 0 -1 1.1964 110 13,15 0.001 1 -1 12,13 0.001 -1 0 15,15 0.001 1 1 40.1926 290 ::f,2,12 f,3,2 f,14,15 f,15,1 
222:1,3 0.001 1 0 1,0 0.001 -1 0 0,0 0.001 -1 -1 11.2158 170 0,14 0.002 -1 0 3,12 0.001 -1 1 1,15 0.001 1 0 27.1311 215 15,2 0.001 1 -1 12,0 0.001 -1 0 15,3 0.001 -1 -1 1.1964 110 13,15 0.001 1 -1 12,13 0.001 -1 1 15,15 0.001 1 1 40.1926 290 ::f,2,12 f,3,2 f,14,15 f,15,1 
223:2,3 0.001 1 0 1,0 0.001 -1 0 0,0 0.001 -1 0 11.2168 170 0,14 0.002 -1 0 2,13 0.001 -1 1 1,15 0.001 1 -1 27.1321 215 15,2 0.001 0 -1 12,0 0.001 -1 1 14,2 0.001 -1 -1 1.1974 110 14,14 0.001 1 -1 12,13 0.001 0 1 15,15 0.001 1 0 40.1936 290 ::f,2,12 f,3,2 f,14,15 f,15,1 
224:2,3 0.001 1 0 1,0 0.001 -1 0 0,0 0.001 -1 1 11.2168 170 0,14 0.002 -1 0 1,14 0.001 -1 1 2,14 0.001 1 -1 27.1341 215 15,2 0.001 0 -1 12,0 0.001 0 1 13,1 0.001 -1 -1 1.1984 110 15,13 0.001 1 -1 12,14 0.001 0 1 15,15 0.001 1 -1 40.1956 290 ::f,2,12 f,3,2 f,14,15 f,15,1 
225:2,3 0.001 1 0 1,0 0.001 -1 0 0,0 0.001 0 1 11.2168 170 0,14 0.002 -1 0 1,14 0.001 -1 1 2,14 0.001 1 -1 27.1341 215 15,2 0.001 0 -1 12,1 0.001 0 1 13,1 0.001 -1 -1 2.1995 125 15,13 0.001 1 -1 12,14 0.001 0 1 15,15 0.001 0 -1 40.1956 290 ::f,2,12 f,3,2 f,12,2 f,14,15 
226:2,3 0.001 1 -1 1,0 0.001 -1 0 0,0 0.001 1 1 11.2168 170 0,14 0.002 -1 0 0,15 0.001 -1 1 3,13 0.001 1 -1 27.1361 215 15,1 0.001 0 -1 12,1 0.001 0 1 13,1 0.001 -1 -1 3.2006 140 15,13 0.001 0 -1 12,14 0.001 0 1 15,14 0.001 0 -1 40.1966 290 ::f,2,12 f,3,2 f,14,2 f,14,15 
227:2,3 0.001 1 -1 1,0 0.001 -1 0 0,0 0.001 1 0 11.2168 170 0,14 0.002 -1 0 0,15 0.001 -1 1 3,13 0.001 1 -1 27.1361 215 15,0 0.001 0 -1 12,1 0.001 0 1 12,0 0.001 -1 -1 3.2026 140 15,12 0.001 0 -1 12,14 0.001 1 1 15,13 0.001 0 -1 40.1986 290 ::f,2,12 f,3,2 f,14,2 f,14,15 
228:2,3 0.001 1 -1 1,0 0.001 -1 0 0,0 0.001 1 -1 13.2169 185 0,14 0.002 -1 0 0,15 0.001 0 1 3,13 0.001 0 -1 27.1361 215 15,0 0.001 0 -1 12,1 0.001 0 1 12,0 0.001 -1 -1 3.2026 140 15,12 0.001 0 -1 13,15 0.001 1 1 15,13 0.001 0 -1 40.1996 290 ::f,1,1 f,2,12 f,14,2 f,14,15 
229:3,2 0.001 1 -1 1,0 0.001 -1 0 0,0 0.001 0 -1 13.2179 185 0,14 0.002 -1 0 0,15 0.001 1 1 3,13 0.001 -1 -1 27.1361 215 15,0 0.001 -1 -1 12,1 0.001 1 1 12,0 0.001 -1 0 3.2026 140 15,12 0.001 -1 -1 13,15 0.001 1 1 15,13 0.001 0 -1 40.1996 290 ::f,1,1 f,2,12 f,14,2 f,14,15 
230:3,2 0.001 1 -1 1,0 0.001 -1 0 0,0 0.001 -1 -1 13.2179 185 0,14 0.002 -1 0 0,15 0.001 1 0 3,13 0.001 -1 0 27.1361 215 15,0 0.001 -1 0 12,1 0.001 1 1 12,0 0.001 -1 1 3.2026 140 15,12 0.001 -1 0 13,15 0.001 1 0 15,13 0.001 0 -1 40.1996 290 ::f,1,1 f,2,12 f,14,2 f,14,15 
231:3,2 0.001 0 -1 1,0 0.001 -1 0 0,0 0.001 -1 0 13.2179 185 0,14 0.002 -1 0 0,15 0.001 1 -1 2,13 0.001 -1 0 27.1371 215 14,0 0.001 -1 0 13,2 0.001 1 1 12,0 0.001 0 1 3.2046 140 14,12 0.001 -1 0 13,15 0.001 1 0 15,12 0.001 0 -1 40.2016 290 ::f,1,1 f,2,12 f,14,2 f,14,15 
232:3,1 0.001 0 -1 1,0 0.001 -1 0 0,0 0.001 -1 1 13.2189 185 0,14 0.002 -1 0 1,14 0.001 1 -1 2,13 0.001 -1 0 27.1381 215 13,0 0.001 -1 0 14,3 0.001 1 1 12,1 0.001 0 1 3.2076 140 13,12 0.001 -1 0 13,15 0.001 1 0 15,12 0.001 0 -1 44.2027 305 ::f,1,1 f,2,12 f,13,14 f,14,2 
233:3,0 0.001 0 -1 1,0 0.001 -1 0 0,0 0.001 0 1 13.2199 185 0,14 0.002 -1 0 1,14 0.001 1 -1 2,13 0.001 -1 0 27.1381 215 13,0 0.001 -1 0 14,3 0.001 1 1 12,1 0.001 0 1 3.2076 140 13,12 0.001 -1 0 13,15 0.001 1 -1 15,12 0.001 -1 -1 44.2027 305 ::f,1,1 f,2,12 f,13,14 f,14,2 
234:3,0 0.001 0 -1 1,0 0.001 -1 0 0,1 0.001 0 1 13.2209 185 0,14 0.002 -1 0 1,14 0.001 0 -1 1,13 0.001 -1 0 27.1391 215 13,0 0.001 -1 0 14,3 0.001 1 0 12,2 0.001 0 1 3.2086 140 12,12 0.001 -1 0 14,14 0.001 1 -1 15,12 0.001 -1 0 44.2047 305 ::f,1,1 f,2,12 f,13,14 f,14,2 
235:3,0 0.001 -1 -1 0,0 0.001 -1 0 0,2 0.001 0 1 13.2229 185 0,14 0.002 -1 0 1,14 0.001 -1 -1 1,13 0.001 -1 0 27.1391 215 12,0 0.001 -1 0 15,3 0.001 1 0 12,2 0.001 0 1 3.2106 140 12,12 0.001 -1 0 14,14 0.001 1 -1 14,12 0.001 -1 0 44.2057 305 ::f,1,1 f,2,12 f,13,14 f,14,2 
236:3,0 0.001 -1 0 0,0 0.001 -1 0 0,3 0.001 0 1 13.2239 185 0,14 0.002 -1 0 0,13 0.001 -1 -1 1,13 0.001 -1 0 27.1401 215 12,0 0.001 -1 0 15,3 0.001 1 0 12,2 0.001 1 1 3.2106 140 12,12 0.001 -1 1 14,14 0.001 1 -1 14,12 0.001 -1 0 44.2057 305 ::f,1,1 f,2,12 f,13,14 f,14,2 
237:2,0 0.001 -1 0 0,0 0.001 -1 1 0,3 0.001 0 1 13.2249 185 0,14 0.002 -1 0 0,13 0.001 -1 -1 1,13 0.001 -1 1 27.1401 215 12,0 0.001 -1 1 15,3 0.001 1 -1 13,3 0.001 1 1 3.2116 140 12,12 0.001 0 1 14,14 0.001 0 -1 13,12 0.001 -1 0 44.2067 305 ::f,1,1 f,2,12 f,13,14 f,14,2 
238:1,0 0.001 -1 0 0,0 0.001 0 1 0,3 0.001 1 1 13.2259 185 0,14 0.002 -1 0 0,13 0.001 -1 0 1,13 0.001 0 1 27.1401 215 12,0 0.001 0 1 15,3 0.001 0 -1 13,3 0.001 1 1 3.2116 140 12,13 0.001 0 1 14,13 0.001 0 -1 12,12 0.001 -1 0 44.2097 305 ::f,1,1 f,2,12 f,13,14 f,14,2 
239:1,0 0.001 -1 0 0,1 0.001 0 1 0,3 0.001 1 0 13.2269 185 0,14 0.002 -1 0 0,13 0.001 -1 1 1,13 0.001 1 1 27.1401 215 12,1 0.001 0 1 15,3 0.001 -1 -1 13,3 0.001 1 0 3.2126 140 12,14 0.001 0 1 14,13 0.001 0 -1 12,12 0.001 -1 0 44.2107 305 ::f,1,1 f,2,12 f,13,14 f,14,2 
240:0,0 0.001 -1 0 0,2 0.001 0 1 1,3 0.001 1 0 13.2299 185 0,14 0.002 -1 0 0,13 0.001 0 1 2,14 0.001 1 1 27.1411 215 12,1 0.001 0 1 15,3 0.001 -1 -1 13,3 0.001 1 -1 3.2126 140 12,14 0.001 0 1 14,13 0.001 -1 -1 12,12 0.001 -1 1 44.2107 305 ::f,1,1 f,2,12 f,13,14 f,14,2 
241:0,0 0.001 -1 0 0,3 0.001 0 1 2,3 0.001 1 0 13.2319 185 0,14 0.002 -1 0 0,13 0.001 1 1 2,14 0.001 1 1 27.1411 215 12,2 0.001 0 1 15,3 0.001 -1 -1 14,2 0.001 1 -1 5.2147 155 12,14 0.001 1 1 14,13 0.001 -1 0 12,12 0.001 0 1 44.2107 305 ::f,1,1 f,2,12 f,13,0 f,13,14 
242:0,0 0.001 -1 1 0,3 0.001 0 1 3,3 0.001 1 0 13.2329 185 0,14 0.002 -1 0 1,14 0.001 1 1 2,14 0.001 1 0 27.1421 215 12,2 0.001 0 1 15,3 0.001 -1 0 15,1 0.001 1 -1 5.2157 155 13,15 0.001 1 1 14,13 0.001 -1 1 12,13 0.001 0 1 44.2127 305 ::f,1,1 f,2,12 f,13,0 f,13,14 
243:0,0 0.001 0 1 0,3 0.001 1 1 3,3 0.001 1 0 13.2329 185 0,14 0.002 -1 0 1,14 0.001 1 1 2,14 0.001 1 -1 27.1421 215 12,2 0.001 0 1 14,3 0.001 -1 0 15,1 0.001 1 -1 5.2167 155 13,15 0.001 1 1 14,13 0.001 0 1 12,14 0.001 0 1 44.2137 305 ::f,1,1 f,2,12 f,13,0 f,13,14 
244:0,0 0.001 1 1 0,3 0.001 1 0 3,3 0.001 1 -1 13.2329 185 0,14 0.002 -1 0 1,14 0.001 1 1 2,14 0.001 0 -1 27.1421 215 12,3 0.001 0 1 13,3 0.001 -1 0 15,1 0.001 0 -1 5.2187 155 13,15 0.001 1 0 14,14 0.001 0 1 12,14 0.001 0 1 44.2147 305 ::f,1,1 f,2,12 f,13,0 f,13,14 
245:0,0 0.001 1 1 1,3 0.001 1 0 3,3 0.001 0 -1 13.2339 185 0,14 0.002 -1 0 2,15 0.001 1 1 2,14 0.001 -1 -1 27.1431 215 12,3 0.001 0 1 13,3 0.001 -1 0 15,0 0.001 0 -1 5.2197 155 14,15 0.001 1 0 14,14 0.001 0 1 12,14 0.001 0 1 44.2157 305 ::f,1,1 f,2,12 f,13,0 f,13,14 
246:0,0 0.001 1 1 2,3 0.001 1 0 3,2 0.001 0 -1 16.236 200 0,14 0.002 -1 0 2,15 0.001 1 1 1,13 0.001 -1 -1 27.1441 215 12,3 0.001 1 1 13,3 0.001 -1 1 15,0 0.001 0 -1 5.2197 155 14,15 0.001 1 0 14,14 0.001 1 1 12,14 0.001 0 1 44.2157 305 ::f,0,3 f,2,12 f,13,0 f,13,14 
247:1,1 0.001 1 1 2,3 0.001 1 0 3,2 0.001 0 -1 16.237 200 0,14 0.002 -1 0 2,15 0.001 1 0 1,13 0.001 -1 -1 27.1441 215 12,3 0.001 1 0 13,3 0.001 0 1 15,0 0.001 -1 -1 5.2197 155 15,15 0.001 1 0 14,14 0.001 1 1 12,14 0.001 1 1 44.2167 305 ::f,0,3 f,2,12 f,13,0 f,13,14 
248:1,1 0.001 1 1 3,3 0.001 1 0 3,1 0.001 0 -1 16.239 200 0,14 0.002 -1 0 2,15 0.001 1 -1 1,13 0.001 -1 -1 27.1441 215 12,3 0.001 1 -1 13,3 0.001 1 1 15,0 0.001 -1 0 5.2197 155 15,15 0.001 1 0 14,14 0.001 1 1 13,15 0.001 1 1 44.2177 305 ::f,0,3 f,2,12 f,13,0 f,13,14 
249:1,1 0.001 1 1 3,3 0.001 1 0 3,1 0.001 0 -1 16.239 200 0,14 0.002 -1 0 3,14 0.001 1 -1 1,13 0.001 -1 -1 27.1451 215 13,2 0.001 1 -1 13,3 0.001 1 0 14,0 0.001 -1 0 5.2217 155 15,15 0.001 1 -1 14,14 0.001 1 0 13,15 0.001 1 1 44.2177 305 ::f,0,3 f,2,12 f,13,0 f,13,14 
250:2,2 0.001 1 1 3,3 0.001 1 -1 3,1 0.001 -1 -1 16.24 200 0,14 0.002 -1 0 3,14 0.001 1 -1 1,13 0.001 -1 -1 27.1451 215 13,2 0.001 1 -1 14,3 0.001 1 0 14,0 0.001 -1 0 7.2228 170 15,15 0.001 0 -1 15,14 0.001 1 0 13,15 0.001 1 0 44.2187 305 ::f,0,3 f,2,12 f,13,14 f,15,2 
251:2,2 0.001 1 1 3,3 0.001 0 -1 2,0 0.001 -1 -1 16.241 200 0,14 0.002 -1 0 3,14 0.001 0 -1 0,12 0.001 -1 -1 27.1461 215 13,2 0.001 1 -1 15,3 0.001 1 0 14,0 0.001 -1 1 7.2238 170 15,15 0.001 0 -1 15,14 0.001 1 0 13,15 0.001 1 -1 44.2187 305 ::f,0,3 f,2,12 f,13,14 f,15,2 
252:2,2 0.001 1 0 3,2 0.001 0 -1 2,0 0.001 -1 -1 16.242 200 0,14 0.002 -1 0 3,13 0.001 0 -1 0,12 0.001 -1 -1 27.1471 215 14,1 0.001 1 -1 15,3 0.001 1 0 14,0 0.001 0 1 7.2248 170 15,15 0.001 0 -1 15,14 0.001 1 -1 14,14 0.001 1 -1 44.2197 305 ::f,0,3 f,2,12 f,13,14 f,15,2 
253:2,2 0.001 1 -1 3,1 0.001 0 -1 2,0 0.001 -1 0 16.243 200 0,14 0.002 -1 0 3,12 0.001 0 -1 0,12 0.001 -1 0 27.1481 215 14,1 0.001 1 -1 15,3 0.001 1 -1 14,0 0.001 1 1 7.2248 170 15,15 0.001 -1 -1 15,14 0.001 0 -1 14,14 0.001 1 -1 44.2197 305 ::f,0,3 f,2,12 f,13,14 f,15,2 
254:2,2 0.001 0 -1 3,1 0.001 0 -1 1,0 0.001 -1 0 16.244 200 0,14 0.002 -1 0 3,12 0.001 0 -1 0,12 0.001 -1 1 27.1481 215 15,0 0.001 1 -1 15,3 0.001 0 -1 15,1 0.001 1 1 7.2268 170 15,15 0.001 -1 0 15,13 0.001 0 -1 14,14 0.001 1 -1 44.2207 305 ::f,0,3 f,2,12 f,13,14 f,15,2 
255:2,2 0.001 -1 -1 3,0 0.001 0 -1 1,0 0.001 -1 0 16.245 200 0,14 0.002 -1 0 3,12 0.001 -1 -1 0,12 0.001 0 1 27.1481 215 15,0 0.001 1 -1 15,3 0.001 0 -1 15,1 0.001 1 1 7.2268 170 14,15 0.001 -1 0 15,12 0.001 0 -1 14,14 0.001 0 -1 44.2227 305 ::f,0,3 f,2,12 f,13,14 f,15,2 
256:1,1 0.001 -1 -1 3,0 0.001 0 -1 1,0 0.001 -1 0 16.246 200 0,14 0.002 -1 0 3,12 0.001 -1 0 0,13 0.001 0 1 27.1491 215 15,0 0.001 0 -1 15,3 0.001 0 -1 15,1 0.001 1 0 10.2269 185 14,15 0.001 -1 0 15,12 0.001 0 -1 14,13 0.001 0 -1 44.2237 305 ::f,0,3 f,2,12 f,12,2 f,13,14 
257:1,1 0.001 -1 -1 3,0 0.001 -1 -1 0,0 0.001 -1 0 16.247 200 0,14 0.002 -1 0 3,12 0.001 -1 0 0,13 0.001 0 1 27.1491 215 15,0 0.001 -1 -1 15,2 0.001 0 -1 15,1 0.001 1 -1 10.2279 185 13,15 0.001 -1 0 15,12 0.001 -1 -1 14,13 0.001 0 -1 44.2247 305 ::f,0,3 f,2,12 f,12,2 f,13,14 
258:1,1 0.001 -1 -1 3,0 0.001 -1 0 0,0 0.001 -1 0 16.247 200 0,14 0.002 -1 0 3,12 0.001 -1 0 0,13 0.001 1 1 34.1492 230 15,0 0.001 -1 0 15,2 0.001 0 -1 15,1 0.001 0 -1 10.2279 185 13,15 0.001 -1 0 15,12 0.001 -1 0 14,12 0.001 0 -1 44.2257 305 ::f,0,3 f,2,15 f,12,2 f,13,14 
259:1,1 0.001 -1 -1 2,0 0.001 -1 0 0,0 0.001 -1 1 16.248 200 0,14 0.002 -1 0 2,12 0.001 -1 0 0,13 0.001 1 0 34.1502 230 14,0 0.001 -1 0 15,2 0.001 -1 -1 15,1 0.001 -1 -1 10.2289 185 12,15 0.001 -1 0 15,12 0.001 -1 0 14,12 0.001 0 -1 44.2267 305 ::f,0,3 f,2,15 f,12,2 f,13,14 
260:1,1 0.001 -1 -1 1,0 0.001 -1 0 0,0 0.001 0 1 16.249 200 0,14 0.002 -1 0 2,12 0.001 -1 0 1,13 0.001 1 0 34.1512 230 13,0 0.001 -1 0 14,1 0.001 -1 -1 14,0 0.001 -1 -1 10.2319 185 12,15 0.001 -1 0 15,12 0.001 -1 0 14,12 0.001 -1 -1 44.2267 305 ::f,0,3 f,2,15 f,12,2 f,13,14 
261:1,1 0.001 -1 0 1,0 0.001 -1 0 0,1 0.001 0 1 16.25 200 0,14 0.002 -1 0 2,12 0.001 -1 0 1,13 0.001 1 0 34.1512 230 12,0 0.001 -1 0 14,1 0.001 -1 -1 14,0 0.001 -1 -1 10.2329 185 12,15 0.001 -1 1 15,12 0.001 -1 1 14,12 0.001 -1 0 44.2267 305 ::f,0,3 f,2,15 f,12,2 f,13,14 
262:1,1 0.001 -1 1 0,0 0.001 -1 0 0,2 0.001 0 1 16.252 200 0,14 0.002 -1 0 1,12 0.001 -1 0 1,13 0.001 1 0 34.1522 230 12,0 0.001 -1 0 14,1 0.001 -1 -1 14,0 0.001 -1 0 10.2329 185 12,15 0.001 0 1 14,13 0.001 -1 1 13,12 0.001 -1 0 44.2287 305 ::f,0,3 f,2,15 f,12,2 f,13,14 
263:1,1 0.001 -1 1 0,0 0.001 -1 0 0,2 0.001 0 1 21.2521 215 0,14 0.002 -1 0 1,12 0.001 -1 0 2,13 0.001 1 0 34.1532 230 12,0 0.001 -1 1 13,0 0.001 -1 -1 14,0 0.001 -1 1 10.2339 185 12,15 0.001 1 1 14,13 0.001 -1 1 13,12 0.001 -1 0 49.2288 320 ::f,1,2 f,2,15 f,12,2 f,13,15 
264:1,1 0.001 -1 1 0,0 0.001 -1 1 0,3 0.001 0 1 21.2531 215 0,14 0.002 -1 0 0,12 0.001 -1 0 2,13 0.001 1 0 34.1542 230 12,0 0.001 0 1 13,0 0.001 -1 -1 13,1 0.001 -1 1 10.2349 185 12,15 0.001 1 0 13,14 0.001 -1 1 13,12 0.001 -1 0 49.2298 320 ::f,1,2 f,2,15 f,12,2 f,13,15 
265:0,2 0.001 -1 1 0,0 0.001 0 1 0,3 0.001 0 1 21.2541 215 0,14 0.002 -1 0 0,12 0.001 -1 0 3,13 0.001 1 0 34.1552 230 12,0 0.001 1 1 13,0 0.001 -1 0 13,1 0.001 -1 1 13.235 200 12,15 0.001 1 -1 13,14 0.001 -1 1 13,12 0.001 -1 0 49.2298 320 ::f,1,2 f,2,15 f,12,2 f,13,15 
266:0,2 0.001 -1 1 0,1 0.001 0 1 0,3 0.001 1 1 21.2551 215 0,14 0.002 -1 0 0,12 0.001 -1 1 3,13 0.001 1 0 34.1552 230 12,0 0.001 1 1 13,0 0.001 -1 1 13,1 0.001 -1 1 17.2351 215 12,15 0.001 1 -1 13,14 0.001 0 1 12,12 0.001 -1 0 49.2308 320 ::f,1,2 f,2,15 f,12,2 f,13,15 
267:0,2 0.001 0 1 0,1 0.001 0 1 0,3 0.001 1 0 21.2551 215 0,14 0.002 -1 0 0,12 0.001 0 1 3,13 0.001 1 -1 34.1552 230 12,0 0.001 1 0 12,1 0.001 -1 1 13,1 0.001 0 1 17.2361 215 12,15 0.001 1 -1 13,14 0.001 0 1 12,12 0.001 -1 0 49.2308 320 ::f,1,2 f,2,15 f,12,2 f,13,15 
268:0,2 0.001 1 1 0,1 0.001 0 1 1,3 0.001 1 0 21.2561 215 0,14 0.002 -1 0 0,13 0.001 0 1 3,13 0.001 0 -1 34.1562 230 13,0 0.001 1 0 12,1 0.001 -1 1 13,2 0.001 0 1 17.2381 215 12,15 0.001 1 -1 13,14 0.001 0 1 12,12 0.001 -1 1 55.2309 335 ::f,1,2 f,2,15 f,12,2 f,14,13 
269:0,2 0.001 1 0 0,1 0.001 0 1 1,3 0.001 1 0 21.2561 215 0,14 0.002 -1 0 0,13 0.001 0 1 3,13 0.001 -1 -1 34.1562 230 13,0 0.001 1 0 12,1 0.001 0 1 13,2 0.001 0 1 17.2381 215 12,15 0.001 0 -1 13,15 0.001 0 1 12,12 0.001 0 1 55.2319 335 ::f,1,2 f,2,15 f,12,2 f,14,13 
270:0,2 0.001 1 -1 0,1 0.001 0 1 2,3 0.001 1 0 21.2571 215 0,14 0.002 -1 0 0,13 0.001 0 1 3,13 0.001 -1 0 34.1562 230 13,0 0.001 1 0 12,1 0.001 0 1 13,3 0.001 0 1 17.2391 215 12,14 0.001 0 -1 13,15 0.001 0 1 12,12 0.001 1 1 55.2329 335 ::f,1,2 f,2,15 f,12,2 f,14,13 
271:1,1 0.001 1 -1 0,2 0.001 0 1 3,3 0.001 1 0 21.2601 215 0,14 0.002 -1 0 0,13 0.001 1 1 2,13 0.001 -1 0 34.1572 230 14,0 0.001 1 0 12,1 0.001 0 1 13,3 0.001 0 1 21.2402 230 12,13 0.001 0 -1 13,15 0.001 1 1 13,13 0.001 1 1 55.2349 335 ::f,1,2 f,2,15 f,13,0 f,14,13 
272:2,0 0.001 1 -1 0,3 0.001 0 1 3,3 0.001 1 0 21.2621 215 0,14 0.002 -1 0 1,14 0.001 1 1 1,13 0.001 -1 0 34.1592 230 14,0 0.001 1 0 12,2 0.001 0 1 13,3 0.001 1 1 21.2412 230 12,12 0.001 0 -1 13,15 0.001 1 0 13,13 0.001 1 1 55.2359 335 ::f,1,2 f,2,15 f,13,0 f,14,13 
273:2,0 0.001 1 -1 0,3 0.001 0 1 3,3 0.001 1 -1 21.2621 215 0,14 0.002 -1 0 1,14 0.001 1 1 1,13 0.001 -1 0 42.1593 245 15,0 0.001 1 0 12,2 0.001 0 1 13,3 0.001 1 0 21.2422 230 12,12 0.001 0 -1 14,15 0.001 1 0 14,14 0.001 1 1 55.2379 335 ::f,1,2 f,3,15 f,13,0 f,14,13 
274:2,0 0.001 0 -1 0,3 0.001 1 1 3,3 0.001 0 -1 21.2621 215 0,14 0.002 -1 0 2,15 0.001 1 1 0,13 0.001 -1 0 42.1613 245 15,0 0.001 1 0 12,3 0.001 0 1 14,3 0.001 1 0 21.2442 230 12,12 0.001 -1 -1 14,15 0.001 1 0 14,14 0.001 1 1 55.2379 335 ::f,1,2 f,3,15 f,13,0 f,14,13 
275:2,0 0.001 -1 -1 0,3 0.001 1 0 3,2 0.001 0 -1 21.2631 215 0,14 0.002 -1 0 2,15 0.001 1 1 0,13 0.001 -1 0 42.1613 245 15,0 0.001 1 -1 12,3 0.001 0 1 14,3 0.001 1 0 21.2442 230 12,12 0.001 -1 0 14,15 0.001 1 0 15,15 0.001 1 1 55.2389 335 ::f,1,2 f,3,15 f,13,0 f,14,13 
276:2,0 0.001 -1 0 1,3 0.001 1 0 3,2 0.001 0 -1 21.2641 215 0,14 0.002 -1 0 2,15 0.001 1 0 0,13 0.001 -1 1 42.1613 245 15,0 0.001 0 -1 12,3 0.001 1 1 15,3 0.001 1 0 21.2452 230 12,12 0.001 -1 1 14,15 0.001 1 0 15,15 0.001 1 1 55.2389 335 ::f,1,2 f,3,15 f,13,0 f,14,13 
277:1,0 0.001 -1 0 1,3 0.001 1 0 3,1 0.001 0 -1 21.2661 215 0,14 0.002 -1 0 2,15 0.001 1 0 0,13 0.001 0 1 42.1613 245 15,0 0.001 -1 -1 12,3 0.001 1 0 15,3 0.001 1 0 21.2452 230 12,12 0.001 0 1 14,15 0.001 1 -1 15,15 0.001 1 0 55.2389 335 ::f,1,2 f,3,15 f,13,0 f,14,13 
278:1,0 0.001 -1 0 2,3 0.001 1 0 3,1 0.001 0 -1 21.2671 215 0,14 0.002 -1 0 2,15 0.001 1 0 0,13 0.001 1 1 51.1614 260 15,0 0.001 -1 0 12,3 0.001 1 -1 15,3 0.001 1 -1 21.2452 230 12,13 0.001 0 1 14,15 0.001 0 -1 15,15 0.001 1 -1 55.2399 335 ::f,0,12 f,1,2 f,13,0 f,14,13 
279:1,0 0.001 -1 0 3,3 0.001 1 0 3,1 0.001 -1 -1 21.2681 215 0,14 0.002 -1 0 3,15 0.001 1 0 1,14 0.001 1 1 51.1634 260 14,0 0.001 -1 0 13,2 0.001 1 -1 15,3 0.001 0 -1 21.2472 230 12,14 0.001 0 1 14,14 0.001 0 -1 15,15 0.001 0 -1 55.2419 335 ::f,0,12 f,1,2 f,13,0 f,14,13 
280:0,0 0.001 -1 0 3,3 0.001 1 0 2,0 0.001 -1 -1 21.2701 215 0,14 0.002 -1 0 3,15 0.001 1 0 1,14 0.001 1 1 51.1634 260 14,0 0.001 -1 0 13,2 0.001 1 -1 15,3 0.001 0 -1 23.2473 245 12,14 0.001 0 1 14,14 0.001 0 -1 15,15 0.001 -1 -1 62.242 350 ::f,0,12 f,1,2 f,15,2 f,15,14 
281:0,0 0.001 -1 0 3,3 0.001 1 -1 2,0 0.001 -1 -1 21.2701 215 0,14 0.002 -1 0 3,15 0.001 1 -1 2,15 0.001 1 1 51.1644 260 13,0 0.001 -1 0 13,2 0.001 1 -1 15,3 0.001 0 -1 28.2484 260 12,14 0.001 0 1 14,13 0.001 0 -1 14,14 0.001 -1 -1 62.244 350 ::f,0,12 f,1,2 f,13,1 f,15,14 
282:0,0 0.001 -1 1 3,3 0.001 0 -1 2,0 0.001 -1 0 21.2701 215 0,14 0.002 -1 0 3,15 0.001 0 -1 2,15 0.001 1 1 51.1644 260 13,0 0.001 -1 0 13,2 0.001 1 -1 15,2 0.001 0 -1 28.2494 260 12,14 0.001 0 1 14,12 0.001 0 -1 14,14 0.001 -1 -1 62.245 350 ::f,0,12 f,1,2 f,13,1 f,15,14 
283:0,0 0.001 0 1 3,2 0.001 0 -1 1,0 0.001 -1 0 21.2721 215 0,14 0.002 -1 0 3,14 0.001 0 -1 2,15 0.001 1 0 51.1654 260 12,0 0.001 -1 0 13,2 0.001 0 -1 15,2 0.001 0 -1 28.2504 260 12,15 0.001 0 1 14,12 0.001 0 -1 14,14 0.001 -1 -1 62.246 350 ::f,0,12 f,1,2 f,13,1 f,15,14 
284:0,1 0.001 0 1 3,1 0.001 0 -1 1,0 0.001 -1 0 21.2741 215 0,14 0.002 -1 0 3,13 0.001 0 -1 3,15 0.001 1 0 51.1674 260 12,0 0.001 -1 0 13,2 0.001 -1 -1 15,2 0.001 0 -1 28.2504 260 12,15 0.001 0 1 14,12 0.001 -1 -1 13,13 0.001 -1 -1 62.247 350 ::f,0,12 f,1,2 f,13,1 f,15,14 
285:0,1 0.001 0 1 3,0 0.001 0 -1 1,0 0.001 -1 0 21.2751 215 0,14 0.002 -1 0 3,13 0.001 0 -1 3,15 0.001 1 0 51.1674 260 12,0 0.001 -1 1 13,2 0.001 -1 0 15,1 0.001 0 -1 28.2514 260 12,15 0.001 1 1 14,12 0.001 -1 0 13,13 0.001 -1 -1 62.247 350 ::f,0,12 f,1,2 f,13,1 f,15,14 
286:0,1 0.001 0 1 3,0 0.001 0 -1 0,0 0.001 -1 0 21.2761 215 0,14 0.002 -1 0 3,13 0.001 0 -1 3,15 0.001 1 -1 51.1674 260 12,0 0.001 0 1 12,2 0.001 -1 0 15,1 0.001 0 -1 28.2524 260 12,15 0.001 1 0 13,12 0.001 -1 0 13,13 0.001 -1 -1 62.248 350 ::f,0,12 f,1,2 f,13,1 f,15,14 
287:0,2 0.001 0 1 3,0 0.001 -1 -1 0,0 0.001 -1 0 21.2771 215 0,14 0.002 -1 0 3,13 0.001 0 -1 3,15 0.001 0 -1 51.1674 260 12,1 0.001 0 1 12,2 0.001 -1 0 15,0 0.001 0 -1 28.2544 260 13,15 0.001 1 0 13,12 0.001 -1 0 12,12 0.001 -1 -1 62.25 350 ::f,0,12 f,1,2 f,13,1 f,15,14 
288:0,3 0.001 0 1 3,0 0.001 -1 0 0,0 0.001 -1 1 21.2781 215 0,14 0.002 -1 0 3,12 0.001 0 -1 3,14 0.001 0 -1 51.1694 260 12,1 0.001 0 1 12,2 0.001 -1 1 15,0 0.001 0 -1 28.2544 260 13,15 0.001 1 0 13,12 0.001 -1 0 12,12 0.001 -1 -1 62.25 350 ::f,0,12 f,1,2 f,13,1 f,15,14 
289:0,3 0.001 0 1 2,0 0.001 -1 0 0,0 0.001 0 1 21.2791 215 0,14 0.002 -1 0 3,12 0.001 0 -1 3,14 0.001 0 -1 51.1694 260 12,1 0.001 1 1 12,2 0.001 0 1 15,0 0.001 -1 -1 28.2544 260 14,15 0.001 1 0 13,12 0.001 -1 0 12,12 0.001 -1 0 62.251 350 ::f,0,12 f,1,2 f,13,1 f,15,14 
290:0,3 0.001 1 1 2,0 0.001 -1 0 0,1 0.001 0 1 21.2801 215 0,14 0.002 -1 0 3,12 0.001 -1 -1 3,13 0.001 0 -1 51.1704 260 13,2 0.001 1 1 12,3 0.001 0 1 15,0 0.001 -1 0 28.2564 260 14,15 0.001 1 0 13,12 0.001 -1 0 12,12 0.001 -1 1 62.251 350 ::f,0,12 f,1,2 f,13,1 f,15,14 
291:0,3 0.001 1 0 2,0 0.001 -1 0 0,1 0.001 0 1 21.2801 215 0,14 0.002 -1 0 3,12 0.001 -1 0 3,13 0.001 0 -1 51.1704 260 13,2 0.001 1 1 12,3 0.001 0 1 14,0 0.001 -1 0 28.2574 260 14,15 0.001 1 0 13,12 0.001 -1 1 12,12 0.001 0 1 62.251 350 ::f,0,12 f,1,2 f,13,1 f,15,14 
292:1,3 0.001 1 0 2,0 0.001 -1 0 0,2 0.001 0 1 21.2821 215 0,14 0.002 -1 0 2,12 0.001 -1 0 3,12 0.001 0 -1 51.1724 260 14,3 0.001 1 1 12,3 0.001 1 1 14,0 0.001 -1 0 28.2584 260 14,15 0.001 1 0 13,12 0.001 0 1 12,13 0.001 0 1 62.252 350 ::f,0,12 f,1,2 f,13,1 f,15,14 
293:1,3 0.001 1 0 1,0 0.001 -1 0 0,2 0.001 0 1 21.2831 215 0,14 0.002 -1 0 2,12 0.001 -1 0 3,12 0.001 0 -1 51.1724 260 14,3 0.001 1 1 12,3 0.001 1 0 13,0 0.001 -1 0 28.2594 260 14,15 0.001 1 0 13,13 0.001 0 1 12,13 0.001 0 1 62.253 350 ::f,0,12 f,1,2 f,13,1 f,15,14 
294:1,3 0.001 1 0 0,0 0.001 -1 0 0,2 0.001 0 1 21.2841 215 0,14 0.002 -1 0 2,12 0.001 -1 0 3,12 0.001 -1 -1 51.1724 260 14,3 0.001 1 0 13,3 0.001 1 0 13,0 0.001 -1 0 28.2604 260 14,15 0.001 1 0 13,13 0.001 0 1 12,14 0.001 0 1 62.254 350 ::f,0,12 f,1,2 f,13,1 f,15,14 
295:1,3 0.001 1 0 0,0 0.001 -1 0 0,3 0.001 0 1 21.2851 215 0,14 0.002 -1 0 1,12 0.001 -1 0 3,12 0.001 -1 0 51.1734 260 14,3 0.001 1 -1 13,3 0.001 1 0 13,0 0.001 -1 1 28.2604 260 15,15 0.001 1 0 13,13 0.001 0 1 12,14 0.001 0 1 62.255 350 ::f,0,12 f,1,2 f,13,1 f,15,14 
296:1,3 0.001 1 0 0,0 0.001 -1 1 0,3 0.001 0 1 21.2851 215 0,14 0.002 -1 0 1,12 0.001 -1 0 3,12 0.001 -1 1 61.1735 275 15,2 0.001 1 -1 14,3 0.001 1 0 13,0 0.001 0 1 28.2624 260 15,15 0.001 1 0 13,13 0.001 1 1 12,15 0.001 0 1 62.256 350 ::f,1,2 f,3,14 f,13,1 f,15,14 
297:2,3 0.001 1 0 0,0 0.001 0 1 0,3 0.001 1 1 21.2861 215 0,14 0.002 -1 0 0,12 0.001 -1 0 2,13 0.001 -1 1 61.1755 275 15,2 0.001 1 -1 15,3 0.001 1 0 13,0 0.001 0 1 34.2635 275 15,15 0.001 1 -1 14,14 0.001 1 1 12,15 0.001 0 1 62.257 350 ::f,1,2 f,3,14 f,13,2 f,15,14 
298:2,3 0.001 1 0 0,1 0.001 0 1 0,3 0.001 1 0 21.2871 215 0,14 0.002 -1 0 0,12 0.001 -1 0 2,13 0.001 -1 1 61.1755 275 15,2 0.001 0 -1 15,3 0.001 1 0 13,1 0.001 0 1 34.2645 275 15,15 0.001 0 -1 14,14 0.001 1 1 12,15 0.001 1 1 62.257 350 ::f,1,2 f,3,14 f,13,2 f,15,14 
299:2,3 0.001 1 0 0,2 0.001 0 1 1,3 0.001 1 0 21.2891 215 0,14 0.002 -1 0 0,12 0.001 -1 1 1,14 0.001 -1 1 61.1765 275 15,2 0.001 -1 -1 15,3 0.001 1 -1 13,1 0.001 0 1 41.2646 290 15,15 0.001 -1 -1 14,14 0.001 1 0 12,15 0.001 1 0 62.257 350 ::f,1,2 f,3,14 f,13,3 f,15,14 
