16
0:3,0 0.001 0 1 2,1 0.003 -1 -1 2,2 0.002 -1 1 0.002 50 1,14 0.001 1 0 1,13 0.003 1 -1 2,13 0.002 0 1 0.002 50 14,0 0.001 -1 -1 13,1 0.003 0 -1 15,2 0.002 1 1 0.003 50 15,13 0.001 -1 1 14,13 0.003 0 -1 13,14 0.002 -1 0 0.001 50 ::f,0,3 f,3,13 f,14,3 f,14,12 
1:3,1 0.001 0 1 2,1 0.001 -1 -1 2,2 0.001 -1 1 0.003 50 1,14 0.001 1 0 2,12 0.003 1 -1 2,13 0.001 0 1 0.003 50 14,0 0.001 0 -1 13,1 0.001 0 -1 15,2 0.002 0 1 0.003 50 15,13 0.001 -1 1 14,13 0.001 0 -1 13,14 0.002 -1 -1 0.0011 65 ::f,0,3 f,3,13 f,13,13 f,14,3 
2:3,1 0.001 0 1 2,1 0.001 0 -1 2,2 0.001 -1 1 0.003 50 2,14 0.001 1 0 2,12 0.003 1 0 2,13 0.001 0 1 0.004 50 14,0 0.001 1 -1 13,1 0.001 1 -1 15,3 0.002 0 1 0.004 50 14,14 0.001 -1 1 14,12 0.001 0 -1 13,14 0.002 0 -1 0.0031 65 ::f,0,3 f,3,13 f,13,13 f,14,3 
3:3,2 0.001 0 1 2,1 0.001 1 -1 1,3 0.001 -1 1 0.005 50 2,14 0.001 1 0 3,12 0.003 1 0 2,13 0.001 0 1 0.005 50 14,0 0.001 1 0 13,1 0.001 1 0 15,3 0.002 -1 1 0.004 50 14,14 0.001 -1 1 14,12 0.001 1 -1 13,14 0.002 0 -1 0.0031 65 ::f,0,3 f,3,13 f,13,13 f,14,3 
4:3,3 0.001 0 1 2,1 0.001 1 0 1,3 0.001 -1 0 0.006 50 2,14 0.001 1 0 3,12 0.003 1 1 2,13 0.001 0 1 0.005 50 15,0 0.001 1 0 14,1 0.001 1 0 15,3 0.002 -1 0 0.006 50 14,14 0.001 -1 0 14,12 0.001 1 0 13,14 0.001 0 -1 0.0032 80 ::f,0,3 f,3,13 f,12,15 f,14,3 
5:3,3 0.001 -1 1 2,1 0.001 1 1 1,3 0.001 -1 0 0.006 50 2,14 0.001 1 0 3,12 0.003 0 1 2,13 0.001 0 1 0.005 50 15,0 0.001 1 1 14,1 0.001 1 0 15,3 0.002 -1 0 0.006 50 14,14 0.001 -1 0 15,12 0.001 1 0 13,13 0.001 0 -1 0.0052 80 ::f,0,3 f,3,13 f,12,15 f,14,3 
6:3,3 0.001 -1 0 2,1 0.001 0 1 1,3 0.001 -1 0 0.0061 65 3,14 0.001 1 0 3,12 0.003 0 1 2,13 0.001 0 1 0.006 50 15,0 0.001 0 1 14,1 0.001 1 1 15,3 0.002 -1 0 0.006 50 13,14 0.001 -1 0 15,12 0.001 1 1 13,13 0.001 0 -1 0.0062 80 ::f,0,3 f,3,13 f,12,15 f,14,3 
7:2,3 0.001 -1 0 2,1 0.001 -1 1 1,3 0.001 -1 0 0.0071 65 3,14 0.001 1 1 3,12 0.003 0 1 2,13 0.001 0 1 0.006 50 15,1 0.001 0 1 14,1 0.001 0 1 15,3 0.001 -1 0 0.0071 65 13,14 0.001 -1 0 15,12 0.001 0 1 13,13 0.001 1 -1 0.0062 80 ::f,0,3 f,3,13 f,12,15 f,13,1 
8:2,3 0.001 -1 0 1,2 0.001 -1 1 1,3 0.001 -1 0 1.0082 80 3,14 0.001 0 1 3,12 0.001 0 1 2,14 0.001 0 1 0.0071 65 15,1 0.001 0 1 14,2 0.001 0 1 14,3 0.001 -1 0 0.0091 65 13,14 0.001 -1 -1 15,13 0.001 0 1 13,13 0.001 1 0 0.0072 80 ::f,1,1 f,1,13 f,12,15 f,13,1 
9:2,3 0.001 -1 -1 1,2 0.001 -1 1 0,3 0.001 -1 0 1.0092 80 3,15 0.001 0 1 3,13 0.001 0 1 2,14 0.001 0 1 0.0091 65 15,2 0.001 0 1 14,2 0.001 0 1 13,3 0.001 -1 0 0.0111 65 13,14 0.001 0 -1 15,14 0.001 0 1 14,13 0.001 1 0 0.0092 80 ::f,1,1 f,1,13 f,12,15 f,13,1 
10:2,3 0.001 0 -1 1,2 0.001 -1 0 0,3 0.001 -1 -1 1.0092 80 3,15 0.001 -1 1 3,14 0.001 0 1 2,14 0.001 -1 1 0.0101 65 15,2 0.001 0 1 14,2 0.001 -1 1 12,3 0.001 -1 0 0.0121 65 13,13 0.001 0 -1 15,14 0.001 0 1 14,13 0.001 1 0 0.0102 80 ::f,1,1 f,1,13 f,12,15 f,13,1 
11:2,2 0.001 0 -1 1,2 0.001 -1 -1 0,3 0.001 0 -1 1.0102 80 3,15 0.001 -1 0 3,14 0.001 0 1 2,14 0.001 -1 0 0.0101 65 15,3 0.001 0 1 14,2 0.001 -1 0 12,3 0.001 -1 -1 0.0131 65 13,13 0.001 0 -1 15,15 0.001 0 1 14,13 0.001 1 1 0.0112 80 ::f,1,1 f,1,13 f,12,15 f,13,1 
12:2,1 0.001 0 -1 1,2 0.001 0 -1 0,2 0.001 0 -1 1.0122 80 2,15 0.001 -1 0 3,15 0.001 0 1 1,14 0.001 -1 0 0.0131 65 15,3 0.001 -1 1 13,2 0.001 -1 0 12,3 0.001 0 -1 0.0141 65 13,13 0.001 1 -1 15,15 0.001 -1 1 14,13 0.001 0 1 0.0112 80 ::f,1,1 f,1,13 f,12,15 f,13,1 
13:2,0 0.001 0 -1 1,2 0.001 0 -1 0,2 0.001 0 -1 1.0132 80 1,15 0.001 -1 0 3,15 0.001 -1 1 1,14 0.001 -1 0 0.0141 65 15,3 0.001 -1 0 13,2 0.001 -1 0 12,2 0.001 0 -1 0.0151 65 13,13 0.001 1 0 15,15 0.001 -1 0 14,14 0.001 0 1 0.0122 80 ::f,1,1 f,1,13 f,12,15 f,13,1 
14:2,0 0.001 1 -1 1,2 0.001 0 -1 0,2 0.001 0 -1 1.0132 80 1,15 0.001 -1 0 3,15 0.001 -1 0 1,14 0.001 -1 -1 0.0141 65 14,3 0.001 -1 0 13,2 0.001 -1 -1 12,2 0.001 0 -1 0.0161 65 14,13 0.001 1 0 14,15 0.001 -1 0 14,14 0.001 0 1 0.0142 80 ::f,1,1 f,1,13 f,12,15 f,13,1 
15:2,0 0.001 1 0 1,2 0.001 0 -1 0,2 0.001 0 -1 3.0134 110 1,15 0.001 -1 0 2,15 0.001 -1 0 1,14 0.001 0 -1 0.0151 65 13,3 0.001 -1 0 13,2 0.001 0 -1 12,2 0.001 0 -1 0.0171 65 14,13 0.001 1 0 13,15 0.001 -1 0 14,14 0.001 -1 1 0.0152 80 ::f,1,13 f,3,1 f,12,15 f,13,1 
16:3,0 0.001 1 0 1,1 0.001 0 -1 0,1 0.001 0 -1 3.0164 110 1,15 0.001 -1 0 2,15 0.001 -1 0 1,14 0.001 0 -1 0.0151 65 13,3 0.001 -1 0 13,2 0.001 0 -1 12,2 0.001 0 -1 0.0171 65 14,13 0.001 1 1 13,15 0.001 -1 0 14,14 0.001 -1 0 1.0153 95 ::f,1,13 f,3,1 f,12,12 f,13,1 
17:3,0 0.001 1 1 1,1 0.001 0 -1 0,1 0.001 0 -1 3.0164 110 0,15 0.001 -1 0 1,15 0.001 -1 0 1,14 0.001 0 -1 0.0172 80 13,3 0.001 -1 0 13,2 0.001 0 -1 12,1 0.001 0 -1 0.0181 65 14,13 0.001 0 1 12,15 0.001 -1 0 13,14 0.001 -1 0 1.0173 95 ::f,3,1 f,3,15 f,12,12 f,13,1 
18:3,0 0.001 0 1 1,1 0.001 1 -1 0,0 0.001 0 -1 3.0174 110 0,15 0.001 -1 -1 1,15 0.001 -1 0 1,13 0.001 0 -1 0.0182 80 12,3 0.001 -1 0 13,2 0.001 0 -1 12,1 0.001 0 -1 0.0191 65 14,14 0.001 0 1 12,15 0.001 -1 -1 13,14 0.001 -1 0 1.0183 95 ::f,3,1 f,3,15 f,12,12 f,13,1 
19:3,0 0.001 0 1 1,1 0.001 1 0 0,0 0.001 1 -1 3.0174 110 0,15 0.001 0 -1 1,15 0.001 -1 -1 1,13 0.001 0 -1 0.0182 80 12,3 0.001 -1 -1 13,2 0.001 0 -1 12,1 0.001 0 -1 0.0192 80 14,14 0.001 0 1 12,15 0.001 0 -1 13,14 0.001 -1 -1 1.0183 95 ::f,3,1 f,3,15 f,12,12 f,15,3 
20:3,0 0.001 0 1 2,1 0.001 1 0 0,0 0.001 1 0 3.0184 110 0,14 0.001 0 -1 1,15 0.001 0 -1 1,13 0.001 1 -1 0.0192 80 12,3 0.001 0 -1 13,2 0.001 0 -1 12,1 0.001 0 -1 0.0192 80 14,14 0.001 -1 1 12,14 0.001 0 -1 13,14 0.001 0 -1 1.0193 95 ::f,3,1 f,3,15 f,12,12 f,15,3 
21:3,0 0.001 0 1 2,1 0.001 1 0 1,0 0.001 1 0 4.0196 140 0,14 0.001 0 -1 1,14 0.001 0 -1 1,13 0.001 1 0 0.0202 80 12,2 0.001 0 -1 13,1 0.001 0 -1 12,0 0.001 0 -1 0.0222 80 14,14 0.001 -1 0 12,14 0.001 0 -1 13,13 0.001 0 -1 1.0203 95 ::f,2,3 f,3,15 f,12,12 f,15,3 
22:3,1 0.001 0 1 2,1 0.001 1 1 2,0 0.001 1 0 4.0216 140 0,14 0.001 0 -1 1,14 0.001 0 -1 2,13 0.001 1 0 0.0212 80 12,2 0.001 0 -1 13,1 0.001 0 -1 12,0 0.001 1 -1 0.0222 80 14,14 0.001 -1 -1 12,14 0.001 0 -1 13,13 0.001 0 -1 1.0203 95 ::f,2,3 f,3,15 f,12,12 f,15,3 
23:3,2 0.001 0 1 2,1 0.001 0 1 3,0 0.001 1 0 4.0236 140 0,13 0.001 0 -1 1,13 0.001 0 -1 2,13 0.001 1 0 0.0232 80 12,1 0.001 0 -1 13,1 0.001 1 -1 12,0 0.001 1 0 0.0232 80 14,14 0.001 -1 -1 12,14 0.001 0 -1 13,13 0.001 1 -1 1.0203 95 ::f,2,3 f,3,15 f,12,12 f,15,3 
24:3,2 0.001 0 1 2,2 0.001 0 1 3,0 0.001 1 1 4.0246 140 0,13 0.001 0 -1 1,12 0.001 0 -1 2,13 0.001 1 1 0.0242 80 12,1 0.001 0 -1 13,1 0.001 1 0 13,0 0.001 1 0 0.0242 80 14,14 0.001 -1 -1 12,13 0.001 0 -1 13,13 0.001 1 0 1.0213 95 ::f,2,3 f,3,15 f,12,12 f,15,3 
25:3,2 0.001 0 1 2,2 0.001 0 1 3,0 0.001 0 1 6.0247 155 0,13 0.001 0 -1 1,12 0.001 1 -1 2,13 0.001 0 1 0.0242 80 12,0 0.001 0 -1 14,1 0.001 1 0 13,0 0.001 1 0 0.0262 80 14,14 0.001 -1 -1 12,13 0.001 0 -1 14,13 0.001 1 0 3.0224 110 ::f,0,2 f,3,15 f,15,3 f,15,12 
26:3,2 0.001 0 1 2,2 0.001 -1 1 3,1 0.001 0 1 6.0257 155 0,12 0.001 0 -1 1,12 0.001 1 0 2,14 0.001 0 1 0.0262 80 12,0 0.001 1 -1 14,1 0.001 1 0 14,0 0.001 1 0 0.0272 80 13,13 0.001 -1 -1 12,12 0.001 0 -1 14,13 0.001 1 0 3.0244 110 ::f,0,2 f,3,15 f,15,3 f,15,12 
27:3,3 0.001 0 1 2,2 0.001 -1 0 3,2 0.001 0 1 6.0277 155 0,12 0.001 1 -1 2,12 0.001 1 0 2,14 0.001 0 1 0.0272 80 12,0 0.001 1 0 14,1 0.001 1 1 14,0 0.001 1 0 0.0272 80 13,13 0.001 -1 -1 12,12 0.001 1 -1 14,13 0.001 1 1 3.0244 110 ::f,0,2 f,3,15 f,15,3 f,15,12 
28:3,3 0.001 -1 1 1,2 0.001 -1 0 3,2 0.001 0 1 6.0287 155 0,12 0.001 1 0 3,12 0.001 1 0 2,14 0.001 -1 1 0.0282 80 13,0 0.001 1 0 14,1 0.001 0 1 15,0 0.001 1 0 0.0292 80 13,13 0.001 0 -1 12,12 0.001 1 0 14,13 0.001 0 1 3.0244 110 ::f,0,2 f,3,15 f,15,3 f,15,12 
29:3,3 0.001 -1 0 1,2 0.001 -1 0 3,2 0.001 -1 1 9.0288 170 1,12 0.001 1 0 3,12 0.001 1 1 2,14 0.001 -1 0 0.0292 80 14,0 0.001 1 0 14,2 0.001 0 1 15,0 0.001 1 1 0.0312 80 13,13 0.001 1 -1 13,12 0.001 1 0 14,14 0.001 0 1 3.0264 110 ::f,2,2 f,3,15 f,15,3 f,15,12 
30:2,3 0.001 -1 0 1,2 0.001 -1 -1 3,2 0.001 -1 0 9.0298 170 1,12 0.001 1 0 3,12 0.001 0 1 1,14 0.001 -1 0 0.0302 80 14,0 0.001 1 0 14,2 0.001 0 1 15,0 0.001 0 1 0.0312 80 13,13 0.001 1 0 14,12 0.001 1 0 14,14 0.001 0 1 3.0274 110 ::f,2,2 f,3,15 f,15,3 f,15,12 
31:2,3 0.001 -1 0 1,2 0.001 0 -1 3,2 0.001 -1 0 9.0298 170 2,12 0.001 1 0 3,13 0.001 0 1 1,14 0.001 -1 0 0.0322 80 14,0 0.001 1 1 14,2 0.001 -1 1 15,1 0.001 0 1 0.0322 80 14,13 0.001 1 0 14,12 0.001 1 0 14,14 0.001 -1 1 6.0285 125 ::f,2,2 f,3,15 f,15,3 f,15,14 
32:1,3 0.001 -1 0 1,1 0.001 0 -1 3,2 0.001 -1 0 9.0318 170 2,12 0.001 1 0 3,13 0.001 0 1 1,14 0.001 -1 -1 0.0322 80 14,0 0.001 0 1 14,2 0.001 -1 0 15,2 0.001 0 1 0.0332 80 14,13 0.001 1 0 15,12 0.001 1 0 14,14 0.001 -1 0 6.0295 125 ::f,2,2 f,3,15 f,15,3 f,15,14 
33:1,3 0.001 -1 0 1,1 0.001 0 -1 3,2 0.001 -1 0 9.0318 170 3,12 0.001 1 0 3,14 0.001 0 1 1,14 0.001 0 -1 0.0342 80 14,1 0.001 0 1 13,2 0.001 -1 0 15,2 0.001 0 1 1.0353 95 14,13 0.001 1 1 15,12 0.001 1 1 13,14 0.001 -1 0 6.0305 125 ::f,2,2 f,3,15 f,14,2 f,15,14 
34:0,3 0.001 -1 0 1,1 0.001 1 -1 3,2 0.001 -1 0 9.0328 170 3,12 0.001 1 1 3,14 0.001 0 1 1,13 0.001 0 -1 1.0353 95 14,1 0.001 0 1 13,2 0.001 -1 0 15,3 0.001 0 1 1.0364 110 14,13 0.001 0 1 15,12 0.001 0 1 13,14 0.001 -1 0 6.0305 125 ::f,1,15 f,2,2 f,13,1 f,15,14 
35:0,3 0.001 -1 -1 1,1 0.001 1 0 3,2 0.001 -1 0 12.0329 185 3,12 0.001 0 1 3,15 0.001 0 1 1,13 0.001 0 -1 1.0363 95 14,2 0.001 0 1 13,2 0.001 -1 -1 15,3 0.001 -1 1 1.0374 110 14,14 0.001 0 1 15,13 0.001 0 1 13,14 0.001 -1 -1 6.0325 125 ::f,0,1 f,1,15 f,13,1 f,15,14 
36:0,3 0.001 0 -1 2,1 0.001 1 0 2,2 0.001 -1 0 12.0349 185 3,13 0.001 0 1 3,15 0.001 -1 1 1,13 0.001 1 -1 1.0373 95 14,2 0.001 0 1 13,2 0.001 0 -1 15,3 0.001 -1 0 1.0374 110 14,14 0.001 0 1 15,13 0.001 0 1 13,14 0.001 0 -1 10.0326 140 ::f,0,1 f,1,15 f,13,1 f,15,12 
37:0,2 0.001 0 -1 2,1 0.001 1 0 2,2 0.001 -1 0 12.0359 185 3,13 0.001 0 1 3,15 0.001 -1 0 1,13 0.001 1 0 1.0373 95 14,3 0.001 0 1 13,2 0.001 0 -1 15,3 0.001 -1 -1 1.0384 110 14,14 0.001 -1 1 15,14 0.001 0 1 13,13 0.001 0 -1 10.0346 140 ::f,0,1 f,1,15 f,13,1 f,15,12 
38:0,2 0.001 0 -1 2,1 0.001 1 1 1,2 0.001 -1 0 13.037 200 3,14 0.001 0 1 2,15 0.001 -1 0 2,13 0.001 1 0 1.0403 95 14,3 0.001 -1 1 13,2 0.001 0 -1 14,2 0.001 -1 -1 2.0395 125 14,14 0.001 -1 0 15,14 0.001 0 1 13,13 0.001 0 -1 10.0346 140 ::f,1,15 f,3,0 f,13,0 f,15,12 
39:0,1 0.001 0 -1 2,1 0.001 0 1 1,2 0.001 -1 0 13.038 200 3,14 0.001 0 1 2,15 0.001 -1 0 2,13 0.001 1 0 3.0404 110 14,3 0.001 -1 0 13,2 0.001 0 -1 14,2 0.001 -1 -1 2.0395 125 13,14 0.001 -1 0 15,15 0.001 0 1 13,13 0.001 1 -1 10.0366 140 ::f,1,12 f,3,0 f,13,0 f,15,12 
40:0,0 0.001 0 -1 2,2 0.001 0 1 0,2 0.001 -1 0 13.041 200 3,15 0.001 0 1 1,15 0.001 -1 0 2,13 0.001 1 1 3.0424 110 13,3 0.001 -1 0 13,1 0.001 0 -1 14,2 0.001 -1 -1 2.0415 125 13,14 0.001 -1 0 15,15 0.001 -1 1 13,13 0.001 1 0 10.0366 140 ::f,1,12 f,3,0 f,13,0 f,15,12 
41:0,0 0.001 1 -1 2,2 0.001 0 1 0,2 0.001 -1 -1 13.041 200 3,15 0.001 -1 1 0,15 0.001 -1 0 2,13 0.001 0 1 3.0434 110 13,3 0.001 -1 0 13,1 0.001 0 -1 14,2 0.001 0 -1 4.0416 140 13,14 0.001 -1 -1 15,15 0.001 -1 0 14,13 0.001 1 0 10.0376 140 ::f,1,12 f,3,0 f,15,3 f,15,12 
42:0,0 0.001 1 0 2,2 0.001 -1 1 0,2 0.001 0 -1 13.041 200 3,15 0.001 -1 0 0,15 0.001 -1 -1 2,14 0.001 0 1 3.0444 110 12,3 0.001 -1 0 13,1 0.001 1 -1 14,1 0.001 0 -1 4.0436 140 13,14 0.001 0 -1 14,15 0.001 -1 0 14,13 0.001 1 0 10.0386 140 ::f,1,12 f,3,0 f,15,3 f,15,12 
43:1,0 0.001 1 0 2,2 0.001 -1 0 0,1 0.001 0 -1 13.043 200 2,15 0.001 -1 0 0,15 0.001 0 -1 2,14 0.001 0 1 3.0454 110 12,3 0.001 -1 -1 13,1 0.001 1 0 14,0 0.001 0 -1 4.0446 140 13,13 0.001 0 -1 14,15 0.001 -1 0 14,13 0.001 1 1 10.0396 140 ::f,1,12 f,3,0 f,15,3 f,15,12 
44:2,0 0.001 1 0 1,2 0.001 -1 0 0,1 0.001 0 -1 13.045 200 2,15 0.001 -1 0 0,14 0.001 0 -1 2,14 0.001 -1 1 3.0464 110 12,3 0.001 0 -1 14,1 0.001 1 0 14,0 0.001 1 -1 4.0456 140 13,13 0.001 0 -1 13,15 0.001 -1 0 14,13 0.001 0 1 10.0406 140 ::f,1,12 f,3,0 f,15,3 f,15,12 
45:2,0 0.001 1 0 1,2 0.001 -1 0 0,1 0.001 0 -1 19.0452 230 1,15 0.001 -1 0 0,13 0.001 0 -1 2,14 0.001 -1 0 3.0484 110 12,2 0.001 0 -1 14,1 0.001 1 0 14,0 0.001 1 0 4.0466 140 13,13 0.001 1 -1 13,15 0.001 -1 0 14,14 0.001 0 1 10.0416 140 ::f,1,3 f,1,12 f,15,3 f,15,12 
46:3,0 0.001 1 0 1,2 0.001 -1 -1 0,0 0.001 0 -1 19.0472 230 1,15 0.001 -1 0 0,13 0.001 0 -1 1,14 0.001 -1 0 3.0494 110 12,2 0.001 0 -1 14,1 0.001 1 1 15,0 0.001 1 0 4.0476 140 13,13 0.001 1 0 12,15 0.001 -1 0 14,14 0.001 0 1 10.0426 140 ::f,1,3 f,1,12 f,15,3 f,15,12 
47:3,0 0.001 1 1 1,2 0.001 0 -1 0,0 0.001 1 -1 19.0472 230 1,15 0.001 -1 0 0,12 0.001 0 -1 1,14 0.001 -1 0 3.0504 110 12,1 0.001 0 -1 14,1 0.001 0 1 15,0 0.001 1 1 4.0486 140 14,13 0.001 1 0 12,15 0.001 -1 -1 14,14 0.001 -1 1 10.0436 140 ::f,1,3 f,1,12 f,15,3 f,15,12 
48:3,0 0.001 0 1 1,1 0.001 0 -1 0,0 0.001 1 0 19.0482 230 0,15 0.001 -1 0 0,12 0.001 1 -1 1,14 0.001 -1 -1 3.0514 110 12,1 0.001 0 -1 14,2 0.001 0 1 15,0 0.001 0 1 4.0496 140 14,13 0.001 1 0 12,15 0.001 0 -1 14,14 0.001 -1 0 10.0436 140 ::f,1,3 f,1,12 f,15,3 f,15,12 
49:3,1 0.001 0 1 1,1 0.001 0 -1 1,0 0.001 1 0 19.0502 230 0,15 0.001 -1 -1 0,12 0.001 1 0 1,14 0.001 0 -1 3.0514 110 12,1 0.001 0 -1 14,2 0.001 0 1 15,1 0.001 0 1 4.0506 140 14,13 0.001 1 1 12,14 0.001 0 -1 13,14 0.001 -1 0 10.0456 140 ::f,1,3 f,1,12 f,15,3 f,15,12 
50:3,2 0.001 0 1 1,1 0.001 1 -1 1,0 0.001 1 0 19.0512 230 0,15 0.001 0 -1 0,12 0.001 1 0 1,13 0.001 0 -1 3.0524 110 12,1 0.001 0 -1 14,2 0.001 -1 1 15,1 0.001 0 1 4.0506 140 14,13 0.001 0 1 12,13 0.001 0 -1 13,14 0.001 -1 0 10.0466 140 ::f,1,3 f,1,12 f,15,3 f,15,12 
51:3,2 0.001 0 1 1,1 0.001 1 0 2,0 0.001 1 0 19.0522 230 0,14 0.001 0 -1 0,12 0.001 1 0 1,13 0.001 0 -1 4.0535 125 12,1 0.001 0 -1 14,2 0.001 -1 0 15,2 0.001 0 1 4.0516 140 14,14 0.001 0 1 12,13 0.001 0 -1 13,14 0.001 -1 -1 10.0476 140 ::f,1,3 f,3,13 f,15,3 f,15,12 
52:3,3 0.001 0 1 2,1 0.001 1 0 3,0 0.001 1 0 19.0552 230 0,13 0.001 0 -1 1,12 0.001 1 0 1,13 0.001 1 -1 4.0555 125 12,0 0.001 0 -1 13,2 0.001 -1 0 15,2 0.001 0 1 6.0537 155 14,14 0.001 0 1 12,12 0.001 0 -1 13,14 0.001 0 -1 10.0486 140 ::f,1,3 f,3,13 f,15,3 f,15,12 
53:3,3 0.001 -1 1 2,1 0.001 1 0 3,0 0.001 1 1 19.0552 230 0,12 0.001 0 -1 2,12 0.001 1 0 1,13 0.001 1 0 4.0575 125 12,0 0.001 1 -1 13,2 0.001 -1 0 15,2 0.001 0 1 6.0537 155 14,14 0.001 -1 1 12,12 0.001 1 -1 13,13 0.001 0 -1 10.0496 140 ::f,1,3 f,3,13 f,15,3 f,15,12 
54:3,3 0.001 -1 0 2,1 0.001 1 1 3,0 0.001 0 1 19.0552 230 0,12 0.001 1 -1 2,12 0.001 1 0 2,13 0.001 1 0 4.0585 125 12,0 0.001 1 0 13,2 0.001 -1 -1 15,2 0.001 0 1 9.0538 170 14,14 0.001 -1 0 12,12 0.001 1 0 13,13 0.001 0 -1 10.0496 140 ::f,1,3 f,3,13 f,14,1 f,15,12 
55:2,3 0.001 -1 0 2,1 0.001 0 1 3,1 0.001 0 1 19.0572 230 0,12 0.001 1 0 2,12 0.001 1 0 2,13 0.001 1 0 6.0586 140 13,0 0.001 1 0 13,2 0.001 0 -1 15,3 0.001 0 1 9.0558 170 13,14 0.001 -1 0 13,12 0.001 1 0 13,13 0.001 1 -1 10.0516 140 ::f,0,13 f,1,3 f,14,1 f,15,12 
56:2,3 0.001 -1 0 2,1 0.001 -1 1 3,2 0.001 0 1 22.0583 245 1,12 0.001 1 0 3,12 0.001 1 0 2,13 0.001 1 1 6.0606 140 13,0 0.001 1 0 13,2 0.001 1 -1 15,3 0.001 -1 1 9.0558 170 13,14 0.001 -1 0 14,12 0.001 1 0 13,13 0.001 1 0 10.0526 140 ::f,0,1 f,0,13 f,14,1 f,15,12 
57:1,3 0.001 -1 0 1,2 0.001 -1 1 3,2 0.001 0 1 22.0603 245 1,12 0.001 1 0 3,12 0.001 1 1 2,13 0.001 0 1 6.0606 140 14,0 0.001 1 0 13,2 0.001 1 -1 15,3 0.001 -1 0 9.0568 170 13,14 0.001 -1 -1 14,12 0.001 1 0 14,13 0.001 1 0 15.0537 155 ::f,0,1 f,0,13 f,12,14 f,14,1 
58:0,3 0.001 -1 0 1,2 0.001 -1 1 3,3 0.001 0 1 22.0623 245 2,12 0.001 1 0 3,12 0.001 0 1 2,14 0.001 0 1 6.0626 140 15,0 0.001 1 0 13,2 0.001 1 -1 14,3 0.001 -1 0 12.0589 185 13,14 0.001 0 -1 15,12 0.001 1 0 14,13 0.001 1 0 15.0547 155 ::f,0,1 f,0,13 f,12,14 f,15,2 
59:0,3 0.001 -1 -1 1,2 0.001 -1 0 3,3 0.001 -1 1 22.0623 245 2,12 0.001 1 0 3,13 0.001 0 1 2,14 0.001 0 1 6.0636 140 15,0 0.001 1 1 13,2 0.001 1 -1 14,3 0.001 -1 0 12.0589 185 13,13 0.001 0 -1 15,12 0.001 1 1 14,13 0.001 1 1 15.0557 155 ::f,0,1 f,0,13 f,12,14 f,15,2 
60:0,3 0.001 0 -1 1,2 0.001 -1 -1 3,3 0.001 -1 0 22.0623 245 3,12 0.001 1 0 3,14 0.001 0 1 2,14 0.001 -1 1 6.0656 140 15,0 0.001 0 1 13,2 0.001 1 -1 13,3 0.001 -1 0 12.0599 185 13,13 0.001 0 -1 15,12 0.001 0 1 14,13 0.001 0 1 15.0557 155 ::f,0,1 f,0,13 f,12,14 f,15,2 
61:0,2 0.001 0 -1 1,2 0.001 0 -1 2,3 0.001 -1 0 22.0643 245 3,12 0.001 1 1 3,15 0.001 0 1 2,14 0.001 -1 0 6.0666 140 15,1 0.001 0 1 14,1 0.001 1 -1 13,3 0.001 -1 0 12.0619 185 13,13 0.001 1 -1 15,13 0.001 0 1 14,14 0.001 0 1 15.0577 155 ::f,0,1 f,0,13 f,12,14 f,15,2 
62:0,2 0.001 0 -1 1,1 0.001 0 -1 1,3 0.001 -1 0 26.0664 260 3,12 0.001 0 1 3,15 0.001 -1 1 1,14 0.001 -1 0 6.0676 140 15,1 0.001 0 1 14,1 0.001 1 -1 12,3 0.001 -1 0 13.063 200 13,13 0.001 1 0 15,14 0.001 0 1 14,14 0.001 0 1 15.0587 155 ::f,0,13 f,2,2 f,12,14 f,14,3 
63:0,1 0.001 0 -1 1,1 0.001 0 -1 1,3 0.001 -1 0 26.0674 260 3,13 0.001 0 1 3,15 0.001 -1 0 1,14 0.001 -1 0 6.0686 140 15,2 0.001 0 1 14,1 0.001 1 0 12,3 0.001 -1 -1 13.064 200 14,13 0.001 1 0 15,15 0.001 0 1 14,14 0.001 -1 1 15.0607 155 ::f,0,13 f,2,2 f,12,14 f,14,3 
64:0,0 0.001 0 -1 1,1 0.001 1 -1 0,3 0.001 -1 0 26.0694 260 3,14 0.001 0 1 2,15 0.001 -1 0 1,14 0.001 -1 -1 6.0706 140 15,3 0.001 0 1 14,1 0.001 1 1 12,3 0.001 0 -1 13.065 200 14,13 0.001 1 0 15,15 0.001 -1 1 14,14 0.001 -1 0 15.0607 155 ::f,0,13 f,2,2 f,12,14 f,14,3 
65:0,0 0.001 1 -1 1,1 0.001 1 0 0,3 0.001 -1 -1 26.0694 260 3,15 0.001 0 1 1,15 0.001 -1 0 1,14 0.001 0 -1 6.0726 140 15,3 0.001 -1 1 14,1 0.001 0 1 12,2 0.001 0 -1 13.066 200 14,13 0.001 1 1 15,15 0.001 -1 0 13,14 0.001 -1 0 15.0617 155 ::f,0,13 f,2,2 f,12,14 f,14,3 
66:0,0 0.001 1 0 2,1 0.001 1 0 0,3 0.001 0 -1 26.0704 260 3,15 0.001 -1 1 0,15 0.001 -1 0 1,13 0.001 0 -1 6.0746 140 15,3 0.001 -1 0 14,2 0.001 0 1 12,1 0.001 0 -1 13.068 200 14,13 0.001 0 1 14,15 0.001 -1 0 13,14 0.001 -1 0 16.0628 170 ::f,0,13 f,2,2 f,13,15 f,14,3 
67:1,0 0.001 1 0 2,1 0.001 1 0 0,2 0.001 0 -1 26.0724 260 3,15 0.001 -1 0 0,15 0.001 -1 -1 1,13 0.001 0 -1 6.0746 140 15,3 0.001 -1 0 14,2 0.001 0 1 12,0 0.001 0 -1 17.0691 215 14,13 0.001 -1 1 14,15 0.001 -1 0 13,14 0.001 -1 -1 22.0629 185 ::f,0,13 f,2,2 f,13,0 f,15,12 
68:1,0 0.001 1 0 2,1 0.001 1 1 0,2 0.001 0 -1 26.0724 260 2,15 0.001 -1 0 0,15 0.001 0 -1 1,13 0.001 1 -1 6.0756 140 14,3 0.001 -1 0 14,2 0.001 -1 1 12,0 0.001 1 -1 17.0701 215 14,13 0.001 -1 1 13,15 0.001 -1 0 13,14 0.001 0 -1 22.0639 185 ::f,0,13 f,2,2 f,13,0 f,15,12 
69:2,0 0.001 1 0 2,1 0.001 0 1 0,1 0.001 0 -1 26.0744 260 1,15 0.001 -1 0 0,14 0.001 0 -1 1,13 0.001 1 0 6.0776 140 13,3 0.001 -1 0 14,2 0.001 -1 0 12,0 0.001 1 0 17.0711 215 14,13 0.001 -1 1 12,15 0.001 -1 0 13,13 0.001 0 -1 22.0659 185 ::f,0,13 f,2,2 f,13,0 f,15,12 
70:2,0 0.001 1 0 2,1 0.001 0 1 0,1 0.001 0 -1 26.0744 260 1,15 0.001 -1 0 0,14 0.001 0 -1 2,13 0.001 1 0 9.0787 155 12,3 0.001 -1 0 13,2 0.001 -1 0 12,0 0.001 1 0 17.0731 215 14,13 0.001 -1 1 12,15 0.001 -1 -1 13,13 0.001 0 -1 22.0659 185 ::f,2,2 f,2,15 f,13,0 f,15,12 
71:3,0 0.001 1 0 2,1 0.001 0 1 0,1 0.001 0 -1 26.0754 260 1,15 0.001 -1 0 0,13 0.001 0 -1 2,13 0.001 1 0 9.0797 155 12,3 0.001 -1 -1 13,2 0.001 -1 0 12,0 0.001 1 0 21.0732 230 14,13 0.001 -1 1 12,15 0.001 0 -1 13,13 0.001 1 -1 22.0659 185 ::f,2,2 f,2,15 f,15,0 f,15,12 
72:3,0 0.001 1 1 2,1 0.001 0 1 0,0 0.001 0 -1 30.0765 275 0,15 0.001 -1 0 0,13 0.001 0 -1 2,13 0.001 1 1 9.0807 155 12,3 0.001 0 -1 13,2 0.001 -1 -1 13,0 0.001 1 0 21.0742 230 14,13 0.001 -1 0 12,14 0.001 0 -1 13,13 0.001 1 0 22.0669 185 ::f,2,15 f,3,2 f,15,0 f,15,12 
73:3,0 0.001 0 1 2,2 0.001 0 1 0,0 0.001 1 -1 30.0775 275 0,15 0.001 -1 -1 0,13 0.001 0 -1 2,13 0.001 0 1 9.0807 155 12,2 0.001 0 -1 13,2 0.001 0 -1 14,0 0.001 1 0 21.0762 230 14,13 0.001 -1 0 12,13 0.001 0 -1 13,13 0.001 1 0 22.0679 185 ::f,2,15 f,3,2 f,15,0 f,15,12 
74:3,1 0.001 0 1 2,2 0.001 0 1 0,0 0.001 1 0 30.0785 275 0,15 0.001 0 -1 0,12 0.001 0 -1 2,14 0.001 0 1 9.0827 155 12,1 0.001 0 -1 13,1 0.001 0 -1 14,0 0.001 1 0 26.0783 245 14,13 0.001 -1 0 12,12 0.001 0 -1 13,13 0.001 1 0 22.0689 185 ::f,2,15 f,3,2 f,15,2 f,15,12 
75:3,1 0.001 0 1 2,2 0.001 -1 1 1,0 0.001 1 0 35.0796 290 0,14 0.001 0 -1 0,12 0.001 1 -1 2,14 0.001 0 1 12.0838 170 12,1 0.001 0 -1 13,1 0.001 0 -1 15,0 0.001 1 0 26.0793 245 14,13 0.001 -1 0 12,12 0.001 1 -1 13,13 0.001 1 0 22.0689 185 ::f,1,3 f,3,14 f,15,2 f,15,12 
76:3,2 0.001 0 1 2,2 0.001 -1 0 2,0 0.001 1 0 35.0816 290 0,13 0.001 0 -1 0,12 0.001 1 0 2,14 0.001 -1 1 12.0848 170 12,1 0.001 0 -1 13,1 0.001 1 -1 15,0 0.001 1 1 26.0793 245 14,13 0.001 -1 0 12,12 0.001 1 0 13,13 0.001 1 0 22.0689 185 ::f,1,3 f,3,14 f,15,2 f,15,12 
77:3,2 0.001 0 1 1,2 0.001 -1 0 2,0 0.001 1 0 35.0826 290 0,13 0.001 0 -1 1,12 0.001 1 0 2,14 0.001 -1 0 12.0858 170 12,1 0.001 0 -1 13,1 0.001 1 0 15,0 0.001 0 1 26.0793 245 14,13 0.001 -1 0 13,12 0.001 1 0 13,13 0.001 1 0 22.0699 185 ::f,1,3 f,3,14 f,15,2 f,15,12 
78:3,3 0.001 0 1 1,2 0.001 -1 0 3,0 0.001 1 0 35.0846 290 0,12 0.001 0 -1 2,12 0.001 1 0 1,14 0.001 -1 0 12.0888 170 12,0 0.001 0 -1 14,1 0.001 1 0 15,1 0.001 0 1 26.0823 245 14,13 0.001 -1 0 13,12 0.001 1 0 13,13 0.001 1 0 22.0699 185 ::f,1,3 f,3,14 f,15,2 f,15,12 
79:3,3 0.001 -1 1 1,2 0.001 -1 -1 3,0 0.001 1 1 35.0846 290 0,12 0.001 1 -1 2,12 0.001 1 0 1,14 0.001 -1 0 12.0888 170 12,0 0.001 1 -1 14,1 0.001 1 0 15,1 0.001 0 1 32.0824 260 14,13 0.001 -1 0 13,12 0.001 1 0 13,13 0.001 1 0 22.0699 185 ::f,1,3 f,3,14 f,12,2 f,15,12 
80:3,3 0.001 -1 0 1,2 0.001 0 -1 3,0 0.001 0 1 35.0846 290 0,12 0.001 1 0 3,12 0.001 1 0 1,14 0.001 -1 -1 12.0898 170 12,0 0.001 1 0 14,1 0.001 1 1 15,2 0.001 0 1 32.0834 260 14,13 0.001 -1 0 14,12 0.001 1 0 13,13 0.001 1 0 22.0709 185 ::f,1,3 f,3,14 f,12,2 f,15,12 
81:2,3 0.001 -1 0 1,1 0.001 0 -1 3,1 0.001 0 1 35.0876 290 1,12 0.001 1 0 3,12 0.001 1 1 1,14 0.001 0 -1 12.0908 170 13,0 0.001 1 0 14,1 0.001 0 1 15,3 0.001 0 1 32.0854 260 14,13 0.001 -1 0 14,12 0.001 1 0 13,13 0.001 1 0 29.071 200 ::f,1,3 f,3,14 f,12,2 f,12,12 
82:2,3 0.001 -1 0 1,1 0.001 0 -1 3,2 0.001 0 1 41.0887 305 1,12 0.001 1 0 3,12 0.001 0 1 1,14 0.001 1 -1 12.0908 170 13,0 0.001 1 0 14,2 0.001 0 1 15,3 0.001 -1 1 32.0864 260 14,13 0.001 -1 0 15,12 0.001 1 0 13,13 0.001 1 0 29.072 200 ::f,3,3 f,3,14 f,12,2 f,12,12 
83:1,3 0.001 -1 0 1,1 0.001 1 -1 3,2 0.001 0 1 46.0898 320 2,12 0.001 1 0 3,13 0.001 0 1 2,13 0.001 1 -1 12.0938 170 13,0 0.001 1 0 14,2 0.001 0 1 15,3 0.001 -1 0 32.0864 260 14,13 0.001 -1 0 15,12 0.001 1 1 13,13 0.001 1 0 29.072 200 ::f,0,1 f,3,14 f,12,2 f,12,12 
84:0,3 0.001 -1 0 1,1 0.001 1 0 3,3 0.001 0 1 46.0918 320 2,12 0.001 1 0 3,13 0.001 0 1 2,13 0.001 1 -1 16.0939 185 13,0 0.001 1 0 14,2 0.001 -1 1 14,3 0.001 -1 0 32.0874 260 14,13 0.001 -1 0 15,12 0.001 0 1 13,13 0.001 1 0 29.072 200 ::f,0,1 f,0,14 f,12,2 f,12,12 
85:0,3 0.001 -1 -1 2,1 0.001 1 0 3,3 0.001 -1 1 46.0928 320 2,12 0.001 1 0 3,14 0.001 0 1 2,13 0.001 1 0 16.0949 185 14,0 0.001 1 0 14,2 0.001 -1 0 13,3 0.001 -1 0 32.0894 260 14,13 0.001 -1 0 15,13 0.001 0 1 13,13 0.001 1 0 29.073 200 ::f,0,1 f,0,14 f,12,2 f,12,12 
86:0,3 0.001 0 -1 2,1 0.001 1 0 3,3 0.001 -1 0 46.0928 320 3,12 0.001 1 0 3,14 0.001 0 1 2,13 0.001 1 1 16.0959 185 14,0 0.001 1 0 13,2 0.001 -1 0 13,3 0.001 -1 0 32.0904 260 14,13 0.001 -1 0 15,13 0.001 0 1 13,13 0.001 1 0 29.073 200 ::f,0,1 f,0,14 f,12,2 f,12,12 
87:0,2 0.001 0 -1 2,1 0.001 1 1 2,3 0.001 -1 0 46.0948 320 3,12 0.001 1 1 3,15 0.001 0 1 2,13 0.001 0 1 16.0969 185 14,0 0.001 1 0 13,2 0.001 -1 0 12,3 0.001 -1 0 37.0915 275 14,13 0.001 -1 0 15,14 0.001 0 1 13,13 0.001 1 0 29.074 200 ::f,0,1 f,0,14 f,12,12 f,15,2 
88:0,2 0.001 0 -1 2,1 0.001 0 1 1,3 0.001 -1 0 53.0959 335 3,12 0.001 0 1 3,15 0.001 -1 1 2,14 0.001 0 1 16.0979 185 14,0 0.001 1 0 13,2 0.001 -1 -1 12,3 0.001 -1 -1 37.0915 275 14,13 0.001 -1 0 15,14 0.001 0 1 13,13 0.001 1 0 29.074 200 ::f,0,14 f,2,0 f,12,12 f,15,2 
89:0,1 0.001 0 -1 2,2 0.001 0 1 0,3 0.001 -1 0 53.0989 335 3,13 0.001 0 1 3,15 0.001 -1 0 2,14 0.001 0 1 16.0989 185 14,0 0.001 1 0 13,2 0.001 0 -1 12,3 0.001 0 -1 37.0915 275 14,13 0.001 -1 0 15,14 0.001 0 1 13,13 0.001 1 0 29.074 200 ::f,0,14 f,2,0 f,12,12 f,15,2 
90:0,1 0.001 0 -1 2,2 0.001 0 1 0,3 0.001 -1 -1 53.0989 335 3,13 0.001 0 1 2,15 0.001 -1 0 2,14 0.001 -1 1 16.0999 185 15,0 0.001 1 0 13,1 0.001 0 -1 12,2 0.001 0 -1 37.0945 275 14,13 0.001 -1 0 15,15 0.001 0 1 13,13 0.001 1 0 29.075 200 ::f,0,14 f,2,0 f,12,12 f,15,2 
91:0,1 0.001 0 -1 2,2 0.001 -1 1 0,3 0.001 0 -1 53.0989 335 3,14 0.001 0 1 1,15 0.001 -1 0 2,14 0.001 -1 0 16.1019 185 15,0 0.001 1 1 13,1 0.001 0 -1 12,1 0.001 0 -1 37.0955 275 14,13 0.001 -1 0 15,15 0.001 -1 1 13,13 0.001 1 0 29.075 200 ::f,0,14 f,2,0 f,12,12 f,15,2 
92:0,0 0.001 0 -1 2,2 0.001 -1 0 0,2 0.001 0 -1 53.1009 335 3,15 0.001 0 1 1,15 0.001 -1 0 1,14 0.001 -1 0 16.1039 185 15,0 0.001 0 1 13,1 0.001 1 -1 12,1 0.001 0 -1 37.0955 275 14,13 0.001 -1 0 15,15 0.001 -1 0 13,13 0.001 1 0 29.075 200 ::f,0,14 f,2,0 f,12,12 f,15,2 
93:0,0 0.001 1 -1 2,2 0.001 -1 -1 0,2 0.001 0 -1 53.1009 335 3,15 0.001 -1 1 0,15 0.001 -1 0 1,14 0.001 -1 0 20.105 200 15,1 0.001 0 1 13,1 0.001 1 0 12,0 0.001 0 -1 37.0975 275 14,13 0.001 -1 0 14,15 0.001 -1 0 13,13 0.001 1 0 29.076 200 ::f,2,0 f,2,13 f,12,12 f,15,2 
94:0,0 0.001 1 0 2,2 0.001 0 -1 0,1 0.001 0 -1 53.1019 335 3,15 0.001 -1 0 0,15 0.001 -1 -1 1,14 0.001 -1 -1 20.105 200 15,1 0.001 0 1 14,1 0.001 1 0 12,0 0.001 1 -1 39.0986 290 14,13 0.001 -1 0 14,15 0.001 -1 0 13,13 0.001 1 0 29.076 200 ::f,2,0 f,2,13 f,12,12 f,15,3 
95:1,0 0.001 1 0 2,1 0.001 0 -1 0,1 0.001 0 -1 53.1039 335 2,15 0.001 -1 0 0,15 0.001 0 -1 1,14 0.001 0 -1 20.106 200 15,2 0.001 0 1 14,1 0.001 1 0 12,0 0.001 1 0 39.0996 290 14,13 0.001 -1 0 14,15 0.001 -1 0 13,13 0.001 1 0 29.076 200 ::f,2,0 f,2,13 f,12,12 f,15,3 
96:1,0 0.001 1 0 2,1 0.001 0 -1 0,0 0.001 0 -1 61.105 350 1,15 0.001 -1 0 0,14 0.001 0 -1 1,13 0.001 0 -1 20.109 200 15,2 0.001 0 1 14,1 0.001 1 1 13,0 0.001 1 0 42.1007 305 14,13 0.001 -1 0 13,15 0.001 -1 0 13,13 0.001 1 0 29.077 200 ::f,0,2 f,2,13 f,12,12 f,15,3 
97:2,0 0.001 1 0 2,1 0.001 1 -1 0,0 0.001 1 -1 61.106 350 0,15 0.001 -1 0 0,13 0.001 0 -1 1,13 0.001 0 -1 20.111 200 15,2 0.001 0 1 14,1 0.001 0 1 13,0 0.001 1 0 42.1007 305 14,13 0.001 -1 0 13,15 0.001 -1 0 13,13 0.001 1 0 29.077 200 ::f,0,2 f,2,13 f,12,12 f,15,3 
98:3,0 0.001 1 0 2,1 0.001 1 0 0,0 0.001 1 0 61.107 350 0,15 0.001 -1 -1 0,13 0.001 0 -1 1,13 0.001 1 -1 20.111 200 15,2 0.001 0 1 14,2 0.001 0 1 13,0 0.001 1 0 46.1018 320 14,13 0.001 -1 0 12,15 0.001 -1 0 13,13 0.001 1 0 29.078 200 ::f,0,2 f,2,13 f,12,1 f,12,12 
99:3,0 0.001 1 1 2,1 0.001 1 1 1,0 0.001 1 0 61.108 350 0,15 0.001 0 -1 0,12 0.001 0 -1 1,13 0.001 1 0 20.112 200 15,3 0.001 0 1 14,2 0.001 0 1 14,0 0.001 1 0 46.1038 320 14,13 0.001 -1 0 12,15 0.001 -1 -1 13,13 0.001 1 0 29.078 200 ::f,0,2 f,2,13 f,12,1 f,12,12 
100:3,0 0.001 0 1 2,1 0.001 0 1 2,0 0.001 1 0 61.109 350 0,14 0.001 0 -1 0,12 0.001 1 -1 1,13 0.001 1 0 20.113 200 15,3 0.001 -1 1 14,2 0.001 -1 1 14,0 0.001 1 0 46.1038 320 14,13 0.001 -1 0 12,15 0.001 0 -1 13,13 0.001 1 0 29.078 200 ::f,0,2 f,2,13 f,12,1 f,12,12 
101:3,1 0.001 0 1 2,2 0.001 0 1 2,0 0.001 1 0 61.111 350 0,13 0.001 0 -1 0,12 0.001 1 0 1,13 0.001 1 0 20.114 200 15,3 0.001 -1 0 14,2 0.001 -1 0 15,0 0.001 1 0 46.1048 320 14,13 0.001 -1 0 12,14 0.001 0 -1 13,13 0.001 1 0 29.079 200 ::f,0,2 f,2,13 f,12,1 f,12,12 
102:3,1 0.001 0 1 2,2 0.001 0 1 2,0 0.001 1 0 61.111 350 0,13 0.001 0 -1 1,12 0.001 1 0 1,13 0.001 1 0 20.115 200 14,3 0.001 -1 0 13,2 0.001 -1 0 15,0 0.001 1 1 46.1068 320 14,13 0.001 -1 0 12,14 0.001 0 -1 13,13 0.001 1 0 29.079 200 ::f,0,2 f,2,13 f,12,1 f,12,12 
103:3,2 0.001 0 1 2,2 0.001 -1 1 3,0 0.001 1 0 61.113 350 0,12 0.001 0 -1 2,12 0.001 1 0 1,13 0.001 1 0 20.117 200 13,3 0.001 -1 0 13,2 0.001 -1 0 15,0 0.001 0 1 46.1078 320 14,13 0.001 -1 0 12,14 0.001 0 -1 13,13 0.001 1 0 29.079 200 ::f,0,2 f,2,13 f,12,1 f,12,12 
104:3,2 0.001 0 1 2,2 0.001 -1 0 3,0 0.001 1 1 61.113 350 0,12 0.001 1 -1 2,12 0.001 1 0 1,13 0.001 1 0 25.1171 215 13,3 0.001 -1 0 13,2 0.001 -1 -1 15,1 0.001 0 1 46.1088 320 14,13 0.001 -1 0 12,13 0.001 0 -1 13,13 0.001 1 0 29.08 200 ::f,0,2 f,3,13 f,12,1 f,12,12 
105:3,2 0.001 0 1 1,2 0.001 -1 0 3,0 0.001 0 1 61.114 350 0,12 0.001 1 0 3,12 0.001 1 0 1,13 0.001 1 0 25.1181 215 13,3 0.001 -1 0 13,2 0.001 0 -1 15,1 0.001 0 1 46.1088 320 14,13 0.001 -1 0 12,13 0.001 0 -1 13,13 0.001 1 0 37.0801 215 ::f,0,2 f,3,13 f,12,1 f,15,13 
106:3,3 0.001 0 1 1,2 0.001 -1 0 3,1 0.001 0 1 66.1161 365 1,12 0.001 1 0 3,12 0.001 1 1 2,13 0.001 1 0 25.1201 215 12,3 0.001 -1 0 13,1 0.001 0 -1 15,1 0.001 0 1 46.1108 320 14,13 0.001 -1 -1 12,12 0.001 0 -1 13,13 0.001 1 0 37.0811 215 ::f,0,1 f,3,13 f,12,1 f,15,13 
107:3,3 0.001 -1 1 1,2 0.001 -1 -1 3,1 0.001 0 1 66.1161 365 2,12 0.001 1 0 3,12 0.001 0 1 2,13 0.001 1 0 31.1212 230 12,3 0.001 -1 -1 13,1 0.001 0 -1 15,2 0.001 0 1 46.1118 320 14,13 0.001 0 -1 12,12 0.001 1 -1 13,13 0.001 1 0 37.0811 215 ::f,0,1 f,1,15 f,12,1 f,15,13 
108:3,3 0.001 -1 0 1,2 0.001 0 -1 3,2 0.001 0 1 66.1171 365 2,12 0.001 1 0 3,13 0.001 0 1 2,13 0.001 1 1 31.1222 230 12,3 0.001 0 -1 13,1 0.001 1 -1 15,2 0.001 0 1 46.1118 320 14,13 0.001 1 -1 12,12 0.001 1 0 13,13 0.001 1 0 37.0811 215 ::f,0,1 f,1,15 f,12,1 f,15,13 
109:2,3 0.001 -1 0 1,1 0.001 0 -1 3,2 0.001 0 1 66.1191 365 3,12 0.001 1 0 3,13 0.001 0 1 2,13 0.001 0 1 31.1232 230 12,2 0.001 0 -1 13,1 0.001 1 0 15,3 0.001 0 1 46.1138 320 14,13 0.001 1 0 13,12 0.001 1 0 13,13 0.001 1 0 37.0821 215 ::f,0,1 f,1,15 f,12,1 f,15,13 
110:1,3 0.001 -1 0 1,1 0.001 0 -1 3,2 0.001 0 1 66.1201 365 3,12 0.001 1 1 3,14 0.001 0 1 2,14 0.001 0 1 31.1252 230 12,2 0.001 0 -1 14,1 0.001 1 0 15,3 0.001 -1 1 51.1149 335 14,13 0.001 1 1 13,12 0.001 1 0 13,13 0.001 1 0 37.0821 215 ::f,0,1 f,1,15 f,14,0 f,15,13 
111:0,3 0.001 -1 0 1,1 0.001 1 -1 3,3 0.001 0 1 66.1221 365 3,12 0.001 0 1 3,14 0.001 0 1 2,14 0.001 0 1 31.1252 230 12,1 0.001 0 -1 14,1 0.001 1 0 15,3 0.001 -1 0 51.1159 335 14,13 0.001 0 1 13,12 0.001 1 0 13,13 0.001 1 0 37.0821 215 ::f,0,1 f,1,15 f,14,0 f,15,13 
112:0,3 0.001 -1 -1 1,1 0.001 1 0 3,3 0.001 -1 1 66.1221 365 3,13 0.001 0 1 3,14 0.001 0 1 2,14 0.001 -1 1 31.1262 230 12,0 0.001 0 -1 14,1 0.001 1 1 14,3 0.001 -1 0 51.1179 335 14,14 0.001 0 1 14,12 0.001 1 0 14,13 0.001 1 0 37.0851 215 ::f,0,1 f,1,15 f,14,0 f,15,13 
113:0,3 0.001 0 -1 2,1 0.001 1 0 3,3 0.001 -1 0 66.1231 365 3,13 0.001 0 1 3,15 0.001 0 1 2,14 0.001 -1 0 31.1272 230 12,0 0.001 1 -1 14,1 0.001 0 1 14,3 0.001 -1 0 51.1179 335 14,14 0.001 0 1 14,12 0.001 1 0 14,13 0.001 1 0 39.0852 230 ::f,0,1 f,1,15 f,12,13 f,14,0 
114:0,2 0.001 0 -1 2,1 0.001 1 0 2,3 0.001 -1 0 66.1251 365 3,14 0.001 0 1 3,15 0.001 -1 1 1,14 0.001 -1 0 31.1292 230 12,0 0.001 1 0 14,2 0.001 0 1 13,3 0.001 -1 0 51.1199 335 14,14 0.001 -1 1 15,12 0.001 1 0 14,13 0.001 1 1 39.0862 230 ::f,0,1 f,1,15 f,12,13 f,14,0 
115:0,2 0.001 0 -1 2,1 0.001 1 1 2,3 0.001 -1 0 75.1252 380 3,14 0.001 0 1 3,15 0.001 -1 0 1,14 0.001 -1 0 31.1292 230 13,0 0.001 1 0 14,2 0.001 0 1 13,3 0.001 -1 0 51.1209 335 14,14 0.001 -1 0 15,12 0.001 1 1 14,13 0.001 0 1 39.0862 230 ::f,0,0 f,1,15 f,12,13 f,14,0 
116:0,1 0.001 0 -1 2,1 0.001 0 1 2,3 0.001 -1 0 75.1262 380 3,14 0.001 -1 1 2,15 0.001 -1 0 1,14 0.001 -1 -1 31.1302 230 13,0 0.001 1 0 14,2 0.001 -1 1 13,3 0.001 -1 0 57.121 350 13,14 0.001 -1 0 15,12 0.001 0 1 14,14 0.001 0 1 39.0882 230 ::f,0,0 f,1,15 f,12,13 f,15,2 
117:0,1 0.001 0 -1 2,2 0.001 0 1 2,3 0.001 -1 0 91.1274 410 3,14 0.001 -1 0 2,15 0.001 -1 0 1,14 0.001 0 -1 36.1303 245 14,0 0.001 1 0 14,2 0.001 -1 0 12,3 0.001 -1 0 57.123 350 13,14 0.001 -1 0 15,13 0.001 0 1 14,14 0.001 0 1 39.0892 230 ::f,2,1 f,2,12 f,12,13 f,15,2 
118:0,0 0.001 0 -1 2,2 0.001 -1 1 1,3 0.001 -1 0 91.1294 410 2,14 0.001 -1 0 1,15 0.001 -1 0 1,13 0.001 0 -1 36.1333 245 15,0 0.001 1 0 13,2 0.001 -1 0 12,3 0.001 -1 -1 57.125 350 13,14 0.001 -1 -1 15,14 0.001 0 1 14,14 0.001 -1 1 39.0902 230 ::f,2,1 f,2,12 f,12,13 f,15,2 
119:0,0 0.001 1 -1 2,2 0.001 -1 0 1,3 0.001 -1 0 91.1294 410 1,14 0.001 -1 0 1,15 0.001 -1 0 1,13 0.001 0 -1 36.1343 245 15,0 0.001 1 1 13,2 0.001 -1 0 12,3 0.001 0 -1 57.125 350 13,14 0.001 0 -1 15,14 0.001 0 1 14,14 0.001 -1 0 39.0902 230 ::f,2,1 f,2,12 f,12,13 f,15,2 
120:0,0 0.001 1 0 1,2 0.001 -1 0 1,3 0.001 -1 0 91.1304 410 1,14 0.001 -1 0 1,15 0.001 -1 0 1,13 0.001 1 -1 36.1343 245 15,0 0.001 0 1 13,2 0.001 -1 -1 12,2 0.001 0 -1 57.126 350 13,13 0.001 0 -1 15,14 0.001 0 1 13,14 0.001 -1 0 39.0922 230 ::f,2,1 f,2,12 f,12,13 f,15,2 
121:1,0 0.001 1 0 1,2 0.001 -1 0 0,3 0.001 -1 0 91.1324 410 1,14 0.001 -1 0 0,15 0.001 -1 0 1,13 0.001 1 0 36.1353 245 15,1 0.001 0 1 13,2 0.001 0 -1 12,2 0.001 0 -1 57.127 350 13,13 0.001 0 -1 15,15 0.001 0 1 13,14 0.001 -1 0 39.0932 230 ::f,2,1 f,2,12 f,12,13 f,15,2 
122:2,0 0.001 1 0 1,2 0.001 -1 -1 0,3 0.001 -1 -1 91.1334 410 0,14 0.001 -1 0 0,15 0.001 -1 -1 2,13 0.001 1 0 36.1373 245 15,1 0.001 0 1 13,1 0.001 0 -1 12,1 0.001 0 -1 64.1291 365 13,13 0.001 1 -1 15,15 0.001 -1 1 13,14 0.001 -1 -1 39.0932 230 ::f,2,1 f,2,12 f,12,0 f,12,13 
123:2,0 0.001 1 0 1,2 0.001 0 -1 0,3 0.001 0 -1 91.1334 410 0,14 0.001 -1 -1 0,15 0.001 0 -1 2,13 0.001 1 0 36.1373 245 15,2 0.001 0 1 13,1 0.001 0 -1 12,1 0.001 0 -1 71.1302 380 13,13 0.001 1 0 15,15 0.001 -1 0 13,14 0.001 0 -1 39.0932 230 ::f,2,1 f,2,12 f,12,13 f,13,3 
124:3,0 0.001 1 0 1,1 0.001 0 -1 0,2 0.001 0 -1 91.1364 410 0,14 0.001 0 -1 0,15 0.001 1 -1 2,13 0.001 1 1 36.1373 245 15,3 0.001 0 1 13,1 0.001 1 -1 12,0 0.001 0 -1 71.1322 380 14,13 0.001 1 0 14,15 0.001 -1 0 13,13 0.001 0 -1 39.0962 230 ::f,2,1 f,2,12 f,12,13 f,13,3 
125:3,0 0.001 1 1 1,1 0.001 0 -1 0,2 0.001 0 -1 91.1364 410 0,13 0.001 0 -1 1,14 0.001 1 -1 2,13 0.001 0 1 36.1393 245 15,3 0.001 -1 1 13,1 0.001 1 0 12,0 0.001 1 -1 71.1322 380 14,13 0.001 1 0 14,15 0.001 -1 0 13,13 0.001 0 -1 39.0962 230 ::f,2,1 f,2,12 f,12,13 f,13,3 
126:3,0 0.001 0 1 1,1 0.001 1 -1 0,1 0.001 0 -1 91.1374 410 0,12 0.001 0 -1 1,14 0.001 1 -1 2,14 0.001 0 1 36.1413 245 15,3 0.001 -1 0 14,1 0.001 1 0 12,0 0.001 1 0 71.1332 380 14,13 0.001 1 1 13,15 0.001 -1 0 13,13 0.001 1 -1 39.0972 230 ::f,2,1 f,2,12 f,12,13 f,13,3 
127:3,1 0.001 0 1 1,1 0.001 1 0 0,0 0.001 0 -1 91.1394 410 0,12 0.001 1 -1 2,13 0.001 1 -1 2,14 0.001 0 1 36.1423 245 14,3 0.001 -1 0 14,1 0.001 1 0 13,0 0.001 1 0 71.1352 380 14,13 0.001 0 1 12,15 0.001 -1 0 13,13 0.001 1 0 39.0982 230 ::f,2,1 f,2,12 f,12,13 f,13,3 
128:3,2 0.001 0 1 1,1 0.001 1 0 0,0 0.001 1 -1 91.1404 410 0,12 0.001 1 0 2,13 0.001 1 -1 2,14 0.001 -1 1 36.1423 245 14,3 0.001 -1 0 14,1 0.001 1 1 14,0 0.001 1 0 79.1363 395 14,14 0.001 0 1 12,15 0.001 -1 -1 14,13 0.001 1 0 39.1002 230 ::f,2,1 f,2,12 f,12,0 f,12,13 
129:3,2 0.001 0 1 1,1 0.001 1 0 0,0 0.001 1 0 91.1404 410 1,12 0.001 1 0 2,13 0.001 1 -1 2,14 0.001 -1 0 36.1433 245 13,3 0.001 -1 0 14,1 0.001 0 1 14,0 0.001 1 0 79.1373 395 14,14 0.001 0 1 12,15 0.001 0 -1 14,13 0.001 1 0 39.1002 230 ::f,2,1 f,2,12 f,12,0 f,12,13 
130:3,3 0.001 0 1 1,1 0.001 1 0 1,0 0.001 1 0 97.1425 425 1,12 0.001 1 0 3,12 0.001 1 -1 1,14 0.001 -1 0 36.1454 260 12,3 0.001 -1 0 14,2 0.001 0 1 14,0 0.001 1 0 79.1393 395 14,14 0.001 -1 1 12,14 0.001 0 -1 14,13 0.001 1 1 39.1012 230 ::f,1,2 f,3,14 f,12,0 f,12,13 
131:3,3 0.001 -1 1 2,1 0.001 1 0 1,0 0.001 1 0 97.1435 425 2,12 0.001 1 0 3,12 0.001 1 0 1,14 0.001 -1 0 36.1464 260 12,3 0.001 -1 -1 14,2 0.001 0 1 15,0 0.001 1 0 79.1403 395 14,14 0.001 -1 0 12,14 0.001 0 -1 14,13 0.001 0 1 48.1013 245 ::f,1,2 f,3,14 f,12,0 f,15,14 
132:3,3 0.001 -1 0 2,1 0.001 1 0 1,0 0.001 1 0 97.1435 425 2,12 0.001 1 0 3,12 0.001 1 1 1,14 0.001 -1 -1 36.1464 260 12,3 0.001 0 -1 14,2 0.001 -1 1 15,0 0.001 1 1 79.1403 395 13,14 0.001 -1 0 12,13 0.001 0 -1 14,14 0.001 0 1 48.1043 245 ::f,1,2 f,3,14 f,12,0 f,15,14 
133:2,3 0.001 -1 0 2,1 0.001 1 1 2,0 0.001 1 0 97.1455 425 2,12 0.001 1 1 3,12 0.001 0 1 1,14 0.001 0 -1 36.1464 260 12,2 0.001 0 -1 14,2 0.001 -1 0 15,0 0.001 0 1 79.1413 395 13,14 0.001 -1 -1 12,13 0.001 0 -1 14,14 0.001 0 1 48.1043 245 ::f,1,2 f,3,14 f,12,0 f,15,14 
134:2,3 0.001 -1 0 2,1 0.001 0 1 3,0 0.001 1 0 97.1465 425 3,13 0.001 1 1 3,12 0.001 -1 1 1,13 0.001 0 -1 36.1484 260 12,1 0.001 0 -1 13,2 0.001 -1 0 15,1 0.001 0 1 79.1443 395 13,14 0.001 0 -1 12,12 0.001 0 -1 14,14 0.001 -1 1 48.1053 245 ::f,1,2 f,3,14 f,12,0 f,15,14 
135:2,3 0.001 -1 0 2,1 0.001 -1 1 3,0 0.001 1 1 97.1465 425 3,13 0.001 0 1 2,13 0.001 -1 1 1,13 0.001 0 -1 36.1494 260 12,1 0.001 0 -1 13,2 0.001 -1 0 15,1 0.001 0 1 88.1444 410 13,13 0.001 0 -1 12,12 0.001 1 -1 14,14 0.001 -1 0 48.1063 245 ::f,1,2 f,3,14 f,14,3 f,15,14 
136:2,3 0.001 -1 0 2,1 0.001 -1 1 3,0 0.001 0 1 97.1465 425 3,13 0.001 0 1 2,13 0.001 -1 1 1,13 0.001 1 -1 36.1494 260 12,0 0.001 0 -1 13,2 0.001 -1 -1 15,2 0.001 0 1 88.1464 410 13,13 0.001 0 -1 12,12 0.001 1 0 13,14 0.001 -1 0 48.1073 245 ::f,1,2 f,3,14 f,14,3 f,15,14 
137:2,3 0.001 -1 0 2,1 0.001 -1 1 3,1 0.001 0 1 97.1475 425 3,13 0.001 0 1 2,13 0.001 -1 1 1,13 0.001 1 0 37.1495 275 12,0 0.001 1 -1 13,2 0.001 0 -1 15,3 0.001 0 1 88.1474 410 13,13 0.001 1 -1 13,12 0.001 1 0 13,14 0.001 -1 0 48.1083 245 ::f,1,2 f,3,14 f,14,3 f,15,14 
138:1,3 0.001 -1 0 2,1 0.001 -1 1 3,1 0.001 0 1 97.1485 425 3,13 0.001 0 1 1,14 0.001 -1 1 1,13 0.001 1 1 39.1506 290 12,0 0.001 1 0 13,1 0.001 0 -1 15,3 0.001 -1 1 88.1484 410 13,13 0.001 1 0 14,12 0.001 1 0 13,14 0.001 -1 -1 48.1093 245 ::f,1,2 f,2,15 f,14,3 f,15,14 
139:0,3 0.001 -1 0 2,1 0.001 -1 1 3,1 0.001 0 1 104.15 440 3,14 0.001 0 1 1,14 0.001 -1 1 2,14 0.001 1 1 39.1526 290 13,0 0.001 1 0 13,1 0.001 0 -1 15,3 0.001 -1 0 88.1494 410 14,13 0.001 1 0 14,12 0.001 1 0 13,14 0.001 0 -1 48.1103 245 ::f,1,1 f,2,15 f,14,3 f,15,14 
140:0,3 0.001 -1 -1 1,2 0.001 -1 1 3,2 0.001 0 1 104.152 440 3,14 0.001 0 1 0,15 0.001 -1 1 2,14 0.001 1 1 39.1536 290 13,0 0.001 1 0 13,1 0.001 1 -1 15,3 0.001 -1 0 88.1494 410 14,13 0.001 1 0 14,12 0.001 1 0 13,13 0.001 0 -1 48.1113 245 ::f,1,1 f,2,15 f,14,3 f,15,14 
141:0,3 0.001 0 -1 1,2 0.001 -1 0 3,2 0.001 0 1 104.152 440 3,15 0.001 0 1 0,15 0.001 -1 0 2,14 0.001 0 1 39.1546 290 14,0 0.001 1 0 13,1 0.001 1 0 15,3 0.001 -1 0 96.1505 425 14,13 0.001 1 1 15,12 0.001 1 0 13,13 0.001 0 -1 48.1123 245 ::f,1,1 f,2,15 f,14,2 f,15,14 
142:0,2 0.001 0 -1 1,2 0.001 -1 -1 3,3 0.001 0 1 104.154 440 3,15 0.001 -1 1 0,15 0.001 -1 -1 2,14 0.001 -1 1 39.1546 290 14,0 0.001 1 0 14,1 0.001 1 0 14,3 0.001 -1 0 96.1525 425 14,13 0.001 0 1 15,12 0.001 1 1 13,13 0.001 1 -1 48.1123 245 ::f,1,1 f,2,15 f,14,2 f,15,14 
143:0,1 0.001 0 -1 1,2 0.001 0 -1 3,3 0.001 -1 1 104.155 440 3,15 0.001 -1 0 0,15 0.001 0 -1 2,14 0.001 -1 0 39.1546 290 15,0 0.001 1 0 14,1 0.001 1 0 13,3 0.001 -1 0 96.1545 425 14,14 0.001 0 1 15,12 0.001 0 1 13,13 0.001 1 0 48.1133 245 ::f,1,1 f,2,15 f,14,2 f,15,14 
144:0,1 0.001 0 -1 1,2 0.001 0 -1 3,3 0.001 -1 0 104.155 440 3,15 0.001 -1 0 0,14 0.001 0 -1 1,14 0.001 -1 0 39.1566 290 15,0 0.001 1 1 14,1 0.001 1 1 13,3 0.001 -1 0 96.1545 425 14,14 0.001 0 1 15,13 0.001 0 1 13,13 0.001 1 1 48.1143 245 ::f,1,1 f,2,15 f,14,2 f,15,14 
145:0,0 0.001 0 -1 1,2 0.001 0 -1 2,3 0.001 -1 0 104.157 440 3,15 0.001 -1 0 0,13 0.001 0 -1 1,14 0.001 -1 0 39.1576 290 15,0 0.001 0 1 14,1 0.001 0 1 13,3 0.001 -1 0 96.1545 425 14,14 0.001 -1 1 15,13 0.001 0 1 13,13 0.001 1 1 58.1144 260 ::f,1,1 f,2,15 f,14,2 f,14,15 
146:0,0 0.001 1 -1 1,2 0.001 0 -1 2,3 0.001 -1 0 112.157 455 3,15 0.001 -1 0 0,13 0.001 0 -1 1,14 0.001 -1 -1 42.1577 305 15,1 0.001 0 1 14,1 0.001 0 1 12,3 0.001 -1 0 96.1565 425 14,14 0.001 -1 0 15,14 0.001 0 1 13,13 0.001 1 1 58.1154 260 ::f,0,3 f,3,12 f,14,2 f,14,15 
147:0,0 0.001 1 0 1,1 0.001 0 -1 1,3 0.001 -1 0 112.159 455 2,15 0.001 -1 0 0,13 0.001 0 -1 1,14 0.001 0 -1 42.1587 305 15,2 0.001 0 1 14,1 0.001 0 1 12,3 0.001 -1 -1 96.1575 425 13,14 0.001 -1 0 15,14 0.001 0 1 13,13 0.001 1 1 58.1164 260 ::f,0,3 f,3,12 f,14,2 f,14,15 
148:1,0 0.001 1 0 1,1 0.001 0 -1 1,3 0.001 -1 0 119.16 470 2,15 0.001 -1 0 0,12 0.001 0 -1 1,13 0.001 0 -1 42.1607 305 15,3 0.001 0 1 14,1 0.001 0 1 12,3 0.001 0 -1 96.1585 425 13,14 0.001 -1 0 15,14 0.001 0 1 14,14 0.001 1 1 58.1174 260 ::f,0,3 f,3,12 f,14,2 f,14,15 
149:1,0 0.001 1 0 1,1 0.001 1 -1 1,3 0.001 -1 0 119.16 470 2,15 0.001 -1 0 0,12 0.001 1 -1 1,13 0.001 0 -1 42.1607 305 15,3 0.001 -1 1 14,1 0.001 0 1 12,2 0.001 0 -1 102.16 440 13,14 0.001 -1 -1 15,14 0.001 0 1 14,14 0.001 1 1 58.1174 260 ::f,0,3 f,3,12 f,12,1 f,14,15 
150:1,0 0.001 1 0 1,1 0.001 1 0 1,3 0.001 -1 0 127.16 485 2,15 0.001 -1 0 0,12 0.001 1 0 1,13 0.001 1 -1 42.1607 305 15,3 0.001 -1 0 14,1 0.001 0 1 12,2 0.001 0 -1 111.16 455 13,14 0.001 0 -1 15,15 0.001 0 1 14,14 0.001 0 1 58.1184 260 ::f,2,3 f,3,12 f,13,0 f,14,15 
151:2,0 0.001 1 0 2,1 0.001 1 0 0,3 0.001 -1 0 127.163 485 1,15 0.001 -1 0 1,12 0.001 1 0 1,13 0.001 1 0 42.1627 305 14,3 0.001 -1 0 14,1 0.001 0 1 12,1 0.001 0 -1 111.162 455 13,13 0.001 0 -1 15,15 0.001 -1 1 14,14 0.001 -1 1 58.1194 260 ::f,2,3 f,3,12 f,13,0 f,14,15 
152:2,0 0.001 1 0 2,1 0.001 1 0 0,3 0.001 -1 -1 127.163 485 0,15 0.001 -1 0 1,12 0.001 1 0 2,13 0.001 1 0 42.1647 305 14,3 0.001 -1 0 14,1 0.001 0 1 12,0 0.001 0 -1 111.163 455 13,13 0.001 0 -1 15,15 0.001 -1 0 14,14 0.001 -1 0 58.1194 260 ::f,2,3 f,3,12 f,13,0 f,14,15 
153:3,0 0.001 1 0 2,1 0.001 1 1 0,3 0.001 0 -1 127.164 485 0,15 0.001 -1 -1 2,12 0.001 1 0 2,13 0.001 1 0 42.1657 305 13,3 0.001 -1 0 14,2 0.001 0 1 12,0 0.001 1 -1 111.165 455 13,13 0.001 1 -1 15,15 0.001 -1 0 13,14 0.001 -1 0 58.1204 260 ::f,2,3 f,3,12 f,13,0 f,14,15 
154:3,0 0.001 1 1 2,1 0.001 0 1 0,2 0.001 0 -1 127.165 485 0,15 0.001 0 -1 2,12 0.001 1 0 2,13 0.001 1 1 48.1658 320 13,3 0.001 -1 0 14,2 0.001 0 1 12,0 0.001 1 0 111.165 455 13,13 0.001 1 0 15,15 0.001 -1 0 13,14 0.001 -1 0 58.1204 260 ::f,1,12 f,2,3 f,13,0 f,14,15 
155:3,0 0.001 0 1 2,2 0.001 0 1 0,1 0.001 0 -1 127.167 485 0,14 0.001 0 -1 3,12 0.001 1 0 2,13 0.001 0 1 48.1678 320 13,3 0.001 -1 0 14,2 0.001 -1 1 12,0 0.001 1 0 111.165 455 14,13 0.001 1 0 15,15 0.001 -1 0 13,14 0.001 -1 -1 68.1215 275 ::f,1,12 f,2,3 f,12,14 f,13,0 
156:3,1 0.001 0 1 2,2 0.001 0 1 0,0 0.001 0 -1 136.169 500 0,13 0.001 0 -1 3,12 0.001 1 1 2,14 0.001 0 1 48.1698 320 12,3 0.001 -1 0 14,2 0.001 -1 0 12,0 0.001 1 0 111.166 455 14,13 0.001 1 0 14,15 0.001 -1 0 13,14 0.001 0 -1 68.1225 275 ::f,1,3 f,1,12 f,12,14 f,13,0 
157:3,1 0.001 0 1 2,2 0.001 -1 1 0,0 0.001 1 -1 136.169 500 0,12 0.001 0 -1 3,12 0.001 0 1 2,14 0.001 0 1 48.1708 320 12,3 0.001 -1 -1 13,2 0.001 -1 0 12,0 0.001 1 0 121.167 470 14,13 0.001 1 1 14,15 0.001 -1 0 13,13 0.001 0 -1 68.1235 275 ::f,1,3 f,1,12 f,12,14 f,15,0 
158:3,2 0.001 0 1 2,2 0.001 -1 0 0,0 0.001 1 0 136.17 500 0,12 0.001 1 -1 3,13 0.001 0 1 2,14 0.001 -1 1 48.1718 320 12,3 0.001 0 -1 13,2 0.001 -1 0 13,0 0.001 1 0 121.168 470 14,13 0.001 0 1 13,15 0.001 -1 0 13,13 0.001 0 -1 68.1245 275 ::f,1,3 f,1,12 f,12,14 f,15,0 
159:3,3 0.001 0 1 1,2 0.001 -1 0 1,0 0.001 1 0 136.173 500 0,12 0.001 1 0 3,14 0.001 0 1 2,14 0.001 -1 0 48.1728 320 12,2 0.001 0 -1 13,2 0.001 -1 -1 13,0 0.001 1 0 121.169 470 14,14 0.001 0 1 13,15 0.001 -1 0 13,13 0.001 1 -1 68.1255 275 ::f,1,3 f,1,12 f,12,14 f,15,0 
160:3,3 0.001 -1 1 1,2 0.001 -1 0 1,0 0.001 1 0 136.173 500 0,12 0.001 1 0 3,14 0.001 0 1 1,14 0.001 -1 0 48.1738 320 12,2 0.001 0 -1 13,2 0.001 0 -1 14,0 0.001 1 0 121.17 470 14,14 0.001 0 1 12,15 0.001 -1 0 13,13 0.001 1 0 68.1265 275 ::f,1,3 f,1,12 f,12,14 f,15,0 
161:3,3 0.001 -1 0 1,2 0.001 -1 -1 1,0 0.001 1 0 136.173 500 0,12 0.001 1 0 3,14 0.001 0 1 1,14 0.001 -1 0 48.1738 320 12,1 0.001 0 -1 13,1 0.001 0 -1 14,0 0.001 1 0 131.172 485 14,14 0.001 -1 1 12,15 0.001 -1 -1 14,13 0.001 1 0 68.1275 275 ::f,1,3 f,1,12 f,12,3 f,12,14 
162:2,3 0.001 -1 0 1,2 0.001 0 -1 2,0 0.001 1 0 136.175 500 0,12 0.001 1 0 3,15 0.001 0 1 1,14 0.001 -1 -1 48.1748 320 12,0 0.001 0 -1 13,1 0.001 0 -1 15,0 0.001 1 0 131.174 485 14,14 0.001 -1 0 12,15 0.001 0 -1 14,13 0.001 1 0 68.1275 275 ::f,1,3 f,1,12 f,12,3 f,12,14 
163:2,3 0.001 -1 0 1,1 0.001 0 -1 2,0 0.001 1 0 155.176 530 0,12 0.001 1 0 3,15 0.001 -1 1 1,14 0.001 0 -1 52.1749 335 12,0 0.001 1 -1 13,1 0.001 1 -1 15,0 0.001 1 1 131.174 485 13,14 0.001 -1 0 12,15 0.001 0 -1 14,13 0.001 1 1 68.1285 275 ::f,1,2 f,1,15 f,12,3 f,12,14 
164:1,3 0.001 -1 0 1,1 0.001 0 -1 3,0 0.001 1 0 155.178 530 1,12 0.001 1 0 3,15 0.001 -1 0 1,14 0.001 1 -1 52.1759 335 12,0 0.001 1 0 13,1 0.001 1 0 15,0 0.001 0 1 131.174 485 13,14 0.001 -1 0 12,14 0.001 0 -1 14,13 0.001 0 1 68.1296 290 ::f,1,2 f,1,15 f,12,3 f,12,13 
165:0,3 0.001 -1 0 1,1 0.001 1 -1 3,0 0.001 1 1 155.179 530 1,12 0.001 1 0 2,15 0.001 -1 0 2,13 0.001 1 -1 52.1779 335 13,0 0.001 1 0 14,1 0.001 1 0 15,1 0.001 0 1 131.177 485 13,14 0.001 -1 -1 12,14 0.001 0 -1 14,14 0.001 0 1 78.1307 305 ::f,1,2 f,1,15 f,12,3 f,14,12 
166:0,3 0.001 -1 -1 1,1 0.001 1 0 3,0 0.001 0 1 155.179 530 2,12 0.001 1 0 2,15 0.001 -1 0 2,13 0.001 1 -1 59.179 350 13,0 0.001 1 0 14,1 0.001 1 0 15,2 0.001 0 1 131.178 485 13,14 0.001 0 -1 12,13 0.001 0 -1 14,14 0.001 0 1 78.1317 305 ::f,0,12 f,1,2 f,12,3 f,14,12 
167:0,3 0.001 0 -1 2,1 0.001 1 0 3,1 0.001 0 1 155.181 530 3,12 0.001 1 0 1,15 0.001 -1 0 2,13 0.001 1 0 59.181 350 13,0 0.001 1 0 14,1 0.001 1 1 15,2 0.001 0 1 131.178 485 13,13 0.001 0 -1 12,12 0.001 0 -1 14,14 0.001 -1 1 78.1337 305 ::f,0,12 f,1,2 f,12,3 f,14,12 
168:0,2 0.001 0 -1 2,1 0.001 1 0 3,2 0.001 0 1 155.183 530 3,12 0.001 1 1 0,15 0.001 -1 0 2,13 0.001 1 1 59.182 350 14,0 0.001 1 0 14,1 0.001 0 1 15,2 0.001 0 1 131.179 485 13,13 0.001 0 -1 12,12 0.001 1 -1 14,14 0.001 -1 0 78.1337 305 ::f,0,12 f,1,2 f,12,3 f,14,12 
169:0,1 0.001 0 -1 2,1 0.001 1 1 3,3 0.001 0 1 155.185 530 3,12 0.001 0 1 0,15 0.001 -1 -1 2,13 0.001 0 1 59.182 350 14,0 0.001 1 0 14,2 0.001 0 1 15,2 0.001 0 1 131.18 485 13,13 0.001 1 -1 12,12 0.001 1 0 13,14 0.001 -1 0 78.1347 305 ::f,0,12 f,1,2 f,12,3 f,14,12 
170:0,0 0.001 0 -1 2,1 0.001 0 1 3,3 0.001 -1 1 155.186 530 3,13 0.001 0 1 0,15 0.001 0 -1 2,14 0.001 0 1 59.184 350 15,0 0.001 1 0 14,2 0.001 0 1 15,3 0.001 0 1 131.182 485 13,13 0.001 1 0 13,12 0.001 1 0 13,14 0.001 -1 0 78.1357 305 ::f,0,12 f,1,2 f,12,3 f,14,12 
171:0,0 0.001 1 -1 2,2 0.001 0 1 3,3 0.001 -1 0 155.187 530 3,13 0.001 0 1 0,14 0.001 0 -1 2,14 0.001 0 1 59.185 350 15,0 0.001 1 1 14,2 0.001 -1 1 15,3 0.001 -1 1 131.182 485 14,13 0.001 1 0 13,12 0.001 1 0 13,14 0.001 -1 -1 88.1368 320 ::f,0,12 f,1,2 f,12,3 f,15,15 
172:0,0 0.001 1 0 2,2 0.001 0 1 2,3 0.001 -1 0 155.188 530 3,14 0.001 0 1 0,14 0.001 0 -1 2,14 0.001 -1 1 59.186 350 15,0 0.001 0 1 14,2 0.001 -1 0 15,3 0.001 -1 0 131.182 485 14,13 0.001 1 0 14,12 0.001 1 0 13,14 0.001 0 -1 88.1378 320 ::f,0,12 f,1,2 f,12,3 f,15,15 
173:1,0 0.001 1 0 2,2 0.001 -1 1 2,3 0.001 -1 0 155.189 530 3,15 0.001 0 1 0,14 0.001 0 -1 2,14 0.001 -1 0 59.187 350 15,1 0.001 0 1 13,2 0.001 -1 0 14,3 0.001 -1 0 131.185 485 14,13 0.001 1 1 14,12 0.001 1 0 13,13 0.001 0 -1 88.1388 320 ::f,0,12 f,1,2 f,12,3 f,15,15 
174:2,0 0.001 1 0 2,2 0.001 -1 0 1,3 0.001 -1 0 155.191 530 3,15 0.001 -1 1 0,14 0.001 0 -1 2,14 0.001 -1 -1 59.187 350 15,2 0.001 0 1 13,2 0.001 -1 0 13,3 0.001 -1 0 131.187 485 14,13 0.001 0 1 15,12 0.001 1 0 13,13 0.001 0 -1 88.1398 320 ::f,0,12 f,1,2 f,12,3 f,15,15 
175:2,0 0.001 1 0 2,2 0.001 -1 0 1,3 0.001 -1 0 155.191 530 3,15 0.001 -1 0 0,13 0.001 0 -1 1,13 0.001 -1 -1 59.189 350 15,2 0.001 0 1 13,2 0.001 -1 -1 13,3 0.001 -1 0 141.187 500 14,14 0.001 0 1 15,12 0.001 1 1 13,13 0.001 1 -1 88.1408 320 ::f,0,12 f,1,2 f,14,2 f,15,15 
176:3,0 0.001 1 0 2,2 0.001 -1 0 1,3 0.001 -1 0 155.192 530 2,15 0.001 -1 0 0,13 0.001 0 -1 1,13 0.001 -1 -1 67.1901 365 15,3 0.001 0 1 13,2 0.001 0 -1 12,3 0.001 -1 0 141.189 500 14,14 0.001 0 1 15,12 0.001 0 1 13,13 0.001 1 0 88.1408 320 ::f,0,14 f,1,2 f,14,2 f,15,15 
177:3,0 0.001 1 1 2,2 0.001 -1 0 1,3 0.001 -1 0 165.192 545 1,15 0.001 -1 0 0,12 0.001 0 -1 1,13 0.001 0 -1 67.1921 365 15,3 0.001 -1 1 13,1 0.001 0 -1 12,3 0.001 -1 -1 141.19 500 14,14 0.001 -1 1 15,13 0.001 0 1 13,13 0.001 1 1 88.1418 320 ::f,0,14 f,1,0 f,14,2 f,15,15 
178:3,0 0.001 0 1 2,2 0.001 -1 0 0,3 0.001 -1 0 165.193 545 1,15 0.001 -1 0 0,12 0.001 1 -1 1,13 0.001 1 -1 67.1921 365 15,3 0.001 -1 0 13,1 0.001 0 -1 12,3 0.001 0 -1 141.19 500 14,14 0.001 -1 0 15,13 0.001 0 1 13,13 0.001 1 1 88.1418 320 ::f,0,14 f,1,0 f,14,2 f,15,15 
179:3,1 0.001 0 1 2,2 0.001 -1 0 0,3 0.001 -1 -1 165.194 545 0,15 0.001 -1 0 0,12 0.001 1 0 1,13 0.001 1 0 67.1931 365 14,3 0.001 -1 0 13,1 0.001 1 -1 12,2 0.001 0 -1 141.192 500 13,14 0.001 -1 0 15,13 0.001 0 1 14,14 0.001 1 1 88.1438 320 ::f,0,14 f,1,0 f,14,2 f,15,15 
180:3,2 0.001 0 1 2,2 0.001 -1 0 0,3 0.001 0 -1 165.195 545 0,15 0.001 -1 -1 1,12 0.001 1 0 2,13 0.001 1 0 67.1951 365 13,3 0.001 -1 0 13,1 0.001 1 0 12,2 0.001 0 -1 141.193 500 13,14 0.001 -1 0 15,14 0.001 0 1 14,14 0.001 1 1 91.1449 335 ::f,0,14 f,1,0 f,12,15 f,14,2 
181:3,2 0.001 0 1 1,2 0.001 -1 0 0,2 0.001 0 -1 165.197 545 0,15 0.001 0 -1 1,12 0.001 1 0 2,13 0.001 1 0 67.1951 365 13,3 0.001 -1 0 14,1 0.001 1 0 12,2 0.001 0 -1 141.194 500 13,14 0.001 -1 -1 15,14 0.001 0 1 14,14 0.001 0 1 91.1449 335 ::f,0,14 f,1,0 f,12,15 f,14,2 
182:3,3 0.001 0 1 1,2 0.001 -1 0 0,2 0.001 0 -1 165.198 545 0,15 0.001 0 -1 2,12 0.001 1 0 2,13 0.001 1 1 67.1961 365 12,3 0.001 -1 0 14,1 0.001 1 0 12,1 0.001 0 -1 141.196 500 13,14 0.001 0 -1 15,15 0.001 0 1 14,14 0.001 -1 1 91.1459 335 ::f,0,14 f,1,0 f,12,15 f,14,2 
183:3,3 0.001 -1 1 1,2 0.001 -1 -1 0,1 0.001 0 -1 165.199 545 0,15 0.001 0 -1 2,12 0.001 1 0 2,13 0.001 0 1 72.1962 380 12,3 0.001 -1 -1 14,1 0.001 1 1 12,1 0.001 0 -1 141.196 500 13,13 0.001 0 -1 15,15 0.001 -1 1 14,14 0.001 -1 0 91.1469 335 ::f,1,0 f,2,14 f,12,15 f,14,2 
184:3,3 0.001 -1 0 1,2 0.001 0 -1 0,0 0.001 0 -1 165.2 545 0,14 0.001 0 -1 3,12 0.001 1 0 2,13 0.001 0 1 72.1982 380 12,3 0.001 0 -1 14,1 0.001 0 1 12,0 0.001 0 -1 141.197 500 13,13 0.001 0 -1 15,15 0.001 -1 0 13,14 0.001 -1 0 91.1479 335 ::f,1,0 f,2,14 f,12,15 f,14,2 
185:2,3 0.001 -1 0 1,1 0.001 0 -1 0,0 0.001 1 -1 165.202 545 0,14 0.001 0 -1 3,12 0.001 1 1 2,13 0.001 0 1 79.1983 395 12,2 0.001 0 -1 14,1 0.001 0 1 12,0 0.001 1 -1 141.198 500 13,13 0.001 1 -1 14,15 0.001 -1 0 13,14 0.001 -1 0 91.1489 335 ::f,0,12 f,1,0 f,12,15 f,14,2 
186:2,3 0.001 -1 0 1,1 0.001 0 -1 0,0 0.001 1 0 175.202 560 0,14 0.001 0 -1 3,12 0.001 0 1 2,14 0.001 0 1 79.1993 395 12,1 0.001 0 -1 14,1 0.001 0 1 12,0 0.001 1 0 141.199 500 13,13 0.001 1 0 14,15 0.001 -1 0 13,14 0.001 -1 -1 91.1489 335 ::f,0,12 f,3,3 f,12,15 f,14,2 
187:1,3 0.001 -1 0 1,1 0.001 1 -1 1,0 0.001 1 0 175.204 560 0,14 0.001 0 -1 3,13 0.001 0 1 2,14 0.001 0 1 79.2003 395 12,1 0.001 0 -1 14,1 0.001 0 1 12,0 0.001 1 0 148.199 515 14,13 0.001 1 0 14,15 0.001 -1 0 13,14 0.001 0 -1 91.1499 335 ::f,0,12 f,3,3 f,12,15 f,13,0 
188:0,3 0.001 -1 0 1,1 0.001 1 0 2,0 0.001 1 0 175.206 560 0,13 0.001 0 -1 3,13 0.001 0 1 2,14 0.001 -1 1 79.2013 395 12,1 0.001 1 -1 14,1 0.001 0 1 12,0 0.001 1 0 158.199 530 14,13 0.001 1 0 13,15 0.001 -1 0 13,13 0.001 0 -1 91.1519 335 ::f,0,12 f,3,3 f,12,15 f,13,2 
189:0,3 0.001 -1 -1 2,1 0.001 1 0 3,0 0.001 1 0 175.208 560 0,13 0.001 0 -1 3,13 0.001 0 1 2,14 0.001 -1 0 85.2014 410 13,0 0.001 1 -1 14,2 0.001 0 1 12,0 0.001 1 0 158.201 530 14,13 0.001 1 1 13,15 0.001 -1 0 13,13 0.001 0 -1 101.152 350 ::f,0,15 f,3,3 f,13,2 f,14,15 
190:0,3 0.001 0 -1 2,1 0.001 1 0 3,0 0.001 1 1 175.208 560 0,12 0.001 0 -1 3,14 0.001 0 1 1,14 0.001 -1 0 85.2044 410 13,0 0.001 1 0 14,2 0.001 0 1 12,0 0.001 1 1 158.201 530 14,13 0.001 0 1 12,15 0.001 -1 0 13,13 0.001 1 -1 101.153 350 ::f,0,15 f,3,3 f,13,2 f,14,15 
191:0,2 0.001 0 -1 2,1 0.001 1 1 3,0 0.001 0 1 175.209 560 0,12 0.001 1 -1 3,15 0.001 0 1 1,14 0.001 -1 0 85.2054 410 14,0 0.001 1 0 14,2 0.001 -1 1 13,1 0.001 1 1 158.203 530 14,14 0.001 0 1 12,15 0.001 -1 -1 13,13 0.001 1 0 101.154 350 ::f,0,15 f,3,3 f,13,2 f,14,15 
192:0,2 0.001 0 -1 2,1 0.001 0 1 3,1 0.001 0 1 175.21 560 0,12 0.001 1 0 3,15 0.001 -1 1 1,14 0.001 -1 -1 85.2054 410 14,0 0.001 1 0 14,2 0.001 -1 0 13,1 0.001 1 1 158.203 530 14,14 0.001 0 1 12,15 0.001 0 -1 14,13 0.001 1 0 102.155 365 ::f,0,15 f,3,3 f,13,2 f,15,15 
193:0,2 0.001 0 -1 2,2 0.001 0 1 3,2 0.001 0 1 175.212 560 1,12 0.001 1 0 3,15 0.001 -1 0 1,14 0.001 0 -1 85.2064 410 14,0 0.001 1 0 14,2 0.001 -1 0 13,1 0.001 0 1 158.203 530 14,14 0.001 -1 1 12,14 0.001 0 -1 14,13 0.001 1 0 102.156 365 ::f,0,15 f,3,3 f,13,2 f,15,15 
194:0,1 0.001 0 -1 2,2 0.001 0 1 3,2 0.001 0 1 185.214 575 1,12 0.001 1 0 2,15 0.001 -1 0 1,13 0.001 0 -1 85.2084 410 15,0 0.001 1 0 14,2 0.001 -1 0 13,1 0.001 0 1 158.204 530 14,14 0.001 -1 0 12,13 0.001 0 -1 14,13 0.001 1 1 102.157 365 ::f,0,15 f,1,1 f,13,2 f,15,15 
195:0,1 0.001 0 -1 2,2 0.001 -1 1 3,3 0.001 0 1 185.215 575 2,12 0.001 1 0 2,15 0.001 -1 0 1,13 0.001 1 -1 85.2094 410 15,0 0.001 1 1 14,2 0.001 -1 0 13,1 0.001 0 1 158.204 530 13,14 0.001 -1 0 12,12 0.001 0 -1 14,13 0.001 0 1 102.159 365 ::f,0,15 f,1,1 f,13,2 f,15,15 
196:0,1 0.001 0 -1 2,2 0.001 -1 0 3,3 0.001 -1 1 185.215 575 2,12 0.001 1 0 2,15 0.001 -1 0 1,13 0.001 1 0 85.2094 410 15,0 0.001 0 1 14,2 0.001 -1 0 13,1 0.001 0 1 168.204 545 13,14 0.001 -1 0 12,12 0.001 1 -1 14,14 0.001 0 1 102.16 365 ::f,0,15 f,1,1 f,12,0 f,15,15 
197:0,0 0.001 0 -1 1,2 0.001 -1 0 3,3 0.001 -1 0 185.217 575 2,12 0.001 1 0 1,15 0.001 -1 0 2,13 0.001 1 0 85.2114 410 15,1 0.001 0 1 14,2 0.001 -1 0 13,2 0.001 0 1 168.206 545 13,14 0.001 -1 -1 12,12 0.001 1 0 14,14 0.001 0 1 102.16 365 ::f,0,15 f,1,1 f,12,0 f,15,15 
198:0,0 0.001 1 -1 1,2 0.001 -1 0 2,3 0.001 -1 0 185.218 575 3,12 0.001 1 0 1,15 0.001 -1 0 2,13 0.001 1 0 94.2125 425 15,1 0.001 0 1 14,2 0.001 -1 0 13,2 0.001 0 1 168.206 545 13,14 0.001 0 -1 13,12 0.001 1 0 14,14 0.001 -1 1 102.161 365 ::f,0,12 f,1,1 f,12,0 f,15,15 
199:0,0 0.001 1 0 1,2 0.001 -1 -1 1,3 0.001 -1 0 185.219 575 3,12 0.001 1 1 0,15 0.001 -1 0 2,13 0.001 1 1 94.2135 425 15,2 0.001 0 1 14,2 0.001 -1 0 13,2 0.001 0 1 168.207 545 13,13 0.001 0 -1 14,12 0.001 1 0 14,14 0.001 -1 0 102.163 365 ::f,0,12 f,1,1 f,12,0 f,15,15 
200:1,0 0.001 1 0 1,2 0.001 0 -1 0,3 0.001 -1 0 185.221 575 3,12 0.001 0 1 0,15 0.001 -1 -1 2,13 0.001 0 1 94.2135 425 15,3 0.001 0 1 14,2 0.001 -1 0 13,3 0.001 0 1 168.209 545 13,13 0.001 0 -1 14,12 0.001 1 0 13,14 0.001 -1 0 102.164 365 ::f,0,12 f,1,1 f,12,0 f,15,15 
201:2,0 0.001 1 0 1,2 0.001 0 -1 0,3 0.001 -1 -1 185.222 575 3,13 0.001 0 1 0,15 0.001 0 -1 2,14 0.001 0 1 94.2155 425 15,3 0.001 -1 1 14,2 0.001 -1 0 13,3 0.001 -1 1 168.209 545 13,13 0.001 1 -1 14,12 0.001 1 0 13,14 0.001 -1 0 102.164 365 ::f,0,12 f,1,1 f,12,0 f,15,15 
202:2,0 0.001 1 0 1,2 0.001 0 -1 0,3 0.001 0 -1 195.222 590 3,14 0.001 0 1 0,14 0.001 0 -1 2,14 0.001 0 1 94.2175 425 15,3 0.001 -1 0 14,2 0.001 -1 0 13,3 0.001 -1 0 168.209 545 13,13 0.001 1 0 15,12 0.001 1 0 13,14 0.001 -1 -1 102.165 365 ::f,0,12 f,3,1 f,12,0 f,15,15 
203:3,0 0.001 1 0 1,1 0.001 0 -1 0,2 0.001 0 -1 195.225 590 3,15 0.001 0 1 0,13 0.001 0 -1 2,14 0.001 -1 1 94.2195 425 14,3 0.001 -1 0 13,2 0.001 -1 0 12,3 0.001 -1 0 168.212 545 14,13 0.001 1 0 15,12 0.001 1 1 13,14 0.001 0 -1 102.166 365 ::f,0,12 f,3,1 f,12,0 f,15,15 
204:3,0 0.001 1 1 1,1 0.001 0 -1 0,2 0.001 0 -1 195.225 590 3,15 0.001 -1 1 0,13 0.001 0 -1 2,14 0.001 -1 0 104.22 440 13,3 0.001 -1 0 13,2 0.001 -1 0 12,3 0.001 -1 -1 168.213 545 14,13 0.001 1 0 15,12 0.001 0 1 13,13 0.001 0 -1 102.167 365 ::f,3,1 f,3,14 f,12,0 f,15,15 
205:3,0 0.001 0 1 1,1 0.001 1 -1 0,1 0.001 0 -1 195.226 590 3,15 0.001 -1 0 0,12 0.001 0 -1 1,14 0.001 -1 0 104.222 440 13,3 0.001 -1 0 13,2 0.001 -1 -1 12,3 0.001 0 -1 168.213 545 14,13 0.001 1 1 15,13 0.001 0 1 13,13 0.001 0 -1 102.168 365 ::f,3,1 f,3,14 f,12,0 f,15,15 
206:3,0 0.001 0 1 1,1 0.001 1 0 0,1 0.001 0 -1 195.226 590 2,15 0.001 -1 0 0,12 0.001 1 -1 1,14 0.001 -1 0 104.223 440 13,3 0.001 -1 -1 13,2 0.001 0 -1 12,2 0.001 0 -1 168.214 545 14,13 0.001 0 1 15,14 0.001 0 1 13,13 0.001 1 -1 102.169 365 ::f,3,1 f,3,14 f,12,0 f,15,15 
207:3,0 0.001 0 1 2,1 0.001 1 0 0,0 0.001 0 -1 205.228 605 2,15 0.001 -1 0 0,12 0.001 1 0 1,14 0.001 -1 -1 104.223 440 13,3 0.001 0 -1 13,1 0.001 0 -1 12,1 0.001 0 -1 168.216 545 14,14 0.001 0 1 15,14 0.001 0 1 13,13 0.001 1 0 112.17 380 ::f,3,2 f,3,14 f,12,0 f,14,13 
208:3,1 0.001 0 1 2,1 0.001 1 0 0,0 0.001 1 -1 205.229 605 1,15 0.001 -1 0 1,12 0.001 1 0 1,14 0.001 0 -1 104.225 440 13,2 0.001 0 -1 13,1 0.001 0 -1 12,1 0.001 0 -1 178.217 560 14,14 0.001 0 1 15,15 0.001 0 1 13,13 0.001 1 0 112.171 380 ::f,3,2 f,3,14 f,12,3 f,14,13 
209:3,1 0.001 0 1 2,1 0.001 1 1 0,0 0.001 1 0 215.229 620 1,15 0.001 -1 0 2,12 0.001 1 0 1,13 0.001 0 -1 104.227 440 13,2 0.001 0 -1 13,1 0.001 1 -1 12,0 0.001 0 -1 178.218 560 14,14 0.001 -1 1 15,15 0.001 -1 1 13,13 0.001 1 0 112.171 380 ::f,2,0 f,3,14 f,12,3 f,14,13 
210:3,2 0.001 0 1 2,1 0.001 0 1 1,0 0.001 1 0 215.231 620 1,15 0.001 -1 0 2,12 0.001 1 0 1,13 0.001 0 -1 104.227 440 13,2 0.001 1 -1 13,1 0.001 1 0 12,0 0.001 1 -1 178.218 560 14,14 0.001 -1 0 15,15 0.001 -1 0 13,13 0.001 1 0 116.171 395 ::f,2,0 f,3,14 f,12,3 f,15,13 
211:3,3 0.001 0 1 2,2 0.001 0 1 1,0 0.001 1 0 225.233 635 0,15 0.001 -1 0 3,12 0.001 1 0 1,13 0.001 1 -1 104.229 440 14,1 0.001 1 -1 13,1 0.001 1 0 12,0 0.001 1 0 178.219 560 13,14 0.001 -1 0 14,15 0.001 -1 0 13,13 0.001 1 0 116.173 395 ::f,2,0 f,3,14 f,12,3 f,15,13 
212:3,3 0.001 -1 1 2,2 0.001 0 1 1,0 0.001 1 0 235.233 650 0,15 0.001 -1 -1 3,12 0.001 1 1 1,13 0.001 1 0 104.229 440 15,0 0.001 1 -1 14,1 0.001 1 0 13,0 0.001 1 0 178.222 560 13,14 0.001 -1 0 13,15 0.001 -1 0 14,13 0.001 1 0 116.175 395 ::f,1,2 f,3,14 f,12,3 f,15,13 
213:3,3 0.001 -1 0 2,2 0.001 -1 1 2,0 0.001 1 0 235.234 650 0,15 0.001 0 -1 3,12 0.001 0 1 2,13 0.001 1 0 104.23 440 15,0 0.001 1 0 14,1 0.001 1 0 14,0 0.001 1 0 178.223 560 13,14 0.001 -1 -1 13,15 0.001 -1 0 14,13 0.001 1 0 121.175 410 ::f,1,2 f,3,14 f,12,3 f,12,12 
214:2,3 0.001 -1 0 2,2 0.001 -1 0 3,0 0.001 1 0 235.236 650 0,14 0.001 0 -1 3,13 0.001 0 1 2,13 0.001 1 0 104.232 440 15,0 0.001 1 1 14,1 0.001 1 1 14,0 0.001 1 0 178.223 560 13,14 0.001 0 -1 12,15 0.001 -1 0 14,13 0.001 1 1 121.176 410 ::f,1,2 f,3,14 f,12,3 f,12,12 
215:2,3 0.001 -1 0 2,2 0.001 -1 0 3,0 0.001 1 1 235.236 650 0,13 0.001 0 -1 3,13 0.001 0 1 2,13 0.001 1 1 114.233 455 15,0 0.001 0 1 14,1 0.001 0 1 14,0 0.001 1 1 178.223 560 13,13 0.001 0 -1 12,15 0.001 -1 -1 14,13 0.001 0 1 121.177 410 ::f,1,2 f,3,14 f,12,3 f,12,12 
216:1,3 0.001 -1 0 2,2 0.001 -1 0 3,0 0.001 0 1 245.237 665 0,12 0.001 0 -1 3,13 0.001 0 1 2,13 0.001 0 1 114.234 455 15,1 0.001 0 1 14,2 0.001 0 1 14,0 0.001 0 1 178.225 560 13,13 0.001 0 -1 12,15 0.001 0 -1 14,14 0.001 0 1 121.178 410 ::f,1,0 f,3,14 f,12,3 f,12,12 
217:1,3 0.001 -1 0 2,2 0.001 -1 0 3,1 0.001 0 1 245.238 665 0,12 0.001 1 -1 3,13 0.001 0 1 2,14 0.001 0 1 114.235 455 15,2 0.001 0 1 14,2 0.001 0 1 14,1 0.001 0 1 178.227 560 13,13 0.001 1 -1 12,14 0.001 0 -1 14,14 0.001 0 1 121.179 410 ::f,1,0 f,3,14 f,12,3 f,12,12 
218:1,3 0.001 -1 0 2,2 0.001 -1 0 3,2 0.001 0 1 245.239 665 0,12 0.001 1 0 3,13 0.001 0 1 2,14 0.001 0 1 114.235 455 15,3 0.001 0 1 14,2 0.001 -1 1 14,1 0.001 0 1 178.228 560 13,13 0.001 1 0 12,14 0.001 0 -1 14,14 0.001 -1 1 121.179 410 ::f,1,0 f,3,14 f,12,3 f,12,12 
219:0,3 0.001 -1 0 1,2 0.001 -1 0 3,3 0.001 0 1 245.242 665 1,12 0.001 1 0 3,13 0.001 0 1 2,14 0.001 -1 1 124.236 470 15,3 0.001 -1 1 14,2 0.001 -1 0 14,1 0.001 -1 1 178.228 560 14,13 0.001 1 0 12,14 0.001 0 -1 14,14 0.001 -1 0 121.18 410 ::f,1,0 f,3,14 f,12,3 f,12,12 
220:0,3 0.001 -1 -1 1,2 0.001 -1 0 3,3 0.001 -1 1 245.242 665 2,12 0.001 1 0 3,13 0.001 0 1 2,14 0.001 -1 0 134.237 485 15,3 0.001 -1 0 13,2 0.001 -1 0 14,1 0.001 -1 0 178.229 560 14,13 0.001 1 0 12,14 0.001 0 -1 14,14 0.001 -1 -1 121.18 410 ::f,0,15 f,1,0 f,12,3 f,12,12 
221:0,3 0.001 0 -1 1,2 0.001 -1 -1 3,3 0.001 -1 0 245.242 665 3,12 0.001 1 0 3,14 0.001 0 1 1,14 0.001 -1 0 134.24 485 14,3 0.001 -1 0 13,2 0.001 -1 0 13,1 0.001 -1 0 178.231 560 14,13 0.001 1 1 12,14 0.001 0 -1 13,13 0.001 -1 -1 121.181 410 ::f,0,15 f,1,0 f,12,3 f,12,12 
222:0,2 0.001 0 -1 1,2 0.001 0 -1 2,3 0.001 -1 0 245.244 665 3,12 0.001 1 1 3,14 0.001 0 1 1,14 0.001 -1 0 134.24 485 13,3 0.001 -1 0 13,2 0.001 -1 -1 12,1 0.001 -1 0 178.233 560 14,13 0.001 0 1 12,13 0.001 0 -1 13,13 0.001 -1 -1 127.183 425 ::f,0,15 f,1,0 f,12,3 f,15,15 
223:0,2 0.001 0 -1 1,1 0.001 0 -1 1,3 0.001 -1 0 245.246 665 3,12 0.001 0 1 3,15 0.001 0 1 1,14 0.001 -1 -1 134.241 485 13,3 0.001 -1 0 13,2 0.001 0 -1 12,1 0.001 -1 -1 188.234 575 14,14 0.001 0 1 12,12 0.001 0 -1 13,13 0.001 0 -1 127.185 425 ::f,0,15 f,1,0 f,15,0 f,15,15 
224:0,2 0.001 0 -1 1,1 0.001 0 -1 1,3 0.001 -1 0 255.246 680 3,13 0.001 0 1 3,15 0.001 -1 1 1,14 0.001 0 -1 134.242 485 12,3 0.001 -1 0 13,1 0.001 0 -1 12,1 0.001 0 -1 188.236 575 14,14 0.001 0 1 12,12 0.001 1 -1 13,13 0.001 1 -1 127.185 425 ::f,0,15 f,2,0 f,15,0 f,15,15 
225:0,2 0.001 0 -1 1,1 0.001 1 -1 0,3 0.001 -1 0 255.247 680 3,14 0.001 0 1 3,15 0.001 -1 0 1,13 0.001 0 -1 134.244 485 12,3 0.001 -1 -1 13,1 0.001 0 -1 12,0 0.001 0 -1 188.237 575 14,14 0.001 -1 1 12,12 0.001 1 0 13,13 0.001 1 0 127.185 425 ::f,0,15 f,2,0 f,15,0 f,15,15 
226:0,1 0.001 0 -1 1,1 0.001 1 0 0,3 0.001 -1 -1 255.248 680 3,14 0.001 0 1 2,15 0.001 -1 0 1,13 0.001 0 -1 134.245 485 12,3 0.001 0 -1 13,1 0.001 1 -1 12,0 0.001 1 -1 188.237 575 14,14 0.001 -1 0 13,12 0.001 1 0 14,13 0.001 1 0 127.187 425 ::f,0,15 f,2,0 f,15,0 f,15,15 
227:0,0 0.001 0 -1 2,1 0.001 1 0 0,3 0.001 0 -1 255.25 680 3,15 0.001 0 1 2,15 0.001 -1 0 1,13 0.001 1 -1 134.246 485 12,2 0.001 0 -1 13,1 0.001 1 0 12,0 0.001 1 0 188.238 575 13,14 0.001 -1 0 13,12 0.001 1 0 14,13 0.001 1 0 127.188 425 ::f,0,15 f,2,0 f,15,0 f,15,15 
228:0,0 0.001 1 -1 2,1 0.001 1 0 0,2 0.001 0 -1 255.251 680 3,15 0.001 -1 1 1,15 0.001 -1 0 1,13 0.001 1 0 134.247 485 12,2 0.001 0 -1 14,1 0.001 1 0 13,0 0.001 1 0 188.24 575 13,14 0.001 -1 0 14,12 0.001 1 0 14,13 0.001 1 1 127.189 425 ::f,0,15 f,2,0 f,15,0 f,15,15 
229:0,0 0.001 1 0 2,1 0.001 1 1 0,1 0.001 0 -1 255.252 680 3,15 0.001 -1 0 1,15 0.001 -1 0 2,13 0.001 1 0 144.248 500 12,1 0.001 0 -1 14,1 0.001 1 0 14,0 0.001 1 0 188.242 575 13,14 0.001 -1 -1 14,12 0.001 1 0 14,13 0.001 0 1 127.189 425 ::f,2,0 f,2,15 f,15,0 f,15,15 
230:1,0 0.001 1 0 2,1 0.001 0 1 0,1 0.001 0 -1 255.253 680 3,15 0.001 -1 0 0,15 0.001 -1 0 2,13 0.001 1 0 144.249 500 12,1 0.001 0 -1 14,1 0.001 1 1 14,0 0.001 1 0 198.242 590 13,14 0.001 0 -1 14,12 0.001 1 0 14,14 0.001 0 1 127.19 425 ::f,2,0 f,2,15 f,13,0 f,15,15 
231:1,0 0.001 1 0 2,2 0.001 0 1 0,0 0.001 0 -1 265.255 695 3,15 0.001 -1 0 0,15 0.001 -1 -1 2,13 0.001 1 1 144.249 500 12,0 0.001 0 -1 14,1 0.001 0 1 15,0 0.001 1 0 198.244 590 13,13 0.001 0 -1 15,12 0.001 1 0 14,14 0.001 0 1 127.192 425 ::f,1,3 f,2,15 f,13,0 f,15,15 
232:2,0 0.001 1 0 2,2 0.001 0 1 0,0 0.001 1 -1 265.256 695 3,15 0.001 -1 0 0,15 0.001 0 -1 2,13 0.001 0 1 151.249 515 12,0 0.001 1 -1 14,2 0.001 0 1 15,0 0.001 1 1 198.245 590 13,13 0.001 0 -1 15,12 0.001 1 1 14,14 0.001 -1 1 127.192 425 ::f,1,3 f,2,12 f,13,0 f,15,15 
233:3,0 0.001 1 0 2,2 0.001 -1 1 0,0 0.001 1 0 265.257 695 2,15 0.001 -1 0 0,14 0.001 0 -1 2,13 0.001 -1 1 151.251 515 12,0 0.001 1 0 14,2 0.001 0 1 15,0 0.001 0 1 198.245 590 13,13 0.001 1 -1 15,12 0.001 0 1 14,14 0.001 -1 0 127.192 425 ::f,1,3 f,2,12 f,13,0 f,15,15 
234:3,0 0.001 1 1 2,2 0.001 -1 0 1,0 0.001 1 0 265.258 695 1,15 0.001 -1 0 0,14 0.001 0 -1 1,14 0.001 -1 1 151.253 515 12,0 0.001 1 0 14,2 0.001 -1 1 15,1 0.001 0 1 198.246 590 13,13 0.001 1 0 15,13 0.001 0 1 13,14 0.001 -1 0 127.194 425 ::f,1,3 f,2,12 f,13,0 f,15,15 
235:3,0 0.001 0 1 1,2 0.001 -1 0 2,0 0.001 1 0 265.26 695 1,15 0.001 -1 0 0,13 0.001 0 -1 1,14 0.001 -1 1 151.254 515 12,0 0.001 1 0 14,2 0.001 -1 0 15,1 0.001 0 1 208.246 605 13,13 0.001 1 1 15,13 0.001 0 1 13,14 0.001 -1 0 127.194 425 ::f,1,3 f,2,12 f,15,0 f,15,15 
236:3,1 0.001 0 1 1,2 0.001 -1 0 3,0 0.001 1 0 265.262 695 0,15 0.001 -1 0 0,12 0.001 0 -1 1,14 0.001 -1 0 151.256 515 13,0 0.001 1 0 13,2 0.001 -1 0 15,1 0.001 0 1 208.248 605 14,14 0.001 1 1 15,14 0.001 0 1 13,14 0.001 -1 -1 127.196 425 ::f,1,3 f,2,12 f,15,0 f,15,15 
237:3,2 0.001 0 1 1,2 0.001 -1 -1 3,0 0.001 1 1 265.263 695 0,15 0.001 -1 -1 0,12 0.001 1 -1 1,14 0.001 -1 -1 151.256 515 13,0 0.001 1 0 13,2 0.001 -1 0 15,1 0.001 0 1 208.248 605 14,14 0.001 1 1 15,14 0.001 0 1 13,14 0.001 0 -1 129.196 440 ::f,1,3 f,2,12 f,14,13 f,15,0 
238:3,3 0.001 0 1 1,2 0.001 0 -1 3,0 0.001 0 1 265.264 695 0,15 0.001 0 -1 0,12 0.001 1 0 1,14 0.001 0 -1 151.256 515 14,0 0.001 1 0 13,2 0.001 -1 -1 15,2 0.001 0 1 208.25 605 14,14 0.001 0 1 15,14 0.001 0 1 13,13 0.001 0 -1 129.197 440 ::f,1,3 f,2,12 f,14,13 f,15,0 
239:3,3 0.001 -1 1 1,1 0.001 0 -1 3,1 0.001 0 1 265.266 695 0,14 0.001 0 -1 1,12 0.001 1 0 1,13 0.001 0 -1 151.259 515 14,0 0.001 1 0 13,2 0.001 0 -1 15,3 0.001 0 1 218.251 620 14,14 0.001 -1 1 15,15 0.001 0 1 13,13 0.001 0 -1 129.198 440 ::f,1,3 f,2,12 f,12,2 f,14,13 
240:3,3 0.001 -1 0 1,1 0.001 0 -1 3,1 0.001 0 1 265.266 695 0,14 0.001 0 -1 1,12 0.001 1 0 1,13 0.001 0 -1 161.259 530 15,0 0.001 1 0 13,1 0.001 0 -1 15,3 0.001 -1 1 218.253 620 14,14 0.001 -1 0 15,15 0.001 -1 1 13,13 0.001 1 -1 129.198 440 ::f,1,3 f,2,12 f,12,2 f,14,13 
241:2,3 0.001 -1 0 1,1 0.001 1 -1 3,2 0.001 0 1 265.268 695 0,13 0.001 0 -1 1,12 0.001 1 0 1,13 0.001 1 -1 171.26 545 15,0 0.001 1 1 13,1 0.001 0 -1 15,3 0.001 -1 0 218.253 620 13,14 0.001 -1 0 15,15 0.001 -1 0 13,13 0.001 1 0 129.199 440 ::f,1,3 f,1,14 f,12,2 f,14,13 
242:2,3 0.001 -1 0 1,1 0.001 1 0 3,3 0.001 0 1 275.269 710 0,13 0.001 0 -1 2,12 0.001 1 0 1,13 0.001 1 0 171.261 545 15,0 0.001 0 1 13,1 0.001 1 -1 14,3 0.001 -1 0 218.254 620 13,14 0.001 -1 0 14,15 0.001 -1 0 13,13 0.001 1 0 129.2 440 ::f,0,3 f,1,14 f,12,2 f,14,13 
243:1,3 0.001 -1 0 2,1 0.001 1 0 3,3 0.001 -1 1 275.271 710 0,12 0.001 0 -1 2,12 0.001 1 0 2,13 0.001 1 0 171.263 545 15,1 0.001 0 1 13,1 0.001 1 0 14,3 0.001 -1 0 218.255 620 13,14 0.001 -1 -1 13,15 0.001 -1 0 13,13 0.001 1 0 129.201 440 ::f,0,3 f,1,14 f,12,2 f,14,13 
244:1,3 0.001 -1 0 2,1 0.001 1 0 3,3 0.001 -1 0 285.272 725 0,12 0.001 1 -1 3,12 0.001 1 0 2,13 0.001 1 0 171.264 545 15,1 0.001 0 1 13,1 0.001 1 1 13,3 0.001 -1 0 218.256 620 13,14 0.001 0 -1 12,15 0.001 -1 0 13,13 0.001 1 0 129.202 440 ::f,0,2 f,1,14 f,12,2 f,14,13 
245:0,3 0.001 -1 0 2,1 0.001 1 1 2,3 0.001 -1 0 285.274 725 0,12 0.001 1 0 3,12 0.001 1 1 2,13 0.001 1 1 171.264 545 15,2 0.001 0 1 14,2 0.001 1 1 13,3 0.001 -1 0 218.258 620 13,14 0.001 0 -1 12,15 0.001 -1 -1 13,13 0.001 1 0 136.202 455 ::f,0,2 f,1,14 f,12,2 f,12,13 
246:0,3 0.001 -1 -1 2,1 0.001 0 1 2,3 0.001 -1 0 285.274 725 1,12 0.001 1 0 3,12 0.001 0 1 2,13 0.001 0 1 171.265 545 15,2 0.001 0 1 14,2 0.001 1 1 12,3 0.001 -1 0 218.259 620 13,14 0.001 0 -1 12,15 0.001 0 -1 14,13 0.001 1 0 136.203 455 ::f,0,2 f,1,14 f,12,2 f,12,13 
247:0,3 0.001 0 -1 2,2 0.001 0 1 1,3 0.001 -1 0 285.276 725 1,12 0.001 1 0 3,13 0.001 0 1 2,14 0.001 0 1 171.267 545 15,3 0.001 0 1 14,2 0.001 0 1 12,3 0.001 -1 -1 218.26 620 13,13 0.001 0 -1 12,14 0.001 0 -1 14,13 0.001 1 0 136.205 455 ::f,0,2 f,1,14 f,12,2 f,12,13 
248:0,3 0.001 0 -1 2,2 0.001 -1 1 1,3 0.001 -1 0 285.276 725 2,12 0.001 1 0 3,14 0.001 0 1 2,14 0.001 0 1 171.269 545 15,3 0.001 -1 1 14,2 0.001 -1 1 12,3 0.001 0 -1 218.26 620 13,13 0.001 0 -1 12,14 0.001 0 -1 14,13 0.001 1 1 146.205 470 ::f,0,2 f,1,14 f,12,2 f,12,12 
249:0,3 0.001 0 -1 2,2 0.001 -1 0 1,3 0.001 -1 -1 295.276 740 3,12 0.001 1 0 3,15 0.001 0 1 2,14 0.001 -1 1 171.271 545 15,3 0.001 -1 0 14,2 0.001 -1 0 12,3 0.001 0 -1 218.26 620 13,13 0.001 1 -1 12,13 0.001 0 -1 14,13 0.001 0 1 146.206 470 ::f,1,14 f,2,0 f,12,2 f,12,12 
250:0,2 0.001 0 -1 1,2 0.001 -1 0 1,3 0.001 0 -1 295.278 740 3,12 0.001 1 1 3,15 0.001 -1 1 2,14 0.001 -1 0 171.271 545 14,3 0.001 -1 0 13,2 0.001 -1 0 12,3 0.001 0 -1 218.262 620 13,13 0.001 1 0 12,13 0.001 0 -1 14,14 0.001 0 1 156.207 485 ::f,1,14 f,2,0 f,12,2 f,15,14 
251:0,2 0.001 0 -1 1,2 0.001 -1 0 1,3 0.001 1 -1 295.278 740 3,12 0.001 0 1 3,15 0.001 -1 0 2,14 0.001 -1 0 171.271 545 13,3 0.001 -1 0 13,2 0.001 -1 0 12,2 0.001 0 -1 226.264 635 14,13 0.001 1 0 12,12 0.001 0 -1 14,14 0.001 0 1 156.209 485 ::f,1,14 f,2,0 f,14,0 f,15,14 
252:0,1 0.001 0 -1 1,2 0.001 -1 -1 2,2 0.001 1 -1 295.28 740 3,13 0.001 0 1 2,15 0.001 -1 0 2,14 0.001 -1 0 179.273 560 13,3 0.001 -1 0 13,2 0.001 -1 -1 12,2 0.001 0 -1 226.264 635 14,13 0.001 1 0 12,12 0.001 1 -1 14,14 0.001 -1 1 156.209 485 ::f,2,0 f,2,13 f,14,0 f,15,14 
253:0,1 0.001 0 -1 1,2 0.001 0 -1 2,2 0.001 1 -1 295.28 740 3,14 0.001 0 1 1,15 0.001 -1 0 2,14 0.001 -1 0 179.275 560 13,3 0.001 -1 0 13,2 0.001 0 -1 12,1 0.001 0 -1 226.265 635 14,13 0.001 1 1 12,12 0.001 1 0 14,14 0.001 -1 0 156.209 485 ::f,2,0 f,2,13 f,14,0 f,15,14 
254:0,0 0.001 0 -1 1,1 0.001 0 -1 2,2 0.001 1 -1 295.282 740 3,14 0.001 0 1 1,15 0.001 -1 0 2,14 0.001 -1 0 179.275 560 12,3 0.001 -1 0 13,1 0.001 0 -1 12,1 0.001 0 -1 226.267 635 14,13 0.001 0 1 13,12 0.001 1 0 13,14 0.001 -1 0 156.211 485 ::f,2,0 f,2,13 f,14,0 f,15,14 
255:0,0 0.001 1 -1 1,1 0.001 0 -1 3,1 0.001 1 -1 295.283 740 3,15 0.001 0 1 0,15 0.001 -1 0 2,14 0.001 -1 0 179.277 560 12,3 0.001 -1 -1 13,1 0.001 0 -1 12,0 0.001 0 -1 226.268 635 14,14 0.001 0 1 13,12 0.001 1 0 13,14 0.001 -1 0 156.212 485 ::f,2,0 f,2,13 f,14,0 f,15,14 
256:0,0 0.001 1 0 1,1 0.001 1 -1 3,1 0.001 1 0 295.283 740 3,15 0.001 -1 1 0,15 0.001 -1 -1 1,14 0.001 -1 0 179.278 560 12,3 0.001 0 -1 13,1 0.001 1 -1 12,0 0.001 1 -1 226.268 635 14,14 0.001 0 1 14,12 0.001 1 0 13,14 0.001 -1 -1 156.213 485 ::f,2,0 f,2,13 f,14,0 f,15,14 
257:1,0 0.001 1 0 1,1 0.001 1 0 3,1 0.001 1 1 295.284 740 3,15 0.001 -1 0 0,15 0.001 0 -1 1,14 0.001 -1 0 179.278 560 12,2 0.001 0 -1 13,1 0.001 1 0 12,0 0.001 1 0 226.269 635 14,14 0.001 -1 1 14,12 0.001 1 0 13,14 0.001 0 -1 156.213 485 ::f,2,0 f,2,13 f,14,0 f,15,14 
258:1,0 0.001 1 0 1,1 0.001 1 1 3,1 0.001 0 1 305.284 755 2,15 0.001 -1 0 0,14 0.001 0 -1 1,14 0.001 -1 -1 179.28 560 12,1 0.001 0 -1 14,1 0.001 1 0 13,0 0.001 1 0 226.272 635 14,14 0.001 -1 0 15,12 0.001 1 0 13,13 0.001 0 -1 156.215 485 ::f,2,13 f,3,3 f,14,0 f,15,14 
259:2,0 0.001 1 0 2,2 0.001 1 1 3,2 0.001 0 1 305.287 755 2,15 0.001 -1 0 0,14 0.001 0 -1 1,14 0.001 0 -1 179.28 560 12,1 0.001 0 -1 14,1 0.001 1 0 13,0 0.001 1 0 236.272 650 13,14 0.001 -1 0 15,12 0.001 1 1 13,13 0.001 0 -1 156.216 485 ::f,2,13 f,3,3 f,15,0 f,15,14 
260:2,0 0.001 1 0 2,2 0.001 1 1 3,3 0.001 0 1 315.288 770 1,15 0.001 -1 0 0,13 0.001 0 -1 1,13 0.001 0 -1 179.283 560 12,0 0.001 0 -1 14,1 0.001 1 1 14,0 0.001 1 0 236.274 650 13,14 0.001 -1 0 15,12 0.001 0 1 13,13 0.001 1 -1 156.216 485 ::f,0,2 f,2,13 f,15,0 f,15,14 
261:3,0 0.001 1 0 2,2 0.001 0 1 3,3 0.001 -1 1 315.289 770 1,15 0.001 -1 0 0,13 0.001 0 -1 1,13 0.001 0 -1 179.283 560 12,0 0.001 1 -1 14,1 0.001 0 1 14,0 0.001 1 0 246.274 665 13,14 0.001 -1 -1 15,13 0.001 0 1 13,13 0.001 1 0 156.217 485 ::f,0,2 f,2,13 f,15,3 f,15,14 
262:3,0 0.001 1 1 2,2 0.001 -1 1 3,3 0.001 -1 0 315.289 770 0,15 0.001 -1 0 0,12 0.001 0 -1 1,13 0.001 1 -1 179.285 560 12,0 0.001 1 0 14,2 0.001 0 1 15,0 0.001 1 0 246.276 665 13,14 0.001 0 -1 15,13 0.001 0 1 13,13 0.001 1 1 166.217 500 ::f,0,2 f,2,13 f,14,14 f,15,3 
263:3,0 0.001 0 1 2,2 0.001 -1 0 2,3 0.001 -1 0 315.29 770 0,15 0.001 -1 -1 0,12 0.001 1 -1 1,13 0.001 1 0 179.285 560 13,0 0.001 1 0 14,2 0.001 0 1 15,0 0.001 1 1 246.277 665 13,14 0.001 0 -1 15,14 0.001 0 1 13,13 0.001 1 1 166.218 500 ::f,0,2 f,2,13 f,14,14 f,15,3 
264:3,1 0.001 0 1 1,2 0.001 -1 0 2,3 0.001 -1 0 315.292 770 0,15 0.001 0 -1 0,12 0.001 1 0 1,13 0.001 1 0 179.285 560 13,0 0.001 1 0 14,2 0.001 -1 1 15,0 0.001 0 1 246.277 665 13,14 0.001 0 -1 15,15 0.001 0 1 13,13 0.001 1 1 174.219 515 ::f,0,2 f,2,13 f,13,15 f,15,3 
265:3,1 0.001 0 1 1,2 0.001 -1 0 1,3 0.001 -1 0 325.293 785 0,14 0.001 0 -1 1,12 0.001 1 0 1,13 0.001 1 0 188.288 575 13,0 0.001 1 0 14,2 0.001 -1 0 15,1 0.001 0 1 246.278 665 13,14 0.001 0 -1 15,15 0.001 -1 1 13,13 0.001 1 1 174.219 515 ::f,1,0 f,2,12 f,13,15 f,15,3 
266:3,2 0.001 0 1 1,2 0.001 -1 -1 1,3 0.001 -1 0 325.294 785 0,13 0.001 0 -1 1,12 0.001 1 0 2,13 0.001 1 0 198.29 590 14,0 0.001 1 0 13,2 0.001 -1 0 15,1 0.001 0 1 246.28 665 13,14 0.001 0 -1 15,15 0.001 -1 0 14,14 0.001 1 1 174.22 515 ::f,1,0 f,2,15 f,13,15 f,15,3 
267:3,2 0.001 0 1 1,2 0.001 0 -1 0,3 0.001 -1 0 325.295 785 0,13 0.001 0 -1 2,12 0.001 1 0 2,13 0.001 1 0 198.291 590 14,0 0.001 1 0 13,2 0.001 -1 0 15,2 0.001 0 1 246.281 665 13,14 0.001 0 -1 14,15 0.001 -1 0 14,14 0.001 1 1 174.221 515 ::f,1,0 f,2,15 f,13,15 f,15,3 
268:3,3 0.001 0 1 1,1 0.001 0 -1 0,3 0.001 -1 -1 325.297 785 0,13 0.001 0 -1 3,12 0.001 1 0 2,13 0.001 1 1 198.292 590 15,0 0.001 1 0 13,2 0.001 -1 -1 15,2 0.001 0 1 256.282 680 13,14 0.001 0 -1 14,15 0.001 -1 0 14,14 0.001 0 1 184.221 530 ::f,1,0 f,2,15 f,12,3 f,13,13 
269:3,3 0.001 -1 1 1,1 0.001 0 -1 0,3 0.001 0 -1 335.297 800 0,12 0.001 0 -1 3,12 0.001 1 1 2,13 0.001 0 1 198.293 590 15,0 0.001 1 1 13,2 0.001 0 -1 15,3 0.001 0 1 256.283 680 13,14 0.001 0 -1 13,15 0.001 -1 0 14,14 0.001 -1 1 184.222 530 ::f,2,3 f,2,15 f,12,3 f,13,13 
270:3,3 0.001 -1 0 1,1 0.001 1 -1 0,2 0.001 0 -1 335.298 800 0,12 0.001 1 -1 3,12 0.001 0 1 2,14 0.001 0 1 198.294 590 15,0 0.001 0 1 13,1 0.001 0 -1 15,3 0.001 -1 1 256.284 680 13,14 0.001 0 -1 13,15 0.001 -1 0 14,14 0.001 -1 0 184.222 530 ::f,2,3 f,2,15 f,12,3 f,13,13 
271:3,3 0.001 -1 0 1,1 0.001 1 0 0,2 0.001 0 -1 335.298 800 0,12 0.001 1 0 3,13 0.001 0 1 2,14 0.001 0 1 208.295 605 15,1 0.001 0 1 13,1 0.001 0 -1 15,3 0.001 -1 0 256.285 680 13,14 0.001 0 -1 12,15 0.001 -1 0 14,14 0.001 -1 0 187.223 545 ::f,1,12 f,2,3 f,12,3 f,14,13 
272:3,3 0.001 -1 0 2,1 0.001 1 0 0,1 0.001 0 -1 345.3 815 0,12 0.001 1 0 3,14 0.001 0 1 2,14 0.001 -1 1 208.296 605 15,2 0.001 0 1 13,1 0.001 1 -1 14,3 0.001 -1 0 256.287 680 13,13 0.001 0 -1 12,15 0.001 -1 -1 14,14 0.001 -1 0 187.224 545 ::f,1,12 f,2,3 f,12,3 f,14,13 
273:3,3 0.001 -1 0 2,1 0.001 1 0 0,0 0.001 0 -1 345.301 815 0,12 0.001 1 0 3,14 0.001 0 1 2,14 0.001 -1 0 216.296 620 15,2 0.001 0 1 13,1 0.001 1 0 14,3 0.001 -1 0 256.287 680 13,13 0.001 0 -1 12,15 0.001 0 -1 13,14 0.001 -1 0 187.225 545 ::f,1,12 f,2,3 f,12,3 f,14,13 
274:3,3 0.001 -1 0 2,1 0.001 1 1 0,0 0.001 1 -1 345.301 815 0,12 0.001 1 0 3,15 0.001 0 1 1,14 0.001 -1 0 225.298 635 15,3 0.001 0 1 14,1 0.001 1 0 13,3 0.001 -1 0 256.29 680 13,13 0.001 1 -1 12,14 0.001 0 -1 13,14 0.001 -1 0 187.226 545 ::f,1,12 f,2,3 f,12,3 f,14,13 
275:3,3 0.001 -1 0 2,1 0.001 0 1 0,0 0.001 1 0 355.301 830 0,12 0.001 1 0 3,15 0.001 -1 1 1,14 0.001 -1 0 225.298 635 15,3 0.001 -1 1 14,1 0.001 1 0 13,3 0.001 -1 0 266.29 695 13,13 0.001 1 0 12,14 0.001 0 -1 13,14 0.001 -1 -1 187.226 545 ::f,1,12 f,2,2 f,12,3 f,14,13 
276:2,3 0.001 -1 0 2,1 0.001 0 1 1,0 0.001 1 0 355.303 830 0,12 0.001 1 0 3,15 0.001 -1 0 1,14 0.001 -1 -1 235.298 650 15,3 0.001 -1 0 14,1 0.001 1 1 13,3 0.001 -1 0 276.29 710 13,13 0.001 1 0 12,13 0.001 0 -1 13,14 0.001 0 -1 187.227 545 ::f,2,2 f,2,15 f,14,13 f,15,1 
277:2,3 0.001 -1 0 2,1 0.001 0 1 2,0 0.001 1 0 355.304 830 1,12 0.001 1 0 3,15 0.001 -1 0 1,14 0.001 0 -1 235.299 650 14,3 0.001 -1 0 14,1 0.001 0 1 12,3 0.001 -1 0 276.292 710 13,13 0.001 1 0 12,13 0.001 0 -1 13,14 0.001 0 -1 187.227 545 ::f,2,2 f,2,15 f,14,13 f,15,1 
278:1,3 0.001 -1 0 2,1 0.001 0 1 3,0 0.001 1 0 355.306 830 1,12 0.001 1 0 3,15 0.001 -1 0 1,13 0.001 0 -1 235.3 650 14,3 0.001 -1 0 14,1 0.001 -1 1 12,3 0.001 -1 -1 276.292 710 13,13 0.001 1 0 12,12 0.001 0 -1 13,14 0.001 0 -1 191.228 560 ::f,2,2 f,2,15 f,15,1 f,15,13 
279:1,3 0.001 -1 0 2,1 0.001 0 1 3,0 0.001 1 1 355.306 830 2,12 0.001 1 0 3,15 0.001 -1 0 1,13 0.001 0 -1 235.301 650 13,3 0.001 -1 0 14,1 0.001 -1 1 12,3 0.001 0 -1 276.293 710 13,13 0.001 1 0 12,12 0.001 1 -1 13,14 0.001 0 -1 191.228 560 ::f,2,2 f,2,15 f,15,1 f,15,13 
280:0,3 0.001 -1 0 2,1 0.001 0 1 3,0 0.001 0 1 365.307 845 2,12 0.001 1 0 3,15 0.001 -1 0 1,13 0.001 1 -1 245.301 665 13,3 0.001 -1 0 13,2 0.001 -1 1 12,2 0.001 0 -1 276.295 710 14,13 0.001 1 0 12,12 0.001 1 0 13,13 0.001 0 -1 191.23 560 ::f,1,2 f,2,15 f,15,1 f,15,13 
281:0,3 0.001 -1 -1 2,2 0.001 0 1 3,1 0.001 0 1 365.309 845 3,12 0.001 1 0 3,15 0.001 -1 0 1,13 0.001 1 0 255.302 680 12,3 0.001 -1 0 13,2 0.001 -1 1 12,1 0.001 0 -1 276.297 710 14,13 0.001 1 0 13,12 0.001 1 0 13,13 0.001 0 -1 196.232 575 ::f,1,2 f,1,15 f,14,15 f,15,1 
282:0,3 0.001 0 -1 2,2 0.001 0 1 3,2 0.001 0 1 365.31 845 3,12 0.001 1 1 2,15 0.001 -1 0 2,13 0.001 1 0 255.304 680 12,3 0.001 -1 -1 13,2 0.001 -1 0 12,0 0.001 0 -1 276.298 710 14,13 0.001 1 1 14,12 0.001 1 0 13,13 0.001 1 -1 196.233 575 ::f,1,2 f,1,15 f,14,15 f,15,1 
283:0,2 0.001 0 -1 2,2 0.001 -1 1 3,2 0.001 0 1 365.311 845 3,12 0.001 0 1 2,15 0.001 -1 0 2,13 0.001 1 0 265.304 695 12,3 0.001 0 -1 13,2 0.001 -1 -1 12,0 0.001 1 -1 276.298 710 14,13 0.001 0 1 14,12 0.001 1 0 13,13 0.001 1 0 196.233 575 ::f,1,2 f,1,13 f,14,15 f,15,1 
284:0,2 0.001 0 -1 2,2 0.001 -1 0 3,2 0.001 0 1 365.311 845 3,13 0.001 0 1 1,15 0.001 -1 0 2,13 0.001 1 1 265.306 695 12,2 0.001 0 -1 13,2 0.001 0 -1 12,0 0.001 1 0 276.299 710 14,14 0.001 0 1 14,12 0.001 1 0 14,13 0.001 1 0 196.235 575 ::f,1,2 f,1,13 f,14,15 f,15,1 
285:0,2 0.001 0 -1 2,2 0.001 -1 0 3,3 0.001 0 1 365.312 845 3,13 0.001 0 1 0,15 0.001 -1 0 2,13 0.001 0 1 265.307 695 12,1 0.001 0 -1 13,1 0.001 0 -1 13,0 0.001 1 0 276.302 710 14,14 0.001 0 1 15,12 0.001 1 0 14,13 0.001 1 0 202.236 590 ::f,1,2 f,1,13 f,15,1 f,15,15 
286:0,1 0.001 0 -1 2,2 0.001 -1 0 3,3 0.001 -1 1 365.313 845 3,14 0.001 0 1 0,15 0.001 -1 -1 2,14 0.001 0 1 265.309 695 12,1 0.001 0 -1 13,1 0.001 0 -1 14,0 0.001 1 0 276.303 710 14,14 0.001 -1 1 15,12 0.001 1 1 14,13 0.001 1 1 202.236 590 ::f,1,2 f,1,13 f,15,1 f,15,15 
287:0,0 0.001 0 -1 2,2 0.001 -1 0 3,3 0.001 -1 0 375.314 860 3,14 0.001 0 1 0,15 0.001 0 -1 2,14 0.001 0 1 265.309 695 12,1 0.001 0 -1 13,1 0.001 1 -1 15,0 0.001 1 0 276.304 710 14,14 0.001 -1 0 15,12 0.001 0 1 14,13 0.001 0 1 202.236 590 ::f,1,13 f,2,3 f,15,1 f,15,15 
288:0,0 0.001 1 -1 2,2 0.001 -1 0 3,3 0.001 -1 0 375.314 860 3,15 0.001 0 1 0,14 0.001 0 -1 2,14 0.001 -1 1 265.311 695 12,0 0.001 0 -1 13,1 0.001 1 0 15,0 0.001 1 1 276.305 710 13,14 0.001 -1 0 15,13 0.001 0 1 14,14 0.001 0 1 202.239 590 ::f,1,13 f,2,3 f,15,1 f,15,15 
289:0,0 0.001 1 0 1,2 0.001 -1 0 3,3 0.001 -1 0 385.315 875 3,15 0.001 -1 1 0,13 0.001 0 -1 2,14 0.001 -1 0 265.312 695 12,0 0.001 1 -1 14,1 0.001 1 0 15,0 0.001 0 1 276.306 710 13,14 0.001 -1 0 15,14 0.001 0 1 14,14 0.001 0 1 202.24 590 ::f,1,13 f,2,0 f,15,1 f,15,15 
290:1,0 0.001 1 0 1,2 0.001 -1 0 2,3 0.001 -1 0 385.317 875 3,15 0.001 -1 0 0,12 0.001 0 -1 1,14 0.001 -1 0 265.314 695 12,0 0.001 1 0 14,1 0.001 1 0 15,1 0.001 0 1 285.308 725 13,14 0.001 -1 -1 15,14 0.001 0 1 14,14 0.001 -1 1 212.24 605 ::f,1,13 f,2,0 f,13,1 f,15,13 
291:1,0 0.001 1 0 1,2 0.001 -1 -1 1,3 0.001 -1 0 395.319 890 2,15 0.001 -1 0 0,12 0.001 1 -1 1,14 0.001 -1 0 265.315 695 13,0 0.001 1 0 14,1 0.001 1 1 15,1 0.001 0 1 285.308 725 13,14 0.001 0 -1 15,15 0.001 0 1 14,14 0.001 -1 0 212.241 605 ::f,1,13 f,2,1 f,13,1 f,15,13 
292:2,0 0.001 1 0 1,2 0.001 0 -1 1,3 0.001 -1 0 395.32 890 1,15 0.001 -1 0 0,12 0.001 1 0 1,14 0.001 -1 -1 265.316 695 14,0 0.001 1 0 14,1 0.001 0 1 15,1 0.001 0 1 285.309 725 13,13 0.001 0 -1 15,15 0.001 -1 1 13,14 0.001 -1 0 212.243 605 ::f,1,13 f,2,1 f,13,1 f,15,13 
293:3,0 0.001 1 0 1,1 0.001 0 -1 0,3 0.001 -1 0 395.323 890 0,15 0.001 -1 0 1,12 0.001 1 0 1,14 0.001 0 -1 265.318 695 14,0 0.001 1 0 14,2 0.001 0 1 15,2 0.001 0 1 285.311 725 13,13 0.001 0 -1 15,15 0.001 -1 0 13,14 0.001 -1 0 212.243 605 ::f,1,13 f,2,1 f,13,1 f,15,13 
294:3,0 0.001 1 1 1,1 0.001 0 -1 0,3 0.001 -1 -1 395.323 890 0,15 0.001 -1 -1 2,12 0.001 1 0 1,14 0.001 0 -1 265.319 695 15,0 0.001 1 0 14,2 0.001 0 1 15,3 0.001 0 1 285.313 725 13,13 0.001 1 -1 14,15 0.001 -1 0 13,14 0.001 -1 -1 212.244 605 ::f,1,13 f,2,1 f,13,1 f,15,13 
295:3,0 0.001 0 1 1,1 0.001 1 -1 0,3 0.001 0 -1 395.323 890 0,15 0.001 0 -1 2,12 0.001 1 0 1,14 0.001 0 -1 265.319 695 15,0 0.001 1 1 14,2 0.001 -1 1 15,3 0.001 -1 1 285.313 725 13,13 0.001 1 0 14,15 0.001 -1 0 13,14 0.001 0 -1 212.244 605 ::f,1,13 f,2,1 f,13,1 f,15,13 
296:3,1 0.001 0 1 1,1 0.001 1 0 0,2 0.001 0 -1 395.325 890 0,14 0.001 0 -1 3,12 0.001 1 0 1,14 0.001 0 -1 275.321 710 15,0 0.001 0 1 14,2 0.001 -1 0 15,3 0.001 -1 0 285.313 725 14,13 0.001 1 0 14,15 0.001 -1 0 13,13 0.001 0 -1 212.246 605 ::f,2,1 f,2,13 f,13,1 f,15,13 
297:3,1 0.001 0 1 1,1 0.001 1 1 0,2 0.001 0 -1 395.325 890 0,13 0.001 0 -1 3,12 0.001 1 1 1,14 0.001 0 -1 275.322 710 15,1 0.001 0 1 13,2 0.001 -1 0 14,3 0.001 -1 0 285.316 725 14,13 0.001 1 0 13,15 0.001 -1 0 13,13 0.001 0 -1 219.247 620 ::f,2,1 f,2,13 f,13,1 f,15,13 
298:3,2 0.001 0 1 2,2 0.001 1 1 0,2 0.001 0 -1 395.327 890 0,12 0.001 0 -1 3,12 0.001 0 1 1,14 0.001 0 -1 275.323 710 15,1 0.001 0 1 13,2 0.001 -1 0 14,3 0.001 -1 0 285.316 725 14,13 0.001 1 1 13,15 0.001 -1 0 13,13 0.001 1 -1 219.247 620 ::f,2,1 f,2,13 f,13,1 f,15,13 
299:3,2 0.001 0 1 2,2 0.001 1 1 0,1 0.001 0 -1 395.328 890 0,12 0.001 1 -1 3,13 0.001 0 1 1,13 0.001 0 -1 275.325 710 15,2 0.001 0 1 13,2 0.001 -1 -1 13,3 0.001 -1 0 285.318 725 14,13 0.001 0 1 12,15 0.001 -1 0 13,13 0.001 1 0 219.248 620 ::f,2,1 f,2,13 f,13,1 f,15,13 
