16
0:2,3 0.001 -1 1 2,1 0.003 -1 0 3,1 0.002 0 1 0.002 50 2,13 0.001 -1 1 2,14 0.003 -1 1 0,14 0.002 0 1 0.001 50 13,3 0.001 0 -1 14,1 0.003 0 1 12,3 0.002 -1 1 0.001 50 14,14 0.001 -1 1 15,15 0.003 1 1 15,14 0.002 0 1 0.001 50 ::f,1,0 f,1,12 f,13,12 f,15,3 
1:2,3 0.001 -1 0 2,1 0.001 -1 0 3,1 0.001 0 1 0.002 50 1,14 0.001 -1 1 2,14 0.001 -1 1 0,14 0.002 -1 1 0.002 50 13,2 0.001 0 -1 14,2 0.003 0 1 12,3 0.002 -1 0 0.003 50 14,14 0.001 -1 0 15,15 0.003 0 1 15,14 0.001 0 1 0.001 50 ::f,1,0 f,1,12 f,13,12 f,15,3 
2:1,3 0.001 -1 0 2,1 0.001 -1 0 3,1 0.001 0 1 0.003 50 1,14 0.001 -1 1 1,15 0.001 -1 1 0,14 0.002 -1 0 0.003 50 13,2 0.001 0 -1 14,2 0.001 0 1 12,3 0.002 -1 -1 0.003 50 13,14 0.001 -1 0 15,15 0.003 -1 1 15,14 0.001 -1 1 0.002 50 ::f,1,0 f,1,12 f,13,12 f,15,3 
3:0,3 0.001 -1 0 2,1 0.001 -1 0 3,2 0.001 0 1 0.005 50 1,14 0.001 -1 0 1,15 0.001 -1 0 0,14 0.002 -1 -1 0.003 50 13,2 0.001 0 -1 14,2 0.001 -1 1 12,3 0.002 0 -1 0.003 50 13,14 0.001 -1 0 15,15 0.003 -1 0 14,15 0.001 -1 1 0.003 50 ::f,1,0 f,1,12 f,13,12 f,15,3 
4:0,3 0.001 -1 -1 1,1 0.001 -1 0 3,2 0.001 0 1 0.006 50 1,14 0.001 -1 -1 0,15 0.001 -1 0 0,14 0.002 0 -1 0.004 50 13,1 0.001 0 -1 14,2 0.001 -1 0 12,2 0.002 0 -1 0.005 50 13,14 0.001 -1 -1 15,15 0.003 -1 -1 14,15 0.001 -1 0 0.003 50 ::f,1,0 f,1,12 f,13,12 f,15,3 
5:0,3 0.001 0 -1 0,1 0.001 -1 0 3,2 0.001 0 1 0.007 50 1,14 0.001 0 -1 0,15 0.001 -1 -1 0,13 0.002 0 -1 0.005 50 13,1 0.001 0 -1 13,2 0.001 -1 0 12,1 0.002 0 -1 0.007 50 13,14 0.001 0 -1 14,14 0.003 -1 -1 13,15 0.001 -1 0 0.005 50 ::f,1,0 f,1,12 f,13,12 f,15,3 
6:0,2 0.001 0 -1 0,1 0.001 -1 -1 3,3 0.001 0 1 0.009 50 1,13 0.001 0 -1 0,15 0.001 0 -1 0,13 0.001 0 -1 0.006 50 13,1 0.001 1 -1 13,2 0.001 -1 0 12,1 0.001 0 -1 0.007 50 13,13 0.001 0 -1 14,14 0.001 -1 -1 12,15 0.001 -1 0 0.007 50 ::f,1,0 f,1,12 f,13,12 f,15,3 
7:0,2 0.001 0 -1 0,1 0.001 0 -1 3,3 0.001 -1 1 0.009 50 1,13 0.001 0 -1 0,14 0.001 0 -1 0,13 0.001 1 -1 0.0071 65 13,1 0.001 1 0 13,2 0.001 -1 -1 12,1 0.001 0 -1 0.007 50 13,13 0.001 0 -1 14,14 0.001 0 -1 12,15 0.001 -1 -1 0.0071 65 ::f,1,0 f,1,12 f,13,14 f,15,3 
8:0,2 0.001 1 -1 0,0 0.001 0 -1 3,3 0.001 -1 0 0.01 50 1,13 0.001 1 -1 0,14 0.001 0 -1 0,13 0.001 1 0 0.0071 65 14,1 0.001 1 0 13,2 0.001 0 -1 12,0 0.001 0 -1 0.009 50 13,13 0.001 1 -1 14,13 0.001 0 -1 12,15 0.001 0 -1 0.0081 65 ::f,1,0 f,1,12 f,13,14 f,15,3 
9:1,1 0.001 1 -1 0,0 0.001 1 -1 2,3 0.001 -1 0 0.012 50 1,13 0.001 1 0 0,14 0.001 1 -1 0,13 0.001 1 0 0.0071 65 14,1 0.001 1 0 13,1 0.001 0 -1 12,0 0.001 1 -1 0.01 50 13,13 0.001 1 0 14,13 0.001 0 -1 12,14 0.001 0 -1 0.0091 65 ::f,1,0 f,1,12 f,13,14 f,15,3 
10:2,0 0.001 1 -1 0,0 0.001 1 0 2,3 0.001 -1 0 0.013 50 2,13 0.001 1 0 1,13 0.001 1 -1 0,13 0.001 1 0 0.0091 65 14,1 0.001 1 1 13,1 0.001 0 -1 12,0 0.001 1 0 0.01 50 13,13 0.001 1 0 14,13 0.001 0 -1 12,13 0.001 0 -1 0.0101 65 ::f,1,0 f,1,12 f,13,14 f,15,3 
11:2,0 0.001 1 0 0,0 0.001 1 0 1,3 0.001 -1 0 0.014 50 2,13 0.001 1 0 2,12 0.001 1 -1 0,13 0.001 1 0 0.0101 65 14,1 0.001 0 1 13,1 0.001 1 -1 13,0 0.001 1 0 0.011 50 13,13 0.001 1 0 14,12 0.001 0 -1 12,13 0.001 0 -1 0.0111 65 ::f,1,0 f,1,12 f,13,14 f,15,3 
12:3,0 0.001 1 0 0,0 0.001 1 0 1,3 0.001 -1 0 0.015 50 2,13 0.001 1 1 2,12 0.001 1 0 1,13 0.001 1 0 0.0111 65 14,2 0.001 0 1 13,1 0.001 1 0 14,0 0.001 1 0 0.013 50 13,13 0.001 1 0 14,12 0.001 1 -1 12,13 0.001 0 -1 0.0111 65 ::f,1,0 f,1,12 f,13,14 f,15,3 
13:3,0 0.001 1 1 0,0 0.001 1 0 0,3 0.001 -1 0 0.0161 65 2,13 0.001 0 1 3,12 0.001 1 0 1,13 0.001 1 0 0.0121 65 14,2 0.001 0 1 14,1 0.001 1 0 14,0 0.001 1 0 0.014 50 13,13 0.001 1 0 14,12 0.001 1 0 12,12 0.001 0 -1 0.0121 65 ::f,0,1 f,1,12 f,13,14 f,15,3 
14:3,0 0.001 0 1 1,0 0.001 1 0 0,3 0.001 -1 -1 0.0171 65 2,14 0.001 0 1 3,12 0.001 1 1 1,13 0.001 1 0 0.0131 65 14,2 0.001 -1 1 14,1 0.001 1 0 14,0 0.001 1 0 0.014 50 14,13 0.001 1 0 15,12 0.001 1 0 12,12 0.001 1 -1 0.0141 65 ::f,0,1 f,1,12 f,13,14 f,15,3 
15:3,1 0.001 0 1 1,0 0.001 1 0 0,3 0.001 0 -1 0.0181 65 2,14 0.001 0 1 3,12 0.001 0 1 2,13 0.001 1 0 0.0141 65 14,2 0.001 -1 0 14,1 0.001 1 1 15,0 0.001 1 0 0.015 50 14,13 0.001 1 0 15,12 0.001 1 1 12,12 0.001 1 0 0.0141 65 ::f,0,1 f,1,12 f,13,14 f,15,3 
16:3,2 0.001 0 1 2,0 0.001 1 0 0,2 0.001 0 -1 0.0211 65 2,14 0.001 -1 1 3,13 0.001 0 1 2,13 0.001 1 0 0.0151 65 13,2 0.001 -1 0 14,1 0.001 0 1 15,0 0.001 1 1 0.016 50 14,13 0.001 1 1 15,12 0.001 0 1 13,12 0.001 1 0 0.0151 65 ::f,0,1 f,1,12 f,13,14 f,15,3 
17:3,2 0.001 0 1 2,0 0.001 1 0 0,2 0.001 0 -1 0.0212 80 2,14 0.001 -1 0 3,14 0.001 0 1 2,13 0.001 1 1 0.0161 65 13,2 0.001 -1 0 14,2 0.001 0 1 15,0 0.001 0 1 0.017 50 14,13 0.001 0 1 15,13 0.001 0 1 14,12 0.001 1 0 0.0171 65 ::f,1,12 f,3,3 f,13,14 f,15,3 
18:3,2 0.001 0 1 2,0 0.001 1 0 0,1 0.001 0 -1 0.0223 95 1,14 0.001 -1 0 3,14 0.001 0 1 2,13 0.001 0 1 0.0171 65 13,2 0.001 -1 -1 14,2 0.001 0 1 15,1 0.001 0 1 0.018 50 14,14 0.001 0 1 15,14 0.001 0 1 15,12 0.001 1 0 0.0201 65 ::f,1,12 f,2,1 f,13,14 f,15,3 
19:3,3 0.001 0 1 3,0 0.001 1 0 0,1 0.001 0 -1 0.0243 95 1,14 0.001 -1 0 3,14 0.001 0 1 2,14 0.001 0 1 0.0181 65 13,2 0.001 0 -1 14,2 0.001 -1 1 15,2 0.001 0 1 0.019 50 14,14 0.001 0 1 15,14 0.001 0 1 15,12 0.001 1 1 0.0201 65 ::f,1,12 f,2,1 f,13,14 f,15,3 
20:3,3 0.001 -1 1 3,0 0.001 1 1 0,1 0.001 0 -1 0.0243 95 1,14 0.001 -1 -1 3,15 0.001 0 1 2,14 0.001 0 1 0.0191 65 13,1 0.001 0 -1 14,2 0.001 -1 0 15,2 0.001 0 1 0.0201 65 14,14 0.001 -1 1 15,14 0.001 0 1 15,12 0.001 0 1 0.0201 65 ::f,1,12 f,2,1 f,12,0 f,13,14 
21:3,3 0.001 -1 0 3,0 0.001 0 1 0,1 0.001 0 -1 0.0243 95 1,14 0.001 0 -1 3,15 0.001 -1 1 2,14 0.001 -1 1 0.0191 65 13,1 0.001 0 -1 13,2 0.001 -1 0 15,3 0.001 0 1 0.0221 65 14,14 0.001 -1 0 15,14 0.001 0 1 15,13 0.001 0 1 0.0211 65 ::f,1,12 f,2,1 f,12,0 f,13,14 
22:2,3 0.001 -1 0 3,1 0.001 0 1 0,1 0.001 0 -1 0.0263 95 1,13 0.001 0 -1 3,15 0.001 -1 0 2,14 0.001 -1 0 0.0201 65 13,1 0.001 1 -1 13,2 0.001 -1 0 15,3 0.001 -1 1 0.0221 65 14,14 0.001 -1 0 15,14 0.001 0 1 15,13 0.001 0 1 0.0211 65 ::f,1,12 f,2,1 f,12,0 f,13,14 
23:1,3 0.001 -1 0 3,2 0.001 0 1 0,0 0.001 0 -1 0.0293 95 1,13 0.001 0 -1 3,15 0.001 -1 0 1,14 0.001 -1 0 1.0212 80 13,1 0.001 1 0 13,2 0.001 -1 -1 15,3 0.001 -1 0 0.0221 65 14,14 0.001 -1 0 15,15 0.001 0 1 15,14 0.001 0 1 1.0232 80 ::f,2,1 f,2,15 f,12,0 f,13,14 
24:0,3 0.001 -1 0 3,3 0.001 0 1 0,0 0.001 1 -1 0.0313 95 1,13 0.001 1 -1 3,15 0.001 -1 0 1,14 0.001 -1 0 1.0212 80 14,1 0.001 1 0 13,2 0.001 0 -1 14,3 0.001 -1 0 0.0241 65 14,14 0.001 -1 0 15,15 0.001 -1 1 15,14 0.001 0 1 3.0233 95 ::f,2,1 f,2,15 f,12,0 f,14,13 
25:0,3 0.001 -1 -1 3,3 0.001 -1 1 0,0 0.001 1 0 0.0313 95 1,13 0.001 1 0 3,15 0.001 -1 0 1,14 0.001 -1 -1 1.0212 80 14,1 0.001 1 0 13,1 0.001 0 -1 13,3 0.001 -1 0 0.0261 65 13,14 0.001 -1 0 15,15 0.001 -1 0 15,14 0.001 -1 1 3.0243 95 ::f,2,1 f,2,15 f,12,0 f,14,13 
26:0,3 0.001 0 -1 3,3 0.001 -1 0 1,0 0.001 1 0 0.0323 95 2,13 0.001 1 0 3,15 0.001 -1 0 1,14 0.001 0 -1 1.0222 80 14,1 0.001 1 1 13,1 0.001 0 -1 13,3 0.001 -1 0 0.0261 65 13,14 0.001 -1 0 14,15 0.001 -1 0 15,14 0.001 -1 0 3.0253 95 ::f,2,1 f,2,15 f,12,0 f,14,13 
27:0,2 0.001 0 -1 2,3 0.001 -1 0 2,0 0.001 1 0 0.0353 95 2,13 0.001 1 0 3,15 0.001 -1 0 1,13 0.001 0 -1 1.0232 80 14,1 0.001 0 1 13,1 0.001 1 -1 13,3 0.001 -1 0 0.0261 65 13,14 0.001 -1 -1 13,15 0.001 -1 0 14,14 0.001 -1 0 3.0273 95 ::f,2,1 f,2,15 f,12,0 f,14,13 
28:0,1 0.001 0 -1 1,3 0.001 -1 0 2,0 0.001 1 0 0.0373 95 2,13 0.001 1 1 3,15 0.001 -1 0 1,13 0.001 0 -1 1.0233 95 14,2 0.001 0 1 13,1 0.001 1 0 12,3 0.001 -1 0 0.0281 65 13,14 0.001 0 -1 13,15 0.001 -1 0 14,14 0.001 -1 0 3.0273 95 ::f,0,15 f,2,1 f,12,0 f,14,13 
29:0,0 0.001 0 -1 1,3 0.001 -1 0 3,0 0.001 1 0 0.0393 95 2,13 0.001 0 1 2,15 0.001 -1 0 1,13 0.001 1 -1 1.0243 95 14,2 0.001 0 1 14,1 0.001 1 0 12,3 0.001 -1 -1 0.0291 65 13,13 0.001 0 -1 13,15 0.001 -1 0 13,14 0.001 -1 0 3.0293 95 ::f,0,15 f,2,1 f,12,0 f,14,13 
30:0,0 0.001 1 -1 1,3 0.001 -1 0 3,0 0.001 1 1 0.0393 95 2,14 0.001 0 1 2,15 0.001 -1 0 1,13 0.001 1 0 1.0253 95 14,2 0.001 -1 1 14,1 0.001 1 0 12,3 0.001 0 -1 0.0291 65 13,13 0.001 0 -1 12,15 0.001 -1 0 12,14 0.001 -1 0 3.0313 95 ::f,0,15 f,2,1 f,12,0 f,14,13 
31:0,0 0.001 1 0 0,3 0.001 -1 0 3,0 0.001 0 1 0.0403 95 2,14 0.001 0 1 1,15 0.001 -1 0 2,13 0.001 1 0 1.0273 95 14,2 0.001 -1 0 14,1 0.001 1 1 12,2 0.001 0 -1 0.0301 65 13,13 0.001 1 -1 12,15 0.001 -1 -1 12,14 0.001 -1 -1 3.0313 95 ::f,0,15 f,2,1 f,12,0 f,14,13 
32:1,0 0.001 1 0 0,3 0.001 -1 -1 3,1 0.001 0 1 0.0423 95 2,14 0.001 -1 1 1,15 0.001 -1 0 2,13 0.001 1 0 2.0274 110 13,2 0.001 -1 0 14,1 0.001 0 1 12,2 0.001 0 -1 0.0311 65 13,13 0.001 1 0 12,15 0.001 0 -1 12,14 0.001 0 -1 3.0313 95 ::f,2,1 f,3,14 f,12,0 f,14,13 
33:1,0 0.001 1 0 0,3 0.001 0 -1 3,1 0.001 0 1 0.0423 95 2,14 0.001 -1 0 0,15 0.001 -1 0 2,13 0.001 1 1 2.0284 110 13,2 0.001 -1 0 14,2 0.001 0 1 12,2 0.001 0 -1 0.0321 65 13,13 0.001 1 0 12,15 0.001 1 -1 12,13 0.001 0 -1 3.0323 95 ::f,2,1 f,3,14 f,12,0 f,14,13 
34:2,0 0.001 1 0 0,2 0.001 0 -1 3,2 0.001 0 1 0.0453 95 1,14 0.001 -1 0 0,15 0.001 -1 -1 2,13 0.001 0 1 2.0294 110 13,2 0.001 -1 -1 14,2 0.001 0 1 12,2 0.001 0 -1 0.0321 65 13,13 0.001 1 0 13,14 0.001 1 -1 12,13 0.001 0 -1 6.0334 110 ::f,2,1 f,3,14 f,12,0 f,15,13 
35:3,0 0.001 1 0 0,1 0.001 0 -1 3,3 0.001 0 1 0.0483 95 1,14 0.001 -1 0 0,15 0.001 0 -1 2,14 0.001 0 1 2.0304 110 13,2 0.001 0 -1 14,2 0.001 -1 1 12,1 0.001 0 -1 0.0331 65 13,13 0.001 1 0 13,14 0.001 1 -1 12,12 0.001 0 -1 6.0344 110 ::f,2,1 f,3,14 f,12,0 f,15,13 
36:3,0 0.001 1 1 0,1 0.001 0 -1 3,3 0.001 -1 1 0.0483 95 1,14 0.001 -1 -1 0,14 0.001 0 -1 2,14 0.001 0 1 2.0314 110 13,1 0.001 0 -1 14,2 0.001 -1 0 12,1 0.001 0 -1 1.0342 80 13,13 0.001 1 1 13,14 0.001 1 -1 12,12 0.001 1 -1 6.0344 110 ::f,2,1 f,3,14 f,13,2 f,15,13 
37:3,0 0.001 0 1 0,0 0.001 0 -1 3,3 0.001 -1 0 0.0493 95 1,14 0.001 0 -1 0,13 0.001 0 -1 2,14 0.001 -1 1 2.0324 110 13,1 0.001 0 -1 14,2 0.001 -1 0 12,0 0.001 0 -1 1.0352 80 14,14 0.001 1 1 14,13 0.001 1 -1 12,12 0.001 1 0 6.0364 110 ::f,2,1 f,3,14 f,13,2 f,15,13 
38:3,1 0.001 0 1 0,0 0.001 1 -1 2,3 0.001 -1 0 0.0513 95 1,13 0.001 0 -1 0,12 0.001 0 -1 2,14 0.001 -1 0 2.0344 110 13,1 0.001 1 -1 14,2 0.001 -1 0 12,0 0.001 1 -1 1.0352 80 14,14 0.001 1 1 14,13 0.001 1 -1 13,12 0.001 1 0 6.0374 110 ::f,2,1 f,3,14 f,13,2 f,15,13 
39:3,1 0.001 0 1 0,0 0.001 1 0 1,3 0.001 -1 0 0.0523 95 1,13 0.001 0 -1 0,12 0.001 1 -1 1,14 0.001 -1 0 2.0354 110 13,1 0.001 1 0 14,2 0.001 -1 0 12,0 0.001 1 0 1.0353 95 14,14 0.001 0 1 15,12 0.001 1 -1 14,12 0.001 1 0 6.0394 110 ::f,2,1 f,3,14 f,13,0 f,15,13 
40:3,1 0.001 0 1 1,0 0.001 1 0 1,3 0.001 -1 0 0.0533 95 1,13 0.001 1 -1 0,12 0.001 1 0 1,14 0.001 -1 0 2.0354 110 14,1 0.001 1 0 14,2 0.001 -1 0 12,0 0.001 1 0 1.0363 95 14,14 0.001 -1 1 15,12 0.001 1 0 14,12 0.001 1 0 6.0394 110 ::f,2,1 f,3,14 f,13,0 f,15,13 
41:3,1 0.001 0 1 2,0 0.001 1 0 1,3 0.001 -1 0 0.0543 95 1,13 0.001 1 0 1,12 0.001 1 0 1,14 0.001 -1 -1 2.0364 110 14,1 0.001 1 0 14,2 0.001 -1 0 12,0 0.001 1 0 1.0363 95 14,14 0.001 -1 0 15,12 0.001 1 1 14,12 0.001 1 1 6.0394 110 ::f,2,1 f,3,14 f,13,0 f,15,13 
42:3,1 0.001 0 1 2,0 0.001 1 0 0,3 0.001 -1 0 0.0553 95 2,13 0.001 1 0 2,12 0.001 1 0 1,14 0.001 0 -1 2.0384 110 14,1 0.001 1 1 13,2 0.001 -1 0 12,0 0.001 1 0 3.0374 110 13,14 0.001 -1 0 15,12 0.001 0 1 14,12 0.001 1 1 6.0404 110 ::f,2,1 f,3,14 f,13,0 f,15,13 
43:3,2 0.001 0 1 2,0 0.001 1 0 0,3 0.001 -1 -1 0.0563 95 2,13 0.001 1 0 2,12 0.001 1 0 1,13 0.001 0 -1 2.0394 110 14,1 0.001 0 1 13,2 0.001 -1 0 12,0 0.001 1 0 3.0374 110 13,14 0.001 -1 0 15,12 0.001 0 1 14,12 0.001 1 1 6.0405 125 ::f,2,1 f,3,14 f,13,0 f,15,15 
44:3,2 0.001 0 1 3,0 0.001 1 0 0,3 0.001 0 -1 0.0573 95 2,13 0.001 1 1 2,12 0.001 1 0 1,13 0.001 0 -1 2.0394 110 14,2 0.001 0 1 13,2 0.001 -1 -1 12,0 0.001 1 0 6.0385 125 13,14 0.001 -1 -1 15,13 0.001 0 1 14,12 0.001 1 1 6.0415 125 ::f,2,1 f,3,14 f,15,0 f,15,15 
45:3,3 0.001 0 1 3,0 0.001 1 1 0,2 0.001 0 -1 0.0593 95 2,13 0.001 0 1 3,12 0.001 1 0 1,13 0.001 1 -1 2.0404 110 14,2 0.001 0 1 13,2 0.001 0 -1 13,0 0.001 1 0 6.0395 125 13,14 0.001 0 -1 15,14 0.001 0 1 15,13 0.001 1 1 6.0435 125 ::f,2,1 f,3,14 f,15,0 f,15,15 
46:3,3 0.001 -1 1 3,0 0.001 0 1 0,1 0.001 0 -1 0.0603 95 2,14 0.001 0 1 3,12 0.001 1 1 1,13 0.001 1 0 2.0414 110 14,2 0.001 -1 1 13,1 0.001 0 -1 13,0 0.001 1 0 6.0405 125 13,13 0.001 0 -1 15,14 0.001 0 1 15,13 0.001 0 1 6.0446 140 ::f,2,1 f,3,14 f,15,0 f,15,12 
47:3,3 0.001 -1 0 3,1 0.001 0 1 0,1 0.001 0 -1 0.0613 95 2,14 0.001 0 1 3,12 0.001 0 1 2,13 0.001 1 0 2.0424 110 14,2 0.001 -1 0 13,1 0.001 0 -1 14,0 0.001 1 0 6.0415 125 13,13 0.001 0 -1 15,15 0.001 0 1 15,14 0.001 0 1 6.0466 140 ::f,2,1 f,3,14 f,15,0 f,15,12 
48:2,3 0.001 -1 0 3,2 0.001 0 1 0,1 0.001 0 -1 0.0633 95 2,14 0.001 -1 1 3,13 0.001 0 1 2,13 0.001 1 0 2.0434 110 13,2 0.001 -1 0 13,1 0.001 1 -1 14,0 0.001 1 0 10.0426 140 13,13 0.001 1 -1 15,15 0.001 -1 1 15,14 0.001 0 1 6.0466 140 ::f,2,1 f,3,14 f,14,1 f,15,12 
49:1,3 0.001 -1 0 3,3 0.001 0 1 0,1 0.001 0 -1 0.0653 95 2,14 0.001 -1 0 3,13 0.001 0 1 2,13 0.001 1 1 4.0435 125 13,2 0.001 -1 0 13,1 0.001 1 0 15,0 0.001 1 0 10.0436 140 13,13 0.001 1 0 15,15 0.001 -1 0 15,14 0.001 -1 1 6.0466 140 ::f,2,1 f,3,12 f,14,1 f,15,12 
50:1,3 0.001 -1 0 3,3 0.001 -1 1 0,0 0.001 0 -1 0.0663 95 1,14 0.001 -1 0 3,14 0.001 0 1 2,13 0.001 0 1 4.0455 125 13,2 0.001 -1 -1 13,1 0.001 1 0 15,0 0.001 1 1 10.0436 140 14,13 0.001 1 0 14,15 0.001 -1 0 15,14 0.001 -1 0 6.0486 140 ::f,2,1 f,3,12 f,14,1 f,15,12 
51:0,3 0.001 -1 0 3,3 0.001 -1 0 0,0 0.001 1 -1 0.0673 95 1,14 0.001 -1 0 3,14 0.001 0 1 2,14 0.001 0 1 4.0465 125 13,2 0.001 0 -1 13,1 0.001 1 0 15,0 0.001 0 1 11.0437 155 14,13 0.001 1 0 14,15 0.001 -1 0 14,14 0.001 -1 0 6.0496 140 ::f,2,1 f,3,12 f,12,2 f,15,12 
52:0,3 0.001 -1 -1 2,3 0.001 -1 0 0,0 0.001 1 0 0.0683 95 1,14 0.001 -1 -1 3,15 0.001 0 1 2,14 0.001 0 1 4.0475 125 13,2 0.001 0 -1 13,1 0.001 1 0 15,1 0.001 0 1 11.0447 155 14,13 0.001 1 1 14,15 0.001 -1 0 14,14 0.001 -1 0 6.0496 140 ::f,2,1 f,3,12 f,12,2 f,15,12 
53:0,3 0.001 0 -1 1,3 0.001 -1 0 1,0 0.001 1 0 0.0703 95 1,14 0.001 0 -1 3,15 0.001 -1 1 2,14 0.001 -1 1 4.0475 125 13,2 0.001 0 -1 13,1 0.001 1 0 15,1 0.001 0 1 11.0447 155 14,13 0.001 0 1 13,15 0.001 -1 0 14,14 0.001 -1 0 6.0506 140 ::f,2,1 f,3,12 f,12,2 f,15,12 
54:0,2 0.001 0 -1 0,3 0.001 -1 0 2,0 0.001 1 0 0.0733 95 1,13 0.001 0 -1 3,15 0.001 -1 0 2,14 0.001 -1 0 4.0485 125 13,2 0.001 0 -1 13,1 0.001 1 1 15,1 0.001 0 1 11.0447 155 14,13 0.001 0 1 13,15 0.001 -1 0 13,14 0.001 -1 0 6.0516 140 ::f,2,1 f,3,12 f,12,2 f,15,12 
55:0,1 0.001 0 -1 0,3 0.001 -1 -1 3,0 0.001 1 0 0.0753 95 1,13 0.001 0 -1 2,15 0.001 -1 0 1,14 0.001 -1 0 4.0505 125 13,2 0.001 0 -1 14,2 0.001 1 1 15,2 0.001 0 1 11.0467 155 14,13 0.001 0 1 12,15 0.001 -1 0 13,14 0.001 -1 0 6.0526 140 ::f,2,1 f,3,12 f,12,2 f,15,12 
56:0,1 0.001 0 -1 0,3 0.001 0 -1 3,0 0.001 1 1 0.0753 95 1,13 0.001 1 -1 1,15 0.001 -1 0 1,14 0.001 -1 0 4.0515 125 13,1 0.001 0 -1 14,2 0.001 1 1 15,3 0.001 0 1 11.0487 155 14,14 0.001 0 1 12,15 0.001 -1 -1 12,14 0.001 -1 0 6.0546 140 ::f,2,1 f,3,12 f,12,2 f,15,12 
57:0,1 0.001 0 -1 0,2 0.001 0 -1 3,0 0.001 0 1 0.0763 95 1,13 0.001 1 0 0,15 0.001 -1 0 1,14 0.001 -1 -1 4.0525 125 13,1 0.001 0 -1 14,2 0.001 0 1 15,3 0.001 -1 1 11.0487 155 14,14 0.001 0 1 12,15 0.001 0 -1 12,14 0.001 -1 -1 6.0546 140 ::f,2,1 f,3,12 f,12,2 f,15,12 
58:0,1 0.001 0 -1 0,2 0.001 0 -1 3,1 0.001 0 1 0.0773 95 2,13 0.001 1 0 0,15 0.001 -1 -1 1,14 0.001 0 -1 4.0535 125 13,1 0.001 1 -1 14,2 0.001 -1 1 15,3 0.001 -1 0 11.0487 155 14,14 0.001 -1 1 12,15 0.001 1 -1 12,14 0.001 0 -1 6.0546 140 ::f,2,1 f,3,12 f,12,2 f,15,12 
59:0,0 0.001 0 -1 0,1 0.001 0 -1 3,2 0.001 0 1 0.0803 95 2,13 0.001 1 0 0,15 0.001 0 -1 1,13 0.001 0 -1 4.0545 125 13,1 0.001 1 0 14,2 0.001 -1 0 14,3 0.001 -1 0 11.0497 155 14,14 0.001 -1 0 13,14 0.001 1 -1 12,13 0.001 0 -1 6.0566 140 ::f,2,1 f,3,12 f,12,2 f,15,12 
60:0,0 0.001 1 -1 0,1 0.001 0 -1 3,2 0.001 0 1 0.0803 95 2,13 0.001 1 1 0,14 0.001 0 -1 1,13 0.001 0 -1 4.0555 125 14,1 0.001 1 0 13,2 0.001 -1 0 13,3 0.001 -1 0 11.0527 155 14,14 0.001 -1 0 14,13 0.001 1 -1 12,13 0.001 0 -1 6.0576 140 ::f,2,1 f,3,12 f,12,2 f,15,12 
61:0,0 0.001 1 0 0,1 0.001 1 -1 3,2 0.001 0 1 0.0803 95 2,13 0.001 0 1 0,13 0.001 0 -1 1,13 0.001 1 -1 4.0565 125 14,1 0.001 1 0 13,2 0.001 -1 0 13,3 0.001 -1 0 13.0528 170 14,14 0.001 -1 0 14,13 0.001 1 -1 12,12 0.001 0 -1 7.0587 155 ::f,2,1 f,3,12 f,13,1 f,15,12 
62:1,0 0.001 1 0 0,1 0.001 1 0 3,2 0.001 0 1 0.0813 95 2,14 0.001 0 1 0,12 0.001 0 -1 1,13 0.001 1 0 4.0585 125 14,1 0.001 1 1 13,2 0.001 -1 -1 13,3 0.001 -1 0 13.0528 170 14,14 0.001 -1 0 14,13 0.001 1 -1 12,12 0.001 1 -1 9.0588 170 ::f,2,1 f,3,12 f,13,1 f,15,14 
63:1,0 0.001 1 0 1,1 0.001 1 0 3,3 0.001 0 1 0.0833 95 2,14 0.001 0 1 0,12 0.001 1 -1 2,13 0.001 1 0 4.0595 125 14,1 0.001 0 1 13,2 0.001 0 -1 13,3 0.001 -1 0 13.0528 170 14,14 0.001 -1 0 15,12 0.001 1 -1 12,12 0.001 1 0 9.0598 170 ::f,2,1 f,3,12 f,13,1 f,15,14 
64:1,0 0.001 1 0 1,1 0.001 1 0 3,3 0.001 -1 1 1.0834 110 2,14 0.001 -1 1 0,12 0.001 1 0 2,13 0.001 1 0 4.0595 125 14,2 0.001 0 1 13,2 0.001 0 -1 13,3 0.001 -1 0 13.0538 170 13,14 0.001 -1 0 15,12 0.001 1 0 13,12 0.001 1 0 9.0618 170 ::f,2,2 f,3,12 f,13,1 f,15,14 
65:2,0 0.001 1 0 2,1 0.001 1 0 3,3 0.001 -1 0 1.0854 110 2,14 0.001 -1 0 1,12 0.001 1 0 2,13 0.001 1 1 4.0605 125 14,2 0.001 0 1 13,2 0.001 0 -1 13,3 0.001 -1 0 16.0539 185 13,14 0.001 -1 0 15,12 0.001 1 1 13,12 0.001 1 0 9.0618 170 ::f,2,2 f,3,12 f,15,1 f,15,14 
66:3,0 0.001 1 0 3,1 0.001 1 0 2,3 0.001 -1 0 1.0884 110 1,14 0.001 -1 0 2,12 0.001 1 0 2,13 0.001 0 1 4.0625 125 14,2 0.001 -1 1 13,2 0.001 0 -1 12,3 0.001 -1 0 16.0549 185 13,14 0.001 -1 -1 15,12 0.001 0 1 13,12 0.001 1 0 9.0618 170 ::f,2,2 f,3,12 f,15,1 f,15,14 
67:3,0 0.001 1 1 3,1 0.001 1 1 2,3 0.001 -1 0 1.0884 110 1,14 0.001 -1 0 2,12 0.001 1 0 2,14 0.001 0 1 7.0636 140 14,2 0.001 -1 0 13,2 0.001 1 -1 12,3 0.001 -1 -1 16.0549 185 13,14 0.001 0 -1 15,13 0.001 0 1 14,12 0.001 1 0 9.0638 170 ::f,2,2 f,2,15 f,15,1 f,15,14 
68:3,0 0.001 0 1 3,1 0.001 0 1 1,3 0.001 -1 0 1.0894 110 1,14 0.001 -1 -1 3,12 0.001 1 0 2,14 0.001 0 1 7.0647 155 14,2 0.001 -1 0 14,1 0.001 1 -1 12,3 0.001 0 -1 16.0559 185 13,13 0.001 0 -1 15,13 0.001 0 1 15,12 0.001 1 0 12.0659 185 ::f,0,14 f,2,2 f,14,15 f,15,1 
69:3,0 0.001 -1 1 3,2 0.001 0 1 0,3 0.001 -1 0 1.0914 110 1,14 0.001 0 -1 3,12 0.001 1 1 2,14 0.001 -1 1 7.0647 155 14,2 0.001 -1 0 14,1 0.001 1 -1 12,2 0.001 0 -1 16.0569 185 13,13 0.001 0 -1 15,14 0.001 0 1 15,12 0.001 1 1 12.0669 185 ::f,0,14 f,2,2 f,14,15 f,15,1 
70:2,1 0.001 -1 1 3,3 0.001 0 1 0,3 0.001 -1 -1 1.0934 110 1,13 0.001 0 -1 3,12 0.001 0 1 2,14 0.001 -1 0 7.0657 155 14,2 0.001 -1 0 14,1 0.001 1 0 12,1 0.001 0 -1 16.0579 185 13,13 0.001 1 -1 15,15 0.001 0 1 15,12 0.001 0 1 12.0679 185 ::f,0,14 f,2,2 f,14,15 f,15,1 
71:2,1 0.001 -1 1 3,3 0.001 -1 1 0,3 0.001 0 -1 1.0934 110 1,13 0.001 0 -1 3,13 0.001 0 1 1,14 0.001 -1 0 7.0677 155 13,2 0.001 -1 0 14,1 0.001 1 1 12,1 0.001 0 -1 16.0589 185 13,13 0.001 1 0 15,15 0.001 -1 1 15,13 0.001 0 1 12.0689 185 ::f,0,14 f,2,2 f,14,15 f,15,1 
72:1,2 0.001 -1 1 3,3 0.001 -1 0 0,2 0.001 0 -1 1.0954 110 1,13 0.001 1 -1 3,14 0.001 0 1 1,14 0.001 -1 0 8.0688 170 13,2 0.001 -1 0 14,1 0.001 0 1 12,1 0.001 0 -1 16.0589 185 14,13 0.001 1 0 15,15 0.001 -1 0 15,13 0.001 0 1 12.0699 185 ::f,1,15 f,2,2 f,14,15 f,15,1 
73:0,3 0.001 -1 1 2,3 0.001 -1 0 0,1 0.001 0 -1 1.0984 110 1,13 0.001 1 0 3,14 0.001 0 1 1,14 0.001 -1 -1 8.0688 170 13,2 0.001 -1 -1 14,2 0.001 0 1 12,1 0.001 0 -1 16.0599 185 14,13 0.001 1 0 15,15 0.001 -1 0 15,14 0.001 0 1 12.0709 185 ::f,1,15 f,2,2 f,14,15 f,15,1 
74:0,3 0.001 -1 0 1,3 0.001 -1 0 0,0 0.001 0 -1 1.1004 110 2,13 0.001 1 0 3,14 0.001 0 1 1,14 0.001 0 -1 8.0698 170 13,2 0.001 0 -1 14,2 0.001 0 1 12,0 0.001 0 -1 16.0609 185 14,13 0.001 1 1 15,15 0.001 -1 0 15,14 0.001 0 1 12.0709 185 ::f,1,15 f,2,2 f,14,15 f,15,1 
75:0,3 0.001 -1 -1 1,3 0.001 -1 0 0,0 0.001 1 -1 1.1004 110 2,13 0.001 1 0 3,15 0.001 0 1 1,13 0.001 0 -1 8.0718 170 13,1 0.001 0 -1 14,2 0.001 -1 1 12,0 0.001 1 -1 16.0619 185 14,13 0.001 0 1 15,15 0.001 -1 0 15,14 0.001 -1 1 16.071 200 ::f,1,15 f,2,2 f,12,13 f,15,1 
76:0,3 0.001 0 -1 1,3 0.001 -1 -1 0,0 0.001 1 0 1.1004 110 2,13 0.001 1 1 3,15 0.001 -1 1 1,13 0.001 0 -1 8.0718 170 13,1 0.001 0 -1 14,2 0.001 -1 0 12,0 0.001 1 0 16.0619 185 14,14 0.001 0 1 14,15 0.001 -1 0 15,14 0.001 -1 0 16.073 200 ::f,1,15 f,2,2 f,12,13 f,15,1 
77:0,2 0.001 0 -1 1,3 0.001 0 -1 1,0 0.001 1 0 1.1024 110 2,13 0.001 0 1 3,15 0.001 -1 0 1,13 0.001 1 -1 8.0718 170 13,1 0.001 1 -1 13,2 0.001 -1 0 13,0 0.001 1 0 16.0639 185 14,14 0.001 0 1 13,15 0.001 -1 0 15,14 0.001 -1 -1 16.074 200 ::f,1,15 f,2,2 f,12,13 f,15,1 
78:0,2 0.001 0 -1 1,2 0.001 0 -1 2,0 0.001 1 0 1.1044 110 2,14 0.001 0 1 2,15 0.001 -1 0 1,13 0.001 1 0 8.0738 170 13,1 0.001 1 0 13,2 0.001 -1 0 13,0 0.001 1 0 16.0639 185 14,14 0.001 -1 1 13,15 0.001 -1 0 14,13 0.001 -1 -1 16.075 200 ::f,1,15 f,2,2 f,12,13 f,15,1 
79:0,2 0.001 0 -1 1,2 0.001 0 -1 2,0 0.001 1 0 1.1044 110 2,14 0.001 0 1 2,15 0.001 -1 0 2,13 0.001 1 0 12.0749 185 14,1 0.001 1 0 13,2 0.001 -1 -1 14,0 0.001 1 0 16.0659 185 14,14 0.001 -1 0 13,15 0.001 -1 0 14,13 0.001 -1 -1 16.075 200 ::f,2,2 f,3,14 f,12,13 f,15,1 
80:0,1 0.001 0 -1 1,1 0.001 0 -1 3,0 0.001 1 0 1.1074 110 2,14 0.001 -1 1 1,15 0.001 -1 0 2,13 0.001 1 0 12.0759 185 14,1 0.001 1 0 13,2 0.001 0 -1 14,0 0.001 1 0 16.066 200 13,14 0.001 -1 0 12,15 0.001 -1 0 14,13 0.001 -1 -1 16.077 200 ::f,2,2 f,3,14 f,12,13 f,15,1 
81:0,1 0.001 0 -1 1,1 0.001 0 -1 3,0 0.001 1 1 1.1074 110 2,14 0.001 -1 0 0,15 0.001 -1 0 2,13 0.001 1 1 12.0769 185 14,1 0.001 1 1 13,1 0.001 0 -1 15,0 0.001 1 0 16.068 200 13,14 0.001 -1 0 12,15 0.001 -1 -1 14,13 0.001 -1 -1 16.077 200 ::f,2,2 f,3,14 f,12,13 f,15,1 
82:0,1 0.001 0 -1 1,1 0.001 0 -1 3,0 0.001 0 1 1.1074 110 1,14 0.001 -1 0 0,15 0.001 -1 -1 2,13 0.001 0 1 12.0779 185 14,1 0.001 0 1 13,1 0.001 0 -1 15,0 0.001 1 1 16.068 200 13,14 0.001 -1 -1 12,15 0.001 0 -1 13,12 0.001 -1 -1 16.078 200 ::f,2,2 f,3,14 f,12,13 f,15,1 
83:0,0 0.001 0 -1 1,1 0.001 0 -1 3,1 0.001 0 1 1.1094 110 1,14 0.001 -1 0 0,15 0.001 0 -1 2,14 0.001 0 1 12.0789 185 14,2 0.001 0 1 13,1 0.001 1 -1 15,0 0.001 0 1 16.069 200 13,14 0.001 0 -1 12,14 0.001 0 -1 13,12 0.001 0 -1 16.079 200 ::f,2,2 f,3,14 f,12,13 f,15,1 
84:0,0 0.001 1 -1 1,0 0.001 0 -1 3,2 0.001 0 1 1.1114 110 1,14 0.001 -1 -1 0,14 0.001 0 -1 2,14 0.001 0 1 12.0799 185 14,2 0.001 0 1 13,1 0.001 1 0 15,0 0.001 0 1 16.069 200 13,13 0.001 0 -1 12,14 0.001 0 -1 13,12 0.001 1 -1 21.0801 215 ::f,2,2 f,3,14 f,12,15 f,15,1 
85:0,0 0.001 1 0 1,0 0.001 1 -1 3,3 0.001 0 1 1.1124 110 1,14 0.001 0 -1 0,13 0.001 0 -1 2,14 0.001 -1 1 12.0809 185 14,2 0.001 -1 1 14,1 0.001 1 0 15,0 0.001 0 1 16.07 200 13,13 0.001 0 -1 12,13 0.001 0 -1 13,12 0.001 1 0 21.0811 215 ::f,2,2 f,3,14 f,12,15 f,15,1 
86:0,0 0.001 1 1 1,0 0.001 1 0 3,3 0.001 -1 1 1.1124 110 1,13 0.001 0 -1 0,13 0.001 0 -1 2,14 0.001 -1 0 12.0819 185 14,2 0.001 -1 0 14,1 0.001 1 0 15,1 0.001 0 1 20.0711 215 13,13 0.001 1 -1 12,12 0.001 0 -1 14,12 0.001 1 0 21.0831 215 ::f,2,2 f,3,14 f,12,15 f,14,0 
87:1,1 0.001 1 1 2,0 0.001 1 0 3,3 0.001 -1 0 1.1144 110 1,13 0.001 0 -1 0,12 0.001 0 -1 1,14 0.001 -1 0 12.0839 185 13,2 0.001 -1 0 14,1 0.001 1 1 15,2 0.001 0 1 20.0731 215 13,13 0.001 1 0 12,12 0.001 1 -1 14,12 0.001 1 0 21.0831 215 ::f,2,2 f,3,14 f,12,15 f,14,0 
88:1,1 0.001 1 1 3,0 0.001 1 0 2,3 0.001 -1 0 2.1165 125 1,13 0.001 1 -1 0,12 0.001 1 -1 1,14 0.001 -1 0 12.0839 185 13,2 0.001 -1 0 14,1 0.001 0 1 15,2 0.001 0 1 20.0731 215 14,13 0.001 1 0 12,12 0.001 1 0 14,12 0.001 1 0 21.0841 215 ::f,0,0 f,3,14 f,12,15 f,14,0 
89:2,2 0.001 1 1 3,0 0.001 1 1 1,3 0.001 -1 0 2.1185 125 1,13 0.001 1 0 0,12 0.001 1 0 1,14 0.001 -1 -1 12.0839 185 13,2 0.001 -1 -1 14,2 0.001 0 1 15,2 0.001 0 1 20.0741 215 14,13 0.001 1 0 13,12 0.001 1 0 14,12 0.001 1 0 21.0851 215 ::f,0,0 f,3,14 f,12,15 f,14,0 
90:2,2 0.001 1 1 3,0 0.001 0 1 0,3 0.001 -1 0 2.1195 125 2,13 0.001 1 0 1,12 0.001 1 0 1,14 0.001 0 -1 12.0859 185 13,2 0.001 0 -1 14,2 0.001 0 1 15,2 0.001 0 1 20.0741 215 14,13 0.001 1 1 13,12 0.001 1 0 15,12 0.001 1 0 21.0861 215 ::f,0,0 f,3,14 f,12,15 f,14,0 
91:3,3 0.001 1 1 3,1 0.001 0 1 0,3 0.001 -1 -1 2.1215 125 2,13 0.001 1 0 2,12 0.001 1 0 1,13 0.001 0 -1 12.0879 185 13,1 0.001 0 -1 14,2 0.001 -1 1 15,3 0.001 0 1 20.0761 215 14,13 0.001 0 1 14,12 0.001 1 0 15,12 0.001 1 1 21.0871 215 ::f,0,0 f,3,14 f,12,15 f,14,0 
92:3,3 0.001 0 1 3,2 0.001 0 1 0,3 0.001 0 -1 2.1225 125 2,13 0.001 1 1 2,12 0.001 1 0 1,13 0.001 0 -1 12.0879 185 13,1 0.001 0 -1 14,2 0.001 -1 0 15,3 0.001 -1 1 20.0761 215 14,14 0.001 0 1 14,12 0.001 1 0 15,12 0.001 0 1 21.0881 215 ::f,0,0 f,3,14 f,12,15 f,14,0 
93:3,3 0.001 -1 1 3,2 0.001 0 1 0,2 0.001 0 -1 2.1235 125 2,13 0.001 0 1 2,12 0.001 1 0 1,13 0.001 1 -1 12.0879 185 13,1 0.001 1 -1 13,2 0.001 -1 0 15,3 0.001 -1 0 20.0771 215 14,14 0.001 0 1 14,12 0.001 1 1 15,13 0.001 0 1 21.0891 215 ::f,0,0 f,3,14 f,12,15 f,14,0 
94:3,3 0.001 -1 0 3,2 0.001 -1 1 0,1 0.001 0 -1 2.1245 125 2,14 0.001 0 1 2,12 0.001 1 0 1,13 0.001 1 0 12.0889 185 13,1 0.001 1 0 13,2 0.001 -1 0 14,3 0.001 -1 0 20.0781 215 14,14 0.001 -1 1 14,12 0.001 0 1 15,14 0.001 0 1 21.0901 215 ::f,0,0 f,3,14 f,12,15 f,14,0 
95:2,3 0.001 -1 0 3,2 0.001 -1 0 0,1 0.001 0 -1 3.1256 140 2,14 0.001 0 1 2,12 0.001 1 0 2,13 0.001 1 0 12.0899 185 14,1 0.001 1 0 13,2 0.001 -1 -1 13,3 0.001 -1 0 20.0801 215 14,14 0.001 -1 0 14,13 0.001 0 1 15,15 0.001 0 1 21.0921 215 ::f,1,2 f,3,14 f,12,15 f,14,0 
96:2,3 0.001 -1 0 2,2 0.001 -1 0 0,0 0.001 0 -1 3.1276 140 2,14 0.001 -1 1 2,12 0.001 1 0 2,13 0.001 1 0 12.0899 185 14,1 0.001 1 0 13,2 0.001 0 -1 13,3 0.001 -1 0 20.0801 215 13,14 0.001 -1 0 14,14 0.001 0 1 15,15 0.001 -1 1 21.0941 215 ::f,1,2 f,3,14 f,12,15 f,14,0 
97:1,3 0.001 -1 0 2,2 0.001 -1 0 0,0 0.001 1 -1 5.1287 155 2,14 0.001 -1 0 3,12 0.001 1 0 2,13 0.001 1 1 12.0909 185 14,1 0.001 1 1 13,1 0.001 0 -1 13,3 0.001 -1 0 20.0811 215 13,14 0.001 -1 0 14,15 0.001 0 1 15,15 0.001 -1 0 21.0951 215 ::f,3,1 f,3,14 f,12,15 f,14,0 
98:0,3 0.001 -1 0 1,2 0.001 -1 0 0,0 0.001 1 0 5.1307 155 1,14 0.001 -1 0 3,12 0.001 1 1 2,13 0.001 0 1 12.0919 185 14,1 0.001 0 1 13,1 0.001 0 -1 13,3 0.001 -1 0 20.0811 215 13,14 0.001 -1 -1 14,15 0.001 -1 1 15,15 0.001 -1 -1 21.0951 215 ::f,3,1 f,3,14 f,12,15 f,14,0 
99:0,3 0.001 -1 -1 0,2 0.001 -1 0 1,0 0.001 1 0 5.1327 155 1,14 0.001 -1 0 3,12 0.001 0 1 2,14 0.001 0 1 12.0929 185 14,2 0.001 0 1 13,1 0.001 1 -1 12,3 0.001 -1 0 20.0831 215 13,14 0.001 0 -1 14,15 0.001 -1 0 14,14 0.001 -1 -1 21.0961 215 ::f,3,1 f,3,14 f,12,15 f,14,0 
100:0,3 0.001 0 -1 0,2 0.001 -1 -1 2,0 0.001 1 0 5.1337 155 1,14 0.001 -1 -1 3,13 0.001 0 1 2,14 0.001 0 1 12.0939 185 14,2 0.001 0 1 13,1 0.001 1 0 12,3 0.001 -1 -1 20.0831 215 13,13 0.001 0 -1 13,15 0.001 -1 0 14,14 0.001 -1 -1 21.0981 215 ::f,3,1 f,3,14 f,12,15 f,14,0 
101:0,3 0.001 1 -1 0,2 0.001 0 -1 3,0 0.001 1 0 5.1347 155 1,14 0.001 0 -1 3,13 0.001 0 1 2,14 0.001 -1 1 17.094 200 14,2 0.001 -1 1 14,1 0.001 1 0 12,3 0.001 0 -1 20.0841 215 13,13 0.001 0 -1 13,15 0.001 -1 0 14,14 0.001 0 -1 27.0982 230 ::f,1,12 f,3,1 f,12,15 f,14,0 
102:1,2 0.001 1 -1 0,1 0.001 0 -1 3,0 0.001 1 1 5.1367 155 1,13 0.001 0 -1 3,14 0.001 0 1 2,14 0.001 -1 0 17.096 200 14,2 0.001 -1 0 14,1 0.001 1 0 12,2 0.001 0 -1 20.0851 215 13,13 0.001 1 -1 13,15 0.001 -1 0 14,13 0.001 0 -1 34.0993 245 ::f,1,12 f,3,1 f,14,0 f,15,13 
103:1,2 0.001 1 -1 0,0 0.001 0 -1 3,0 0.001 0 1 5.1377 155 1,13 0.001 0 -1 3,15 0.001 0 1 1,14 0.001 -1 0 19.0981 215 13,2 0.001 -1 0 14,1 0.001 1 1 12,1 0.001 0 -1 20.0871 215 13,13 0.001 1 0 12,15 0.001 -1 0 14,13 0.001 0 -1 34.1003 245 ::f,2,13 f,3,1 f,14,0 f,15,13 
104:1,2 0.001 1 -1 0,0 0.001 1 -1 3,0 0.001 0 1 5.1377 155 1,13 0.001 1 -1 3,15 0.001 -1 1 1,14 0.001 -1 0 19.0981 215 13,2 0.001 -1 0 14,1 0.001 0 1 12,0 0.001 0 -1 20.0881 215 13,13 0.001 1 0 12,15 0.001 -1 -1 14,13 0.001 0 -1 34.1003 245 ::f,2,13 f,3,1 f,14,0 f,15,13 
105:2,1 0.001 1 -1 0,0 0.001 1 0 3,0 0.001 0 1 7.1388 170 1,13 0.001 1 0 3,15 0.001 -1 0 1,14 0.001 -1 -1 19.0981 215 13,2 0.001 -1 -1 14,2 0.001 0 1 12,0 0.001 1 -1 20.0891 215 13,13 0.001 1 0 12,15 0.001 0 -1 14,12 0.001 0 -1 34.1013 245 ::f,2,3 f,2,13 f,14,0 f,15,13 
106:2,1 0.001 1 -1 1,0 0.001 1 0 3,1 0.001 0 1 7.1408 170 1,13 0.001 1 0 2,15 0.001 -1 0 1,14 0.001 0 -1 19.0991 215 13,2 0.001 0 -1 14,2 0.001 0 1 12,0 0.001 1 0 20.0891 215 13,13 0.001 1 0 12,14 0.001 0 -1 14,12 0.001 1 -1 34.1023 245 ::f,2,3 f,2,13 f,14,0 f,15,13 
107:3,0 0.001 1 -1 2,0 0.001 1 0 3,2 0.001 0 1 7.1438 170 1,13 0.001 1 0 1,15 0.001 -1 0 1,14 0.001 0 -1 22.1002 230 13,1 0.001 0 -1 14,2 0.001 -1 1 13,0 0.001 1 0 20.0911 215 14,13 0.001 1 0 12,13 0.001 0 -1 14,12 0.001 1 0 34.1043 245 ::f,2,3 f,2,14 f,14,0 f,15,13 
108:3,0 0.001 1 0 2,0 0.001 1 0 3,3 0.001 0 1 7.1448 170 1,13 0.001 1 0 1,15 0.001 -1 0 1,14 0.001 0 -1 22.1002 230 13,1 0.001 0 -1 14,2 0.001 -1 0 13,0 0.001 1 0 25.0912 230 14,13 0.001 1 0 12,13 0.001 0 -1 15,12 0.001 1 0 38.1054 260 ::f,2,3 f,2,14 f,12,0 f,15,13 
109:3,0 0.001 1 1 2,0 0.001 1 1 3,3 0.001 -1 1 7.1448 170 2,13 0.001 1 0 1,15 0.001 -1 0 1,14 0.001 0 -1 22.1012 230 13,1 0.001 1 -1 13,2 0.001 -1 0 14,0 0.001 1 0 25.0932 230 14,13 0.001 1 1 12,13 0.001 0 -1 15,12 0.001 1 1 38.1054 260 ::f,2,3 f,2,14 f,12,0 f,15,13 
110:3,0 0.001 0 1 3,1 0.001 1 1 3,3 0.001 -1 0 7.1458 170 2,13 0.001 1 0 0,15 0.001 -1 0 1,13 0.001 0 -1 22.1032 230 13,1 0.001 1 0 13,2 0.001 -1 -1 14,0 0.001 1 0 25.0932 230 14,13 0.001 0 1 12,12 0.001 0 -1 15,12 0.001 0 1 38.1064 260 ::f,2,3 f,2,14 f,12,0 f,15,13 
111:3,0 0.001 -1 1 3,1 0.001 0 1 3,3 0.001 -1 0 7.1458 170 2,13 0.001 1 1 0,15 0.001 -1 -1 1,13 0.001 0 -1 22.1032 230 14,1 0.001 1 0 13,2 0.001 0 -1 14,0 0.001 1 0 25.0942 230 14,14 0.001 0 1 12,12 0.001 1 -1 15,12 0.001 0 1 38.1074 260 ::f,2,3 f,2,14 f,12,0 f,15,13 
112:2,1 0.001 -1 1 3,2 0.001 0 1 3,3 0.001 -1 0 10.1479 185 2,13 0.001 0 1 0,15 0.001 0 -1 1,13 0.001 1 -1 22.1032 230 14,1 0.001 1 0 13,1 0.001 0 -1 15,0 0.001 1 0 25.0962 230 14,14 0.001 0 1 12,12 0.001 1 0 15,12 0.001 0 1 38.1074 260 ::f,2,14 f,3,1 f,12,0 f,15,13 
113:1,2 0.001 -1 1 3,2 0.001 0 1 2,3 0.001 -1 0 10.1499 185 2,13 0.001 0 1 0,14 0.001 0 -1 1,13 0.001 1 0 22.1042 230 14,1 0.001 1 1 13,1 0.001 0 -1 15,0 0.001 1 1 25.0962 230 14,14 0.001 -1 1 13,12 0.001 1 0 15,12 0.001 0 1 38.1084 260 ::f,2,14 f,3,1 f,12,0 f,15,13 
114:0,3 0.001 -1 1 3,3 0.001 0 1 1,3 0.001 -1 0 10.1529 185 2,13 0.001 0 1 0,13 0.001 0 -1 1,13 0.001 1 0 26.1053 245 14,1 0.001 0 1 13,1 0.001 1 -1 15,0 0.001 0 1 25.0962 230 14,14 0.001 -1 0 13,12 0.001 1 0 15,12 0.001 0 1 39.1085 275 ::f,1,12 f,3,1 f,12,0 f,13,13 
115:0,3 0.001 -1 0 3,3 0.001 -1 1 1,3 0.001 -1 0 10.1529 185 2,14 0.001 0 1 0,12 0.001 0 -1 1,13 0.001 1 0 26.1073 245 14,2 0.001 0 1 13,1 0.001 1 0 15,1 0.001 0 1 25.0982 230 13,14 0.001 -1 0 14,12 0.001 1 0 15,13 0.001 0 1 39.1115 275 ::f,1,12 f,3,1 f,12,0 f,13,13 
116:0,3 0.001 -1 -1 3,3 0.001 -1 0 1,3 0.001 -1 -1 10.1529 185 2,14 0.001 0 1 0,12 0.001 1 -1 2,13 0.001 1 0 26.1083 245 14,2 0.001 0 1 14,1 0.001 1 0 15,2 0.001 0 1 25.1002 230 13,14 0.001 -1 0 14,12 0.001 1 0 15,13 0.001 0 1 39.1115 275 ::f,1,12 f,3,1 f,12,0 f,13,13 
117:0,3 0.001 0 -1 2,3 0.001 -1 0 0,2 0.001 -1 -1 10.1549 185 2,14 0.001 -1 1 0,12 0.001 1 0 2,13 0.001 1 0 26.1083 245 14,2 0.001 -1 1 14,1 0.001 1 0 15,3 0.001 0 1 25.1012 230 13,14 0.001 -1 -1 15,12 0.001 1 0 15,13 0.001 0 1 39.1125 275 ::f,1,12 f,3,1 f,12,0 f,13,13 
118:0,3 0.001 1 -1 1,3 0.001 -1 0 0,2 0.001 0 -1 10.1559 185 2,14 0.001 -1 0 0,12 0.001 1 0 2,13 0.001 1 1 26.1083 245 14,2 0.001 -1 0 14,1 0.001 1 1 15,3 0.001 -1 1 25.1012 230 13,14 0.001 0 -1 15,12 0.001 1 1 15,14 0.001 0 1 39.1135 275 ::f,1,12 f,3,1 f,12,0 f,13,13 
119:1,2 0.001 1 -1 0,3 0.001 -1 0 0,1 0.001 0 -1 10.1589 185 1,14 0.001 -1 0 0,12 0.001 1 0 2,13 0.001 0 1 26.1093 245 13,2 0.001 -1 0 14,1 0.001 0 1 15,3 0.001 -1 0 25.1022 230 13,14 0.001 0 -1 15,12 0.001 0 1 15,15 0.001 0 1 39.1145 275 ::f,1,12 f,3,1 f,12,0 f,13,13 
120:2,1 0.001 1 -1 0,3 0.001 -1 -1 0,0 0.001 0 -1 10.1609 185 1,14 0.001 -1 0 0,12 0.001 1 0 2,14 0.001 0 1 26.1103 245 13,2 0.001 -1 0 14,2 0.001 0 1 14,3 0.001 -1 0 25.1042 230 13,14 0.001 0 -1 15,13 0.001 0 1 15,15 0.001 -1 1 44.1156 290 ::f,1,12 f,3,1 f,12,0 f,13,13 
121:2,1 0.001 1 -1 0,3 0.001 0 -1 0,0 0.001 1 -1 10.1609 185 1,14 0.001 -1 -1 0,12 0.001 1 0 2,14 0.001 0 1 26.1103 245 13,2 0.001 -1 -1 14,2 0.001 0 1 13,3 0.001 -1 0 25.1052 230 13,14 0.001 0 -1 15,14 0.001 0 1 15,15 0.001 -1 0 50.1167 305 ::f,1,12 f,3,1 f,12,0 f,14,14 
122:3,0 0.001 1 -1 0,2 0.001 0 -1 0,0 0.001 1 0 10.1629 185 1,14 0.001 0 -1 0,12 0.001 1 0 2,14 0.001 -1 1 32.1104 260 13,2 0.001 0 -1 14,2 0.001 -1 1 13,3 0.001 -1 0 25.1052 230 13,13 0.001 0 -1 15,14 0.001 0 1 14,15 0.001 -1 0 50.1187 305 ::f,2,12 f,3,1 f,12,0 f,14,14 
123:3,0 0.001 1 0 0,1 0.001 0 -1 1,0 0.001 1 0 10.1649 185 1,13 0.001 0 -1 1,12 0.001 1 0 2,14 0.001 -1 0 32.1124 260 13,1 0.001 0 -1 14,2 0.001 -1 0 12,3 0.001 -1 0 25.1072 230 13,13 0.001 0 -1 15,15 0.001 0 1 14,15 0.001 -1 0 50.1197 305 ::f,2,12 f,3,1 f,12,0 f,14,14 
124:3,0 0.001 1 1 0,0 0.001 0 -1 2,0 0.001 1 0 10.1669 185 1,13 0.001 0 -1 1,12 0.001 1 0 1,14 0.001 -1 0 39.1135 275 13,1 0.001 0 -1 13,2 0.001 -1 0 12,3 0.001 -1 -1 25.1082 230 13,13 0.001 1 -1 15,15 0.001 -1 1 13,15 0.001 -1 0 50.1207 305 ::f,0,15 f,3,1 f,12,0 f,14,14 
125:3,0 0.001 0 1 0,0 0.001 1 -1 2,0 0.001 1 0 10.1669 185 1,13 0.001 1 -1 2,12 0.001 1 0 1,14 0.001 -1 0 39.1145 275 13,1 0.001 1 -1 13,2 0.001 -1 0 12,3 0.001 0 -1 25.1082 230 13,13 0.001 1 0 15,15 0.001 -1 0 13,15 0.001 -1 0 50.1207 305 ::f,0,15 f,3,1 f,12,0 f,14,14 
126:3,0 0.001 0 1 0,0 0.001 1 0 2,0 0.001 1 1 10.1669 185 1,13 0.001 1 0 3,12 0.001 1 0 1,14 0.001 -1 -1 39.1155 275 13,1 0.001 1 0 13,2 0.001 -1 -1 12,2 0.001 0 -1 25.1092 230 14,13 0.001 1 0 14,15 0.001 -1 0 13,15 0.001 -1 0 50.1227 305 ::f,0,15 f,3,1 f,12,0 f,14,14 
127:3,0 0.001 0 1 1,0 0.001 1 0 3,1 0.001 1 1 12.169 200 2,13 0.001 1 0 3,12 0.001 1 1 1,14 0.001 0 -1 39.1165 275 14,1 0.001 1 0 13,2 0.001 0 -1 12,1 0.001 0 -1 25.1112 230 14,13 0.001 1 0 14,15 0.001 -1 0 12,15 0.001 -1 0 50.1237 305 ::f,0,1 f,0,15 f,12,0 f,14,14 
128:3,0 0.001 0 1 2,0 0.001 1 0 3,1 0.001 0 1 12.17 200 2,13 0.001 1 0 3,12 0.001 0 1 1,13 0.001 0 -1 39.1175 275 14,1 0.001 1 0 13,1 0.001 0 -1 12,1 0.001 0 -1 31.1123 245 14,13 0.001 1 1 13,15 0.001 -1 0 12,15 0.001 -1 -1 50.1247 305 ::f,0,1 f,0,15 f,14,0 f,14,14 
129:3,0 0.001 -1 1 2,0 0.001 1 0 3,2 0.001 0 1 12.171 200 2,13 0.001 1 1 3,13 0.001 0 1 1,13 0.001 0 -1 39.1185 275 14,1 0.001 1 1 13,1 0.001 1 -1 12,0 0.001 0 -1 31.1133 245 14,13 0.001 0 1 13,15 0.001 -1 0 12,15 0.001 0 -1 50.1247 305 ::f,0,1 f,0,15 f,14,0 f,14,14 
130:2,1 0.001 -1 1 3,0 0.001 1 0 3,3 0.001 0 1 12.174 200 2,13 0.001 0 1 3,13 0.001 0 1 1,13 0.001 1 -1 39.1185 275 14,1 0.001 0 1 13,1 0.001 1 0 12,0 0.001 1 -1 31.1133 245 14,13 0.001 0 1 13,15 0.001 -1 -1 12,14 0.001 0 -1 50.1257 305 ::f,0,1 f,0,15 f,14,0 f,14,14 
131:1,2 0.001 -1 1 3,0 0.001 1 1 3,3 0.001 -1 1 12.175 200 2,14 0.001 0 1 3,14 0.001 0 1 1,13 0.001 1 0 39.1205 275 14,2 0.001 0 1 14,1 0.001 1 0 12,0 0.001 1 0 31.1153 245 14,13 0.001 0 1 13,15 0.001 0 -1 12,13 0.001 0 -1 57.1268 320 ::f,0,1 f,0,15 f,14,0 f,15,15 
132:1,2 0.001 -1 1 3,0 0.001 0 1 3,3 0.001 -1 0 12.175 200 2,14 0.001 0 1 3,15 0.001 0 1 2,13 0.001 1 0 39.1225 275 14,2 0.001 0 1 14,1 0.001 1 0 13,0 0.001 1 0 31.1163 245 14,13 0.001 0 1 13,14 0.001 0 -1 12,12 0.001 0 -1 57.1288 320 ::f,0,1 f,0,15 f,14,0 f,15,15 
133:1,2 0.001 -1 1 3,1 0.001 0 1 2,3 0.001 -1 0 12.177 200 2,14 0.001 -1 1 3,15 0.001 -1 1 2,13 0.001 1 0 39.1225 275 14,2 0.001 -1 1 14,1 0.001 1 1 13,0 0.001 1 0 38.1164 260 14,14 0.001 0 1 13,14 0.001 0 -1 12,12 0.001 1 -1 57.1298 320 ::f,0,1 f,0,15 f,12,0 f,15,15 
134:0,3 0.001 -1 1 3,2 0.001 0 1 1,3 0.001 -1 0 12.18 200 2,14 0.001 -1 0 3,15 0.001 -1 0 2,13 0.001 1 1 39.1225 275 14,2 0.001 -1 0 14,1 0.001 0 1 14,0 0.001 1 0 38.1174 260 14,14 0.001 0 1 13,13 0.001 0 -1 12,12 0.001 1 0 57.1308 320 ::f,0,1 f,0,15 f,12,0 f,15,15 
135:0,3 0.001 -1 0 3,3 0.001 0 1 1,3 0.001 -1 0 12.181 200 1,14 0.001 -1 0 2,15 0.001 -1 0 2,13 0.001 0 1 39.1245 275 13,2 0.001 -1 0 14,2 0.001 0 1 14,0 0.001 1 0 38.1194 260 14,14 0.001 -1 1 13,13 0.001 0 -1 13,12 0.001 1 0 57.1318 320 ::f,0,1 f,0,15 f,12,0 f,15,15 
136:0,3 0.001 -1 -1 3,3 0.001 -1 1 1,3 0.001 -1 -1 12.181 200 1,14 0.001 -1 0 1,15 0.001 -1 0 2,14 0.001 0 1 39.1265 275 13,2 0.001 -1 0 14,2 0.001 0 1 15,0 0.001 1 0 38.1204 260 14,14 0.001 -1 0 13,13 0.001 0 -1 13,12 0.001 1 0 57.1318 320 ::f,0,1 f,0,15 f,12,0 f,15,15 
137:0,3 0.001 0 -1 3,3 0.001 -1 0 0,2 0.001 -1 -1 12.182 200 1,14 0.001 -1 -1 1,15 0.001 -1 0 2,14 0.001 0 1 47.1266 290 13,2 0.001 -1 -1 14,2 0.001 -1 1 15,0 0.001 1 1 38.1204 260 13,14 0.001 -1 0 13,13 0.001 1 -1 14,12 0.001 1 0 57.1338 320 ::f,0,1 f,0,13 f,12,0 f,15,15 
138:0,3 0.001 1 -1 2,3 0.001 -1 0 0,2 0.001 0 -1 12.183 200 1,14 0.001 0 -1 0,15 0.001 -1 0 2,14 0.001 -1 1 47.1276 290 13,2 0.001 0 -1 14,2 0.001 -1 0 15,0 0.001 0 1 38.1204 260 13,14 0.001 -1 0 13,13 0.001 1 0 14,12 0.001 1 0 57.1338 320 ::f,0,1 f,0,13 f,12,0 f,15,15 
139:1,2 0.001 1 -1 2,3 0.001 -1 0 0,2 0.001 0 -1 12.184 200 1,13 0.001 0 -1 0,15 0.001 -1 -1 2,14 0.001 -1 0 47.1286 290 13,1 0.001 0 -1 13,2 0.001 -1 0 15,1 0.001 0 1 38.1234 260 13,14 0.001 -1 -1 14,13 0.001 1 0 14,12 0.001 1 0 57.1348 320 ::f,0,1 f,0,13 f,12,0 f,15,15 
140:1,2 0.001 1 -1 1,3 0.001 -1 0 0,2 0.001 0 -1 12.185 200 1,13 0.001 0 -1 0,15 0.001 0 -1 1,14 0.001 -1 0 47.1296 290 13,1 0.001 0 -1 13,2 0.001 -1 0 15,1 0.001 0 1 38.1234 260 13,14 0.001 0 -1 14,13 0.001 1 0 15,12 0.001 1 0 57.1358 320 ::f,0,1 f,0,13 f,12,0 f,15,15 
141:2,1 0.001 1 -1 1,3 0.001 -1 0 0,2 0.001 0 -1 12.186 200 1,13 0.001 1 -1 0,14 0.001 0 -1 1,14 0.001 -1 0 47.1306 290 13,1 0.001 1 -1 13,2 0.001 -1 -1 15,1 0.001 0 1 38.1234 260 13,13 0.001 0 -1 15,13 0.001 1 0 15,12 0.001 1 1 57.1378 320 ::f,0,1 f,0,13 f,12,0 f,15,15 
142:2,1 0.001 1 -1 1,3 0.001 -1 0 0,2 0.001 0 -1 12.186 200 1,13 0.001 1 0 0,14 0.001 0 -1 1,14 0.001 -1 -1 56.1307 305 13,1 0.001 1 0 13,2 0.001 0 -1 15,2 0.001 0 1 38.1244 260 13,13 0.001 0 -1 15,13 0.001 1 1 15,12 0.001 0 1 57.1378 320 ::f,0,1 f,3,12 f,12,0 f,15,15 
143:3,0 0.001 1 -1 0,3 0.001 -1 0 0,2 0.001 0 -1 12.188 200 2,13 0.001 1 0 0,13 0.001 0 -1 1,14 0.001 0 -1 56.1327 305 14,1 0.001 1 0 13,1 0.001 0 -1 15,3 0.001 0 1 38.1274 260 13,13 0.001 1 -1 15,13 0.001 0 1 15,12 0.001 -1 1 57.1378 320 ::f,0,1 f,3,12 f,12,0 f,15,15 
144:3,0 0.001 1 0 0,3 0.001 -1 -1 0,2 0.001 0 -1 16.1881 215 2,13 0.001 1 0 0,12 0.001 0 -1 1,13 0.001 0 -1 56.1347 305 14,1 0.001 1 0 13,1 0.001 0 -1 15,3 0.001 -1 1 38.1274 260 13,13 0.001 1 0 15,14 0.001 0 1 14,13 0.001 -1 1 57.1398 320 ::f,0,1 f,3,12 f,12,0 f,15,15 
145:3,0 0.001 1 1 0,3 0.001 0 -1 0,2 0.001 0 -1 16.1881 215 2,13 0.001 1 1 0,12 0.001 1 -1 1,13 0.001 0 -1 56.1347 305 14,1 0.001 1 1 13,1 0.001 1 -1 15,3 0.001 -1 0 38.1274 260 13,13 0.001 1 0 15,14 0.001 0 1 13,14 0.001 -1 1 65.1409 335 ::f,0,1 f,3,12 f,12,0 f,12,12 
146:3,0 0.001 0 1 0,3 0.001 1 -1 0,2 0.001 0 -1 21.1882 230 2,13 0.001 0 1 0,12 0.001 1 0 1,13 0.001 1 -1 56.1347 305 14,1 0.001 0 1 13,1 0.001 1 0 14,3 0.001 -1 0 38.1284 260 13,13 0.001 1 0 15,15 0.001 0 1 13,14 0.001 -1 1 65.1419 335 ::f,2,2 f,3,12 f,12,0 f,12,12 
147:3,1 0.001 0 1 1,2 0.001 1 -1 0,1 0.001 0 -1 21.1912 230 2,14 0.001 0 1 1,12 0.001 1 0 1,13 0.001 1 0 56.1367 305 14,2 0.001 0 1 14,1 0.001 1 0 13,3 0.001 -1 0 38.1314 260 13,13 0.001 1 0 15,15 0.001 -1 1 13,14 0.001 -1 1 65.1419 335 ::f,2,2 f,3,12 f,12,0 f,12,12 
148:3,1 0.001 0 1 1,2 0.001 1 -1 0,0 0.001 0 -1 21.1922 230 2,14 0.001 0 1 2,12 0.001 1 0 2,13 0.001 1 0 56.1387 305 14,2 0.001 0 1 14,1 0.001 1 0 12,3 0.001 -1 0 38.1324 260 13,13 0.001 1 0 15,15 0.001 -1 0 12,15 0.001 -1 1 65.1429 335 ::f,2,2 f,3,12 f,12,0 f,12,12 
149:3,2 0.001 0 1 2,1 0.001 1 -1 0,0 0.001 1 -1 21.1942 230 2,14 0.001 -1 1 2,12 0.001 1 0 2,13 0.001 1 0 66.1388 320 14,2 0.001 -1 1 14,1 0.001 1 1 12,3 0.001 -1 -1 38.1324 260 13,13 0.001 1 0 14,15 0.001 -1 0 12,15 0.001 -1 0 65.1439 335 ::f,1,13 f,2,2 f,12,0 f,12,12 
150:3,3 0.001 0 1 2,1 0.001 1 -1 0,0 0.001 1 0 21.1952 230 2,14 0.001 -1 0 3,12 0.001 1 0 2,13 0.001 1 1 66.1398 320 14,2 0.001 -1 0 14,1 0.001 0 1 12,3 0.001 0 -1 38.1324 260 14,13 0.001 1 0 13,15 0.001 -1 0 12,15 0.001 -1 -1 65.1459 335 ::f,1,13 f,2,2 f,12,0 f,12,12 
151:3,3 0.001 -1 1 2,1 0.001 1 -1 1,0 0.001 1 0 21.1962 230 1,14 0.001 -1 0 3,12 0.001 1 1 2,13 0.001 0 1 66.1408 320 13,2 0.001 -1 0 14,2 0.001 0 1 12,2 0.001 0 -1 38.1354 260 14,13 0.001 1 0 13,15 0.001 -1 0 12,15 0.001 0 -1 65.1459 335 ::f,1,13 f,2,2 f,12,0 f,12,12 
152:3,3 0.001 -1 0 3,0 0.001 1 -1 2,0 0.001 1 0 21.1982 230 1,14 0.001 -1 0 3,12 0.001 0 1 2,14 0.001 0 1 66.1418 320 13,2 0.001 -1 0 14,2 0.001 0 1 12,2 0.001 0 -1 38.1354 260 14,13 0.001 1 1 13,15 0.001 -1 -1 12,14 0.001 0 -1 65.1469 335 ::f,1,13 f,2,2 f,12,0 f,12,12 
153:2,3 0.001 -1 0 3,0 0.001 1 0 2,0 0.001 1 0 21.1992 230 1,14 0.001 -1 -1 3,13 0.001 0 1 2,14 0.001 0 1 66.1428 320 13,2 0.001 -1 -1 14,2 0.001 -1 1 12,1 0.001 0 -1 38.1364 260 14,13 0.001 0 1 13,15 0.001 0 -1 12,13 0.001 0 -1 65.1479 335 ::f,1,13 f,2,2 f,12,0 f,12,12 
154:2,3 0.001 -1 0 3,0 0.001 1 1 2,0 0.001 1 1 21.1992 230 1,14 0.001 0 -1 3,14 0.001 0 1 2,14 0.001 -1 1 66.1438 320 13,2 0.001 0 -1 14,2 0.001 -1 0 12,1 0.001 0 -1 46.1365 275 14,14 0.001 0 1 13,14 0.001 0 -1 12,13 0.001 0 -1 67.15 350 ::f,1,13 f,2,2 f,13,0 f,13,13 
155:2,3 0.001 -1 0 3,0 0.001 0 1 3,1 0.001 1 1 21.2002 230 1,14 0.001 0 -1 3,14 0.001 0 1 2,14 0.001 -1 0 66.1438 320 13,1 0.001 0 -1 13,2 0.001 -1 0 12,0 0.001 0 -1 46.1395 275 14,14 0.001 0 1 13,14 0.001 0 -1 12,12 0.001 0 -1 76.1511 365 ::f,1,13 f,2,2 f,13,0 f,14,12 
156:1,3 0.001 -1 0 3,0 0.001 -1 1 3,1 0.001 0 1 21.2012 230 1,14 0.001 0 -1 3,15 0.001 0 1 2,14 0.001 -1 0 71.1449 335 13,1 0.001 0 -1 13,2 0.001 -1 0 12,0 0.001 1 -1 47.1396 290 14,14 0.001 -1 1 13,13 0.001 0 -1 12,12 0.001 1 -1 76.1521 365 ::f,2,2 f,2,13 f,13,0 f,14,12 
157:1,3 0.001 -1 0 2,1 0.001 -1 1 3,2 0.001 0 1 21.2032 230 1,14 0.001 0 -1 3,15 0.001 -1 1 2,14 0.001 -1 0 71.1449 335 13,1 0.001 1 -1 13,2 0.001 -1 -1 12,0 0.001 1 0 47.1396 290 14,14 0.001 -1 0 13,13 0.001 0 -1 12,12 0.001 1 0 76.1521 365 ::f,2,2 f,2,13 f,13,0 f,14,12 
158:1,3 0.001 -1 0 2,1 0.001 -1 1 3,2 0.001 0 1 21.2032 230 1,13 0.001 0 -1 3,15 0.001 -1 0 2,14 0.001 -1 0 71.1459 335 13,1 0.001 1 0 13,2 0.001 0 -1 12,0 0.001 1 0 47.1396 290 13,14 0.001 -1 0 13,12 0.001 0 -1 12,12 0.001 1 1 76.1541 365 ::f,2,2 f,2,13 f,13,0 f,14,12 
159:0,3 0.001 -1 0 2,1 0.001 -1 1 3,2 0.001 0 1 21.2042 230 1,13 0.001 0 -1 2,15 0.001 -1 0 1,14 0.001 -1 0 71.1479 335 14,1 0.001 1 0 13,1 0.001 0 -1 12,0 0.001 1 0 47.1416 290 13,14 0.001 -1 0 13,12 0.001 1 -1 13,13 0.001 1 1 76.1551 365 ::f,2,2 f,2,13 f,13,0 f,14,12 
160:0,3 0.001 -1 -1 2,1 0.001 -1 1 3,2 0.001 0 1 21.2042 230 1,13 0.001 1 -1 1,15 0.001 -1 0 1,14 0.001 -1 0 71.1489 335 14,1 0.001 1 0 13,1 0.001 0 -1 13,0 0.001 1 0 52.1427 305 13,14 0.001 -1 -1 13,12 0.001 1 0 14,14 0.001 1 1 76.1561 365 ::f,2,2 f,2,13 f,12,2 f,14,12 
161:0,3 0.001 0 -1 2,1 0.001 -1 1 3,3 0.001 0 1 21.2052 230 1,13 0.001 1 0 0,15 0.001 -1 0 1,14 0.001 -1 -1 71.1499 335 14,1 0.001 1 1 13,1 0.001 1 -1 14,0 0.001 1 0 52.1437 305 13,14 0.001 0 -1 13,12 0.001 1 0 14,14 0.001 1 1 76.1561 365 ::f,2,2 f,2,13 f,12,2 f,14,12 
162:0,2 0.001 0 -1 1,2 0.001 -1 1 3,3 0.001 -1 1 21.2072 230 1,13 0.001 1 0 0,15 0.001 -1 -1 1,14 0.001 0 -1 71.1499 335 14,1 0.001 0 1 13,1 0.001 1 0 15,0 0.001 1 0 52.1447 305 13,13 0.001 0 -1 13,12 0.001 1 0 14,14 0.001 1 1 76.1571 365 ::f,2,2 f,2,13 f,12,2 f,14,12 
163:0,1 0.001 0 -1 0,3 0.001 -1 1 3,3 0.001 -1 0 21.2092 230 1,13 0.001 1 0 0,15 0.001 0 -1 1,14 0.001 0 -1 77.15 350 14,2 0.001 0 1 14,1 0.001 1 0 15,0 0.001 1 1 52.1467 305 13,13 0.001 0 -1 13,12 0.001 1 0 15,15 0.001 1 1 76.1581 365 ::f,2,2 f,2,12 f,12,2 f,14,12 
164:0,1 0.001 0 -1 0,3 0.001 -1 0 2,3 0.001 -1 0 21.2102 230 2,13 0.001 1 0 0,14 0.001 0 -1 1,14 0.001 0 -1 77.152 350 14,2 0.001 0 1 14,1 0.001 1 0 15,0 0.001 0 1 52.1467 305 13,13 0.001 1 -1 13,12 0.001 1 0 15,15 0.001 0 1 86.1582 380 ::f,2,2 f,2,12 f,12,2 f,15,12 
165:0,0 0.001 0 -1 0,3 0.001 -1 -1 1,3 0.001 -1 0 21.2122 230 2,13 0.001 1 0 0,13 0.001 0 -1 1,14 0.001 0 -1 77.153 350 14,2 0.001 -1 1 14,1 0.001 1 1 15,1 0.001 0 1 52.1477 305 13,13 0.001 1 0 14,12 0.001 1 0 15,15 0.001 -1 1 86.1592 380 ::f,2,2 f,2,12 f,12,2 f,15,12 
166:0,0 0.001 1 -1 0,3 0.001 0 -1 1,3 0.001 -1 0 21.2122 230 2,13 0.001 1 1 0,13 0.001 0 -1 1,13 0.001 0 -1 77.154 350 14,2 0.001 -1 0 14,1 0.001 0 1 15,2 0.001 0 1 52.1487 305 14,13 0.001 1 0 14,12 0.001 1 0 15,15 0.001 -1 0 96.1603 395 ::f,2,2 f,2,12 f,12,2 f,12,13 
167:0,0 0.001 1 0 0,2 0.001 0 -1 0,3 0.001 -1 0 21.2142 230 2,13 0.001 0 1 0,12 0.001 0 -1 1,13 0.001 0 -1 77.155 350 13,2 0.001 -1 0 14,2 0.001 0 1 15,2 0.001 0 1 52.1507 305 14,13 0.001 1 0 15,12 0.001 1 0 14,15 0.001 -1 0 96.1623 395 ::f,2,2 f,2,12 f,12,2 f,12,13 
168:1,0 0.001 1 0 0,1 0.001 0 -1 0,3 0.001 -1 -1 21.2162 230 2,14 0.001 0 1 0,12 0.001 1 -1 1,13 0.001 1 -1 77.156 350 13,2 0.001 -1 0 14,2 0.001 0 1 15,2 0.001 0 1 54.1508 320 14,13 0.001 1 1 15,12 0.001 1 1 14,15 0.001 -1 0 96.1623 395 ::f,2,2 f,2,12 f,12,13 f,15,0 
169:1,0 0.001 1 0 0,0 0.001 0 -1 0,3 0.001 0 -1 21.2172 230 2,14 0.001 0 1 0,12 0.001 1 0 1,13 0.001 1 0 77.156 350 13,2 0.001 -1 -1 14,2 0.001 -1 1 15,3 0.001 0 1 54.1518 320 14,13 0.001 0 1 15,12 0.001 0 1 13,15 0.001 -1 0 96.1633 395 ::f,2,2 f,2,12 f,12,13 f,15,0 
170:2,0 0.001 1 0 0,0 0.001 1 -1 0,2 0.001 0 -1 21.2192 230 2,14 0.001 -1 1 1,12 0.001 1 0 2,13 0.001 1 0 77.158 350 13,2 0.001 0 -1 14,2 0.001 -1 0 15,3 0.001 -1 1 54.1518 320 14,14 0.001 0 1 15,13 0.001 0 1 12,15 0.001 -1 0 96.1663 395 ::f,2,2 f,2,12 f,12,13 f,15,0 
171:2,0 0.001 1 0 0,0 0.001 1 0 0,1 0.001 0 -1 21.2202 230 2,14 0.001 -1 0 1,12 0.001 1 0 2,13 0.001 1 0 89.1582 380 13,1 0.001 0 -1 13,2 0.001 -1 0 15,3 0.001 -1 0 54.1538 320 14,14 0.001 0 1 15,14 0.001 0 1 12,15 0.001 -1 -1 96.1673 395 ::f,2,2 f,3,14 f,12,13 f,15,0 
172:3,0 0.001 1 0 1,0 0.001 1 0 0,1 0.001 0 -1 21.2222 230 1,14 0.001 -1 0 2,12 0.001 1 0 2,13 0.001 1 1 89.1602 380 13,1 0.001 0 -1 13,2 0.001 -1 0 14,3 0.001 -1 0 54.1548 320 14,14 0.001 -1 1 15,14 0.001 0 1 12,15 0.001 0 -1 96.1673 395 ::f,2,2 f,3,14 f,12,13 f,15,0 
173:3,0 0.001 1 1 1,0 0.001 1 0 0,1 0.001 0 -1 21.2222 230 1,14 0.001 -1 0 2,12 0.001 1 0 2,13 0.001 0 1 89.1602 380 13,1 0.001 1 -1 13,2 0.001 -1 -1 14,3 0.001 -1 0 54.1548 320 14,14 0.001 -1 0 15,15 0.001 0 1 12,14 0.001 0 -1 96.1693 395 ::f,2,2 f,3,14 f,12,13 f,15,0 
174:3,0 0.001 0 1 2,0 0.001 1 0 0,0 0.001 0 -1 21.2242 230 1,14 0.001 -1 -1 2,12 0.001 1 0 2,14 0.001 0 1 89.1612 380 13,1 0.001 1 0 13,2 0.001 0 -1 13,3 0.001 -1 0 54.1558 320 13,14 0.001 -1 0 15,15 0.001 -1 1 12,14 0.001 0 -1 99.1704 410 ::f,2,2 f,3,14 f,13,15 f,15,0 
175:3,1 0.001 0 1 2,0 0.001 1 0 0,0 0.001 1 -1 21.2252 230 1,14 0.001 0 -1 2,12 0.001 1 0 2,14 0.001 0 1 89.1612 380 14,1 0.001 1 0 13,1 0.001 0 -1 12,3 0.001 -1 0 54.1588 320 13,14 0.001 -1 0 15,15 0.001 -1 0 12,13 0.001 0 -1 99.1714 410 ::f,2,2 f,3,14 f,13,15 f,15,0 
176:3,1 0.001 0 1 2,0 0.001 1 0 0,0 0.001 1 0 21.2252 230 1,13 0.001 0 -1 3,12 0.001 1 0 2,14 0.001 -1 1 89.1632 380 14,1 0.001 1 0 13,1 0.001 0 -1 12,3 0.001 -1 -1 54.1588 320 13,14 0.001 -1 -1 14,15 0.001 -1 0 12,13 0.001 0 -1 99.1724 410 ::f,2,2 f,3,14 f,13,15 f,15,0 
177:3,2 0.001 0 1 2,0 0.001 1 0 1,0 0.001 1 0 21.2272 230 1,13 0.001 0 -1 3,12 0.001 1 1 2,14 0.001 -1 0 89.1632 380 14,1 0.001 1 1 13,1 0.001 1 -1 12,3 0.001 0 -1 54.1588 320 13,14 0.001 0 -1 14,15 0.001 -1 0 12,13 0.001 0 -1 109.173 425 ::f,2,2 f,3,14 f,13,12 f,15,0 
178:3,3 0.001 0 1 3,0 0.001 1 0 2,0 0.001 1 0 21.2302 230 1,13 0.001 1 -1 3,12 0.001 0 1 1,14 0.001 -1 0 89.1642 380 14,1 0.001 0 1 13,1 0.001 1 0 12,2 0.001 0 -1 54.1598 320 13,13 0.001 0 -1 13,15 0.001 -1 0 12,12 0.001 0 -1 109.176 425 ::f,2,2 f,3,14 f,13,12 f,15,0 
179:3,3 0.001 -1 1 3,0 0.001 1 1 2,0 0.001 1 0 21.2302 230 1,13 0.001 1 0 3,13 0.001 0 1 1,14 0.001 -1 0 89.1652 380 14,2 0.001 0 1 14,1 0.001 1 0 12,1 0.001 0 -1 54.1628 320 13,13 0.001 0 -1 13,15 0.001 -1 0 12,12 0.001 1 -1 117.176 440 ::f,2,2 f,3,14 f,15,0 f,15,14 
180:3,3 0.001 -1 0 3,0 0.001 0 1 2,0 0.001 1 1 21.2302 230 2,13 0.001 1 0 3,13 0.001 0 1 1,14 0.001 -1 -1 99.1663 395 14,2 0.001 0 1 14,1 0.001 1 0 12,1 0.001 0 -1 54.1628 320 13,13 0.001 1 -1 13,15 0.001 -1 0 12,12 0.001 1 0 117.176 440 ::f,2,2 f,2,15 f,15,0 f,15,14 
181:2,3 0.001 -1 0 3,1 0.001 0 1 2,0 0.001 0 1 21.2322 230 2,13 0.001 1 0 3,14 0.001 0 1 1,14 0.001 0 -1 99.1673 395 14,2 0.001 -1 1 14,1 0.001 1 1 12,0 0.001 0 -1 54.1638 320 13,13 0.001 1 0 12,15 0.001 -1 0 13,12 0.001 1 0 117.178 440 ::f,2,2 f,2,15 f,15,0 f,15,14 
182:1,3 0.001 -1 0 3,2 0.001 0 1 2,1 0.001 0 1 21.2352 230 2,13 0.001 1 1 3,14 0.001 0 1 1,13 0.001 0 -1 99.1683 395 14,2 0.001 -1 0 14,1 0.001 0 1 12,0 0.001 1 -1 54.1638 320 14,13 0.001 1 0 12,15 0.001 -1 -1 14,12 0.001 1 0 117.18 440 ::f,2,2 f,2,15 f,15,0 f,15,14 
183:1,3 0.001 -1 0 3,2 0.001 0 1 2,1 0.001 0 1 27.2353 245 2,13 0.001 0 1 3,14 0.001 0 1 1,13 0.001 0 -1 99.1683 395 13,2 0.001 -1 0 14,2 0.001 0 1 12,0 0.001 1 0 54.1658 320 14,13 0.001 1 0 12,15 0.001 0 -1 14,12 0.001 1 0 117.18 440 ::f,0,3 f,2,15 f,15,0 f,15,14 
184:1,3 0.001 -1 0 3,2 0.001 0 1 2,2 0.001 0 1 30.2364 260 2,14 0.001 0 1 3,15 0.001 0 1 1,13 0.001 1 -1 99.1703 395 13,2 0.001 -1 0 14,2 0.001 0 1 13,0 0.001 1 0 54.1668 320 14,13 0.001 1 1 12,14 0.001 0 -1 15,12 0.001 1 0 117.182 440 ::f,0,2 f,2,15 f,15,0 f,15,14 
185:0,3 0.001 -1 0 3,3 0.001 0 1 2,2 0.001 0 1 30.2384 260 2,14 0.001 0 1 3,15 0.001 -1 1 1,13 0.001 1 0 106.17 410 13,2 0.001 -1 -1 14,2 0.001 -1 1 13,0 0.001 1 0 54.1668 320 14,13 0.001 0 1 12,13 0.001 0 -1 15,12 0.001 1 1 117.183 440 ::f,0,2 f,0,14 f,15,0 f,15,14 
186:0,3 0.001 -1 -1 3,3 0.001 -1 1 2,2 0.001 0 1 30.2384 260 2,14 0.001 -1 1 3,15 0.001 -1 0 2,13 0.001 1 0 106.171 410 13,2 0.001 0 -1 14,2 0.001 -1 0 14,0 0.001 1 0 54.1678 320 14,14 0.001 0 1 12,13 0.001 0 -1 15,12 0.001 0 1 117.184 440 ::f,0,2 f,0,14 f,15,0 f,15,14 
187:0,3 0.001 0 -1 3,3 0.001 -1 0 2,3 0.001 0 1 30.2394 260 2,14 0.001 -1 0 2,15 0.001 -1 0 2,13 0.001 1 0 106.172 410 13,1 0.001 0 -1 13,2 0.001 -1 0 14,0 0.001 1 0 63.1699 335 14,14 0.001 0 1 12,13 0.001 0 -1 15,13 0.001 0 1 117.185 440 ::f,0,2 f,0,14 f,12,0 f,15,14 
188:0,3 0.001 0 -1 3,3 0.001 -1 -1 2,3 0.001 -1 1 30.2394 260 1,14 0.001 -1 0 2,15 0.001 -1 0 2,13 0.001 1 1 106.173 410 13,1 0.001 0 -1 13,2 0.001 -1 0 15,0 0.001 1 0 63.1709 335 14,14 0.001 -1 1 12,12 0.001 0 -1 15,13 0.001 0 1 121.186 455 ::f,0,2 f,0,14 f,12,0 f,13,13 
189:0,3 0.001 0 -1 2,2 0.001 -1 -1 2,3 0.001 -1 0 30.2404 260 1,14 0.001 -1 0 1,15 0.001 -1 0 2,13 0.001 0 1 114.175 425 13,1 0.001 1 -1 13,2 0.001 -1 -1 15,0 0.001 1 1 63.1709 335 14,14 0.001 -1 0 12,12 0.001 1 -1 15,14 0.001 0 1 121.187 455 ::f,0,2 f,0,14 f,12,0 f,13,13 
190:0,3 0.001 0 -1 2,2 0.001 -1 -1 1,3 0.001 -1 0 30.2414 260 1,14 0.001 -1 -1 0,15 0.001 -1 0 2,14 0.001 0 1 114.177 425 13,1 0.001 1 0 13,2 0.001 0 -1 15,0 0.001 0 1 63.1709 335 13,14 0.001 -1 0 12,12 0.001 1 0 15,14 0.001 0 1 121.188 455 ::f,0,2 f,0,14 f,12,0 f,13,13 
191:0,3 0.001 0 -1 1,1 0.001 -1 -1 1,3 0.001 -1 0 30.2424 260 1,14 0.001 0 -1 0,15 0.001 -1 -1 2,14 0.001 0 1 114.177 425 14,1 0.001 1 0 13,1 0.001 0 -1 15,1 0.001 0 1 63.1739 335 13,14 0.001 -1 0 13,12 0.001 1 0 15,15 0.001 0 1 121.19 455 ::f,0,2 f,0,14 f,12,0 f,13,13 
192:0,3 0.001 0 -1 1,1 0.001 -1 -1 1,3 0.001 -1 -1 34.2425 275 1,13 0.001 0 -1 0,15 0.001 0 -1 2,14 0.001 -1 1 114.178 425 14,1 0.001 1 0 13,1 0.001 0 -1 15,2 0.001 0 1 63.1749 335 13,14 0.001 -1 -1 14,12 0.001 1 0 15,15 0.001 -1 1 121.191 455 ::f,0,14 f,2,3 f,12,0 f,13,13 
193:0,2 0.001 0 -1 0,0 0.001 -1 -1 1,3 0.001 0 -1 34.2445 275 1,13 0.001 0 -1 0,15 0.001 0 -1 2,14 0.001 -1 0 114.178 425 14,1 0.001 1 1 13,1 0.001 1 -1 15,3 0.001 0 1 63.1759 335 13,14 0.001 0 -1 14,12 0.001 1 0 15,15 0.001 -1 0 121.191 455 ::f,0,14 f,2,3 f,12,0 f,13,13 
194:0,1 0.001 0 -1 0,0 0.001 0 -1 1,2 0.001 0 -1 34.2465 275 1,13 0.001 1 -1 0,15 0.001 0 -1 1,14 0.001 -1 0 114.179 425 14,1 0.001 0 1 13,1 0.001 1 0 15,3 0.001 -1 1 63.1759 335 13,14 0.001 0 -1 14,12 0.001 1 0 14,15 0.001 -1 0 121.192 455 ::f,0,14 f,2,3 f,12,0 f,13,13 
195:0,1 0.001 0 -1 0,0 0.001 1 -1 1,2 0.001 0 -1 34.2465 275 1,13 0.001 1 0 0,15 0.001 0 -1 1,14 0.001 -1 0 124.179 440 14,2 0.001 0 1 14,1 0.001 1 0 15,3 0.001 -1 0 63.1779 335 13,14 0.001 0 -1 15,12 0.001 1 0 13,15 0.001 -1 0 130.194 470 ::f,2,3 f,3,13 f,12,0 f,13,13 
196:0,1 0.001 1 -1 0,0 0.001 1 0 1,1 0.001 0 -1 34.2475 275 2,13 0.001 1 0 0,14 0.001 0 -1 1,14 0.001 -1 -1 124.181 440 14,2 0.001 0 1 14,1 0.001 1 0 14,3 0.001 -1 0 63.1789 335 13,14 0.001 0 -1 15,12 0.001 1 1 12,15 0.001 -1 0 140.195 485 ::f,2,3 f,3,13 f,12,0 f,14,12 
197:1,0 0.001 1 -1 0,0 0.001 1 1 1,1 0.001 0 -1 34.2485 275 2,13 0.001 1 0 0,14 0.001 0 -1 1,14 0.001 0 -1 133.181 455 14,2 0.001 -1 1 14,1 0.001 1 1 14,3 0.001 -1 0 63.1789 335 13,13 0.001 0 -1 15,12 0.001 0 1 12,15 0.001 -1 -1 140.196 485 ::f,0,15 f,2,3 f,12,0 f,14,12 
198:1,0 0.001 1 0 0,0 0.001 0 1 1,1 0.001 1 -1 34.2485 275 2,13 0.001 1 1 0,14 0.001 0 -1 1,13 0.001 0 -1 133.182 455 14,2 0.001 -1 0 14,1 0.001 0 1 13,3 0.001 -1 0 63.1799 335 13,13 0.001 0 -1 15,13 0.001 0 1 12,15 0.001 0 -1 140.197 485 ::f,0,15 f,2,3 f,12,0 f,14,12 
199:2,0 0.001 1 0 0,1 0.001 0 1 1,1 0.001 1 0 34.2505 275 2,13 0.001 0 1 0,13 0.001 0 -1 1,13 0.001 0 -1 133.183 455 13,2 0.001 -1 0 14,2 0.001 0 1 12,3 0.001 -1 0 63.1829 335 13,13 0.001 1 -1 15,14 0.001 0 1 12,14 0.001 0 -1 140.199 485 ::f,0,15 f,2,3 f,12,0 f,14,12 
200:3,0 0.001 1 0 0,2 0.001 0 1 2,1 0.001 1 0 34.2535 275 2,14 0.001 0 1 0,12 0.001 0 -1 1,13 0.001 1 -1 133.185 455 13,2 0.001 -1 0 14,2 0.001 0 1 12,3 0.001 -1 -1 63.1829 335 13,13 0.001 1 0 15,14 0.001 0 1 12,13 0.001 0 -1 140.2 485 ::f,0,15 f,2,3 f,12,0 f,14,12 
201:3,0 0.001 1 1 0,2 0.001 0 1 2,1 0.001 1 0 34.2535 275 2,14 0.001 0 1 0,12 0.001 1 -1 1,13 0.001 1 0 133.185 455 13,2 0.001 -1 -1 14,2 0.001 -1 1 12,3 0.001 0 -1 63.1829 335 14,13 0.001 1 0 15,15 0.001 0 1 12,13 0.001 0 -1 140.202 485 ::f,0,15 f,2,3 f,12,0 f,14,12 
202:3,0 0.001 0 1 0,2 0.001 0 1 2,1 0.001 1 0 34.2535 275 2,14 0.001 -1 1 0,12 0.001 1 0 2,13 0.001 1 0 133.186 455 13,2 0.001 0 -1 14,2 0.001 -1 0 12,2 0.001 0 -1 63.1839 335 14,13 0.001 1 0 15,15 0.001 -1 1 12,12 0.001 0 -1 140.203 485 ::f,0,15 f,2,3 f,12,0 f,14,12 
203:3,1 0.001 0 1 0,2 0.001 0 1 2,1 0.001 1 0 34.2545 275 2,14 0.001 -1 0 1,12 0.001 1 0 2,13 0.001 1 0 133.187 455 13,1 0.001 0 -1 13,2 0.001 -1 0 12,1 0.001 0 -1 63.1869 335 14,13 0.001 1 1 15,15 0.001 -1 0 12,12 0.001 1 -1 140.203 485 ::f,0,15 f,2,3 f,12,0 f,14,12 
204:3,2 0.001 0 1 0,3 0.001 0 1 3,1 0.001 1 0 34.2575 275 1,14 0.001 -1 0 2,12 0.001 1 0 2,13 0.001 1 1 133.189 455 13,1 0.001 0 -1 13,2 0.001 -1 0 12,1 0.001 0 -1 73.187 350 14,13 0.001 0 1 14,15 0.001 -1 0 12,12 0.001 1 0 140.204 485 ::f,0,15 f,2,3 f,14,3 f,14,12 
205:3,2 0.001 0 1 0,3 0.001 -1 1 3,1 0.001 1 1 34.2575 275 1,14 0.001 -1 0 2,12 0.001 1 0 2,13 0.001 0 1 133.189 455 13,1 0.001 1 -1 13,2 0.001 -1 -1 12,0 0.001 0 -1 73.188 350 14,14 0.001 0 1 14,15 0.001 -1 0 13,12 0.001 1 0 140.206 485 ::f,0,15 f,2,3 f,14,3 f,14,12 
206:3,3 0.001 0 1 0,3 0.001 -1 0 3,1 0.001 0 1 34.2585 275 1,14 0.001 -1 -1 2,12 0.001 1 0 2,14 0.001 0 1 133.19 455 13,1 0.001 1 0 13,2 0.001 0 -1 12,0 0.001 1 -1 73.188 350 14,14 0.001 0 1 13,15 0.001 -1 0 13,12 0.001 1 0 145.207 500 ::f,0,15 f,2,3 f,14,3 f,14,13 
207:3,3 0.001 -1 1 0,3 0.001 -1 -1 3,2 0.001 0 1 34.2595 275 1,14 0.001 0 -1 3,12 0.001 1 0 2,14 0.001 0 1 133.191 455 14,1 0.001 1 0 13,1 0.001 0 -1 12,0 0.001 1 0 73.19 350 14,14 0.001 -1 1 12,15 0.001 -1 0 14,12 0.001 1 0 145.209 500 ::f,0,15 f,2,3 f,14,3 f,14,13 
208:3,3 0.001 -1 0 0,3 0.001 0 -1 3,2 0.001 0 1 34.2595 275 1,13 0.001 0 -1 3,12 0.001 1 1 2,14 0.001 -1 1 133.192 455 14,1 0.001 1 0 13,1 0.001 0 -1 13,0 0.001 1 0 73.191 350 14,14 0.001 -1 0 12,15 0.001 -1 -1 14,12 0.001 1 0 145.209 500 ::f,0,15 f,2,3 f,14,3 f,14,13 
209:3,3 0.001 -1 0 0,2 0.001 0 -1 3,2 0.001 -1 1 34.2605 275 1,13 0.001 0 -1 3,12 0.001 0 1 2,14 0.001 -1 0 133.192 455 14,1 0.001 1 1 13,1 0.001 1 -1 14,0 0.001 1 0 73.192 350 13,14 0.001 -1 0 12,15 0.001 0 -1 15,12 0.001 1 0 145.211 500 ::f,0,15 f,2,3 f,14,3 f,14,13 
210:3,3 0.001 -1 0 0,1 0.001 0 -1 3,2 0.001 -1 1 34.2615 275 1,13 0.001 1 -1 3,13 0.001 0 1 1,14 0.001 -1 0 133.194 455 14,1 0.001 0 1 13,1 0.001 1 0 14,0 0.001 1 0 73.192 350 13,14 0.001 -1 0 12,14 0.001 0 -1 15,12 0.001 1 1 145.212 500 ::f,0,15 f,2,3 f,14,3 f,14,13 
211:3,3 0.001 -1 0 0,1 0.001 0 -1 2,3 0.001 -1 1 39.2626 290 1,13 0.001 1 0 3,14 0.001 0 1 1,14 0.001 -1 0 133.195 455 14,2 0.001 0 1 14,1 0.001 1 0 15,0 0.001 1 0 73.195 350 13,14 0.001 -1 -1 12,13 0.001 0 -1 15,12 0.001 0 1 145.213 500 ::f,0,15 f,1,3 f,14,3 f,14,13 
212:3,3 0.001 -1 0 0,1 0.001 0 -1 2,3 0.001 -1 0 39.2626 290 2,13 0.001 1 0 3,14 0.001 0 1 1,14 0.001 -1 -1 133.196 455 14,2 0.001 0 1 14,1 0.001 1 0 15,0 0.001 1 1 76.1951 365 13,14 0.001 0 -1 12,12 0.001 0 -1 15,13 0.001 0 1 145.215 500 ::f,0,15 f,1,3 f,14,13 f,15,2 
213:3,3 0.001 -1 -1 0,0 0.001 0 -1 2,3 0.001 -1 0 39.2636 290 2,13 0.001 1 0 3,15 0.001 0 1 1,14 0.001 0 -1 133.197 455 14,2 0.001 -1 1 14,1 0.001 1 1 15,0 0.001 0 1 76.1951 365 13,13 0.001 0 -1 12,12 0.001 1 -1 15,13 0.001 0 1 145.216 500 ::f,0,15 f,1,3 f,14,13 f,15,2 
214:2,2 0.001 -1 -1 0,0 0.001 1 -1 2,3 0.001 -1 0 39.2646 290 2,13 0.001 1 1 3,15 0.001 -1 1 1,13 0.001 0 -1 133.198 455 14,2 0.001 -1 0 14,1 0.001 0 1 15,1 0.001 0 1 76.1961 365 13,13 0.001 0 -1 12,12 0.001 1 0 15,14 0.001 0 1 145.217 500 ::f,0,15 f,1,3 f,14,13 f,15,2 
215:2,2 0.001 -1 -1 0,0 0.001 1 0 2,3 0.001 -1 0 46.2647 305 2,13 0.001 0 1 3,15 0.001 -1 0 1,13 0.001 0 -1 133.198 455 13,2 0.001 -1 0 14,2 0.001 0 1 15,1 0.001 0 1 86.1982 380 13,13 0.001 1 -1 13,12 0.001 1 0 15,15 0.001 0 1 145.219 500 ::f,0,15 f,1,3 f,12,2 f,14,13 
216:1,1 0.001 -1 -1 1,0 0.001 1 0 2,3 0.001 -1 0 46.2667 305 2,14 0.001 0 1 2,15 0.001 -1 0 1,13 0.001 1 -1 133.2 455 13,2 0.001 -1 0 14,2 0.001 0 1 15,2 0.001 0 1 90.1993 395 13,13 0.001 1 0 14,12 0.001 1 0 15,15 0.001 -1 1 145.22 500 ::f,0,15 f,1,3 f,14,13 f,15,0 
217:0,0 0.001 -1 -1 2,0 0.001 1 0 2,3 0.001 -1 0 54.2688 320 2,14 0.001 0 1 2,15 0.001 -1 0 1,13 0.001 1 0 133.2 455 13,2 0.001 -1 -1 14,2 0.001 -1 1 15,2 0.001 0 1 90.1993 395 13,13 0.001 1 0 14,12 0.001 1 0 15,15 0.001 -1 0 145.22 500 ::f,0,15 f,3,2 f,14,13 f,15,0 
218:0,0 0.001 0 -1 3,0 0.001 1 0 1,3 0.001 -1 0 54.2708 320 2,14 0.001 -1 1 1,15 0.001 -1 0 2,13 0.001 1 0 133.202 455 13,2 0.001 0 -1 14,2 0.001 -1 0 15,3 0.001 0 1 90.2003 395 13,13 0.001 1 0 15,12 0.001 1 0 14,15 0.001 -1 0 155.222 515 ::f,0,15 f,3,2 f,14,13 f,15,0 
219:0,0 0.001 1 -1 3,0 0.001 1 1 1,3 0.001 -1 0 54.2708 320 2,14 0.001 -1 0 1,15 0.001 -1 0 2,13 0.001 1 0 146.202 485 13,1 0.001 0 -1 13,2 0.001 -1 0 15,3 0.001 -1 1 90.2023 395 13,13 0.001 1 0 15,12 0.001 1 1 14,15 0.001 -1 0 165.222 530 ::f,0,13 f,3,2 f,13,12 f,15,0 
220:0,0 0.001 1 0 3,0 0.001 0 1 1,3 0.001 -1 0 54.2708 320 1,14 0.001 -1 0 0,15 0.001 -1 0 2,13 0.001 1 1 146.204 485 13,1 0.001 0 -1 13,2 0.001 -1 0 15,3 0.001 -1 0 90.2023 395 13,13 0.001 1 0 15,12 0.001 0 1 13,15 0.001 -1 0 165.223 530 ::f,0,13 f,3,2 f,13,12 f,15,0 
221:1,0 0.001 1 0 3,1 0.001 0 1 0,3 0.001 -1 0 54.2738 320 1,14 0.001 -1 0 0,15 0.001 -1 -1 2,13 0.001 0 1 146.204 485 13,1 0.001 1 -1 13,2 0.001 -1 -1 14,3 0.001 -1 0 90.2033 395 14,13 0.001 1 0 15,13 0.001 0 1 12,15 0.001 -1 0 165.226 530 ::f,0,13 f,3,2 f,13,12 f,15,0 
222:2,0 0.001 1 0 3,1 0.001 0 1 0,3 0.001 -1 -1 57.2749 335 1,14 0.001 -1 -1 0,15 0.001 0 -1 2,14 0.001 0 1 146.205 485 13,1 0.001 1 0 13,2 0.001 0 -1 13,3 0.001 -1 0 90.2043 395 14,13 0.001 1 0 15,13 0.001 0 1 12,15 0.001 -1 -1 165.226 530 ::f,0,13 f,2,1 f,13,12 f,15,0 
223:3,0 0.001 1 0 3,2 0.001 0 1 0,3 0.001 0 -1 57.2769 335 1,14 0.001 0 -1 0,14 0.001 0 -1 2,14 0.001 0 1 146.206 485 14,1 0.001 1 0 13,1 0.001 0 -1 13,3 0.001 -1 0 90.2063 395 14,13 0.001 1 1 15,14 0.001 0 1 12,15 0.001 0 -1 165.227 530 ::f,0,13 f,2,1 f,13,12 f,15,0 
224:3,0 0.001 1 1 3,3 0.001 0 1 0,2 0.001 0 -1 57.2789 335 1,13 0.001 0 -1 0,14 0.001 0 -1 2,14 0.001 -1 1 156.207 500 14,1 0.001 1 0 13,1 0.001 0 -1 12,3 0.001 -1 0 90.2073 395 14,13 0.001 0 1 15,15 0.001 0 1 12,14 0.001 0 -1 165.229 530 ::f,1,12 f,2,1 f,13,12 f,15,0 
225:3,0 0.001 0 1 3,3 0.001 -1 1 0,1 0.001 0 -1 57.2799 335 1,13 0.001 0 -1 0,13 0.001 0 -1 2,14 0.001 -1 0 166.208 515 14,1 0.001 1 1 13,1 0.001 1 -1 12,3 0.001 -1 -1 90.2073 395 14,14 0.001 0 1 15,15 0.001 -1 1 12,13 0.001 0 -1 165.231 530 ::f,2,1 f,3,14 f,13,12 f,15,0 
226:3,1 0.001 0 1 3,3 0.001 -1 0 0,1 0.001 0 -1 57.2809 335 1,13 0.001 1 -1 0,12 0.001 0 -1 1,14 0.001 -1 0 166.21 515 14,1 0.001 0 1 13,1 0.001 1 0 12,3 0.001 0 -1 90.2073 395 14,14 0.001 0 1 15,15 0.001 -1 0 12,12 0.001 0 -1 165.232 530 ::f,2,1 f,3,14 f,13,12 f,15,0 
227:3,2 0.001 0 1 2,3 0.001 -1 0 0,0 0.001 0 -1 57.2839 335 1,13 0.001 1 0 0,12 0.001 1 -1 1,14 0.001 -1 0 166.21 515 14,2 0.001 0 1 14,1 0.001 1 0 12,2 0.001 0 -1 90.2103 395 14,14 0.001 -1 1 14,15 0.001 -1 0 12,12 0.001 1 -1 165.233 530 ::f,2,1 f,3,14 f,13,12 f,15,0 
228:3,2 0.001 0 1 2,3 0.001 -1 0 0,0 0.001 1 -1 57.2839 335 2,13 0.001 1 0 0,12 0.001 1 0 1,14 0.001 -1 -1 166.211 515 14,2 0.001 0 1 14,1 0.001 1 0 12,2 0.001 0 -1 90.2103 395 14,14 0.001 -1 0 13,15 0.001 -1 0 12,12 0.001 1 0 165.234 530 ::f,2,1 f,3,14 f,13,12 f,15,0 
229:3,3 0.001 0 1 1,3 0.001 -1 0 0,0 0.001 1 0 57.2859 335 2,13 0.001 1 0 1,12 0.001 1 0 1,14 0.001 0 -1 166.212 515 14,2 0.001 -1 1 14,1 0.001 1 1 12,1 0.001 0 -1 90.2113 395 13,14 0.001 -1 0 13,15 0.001 -1 0 12,12 0.001 1 0 165.235 530 ::f,2,1 f,3,14 f,13,12 f,15,0 
230:3,3 0.001 -1 1 0,3 0.001 -1 0 1,0 0.001 1 0 57.2879 335 2,13 0.001 1 1 2,12 0.001 1 0 1,13 0.001 0 -1 166.214 515 14,2 0.001 -1 0 14,1 0.001 0 1 12,1 0.001 0 -1 90.2113 395 13,14 0.001 -1 0 12,15 0.001 -1 0 12,12 0.001 1 0 165.236 530 ::f,2,1 f,3,14 f,13,12 f,15,0 
231:3,3 0.001 -1 0 0,3 0.001 -1 -1 1,0 0.001 1 0 57.2879 335 2,13 0.001 0 1 2,12 0.001 1 0 1,13 0.001 0 -1 166.214 515 13,2 0.001 -1 0 14,2 0.001 0 1 12,1 0.001 0 -1 90.2133 395 13,14 0.001 -1 -1 12,15 0.001 -1 -1 12,12 0.001 1 0 171.236 545 ::f,2,1 f,3,14 f,15,0 f,15,15 
232:2,3 0.001 -1 0 0,3 0.001 0 -1 2,0 0.001 1 0 57.2899 335 2,14 0.001 0 1 2,12 0.001 1 0 1,13 0.001 1 -1 166.215 515 13,2 0.001 -1 0 14,2 0.001 0 1 12,0 0.001 0 -1 90.2143 395 13,14 0.001 0 -1 12,15 0.001 0 -1 13,12 0.001 1 0 171.237 545 ::f,2,1 f,3,14 f,15,0 f,15,15 
233:1,3 0.001 -1 0 0,2 0.001 0 -1 2,0 0.001 1 0 57.2919 335 2,14 0.001 0 1 3,12 0.001 1 0 1,13 0.001 1 0 166.216 515 13,2 0.001 -1 -1 14,2 0.001 -1 1 12,0 0.001 1 -1 90.2143 395 13,13 0.001 0 -1 12,14 0.001 0 -1 13,12 0.001 1 0 171.239 545 ::f,2,1 f,3,14 f,15,0 f,15,15 
234:0,3 0.001 -1 0 0,2 0.001 0 -1 2,0 0.001 1 0 57.2929 335 2,14 0.001 -1 1 3,12 0.001 1 1 2,13 0.001 1 0 166.217 515 13,2 0.001 0 -1 14,2 0.001 -1 0 12,0 0.001 1 0 90.2143 395 13,13 0.001 0 -1 12,13 0.001 0 -1 13,12 0.001 1 0 171.24 545 ::f,2,1 f,3,14 f,15,0 f,15,15 
235:0,3 0.001 -1 -1 0,2 0.001 0 -1 3,0 0.001 1 0 57.2939 335 2,14 0.001 -1 0 3,12 0.001 0 1 2,13 0.001 1 0 166.217 515 13,1 0.001 0 -1 13,2 0.001 -1 0 13,0 0.001 1 0 90.2173 395 13,13 0.001 1 -1 12,13 0.001 0 -1 14,12 0.001 1 0 171.241 545 ::f,2,1 f,3,14 f,15,0 f,15,15 
236:0,3 0.001 0 -1 0,2 0.001 0 -1 3,0 0.001 1 1 57.2939 335 1,14 0.001 -1 0 3,13 0.001 0 1 2,13 0.001 1 1 166.219 515 13,1 0.001 0 -1 13,2 0.001 -1 0 13,0 0.001 1 0 90.2173 395 13,13 0.001 1 0 12,13 0.001 0 -1 14,12 0.001 1 0 171.241 545 ::f,2,1 f,3,14 f,15,0 f,15,15 
237:0,3 0.001 1 -1 0,1 0.001 0 -1 3,0 0.001 0 1 57.2949 335 1,14 0.001 -1 0 3,13 0.001 0 1 2,13 0.001 0 1 176.219 530 13,1 0.001 1 -1 13,2 0.001 -1 -1 14,0 0.001 1 0 90.2183 395 14,13 0.001 1 0 12,13 0.001 0 -1 14,12 0.001 1 0 171.242 545 ::f,1,15 f,2,1 f,15,0 f,15,15 
238:1,2 0.001 1 -1 0,0 0.001 0 -1 3,1 0.001 0 1 57.2979 335 1,14 0.001 -1 -1 3,14 0.001 0 1 2,14 0.001 0 1 176.221 530 13,1 0.001 1 0 13,2 0.001 0 -1 14,0 0.001 1 0 100.218 410 14,13 0.001 1 0 12,12 0.001 0 -1 14,12 0.001 1 0 171.243 545 ::f,1,15 f,2,1 f,13,3 f,15,15 
239:1,2 0.001 1 -1 0,0 0.001 1 -1 3,1 0.001 0 1 63.298 350 1,14 0.001 0 -1 3,15 0.001 0 1 2,14 0.001 0 1 176.222 530 14,1 0.001 1 0 13,1 0.001 0 -1 15,0 0.001 1 0 100.221 410 14,13 0.001 1 1 12,12 0.001 1 -1 15,12 0.001 1 0 171.244 545 ::f,1,15 f,3,0 f,13,3 f,15,15 
240:2,1 0.001 1 -1 0,0 0.001 1 0 3,2 0.001 0 1 63.3 350 1,13 0.001 0 -1 3,15 0.001 -1 1 2,14 0.001 -1 1 176.223 530 14,1 0.001 1 0 13,1 0.001 0 -1 15,0 0.001 1 1 100.221 410 14,13 0.001 0 1 12,12 0.001 1 0 15,12 0.001 1 1 171.244 545 ::f,1,15 f,3,0 f,13,3 f,15,15 
241:2,1 0.001 1 -1 1,0 0.001 1 0 3,2 0.001 0 1 70.3011 365 1,13 0.001 0 -1 3,15 0.001 -1 0 2,14 0.001 -1 0 176.223 530 14,1 0.001 1 1 13,1 0.001 1 -1 15,0 0.001 0 1 100.221 410 14,14 0.001 0 1 13,12 0.001 1 0 15,12 0.001 0 1 171.246 545 ::f,0,3 f,1,15 f,13,3 f,15,15 
242:3,0 0.001 1 -1 2,0 0.001 1 0 3,3 0.001 0 1 70.3041 365 1,13 0.001 1 -1 2,15 0.001 -1 0 1,14 0.001 -1 0 176.225 530 14,1 0.001 0 1 13,1 0.001 1 0 15,1 0.001 0 1 100.222 410 14,14 0.001 0 1 14,12 0.001 1 0 15,13 0.001 0 1 171.248 545 ::f,0,3 f,1,15 f,13,3 f,15,15 
243:3,0 0.001 1 0 2,0 0.001 1 0 3,3 0.001 -1 1 70.3041 365 1,13 0.001 1 0 2,15 0.001 -1 0 1,14 0.001 -1 0 186.225 545 14,2 0.001 0 1 14,1 0.001 1 0 15,2 0.001 0 1 100.225 410 14,14 0.001 -1 1 14,12 0.001 1 0 15,14 0.001 0 1 171.249 545 ::f,0,3 f,0,15 f,13,3 f,15,15 
244:3,0 0.001 1 1 2,0 0.001 1 1 3,3 0.001 -1 0 70.3041 365 2,13 0.001 1 0 1,15 0.001 -1 0 1,14 0.001 -1 -1 186.227 545 14,2 0.001 0 1 14,1 0.001 1 0 15,3 0.001 0 1 100.226 410 14,14 0.001 -1 0 15,12 0.001 1 0 15,14 0.001 0 1 178.25 560 ::f,0,3 f,0,15 f,13,3 f,14,12 
245:3,0 0.001 0 1 3,1 0.001 1 1 2,3 0.001 -1 0 70.3061 365 2,13 0.001 1 0 1,15 0.001 -1 0 1,14 0.001 0 -1 196.227 560 14,2 0.001 -1 1 14,1 0.001 1 1 15,3 0.001 -1 1 100.226 410 13,14 0.001 -1 0 15,12 0.001 1 1 15,15 0.001 0 1 178.252 560 ::f,0,3 f,3,15 f,13,3 f,14,12 
246:3,0 0.001 -1 1 3,1 0.001 0 1 1,3 0.001 -1 0 70.3071 365 2,13 0.001 1 1 0,15 0.001 -1 0 1,13 0.001 0 -1 196.229 560 14,2 0.001 -1 0 14,1 0.001 0 1 15,3 0.001 -1 0 100.226 410 13,14 0.001 -1 0 15,12 0.001 0 1 15,15 0.001 -1 1 178.252 560 ::f,0,3 f,3,15 f,13,3 f,14,12 
247:2,1 0.001 -1 1 3,2 0.001 0 1 1,3 0.001 -1 0 79.3092 380 2,13 0.001 0 1 0,15 0.001 -1 -1 1,13 0.001 0 -1 196.229 560 13,2 0.001 -1 0 14,2 0.001 0 1 14,3 0.001 -1 0 100.229 410 13,14 0.001 -1 -1 15,13 0.001 0 1 15,15 0.001 -1 0 178.253 560 ::f,2,2 f,3,15 f,13,3 f,14,12 
248:2,1 0.001 -1 1 3,3 0.001 0 1 0,3 0.001 -1 0 79.3112 380 2,14 0.001 0 1 0,15 0.001 0 -1 1,13 0.001 1 -1 196.23 560 13,2 0.001 -1 0 14,2 0.001 0 1 14,3 0.001 -1 0 110.23 425 13,14 0.001 0 -1 15,14 0.001 0 1 14,15 0.001 -1 0 178.255 560 ::f,2,2 f,3,15 f,12,0 f,14,12 
249:2,1 0.001 -1 1 3,3 0.001 -1 1 0,3 0.001 -1 -1 79.3112 380 2,14 0.001 0 1 0,14 0.001 0 -1 1,13 0.001 1 0 196.231 560 13,2 0.001 -1 -1 14,2 0.001 -1 1 13,3 0.001 -1 0 110.231 425 13,13 0.001 0 -1 15,14 0.001 0 1 13,15 0.001 -1 0 178.257 560 ::f,2,2 f,3,15 f,12,0 f,14,12 
250:1,2 0.001 -1 1 3,3 0.001 -1 0 0,3 0.001 0 -1 79.3122 380 2,14 0.001 -1 1 0,13 0.001 0 -1 2,13 0.001 1 0 196.233 560 13,2 0.001 0 -1 14,2 0.001 -1 0 13,3 0.001 -1 0 110.231 425 13,13 0.001 0 -1 15,15 0.001 0 1 13,15 0.001 -1 0 178.258 560 ::f,2,2 f,3,15 f,12,0 f,14,12 
251:1,2 0.001 -1 1 2,3 0.001 -1 0 0,2 0.001 0 -1 79.3142 380 2,14 0.001 -1 0 0,13 0.001 0 -1 2,13 0.001 1 0 196.233 560 13,1 0.001 0 -1 13,2 0.001 -1 0 13,3 0.001 -1 0 110.233 425 13,13 0.001 1 -1 15,15 0.001 -1 1 13,15 0.001 -1 0 178.258 560 ::f,2,2 f,3,15 f,12,0 f,14,12 
252:0,3 0.001 -1 1 1,3 0.001 -1 0 0,2 0.001 0 -1 79.3162 380 1,14 0.001 -1 0 0,12 0.001 0 -1 2,13 0.001 1 1 196.235 560 13,1 0.001 0 -1 13,2 0.001 -1 0 13,3 0.001 -1 0 110.233 425 13,13 0.001 1 0 15,15 0.001 -1 0 12,15 0.001 -1 0 178.259 560 ::f,2,2 f,3,15 f,12,0 f,14,12 
253:0,3 0.001 -1 0 1,3 0.001 -1 0 0,2 0.001 0 -1 79.3162 380 1,14 0.001 -1 0 0,12 0.001 1 -1 2,13 0.001 0 1 196.235 560 13,1 0.001 1 -1 13,2 0.001 -1 -1 12,3 0.001 -1 0 110.234 425 14,13 0.001 1 0 14,15 0.001 -1 0 12,15 0.001 -1 -1 178.261 560 ::f,2,2 f,3,15 f,12,0 f,14,12 
254:0,3 0.001 -1 -1 1,3 0.001 -1 -1 0,1 0.001 0 -1 79.3172 380 1,14 0.001 -1 -1 0,12 0.001 1 0 2,14 0.001 0 1 196.236 560 13,1 0.001 1 0 13,2 0.001 0 -1 12,3 0.001 -1 -1 110.234 425 14,13 0.001 1 0 13,15 0.001 -1 0 12,15 0.001 0 -1 178.262 560 ::f,2,2 f,3,15 f,12,0 f,14,12 
255:0,3 0.001 0 -1 0,2 0.001 -1 -1 0,0 0.001 0 -1 79.3192 380 1,14 0.001 0 -1 1,12 0.001 1 0 2,14 0.001 0 1 196.237 560 14,1 0.001 1 0 13,1 0.001 0 -1 12,3 0.001 0 -1 110.236 425 14,13 0.001 1 1 13,15 0.001 -1 0 12,14 0.001 0 -1 178.263 560 ::f,2,2 f,3,15 f,12,0 f,14,12 
256:0,3 0.001 1 -1 0,2 0.001 0 -1 0,0 0.001 1 -1 79.3192 380 1,13 0.001 0 -1 1,12 0.001 1 0 2,14 0.001 -1 1 196.238 560 14,1 0.001 1 0 13,1 0.001 0 -1 12,2 0.001 0 -1 110.237 425 14,13 0.001 0 1 12,15 0.001 -1 0 12,13 0.001 0 -1 178.265 560 ::f,2,2 f,3,15 f,12,0 f,14,12 
257:1,2 0.001 1 -1 0,1 0.001 0 -1 0,0 0.001 1 0 79.3212 380 1,13 0.001 0 -1 2,12 0.001 1 0 2,14 0.001 -1 0 196.239 560 14,1 0.001 1 1 13,1 0.001 1 -1 12,1 0.001 0 -1 110.238 425 14,14 0.001 0 1 12,15 0.001 -1 -1 12,13 0.001 0 -1 178.266 560 ::f,2,2 f,3,15 f,12,0 f,14,12 
258:1,2 0.001 1 -1 0,1 0.001 0 -1 1,0 0.001 1 0 79.3222 380 1,13 0.001 1 -1 2,12 0.001 1 0 1,14 0.001 -1 0 196.24 560 14,1 0.001 0 1 13,1 0.001 1 0 12,1 0.001 0 -1 120.238 440 14,14 0.001 0 1 12,15 0.001 0 -1 12,13 0.001 0 -1 178.266 560 ::f,2,2 f,3,15 f,14,12 f,15,1 
259:2,1 0.001 1 -1 0,0 0.001 0 -1 1,0 0.001 1 0 79.3242 380 1,13 0.001 1 0 2,12 0.001 1 0 1,14 0.001 -1 0 196.24 560 14,2 0.001 0 1 14,1 0.001 1 0 12,0 0.001 0 -1 120.241 440 14,14 0.001 -1 1 12,14 0.001 0 -1 12,12 0.001 0 -1 178.268 560 ::f,2,2 f,3,15 f,14,12 f,15,1 
260:2,1 0.001 1 -1 0,0 0.001 1 -1 1,0 0.001 1 0 79.3242 380 2,13 0.001 1 0 3,12 0.001 1 0 1,14 0.001 -1 -1 196.242 560 14,2 0.001 0 1 14,1 0.001 1 0 12,0 0.001 1 -1 126.241 455 14,14 0.001 -1 0 12,13 0.001 0 -1 12,12 0.001 1 -1 178.269 560 ::f,2,2 f,3,15 f,13,0 f,14,12 
261:2,1 0.001 1 -1 0,0 0.001 1 0 2,0 0.001 1 0 79.3252 380 2,13 0.001 1 0 3,12 0.001 1 1 1,14 0.001 0 -1 196.242 560 14,2 0.001 -1 1 14,1 0.001 1 1 12,0 0.001 1 0 126.241 455 13,14 0.001 -1 0 12,13 0.001 0 -1 12,12 0.001 1 0 178.27 560 ::f,2,2 f,3,15 f,13,0 f,14,12 
262:3,0 0.001 1 -1 1,0 0.001 1 0 2,0 0.001 1 0 79.3272 380 2,13 0.001 1 1 3,12 0.001 0 1 1,13 0.001 0 -1 196.243 560 14,2 0.001 -1 0 14,1 0.001 0 1 12,0 0.001 1 0 126.241 455 13,14 0.001 -1 0 12,13 0.001 1 -1 13,12 0.001 1 0 178.271 560 ::f,2,2 f,3,15 f,13,0 f,14,12 
263:3,0 0.001 1 0 1,0 0.001 1 0 2,0 0.001 1 1 79.3272 380 2,13 0.001 0 1 3,13 0.001 0 1 1,13 0.001 0 -1 196.244 560 13,2 0.001 -1 0 14,2 0.001 0 1 12,0 0.001 1 0 126.243 455 13,14 0.001 -1 -1 12,13 0.001 1 0 13,12 0.001 1 0 186.272 575 ::f,2,2 f,3,15 f,13,0 f,13,15 
264:3,0 0.001 1 1 1,0 0.001 1 1 3,1 0.001 1 1 79.3282 380 2,14 0.001 0 1 3,14 0.001 0 1 1,13 0.001 1 -1 196.246 560 13,2 0.001 -1 0 14,2 0.001 0 1 12,0 0.001 1 0 136.243 470 13,14 0.001 0 -1 13,13 0.001 1 0 14,12 0.001 1 0 186.274 575 ::f,2,2 f,3,15 f,13,15 f,15,1 
265:3,0 0.001 0 1 2,1 0.001 1 1 3,1 0.001 0 1 79.3292 380 2,14 0.001 0 1 3,14 0.001 0 1 1,13 0.001 1 0 206.247 575 13,2 0.001 -1 -1 14,2 0.001 -1 1 13,0 0.001 1 0 136.244 470 13,14 0.001 0 -1 13,13 0.001 1 0 15,12 0.001 1 0 186.275 575 ::f,2,2 f,2,15 f,13,15 f,15,1 
266:3,0 0.001 -1 1 2,1 0.001 1 1 3,2 0.001 0 1 79.3302 380 2,14 0.001 -1 1 3,15 0.001 0 1 2,13 0.001 1 0 206.249 575 13,2 0.001 0 -1 14,2 0.001 -1 0 14,0 0.001 1 0 136.245 470 13,14 0.001 0 -1 14,13 0.001 1 0 15,12 0.001 1 1 186.276 575 ::f,2,2 f,2,15 f,13,15 f,15,1 
267:3,0 0.001 -1 0 2,1 0.001 1 1 3,3 0.001 0 1 79.3312 380 2,14 0.001 -1 0 3,15 0.001 -1 1 2,13 0.001 1 0 206.249 575 13,1 0.001 0 -1 13,2 0.001 -1 0 14,0 0.001 1 0 136.247 470 13,14 0.001 0 -1 14,13 0.001 1 0 15,12 0.001 0 1 186.276 575 ::f,2,2 f,2,15 f,13,15 f,15,1 
268:2,0 0.001 -1 0 3,2 0.001 1 1 3,3 0.001 -1 1 79.3332 380 1,14 0.001 -1 0 3,15 0.001 -1 0 2,13 0.001 1 1 206.25 575 13,1 0.001 0 -1 13,2 0.001 -1 0 14,0 0.001 1 0 136.247 470 13,13 0.001 0 -1 14,13 0.001 1 0 15,13 0.001 0 1 186.278 575 ::f,2,2 f,2,15 f,13,15 f,15,1 
269:1,0 0.001 -1 0 3,2 0.001 0 1 3,3 0.001 -1 0 79.3342 380 1,14 0.001 -1 0 3,15 0.001 -1 0 2,13 0.001 0 1 206.25 575 13,1 0.001 1 -1 13,2 0.001 -1 -1 14,0 0.001 1 0 136.247 470 13,13 0.001 0 -1 14,13 0.001 1 0 15,14 0.001 0 1 186.279 575 ::f,2,2 f,2,15 f,13,15 f,15,1 
270:1,0 0.001 -1 0 3,2 0.001 -1 1 2,3 0.001 -1 0 79.3352 380 1,14 0.001 -1 -1 3,15 0.001 -1 0 2,14 0.001 0 1 206.251 575 13,1 0.001 1 0 13,2 0.001 0 -1 15,0 0.001 1 0 136.248 470 13,13 0.001 1 -1 15,13 0.001 1 0 15,15 0.001 0 1 186.281 575 ::f,2,2 f,2,15 f,13,15 f,15,1 
271:1,0 0.001 -1 0 3,2 0.001 -1 0 1,3 0.001 -1 0 79.3362 380 1,14 0.001 0 -1 3,15 0.001 -1 0 2,14 0.001 0 1 216.251 590 14,1 0.001 1 0 13,1 0.001 0 -1 15,0 0.001 1 1 136.25 470 13,13 0.001 1 0 15,13 0.001 1 1 15,15 0.001 -1 1 186.281 575 ::f,2,2 f,3,12 f,13,15 f,15,1 
272:0,0 0.001 -1 0 3,2 0.001 -1 0 1,3 0.001 -1 0 79.3372 380 1,13 0.001 0 -1 2,15 0.001 -1 0 2,14 0.001 -1 1 216.253 590 14,1 0.001 1 0 13,1 0.001 0 -1 15,0 0.001 0 1 141.25 485 14,13 0.001 1 0 15,13 0.001 0 1 15,15 0.001 -1 0 186.282 575 ::f,2,2 f,3,12 f,13,15 f,15,1 
273:0,0 0.001 -1 -1 3,2 0.001 -1 0 0,3 0.001 -1 0 83.3383 395 1,13 0.001 0 -1 2,15 0.001 -1 0 2,14 0.001 -1 0 216.253 590 14,1 0.001 1 1 13,1 0.001 1 -1 15,0 0.001 0 1 141.25 485 14,13 0.001 1 0 15,14 0.001 0 1 14,15 0.001 -1 0 186.284 575 ::f,1,0 f,3,12 f,13,15 f,15,1 
274:0,0 0.001 0 -1 2,2 0.001 -1 0 0,3 0.001 -1 -1 83.3393 395 1,13 0.001 1 -1 1,15 0.001 -1 0 1,14 0.001 -1 0 216.255 590 14,1 0.001 0 1 13,1 0.001 1 0 15,0 0.001 0 1 141.25 485 14,13 0.001 1 1 15,14 0.001 0 1 14,15 0.001 -1 0 195.284 590 ::f,1,0 f,3,12 f,13,15 f,15,1 
275:0,0 0.001 1 -1 2,2 0.001 -1 0 0,3 0.001 0 -1 83.3393 395 1,13 0.001 1 0 0,15 0.001 -1 0 1,14 0.001 -1 0 216.256 590 14,2 0.001 0 1 14,1 0.001 1 0 15,0 0.001 0 1 141.252 485 14,13 0.001 0 1 15,15 0.001 0 1 14,15 0.001 -1 0 205.285 605 ::f,1,0 f,3,12 f,15,1 f,15,12 
276:0,0 0.001 1 0 1,2 0.001 -1 0 0,2 0.001 0 -1 83.3413 395 2,13 0.001 1 0 0,15 0.001 -1 -1 1,14 0.001 -1 -1 216.257 590 14,2 0.001 0 1 14,1 0.001 1 0 15,1 0.001 0 1 148.253 500 14,14 0.001 0 1 15,15 0.001 -1 1 13,15 0.001 -1 0 205.287 605 ::f,1,0 f,3,12 f,14,0 f,15,12 
277:0,0 0.001 1 0 1,2 0.001 -1 0 0,2 0.001 0 -1 83.3413 395 2,13 0.001 1 0 0,15 0.001 0 -1 1,14 0.001 0 -1 216.257 590 14,2 0.001 -1 1 14,1 0.001 1 1 15,1 0.001 0 1 148.253 500 14,14 0.001 0 1 15,15 0.001 -1 0 12,15 0.001 -1 0 205.288 605 ::f,1,0 f,3,12 f,14,0 f,15,12 
278:0,0 0.001 1 0 1,2 0.001 -1 -1 0,2 0.001 0 -1 83.3413 395 2,13 0.001 1 1 0,14 0.001 0 -1 1,13 0.001 0 -1 216.259 590 14,2 0.001 -1 0 14,1 0.001 0 1 15,1 0.001 0 1 148.253 500 14,14 0.001 -1 1 14,15 0.001 -1 0 12,15 0.001 -1 -1 205.289 605 ::f,1,0 f,3,12 f,14,0 f,15,12 
279:0,0 0.001 1 0 0,1 0.001 -1 -1 0,2 0.001 0 -1 91.3424 410 2,13 0.001 0 1 0,14 0.001 0 -1 1,13 0.001 0 -1 216.259 590 13,2 0.001 -1 0 14,2 0.001 0 1 15,1 0.001 0 1 148.255 500 14,14 0.001 -1 0 14,15 0.001 -1 0 12,15 0.001 0 -1 205.289 605 ::f,3,0 f,3,12 f,14,0 f,15,12 
280:1,0 0.001 1 0 0,1 0.001 0 -1 0,2 0.001 1 -1 91.3434 410 2,14 0.001 0 1 0,13 0.001 0 -1 1,13 0.001 1 -1 216.261 590 13,2 0.001 -1 0 14,2 0.001 0 1 15,2 0.001 0 1 148.256 500 13,14 0.001 -1 0 13,15 0.001 -1 0 12,14 0.001 0 -1 205.292 605 ::f,3,0 f,3,12 f,14,0 f,15,12 
281:1,0 0.001 1 0 0,0 0.001 0 -1 1,1 0.001 1 -1 91.3454 410 2,14 0.001 0 1 0,12 0.001 0 -1 1,13 0.001 1 0 216.262 590 13,2 0.001 -1 -1 14,2 0.001 -1 1 15,2 0.001 0 1 148.256 500 13,14 0.001 -1 0 13,15 0.001 -1 0 12,14 0.001 0 -1 205.292 605 ::f,3,0 f,3,12 f,14,0 f,15,12 
282:2,0 0.001 1 0 0,0 0.001 1 -1 1,1 0.001 1 -1 91.3464 410 2,14 0.001 -1 1 0,12 0.001 1 -1 2,13 0.001 1 0 216.263 590 13,2 0.001 0 -1 14,2 0.001 -1 0 15,3 0.001 0 1 148.257 500 13,14 0.001 -1 -1 12,15 0.001 -1 0 12,13 0.001 0 -1 205.294 605 ::f,3,0 f,3,12 f,14,0 f,15,12 
283:2,0 0.001 1 0 0,0 0.001 1 0 1,1 0.001 1 0 100.347 425 2,14 0.001 -1 0 0,12 0.001 1 0 2,13 0.001 1 0 216.263 590 13,1 0.001 0 -1 13,2 0.001 -1 0 15,3 0.001 -1 1 148.259 500 13,14 0.001 0 -1 12,15 0.001 -1 -1 12,13 0.001 0 -1 205.294 605 ::f,0,3 f,3,12 f,14,0 f,15,12 
284:3,0 0.001 1 0 1,0 0.001 1 0 2,1 0.001 1 0 100.35 425 1,14 0.001 -1 0 1,12 0.001 1 0 2,13 0.001 1 1 216.265 590 13,1 0.001 0 -1 13,2 0.001 -1 0 15,3 0.001 -1 0 148.259 500 13,13 0.001 0 -1 12,15 0.001 0 -1 12,13 0.001 0 -1 205.295 605 ::f,0,3 f,3,12 f,14,0 f,15,12 
285:3,0 0.001 1 1 2,0 0.001 1 0 3,1 0.001 1 0 100.352 425 1,14 0.001 -1 0 2,12 0.001 1 0 2,13 0.001 0 1 216.266 590 13,1 0.001 1 -1 13,2 0.001 -1 -1 14,3 0.001 -1 0 148.26 500 13,13 0.001 0 -1 12,14 0.001 0 -1 12,12 0.001 0 -1 205.297 605 ::f,0,3 f,3,12 f,14,0 f,15,12 
286:3,0 0.001 0 1 2,0 0.001 1 0 3,1 0.001 1 1 100.352 425 1,14 0.001 -1 -1 2,12 0.001 1 0 2,14 0.001 0 1 226.267 605 13,1 0.001 1 0 13,2 0.001 0 -1 13,3 0.001 -1 0 148.261 500 13,13 0.001 1 -1 12,13 0.001 0 -1 12,12 0.001 1 -1 205.298 605 ::f,0,3 f,3,13 f,14,0 f,15,12 
287:3,0 0.001 -1 1 2,0 0.001 1 1 3,1 0.001 0 1 100.352 425 1,14 0.001 0 -1 3,12 0.001 1 0 2,14 0.001 0 1 226.268 605 14,1 0.001 1 0 13,1 0.001 0 -1 12,3 0.001 -1 0 148.264 500 13,13 0.001 1 0 12,13 0.001 0 -1 12,12 0.001 1 0 205.298 605 ::f,0,3 f,3,13 f,14,0 f,15,12 
288:2,1 0.001 -1 1 2,0 0.001 0 1 3,2 0.001 0 1 100.354 425 1,13 0.001 0 -1 3,12 0.001 1 1 2,14 0.001 -1 1 226.269 605 14,1 0.001 1 0 13,1 0.001 0 -1 12,3 0.001 -1 -1 148.264 500 14,13 0.001 1 0 12,13 0.001 1 -1 13,12 0.001 1 0 205.3 605 ::f,0,3 f,3,13 f,14,0 f,15,12 
289:1,2 0.001 -1 1 2,1 0.001 0 1 3,3 0.001 0 1 100.357 425 1,13 0.001 0 -1 3,12 0.001 0 1 2,14 0.001 -1 0 226.269 605 14,1 0.001 1 1 13,1 0.001 1 -1 12,3 0.001 0 -1 148.264 500 14,13 0.001 1 0 12,13 0.001 1 0 14,12 0.001 1 0 205.301 605 ::f,0,3 f,3,13 f,14,0 f,15,12 
290:1,2 0.001 -1 1 2,1 0.001 0 1 3,3 0.001 -1 1 110.357 440 1,13 0.001 1 -1 3,12 0.001 0 1 1,14 0.001 -1 0 226.27 605 14,1 0.001 0 1 13,1 0.001 1 0 12,2 0.001 0 -1 148.265 500 14,13 0.001 1 1 13,13 0.001 1 0 14,12 0.001 1 0 215.302 620 ::f,0,0 f,3,13 f,12,15 f,14,0 
291:0,3 0.001 -1 1 2,2 0.001 0 1 3,3 0.001 -1 0 110.359 440 1,13 0.001 1 0 3,12 0.001 0 1 1,14 0.001 -1 0 226.27 605 14,2 0.001 0 1 14,1 0.001 1 0 12,1 0.001 0 -1 148.268 500 14,13 0.001 0 1 13,13 0.001 1 0 15,12 0.001 1 0 215.303 620 ::f,0,0 f,3,13 f,12,15 f,14,0 
292:0,3 0.001 -1 0 2,3 0.001 0 1 3,3 0.001 -1 -1 110.36 440 2,13 0.001 1 0 3,12 0.001 0 1 1,14 0.001 -1 -1 236.271 620 14,2 0.001 0 1 14,1 0.001 1 0 12,1 0.001 0 -1 148.268 500 14,14 0.001 0 1 14,13 0.001 1 0 15,12 0.001 1 1 215.305 620 ::f,0,0 f,1,13 f,12,15 f,14,0 
293:0,3 0.001 -1 -1 2,3 0.001 -1 1 2,2 0.001 -1 -1 110.361 440 2,13 0.001 1 0 3,13 0.001 0 1 1,14 0.001 0 -1 236.272 620 14,2 0.001 -1 1 14,1 0.001 1 1 12,0 0.001 0 -1 148.269 500 14,14 0.001 0 1 15,13 0.001 1 0 15,12 0.001 0 1 215.306 620 ::f,0,0 f,1,13 f,12,15 f,14,0 
294:0,3 0.001 0 -1 2,3 0.001 -1 0 1,1 0.001 -1 -1 110.362 440 2,13 0.001 1 1 3,13 0.001 0 1 1,14 0.001 0 -1 236.272 620 14,2 0.001 -1 0 14,1 0.001 0 1 12,0 0.001 1 -1 148.269 500 14,14 0.001 -1 1 15,13 0.001 1 1 15,12 0.001 -1 1 215.306 620 ::f,0,0 f,1,13 f,12,15 f,14,0 
295:0,2 0.001 0 -1 1,3 0.001 -1 0 1,1 0.001 -1 -1 120.364 455 2,13 0.001 0 1 3,14 0.001 0 1 1,14 0.001 0 -1 236.273 620 13,2 0.001 -1 0 14,2 0.001 0 1 12,0 0.001 1 0 148.271 500 14,14 0.001 -1 0 15,13 0.001 0 1 14,13 0.001 -1 1 215.307 620 ::f,1,2 f,1,13 f,12,15 f,14,0 
296:0,2 0.001 0 -1 0,3 0.001 -1 0 0,0 0.001 -1 -1 120.366 455 2,14 0.001 0 1 3,15 0.001 0 1 1,14 0.001 0 -1 240.275 635 13,2 0.001 -1 0 14,2 0.001 0 1 13,0 0.001 1 0 148.272 500 13,14 0.001 -1 0 15,14 0.001 0 1 14,13 0.001 -1 1 215.309 620 ::f,1,2 f,2,12 f,12,15 f,14,0 
297:0,1 0.001 0 -1 0,3 0.001 -1 -1 0,0 0.001 0 -1 120.367 455 2,14 0.001 0 1 3,15 0.001 -1 1 1,14 0.001 0 -1 240.275 635 13,2 0.001 -1 -1 14,2 0.001 -1 1 13,0 0.001 1 0 158.272 515 13,14 0.001 -1 0 15,15 0.001 0 1 14,13 0.001 -1 0 215.31 620 ::f,1,2 f,2,12 f,12,15 f,15,1 
298:0,1 0.001 0 -1 0,3 0.001 0 -1 0,0 0.001 1 -1 120.367 455 2,14 0.001 -1 1 3,15 0.001 -1 0 1,13 0.001 0 -1 240.276 635 13,2 0.001 0 -1 14,2 0.001 -1 0 14,0 0.001 1 0 158.273 515 13,14 0.001 -1 -1 15,15 0.001 -1 1 13,13 0.001 -1 0 215.311 620 ::f,1,2 f,2,12 f,12,15 f,15,1 
299:0,1 0.001 1 -1 0,2 0.001 0 -1 0,0 0.001 1 0 120.368 455 2,14 0.001 -1 0 2,15 0.001 -1 0 1,13 0.001 0 -1 240.277 635 13,1 0.001 0 -1 13,2 0.001 -1 0 15,0 0.001 1 0 158.276 515 13,14 0.001 0 -1 15,15 0.001 -1 0 13,13 0.001 -1 0 215.311 620 ::f,1,2 f,2,12 f,12,15 f,15,1 
