16
0:0,0 0.001 -1 0 3,2 0.003 1 0 2,3 0.002 1 1 0.001 50 3,14 0.001 0 1 1,15 0.003 1 1 1,13 0.002 0 -1 0.002 50 13,0 0.001 1 0 14,0 0.003 0 -1 15,2 0.002 0 -1 0.002 50 14,12 0.001 1 -1 12,14 0.003 0 1 13,14 0.002 0 1 0.001 50 ::f,2,2 f,2,14 f,12,13 f,14,2 
1:0,0 0.001 -1 1 3,2 0.003 1 -1 2,3 0.001 1 1 0.001 50 3,15 0.001 0 1 1,15 0.003 1 0 1,13 0.001 0 -1 0.003 50 13,0 0.001 1 -1 14,0 0.003 -1 -1 15,1 0.002 0 -1 0.003 50 14,12 0.001 0 -1 12,15 0.003 0 1 13,14 0.002 1 1 0.002 50 ::f,2,2 f,2,14 f,12,13 f,14,2 
2:0,0 0.001 0 1 3,2 0.003 0 -1 2,3 0.001 1 0 0.001 50 3,15 0.001 1 1 2,15 0.003 1 0 1,12 0.001 0 -1 0.005 50 13,0 0.001 0 -1 14,0 0.003 -1 0 15,0 0.002 0 -1 0.004 50 14,12 0.001 -1 -1 12,15 0.003 1 1 13,14 0.002 1 0 0.002 50 ::f,2,2 f,2,14 f,12,13 f,14,2 
3:0,1 0.001 0 1 3,1 0.003 0 -1 3,3 0.001 1 0 0.004 50 3,15 0.001 1 0 2,15 0.001 1 0 1,12 0.001 -1 -1 0.005 50 13,0 0.001 -1 -1 14,0 0.003 -1 1 15,0 0.002 -1 -1 0.004 50 14,12 0.001 -1 0 12,15 0.003 1 0 14,14 0.002 1 0 0.003 50 ::f,2,2 f,2,14 f,12,13 f,14,2 
4:0,2 0.001 0 1 3,0 0.003 0 -1 3,3 0.001 1 -1 0.006 50 3,15 0.001 1 -1 2,15 0.001 1 0 1,12 0.001 -1 0 0.005 50 13,0 0.001 -1 0 13,1 0.003 -1 1 15,0 0.002 -1 0 0.005 50 13,12 0.001 -1 0 13,15 0.003 1 0 14,14 0.001 1 0 0.005 50 ::f,2,2 f,2,14 f,12,13 f,14,2 
5:0,2 0.001 0 1 3,0 0.003 -1 -1 3,3 0.001 0 -1 0.006 50 3,15 0.001 0 -1 2,15 0.001 1 0 0,12 0.001 -1 0 0.006 50 12,0 0.001 -1 0 13,1 0.001 -1 1 14,0 0.002 -1 0 0.007 50 13,12 0.001 -1 0 13,15 0.001 1 0 14,14 0.001 1 -1 0.005 50 ::f,2,2 f,2,14 f,12,13 f,14,2 
6:0,3 0.001 0 1 3,0 0.003 -1 0 3,2 0.001 0 -1 0.008 50 3,14 0.001 0 -1 3,15 0.001 1 0 0,12 0.001 -1 1 0.008 50 12,0 0.001 -1 1 12,2 0.001 -1 1 13,0 0.002 -1 0 0.009 50 12,12 0.001 -1 0 14,15 0.001 1 0 14,14 0.001 0 -1 0.007 50 ::f,2,2 f,2,14 f,12,13 f,14,2 
7:0,3 0.001 1 1 2,0 0.003 -1 0 3,2 0.001 0 -1 0.009 50 3,14 0.001 0 -1 3,15 0.001 1 -1 0,12 0.001 0 1 0.008 50 12,0 0.001 0 1 12,2 0.001 -1 1 13,0 0.001 -1 0 0.009 50 12,12 0.001 -1 1 14,15 0.001 1 0 14,13 0.001 0 -1 0.008 50 ::f,2,2 f,2,14 f,12,13 f,14,2 
8:0,3 0.001 1 0 1,0 0.003 -1 0 3,1 0.001 0 -1 0.011 50 3,13 0.001 0 -1 3,15 0.001 0 -1 0,13 0.001 0 1 0.01 50 12,1 0.001 0 1 12,2 0.001 0 1 12,0 0.001 -1 0 0.011 50 12,12 0.001 0 1 15,15 0.001 1 0 14,13 0.001 0 -1 0.009 50 ::f,2,2 f,2,14 f,12,13 f,14,2 
9:1,3 0.001 1 0 1,0 0.001 -1 0 3,1 0.001 0 -1 0.012 50 3,13 0.001 0 -1 3,14 0.001 0 -1 0,13 0.001 0 1 0.011 50 12,1 0.001 0 1 12,3 0.001 0 1 12,0 0.001 -1 1 0.012 50 12,12 0.001 0 1 15,15 0.001 1 -1 14,13 0.001 -1 -1 0.009 50 ::f,2,2 f,2,14 f,12,13 f,14,2 
10:2,3 0.001 1 0 0,0 0.001 -1 0 3,0 0.001 0 -1 0.015 50 3,12 0.001 0 -1 3,13 0.001 0 -1 0,14 0.001 0 1 0.014 50 12,2 0.001 0 1 12,3 0.001 1 1 12,0 0.001 0 1 0.013 50 12,12 0.001 0 1 15,15 0.001 0 -1 14,13 0.001 -1 0 0.009 50 ::f,2,2 f,2,14 f,12,13 f,14,2 
11:2,3 0.001 1 0 0,0 0.001 -1 1 3,0 0.001 -1 -1 0.015 50 3,12 0.001 -1 -1 3,13 0.001 0 -1 0,14 0.001 0 1 0.014 50 12,2 0.001 0 1 12,3 0.001 1 0 12,1 0.001 0 1 0.014 50 12,12 0.001 0 1 15,14 0.001 0 -1 13,13 0.001 -1 0 0.0111 65 ::f,2,2 f,2,14 f,12,13 f,14,2 
12:3,3 0.001 1 0 0,0 0.001 0 1 3,0 0.001 -1 0 0.016 50 3,12 0.001 -1 0 3,13 0.001 -1 -1 0,15 0.001 0 1 0.015 50 12,2 0.001 1 1 13,3 0.001 1 0 12,1 0.001 0 1 0.015 50 12,12 0.001 0 1 15,13 0.001 0 -1 13,13 0.001 -1 0 0.0122 80 ::f,2,2 f,2,14 f,14,2 f,15,15 
13:3,3 0.001 1 -1 0,1 0.001 0 1 2,0 0.001 -1 0 0.018 50 2,12 0.001 -1 0 3,13 0.001 -1 0 0,15 0.001 1 1 0.016 50 12,2 0.001 1 0 13,3 0.001 1 0 12,1 0.001 1 1 0.015 50 12,13 0.001 0 1 15,13 0.001 0 -1 13,13 0.001 -1 1 0.0132 80 ::f,2,2 f,2,14 f,14,2 f,15,15 
14:3,3 0.001 0 -1 0,2 0.001 0 1 1,0 0.001 -1 0 0.02 50 1,12 0.001 -1 0 2,13 0.001 -1 0 0,15 0.001 1 0 0.018 50 13,2 0.001 1 0 14,3 0.001 1 0 12,1 0.001 1 0 0.017 50 12,14 0.001 0 1 15,12 0.001 0 -1 13,13 0.001 0 1 0.0152 80 ::f,2,2 f,2,14 f,14,2 f,15,15 
15:3,2 0.001 0 -1 0,2 0.001 0 1 1,0 0.001 -1 0 0.021 50 1,12 0.001 -1 0 2,13 0.001 -1 0 1,15 0.001 1 0 0.019 50 13,2 0.001 1 0 14,3 0.001 1 0 13,1 0.001 1 0 0.0181 65 12,14 0.001 0 1 15,12 0.001 -1 -1 13,14 0.001 0 1 0.0162 80 ::f,2,2 f,2,14 f,15,0 f,15,15 
16:3,1 0.001 0 -1 0,3 0.001 0 1 0,0 0.001 -1 0 0.024 50 0,12 0.001 -1 0 1,13 0.001 -1 0 2,15 0.001 1 0 0.022 50 14,2 0.001 1 0 15,3 0.001 1 0 14,1 0.001 1 0 0.0211 65 12,15 0.001 0 1 15,12 0.001 -1 0 13,14 0.001 0 1 0.0172 80 ::f,2,2 f,2,14 f,15,0 f,15,15 
17:3,1 0.001 0 -1 0,3 0.001 1 1 0,0 0.001 -1 1 0.024 50 0,12 0.001 -1 1 1,13 0.001 -1 0 2,15 0.001 1 0 0.022 50 14,2 0.001 1 0 15,3 0.001 1 -1 14,1 0.001 1 0 0.0211 65 12,15 0.001 1 1 14,12 0.001 -1 0 13,14 0.001 1 1 0.0182 80 ::f,2,2 f,2,14 f,15,0 f,15,15 
18:3,0 0.001 0 -1 0,3 0.001 1 0 0,0 0.001 0 1 0.025 50 0,12 0.001 0 1 0,13 0.001 -1 0 3,15 0.001 1 0 0.024 50 15,2 0.001 1 0 15,3 0.001 0 -1 15,1 0.001 1 0 0.0231 65 12,15 0.001 1 0 13,12 0.001 -1 0 13,14 0.001 1 0 0.0192 80 ::f,2,2 f,2,14 f,15,0 f,15,15 
19:3,0 0.001 -1 -1 1,3 0.001 1 0 0,1 0.001 0 1 0.027 50 0,12 0.001 1 1 0,13 0.001 -1 1 3,15 0.001 1 -1 0.024 50 15,2 0.001 1 -1 15,3 0.001 -1 -1 15,1 0.001 1 -1 0.0231 65 13,15 0.001 1 0 13,12 0.001 -1 0 14,14 0.001 1 0 0.0212 80 ::f,2,2 f,2,14 f,15,0 f,15,15 
20:3,0 0.001 -1 0 2,3 0.001 1 0 0,2 0.001 0 1 0.029 50 1,13 0.001 1 1 0,13 0.001 0 1 3,15 0.001 0 -1 0.025 50 15,2 0.001 0 -1 14,2 0.001 -1 -1 15,1 0.001 0 -1 0.0241 65 14,15 0.001 1 0 12,12 0.001 -1 0 14,14 0.001 1 0 0.0232 80 ::f,2,2 f,2,14 f,15,0 f,15,15 
21:2,0 0.001 -1 0 2,3 0.001 1 0 0,2 0.001 0 1 0.03 50 1,13 0.001 1 1 0,14 0.001 0 1 3,14 0.001 0 -1 0.0271 65 15,2 0.001 -1 -1 14,2 0.001 -1 -1 15,1 0.001 0 -1 0.0241 65 14,15 0.001 1 0 12,12 0.001 -1 1 14,14 0.001 1 -1 1.0233 95 ::f,2,2 f,3,13 f,13,14 f,15,0 
22:1,0 0.001 -1 0 3,3 0.001 1 0 0,3 0.001 0 1 0.033 50 2,14 0.001 1 1 0,15 0.001 0 1 3,14 0.001 0 -1 0.0292 80 14,1 0.001 -1 -1 13,1 0.001 -1 -1 15,1 0.001 0 -1 0.0261 65 15,15 0.001 1 0 12,12 0.001 0 1 14,14 0.001 0 -1 1.0243 95 ::f,2,2 f,2,15 f,13,14 f,15,0 
23:1,0 0.001 -1 0 3,3 0.001 1 -1 0,3 0.001 1 1 0.033 50 2,14 0.001 1 1 0,15 0.001 1 1 3,13 0.001 0 -1 0.0302 80 14,1 0.001 -1 -1 13,1 0.001 -1 -1 15,1 0.001 0 -1 0.0262 80 15,15 0.001 1 -1 12,13 0.001 0 1 14,13 0.001 0 -1 1.0263 95 ::f,2,2 f,2,15 f,13,14 f,15,2 
24:0,0 0.001 -1 0 3,3 0.001 0 -1 0,3 0.001 1 0 0.034 50 3,15 0.001 1 1 0,15 0.001 1 0 3,12 0.001 0 -1 0.0322 80 13,0 0.001 -1 -1 12,0 0.001 -1 -1 15,0 0.001 0 -1 0.0292 80 15,15 0.001 0 -1 12,14 0.001 0 1 14,13 0.001 0 -1 1.0273 95 ::f,2,2 f,2,15 f,13,14 f,15,2 
25:0,0 0.001 -1 1 3,2 0.001 0 -1 1,3 0.001 1 0 0.036 50 3,15 0.001 1 0 1,15 0.001 1 0 3,12 0.001 -1 -1 0.0332 80 13,0 0.001 -1 -1 12,0 0.001 -1 0 15,0 0.001 -1 -1 0.0292 80 15,14 0.001 0 -1 12,14 0.001 0 1 14,13 0.001 -1 -1 1.0283 95 ::f,2,2 f,2,15 f,13,14 f,15,2 
26:0,0 0.001 0 1 3,1 0.001 0 -1 2,3 0.001 1 0 0.038 50 3,15 0.001 1 -1 1,15 0.001 1 0 3,12 0.001 -1 0 0.0333 95 13,0 0.001 -1 0 12,0 0.001 -1 1 15,0 0.001 -1 0 0.0292 80 15,13 0.001 0 -1 12,15 0.001 0 1 14,13 0.001 -1 0 1.0303 95 ::f,1,14 f,2,2 f,13,14 f,15,2 
27:0,1 0.001 0 1 3,1 0.001 0 -1 2,3 0.001 1 0 0.039 50 3,15 0.001 0 -1 2,15 0.001 1 0 2,12 0.001 -1 0 0.0353 95 13,0 0.001 -1 1 12,0 0.001 0 1 14,0 0.001 -1 0 0.0302 80 15,13 0.001 0 -1 12,15 0.001 1 1 13,13 0.001 -1 0 1.0313 95 ::f,1,14 f,2,2 f,13,14 f,15,2 
28:0,2 0.001 0 1 3,0 0.001 0 -1 3,3 0.001 1 0 0.042 50 3,14 0.001 0 -1 3,15 0.001 1 0 1,12 0.001 -1 0 0.0383 95 12,1 0.001 -1 1 12,0 0.001 1 1 13,0 0.001 -1 0 0.0322 80 15,12 0.001 0 -1 12,15 0.001 1 0 13,13 0.001 -1 0 1.0323 95 ::f,1,14 f,2,2 f,13,14 f,15,2 
29:0,2 0.001 0 1 3,0 0.001 -1 -1 3,3 0.001 1 -1 0.042 50 3,14 0.001 0 -1 3,15 0.001 1 -1 1,12 0.001 -1 0 0.0383 95 12,1 0.001 -1 1 13,1 0.001 1 1 13,0 0.001 -1 0 0.0332 80 15,12 0.001 -1 -1 13,15 0.001 1 0 13,13 0.001 -1 1 1.0333 95 ::f,1,14 f,2,2 f,13,14 f,15,2 
30:0,3 0.001 0 1 3,0 0.001 -1 0 3,3 0.001 0 -1 0.043 50 3,13 0.001 0 -1 3,15 0.001 0 -1 0,12 0.001 -1 0 0.0403 95 12,1 0.001 0 1 14,2 0.001 1 1 12,0 0.001 -1 0 0.0352 80 15,12 0.001 -1 0 14,15 0.001 1 0 13,13 0.001 0 1 1.0343 95 ::f,1,14 f,2,2 f,13,14 f,15,2 
31:0,3 0.001 1 1 2,0 0.001 -1 0 3,2 0.001 0 -1 0.045 50 3,13 0.001 0 -1 3,14 0.001 0 -1 0,12 0.001 -1 1 0.0413 95 12,2 0.001 0 1 14,2 0.001 1 1 12,0 0.001 -1 1 0.0362 80 14,12 0.001 -1 0 14,15 0.001 1 0 13,13 0.001 0 1 1.0353 95 ::f,1,14 f,2,2 f,13,14 f,15,2 
32:0,3 0.001 1 0 1,0 0.001 -1 0 3,1 0.001 0 -1 0.047 50 3,12 0.001 0 -1 3,13 0.001 0 -1 0,12 0.001 0 1 0.0433 95 12,3 0.001 0 1 15,3 0.001 1 1 12,0 0.001 0 1 0.0382 80 13,12 0.001 -1 0 15,15 0.001 1 0 13,13 0.001 0 1 1.0373 95 ::f,1,14 f,2,2 f,13,14 f,15,2 
33:1,3 0.001 1 0 1,0 0.001 -1 0 3,1 0.001 0 -1 0.048 50 3,12 0.001 -1 -1 3,13 0.001 0 -1 0,13 0.001 0 1 0.0443 95 12,3 0.001 1 1 15,3 0.001 1 0 12,1 0.001 0 1 0.0392 80 13,12 0.001 -1 0 15,15 0.001 1 -1 13,13 0.001 0 1 1.0373 95 ::f,1,14 f,2,2 f,13,14 f,15,2 
34:2,3 0.001 1 0 0,0 0.001 -1 0 3,0 0.001 0 -1 0.051 50 3,12 0.001 -1 0 3,13 0.001 -1 -1 0,14 0.001 0 1 0.0453 95 12,3 0.001 1 0 15,3 0.001 1 -1 12,2 0.001 0 1 0.0402 80 12,12 0.001 -1 0 15,15 0.001 0 -1 13,13 0.001 0 1 1.0383 95 ::f,1,14 f,2,2 f,13,14 f,15,2 
35:2,3 0.001 1 0 0,0 0.001 -1 1 3,0 0.001 -1 -1 0.051 50 2,12 0.001 -1 0 3,13 0.001 -1 0 0,14 0.001 0 1 0.0463 95 13,3 0.001 1 0 15,3 0.001 0 -1 12,2 0.001 0 1 0.0412 80 12,12 0.001 -1 1 15,14 0.001 0 -1 13,13 0.001 0 1 1.0393 95 ::f,1,14 f,2,2 f,13,14 f,15,2 
36:3,3 0.001 1 0 0,0 0.001 0 1 3,0 0.001 -1 0 0.052 50 1,12 0.001 -1 0 2,13 0.001 -1 0 0,15 0.001 0 1 0.0493 95 14,3 0.001 1 0 15,3 0.001 0 -1 12,3 0.001 0 1 0.0432 80 12,12 0.001 0 1 15,13 0.001 0 -1 13,13 0.001 0 1 1.0403 95 ::f,1,14 f,2,2 f,13,14 f,15,2 
37:3,3 0.001 1 -1 0,1 0.001 0 1 2,0 0.001 -1 0 0.054 50 1,12 0.001 -1 0 2,13 0.001 -1 0 0,15 0.001 1 1 0.0493 95 14,3 0.001 1 0 15,3 0.001 0 -1 12,3 0.001 1 1 0.0433 95 12,13 0.001 0 1 15,13 0.001 0 -1 13,13 0.001 0 1 1.0413 95 ::f,1,14 f,2,2 f,13,14 f,14,0 
38:3,3 0.001 0 -1 0,2 0.001 0 1 1,0 0.001 -1 0 0.056 50 0,12 0.001 -1 0 1,13 0.001 -1 0 0,15 0.001 1 0 0.0513 95 14,3 0.001 1 -1 15,2 0.001 0 -1 12,3 0.001 1 0 0.0443 95 12,14 0.001 0 1 15,12 0.001 0 -1 13,13 0.001 0 1 1.0433 95 ::f,1,14 f,2,2 f,13,14 f,14,0 
39:3,2 0.001 0 -1 0,2 0.001 0 1 1,0 0.001 -1 0 0.057 50 0,12 0.001 -1 1 1,13 0.001 -1 0 1,15 0.001 1 0 0.0523 95 14,3 0.001 0 -1 15,2 0.001 0 -1 13,3 0.001 1 0 0.0453 95 12,14 0.001 0 1 15,12 0.001 -1 -1 13,13 0.001 0 1 1.0433 95 ::f,1,14 f,2,2 f,13,14 f,14,0 
40:3,1 0.001 0 -1 0,3 0.001 0 1 0,0 0.001 -1 0 0.06 50 0,12 0.001 0 1 0,13 0.001 -1 0 2,15 0.001 1 0 0.0543 95 14,2 0.001 0 -1 15,1 0.001 0 -1 14,3 0.001 1 0 0.0483 95 12,15 0.001 0 1 15,12 0.001 -1 0 13,13 0.001 0 1 1.0443 95 ::f,1,14 f,2,2 f,13,14 f,14,0 
41:3,1 0.001 0 -1 0,3 0.001 1 1 0,0 0.001 -1 1 0.06 50 0,12 0.001 1 1 0,13 0.001 -1 1 2,15 0.001 1 0 0.0543 95 14,2 0.001 0 -1 15,1 0.001 0 -1 14,3 0.001 1 0 0.0483 95 12,15 0.001 1 1 14,12 0.001 -1 0 13,13 0.001 0 1 1.0453 95 ::f,1,14 f,2,2 f,13,14 f,14,0 
42:3,0 0.001 0 -1 0,3 0.001 1 0 0,0 0.001 0 1 0.061 50 1,13 0.001 1 1 0,13 0.001 0 1 3,15 0.001 1 0 0.0563 95 14,1 0.001 0 -1 15,0 0.001 0 -1 15,3 0.001 1 0 0.0513 95 12,15 0.001 1 0 13,12 0.001 -1 0 13,13 0.001 0 1 1.0463 95 ::f,1,14 f,2,2 f,13,14 f,14,0 
43:3,0 0.001 -1 -1 1,3 0.001 1 0 0,1 0.001 0 1 0.063 50 1,13 0.001 1 1 0,14 0.001 0 1 3,15 0.001 1 -1 0.0573 95 14,1 0.001 0 -1 15,0 0.001 -1 -1 15,3 0.001 1 -1 1.0514 110 13,15 0.001 1 0 13,12 0.001 -1 0 13,13 0.001 0 1 1.0473 95 ::f,1,14 f,2,2 f,13,14 f,14,3 
44:3,0 0.001 -1 0 2,3 0.001 1 0 0,2 0.001 0 1 0.065 50 2,14 0.001 1 1 0,15 0.001 0 1 3,15 0.001 0 -1 0.0593 95 14,0 0.001 0 -1 15,0 0.001 -1 0 15,3 0.001 0 -1 1.0524 110 14,15 0.001 1 0 12,12 0.001 -1 0 13,13 0.001 0 1 1.0493 95 ::f,1,14 f,2,2 f,13,14 f,14,3 
45:2,0 0.001 -1 0 2,3 0.001 1 0 0,2 0.001 0 1 0.066 50 2,14 0.001 1 1 0,15 0.001 1 1 3,14 0.001 0 -1 0.0603 95 14,0 0.001 -1 -1 15,0 0.001 -1 1 15,2 0.001 0 -1 1.0534 110 14,15 0.001 1 0 12,12 0.001 -1 1 13,13 0.001 0 1 1.0493 95 ::f,1,14 f,2,2 f,13,14 f,14,3 
46:1,0 0.001 -1 0 3,3 0.001 1 0 0,3 0.001 0 1 0.069 50 3,15 0.001 1 1 0,15 0.001 1 0 3,13 0.001 0 -1 0.0623 95 14,0 0.001 -1 0 14,1 0.001 -1 1 15,1 0.001 0 -1 1.0554 110 15,15 0.001 1 0 12,12 0.001 0 1 13,13 0.001 0 1 1.0503 95 ::f,1,14 f,2,2 f,13,14 f,14,3 
47:1,0 0.001 -1 0 3,3 0.001 1 -1 0,3 0.001 1 1 0.069 50 3,15 0.001 1 0 1,15 0.001 1 0 3,13 0.001 0 -1 0.0633 95 13,0 0.001 -1 0 14,1 0.001 -1 1 15,1 0.001 0 -1 1.0564 110 15,15 0.001 1 -1 12,13 0.001 0 1 13,13 0.001 0 1 1.0513 95 ::f,1,14 f,2,2 f,13,14 f,14,3 
48:0,0 0.001 -1 0 3,3 0.001 0 -1 0,3 0.001 1 0 0.07 50 3,15 0.001 1 -1 2,15 0.001 1 0 3,12 0.001 0 -1 0.0653 95 12,0 0.001 -1 0 13,2 0.001 -1 1 15,0 0.001 0 -1 1.0594 110 15,15 0.001 0 -1 12,14 0.001 0 1 13,13 0.001 0 1 1.0523 95 ::f,1,14 f,2,2 f,13,14 f,14,3 
49:0,0 0.001 -1 1 3,2 0.001 0 -1 1,3 0.001 1 0 0.072 50 3,15 0.001 0 -1 2,15 0.001 1 0 3,12 0.001 -1 -1 0.0653 95 12,0 0.001 -1 1 13,2 0.001 -1 1 15,0 0.001 -1 -1 1.0594 110 15,14 0.001 0 -1 12,14 0.001 0 1 13,13 0.001 0 1 1.0533 95 ::f,1,14 f,2,2 f,13,14 f,14,3 
50:0,0 0.001 0 1 3,1 0.001 0 -1 2,3 0.001 1 0 0.074 50 3,14 0.001 0 -1 3,15 0.001 1 0 3,12 0.001 -1 0 0.0673 95 12,0 0.001 0 1 12,3 0.001 -1 1 15,0 0.001 -1 0 1.0604 110 15,13 0.001 0 -1 12,15 0.001 0 1 13,13 0.001 0 1 1.0553 95 ::f,1,14 f,2,2 f,13,14 f,14,3 
51:0,1 0.001 0 1 3,1 0.001 0 -1 2,3 0.001 1 0 0.075 50 3,14 0.001 0 -1 3,15 0.001 1 -1 2,12 0.001 -1 0 0.0683 95 12,1 0.001 0 1 12,3 0.001 0 1 14,0 0.001 -1 0 1.0624 110 15,13 0.001 0 -1 12,15 0.001 1 1 13,13 0.001 0 1 1.0553 95 ::f,1,14 f,2,2 f,13,14 f,14,3 
52:0,2 0.001 0 1 3,0 0.001 0 -1 3,3 0.001 1 0 0.078 50 3,13 0.001 0 -1 3,15 0.001 0 -1 1,12 0.001 -1 0 0.0703 95 12,2 0.001 0 1 12,3 0.001 1 1 13,0 0.001 -1 0 1.0644 110 15,12 0.001 0 -1 12,15 0.001 1 0 13,13 0.001 0 1 1.0563 95 ::f,1,14 f,2,2 f,13,14 f,14,3 
53:0,2 0.001 0 1 3,0 0.001 -1 -1 3,3 0.001 1 -1 0.078 50 3,13 0.001 0 -1 3,14 0.001 0 -1 1,12 0.001 -1 0 0.0713 95 12,2 0.001 0 1 12,3 0.001 1 0 13,0 0.001 -1 0 1.0644 110 15,12 0.001 -1 -1 13,15 0.001 1 0 13,13 0.001 0 1 1.0573 95 ::f,1,14 f,2,2 f,13,14 f,14,3 
54:0,3 0.001 0 1 3,0 0.001 -1 0 3,3 0.001 0 -1 0.079 50 3,12 0.001 0 -1 3,13 0.001 0 -1 0,12 0.001 -1 0 0.0743 95 12,2 0.001 1 1 13,3 0.001 1 0 12,0 0.001 -1 0 1.0664 110 15,12 0.001 -1 0 14,15 0.001 1 0 13,13 0.001 0 1 1.0583 95 ::f,1,14 f,2,2 f,13,14 f,14,3 
55:0,3 0.001 1 1 2,0 0.001 -1 0 3,2 0.001 0 -1 0.081 50 3,12 0.001 -1 -1 3,13 0.001 0 -1 0,12 0.001 -1 1 0.0743 95 12,2 0.001 1 0 13,3 0.001 1 0 12,0 0.001 -1 1 2.0665 125 14,12 0.001 -1 0 14,15 0.001 1 0 13,13 0.001 0 1 1.0593 95 ::f,1,14 f,2,2 f,12,3 f,13,14 
56:0,3 0.001 1 0 1,0 0.001 -1 0 3,1 0.001 0 -1 0.083 50 3,12 0.001 -1 0 3,13 0.001 -1 -1 0,12 0.001 0 1 0.0743 95 13,2 0.001 1 0 14,3 0.001 1 0 12,0 0.001 0 1 2.0685 125 13,12 0.001 -1 0 15,15 0.001 1 0 13,13 0.001 0 1 1.0613 95 ::f,1,14 f,2,2 f,12,3 f,13,14 
57:1,3 0.001 1 0 1,0 0.001 -1 0 3,1 0.001 0 -1 0.084 50 2,12 0.001 -1 0 3,13 0.001 -1 0 0,13 0.001 0 1 0.0763 95 13,2 0.001 1 0 14,3 0.001 1 0 12,1 0.001 0 1 2.0695 125 13,12 0.001 -1 0 15,15 0.001 1 -1 13,13 0.001 0 1 1.0613 95 ::f,1,14 f,2,2 f,12,3 f,13,14 
58:2,3 0.001 1 0 0,0 0.001 -1 0 3,0 0.001 0 -1 0.087 50 1,12 0.001 -1 0 2,13 0.001 -1 0 0,14 0.001 0 1 0.0793 95 14,2 0.001 1 0 15,3 0.001 1 0 12,2 0.001 0 1 2.0725 125 12,12 0.001 -1 0 15,15 0.001 0 -1 13,13 0.001 0 1 1.0623 95 ::f,1,14 f,2,2 f,12,3 f,13,14 
59:2,3 0.001 1 0 0,0 0.001 -1 1 3,0 0.001 -1 -1 0.087 50 1,12 0.001 -1 0 2,13 0.001 -1 0 0,14 0.001 0 1 0.0793 95 14,2 0.001 1 0 15,3 0.001 1 -1 12,2 0.001 0 1 3.0726 140 12,12 0.001 -1 1 15,14 0.001 0 -1 13,13 0.001 0 1 1.0633 95 ::f,1,14 f,2,2 f,12,0 f,13,14 
60:3,3 0.001 1 0 0,0 0.001 0 1 3,0 0.001 -1 0 0.088 50 0,12 0.001 -1 0 1,13 0.001 -1 0 0,15 0.001 0 1 0.0823 95 15,2 0.001 1 0 15,3 0.001 0 -1 12,3 0.001 0 1 3.0746 140 12,12 0.001 0 1 15,13 0.001 0 -1 13,13 0.001 0 1 1.0643 95 ::f,1,14 f,2,2 f,12,0 f,13,14 
61:3,3 0.001 1 -1 0,1 0.001 0 1 2,0 0.001 -1 0 0.09 50 0,12 0.001 -1 1 1,13 0.001 -1 0 0,15 0.001 1 1 0.0823 95 15,2 0.001 1 -1 15,3 0.001 -1 -1 12,3 0.001 1 1 3.0746 140 12,13 0.001 0 1 15,13 0.001 0 -1 13,13 0.001 0 1 1.0653 95 ::f,1,14 f,2,2 f,12,0 f,13,14 
62:3,3 0.001 0 -1 0,2 0.001 0 1 1,0 0.001 -1 0 0.092 50 0,12 0.001 0 1 0,13 0.001 -1 0 0,15 0.001 1 0 0.0833 95 15,2 0.001 0 -1 14,2 0.001 -1 -1 12,3 0.001 1 0 3.0756 140 12,14 0.001 0 1 15,12 0.001 0 -1 13,13 0.001 0 1 1.0673 95 ::f,1,14 f,2,2 f,12,0 f,13,14 
63:3,2 0.001 0 -1 0,2 0.001 0 1 1,0 0.001 -1 0 0.093 50 0,12 0.001 1 1 0,13 0.001 -1 1 1,15 0.001 1 0 0.0843 95 15,1 0.001 0 -1 14,2 0.001 -1 -1 13,3 0.001 1 0 3.0776 140 12,14 0.001 0 1 15,12 0.001 -1 -1 13,13 0.001 0 1 1.0673 95 ::f,1,14 f,2,2 f,12,0 f,13,14 
64:3,1 0.001 0 -1 0,3 0.001 0 1 0,0 0.001 -1 0 0.096 50 1,13 0.001 1 1 0,13 0.001 0 1 2,15 0.001 1 0 0.0863 95 15,0 0.001 0 -1 13,1 0.001 -1 -1 14,3 0.001 1 0 3.0806 140 12,15 0.001 0 1 15,12 0.001 -1 0 13,13 0.001 0 1 1.0683 95 ::f,1,14 f,2,2 f,12,0 f,13,14 
65:3,1 0.001 0 -1 0,3 0.001 1 1 0,0 0.001 -1 1 0.096 50 1,13 0.001 1 1 0,14 0.001 0 1 2,15 0.001 1 0 0.0873 95 15,0 0.001 -1 -1 13,1 0.001 -1 -1 14,3 0.001 1 0 5.0807 155 12,15 0.001 1 1 14,12 0.001 -1 0 13,13 0.001 0 1 1.0693 95 ::f,1,14 f,2,2 f,13,14 f,14,1 
66:3,0 0.001 0 -1 0,3 0.001 1 0 0,0 0.001 0 1 0.097 50 2,14 0.001 1 1 0,15 0.001 0 1 3,15 0.001 1 0 0.0903 95 15,0 0.001 -1 0 12,0 0.001 -1 -1 15,3 0.001 1 0 5.0827 155 12,15 0.001 1 0 13,12 0.001 -1 0 13,13 0.001 0 1 1.0703 95 ::f,1,14 f,2,2 f,13,14 f,14,1 
67:3,0 0.001 -1 -1 1,3 0.001 1 0 0,1 0.001 0 1 0.099 50 2,14 0.001 1 1 0,15 0.001 1 1 3,15 0.001 1 -1 0.0903 95 14,0 0.001 -1 0 12,0 0.001 -1 0 15,3 0.001 1 -1 5.0837 155 13,15 0.001 1 0 13,12 0.001 -1 0 13,13 0.001 0 1 1.0713 95 ::f,1,14 f,2,2 f,13,14 f,14,1 
68:3,0 0.001 -1 0 2,3 0.001 1 0 0,2 0.001 0 1 0.101 50 2,14 0.001 1 0 0,15 0.001 1 0 3,15 0.001 0 -1 0.0903 95 13,0 0.001 -1 0 12,0 0.001 -1 1 15,3 0.001 0 -1 5.0847 155 14,15 0.001 1 0 12,12 0.001 -1 0 13,13 0.001 0 1 1.0733 95 ::f,1,14 f,2,2 f,13,14 f,14,1 
69:2,0 0.001 -1 0 2,3 0.001 1 0 0,2 0.001 0 1 0.102 50 3,14 0.001 1 0 1,15 0.001 1 0 3,15 0.001 -1 -1 0.0923 95 13,0 0.001 -1 0 12,0 0.001 0 1 15,2 0.001 0 -1 5.0857 155 14,15 0.001 1 0 12,12 0.001 -1 1 13,13 0.001 0 1 1.0733 95 ::f,1,14 f,2,2 f,13,14 f,14,1 
70:1,0 0.001 -1 0 3,3 0.001 1 0 0,3 0.001 0 1 0.105 50 3,14 0.001 1 -1 2,15 0.001 1 0 2,14 0.001 -1 -1 0.0943 95 13,0 0.001 -1 1 12,1 0.001 0 1 15,1 0.001 0 -1 5.0877 155 15,15 0.001 1 0 12,12 0.001 0 1 13,13 0.001 0 1 1.0743 95 ::f,1,14 f,2,2 f,13,14 f,14,1 
71:1,0 0.001 -1 0 3,3 0.001 1 -1 0,3 0.001 1 1 0.105 50 3,14 0.001 0 -1 2,15 0.001 1 0 2,14 0.001 -1 -1 0.0943 95 13,0 0.001 0 1 12,1 0.001 0 1 15,1 0.001 0 -1 5.0877 155 15,15 0.001 1 -1 12,13 0.001 0 1 13,13 0.001 0 1 1.0753 95 ::f,1,14 f,2,2 f,13,14 f,14,1 
72:0,0 0.001 -1 0 3,3 0.001 0 -1 0,3 0.001 1 0 0.106 50 3,13 0.001 0 -1 3,15 0.001 1 0 1,13 0.001 -1 -1 0.0973 95 13,1 0.001 0 1 12,2 0.001 0 1 15,0 0.001 0 -1 5.0907 155 15,15 0.001 0 -1 12,14 0.001 0 1 13,13 0.001 0 1 1.0763 95 ::f,1,14 f,2,2 f,13,14 f,14,1 
73:0,0 0.001 -1 1 3,2 0.001 0 -1 1,3 0.001 1 0 0.108 50 3,13 0.001 0 -1 3,15 0.001 1 -1 1,13 0.001 -1 -1 0.0973 95 13,1 0.001 0 1 12,2 0.001 0 1 15,0 0.001 -1 -1 5.0907 155 15,14 0.001 0 -1 12,14 0.001 0 1 13,13 0.001 0 1 1.0773 95 ::f,1,14 f,2,2 f,13,14 f,14,1 
74:0,0 0.001 0 1 3,1 0.001 0 -1 2,3 0.001 1 0 0.11 50 3,12 0.001 0 -1 3,15 0.001 0 -1 0,12 0.001 -1 -1 0.0993 95 13,2 0.001 0 1 12,3 0.001 0 1 15,0 0.001 -1 0 5.0927 155 15,13 0.001 0 -1 12,15 0.001 0 1 13,13 0.001 0 1 1.0793 95 ::f,1,14 f,2,2 f,13,14 f,14,1 
75:0,1 0.001 0 1 3,1 0.001 0 -1 2,3 0.001 1 0 0.111 50 3,12 0.001 -1 -1 3,14 0.001 0 -1 0,12 0.001 -1 0 0.1003 95 13,2 0.001 0 1 12,3 0.001 1 1 14,0 0.001 -1 0 5.0937 155 15,13 0.001 0 -1 12,15 0.001 1 1 13,13 0.001 0 1 1.0793 95 ::f,1,14 f,2,2 f,13,14 f,14,1 
76:0,2 0.001 0 1 3,0 0.001 0 -1 3,3 0.001 1 0 0.114 50 3,12 0.001 -1 0 3,13 0.001 0 -1 0,12 0.001 -1 1 0.1013 95 13,3 0.001 0 1 12,3 0.001 1 0 13,0 0.001 -1 0 5.0957 155 15,12 0.001 0 -1 12,15 0.001 1 0 13,13 0.001 0 1 1.0803 95 ::f,1,14 f,2,2 f,13,14 f,14,1 
77:0,2 0.001 0 1 3,0 0.001 -1 -1 3,3 0.001 1 -1 0.114 50 2,12 0.001 -1 0 3,13 0.001 0 -1 0,12 0.001 0 1 0.1023 95 13,3 0.001 1 1 12,3 0.001 1 -1 13,0 0.001 -1 0 5.0957 155 15,12 0.001 -1 -1 13,15 0.001 1 0 13,13 0.001 0 1 1.0813 95 ::f,1,14 f,2,2 f,13,14 f,14,1 
78:0,3 0.001 0 1 3,0 0.001 -1 0 3,3 0.001 0 -1 0.115 50 1,12 0.001 -1 0 3,12 0.001 0 -1 0,13 0.001 0 1 0.1053 95 13,3 0.001 1 0 13,2 0.001 1 -1 12,0 0.001 -1 0 5.0977 155 15,12 0.001 -1 0 14,15 0.001 1 0 13,13 0.001 0 1 1.0823 95 ::f,1,14 f,2,2 f,13,14 f,14,1 
79:0,3 0.001 1 1 2,0 0.001 -1 0 3,2 0.001 0 -1 0.117 50 1,12 0.001 -1 0 3,12 0.001 -1 -1 0,13 0.001 0 1 0.1053 95 14,3 0.001 1 0 13,2 0.001 1 -1 12,0 0.001 -1 1 8.0988 170 14,12 0.001 -1 0 14,15 0.001 1 0 13,13 0.001 0 1 1.0833 95 ::f,1,14 f,2,2 f,13,0 f,13,14 
80:0,3 0.001 1 0 1,0 0.001 -1 0 3,1 0.001 0 -1 0.119 50 0,12 0.001 -1 0 3,12 0.001 -1 0 0,14 0.001 0 1 0.1073 95 15,3 0.001 1 0 14,1 0.001 1 -1 12,0 0.001 0 1 8.1008 170 13,12 0.001 -1 0 15,15 0.001 1 0 13,13 0.001 0 1 1.0853 95 ::f,1,14 f,2,2 f,13,0 f,13,14 
81:1,3 0.001 1 0 1,0 0.001 -1 0 3,1 0.001 0 -1 0.12 50 0,12 0.001 -1 1 2,12 0.001 -1 0 0,14 0.001 0 1 0.1083 95 15,3 0.001 1 -1 14,1 0.001 1 -1 12,1 0.001 0 1 8.1018 170 13,12 0.001 -1 0 15,15 0.001 1 -1 13,13 0.001 0 1 1.0853 95 ::f,1,14 f,2,2 f,13,0 f,13,14 
82:2,3 0.001 1 0 0,0 0.001 -1 0 3,0 0.001 0 -1 0.123 50 0,12 0.001 0 1 1,12 0.001 -1 0 0,15 0.001 0 1 0.1103 95 15,3 0.001 0 -1 15,0 0.001 1 -1 12,2 0.001 0 1 8.1038 170 12,12 0.001 -1 0 15,15 0.001 0 -1 13,13 0.001 0 1 1.0863 95 ::f,1,14 f,2,2 f,13,0 f,13,14 
83:2,3 0.001 1 0 0,0 0.001 -1 1 3,0 0.001 -1 -1 0.123 50 0,13 0.001 0 1 1,12 0.001 -1 0 0,15 0.001 1 1 0.1113 95 15,2 0.001 0 -1 15,0 0.001 0 -1 12,2 0.001 0 1 8.1048 170 12,12 0.001 -1 1 15,14 0.001 0 -1 13,13 0.001 0 1 1.0873 95 ::f,1,14 f,2,2 f,13,0 f,13,14 
84:3,3 0.001 1 0 0,0 0.001 0 1 3,0 0.001 -1 0 0.124 50 0,14 0.001 0 1 0,12 0.001 -1 0 0,15 0.001 1 0 0.1133 95 15,1 0.001 0 -1 15,0 0.001 -1 -1 12,3 0.001 0 1 8.1068 170 12,12 0.001 0 1 15,13 0.001 0 -1 13,13 0.001 0 1 1.0883 95 ::f,1,14 f,2,2 f,13,0 f,13,14 
85:3,3 0.001 1 -1 0,1 0.001 0 1 2,0 0.001 -1 0 0.126 50 0,14 0.001 0 1 0,12 0.001 -1 1 1,15 0.001 1 0 0.1143 95 15,1 0.001 0 -1 15,0 0.001 -1 0 12,3 0.001 1 1 8.1068 170 12,13 0.001 0 1 15,13 0.001 0 -1 13,13 0.001 0 1 1.0893 95 ::f,1,14 f,2,2 f,13,0 f,13,14 
86:3,3 0.001 0 -1 0,2 0.001 0 1 1,0 0.001 -1 0 0.128 50 0,15 0.001 0 1 0,12 0.001 0 1 2,15 0.001 1 0 0.1163 95 15,1 0.001 -1 -1 14,0 0.001 -1 0 12,3 0.001 1 0 8.1078 170 12,14 0.001 0 1 15,12 0.001 0 -1 13,13 0.001 0 1 1.0913 95 ::f,1,14 f,2,2 f,13,0 f,13,14 
87:3,2 0.001 0 -1 0,2 0.001 0 1 1,0 0.001 -1 0 0.129 50 0,15 0.001 1 1 0,13 0.001 0 1 2,15 0.001 1 0 0.1173 95 15,1 0.001 -1 0 14,0 0.001 -1 0 13,3 0.001 1 0 12.1089 185 12,14 0.001 0 1 15,12 0.001 -1 -1 13,13 0.001 0 1 1.0913 95 ::f,1,14 f,2,2 f,13,14 f,15,2 
88:3,1 0.001 0 -1 0,3 0.001 0 1 0,0 0.001 -1 0 0.132 50 0,15 0.001 1 0 0,14 0.001 0 1 3,15 0.001 1 0 0.1193 95 14,1 0.001 -1 0 13,0 0.001 -1 0 14,3 0.001 1 0 12.1119 185 12,15 0.001 0 1 15,12 0.001 -1 0 13,13 0.001 0 1 1.0923 95 ::f,1,14 f,2,2 f,13,14 f,15,2 
89:3,1 0.001 0 -1 0,3 0.001 1 1 0,0 0.001 -1 1 0.132 50 1,15 0.001 1 0 0,14 0.001 0 1 3,15 0.001 1 -1 0.1203 95 14,1 0.001 -1 0 13,0 0.001 -1 0 14,3 0.001 1 0 12.1119 185 12,15 0.001 1 1 14,12 0.001 -1 0 13,13 0.001 0 1 1.0933 95 ::f,1,14 f,2,2 f,13,14 f,15,2 
90:3,0 0.001 0 -1 0,3 0.001 1 0 0,0 0.001 0 1 0.133 50 2,15 0.001 1 0 0,15 0.001 0 1 3,15 0.001 0 -1 0.1223 95 13,1 0.001 -1 0 12,0 0.001 -1 0 15,3 0.001 1 0 12.1149 185 12,15 0.001 1 0 13,12 0.001 -1 0 13,13 0.001 0 1 1.0943 95 ::f,1,14 f,2,2 f,13,14 f,15,2 
91:3,0 0.001 -1 -1 1,3 0.001 1 0 0,1 0.001 0 1 0.135 50 2,15 0.001 1 0 0,15 0.001 1 1 3,14 0.001 0 -1 0.1233 95 12,1 0.001 -1 0 12,0 0.001 -1 1 15,3 0.001 1 -1 12.1159 185 13,15 0.001 1 0 12,12 0.001 -1 0 13,13 0.001 0 1 1.0963 95 ::f,1,14 f,2,2 f,13,14 f,15,2 
92:3,0 0.001 -1 0 2,3 0.001 1 0 0,2 0.001 0 1 0.137 50 3,15 0.001 1 0 0,15 0.001 1 0 3,13 0.001 0 -1 0.1253 95 12,1 0.001 -1 1 12,0 0.001 0 1 15,3 0.001 0 -1 12.1159 185 14,15 0.001 1 0 12,12 0.001 -1 1 13,13 0.001 0 1 1.0973 95 ::f,1,14 f,2,2 f,13,14 f,15,2 
93:2,0 0.001 -1 0 3,3 0.001 1 0 0,3 0.001 0 1 0.14 50 3,15 0.001 1 -1 1,15 0.001 1 0 3,12 0.001 0 -1 0.1273 95 12,1 0.001 0 1 12,0 0.001 1 1 15,3 0.001 0 -1 12.1159 185 15,15 0.001 1 0 12,12 0.001 0 1 13,13 0.001 0 1 1.0983 95 ::f,1,14 f,2,2 f,13,14 f,15,2 
94:1,0 0.001 -1 0 3,3 0.001 1 -1 0,3 0.001 1 1 0.141 50 3,15 0.001 0 -1 2,15 0.001 1 0 3,12 0.001 -1 -1 0.1283 95 12,2 0.001 0 1 13,1 0.001 1 1 15,3 0.001 0 -1 12.1179 185 15,15 0.001 1 -1 12,13 0.001 0 1 13,13 0.001 0 1 1.0993 95 ::f,1,14 f,2,2 f,13,14 f,15,2 
95:0,0 0.001 -1 0 3,3 0.001 0 -1 0,3 0.001 1 0 0.142 50 3,14 0.001 0 -1 3,15 0.001 1 0 3,12 0.001 -1 0 0.1303 95 12,3 0.001 0 1 14,2 0.001 1 1 15,3 0.001 0 -1 14.12 200 15,15 0.001 0 -1 12,14 0.001 0 1 13,13 0.001 0 1 1.1003 95 ::f,1,14 f,2,2 f,13,3 f,13,14 
96:0,0 0.001 -1 1 3,2 0.001 0 -1 1,3 0.001 1 0 0.144 50 3,13 0.001 0 -1 3,15 0.001 1 -1 2,12 0.001 -1 0 0.1323 95 12,3 0.001 1 1 14,2 0.001 1 1 15,2 0.001 0 -1 14.121 200 15,14 0.001 0 -1 12,15 0.001 0 1 13,13 0.001 0 1 1.1023 95 ::f,1,14 f,2,2 f,13,3 f,13,14 
97:0,0 0.001 0 1 3,1 0.001 0 -1 2,3 0.001 1 0 0.146 50 3,12 0.001 0 -1 3,15 0.001 0 -1 1,12 0.001 -1 0 0.1343 95 12,3 0.001 1 0 15,3 0.001 1 1 15,1 0.001 0 -1 14.123 200 15,13 0.001 0 -1 12,15 0.001 1 1 13,13 0.001 0 1 1.1033 95 ::f,1,14 f,2,2 f,13,3 f,13,14 
98:0,1 0.001 0 1 3,0 0.001 0 -1 3,3 0.001 1 0 0.149 50 3,12 0.001 -1 -1 3,14 0.001 0 -1 0,12 0.001 -1 0 0.1363 95 12,3 0.001 1 0 15,3 0.001 1 0 15,0 0.001 0 -1 14.124 200 15,12 0.001 0 -1 12,15 0.001 1 0 13,13 0.001 0 1 1.1043 95 ::f,1,14 f,2,2 f,13,3 f,13,14 
99:0,2 0.001 0 1 3,0 0.001 -1 -1 3,3 0.001 1 -1 0.15 50 3,12 0.001 -1 0 3,13 0.001 0 -1 0,12 0.001 -1 1 0.1373 95 12,3 0.001 1 0 15,3 0.001 1 -1 15,0 0.001 -1 -1 16.1241 215 15,12 0.001 -1 -1 13,15 0.001 1 0 13,13 0.001 0 1 1.1053 95 ::f,1,14 f,2,2 f,12,1 f,13,14 
100:0,3 0.001 0 1 3,0 0.001 -1 0 3,3 0.001 0 -1 0.151 50 2,12 0.001 -1 0 3,12 0.001 0 -1 0,12 0.001 0 1 0.1393 95 13,3 0.001 1 0 15,3 0.001 0 -1 15,0 0.001 -1 0 16.1251 215 15,12 0.001 -1 0 14,15 0.001 1 0 13,13 0.001 0 1 1.1063 95 ::f,1,14 f,2,2 f,12,1 f,13,14 
101:0,3 0.001 1 1 2,0 0.001 -1 0 3,2 0.001 0 -1 0.153 50 1,12 0.001 -1 0 3,12 0.001 -1 -1 0,13 0.001 0 1 0.1413 95 14,3 0.001 1 0 15,2 0.001 0 -1 14,0 0.001 -1 0 16.1281 215 14,12 0.001 -1 0 15,15 0.001 1 0 13,13 0.001 0 1 1.1083 95 ::f,1,14 f,2,2 f,12,1 f,13,14 
102:0,3 0.001 1 0 1,0 0.001 -1 0 3,1 0.001 0 -1 0.155 50 0,12 0.001 -1 0 3,12 0.001 -1 0 0,14 0.001 0 1 0.1433 95 15,3 0.001 1 0 15,1 0.001 0 -1 13,0 0.001 -1 0 16.1311 215 13,12 0.001 -1 0 15,15 0.001 1 -1 13,13 0.001 0 1 1.1093 95 ::f,1,14 f,2,2 f,12,1 f,13,14 
103:1,3 0.001 1 0 0,0 0.001 -1 0 3,0 0.001 0 -1 0.158 50 0,12 0.001 -1 1 2,12 0.001 -1 0 0,15 0.001 0 1 0.1453 95 15,3 0.001 1 -1 15,0 0.001 0 -1 12,0 0.001 -1 0 16.1331 215 12,12 0.001 -1 0 15,15 0.001 0 -1 13,13 0.001 0 1 1.1103 95 ::f,1,14 f,2,2 f,12,1 f,13,14 
104:2,3 0.001 1 0 0,0 0.001 -1 1 3,0 0.001 -1 -1 0.159 50 0,12 0.001 0 1 1,12 0.001 -1 0 0,15 0.001 1 1 0.1463 95 15,3 0.001 0 -1 15,0 0.001 -1 -1 12,0 0.001 -1 1 16.1331 215 12,12 0.001 -1 1 15,14 0.001 0 -1 13,13 0.001 0 1 1.1113 95 ::f,1,14 f,2,2 f,12,1 f,13,14 
105:3,3 0.001 1 0 0,0 0.001 0 1 3,0 0.001 -1 0 0.16 50 0,13 0.001 0 1 0,12 0.001 -1 0 0,15 0.001 1 0 0.1483 95 15,2 0.001 0 -1 15,0 0.001 -1 0 12,0 0.001 0 1 16.1341 215 12,12 0.001 0 1 15,13 0.001 0 -1 13,13 0.001 0 1 1.1123 95 ::f,1,14 f,2,2 f,12,1 f,13,14 
106:3,3 0.001 1 -1 0,1 0.001 0 1 2,0 0.001 -1 0 0.162 50 0,14 0.001 0 1 0,12 0.001 -1 1 1,15 0.001 1 0 0.1503 95 15,1 0.001 0 -1 14,0 0.001 -1 0 12,0 0.001 0 1 16.1361 215 12,13 0.001 0 1 15,12 0.001 0 -1 13,13 0.001 0 1 1.1143 95 ::f,1,14 f,2,2 f,12,1 f,13,14 
107:3,3 0.001 0 -1 0,2 0.001 0 1 1,0 0.001 -1 0 0.164 50 0,15 0.001 0 1 0,12 0.001 0 1 2,15 0.001 1 0 0.1523 95 15,0 0.001 0 -1 13,0 0.001 -1 0 12,0 0.001 0 1 19.1382 230 12,14 0.001 0 1 15,12 0.001 -1 -1 13,13 0.001 0 1 1.1153 95 ::f,1,14 f,2,2 f,13,14 f,15,3 
108:3,2 0.001 0 -1 0,3 0.001 0 1 0,0 0.001 -1 0 0.167 50 0,15 0.001 1 1 0,13 0.001 0 1 3,15 0.001 1 0 0.1543 95 15,0 0.001 -1 -1 13,0 0.001 -1 0 12,1 0.001 0 1 19.1392 230 12,15 0.001 0 1 15,12 0.001 -1 0 13,13 0.001 0 1 1.1163 95 ::f,1,14 f,2,2 f,13,14 f,15,3 
109:3,1 0.001 0 -1 0,3 0.001 1 1 0,0 0.001 -1 1 0.168 50 0,15 0.001 1 0 0,14 0.001 0 1 3,15 0.001 1 -1 0.1553 95 15,0 0.001 -1 0 12,0 0.001 -1 0 12,2 0.001 0 1 19.1412 230 12,15 0.001 1 1 14,12 0.001 -1 0 13,13 0.001 0 1 1.1173 95 ::f,1,14 f,2,2 f,13,14 f,15,3 
110:3,0 0.001 0 -1 0,3 0.001 1 0 0,0 0.001 0 1 0.169 50 1,15 0.001 1 0 0,15 0.001 0 1 3,15 0.001 0 -1 0.1573 95 14,0 0.001 -1 0 12,0 0.001 -1 1 12,3 0.001 0 1 19.1432 230 12,15 0.001 1 0 13,12 0.001 -1 0 13,13 0.001 0 1 1.1183 95 ::f,1,14 f,2,2 f,13,14 f,15,3 
111:3,0 0.001 -1 -1 1,3 0.001 1 0 0,1 0.001 0 1 0.171 50 2,15 0.001 1 0 0,15 0.001 1 1 3,14 0.001 0 -1 0.1593 95 13,0 0.001 -1 0 12,0 0.001 0 1 12,3 0.001 1 1 19.1442 230 13,15 0.001 1 0 12,12 0.001 -1 0 13,13 0.001 0 1 1.1203 95 ::f,1,14 f,2,2 f,13,14 f,15,3 
112:3,0 0.001 -1 0 2,3 0.001 1 0 0,2 0.001 0 1 0.173 50 3,15 0.001 1 0 0,15 0.001 1 0 3,13 0.001 0 -1 0.1613 95 13,0 0.001 -1 0 12,1 0.001 0 1 12,3 0.001 1 0 19.1452 230 14,15 0.001 1 0 12,12 0.001 -1 1 13,13 0.001 0 1 1.1213 95 ::f,1,14 f,2,2 f,13,14 f,15,3 
113:2,0 0.001 -1 0 3,3 0.001 1 0 0,3 0.001 0 1 0.176 50 3,15 0.001 1 -1 1,15 0.001 1 0 3,12 0.001 0 -1 0.1633 95 12,0 0.001 -1 0 12,2 0.001 0 1 13,3 0.001 1 0 19.1482 230 15,15 0.001 1 0 12,12 0.001 0 1 13,13 0.001 0 1 1.1223 95 ::f,1,14 f,2,2 f,13,14 f,15,3 
114:1,0 0.001 -1 0 3,3 0.001 1 -1 0,3 0.001 1 1 0.177 50 3,15 0.001 0 -1 2,15 0.001 1 0 3,12 0.001 -1 -1 0.1643 95 12,0 0.001 -1 1 12,3 0.001 0 1 14,3 0.001 1 0 19.1502 230 15,15 0.001 1 -1 12,13 0.001 0 1 13,13 0.001 0 1 1.1233 95 ::f,1,14 f,2,2 f,13,14 f,15,3 
115:0,0 0.001 -1 0 3,3 0.001 0 -1 0,3 0.001 1 0 0.178 50 3,14 0.001 0 -1 3,15 0.001 1 0 3,12 0.001 -1 0 0.1663 95 12,0 0.001 0 1 12,3 0.001 1 1 14,3 0.001 1 0 23.1503 245 15,15 0.001 0 -1 12,14 0.001 0 1 13,13 0.001 0 1 1.1243 95 ::f,1,14 f,2,2 f,13,14 f,14,2 
116:0,0 0.001 -1 1 3,2 0.001 0 -1 1,3 0.001 1 0 0.18 50 3,13 0.001 0 -1 3,15 0.001 1 -1 2,12 0.001 -1 0 0.1683 95 12,1 0.001 0 1 12,3 0.001 1 0 15,3 0.001 1 0 23.1523 245 15,14 0.001 0 -1 12,15 0.001 0 1 13,13 0.001 0 1 1.1263 95 ::f,1,14 f,2,2 f,13,14 f,14,2 
117:0,0 0.001 0 1 3,1 0.001 0 -1 2,3 0.001 1 0 0.182 50 3,12 0.001 0 -1 3,15 0.001 0 -1 1,12 0.001 -1 0 0.1703 95 12,2 0.001 0 1 13,3 0.001 1 0 15,3 0.001 1 -1 23.1543 245 15,13 0.001 0 -1 12,15 0.001 1 1 13,13 0.001 0 1 1.1273 95 ::f,1,14 f,2,2 f,13,14 f,14,2 
118:0,1 0.001 0 1 3,0 0.001 0 -1 3,3 0.001 1 0 0.185 50 3,12 0.001 -1 -1 3,14 0.001 0 -1 0,12 0.001 -1 0 0.1723 95 12,3 0.001 0 1 14,3 0.001 1 0 15,3 0.001 0 -1 23.1563 245 15,12 0.001 0 -1 12,15 0.001 1 0 13,13 0.001 0 1 1.1283 95 ::f,1,14 f,2,2 f,13,14 f,14,2 
119:0,2 0.001 0 1 3,0 0.001 -1 -1 3,3 0.001 1 -1 0.186 50 3,12 0.001 -1 0 3,13 0.001 0 -1 0,12 0.001 -1 1 0.1733 95 12,3 0.001 1 1 14,3 0.001 1 0 15,2 0.001 0 -1 23.1573 245 15,12 0.001 -1 -1 13,15 0.001 1 0 13,13 0.001 0 1 1.1293 95 ::f,1,14 f,2,2 f,13,14 f,14,2 
120:0,3 0.001 0 1 3,0 0.001 -1 0 3,3 0.001 0 -1 0.187 50 2,12 0.001 -1 0 3,12 0.001 0 -1 0,12 0.001 0 1 0.1753 95 12,3 0.001 1 0 15,3 0.001 1 0 15,1 0.001 0 -1 23.1593 245 15,12 0.001 -1 0 14,15 0.001 1 0 13,13 0.001 0 1 1.1303 95 ::f,1,14 f,2,2 f,13,14 f,14,2 
121:0,3 0.001 1 1 2,0 0.001 -1 0 3,2 0.001 0 -1 0.189 50 1,12 0.001 -1 0 3,12 0.001 -1 -1 0,13 0.001 0 1 0.1773 95 13,3 0.001 1 0 15,3 0.001 1 -1 15,0 0.001 0 -1 23.1613 245 14,12 0.001 -1 0 15,15 0.001 1 0 13,13 0.001 0 1 1.1323 95 ::f,1,14 f,2,2 f,13,14 f,14,2 
122:0,3 0.001 1 0 1,0 0.001 -1 0 3,1 0.001 0 -1 0.191 50 0,12 0.001 -1 0 3,12 0.001 -1 0 0,14 0.001 0 1 0.1793 95 14,3 0.001 1 0 15,3 0.001 0 -1 15,0 0.001 -1 -1 23.1623 245 13,12 0.001 -1 0 15,15 0.001 1 -1 13,13 0.001 0 1 1.1333 95 ::f,1,14 f,2,2 f,13,14 f,14,2 
123:1,3 0.001 1 0 0,0 0.001 -1 0 3,0 0.001 0 -1 0.194 50 0,12 0.001 -1 1 2,12 0.001 -1 0 0,15 0.001 0 1 0.1813 95 14,3 0.001 1 0 15,2 0.001 0 -1 15,0 0.001 -1 0 23.1633 245 12,12 0.001 -1 0 15,15 0.001 0 -1 13,13 0.001 0 1 1.1343 95 ::f,1,14 f,2,2 f,13,14 f,14,2 
124:2,3 0.001 1 0 0,0 0.001 -1 1 3,0 0.001 -1 -1 0.195 50 0,12 0.001 0 1 1,12 0.001 -1 0 0,15 0.001 1 1 0.1823 95 15,3 0.001 1 0 15,1 0.001 0 -1 14,0 0.001 -1 0 23.1663 245 12,12 0.001 -1 1 15,14 0.001 0 -1 13,13 0.001 0 1 1.1353 95 ::f,1,14 f,2,2 f,13,14 f,14,2 
125:3,3 0.001 1 0 0,0 0.001 0 1 3,0 0.001 -1 0 0.196 50 0,13 0.001 0 1 0,12 0.001 -1 0 0,15 0.001 1 0 0.1843 95 15,3 0.001 1 -1 15,0 0.001 0 -1 13,0 0.001 -1 0 23.1683 245 12,12 0.001 0 1 15,13 0.001 0 -1 13,13 0.001 0 1 1.1363 95 ::f,1,14 f,2,2 f,13,14 f,14,2 
126:3,3 0.001 1 -1 0,1 0.001 0 1 2,0 0.001 -1 0 0.198 50 0,14 0.001 0 1 0,12 0.001 -1 1 1,15 0.001 1 0 0.1863 95 15,3 0.001 0 -1 15,0 0.001 -1 -1 12,0 0.001 -1 0 23.1693 245 12,13 0.001 0 1 15,12 0.001 0 -1 13,13 0.001 0 1 1.1383 95 ::f,1,14 f,2,2 f,13,14 f,14,2 
127:3,3 0.001 0 -1 0,2 0.001 0 1 1,0 0.001 -1 0 0.2 50 0,15 0.001 0 1 0,12 0.001 0 1 2,15 0.001 1 0 0.1883 95 15,2 0.001 0 -1 15,0 0.001 -1 0 12,0 0.001 -1 1 23.1703 245 12,14 0.001 0 1 15,12 0.001 -1 -1 13,13 0.001 0 1 1.1393 95 ::f,1,14 f,2,2 f,13,14 f,14,2 
128:3,2 0.001 0 -1 0,3 0.001 0 1 0,0 0.001 -1 0 0.203 50 0,15 0.001 1 1 0,13 0.001 0 1 3,15 0.001 1 0 0.1903 95 15,1 0.001 0 -1 14,0 0.001 -1 0 12,0 0.001 0 1 23.1723 245 12,15 0.001 0 1 15,12 0.001 -1 0 13,13 0.001 0 1 1.1403 95 ::f,1,14 f,2,2 f,13,14 f,14,2 
129:3,1 0.001 0 -1 0,3 0.001 1 1 0,0 0.001 -1 1 0.204 50 0,15 0.001 1 0 0,14 0.001 0 1 3,15 0.001 1 -1 0.1913 95 15,0 0.001 0 -1 13,0 0.001 -1 0 12,1 0.001 0 1 23.1753 245 12,15 0.001 1 1 14,12 0.001 -1 0 13,13 0.001 0 1 1.1413 95 ::f,1,14 f,2,2 f,13,14 f,14,2 
130:3,0 0.001 0 -1 0,3 0.001 1 0 0,0 0.001 0 1 0.205 50 1,15 0.001 1 0 0,15 0.001 0 1 3,15 0.001 0 -1 0.1933 95 15,0 0.001 -1 -1 12,0 0.001 -1 0 12,2 0.001 0 1 23.1773 245 12,15 0.001 1 0 13,12 0.001 -1 0 13,13 0.001 0 1 1.1423 95 ::f,1,14 f,2,2 f,13,14 f,14,2 
131:3,0 0.001 -1 -1 1,3 0.001 1 0 0,1 0.001 0 1 0.207 50 2,15 0.001 1 0 0,15 0.001 1 1 3,14 0.001 0 -1 0.1953 95 15,0 0.001 -1 0 12,0 0.001 -1 1 12,3 0.001 0 1 23.1783 245 13,15 0.001 1 0 12,12 0.001 -1 0 13,13 0.001 0 1 1.1443 95 ::f,1,14 f,2,2 f,13,14 f,14,2 
132:3,0 0.001 -1 0 2,3 0.001 1 0 0,2 0.001 0 1 0.209 50 3,15 0.001 1 0 0,15 0.001 1 0 3,13 0.001 0 -1 0.1973 95 14,0 0.001 -1 0 12,0 0.001 0 1 12,3 0.001 1 1 23.1793 245 14,15 0.001 1 0 12,12 0.001 -1 1 13,13 0.001 0 1 1.1453 95 ::f,1,14 f,2,2 f,13,14 f,14,2 
133:2,0 0.001 -1 0 3,3 0.001 1 0 0,3 0.001 0 1 0.212 50 3,15 0.001 1 -1 1,15 0.001 1 0 3,12 0.001 0 -1 0.1993 95 13,0 0.001 -1 0 12,1 0.001 0 1 12,3 0.001 1 0 23.1813 245 15,15 0.001 1 0 12,12 0.001 0 1 13,13 0.001 0 1 1.1463 95 ::f,1,14 f,2,2 f,13,14 f,14,2 
134:1,0 0.001 -1 0 3,3 0.001 1 -1 0,3 0.001 1 1 0.213 50 3,15 0.001 0 -1 2,15 0.001 1 0 3,12 0.001 -1 -1 0.2003 95 12,0 0.001 -1 0 12,2 0.001 0 1 13,3 0.001 1 0 23.1843 245 15,15 0.001 1 -1 12,13 0.001 0 1 13,13 0.001 0 1 1.1473 95 ::f,1,14 f,2,2 f,13,14 f,14,2 
135:0,0 0.001 -1 0 3,3 0.001 0 -1 0,3 0.001 1 0 0.214 50 3,14 0.001 0 -1 3,15 0.001 1 0 3,12 0.001 -1 0 0.2023 95 12,0 0.001 -1 1 12,3 0.001 0 1 14,3 0.001 1 0 23.1863 245 15,15 0.001 0 -1 12,14 0.001 0 1 13,13 0.001 0 1 1.1483 95 ::f,1,14 f,2,2 f,13,14 f,14,2 
136:0,0 0.001 -1 1 3,2 0.001 0 -1 1,3 0.001 1 0 0.216 50 3,13 0.001 0 -1 3,15 0.001 1 -1 2,12 0.001 -1 0 0.2043 95 12,0 0.001 0 1 12,3 0.001 1 1 15,3 0.001 1 0 23.1873 245 15,14 0.001 0 -1 12,15 0.001 0 1 13,13 0.001 0 1 1.1503 95 ::f,1,14 f,2,2 f,13,14 f,14,2 
137:0,0 0.001 0 1 3,1 0.001 0 -1 2,3 0.001 1 0 0.218 50 3,12 0.001 0 -1 3,15 0.001 0 -1 1,12 0.001 -1 0 0.2063 95 12,1 0.001 0 1 12,3 0.001 1 0 15,3 0.001 1 -1 23.1883 245 15,13 0.001 0 -1 12,15 0.001 1 1 13,13 0.001 0 1 1.1513 95 ::f,1,14 f,2,2 f,13,14 f,14,2 
138:0,1 0.001 0 1 3,0 0.001 0 -1 3,3 0.001 1 0 0.221 50 3,12 0.001 -1 -1 3,14 0.001 0 -1 0,12 0.001 -1 0 0.2083 95 12,2 0.001 0 1 13,3 0.001 1 0 15,3 0.001 0 -1 23.1903 245 15,12 0.001 0 -1 12,15 0.001 1 0 13,13 0.001 0 1 1.1523 95 ::f,1,14 f,2,2 f,13,14 f,14,2 
139:0,2 0.001 0 1 3,0 0.001 -1 -1 3,3 0.001 1 -1 0.222 50 3,12 0.001 -1 0 3,13 0.001 0 -1 0,12 0.001 -1 1 0.2093 95 12,3 0.001 0 1 14,3 0.001 1 0 15,2 0.001 0 -1 23.1933 245 15,12 0.001 -1 -1 13,15 0.001 1 0 13,13 0.001 0 1 1.1533 95 ::f,1,14 f,2,2 f,13,14 f,14,2 
140:0,3 0.001 0 1 3,0 0.001 -1 0 3,3 0.001 0 -1 0.223 50 2,12 0.001 -1 0 3,12 0.001 0 -1 0,12 0.001 0 1 0.2113 95 12,3 0.001 1 1 15,3 0.001 1 0 15,1 0.001 0 -1 23.1953 245 15,12 0.001 -1 0 14,15 0.001 1 0 13,13 0.001 0 1 1.1543 95 ::f,1,14 f,2,2 f,13,14 f,14,2 
141:0,3 0.001 1 1 2,0 0.001 -1 0 3,2 0.001 0 -1 0.225 50 1,12 0.001 -1 0 3,12 0.001 -1 -1 0,13 0.001 0 1 0.2133 95 12,3 0.001 1 0 15,3 0.001 1 -1 15,0 0.001 0 -1 23.1963 245 14,12 0.001 -1 0 15,15 0.001 1 0 13,13 0.001 0 1 1.1563 95 ::f,1,14 f,2,2 f,13,14 f,14,2 
142:0,3 0.001 1 0 1,0 0.001 -1 0 3,1 0.001 0 -1 0.227 50 0,12 0.001 -1 0 3,12 0.001 -1 0 0,14 0.001 0 1 0.2153 95 13,3 0.001 1 0 15,3 0.001 0 -1 15,0 0.001 -1 -1 23.1973 245 13,12 0.001 -1 0 15,15 0.001 1 -1 13,13 0.001 0 1 1.1573 95 ::f,1,14 f,2,2 f,13,14 f,14,2 
143:1,3 0.001 1 0 0,0 0.001 -1 0 3,0 0.001 0 -1 0.23 50 0,12 0.001 -1 1 2,12 0.001 -1 0 0,15 0.001 0 1 0.2173 95 14,3 0.001 1 0 15,2 0.001 0 -1 15,0 0.001 -1 0 23.1993 245 12,12 0.001 -1 0 15,15 0.001 0 -1 13,13 0.001 0 1 1.1583 95 ::f,1,14 f,2,2 f,13,14 f,14,2 
144:2,3 0.001 1 0 0,0 0.001 -1 1 3,0 0.001 -1 -1 0.231 50 0,12 0.001 0 1 1,12 0.001 -1 0 0,15 0.001 1 1 0.2183 95 15,3 0.001 1 0 15,1 0.001 0 -1 14,0 0.001 -1 0 23.2023 245 12,12 0.001 -1 1 15,14 0.001 0 -1 13,13 0.001 0 1 1.1593 95 ::f,1,14 f,2,2 f,13,14 f,14,2 
145:3,3 0.001 1 0 0,0 0.001 0 1 3,0 0.001 -1 0 0.232 50 0,13 0.001 0 1 0,12 0.001 -1 0 0,15 0.001 1 0 0.2203 95 15,3 0.001 1 -1 15,0 0.001 0 -1 13,0 0.001 -1 0 23.2043 245 12,12 0.001 0 1 15,13 0.001 0 -1 13,13 0.001 0 1 1.1603 95 ::f,1,14 f,2,2 f,13,14 f,14,2 
146:3,3 0.001 1 -1 0,1 0.001 0 1 2,0 0.001 -1 0 0.234 50 0,14 0.001 0 1 0,12 0.001 -1 1 1,15 0.001 1 0 0.2223 95 15,3 0.001 0 -1 15,0 0.001 -1 -1 12,0 0.001 -1 0 23.2053 245 12,13 0.001 0 1 15,12 0.001 0 -1 13,13 0.001 0 1 1.1623 95 ::f,1,14 f,2,2 f,13,14 f,14,2 
147:3,3 0.001 0 -1 0,2 0.001 0 1 1,0 0.001 -1 0 0.236 50 0,15 0.001 0 1 0,12 0.001 0 1 2,15 0.001 1 0 0.2243 95 15,2 0.001 0 -1 15,0 0.001 -1 0 12,0 0.001 -1 1 23.2063 245 12,14 0.001 0 1 15,12 0.001 -1 -1 13,13 0.001 0 1 1.1633 95 ::f,1,14 f,2,2 f,13,14 f,14,2 
148:3,2 0.001 0 -1 0,3 0.001 0 1 0,0 0.001 -1 0 0.239 50 0,15 0.001 1 1 0,13 0.001 0 1 3,15 0.001 1 0 0.2263 95 15,1 0.001 0 -1 14,0 0.001 -1 0 12,0 0.001 0 1 23.2083 245 12,15 0.001 0 1 15,12 0.001 -1 0 13,13 0.001 0 1 1.1643 95 ::f,1,14 f,2,2 f,13,14 f,14,2 
149:3,1 0.001 0 -1 0,3 0.001 1 1 0,0 0.001 -1 1 0.24 50 0,15 0.001 1 0 0,14 0.001 0 1 3,15 0.001 1 -1 0.2273 95 15,0 0.001 0 -1 13,0 0.001 -1 0 12,1 0.001 0 1 23.2113 245 12,15 0.001 1 1 14,12 0.001 -1 0 13,13 0.001 0 1 1.1653 95 ::f,1,14 f,2,2 f,13,14 f,14,2 
150:3,0 0.001 0 -1 0,3 0.001 1 0 0,0 0.001 0 1 0.241 50 1,15 0.001 1 0 0,15 0.001 0 1 3,15 0.001 0 -1 0.2293 95 15,0 0.001 -1 -1 12,0 0.001 -1 0 12,2 0.001 0 1 23.2133 245 12,15 0.001 1 0 13,12 0.001 -1 0 13,13 0.001 0 1 1.1663 95 ::f,1,14 f,2,2 f,13,14 f,14,2 
151:3,0 0.001 -1 -1 1,3 0.001 1 0 0,1 0.001 0 1 0.243 50 2,15 0.001 1 0 0,15 0.001 1 1 3,14 0.001 0 -1 0.2313 95 15,0 0.001 -1 0 12,0 0.001 -1 1 12,3 0.001 0 1 23.2143 245 13,15 0.001 1 0 12,12 0.001 -1 0 13,13 0.001 0 1 1.1683 95 ::f,1,14 f,2,2 f,13,14 f,14,2 
152:3,0 0.001 -1 0 2,3 0.001 1 0 0,2 0.001 0 1 0.245 50 3,15 0.001 1 0 0,15 0.001 1 0 3,13 0.001 0 -1 0.2333 95 14,0 0.001 -1 0 12,0 0.001 0 1 12,3 0.001 1 1 23.2153 245 14,15 0.001 1 0 12,12 0.001 -1 1 13,13 0.001 0 1 1.1693 95 ::f,1,14 f,2,2 f,13,14 f,14,2 
153:2,0 0.001 -1 0 3,3 0.001 1 0 0,3 0.001 0 1 0.248 50 3,15 0.001 1 -1 1,15 0.001 1 0 3,12 0.001 0 -1 0.2353 95 13,0 0.001 -1 0 12,1 0.001 0 1 12,3 0.001 1 0 23.2173 245 15,15 0.001 1 0 12,12 0.001 0 1 13,13 0.001 0 1 1.1703 95 ::f,1,14 f,2,2 f,13,14 f,14,2 
154:1,0 0.001 -1 0 3,3 0.001 1 -1 0,3 0.001 1 1 0.249 50 3,15 0.001 0 -1 2,15 0.001 1 0 3,12 0.001 -1 -1 0.2363 95 12,0 0.001 -1 0 12,2 0.001 0 1 13,3 0.001 1 0 23.2203 245 15,15 0.001 1 -1 12,13 0.001 0 1 13,13 0.001 0 1 1.1713 95 ::f,1,14 f,2,2 f,13,14 f,14,2 
155:0,0 0.001 -1 0 3,3 0.001 0 -1 0,3 0.001 1 0 0.25 50 3,14 0.001 0 -1 3,15 0.001 1 0 3,12 0.001 -1 0 0.2383 95 12,0 0.001 -1 1 12,3 0.001 0 1 14,3 0.001 1 0 23.2223 245 15,15 0.001 0 -1 12,14 0.001 0 1 13,13 0.001 0 1 1.1723 95 ::f,1,14 f,2,2 f,13,14 f,14,2 
156:0,0 0.001 -1 1 3,2 0.001 0 -1 1,3 0.001 1 0 0.252 50 3,13 0.001 0 -1 3,15 0.001 1 -1 2,12 0.001 -1 0 0.2403 95 12,0 0.001 0 1 12,3 0.001 1 1 15,3 0.001 1 0 23.2233 245 15,14 0.001 0 -1 12,15 0.001 0 1 13,13 0.001 0 1 1.1743 95 ::f,1,14 f,2,2 f,13,14 f,14,2 
157:0,0 0.001 0 1 3,1 0.001 0 -1 2,3 0.001 1 0 0.254 50 3,12 0.001 0 -1 3,15 0.001 0 -1 1,12 0.001 -1 0 0.2423 95 12,1 0.001 0 1 12,3 0.001 1 0 15,3 0.001 1 -1 23.2243 245 15,13 0.001 0 -1 12,15 0.001 1 1 13,13 0.001 0 1 1.1753 95 ::f,1,14 f,2,2 f,13,14 f,14,2 
158:0,1 0.001 0 1 3,0 0.001 0 -1 3,3 0.001 1 0 0.257 50 3,12 0.001 -1 -1 3,14 0.001 0 -1 0,12 0.001 -1 0 0.2443 95 12,2 0.001 0 1 13,3 0.001 1 0 15,3 0.001 0 -1 23.2263 245 15,12 0.001 0 -1 12,15 0.001 1 0 13,13 0.001 0 1 1.1763 95 ::f,1,14 f,2,2 f,13,14 f,14,2 
159:0,2 0.001 0 1 3,0 0.001 -1 -1 3,3 0.001 1 -1 0.258 50 3,12 0.001 -1 0 3,13 0.001 0 -1 0,12 0.001 -1 1 0.2453 95 12,3 0.001 0 1 14,3 0.001 1 0 15,2 0.001 0 -1 23.2293 245 15,12 0.001 -1 -1 13,15 0.001 1 0 13,13 0.001 0 1 1.1773 95 ::f,1,14 f,2,2 f,13,14 f,14,2 
160:0,3 0.001 0 1 3,0 0.001 -1 0 3,3 0.001 0 -1 0.259 50 2,12 0.001 -1 0 3,12 0.001 0 -1 0,12 0.001 0 1 0.2473 95 12,3 0.001 1 1 15,3 0.001 1 0 15,1 0.001 0 -1 23.2313 245 15,12 0.001 -1 0 14,15 0.001 1 0 13,13 0.001 0 1 1.1783 95 ::f,1,14 f,2,2 f,13,14 f,14,2 
161:0,3 0.001 1 1 2,0 0.001 -1 0 3,2 0.001 0 -1 0.261 50 1,12 0.001 -1 0 3,12 0.001 -1 -1 0,13 0.001 0 1 0.2493 95 12,3 0.001 1 0 15,3 0.001 1 -1 15,0 0.001 0 -1 23.2323 245 14,12 0.001 -1 0 15,15 0.001 1 0 13,13 0.001 0 1 1.1803 95 ::f,1,14 f,2,2 f,13,14 f,14,2 
162:0,3 0.001 1 0 1,0 0.001 -1 0 3,1 0.001 0 -1 0.263 50 0,12 0.001 -1 0 3,12 0.001 -1 0 0,14 0.001 0 1 0.2513 95 13,3 0.001 1 0 15,3 0.001 0 -1 15,0 0.001 -1 -1 23.2333 245 13,12 0.001 -1 0 15,15 0.001 1 -1 13,13 0.001 0 1 1.1813 95 ::f,1,14 f,2,2 f,13,14 f,14,2 
163:1,3 0.001 1 0 0,0 0.001 -1 0 3,0 0.001 0 -1 0.266 50 0,12 0.001 -1 1 2,12 0.001 -1 0 0,15 0.001 0 1 0.2533 95 14,3 0.001 1 0 15,2 0.001 0 -1 15,0 0.001 -1 0 23.2353 245 12,12 0.001 -1 0 15,15 0.001 0 -1 13,13 0.001 0 1 1.1823 95 ::f,1,14 f,2,2 f,13,14 f,14,2 
164:2,3 0.001 1 0 0,0 0.001 -1 1 3,0 0.001 -1 -1 0.267 50 0,12 0.001 0 1 1,12 0.001 -1 0 0,15 0.001 1 1 0.2543 95 15,3 0.001 1 0 15,1 0.001 0 -1 14,0 0.001 -1 0 23.2383 245 12,12 0.001 -1 1 15,14 0.001 0 -1 13,13 0.001 0 1 1.1833 95 ::f,1,14 f,2,2 f,13,14 f,14,2 
165:3,3 0.001 1 0 0,0 0.001 0 1 3,0 0.001 -1 0 0.268 50 0,13 0.001 0 1 0,12 0.001 -1 0 0,15 0.001 1 0 0.2563 95 15,3 0.001 1 -1 15,0 0.001 0 -1 13,0 0.001 -1 0 23.2403 245 12,12 0.001 0 1 15,13 0.001 0 -1 13,13 0.001 0 1 1.1843 95 ::f,1,14 f,2,2 f,13,14 f,14,2 
166:3,3 0.001 1 -1 0,1 0.001 0 1 2,0 0.001 -1 0 0.27 50 0,14 0.001 0 1 0,12 0.001 -1 1 1,15 0.001 1 0 0.2583 95 15,3 0.001 0 -1 15,0 0.001 -1 -1 12,0 0.001 -1 0 23.2413 245 12,13 0.001 0 1 15,12 0.001 0 -1 13,13 0.001 0 1 1.1863 95 ::f,1,14 f,2,2 f,13,14 f,14,2 
167:3,3 0.001 0 -1 0,2 0.001 0 1 1,0 0.001 -1 0 0.272 50 0,15 0.001 0 1 0,12 0.001 0 1 2,15 0.001 1 0 0.2603 95 15,2 0.001 0 -1 15,0 0.001 -1 0 12,0 0.001 -1 1 23.2423 245 12,14 0.001 0 1 15,12 0.001 -1 -1 13,13 0.001 0 1 1.1873 95 ::f,1,14 f,2,2 f,13,14 f,14,2 
168:3,2 0.001 0 -1 0,3 0.001 0 1 0,0 0.001 -1 0 0.275 50 0,15 0.001 1 1 0,13 0.001 0 1 3,15 0.001 1 0 0.2623 95 15,1 0.001 0 -1 14,0 0.001 -1 0 12,0 0.001 0 1 23.2443 245 12,15 0.001 0 1 15,12 0.001 -1 0 13,13 0.001 0 1 1.1883 95 ::f,1,14 f,2,2 f,13,14 f,14,2 
169:3,1 0.001 0 -1 0,3 0.001 1 1 0,0 0.001 -1 1 0.276 50 0,15 0.001 1 0 0,14 0.001 0 1 3,15 0.001 1 -1 0.2633 95 15,0 0.001 0 -1 13,0 0.001 -1 0 12,1 0.001 0 1 23.2473 245 12,15 0.001 1 1 14,12 0.001 -1 0 13,13 0.001 0 1 1.1893 95 ::f,1,14 f,2,2 f,13,14 f,14,2 
170:3,0 0.001 0 -1 0,3 0.001 1 0 0,0 0.001 0 1 0.277 50 1,15 0.001 1 0 0,15 0.001 0 1 3,15 0.001 0 -1 0.2653 95 15,0 0.001 -1 -1 12,0 0.001 -1 0 12,2 0.001 0 1 23.2493 245 12,15 0.001 1 0 13,12 0.001 -1 0 13,13 0.001 0 1 1.1903 95 ::f,1,14 f,2,2 f,13,14 f,14,2 
171:3,0 0.001 -1 -1 1,3 0.001 1 0 0,1 0.001 0 1 0.279 50 2,15 0.001 1 0 0,15 0.001 1 1 3,14 0.001 0 -1 0.2673 95 15,0 0.001 -1 0 12,0 0.001 -1 1 12,3 0.001 0 1 23.2503 245 13,15 0.001 1 0 12,12 0.001 -1 0 13,13 0.001 0 1 1.1923 95 ::f,1,14 f,2,2 f,13,14 f,14,2 
172:3,0 0.001 -1 0 2,3 0.001 1 0 0,2 0.001 0 1 0.281 50 3,15 0.001 1 0 0,15 0.001 1 0 3,13 0.001 0 -1 0.2693 95 14,0 0.001 -1 0 12,0 0.001 0 1 12,3 0.001 1 1 23.2513 245 14,15 0.001 1 0 12,12 0.001 -1 1 13,13 0.001 0 1 1.1933 95 ::f,1,14 f,2,2 f,13,14 f,14,2 
173:2,0 0.001 -1 0 3,3 0.001 1 0 0,3 0.001 0 1 0.284 50 3,15 0.001 1 -1 1,15 0.001 1 0 3,12 0.001 0 -1 0.2713 95 13,0 0.001 -1 0 12,1 0.001 0 1 12,3 0.001 1 0 23.2533 245 15,15 0.001 1 0 12,12 0.001 0 1 13,13 0.001 0 1 1.1943 95 ::f,1,14 f,2,2 f,13,14 f,14,2 
174:1,0 0.001 -1 0 3,3 0.001 1 -1 0,3 0.001 1 1 0.285 50 3,15 0.001 0 -1 2,15 0.001 1 0 3,12 0.001 -1 -1 0.2723 95 12,0 0.001 -1 0 12,2 0.001 0 1 13,3 0.001 1 0 23.2563 245 15,15 0.001 1 -1 12,13 0.001 0 1 13,13 0.001 0 1 1.1953 95 ::f,1,14 f,2,2 f,13,14 f,14,2 
175:0,0 0.001 -1 0 3,3 0.001 0 -1 0,3 0.001 1 0 0.286 50 3,14 0.001 0 -1 3,15 0.001 1 0 3,12 0.001 -1 0 0.2743 95 12,0 0.001 -1 1 12,3 0.001 0 1 14,3 0.001 1 0 23.2583 245 15,15 0.001 0 -1 12,14 0.001 0 1 13,13 0.001 0 1 1.1963 95 ::f,1,14 f,2,2 f,13,14 f,14,2 
176:0,0 0.001 -1 1 3,2 0.001 0 -1 1,3 0.001 1 0 0.288 50 3,13 0.001 0 -1 3,15 0.001 1 -1 2,12 0.001 -1 0 0.2763 95 12,0 0.001 0 1 12,3 0.001 1 1 15,3 0.001 1 0 23.2593 245 15,14 0.001 0 -1 12,15 0.001 0 1 13,13 0.001 0 1 1.1983 95 ::f,1,14 f,2,2 f,13,14 f,14,2 
177:0,0 0.001 0 1 3,1 0.001 0 -1 2,3 0.001 1 0 0.29 50 3,12 0.001 0 -1 3,15 0.001 0 -1 1,12 0.001 -1 0 0.2783 95 12,1 0.001 0 1 12,3 0.001 1 0 15,3 0.001 1 -1 23.2603 245 15,13 0.001 0 -1 12,15 0.001 1 1 13,13 0.001 0 1 1.1993 95 ::f,1,14 f,2,2 f,13,14 f,14,2 
178:0,1 0.001 0 1 3,0 0.001 0 -1 3,3 0.001 1 0 0.293 50 3,12 0.001 -1 -1 3,14 0.001 0 -1 0,12 0.001 -1 0 0.2803 95 12,2 0.001 0 1 13,3 0.001 1 0 15,3 0.001 0 -1 23.2623 245 15,12 0.001 0 -1 12,15 0.001 1 0 13,13 0.001 0 1 1.2003 95 ::f,1,14 f,2,2 f,13,14 f,14,2 
179:0,2 0.001 0 1 3,0 0.001 -1 -1 3,3 0.001 1 -1 0.294 50 3,12 0.001 -1 0 3,13 0.001 0 -1 0,12 0.001 -1 1 0.2813 95 12,3 0.001 0 1 14,3 0.001 1 0 15,2 0.001 0 -1 23.2653 245 15,12 0.001 -1 -1 13,15 0.001 1 0 13,13 0.001 0 1 1.2013 95 ::f,1,14 f,2,2 f,13,14 f,14,2 
180:0,3 0.001 0 1 3,0 0.001 -1 0 3,3 0.001 0 -1 0.295 50 2,12 0.001 -1 0 3,12 0.001 0 -1 0,12 0.001 0 1 0.2833 95 12,3 0.001 1 1 15,3 0.001 1 0 15,1 0.001 0 -1 23.2673 245 15,12 0.001 -1 0 14,15 0.001 1 0 13,13 0.001 0 1 1.2023 95 ::f,1,14 f,2,2 f,13,14 f,14,2 
181:0,3 0.001 1 1 2,0 0.001 -1 0 3,2 0.001 0 -1 0.297 50 1,12 0.001 -1 0 3,12 0.001 -1 -1 0,13 0.001 0 1 0.2853 95 12,3 0.001 1 0 15,3 0.001 1 -1 15,0 0.001 0 -1 23.2683 245 14,12 0.001 -1 0 15,15 0.001 1 0 13,13 0.001 0 1 1.2043 95 ::f,1,14 f,2,2 f,13,14 f,14,2 
182:0,3 0.001 1 0 1,0 0.001 -1 0 3,1 0.001 0 -1 0.299 50 0,12 0.001 -1 0 3,12 0.001 -1 0 0,14 0.001 0 1 0.2873 95 13,3 0.001 1 0 15,3 0.001 0 -1 15,0 0.001 -1 -1 23.2693 245 13,12 0.001 -1 0 15,15 0.001 1 -1 13,13 0.001 0 1 1.2053 95 ::f,1,14 f,2,2 f,13,14 f,14,2 
183:1,3 0.001 1 0 0,0 0.001 -1 0 3,0 0.001 0 -1 0.302 50 0,12 0.001 -1 1 2,12 0.001 -1 0 0,15 0.001 0 1 0.2893 95 14,3 0.001 1 0 15,2 0.001 0 -1 15,0 0.001 -1 0 23.2713 245 12,12 0.001 -1 0 15,15 0.001 0 -1 13,13 0.001 0 1 1.2063 95 ::f,1,14 f,2,2 f,13,14 f,14,2 
184:2,3 0.001 1 0 0,0 0.001 -1 1 3,0 0.001 -1 -1 0.303 50 0,12 0.001 0 1 1,12 0.001 -1 0 0,15 0.001 1 1 0.2903 95 15,3 0.001 1 0 15,1 0.001 0 -1 14,0 0.001 -1 0 23.2743 245 12,12 0.001 -1 1 15,14 0.001 0 -1 13,13 0.001 0 1 1.2073 95 ::f,1,14 f,2,2 f,13,14 f,14,2 
185:3,3 0.001 1 0 0,0 0.001 0 1 3,0 0.001 -1 0 0.304 50 0,13 0.001 0 1 0,12 0.001 -1 0 0,15 0.001 1 0 0.2923 95 15,3 0.001 1 -1 15,0 0.001 0 -1 13,0 0.001 -1 0 23.2763 245 12,12 0.001 0 1 15,13 0.001 0 -1 13,13 0.001 0 1 1.2083 95 ::f,1,14 f,2,2 f,13,14 f,14,2 
186:3,3 0.001 1 -1 0,1 0.001 0 1 2,0 0.001 -1 0 0.306 50 0,14 0.001 0 1 0,12 0.001 -1 1 1,15 0.001 1 0 0.2943 95 15,3 0.001 0 -1 15,0 0.001 -1 -1 12,0 0.001 -1 0 23.2773 245 12,13 0.001 0 1 15,12 0.001 0 -1 13,13 0.001 0 1 1.2103 95 ::f,1,14 f,2,2 f,13,14 f,14,2 
187:3,3 0.001 0 -1 0,2 0.001 0 1 1,0 0.001 -1 0 0.308 50 0,15 0.001 0 1 0,12 0.001 0 1 2,15 0.001 1 0 0.2963 95 15,2 0.001 0 -1 15,0 0.001 -1 0 12,0 0.001 -1 1 23.2783 245 12,14 0.001 0 1 15,12 0.001 -1 -1 13,13 0.001 0 1 1.2113 95 ::f,1,14 f,2,2 f,13,14 f,14,2 
188:3,2 0.001 0 -1 0,3 0.001 0 1 0,0 0.001 -1 0 0.311 50 0,15 0.001 1 1 0,13 0.001 0 1 3,15 0.001 1 0 0.2983 95 15,1 0.001 0 -1 14,0 0.001 -1 0 12,0 0.001 0 1 23.2803 245 12,15 0.001 0 1 15,12 0.001 -1 0 13,13 0.001 0 1 1.2123 95 ::f,1,14 f,2,2 f,13,14 f,14,2 
189:3,1 0.001 0 -1 0,3 0.001 1 1 0,0 0.001 -1 1 0.312 50 0,15 0.001 1 0 0,14 0.001 0 1 3,15 0.001 1 -1 0.2993 95 15,0 0.001 0 -1 13,0 0.001 -1 0 12,1 0.001 0 1 23.2833 245 12,15 0.001 1 1 14,12 0.001 -1 0 13,13 0.001 0 1 1.2133 95 ::f,1,14 f,2,2 f,13,14 f,14,2 
190:3,0 0.001 0 -1 0,3 0.001 1 0 0,0 0.001 0 1 0.313 50 1,15 0.001 1 0 0,15 0.001 0 1 3,15 0.001 0 -1 0.3013 95 15,0 0.001 -1 -1 12,0 0.001 -1 0 12,2 0.001 0 1 23.2853 245 12,15 0.001 1 0 13,12 0.001 -1 0 13,13 0.001 0 1 1.2143 95 ::f,1,14 f,2,2 f,13,14 f,14,2 
191:3,0 0.001 -1 -1 1,3 0.001 1 0 0,1 0.001 0 1 0.315 50 2,15 0.001 1 0 0,15 0.001 1 1 3,14 0.001 0 -1 0.3033 95 15,0 0.001 -1 0 12,0 0.001 -1 1 12,3 0.001 0 1 23.2863 245 13,15 0.001 1 0 12,12 0.001 -1 0 13,13 0.001 0 1 1.2163 95 ::f,1,14 f,2,2 f,13,14 f,14,2 
192:3,0 0.001 -1 0 2,3 0.001 1 0 0,2 0.001 0 1 0.317 50 3,15 0.001 1 0 0,15 0.001 1 0 3,13 0.001 0 -1 0.3053 95 14,0 0.001 -1 0 12,0 0.001 0 1 12,3 0.001 1 1 23.2873 245 14,15 0.001 1 0 12,12 0.001 -1 1 13,13 0.001 0 1 1.2173 95 ::f,1,14 f,2,2 f,13,14 f,14,2 
193:2,0 0.001 -1 0 3,3 0.001 1 0 0,3 0.001 0 1 0.32 50 3,15 0.001 1 -1 1,15 0.001 1 0 3,12 0.001 0 -1 0.3073 95 13,0 0.001 -1 0 12,1 0.001 0 1 12,3 0.001 1 0 23.2893 245 15,15 0.001 1 0 12,12 0.001 0 1 13,13 0.001 0 1 1.2183 95 ::f,1,14 f,2,2 f,13,14 f,14,2 
194:1,0 0.001 -1 0 3,3 0.001 1 -1 0,3 0.001 1 1 0.321 50 3,15 0.001 0 -1 2,15 0.001 1 0 3,12 0.001 -1 -1 0.3083 95 12,0 0.001 -1 0 12,2 0.001 0 1 13,3 0.001 1 0 23.2923 245 15,15 0.001 1 -1 12,13 0.001 0 1 13,13 0.001 0 1 1.2193 95 ::f,1,14 f,2,2 f,13,14 f,14,2 
195:0,0 0.001 -1 0 3,3 0.001 0 -1 0,3 0.001 1 0 0.322 50 3,14 0.001 0 -1 3,15 0.001 1 0 3,12 0.001 -1 0 0.3103 95 12,0 0.001 -1 1 12,3 0.001 0 1 14,3 0.001 1 0 23.2943 245 15,15 0.001 0 -1 12,14 0.001 0 1 13,13 0.001 0 1 1.2203 95 ::f,1,14 f,2,2 f,13,14 f,14,2 
196:0,0 0.001 -1 1 3,2 0.001 0 -1 1,3 0.001 1 0 0.324 50 3,13 0.001 0 -1 3,15 0.001 1 -1 2,12 0.001 -1 0 0.3123 95 12,0 0.001 0 1 12,3 0.001 1 1 15,3 0.001 1 0 23.2953 245 15,14 0.001 0 -1 12,15 0.001 0 1 13,13 0.001 0 1 1.2223 95 ::f,1,14 f,2,2 f,13,14 f,14,2 
197:0,0 0.001 0 1 3,1 0.001 0 -1 2,3 0.001 1 0 0.326 50 3,12 0.001 0 -1 3,15 0.001 0 -1 1,12 0.001 -1 0 0.3143 95 12,1 0.001 0 1 12,3 0.001 1 0 15,3 0.001 1 -1 23.2963 245 15,13 0.001 0 -1 12,15 0.001 1 1 13,13 0.001 0 1 1.2233 95 ::f,1,14 f,2,2 f,13,14 f,14,2 
198:0,1 0.001 0 1 3,0 0.001 0 -1 3,3 0.001 1 0 0.329 50 3,12 0.001 -1 -1 3,14 0.001 0 -1 0,12 0.001 -1 0 0.3163 95 12,2 0.001 0 1 13,3 0.001 1 0 15,3 0.001 0 -1 23.2983 245 15,12 0.001 0 -1 12,15 0.001 1 0 13,13 0.001 0 1 1.2243 95 ::f,1,14 f,2,2 f,13,14 f,14,2 
199:0,2 0.001 0 1 3,0 0.001 -1 -1 3,3 0.001 1 -1 0.33 50 3,12 0.001 -1 0 3,13 0.001 0 -1 0,12 0.001 -1 1 0.3173 95 12,3 0.001 0 1 14,3 0.001 1 0 15,2 0.001 0 -1 23.3013 245 15,12 0.001 -1 -1 13,15 0.001 1 0 13,13 0.001 0 1 1.2253 95 ::f,1,14 f,2,2 f,13,14 f,14,2 
200:0,3 0.001 0 1 3,0 0.001 -1 0 3,3 0.001 0 -1 0.331 50 2,12 0.001 -1 0 3,12 0.001 0 -1 0,12 0.001 0 1 0.3193 95 12,3 0.001 1 1 15,3 0.001 1 0 15,1 0.001 0 -1 23.3033 245 15,12 0.001 -1 0 14,15 0.001 1 0 13,13 0.001 0 1 1.2263 95 ::f,1,14 f,2,2 f,13,14 f,14,2 
201:0,3 0.001 1 1 2,0 0.001 -1 0 3,2 0.001 0 -1 0.333 50 1,12 0.001 -1 0 3,12 0.001 -1 -1 0,13 0.001 0 1 0.3213 95 12,3 0.001 1 0 15,3 0.001 1 -1 15,0 0.001 0 -1 23.3043 245 14,12 0.001 -1 0 15,15 0.001 1 0 13,13 0.001 0 1 1.2283 95 ::f,1,14 f,2,2 f,13,14 f,14,2 
202:0,3 0.001 1 0 1,0 0.001 -1 0 3,1 0.001 0 -1 0.335 50 0,12 0.001 -1 0 3,12 0.001 -1 0 0,14 0.001 0 1 0.3233 95 13,3 0.001 1 0 15,3 0.001 0 -1 15,0 0.001 -1 -1 23.3053 245 13,12 0.001 -1 0 15,15 0.001 1 -1 13,13 0.001 0 1 1.2293 95 ::f,1,14 f,2,2 f,13,14 f,14,2 
203:1,3 0.001 1 0 0,0 0.001 -1 0 3,0 0.001 0 -1 0.338 50 0,12 0.001 -1 1 2,12 0.001 -1 0 0,15 0.001 0 1 0.3253 95 14,3 0.001 1 0 15,2 0.001 0 -1 15,0 0.001 -1 0 23.3073 245 12,12 0.001 -1 0 15,15 0.001 0 -1 13,13 0.001 0 1 1.2303 95 ::f,1,14 f,2,2 f,13,14 f,14,2 
204:2,3 0.001 1 0 0,0 0.001 -1 1 3,0 0.001 -1 -1 0.339 50 0,12 0.001 0 1 1,12 0.001 -1 0 0,15 0.001 1 1 0.3263 95 15,3 0.001 1 0 15,1 0.001 0 -1 14,0 0.001 -1 0 23.3103 245 12,12 0.001 -1 1 15,14 0.001 0 -1 13,13 0.001 0 1 1.2313 95 ::f,1,14 f,2,2 f,13,14 f,14,2 
205:3,3 0.001 1 0 0,0 0.001 0 1 3,0 0.001 -1 0 0.34 50 0,13 0.001 0 1 0,12 0.001 -1 0 0,15 0.001 1 0 0.3283 95 15,3 0.001 1 -1 15,0 0.001 0 -1 13,0 0.001 -1 0 23.3123 245 12,12 0.001 0 1 15,13 0.001 0 -1 13,13 0.001 0 1 1.2323 95 ::f,1,14 f,2,2 f,13,14 f,14,2 
206:3,3 0.001 1 -1 0,1 0.001 0 1 2,0 0.001 -1 0 0.342 50 0,14 0.001 0 1 0,12 0.001 -1 1 1,15 0.001 1 0 0.3303 95 15,3 0.001 0 -1 15,0 0.001 -1 -1 12,0 0.001 -1 0 23.3133 245 12,13 0.001 0 1 15,12 0.001 0 -1 13,13 0.001 0 1 1.2343 95 ::f,1,14 f,2,2 f,13,14 f,14,2 
207:3,3 0.001 0 -1 0,2 0.001 0 1 1,0 0.001 -1 0 0.344 50 0,15 0.001 0 1 0,12 0.001 0 1 2,15 0.001 1 0 0.3323 95 15,2 0.001 0 -1 15,0 0.001 -1 0 12,0 0.001 -1 1 23.3143 245 12,14 0.001 0 1 15,12 0.001 -1 -1 13,13 0.001 0 1 1.2353 95 ::f,1,14 f,2,2 f,13,14 f,14,2 
208:3,2 0.001 0 -1 0,3 0.001 0 1 0,0 0.001 -1 0 0.347 50 0,15 0.001 1 1 0,13 0.001 0 1 3,15 0.001 1 0 0.3343 95 15,1 0.001 0 -1 14,0 0.001 -1 0 12,0 0.001 0 1 23.3163 245 12,15 0.001 0 1 15,12 0.001 -1 0 13,13 0.001 0 1 1.2363 95 ::f,1,14 f,2,2 f,13,14 f,14,2 
209:3,1 0.001 0 -1 0,3 0.001 1 1 0,0 0.001 -1 1 0.348 50 0,15 0.001 1 0 0,14 0.001 0 1 3,15 0.001 1 -1 0.3353 95 15,0 0.001 0 -1 13,0 0.001 -1 0 12,1 0.001 0 1 23.3193 245 12,15 0.001 1 1 14,12 0.001 -1 0 13,13 0.001 0 1 1.2373 95 ::f,1,14 f,2,2 f,13,14 f,14,2 
210:3,0 0.001 0 -1 0,3 0.001 1 0 0,0 0.001 0 1 0.349 50 1,15 0.001 1 0 0,15 0.001 0 1 3,15 0.001 0 -1 0.3373 95 15,0 0.001 -1 -1 12,0 0.001 -1 0 12,2 0.001 0 1 23.3213 245 12,15 0.001 1 0 13,12 0.001 -1 0 13,13 0.001 0 1 1.2383 95 ::f,1,14 f,2,2 f,13,14 f,14,2 
211:3,0 0.001 -1 -1 1,3 0.001 1 0 0,1 0.001 0 1 0.351 50 2,15 0.001 1 0 0,15 0.001 1 1 3,14 0.001 0 -1 0.3393 95 15,0 0.001 -1 0 12,0 0.001 -1 1 12,3 0.001 0 1 23.3223 245 13,15 0.001 1 0 12,12 0.001 -1 0 13,13 0.001 0 1 1.2403 95 ::f,1,14 f,2,2 f,13,14 f,14,2 
212:3,0 0.001 -1 0 2,3 0.001 1 0 0,2 0.001 0 1 0.353 50 3,15 0.001 1 0 0,15 0.001 1 0 3,13 0.001 0 -1 0.3413 95 14,0 0.001 -1 0 12,0 0.001 0 1 12,3 0.001 1 1 23.3233 245 14,15 0.001 1 0 12,12 0.001 -1 1 13,13 0.001 0 1 1.2413 95 ::f,1,14 f,2,2 f,13,14 f,14,2 
213:2,0 0.001 -1 0 3,3 0.001 1 0 0,3 0.001 0 1 0.356 50 3,15 0.001 1 -1 1,15 0.001 1 0 3,12 0.001 0 -1 0.3433 95 13,0 0.001 -1 0 12,1 0.001 0 1 12,3 0.001 1 0 23.3253 245 15,15 0.001 1 0 12,12 0.001 0 1 13,13 0.001 0 1 1.2423 95 ::f,1,14 f,2,2 f,13,14 f,14,2 
214:1,0 0.001 -1 0 3,3 0.001 1 -1 0,3 0.001 1 1 0.357 50 3,15 0.001 0 -1 2,15 0.001 1 0 3,12 0.001 -1 -1 0.3443 95 12,0 0.001 -1 0 12,2 0.001 0 1 13,3 0.001 1 0 23.3283 245 15,15 0.001 1 -1 12,13 0.001 0 1 13,13 0.001 0 1 1.2433 95 ::f,1,14 f,2,2 f,13,14 f,14,2 
215:0,0 0.001 -1 0 3,3 0.001 0 -1 0,3 0.001 1 0 0.358 50 3,14 0.001 0 -1 3,15 0.001 1 0 3,12 0.001 -1 0 0.3463 95 12,0 0.001 -1 1 12,3 0.001 0 1 14,3 0.001 1 0 23.3303 245 15,15 0.001 0 -1 12,14 0.001 0 1 13,13 0.001 0 1 1.2443 95 ::f,1,14 f,2,2 f,13,14 f,14,2 
216:0,0 0.001 -1 1 3,2 0.001 0 -1 1,3 0.001 1 0 0.36 50 3,13 0.001 0 -1 3,15 0.001 1 -1 2,12 0.001 -1 0 0.3483 95 12,0 0.001 0 1 12,3 0.001 1 1 15,3 0.001 1 0 23.3313 245 15,14 0.001 0 -1 12,15 0.001 0 1 13,13 0.001 0 1 1.2463 95 ::f,1,14 f,2,2 f,13,14 f,14,2 
217:0,0 0.001 0 1 3,1 0.001 0 -1 2,3 0.001 1 0 0.362 50 3,12 0.001 0 -1 3,15 0.001 0 -1 1,12 0.001 -1 0 0.3503 95 12,1 0.001 0 1 12,3 0.001 1 0 15,3 0.001 1 -1 23.3323 245 15,13 0.001 0 -1 12,15 0.001 1 1 13,13 0.001 0 1 1.2473 95 ::f,1,14 f,2,2 f,13,14 f,14,2 
218:0,1 0.001 0 1 3,0 0.001 0 -1 3,3 0.001 1 0 0.365 50 3,12 0.001 -1 -1 3,14 0.001 0 -1 0,12 0.001 -1 0 0.3523 95 12,2 0.001 0 1 13,3 0.001 1 0 15,3 0.001 0 -1 23.3343 245 15,12 0.001 0 -1 12,15 0.001 1 0 13,13 0.001 0 1 1.2483 95 ::f,1,14 f,2,2 f,13,14 f,14,2 
219:0,2 0.001 0 1 3,0 0.001 -1 -1 3,3 0.001 1 -1 0.366 50 3,12 0.001 -1 0 3,13 0.001 0 -1 0,12 0.001 -1 1 0.3533 95 12,3 0.001 0 1 14,3 0.001 1 0 15,2 0.001 0 -1 23.3373 245 15,12 0.001 -1 -1 13,15 0.001 1 0 13,13 0.001 0 1 1.2493 95 ::f,1,14 f,2,2 f,13,14 f,14,2 
220:0,3 0.001 0 1 3,0 0.001 -1 0 3,3 0.001 0 -1 0.367 50 2,12 0.001 -1 0 3,12 0.001 0 -1 0,12 0.001 0 1 0.3553 95 12,3 0.001 1 1 15,3 0.001 1 0 15,1 0.001 0 -1 23.3393 245 15,12 0.001 -1 0 14,15 0.001 1 0 13,13 0.001 0 1 1.2503 95 ::f,1,14 f,2,2 f,13,14 f,14,2 
221:0,3 0.001 1 1 2,0 0.001 -1 0 3,2 0.001 0 -1 0.369 50 1,12 0.001 -1 0 3,12 0.001 -1 -1 0,13 0.001 0 1 0.3573 95 12,3 0.001 1 0 15,3 0.001 1 -1 15,0 0.001 0 -1 23.3403 245 14,12 0.001 -1 0 15,15 0.001 1 0 13,13 0.001 0 1 1.2523 95 ::f,1,14 f,2,2 f,13,14 f,14,2 
222:0,3 0.001 1 0 1,0 0.001 -1 0 3,1 0.001 0 -1 0.371 50 0,12 0.001 -1 0 3,12 0.001 -1 0 0,14 0.001 0 1 0.3593 95 13,3 0.001 1 0 15,3 0.001 0 -1 15,0 0.001 -1 -1 23.3413 245 13,12 0.001 -1 0 15,15 0.001 1 -1 13,13 0.001 0 1 1.2533 95 ::f,1,14 f,2,2 f,13,14 f,14,2 
223:1,3 0.001 1 0 0,0 0.001 -1 0 3,0 0.001 0 -1 0.374 50 0,12 0.001 -1 1 2,12 0.001 -1 0 0,15 0.001 0 1 0.3613 95 14,3 0.001 1 0 15,2 0.001 0 -1 15,0 0.001 -1 0 23.3433 245 12,12 0.001 -1 0 15,15 0.001 0 -1 13,13 0.001 0 1 1.2543 95 ::f,1,14 f,2,2 f,13,14 f,14,2 
224:2,3 0.001 1 0 0,0 0.001 -1 1 3,0 0.001 -1 -1 0.375 50 0,12 0.001 0 1 1,12 0.001 -1 0 0,15 0.001 1 1 0.3623 95 15,3 0.001 1 0 15,1 0.001 0 -1 14,0 0.001 -1 0 23.3463 245 12,12 0.001 -1 1 15,14 0.001 0 -1 13,13 0.001 0 1 1.2553 95 ::f,1,14 f,2,2 f,13,14 f,14,2 
225:3,3 0.001 1 0 0,0 0.001 0 1 3,0 0.001 -1 0 0.376 50 0,13 0.001 0 1 0,12 0.001 -1 0 0,15 0.001 1 0 0.3643 95 15,3 0.001 1 -1 15,0 0.001 0 -1 13,0 0.001 -1 0 23.3483 245 12,12 0.001 0 1 15,13 0.001 0 -1 13,13 0.001 0 1 1.2563 95 ::f,1,14 f,2,2 f,13,14 f,14,2 
226:3,3 0.001 1 -1 0,1 0.001 0 1 2,0 0.001 -1 0 0.378 50 0,14 0.001 0 1 0,12 0.001 -1 1 1,15 0.001 1 0 0.3663 95 15,3 0.001 0 -1 15,0 0.001 -1 -1 12,0 0.001 -1 0 23.3493 245 12,13 0.001 0 1 15,12 0.001 0 -1 13,13 0.001 0 1 1.2583 95 ::f,1,14 f,2,2 f,13,14 f,14,2 
227:3,3 0.001 0 -1 0,2 0.001 0 1 1,0 0.001 -1 0 0.38 50 0,15 0.001 0 1 0,12 0.001 0 1 2,15 0.001 1 0 0.3683 95 15,2 0.001 0 -1 15,0 0.001 -1 0 12,0 0.001 -1 1 23.3503 245 12,14 0.001 0 1 15,12 0.001 -1 -1 13,13 0.001 0 1 1.2593 95 ::f,1,14 f,2,2 f,13,14 f,14,2 
228:3,2 0.001 0 -1 0,3 0.001 0 1 0,0 0.001 -1 0 0.383 50 0,15 0.001 1 1 0,13 0.001 0 1 3,15 0.001 1 0 0.3703 95 15,1 0.001 0 -1 14,0 0.001 -1 0 12,0 0.001 0 1 23.3523 245 12,15 0.001 0 1 15,12 0.001 -1 0 13,13 0.001 0 1 1.2603 95 ::f,1,14 f,2,2 f,13,14 f,14,2 
229:3,1 0.001 0 -1 0,3 0.001 1 1 0,0 0.001 -1 1 0.384 50 0,15 0.001 1 0 0,14 0.001 0 1 3,15 0.001 1 -1 0.3713 95 15,0 0.001 0 -1 13,0 0.001 -1 0 12,1 0.001 0 1 23.3553 245 12,15 0.001 1 1 14,12 0.001 -1 0 13,13 0.001 0 1 1.2613 95 ::f,1,14 f,2,2 f,13,14 f,14,2 
230:3,0 0.001 0 -1 0,3 0.001 1 0 0,0 0.001 0 1 0.385 50 1,15 0.001 1 0 0,15 0.001 0 1 3,15 0.001 0 -1 0.3733 95 15,0 0.001 -1 -1 12,0 0.001 -1 0 12,2 0.001 0 1 23.3573 245 12,15 0.001 1 0 13,12 0.001 -1 0 13,13 0.001 0 1 1.2623 95 ::f,1,14 f,2,2 f,13,14 f,14,2 
231:3,0 0.001 -1 -1 1,3 0.001 1 0 0,1 0.001 0 1 0.387 50 2,15 0.001 1 0 0,15 0.001 1 1 3,14 0.001 0 -1 0.3753 95 15,0 0.001 -1 0 12,0 0.001 -1 1 12,3 0.001 0 1 23.3583 245 13,15 0.001 1 0 12,12 0.001 -1 0 13,13 0.001 0 1 1.2643 95 ::f,1,14 f,2,2 f,13,14 f,14,2 
232:3,0 0.001 -1 0 2,3 0.001 1 0 0,2 0.001 0 1 0.389 50 3,15 0.001 1 0 0,15 0.001 1 0 3,13 0.001 0 -1 0.3773 95 14,0 0.001 -1 0 12,0 0.001 0 1 12,3 0.001 1 1 23.3593 245 14,15 0.001 1 0 12,12 0.001 -1 1 13,13 0.001 0 1 1.2653 95 ::f,1,14 f,2,2 f,13,14 f,14,2 
233:2,0 0.001 -1 0 3,3 0.001 1 0 0,3 0.001 0 1 0.392 50 3,15 0.001 1 -1 1,15 0.001 1 0 3,12 0.001 0 -1 0.3793 95 13,0 0.001 -1 0 12,1 0.001 0 1 12,3 0.001 1 0 23.3613 245 15,15 0.001 1 0 12,12 0.001 0 1 13,13 0.001 0 1 1.2663 95 ::f,1,14 f,2,2 f,13,14 f,14,2 
234:1,0 0.001 -1 0 3,3 0.001 1 -1 0,3 0.001 1 1 0.393 50 3,15 0.001 0 -1 2,15 0.001 1 0 3,12 0.001 -1 -1 0.3803 95 12,0 0.001 -1 0 12,2 0.001 0 1 13,3 0.001 1 0 23.3643 245 15,15 0.001 1 -1 12,13 0.001 0 1 13,13 0.001 0 1 1.2673 95 ::f,1,14 f,2,2 f,13,14 f,14,2 
235:0,0 0.001 -1 0 3,3 0.001 0 -1 0,3 0.001 1 0 0.394 50 3,14 0.001 0 -1 3,15 0.001 1 0 3,12 0.001 -1 0 0.3823 95 12,0 0.001 -1 1 12,3 0.001 0 1 14,3 0.001 1 0 23.3663 245 15,15 0.001 0 -1 12,14 0.001 0 1 13,13 0.001 0 1 1.2683 95 ::f,1,14 f,2,2 f,13,14 f,14,2 
236:0,0 0.001 -1 1 3,2 0.001 0 -1 1,3 0.001 1 0 0.396 50 3,13 0.001 0 -1 3,15 0.001 1 -1 2,12 0.001 -1 0 0.3843 95 12,0 0.001 0 1 12,3 0.001 1 1 15,3 0.001 1 0 23.3673 245 15,14 0.001 0 -1 12,15 0.001 0 1 13,13 0.001 0 1 1.2703 95 ::f,1,14 f,2,2 f,13,14 f,14,2 
237:0,0 0.001 0 1 3,1 0.001 0 -1 2,3 0.001 1 0 0.398 50 3,12 0.001 0 -1 3,15 0.001 0 -1 1,12 0.001 -1 0 0.3863 95 12,1 0.001 0 1 12,3 0.001 1 0 15,3 0.001 1 -1 23.3683 245 15,13 0.001 0 -1 12,15 0.001 1 1 13,13 0.001 0 1 1.2713 95 ::f,1,14 f,2,2 f,13,14 f,14,2 
238:0,1 0.001 0 1 3,0 0.001 0 -1 3,3 0.001 1 0 0.401 50 3,12 0.001 -1 -1 3,14 0.001 0 -1 0,12 0.001 -1 0 0.3883 95 12,2 0.001 0 1 13,3 0.001 1 0 15,3 0.001 0 -1 23.3703 245 15,12 0.001 0 -1 12,15 0.001 1 0 13,13 0.001 0 1 1.2723 95 ::f,1,14 f,2,2 f,13,14 f,14,2 
239:0,2 0.001 0 1 3,0 0.001 -1 -1 3,3 0.001 1 -1 0.402 50 3,12 0.001 -1 0 3,13 0.001 0 -1 0,12 0.001 -1 1 0.3893 95 12,3 0.001 0 1 14,3 0.001 1 0 15,2 0.001 0 -1 23.3733 245 15,12 0.001 -1 -1 13,15 0.001 1 0 13,13 0.001 0 1 1.2733 95 ::f,1,14 f,2,2 f,13,14 f,14,2 
240:0,3 0.001 0 1 3,0 0.001 -1 0 3,3 0.001 0 -1 0.403 50 2,12 0.001 -1 0 3,12 0.001 0 -1 0,12 0.001 0 1 0.3913 95 12,3 0.001 1 1 15,3 0.001 1 0 15,1 0.001 0 -1 23.3753 245 15,12 0.001 -1 0 14,15 0.001 1 0 13,13 0.001 0 1 1.2743 95 ::f,1,14 f,2,2 f,13,14 f,14,2 
241:0,3 0.001 1 1 2,0 0.001 -1 0 3,2 0.001 0 -1 0.405 50 1,12 0.001 -1 0 3,12 0.001 -1 -1 0,13 0.001 0 1 0.3933 95 12,3 0.001 1 0 15,3 0.001 1 -1 15,0 0.001 0 -1 23.3763 245 14,12 0.001 -1 0 15,15 0.001 1 0 13,13 0.001 0 1 1.2763 95 ::f,1,14 f,2,2 f,13,14 f,14,2 
242:0,3 0.001 1 0 1,0 0.001 -1 0 3,1 0.001 0 -1 0.407 50 0,12 0.001 -1 0 3,12 0.001 -1 0 0,14 0.001 0 1 0.3953 95 13,3 0.001 1 0 15,3 0.001 0 -1 15,0 0.001 -1 -1 23.3773 245 13,12 0.001 -1 0 15,15 0.001 1 -1 13,13 0.001 0 1 1.2773 95 ::f,1,14 f,2,2 f,13,14 f,14,2 
243:1,3 0.001 1 0 0,0 0.001 -1 0 3,0 0.001 0 -1 0.41 50 0,12 0.001 -1 1 2,12 0.001 -1 0 0,15 0.001 0 1 0.3973 95 14,3 0.001 1 0 15,2 0.001 0 -1 15,0 0.001 -1 0 23.3793 245 12,12 0.001 -1 0 15,15 0.001 0 -1 13,13 0.001 0 1 1.2783 95 ::f,1,14 f,2,2 f,13,14 f,14,2 
244:2,3 0.001 1 0 0,0 0.001 -1 1 3,0 0.001 -1 -1 0.411 50 0,12 0.001 0 1 1,12 0.001 -1 0 0,15 0.001 1 1 0.3983 95 15,3 0.001 1 0 15,1 0.001 0 -1 14,0 0.001 -1 0 23.3823 245 12,12 0.001 -1 1 15,14 0.001 0 -1 13,13 0.001 0 1 1.2793 95 ::f,1,14 f,2,2 f,13,14 f,14,2 
245:3,3 0.001 1 0 0,0 0.001 0 1 3,0 0.001 -1 0 0.412 50 0,13 0.001 0 1 0,12 0.001 -1 0 0,15 0.001 1 0 0.4003 95 15,3 0.001 1 -1 15,0 0.001 0 -1 13,0 0.001 -1 0 23.3843 245 12,12 0.001 0 1 15,13 0.001 0 -1 13,13 0.001 0 1 1.2803 95 ::f,1,14 f,2,2 f,13,14 f,14,2 
246:3,3 0.001 1 -1 0,1 0.001 0 1 2,0 0.001 -1 0 0.414 50 0,14 0.001 0 1 0,12 0.001 -1 1 1,15 0.001 1 0 0.4023 95 15,3 0.001 0 -1 15,0 0.001 -1 -1 12,0 0.001 -1 0 23.3853 245 12,13 0.001 0 1 15,12 0.001 0 -1 13,13 0.001 0 1 1.2823 95 ::f,1,14 f,2,2 f,13,14 f,14,2 
247:3,3 0.001 0 -1 0,2 0.001 0 1 1,0 0.001 -1 0 0.416 50 0,15 0.001 0 1 0,12 0.001 0 1 2,15 0.001 1 0 0.4043 95 15,2 0.001 0 -1 15,0 0.001 -1 0 12,0 0.001 -1 1 23.3863 245 12,14 0.001 0 1 15,12 0.001 -1 -1 13,13 0.001 0 1 1.2833 95 ::f,1,14 f,2,2 f,13,14 f,14,2 
248:3,2 0.001 0 -1 0,3 0.001 0 1 0,0 0.001 -1 0 0.419 50 0,15 0.001 1 1 0,13 0.001 0 1 3,15 0.001 1 0 0.4063 95 15,1 0.001 0 -1 14,0 0.001 -1 0 12,0 0.001 0 1 23.3883 245 12,15 0.001 0 1 15,12 0.001 -1 0 13,13 0.001 0 1 1.2843 95 ::f,1,14 f,2,2 f,13,14 f,14,2 
249:3,1 0.001 0 -1 0,3 0.001 1 1 0,0 0.001 -1 1 0.42 50 0,15 0.001 1 0 0,14 0.001 0 1 3,15 0.001 1 -1 0.4073 95 15,0 0.001 0 -1 13,0 0.001 -1 0 12,1 0.001 0 1 23.3913 245 12,15 0.001 1 1 14,12 0.001 -1 0 13,13 0.001 0 1 1.2853 95 ::f,1,14 f,2,2 f,13,14 f,14,2 
250:3,0 0.001 0 -1 0,3 0.001 1 0 0,0 0.001 0 1 0.421 50 1,15 0.001 1 0 0,15 0.001 0 1 3,15 0.001 0 -1 0.4093 95 15,0 0.001 -1 -1 12,0 0.001 -1 0 12,2 0.001 0 1 23.3933 245 12,15 0.001 1 0 13,12 0.001 -1 0 13,13 0.001 0 1 1.2863 95 ::f,1,14 f,2,2 f,13,14 f,14,2 
251:3,0 0.001 -1 -1 1,3 0.001 1 0 0,1 0.001 0 1 0.423 50 2,15 0.001 1 0 0,15 0.001 1 1 3,14 0.001 0 -1 0.4113 95 15,0 0.001 -1 0 12,0 0.001 -1 1 12,3 0.001 0 1 23.3943 245 13,15 0.001 1 0 12,12 0.001 -1 0 13,13 0.001 0 1 1.2883 95 ::f,1,14 f,2,2 f,13,14 f,14,2 
252:3,0 0.001 -1 0 2,3 0.001 1 0 0,2 0.001 0 1 0.425 50 3,15 0.001 1 0 0,15 0.001 1 0 3,13 0.001 0 -1 0.4133 95 14,0 0.001 -1 0 12,0 0.001 0 1 12,3 0.001 1 1 23.3953 245 14,15 0.001 1 0 12,12 0.001 -1 1 13,13 0.001 0 1 1.2893 95 ::f,1,14 f,2,2 f,13,14 f,14,2 
253:2,0 0.001 -1 0 3,3 0.001 1 0 0,3 0.001 0 1 0.428 50 3,15 0.001 1 -1 1,15 0.001 1 0 3,12 0.001 0 -1 0.4153 95 13,0 0.001 -1 0 12,1 0.001 0 1 12,3 0.001 1 0 23.3973 245 15,15 0.001 1 0 12,12 0.001 0 1 13,13 0.001 0 1 1.2903 95 ::f,1,14 f,2,2 f,13,14 f,14,2 
254:1,0 0.001 -1 0 3,3 0.001 1 -1 0,3 0.001 1 1 0.429 50 3,15 0.001 0 -1 2,15 0.001 1 0 3,12 0.001 -1 -1 0.4163 95 12,0 0.001 -1 0 12,2 0.001 0 1 13,3 0.001 1 0 23.4003 245 15,15 0.001 1 -1 12,13 0.001 0 1 13,13 0.001 0 1 1.2913 95 ::f,1,14 f,2,2 f,13,14 f,14,2 
255:0,0 0.001 -1 0 3,3 0.001 0 -1 0,3 0.001 1 0 0.43 50 3,14 0.001 0 -1 3,15 0.001 1 0 3,12 0.001 -1 0 0.4183 95 12,0 0.001 -1 1 12,3 0.001 0 1 14,3 0.001 1 0 23.4023 245 15,15 0.001 0 -1 12,14 0.001 0 1 13,13 0.001 0 1 1.2923 95 ::f,1,14 f,2,2 f,13,14 f,14,2 
256:0,0 0.001 -1 1 3,2 0.001 0 -1 1,3 0.001 1 0 0.432 50 3,13 0.001 0 -1 3,15 0.001 1 -1 2,12 0.001 -1 0 0.4203 95 12,0 0.001 0 1 12,3 0.001 1 1 15,3 0.001 1 0 23.4033 245 15,14 0.001 0 -1 12,15 0.001 0 1 13,13 0.001 0 1 1.2943 95 ::f,1,14 f,2,2 f,13,14 f,14,2 
257:0,0 0.001 0 1 3,1 0.001 0 -1 2,3 0.001 1 0 0.434 50 3,12 0.001 0 -1 3,15 0.001 0 -1 1,12 0.001 -1 0 0.4223 95 12,1 0.001 0 1 12,3 0.001 1 0 15,3 0.001 1 -1 23.4043 245 15,13 0.001 0 -1 12,15 0.001 1 1 13,13 0.001 0 1 1.2953 95 ::f,1,14 f,2,2 f,13,14 f,14,2 
258:0,1 0.001 0 1 3,0 0.001 0 -1 3,3 0.001 1 0 0.437 50 3,12 0.001 -1 -1 3,14 0.001 0 -1 0,12 0.001 -1 0 0.4243 95 12,2 0.001 0 1 13,3 0.001 1 0 15,3 0.001 0 -1 23.4063 245 15,12 0.001 0 -1 12,15 0.001 1 0 13,13 0.001 0 1 1.2963 95 ::f,1,14 f,2,2 f,13,14 f,14,2 
259:0,2 0.001 0 1 3,0 0.001 -1 -1 3,3 0.001 1 -1 0.438 50 3,12 0.001 -1 0 3,13 0.001 0 -1 0,12 0.001 -1 1 0.4253 95 12,3 0.001 0 1 14,3 0.001 1 0 15,2 0.001 0 -1 23.4093 245 15,12 0.001 -1 -1 13,15 0.001 1 0 13,13 0.001 0 1 1.2973 95 ::f,1,14 f,2,2 f,13,14 f,14,2 
260:0,3 0.001 0 1 3,0 0.001 -1 0 3,3 0.001 0 -1 0.439 50 2,12 0.001 -1 0 3,12 0.001 0 -1 0,12 0.001 0 1 0.4273 95 12,3 0.001 1 1 15,3 0.001 1 0 15,1 0.001 0 -1 23.4113 245 15,12 0.001 -1 0 14,15 0.001 1 0 13,13 0.001 0 1 1.2983 95 ::f,1,14 f,2,2 f,13,14 f,14,2 
261:0,3 0.001 1 1 2,0 0.001 -1 0 3,2 0.001 0 -1 0.441 50 1,12 0.001 -1 0 3,12 0.001 -1 -1 0,13 0.001 0 1 0.4293 95 12,3 0.001 1 0 15,3 0.001 1 -1 15,0 0.001 0 -1 23.4123 245 14,12 0.001 -1 0 15,15 0.001 1 0 13,13 0.001 0 1 1.3003 95 ::f,1,14 f,2,2 f,13,14 f,14,2 
262:0,3 0.001 1 0 1,0 0.001 -1 0 3,1 0.001 0 -1 0.443 50 0,12 0.001 -1 0 3,12 0.001 -1 0 0,14 0.001 0 1 0.4313 95 13,3 0.001 1 0 15,3 0.001 0 -1 15,0 0.001 -1 -1 23.4133 245 13,12 0.001 -1 0 15,15 0.001 1 -1 13,13 0.001 0 1 1.3013 95 ::f,1,14 f,2,2 f,13,14 f,14,2 
263:1,3 0.001 1 0 0,0 0.001 -1 0 3,0 0.001 0 -1 0.446 50 0,12 0.001 -1 1 2,12 0.001 -1 0 0,15 0.001 0 1 0.4333 95 14,3 0.001 1 0 15,2 0.001 0 -1 15,0 0.001 -1 0 23.4153 245 12,12 0.001 -1 0 15,15 0.001 0 -1 13,13 0.001 0 1 1.3023 95 ::f,1,14 f,2,2 f,13,14 f,14,2 
264:2,3 0.001 1 0 0,0 0.001 -1 1 3,0 0.001 -1 -1 0.447 50 0,12 0.001 0 1 1,12 0.001 -1 0 0,15 0.001 1 1 0.4343 95 15,3 0.001 1 0 15,1 0.001 0 -1 14,0 0.001 -1 0 23.4183 245 12,12 0.001 -1 1 15,14 0.001 0 -1 13,13 0.001 0 1 1.3033 95 ::f,1,14 f,2,2 f,13,14 f,14,2 
265:3,3 0.001 1 0 0,0 0.001 0 1 3,0 0.001 -1 0 0.448 50 0,13 0.001 0 1 0,12 0.001 -1 0 0,15 0.001 1 0 0.4363 95 15,3 0.001 1 -1 15,0 0.001 0 -1 13,0 0.001 -1 0 23.4203 245 12,12 0.001 0 1 15,13 0.001 0 -1 13,13 0.001 0 1 1.3043 95 ::f,1,14 f,2,2 f,13,14 f,14,2 
266:3,3 0.001 1 -1 0,1 0.001 0 1 2,0 0.001 -1 0 0.45 50 0,14 0.001 0 1 0,12 0.001 -1 1 1,15 0.001 1 0 0.4383 95 15,3 0.001 0 -1 15,0 0.001 -1 -1 12,0 0.001 -1 0 23.4213 245 12,13 0.001 0 1 15,12 0.001 0 -1 13,13 0.001 0 1 1.3063 95 ::f,1,14 f,2,2 f,13,14 f,14,2 
267:3,3 0.001 0 -1 0,2 0.001 0 1 1,0 0.001 -1 0 0.452 50 0,15 0.001 0 1 0,12 0.001 0 1 2,15 0.001 1 0 0.4403 95 15,2 0.001 0 -1 15,0 0.001 -1 0 12,0 0.001 -1 1 23.4223 245 12,14 0.001 0 1 15,12 0.001 -1 -1 13,13 0.001 0 1 1.3073 95 ::f,1,14 f,2,2 f,13,14 f,14,2 
268:3,2 0.001 0 -1 0,3 0.001 0 1 0,0 0.001 -1 0 0.455 50 0,15 0.001 1 1 0,13 0.001 0 1 3,15 0.001 1 0 0.4423 95 15,1 0.001 0 -1 14,0 0.001 -1 0 12,0 0.001 0 1 23.4243 245 12,15 0.001 0 1 15,12 0.001 -1 0 13,13 0.001 0 1 1.3083 95 ::f,1,14 f,2,2 f,13,14 f,14,2 
269:3,1 0.001 0 -1 0,3 0.001 1 1 0,0 0.001 -1 1 0.456 50 0,15 0.001 1 0 0,14 0.001 0 1 3,15 0.001 1 -1 0.4433 95 15,0 0.001 0 -1 13,0 0.001 -1 0 12,1 0.001 0 1 23.4273 245 12,15 0.001 1 1 14,12 0.001 -1 0 13,13 0.001 0 1 1.3093 95 ::f,1,14 f,2,2 f,13,14 f,14,2 
270:3,0 0.001 0 -1 0,3 0.001 1 0 0,0 0.001 0 1 0.457 50 1,15 0.001 1 0 0,15 0.001 0 1 3,15 0.001 0 -1 0.4453 95 15,0 0.001 -1 -1 12,0 0.001 -1 0 12,2 0.001 0 1 23.4293 245 12,15 0.001 1 0 13,12 0.001 -1 0 13,13 0.001 0 1 1.3103 95 ::f,1,14 f,2,2 f,13,14 f,14,2 
271:3,0 0.001 -1 -1 1,3 0.001 1 0 0,1 0.001 0 1 0.459 50 2,15 0.001 1 0 0,15 0.001 1 1 3,14 0.001 0 -1 0.4473 95 15,0 0.001 -1 0 12,0 0.001 -1 1 12,3 0.001 0 1 23.4303 245 13,15 0.001 1 0 12,12 0.001 -1 0 13,13 0.001 0 1 1.3123 95 ::f,1,14 f,2,2 f,13,14 f,14,2 
272:3,0 0.001 -1 0 2,3 0.001 1 0 0,2 0.001 0 1 0.461 50 3,15 0.001 1 0 0,15 0.001 1 0 3,13 0.001 0 -1 0.4493 95 14,0 0.001 -1 0 12,0 0.001 0 1 12,3 0.001 1 1 23.4313 245 14,15 0.001 1 0 12,12 0.001 -1 1 13,13 0.001 0 1 1.3133 95 ::f,1,14 f,2,2 f,13,14 f,14,2 
273:2,0 0.001 -1 0 3,3 0.001 1 0 0,3 0.001 0 1 0.464 50 3,15 0.001 1 -1 1,15 0.001 1 0 3,12 0.001 0 -1 0.4513 95 13,0 0.001 -1 0 12,1 0.001 0 1 12,3 0.001 1 0 23.4333 245 15,15 0.001 1 0 12,12 0.001 0 1 13,13 0.001 0 1 1.3143 95 ::f,1,14 f,2,2 f,13,14 f,14,2 
274:1,0 0.001 -1 0 3,3 0.001 1 -1 0,3 0.001 1 1 0.465 50 3,15 0.001 0 -1 2,15 0.001 1 0 3,12 0.001 -1 -1 0.4523 95 12,0 0.001 -1 0 12,2 0.001 0 1 13,3 0.001 1 0 23.4363 245 15,15 0.001 1 -1 12,13 0.001 0 1 13,13 0.001 0 1 1.3153 95 ::f,1,14 f,2,2 f,13,14 f,14,2 
275:0,0 0.001 -1 0 3,3 0.001 0 -1 0,3 0.001 1 0 0.466 50 3,14 0.001 0 -1 3,15 0.001 1 0 3,12 0.001 -1 0 0.4543 95 12,0 0.001 -1 1 12,3 0.001 0 1 14,3 0.001 1 0 23.4383 245 15,15 0.001 0 -1 12,14 0.001 0 1 13,13 0.001 0 1 1.3163 95 ::f,1,14 f,2,2 f,13,14 f,14,2 
276:0,0 0.001 -1 1 3,2 0.001 0 -1 1,3 0.001 1 0 0.468 50 3,13 0.001 0 -1 3,15 0.001 1 -1 2,12 0.001 -1 0 0.4563 95 12,0 0.001 0 1 12,3 0.001 1 1 15,3 0.001 1 0 23.4393 245 15,14 0.001 0 -1 12,15 0.001 0 1 13,13 0.001 0 1 1.3183 95 ::f,1,14 f,2,2 f,13,14 f,14,2 
277:0,0 0.001 0 1 3,1 0.001 0 -1 2,3 0.001 1 0 0.47 50 3,12 0.001 0 -1 3,15 0.001 0 -1 1,12 0.001 -1 0 0.4583 95 12,1 0.001 0 1 12,3 0.001 1 0 15,3 0.001 1 -1 23.4403 245 15,13 0.001 0 -1 12,15 0.001 1 1 13,13 0.001 0 1 1.3193 95 ::f,1,14 f,2,2 f,13,14 f,14,2 
278:0,1 0.001 0 1 3,0 0.001 0 -1 3,3 0.001 1 0 0.473 50 3,12 0.001 -1 -1 3,14 0.001 0 -1 0,12 0.001 -1 0 0.4603 95 12,2 0.001 0 1 13,3 0.001 1 0 15,3 0.001 0 -1 23.4423 245 15,12 0.001 0 -1 12,15 0.001 1 0 13,13 0.001 0 1 1.3203 95 ::f,1,14 f,2,2 f,13,14 f,14,2 
279:0,2 0.001 0 1 3,0 0.001 -1 -1 3,3 0.001 1 -1 0.474 50 3,12 0.001 -1 0 3,13 0.001 0 -1 0,12 0.001 -1 1 0.4613 95 12,3 0.001 0 1 14,3 0.001 1 0 15,2 0.001 0 -1 23.4453 245 15,12 0.001 -1 -1 13,15 0.001 1 0 13,13 0.001 0 1 1.3213 95 ::f,1,14 f,2,2 f,13,14 f,14,2 
280:0,3 0.001 0 1 3,0 0.001 -1 0 3,3 0.001 0 -1 0.475 50 2,12 0.001 -1 0 3,12 0.001 0 -1 0,12 0.001 0 1 0.4633 95 12,3 0.001 1 1 15,3 0.001 1 0 15,1 0.001 0 -1 23.4473 245 15,12 0.001 -1 0 14,15 0.001 1 0 13,13 0.001 0 1 1.3223 95 ::f,1,14 f,2,2 f,13,14 f,14,2 
281:0,3 0.001 1 1 2,0 0.001 -1 0 3,2 0.001 0 -1 0.477 50 1,12 0.001 -1 0 3,12 0.001 -1 -1 0,13 0.001 0 1 0.4653 95 12,3 0.001 1 0 15,3 0.001 1 -1 15,0 0.001 0 -1 23.4483 245 14,12 0.001 -1 0 15,15 0.001 1 0 13,13 0.001 0 1 1.3243 95 ::f,1,14 f,2,2 f,13,14 f,14,2 
282:0,3 0.001 1 0 1,0 0.001 -1 0 3,1 0.001 0 -1 0.479 50 0,12 0.001 -1 0 3,12 0.001 -1 0 0,14 0.001 0 1 0.4673 95 13,3 0.001 1 0 15,3 0.001 0 -1 15,0 0.001 -1 -1 23.4493 245 13,12 0.001 -1 0 15,15 0.001 1 -1 13,13 0.001 0 1 1.3253 95 ::f,1,14 f,2,2 f,13,14 f,14,2 
283:1,3 0.001 1 0 0,0 0.001 -1 0 3,0 0.001 0 -1 0.482 50 0,12 0.001 -1 1 2,12 0.001 -1 0 0,15 0.001 0 1 0.4693 95 14,3 0.001 1 0 15,2 0.001 0 -1 15,0 0.001 -1 0 23.4513 245 12,12 0.001 -1 0 15,15 0.001 0 -1 13,13 0.001 0 1 1.3263 95 ::f,1,14 f,2,2 f,13,14 f,14,2 
284:2,3 0.001 1 0 0,0 0.001 -1 1 3,0 0.001 -1 -1 0.483 50 0,12 0.001 0 1 1,12 0.001 -1 0 0,15 0.001 1 1 0.4703 95 15,3 0.001 1 0 15,1 0.001 0 -1 14,0 0.001 -1 0 23.4543 245 12,12 0.001 -1 1 15,14 0.001 0 -1 13,13 0.001 0 1 1.3273 95 ::f,1,14 f,2,2 f,13,14 f,14,2 
285:3,3 0.001 1 0 0,0 0.001 0 1 3,0 0.001 -1 0 0.484 50 0,13 0.001 0 1 0,12 0.001 -1 0 0,15 0.001 1 0 0.4723 95 15,3 0.001 1 -1 15,0 0.001 0 -1 13,0 0.001 -1 0 23.4563 245 12,12 0.001 0 1 15,13 0.001 0 -1 13,13 0.001 0 1 1.3283 95 ::f,1,14 f,2,2 f,13,14 f,14,2 
286:3,3 0.001 1 -1 0,1 0.001 0 1 2,0 0.001 -1 0 0.486 50 0,14 0.001 0 1 0,12 0.001 -1 1 1,15 0.001 1 0 0.4743 95 15,3 0.001 0 -1 15,0 0.001 -1 -1 12,0 0.001 -1 0 23.4573 245 12,13 0.001 0 1 15,12 0.001 0 -1 13,13 0.001 0 1 1.3303 95 ::f,1,14 f,2,2 f,13,14 f,14,2 
287:3,3 0.001 0 -1 0,2 0.001 0 1 1,0 0.001 -1 0 0.488 50 0,15 0.001 0 1 0,12 0.001 0 1 2,15 0.001 1 0 0.4763 95 15,2 0.001 0 -1 15,0 0.001 -1 0 12,0 0.001 -1 1 23.4583 245 12,14 0.001 0 1 15,12 0.001 -1 -1 13,13 0.001 0 1 1.3313 95 ::f,1,14 f,2,2 f,13,14 f,14,2 
288:3,2 0.001 0 -1 0,3 0.001 0 1 0,0 0.001 -1 0 0.491 50 0,15 0.001 1 1 0,13 0.001 0 1 3,15 0.001 1 0 0.4783 95 15,1 0.001 0 -1 14,0 0.001 -1 0 12,0 0.001 0 1 23.4603 245 12,15 0.001 0 1 15,12 0.001 -1 0 13,13 0.001 0 1 1.3323 95 ::f,1,14 f,2,2 f,13,14 f,14,2 
289:3,1 0.001 0 -1 0,3 0.001 1 1 0,0 0.001 -1 1 0.492 50 0,15 0.001 1 0 0,14 0.001 0 1 3,15 0.001 1 -1 0.4793 95 15,0 0.001 0 -1 13,0 0.001 -1 0 12,1 0.001 0 1 23.4633 245 12,15 0.001 1 1 14,12 0.001 -1 0 13,13 0.001 0 1 1.3333 95 ::f,1,14 f,2,2 f,13,14 f,14,2 
290:3,0 0.001 0 -1 0,3 0.001 1 0 0,0 0.001 0 1 0.493 50 1,15 0.001 1 0 0,15 0.001 0 1 3,15 0.001 0 -1 0.4813 95 15,0 0.001 -1 -1 12,0 0.001 -1 0 12,2 0.001 0 1 23.4653 245 12,15 0.001 1 0 13,12 0.001 -1 0 13,13 0.001 0 1 1.3343 95 ::f,1,14 f,2,2 f,13,14 f,14,2 
291:3,0 0.001 -1 -1 1,3 0.001 1 0 0,1 0.001 0 1 0.495 50 2,15 0.001 1 0 0,15 0.001 1 1 3,14 0.001 0 -1 0.4833 95 15,0 0.001 -1 0 12,0 0.001 -1 1 12,3 0.001 0 1 23.4663 245 13,15 0.001 1 0 12,12 0.001 -1 0 13,13 0.001 0 1 1.3363 95 ::f,1,14 f,2,2 f,13,14 f,14,2 
292:3,0 0.001 -1 0 2,3 0.001 1 0 0,2 0.001 0 1 0.497 50 3,15 0.001 1 0 0,15 0.001 1 0 3,13 0.001 0 -1 0.4853 95 14,0 0.001 -1 0 12,0 0.001 0 1 12,3 0.001 1 1 23.4673 245 14,15 0.001 1 0 12,12 0.001 -1 1 13,13 0.001 0 1 1.3373 95 ::f,1,14 f,2,2 f,13,14 f,14,2 
293:2,0 0.001 -1 0 3,3 0.001 1 0 0,3 0.001 0 1 0.5 50 3,15 0.001 1 -1 1,15 0.001 1 0 3,12 0.001 0 -1 0.4873 95 13,0 0.001 -1 0 12,1 0.001 0 1 12,3 0.001 1 0 23.4693 245 15,15 0.001 1 0 12,12 0.001 0 1 13,13 0.001 0 1 1.3383 95 ::f,1,14 f,2,2 f,13,14 f,14,2 
294:1,0 0.001 -1 0 3,3 0.001 1 -1 0,3 0.001 1 1 0.501 50 3,15 0.001 0 -1 2,15 0.001 1 0 3,12 0.001 -1 -1 0.4883 95 12,0 0.001 -1 0 12,2 0.001 0 1 13,3 0.001 1 0 23.4723 245 15,15 0.001 1 -1 12,13 0.001 0 1 13,13 0.001 0 1 1.3393 95 ::f,1,14 f,2,2 f,13,14 f,14,2 
295:0,0 0.001 -1 0 3,3 0.001 0 -1 0,3 0.001 1 0 0.502 50 3,14 0.001 0 -1 3,15 0.001 1 0 3,12 0.001 -1 0 0.4903 95 12,0 0.001 -1 1 12,3 0.001 0 1 14,3 0.001 1 0 23.4743 245 15,15 0.001 0 -1 12,14 0.001 0 1 13,13 0.001 0 1 1.3403 95 ::f,1,14 f,2,2 f,13,14 f,14,2 
296:0,0 0.001 -1 1 3,2 0.001 0 -1 1,3 0.001 1 0 0.504 50 3,13 0.001 0 -1 3,15 0.001 1 -1 2,12 0.001 -1 0 0.4923 95 12,0 0.001 0 1 12,3 0.001 1 1 15,3 0.001 1 0 23.4753 245 15,14 0.001 0 -1 12,15 0.001 0 1 13,13 0.001 0 1 1.3423 95 ::f,1,14 f,2,2 f,13,14 f,14,2 
297:0,0 0.001 0 1 3,1 0.001 0 -1 2,3 0.001 1 0 0.506 50 3,12 0.001 0 -1 3,15 0.001 0 -1 1,12 0.001 -1 0 0.4943 95 12,1 0.001 0 1 12,3 0.001 1 0 15,3 0.001 1 -1 23.4763 245 15,13 0.001 0 -1 12,15 0.001 1 1 13,13 0.001 0 1 1.3433 95 ::f,1,14 f,2,2 f,13,14 f,14,2 
298:0,1 0.001 0 1 3,0 0.001 0 -1 3,3 0.001 1 0 0.509 50 3,12 0.001 -1 -1 3,14 0.001 0 -1 0,12 0.001 -1 0 0.4963 95 12,2 0.001 0 1 13,3 0.001 1 0 15,3 0.001 0 -1 23.4783 245 15,12 0.001 0 -1 12,15 0.001 1 0 13,13 0.001 0 1 1.3443 95 ::f,1,14 f,2,2 f,13,14 f,14,2 
299:0,2 0.001 0 1 3,0 0.001 -1 -1 3,3 0.001 1 -1 0.51 50 3,12 0.001 -1 0 3,13 0.001 0 -1 0,12 0.001 -1 1 0.4973 95 12,3 0.001 0 1 14,3 0.001 1 0 15,2 0.001 0 -1 23.4813 245 15,12 0.001 -1 -1 13,15 0.001 1 0 13,13 0.001 0 1 1.3453 95 ::f,1,14 f,2,2 f,13,14 f,14,2 
